chr	Start	End	Variant	Size
2L	17320	7219	Deletion	10101
2L	20132	20209	Deletion	77
2L	31814	31538	Deletion	276
2L	40487	33267	Deletion	7220
2L	59725	52839	Deletion	6886
2L	82299	79109	Deletion	3190
2L	90668	90480	Deletion	188
2L	144763	141155	Deletion	3608
2L	151641	150545	Deletion	1096
2L	159374	157840	Deletion	1534
2L	165474	164535	Deletion	939
2L	172292	168743	Deletion	3549
2L	180701	180586	Deletion	115
2L	180706	180828	Deletion	122
2L	183906	181038	Deletion	2868
2L	220978	214334	Deletion	6644
2L	240513	240607	Deletion	94
2L	240831	240606	Deletion	225
2L	240833	240881	Deletion	48
2L	258433	257782	Deletion	651
2L	272124	271992	Deletion	132
2L	288390	285144	Deletion	3246
2L	305717	301683	Deletion	4034
2L	306216	306329	Deletion	113
2L	314375	306328	Deletion	8047
2L	325093	315012	Deletion	10081
2L	325584	325446	Deletion	138
2L	334523	333180	Deletion	1343
2L	430298	428287	Deletion	2011
2L	436709	436514	Deletion	195
2L	462424	462362	Deletion	62
2L	474822	470309	Deletion	4513
2L	507810	506816	Deletion	994
2L	516064	513936	Deletion	2128
2L	520310	520419	Deletion	109
2L	521809	520424	Deletion	1385
2L	537163	537100	Deletion	63
2L	560658	557304	Deletion	3354
2L	567317	562218	Deletion	5099
2L	567319	567418	Deletion	99
2L	575578	575134	Deletion	444
2L	580298	576429	Deletion	3869
2L	586539	586471	Deletion	68
2L	686332	685465	Deletion	867
2L	722118	715180	Deletion	6938
2L	722126	722199	Deletion	73
2L	734168	734068	Deletion	100
2L	796283	792876	Deletion	3407
2L	818785	816746	Deletion	2039
2L	837860	837976	Deletion	116
2L	840175	837968	Deletion	2207
2L	846571	845967	Deletion	604
2L	848397	848025	Deletion	372
2L	865384	865483	Deletion	99
2L	920710	919896	Deletion	814
2L	959543	959659	Deletion	116
2L	974550	974669	Deletion	119
2L	1020728	1020308	Deletion	420
2L	1035517	1029225	Deletion	6292
2L	1043241	1043314	Deletion	73
2L	1043419	1043308	Deletion	111
2L	1065497	1063006	Deletion	2491
2L	1109517	1108042	Deletion	1475
2L	1190970	1183356	Deletion	7614
2L	1204381	1200892	Deletion	3489
2L	1216615	1216031	Deletion	584
2L	1228752	1228530	Deletion	222
2L	1238286	1233894	Deletion	4392
2L	1244016	1241052	Deletion	2964
2L	1253916	1250889	Deletion	3027
2L	1284500	1283701	Deletion	799
2L	1318903	1319017	Deletion	114
2L	1319108	1319013	Deletion	95
2L	1332378	1330429	Deletion	1949
2L	1351989	1338744	Deletion	13245
2L	1362551	1362474	Deletion	77
2L	1380604	1380360	Deletion	244
2L	1381420	1380670	Deletion	750
2L	1427941	1397590	Deletion	30351
2L	1469300	1459265	Deletion	10035
2L	1478758	1478800	Deletion	42
2L	1483205	1478794	Deletion	4411
2L	1528871	1526937	Deletion	1934
2L	1529374	1529313	Deletion	61
2L	1549842	1549734	Deletion	108
2L	1556110	1554652	Deletion	1458
2L	1566953	1566744	Deletion	209
2L	1589938	1585583	Deletion	4355
2L	1617805	1611028	Deletion	6777
2L	1621419	1619477	Deletion	1942
2L	1621420	1621533	Deletion	113
2L	1640160	1639937	Deletion	223
2L	1644975	1645036	Deletion	61
2L	1647188	1645033	Deletion	2155
2L	1652582	1652633	Deletion	51
2L	1653096	1652631	Deletion	465
2L	1677643	1677055	Deletion	588
2L	1690617	1690562	Deletion	55
2L	1737769	1737678	Deletion	91
2L	1744859	1744237	Deletion	622
2L	1747429	1746577	Deletion	852
2L	1780689	1780639	Deletion	50
2L	1797014	1796964	Deletion	50
2L	1844603	1838479	Deletion	6124
2L	1846770	1846565	Deletion	205
2L	1872292	1872369	Deletion	77
2L	1880875	1872365	Deletion	8510
2L	1885775	1885111	Deletion	664
2L	1906435	1906192	Deletion	243
2L	1908632	1908714	Deletion	82
2L	1909234	1908710	Deletion	524
2L	1925423	1925540	Deletion	117
2L	1927207	1925535	Deletion	1672
2L	1951347	1948397	Deletion	2950
2L	1955226	1953156	Deletion	2070
2L	1966706	1966761	Deletion	55
2L	1966841	1966759	Deletion	82
2L	1983546	1982813	Deletion	733
2L	2002148	1992214	Deletion	9934
2L	2008892	2002360	Deletion	6532
2L	2038909	2032392	Deletion	6517
2L	2057614	2048428	Deletion	9186
2L	2069968	2068746	Deletion	1222
2L	2078944	2077980	Deletion	964
2L	2092361	2091933	Deletion	428
2L	2131673	2130680	Deletion	993
2L	2139797	2132276	Deletion	7521
2L	2148307	2148154	Deletion	153
2L	2151002	2150589	Deletion	413
2L	2190832	2179104	Deletion	11728
2L	2221966	2211031	Deletion	10935
2L	2238546	2226602	Deletion	11944
2L	2270641	2270469	Deletion	172
2L	2273782	2273217	Deletion	565
2L	2285159	2280814	Deletion	4345
2L	2329388	2323905	Deletion	5483
2L	2341038	2341140	Deletion	102
2L	2342645	2341143	Deletion	1502
2L	2349555	2348881	Deletion	674
2L	2362775	2362638	Deletion	137
2L	2379521	2373489	Deletion	6032
2L	2396154	2391392	Deletion	4762
2L	2408522	2402976	Deletion	5546
2L	2414662	2409860	Deletion	4802
2L	2444989	2443759	Deletion	1230
2L	2447297	2447131	Deletion	166
2L	2470480	2470409	Deletion	71
2L	2494369	2485006	Deletion	9363
2L	2502859	2502659	Deletion	200
2L	2526881	2526362	Deletion	519
2L	2559288	2534935	Deletion	24353
2L	2561187	2560823	Deletion	364
2L	2561189	2561222	Deletion	33
2L	2580224	2580315	Deletion	91
2L	2587344	2586618	Deletion	726
2L	2600912	2591913	Deletion	8999
2L	2626555	2610683	Deletion	15872
2L	2626558	2626604	Deletion	46
2L	2657079	2636929	Deletion	20150
2L	2676737	2676800	Deletion	63
2L	2677079	2676795	Deletion	284
2L	2686428	2684063	Deletion	2365
2L	2729772	2729324	Deletion	448
2L	2736309	2732450	Deletion	3859
2L	2755435	2739222	Deletion	16213
2L	2769398	2769501	Deletion	103
2L	2771259	2769503	Deletion	1756
2L	2784771	2784534	Deletion	237
2L	2785465	2785562	Deletion	97
2L	2785493	2785557	Deletion	64
2L	2785658	2785561	Deletion	97
2L	2792463	2792204	Deletion	259
2L	2832381	2805452	Deletion	26929
2L	2841158	2841073	Deletion	85
2L	2853612	2844227	Deletion	9385
2L	2860882	2860644	Deletion	238
2L	2874923	2869058	Deletion	5865
2L	2880791	2880704	Deletion	87
2L	2886324	2885114	Deletion	1210
2L	2891927	2891971	Deletion	44
2L	2909384	2891966	Deletion	17418
2L	2909389	2909466	Deletion	77
2L	2915397	2912153	Deletion	3244
2L	2930320	2925284	Deletion	5036
2L	2973266	2971491	Deletion	1775
2L	3013516	3011945	Deletion	1571
2L	3027395	3013946	Deletion	13449
2L	3032558	3028443	Deletion	4115
2L	3039249	3038683	Deletion	566
2L	3039251	3039289	Deletion	38
2L	3056708	3043266	Deletion	13442
2L	3071953	3072038	Deletion	85
2L	3106058	3105159	Deletion	899
2L	3108347	3107418	Deletion	929
2L	3112744	3112655	Deletion	89
2L	3129022	3127367	Deletion	1655
2L	3129026	3129131	Deletion	105
2L	3169508	3169078	Deletion	430
2L	3213867	3213702	Deletion	165
2L	3227229	3222615	Deletion	4614
2L	3288789	3287298	Deletion	1491
2L	3362062	3361226	Deletion	836
2L	3372335	3368217	Deletion	4118
2L	3377353	3377269	Deletion	84
2L	3383380	3380692	Deletion	2688
2L	3391866	3387294	Deletion	4572
2L	3401709	3401806	Deletion	97
2L	3408444	3401804	Deletion	6640
2L	3428361	3422194	Deletion	6167
2L	3444683	3441887	Deletion	2796
2L	3447374	3447240	Deletion	134
2L	3447376	3447411	Deletion	35
2L	3458944	3458662	Deletion	282
2L	3482053	3481436	Deletion	617
2L	3484768	3482199	Deletion	2569
2L	3506003	3501074	Deletion	4929
2L	3515089	3514751	Deletion	338
2L	3546526	3534807	Deletion	11719
2L	3562429	3562225	Deletion	204
2L	3569557	3563644	Deletion	5913
2L	3582820	3576722	Deletion	6098
2L	3586556	3585886	Deletion	670
2L	3678348	3678136	Deletion	212
2L	3679113	3679043	Deletion	70
2L	3799052	3761809	Deletion	37243
2L	3849107	3847092	Deletion	2015
2L	3856549	3856245	Deletion	304
2L	3856552	3856660	Deletion	108
2L	3860069	3860000	Deletion	69
2L	3874332	3874263	Deletion	69
2L	3910217	3877264	Deletion	32953
2L	3924767	3924864	Deletion	97
2L	3934969	3934858	Deletion	111
2L	3972869	3957149	Deletion	15720
2L	3988215	3988317	Deletion	102
2L	3992267	3990457	Deletion	1810
2L	4010383	4010140	Deletion	243
2L	4027992	4022162	Deletion	5830
2L	4050096	4048013	Deletion	2083
2L	4086398	4085746	Deletion	652
2L	4091726	4086825	Deletion	4901
2L	4104796	4103953	Deletion	843
2L	4132109	4132228	Deletion	119
2L	4135923	4132220	Deletion	3703
2L	4225361	4225307	Deletion	54
2L	4233034	4232786	Deletion	248
2L	4244637	4243019	Deletion	1618
2L	4271598	4270435	Deletion	1163
2L	4271600	4271686	Deletion	86
2L	4283674	4279218	Deletion	4456
2L	4304853	4301765	Deletion	3088
2L	4344136	4341197	Deletion	2939
2L	4352201	4351990	Deletion	211
2L	4365077	4364474	Deletion	603
2L	4380526	4367503	Deletion	13023
2L	4395002	4392048	Deletion	2954
2L	4424773	4420651	Deletion	4122
2L	4451884	4451826	Deletion	58
2L	4470402	4453380	Deletion	17022
2L	4470403	4470502	Deletion	99
2L	4471837	4471339	Deletion	498
2L	4492829	4492702	Deletion	127
2L	4492830	4492903	Deletion	73
2L	4495985	4492892	Deletion	3093
2L	4497032	4496901	Deletion	131
2L	4503009	4500510	Deletion	2499
2L	4505765	4504404	Deletion	1361
2L	4513856	4506084	Deletion	7772
2L	4551725	4548027	Deletion	3698
2L	4595845	4595760	Deletion	85
2L	4652534	4648892	Deletion	3642
2L	4656780	4654258	Deletion	2522
2L	4668539	4668597	Deletion	58
2L	4672589	4670164	Deletion	2425
2L	4685303	4685249	Deletion	54
2L	4688859	4688139	Deletion	720
2L	4730345	4716191	Deletion	14154
2L	4744192	4733956	Deletion	10236
2L	4746858	4746628	Deletion	230
2L	4746861	4746977	Deletion	116
2L	4751633	4751579	Deletion	54
2L	4756926	4755313	Deletion	1613
2L	4760362	4760478	Deletion	116
2L	4760371	4760482	Deletion	111
2L	4762082	4760481	Deletion	1601
2L	4770257	4762724	Deletion	7533
2L	4800491	4795614	Deletion	4877
2L	4813713	4807442	Deletion	6271
2L	4820856	4817762	Deletion	3094
2L	4828366	4822582	Deletion	5784
2L	4842599	4841208	Deletion	1391
2L	4856137	4852376	Deletion	3761
2L	4867317	4856858	Deletion	10459
2L	4932833	4923348	Deletion	9485
2L	4943077	4943153	Deletion	76
2L	4957993	4943150	Deletion	14843
2L	4957997	4958116	Deletion	119
2L	4980696	4978452	Deletion	2244
2L	4997390	4997490	Deletion	100
2L	4997787	4997492	Deletion	295
2L	5026145	5023990	Deletion	2155
2L	5033870	5033988	Deletion	118
2L	5040141	5039991	Deletion	150
2L	5053263	5053087	Deletion	176
2L	5060523	5060459	Deletion	64
2L	5096717	5096389	Deletion	328
2L	5107594	5105580	Deletion	2014
2L	5107595	5107690	Deletion	95
2L	5124166	5124219	Deletion	53
2L	5138726	5124216	Deletion	14510
2L	5138731	5138845	Deletion	114
2L	5170871	5170982	Deletion	111
2L	5171695	5170981	Deletion	714
2L	5206165	5189471	Deletion	16694
2L	5223831	5210979	Deletion	12852
2L	5240779	5238084	Deletion	2695
2L	5283591	5274039	Deletion	9552
2L	5287875	5285091	Deletion	2784
2L	5320834	5317771	Deletion	3063
2L	5403625	5395334	Deletion	8291
2L	5421227	5413381	Deletion	7846
2L	5433817	5433708	Deletion	109
2L	5446302	5446407	Deletion	105
2L	5446491	5446411	Deletion	80
2L	5464203	5462240	Deletion	1963
2L	5483265	5480557	Deletion	2708
2L	5509169	5507697	Deletion	1472
2L	5537849	5537581	Deletion	268
2L	5545868	5545928	Deletion	60
2L	5585070	5585156	Deletion	86
2L	5585602	5585152	Deletion	450
2L	5630275	5629904	Deletion	371
2L	5641586	5639753	Deletion	1833
2L	5648658	5648029	Deletion	629
2L	5668299	5663722	Deletion	4577
2L	5704985	5704668	Deletion	317
2L	5706451	5706492	Deletion	41
2L	5710848	5709177	Deletion	1671
2L	5768628	5765689	Deletion	2939
2L	5812190	5789955	Deletion	22235
2L	5848067	5843795	Deletion	4272
2L	5859233	5858203	Deletion	1030
2L	5865750	5865633	Deletion	117
2L	5869501	5869582	Deletion	81
2L	5870172	5869581	Deletion	591
2L	5870174	5870253	Deletion	79
2L	5892921	5892712	Deletion	209
2L	5899642	5893337	Deletion	6305
2L	5926481	5925151	Deletion	1330
2L	5938126	5926829	Deletion	11297
2L	5982029	5972254	Deletion	9775
2L	5993986	5982373	Deletion	11613
2L	5996687	5995620	Deletion	1067
2L	6002431	6001867	Deletion	564
2L	6011582	6008910	Deletion	2672
2L	6017594	6016719	Deletion	875
2L	6024247	6022352	Deletion	1895
2L	6060098	6053113	Deletion	6985
2L	6073763	6072838	Deletion	925
2L	6099422	6097763	Deletion	1659
2L	6099424	6099535	Deletion	111
2L	6101219	6099895	Deletion	1324
2L	6114183	6108687	Deletion	5496
2L	6118157	6114550	Deletion	3607
2L	6129329	6119429	Deletion	9900
2L	6134945	6135000	Deletion	55
2L	6139322	6137784	Deletion	1538
2L	6168331	6167986	Deletion	345
2L	6173687	6173319	Deletion	368
2L	6189004	6182992	Deletion	6012
2L	6197058	6196961	Deletion	97
2L	6207318	6204977	Deletion	2341
2L	6211217	6209429	Deletion	1788
2L	6217728	6217763	Deletion	35
2L	6218015	6217759	Deletion	256
2L	6220560	6218814	Deletion	1746
2L	6243461	6243221	Deletion	240
2L	6246373	6243750	Deletion	2623
2L	6249552	6248339	Deletion	1213
2L	6252602	6249691	Deletion	2911
2L	6283592	6283532	Deletion	60
2L	6290162	6289231	Deletion	931
2L	6297914	6297866	Deletion	48
2L	6332839	6332903	Deletion	64
2L	6333097	6332902	Deletion	195
2L	6333098	6333181	Deletion	83
2L	6342885	6341785	Deletion	1100
2L	6390749	6390348	Deletion	401
2L	6417360	6395299	Deletion	22061
2L	6428636	6428694	Deletion	58
2L	6458811	6457076	Deletion	1735
2L	6462479	6461967	Deletion	512
2L	6462484	6462569	Deletion	85
2L	6482939	6481696	Deletion	1243
2L	6506004	6505830	Deletion	174
2L	6511753	6510576	Deletion	1177
2L	6543760	6538372	Deletion	5388
2L	6555736	6550798	Deletion	4938
2L	6561573	6561411	Deletion	162
2L	6570981	6566413	Deletion	4568
2L	6602780	6600632	Deletion	2148
2L	6604051	6603080	Deletion	971
2L	6612076	6606149	Deletion	5927
2L	6619586	6619492	Deletion	94
2L	6636448	6635100	Deletion	1348
2L	6644734	6643143	Deletion	1591
2L	6693612	6693666	Deletion	54
2L	6701389	6698565	Deletion	2824
2L	6702852	6702898	Deletion	46
2L	6707413	6702894	Deletion	4519
2L	6707418	6707472	Deletion	54
2L	6712224	6711628	Deletion	596
2L	6716813	6712658	Deletion	4155
2L	6730691	6730337	Deletion	354
2L	6767666	6767776	Deletion	110
2L	6772189	6767775	Deletion	4414
2L	6798650	6796248	Deletion	2402
2L	6848317	6825406	Deletion	22911
2L	6853940	6854048	Deletion	108
2L	6857067	6854044	Deletion	3023
2L	6867317	6867368	Deletion	51
2L	6875025	6867364	Deletion	7661
2L	6877755	6877847	Deletion	92
2L	6889414	6889494	Deletion	80
2L	6889648	6889491	Deletion	157
2L	6890945	6889957	Deletion	988
2L	6893396	6893331	Deletion	65
2L	6893398	6893451	Deletion	53
2L	6905987	6906064	Deletion	77
2L	6907599	6907198	Deletion	401
2L	6928934	6918285	Deletion	10649
2L	6948031	6947689	Deletion	342
2L	7029386	7012769	Deletion	16617
2L	7040131	7035670	Deletion	4461
2L	7056122	7054149	Deletion	1973
2L	7070527	7069578	Deletion	949
2L	7091523	7090650	Deletion	873
2L	7095177	7095252	Deletion	75
2L	7095352	7095251	Deletion	101
2L	7095354	7095412	Deletion	58
2L	7128465	7117450	Deletion	11015
2L	7208866	7207006	Deletion	1860
2L	7253212	7240848	Deletion	12364
2L	7259332	7259375	Deletion	43
2L	7259543	7259372	Deletion	171
2L	7361636	7361504	Deletion	132
2L	7411622	7406851	Deletion	4771
2L	7417315	7416611	Deletion	704
2L	7439218	7430043	Deletion	9175
2L	7497319	7497256	Deletion	63
2L	7526231	7526080	Deletion	151
2L	7560985	7559484	Deletion	1501
2L	7568544	7566419	Deletion	2125
2L	7596509	7591033	Deletion	5476
2L	7614835	7613260	Deletion	1575
2L	7673969	7668978	Deletion	4991
2L	7682529	7682407	Deletion	122
2L	7749157	7745815	Deletion	3342
2L	7758094	7756385	Deletion	1709
2L	7758095	7758128	Deletion	33
2L	7759106	7758912	Deletion	194
2L	7771433	7768210	Deletion	3223
2L	7792482	7790084	Deletion	2398
2L	7819580	7819514	Deletion	66
2L	7840457	7837077	Deletion	3380
2L	7845536	7845577	Deletion	41
2L	7850185	7845576	Deletion	4609
2L	7850186	7850239	Deletion	53
2L	7907354	7874123	Deletion	33231
2L	7923364	7912361	Deletion	11003
2L	7933995	7933479	Deletion	516
2L	7934290	7934380	Deletion	90
2L	7939299	7934381	Deletion	4918
2L	7939300	7939423	Deletion	123
2L	7952823	7952485	Deletion	338
2L	8048915	8047298	Deletion	1617
2L	8077607	8054047	Deletion	23560
2L	8098186	8096737	Deletion	1449
2L	8099897	8099765	Deletion	132
2L	8123690	8123569	Deletion	121
2L	8169447	8158190	Deletion	11257
2L	8186710	8185425	Deletion	1285
2L	8196900	8194097	Deletion	2803
2L	8222504	8222402	Deletion	102
2L	8231397	8223421	Deletion	7976
2L	8231417	8231427	Deletion	10
2L	8245729	8231519	Deletion	14210
2L	8263379	8263471	Deletion	92
2L	8263535	8263468	Deletion	67
2L	8319134	8319207	Deletion	73
2L	8319731	8319650	Deletion	81
2L	8345135	8335489	Deletion	9646
2L	8345137	8345165	Deletion	28
2L	8355002	8351068	Deletion	3934
2L	8376670	8376538	Deletion	132
2L	8400164	8388435	Deletion	11729
2L	8419893	8419950	Deletion	57
2L	8434747	8419948	Deletion	14799
2L	8438355	8437586	Deletion	769
2L	8451273	8451367	Deletion	94
2L	8452209	8451363	Deletion	846
2L	8468913	8468848	Deletion	65
2L	8482553	8482616	Deletion	63
2L	8488932	8483613	Deletion	5319
2L	8500455	8498200	Deletion	2255
2L	8505463	8504590	Deletion	873
2L	8505468	8505584	Deletion	116
2L	8518038	8517855	Deletion	183
2L	8550075	8550121	Deletion	46
2L	8552291	8550117	Deletion	2174
2L	8572340	8560288	Deletion	12052
2L	8582150	8576127	Deletion	6023
2L	8612056	8610539	Deletion	1517
2L	8646061	8642239	Deletion	3822
2L	8656025	8655176	Deletion	849
2L	8665263	8664444	Deletion	819
2L	8702935	8675145	Deletion	27790
2L	8709379	8706508	Deletion	2871
2L	8720909	8711540	Deletion	9369
2L	8734430	8733580	Deletion	850
2L	8754792	8749822	Deletion	4970
2L	8757036	8755134	Deletion	1902
2L	8762937	8761075	Deletion	1862
2L	8792789	8792639	Deletion	150
2L	8799436	8799482	Deletion	46
2L	8799675	8799477	Deletion	198
2L	8815075	8814650	Deletion	425
2L	8815078	8815136	Deletion	58
2L	8821092	8820186	Deletion	906
2L	8863551	8851663	Deletion	11888
2L	8893423	8863699	Deletion	29724
2L	8896557	8894698	Deletion	1859
2L	8908865	8902862	Deletion	6003
2L	8908867	8908939	Deletion	72
2L	8931539	8915727	Deletion	15812
2L	8951729	8940623	Deletion	11106
2L	8979566	8976154	Deletion	3412
2L	8981607	8980281	Deletion	1326
2L	8985935	8984580	Deletion	1355
2L	9031474	9028609	Deletion	2865
2L	9039420	9037372	Deletion	2048
2L	9039432	9039508	Deletion	76
2L	9107876	9107937	Deletion	61
2L	9109255	9107933	Deletion	1322
2L	9109258	9109310	Deletion	52
2L	9122081	9117074	Deletion	5007
2L	9158694	9135283	Deletion	23411
2L	9164115	9163997	Deletion	118
2L	9171555	9170463	Deletion	1092
2L	9171572	9171671	Deletion	99
2L	9176524	9171695	Deletion	4829
2L	9218759	9218866	Deletion	107
2L	9234594	9234523	Deletion	71
2L	9237045	9235685	Deletion	1360
2L	9240450	9239526	Deletion	924
2L	9256739	9256021	Deletion	718
2L	9280399	9280512	Deletion	113
2L	9281874	9280510	Deletion	1364
2L	9292712	9292766	Deletion	54
2L	9294998	9292763	Deletion	2235
2L	9301530	9300957	Deletion	573
2L	9308027	9301745	Deletion	6282
2L	9324879	9310493	Deletion	14386
2L	9345129	9344571	Deletion	558
2L	9368124	9360128	Deletion	7996
2L	9368310	9368378	Deletion	68
2L	9368336	9368383	Deletion	47
2L	9370769	9368375	Deletion	2394
2L	9372521	9372295	Deletion	226
2L	9380191	9374126	Deletion	6065
2L	9409128	9404186	Deletion	4942
2L	9409132	9409224	Deletion	92
2L	9411062	9410168	Deletion	894
2L	9448237	9448291	Deletion	54
2L	9448368	9448289	Deletion	79
2L	9458457	9456868	Deletion	1589
2L	9504002	9503898	Deletion	104
2L	9505942	9505458	Deletion	484
2L	9515454	9513591	Deletion	1863
2L	9547075	9547114	Deletion	39
2L	9562080	9547115	Deletion	14965
2L	9562082	9562157	Deletion	75
2L	9578584	9577874	Deletion	710
2L	9596054	9595990	Deletion	64
2L	9606776	9602506	Deletion	4270
2L	9613131	9612408	Deletion	723
2L	9629813	9624594	Deletion	5219
2L	9629817	9629922	Deletion	105
2L	9647945	9646181	Deletion	1764
2L	9678322	9678212	Deletion	110
2L	9690498	9690588	Deletion	90
2L	9734722	9725251	Deletion	9471
2L	9752102	9750518	Deletion	1584
2L	9769648	9766900	Deletion	2748
2L	9859444	9853329	Deletion	6115
2L	9867445	9866150	Deletion	1295
2L	9925620	9923820	Deletion	1800
2L	9936946	9937028	Deletion	82
2L	9937167	9937024	Deletion	143
2L	9937170	9937256	Deletion	86
2L	9941419	9940914	Deletion	505
2L	9944351	9944449	Deletion	98
2L	9990830	9990636	Deletion	194
2L	10004266	10001074	Deletion	3192
2L	10017403	10008749	Deletion	8654
2L	10042791	10034463	Deletion	8328
2L	10060805	10060894	Deletion	89
2L	10069791	10068961	Deletion	830
2L	10071354	10069831	Deletion	1523
2L	10096272	10095293	Deletion	979
2L	10127129	10127035	Deletion	94
2L	10201326	10200618	Deletion	708
2L	10218669	10217597	Deletion	1072
2L	10225748	10225799	Deletion	51
2L	10245293	10244133	Deletion	1160
2L	10249459	10247694	Deletion	1765
2L	10259225	10252848	Deletion	6377
2L	10271710	10263499	Deletion	8211
2L	10292615	10292430	Deletion	185
2L	10293927	10292890	Deletion	1037
2L	10303709	10299973	Deletion	3736
2L	10325448	10325480	Deletion	32
2L	10326931	10325479	Deletion	1452
2L	10333111	10329971	Deletion	3140
2L	10335494	10333771	Deletion	1723
2L	10345800	10337829	Deletion	7971
2L	10354370	10346231	Deletion	8139
2L	10366404	10361069	Deletion	5335
2L	10387364	10387408	Deletion	44
2L	10387590	10387405	Deletion	185
2L	10403620	10400375	Deletion	3245
2L	10441689	10437288	Deletion	4401
2L	10465974	10460312	Deletion	5662
2L	10480213	10478769	Deletion	1444
2L	10497690	10493146	Deletion	4544
2L	10499827	10498443	Deletion	1384
2L	10505852	10505659	Deletion	193
2L	10515607	10511213	Deletion	4394
2L	10541506	10536960	Deletion	4546
2L	10541511	10541624	Deletion	113
2L	10561027	10554184	Deletion	6843
2L	10575590	10575427	Deletion	163
2L	10609736	10609808	Deletion	72
2L	10614416	10609803	Deletion	4613
2L	10618697	10618763	Deletion	66
2L	10636595	10634780	Deletion	1815
2L	10654382	10654431	Deletion	49
2L	10654646	10654427	Deletion	219
2L	10668175	10665267	Deletion	2908
2L	10671197	10668464	Deletion	2733
2L	10677088	10672288	Deletion	4800
2L	10692619	10692344	Deletion	275
2L	10697448	10695362	Deletion	2086
2L	10727672	10710666	Deletion	17006
2L	10737446	10737541	Deletion	95
2L	10739035	10737539	Deletion	1496
2L	10766033	10765378	Deletion	655
2L	10786588	10779015	Deletion	7573
2L	10810344	10810283	Deletion	61
2L	10810347	10810408	Deletion	61
2L	10831938	10817616	Deletion	14322
2L	10837220	10836757	Deletion	463
2L	10844652	10838823	Deletion	5829
2L	10853437	10849764	Deletion	3673
2L	10859051	10858458	Deletion	593
2L	10883182	10883277	Deletion	95
2L	10900957	10900307	Deletion	650
2L	10904365	10901014	Deletion	3351
2L	10906637	10904979	Deletion	1658
2L	10961820	10959709	Deletion	2111
2L	10961824	10961893	Deletion	69
2L	10962891	10962954	Deletion	63
2L	10967065	10962951	Deletion	4114
2L	10974772	10971141	Deletion	3631
2L	11010274	10975143	Deletion	35131
2L	11043495	11041928	Deletion	1567
2L	11072087	11071628	Deletion	459
2L	11072089	11072139	Deletion	50
2L	11117361	11115930	Deletion	1431
2L	11127885	11127554	Deletion	331
2L	11143078	11131372	Deletion	11706
2L	11146516	11145040	Deletion	1476
2L	11149102	11147493	Deletion	1609
2L	11159086	11154346	Deletion	4740
2L	11176585	11161618	Deletion	14967
2L	11176587	11176703	Deletion	116
2L	11181262	11181146	Deletion	116
2L	11183919	11183432	Deletion	487
2L	11196327	11194171	Deletion	2156
2L	11213950	11211452	Deletion	2498
2L	11217700	11217780	Deletion	80
2L	11218955	11218787	Deletion	168
2L	11242466	11240030	Deletion	2436
2L	11282879	11280526	Deletion	2353
2L	11307904	11306055	Deletion	1849
2L	11327690	11319765	Deletion	7925
2L	11361470	11358346	Deletion	3124
2L	11361472	11361500	Deletion	28
2L	11365212	11365022	Deletion	190
2L	11366029	11366129	Deletion	100
2L	11374149	11373970	Deletion	179
2L	11381984	11380163	Deletion	1821
2L	11386969	11384958	Deletion	2011
2L	11394662	11391164	Deletion	3498
2L	11402487	11402357	Deletion	130
2L	11417478	11417344	Deletion	134
2L	11437157	11428741	Deletion	8416
2L	11455370	11452594	Deletion	2776
2L	11484077	11484013	Deletion	64
2L	11504650	11494358	Deletion	10292
2L	11510490	11509637	Deletion	853
2L	11521925	11518646	Deletion	3279
2L	11562841	11562505	Deletion	336
2L	11591736	11591547	Deletion	189
2L	11606855	11605484	Deletion	1371
2L	11616835	11615755	Deletion	1080
2L	11680510	11652007	Deletion	28503
2L	11685144	11682999	Deletion	2145
2L	11686324	11686436	Deletion	112
2L	11689209	11686432	Deletion	2777
2L	11735606	11730161	Deletion	5445
2L	11751901	11751010	Deletion	891
2L	11773271	11770553	Deletion	2718
2L	11789006	11778649	Deletion	10357
2L	11789010	11789081	Deletion	71
2L	11799495	11799440	Deletion	55
2L	11810115	11801787	Deletion	8328
2L	11829141	11826328	Deletion	2813
2L	11829144	11829174	Deletion	30
2L	11851949	11852065	Deletion	116
2L	11867968	11852060	Deletion	15908
2L	11881224	11878088	Deletion	3136
2L	11881228	11881328	Deletion	100
2L	11890857	11886879	Deletion	3978
2L	11926612	11922381	Deletion	4231
2L	11926616	11926733	Deletion	117
2L	11965230	11962113	Deletion	3117
2L	11974895	11971290	Deletion	3605
2L	11993603	11993641	Deletion	38
2L	12045957	12045998	Deletion	41
2L	12053974	12048842	Deletion	5132
2L	12079063	12077000	Deletion	2063
2L	12089809	12088841	Deletion	968
2L	12101119	12093936	Deletion	7183
2L	12129090	12128755	Deletion	335
2L	12148753	12143904	Deletion	4849
2L	12178144	12176446	Deletion	1698
2L	12192451	12190899	Deletion	1552
2L	12284561	12277535	Deletion	7026
2L	12324670	12324206	Deletion	464
2L	12336542	12336605	Deletion	63
2L	12338269	12336598	Deletion	1671
2L	12346904	12346327	Deletion	577
2L	12356729	12355788	Deletion	941
2L	12358248	12357704	Deletion	544
2L	12378233	12378281	Deletion	48
2L	12420375	12389375	Deletion	31000
2L	12421821	12421891	Deletion	70
2L	12423799	12421888	Deletion	1911
2L	12440038	12439988	Deletion	50
2L	12447941	12447750	Deletion	191
2L	12454047	12451273	Deletion	2774
2L	12511100	12456638	Deletion	54462
2L	12529896	12516187	Deletion	13709
2L	12531049	12531138	Deletion	89
2L	12547459	12531133	Deletion	16326
2L	12553701	12553339	Deletion	362
2L	12557327	12557245	Deletion	82
2L	12606410	12604634	Deletion	1776
2L	12606415	12606488	Deletion	73
2L	12623653	12621553	Deletion	2100
2L	12694007	12692450	Deletion	1557
2L	12745978	12746093	Deletion	115
2L	12749900	12746091	Deletion	3809
2L	12756557	12756676	Deletion	119
2L	12759560	12756677	Deletion	2883
2L	12776553	12760146	Deletion	16407
2L	12832121	12831907	Deletion	214
2L	12856711	12856605	Deletion	106
2L	12860525	12860158	Deletion	367
2L	12890688	12890727	Deletion	39
2L	12890949	12890725	Deletion	224
2L	12919956	12910162	Deletion	9794
2L	12945382	12945251	Deletion	131
2L	12946844	12945712	Deletion	1132
2L	12999212	12988086	Deletion	11126
2L	12999213	12999290	Deletion	77
2L	13003625	12999744	Deletion	3881
2L	13023413	13018338	Deletion	5075
2L	13036036	13033337	Deletion	2699
2L	13053383	13047733	Deletion	5650
2L	13053395	13053502	Deletion	107
2L	13064890	13060709	Deletion	4181
2L	13071201	13069701	Deletion	1500
2L	13079131	13078935	Deletion	196
2L	13088873	13088760	Deletion	113
2L	13126442	13095059	Deletion	31383
2L	13128211	13127319	Deletion	892
2L	13147077	13142365	Deletion	4712
2L	13203015	13196942	Deletion	6073
2L	13206658	13206469	Deletion	189
2L	13238196	13234852	Deletion	3344
2L	13270629	13267778	Deletion	2851
2L	13300900	13294145	Deletion	6755
2L	13301844	13301474	Deletion	370
2L	13317600	13309433	Deletion	8167
2L	13345550	13345405	Deletion	145
2L	13345554	13345590	Deletion	36
2L	13345988	13345847	Deletion	141
2L	13357162	13357233	Deletion	71
2L	13357292	13357231	Deletion	61
2L	13357293	13357414	Deletion	121
2L	13405380	13404677	Deletion	703
2L	13416045	13413244	Deletion	2801
2L	13421464	13421161	Deletion	303
2L	13435920	13436030	Deletion	110
2L	13436509	13436026	Deletion	483
2L	13444457	13444556	Deletion	99
2L	13502788	13497144	Deletion	5644
2L	13515336	13511192	Deletion	4144
2L	13554177	13552250	Deletion	1927
2L	13565505	13565152	Deletion	353
2L	13583317	13581841	Deletion	1476
2L	13588419	13588198	Deletion	221
2L	13593214	13590681	Deletion	2533
2L	13640144	13639761	Deletion	383
2L	13667002	13667041	Deletion	39
2L	13678945	13667039	Deletion	11906
2L	13679031	13678981	Deletion	50
2L	13726627	13726570	Deletion	57
2L	13754863	13751872	Deletion	2991
2L	13771494	13768223	Deletion	3271
2L	13779868	13779977	Deletion	109
2L	13803732	13799644	Deletion	4088
2L	13811756	13807724	Deletion	4032
2L	13839793	13831551	Deletion	8242
2L	13854824	13854881	Deletion	57
2L	13896548	13895789	Deletion	759
2L	13915963	13912295	Deletion	3668
2L	13924227	13920578	Deletion	3649
2L	13928681	13928591	Deletion	90
2L	13945844	13930590	Deletion	15254
2L	13961621	13951049	Deletion	10572
2L	14016994	14016313	Deletion	681
2L	14027449	14026782	Deletion	667
2L	14068094	14057471	Deletion	10623
2L	14105602	14099795	Deletion	5807
2L	14133830	14133641	Deletion	189
2L	14149933	14143040	Deletion	6893
2L	14155713	14155411	Deletion	302
2L	14180880	14176912	Deletion	3968
2L	14193272	14185288	Deletion	7984
2L	14219791	14219287	Deletion	504
2L	14234540	14234401	Deletion	139
2L	14239099	14238896	Deletion	203
2L	14253585	14253226	Deletion	359
2L	14258690	14255068	Deletion	3622
2L	14273697	14273503	Deletion	194
2L	14322562	14322449	Deletion	113
2L	14327486	14325699	Deletion	1787
2L	14356329	14356272	Deletion	57
2L	14364014	14363710	Deletion	304
2L	14364018	14364071	Deletion	53
2L	14374043	14368677	Deletion	5366
2L	14393297	14393351	Deletion	54
2L	14393526	14393346	Deletion	180
2L	14400650	14400443	Deletion	207
2L	14402375	14401824	Deletion	551
2L	14416569	14403526	Deletion	13043
2L	14440632	14440394	Deletion	238
2L	14450795	14449954	Deletion	841
2L	14462360	14459558	Deletion	2802
2L	14474039	14471864	Deletion	2175
2L	14489769	14487074	Deletion	2695
2L	14497759	14496208	Deletion	1551
2L	14514388	14510704	Deletion	3684
2L	14521833	14521898	Deletion	65
2L	14522010	14521897	Deletion	113
2L	14522011	14522057	Deletion	46
2L	14580504	14580004	Deletion	500
2L	14582042	14581916	Deletion	126
2L	14586539	14584979	Deletion	1560
2L	14600769	14593447	Deletion	7322
2L	14602950	14602326	Deletion	624
2L	14617941	14618023	Deletion	82
2L	14619748	14618017	Deletion	1731
2L	14627519	14627562	Deletion	43
2L	14630670	14627552	Deletion	3118
2L	14661143	14660948	Deletion	195
2L	14667772	14664878	Deletion	2894
2L	14668295	14668350	Deletion	55
2L	14673857	14668347	Deletion	5510
2L	14673859	14673956	Deletion	97
2L	14677998	14678033	Deletion	35
2L	14678097	14678030	Deletion	67
2L	14721791	14719496	Deletion	2295
2L	14736733	14723221	Deletion	13512
2L	14761738	14751173	Deletion	10565
2L	14763774	14763890	Deletion	116
2L	14764139	14763891	Deletion	248
2L	14764143	14764237	Deletion	94
2L	14789432	14785423	Deletion	4009
2L	14802122	14802195	Deletion	73
2L	14802123	14802192	Deletion	69
2L	14803877	14802193	Deletion	1684
2L	14842529	14836791	Deletion	5738
2L	14842530	14842648	Deletion	118
2L	14877262	14867142	Deletion	10120
2L	14913604	14913354	Deletion	250
2L	14957334	14957447	Deletion	113
2L	14957532	14957444	Deletion	88
2L	15014471	15011739	Deletion	2732
2L	15036191	15031551	Deletion	4640
2L	15041900	15041379	Deletion	521
2L	15050463	15049602	Deletion	861
2L	15055973	15056073	Deletion	100
2L	15058497	15056070	Deletion	2427
2L	15060101	15060213	Deletion	112
2L	15064590	15060212	Deletion	4378
2L	15067628	15064734	Deletion	2894
2L	15095025	15067879	Deletion	27146
2L	15099668	15097088	Deletion	2580
2L	15103892	15100539	Deletion	3353
2L	15136221	15136132	Deletion	89
2L	15139178	15138381	Deletion	797
2L	15163246	15147410	Deletion	15836
2L	15164594	15164533	Deletion	61
2L	15170777	15170371	Deletion	406
2L	15216148	15215610	Deletion	538
2L	15224624	15218430	Deletion	6194
2L	15224633	15224729	Deletion	96
2L	15238743	15233618	Deletion	5125
2L	15238746	15238806	Deletion	60
2L	15246041	15243841	Deletion	2200
2L	15258668	15254167	Deletion	4501
2L	15263506	15263429	Deletion	77
2L	15272317	15267876	Deletion	4441
2L	15314178	15306232	Deletion	7946
2L	15314185	15314262	Deletion	77
2L	15325393	15324997	Deletion	396
2L	15327826	15327779	Deletion	47
2L	15354420	15328374	Deletion	26046
2L	15380709	15377205	Deletion	3504
2L	15396755	15396581	Deletion	174
2L	15409731	15405156	Deletion	4575
2L	15476828	15476860	Deletion	32
2L	15504447	15477225	Deletion	27222
2L	15508029	15504915	Deletion	3114
2L	15515991	15510982	Deletion	5009
2L	15531177	15529163	Deletion	2014
2L	15551912	15550421	Deletion	1491
2L	15563569	15563359	Deletion	210
2L	15580328	15579505	Deletion	823
2L	15581677	15581734	Deletion	57
2L	15585756	15581733	Deletion	4023
2L	15601408	15601443	Deletion	35
2L	15637348	15630404	Deletion	6944
2L	15648300	15637635	Deletion	10665
2L	15665581	15665683	Deletion	102
2L	15739381	15736857	Deletion	2524
2L	15739383	15739432	Deletion	49
2L	15739855	15739738	Deletion	117
2L	15739858	15739929	Deletion	71
2L	15761344	15761196	Deletion	148
2L	15772538	15763524	Deletion	9014
2L	15785907	15777164	Deletion	8743
2L	15811620	15802190	Deletion	9430
2L	15820794	15820729	Deletion	65
2L	15834307	15833960	Deletion	347
2L	15850296	15845202	Deletion	5094
2L	15856792	15851075	Deletion	5717
2L	15905163	15891184	Deletion	13979
2L	15908048	15906389	Deletion	1659
2L	15911636	15911443	Deletion	193
2L	15936758	15935844	Deletion	914
2L	15936787	15936812	Deletion	25
2L	15938126	15936877	Deletion	1249
2L	15942000	15941943	Deletion	57
2L	15953535	15953597	Deletion	62
2L	15956088	15953593	Deletion	2495
2L	15985757	15970160	Deletion	15597
2L	16001790	15990453	Deletion	11337
2L	16008924	16008629	Deletion	295
2L	16024787	16018873	Deletion	5914
2L	16054962	16041916	Deletion	13046
2L	16060209	16059466	Deletion	743
2L	16068439	16068183	Deletion	256
2L	16080739	16075608	Deletion	5131
2L	16081398	16081286	Deletion	112
2L	16090173	16087154	Deletion	3019
2L	16093127	16092127	Deletion	1000
2L	16099543	16099656	Deletion	113
2L	16099723	16099661	Deletion	62
2L	16110824	16108222	Deletion	2602
2L	16127680	16111155	Deletion	16525
2L	16161798	16161920	Deletion	122
2L	16167826	16162173	Deletion	5653
2L	16181090	16170892	Deletion	10198
2L	16182551	16181120	Deletion	1431
2L	16199318	16197596	Deletion	1722
2L	16199324	16199380	Deletion	56
2L	16201709	16201659	Deletion	50
2L	16218193	16206284	Deletion	11909
2L	16243569	16237794	Deletion	5775
2L	16263242	16256288	Deletion	6954
2L	16270721	16270753	Deletion	32
2L	16270972	16270752	Deletion	220
2L	16297035	16291871	Deletion	5164
2L	16297037	16297131	Deletion	94
2L	16307691	16302958	Deletion	4733
2L	16343276	16343348	Deletion	72
2L	16374887	16371280	Deletion	3607
2L	16380095	16380171	Deletion	76
2L	16381906	16380170	Deletion	1736
2L	16381909	16381955	Deletion	46
2L	16388770	16388156	Deletion	614
2L	16404601	16402565	Deletion	2036
2L	16431895	16431750	Deletion	145
2L	16438323	16434370	Deletion	3953
2L	16449732	16447826	Deletion	1906
2L	16482554	16450785	Deletion	31769
2L	16486684	16486600	Deletion	84
2L	16526210	16518953	Deletion	7257
2L	16537384	16536936	Deletion	448
2L	16572922	16555059	Deletion	17863
2L	16590062	16583628	Deletion	6434
2L	16604795	16597025	Deletion	7770
2L	16646067	16642665	Deletion	3402
2L	16651534	16651251	Deletion	283
2L	16665433	16664753	Deletion	680
2L	16691235	16689717	Deletion	1518
2L	16693492	16692244	Deletion	1248
2L	16722196	16721975	Deletion	221
2L	16749845	16742280	Deletion	7565
2L	16756455	16755674	Deletion	781
2L	16782718	16781397	Deletion	1321
2L	16813520	16813618	Deletion	98
2L	16817444	16813613	Deletion	3831
2L	16823272	16823371	Deletion	99
2L	16828494	16823376	Deletion	5118
2L	16838580	16830520	Deletion	8060
2L	16873694	16873005	Deletion	689
2L	16887061	16880958	Deletion	6103
2L	16887379	16887414	Deletion	35
2L	16898695	16887412	Deletion	11283
2L	16908898	16908658	Deletion	240
2L	16916318	16911386	Deletion	4932
2L	16925403	16916552	Deletion	8851
2L	16929867	16929424	Deletion	443
2L	16973875	16973044	Deletion	831
2L	17025534	17025424	Deletion	110
2L	17055975	17054013	Deletion	1962
2L	17058958	17059047	Deletion	89
2L	17061716	17059044	Deletion	2672
2L	17084763	17082350	Deletion	2413
2L	17086075	17085838	Deletion	237
2L	17133930	17093345	Deletion	40585
2L	17133932	17133971	Deletion	39
2L	17143808	17141387	Deletion	2421
2L	17159455	17157761	Deletion	1694
2L	17179160	17177356	Deletion	1804
2L	17202821	17202487	Deletion	334
2L	17217946	17218036	Deletion	90
2L	17222946	17218033	Deletion	4913
2L	17226739	17226657	Deletion	82
2L	17244466	17240786	Deletion	3680
2L	17249298	17245142	Deletion	4156
2L	17288522	17285418	Deletion	3104
2L	17304984	17301546	Deletion	3438
2L	17306624	17306367	Deletion	257
2L	17334545	17319092	Deletion	15453
2L	17369231	17365456	Deletion	3775
2L	17381460	17370088	Deletion	11372
2L	17382332	17382011	Deletion	321
2L	17398148	17385102	Deletion	13046
2L	17416124	17406115	Deletion	10009
2L	17442823	17437641	Deletion	5182
2L	17442825	17442885	Deletion	60
2L	17487615	17444630	Deletion	42985
2L	17489882	17489071	Deletion	811
2L	17494565	17493844	Deletion	721
2L	17544787	17542894	Deletion	1893
2L	17549875	17549598	Deletion	277
2L	17604011	17604069	Deletion	58
2L	17636300	17624876	Deletion	11424
2L	17644010	17643701	Deletion	309
2L	17659386	17647200	Deletion	12186
2L	17661398	17661511	Deletion	113
2L	17664112	17661515	Deletion	2597
2L	17674164	17669710	Deletion	4454
2L	17684906	17680435	Deletion	4471
2L	17725703	17725812	Deletion	109
2L	17726108	17725815	Deletion	293
2L	17726120	17726200	Deletion	80
2L	17727914	17726230	Deletion	1684
2L	17738713	17738646	Deletion	67
2L	17739954	17739161	Deletion	793
2L	17750192	17750278	Deletion	86
2L	17750986	17750273	Deletion	713
2L	17755985	17753176	Deletion	2809
2L	17755986	17756027	Deletion	41
2L	17777123	17774726	Deletion	2397
2L	17789244	17781447	Deletion	7797
2L	17806779	17806217	Deletion	562
2L	17806783	17806831	Deletion	48
2L	17809306	17808925	Deletion	381
2L	17922890	17920123	Deletion	2767
2L	17970334	17969255	Deletion	1079
2L	18029755	18029064	Deletion	691
2L	18063148	18061460	Deletion	1688
2L	18082843	18080797	Deletion	2046
2L	18102803	18098617	Deletion	4186
2L	18104609	18104686	Deletion	77
2L	18104752	18104685	Deletion	67
2L	18132279	18128408	Deletion	3871
2L	18133484	18132777	Deletion	707
2L	18135845	18135647	Deletion	198
2L	18135850	18135917	Deletion	67
2L	18135905	18135916	Deletion	11
2L	18142565	18135956	Deletion	6609
2L	18146255	18145621	Deletion	634
2L	18182696	18150438	Deletion	32258
2L	18196215	18196052	Deletion	163
2L	18213549	18196435	Deletion	17114
2L	18227800	18227658	Deletion	142
2L	18257377	18253578	Deletion	3799
2L	18282413	18280638	Deletion	1775
2L	18293832	18284001	Deletion	9831
2L	18316667	18316293	Deletion	374
2L	18317906	18317633	Deletion	273
2L	18338829	18327251	Deletion	11578
2L	18341648	18340869	Deletion	779
2L	18341663	18341723	Deletion	60
2L	18348217	18341767	Deletion	6450
2L	18380238	18349502	Deletion	30736
2L	18406376	18406154	Deletion	222
2L	18470288	18468671	Deletion	1617
2L	18490320	18482664	Deletion	7656
2L	18490325	18490405	Deletion	80
2L	18516318	18515071	Deletion	1247
2L	18521135	18521234	Deletion	99
2L	18525604	18521230	Deletion	4374
2L	18541057	18528025	Deletion	13032
2L	18569296	18557483	Deletion	11813
2L	18601290	18601402	Deletion	112
2L	18601937	18601404	Deletion	533
2L	18622156	18621274	Deletion	882
2L	18667347	18666984	Deletion	363
2L	18682379	18681503	Deletion	876
2L	18707723	18707632	Deletion	91
2L	18712685	18709507	Deletion	3178
2L	18720250	18719387	Deletion	863
2L	18740912	18738709	Deletion	2203
2L	18755358	18753989	Deletion	1369
2L	18785667	18782651	Deletion	3016
2L	18794500	18791218	Deletion	3282
2L	18819175	18819074	Deletion	101
2L	18823625	18822193	Deletion	1432
2L	18864677	18852004	Deletion	12673
2L	18866757	18864734	Deletion	2023
2L	18971799	18971435	Deletion	364
2L	18971804	18971845	Deletion	41
2L	19000024	18999677	Deletion	347
2L	19000026	19000081	Deletion	55
2L	19017637	19006674	Deletion	10963
2L	19026475	19026552	Deletion	77
2L	19026610	19026547	Deletion	63
2L	19030075	19029994	Deletion	81
2L	19051983	19049634	Deletion	2349
2L	19081038	19080268	Deletion	770
2L	19093636	19093533	Deletion	103
2L	19095451	19093799	Deletion	1652
2L	19105599	19098360	Deletion	7239
2L	19120721	19110939	Deletion	9782
2L	19133000	19130178	Deletion	2822
2L	19141853	19133455	Deletion	8398
2L	19143769	19142418	Deletion	1351
2L	19190907	19177431	Deletion	13476
2L	19197373	19197306	Deletion	67
2L	19208158	19207860	Deletion	298
2L	19212291	19210129	Deletion	2162
2L	19227494	19227562	Deletion	68
2L	19227644	19227567	Deletion	77
2L	19227647	19227697	Deletion	50
2L	19244509	19241303	Deletion	3206
2L	19258641	19258524	Deletion	117
2L	19306852	19306768	Deletion	84
2L	19306856	19306915	Deletion	59
2L	19315327	19312657	Deletion	2670
2L	19390496	19379615	Deletion	10881
2L	19391598	19391371	Deletion	227
2L	19409763	19409621	Deletion	142
2L	19419740	19419840	Deletion	100
2L	19426076	19419841	Deletion	6235
2L	19427790	19427547	Deletion	243
2L	19464850	19464940	Deletion	90
2L	19472069	19464937	Deletion	7132
2L	19485189	19485051	Deletion	138
2L	19485726	19485550	Deletion	176
2L	19485728	19485831	Deletion	103
2L	19494604	19488523	Deletion	6081
2L	19510848	19499082	Deletion	11766
2L	19542831	19521097	Deletion	21734
2L	19545026	19544529	Deletion	497
2L	19545029	19545118	Deletion	89
2L	19574342	19570504	Deletion	3838
2L	19605740	19603498	Deletion	2242
2L	19647031	19646648	Deletion	383
2L	19657534	19657452	Deletion	82
2L	19684065	19683965	Deletion	100
2L	19701145	19701234	Deletion	89
2L	19701982	19701233	Deletion	749
2L	19701983	19702040	Deletion	57
2L	19701989	19702020	Deletion	31
2L	19726958	19719814	Deletion	7144
2L	19801635	19771444	Deletion	30191
2L	19855838	19851832	Deletion	4006
2L	19862579	19860594	Deletion	1985
2L	19865839	19865901	Deletion	62
2L	19866065	19865900	Deletion	165
2L	19902868	19891566	Deletion	11302
2L	19916136	19915989	Deletion	147
2L	19938218	19932143	Deletion	6075
2L	19951771	19951857	Deletion	86
2L	19952333	19951852	Deletion	481
2L	19967886	19967376	Deletion	510
2L	19974647	19972348	Deletion	2299
2L	19986058	19984577	Deletion	1481
2L	19987001	19987046	Deletion	45
2L	19992528	19987045	Deletion	5483
2L	19992529	19992640	Deletion	111
2L	20047724	20047392	Deletion	332
2L	20096368	20078594	Deletion	17774
2L	20136825	20135798	Deletion	1027
2L	20140032	20139881	Deletion	151
2L	20152643	20148851	Deletion	3792
2L	20161483	20161540	Deletion	57
2L	20203561	20203497	Deletion	64
2L	20213057	20213120	Deletion	63
2L	20220068	20219709	Deletion	359
2L	20243639	20239029	Deletion	4610
2L	20249685	20248693	Deletion	992
2L	20261856	20259051	Deletion	2805
2L	20311622	20311716	Deletion	94
2L	20323669	20311714	Deletion	11955
2L	20357791	20351000	Deletion	6791
2L	20363320	20358651	Deletion	4669
2L	20387859	20387321	Deletion	538
2L	20402775	20393585	Deletion	9190
2L	20461489	20461570	Deletion	81
2L	20461855	20461566	Deletion	289
2L	20475842	20474018	Deletion	1824
2L	20500958	20499663	Deletion	1295
2L	20507418	20502721	Deletion	4697
2L	20541086	20540468	Deletion	618
2L	20545833	20544835	Deletion	998
2L	20549939	20548703	Deletion	1236
2L	20563431	20563152	Deletion	279
2L	20576623	20576731	Deletion	108
2L	20585480	20583679	Deletion	1801
2L	20589494	20587258	Deletion	2236
2L	20602058	20596359	Deletion	5699
2L	20621649	20618053	Deletion	3596
2L	20633515	20630942	Deletion	2573
2L	20633517	20633638	Deletion	121
2L	20644965	20639650	Deletion	5315
2L	20663345	20660424	Deletion	2921
2L	20689803	20688936	Deletion	867
2L	20716333	20713084	Deletion	3249
2L	20728782	20717957	Deletion	10825
2L	20757555	20753818	Deletion	3737
2L	20767197	20767027	Deletion	170
2L	20777416	20777000	Deletion	416
2L	20816363	20799321	Deletion	17042
2L	20818023	20817950	Deletion	73
2L	20858631	20850105	Deletion	8526
2L	20882309	20882419	Deletion	110
2L	20919102	20918550	Deletion	552
2L	20941381	20941047	Deletion	334
2L	20941385	20941447	Deletion	62
2L	20944983	20945061	Deletion	78
2L	20946830	20945058	Deletion	1772
2L	20957832	20956254	Deletion	1578
2L	21036467	21028456	Deletion	8011
2L	21067459	21065304	Deletion	2155
2L	21091514	21086365	Deletion	5149
2L	21108025	21101125	Deletion	6900
2L	21120815	21119867	Deletion	948
2L	21126084	21124666	Deletion	1418
2L	21134770	21129321	Deletion	5449
2L	21161618	21158104	Deletion	3514
2L	21175904	21175991	Deletion	87
2L	21178374	21175986	Deletion	2388
2L	21193471	21188388	Deletion	5083
2L	21199597	21198397	Deletion	1200
2L	21253634	21253454	Deletion	180
2L	21264004	21256616	Deletion	7388
2L	21269578	21264069	Deletion	5509
2L	21275888	21271315	Deletion	4573
2L	21276966	21276384	Deletion	582
2L	21335518	21286355	Deletion	49163
2L	21338747	21337611	Deletion	1136
2L	21364477	21364357	Deletion	120
2L	21373820	21366783	Deletion	7037
2L	21416273	21415470	Deletion	803
2L	21431157	21431165	Deletion	8
2L	21454922	21454970	Deletion	48
2L	21455256	21455370	Deletion	114
2L	21460293	21460325	Deletion	32
2L	21566161	21566270	Deletion	109
2L	21596507	21595950	Deletion	557
2L	21618838	21617188	Deletion	1650
2L	21620246	21620319	Deletion	73
2L	21620484	21620317	Deletion	167
2L	21651976	21648942	Deletion	3034
2L	21671392	21663132	Deletion	8260
2L	21681371	21681483	Deletion	112
2L	21701507	21701612	Deletion	105
2L	21703683	21701617	Deletion	2066
2L	21714753	21710377	Deletion	4376
2L	21749893	21748334	Deletion	1559
2L	21751735	21751841	Deletion	106
2L	21762467	21751840	Deletion	10627
2L	21768591	21764690	Deletion	3901
2L	21777877	21773815	Deletion	4062
2L	21791333	21779419	Deletion	11914
2L	21823377	21818053	Deletion	5324
2L	21848172	21833969	Deletion	14203
2L	21853114	21852534	Deletion	580
2L	21860034	21856562	Deletion	3472
2L	21863258	21863346	Deletion	88
2L	21866052	21863345	Deletion	2707
2L	21866053	21866120	Deletion	67
2L	21891923	21878241	Deletion	13682
2L	21909280	21898835	Deletion	10445
2L	21916432	21915609	Deletion	823
2L	21921872	21921802	Deletion	70
2L	21963710	21963230	Deletion	480
2L	21963714	21963776	Deletion	62
2L	21971920	21972004	Deletion	84
2L	21991751	21991689	Deletion	62
2L	22000873	21997562	Deletion	3311
2L	22000876	22000969	Deletion	93
2L	22012023	22005962	Deletion	6061
2L	22047540	22032333	Deletion	15207
2L	22082717	22072432	Deletion	10285
2L	22095843	22095567	Deletion	276
2L	22122302	22122136	Deletion	166
2L	22122306	22122426	Deletion	120
2L	22126332	22124194	Deletion	2138
2L	22149440	22149543	Deletion	103
2L	22167388	22167282	Deletion	106
2L	22179003	22167678	Deletion	11325
2L	22198157	22179089	Deletion	19068
2L	22203566	22203688	Deletion	122
2L	22220053	22219522	Deletion	531
2L	22234973	22235050	Deletion	77
2L	22235565	22235046	Deletion	519
2L	22236351	22235609	Deletion	742
2L	22236367	22236397	Deletion	30
2L	22237264	22236454	Deletion	810
2L	22237307	22237308	Deletion	1
2L	22237399	22237358	Deletion	41
2L	22240734	22237436	Deletion	3298
2L	22279199	22272434	Deletion	6765
2L	22315887	22315804	Deletion	83
2L	22319510	22319607	Deletion	97
2L	22319793	22319602	Deletion	191
2L	22341718	22341572	Deletion	146
2L	22355018	22354652	Deletion	366
2L	22377046	22362696	Deletion	14350
2L	22377175	22377116	Deletion	59
2L	22400981	22397467	Deletion	3514
2L	22403444	22402110	Deletion	1334
2L	22406212	22403480	Deletion	2732
2L	22420341	22420241	Deletion	100
2L	22423628	22423709	Deletion	81
2L	22426603	22426660	Deletion	57
2L	22485608	22485634	Deletion	26
2L	22529714	22529598	Deletion	116
2L	22565680	22565516	Deletion	164
2L	22582729	22582793	Deletion	64
2L	22615371	22615166	Deletion	205
2L	22616458	22616399	Deletion	59
2L	22620799	22620858	Deletion	59
2L	22623724	22623396	Deletion	328
2L	22637701	22633606	Deletion	4095
2L	22645830	22645104	Deletion	726
2L	22665118	22663845	Deletion	1273
2L	22753224	22746689	Deletion	6535
2L	22764334	22761614	Deletion	2720
2L	22793911	22789984	Deletion	3927
2L	22827549	22827640	Deletion	91
2L	22971770	22969575	Deletion	2195
2L	22985455	22984655	Deletion	800
2L	22986396	22985820	Deletion	576
2L	22986398	22986476	Deletion	78
2L	23036254	23028809	Deletion	7445
2L	23044807	23044562	Deletion	245
2L	23072476	23072576	Deletion	100
2L	23075550	23072575	Deletion	2975
2L	23119278	23119385	Deletion	107
2L	23130731	23130818	Deletion	87
2L	23142116	23142171	Deletion	55
2L	23144557	23144547	Deletion	10
2L	23145327	23145416	Deletion	89
2L	23151541	23151645	Deletion	104
2L	23152612	23152560	Deletion	52
2L	23152825	23152660	Deletion	165
2L	23153637	23153723	Deletion	86
2L	23169843	23169642	Deletion	201
2L	23172982	23173023	Deletion	41
2L	23216794	23215909	Deletion	885
2L	23242766	23239976	Deletion	2790
2L	23248387	23248484	Deletion	97
2L	23248425	23248464	Deletion	39
2L	23248558	23248468	Deletion	90
2L	23264179	23264273	Deletion	94
2L	23264363	23264289	Deletion	74
2L	23279439	23279543	Deletion	104
2L	23279633	23279559	Deletion	74
2L	23320522	23320628	Deletion	106
2L	23320711	23320624	Deletion	87
2L	23340088	23338400	Deletion	1688
2L	23343582	23343042	Deletion	540
2L	23354594	23354609	Deletion	15
2L	23364191	23364308	Deletion	117
2L	23375147	23375265	Deletion	118
2L	23382561	23382672	Deletion	111
2L	23392577	23392672	Deletion	95
2L	23392611	23392671	Deletion	60
2L	23393119	23392650	Deletion	469
2L	23393120	23393151	Deletion	31
2L	23397453	23396863	Deletion	590
2L	23491151	23491241	Deletion	90
2L	23495762	23495746	Deletion	16
2L	23504872	23504235	Deletion	637
2R	4468	4368	Deletion	100
2R	24526	24426	Deletion	100
2R	81974	81455	Deletion	519
2R	126048	126138	Deletion	90
2R	129947	129985	Deletion	38
2R	178933	178943	Deletion	10
2R	422884	416845	Deletion	6039
2R	495917	495481	Deletion	436
2R	504422	498499	Deletion	5923
2R	531703	531767	Deletion	64
2R	539838	539617	Deletion	221
2R	580923	579087	Deletion	1836
2R	585655	585191	Deletion	464
2R	634849	634269	Deletion	580
2R	658355	657161	Deletion	1194
2R	659472	659242	Deletion	230
2R	696613	696671	Deletion	58
2R	734107	731732	Deletion	2375
2R	736861	736955	Deletion	94
2R	748774	748821	Deletion	47
2R	748829	748931	Deletion	102
2R	748838	748881	Deletion	43
2R	748868	748891	Deletion	23
2R	749031	748921	Deletion	110
2R	863105	859178	Deletion	3927
2R	924241	924323	Deletion	82
2R	934266	924318	Deletion	9948
2R	995467	995401	Deletion	66
2R	1000854	999997	Deletion	857
2R	1008476	1007463	Deletion	1013
2R	1016694	1016493	Deletion	201
2R	1032067	1032125	Deletion	58
2R	1042544	1042602	Deletion	58
2R	1072190	1069971	Deletion	2219
2R	1186364	1186468	Deletion	104
2R	1282767	1281536	Deletion	1231
2R	1290898	1290501	Deletion	397
2R	1303934	1301279	Deletion	2655
2R	1306295	1306326	Deletion	31
2R	1349165	1345925	Deletion	3240
2R	1365068	1360127	Deletion	4941
2R	1431007	1431055	Deletion	48
2R	1465652	1465364	Deletion	288
2R	1472097	1471670	Deletion	427
2R	1497674	1497745	Deletion	71
2R	1499562	1499363	Deletion	199
2R	1506717	1506774	Deletion	57
2R	1507888	1506755	Deletion	1133
2R	1536316	1536105	Deletion	211
2R	1537672	1536376	Deletion	1296
2R	1554519	1553312	Deletion	1207
2R	1555992	1554607	Deletion	1385
2R	1556003	1556039	Deletion	36
2R	1581218	1576425	Deletion	4793
2R	1685835	1683308	Deletion	2527
2R	1692323	1691180	Deletion	1143
2R	1738481	1738432	Deletion	49
2R	1825914	1825928	Deletion	14
2R	1825935	1825973	Deletion	38
2R	1825970	1825990	Deletion	20
2R	1826283	1826173	Deletion	110
2R	1826383	1826491	Deletion	108
2R	1826453	1826563	Deletion	110
2R	1826536	1826576	Deletion	40
2R	1826554	1826595	Deletion	41
2R	1896679	1896492	Deletion	187
2R	1897229	1896770	Deletion	459
2R	1990990	1991073	Deletion	83
2R	2085082	2084906	Deletion	176
2R	2129954	2129332	Deletion	622
2R	2140363	2139906	Deletion	457
2R	2173348	2173198	Deletion	150
2R	2191667	2187510	Deletion	4157
2R	2213716	2213642	Deletion	74
2R	2321398	2321184	Deletion	214
2R	2528514	2528446	Deletion	68
2R	2578355	2578161	Deletion	194
2R	2582948	2583014	Deletion	66
2R	2587537	2587135	Deletion	402
2R	2588940	2588699	Deletion	241
2R	2614155	2613753	Deletion	402
2R	2625551	2625611	Deletion	60
2R	2643889	2640616	Deletion	3273
2R	2645209	2643965	Deletion	1244
2R	2673317	2668898	Deletion	4419
2R	2681366	2680441	Deletion	925
2R	2732403	2731088	Deletion	1315
2R	2737051	2735736	Deletion	1315
2R	2769121	2769196	Deletion	75
2R	2781119	2781195	Deletion	76
2R	2800217	2800018	Deletion	199
2R	2857264	2857349	Deletion	85
2R	2886883	2882008	Deletion	4875
2R	2908493	2908396	Deletion	97
2R	2910997	2911088	Deletion	91
2R	2954215	2943944	Deletion	10271
2R	2954941	2954433	Deletion	508
2R	2966203	2958106	Deletion	8097
2R	2994841	2994911	Deletion	70
2R	3025929	3026026	Deletion	97
2R	3063788	3063533	Deletion	255
2R	3064160	3063870	Deletion	290
2R	3064475	3064231	Deletion	244
2R	3067411	3066068	Deletion	1343
2R	3087546	3087568	Deletion	22
2R	3098152	3095250	Deletion	2902
2R	3123502	3123191	Deletion	311
2R	3130640	3127230	Deletion	3410
2R	3154296	3149780	Deletion	4516
2R	3157741	3154374	Deletion	3367
2R	3171436	3169686	Deletion	1750
2R	3182065	3181948	Deletion	117
2R	3188461	3188318	Deletion	143
2R	3199065	3198982	Deletion	83
2R	3202064	3199119	Deletion	2945
2R	3250906	3250967	Deletion	61
2R	3294260	3286286	Deletion	7974
2R	3440891	3440985	Deletion	94
2R	3473294	3473409	Deletion	115
2R	3505311	3505166	Deletion	145
2R	3558219	3554280	Deletion	3939
2R	3562361	3560576	Deletion	1785
2R	3569773	3569876	Deletion	103
2R	3584761	3576433	Deletion	8328
2R	3759667	3759567	Deletion	100
2R	3762609	3762551	Deletion	58
2R	3767076	3767019	Deletion	57
2R	3795367	3795405	Deletion	38
2R	3901867	3901408	Deletion	459
2R	3931403	3930112	Deletion	1291
2R	4025123	4025072	Deletion	51
2R	4091883	4091598	Deletion	285
2R	4146354	4146428	Deletion	74
2R	4170144	4169481	Deletion	663
2R	4182211	4181840	Deletion	371
2R	4197949	4198054	Deletion	105
2R	4235499	4233852	Deletion	1647
2R	4235502	4235596	Deletion	94
2R	4262304	4262350	Deletion	46
2R	4290561	4289616	Deletion	945
2R	4290625	4290657	Deletion	32
2R	4297009	4290701	Deletion	6308
2R	4377521	4374880	Deletion	2641
2R	4412782	4412561	Deletion	221
2R	4477579	4477441	Deletion	138
2R	4589339	4589176	Deletion	163
2R	4589645	4589374	Deletion	271
2R	4625424	4625513	Deletion	89
2R	4628570	4628654	Deletion	84
2R	4630217	4628652	Deletion	1565
2R	4654235	4654070	Deletion	165
2R	4700869	4692315	Deletion	8554
2R	4711246	4705307	Deletion	5939
2R	4717960	4716770	Deletion	1190
2R	4725063	4720456	Deletion	4607
2R	4779261	4777563	Deletion	1698
2R	4786906	4779383	Deletion	7523
2R	4824203	4820268	Deletion	3935
2R	4874705	4874041	Deletion	664
2R	4905353	4904203	Deletion	1150
2R	4919026	4918938	Deletion	88
2R	4921098	4921131	Deletion	33
2R	4921973	4921140	Deletion	833
2R	4922369	4922004	Deletion	365
2R	4946690	4946754	Deletion	64
2R	4948281	4946753	Deletion	1528
2R	4963451	4963347	Deletion	104
2R	4964698	4963528	Deletion	1170
2R	4990790	4990295	Deletion	495
2R	5000640	4998049	Deletion	2591
2R	5006769	5000912	Deletion	5857
2R	5021321	5019499	Deletion	1822
2R	5021323	5021358	Deletion	35
2R	5021326	5021401	Deletion	75
2R	5049084	5048853	Deletion	231
2R	5074039	5073862	Deletion	177
2R	5128831	5128399	Deletion	432
2R	5130417	5130307	Deletion	110
2R	5140676	5136793	Deletion	3883
2R	5175971	5169011	Deletion	6960
2R	5205035	5201808	Deletion	3227
2R	5228032	5225800	Deletion	2232
2R	5247498	5241095	Deletion	6403
2R	5259862	5257037	Deletion	2825
2R	5280015	5279844	Deletion	171
2R	5309835	5309599	Deletion	236
2R	5310816	5310415	Deletion	401
2R	5364463	5364516	Deletion	53
2R	5366319	5364514	Deletion	1805
2R	5367061	5366356	Deletion	705
2R	5456277	5455762	Deletion	515
2R	5503167	5503066	Deletion	101
2R	5603038	5597979	Deletion	5059
2R	5614558	5608687	Deletion	5871
2R	5629848	5629511	Deletion	337
2R	5634737	5634447	Deletion	290
2R	5674390	5667703	Deletion	6687
2R	5683104	5682348	Deletion	756
2R	5690573	5690186	Deletion	387
2R	5720349	5720288	Deletion	61
2R	5768620	5768443	Deletion	177
2R	5820600	5820664	Deletion	64
2R	5820899	5820659	Deletion	240
2R	5828757	5827281	Deletion	1476
2R	5844952	5844474	Deletion	478
2R	5852740	5846915	Deletion	5825
2R	5859287	5857082	Deletion	2205
2R	5859288	5859389	Deletion	101
2R	5867057	5864389	Deletion	2668
2R	5870655	5870680	Deletion	25
2R	5875136	5874607	Deletion	529
2R	5896714	5887196	Deletion	9518
2R	5946983	5946477	Deletion	506
2R	5968947	5967781	Deletion	1166
2R	5976903	5976813	Deletion	90
2R	5986533	5986401	Deletion	132
2R	6001580	6001684	Deletion	104
2R	6019943	6001682	Deletion	18261
2R	6022237	6022114	Deletion	123
2R	6025154	6024211	Deletion	943
2R	6044257	6040395	Deletion	3862
2R	6070697	6067649	Deletion	3048
2R	6073735	6073664	Deletion	71
2R	6116598	6116288	Deletion	310
2R	6125481	6125026	Deletion	455
2R	6144437	6134381	Deletion	10056
2R	6168895	6167785	Deletion	1110
2R	6169139	6169043	Deletion	96
2R	6198589	6177282	Deletion	21307
2R	6210042	6199891	Deletion	10151
2R	6269433	6269043	Deletion	390
2R	6322918	6322527	Deletion	391
2R	6324983	6322950	Deletion	2033
2R	6324988	6325051	Deletion	63
2R	6330360	6329252	Deletion	1108
2R	6372847	6372631	Deletion	216
2R	6414782	6414833	Deletion	51
2R	6448115	6448198	Deletion	83
2R	6463801	6460025	Deletion	3776
2R	6543413	6538075	Deletion	5338
2R	6556005	6550902	Deletion	5103
2R	6568049	6564035	Deletion	4014
2R	6603342	6603105	Deletion	237
2R	6622374	6616297	Deletion	6077
2R	6626694	6626273	Deletion	421
2R	6631820	6631729	Deletion	91
2R	6653476	6651734	Deletion	1742
2R	6653477	6653576	Deletion	99
2R	6672652	6672410	Deletion	242
2R	6683720	6683592	Deletion	128
2R	6717007	6715671	Deletion	1336
2R	6806840	6798014	Deletion	8826
2R	6886225	6848765	Deletion	37460
2R	6888169	6887242	Deletion	927
2R	6936004	6923658	Deletion	12346
2R	6942141	6941935	Deletion	206
2R	6942641	6942392	Deletion	249
2R	6952972	6953067	Deletion	95
2R	7025065	7023921	Deletion	1144
2R	7034607	7033589	Deletion	1018
2R	7055851	7049910	Deletion	5941
2R	7070884	7065717	Deletion	5167
2R	7171517	7169489	Deletion	2028
2R	7174272	7172863	Deletion	1409
2R	7183520	7182008	Deletion	1512
2R	7318666	7317349	Deletion	1317
2R	7331319	7328186	Deletion	3133
2R	7344469	7341672	Deletion	2797
2R	7360065	7357086	Deletion	2979
2R	7373139	7372393	Deletion	746
2R	7393669	7393562	Deletion	107
2R	7399654	7398259	Deletion	1395
2R	7403981	7404093	Deletion	112
2R	7413916	7404089	Deletion	9827
2R	7455450	7455485	Deletion	35
2R	7471745	7465228	Deletion	6517
2R	7488077	7487725	Deletion	352
2R	7518844	7518452	Deletion	392
2R	7565383	7555324	Deletion	10059
2R	7596183	7596122	Deletion	61
2R	7617434	7614289	Deletion	3145
2R	7628468	7621650	Deletion	6818
2R	7648309	7647219	Deletion	1090
2R	7720995	7717073	Deletion	3922
2R	7740232	7739143	Deletion	1089
2R	7747997	7746856	Deletion	1141
2R	7774624	7774495	Deletion	129
2R	7790263	7782624	Deletion	7639
2R	7881806	7877369	Deletion	4437
2R	7889213	7887437	Deletion	1776
2R	7893145	7893205	Deletion	60
2R	7893967	7893202	Deletion	765
2R	7920004	7919829	Deletion	175
2R	7958784	7941409	Deletion	17375
2R	7991321	7984530	Deletion	6791
2R	7996814	7993285	Deletion	3529
2R	8002206	8001516	Deletion	690
2R	8015631	8006552	Deletion	9079
2R	8015645	8015668	Deletion	23
2R	8034347	8034268	Deletion	79
2R	8075910	8061229	Deletion	14681
2R	8089742	8089097	Deletion	645
2R	8103538	8101233	Deletion	2305
2R	8133697	8127134	Deletion	6563
2R	8180961	8168067	Deletion	12894
2R	8199786	8196039	Deletion	3747
2R	8279113	8278013	Deletion	1100
2R	8356240	8340445	Deletion	15795
2R	8372365	8370997	Deletion	1368
2R	8417775	8415565	Deletion	2210
2R	8463049	8461779	Deletion	1270
2R	8534713	8534503	Deletion	210
2R	8609611	8609188	Deletion	423
2R	8619588	8619638	Deletion	50
2R	8632583	8632494	Deletion	89
2R	8643989	8642287	Deletion	1702
2R	8672270	8670832	Deletion	1438
2R	8673347	8672597	Deletion	750
2R	8688484	8688354	Deletion	130
2R	8695226	8691891	Deletion	3335
2R	8737345	8736007	Deletion	1338
2R	8744097	8743945	Deletion	152
2R	8785350	8785453	Deletion	103
2R	8786198	8785452	Deletion	746
2R	8792931	8793045	Deletion	114
2R	8800978	8793051	Deletion	7927
2R	8828911	8828751	Deletion	160
2R	8841509	8835849	Deletion	5660
2R	8847310	8841597	Deletion	5713
2R	8893171	8890417	Deletion	2754
2R	8905420	8903279	Deletion	2141
2R	8905430	8905472	Deletion	42
2R	8935839	8920200	Deletion	15639
2R	8956122	8953065	Deletion	3057
2R	8977868	8977725	Deletion	143
2R	9009583	9009506	Deletion	77
2R	9009585	9009700	Deletion	115
2R	9016188	9014161	Deletion	2027
2R	9021966	9017823	Deletion	4143
2R	9032449	9031739	Deletion	710
2R	9048918	9048436	Deletion	482
2R	9053637	9049528	Deletion	4109
2R	9063364	9062620	Deletion	744
2R	9080208	9076493	Deletion	3715
2R	9094097	9093338	Deletion	759
2R	9115853	9096421	Deletion	19432
2R	9142088	9142160	Deletion	72
2R	9144588	9142159	Deletion	2429
2R	9144589	9144683	Deletion	94
2R	9162878	9162644	Deletion	234
2R	9178196	9177939	Deletion	257
2R	9282241	9271550	Deletion	10691
2R	9308819	9289793	Deletion	19026
2R	9326736	9315658	Deletion	11078
2R	9328892	9328547	Deletion	345
2R	9351096	9340948	Deletion	10148
2R	9425157	9421477	Deletion	3680
2R	9432186	9427587	Deletion	4599
2R	9497880	9492118	Deletion	5762
2R	9506747	9499421	Deletion	7326
2R	9535790	9526613	Deletion	9177
2R	9565272	9540097	Deletion	25175
2R	9565275	9565310	Deletion	35
2R	9570384	9567606	Deletion	2778
2R	9590986	9586453	Deletion	4533
2R	9620946	9617264	Deletion	3682
2R	9626541	9626197	Deletion	344
2R	9648264	9643146	Deletion	5118
2R	9670788	9662455	Deletion	8333
2R	9682747	9682696	Deletion	51
2R	9703465	9703583	Deletion	118
2R	9742265	9741285	Deletion	980
2R	9764248	9764186	Deletion	62
2R	9782978	9781254	Deletion	1724
2R	9793064	9790834	Deletion	2230
2R	9799561	9799505	Deletion	56
2R	9802784	9802316	Deletion	468
2R	9851382	9850703	Deletion	679
2R	9853992	9853707	Deletion	285
2R	9856976	9857048	Deletion	72
2R	9895384	9888888	Deletion	6496
2R	9922153	9921067	Deletion	1086
2R	9922158	9922256	Deletion	98
2R	9931622	9931459	Deletion	163
2R	9936280	9933023	Deletion	3257
2R	9947309	9942269	Deletion	5040
2R	9959858	9957873	Deletion	1985
2R	9980954	9977248	Deletion	3706
2R	9985131	9985201	Deletion	70
2R	9985271	9985196	Deletion	75
2R	9986346	9986429	Deletion	83
2R	9991720	9986424	Deletion	5296
2R	9995009	9993668	Deletion	1341
2R	10018355	10016322	Deletion	2033
2R	10028422	10024590	Deletion	3832
2R	10038689	10037307	Deletion	1382
2R	10065463	10064999	Deletion	464
2R	10089554	10088715	Deletion	839
2R	10096187	10094117	Deletion	2070
2R	10099881	10097534	Deletion	2347
2R	10214510	10207994	Deletion	6516
2R	10222770	10221383	Deletion	1387
2R	10256582	10237837	Deletion	18745
2R	10261743	10259231	Deletion	2512
2R	10335784	10335895	Deletion	111
2R	10347040	10335892	Deletion	11148
2R	10430460	10429781	Deletion	679
2R	10464081	10462407	Deletion	1674
2R	10475800	10475741	Deletion	59
2R	10476932	10476123	Deletion	809
2R	10565009	10564455	Deletion	554
2R	10568625	10568559	Deletion	66
2R	10569474	10569381	Deletion	93
2R	10578566	10576987	Deletion	1579
2R	10622407	10615322	Deletion	7085
2R	10657864	10646536	Deletion	11328
2R	10711722	10690651	Deletion	21071
2R	10730555	10726840	Deletion	3715
2R	10733642	10733711	Deletion	69
2R	10733648	10733708	Deletion	60
2R	10734057	10733709	Deletion	348
2R	10748408	10747837	Deletion	571
2R	10757513	10754619	Deletion	2894
2R	10763240	10762648	Deletion	592
2R	10777471	10774892	Deletion	2579
2R	10828945	10804778	Deletion	24167
2R	10831069	10829596	Deletion	1473
2R	10857877	10852454	Deletion	5423
2R	10871241	10870804	Deletion	437
2R	10929097	10925303	Deletion	3794
2R	10935140	10935240	Deletion	100
2R	10935541	10935232	Deletion	309
2R	10973457	10966052	Deletion	7405
2R	10979900	10977512	Deletion	2388
2R	10987028	10987065	Deletion	37
2R	10989639	10987064	Deletion	2575
2R	10989641	10989731	Deletion	90
2R	11034204	11033653	Deletion	551
2R	11085231	11085007	Deletion	224
2R	11087858	11087687	Deletion	171
2R	11091355	11091213	Deletion	142
2R	11096325	11094170	Deletion	2155
2R	11145939	11145163	Deletion	776
2R	11167879	11163257	Deletion	4622
2R	11176942	11174322	Deletion	2620
2R	11201508	11201362	Deletion	146
2R	11224087	11224200	Deletion	113
2R	11231854	11231695	Deletion	159
2R	11274619	11269883	Deletion	4736
2R	11316807	11309823	Deletion	6984
2R	11319725	11319648	Deletion	77
2R	11340458	11339504	Deletion	954
2R	11351155	11349526	Deletion	1629
2R	11365871	11357964	Deletion	7907
2R	11369244	11366022	Deletion	3222
2R	11369374	11369296	Deletion	78
2R	11377560	11369405	Deletion	8155
2R	11409498	11398551	Deletion	10947
2R	11409591	11409542	Deletion	49
2R	11409592	11409634	Deletion	42
2R	11409594	11409683	Deletion	89
2R	11470438	11470072	Deletion	366
2R	11503758	11499269	Deletion	4489
2R	11514529	11511489	Deletion	3040
2R	11528103	11526723	Deletion	1380
2R	11565798	11562547	Deletion	3251
2R	11595528	11588623	Deletion	6905
2R	11645285	11644453	Deletion	832
2R	11674242	11656634	Deletion	17608
2R	11678486	11677564	Deletion	922
2R	11714917	11711613	Deletion	3304
2R	11750374	11749723	Deletion	651
2R	11791421	11791520	Deletion	99
2R	11792723	11791522	Deletion	1201
2R	11809513	11808926	Deletion	587
2R	11812670	11811860	Deletion	810
2R	11830349	11826259	Deletion	4090
2R	11846666	11846778	Deletion	112
2R	11848364	11846776	Deletion	1588
2R	11869744	11858723	Deletion	11021
2R	11876097	11875891	Deletion	206
2R	11928100	11922703	Deletion	5397
2R	11929794	11928326	Deletion	1468
2R	11953403	11953349	Deletion	54
2R	11969828	11958212	Deletion	11616
2R	11975636	11971752	Deletion	3884
2R	12000110	12000220	Deletion	110
2R	12007711	12007078	Deletion	633
2R	12023312	12021834	Deletion	1478
2R	12052573	12041590	Deletion	10983
2R	12059254	12059328	Deletion	74
2R	12060702	12059325	Deletion	1377
2R	12087656	12087713	Deletion	57
2R	12094661	12090103	Deletion	4558
2R	12109710	12109481	Deletion	229
2R	12145742	12145859	Deletion	117
2R	12153661	12145862	Deletion	7799
2R	12162627	12158428	Deletion	4199
2R	12191975	12191480	Deletion	495
2R	12225930	12221487	Deletion	4443
2R	12254836	12254883	Deletion	47
2R	12297816	12283131	Deletion	14685
2R	12331490	12319628	Deletion	11862
2R	12352741	12332248	Deletion	20493
2R	12358042	12358136	Deletion	94
2R	12383095	12358135	Deletion	24960
2R	12399138	12392632	Deletion	6506
2R	12418776	12405095	Deletion	13681
2R	12421052	12421097	Deletion	45
2R	12467399	12421094	Deletion	46305
2R	12467401	12467484	Deletion	83
2R	12468194	12468134	Deletion	60
2R	12468207	12468279	Deletion	72
2R	12480182	12468313	Deletion	11869
2R	12481055	12480986	Deletion	69
2R	12576375	12572797	Deletion	3578
2R	12579374	12579421	Deletion	47
2R	12631817	12631864	Deletion	47
2R	12634170	12631859	Deletion	2311
2R	12644486	12644568	Deletion	82
2R	12653619	12645590	Deletion	8029
2R	12666781	12666582	Deletion	199
2R	12733080	12729754	Deletion	3326
2R	12742862	12742490	Deletion	372
2R	12749201	12747077	Deletion	2124
2R	12752627	12751203	Deletion	1424
2R	12762395	12762275	Deletion	120
2R	12776273	12772820	Deletion	3453
2R	12881027	12874358	Deletion	6669
2R	12881032	12881131	Deletion	99
2R	12897576	12893398	Deletion	4178
2R	12908442	12904064	Deletion	4378
2R	12918449	12918012	Deletion	437
2R	12928359	12928298	Deletion	61
2R	12944381	12943024	Deletion	1357
2R	12997432	12956006	Deletion	41426
2R	13002743	12997757	Deletion	4986
2R	13035207	13033819	Deletion	1388
2R	13046485	13046528	Deletion	43
2R	13046816	13046523	Deletion	293
2R	13049767	13049878	Deletion	111
2R	13052755	13051718	Deletion	1037
2R	13060281	13060324	Deletion	43
2R	13168537	13168323	Deletion	214
2R	13185568	13169711	Deletion	15857
2R	13196597	13188705	Deletion	7892
2R	13196601	13196659	Deletion	58
2R	13238684	13233354	Deletion	5330
2R	13240814	13240721	Deletion	93
2R	13242056	13241828	Deletion	228
2R	13272864	13247721	Deletion	25143
2R	13274367	13273938	Deletion	429
2R	13367038	13358777	Deletion	8261
2R	13448728	13444314	Deletion	4414
2R	13484242	13450350	Deletion	33892
2R	13487138	13486961	Deletion	177
2R	13496891	13490862	Deletion	6029
2R	13549694	13539093	Deletion	10601
2R	13555745	13551748	Deletion	3997
2R	13557438	13557165	Deletion	273
2R	13577094	13565382	Deletion	11712
2R	13612006	13600921	Deletion	11085
2R	13629742	13629090	Deletion	652
2R	13700430	13698305	Deletion	2125
2R	13719700	13718643	Deletion	1057
2R	13719705	13719771	Deletion	66
2R	13751778	13751885	Deletion	107
2R	13758897	13751884	Deletion	7013
2R	13774191	13773876	Deletion	315
2R	13843536	13829728	Deletion	13808
2R	13873528	13873644	Deletion	116
2R	13892454	13889179	Deletion	3275
2R	13914463	13914549	Deletion	86
2R	13921221	13914550	Deletion	6671
2R	13921222	13921272	Deletion	50
2R	13932553	13929935	Deletion	2618
2R	13932662	13932718	Deletion	56
2R	13932816	13932715	Deletion	101
2R	13947737	13947360	Deletion	377
2R	14023328	14012818	Deletion	10510
2R	14032661	14032177	Deletion	484
2R	14074254	14072399	Deletion	1855
2R	14074749	14074870	Deletion	121
2R	14080612	14074867	Deletion	5745
2R	14080613	14080706	Deletion	93
2R	14135109	14135052	Deletion	57
2R	14158089	14158145	Deletion	56
2R	14245545	14241418	Deletion	4127
2R	14255976	14255508	Deletion	468
2R	14260384	14256757	Deletion	3627
2R	14285096	14281165	Deletion	3931
2R	14328547	14325700	Deletion	2847
2R	14335595	14333797	Deletion	1798
2R	14379078	14375038	Deletion	4040
2R	14387986	14387810	Deletion	176
2R	14394309	14393744	Deletion	565
2R	14417235	14412549	Deletion	4686
2R	14441332	14434202	Deletion	7130
2R	14448997	14447117	Deletion	1880
2R	14484784	14484867	Deletion	83
2R	14512101	14505125	Deletion	6976
2R	14531557	14520529	Deletion	11028
2R	14551564	14545766	Deletion	5798
2R	14569504	14567077	Deletion	2427
2R	14570688	14570585	Deletion	103
2R	14596306	14596230	Deletion	76
2R	14626248	14626173	Deletion	75
2R	14629588	14627657	Deletion	1931
2R	14630664	14630766	Deletion	102
2R	14631982	14630769	Deletion	1213
2R	14679800	14679878	Deletion	78
2R	14702782	14695922	Deletion	6860
2R	14769157	14751659	Deletion	17498
2R	14782294	14781701	Deletion	593
2R	14810949	14808506	Deletion	2443
2R	14826109	14811828	Deletion	14281
2R	14870619	14868051	Deletion	2568
2R	14892205	14892303	Deletion	98
2R	14941217	14940392	Deletion	825
2R	14948320	14947848	Deletion	472
2R	14969097	14961599	Deletion	7498
2R	14975540	14973113	Deletion	2427
2R	14990655	14989416	Deletion	1239
2R	15010508	15009071	Deletion	1437
2R	15035979	15035774	Deletion	205
2R	15049683	15047960	Deletion	1723
2R	15105346	15094454	Deletion	10892
2R	15138606	15138502	Deletion	104
2R	15182697	15162701	Deletion	19996
2R	15182698	15182787	Deletion	89
2R	15203148	15202035	Deletion	1113
2R	15212400	15212335	Deletion	65
2R	15227793	15217841	Deletion	9952
2R	15259763	15257801	Deletion	1962
2R	15298770	15298689	Deletion	81
2R	15301734	15300945	Deletion	789
2R	15357218	15357282	Deletion	64
2R	15372947	15357278	Deletion	15669
2R	15377931	15373015	Deletion	4916
2R	15381388	15381303	Deletion	85
2R	15402292	15402103	Deletion	189
2R	15426035	15424778	Deletion	1257
2R	15427331	15427278	Deletion	53
2R	15452327	15452371	Deletion	44
2R	15488247	15461790	Deletion	26457
2R	15494068	15488869	Deletion	5199
2R	15499591	15496692	Deletion	2899
2R	15507805	15507708	Deletion	97
2R	15513311	15511187	Deletion	2124
2R	15513315	15513383	Deletion	68
2R	15534874	15529261	Deletion	5613
2R	15548951	15548986	Deletion	35
2R	15575596	15573596	Deletion	2000
2R	15589936	15587473	Deletion	2463
2R	15590768	15590464	Deletion	304
2R	15598775	15590808	Deletion	7967
2R	15614084	15599558	Deletion	14526
2R	15627264	15627098	Deletion	166
2R	15652528	15645451	Deletion	7077
2R	15658240	15654102	Deletion	4138
2R	15660757	15660789	Deletion	32
2R	15662743	15660788	Deletion	1955
2R	15676423	15675532	Deletion	891
2R	15687177	15686978	Deletion	199
2R	15711185	15709338	Deletion	1847
2R	15715160	15715215	Deletion	55
2R	15725756	15715214	Deletion	10542
2R	15725758	15725792	Deletion	34
2R	15743011	15728884	Deletion	14127
2R	15758101	15756513	Deletion	1588
2R	15785355	15775293	Deletion	10062
2R	15793697	15792746	Deletion	951
2R	15813713	15813773	Deletion	60
2R	15814698	15813771	Deletion	927
2R	15829532	15829421	Deletion	111
2R	15840508	15834167	Deletion	6341
2R	15855209	15853635	Deletion	1574
2R	15877262	15877201	Deletion	61
2R	15883439	15883552	Deletion	113
2R	15891621	15883550	Deletion	8071
2R	15908361	15907297	Deletion	1064
2R	15908365	15908465	Deletion	100
2R	15985233	15985268	Deletion	35
2R	15989273	15985263	Deletion	4010
2R	16083370	16078689	Deletion	4681
2R	16088043	16087235	Deletion	808
2R	16119867	16119144	Deletion	723
2R	16122485	16121584	Deletion	901
2R	16141234	16138694	Deletion	2540
2R	16192014	16191573	Deletion	441
2R	16202124	16201528	Deletion	596
2R	16203755	16203829	Deletion	74
2R	16203792	16203828	Deletion	36
2R	16206631	16203830	Deletion	2801
2R	16206632	16206684	Deletion	52
2R	16206633	16206736	Deletion	103
2R	16206637	16206721	Deletion	84
2R	16227086	16217321	Deletion	9765
2R	16255883	16249208	Deletion	6675
2R	16261423	16260614	Deletion	809
2R	16283576	16276972	Deletion	6604
2R	16312587	16301239	Deletion	11348
2R	16316171	16313771	Deletion	2400
2R	16323515	16321731	Deletion	1784
2R	16324766	16324878	Deletion	112
2R	16329609	16324881	Deletion	4728
2R	16347997	16335042	Deletion	12955
2R	16370896	16369169	Deletion	1727
2R	16386717	16383037	Deletion	3680
2R	16390748	16389942	Deletion	806
2R	16403098	16391306	Deletion	11792
2R	16424765	16424007	Deletion	758
2R	16424767	16424847	Deletion	80
2R	16446287	16445825	Deletion	462
2R	16455463	16454399	Deletion	1064
2R	16479304	16479201	Deletion	103
2R	16578974	16578388	Deletion	586
2R	16651115	16638206	Deletion	12909
2R	16688039	16687840	Deletion	199
2R	16710716	16710826	Deletion	110
2R	16711103	16710818	Deletion	285
2R	16719674	16719709	Deletion	35
2R	16721100	16719707	Deletion	1393
2R	16732335	16732404	Deletion	69
2R	16732757	16732400	Deletion	357
2R	16758959	16745000	Deletion	13959
2R	16769450	16764639	Deletion	4811
2R	16779176	16778543	Deletion	633
2R	16826196	16823572	Deletion	2624
2R	16845966	16843093	Deletion	2873
2R	16851056	16848053	Deletion	3003
2R	16900635	16892832	Deletion	7803
2R	16923663	16920913	Deletion	2750
2R	16947199	16946876	Deletion	323
2R	16966390	16965487	Deletion	903
2R	16977867	16976381	Deletion	1486
2R	17001057	16999892	Deletion	1165
2R	17016258	17006345	Deletion	9913
2R	17019789	17019473	Deletion	316
2R	17031410	17026285	Deletion	5125
2R	17031412	17031523	Deletion	111
2R	17093435	17090978	Deletion	2457
2R	17104857	17095861	Deletion	8996
2R	17115240	17109465	Deletion	5775
2R	17166504	17164446	Deletion	2058
2R	17166506	17166622	Deletion	116
2R	17181559	17181626	Deletion	67
2R	17188484	17188569	Deletion	85
2R	17201213	17188565	Deletion	12648
2R	17203102	17203140	Deletion	38
2R	17262584	17262684	Deletion	100
2R	17263695	17262681	Deletion	1014
2R	17279861	17278627	Deletion	1234
2R	17324181	17323622	Deletion	559
2R	17325768	17325462	Deletion	306
2R	17339898	17338274	Deletion	1624
2R	17460688	17458993	Deletion	1695
2R	17499866	17497027	Deletion	2839
2R	17546971	17537647	Deletion	9324
2R	17650681	17647241	Deletion	3440
2R	17657262	17652704	Deletion	4558
2R	17686045	17682141	Deletion	3904
2R	17690191	17687205	Deletion	2986
2R	17692733	17692360	Deletion	373
2R	17772090	17765438	Deletion	6652
2R	17815983	17813638	Deletion	2345
2R	17866497	17866538	Deletion	41
2R	17869366	17866534	Deletion	2832
2R	17888857	17888913	Deletion	56
2R	17910578	17902399	Deletion	8179
2R	17940037	17927970	Deletion	12067
2R	17956019	17950734	Deletion	5285
2R	17966061	17965920	Deletion	141
2R	17976624	17976391	Deletion	233
2R	17976639	17976682	Deletion	43
2R	17976814	17976754	Deletion	60
2R	17997277	17996083	Deletion	1194
2R	18028585	18028517	Deletion	68
2R	18040550	18036576	Deletion	3974
2R	18049344	18049081	Deletion	263
2R	18105915	18094937	Deletion	10978
2R	18122697	18122760	Deletion	63
2R	18136223	18129071	Deletion	7152
2R	18136226	18136260	Deletion	34
2R	18178138	18178248	Deletion	110
2R	18179020	18178247	Deletion	773
2R	18179021	18179074	Deletion	53
2R	18181747	18180978	Deletion	769
2R	18238172	18223037	Deletion	15135
2R	18250692	18241490	Deletion	9202
2R	18277595	18276898	Deletion	697
2R	18298108	18296754	Deletion	1354
2R	18339146	18334788	Deletion	4358
2R	18436884	18435358	Deletion	1526
2R	18436886	18436939	Deletion	53
2R	18447834	18447771	Deletion	63
2R	18522437	18521941	Deletion	496
2R	18526171	18525464	Deletion	707
2R	18561766	18560009	Deletion	1757
2R	18567035	18566960	Deletion	75
2R	18575562	18575343	Deletion	219
2R	18588101	18587048	Deletion	1053
2R	18588105	18588186	Deletion	81
2R	18631163	18609404	Deletion	21759
2R	18661256	18660960	Deletion	296
2R	18662264	18661824	Deletion	440
2R	18713601	18699904	Deletion	13697
2R	18743341	18743271	Deletion	70
2R	18743347	18743431	Deletion	84
2R	18766459	18766495	Deletion	36
2R	18766759	18766491	Deletion	268
2R	18772795	18772740	Deletion	55
2R	18815422	18811266	Deletion	4156
2R	18824300	18821638	Deletion	2662
2R	18845326	18844682	Deletion	644
2R	18876420	18876529	Deletion	109
2R	18876642	18876526	Deletion	116
2R	18925295	18920965	Deletion	4330
2R	18943535	18939000	Deletion	4535
2R	19070606	19069258	Deletion	1348
2R	19092639	19090250	Deletion	2389
2R	19135009	19134706	Deletion	303
2R	19148024	19146199	Deletion	1825
2R	19169669	19166883	Deletion	2786
2R	19191246	19178259	Deletion	12987
2R	19208412	19206709	Deletion	1703
2R	19260033	19251146	Deletion	8887
2R	19306672	19306473	Deletion	199
2R	19333287	19325769	Deletion	7518
2R	19333288	19333383	Deletion	95
2R	19344805	19344540	Deletion	265
2R	19348137	19347258	Deletion	879
2R	19381452	19378149	Deletion	3303
2R	19387539	19387634	Deletion	95
2R	19389013	19387631	Deletion	1382
2R	19389016	19389111	Deletion	95
2R	19401166	19394606	Deletion	6560
2R	19401167	19401200	Deletion	33
2R	19404146	19403817	Deletion	329
2R	19417559	19414345	Deletion	3214
2R	19451468	19445716	Deletion	5752
2R	19471956	19452932	Deletion	19024
2R	19499646	19499759	Deletion	113
2R	19524410	19524360	Deletion	50
2R	19555239	19552096	Deletion	3143
2R	19578013	19577877	Deletion	136
2R	19621313	19621193	Deletion	120
2R	19641479	19637793	Deletion	3686
2R	19658685	19658191	Deletion	494
2R	19679022	19673166	Deletion	5856
2R	19706619	19701603	Deletion	5016
2R	19724991	19725079	Deletion	88
2R	19728699	19726376	Deletion	2323
2R	19813109	19813034	Deletion	75
2R	19826029	19826121	Deletion	92
2R	19828497	19826117	Deletion	2380
2R	19899561	19897800	Deletion	1761
2R	19929073	19927277	Deletion	1796
2R	19952003	19951496	Deletion	507
2R	19957493	19955180	Deletion	2313
2R	19972405	19972468	Deletion	63
2R	19974116	19974011	Deletion	105
2R	19988174	19988281	Deletion	107
2R	19988826	19988279	Deletion	547
2R	19989515	19989568	Deletion	53
2R	20005288	19989567	Deletion	15721
2R	20005292	20005393	Deletion	101
2R	20019782	20014802	Deletion	4980
2R	20033876	20026264	Deletion	7612
2R	20042664	20042719	Deletion	55
2R	20057193	20057292	Deletion	99
2R	20090285	20090227	Deletion	58
2R	20106086	20105196	Deletion	890
2R	20115624	20115670	Deletion	46
2R	20153601	20151358	Deletion	2243
2R	20158252	20158110	Deletion	142
2R	20158833	20158737	Deletion	96
2R	20229026	20228821	Deletion	205
2R	20229028	20229111	Deletion	83
2R	20232877	20231714	Deletion	1163
2R	20255905	20249643	Deletion	6262
2R	20277304	20277063	Deletion	241
2R	20277308	20277376	Deletion	68
2R	20283460	20281755	Deletion	1705
2R	20308180	20308223	Deletion	43
2R	20324459	20322744	Deletion	1715
2R	20337023	20337139	Deletion	116
2R	20341606	20337134	Deletion	4472
2R	20399167	20398549	Deletion	618
2R	20403764	20403837	Deletion	73
2R	20411290	20403836	Deletion	7454
2R	20463358	20461402	Deletion	1956
2R	20483568	20472739	Deletion	10829
2R	20485704	20485744	Deletion	40
2R	20485924	20485743	Deletion	181
2R	20485925	20485970	Deletion	45
2R	20485928	20486011	Deletion	83
2R	20541540	20540228	Deletion	1312
2R	20567690	20567791	Deletion	101
2R	20567841	20567789	Deletion	52
2R	20572639	20572754	Deletion	115
2R	20572994	20572753	Deletion	241
2R	20597175	20586321	Deletion	10854
2R	20661876	20659260	Deletion	2616
2R	20720759	20720223	Deletion	536
2R	20747138	20747216	Deletion	78
2R	20808781	20797868	Deletion	10913
2R	20840010	20838641	Deletion	1369
2R	20847880	20847937	Deletion	57
2R	20848905	20847935	Deletion	970
2R	20848906	20848976	Deletion	70
2R	20875327	20860602	Deletion	14725
2R	20881774	20879842	Deletion	1932
2R	20923572	20917496	Deletion	6076
2R	20933096	20924554	Deletion	8542
2R	20935120	20934869	Deletion	251
2R	20953604	20951466	Deletion	2138
2R	20973464	20973525	Deletion	61
2R	20975327	20973521	Deletion	1806
2R	20979349	20977690	Deletion	1659
2R	20991778	20991833	Deletion	55
2R	20991779	20991876	Deletion	97
2R	20996578	20996411	Deletion	167
2R	21013342	21002433	Deletion	10909
2R	21046669	21046591	Deletion	78
2R	21055264	21054317	Deletion	947
2R	21078322	21078166	Deletion	156
2R	21099244	21097739	Deletion	1505
2R	21120424	21120536	Deletion	112
2R	21223124	21223030	Deletion	94
2R	21271486	21269007	Deletion	2479
2R	21302897	21302143	Deletion	754
2R	21308782	21308887	Deletion	105
2R	21312159	21308884	Deletion	3275
2R	21322531	21321355	Deletion	1176
2R	21327730	21323809	Deletion	3921
2R	21335827	21328692	Deletion	7135
2R	21341174	21340962	Deletion	212
2R	21374763	21365683	Deletion	9080
2R	21398187	21395623	Deletion	2564
2R	21413960	21398896	Deletion	15064
2R	21414499	21414009	Deletion	490
2R	21434451	21426669	Deletion	7782
2R	21446688	21446811	Deletion	123
2R	21463758	21459452	Deletion	4306
2R	21467008	21466779	Deletion	229
2R	21471457	21469161	Deletion	2296
2R	21487716	21487038	Deletion	678
2R	21549496	21541579	Deletion	7917
2R	21550752	21550170	Deletion	582
2R	21569465	21569584	Deletion	119
2R	21572467	21571788	Deletion	679
2R	21628080	21628112	Deletion	32
2R	21707544	21707310	Deletion	234
2R	21716402	21716519	Deletion	117
2R	21733160	21733028	Deletion	132
2R	21736243	21736295	Deletion	52
2R	21790855	21787825	Deletion	3030
2R	21809237	21809171	Deletion	66
2R	21835527	21833989	Deletion	1538
2R	21840572	21839394	Deletion	1178
2R	21863163	21843064	Deletion	20099
2R	21870999	21871095	Deletion	96
2R	21871712	21871091	Deletion	621
2R	21944670	21897568	Deletion	47102
2R	21944671	21944773	Deletion	102
2R	22003298	22003134	Deletion	164
2R	22012265	22011713	Deletion	552
2R	22040404	22013054	Deletion	27350
2R	22042012	22041900	Deletion	112
2R	22050643	22050488	Deletion	155
2R	22074897	22073359	Deletion	1538
2R	22081805	22081742	Deletion	63
2R	22086596	22084924	Deletion	1672
2R	22145501	22140220	Deletion	5281
2R	22169708	22169510	Deletion	198
2R	22180181	22175418	Deletion	4763
2R	22247905	22246442	Deletion	1463
2R	22261171	22253889	Deletion	7282
2R	22368804	22368245	Deletion	559
2R	22372976	22372915	Deletion	61
2R	22376147	22373980	Deletion	2167
2R	22429775	22420434	Deletion	9341
2R	22429872	22429965	Deletion	93
2R	22430516	22429962	Deletion	554
2R	22455453	22455492	Deletion	39
2R	22460116	22455489	Deletion	4627
2R	22520441	22519721	Deletion	720
2R	22548372	22538604	Deletion	9768
2R	22559228	22557051	Deletion	2177
2R	22563595	22561256	Deletion	2339
2R	22573420	22572901	Deletion	519
2R	22622850	22620144	Deletion	2706
2R	22675939	22675978	Deletion	39
2R	22695872	22695805	Deletion	67
2R	22703989	22701851	Deletion	2138
2R	22729584	22722338	Deletion	7246
2R	22739462	22738934	Deletion	528
2R	22764128	22764173	Deletion	45
2R	22767937	22764170	Deletion	3767
2R	22794739	22793534	Deletion	1205
2R	22801706	22800760	Deletion	946
2R	22802351	22802263	Deletion	88
2R	22803904	22802412	Deletion	1492
2R	22823256	22820107	Deletion	3149
2R	22842712	22837731	Deletion	4981
2R	22876230	22876277	Deletion	47
2R	22891687	22882782	Deletion	8905
2R	22891690	22891743	Deletion	53
2R	22930572	22930416	Deletion	156
2R	22946469	22946313	Deletion	156
2R	22972809	22970278	Deletion	2531
2R	22983445	22983072	Deletion	373
2R	23038284	23035470	Deletion	2814
2R	23068489	23046334	Deletion	22155
2R	23078875	23078404	Deletion	471
2R	23092464	23089280	Deletion	3184
2R	23123606	23104705	Deletion	18901
2R	23136815	23136234	Deletion	581
2R	23164899	23164058	Deletion	841
2R	23224398	23224484	Deletion	86
2R	23224434	23224482	Deletion	48
2R	23225024	23224479	Deletion	545
2R	23237649	23237598	Deletion	51
2R	23249857	23249604	Deletion	253
2R	23250980	23250795	Deletion	185
2R	23273833	23273871	Deletion	38
2R	23274973	23273866	Deletion	1107
2R	23286125	23285499	Deletion	626
2R	23288290	23288337	Deletion	47
2R	23289299	23288338	Deletion	961
2R	23289300	23289348	Deletion	48
2R	23311511	23311251	Deletion	260
2R	23343872	23341423	Deletion	2449
2R	23378154	23374571	Deletion	3583
2R	23380212	23380065	Deletion	147
2R	23405454	23405523	Deletion	69
2R	23448487	23440247	Deletion	8240
2R	23464372	23463656	Deletion	716
2R	23512979	23495911	Deletion	17068
2R	23547531	23537016	Deletion	10515
2R	23554357	23550844	Deletion	3513
2R	23563030	23561474	Deletion	1556
2R	23579143	23575659	Deletion	3484
2R	23599127	23596944	Deletion	2183
2R	23599145	23599225	Deletion	80
2R	23599187	23599267	Deletion	80
2R	23609029	23609095	Deletion	66
2R	23622323	23621917	Deletion	406
2R	23634342	23631002	Deletion	3340
2R	23641937	23640990	Deletion	947
2R	23643018	23642920	Deletion	98
2R	23648852	23648901	Deletion	49
2R	23648950	23648899	Deletion	51
2R	23724713	23720898	Deletion	3815
2R	23724714	23724761	Deletion	47
2R	23727235	23727341	Deletion	106
2R	23736073	23734206	Deletion	1867
2R	23741006	23740508	Deletion	498
2R	23766883	23765522	Deletion	1361
2R	23795644	23795449	Deletion	195
2R	23841692	23835509	Deletion	6183
2R	23869203	23867218	Deletion	1985
2R	23869207	23869251	Deletion	44
2R	23871453	23870984	Deletion	469
2R	23878305	23878027	Deletion	278
2R	23898772	23898574	Deletion	198
2R	23909505	23909370	Deletion	135
2R	24019383	24017466	Deletion	1917
2R	24038073	24027007	Deletion	11066
2R	24049214	24047732	Deletion	1482
2R	24057003	24053626	Deletion	3377
2R	24069087	24068963	Deletion	124
2R	24085418	24084482	Deletion	936
2R	24120231	24115235	Deletion	4996
2R	24120236	24120298	Deletion	62
2R	24128227	24124318	Deletion	3909
2R	24155473	24155571	Deletion	98
2R	24163055	24162296	Deletion	759
2R	24165578	24164599	Deletion	979
2R	24189425	24186381	Deletion	3044
2R	24204800	24197128	Deletion	7672
2R	24276243	24276304	Deletion	61
2R	24325819	24320020	Deletion	5799
2R	24341051	24340696	Deletion	355
2R	24376369	24376057	Deletion	312
2R	24381636	24381548	Deletion	88
2R	24431376	24428510	Deletion	2866
2R	24469689	24453402	Deletion	16287
2R	24476762	24476545	Deletion	217
2R	24482048	24477369	Deletion	4679
2R	24502822	24491063	Deletion	11759
2R	24516313	24516361	Deletion	48
2R	24519119	24518525	Deletion	594
2R	24521246	24521137	Deletion	109
2R	24528015	24523076	Deletion	4939
2R	24571798	24570655	Deletion	1143
2R	24668753	24667703	Deletion	1050
2R	24678674	24669207	Deletion	9467
2R	24683348	24683264	Deletion	84
2R	24698393	24687576	Deletion	10817
2R	24701471	24699763	Deletion	1708
2R	24738780	24738581	Deletion	199
2R	24742454	24741611	Deletion	843
2R	24780408	24765465	Deletion	14943
2R	24856599	24851247	Deletion	5352
2R	24874502	24872113	Deletion	2389
2R	24902334	24874691	Deletion	27643
2R	24922862	24907077	Deletion	15785
2R	24989656	24988718	Deletion	938
2R	25000628	24995545	Deletion	5083
2R	25019418	25018787	Deletion	631
2R	25024597	25024540	Deletion	57
2R	25028751	25025347	Deletion	3404
2R	25109868	25105652	Deletion	4216
2R	25124611	25123569	Deletion	1042
2R	25136827	25135536	Deletion	1291
2R	25185472	25185548	Deletion	76
2R	25188135	25185545	Deletion	2590
2R	25279388	25279291	Deletion	97
3L	47056	39439	Deletion	7617
3L	47571	47412	Deletion	159
3L	49689	48983	Deletion	706
3L	69124	69031	Deletion	93
3L	86582	85046	Deletion	1536
3L	128199	124195	Deletion	4004
3L	129181	128974	Deletion	207
3L	136395	136286	Deletion	109
3L	181886	181987	Deletion	101
3L	185700	181986	Deletion	3714
3L	199244	198954	Deletion	290
3L	205546	205395	Deletion	151
3L	253194	250496	Deletion	2698
3L	261817	261587	Deletion	230
3L	285629	282917	Deletion	2712
3L	292307	292407	Deletion	100
3L	435698	415247	Deletion	20451
3L	475667	471002	Deletion	4665
3L	504497	503824	Deletion	673
3L	560713	551687	Deletion	9026
3L	580922	580546	Deletion	376
3L	580926	580979	Deletion	53
3L	580928	581015	Deletion	87
3L	582998	581593	Deletion	1405
3L	590316	584964	Deletion	5352
3L	695878	694511	Deletion	1367
3L	700469	696556	Deletion	3913
3L	752086	747164	Deletion	4922
3L	754903	754455	Deletion	448
3L	786170	784915	Deletion	1255
3L	786171	786222	Deletion	51
3L	786172	786271	Deletion	99
3L	812784	804555	Deletion	8229
3L	828896	826070	Deletion	2826
3L	882263	880899	Deletion	1364
3L	914855	914455	Deletion	400
3L	959296	959237	Deletion	59
3L	1070713	1068851	Deletion	1862
3L	1091631	1091475	Deletion	156
3L	1109140	1100808	Deletion	8332
3L	1125766	1125624	Deletion	142
3L	1139762	1132302	Deletion	7460
3L	1213084	1203641	Deletion	9443
3L	1230495	1227907	Deletion	2588
3L	1237601	1230625	Deletion	6976
3L	1287836	1287915	Deletion	79
3L	1311537	1310993	Deletion	544
3L	1320956	1319459	Deletion	1497
3L	1348138	1345835	Deletion	2303
3L	1404479	1391060	Deletion	13419
3L	1436237	1435540	Deletion	697
3L	1550679	1541407	Deletion	9272
3L	1627465	1616594	Deletion	10871
3L	1680357	1680154	Deletion	203
3L	1690669	1683842	Deletion	6827
3L	1719089	1705560	Deletion	13529
3L	1730641	1730350	Deletion	291
3L	1788936	1784615	Deletion	4321
3L	1798600	1798536	Deletion	64
3L	1807107	1805736	Deletion	1371
3L	1879825	1868272	Deletion	11553
3L	1883530	1883461	Deletion	69
3L	1903916	1903622	Deletion	294
3L	1903920	1903949	Deletion	29
3L	1918555	1912577	Deletion	5978
3L	1926936	1924933	Deletion	2003
3L	1939522	1936825	Deletion	2697
3L	1964645	1964531	Deletion	114
3L	1964650	1964755	Deletion	105
3L	1977635	1967059	Deletion	10576
3L	1977638	1977741	Deletion	103
3L	1983321	1982971	Deletion	350
3L	1999879	1999317	Deletion	562
3L	2113236	2113274	Deletion	38
3L	2140495	2138543	Deletion	1952
3L	2158737	2145141	Deletion	13596
3L	2179227	2178324	Deletion	903
3L	2201057	2200976	Deletion	81
3L	2217485	2217496	Deletion	11
3L	2218865	2217579	Deletion	1286
3L	2228087	2225338	Deletion	2749
3L	2234956	2233753	Deletion	1203
3L	2334029	2334089	Deletion	60
3L	2337836	2334091	Deletion	3745
3L	2373670	2370123	Deletion	3547
3L	2376082	2373745	Deletion	2337
3L	2392435	2392532	Deletion	97
3L	2438258	2436110	Deletion	2148
3L	2528293	2528359	Deletion	66
3L	2540055	2528357	Deletion	11698
3L	2554777	2554868	Deletion	91
3L	2574411	2554865	Deletion	19546
3L	2587575	2587136	Deletion	439
3L	2601789	2601554	Deletion	235
3L	2617451	2615025	Deletion	2426
3L	2652995	2650638	Deletion	2357
3L	2708697	2699700	Deletion	8997
3L	2722410	2722185	Deletion	225
3L	2741460	2741555	Deletion	95
3L	2743042	2741560	Deletion	1482
3L	2803504	2803623	Deletion	119
3L	2807994	2805146	Deletion	2848
3L	2825576	2820981	Deletion	4595
3L	2839235	2835396	Deletion	3839
3L	2847757	2847592	Deletion	165
3L	2847760	2847840	Deletion	80
3L	2902556	2896360	Deletion	6196
3L	2949299	2949241	Deletion	58
3L	2975974	2975803	Deletion	171
3L	2996840	2982882	Deletion	13958
3L	3003435	3001287	Deletion	2148
3L	3026608	3020388	Deletion	6220
3L	3031181	3031248	Deletion	67
3L	3076472	3076503	Deletion	31
3L	3100786	3093017	Deletion	7769
3L	3158546	3158382	Deletion	164
3L	3184604	3160269	Deletion	24335
3L	3203290	3198876	Deletion	4414
3L	3205466	3204491	Deletion	975
3L	3220919	3217784	Deletion	3135
3L	3256148	3246572	Deletion	9576
3L	3271871	3270922	Deletion	949
3L	3281816	3274603	Deletion	7213
3L	3315676	3281876	Deletion	33800
3L	3354317	3349636	Deletion	4681
3L	3394773	3391350	Deletion	3423
3L	3429027	3428219	Deletion	808
3L	3461948	3461470	Deletion	478
3L	3485842	3483346	Deletion	2496
3L	3495558	3487087	Deletion	8471
3L	3532446	3532077	Deletion	369
3L	3554209	3554048	Deletion	161
3L	3579238	3579291	Deletion	53
3L	3612153	3611972	Deletion	181
3L	3643131	3633960	Deletion	9171
3L	3650316	3643816	Deletion	6500
3L	3651229	3650393	Deletion	836
3L	3678512	3678070	Deletion	442
3L	3688950	3684843	Deletion	4107
3L	3716736	3697234	Deletion	19502
3L	3754203	3750893	Deletion	3310
3L	3759647	3757606	Deletion	2041
3L	3788394	3788465	Deletion	71
3L	3796046	3788469	Deletion	7577
3L	3822288	3821732	Deletion	556
3L	3890877	3890382	Deletion	495
3L	3902165	3893345	Deletion	8820
3L	3903483	3903564	Deletion	81
3L	3917267	3903562	Deletion	13705
3L	4002912	3961639	Deletion	41273
3L	4028368	4019002	Deletion	9366
3L	4069696	4063092	Deletion	6604
3L	4069700	4069730	Deletion	30
3L	4119494	4112517	Deletion	6977
3L	4143057	4131021	Deletion	12036
3L	4158890	4153171	Deletion	5719
3L	4184507	4181291	Deletion	3216
3L	4201174	4200413	Deletion	761
3L	4216066	4208987	Deletion	7079
3L	4216070	4216111	Deletion	41
3L	4232983	4231412	Deletion	1571
3L	4232984	4233035	Deletion	51
3L	4262587	4262649	Deletion	62
3L	4267578	4262644	Deletion	4934
3L	4274012	4274073	Deletion	61
3L	4274029	4274069	Deletion	40
3L	4274446	4274514	Deletion	68
3L	4286898	4286129	Deletion	769
3L	4293765	4292162	Deletion	1603
3L	4363202	4363293	Deletion	91
3L	4367498	4363290	Deletion	4208
3L	4372691	4371568	Deletion	1123
3L	4374618	4374554	Deletion	64
3L	4391803	4376018	Deletion	15785
3L	4422191	4422057	Deletion	134
3L	4422196	4422238	Deletion	42
3L	4533527	4530132	Deletion	3395
3L	4542698	4542362	Deletion	336
3L	4548572	4548119	Deletion	453
3L	4558459	4548628	Deletion	9831
3L	4593588	4592241	Deletion	1347
3L	4600650	4597516	Deletion	3134
3L	4600654	4600705	Deletion	51
3L	4624946	4619816	Deletion	5130
3L	4666823	4666542	Deletion	281
3L	4756733	4722433	Deletion	34300
3L	4759690	4758409	Deletion	1281
3L	4777600	4777486	Deletion	114
3L	4828770	4819576	Deletion	9194
3L	4835968	4833696	Deletion	2272
3L	4851087	4851177	Deletion	90
3L	4929139	4920086	Deletion	9053
3L	4984399	4983538	Deletion	861
3L	5010451	5006312	Deletion	4139
3L	5095601	5095537	Deletion	64
3L	5116165	5116273	Deletion	108
3L	5146922	5142259	Deletion	4663
3L	5173952	5171391	Deletion	2561
3L	5196694	5192565	Deletion	4129
3L	5246198	5242700	Deletion	3498
3L	5256141	5256247	Deletion	106
3L	5261508	5256248	Deletion	5260
3L	5261511	5261607	Deletion	96
3L	5289605	5275470	Deletion	14135
3L	5298118	5293308	Deletion	4810
3L	5325344	5308258	Deletion	17086
3L	5335649	5333748	Deletion	1901
3L	5352195	5349592	Deletion	2603
3L	5463670	5463730	Deletion	60
3L	5576287	5576377	Deletion	90
3L	5586991	5576379	Deletion	10612
3L	5606983	5602734	Deletion	4249
3L	5660112	5645204	Deletion	14908
3L	5666776	5666387	Deletion	389
3L	5807163	5800209	Deletion	6954
3L	5815142	5810363	Deletion	4779
3L	5837982	5838085	Deletion	103
3L	5843976	5838083	Deletion	5893
3L	5859633	5852570	Deletion	7063
3L	5867382	5865241	Deletion	2141
3L	5912462	5912213	Deletion	249
3L	5933411	5919367	Deletion	14044
3L	5982037	5978330	Deletion	3707
3L	6065180	6056909	Deletion	8271
3L	6072694	6072409	Deletion	285
3L	6095323	6090833	Deletion	4490
3L	6103553	6099906	Deletion	3647
3L	6110258	6109998	Deletion	260
3L	6120450	6117929	Deletion	2521
3L	6159848	6159193	Deletion	655
3L	6198674	6198762	Deletion	88
3L	6199272	6198759	Deletion	513
3L	6219100	6218998	Deletion	102
3L	6240109	6237305	Deletion	2804
3L	6242781	6241047	Deletion	1734
3L	6247585	6244000	Deletion	3585
3L	6276807	6276027	Deletion	780
3L	6290742	6290570	Deletion	172
3L	6298182	6296892	Deletion	1290
3L	6333010	6321990	Deletion	11020
3L	6440444	6439085	Deletion	1359
3L	6518202	6517185	Deletion	1017
3L	6552669	6552403	Deletion	266
3L	6559234	6559186	Deletion	48
3L	6567668	6567567	Deletion	101
3L	6567672	6567759	Deletion	87
3L	6583473	6580134	Deletion	3339
3L	6636577	6634100	Deletion	2477
3L	6652862	6644567	Deletion	8295
3L	6661024	6658617	Deletion	2407
3L	6671409	6671285	Deletion	124
3L	6679248	6672245	Deletion	7003
3L	6736318	6731609	Deletion	4709
3L	6745254	6743612	Deletion	1642
3L	6802061	6799800	Deletion	2261
3L	6811372	6805590	Deletion	5782
3L	6813478	6812938	Deletion	540
3L	6820465	6819637	Deletion	828
3L	6820469	6820508	Deletion	39
3L	6848394	6832004	Deletion	16390
3L	6855319	6855396	Deletion	77
3L	6855488	6855393	Deletion	95
3L	6855489	6855537	Deletion	48
3L	6958352	6950802	Deletion	7550
3L	6978289	6978370	Deletion	81
3L	6978536	6978372	Deletion	164
3L	7002974	7003012	Deletion	38
3L	7003071	7003008	Deletion	63
3L	7016792	7016665	Deletion	127
3L	7040144	7040243	Deletion	99
3L	7046433	7040242	Deletion	6191
3L	7046438	7046516	Deletion	78
3L	7055805	7051704	Deletion	4101
3L	7075984	7075732	Deletion	252
3L	7081623	7081009	Deletion	614
3L	7129418	7121748	Deletion	7670
3L	7197000	7183723	Deletion	13277
3L	7227643	7224677	Deletion	2966
3L	7235065	7229212	Deletion	5853
3L	7328964	7322178	Deletion	6786
3L	7335798	7331927	Deletion	3871
3L	7351700	7351255	Deletion	445
3L	7371999	7372119	Deletion	120
3L	7374746	7372117	Deletion	2629
3L	7399913	7399459	Deletion	454
3L	7438367	7429086	Deletion	9281
3L	7455691	7455394	Deletion	297
3L	7467232	7467183	Deletion	49
3L	7498834	7491928	Deletion	6906
3L	7519487	7517880	Deletion	1607
3L	7537221	7536714	Deletion	507
3L	7574322	7572465	Deletion	1857
3L	7583256	7583160	Deletion	96
3L	7621166	7621093	Deletion	73
3L	7623149	7621550	Deletion	1599
3L	7640979	7632916	Deletion	8063
3L	7640981	7641025	Deletion	44
3L	7648159	7643491	Deletion	4668
3L	7697919	7696695	Deletion	1224
3L	7787903	7787784	Deletion	119
3L	7842108	7837177	Deletion	4931
3L	7877833	7875535	Deletion	2298
3L	7907585	7905507	Deletion	2078
3L	7912361	7912096	Deletion	265
3L	7942207	7942127	Deletion	80
3L	7979330	7979251	Deletion	79
3L	7995627	7995139	Deletion	488
3L	8017946	8017362	Deletion	584
3L	8029134	8029228	Deletion	94
3L	8082667	8080721	Deletion	1946
3L	8099564	8097704	Deletion	1860
3L	8113296	8106937	Deletion	6359
3L	8131373	8124333	Deletion	7040
3L	8160047	8147842	Deletion	12205
3L	8169308	8160811	Deletion	8497
3L	8169315	8169343	Deletion	28
3L	8170500	8169415	Deletion	1085
3L	8321802	8311393	Deletion	10409
3L	8324341	8324238	Deletion	103
3L	8359342	8354843	Deletion	4499
3L	8411522	8410080	Deletion	1442
3L	8411524	8411624	Deletion	100
3L	8431919	8428067	Deletion	3852
3L	8436216	8435996	Deletion	220
3L	8436218	8436265	Deletion	47
3L	8440843	8440892	Deletion	49
3L	8447328	8440894	Deletion	6434
3L	8447330	8447410	Deletion	80
3L	8453725	8453827	Deletion	102
3L	8537742	8536092	Deletion	1650
3L	8637593	8631434	Deletion	6159
3L	8645322	8640510	Deletion	4812
3L	8663421	8663367	Deletion	54
3L	8714262	8701156	Deletion	13106
3L	8746942	8739277	Deletion	7665
3L	8746947	8747007	Deletion	60
3L	8787072	8782526	Deletion	4546
3L	8817844	8812703	Deletion	5141
3L	8842337	8842215	Deletion	122
3L	8843821	8843756	Deletion	65
3L	8873908	8873771	Deletion	137
3L	8888509	8888556	Deletion	47
3L	8895665	8895607	Deletion	58
3L	8921006	8919136	Deletion	1870
3L	8921008	8921046	Deletion	38
3L	8921915	8921749	Deletion	166
3L	8926618	8925952	Deletion	666
3L	8934458	8930705	Deletion	3753
3L	8951728	8951445	Deletion	283
3L	8994512	8993757	Deletion	755
3L	8994514	8994631	Deletion	117
3L	9006860	9000634	Deletion	6226
3L	9026056	9021245	Deletion	4811
3L	9030305	9028940	Deletion	1365
3L	9052293	9050932	Deletion	1361
3L	9071841	9066370	Deletion	5471
3L	9116416	9113441	Deletion	2975
3L	9147974	9147902	Deletion	72
3L	9199715	9196386	Deletion	3329
3L	9214064	9214152	Deletion	88
3L	9254040	9254075	Deletion	35
3L	9255180	9254072	Deletion	1108
3L	9261828	9260363	Deletion	1465
3L	9292162	9291361	Deletion	801
3L	9315831	9315875	Deletion	44
3L	9319690	9315871	Deletion	3819
3L	9320144	9320084	Deletion	60
3L	9328251	9328168	Deletion	83
3L	9357329	9356545	Deletion	784
3L	9410965	9406876	Deletion	4089
3L	9411467	9411200	Deletion	267
3L	9468940	9466519	Deletion	2421
3L	9486059	9485058	Deletion	1001
3L	9504894	9504813	Deletion	81
3L	9583306	9583164	Deletion	142
3L	9583307	9583371	Deletion	64
3L	9645693	9583981	Deletion	61712
3L	9663142	9662190	Deletion	952
3L	9702610	9700517	Deletion	2093
3L	9716000	9709781	Deletion	6219
3L	9733462	9733400	Deletion	62
3L	9781569	9777911	Deletion	3658
3L	9811750	9795479	Deletion	16271
3L	9850790	9841157	Deletion	9633
3L	9862857	9859860	Deletion	2997
3L	9880470	9874528	Deletion	5942
3L	9886447	9886506	Deletion	59
3L	9896773	9894819	Deletion	1954
3L	9913037	9912279	Deletion	758
3L	9940062	9939865	Deletion	197
3L	9940063	9940163	Deletion	100
3L	9964574	9963415	Deletion	1159
3L	9992983	9991605	Deletion	1378
3L	10079214	10078304	Deletion	910
3L	10101019	10099614	Deletion	1405
3L	10117628	10116722	Deletion	906
3L	10144732	10143488	Deletion	1244
3L	10159553	10149270	Deletion	10283
3L	10174396	10172592	Deletion	1804
3L	10227101	10223136	Deletion	3965
3L	10254628	10245648	Deletion	8980
3L	10270086	10257025	Deletion	13061
3L	10286867	10270846	Deletion	16021
3L	10339348	10337701	Deletion	1647
3L	10339349	10339412	Deletion	63
3L	10375111	10373125	Deletion	1986
3L	10428174	10428275	Deletion	101
3L	10428945	10428271	Deletion	674
3L	10498084	10492782	Deletion	5302
3L	10517035	10516980	Deletion	55
3L	10540922	10520489	Deletion	20433
3L	10557865	10555278	Deletion	2587
3L	10592722	10587630	Deletion	5092
3L	10664718	10661560	Deletion	3158
3L	10671831	10668924	Deletion	2907
3L	10673498	10673090	Deletion	408
3L	10687130	10685965	Deletion	1165
3L	10694564	10694145	Deletion	419
3L	10753828	10750600	Deletion	3228
3L	10798457	10794914	Deletion	3543
3L	10880222	10879940	Deletion	282
3L	10907220	10904208	Deletion	3012
3L	10940399	10937846	Deletion	2553
3L	10944264	10943498	Deletion	766
3L	10970455	10957812	Deletion	12643
3L	10990276	10982426	Deletion	7850
3L	10995822	10995751	Deletion	71
3L	11026858	11026265	Deletion	593
3L	11037227	11036059	Deletion	1168
3L	11132443	11126819	Deletion	5624
3L	11132445	11132536	Deletion	91
3L	11140610	11140539	Deletion	71
3L	11183407	11180444	Deletion	2963
3L	11196546	11192605	Deletion	3941
3L	11196547	11196601	Deletion	54
3L	11202438	11201114	Deletion	1324
3L	11212074	11210096	Deletion	1978
3L	11239174	11239114	Deletion	60
3L	11259704	11255107	Deletion	4597
3L	11280295	11280217	Deletion	78
3L	11287829	11282094	Deletion	5735
3L	11310701	11290193	Deletion	20508
3L	11312174	11312119	Deletion	55
3L	11335595	11334737	Deletion	858
3L	11355042	11353783	Deletion	1259
3L	11355521	11355426	Deletion	95
3L	11399290	11391402	Deletion	7888
3L	11408790	11408726	Deletion	64
3L	11445772	11441659	Deletion	4113
3L	11462207	11461815	Deletion	392
3L	11462211	11462246	Deletion	35
3L	11523435	11520902	Deletion	2533
3L	11582290	11572268	Deletion	10022
3L	11634979	11626877	Deletion	8102
3L	11656287	11655731	Deletion	556
3L	11696234	11667073	Deletion	29161
3L	11721782	11718542	Deletion	3240
3L	11783096	11778707	Deletion	4389
3L	11806095	11806138	Deletion	43
3L	11834883	11806137	Deletion	28746
3L	11834885	11834968	Deletion	83
3L	11850164	11844561	Deletion	5603
3L	11887273	11885630	Deletion	1643
3L	11891647	11890775	Deletion	872
3L	11918038	11915722	Deletion	2316
3L	11922322	11922269	Deletion	53
3L	11922774	11922823	Deletion	49
3L	11923906	11923994	Deletion	88
3L	11924919	11923991	Deletion	928
3L	11944787	11936851	Deletion	7936
3L	11947844	11947948	Deletion	104
3L	11968444	11966230	Deletion	2214
3L	11977070	11977109	Deletion	39
3L	11989791	11977104	Deletion	12687
3L	11994954	11994455	Deletion	499
3L	12027865	12026440	Deletion	1425
3L	12042681	12042542	Deletion	139
3L	12050964	12043112	Deletion	7852
3L	12062492	12051191	Deletion	11301
3L	12084384	12079275	Deletion	5109
3L	12095910	12095701	Deletion	209
3L	12111223	12111318	Deletion	95
3L	12115804	12111323	Deletion	4481
3L	12184461	12184410	Deletion	51
3L	12234926	12234982	Deletion	56
3L	12235086	12234980	Deletion	106
3L	12235088	12235177	Deletion	89
3L	12338717	12337617	Deletion	1100
3L	12347506	12347458	Deletion	48
3L	12367396	12364812	Deletion	2584
3L	12367397	12367430	Deletion	33
3L	12397899	12396882	Deletion	1017
3L	12409182	12408176	Deletion	1006
3L	12417806	12417556	Deletion	250
3L	12450972	12445967	Deletion	5005
3L	12472575	12459063	Deletion	13512
3L	12481257	12479212	Deletion	2045
3L	12507740	12507832	Deletion	92
3L	12522090	12507830	Deletion	14260
3L	12522092	12522156	Deletion	64
3L	12598868	12597098	Deletion	1770
3L	12660581	12646426	Deletion	14155
3L	12661008	12661101	Deletion	93
3L	12670014	12661102	Deletion	8912
3L	12695452	12692207	Deletion	3245
3L	12710968	12700267	Deletion	10701
3L	12776055	12774904	Deletion	1151
3L	12809217	12806054	Deletion	3163
3L	12809218	12809316	Deletion	98
3L	12846613	12845409	Deletion	1204
3L	12883989	12878393	Deletion	5596
3L	12888157	12887504	Deletion	653
3L	12972904	12970429	Deletion	2475
3L	12978145	12977915	Deletion	230
3L	12987714	12987805	Deletion	91
3L	12987960	12987801	Deletion	159
3L	12994431	12994272	Deletion	159
3L	13015857	13000189	Deletion	15668
3L	13025659	13024624	Deletion	1035
3L	13029293	13028883	Deletion	410
3L	13041496	13033001	Deletion	8495
3L	13065702	13061139	Deletion	4563
3L	13097625	13097058	Deletion	567
3L	13108404	13099357	Deletion	9047
3L	13108407	13108464	Deletion	57
3L	13137911	13136205	Deletion	1706
3L	13161070	13160892	Deletion	178
3L	13200352	13200462	Deletion	110
3L	13213706	13200835	Deletion	12871
3L	13214028	13213782	Deletion	246
3L	13284679	13284090	Deletion	589
3L	13296486	13295178	Deletion	1308
3L	13309060	13308381	Deletion	679
3L	13332690	13331892	Deletion	798
3L	13383890	13383942	Deletion	52
3L	13388100	13384539	Deletion	3561
3L	13420059	13418516	Deletion	1543
3L	13471844	13469286	Deletion	2558
3L	13511548	13511305	Deletion	243
3L	13537126	13535947	Deletion	1179
3L	13539001	13537942	Deletion	1059
3L	13550478	13548512	Deletion	1966
3L	13550479	13550523	Deletion	44
3L	13553383	13553327	Deletion	56
3L	13553385	13553414	Deletion	29
3L	13590352	13586459	Deletion	3893
3L	13642007	13641575	Deletion	432
3L	13716815	13686848	Deletion	29967
3L	13733608	13733469	Deletion	139
3L	13734750	13734368	Deletion	382
3L	13763441	13747792	Deletion	15649
3L	13832276	13831539	Deletion	737
3L	13838247	13832334	Deletion	5913
3L	13841804	13838394	Deletion	3410
3L	13882196	13880337	Deletion	1859
3L	13887461	13882986	Deletion	4475
3L	13951034	13950256	Deletion	778
3L	14048028	14046669	Deletion	1359
3L	14055282	14054990	Deletion	292
3L	14063711	14062975	Deletion	736
3L	14078360	14064602	Deletion	13758
3L	14138276	14125436	Deletion	12840
3L	14161011	14156779	Deletion	4232
3L	14176388	14176311	Deletion	77
3L	14211617	14198178	Deletion	13439
3L	14243000	14242633	Deletion	367
3L	14309061	14308104	Deletion	957
3L	14313974	14314018	Deletion	44
3L	14357513	14355665	Deletion	1848
3L	14368180	14368243	Deletion	63
3L	14369041	14368239	Deletion	802
3L	14385216	14384043	Deletion	1173
3L	14401783	14399370	Deletion	2413
3L	14414887	14414699	Deletion	188
3L	14424526	14424335	Deletion	191
3L	14427148	14425390	Deletion	1758
3L	14440970	14436640	Deletion	4330
3L	14469230	14469287	Deletion	57
3L	14519136	14514412	Deletion	4724
3L	14561884	14561443	Deletion	441
3L	14599157	14595704	Deletion	3453
3L	14665849	14665938	Deletion	89
3L	14666041	14665939	Deletion	102
3L	14666042	14666096	Deletion	54
3L	14728231	14728219	Deletion	12
3L	14747311	14746335	Deletion	976
3L	14813807	14811004	Deletion	2803
3L	14846939	14846985	Deletion	46
3L	14877345	14876618	Deletion	727
3L	14883503	14883120	Deletion	383
3L	14891171	14884977	Deletion	6194
3L	14894722	14892861	Deletion	1861
3L	14895915	14895612	Deletion	303
3L	14909633	14909543	Deletion	90
3L	14935452	14929262	Deletion	6190
3L	14954635	14954484	Deletion	151
3L	15078571	15069940	Deletion	8631
3L	15113487	15105298	Deletion	8189
3L	15136466	15135928	Deletion	538
3L	15136469	15136559	Deletion	90
3L	15181545	15181154	Deletion	391
3L	15202614	15201167	Deletion	1447
3L	15350255	15345746	Deletion	4509
3L	15375936	15375292	Deletion	644
3L	15391568	15381858	Deletion	9710
3L	15392804	15392462	Deletion	342
3L	15392805	15392862	Deletion	57
3L	15406297	15406353	Deletion	56
3L	15409008	15406350	Deletion	2658
3L	15409009	15409061	Deletion	52
3L	15463120	15460543	Deletion	2577
3L	15469870	15469984	Deletion	114
3L	15472653	15469986	Deletion	2667
3L	15474562	15474075	Deletion	487
3L	15476481	15476309	Deletion	172
3L	15495198	15491299	Deletion	3899
3L	15502561	15502174	Deletion	387
3L	15506437	15506305	Deletion	132
3L	15530080	15523746	Deletion	6334
3L	15533577	15531843	Deletion	1734
3L	15537485	15536548	Deletion	937
3L	15544524	15542493	Deletion	2031
3L	15591054	15590833	Deletion	221
3L	15591666	15591597	Deletion	69
3L	15650408	15646899	Deletion	3509
3L	15650411	15650495	Deletion	84
3L	15652664	15651551	Deletion	1113
3L	15735313	15734516	Deletion	797
3L	15740954	15740819	Deletion	135
3L	15743568	15743507	Deletion	61
3L	15743570	15743603	Deletion	33
3L	15743572	15743617	Deletion	45
3L	15769637	15769074	Deletion	563
3L	15769639	15769750	Deletion	111
3L	15810559	15810261	Deletion	298
3L	15810560	15810626	Deletion	66
3L	15873040	15866636	Deletion	6404
3L	15934277	15934343	Deletion	66
3L	15943626	15938182	Deletion	5444
3L	15961816	15948148	Deletion	13668
3L	15961819	15961852	Deletion	33
3L	16061333	16051591	Deletion	9742
3L	16089367	16089474	Deletion	107
3L	16095417	16095000	Deletion	417
3L	16103558	16102744	Deletion	814
3L	16115120	16105535	Deletion	9585
3L	16125510	16124790	Deletion	720
3L	16141427	16141231	Deletion	196
3L	16152748	16152633	Deletion	115
3L	16246316	16230557	Deletion	15759
3L	16246816	16246648	Deletion	168
3L	16259331	16259269	Deletion	62
3L	16293956	16291232	Deletion	2724
3L	16302560	16301983	Deletion	577
3L	16315693	16314825	Deletion	868
3L	16322375	16322299	Deletion	76
3L	16383011	16383055	Deletion	44
3L	16384552	16383056	Deletion	1496
3L	16384553	16384659	Deletion	106
3L	16392033	16388208	Deletion	3825
3L	16441449	16439938	Deletion	1511
3L	16484565	16484506	Deletion	59
3L	16486705	16486820	Deletion	115
3L	16495392	16494339	Deletion	1053
3L	16543237	16543327	Deletion	90
3L	16544059	16543324	Deletion	735
3L	16548418	16548475	Deletion	57
3L	16563773	16548473	Deletion	15300
3L	16602526	16602439	Deletion	87
3L	16654346	16650858	Deletion	3488
3L	16664005	16662333	Deletion	1672
3L	16696930	16695137	Deletion	1793
3L	16696938	16696984	Deletion	46
3L	16703039	16702090	Deletion	949
3L	16744537	16734721	Deletion	9816
3L	16744539	16744655	Deletion	116
3L	16773266	16765216	Deletion	8050
3L	16864460	16850297	Deletion	14163
3L	16922536	16913901	Deletion	8635
3L	17039119	17035414	Deletion	3705
3L	17041924	17039883	Deletion	2041
3L	17042798	17042130	Deletion	668
3L	17042799	17042891	Deletion	92
3L	17052187	17052236	Deletion	49
3L	17059077	17052233	Deletion	6844
3L	17128715	17128593	Deletion	122
3L	17163205	17163276	Deletion	71
3L	17163450	17163273	Deletion	177
3L	17222913	17211940	Deletion	10973
3L	17246731	17240995	Deletion	5736
3L	17273226	17265758	Deletion	7468
3L	17273228	17273297	Deletion	69
3L	17292573	17290089	Deletion	2484
3L	17296527	17296019	Deletion	508
3L	17296650	17296567	Deletion	83
3L	17296657	17296726	Deletion	69
3L	17338540	17338600	Deletion	60
3L	17344940	17338602	Deletion	6338
3L	17376846	17362090	Deletion	14756
3L	17408201	17406964	Deletion	1237
3L	17483956	17481953	Deletion	2003
3L	17502770	17501151	Deletion	1619
3L	17508505	17508452	Deletion	53
3L	17554847	17530961	Deletion	23886
3L	17558993	17558934	Deletion	59
3L	17566229	17566051	Deletion	178
3L	17592764	17592701	Deletion	63
3L	17646578	17645585	Deletion	993
3L	17655129	17648657	Deletion	6472
3L	17661699	17661775	Deletion	76
3L	17703090	17703041	Deletion	49
3L	17708881	17706183	Deletion	2698
3L	17708883	17708911	Deletion	28
3L	17721320	17721174	Deletion	146
3L	17746305	17746134	Deletion	171
3L	17777920	17777441	Deletion	479
3L	17788065	17786422	Deletion	1643
3L	17814001	17813950	Deletion	51
3L	17912889	17910351	Deletion	2538
3L	17923912	17923423	Deletion	489
3L	17927034	17925439	Deletion	1595
3L	17943013	17942723	Deletion	290
3L	17965634	17965740	Deletion	106
3L	17980024	17980060	Deletion	36
3L	17980508	17980059	Deletion	449
3L	17984073	17984118	Deletion	45
3L	18033671	18024206	Deletion	9465
3L	18044796	18041024	Deletion	3772
3L	18081700	18081050	Deletion	650
3L	18226854	18226399	Deletion	455
3L	18261922	18261341	Deletion	581
3L	18284962	18275001	Deletion	9961
3L	18291978	18288559	Deletion	3419
3L	18295130	18294844	Deletion	286
3L	18322110	18316413	Deletion	5697
3L	18322112	18322171	Deletion	59
3L	18361635	18358039	Deletion	3596
3L	18394168	18375708	Deletion	18460
3L	18406365	18406305	Deletion	60
3L	18419076	18409801	Deletion	9275
3L	18487687	18471475	Deletion	16212
3L	18527300	18526021	Deletion	1279
3L	18565732	18562242	Deletion	3490
3L	18577044	18577079	Deletion	35
3L	18577437	18577078	Deletion	359
3L	18582654	18582595	Deletion	59
3L	18600653	18600736	Deletion	83
3L	18605922	18600732	Deletion	5190
3L	18618775	18618255	Deletion	520
3L	18629533	18629619	Deletion	86
3L	18629547	18629624	Deletion	77
3L	18629674	18629724	Deletion	50
3L	18689963	18689876	Deletion	87
3L	18748516	18747744	Deletion	772
3L	18748521	18748579	Deletion	58
3L	18764273	18764345	Deletion	72
3L	18767695	18764340	Deletion	3355
3L	18838747	18838041	Deletion	706
3L	18867453	18867043	Deletion	410
3L	18871319	18870535	Deletion	784
3L	18956678	18956733	Deletion	55
3L	18997375	18991997	Deletion	5378
3L	19015495	19015338	Deletion	157
3L	19020016	19018892	Deletion	1124
3L	19036728	19036190	Deletion	538
3L	19057028	19056938	Deletion	90
3L	19076251	19072603	Deletion	3648
3L	19091234	19087795	Deletion	3439
3L	19098885	19098763	Deletion	122
3L	19098888	19098917	Deletion	29
3L	19119114	19119186	Deletion	72
3L	19136885	19132572	Deletion	4313
3L	19136930	19137022	Deletion	92
3L	19144383	19137019	Deletion	7364
3L	19154086	19151518	Deletion	2568
3L	19173788	19173682	Deletion	106
3L	19184474	19183000	Deletion	1474
3L	19199071	19184688	Deletion	14383
3L	19200705	19200775	Deletion	70
3L	19244106	19237634	Deletion	6472
3L	19244110	19244224	Deletion	114
3L	19244111	19244231	Deletion	120
3L	19249653	19249224	Deletion	429
3L	19277016	19276532	Deletion	484
3L	19300840	19300738	Deletion	102
3L	19320767	19316059	Deletion	4708
3L	19330043	19329985	Deletion	58
3L	19350937	19350973	Deletion	36
3L	19440815	19440339	Deletion	476
3L	19455853	19454208	Deletion	1645
3L	19470445	19458916	Deletion	11529
3L	19483923	19470477	Deletion	13446
3L	19528076	19518603	Deletion	9473
3L	19552749	19552787	Deletion	38
3L	19569544	19568071	Deletion	1473
3L	19637554	19633065	Deletion	4489
3L	19639413	19638699	Deletion	714
3L	19699416	19692231	Deletion	7185
3L	19810305	19809509	Deletion	796
3L	19861591	19858374	Deletion	3217
3L	19873461	19871520	Deletion	1941
3L	19892140	19892209	Deletion	69
3L	19897712	19897063	Deletion	649
3L	19917679	19915783	Deletion	1896
3L	19952706	19951681	Deletion	1025
3L	19960345	19955913	Deletion	4432
3L	19967772	19967810	Deletion	38
3L	20017991	20005209	Deletion	12782
3L	20024108	20024047	Deletion	61
3L	20024735	20024666	Deletion	69
3L	20084943	20083568	Deletion	1375
3L	20136579	20135430	Deletion	1149
3L	20152365	20149714	Deletion	2651
3L	20152366	20152408	Deletion	42
3L	20152370	20152399	Deletion	29
3L	20174451	20170041	Deletion	4410
3L	20221109	20220433	Deletion	676
3L	20232927	20225626	Deletion	7301
3L	20235793	20234847	Deletion	946
3L	20255804	20241835	Deletion	13969
3L	20282467	20260404	Deletion	22063
3L	20351358	20349495	Deletion	1863
3L	20388899	20387820	Deletion	1079
3L	20407278	20407351	Deletion	73
3L	20413421	20413503	Deletion	82
3L	20429564	20429315	Deletion	249
3L	20430831	20429985	Deletion	846
3L	20430832	20430951	Deletion	119
3L	20466888	20466753	Deletion	135
3L	20532381	20521004	Deletion	11377
3L	20547839	20547262	Deletion	577
3L	20554111	20553832	Deletion	279
3L	20566047	20561613	Deletion	4434
3L	20582432	20577757	Deletion	4675
3L	20635965	20635241	Deletion	724
3L	20641302	20640276	Deletion	1026
3L	20649491	20641952	Deletion	7539
3L	20657964	20656736	Deletion	1228
3L	20667910	20659912	Deletion	7998
3L	20704363	20703755	Deletion	608
3L	20708869	20708667	Deletion	202
3L	20848267	20847862	Deletion	405
3L	20937133	20934864	Deletion	2269
3L	20965235	20957983	Deletion	7252
3L	21005758	20987666	Deletion	18092
3L	21007197	21006948	Deletion	249
3L	21026092	21025203	Deletion	889
3L	21177824	21174774	Deletion	3050
3L	21177825	21177918	Deletion	93
3L	21186595	21180757	Deletion	5838
3L	21223590	21222871	Deletion	719
3L	21231439	21231486	Deletion	47
3L	21270691	21270725	Deletion	34
3L	21297018	21296439	Deletion	579
3L	21303011	21301818	Deletion	1193
3L	21303012	21303123	Deletion	111
3L	21310167	21310244	Deletion	77
3L	21338656	21329477	Deletion	9179
3L	21368900	21368905	Deletion	5
3L	21375744	21375729	Deletion	15
3L	21394307	21380974	Deletion	13333
3L	21395459	21395548	Deletion	89
3L	21401983	21402099	Deletion	116
3L	21425898	21425723	Deletion	175
3L	21440939	21437320	Deletion	3619
3L	21449849	21446051	Deletion	3798
3L	21467970	21463631	Deletion	4339
3L	21484357	21484040	Deletion	317
3L	21498544	21498616	Deletion	72
3L	21498586	21498618	Deletion	32
3L	21547989	21546766	Deletion	1223
3L	21556024	21551729	Deletion	4295
3L	21604304	21593773	Deletion	10531
3L	21608019	21607880	Deletion	139
3L	21608980	21608898	Deletion	82
3L	21614935	21611373	Deletion	3562
3L	21636627	21618103	Deletion	18524
3L	21680339	21644132	Deletion	36207
3L	21695410	21691387	Deletion	4023
3L	21731237	21715364	Deletion	15873
3L	21731251	21731338	Deletion	87
3L	21733627	21731336	Deletion	2291
3L	21738403	21737231	Deletion	1172
3L	21776864	21769466	Deletion	7398
3L	21800123	21780289	Deletion	19834
3L	21804089	21802592	Deletion	1497
3L	21815318	21814679	Deletion	639
3L	21826698	21826798	Deletion	100
3L	21826858	21826797	Deletion	61
3L	21885668	21885393	Deletion	275
3L	21891133	21886470	Deletion	4663
3L	21903490	21900001	Deletion	3489
3L	21911985	21912029	Deletion	44
3L	21915833	21912028	Deletion	3805
3L	21915836	21915902	Deletion	66
3L	22002138	22000562	Deletion	1576
3L	22025261	22022004	Deletion	3257
3L	22030313	22029963	Deletion	350
3L	22061597	22046321	Deletion	15276
3L	22063287	22062513	Deletion	774
3L	22072868	22063824	Deletion	9044
3L	22074836	22074498	Deletion	338
3L	22079351	22079443	Deletion	92
3L	22093615	22085185	Deletion	8430
3L	22110782	22108280	Deletion	2502
3L	22119282	22118802	Deletion	480
3L	22174001	22159368	Deletion	14633
3L	22207909	22207258	Deletion	651
3L	22229943	22221343	Deletion	8600
3L	22236221	22236066	Deletion	155
3L	22259336	22251033	Deletion	8303
3L	22271483	22260940	Deletion	10543
3L	22271485	22271566	Deletion	81
3L	22301070	22286032	Deletion	15038
3L	22310627	22309481	Deletion	1146
3L	22320311	22315851	Deletion	4460
3L	22373073	22371998	Deletion	1075
3L	22376181	22375835	Deletion	346
3L	22468337	22468274	Deletion	63
3L	22481188	22477943	Deletion	3245
3L	22482976	22482922	Deletion	54
3L	22515845	22513241	Deletion	2604
3L	22522041	22520469	Deletion	1572
3L	22616454	22615781	Deletion	673
3L	22626722	22625032	Deletion	1690
3L	22639211	22632201	Deletion	7010
3L	22659736	22651575	Deletion	8161
3L	22690281	22685167	Deletion	5114
3L	22743366	22730172	Deletion	13194
3L	22760837	22758460	Deletion	2377
3L	22761744	22761851	Deletion	107
3L	22838358	22838478	Deletion	120
3L	22897006	22890802	Deletion	6204
3L	22914203	22914319	Deletion	116
3L	22919444	22914315	Deletion	5129
3L	22932859	22930694	Deletion	2165
3L	23046743	23046806	Deletion	63
3L	23083228	23082918	Deletion	310
3L	23108865	23108900	Deletion	35
3L	23109768	23108898	Deletion	870
3L	23155187	23151198	Deletion	3989
3L	23162480	23162496	Deletion	16
3L	23197835	23196921	Deletion	914
3L	23233839	23229348	Deletion	4491
3L	23248483	23246971	Deletion	1512
3L	23261875	23261716	Deletion	159
3L	23283726	23281798	Deletion	1928
3L	23283727	23283836	Deletion	109
3L	23330477	23329205	Deletion	1272
3L	23335351	23335220	Deletion	131
3L	23477961	23476753	Deletion	1208
3L	23477962	23478059	Deletion	97
3L	23477964	23477992	Deletion	28
3L	23556501	23553412	Deletion	3089
3L	23614191	23613241	Deletion	950
3L	23643542	23642652	Deletion	890
3L	23646795	23645647	Deletion	1148
3L	23652697	23652774	Deletion	77
3L	23671506	23671570	Deletion	64
3L	23685693	23685216	Deletion	477
3L	23690761	23690615	Deletion	146
3L	23752760	23752582	Deletion	178
3L	23843970	23842467	Deletion	1503
3L	23858267	23857462	Deletion	805
3L	23866346	23865672	Deletion	674
3L	23904238	23903894	Deletion	344
3L	23906759	23904359	Deletion	2400
3L	24021200	24021294	Deletion	94
3L	24106130	24106196	Deletion	66
3L	24114441	24110513	Deletion	3928
3L	24117409	24114473	Deletion	2936
3L	24122337	24118854	Deletion	3483
3L	24129273	24129225	Deletion	48
3L	24150190	24149872	Deletion	318
3L	24191084	24191197	Deletion	113
3L	24191522	24191199	Deletion	323
3L	24195730	24195778	Deletion	48
3L	24257643	24247593	Deletion	10050
3L	24263617	24262228	Deletion	1389
3L	24270846	24265434	Deletion	5412
3L	24335387	24334152	Deletion	1235
3L	24419357	24419030	Deletion	327
3L	24420567	24420427	Deletion	140
3L	24425146	24425197	Deletion	51
3L	24467368	24467475	Deletion	107
3L	24487579	24487439	Deletion	140
3L	24488976	24488649	Deletion	327
3L	24523896	24523766	Deletion	130
3L	24523962	24523976	Deletion	14
3L	24546821	24546864	Deletion	43
3L	24550275	24550362	Deletion	87
3L	24556801	24556701	Deletion	100
3L	24575391	24575409	Deletion	18
3L	24604540	24604051	Deletion	489
3L	24604543	24604577	Deletion	34
3L	24629372	24627741	Deletion	1631
3L	24637205	24637105	Deletion	100
3L	24637209	24637312	Deletion	103
3L	24750477	24750049	Deletion	428
3L	24760295	24760382	Deletion	87
3L	24766388	24760377	Deletion	6011
3L	24777632	24777389	Deletion	243
3L	24826697	24826780	Deletion	83
3L	24860178	24860289	Deletion	111
3L	24861351	24860293	Deletion	1058
3L	24861882	24861388	Deletion	494
3L	24893252	24891957	Deletion	1295
3L	24900313	24899296	Deletion	1017
3L	24911560	24911458	Deletion	102
3L	24913413	24913061	Deletion	352
3L	24945374	24945022	Deletion	352
3L	24952795	24952635	Deletion	160
3L	25036262	25036215	Deletion	47
3L	25074416	25074360	Deletion	56
3L	25154980	25147713	Deletion	7267
3L	25168986	25169065	Deletion	79
3L	25189595	25186236	Deletion	3359
3L	25231695	25231347	Deletion	348
3L	25264476	25264563	Deletion	87
3L	25292208	25292262	Deletion	54
3L	25292327	25292289	Deletion	38
3L	25298211	25298264	Deletion	53
3L	25316520	25316340	Deletion	180
3L	25321954	25322029	Deletion	75
3L	25327415	25322001	Deletion	5414
3L	25379267	25378892	Deletion	375
3L	25386958	25386975	Deletion	17
3L	25413135	25413057	Deletion	78
3L	25448130	25448244	Deletion	114
3L	25456182	25456239	Deletion	57
3L	25502388	25493868	Deletion	8520
3L	25592081	25592156	Deletion	75
3L	25614984	25613788	Deletion	1196
3L	25677333	25672800	Deletion	4533
3L	25688013	25688020	Deletion	7
3L	25688503	25688090	Deletion	413
3L	25728047	25727466	Deletion	581
3L	25765097	25765129	Deletion	32
3L	25770781	25766718	Deletion	4063
3L	25790057	25789875	Deletion	182
3L	25796654	25796744	Deletion	90
3L	25866625	25865942	Deletion	683
3L	25882993	25880229	Deletion	2764
3L	25923070	25923152	Deletion	82
3L	25925012	25924941	Deletion	71
3L	25954570	25954027	Deletion	543
3L	25974454	25974308	Deletion	146
3L	26015022	26013760	Deletion	1262
3L	26026540	26026618	Deletion	78
3L	26073843	26073605	Deletion	238
3L	26074029	26073924	Deletion	105
3L	26092780	26092630	Deletion	150
3L	26098082	26098139	Deletion	57
3L	26101665	26101515	Deletion	150
3L	26101667	26101768	Deletion	101
3L	26101671	26101781	Deletion	110
3L	26117260	26117022	Deletion	238
3L	26125774	26125624	Deletion	150
3L	26125862	26125848	Deletion	14
3L	26143964	26143943	Deletion	21
3L	26152839	26152665	Deletion	174
3L	26154229	26154158	Deletion	71
3L	26170237	26169945	Deletion	292
3L	26204193	26204297	Deletion	104
3L	26216652	26214804	Deletion	1848
3L	26216654	26216735	Deletion	81
3L	26220849	26220936	Deletion	87
3L	26222777	26220937	Deletion	1840
3L	26343231	26343222	Deletion	9
3L	26406999	26403999	Deletion	3000
3L	26407062	26407050	Deletion	12
3L	26445595	26445630	Deletion	35
3L	26461355	26461426	Deletion	71
3L	26479805	26479702	Deletion	103
3L	26497022	26496888	Deletion	134
3L	26528060	26528103	Deletion	43
3L	26537662	26537407	Deletion	255
3L	26675940	26675987	Deletion	47
3L	26701442	26698903	Deletion	2539
3L	26742518	26740586	Deletion	1932
3L	26820801	26820835	Deletion	34
3L	26835934	26835650	Deletion	284
3L	26944628	26944634	Deletion	6
3L	27074516	27073646	Deletion	870
3L	27093159	27092749	Deletion	410
3L	27109094	27109167	Deletion	73
3L	27145361	27140518	Deletion	4843
3L	27153467	27145449	Deletion	8018
3L	27155772	27155589	Deletion	183
3L	27170364	27165236	Deletion	5128
3L	27210015	27209867	Deletion	148
3L	27215217	27215193	Deletion	24
3L	27235605	27235697	Deletion	92
3L	27235609	27235728	Deletion	119
3L	27244700	27244732	Deletion	32
3L	27273451	27262720	Deletion	10731
3L	27273706	27273756	Deletion	50
3L	27274722	27273737	Deletion	985
3L	27282878	27276066	Deletion	6812
3L	27288487	27285845	Deletion	2642
3L	27302034	27302069	Deletion	35
3L	27302051	27302154	Deletion	103
3L	27305814	27305840	Deletion	26
3L	27305934	27305916	Deletion	18
3L	27306731	27306753	Deletion	22
3L	27309585	27309687	Deletion	102
3L	27309702	27309787	Deletion	85
3L	27309705	27309807	Deletion	102
3L	27309737	27309794	Deletion	57
3L	27313485	27313448	Deletion	37
3L	27313520	27313570	Deletion	50
3L	27313528	27313568	Deletion	40
3L	27317256	27317358	Deletion	102
3L	27334079	27333130	Deletion	949
3L	27339491	27334786	Deletion	4705
3L	27372087	27371947	Deletion	140
3L	27374639	27372131	Deletion	2508
3L	27378564	27377315	Deletion	1249
3L	27381126	27381064	Deletion	62
3L	27477097	27477176	Deletion	79
3L	27536740	27536229	Deletion	511
3L	27549269	27549343	Deletion	74
3L	27569026	27568969	Deletion	57
3L	27629801	27629877	Deletion	76
3L	27643154	27643220	Deletion	66
3L	27663697	27663733	Deletion	36
3L	27675720	27675502	Deletion	218
3L	27677259	27675756	Deletion	1503
3L	27712587	27712656	Deletion	69
3L	27845829	27845318	Deletion	511
3L	27912693	27912368	Deletion	325
3L	27948304	27948384	Deletion	80
3L	27956505	27955198	Deletion	1307
3L	27958554	27958006	Deletion	548
3L	27994453	27994512	Deletion	59
3L	28010946	28011069	Deletion	123
3L	28071362	28071334	Deletion	28
3L	28099474	28099526	Deletion	52
3R	19647	19530	Deletion	117
3R	25708	25821	Deletion	113
3R	26890	26996	Deletion	106
3R	27370	27270	Deletion	100
3R	30732	30824	Deletion	92
3R	30736	30819	Deletion	83
3R	30924	30822	Deletion	102
3R	70155	70177	Deletion	22
3R	70937	70273	Deletion	664
3R	71373	70967	Deletion	406
3R	81055	78619	Deletion	2436
3R	84147	81105	Deletion	3042
3R	144855	143112	Deletion	1743
3R	144885	144970	Deletion	85
3R	158133	158233	Deletion	100
3R	162339	162419	Deletion	80
3R	168739	168639	Deletion	100
3R	177307	177257	Deletion	50
3R	179316	179308	Deletion	8
3R	179515	179403	Deletion	112
3R	189245	189145	Deletion	100
3R	189861	189673	Deletion	188
3R	268638	268538	Deletion	100
3R	268641	268679	Deletion	38
3R	289183	289282	Deletion	99
3R	304739	304812	Deletion	73
3R	304807	304856	Deletion	49
3R	304989	304878	Deletion	111
3R	387462	386615	Deletion	847
3R	575443	575334	Deletion	109
3R	579739	579630	Deletion	109
3R	592033	591956	Deletion	77
3R	746883	746001	Deletion	882
3R	750855	750931	Deletion	76
3R	904346	899300	Deletion	5046
3R	1101650	1101624	Deletion	26
3R	1120051	1120025	Deletion	26
3R	1149168	1137040	Deletion	12128
3R	1149278	1149200	Deletion	78
3R	1202391	1199186	Deletion	3205
3R	1224114	1220340	Deletion	3774
3R	1226980	1227035	Deletion	55
3R	1298350	1298227	Deletion	123
3R	1298354	1298417	Deletion	63
3R	1335381	1334178	Deletion	1203
3R	1335391	1335420	Deletion	29
3R	1338133	1335434	Deletion	2699
3R	1461647	1461763	Deletion	116
3R	1461865	1461765	Deletion	100
3R	1495397	1495299	Deletion	98
3R	1536990	1537017	Deletion	27
3R	1587074	1586505	Deletion	569
3R	1587075	1587113	Deletion	38
3R	1597372	1597463	Deletion	91
3R	1606723	1606585	Deletion	138
3R	1614974	1614837	Deletion	137
3R	1621187	1621079	Deletion	108
3R	1828545	1823291	Deletion	5254
3R	1839864	1839980	Deletion	116
3R	1844677	1844504	Deletion	173
3R	1844679	1844740	Deletion	61
3R	1874519	1869372	Deletion	5147
3R	2100671	2099420	Deletion	1251
3R	2110746	2110820	Deletion	74
3R	2111075	2110819	Deletion	256
3R	2124236	2122245	Deletion	1991
3R	2126566	2124290	Deletion	2276
3R	2130608	2130604	Deletion	4
3R	2159400	2158238	Deletion	1162
3R	2192948	2192392	Deletion	556
3R	2206456	2205727	Deletion	729
3R	2332575	2332204	Deletion	371
3R	2375590	2375696	Deletion	106
3R	2378248	2378311	Deletion	63
3R	2409414	2409424	Deletion	10
3R	2446396	2446426	Deletion	30
3R	2488783	2488683	Deletion	100
3R	2530091	2527791	Deletion	2300
3R	2539430	2536031	Deletion	3399
3R	2539431	2539474	Deletion	43
3R	2543962	2543862	Deletion	100
3R	2775101	2771851	Deletion	3250
3R	2836781	2835959	Deletion	822
3R	2847465	2842396	Deletion	5069
3R	2915444	2914237	Deletion	1207
3R	3033655	3033768	Deletion	113
3R	3033667	3033756	Deletion	89
3R	3033698	3033750	Deletion	52
3R	3033725	3033738	Deletion	13
3R	3033874	3033744	Deletion	130
3R	3033877	3033930	Deletion	53
3R	3104522	3104174	Deletion	348
3R	3117377	3115500	Deletion	1877
3R	3119233	3118887	Deletion	346
3R	3156654	3156437	Deletion	217
3R	3169821	3169914	Deletion	93
3R	3169843	3169899	Deletion	56
3R	3170013	3169894	Deletion	119
3R	3170014	3170129	Deletion	115
3R	3170029	3170057	Deletion	28
3R	3170059	3170118	Deletion	59
3R	3170099	3170124	Deletion	25
3R	3170134	3170192	Deletion	58
3R	3170156	3170176	Deletion	20
3R	3176978	3172510	Deletion	4468
3R	3208742	3208802	Deletion	60
3R	3216648	3216598	Deletion	50
3R	3298173	3298176	Deletion	3
3R	3379391	3377053	Deletion	2338
3R	3394446	3390710	Deletion	3736
3R	3417646	3417707	Deletion	61
3R	3540757	3540848	Deletion	91
3R	3555312	3555410	Deletion	98
3R	3581200	3576529	Deletion	4671
3R	3581808	3581917	Deletion	109
3R	3587926	3588008	Deletion	82
3R	3643440	3639340	Deletion	4100
3R	3747836	3747245	Deletion	591
3R	3755203	3750466	Deletion	4737
3R	3761389	3761421	Deletion	32
3R	3761918	3761434	Deletion	484
3R	3761921	3762032	Deletion	111
3R	3773578	3771491	Deletion	2087
3R	3801926	3802008	Deletion	82
3R	3802054	3801999	Deletion	55
3R	3802430	3802078	Deletion	352
3R	3831333	3831367	Deletion	34
3R	3875354	3875439	Deletion	85
3R	3979469	3979534	Deletion	65
3R	4011649	4011694	Deletion	45
3R	4012124	4012024	Deletion	100
3R	4022288	4021130	Deletion	1158
3R	4026616	4024026	Deletion	2590
3R	4037449	4036278	Deletion	1171
3R	4039076	4038850	Deletion	226
3R	4089373	4088764	Deletion	609
3R	4142943	4142631	Deletion	312
3R	4143084	4142988	Deletion	96
3R	4167251	4161794	Deletion	5457
3R	4174102	4174158	Deletion	56
3R	4174278	4174133	Deletion	145
3R	4177153	4176919	Deletion	234
3R	4196552	4193252	Deletion	3300
3R	4205975	4205508	Deletion	467
3R	4305564	4298931	Deletion	6633
3R	4310604	4310057	Deletion	547
3R	4330602	4329601	Deletion	1001
3R	4330607	4330719	Deletion	112
3R	4359894	4359428	Deletion	466
3R	4384955	4375227	Deletion	9728
3R	4392546	4392467	Deletion	79
3R	4437963	4429359	Deletion	8604
3R	4450190	4446514	Deletion	3676
3R	4556172	4556070	Deletion	102
3R	4576811	4572833	Deletion	3978
3R	4605916	4601219	Deletion	4697
3R	4627597	4624881	Deletion	2716
3R	4642038	4642081	Deletion	43
3R	4739687	4733845	Deletion	5842
3R	4747318	4746428	Deletion	890
3R	4796948	4792366	Deletion	4582
3R	4821500	4806980	Deletion	14520
3R	4838424	4829663	Deletion	8761
3R	4896271	4896009	Deletion	262
3R	4899334	4897321	Deletion	2013
3R	4906947	4906704	Deletion	243
3R	4963694	4959714	Deletion	3980
3R	4996101	4993723	Deletion	2378
3R	5144783	5139180	Deletion	5603
3R	5178026	5177831	Deletion	195
3R	5206641	5206703	Deletion	62
3R	5218037	5214451	Deletion	3586
3R	5294305	5266774	Deletion	27531
3R	5329992	5319138	Deletion	10854
3R	5409018	5405830	Deletion	3188
3R	5419419	5411978	Deletion	7441
3R	5433460	5428749	Deletion	4711
3R	5440135	5438887	Deletion	1248
3R	5443967	5442443	Deletion	1524
3R	5509081	5503235	Deletion	5846
3R	5609636	5609571	Deletion	65
3R	5625968	5614735	Deletion	11233
3R	5637236	5637288	Deletion	52
3R	5637518	5637287	Deletion	231
3R	5682970	5682210	Deletion	760
3R	5689707	5683001	Deletion	6706
3R	5695796	5695412	Deletion	384
3R	5779045	5778305	Deletion	740
3R	5833003	5829824	Deletion	3179
3R	5878799	5878918	Deletion	119
3R	5883370	5878915	Deletion	4455
3R	5904676	5903613	Deletion	1063
3R	5967147	5961651	Deletion	5496
3R	5982628	5982718	Deletion	90
3R	6038207	6038267	Deletion	60
3R	6061303	6059082	Deletion	2221
3R	6073015	6073068	Deletion	53
3R	6076987	6073069	Deletion	3918
3R	6076988	6077026	Deletion	38
3R	6091982	6091086	Deletion	896
3R	6097726	6097149	Deletion	577
3R	6183515	6183138	Deletion	377
3R	6189442	6184127	Deletion	5315
3R	6273968	6265147	Deletion	8821
3R	6290971	6281682	Deletion	9289
3R	6360820	6360591	Deletion	229
3R	6432247	6431817	Deletion	430
3R	6495260	6494901	Deletion	359
3R	6504550	6504616	Deletion	66
3R	6622086	6610772	Deletion	11314
3R	6645622	6637020	Deletion	8602
3R	6682532	6682062	Deletion	470
3R	6684651	6684349	Deletion	302
3R	6684652	6684772	Deletion	120
3R	6717107	6715649	Deletion	1458
3R	6776225	6776089	Deletion	136
3R	6784242	6784336	Deletion	94
3R	6784582	6784337	Deletion	245
3R	6784584	6784654	Deletion	70
3R	6789388	6789496	Deletion	108
3R	6807840	6807886	Deletion	46
3R	6827434	6827503	Deletion	69
3R	6845962	6827502	Deletion	18460
3R	6845964	6846049	Deletion	85
3R	6845967	6846021	Deletion	54
3R	6879000	6878864	Deletion	136
3R	7003300	7002976	Deletion	324
3R	7023585	7023436	Deletion	149
3R	7030591	7028723	Deletion	1868
3R	7059918	7053427	Deletion	6491
3R	7092687	7086476	Deletion	6211
3R	7166289	7166166	Deletion	123
3R	7231317	7227894	Deletion	3423
3R	7256279	7247107	Deletion	9172
3R	7279960	7266993	Deletion	12967
3R	7298357	7298071	Deletion	286
3R	7299016	7298770	Deletion	246
3R	7322955	7312295	Deletion	10660
3R	7322959	7323027	Deletion	68
3R	7344574	7343658	Deletion	916
3R	7400301	7400417	Deletion	116
3R	7415809	7415567	Deletion	242
3R	7500119	7494178	Deletion	5941
3R	7512031	7510630	Deletion	1401
3R	7544947	7544122	Deletion	825
3R	7579575	7572939	Deletion	6636
3R	7609878	7607203	Deletion	2675
3R	7637259	7625434	Deletion	11825
3R	7684915	7682060	Deletion	2855
3R	7721992	7721933	Deletion	59
3R	7746106	7743956	Deletion	2150
3R	7785410	7785356	Deletion	54
3R	7809487	7806914	Deletion	2573
3R	7836255	7836335	Deletion	80
3R	7841485	7836333	Deletion	5152
3R	7861922	7858540	Deletion	3382
3R	7963950	7960349	Deletion	3601
3R	7975898	7975250	Deletion	648
3R	8007225	8005801	Deletion	1424
3R	8027373	8027140	Deletion	233
3R	8124990	8122302	Deletion	2688
3R	8175071	8155938	Deletion	19133
3R	8176606	8176684	Deletion	78
3R	8194181	8194117	Deletion	64
3R	8274441	8274382	Deletion	59
3R	8299305	8298922	Deletion	383
3R	8310265	8310036	Deletion	229
3R	8322891	8313925	Deletion	8966
3R	8328247	8328358	Deletion	111
3R	8361193	8355546	Deletion	5647
3R	8385792	8362759	Deletion	23033
3R	8404544	8404591	Deletion	47
3R	8425895	8425097	Deletion	798
3R	8454072	8433676	Deletion	20396
3R	8460794	8456615	Deletion	4179
3R	8491008	8479226	Deletion	11782
3R	8556063	8554373	Deletion	1690
3R	8558602	8556538	Deletion	2064
3R	8567536	8562017	Deletion	5519
3R	8587717	8587274	Deletion	443
3R	8587719	8587786	Deletion	67
3R	8597958	8587969	Deletion	9989
3R	8616821	8613191	Deletion	3630
3R	8635071	8617747	Deletion	17324
3R	8662064	8661793	Deletion	271
3R	8707461	8706198	Deletion	1263
3R	8729468	8728186	Deletion	1282
3R	8823042	8821790	Deletion	1252
3R	8853805	8852116	Deletion	1689
3R	8855385	8855483	Deletion	98
3R	8862149	8855488	Deletion	6661
3R	8862284	8862354	Deletion	70
3R	8894743	8890874	Deletion	3869
3R	8926867	8922210	Deletion	4657
3R	8940191	8940022	Deletion	169
3R	9008164	9000872	Deletion	7292
3R	9011656	9011166	Deletion	490
3R	9074395	9074350	Deletion	45
3R	9116333	9116112	Deletion	221
3R	9154178	9150983	Deletion	3195
3R	9239075	9211924	Deletion	27151
3R	9263232	9259445	Deletion	3787
3R	9267374	9265318	Deletion	2056
3R	9295004	9284946	Deletion	10058
3R	9304365	9302308	Deletion	2057
3R	9361293	9360888	Deletion	405
3R	9405404	9384301	Deletion	21103
3R	9450051	9440139	Deletion	9912
3R	9450056	9450147	Deletion	91
3R	9452512	9451857	Deletion	655
3R	9456670	9455702	Deletion	968
3R	9456675	9456702	Deletion	27
3R	9460454	9457762	Deletion	2692
3R	9472758	9471838	Deletion	920
3R	9629161	9616764	Deletion	12397
3R	9653523	9650326	Deletion	3197
3R	9680412	9679594	Deletion	818
3R	9683222	9683168	Deletion	54
3R	9768512	9731484	Deletion	37028
3R	9800564	9777101	Deletion	23463
3R	9895620	9885496	Deletion	10124
3R	9925992	9925761	Deletion	231
3R	9930369	9926806	Deletion	3563
3R	9961424	9961374	Deletion	50
3R	9968981	9967111	Deletion	1870
3R	10027065	10020181	Deletion	6884
3R	10030442	10029098	Deletion	1344
3R	10033916	10033970	Deletion	54
3R	10034306	10033965	Deletion	341
3R	10064571	10064682	Deletion	111
3R	10073749	10073696	Deletion	53
3R	10089978	10084892	Deletion	5086
3R	10102134	10093224	Deletion	8910
3R	10113857	10112887	Deletion	970
3R	10165250	10159038	Deletion	6212
3R	10174120	10174031	Deletion	89
3R	10177645	10174352	Deletion	3293
3R	10269965	10263732	Deletion	6233
3R	10306233	10305837	Deletion	396
3R	10337320	10337220	Deletion	100
3R	10363784	10362459	Deletion	1325
3R	10405055	10399817	Deletion	5238
3R	10429717	10428028	Deletion	1689
3R	10437409	10435310	Deletion	2099
3R	10500945	10500250	Deletion	695
3R	10503154	10502780	Deletion	374
3R	10548126	10548021	Deletion	105
3R	10584906	10584707	Deletion	199
3R	10634485	10625984	Deletion	8501
3R	10643238	10642283	Deletion	955
3R	10714982	10715040	Deletion	58
3R	10722920	10715033	Deletion	7887
3R	10754170	10746226	Deletion	7944
3R	10773522	10770579	Deletion	2943
3R	10793828	10782589	Deletion	11239
3R	10795579	10794507	Deletion	1072
3R	10894934	10893419	Deletion	1515
3R	10919988	10917470	Deletion	2518
3R	10923352	10922721	Deletion	631
3R	11004307	11004382	Deletion	75
3R	11040348	11040193	Deletion	155
3R	11043639	11042766	Deletion	873
3R	11097034	11094263	Deletion	2771
3R	11100557	11100642	Deletion	85
3R	11120047	11116357	Deletion	3690
3R	11164448	11162339	Deletion	2109
3R	11166715	11166536	Deletion	179
3R	11247657	11247492	Deletion	165
3R	11272646	11253578	Deletion	19068
3R	11272647	11272705	Deletion	58
3R	11276345	11275377	Deletion	968
3R	11315848	11315921	Deletion	73
3R	11330746	11327162	Deletion	3584
3R	11330748	11330787	Deletion	39
3R	11350291	11346155	Deletion	4136
3R	11390523	11390588	Deletion	65
3R	11412729	11411331	Deletion	1398
3R	11429186	11413720	Deletion	15466
3R	11442490	11433082	Deletion	9408
3R	11451307	11451422	Deletion	115
3R	11453771	11451417	Deletion	2354
3R	11469995	11467424	Deletion	2571
3R	11527670	11516127	Deletion	11543
3R	11544419	11544518	Deletion	99
3R	11546804	11544514	Deletion	2290
3R	11546807	11546875	Deletion	68
3R	11695705	11695813	Deletion	108
3R	11712693	11712633	Deletion	60
3R	11716763	11716849	Deletion	86
3R	11718718	11716844	Deletion	1874
3R	11737527	11735583	Deletion	1944
3R	11769061	11761918	Deletion	7143
3R	11812455	11812535	Deletion	80
3R	11812718	11812533	Deletion	185
3R	11849160	11846509	Deletion	2651
3R	11891243	11891327	Deletion	84
3R	11959635	11955442	Deletion	4193
3R	11964613	11962567	Deletion	2046
3R	12038015	12035355	Deletion	2660
3R	12050577	12049647	Deletion	930
3R	12050957	12050894	Deletion	63
3R	12072081	12072124	Deletion	43
3R	12136982	12117511	Deletion	19471
3R	12166854	12163575	Deletion	3279
3R	12212313	12211008	Deletion	1305
3R	12254257	12218393	Deletion	35864
3R	12254260	12254310	Deletion	50
3R	12379944	12376048	Deletion	3896
3R	12528635	12528269	Deletion	366
3R	12535884	12535924	Deletion	40
3R	12578097	12574852	Deletion	3245
3R	12671083	12662902	Deletion	8181
3R	12673840	12673765	Deletion	75
3R	12697280	12697374	Deletion	94
3R	12697533	12697372	Deletion	161
3R	12750046	12745702	Deletion	4344
3R	12775666	12771634	Deletion	4032
3R	12775669	12775757	Deletion	88
3R	12775671	12775710	Deletion	39
3R	12864659	12854468	Deletion	10191
3R	12866673	12866382	Deletion	291
3R	12946863	12938424	Deletion	8439
3R	12950322	12950409	Deletion	87
3R	13005068	13002717	Deletion	2351
3R	13052724	13042796	Deletion	9928
3R	13054852	13054787	Deletion	65
3R	13070325	13067084	Deletion	3241
3R	13101543	13101384	Deletion	159
3R	13129469	13129503	Deletion	34
3R	13190094	13180209	Deletion	9885
3R	13190096	13190191	Deletion	95
3R	13272085	13271995	Deletion	90
3R	13405061	13403942	Deletion	1119
3R	13424481	13406714	Deletion	17767
3R	13446607	13441205	Deletion	5402
3R	13481588	13471546	Deletion	10042
3R	13517085	13499898	Deletion	17187
3R	13540722	13539459	Deletion	1263
3R	13561037	13557320	Deletion	3717
3R	13561897	13561473	Deletion	424
3R	13596467	13578378	Deletion	18089
3R	13673193	13673060	Deletion	133
3R	13688978	13689069	Deletion	91
3R	13689651	13689072	Deletion	579
3R	13717035	13692524	Deletion	24511
3R	13778526	13776635	Deletion	1891
3R	13811110	13810026	Deletion	1084
3R	13880155	13876689	Deletion	3466
3R	13926558	13906679	Deletion	19879
3R	13932359	13927556	Deletion	4803
3R	13950261	13950320	Deletion	59
3R	13954398	13950316	Deletion	4082
3R	13954400	13954445	Deletion	45
3R	13972363	13972208	Deletion	155
3R	13985656	13981822	Deletion	3834
3R	14062341	14061470	Deletion	871
3R	14328353	14317083	Deletion	11270
3R	14341499	14341576	Deletion	77
3R	14341789	14341573	Deletion	216
3R	14376352	14374124	Deletion	2228
3R	14389991	14380085	Deletion	9906
3R	14563034	14560234	Deletion	2800
3R	14588751	14588428	Deletion	323
3R	14616828	14604479	Deletion	12349
3R	14652636	14649638	Deletion	2998
3R	14653059	14652676	Deletion	383
3R	14702787	14690114	Deletion	12673
3R	14730272	14730371	Deletion	99
3R	14740131	14730367	Deletion	9764
3R	14762954	14761123	Deletion	1831
3R	14833568	14833475	Deletion	93
3R	14959171	14946543	Deletion	12628
3R	14990423	14988273	Deletion	2150
3R	14993771	14993219	Deletion	552
3R	15033121	15033063	Deletion	58
3R	15148951	15148791	Deletion	160
3R	15148953	15149059	Deletion	106
3R	15204879	15195484	Deletion	9395
3R	15205373	15205089	Deletion	284
3R	15209598	15206769	Deletion	2829
3R	15244198	15243327	Deletion	871
3R	15268141	15268038	Deletion	103
3R	15280756	15279098	Deletion	1658
3R	15284359	15282707	Deletion	1652
3R	15304746	15301921	Deletion	2825
3R	15311604	15308324	Deletion	3280
3R	15357791	15349053	Deletion	8738
3R	15360196	15360145	Deletion	51
3R	15450682	15450604	Deletion	78
3R	15452676	15452756	Deletion	80
3R	15453868	15452757	Deletion	1111
3R	15453871	15453946	Deletion	75
3R	15466263	15458707	Deletion	7556
3R	15475121	15471611	Deletion	3510
3R	15481762	15480924	Deletion	838
3R	15500900	15500962	Deletion	62
3R	15501105	15500960	Deletion	145
3R	15577184	15563957	Deletion	13227
3R	15588680	15588057	Deletion	623
3R	15636683	15630957	Deletion	5726
3R	15643950	15641202	Deletion	2748
3R	15650480	15650575	Deletion	95
3R	15652507	15650571	Deletion	1936
3R	15658126	15658205	Deletion	79
3R	15660350	15658200	Deletion	2150
3R	15675716	15665475	Deletion	10241
3R	15715599	15714586	Deletion	1013
3R	15745430	15745527	Deletion	97
3R	15878142	15878232	Deletion	90
3R	15917657	15917597	Deletion	60
3R	15932464	15925491	Deletion	6973
3R	15933952	15934048	Deletion	96
3R	15996183	15994807	Deletion	1376
3R	16033935	16030448	Deletion	3487
3R	16077175	16069644	Deletion	7531
3R	16090133	16080549	Deletion	9584
3R	16092360	16092072	Deletion	288
3R	16123382	16123216	Deletion	166
3R	16124217	16124028	Deletion	189
3R	16168938	16160940	Deletion	7998
3R	16205945	16201415	Deletion	4530
3R	16232660	16223100	Deletion	9560
3R	16279917	16279961	Deletion	44
3R	16317330	16303022	Deletion	14308
3R	16318045	16317462	Deletion	583
3R	16319262	16319195	Deletion	67
3R	16336554	16329030	Deletion	7524
3R	16339428	16339315	Deletion	113
3R	16357955	16358071	Deletion	116
3R	16357989	16358079	Deletion	90
3R	16359331	16358076	Deletion	1255
3R	16370160	16368258	Deletion	1902
3R	16468150	16464933	Deletion	3217
3R	16532378	16518176	Deletion	14202
3R	16562546	16555843	Deletion	6703
3R	16678011	16670796	Deletion	7215
3R	16724815	16724887	Deletion	72
3R	16734753	16724879	Deletion	9874
3R	16748232	16745692	Deletion	2540
3R	16755647	16750709	Deletion	4938
3R	16768928	16768515	Deletion	413
3R	16815481	16811019	Deletion	4462
3R	16818205	16817377	Deletion	828
3R	16851047	16830024	Deletion	21023
3R	16858950	16852638	Deletion	6312
3R	16974713	16974789	Deletion	76
3R	16978079	16974785	Deletion	3294
3R	16995363	16995447	Deletion	84
3R	16996570	16995437	Deletion	1133
3R	17044376	17038908	Deletion	5468
3R	17070666	17067571	Deletion	3095
3R	17177979	17177728	Deletion	251
3R	17244426	17244311	Deletion	115
3R	17265833	17265744	Deletion	89
3R	17327956	17304812	Deletion	23144
3R	17327960	17327992	Deletion	32
3R	17377684	17377430	Deletion	254
3R	17389487	17387752	Deletion	1735
3R	17398239	17392476	Deletion	5763
3R	17435770	17425991	Deletion	9779
3R	17439546	17437058	Deletion	2488
3R	17471368	17446900	Deletion	24468
3R	17471373	17471432	Deletion	59
3R	17547119	17547159	Deletion	40
3R	17563402	17555789	Deletion	7613
3R	17619318	17618842	Deletion	476
3R	17708440	17704641	Deletion	3799
3R	17757390	17729163	Deletion	28227
3R	17786391	17786460	Deletion	69
3R	17888755	17885660	Deletion	3095
3R	17918545	17918405	Deletion	140
3R	17935144	17930945	Deletion	4199
3R	18054164	18054273	Deletion	109
3R	18054863	18054274	Deletion	589
3R	18060640	18059965	Deletion	675
3R	18066992	18065453	Deletion	1539
3R	18096548	18094529	Deletion	2019
3R	18099770	18099460	Deletion	310
3R	18101027	18100547	Deletion	480
3R	18101864	18101446	Deletion	418
3R	18144798	18144013	Deletion	785
3R	18180857	18178178	Deletion	2679
3R	18191044	18191106	Deletion	62
3R	18197109	18191319	Deletion	5790
3R	18206983	18200441	Deletion	6542
3R	18212813	18211796	Deletion	1017
3R	18276564	18276606	Deletion	42
3R	18277511	18276601	Deletion	910
3R	18284370	18279716	Deletion	4654
3R	18290694	18286368	Deletion	4326
3R	18306860	18306642	Deletion	218
3R	18344658	18343719	Deletion	939
3R	18352333	18344923	Deletion	7410
3R	18428573	18424970	Deletion	3603
3R	18470976	18461604	Deletion	9372
3R	18520566	18517621	Deletion	2945
3R	18543632	18542979	Deletion	653
3R	18557391	18556080	Deletion	1311
3R	18562218	18562149	Deletion	69
3R	18581014	18580606	Deletion	408
3R	18581797	18581450	Deletion	347
3R	18662649	18662757	Deletion	108
3R	18668147	18662756	Deletion	5391
3R	18755434	18755532	Deletion	98
3R	18756997	18755531	Deletion	1466
3R	18887831	18887582	Deletion	249
3R	18922161	18921602	Deletion	559
3R	18961490	18961434	Deletion	56
3R	18961491	18961596	Deletion	105
3R	19019674	19016412	Deletion	3262
3R	19025173	19024132	Deletion	1041
3R	19091327	19091171	Deletion	156
3R	19152719	19140882	Deletion	11837
3R	19179191	19179268	Deletion	77
3R	19218033	19197431	Deletion	20602
3R	19241913	19239632	Deletion	2281
3R	19290294	19270886	Deletion	19408
3R	19312130	19311348	Deletion	782
3R	19336029	19335500	Deletion	529
3R	19347197	19345723	Deletion	1474
3R	19360568	19351494	Deletion	9074
3R	19411418	19398477	Deletion	12941
3R	19416741	19415074	Deletion	1667
3R	19419725	19419649	Deletion	76
3R	19454554	19454371	Deletion	183
3R	19516374	19510724	Deletion	5650
3R	19538488	19535204	Deletion	3284
3R	19559943	19557717	Deletion	2226
3R	19627123	19614351	Deletion	12772
3R	19632312	19630371	Deletion	1941
3R	19659066	19634922	Deletion	24144
3R	19670597	19669384	Deletion	1213
3R	19674296	19673876	Deletion	420
3R	19698950	19696679	Deletion	2271
3R	19766668	19750255	Deletion	16413
3R	19819596	19819491	Deletion	105
3R	19838708	19820022	Deletion	18686
3R	19852234	19852169	Deletion	65
3R	19879282	19875573	Deletion	3709
3R	19909533	19902808	Deletion	6725
3R	19964502	19961257	Deletion	3245
3R	20038779	20031170	Deletion	7609
3R	20072815	20072754	Deletion	61
3R	20108130	20096085	Deletion	12045
3R	20123209	20119370	Deletion	3839
3R	20188799	20188741	Deletion	58
3R	20194958	20192365	Deletion	2593
3R	20225259	20225011	Deletion	248
3R	20236575	20236175	Deletion	400
3R	20243388	20243124	Deletion	264
3R	20316012	20310871	Deletion	5141
3R	20321320	20321121	Deletion	199
3R	20324993	20321494	Deletion	3499
3R	20356950	20343346	Deletion	13604
3R	20387123	20379668	Deletion	7455
3R	20391920	20387289	Deletion	4631
3R	20398230	20397637	Deletion	593
3R	20403150	20398639	Deletion	4511
3R	20413994	20408566	Deletion	5428
3R	20463583	20445466	Deletion	18117
3R	20481424	20474780	Deletion	6644
3R	20502643	20500077	Deletion	2566
3R	20563065	20557028	Deletion	6037
3R	20568549	20564260	Deletion	4289
3R	20628295	20618453	Deletion	9842
3R	20663990	20663841	Deletion	149
3R	20685558	20685650	Deletion	92
3R	20685708	20685651	Deletion	57
3R	20718513	20714067	Deletion	4446
3R	20789096	20762271	Deletion	26825
3R	20789098	20789204	Deletion	106
3R	20823254	20810344	Deletion	12910
3R	20831322	20831253	Deletion	69
3R	20871810	20861564	Deletion	10246
3R	20876014	20876128	Deletion	114
3R	20877899	20876133	Deletion	1766
3R	20877904	20878002	Deletion	98
3R	20892335	20887362	Deletion	4973
3R	20948074	20942962	Deletion	5112
3R	20996415	20976759	Deletion	19656
3R	21003509	21003348	Deletion	161
3R	21033004	21027148	Deletion	5856
3R	21042592	21042506	Deletion	86
3R	21046077	21046176	Deletion	99
3R	21055406	21046174	Deletion	9232
3R	21064229	21059257	Deletion	4972
3R	21160156	21150198	Deletion	9958
3R	21166322	21166261	Deletion	61
3R	21250403	21250435	Deletion	32
3R	21261848	21261893	Deletion	45
3R	21279331	21271347	Deletion	7984
3R	21287832	21286867	Deletion	965
3R	21297137	21297244	Deletion	107
3R	21297641	21297241	Deletion	400
3R	21299399	21299473	Deletion	74
3R	21318500	21318442	Deletion	58
3R	21318505	21318600	Deletion	95
3R	21338394	21334906	Deletion	3488
3R	21369752	21362729	Deletion	7023
3R	21386458	21384489	Deletion	1969
3R	21421612	21399627	Deletion	21985
3R	21435791	21435537	Deletion	254
3R	21447977	21447907	Deletion	70
3R	21502136	21501485	Deletion	651
3R	21527157	21527242	Deletion	85
3R	21530001	21527233	Deletion	2768
3R	21581886	21573704	Deletion	8182
3R	21590995	21585135	Deletion	5860
3R	21624007	21620035	Deletion	3972
3R	21677271	21672250	Deletion	5021
3R	21724450	21724191	Deletion	259
3R	21784402	21772991	Deletion	11411
3R	21792442	21787835	Deletion	4607
3R	21831842	21823820	Deletion	8022
3R	21842346	21840042	Deletion	2304
3R	21920138	21917515	Deletion	2623
3R	21929341	21921801	Deletion	7540
3R	21944305	21937412	Deletion	6893
3R	21946744	21944596	Deletion	2148
3R	21988052	21987313	Deletion	739
3R	22017943	22009634	Deletion	8309
3R	22039633	22039566	Deletion	67
3R	22107811	22103126	Deletion	4685
3R	22152030	22139547	Deletion	12483
3R	22155292	22154593	Deletion	699
3R	22175350	22173475	Deletion	1875
3R	22177621	22177539	Deletion	82
3R	22235991	22236048	Deletion	57
3R	22236106	22236049	Deletion	57
3R	22247745	22247821	Deletion	76
3R	22293810	22276207	Deletion	17603
3R	22328948	22315324	Deletion	13624
3R	22335133	22334428	Deletion	705
3R	22351980	22344143	Deletion	7837
3R	22392633	22389099	Deletion	3534
3R	22433015	22432885	Deletion	130
3R	22458711	22458662	Deletion	49
3R	22525593	22513905	Deletion	11688
3R	22547655	22547109	Deletion	546
3R	22557773	22557805	Deletion	32
3R	22608947	22608845	Deletion	102
3R	22618991	22611680	Deletion	7311
3R	22627597	22627615	Deletion	18
3R	22628017	22627706	Deletion	311
3R	22657697	22633812	Deletion	23885
3R	22707681	22707755	Deletion	74
3R	22707845	22707749	Deletion	96
3R	22729618	22728444	Deletion	1174
3R	22785441	22785357	Deletion	84
3R	22895371	22895296	Deletion	75
3R	22915481	22914256	Deletion	1225
3R	22939696	22918453	Deletion	21243
3R	22956550	22956252	Deletion	298
3R	22998867	22998678	Deletion	189
3R	22998869	22998905	Deletion	36
3R	23032203	23031593	Deletion	610
3R	23044402	23043135	Deletion	1267
3R	23050572	23049875	Deletion	697
3R	23063787	23061566	Deletion	2221
3R	23071753	23068797	Deletion	2956
3R	23076292	23076326	Deletion	34
3R	23087193	23076323	Deletion	10870
3R	23115191	23114892	Deletion	299
3R	23126812	23121545	Deletion	5267
3R	23144087	23128798	Deletion	15289
3R	23146365	23145487	Deletion	878
3R	23175760	23169119	Deletion	6641
3R	23185069	23184756	Deletion	313
3R	23249754	23247212	Deletion	2542
3R	23266264	23264004	Deletion	2260
3R	23331900	23329791	Deletion	2109
3R	23349011	23348927	Deletion	84
3R	23403387	23378553	Deletion	24834
3R	23410044	23408721	Deletion	1323
3R	23417243	23414173	Deletion	3070
3R	23449907	23449151	Deletion	756
3R	23457459	23454801	Deletion	2658
3R	23465285	23464909	Deletion	376
3R	23477852	23477542	Deletion	310
3R	23511446	23493622	Deletion	17824
3R	23541722	23538900	Deletion	2822
3R	23550539	23546285	Deletion	4254
3R	23551461	23551092	Deletion	369
3R	23569382	23564062	Deletion	5320
3R	23647714	23647798	Deletion	84
3R	23648521	23647799	Deletion	722
3R	23648526	23648630	Deletion	104
3R	23662148	23661458	Deletion	690
3R	23719593	23719381	Deletion	212
3R	23826812	23826493	Deletion	319
3R	23826814	23826890	Deletion	76
3R	23833018	23831621	Deletion	1397
3R	23911880	23910103	Deletion	1777
3R	23926802	23926898	Deletion	96
3R	23934588	23926896	Deletion	7692
3R	23977177	23977044	Deletion	133
3R	24023213	24020857	Deletion	2356
3R	24038020	24038055	Deletion	35
3R	24038198	24038051	Deletion	147
3R	24083526	24078287	Deletion	5239
3R	24107671	24094003	Deletion	13668
3R	24161704	24160695	Deletion	1009
3R	24165930	24164963	Deletion	967
3R	24180713	24176526	Deletion	4187
3R	24188775	24186057	Deletion	2718
3R	24202614	24202224	Deletion	390
3R	24234016	24231885	Deletion	2131
3R	24276490	24276076	Deletion	414
3R	24310755	24310075	Deletion	680
3R	24333334	24333369	Deletion	35
3R	24334435	24333365	Deletion	1070
3R	24343149	24339898	Deletion	3251
3R	24403580	24390576	Deletion	13004
3R	24403585	24403653	Deletion	68
3R	24475820	24468547	Deletion	7273
3R	24506776	24505981	Deletion	795
3R	24528183	24509067	Deletion	19116
3R	24576017	24571674	Deletion	4343
3R	24607133	24605303	Deletion	1830
3R	24693415	24691152	Deletion	2263
3R	24716278	24716393	Deletion	115
3R	24716582	24716394	Deletion	188
3R	24762374	24761704	Deletion	670
3R	24806611	24806495	Deletion	116
3R	24821545	24815077	Deletion	6468
3R	24834084	24833912	Deletion	172
3R	24850295	24843850	Deletion	6445
3R	24869628	24863987	Deletion	5641
3R	24895271	24890330	Deletion	4941
3R	24914847	24908549	Deletion	6298
3R	24915109	24914883	Deletion	226
3R	24915450	24915504	Deletion	54
3R	24916472	24915498	Deletion	974
3R	24916476	24916543	Deletion	67
3R	24935974	24932994	Deletion	2980
3R	24943674	24943526	Deletion	148
3R	24987710	24977558	Deletion	10152
3R	24992926	24988971	Deletion	3955
3R	25032967	25031980	Deletion	987
3R	25210045	25197339	Deletion	12706
3R	25225870	25225510	Deletion	360
3R	25243868	25242818	Deletion	1050
3R	25270319	25264928	Deletion	5391
3R	25279588	25279626	Deletion	38
3R	25279592	25279621	Deletion	29
3R	25291738	25279623	Deletion	12115
3R	25386384	25386303	Deletion	81
3R	25396407	25390218	Deletion	6189
3R	25407155	25406867	Deletion	288
3R	25440055	25439584	Deletion	471
3R	25445761	25442262	Deletion	3499
3R	25447382	25446454	Deletion	928
3R	25450140	25449770	Deletion	370
3R	25512503	25511071	Deletion	1432
3R	25542031	25528804	Deletion	13227
3R	25574139	25568058	Deletion	6081
3R	25611799	25584737	Deletion	27062
3R	25611801	25611878	Deletion	77
3R	25617584	25613965	Deletion	3619
3R	25640721	25631451	Deletion	9270
3R	25658723	25658284	Deletion	439
3R	25703860	25691562	Deletion	12298
3R	25703944	25704031	Deletion	87
3R	25723860	25704028	Deletion	19832
3R	25829327	25828537	Deletion	790
3R	25847675	25847179	Deletion	496
3R	25872753	25870970	Deletion	1783
3R	25890646	25889823	Deletion	823
3R	25916034	25916151	Deletion	117
3R	25932617	25932705	Deletion	88
3R	25932778	25932706	Deletion	72
3R	25932781	25932819	Deletion	38
3R	25932783	25932818	Deletion	35
3R	25968041	25968096	Deletion	55
3R	26016373	26014201	Deletion	2172
3R	26041456	26031300	Deletion	10156
3R	26057270	26048218	Deletion	9052
3R	26073989	26072607	Deletion	1382
3R	26077527	26075938	Deletion	1589
3R	26091325	26088194	Deletion	3131
3R	26097995	26097917	Deletion	78
3R	26102744	26102245	Deletion	499
3R	26146459	26144870	Deletion	1589
3R	26152592	26152463	Deletion	129
3R	26152594	26152648	Deletion	54
3R	26209081	26209180	Deletion	99
3R	26216563	26216584	Deletion	21
3R	26227287	26225762	Deletion	1525
3R	26250548	26250590	Deletion	42
3R	26266204	26266103	Deletion	101
3R	26270920	26271004	Deletion	84
3R	26272055	26271007	Deletion	1048
3R	26296954	26296696	Deletion	258
3R	26309353	26309265	Deletion	88
3R	26349941	26343801	Deletion	6140
3R	26401674	26386268	Deletion	15406
3R	26420426	26411761	Deletion	8665
3R	26456691	26456154	Deletion	537
3R	26524241	26524015	Deletion	226
3R	26544489	26542989	Deletion	1500
3R	26621729	26614126	Deletion	7603
3R	26654024	26643055	Deletion	10969
3R	26671448	26671332	Deletion	116
3R	26677455	26675575	Deletion	1880
3R	26732829	26723202	Deletion	9627
3R	26767297	26766403	Deletion	894
3R	26787637	26770281	Deletion	17356
3R	26802700	26790012	Deletion	12688
3R	26809597	26809271	Deletion	326
3R	26813264	26811027	Deletion	2237
3R	26824244	26823787	Deletion	457
3R	26865267	26865310	Deletion	43
3R	26886650	26870469	Deletion	16181
3R	26887811	26886700	Deletion	1111
3R	26915180	26912353	Deletion	2827
3R	26926358	26925767	Deletion	591
3R	27011244	27011266	Deletion	22
3R	27042888	27038654	Deletion	4234
3R	27070976	27070007	Deletion	969
3R	27094717	27093762	Deletion	955
3R	27127176	27126901	Deletion	275
3R	27147300	27147271	Deletion	29
3R	27154364	27154289	Deletion	75
3R	27172155	27159783	Deletion	12372
3R	27201829	27199408	Deletion	2421
3R	27201834	27201904	Deletion	70
3R	27232332	27232175	Deletion	157
3R	27241679	27241711	Deletion	32
3R	27262313	27261968	Deletion	345
3R	27269815	27269932	Deletion	117
3R	27274065	27269929	Deletion	4136
3R	27293563	27293178	Deletion	385
3R	27306543	27296254	Deletion	10289
3R	27309017	27308138	Deletion	879
3R	27374055	27353289	Deletion	20766
3R	27388287	27387648	Deletion	639
3R	27398816	27398520	Deletion	296
3R	27398819	27398869	Deletion	50
3R	27412343	27412237	Deletion	106
3R	27487242	27477928	Deletion	9314
3R	27493897	27493495	Deletion	402
3R	27588028	27587978	Deletion	50
3R	27599400	27599088	Deletion	312
3R	27626688	27624121	Deletion	2567
3R	27629783	27629248	Deletion	535
3R	27645792	27642716	Deletion	3076
3R	27645794	27645898	Deletion	104
3R	27669386	27669335	Deletion	51
3R	27672838	27672416	Deletion	422
3R	27701257	27701192	Deletion	65
3R	27712279	27705333	Deletion	6946
3R	27712284	27712330	Deletion	46
3R	27714492	27714417	Deletion	75
3R	27723862	27721503	Deletion	2359
3R	27802952	27801644	Deletion	1308
3R	27805956	27804298	Deletion	1658
3R	27812895	27808582	Deletion	4313
3R	27830662	27830747	Deletion	85
3R	27830982	27830746	Deletion	236
3R	27830983	27831024	Deletion	41
3R	27881937	27882004	Deletion	67
3R	27906214	27901491	Deletion	4723
3R	27914758	27914539	Deletion	219
3R	27953054	27952160	Deletion	894
3R	27984079	27958499	Deletion	25580
3R	27991664	27986938	Deletion	4726
3R	27992748	27992390	Deletion	358
3R	28001675	28001615	Deletion	60
3R	28012443	28012301	Deletion	142
3R	28024696	28024180	Deletion	516
3R	28071509	28071541	Deletion	32
3R	28082404	28078423	Deletion	3981
3R	28090382	28090323	Deletion	59
3R	28105283	28103285	Deletion	1998
3R	28118843	28115006	Deletion	3837
3R	28122732	28122461	Deletion	271
3R	28131574	28131297	Deletion	277
3R	28148167	28143004	Deletion	5163
3R	28150363	28150439	Deletion	76
3R	28151533	28150436	Deletion	1097
3R	28168253	28160505	Deletion	7748
3R	28300580	28299004	Deletion	1576
3R	28327031	28327108	Deletion	77
3R	28332202	28330243	Deletion	1959
3R	28335653	28335332	Deletion	321
3R	28373920	28373572	Deletion	348
3R	28400388	28390000	Deletion	10388
3R	28429137	28426242	Deletion	2895
3R	28446803	28443183	Deletion	3620
3R	28458415	28453915	Deletion	4500
3R	28470418	28460073	Deletion	10345
3R	28480292	28480082	Deletion	210
3R	28487091	28486886	Deletion	205
3R	28500517	28500289	Deletion	228
3R	28500828	28500675	Deletion	153
3R	28533566	28522037	Deletion	11529
3R	28540087	28539603	Deletion	484
3R	28540097	28540151	Deletion	54
3R	28578326	28577355	Deletion	971
3R	28584068	28583904	Deletion	164
3R	28614558	28607807	Deletion	6751
3R	28631472	28622114	Deletion	9358
3R	28641500	28641420	Deletion	80
3R	28649645	28649283	Deletion	362
3R	28654743	28650274	Deletion	4469
3R	28664905	28664094	Deletion	811
3R	28669445	28669350	Deletion	95
3R	28670376	28670451	Deletion	75
3R	28673982	28670448	Deletion	3534
3R	28674841	28674910	Deletion	69
3R	28693527	28683986	Deletion	9541
3R	28710371	28708045	Deletion	2326
3R	28735959	28732812	Deletion	3147
3R	28737054	28736426	Deletion	628
3R	28743600	28741250	Deletion	2350
3R	28752538	28744703	Deletion	7835
3R	28843115	28843055	Deletion	60
3R	28843127	28843186	Deletion	59
3R	28846026	28843248	Deletion	2778
3R	28850326	28848695	Deletion	1631
3R	28850329	28850447	Deletion	118
3R	28859969	28859491	Deletion	478
3R	28865451	28861421	Deletion	4030
3R	28865453	28865536	Deletion	83
3R	28880001	28874409	Deletion	5592
3R	28881742	28881682	Deletion	60
3R	28885921	28884923	Deletion	998
3R	28951399	28950938	Deletion	461
3R	28967692	28967734	Deletion	42
3R	28972678	28972298	Deletion	380
3R	28979543	28979388	Deletion	155
3R	29002978	29003044	Deletion	66
3R	29004935	29003798	Deletion	1137
3R	29013832	29013776	Deletion	56
3R	29037206	29030129	Deletion	7077
3R	29041410	29041446	Deletion	36
3R	29069350	29041442	Deletion	27908
3R	29083618	29083525	Deletion	93
3R	29099144	29087167	Deletion	11977
3R	29113506	29099530	Deletion	13976
3R	29126822	29115048	Deletion	11774
3R	29146905	29146707	Deletion	198
3R	29195241	29189622	Deletion	5619
3R	29195242	29195304	Deletion	62
3R	29217300	29216723	Deletion	577
3R	29228384	29225599	Deletion	2785
3R	29248631	29240868	Deletion	7763
3R	29253559	29253635	Deletion	76
3R	29254815	29253633	Deletion	1182
3R	29268218	29268250	Deletion	32
3R	29280565	29279135	Deletion	1430
3R	29288239	29287251	Deletion	988
3R	29298341	29298178	Deletion	163
3R	29305497	29304946	Deletion	551
3R	29342177	29334493	Deletion	7684
3R	29353566	29353617	Deletion	51
3R	29353775	29353616	Deletion	159
3R	29359701	29357011	Deletion	2690
3R	29363992	29363915	Deletion	77
3R	29363994	29364038	Deletion	44
3R	29379029	29374501	Deletion	4528
3R	29402426	29379060	Deletion	23366
3R	29416859	29411833	Deletion	5026
3R	29432171	29419617	Deletion	12554
3R	29436212	29434988	Deletion	1224
3R	29436217	29436259	Deletion	42
3R	29475506	29469319	Deletion	6187
3R	29493581	29492069	Deletion	1512
3R	29500079	29494774	Deletion	5305
3R	29521484	29514203	Deletion	7281
3R	29534763	29533175	Deletion	1588
3R	29587908	29570446	Deletion	17462
3R	29637285	29634045	Deletion	3240
3R	29695657	29695775	Deletion	118
3R	29700877	29695771	Deletion	5106
3R	29716883	29709670	Deletion	7213
3R	29724669	29722336	Deletion	2333
3R	29735494	29729224	Deletion	6270
3R	29750449	29750085	Deletion	364
3R	29829025	29818003	Deletion	11022
3R	29871372	29863433	Deletion	7939
3R	29872929	29872483	Deletion	446
3R	29873549	29873501	Deletion	48
3R	29881283	29878641	Deletion	2642
3R	29910244	29905963	Deletion	4281
3R	29923440	29923301	Deletion	139
3R	29938059	29937668	Deletion	391
3R	29957519	29954719	Deletion	2800
3R	29975753	29975268	Deletion	485
3R	29993848	29984109	Deletion	9739
3R	30003914	29996531	Deletion	7383
3R	30003918	30003958	Deletion	40
3R	30008483	30008346	Deletion	137
3R	30008487	30008554	Deletion	67
3R	30045576	30031410	Deletion	14166
3R	30054175	30053207	Deletion	968
3R	30062905	30056528	Deletion	6377
3R	30082450	30082567	Deletion	117
3R	30109652	30106393	Deletion	3259
3R	30112343	30112271	Deletion	72
3R	30118615	30117148	Deletion	1467
3R	30123749	30120590	Deletion	3159
3R	30135488	30125248	Deletion	10240
3R	30146994	30135964	Deletion	11030
3R	30154042	30154133	Deletion	91
3R	30154607	30154130	Deletion	477
3R	30185104	30167414	Deletion	17690
3R	30210358	30210408	Deletion	50
3R	30211368	30210405	Deletion	963
3R	30211369	30211447	Deletion	78
3R	30222711	30222659	Deletion	52
3R	30273300	30270705	Deletion	2595
3R	30311032	30308923	Deletion	2109
3R	30375326	30357939	Deletion	17387
3R	30391527	30385155	Deletion	6372
3R	30420756	30418506	Deletion	2250
3R	30442555	30441569	Deletion	986
3R	30461157	30461234	Deletion	77
3R	30461187	30461229	Deletion	42
3R	30471690	30461231	Deletion	10459
3R	30499175	30496212	Deletion	2963
3R	30543618	30522030	Deletion	21588
3R	30550530	30549798	Deletion	732
3R	30593488	30586091	Deletion	7397
3R	30603696	30603746	Deletion	50
3R	30603873	30603744	Deletion	129
3R	30607727	30607830	Deletion	103
3R	30608199	30607826	Deletion	373
3R	30631124	30619958	Deletion	11166
3R	30637103	30635018	Deletion	2085
3R	30641223	30640012	Deletion	1211
3R	30649412	30642420	Deletion	6992
3R	30660432	30660234	Deletion	198
3R	30666373	30664792	Deletion	1581
3R	30693571	30692384	Deletion	1187
3R	30771115	30767330	Deletion	3785
3R	30813948	30809706	Deletion	4242
3R	30834061	30833559	Deletion	502
3R	30855626	30855552	Deletion	74
3R	30855628	30855742	Deletion	114
3R	30856141	30856034	Deletion	107
3R	30887415	30886759	Deletion	656
3R	30916834	30909419	Deletion	7415
3R	30937021	30936937	Deletion	84
3R	30984954	30984662	Deletion	292
3R	31022592	31019762	Deletion	2830
3R	31065007	31063463	Deletion	1544
3R	31102539	31101368	Deletion	1171
3R	31109265	31107391	Deletion	1874
3R	31122178	31120461	Deletion	1717
3R	31134368	31125447	Deletion	8921
3R	31187919	31172945	Deletion	14974
3R	31247401	31246907	Deletion	494
3R	31255540	31255044	Deletion	496
3R	31268064	31262018	Deletion	6046
3R	31309272	31303387	Deletion	5885
3R	31319088	31319203	Deletion	115
3R	31319315	31319200	Deletion	115
3R	31337260	31335600	Deletion	1660
3R	31367418	31349627	Deletion	17791
3R	31396261	31373935	Deletion	22326
3R	31396265	31396321	Deletion	56
3R	31404258	31403505	Deletion	753
3R	31405086	31404551	Deletion	535
3R	31442669	31439680	Deletion	2989
3R	31446144	31445135	Deletion	1009
3R	31449356	31446799	Deletion	2557
3R	31451075	31450926	Deletion	149
3R	31454848	31451643	Deletion	3205
3R	31538792	31538116	Deletion	676
3R	31540082	31539576	Deletion	506
3R	31557693	31545346	Deletion	12347
3R	31591868	31576898	Deletion	14970
3R	31609930	31609834	Deletion	96
3R	31612676	31612426	Deletion	250
3R	31616450	31615723	Deletion	727
3R	31641151	31640993	Deletion	158
3R	31656262	31654725	Deletion	1537
3R	31662797	31661537	Deletion	1260
3R	31671195	31671069	Deletion	126
3R	31671612	31671551	Deletion	61
3R	31715031	31715113	Deletion	82
3R	31724903	31723782	Deletion	1121
3R	31735094	31734951	Deletion	143
3R	31748788	31745354	Deletion	3434
3R	31763799	31759586	Deletion	4213
3R	31782617	31767316	Deletion	15301
3R	31791007	31786940	Deletion	4067
3R	31805439	31805502	Deletion	63
3R	31823682	31805498	Deletion	18184
3R	31840848	31831837	Deletion	9011
3R	31859773	31857768	Deletion	2005
3R	31866768	31864448	Deletion	2320
3R	31897181	31896660	Deletion	521
3R	31912399	31909543	Deletion	2856
3R	31939862	31918001	Deletion	21861
3R	31978777	31978712	Deletion	65
3R	32012980	32013014	Deletion	34
3R	32016755	32016825	Deletion	70
3R	32066690	32064601	Deletion	2089
4	9746	9808	Deletion	62
4	50263	40260	Deletion	10003
4	58681	58744	Deletion	63
4	78909	79011	Deletion	102
4	173987	160834	Deletion	13153
4	264988	260192	Deletion	4796
4	292589	284497	Deletion	8092
4	311604	311543	Deletion	61
4	328524	328584	Deletion	60
4	329483	328581	Deletion	902
4	352319	343348	Deletion	8971
4	406711	398510	Deletion	8201
4	420140	420208	Deletion	68
4	420567	420209	Deletion	358
4	420568	420674	Deletion	106
4	429041	424882	Deletion	4159
4	454453	450236	Deletion	4217
4	592694	592398	Deletion	296
4	640827	632212	Deletion	8615
4	647576	647295	Deletion	281
4	766837	766874	Deletion	37
4	798680	798601	Deletion	79
4	821315	814740	Deletion	6575
4	865444	852154	Deletion	13290
4	921025	912625	Deletion	8400
4	1013742	1013853	Deletion	111
4	1130117	1108514	Deletion	21603
4	1157368	1155204	Deletion	2164
4	1240598	1226456	Deletion	14142
4	1294839	1294889	Deletion	50
X	134679	130308	Deletion	4371
X	148858	148960	Deletion	102
X	152002	148957	Deletion	3045
X	162429	162465	Deletion	36
X	199897	168166	Deletion	31731
X	361319	356077	Deletion	5242
X	366624	365439	Deletion	1185
X	387292	387382	Deletion	90
X	387886	387377	Deletion	509
X	403864	392797	Deletion	11067
X	426228	409052	Deletion	17176
X	428397	427357	Deletion	1040
X	459095	459139	Deletion	44
X	467176	459135	Deletion	8041
X	522198	521845	Deletion	353
X	677598	673647	Deletion	3951
X	706086	696299	Deletion	9787
X	750254	750200	Deletion	54
X	794359	779493	Deletion	14866
X	877058	876769	Deletion	289
X	938834	934113	Deletion	4721
X	988867	980506	Deletion	8361
X	1002233	1002147	Deletion	86
X	1064735	1064845	Deletion	110
X	1090226	1089939	Deletion	287
X	1122580	1121086	Deletion	1494
X	1128520	1128617	Deletion	97
X	1137528	1128620	Deletion	8908
X	1145516	1143018	Deletion	2498
X	1189490	1186257	Deletion	3233
X	1293775	1293714	Deletion	61
X	1413118	1388256	Deletion	24862
X	1418629	1418085	Deletion	544
X	1447602	1446437	Deletion	1165
X	1454242	1449094	Deletion	5148
X	1454549	1454423	Deletion	126
X	1457848	1455950	Deletion	1898
X	1457864	1457946	Deletion	82
X	1486458	1457974	Deletion	28484
X	1496302	1486505	Deletion	9797
X	1531946	1529532	Deletion	2414
X	1575297	1572714	Deletion	2583
X	1623984	1617492	Deletion	6492
X	1635631	1635735	Deletion	104
X	1693634	1691139	Deletion	2495
X	1708838	1699199	Deletion	9639
X	1773871	1773266	Deletion	605
X	1854658	1852763	Deletion	1895
X	1868642	1868581	Deletion	61
X	1869969	1869154	Deletion	815
X	1906900	1900613	Deletion	6287
X	1967591	1967453	Deletion	138
X	2018074	2016539	Deletion	1535
X	2035513	2035287	Deletion	226
X	2085640	2084778	Deletion	862
X	2095832	2094980	Deletion	852
X	2112592	2096234	Deletion	16358
X	2137683	2137765	Deletion	82
X	2345041	2345086	Deletion	45
X	2454514	2454547	Deletion	33
X	2472396	2464312	Deletion	8084
X	2581880	2578532	Deletion	3348
X	2617743	2617840	Deletion	97
X	2618093	2617836	Deletion	257
X	2746910	2746940	Deletion	30
X	2781976	2779767	Deletion	2209
X	2814150	2807468	Deletion	6682
X	2863974	2864036	Deletion	62
X	2896851	2892750	Deletion	4101
X	2896852	2896926	Deletion	74
X	2906515	2898574	Deletion	7941
X	2908257	2906999	Deletion	1258
X	2912598	2908845	Deletion	3753
X	2934503	2934422	Deletion	81
X	2951813	2951873	Deletion	60
X	2956257	2951872	Deletion	4385
X	2981466	2960700	Deletion	20766
X	3013773	3011531	Deletion	2242
X	3020374	3015661	Deletion	4713
X	3024859	3024776	Deletion	83
X	3163787	3163200	Deletion	587
X	3217618	3203323	Deletion	14295
X	3232953	3230730	Deletion	2223
X	3275127	3275226	Deletion	99
X	3277420	3275221	Deletion	2199
X	3277425	3277488	Deletion	63
X	3307765	3299595	Deletion	8170
X	3314627	3314476	Deletion	151
X	3366521	3355372	Deletion	11149
X	3382671	3381459	Deletion	1212
X	3432005	3431028	Deletion	977
X	3457841	3457716	Deletion	125
X	3482974	3481743	Deletion	1231
X	3511313	3511152	Deletion	161
X	3531311	3531402	Deletion	91
X	3531470	3531397	Deletion	73
X	3557030	3549417	Deletion	7613
X	3561087	3560417	Deletion	670
X	3679286	3679375	Deletion	89
X	3692524	3679370	Deletion	13154
X	3700044	3698946	Deletion	1098
X	3721866	3720873	Deletion	993
X	3722234	3722283	Deletion	49
X	3739483	3739521	Deletion	38
X	3744577	3743865	Deletion	712
X	3765141	3763907	Deletion	1234
X	3776708	3769536	Deletion	7172
X	3898098	3897715	Deletion	383
X	3908030	3899844	Deletion	8186
X	3920628	3912439	Deletion	8189
X	3931391	3931168	Deletion	223
X	3996218	3996324	Deletion	106
X	4056583	4056465	Deletion	118
X	4090348	4090271	Deletion	77
X	4097684	4097524	Deletion	160
X	4147627	4147732	Deletion	105
X	4178711	4169253	Deletion	9458
X	4386586	4386046	Deletion	540
X	4542489	4542554	Deletion	65
X	4569547	4569476	Deletion	71
X	4643701	4605727	Deletion	37974
X	4729821	4727251	Deletion	2570
X	4751423	4751368	Deletion	55
X	4824609	4824223	Deletion	386
X	4898559	4886670	Deletion	11889
X	4909818	4901095	Deletion	8723
X	4927090	4927148	Deletion	58
X	4931296	4927152	Deletion	4144
X	4968161	4947863	Deletion	20298
X	5038334	5023668	Deletion	14666
X	5087791	5087632	Deletion	159
X	5169939	5166560	Deletion	3379
X	5210953	5211073	Deletion	120
X	5212701	5211398	Deletion	1303
X	5267401	5254026	Deletion	13375
X	5309302	5297970	Deletion	11332
X	5322226	5320150	Deletion	2076
X	5327076	5326479	Deletion	597
X	5351666	5351574	Deletion	92
X	5364607	5358297	Deletion	6310
X	5382320	5378950	Deletion	3370
X	5389612	5388919	Deletion	693
X	5466874	5430784	Deletion	36090
X	5558583	5549931	Deletion	8652
X	5607648	5592506	Deletion	15142
X	5624211	5622426	Deletion	1785
X	5752910	5744716	Deletion	8194
X	5753186	5752946	Deletion	240
X	5837545	5836775	Deletion	770
X	5840830	5840590	Deletion	240
X	5862882	5859661	Deletion	3221
X	5894114	5886865	Deletion	7249
X	5956492	5955158	Deletion	1334
X	5981233	5981022	Deletion	211
X	6008110	5998833	Deletion	9277
X	6049053	6034629	Deletion	14424
X	6116997	6115287	Deletion	1710
X	6219065	6218134	Deletion	931
X	6249093	6240311	Deletion	8782
X	6273239	6250774	Deletion	22465
X	6302648	6301360	Deletion	1288
X	6302650	6302747	Deletion	97
X	6429716	6424742	Deletion	4974
X	6448292	6448365	Deletion	73
X	6541724	6541509	Deletion	215
X	6586157	6584212	Deletion	1945
X	6650511	6650583	Deletion	72
X	6651735	6650578	Deletion	1157
X	6675400	6673213	Deletion	2187
X	6686068	6684518	Deletion	1550
X	6721385	6712926	Deletion	8459
X	6808730	6807426	Deletion	1304
X	6846159	6845855	Deletion	304
X	6850303	6849959	Deletion	344
X	6856749	6856836	Deletion	87
X	6857571	6857493	Deletion	78
X	6860092	6859309	Deletion	783
X	6878637	6861924	Deletion	16713
X	6960032	6958369	Deletion	1663
X	6986136	6985882	Deletion	254
X	7031837	7031099	Deletion	738
X	7036279	7034301	Deletion	1978
X	7036989	7036928	Deletion	61
X	7102723	7098680	Deletion	4043
X	7120659	7118140	Deletion	2519
X	7185748	7177289	Deletion	8459
X	7225092	7225192	Deletion	100
X	7297408	7297265	Deletion	143
X	7318542	7318618	Deletion	76
X	7421503	7420754	Deletion	749
X	7526947	7523844	Deletion	3103
X	7582671	7582590	Deletion	81
X	7692569	7692485	Deletion	84
X	7767225	7761078	Deletion	6147
X	7807403	7804706	Deletion	2697
X	7846184	7845894	Deletion	290
X	7940176	7929884	Deletion	10292
X	7945551	7945434	Deletion	117
X	7954862	7951953	Deletion	2909
X	8002775	8001631	Deletion	1144
X	8080677	8050386	Deletion	30291
X	8166756	8163660	Deletion	3096
X	8178793	8175367	Deletion	3426
X	8235027	8234476	Deletion	551
X	8250417	8241331	Deletion	9086
X	8271551	8266774	Deletion	4777
X	8363796	8363509	Deletion	287
X	8377004	8370589	Deletion	6415
X	8384260	8384199	Deletion	61
X	8396619	8395489	Deletion	1130
X	8410013	8410125	Deletion	112
X	8428874	8428716	Deletion	158
X	8493750	8493459	Deletion	291
X	8530972	8517264	Deletion	13708
X	8548727	8531002	Deletion	17725
X	8567639	8567026	Deletion	613
X	8642837	8641198	Deletion	1639
X	8656510	8644546	Deletion	11964
X	8720796	8719697	Deletion	1099
X	8746098	8745733	Deletion	365
X	8880658	8875302	Deletion	5356
X	8974008	8962184	Deletion	11824
X	9001815	8992715	Deletion	9100
X	9078005	9078120	Deletion	115
X	9079318	9078124	Deletion	1194
X	9084278	9082282	Deletion	1996
X	9099133	9085315	Deletion	13818
X	9100181	9099651	Deletion	530
X	9164567	9163864	Deletion	703
X	9217272	9217220	Deletion	52
X	9440457	9440546	Deletion	89
X	9445225	9440549	Deletion	4676
X	9485980	9486094	Deletion	114
X	9505438	9486099	Deletion	19339
X	9577342	9576964	Deletion	378
X	9587765	9586840	Deletion	925
X	9713240	9710353	Deletion	2887
X	9740775	9739796	Deletion	979
X	9789401	9777640	Deletion	11761
X	9820400	9820036	Deletion	364
X	9856096	9849997	Deletion	6099
X	9923991	9923902	Deletion	89
X	9929220	9925788	Deletion	3432
X	10019977	10019844	Deletion	133
X	10049657	10049762	Deletion	105
X	10052313	10052436	Deletion	123
X	10150400	10149719	Deletion	681
X	10232150	10223415	Deletion	8735
X	10251912	10251241	Deletion	671
X	10441142	10440204	Deletion	938
X	10516815	10512321	Deletion	4494
X	10537237	10537312	Deletion	75
X	10612587	10606492	Deletion	6095
X	10663587	10663537	Deletion	50
X	10668307	10665850	Deletion	2457
X	10714524	10713906	Deletion	618
X	10749112	10748980	Deletion	132
X	10752478	10752015	Deletion	463
X	10788871	10786249	Deletion	2622
X	10832210	10806735	Deletion	25475
X	10855904	10853355	Deletion	2549
X	10918906	10915349	Deletion	3557
X	11075318	11065763	Deletion	9555
X	11081579	11081411	Deletion	168
X	11088813	11088721	Deletion	92
X	11088814	11088864	Deletion	50
X	11168416	11165759	Deletion	2657
X	11171855	11170561	Deletion	1294
X	11280516	11275585	Deletion	4931
X	11344698	11344547	Deletion	151
X	11379034	11374950	Deletion	4084
X	11395675	11392066	Deletion	3609
X	11423808	11423744	Deletion	64
X	11427731	11424898	Deletion	2833
X	11442114	11439465	Deletion	2649
X	11485044	11467506	Deletion	17538
X	11506908	11503256	Deletion	3652
X	11581797	11573255	Deletion	8542
X	11584501	11583425	Deletion	1076
X	11614751	11614490	Deletion	261
X	11668424	11668037	Deletion	387
X	11697393	11696625	Deletion	768
X	11701105	11701028	Deletion	77
X	11724440	11717483	Deletion	6957
X	11781978	11772523	Deletion	9455
X	11828292	11828213	Deletion	79
X	11907767	11907425	Deletion	342
X	11954306	11951683	Deletion	2623
X	11969147	11954849	Deletion	14298
X	11969148	11969185	Deletion	37
X	12055757	12052639	Deletion	3118
X	12099558	12099646	Deletion	88
X	12100235	12099672	Deletion	563
X	12103122	12103070	Deletion	52
X	12107681	12107546	Deletion	135
X	12164657	12164024	Deletion	633
X	12197216	12181534	Deletion	15682
X	12228311	12218440	Deletion	9871
X	12248647	12248457	Deletion	190
X	12252584	12252282	Deletion	302
X	12294704	12294632	Deletion	72
X	12476176	12473564	Deletion	2612
X	12529281	12528880	Deletion	401
X	12700010	12699618	Deletion	392
X	12700012	12700049	Deletion	37
X	12700342	12700453	Deletion	111
X	12716207	12706457	Deletion	9750
X	12759954	12746760	Deletion	13194
X	12771022	12768200	Deletion	2822
X	12773384	12771053	Deletion	2331
X	12814508	12811464	Deletion	3044
X	12913680	12913505	Deletion	175
X	12913682	12913795	Deletion	113
X	12926769	12918727	Deletion	8042
X	12990703	12975241	Deletion	15462
X	13004579	13000860	Deletion	3719
X	13017354	13017381	Deletion	27
X	13082758	13069966	Deletion	12792
X	13108693	13106804	Deletion	1889
X	13211742	13202135	Deletion	9607
X	13257929	13247897	Deletion	10032
X	13271143	13270746	Deletion	397
X	13287483	13287592	Deletion	109
X	13311426	13311354	Deletion	72
X	13318282	13317673	Deletion	609
X	13353486	13353428	Deletion	58
X	13385186	13383016	Deletion	2170
X	13401135	13388120	Deletion	13015
X	13473030	13469774	Deletion	3256
X	13559166	13546643	Deletion	12523
X	13580652	13580450	Deletion	202
X	13706500	13706093	Deletion	407
X	13744770	13744643	Deletion	127
X	13753181	13750397	Deletion	2784
X	13818119	13813595	Deletion	4524
X	13865117	13834953	Deletion	30164
X	13867641	13867159	Deletion	482
X	13930929	13917903	Deletion	13026
X	14013878	14013508	Deletion	370
X	14069228	14061514	Deletion	7714
X	14085658	14070641	Deletion	15017
X	14172096	14163872	Deletion	8224
X	14181567	14172164	Deletion	9403
X	14192091	14192141	Deletion	50
X	14193134	14192990	Deletion	144
X	14193185	14193186	Deletion	1
X	14193892	14193253	Deletion	639
X	14195093	14194781	Deletion	312
X	14242204	14241829	Deletion	375
X	14259001	14257448	Deletion	1553
X	14312817	14311877	Deletion	940
X	14316605	14316535	Deletion	70
X	14370709	14369522	Deletion	1187
X	14418277	14418277	Deletion	0
X	14495276	14495215	Deletion	61
X	14500226	14498652	Deletion	1574
X	14538916	14526114	Deletion	12802
X	14587327	14586538	Deletion	789
X	14623844	14623535	Deletion	309
X	14625773	14625547	Deletion	226
X	14625774	14625835	Deletion	61
X	14706036	14704774	Deletion	1262
X	14712596	14712181	Deletion	415
X	14863477	14863534	Deletion	57
X	14865802	14863532	Deletion	2270
X	14900904	14899712	Deletion	1192
X	14920793	14917529	Deletion	3264
X	14957693	14957607	Deletion	86
X	14976712	14968891	Deletion	7821
X	14982802	14978251	Deletion	4551
X	14999249	14998672	Deletion	577
X	15129198	15126298	Deletion	2900
X	15129199	15129256	Deletion	57
X	15134944	15132337	Deletion	2607
X	15140445	15140273	Deletion	172
X	15180191	15174843	Deletion	5348
X	15198836	15196292	Deletion	2544
X	15205806	15205275	Deletion	531
X	15259375	15259291	Deletion	84
X	15273410	15261730	Deletion	11680
X	15325483	15323055	Deletion	2428
X	15325488	15325583	Deletion	95
X	15342187	15334720	Deletion	7467
X	15438048	15427457	Deletion	10591
X	15479162	15479219	Deletion	57
X	15489133	15479218	Deletion	9915
X	15506909	15505740	Deletion	1169
X	15581239	15580654	Deletion	585
X	15671933	15670743	Deletion	1190
X	15697707	15697596	Deletion	111
X	15718668	15702825	Deletion	15843
X	15741642	15729337	Deletion	12305
X	15880404	15874824	Deletion	5580
X	15917651	15917722	Deletion	71
X	15933184	15917718	Deletion	15466
X	15955437	15953299	Deletion	2138
X	16005813	16005880	Deletion	67
X	16006084	16005926	Deletion	158
X	16020134	16018994	Deletion	1140
X	16074543	16074113	Deletion	430
X	16152943	16151141	Deletion	1802
X	16208053	16199562	Deletion	8491
X	16208059	16208122	Deletion	63
X	16367701	16367772	Deletion	71
X	16373984	16371861	Deletion	2123
X	16373987	16374042	Deletion	55
X	16378579	16378499	Deletion	80
X	16580759	16579101	Deletion	1658
X	16652251	16649434	Deletion	2817
X	16652775	16652893	Deletion	118
X	16687951	16687556	Deletion	395
X	16788560	16788510	Deletion	50
X	16887971	16880482	Deletion	7489
X	16896286	16891099	Deletion	5187
X	16967262	16965322	Deletion	1940
X	17037098	17029366	Deletion	7732
X	17074255	17066917	Deletion	7338
X	17139075	17138657	Deletion	418
X	17216973	17216255	Deletion	718
X	17219547	17219650	Deletion	103
X	17247812	17247715	Deletion	97
X	17415688	17375381	Deletion	40307
X	17467859	17453132	Deletion	14727
X	17522248	17519171	Deletion	3077
X	17563008	17559872	Deletion	3136
X	17645205	17645278	Deletion	73
X	17665060	17664984	Deletion	76
X	17679061	17678909	Deletion	152
X	17687562	17687460	Deletion	102
X	17708907	17707323	Deletion	1584
X	17746551	17744297	Deletion	2254
X	17756468	17756273	Deletion	195
X	17779528	17765043	Deletion	14485
X	17788196	17781501	Deletion	6695
X	17832002	17831879	Deletion	123
X	17943489	17943298	Deletion	191
X	17970309	17969583	Deletion	726
X	17986339	17986114	Deletion	225
X	18018967	18011280	Deletion	7687
X	18033792	18033068	Deletion	724
X	18042909	18037460	Deletion	5449
X	18074947	18074897	Deletion	50
X	18135404	18117366	Deletion	18038
X	18190536	18190466	Deletion	70
X	18275601	18261450	Deletion	14151
X	18316132	18310817	Deletion	5315
X	18325754	18325040	Deletion	714
X	18367116	18367051	Deletion	65
X	18383160	18374290	Deletion	8870
X	18386725	18386367	Deletion	358
X	18386726	18386810	Deletion	84
X	18415756	18415586	Deletion	170
X	18441798	18440579	Deletion	1219
X	18463127	18462499	Deletion	628
X	18469185	18469120	Deletion	65
X	18620080	18619856	Deletion	224
X	18673960	18666627	Deletion	7333
X	18742962	18741414	Deletion	1548
X	18745414	18745526	Deletion	112
X	18810481	18807647	Deletion	2834
X	18872371	18868227	Deletion	4144
X	18918763	18914299	Deletion	4464
X	18922303	18922370	Deletion	67
X	18934547	18922368	Deletion	12179
X	18939763	18935589	Deletion	4174
X	18975256	18969704	Deletion	5552
X	19016910	19016994	Deletion	84
X	19018174	19016993	Deletion	1181
X	19018175	19018217	Deletion	42
X	19037022	19036827	Deletion	195
X	19054995	19053944	Deletion	1051
X	19181206	19179459	Deletion	1747
X	19200591	19184348	Deletion	16243
X	19241581	19240697	Deletion	884
X	19248786	19246988	Deletion	1798
X	19336774	19333770	Deletion	3004
X	19379663	19379720	Deletion	57
X	19420864	19420640	Deletion	224
X	19452829	19452925	Deletion	96
X	19452883	19452865	Deletion	18
X	19452958	19452937	Deletion	21
X	19456695	19453021	Deletion	3674
X	19525591	19523832	Deletion	1759
X	19527806	19526526	Deletion	1280
X	19555102	19554661	Deletion	441
X	19555566	19555434	Deletion	132
X	19620792	19620470	Deletion	322
X	19644293	19640020	Deletion	4273
X	19666300	19662592	Deletion	3708
X	19698002	19679449	Deletion	18553
X	19709118	19708809	Deletion	309
X	19713546	19713496	Deletion	50
X	19740699	19722157	Deletion	18542
X	19783933	19773292	Deletion	10641
X	19800549	19800575	Deletion	26
X	19860315	19840574	Deletion	19741
X	19911987	19911867	Deletion	120
X	19911989	19912035	Deletion	46
X	19917151	19917031	Deletion	120
X	19967773	19961439	Deletion	6334
X	19970297	19968986	Deletion	1311
X	19997244	19996629	Deletion	615
X	20000526	19997284	Deletion	3242
X	20010482	20010097	Deletion	385
X	20041869	20036731	Deletion	5138
X	20044582	20043147	Deletion	1435
X	20105565	20104806	Deletion	759
X	20250319	20247490	Deletion	2829
X	20279183	20278713	Deletion	470
X	20279185	20279292	Deletion	107
X	20336820	20336674	Deletion	146
X	20369331	20369429	Deletion	98
X	20374795	20369428	Deletion	5367
X	20410902	20410745	Deletion	157
X	20412891	20412840	Deletion	51
X	20471853	20471687	Deletion	166
X	20494270	20472433	Deletion	21837
X	20510088	20509482	Deletion	606
X	20536402	20536182	Deletion	220
X	20537628	20537665	Deletion	37
X	20538264	20537666	Deletion	598
X	20538265	20538361	Deletion	96
X	20538277	20538353	Deletion	76
X	20543197	20538372	Deletion	4825
X	20572547	20566345	Deletion	6202
X	20786092	20782330	Deletion	3762
X	20796345	20788185	Deletion	8160
X	20796353	20796399	Deletion	46
X	20813539	20813473	Deletion	66
X	20833952	20833632	Deletion	320
X	20921719	20920313	Deletion	1406
X	20922205	20921813	Deletion	392
X	20940489	20940597	Deletion	108
X	20950388	20948991	Deletion	1397
X	20962580	20962389	Deletion	191
X	20997127	20996115	Deletion	1012
X	21034036	21033621	Deletion	415
X	21034039	21034146	Deletion	107
X	21051301	21046546	Deletion	4755
X	21132654	21132472	Deletion	182
X	21216941	21208007	Deletion	8934
X	21293422	21290818	Deletion	2604
X	21325132	21325198	Deletion	66
X	21325337	21325195	Deletion	142
X	21382688	21376045	Deletion	6643
X	21405190	21404511	Deletion	679
X	21413061	21412793	Deletion	268
X	21479235	21478913	Deletion	322
X	21526735	21526152	Deletion	583
X	21567915	21567997	Deletion	82
X	21577394	21577104	Deletion	290
X	21605754	21605288	Deletion	466
X	21670638	21670176	Deletion	462
X	21671112	21670705	Deletion	407
X	21731272	21731018	Deletion	254
X	21907315	21907215	Deletion	100
X	22109031	22109064	Deletion	33
X	22167794	22167823	Deletion	29
X	22222556	22222607	Deletion	51
X	22260654	22260554	Deletion	100
X	22281145	22281172	Deletion	27
X	22349804	22317804	Deletion	32000
X	22354328	22354228	Deletion	100
X	22390336	22390244	Deletion	92
X	22395632	22395540	Deletion	92
X	22469319	22466963	Deletion	2356
X	22474128	22472252	Deletion	1876
X	22519140	22518372	Deletion	768
X	22585397	22583630	Deletion	1767
X	22657908	22656481	Deletion	1427
X	22695056	22694151	Deletion	905
X	22704275	22701728	Deletion	2547
X	22807401	22794666	Deletion	12735
X	22831178	22828362	Deletion	2816
X	22849314	22843609	Deletion	5705
X	22908947	22908992	Deletion	45
X	22918312	22918398	Deletion	86
X	22924345	22918393	Deletion	5952
X	23020616	23020679	Deletion	63
X	23047834	23042316	Deletion	5518
X	23080965	23079702	Deletion	1263
X	23099365	23099472	Deletion	107
X	23101861	23099475	Deletion	2386
X	23223627	23223219	Deletion	408
X	23277860	23277970	Deletion	110
X	23278034	23277966	Deletion	68
X	23417339	23415858	Deletion	1481
X	23510504	23509818	Deletion	686
Y	27583	25521	Deletion	2062
Y	50984	50309	Deletion	675
Y	70202	61108	Deletion	9094
Y	88784	88684	Deletion	100
Y	90402	90199	Deletion	203
Y	104025	103137	Deletion	888
Y	137354	137254	Deletion	100
Y	257133	257238	Deletion	105
Y	257136	257188	Deletion	52
Y	285230	285253	Deletion	23
Y	304047	300076	Deletion	3971
Y	334582	318207	Deletion	16375
Y	334732	334639	Deletion	93
Y	345817	340980	Deletion	4837
Y	353342	353242	Deletion	100
Y	445904	445949	Deletion	45
Y	465296	465241	Deletion	55
Y	497285	497185	Deletion	100
Y	530151	522151	Deletion	8000
Y	557968	557868	Deletion	100
Y	561677	561756	Deletion	79
Y	561709	561826	Deletion	117
Y	562010	561869	Deletion	141
Y	564237	564137	Deletion	100
Y	564734	564811	Deletion	77
Y	653012	653000	Deletion	12
Y	653035	653087	Deletion	52
Y	809371	809227	Deletion	144
Y	833578	831139	Deletion	2439
Y	841351	840136	Deletion	1215
Y	858052	857949	Deletion	103
Y	881064	880964	Deletion	100
Y	882211	882111	Deletion	100
Y	908914	908814	Deletion	100
Y	911854	910846	Deletion	1008
Y	912539	912439	Deletion	100
Y	914401	914301	Deletion	100
Y	916439	916499	Deletion	60
Y	931870	931987	Deletion	117
Y	936691	936738	Deletion	47
Y	942120	942020	Deletion	100
Y	947503	947403	Deletion	100
Y	948625	948654	Deletion	29
Y	970563	970063	Deletion	500
Y	977621	977521	Deletion	100
Y	1035679	1035716	Deletion	37
Y	1058298	1058370	Deletion	72
Y	1105173	1104346	Deletion	827
Y	1111276	1105229	Deletion	6047
Y	1165724	1164724	Deletion	1000
Y	1209724	1209805	Deletion	81
Y	1215220	1215120	Deletion	100
Y	1391468	1391535	Deletion	67
Y	1391633	1391583	Deletion	50
Y	1416923	1416990	Deletion	67
Y	1416928	1417019	Deletion	91
Y	1453804	1450443	Deletion	3361
Y	1469425	1467271	Deletion	2154
Y	1479897	1479774	Deletion	123
Y	1642513	1642583	Deletion	70
Y	1642683	1642559	Deletion	124
Y	1754747	1752724	Deletion	2023
Y	1754771	1754813	Deletion	42
Y	1764898	1764966	Deletion	68
Y	1810820	1810720	Deletion	100
Y	1864377	1863376	Deletion	1001
Y	1889293	1888772	Deletion	521
Y	1889315	1889358	Deletion	43
Y	1889345	1889364	Deletion	19
Y	1891520	1890912	Deletion	608
Y	1901479	1900871	Deletion	608
Y	1917267	1913550	Deletion	3717
Y	1987475	1987425	Deletion	50
Y	2005034	2004934	Deletion	100
Y	2062529	2062600	Deletion	71
Y	2230736	2230668	Deletion	68
Y	2278298	2277919	Deletion	379
Y	2309969	2310013	Deletion	44
Y	2421673	2415473	Deletion	6200
Y	2422505	2422375	Deletion	130
Y	2458843	2457096	Deletion	1747
Y	2537332	2537299	Deletion	33
Y	2592888	2592996	Deletion	108
Y	2628284	2628174	Deletion	110
Y	2666532	2666569	Deletion	37
Y	2676191	2675667	Deletion	524
Y	2788407	2788338	Deletion	69
Y	2840059	2840148	Deletion	89
Y	2859073	2854073	Deletion	5000
Y	2862111	2862170	Deletion	59
Y	2907230	2902230	Deletion	5000
Y	2929727	2929776	Deletion	49
Y	2949964	2950039	Deletion	75
Y	2963138	2963191	Deletion	53
Y	3023862	3014360	Deletion	9502
Y	3025246	3025146	Deletion	100
Y	3026044	3026057	Deletion	13
Y	3079110	3079177	Deletion	67
Y	3116263	3116263	Deletion	0
Y	3135301	3135229	Deletion	72
Y	3139181	3138885	Deletion	296
Y	3140547	3140368	Deletion	179
Y	3142514	3141595	Deletion	919
Y	3262891	3260888	Deletion	2003
Y	3284138	3284038	Deletion	100
Y	3327555	3323855	Deletion	3700
Y	3354781	3354828	Deletion	47
Y	3363327	3363403	Deletion	76
Y	3377084	3376984	Deletion	100
Y	3415659	3415643	Deletion	16
Y	3560455	3560494	Deletion	39
Y	3562503	3562558	Deletion	55
Y	3562738	3562608	Deletion	130
Y	3562740	3562777	Deletion	37
Y	3565585	3565630	Deletion	45
Y	3565730	3565625	Deletion	105
Y	3578411	3578288	Deletion	123
Y	3579264	3578469	Deletion	795
Y	3580569	3580469	Deletion	100
Y	3649494	3649394	Deletion	100
Y	3652886	3652786	Deletion	100
Y	3666452	3666483	Deletion	31
