chr	Start	End	Variant	Size
2L	40487	33267	Deletion	7220
2L	59725	52839	Deletion	6886
2L	82299	79109	Deletion	3190
2L	90668	90480	Deletion	188
2L	159374	157840	Deletion	1534
2L	183906	181038	Deletion	2868
2L	220978	214334	Deletion	6644
2L	240831	240607	Deletion	224
2L	250867	250124	Deletion	743
2L	250872	250897	Deletion	25
2L	288390	285144	Deletion	3246
2L	314375	306329	Deletion	8046
2L	325584	325446	Deletion	138
2L	375717	375660	Deletion	57
2L	394862	380768	Deletion	14094
2L	430298	428287	Deletion	2011
2L	462424	462362	Deletion	62
2L	474822	470309	Deletion	4513
2L	507810	506816	Deletion	994
2L	516064	513936	Deletion	2128
2L	521809	520424	Deletion	1385
2L	560658	557304	Deletion	3354
2L	686332	685465	Deletion	867
2L	734168	734068	Deletion	100
2L	770635	766092	Deletion	4543
2L	796283	792876	Deletion	3407
2L	846571	845967	Deletion	604
2L	945621	943285	Deletion	2336
2L	1020728	1020308	Deletion	420
2L	1035517	1029225	Deletion	6292
2L	1190970	1183356	Deletion	7614
2L	1204381	1200892	Deletion	3489
2L	1238286	1233894	Deletion	4392
2L	1267090	1267040	Deletion	50
2L	1351989	1338744	Deletion	13245
2L	1380604	1380360	Deletion	244
2L	1526658	1504626	Deletion	22032
2L	1556110	1554652	Deletion	1458
2L	1566077	1556307	Deletion	9770
2L	1597548	1592392	Deletion	5156
2L	1621419	1619479	Deletion	1940
2L	1637466	1637412	Deletion	54
2L	1640160	1639937	Deletion	223
2L	1647188	1645036	Deletion	2152
2L	1677643	1677055	Deletion	588
2L	1722191	1721995	Deletion	196
2L	1737769	1737678	Deletion	91
2L	1747429	1746577	Deletion	852
2L	1780689	1780639	Deletion	50
2L	1797870	1796421	Deletion	1449
2L	1846770	1846565	Deletion	205
2L	1880875	1872369	Deletion	8506
2L	1909234	1908714	Deletion	520
2L	1939856	1938947	Deletion	909
2L	1944946	1941302	Deletion	3644
2L	1955226	1953156	Deletion	2070
2L	1963187	1960380	Deletion	2807
2L	2002148	1992214	Deletion	9934
2L	2008892	2002360	Deletion	6532
2L	2038909	2032392	Deletion	6517
2L	2078944	2077980	Deletion	964
2L	2092361	2091933	Deletion	428
2L	2096240	2094646	Deletion	1594
2L	2139797	2132276	Deletion	7521
2L	2148307	2148154	Deletion	153
2L	2151002	2150589	Deletion	413
2L	2175641	2157950	Deletion	17691
2L	2270641	2270469	Deletion	172
2L	2273782	2273217	Deletion	565
2L	2285159	2280814	Deletion	4345
2L	2329388	2323905	Deletion	5483
2L	2342645	2341143	Deletion	1502
2L	2349557	2348881	Deletion	676
2L	2362538	2362633	Deletion	95
2L	2362775	2362638	Deletion	137
2L	2379521	2373489	Deletion	6032
2L	2408522	2402976	Deletion	5546
2L	2444989	2443759	Deletion	1230
2L	2484651	2477293	Deletion	7358
2L	2512416	2512324	Deletion	92
2L	2561187	2560823	Deletion	364
2L	2582961	2580315	Deletion	2646
2L	2698244	2696586	Deletion	1658
2L	2713679	2713587	Deletion	92
2L	2736309	2732450	Deletion	3859
2L	2771259	2769503	Deletion	1756
2L	2832381	2805452	Deletion	26929
2L	2853612	2844227	Deletion	9385
2L	2909384	2891971	Deletion	17413
2L	2930320	2925284	Deletion	5036
2L	2973266	2971491	Deletion	1775
2L	3000326	2985258	Deletion	15068
2L	3013516	3011945	Deletion	1571
2L	3013521	3013547	Deletion	26
2L	3027395	3013946	Deletion	13449
2L	3032558	3028443	Deletion	4115
2L	3056708	3043266	Deletion	13442
2L	3080228	3078168	Deletion	2060
2L	3098358	3094551	Deletion	3807
2L	3108347	3107418	Deletion	929
2L	3129022	3127372	Deletion	1650
2L	3149914	3132116	Deletion	17798
2L	3191992	3191684	Deletion	308
2L	3197863	3196749	Deletion	1114
2L	3201306	3198069	Deletion	3237
2L	3213867	3213702	Deletion	165
2L	3227229	3222615	Deletion	4614
2L	3326908	3305146	Deletion	21762
2L	3377353	3377269	Deletion	84
2L	3391866	3387294	Deletion	4572
2L	3428361	3422194	Deletion	6167
2L	3432376	3430163	Deletion	2213
2L	3477656	3471193	Deletion	6463
2L	3482053	3481436	Deletion	617
2L	3482114	3482110	Deletion	4
2L	3484768	3482199	Deletion	2569
2L	3515089	3514751	Deletion	338
2L	3562429	3562225	Deletion	204
2L	3586556	3585886	Deletion	670
2L	3678348	3678136	Deletion	212
2L	3679113	3679043	Deletion	70
2L	3799052	3761809	Deletion	37243
2L	3860069	3860000	Deletion	69
2L	3871131	3870215	Deletion	916
2L	3913239	3910523	Deletion	2716
2L	3924767	3924719	Deletion	48
2L	3934969	3934858	Deletion	111
2L	3972869	3957149	Deletion	15720
2L	3988407	3988317	Deletion	90
2L	3992267	3990457	Deletion	1810
2L	3993631	3993301	Deletion	330
2L	4010383	4010140	Deletion	243
2L	4050096	4048013	Deletion	2083
2L	4086398	4085746	Deletion	652
2L	4091726	4086825	Deletion	4901
2L	4104796	4103953	Deletion	843
2L	4135923	4132228	Deletion	3695
2L	4225361	4225307	Deletion	54
2L	4242930	4243019	Deletion	89
2L	4244637	4243016	Deletion	1621
2L	4271598	4270435	Deletion	1163
2L	4283674	4279218	Deletion	4456
2L	4352201	4351990	Deletion	211
2L	4380526	4367503	Deletion	13023
2L	4395002	4392048	Deletion	2954
2L	4492830	4492702	Deletion	128
2L	4497032	4496901	Deletion	131
2L	4513856	4506084	Deletion	7772
2L	4529303	4526324	Deletion	2979
2L	4644972	4607538	Deletion	37434
2L	4652534	4648892	Deletion	3642
2L	4672589	4670164	Deletion	2425
2L	4685303	4685249	Deletion	54
2L	4730345	4716191	Deletion	14154
2L	4751633	4751579	Deletion	54
2L	4756926	4755313	Deletion	1613
2L	4762082	4760481	Deletion	1601
2L	4770257	4762724	Deletion	7533
2L	4820856	4817762	Deletion	3094
2L	4829780	4828755	Deletion	1025
2L	4842599	4841208	Deletion	1391
2L	4856137	4852376	Deletion	3761
2L	4905899	4896680	Deletion	9219
2L	4957993	4943153	Deletion	14840
2L	4997787	4997492	Deletion	295
2L	5004515	5003037	Deletion	1478
2L	5040141	5039991	Deletion	150
2L	5060523	5060459	Deletion	64
2L	5107594	5105580	Deletion	2014
2L	5206165	5189471	Deletion	16694
2L	5250710	5249137	Deletion	1573
2L	5287875	5285091	Deletion	2784
2L	5291831	5291656	Deletion	175
2L	5320834	5317771	Deletion	3063
2L	5371450	5361828	Deletion	9622
2L	5403625	5395334	Deletion	8291
2L	5483265	5480557	Deletion	2708
2L	5494171	5490943	Deletion	3228
2L	5555123	5545928	Deletion	9195
2L	5564762	5563674	Deletion	1088
2L	5583144	5581951	Deletion	1193
2L	5585602	5585156	Deletion	446
2L	5637377	5636252	Deletion	1125
2L	5648658	5648029	Deletion	629
2L	5668299	5663722	Deletion	4577
2L	5689782	5688997	Deletion	785
2L	5704985	5704668	Deletion	317
2L	5768628	5765689	Deletion	2939
2L	5770408	5770268	Deletion	140
2L	5848067	5843795	Deletion	4272
2L	5859233	5858203	Deletion	1030
2L	5865750	5865633	Deletion	117
2L	5892921	5892712	Deletion	209
2L	5899642	5893337	Deletion	6305
2L	5938126	5926829	Deletion	11297
2L	5963090	5961599	Deletion	1491
2L	5972078	5966669	Deletion	5409
2L	5972154	5972168	Deletion	14
2L	5982029	5972254	Deletion	9775
2L	5993986	5982373	Deletion	11613
2L	6011582	6008910	Deletion	2672
2L	6017594	6016719	Deletion	875
2L	6073763	6072838	Deletion	925
2L	6097460	6090731	Deletion	6729
2L	6106138	6099895	Deletion	6243
2L	6129329	6119429	Deletion	9900
2L	6134944	6132691	Deletion	2253
2L	6144009	6143299	Deletion	710
2L	6173687	6173319	Deletion	368
2L	6197058	6196961	Deletion	97
2L	6228276	6223492	Deletion	4784
2L	6243461	6243221	Deletion	240
2L	6277745	6259511	Deletion	18234
2L	6290162	6289231	Deletion	931
2L	6333097	6332903	Deletion	194
2L	6417360	6395299	Deletion	22061
2L	6462479	6461967	Deletion	512
2L	6506004	6505830	Deletion	174
2L	6511753	6510576	Deletion	1177
2L	6570981	6566413	Deletion	4568
2L	6577868	6577411	Deletion	457
2L	6612074	6606147	Deletion	5927
2L	6619586	6619492	Deletion	94
2L	6644734	6643143	Deletion	1591
2L	6698069	6693666	Deletion	4403
2L	6701389	6698565	Deletion	2824
2L	6798650	6796248	Deletion	2402
2L	6890945	6889957	Deletion	988
2L	6893396	6893340	Deletion	56
2L	6906247	6906066	Deletion	181
2L	6928934	6918285	Deletion	10649
2L	6948031	6947689	Deletion	342
2L	7091523	7090650	Deletion	873
2L	7208866	7207006	Deletion	1860
2L	7299552	7299465	Deletion	87
2L	7341848	7340586	Deletion	1262
2L	7361636	7361504	Deletion	132
2L	7411622	7406851	Deletion	4771
2L	7470659	7466157	Deletion	4502
2L	7497319	7497256	Deletion	63
2L	7519074	7518161	Deletion	913
2L	7526231	7526080	Deletion	151
2L	7531146	7526408	Deletion	4738
2L	7560985	7559484	Deletion	1501
2L	7580693	7580528	Deletion	165
2L	7596509	7591033	Deletion	5476
2L	7614835	7613260	Deletion	1575
2L	7619337	7619276	Deletion	61
2L	7682529	7682407	Deletion	122
2L	7758094	7756385	Deletion	1709
2L	7759106	7758912	Deletion	194
2L	7771433	7768210	Deletion	3223
2L	7840457	7837077	Deletion	3380
2L	7856336	7856037	Deletion	299
2L	7862540	7860069	Deletion	2471
2L	7907354	7874123	Deletion	33231
2L	7933995	7933479	Deletion	516
2L	7952823	7952485	Deletion	338
2L	8048915	8047298	Deletion	1617
2L	8134984	8127627	Deletion	7357
2L	8169447	8158190	Deletion	11257
2L	8186710	8185425	Deletion	1285
2L	8196900	8194097	Deletion	2803
2L	8231397	8223421	Deletion	7976
2L	8263535	8263471	Deletion	64
2L	8265513	8265282	Deletion	231
2L	8376670	8376538	Deletion	132
2L	8438355	8437586	Deletion	769
2L	8452209	8451367	Deletion	842
2L	8468913	8468848	Deletion	65
2L	8482553	8482503	Deletion	50
2L	8500455	8498200	Deletion	2255
2L	8505463	8504590	Deletion	873
2L	8572340	8560288	Deletion	12052
2L	8612056	8610539	Deletion	1517
2L	8631808	8616357	Deletion	15451
2L	8656025	8655176	Deletion	849
2L	8665263	8664444	Deletion	819
2L	8702935	8675145	Deletion	27790
2L	8734430	8733580	Deletion	850
2L	8762937	8761075	Deletion	1862
2L	8780774	8779040	Deletion	1734
2L	8792789	8792639	Deletion	150
2L	8813763	8812549	Deletion	1214
2L	8815075	8814650	Deletion	425
2L	8863551	8851663	Deletion	11888
2L	8893423	8863699	Deletion	29724
2L	8908865	8902862	Deletion	6003
2L	8931539	8915727	Deletion	15812
2L	8951729	8940628	Deletion	11101
2L	8979566	8976154	Deletion	3412
2L	8981607	8980281	Deletion	1326
2L	8985935	8984580	Deletion	1355
2L	9039420	9037372	Deletion	2048
2L	9109255	9107937	Deletion	1318
2L	9171555	9170463	Deletion	1092
2L	9176524	9171640	Deletion	4884
2L	9234594	9234523	Deletion	71
2L	9240450	9239526	Deletion	924
2L	9256739	9256021	Deletion	718
2L	9308027	9301745	Deletion	6282
2L	9324879	9310493	Deletion	14386
2L	9345129	9344571	Deletion	558
2L	9368124	9360128	Deletion	7996
2L	9368304	9368176	Deletion	128
2L	9370769	9368378	Deletion	2391
2L	9380191	9374126	Deletion	6065
2L	9409128	9404186	Deletion	4942
2L	9411062	9410168	Deletion	894
2L	9426859	9421839	Deletion	5020
2L	9448368	9448291	Deletion	77
2L	9502804	9502752	Deletion	52
2L	9504002	9503898	Deletion	104
2L	9596054	9595990	Deletion	64
2L	9613131	9612408	Deletion	723
2L	9621515	9621465	Deletion	50
2L	9629813	9624594	Deletion	5219
2L	9647945	9646181	Deletion	1764
2L	9678322	9678212	Deletion	110
2L	9690502	9690585	Deletion	83
2L	9690649	9690588	Deletion	61
2L	9734722	9725251	Deletion	9471
2L	9752102	9750518	Deletion	1584
2L	9787701	9786404	Deletion	1297
2L	9859444	9853329	Deletion	6115
2L	9867445	9866155	Deletion	1290
2L	10017403	10008749	Deletion	8654
2L	10068795	10066814	Deletion	1981
2L	10068862	10068889	Deletion	27
2L	10125656	10123421	Deletion	2235
2L	10227953	10225799	Deletion	2154
2L	10292615	10292430	Deletion	185
2L	10293927	10292890	Deletion	1037
2L	10303709	10299973	Deletion	3736
2L	10321622	10319494	Deletion	2128
2L	10333111	10329971	Deletion	3140
2L	10345800	10337829	Deletion	7971
2L	10366404	10361069	Deletion	5335
2L	10387590	10387408	Deletion	182
2L	10465974	10460312	Deletion	5662
2L	10480213	10478769	Deletion	1444
2L	10515607	10511217	Deletion	4390
2L	10532139	10531918	Deletion	221
2L	10561027	10554184	Deletion	6843
2L	10569253	10563535	Deletion	5718
2L	10575590	10575427	Deletion	163
2L	10602249	10599753	Deletion	2496
2L	10636595	10634780	Deletion	1815
2L	10697448	10695362	Deletion	2086
2L	10739035	10737541	Deletion	1494
2L	10766033	10765378	Deletion	655
2L	10786588	10779015	Deletion	7573
2L	10810344	10810283	Deletion	61
2L	10831938	10817616	Deletion	14322
2L	10837220	10836757	Deletion	463
2L	10844652	10838823	Deletion	5829
2L	10853437	10849764	Deletion	3673
2L	10904365	10901014	Deletion	3351
2L	10906637	10904979	Deletion	1658
2L	10974772	10971141	Deletion	3631
2L	10975062	10974865	Deletion	197
2L	11010274	10975143	Deletion	35131
2L	11043495	11041928	Deletion	1567
2L	11098650	11072801	Deletion	25849
2L	11117361	11115930	Deletion	1431
2L	11127885	11127554	Deletion	331
2L	11146516	11145040	Deletion	1476
2L	11147380	11147491	Deletion	111
2L	11159086	11154346	Deletion	4740
2L	11176587	11161618	Deletion	14969
2L	11196327	11194171	Deletion	2156
2L	11218955	11218787	Deletion	168
2L	11282879	11280526	Deletion	2353
2L	11300940	11295731	Deletion	5209
2L	11327690	11319765	Deletion	7925
2L	11348251	11337396	Deletion	10855
2L	11350821	11350732	Deletion	89
2L	11358132	11357654	Deletion	478
2L	11358224	11358226	Deletion	2
2L	11361470	11358346	Deletion	3124
2L	11370444	11366129	Deletion	4315
2L	11374149	11373970	Deletion	179
2L	11381984	11380163	Deletion	1821
2L	11386969	11384958	Deletion	2011
2L	11394662	11391164	Deletion	3498
2L	11402487	11402357	Deletion	130
2L	11417478	11417344	Deletion	134
2L	11510490	11509637	Deletion	853
2L	11521925	11518646	Deletion	3279
2L	11562841	11562505	Deletion	336
2L	11606855	11605484	Deletion	1371
2L	11680516	11652007	Deletion	28509
2L	11689209	11686436	Deletion	2773
2L	11721668	11721461	Deletion	207
2L	11735606	11730161	Deletion	5445
2L	11773271	11770553	Deletion	2718
2L	11789006	11778649	Deletion	10357
2L	11810115	11801787	Deletion	8328
2L	11829141	11826328	Deletion	2813
2L	11881224	11878088	Deletion	3136
2L	11926612	11922381	Deletion	4231
2L	12027099	12023884	Deletion	3215
2L	12045953	12028027	Deletion	17926
2L	12048389	12048220	Deletion	169
2L	12053974	12048842	Deletion	5132
2L	12076934	12076995	Deletion	61
2L	12079063	12077000	Deletion	2063
2L	12081727	12080157	Deletion	1570
2L	12089809	12088841	Deletion	968
2L	12101119	12093936	Deletion	7183
2L	12129090	12128755	Deletion	335
2L	12141784	12140926	Deletion	858
2L	12178144	12176446	Deletion	1698
2L	12192451	12190903	Deletion	1548
2L	12324670	12324206	Deletion	464
2L	12346904	12346327	Deletion	577
2L	12423799	12421891	Deletion	1908
2L	12454047	12451273	Deletion	2774
2L	12623653	12621553	Deletion	2100
2L	12652231	12642505	Deletion	9726
2L	12692367	12692450	Deletion	83
2L	12694001	12692448	Deletion	1553
2L	12694007	12694050	Deletion	43
2L	12719109	12715202	Deletion	3907
2L	12749900	12746091	Deletion	3809
2L	12759560	12756677	Deletion	2883
2L	12776553	12760146	Deletion	16407
2L	12832121	12831907	Deletion	214
2L	12856711	12856605	Deletion	106
2L	12882323	12875198	Deletion	7125
2L	12890949	12890727	Deletion	222
2L	12901916	12901729	Deletion	187
2L	12919956	12910162	Deletion	9794
2L	12945382	12945251	Deletion	131
2L	12980954	12979394	Deletion	1560
2L	12999212	12988086	Deletion	11126
2L	13003625	12999744	Deletion	3881
2L	13023413	13018338	Deletion	5075
2L	13071201	13069701	Deletion	1500
2L	13079131	13078935	Deletion	196
2L	13088873	13088760	Deletion	113
2L	13126442	13095059	Deletion	31383
2L	13128211	13127319	Deletion	892
2L	13206658	13206469	Deletion	189
2L	13230665	13230040	Deletion	625
2L	13238196	13234852	Deletion	3344
2L	13270629	13267778	Deletion	2851
2L	13300900	13294145	Deletion	6755
2L	13301844	13301474	Deletion	370
2L	13317600	13309433	Deletion	8167
2L	13333359	13323995	Deletion	9364
2L	13345988	13345847	Deletion	141
2L	13357292	13357233	Deletion	59
2L	13416045	13413244	Deletion	2801
2L	13436509	13436030	Deletion	479
2L	13444335	13444231	Deletion	104
2L	13484639	13460497	Deletion	24142
2L	13583317	13581841	Deletion	1476
2L	13585271	13584979	Deletion	292
2L	13588419	13588198	Deletion	221
2L	13593214	13590681	Deletion	2533
2L	13623830	13621385	Deletion	2445
2L	13640144	13639761	Deletion	383
2L	13643909	13642800	Deletion	1109
2L	13678945	13667041	Deletion	11904
2L	13779864	13777375	Deletion	2489
2L	13811756	13807724	Deletion	4032
2L	13915963	13912295	Deletion	3668
2L	13945844	13930590	Deletion	15254
2L	13961621	13951049	Deletion	10572
2L	13969353	13969438	Deletion	85
2L	13978319	13969441	Deletion	8878
2L	14050162	14037325	Deletion	12837
2L	14193272	14185288	Deletion	7984
2L	14219791	14219287	Deletion	504
2L	14227887	14224292	Deletion	3595
2L	14356329	14356272	Deletion	57
2L	14364014	14363710	Deletion	304
2L	14393526	14393351	Deletion	175
2L	14400650	14400443	Deletion	207
2L	14450795	14449954	Deletion	841
2L	14474039	14471864	Deletion	2175
2L	14476119	14476069	Deletion	50
2L	14514388	14510704	Deletion	3684
2L	14584890	14584977	Deletion	87
2L	14586539	14584979	Deletion	1560
2L	14602950	14602326	Deletion	624
2L	14611511	14605071	Deletion	6440
2L	14619748	14618023	Deletion	1725
2L	14661143	14660948	Deletion	195
2L	14667772	14664878	Deletion	2894
2L	14761738	14751173	Deletion	10565
2L	14877262	14867142	Deletion	10120
2L	14923017	14921400	Deletion	1617
2L	14957532	14957447	Deletion	85
2L	15014471	15011739	Deletion	2732
2L	15019971	15019697	Deletion	274
2L	15041900	15041379	Deletion	521
2L	15058497	15056073	Deletion	2424
2L	15064590	15060212	Deletion	4378
2L	15113261	15109731	Deletion	3530
2L	15139178	15138381	Deletion	797
2L	15139180	15139247	Deletion	67
2L	15163246	15147410	Deletion	15836
2L	15170777	15170371	Deletion	406
2L	15216148	15215610	Deletion	538
2L	15224624	15218430	Deletion	6194
2L	15246041	15243841	Deletion	2200
2L	15263506	15263429	Deletion	77
2L	15272317	15267876	Deletion	4441
2L	15325393	15324997	Deletion	396
2L	15365425	15362709	Deletion	2716
2L	15444813	15435561	Deletion	9252
2L	15504447	15477225	Deletion	27222
2L	15555924	15555638	Deletion	286
2L	15637513	15637451	Deletion	62
2L	15694731	15694674	Deletion	57
2L	15736726	15734182	Deletion	2544
2L	15736738	15736781	Deletion	43
2L	15739855	15739738	Deletion	117
2L	15772538	15763524	Deletion	9014
2L	15820794	15820729	Deletion	65
2L	15850296	15845202	Deletion	5094
2L	15908048	15906389	Deletion	1659
2L	15936758	15935844	Deletion	914
2L	15936773	15936812	Deletion	39
2L	15942000	15941943	Deletion	57
2L	16008924	16008629	Deletion	295
2L	16014480	16011142	Deletion	3338
2L	16080739	16075608	Deletion	5131
2L	16090173	16087154	Deletion	3019
2L	16099723	16099661	Deletion	62
2L	16167826	16162173	Deletion	5653
2L	16181090	16170892	Deletion	10198
2L	16182551	16181120	Deletion	1431
2L	16225674	16225269	Deletion	405
2L	16243569	16237794	Deletion	5775
2L	16263242	16256288	Deletion	6954
2L	16307691	16302958	Deletion	4733
2L	16431895	16431750	Deletion	145
2L	16438323	16434372	Deletion	3951
2L	16449732	16447826	Deletion	1906
2L	16537384	16536936	Deletion	448
2L	16539297	16538749	Deletion	548
2L	16590062	16583628	Deletion	6434
2L	16691235	16689717	Deletion	1518
2L	16693492	16692244	Deletion	1248
2L	16722196	16721975	Deletion	221
2L	16749845	16742280	Deletion	7565
2L	16782718	16781397	Deletion	1321
2L	16817444	16813618	Deletion	3826
2L	16873694	16873005	Deletion	689
2L	16887061	16880958	Deletion	6103
2L	16898695	16887414	Deletion	11281
2L	16916318	16911391	Deletion	4927
2L	16973875	16973044	Deletion	831
2L	17009619	17009016	Deletion	603
2L	17084763	17082350	Deletion	2413
2L	17086075	17085838	Deletion	237
2L	17143808	17141387	Deletion	2421
2L	17179160	17177356	Deletion	1804
2L	17202821	17202487	Deletion	334
2L	17222946	17218036	Deletion	4910
2L	17229950	17229899	Deletion	51
2L	17256060	17252394	Deletion	3666
2L	17304984	17301546	Deletion	3438
2L	17306624	17306367	Deletion	257
2L	17334545	17319092	Deletion	15453
2L	17338043	17337763	Deletion	280
2L	17369231	17365456	Deletion	3775
2L	17382332	17382011	Deletion	321
2L	17416124	17406115	Deletion	10009
2L	17442823	17437641	Deletion	5182
2L	17487615	17444630	Deletion	42985
2L	17515102	17497622	Deletion	17480
2L	17523520	17522855	Deletion	665
2L	17544787	17542894	Deletion	1893
2L	17549875	17549598	Deletion	277
2L	17636300	17624876	Deletion	11424
2L	17644010	17643701	Deletion	309
2L	17664112	17661515	Deletion	2597
2L	17684906	17680435	Deletion	4471
2L	17723328	17721834	Deletion	1494
2L	17726108	17725815	Deletion	293
2L	17726115	17726203	Deletion	88
2L	17738713	17738646	Deletion	67
2L	17750986	17750278	Deletion	708
2L	17755985	17753176	Deletion	2809
2L	17789244	17781447	Deletion	7797
2L	17809715	17809593	Deletion	122
2L	17876397	17872102	Deletion	4295
2L	17922890	17920123	Deletion	2767
2L	17940078	17939314	Deletion	764
2L	17948982	17944073	Deletion	4909
2L	17986090	17974820	Deletion	11270
2L	18029755	18029064	Deletion	691
2L	18057895	18057961	Deletion	66
2L	18118932	18118885	Deletion	47
2L	18132279	18128408	Deletion	3871
2L	18133484	18132777	Deletion	707
2L	18135845	18135647	Deletion	198
2L	18135879	18135885	Deletion	6
2L	18142565	18135956	Deletion	6609
2L	18146255	18145621	Deletion	634
2L	18182696	18150438	Deletion	32258
2L	18196215	18196052	Deletion	163
2L	18239004	18234956	Deletion	4048
2L	18252430	18251037	Deletion	1393
2L	18316667	18316293	Deletion	374
2L	18338829	18327251	Deletion	11578
2L	18341648	18340869	Deletion	779
2L	18341671	18341682	Deletion	11
2L	18348217	18341767	Deletion	6450
2L	18470288	18468671	Deletion	1617
2L	18525604	18521234	Deletion	4370
2L	18569296	18557483	Deletion	11813
2L	18622156	18621274	Deletion	882
2L	18712685	18709507	Deletion	3178
2L	18720250	18719387	Deletion	863
2L	18740912	18738709	Deletion	2203
2L	18794500	18791218	Deletion	3282
2L	18864677	18852004	Deletion	12673
2L	18864707	18864726	Deletion	19
2L	18866757	18864790	Deletion	1967
2L	18937078	18935404	Deletion	1674
2L	18971373	18971435	Deletion	62
2L	18971799	18971432	Deletion	367
2L	19000024	18999677	Deletion	347
2L	19017637	19006674	Deletion	10963
2L	19081038	19080268	Deletion	770
2L	19093636	19093533	Deletion	103
2L	19093757	19093718	Deletion	39
2L	19095453	19093799	Deletion	1654
2L	19105599	19098360	Deletion	7239
2L	19208158	19207860	Deletion	298
2L	19315327	19312657	Deletion	2670
2L	19390496	19379615	Deletion	10881
2L	19391598	19391371	Deletion	227
2L	19426076	19419841	Deletion	6235
2L	19427790	19427547	Deletion	243
2L	19430530	19429421	Deletion	1109
2L	19472069	19464940	Deletion	7129
2L	19479925	19479119	Deletion	806
2L	19485189	19485051	Deletion	138
2L	19510848	19499084	Deletion	11764
2L	19516016	19514404	Deletion	1612
2L	19545026	19544529	Deletion	497
2L	19574342	19570504	Deletion	3838
2L	19605740	19603498	Deletion	2242
2L	19638535	19633816	Deletion	4719
2L	19684065	19683965	Deletion	100
2L	19733379	19729282	Deletion	4097
2L	19764647	19764567	Deletion	80
2L	19801635	19771444	Deletion	30191
2L	19829590	19805477	Deletion	24113
2L	19855838	19851832	Deletion	4006
2L	19908124	19904783	Deletion	3341
2L	19938218	19932143	Deletion	6075
2L	19947159	19946995	Deletion	164
2L	19952333	19951857	Deletion	476
2L	19967886	19967376	Deletion	510
2L	19974647	19972348	Deletion	2299
2L	19986058	19984577	Deletion	1481
2L	19992528	19987046	Deletion	5482
2L	20005954	20003302	Deletion	2652
2L	20028034	20027975	Deletion	59
2L	20047724	20047392	Deletion	332
2L	20075013	20063374	Deletion	11639
2L	20136825	20135798	Deletion	1027
2L	20140032	20139881	Deletion	151
2L	20220068	20219709	Deletion	359
2L	20243639	20239029	Deletion	4610
2L	20249685	20248693	Deletion	992
2L	20357791	20351000	Deletion	6791
2L	20363320	20358651	Deletion	4669
2L	20454976	20455054	Deletion	78
2L	20455495	20455600	Deletion	105
2L	20461855	20461570	Deletion	285
2L	20475842	20474018	Deletion	1824
2L	20486256	20479672	Deletion	6584
2L	20545833	20544835	Deletion	998
2L	20589494	20587258	Deletion	2236
2L	20602058	20596359	Deletion	5699
2L	20621649	20618053	Deletion	3596
2L	20663345	20660079	Deletion	3266
2L	20665794	20663990	Deletion	1804
2L	20728782	20717957	Deletion	10825
2L	20816363	20799321	Deletion	17042
2L	20817016	20816944	Deletion	72
2L	20818023	20817950	Deletion	73
2L	20858631	20850105	Deletion	8526
2L	20919102	20918550	Deletion	552
2L	20926862	20926052	Deletion	810
2L	20946830	20945061	Deletion	1769
2L	21091514	21086365	Deletion	5149
2L	21134770	21129321	Deletion	5449
2L	21141562	21141454	Deletion	108
2L	21147654	21147603	Deletion	51
2L	21161618	21158104	Deletion	3514
2L	21253634	21253454	Deletion	180
2L	21269578	21256616	Deletion	12962
2L	21275888	21271315	Deletion	4573
2L	21279501	21279220	Deletion	281
2L	21335518	21286355	Deletion	49163
2L	21364477	21364357	Deletion	120
2L	21471960	21471578	Deletion	382
2L	21476573	21476649	Deletion	76
2L	21483015	21483020	Deletion	5
2L	21618838	21617188	Deletion	1650
2L	21620484	21620319	Deletion	165
2L	21651976	21648942	Deletion	3034
2L	21671392	21663132	Deletion	8260
2L	21682817	21681483	Deletion	1334
2L	21709695	21709639	Deletion	56
2L	21714753	21710377	Deletion	4376
2L	21791333	21779419	Deletion	11914
2L	21823377	21818058	Deletion	5319
2L	21848172	21833969	Deletion	14203
2L	21853114	21852534	Deletion	580
2L	21891923	21878241	Deletion	13682
2L	21895906	21891975	Deletion	3931
2L	21909280	21898835	Deletion	10445
2L	21916432	21915609	Deletion	823
2L	21921872	21921802	Deletion	70
2L	21963710	21963230	Deletion	480
2L	21971915	21964947	Deletion	6968
2L	22012023	22005962	Deletion	6061
2L	22020770	22020626	Deletion	144
2L	22067491	22056096	Deletion	11395
2L	22122302	22122136	Deletion	166
2L	22126332	22124194	Deletion	2138
2L	22132470	22130774	Deletion	1696
2L	22155266	22149543	Deletion	5723
2L	22179003	22167678	Deletion	11325
2L	22220966	22220895	Deletion	71
2L	22237314	22235050	Deletion	2264
2L	22313211	22291661	Deletion	21550
2L	22315887	22315804	Deletion	83
2L	22319793	22319607	Deletion	186
2L	22355018	22354652	Deletion	366
2L	22421765	22421247	Deletion	518
2L	22524646	22522349	Deletion	2297
2L	22535308	22531036	Deletion	4272
2L	22645830	22645104	Deletion	726
2L	22662908	22662751	Deletion	157
2L	22670804	22663845	Deletion	6959
2L	22675643	22673629	Deletion	2014
2L	22753224	22746693	Deletion	6531
2L	22764334	22761614	Deletion	2720
2L	22985455	22984655	Deletion	800
2L	23022686	23022136	Deletion	550
2L	23036254	23028809	Deletion	7445
2L	23170211	23169889	Deletion	322
2L	23232010	23231377	Deletion	633
2L	23239290	23239202	Deletion	88
2L	23248406	23248468	Deletion	62
2L	23317362	23313679	Deletion	3683
2L	23320711	23320628	Deletion	83
2L	23343582	23343042	Deletion	540
2L	23378712	23378566	Deletion	146
2L	23393120	23392672	Deletion	448
2L	23397453	23396863	Deletion	590
2L	23504872	23504046	Deletion	826
2R	4631	4560	Deletion	71
2R	31308	30853	Deletion	455
2R	81974	81455	Deletion	519
2R	163343	149170	Deletion	14173
2R	292027	291584	Deletion	443
2R	300545	297767	Deletion	2778
2R	416756	416773	Deletion	17
2R	510692	509962	Deletion	730
2R	518840	518471	Deletion	369
2R	545584	542657	Deletion	2927
2R	577698	577619	Deletion	79
2R	639433	634269	Deletion	5164
2R	643431	643204	Deletion	227
2R	658355	654202	Deletion	4153
2R	659472	659242	Deletion	230
2R	840315	840247	Deletion	68
2R	953382	945319	Deletion	8063
2R	1008476	1007463	Deletion	1013
2R	1032056	1031976	Deletion	80
2R	1042544	1042602	Deletion	58
2R	1044715	1042612	Deletion	2103
2R	1053465	1051195	Deletion	2270
2R	1072190	1069971	Deletion	2219
2R	1151136	1149295	Deletion	1841
2R	1290898	1290501	Deletion	397
2R	1293675	1291020	Deletion	2655
2R	1431006	1421048	Deletion	9958
2R	1472450	1472350	Deletion	100
2R	1581584	1576425	Deletion	5159
2R	1648019	1639804	Deletion	8215
2R	1648022	1648117	Deletion	95
2R	1685835	1683308	Deletion	2527
2R	1696401	1696217	Deletion	184
2R	1726992	1725655	Deletion	1337
2R	1734247	1732258	Deletion	1989
2R	1738481	1738432	Deletion	49
2R	1897229	1891892	Deletion	5337
2R	1908572	1906191	Deletion	2381
2R	2131098	2127988	Deletion	3110
2R	2173348	2173198	Deletion	150
2R	2213716	2213642	Deletion	74
2R	2617770	2615038	Deletion	2732
2R	2617951	2617872	Deletion	79
2R	2626356	2626311	Deletion	45
2R	2643889	2640616	Deletion	3273
2R	2645209	2643932	Deletion	1277
2R	2723040	2722969	Deletion	71
2R	2813536	2812597	Deletion	939
2R	2954215	2943944	Deletion	10271
2R	2954941	2954334	Deletion	607
2R	2966203	2958106	Deletion	8097
2R	3067411	3066068	Deletion	1343
2R	3098152	3095250	Deletion	2902
2R	3108580	3108500	Deletion	80
2R	3181086	3175444	Deletion	5642
2R	3182065	3181948	Deletion	117
2R	3294260	3286286	Deletion	7974
2R	3434561	3434506	Deletion	55
2R	3493051	3487741	Deletion	5310
2R	3506311	3505166	Deletion	1145
2R	3558219	3554280	Deletion	3939
2R	3584761	3576433	Deletion	8328
2R	3616364	3614735	Deletion	1629
2R	3901876	3901408	Deletion	468
2R	3928574	3928522	Deletion	52
2R	3931403	3930112	Deletion	1291
2R	4002028	4001890	Deletion	138
2R	4025123	4025072	Deletion	51
2R	4091883	4091598	Deletion	285
2R	4206142	4203915	Deletion	2227
2R	4265319	4265088	Deletion	231
2R	4412782	4412561	Deletion	221
2R	4580933	4581018	Deletion	85
2R	4589339	4588958	Deletion	381
2R	4589645	4589374	Deletion	271
2R	4654035	4653763	Deletion	272
2R	4700869	4692315	Deletion	8554
2R	4704030	4702074	Deletion	1956
2R	4711246	4705307	Deletion	5939
2R	4717960	4716770	Deletion	1190
2R	4905353	4904203	Deletion	1150
2R	4919026	4918938	Deletion	88
2R	4948281	4946622	Deletion	1659
2R	4997931	4997723	Deletion	208
2R	5040261	5039871	Deletion	390
2R	5072982	5055524	Deletion	17458
2R	5128831	5128399	Deletion	432
2R	5140676	5136793	Deletion	3883
2R	5147950	5147389	Deletion	561
2R	5175971	5165747	Deletion	10224
2R	5259862	5257037	Deletion	2825
2R	5264723	5260311	Deletion	4412
2R	5280015	5279844	Deletion	171
2R	5310816	5310415	Deletion	401
2R	5367061	5364516	Deletion	2545
2R	5456277	5455762	Deletion	515
2R	5483925	5483329	Deletion	596
2R	5536731	5536294	Deletion	437
2R	5634737	5634447	Deletion	290
2R	5646501	5645493	Deletion	1008
2R	5683104	5682348	Deletion	756
2R	5768620	5768443	Deletion	177
2R	5787354	5785745	Deletion	1609
2R	5817182	5816484	Deletion	698
2R	5828757	5827281	Deletion	1476
2R	5844952	5844474	Deletion	478
2R	5852740	5846915	Deletion	5825
2R	5867057	5864389	Deletion	2668
2R	5880192	5880143	Deletion	49
2R	5896720	5887196	Deletion	9524
2R	5946983	5946477	Deletion	506
2R	5964494	5953988	Deletion	10506
2R	5968947	5967781	Deletion	1166
2R	6019943	6001684	Deletion	18259
2R	6022237	6022114	Deletion	123
2R	6025154	6024211	Deletion	943
2R	6044257	6040395	Deletion	3862
2R	6114711	6114206	Deletion	505
2R	6125481	6125026	Deletion	455
2R	6144437	6134381	Deletion	10056
2R	6168895	6167785	Deletion	1110
2R	6168952	6168939	Deletion	13
2R	6198589	6177282	Deletion	21307
2R	6259424	6254985	Deletion	4439
2R	6324983	6322527	Deletion	2456
2R	6359563	6355877	Deletion	3686
2R	6372847	6372631	Deletion	216
2R	6459919	6459905	Deletion	14
2R	6463801	6460025	Deletion	3776
2R	6465392	6465220	Deletion	172
2R	6465729	6465433	Deletion	296
2R	6530856	6520585	Deletion	10271
2R	6543413	6538075	Deletion	5338
2R	6556005	6550902	Deletion	5103
2R	6562189	6561998	Deletion	191
2R	6568049	6564035	Deletion	4014
2R	6626694	6626273	Deletion	421
2R	6631820	6631729	Deletion	91
2R	6683720	6683592	Deletion	128
2R	6806840	6798014	Deletion	8826
2R	6835531	6834494	Deletion	1037
2R	6844736	6844683	Deletion	53
2R	6950314	6950224	Deletion	90
2R	6952552	6952451	Deletion	101
2R	7112961	7110483	Deletion	2478
2R	7153507	7133267	Deletion	20240
2R	7169358	7163662	Deletion	5696
2R	7169403	7169479	Deletion	76
2R	7171517	7169489	Deletion	2028
2R	7231620	7231247	Deletion	373
2R	7311196	7311009	Deletion	187
2R	7318666	7317349	Deletion	1317
2R	7331319	7328186	Deletion	3133
2R	7360065	7357086	Deletion	2979
2R	7373139	7372393	Deletion	746
2R	7399654	7398259	Deletion	1395
2R	7455447	7450219	Deletion	5228
2R	7488077	7487725	Deletion	352
2R	7509461	7509561	Deletion	100
2R	7515905	7509559	Deletion	6346
2R	7565383	7555324	Deletion	10059
2R	7644180	7643059	Deletion	1121
2R	7689685	7686277	Deletion	3408
2R	7740232	7739143	Deletion	1089
2R	7774624	7774495	Deletion	129
2R	7790263	7782628	Deletion	7635
2R	7893967	7893205	Deletion	762
2R	7920004	7919829	Deletion	175
2R	7958784	7941416	Deletion	17368
2R	7969548	7964001	Deletion	5547
2R	8003472	8003391	Deletion	81
2R	8089742	8089097	Deletion	645
2R	8135767	8134559	Deletion	1208
2R	8334340	8327269	Deletion	7071
2R	8356240	8340445	Deletion	15795
2R	8463049	8461779	Deletion	1270
2R	8623518	8619638	Deletion	3880
2R	8673347	8672597	Deletion	750
2R	8737345	8736007	Deletion	1338
2R	8847310	8841597	Deletion	5713
2R	8905420	8903279	Deletion	2141
2R	8935839	8920200	Deletion	15639
2R	8947725	8946588	Deletion	1137
2R	9007957	9005053	Deletion	2904
2R	9009583	9009506	Deletion	77
2R	9016188	9014161	Deletion	2027
2R	9063364	9062620	Deletion	744
2R	9080208	9076493	Deletion	3715
2R	9115853	9096421	Deletion	19432
2R	9162878	9162644	Deletion	234
2R	9202325	9201592	Deletion	733
2R	9216829	9209125	Deletion	7704
2R	9326736	9315658	Deletion	11078
2R	9351096	9340948	Deletion	10148
2R	9379781	9378361	Deletion	1420
2R	9425157	9421477	Deletion	3680
2R	9432186	9427587	Deletion	4599
2R	9509248	9508095	Deletion	1153
2R	9570384	9567606	Deletion	2778
2R	9590986	9586453	Deletion	4533
2R	9626541	9626197	Deletion	344
2R	9648264	9643146	Deletion	5118
2R	9674323	9672147	Deletion	2176
2R	9764248	9764186	Deletion	62
2R	9782978	9781254	Deletion	1724
2R	9793060	9790834	Deletion	2226
2R	9851382	9850703	Deletion	679
2R	9950360	9947919	Deletion	2441
2R	9968446	9966332	Deletion	2114
2R	9991720	9986429	Deletion	5291
2R	9995009	9993668	Deletion	1341
2R	10038689	10037307	Deletion	1382
2R	10065463	10064999	Deletion	464
2R	10089554	10088715	Deletion	839
2R	10099881	10097534	Deletion	2347
2R	10119808	10119267	Deletion	541
2R	10131161	10130448	Deletion	713
2R	10186670	10186279	Deletion	391
2R	10214510	10207994	Deletion	6516
2R	10261743	10259231	Deletion	2512
2R	10347040	10335895	Deletion	11145
2R	10354749	10354698	Deletion	51
2R	10371386	10366855	Deletion	4531
2R	10430460	10429781	Deletion	679
2R	10464081	10462407	Deletion	1674
2R	10475800	10475741	Deletion	59
2R	10476932	10475897	Deletion	1035
2R	10543793	10537327	Deletion	6466
2R	10565009	10564455	Deletion	554
2R	10568625	10568559	Deletion	66
2R	10569474	10569381	Deletion	93
2R	10657864	10646536	Deletion	11328
2R	10730555	10726840	Deletion	3715
2R	10734057	10733711	Deletion	346
2R	10748408	10747837	Deletion	571
2R	10757513	10754619	Deletion	2894
2R	10763240	10762648	Deletion	592
2R	10831069	10829596	Deletion	1473
2R	10857877	10852454	Deletion	5423
2R	10871241	10870804	Deletion	437
2R	10929097	10925303	Deletion	3794
2R	10935541	10935240	Deletion	301
2R	11034204	11033653	Deletion	551
2R	11070439	11058787	Deletion	11652
2R	11085231	11085007	Deletion	224
2R	11096325	11094170	Deletion	2155
2R	11145939	11145163	Deletion	776
2R	11159637	11159497	Deletion	140
2R	11167879	11163257	Deletion	4622
2R	11176942	11174322	Deletion	2620
2R	11201508	11201362	Deletion	146
2R	11230072	11227958	Deletion	2114
2R	11365871	11357964	Deletion	7907
2R	11369243	11365905	Deletion	3338
2R	11369374	11369296	Deletion	78
2R	11409592	11387033	Deletion	22559
2R	11470438	11470072	Deletion	366
2R	11547659	11547531	Deletion	128
2R	11558230	11557119	Deletion	1111
2R	11565798	11562547	Deletion	3251
2R	11632010	11631960	Deletion	50
2R	11649812	11649381	Deletion	431
2R	11674242	11656634	Deletion	17608
2R	11714917	11711613	Deletion	3304
2R	11724620	11715825	Deletion	8795
2R	11750374	11749726	Deletion	648
2R	11792723	11791522	Deletion	1201
2R	11809513	11808926	Deletion	587
2R	11848364	11846778	Deletion	1586
2R	11869744	11858723	Deletion	11021
2R	11928100	11922703	Deletion	5397
2R	11929794	11928326	Deletion	1468
2R	12007711	12007078	Deletion	633
2R	12023312	12021834	Deletion	1478
2R	12038938	12035887	Deletion	3051
2R	12060702	12059328	Deletion	1374
2R	12094661	12090103	Deletion	4558
2R	12110756	12110701	Deletion	55
2R	12121175	12121086	Deletion	89
2R	12162627	12158428	Deletion	4199
2R	12213197	12212890	Deletion	307
2R	12225930	12221487	Deletion	4443
2R	12260898	12254883	Deletion	6015
2R	12297816	12283131	Deletion	14685
2R	12331490	12319628	Deletion	11862
2R	12383095	12358136	Deletion	24959
2R	12418776	12405095	Deletion	13681
2R	12467401	12421097	Deletion	46304
2R	12468213	12468306	Deletion	93
2R	12480182	12468313	Deletion	11869
2R	12481055	12480986	Deletion	69
2R	12506135	12504374	Deletion	1761
2R	12552809	12550750	Deletion	2059
2R	12562832	12561571	Deletion	1261
2R	12576375	12572797	Deletion	3578
2R	12619149	12617615	Deletion	1534
2R	12634170	12631864	Deletion	2306
2R	12644621	12644568	Deletion	53
2R	12670677	12670623	Deletion	54
2R	12678812	12673687	Deletion	5125
2R	12733080	12729754	Deletion	3326
2R	12742862	12742490	Deletion	372
2R	12751173	12751204	Deletion	31
2R	12752627	12751203	Deletion	1424
2R	12762395	12762275	Deletion	120
2R	12809387	12802739	Deletion	6648
2R	12831379	12831498	Deletion	119
2R	12842223	12840430	Deletion	1793
2R	12897576	12893398	Deletion	4178
2R	12908442	12904064	Deletion	4378
2R	12928359	12928298	Deletion	61
2R	12944381	12943024	Deletion	1357
2R	12955315	12946973	Deletion	8342
2R	12997432	12956006	Deletion	41426
2R	13002743	12997757	Deletion	4986
2R	13040395	13037359	Deletion	3036
2R	13046816	13046528	Deletion	288
2R	13059262	13059174	Deletion	88
2R	13060276	13060221	Deletion	55
2R	13129088	13128285	Deletion	803
2R	13168537	13168323	Deletion	214
2R	13196597	13188705	Deletion	7892
2R	13226464	13213341	Deletion	13123
2R	13240814	13240721	Deletion	93
2R	13272864	13247721	Deletion	25143
2R	13274367	13273938	Deletion	429
2R	13367038	13358777	Deletion	8261
2R	13448728	13444314	Deletion	4414
2R	13484242	13450350	Deletion	33892
2R	13487138	13486961	Deletion	177
2R	13549694	13539093	Deletion	10601
2R	13555745	13551748	Deletion	3997
2R	13557438	13557165	Deletion	273
2R	13577094	13565382	Deletion	11712
2R	13595382	13584738	Deletion	10644
2R	13616275	13612373	Deletion	3902
2R	13647096	13645788	Deletion	1308
2R	13649463	13647667	Deletion	1796
2R	13700430	13698305	Deletion	2125
2R	13719700	13718643	Deletion	1057
2R	13764038	13759378	Deletion	4660
2R	13822236	13821543	Deletion	693
2R	13843536	13829728	Deletion	13808
2R	13881301	13873644	Deletion	7657
2R	13899400	13897563	Deletion	1837
2R	13921221	13914549	Deletion	6672
2R	13932816	13932718	Deletion	98
2R	13947737	13947360	Deletion	377
2R	14004415	13990264	Deletion	14151
2R	14065976	14065473	Deletion	503
2R	14074254	14072399	Deletion	1855
2R	14161767	14160644	Deletion	1123
2R	14255976	14255508	Deletion	468
2R	14379078	14375038	Deletion	4040
2R	14387986	14387810	Deletion	176
2R	14394327	14393744	Deletion	583
2R	14432091	14429415	Deletion	2676
2R	14441332	14434202	Deletion	7130
2R	14551564	14545766	Deletion	5798
2R	14569504	14567077	Deletion	2427
2R	14626248	14626173	Deletion	75
2R	14631982	14630769	Deletion	1213
2R	14679995	14679878	Deletion	117
2R	14731639	14711889	Deletion	19750
2R	14769157	14751659	Deletion	17498
2R	14826109	14811828	Deletion	14281
2R	14849211	14846336	Deletion	2875
2R	14849214	14849260	Deletion	46
2R	14941217	14940392	Deletion	825
2R	14948320	14947848	Deletion	472
2R	15015014	15011455	Deletion	3559
2R	15035979	15035774	Deletion	205
2R	15212400	15212337	Deletion	63
2R	15259763	15257801	Deletion	1962
2R	15279241	15278573	Deletion	668
2R	15301734	15300945	Deletion	789
2R	15329951	15304780	Deletion	25171
2R	15377931	15357282	Deletion	20649
2R	15387117	15386972	Deletion	145
2R	15499591	15496692	Deletion	2899
2R	15513311	15511187	Deletion	2124
2R	15534874	15529261	Deletion	5613
2R	15573313	15559918	Deletion	13395
2R	15575596	15573596	Deletion	2000
2R	15589936	15587473	Deletion	2463
2R	15590768	15590464	Deletion	304
2R	15598775	15590805	Deletion	7970
2R	15652528	15645451	Deletion	7077
2R	15662743	15660789	Deletion	1954
2R	15676423	15675532	Deletion	891
2R	15711185	15709338	Deletion	1847
2R	15725756	15715215	Deletion	10541
2R	15743011	15728884	Deletion	14127
2R	15755979	15755696	Deletion	283
2R	15785355	15775293	Deletion	10062
2R	15793697	15792746	Deletion	951
2R	15840508	15834167	Deletion	6341
2R	15859206	15859086	Deletion	120
2R	15891621	15883552	Deletion	8069
2R	15908361	15907297	Deletion	1064
2R	15940616	15927628	Deletion	12988
2R	15989273	15985268	Deletion	4005
2R	16088043	16087235	Deletion	808
2R	16156101	16154803	Deletion	1298
2R	16178432	16160858	Deletion	17574
2R	16183972	16183736	Deletion	236
2R	16192014	16191573	Deletion	441
2R	16227086	16217321	Deletion	9765
2R	16232466	16231770	Deletion	696
2R	16283576	16276972	Deletion	6604
2R	16316171	16313771	Deletion	2400
2R	16329609	16324881	Deletion	4728
2R	16354970	16353381	Deletion	1589
2R	16390748	16389942	Deletion	806
2R	16407279	16404955	Deletion	2324
2R	16417317	16414258	Deletion	3059
2R	16424765	16424007	Deletion	758
2R	16455463	16454399	Deletion	1064
2R	16479304	16479201	Deletion	103
2R	16651115	16638206	Deletion	12909
2R	16660738	16654842	Deletion	5896
2R	16688039	16687840	Deletion	199
2R	16711103	16710826	Deletion	277
2R	16724697	16721439	Deletion	3258
2R	16732757	16732404	Deletion	353
2R	16758959	16745000	Deletion	13959
2R	16769450	16764639	Deletion	4811
2R	16779176	16778543	Deletion	633
2R	16779180	16779275	Deletion	95
2R	16851056	16848053	Deletion	3003
2R	16863299	16863241	Deletion	58
2R	16947199	16946876	Deletion	323
2R	16966390	16965487	Deletion	903
2R	17001057	16999892	Deletion	1165
2R	17016258	17006345	Deletion	9913
2R	17016261	17016337	Deletion	76
2R	17023191	17020114	Deletion	3077
2R	17104857	17095861	Deletion	8996
2R	17139341	17138268	Deletion	1073
2R	17163004	17156678	Deletion	6326
2R	17164353	17164443	Deletion	90
2R	17203098	17202420	Deletion	678
2R	17218626	17210620	Deletion	8006
2R	17279861	17278627	Deletion	1234
2R	17325768	17325462	Deletion	306
2R	17339898	17338274	Deletion	1624
2R	17357823	17357344	Deletion	479
2R	17499866	17497027	Deletion	2839
2R	17518987	17518860	Deletion	127
2R	17524869	17520931	Deletion	3938
2R	17568329	17565860	Deletion	2469
2R	17686045	17682141	Deletion	3904
2R	17692733	17692360	Deletion	373
2R	17793744	17778276	Deletion	15468
2R	17830003	17828655	Deletion	1348
2R	17910578	17902399	Deletion	8179
2R	17940037	17927970	Deletion	12067
2R	17966061	17965920	Deletion	141
2R	17997277	17996083	Deletion	1194
2R	18040550	18036576	Deletion	3974
2R	18086643	18086203	Deletion	440
2R	18105915	18094937	Deletion	10978
2R	18136223	18129071	Deletion	7152
2R	18179021	18178248	Deletion	773
2R	18181747	18180978	Deletion	769
2R	18190273	18190201	Deletion	72
2R	18211618	18211566	Deletion	52
2R	18261978	18253266	Deletion	8712
2R	18298108	18296754	Deletion	1354
2R	18339146	18334788	Deletion	4358
2R	18343371	18342182	Deletion	1189
2R	18416374	18373385	Deletion	42989
2R	18436884	18435358	Deletion	1526
2R	18526171	18525464	Deletion	707
2R	18561766	18560009	Deletion	1757
2R	18575290	18570227	Deletion	5063
2R	18575562	18575364	Deletion	198
2R	18661256	18660960	Deletion	296
2R	18662264	18661824	Deletion	440
2R	18766759	18766495	Deletion	264
2R	18767412	18766808	Deletion	604
2R	18791098	18778160	Deletion	12938
2R	18815422	18811266	Deletion	4156
2R	18876642	18876529	Deletion	113
2R	18905823	18902172	Deletion	3651
2R	18920103	18910576	Deletion	9527
2R	18943535	18939000	Deletion	4535
2R	19026198	19026097	Deletion	101
2R	19037061	19031869	Deletion	5192
2R	19135009	19134706	Deletion	303
2R	19164046	19162181	Deletion	1865
2R	19191246	19178259	Deletion	12987
2R	19208412	19206709	Deletion	1703
2R	19291985	19288405	Deletion	3580
2R	19306672	19306473	Deletion	199
2R	19333288	19325769	Deletion	7519
2R	19333436	19333335	Deletion	101
2R	19344805	19344540	Deletion	265
2R	19348137	19347258	Deletion	879
2R	19381452	19378149	Deletion	3303
2R	19389013	19387634	Deletion	1379
2R	19401166	19394606	Deletion	6560
2R	19560122	19559478	Deletion	644
2R	19578013	19577877	Deletion	136
2R	19706619	19701603	Deletion	5016
2R	19728699	19726376	Deletion	2323
2R	19828497	19826121	Deletion	2376
2R	19882448	19879630	Deletion	2818
2R	19952003	19951496	Deletion	507
2R	19974116	19974011	Deletion	105
2R	20005288	19989568	Deletion	15720
2R	20019782	20014802	Deletion	4980
2R	20033876	20026264	Deletion	7612
2R	20090285	20090227	Deletion	58
2R	20106086	20105196	Deletion	890
2R	20115624	20115574	Deletion	50
2R	20153601	20151358	Deletion	2243
2R	20158252	20158110	Deletion	142
2R	20158833	20158737	Deletion	96
2R	20201506	20185667	Deletion	15839
2R	20226249	20225104	Deletion	1145
2R	20229026	20228821	Deletion	205
2R	20232877	20231714	Deletion	1163
2R	20238063	20234111	Deletion	3952
2R	20255905	20249643	Deletion	6262
2R	20283460	20281759	Deletion	1701
2R	20309561	20308223	Deletion	1338
2R	20333455	20329315	Deletion	4140
2R	20345073	20345007	Deletion	66
2R	20363094	20363043	Deletion	51
2R	20442851	20426944	Deletion	15907
2R	20463358	20461402	Deletion	1956
2R	20483568	20472739	Deletion	10829
2R	20485924	20485744	Deletion	180
2R	20657534	20653822	Deletion	3712
2R	20661876	20659260	Deletion	2616
2R	20731071	20728377	Deletion	2694
2R	20752305	20749354	Deletion	2951
2R	20773232	20761882	Deletion	11350
2R	20808781	20797873	Deletion	10908
2R	20953604	20951466	Deletion	2138
2R	20975327	20973525	Deletion	1802
2R	20979349	20977690	Deletion	1659
2R	20996578	20996411	Deletion	167
2R	21013342	21002432	Deletion	10910
2R	21078322	21078166	Deletion	156
2R	21135329	21127494	Deletion	7835
2R	21223124	21223030	Deletion	94
2R	21271486	21269007	Deletion	2479
2R	21276034	21275983	Deletion	51
2R	21302897	21302143	Deletion	754
2R	21312159	21308887	Deletion	3272
2R	21327730	21323809	Deletion	3921
2R	21391650	21379054	Deletion	12596
2R	21398187	21395623	Deletion	2564
2R	21414499	21414009	Deletion	490
2R	21487716	21487038	Deletion	678
2R	21550752	21550170	Deletion	582
2R	21572467	21571788	Deletion	679
2R	21628073	21628111	Deletion	38
2R	21629369	21628112	Deletion	1257
2R	21638740	21638689	Deletion	51
2R	21690497	21683696	Deletion	6801
2R	21696986	21694101	Deletion	2885
2R	21707544	21707310	Deletion	234
2R	21764188	21762276	Deletion	1912
2R	21777961	21771924	Deletion	6037
2R	21781545	21779195	Deletion	2350
2R	21790855	21787825	Deletion	3030
2R	21840572	21839394	Deletion	1178
2R	21863163	21843064	Deletion	20099
2R	21869374	21864599	Deletion	4775
2R	22003298	22003134	Deletion	164
2R	22012265	22011713	Deletion	552
2R	22050643	22050488	Deletion	155
2R	22086596	22084924	Deletion	1672
2R	22110552	22107826	Deletion	2726
2R	22135166	22134517	Deletion	649
2R	22169708	22169510	Deletion	198
2R	22318563	22311245	Deletion	7318
2R	22339274	22331999	Deletion	7275
2R	22376147	22373980	Deletion	2167
2R	22429775	22420434	Deletion	9341
2R	22429849	22429828	Deletion	21
2R	22460116	22455492	Deletion	4624
2R	22548372	22538604	Deletion	9768
2R	22563595	22561256	Deletion	2339
2R	22573420	22572901	Deletion	519
2R	22695872	22695805	Deletion	67
2R	22695877	22695905	Deletion	28
2R	22715093	22713934	Deletion	1159
2R	22739462	22738934	Deletion	528
2R	22767937	22764173	Deletion	3764
2R	22801706	22800760	Deletion	946
2R	22823256	22820107	Deletion	3149
2R	22955002	22954882	Deletion	120
2R	22972809	22970278	Deletion	2531
2R	22983445	22983072	Deletion	373
2R	23038284	23035470	Deletion	2814
2R	23068489	23046334	Deletion	22155
2R	23078875	23078404	Deletion	471
2R	23123606	23104705	Deletion	18901
2R	23136815	23136234	Deletion	581
2R	23153953	23139697	Deletion	14256
2R	23177916	23175792	Deletion	2124
2R	23194046	23192104	Deletion	1942
2R	23234368	23233714	Deletion	654
2R	23237649	23237598	Deletion	51
2R	23250980	23250795	Deletion	185
2R	23286125	23285499	Deletion	626
2R	23372064	23371354	Deletion	710
2R	23373607	23372161	Deletion	1446
2R	23464372	23463656	Deletion	716
2R	23488871	23488431	Deletion	440
2R	23512979	23495911	Deletion	17068
2R	23563030	23561474	Deletion	1556
2R	23609027	23599236	Deletion	9791
2R	23622323	23621917	Deletion	406
2R	23643018	23642920	Deletion	98
2R	23697321	23688518	Deletion	8803
2R	23727829	23727343	Deletion	486
2R	23736073	23734206	Deletion	1867
2R	23741006	23740508	Deletion	498
2R	23766883	23765522	Deletion	1361
2R	23811019	23809503	Deletion	1516
2R	23812596	23812350	Deletion	246
2R	23841692	23835509	Deletion	6183
2R	23847823	23842926	Deletion	4897
2R	23869205	23867217	Deletion	1988
2R	23871453	23870984	Deletion	469
2R	23898772	23898574	Deletion	198
2R	23909505	23909370	Deletion	135
2R	23969891	23942958	Deletion	26933
2R	24038073	24027007	Deletion	11066
2R	24049214	24047732	Deletion	1482
2R	24069087	24068963	Deletion	124
2R	24085418	24084482	Deletion	936
2R	24163055	24162296	Deletion	759
2R	24165578	24164599	Deletion	979
2R	24189425	24186381	Deletion	3044
2R	24209999	24210069	Deletion	70
2R	24210848	24210072	Deletion	776
2R	24280138	24276304	Deletion	3834
2R	24308078	24291062	Deletion	17016
2R	24341051	24340696	Deletion	355
2R	24376369	24376057	Deletion	312
2R	24431376	24428510	Deletion	2866
2R	24469689	24453402	Deletion	16287
2R	24476762	24476545	Deletion	217
2R	24535563	24535512	Deletion	51
2R	24607922	24597399	Deletion	10523
2R	24701471	24699763	Deletion	1708
2R	24902334	24874691	Deletion	27643
2R	24922862	24907077	Deletion	15785
2R	24989975	24989890	Deletion	85
2R	25019418	25018787	Deletion	631
2R	25028751	25025347	Deletion	3404
2R	25263044	25238109	Deletion	24935
3L	47056	39439	Deletion	7617
3L	49689	48983	Deletion	706
3L	110435	107224	Deletion	3211
3L	128199	124195	Deletion	4004
3L	199244	198954	Deletion	290
3L	210092	206849	Deletion	3243
3L	235858	235063	Deletion	795
3L	253194	250496	Deletion	2698
3L	261817	261587	Deletion	230
3L	362405	339482	Deletion	22923
3L	372989	362624	Deletion	10365
3L	454507	444757	Deletion	9750
3L	504497	503824	Deletion	673
3L	542545	542411	Deletion	134
3L	560713	551687	Deletion	9026
3L	582998	581593	Deletion	1405
3L	612554	611331	Deletion	1223
3L	700469	696556	Deletion	3913
3L	720932	716929	Deletion	4003
3L	735714	735662	Deletion	52
3L	752086	747164	Deletion	4922
3L	754903	754455	Deletion	448
3L	794958	789687	Deletion	5271
3L	812784	804555	Deletion	8229
3L	842430	841108	Deletion	1322
3L	959296	959237	Deletion	59
3L	976172	964538	Deletion	11634
3L	1019978	1012225	Deletion	7753
3L	1146183	1144172	Deletion	2011
3L	1237601	1230626	Deletion	6975
3L	1279945	1274533	Deletion	5412
3L	1303484	1301259	Deletion	2225
3L	1311537	1310993	Deletion	544
3L	1348138	1345835	Deletion	2303
3L	1408485	1408239	Deletion	246
3L	1436237	1435540	Deletion	697
3L	1464815	1461329	Deletion	3486
3L	1524340	1521836	Deletion	2504
3L	1550679	1541407	Deletion	9272
3L	1601780	1594370	Deletion	7410
3L	1627465	1616594	Deletion	10871
3L	1675682	1674516	Deletion	1166
3L	1690669	1683842	Deletion	6827
3L	1696944	1695363	Deletion	1581
3L	1705001	1703368	Deletion	1633
3L	1719089	1705560	Deletion	13529
3L	1722951	1722004	Deletion	947
3L	1730641	1730350	Deletion	291
3L	1768546	1767916	Deletion	630
3L	1854421	1854371	Deletion	50
3L	1866210	1865970	Deletion	240
3L	1879825	1868272	Deletion	11553
3L	1883530	1883461	Deletion	69
3L	1887319	1884615	Deletion	2704
3L	1903916	1903622	Deletion	294
3L	1918555	1912577	Deletion	5978
3L	1939522	1936825	Deletion	2697
3L	1978927	1978877	Deletion	50
3L	1999879	1999317	Deletion	562
3L	2003909	2000797	Deletion	3112
3L	2107565	2086640	Deletion	20925
3L	2143689	2140968	Deletion	2721
3L	2166574	2164323	Deletion	2251
3L	2179227	2178324	Deletion	903
3L	2228087	2225338	Deletion	2749
3L	2234956	2233753	Deletion	1203
3L	2271814	2269370	Deletion	2444
3L	2278026	2277965	Deletion	61
3L	2283930	2281887	Deletion	2043
3L	2337836	2334094	Deletion	3742
3L	2378961	2377151	Deletion	1810
3L	2392434	2388345	Deletion	4089
3L	2468619	2467389	Deletion	1230
3L	2498070	2495418	Deletion	2652
3L	2520029	2503911	Deletion	16118
3L	2574411	2554868	Deletion	19543
3L	2606415	2606366	Deletion	49
3L	2617451	2615025	Deletion	2426
3L	2667519	2660181	Deletion	7338
3L	2743042	2741559	Deletion	1483
3L	2807994	2805146	Deletion	2848
3L	2839235	2835396	Deletion	3839
3L	2847757	2847592	Deletion	165
3L	2902556	2896360	Deletion	6196
3L	2905170	2904923	Deletion	247
3L	2921888	2906051	Deletion	15837
3L	2940159	2936072	Deletion	4087
3L	2943453	2940725	Deletion	2728
3L	2949299	2949241	Deletion	58
3L	2975974	2975803	Deletion	171
3L	3026608	3020388	Deletion	6220
3L	3092972	3092611	Deletion	361
3L	3100786	3093017	Deletion	7769
3L	3184604	3160269	Deletion	24335
3L	3230518	3230465	Deletion	53
3L	3271871	3270922	Deletion	949
3L	3315676	3274603	Deletion	41073
3L	3337421	3330588	Deletion	6833
3L	3374061	3362665	Deletion	11396
3L	3389699	3380477	Deletion	9222
3L	3429027	3428219	Deletion	808
3L	3461948	3461470	Deletion	478
3L	3485842	3483346	Deletion	2496
3L	3495558	3487087	Deletion	8471
3L	3532446	3532077	Deletion	369
3L	3553749	3553607	Deletion	142
3L	3579234	3571524	Deletion	7710
3L	3597831	3593226	Deletion	4605
3L	3612153	3611972	Deletion	181
3L	3643131	3633960	Deletion	9171
3L	3650316	3643816	Deletion	6500
3L	3675601	3661431	Deletion	14170
3L	3675603	3675668	Deletion	65
3L	3754203	3750893	Deletion	3310
3L	3756943	3755628	Deletion	1315
3L	3805957	3801676	Deletion	4281
3L	3850326	3846424	Deletion	3902
3L	3850329	3850382	Deletion	53
3L	3882374	3881878	Deletion	496
3L	3902165	3893345	Deletion	8820
3L	4002912	3961639	Deletion	41273
3L	4069696	4063092	Deletion	6604
3L	4119494	4112517	Deletion	6977
3L	4122614	4122180	Deletion	434
3L	4143057	4131021	Deletion	12036
3L	4158890	4153171	Deletion	5719
3L	4170556	4170455	Deletion	101
3L	4226644	4225824	Deletion	820
3L	4274444	4274073	Deletion	371
3L	4286898	4286129	Deletion	769
3L	4367498	4363293	Deletion	4205
3L	4374618	4374554	Deletion	64
3L	4422191	4422057	Deletion	134
3L	4513448	4512531	Deletion	917
3L	4544268	4543156	Deletion	1112
3L	4548572	4548119	Deletion	453
3L	4548577	4548628	Deletion	51
3L	4558459	4548620	Deletion	9839
3L	4624946	4619816	Deletion	5130
3L	4777600	4777486	Deletion	114
3L	4828770	4819576	Deletion	9194
3L	4835968	4833696	Deletion	2272
3L	4851924	4851177	Deletion	747
3L	4865090	4864658	Deletion	432
3L	4878519	4878449	Deletion	70
3L	4911574	4910132	Deletion	1442
3L	4984399	4983541	Deletion	858
3L	5077875	5069246	Deletion	8629
3L	5133952	5133902	Deletion	50
3L	5246198	5242700	Deletion	3498
3L	5253745	5250972	Deletion	2773
3L	5267155	5263368	Deletion	3787
3L	5289605	5275470	Deletion	14135
3L	5298118	5293308	Deletion	4810
3L	5325344	5308258	Deletion	17086
3L	5335649	5333748	Deletion	1901
3L	5467302	5466523	Deletion	779
3L	5494245	5493398	Deletion	847
3L	5500009	5499420	Deletion	589
3L	5606983	5602734	Deletion	4249
3L	5666776	5666387	Deletion	389
3L	5674133	5667164	Deletion	6969
3L	5704833	5703004	Deletion	1829
3L	5720899	5720490	Deletion	409
3L	5730878	5730820	Deletion	58
3L	5750101	5750011	Deletion	90
3L	5843976	5838085	Deletion	5891
3L	5859633	5852570	Deletion	7063
3L	5895157	5872928	Deletion	22229
3L	5898993	5897587	Deletion	1406
3L	5901178	5899525	Deletion	1653
3L	5907486	5905679	Deletion	1807
3L	5912462	5912213	Deletion	249
3L	5966548	5964997	Deletion	1551
3L	5999469	5989687	Deletion	9782
3L	6065180	6056909	Deletion	8271
3L	6072694	6072409	Deletion	285
3L	6084189	6075630	Deletion	8559
3L	6103553	6099906	Deletion	3647
3L	6110258	6109998	Deletion	260
3L	6159848	6159193	Deletion	655
3L	6170062	6169940	Deletion	122
3L	6199272	6198762	Deletion	510
3L	6201599	6199335	Deletion	2264
3L	6219100	6218998	Deletion	102
3L	6219191	6219139	Deletion	52
3L	6242781	6241047	Deletion	1734
3L	6276807	6276027	Deletion	780
3L	6290742	6290570	Deletion	172
3L	6290982	6290861	Deletion	121
3L	6318318	6317836	Deletion	482
3L	6321772	6320123	Deletion	1649
3L	6393470	6391710	Deletion	1760
3L	6446504	6446454	Deletion	50
3L	6463726	6463613	Deletion	113
3L	6533361	6533294	Deletion	67
3L	6552669	6552403	Deletion	266
3L	6559234	6559186	Deletion	48
3L	6566320	6564354	Deletion	1966
3L	6567668	6567567	Deletion	101
3L	6583473	6580134	Deletion	3339
3L	6633128	6627153	Deletion	5975
3L	6636577	6634100	Deletion	2477
3L	6671409	6671285	Deletion	124
3L	6745254	6743612	Deletion	1642
3L	6787974	6787412	Deletion	562
3L	6811372	6805590	Deletion	5782
3L	6813478	6812938	Deletion	540
3L	6820465	6819637	Deletion	828
3L	6855488	6855396	Deletion	92
3L	6902141	6901955	Deletion	186
3L	6978535	6978370	Deletion	165
3L	7016792	7016665	Deletion	127
3L	7016794	7016899	Deletion	105
3L	7050197	7048294	Deletion	1903
3L	7055805	7051704	Deletion	4101
3L	7075984	7075732	Deletion	252
3L	7081623	7081009	Deletion	614
3L	7227643	7224677	Deletion	2966
3L	7316661	7313930	Deletion	2731
3L	7335798	7331927	Deletion	3871
3L	7351700	7351255	Deletion	445
3L	7374746	7372119	Deletion	2627
3L	7387731	7387335	Deletion	396
3L	7399913	7399459	Deletion	454
3L	7427075	7423993	Deletion	3082
3L	7467232	7467183	Deletion	49
3L	7487301	7484223	Deletion	3078
3L	7583256	7583160	Deletion	96
3L	7604437	7604150	Deletion	287
3L	7640979	7632916	Deletion	8063
3L	7648159	7643491	Deletion	4668
3L	7697919	7696699	Deletion	1220
3L	7724125	7724075	Deletion	50
3L	7759533	7751388	Deletion	8145
3L	7772640	7762501	Deletion	10139
3L	7787903	7787784	Deletion	119
3L	7842108	7837177	Deletion	4931
3L	7886913	7886761	Deletion	152
3L	7907585	7905507	Deletion	2078
3L	7942207	7942127	Deletion	80
3L	7979450	7979381	Deletion	69
3L	8017946	8017362	Deletion	584
3L	8029363	8029227	Deletion	136
3L	8052263	8035504	Deletion	16759
3L	8072050	8071972	Deletion	78
3L	8082667	8080721	Deletion	1946
3L	8099564	8097704	Deletion	1860
3L	8113296	8106937	Deletion	6359
3L	8160047	8147842	Deletion	12205
3L	8169308	8160811	Deletion	8497
3L	8169338	8169352	Deletion	14
3L	8170500	8169415	Deletion	1085
3L	8273258	8271040	Deletion	2218
3L	8308980	8305497	Deletion	3483
3L	8321802	8311393	Deletion	10409
3L	8324341	8324238	Deletion	103
3L	8400436	8382063	Deletion	18373
3L	8436216	8435996	Deletion	220
3L	8447328	8440892	Deletion	6436
3L	8537742	8536092	Deletion	1650
3L	8622882	8611480	Deletion	11402
3L	8645322	8640513	Deletion	4809
3L	8667469	8666737	Deletion	732
3L	8720700	8714544	Deletion	6156
3L	8775686	8775506	Deletion	180
3L	8842337	8842215	Deletion	122
3L	8843821	8843756	Deletion	65
3L	8847412	8845586	Deletion	1826
3L	8873908	8873771	Deletion	137
3L	8889327	8888556	Deletion	771
3L	8895665	8895607	Deletion	58
3L	8921006	8919136	Deletion	1870
3L	8921010	8921117	Deletion	107
3L	8926618	8925952	Deletion	666
3L	8963232	8963137	Deletion	95
3L	9013598	9011164	Deletion	2434
3L	9106457	9106401	Deletion	56
3L	9116416	9113441	Deletion	2975
3L	9214060	9212027	Deletion	2033
3L	9292162	9291361	Deletion	801
3L	9301307	9297155	Deletion	4152
3L	9319690	9315875	Deletion	3815
3L	9328251	9328168	Deletion	83
3L	9410965	9406876	Deletion	4089
3L	9432857	9425730	Deletion	7127
3L	9468940	9466519	Deletion	2421
3L	9472199	9470405	Deletion	1794
3L	9486059	9485058	Deletion	1001
3L	9504894	9504813	Deletion	81
3L	9575987	9559557	Deletion	16430
3L	9583306	9583164	Deletion	142
3L	9645693	9583981	Deletion	61712
3L	9698674	9698538	Deletion	136
3L	9702610	9700517	Deletion	2093
3L	9716000	9709781	Deletion	6219
3L	9733462	9733400	Deletion	62
3L	9749200	9745507	Deletion	3693
3L	9792982	9791526	Deletion	1456
3L	9822899	9822342	Deletion	557
3L	9852955	9852483	Deletion	472
3L	9880470	9874528	Deletion	5942
3L	9886445	9882008	Deletion	4437
3L	9992983	9991605	Deletion	1378
3L	9997843	9996556	Deletion	1287
3L	10026460	10010323	Deletion	16137
3L	10117628	10116722	Deletion	906
3L	10254628	10245648	Deletion	8980
3L	10270086	10257025	Deletion	13061
3L	10333581	10319631	Deletion	13950
3L	10339348	10337701	Deletion	1647
3L	10375111	10373125	Deletion	1986
3L	10386377	10384473	Deletion	1904
3L	10467125	10464792	Deletion	2333
3L	10510165	10509090	Deletion	1075
3L	10557865	10555278	Deletion	2587
3L	10563511	10563279	Deletion	232
3L	10594055	10593830	Deletion	225
3L	10632024	10631854	Deletion	170
3L	10646991	10646940	Deletion	51
3L	10673498	10673090	Deletion	408
3L	10728267	10708448	Deletion	19819
3L	10753828	10750600	Deletion	3228
3L	10758277	10756357	Deletion	1920
3L	10798457	10794914	Deletion	3543
3L	10859574	10850310	Deletion	9264
3L	10876665	10875887	Deletion	778
3L	10880222	10879940	Deletion	282
3L	10894274	10893243	Deletion	1031
3L	10935360	10934171	Deletion	1189
3L	10944264	10943498	Deletion	766
3L	10990276	10982426	Deletion	7850
3L	11063595	11050327	Deletion	13268
3L	11132443	11126819	Deletion	5624
3L	11137901	11137727	Deletion	174
3L	11158400	11158253	Deletion	147
3L	11199880	11198101	Deletion	1779
3L	11212074	11210096	Deletion	1978
3L	11239174	11239114	Deletion	60
3L	11254422	11251020	Deletion	3402
3L	11310701	11290193	Deletion	20508
3L	11328196	11324913	Deletion	3283
3L	11335595	11334737	Deletion	858
3L	11355521	11355426	Deletion	95
3L	11355525	11355564	Deletion	39
3L	11399290	11391402	Deletion	7888
3L	11408790	11408726	Deletion	64
3L	11429490	11420273	Deletion	9217
3L	11462207	11461815	Deletion	392
3L	11523435	11520902	Deletion	2533
3L	11589300	11584951	Deletion	4349
3L	11604148	11601473	Deletion	2675
3L	11634979	11626877	Deletion	8102
3L	11656287	11655731	Deletion	556
3L	11728380	11728283	Deletion	97
3L	11748283	11748222	Deletion	61
3L	11834885	11806138	Deletion	28747
3L	11850164	11844561	Deletion	5603
3L	11870652	11870604	Deletion	48
3L	11891647	11890775	Deletion	872
3L	11923688	11922823	Deletion	865
3L	11944787	11936851	Deletion	7936
3L	11948494	11947948	Deletion	546
3L	11951729	11951529	Deletion	200
3L	11968444	11966230	Deletion	2214
3L	11989791	11977109	Deletion	12682
3L	11993055	11993005	Deletion	50
3L	11994954	11994455	Deletion	499
3L	12006125	12006045	Deletion	80
3L	12042681	12042542	Deletion	139
3L	12095910	12095701	Deletion	209
3L	12129613	12128819	Deletion	794
3L	12154655	12154420	Deletion	235
3L	12220872	12205755	Deletion	15117
3L	12338717	12337617	Deletion	1100
3L	12347506	12347458	Deletion	48
3L	12367396	12364812	Deletion	2584
3L	12393106	12393037	Deletion	69
3L	12417806	12417556	Deletion	250
3L	12440434	12435716	Deletion	4718
3L	12522090	12507832	Deletion	14258
3L	12535058	12534890	Deletion	168
3L	12606066	12605460	Deletion	606
3L	12800027	12799926	Deletion	101
3L	12846613	12845409	Deletion	1204
3L	12883989	12878393	Deletion	5596
3L	12884528	12884447	Deletion	81
3L	12895634	12895207	Deletion	427
3L	12984165	12983785	Deletion	380
3L	12994431	12994272	Deletion	159
3L	13025659	13024624	Deletion	1035
3L	13029293	13028883	Deletion	410
3L	13041496	13033001	Deletion	8495
3L	13050401	13043637	Deletion	6764
3L	13055224	13051921	Deletion	3303
3L	13065702	13061139	Deletion	4563
3L	13068887	13068638	Deletion	249
3L	13097625	13097058	Deletion	567
3L	13129882	13110356	Deletion	19526
3L	13137911	13136205	Deletion	1706
3L	13161070	13160892	Deletion	178
3L	13213758	13200835	Deletion	12923
3L	13214028	13213800	Deletion	228
3L	13309060	13308381	Deletion	679
3L	13326676	13317035	Deletion	9641
3L	13332690	13331892	Deletion	798
3L	13376266	13349827	Deletion	26439
3L	13383889	13377444	Deletion	6445
3L	13395556	13395495	Deletion	61
3L	13420059	13418516	Deletion	1543
3L	13426565	13424007	Deletion	2558
3L	13466588	13454454	Deletion	12134
3L	13490476	13489587	Deletion	889
3L	13494022	13491860	Deletion	2162
3L	13537126	13535947	Deletion	1179
3L	13560069	13555764	Deletion	4305
3L	13575032	13574993	Deletion	39
3L	13671452	13670213	Deletion	1239
3L	13677406	13676057	Deletion	1349
3L	13733608	13733469	Deletion	139
3L	13734750	13734368	Deletion	382
3L	13744767	13744586	Deletion	181
3L	13832276	13831539	Deletion	737
3L	13838247	13832351	Deletion	5896
3L	13882196	13880337	Deletion	1859
3L	13951034	13950256	Deletion	778
3L	13972393	13970568	Deletion	1825
3L	14040552	14038723	Deletion	1829
3L	14048028	14046669	Deletion	1359
3L	14055282	14054990	Deletion	292
3L	14062159	14059086	Deletion	3073
3L	14063711	14062975	Deletion	736
3L	14078360	14064602	Deletion	13758
3L	14176388	14176311	Deletion	77
3L	14193560	14191516	Deletion	2044
3L	14211617	14198178	Deletion	13439
3L	14243000	14242633	Deletion	367
3L	14309061	14308104	Deletion	957
3L	14369041	14368243	Deletion	798
3L	14385216	14384043	Deletion	1173
3L	14401783	14399370	Deletion	2413
3L	14414887	14414699	Deletion	188
3L	14424526	14424335	Deletion	191
3L	14427148	14425390	Deletion	1758
3L	14435617	14428408	Deletion	7209
3L	14440970	14436640	Deletion	4330
3L	14442590	14441861	Deletion	729
3L	14444209	14444277	Deletion	68
3L	14457969	14444274	Deletion	13695
3L	14484313	14482459	Deletion	1854
3L	14519136	14514412	Deletion	4724
3L	14561884	14561443	Deletion	441
3L	14579199	14578765	Deletion	434
3L	14617147	14609155	Deletion	7992
3L	14666041	14665938	Deletion	103
3L	14801643	14797825	Deletion	3818
3L	14850970	14849969	Deletion	1001
3L	14877345	14876618	Deletion	727
3L	14895915	14895612	Deletion	303
3L	14935452	14929262	Deletion	6190
3L	14994636	14952673	Deletion	41963
3L	14999754	14995580	Deletion	4174
3L	15013629	15000170	Deletion	13459
3L	15043067	15023068	Deletion	19999
3L	15145813	15145678	Deletion	135
3L	15202614	15201167	Deletion	1447
3L	15204919	15203229	Deletion	1690
3L	15219196	15219146	Deletion	50
3L	15242921	15238959	Deletion	3962
3L	15274911	15248136	Deletion	26775
3L	15330721	15327698	Deletion	3023
3L	15375936	15375296	Deletion	640
3L	15391568	15381858	Deletion	9710
3L	15392804	15392462	Deletion	342
3L	15409008	15406353	Deletion	2655
3L	15447048	15431689	Deletion	15359
3L	15456926	15456115	Deletion	811
3L	15463120	15460543	Deletion	2577
3L	15474562	15474075	Deletion	487
3L	15476481	15476309	Deletion	172
3L	15495198	15491299	Deletion	3899
3L	15502561	15502174	Deletion	387
3L	15533577	15531843	Deletion	1734
3L	15550132	15546939	Deletion	3193
3L	15560312	15558891	Deletion	1421
3L	15591666	15591597	Deletion	69
3L	15630836	15630786	Deletion	50
3L	15652664	15651551	Deletion	1113
3L	15687259	15681971	Deletion	5288
3L	15730231	15714709	Deletion	15522
3L	15743568	15743507	Deletion	61
3L	15769637	15769074	Deletion	563
3L	15810559	15810261	Deletion	298
3L	15822694	15817013	Deletion	5681
3L	15841946	15831454	Deletion	10492
3L	15943626	15937979	Deletion	5647
3L	16068294	16065826	Deletion	2468
3L	16093548	16093345	Deletion	203
3L	16095417	16095000	Deletion	417
3L	16103558	16102744	Deletion	814
3L	16141427	16141231	Deletion	196
3L	16246816	16246648	Deletion	168
3L	16271750	16270670	Deletion	1080
3L	16293956	16291232	Deletion	2724
3L	16297743	16297672	Deletion	71
3L	16302560	16301983	Deletion	577
3L	16315693	16314825	Deletion	868
3L	16322375	16322299	Deletion	76
3L	16384552	16383055	Deletion	1497
3L	16399392	16399319	Deletion	73
3L	16421909	16420447	Deletion	1462
3L	16530114	16530005	Deletion	109
3L	16544059	16543327	Deletion	732
3L	16563773	16548475	Deletion	15298
3L	16612494	16612570	Deletion	76
3L	16664005	16662333	Deletion	1672
3L	16696930	16695137	Deletion	1793
3L	16730451	16721327	Deletion	9124
3L	16773266	16765216	Deletion	8050
3L	16878744	16877711	Deletion	1033
3L	16925968	16925386	Deletion	582
3L	17039119	17035414	Deletion	3705
3L	17041924	17039883	Deletion	2041
3L	17042798	17042130	Deletion	668
3L	17052161	17052233	Deletion	72
3L	17059077	17052236	Deletion	6841
3L	17059080	17059128	Deletion	48
3L	17073712	17067188	Deletion	6524
3L	17119452	17118941	Deletion	511
3L	17128715	17128593	Deletion	122
3L	17155943	17131813	Deletion	24130
3L	17163450	17163276	Deletion	174
3L	17208086	17205001	Deletion	3085
3L	17273226	17265758	Deletion	7468
3L	17292573	17290089	Deletion	2484
3L	17296650	17296586	Deletion	64
3L	17333272	17313922	Deletion	19350
3L	17344939	17338604	Deletion	6335
3L	17376846	17362090	Deletion	14756
3L	17408201	17406964	Deletion	1237
3L	17483956	17481953	Deletion	2003
3L	17502770	17501151	Deletion	1619
3L	17530626	17525357	Deletion	5269
3L	17554847	17530961	Deletion	23886
3L	17592763	17592705	Deletion	58
3L	17624546	17610476	Deletion	14070
3L	17633962	17630016	Deletion	3946
3L	17655129	17648657	Deletion	6472
3L	17719166	17713215	Deletion	5951
3L	17746305	17746134	Deletion	171
3L	17777920	17777441	Deletion	479
3L	17816411	17816359	Deletion	52
3L	17844781	17844258	Deletion	523
3L	17908451	17903155	Deletion	5296
3L	17912889	17910351	Deletion	2538
3L	17923912	17923423	Deletion	489
3L	17943013	17942723	Deletion	290
3L	17958851	17954197	Deletion	4654
3L	17969850	17965745	Deletion	4105
3L	17980508	17980060	Deletion	448
3L	18044796	18041024	Deletion	3772
3L	18106360	18103693	Deletion	2667
3L	18110453	18107385	Deletion	3068
3L	18169142	18169093	Deletion	49
3L	18183605	18170234	Deletion	13371
3L	18184940	18184786	Deletion	154
3L	18225128	18218867	Deletion	6261
3L	18226854	18226399	Deletion	455
3L	18254890	18250936	Deletion	3954
3L	18261182	18258375	Deletion	2807
3L	18261251	18261243	Deletion	8
3L	18261922	18261341	Deletion	581
3L	18284962	18275001	Deletion	9961
3L	18291978	18288559	Deletion	3419
3L	18322110	18316413	Deletion	5697
3L	18361635	18358039	Deletion	3596
3L	18419076	18409801	Deletion	9275
3L	18454233	18448524	Deletion	5709
3L	18565732	18562242	Deletion	3490
3L	18577437	18577079	Deletion	358
3L	18582654	18582595	Deletion	59
3L	18605922	18600736	Deletion	5186
3L	18618780	18618255	Deletion	525
3L	18748516	18747744	Deletion	772
3L	18767695	18764345	Deletion	3350
3L	18827569	18827467	Deletion	102
3L	18830403	18830251	Deletion	152
3L	18871319	18870535	Deletion	784
3L	18913427	18908346	Deletion	5081
3L	18931328	18926253	Deletion	5075
3L	18935301	18935215	Deletion	86
3L	18956675	18954215	Deletion	2460
3L	19012197	19008380	Deletion	3817
3L	19036728	19036190	Deletion	538
3L	19057028	19056938	Deletion	90
3L	19096579	19095829	Deletion	750
3L	19098885	19098763	Deletion	122
3L	19099796	19099134	Deletion	662
3L	19132534	19132356	Deletion	178
3L	19173788	19173682	Deletion	106
3L	19179505	19179143	Deletion	362
3L	19200702	19200638	Deletion	64
3L	19224920	19202385	Deletion	22535
3L	19249653	19249224	Deletion	429
3L	19300840	19300738	Deletion	102
3L	19330043	19329985	Deletion	58
3L	19336911	19336683	Deletion	228
3L	19403230	19402698	Deletion	532
3L	19456766	19456711	Deletion	55
3L	19483923	19458916	Deletion	25007
3L	19492769	19492717	Deletion	52
3L	19563628	19552787	Deletion	10841
3L	19706427	19705523	Deletion	904
3L	19800404	19791747	Deletion	8657
3L	19810305	19809509	Deletion	796
3L	19817924	19817874	Deletion	50
3L	19833734	19832886	Deletion	848
3L	19843148	19840465	Deletion	2683
3L	19861591	19858374	Deletion	3217
3L	19913823	19908985	Deletion	4838
3L	19917679	19915783	Deletion	1896
3L	19952706	19951681	Deletion	1025
3L	19974349	19967810	Deletion	6539
3L	20017991	20005209	Deletion	12782
3L	20024735	20024666	Deletion	69
3L	20091528	20091412	Deletion	116
3L	20126471	20126287	Deletion	184
3L	20136579	20135430	Deletion	1149
3L	20152365	20149715	Deletion	2650
3L	20174451	20170041	Deletion	4410
3L	20223883	20221426	Deletion	2457
3L	20232927	20225626	Deletion	7301
3L	20255804	20241835	Deletion	13969
3L	20282467	20260403	Deletion	22064
3L	20316780	20312444	Deletion	4336
3L	20392539	20390141	Deletion	2398
3L	20413420	20407351	Deletion	6069
3L	20429564	20429315	Deletion	249
3L	20450027	20431765	Deletion	18262
3L	20454561	20454424	Deletion	137
3L	20466888	20466753	Deletion	135
3L	20473499	20473419	Deletion	80
3L	20532381	20521004	Deletion	11377
3L	20547839	20547262	Deletion	577
3L	20552541	20550691	Deletion	1850
3L	20554111	20553832	Deletion	279
3L	20566047	20561613	Deletion	4434
3L	20615214	20615160	Deletion	54
3L	20770305	20758826	Deletion	11479
3L	20879697	20877711	Deletion	1986
3L	20937133	20934864	Deletion	2269
3L	20965235	20957983	Deletion	7252
3L	21005758	20987666	Deletion	18092
3L	21007197	21006948	Deletion	249
3L	21074233	21052511	Deletion	21722
3L	21089039	21088974	Deletion	65
3L	21177824	21174774	Deletion	3050
3L	21223600	21222871	Deletion	729
3L	21239149	21238791	Deletion	358
3L	21347117	21346597	Deletion	520
3L	21394307	21380974	Deletion	13333
3L	21401982	21395548	Deletion	6434
3L	21425642	21425723	Deletion	81
3L	21425898	21425719	Deletion	179
3L	21440939	21437320	Deletion	3619
3L	21472680	21472553	Deletion	127
3L	21472716	21472737	Deletion	21
3L	21473619	21472746	Deletion	873
3L	21484357	21484040	Deletion	317
3L	21487533	21484984	Deletion	2549
3L	21540161	21539728	Deletion	433
3L	21547989	21546766	Deletion	1223
3L	21604304	21593773	Deletion	10531
3L	21608019	21607880	Deletion	139
3L	21636627	21618103	Deletion	18524
3L	21680339	21644132	Deletion	36207
3L	21731237	21715364	Deletion	15873
3L	21731300	21731308	Deletion	8
3L	21733627	21731338	Deletion	2289
3L	21758695	21758021	Deletion	674
3L	21879384	21877326	Deletion	2058
3L	21891133	21886470	Deletion	4663
3L	21903490	21900001	Deletion	3489
3L	21915833	21912029	Deletion	3804
3L	21957797	21933662	Deletion	24135
3L	22002138	22000562	Deletion	1576
3L	22042217	22042168	Deletion	49
3L	22074836	22074498	Deletion	338
3L	22084292	22079443	Deletion	4849
3L	22093615	22085185	Deletion	8430
3L	22110782	22108280	Deletion	2502
3L	22119282	22118802	Deletion	480
3L	22155702	22147156	Deletion	8546
3L	22174001	22159368	Deletion	14633
3L	22217769	22209689	Deletion	8080
3L	22229943	22221343	Deletion	8600
3L	22236221	22236066	Deletion	155
3L	22239170	22239102	Deletion	68
3L	22239533	22239450	Deletion	83
3L	22301070	22286032	Deletion	15038
3L	22320311	22315851	Deletion	4460
3L	22368034	22363710	Deletion	4324
3L	22376181	22375835	Deletion	346
3L	22434606	22427050	Deletion	7556
3L	22481188	22477952	Deletion	3236
3L	22482976	22482922	Deletion	54
3L	22497692	22497811	Deletion	119
3L	22503840	22503766	Deletion	74
3L	22522041	22520469	Deletion	1572
3L	22575934	22563092	Deletion	12842
3L	22642945	22642748	Deletion	197
3L	22685123	22685167	Deletion	44
3L	22690281	22685168	Deletion	5113
3L	22690282	22690333	Deletion	51
3L	22782007	22776891	Deletion	5116
3L	22784619	22782794	Deletion	1825
3L	22793594	22792670	Deletion	924
3L	22815363	22815221	Deletion	142
3L	22815427	22815399	Deletion	28
3L	22833883	22822769	Deletion	11114
3L	22836867	22835334	Deletion	1533
3L	22853833	22838482	Deletion	15351
3L	22903544	22902656	Deletion	888
3L	22919444	22914319	Deletion	5125
3L	23072335	23071631	Deletion	704
3L	23072408	23072378	Deletion	30
3L	23076613	23075816	Deletion	797
3L	23093576	23093487	Deletion	89
3L	23109768	23096021	Deletion	13747
3L	23186646	23185608	Deletion	1038
3L	23197835	23196921	Deletion	914
3L	23248483	23246971	Deletion	1512
3L	23261875	23261716	Deletion	159
3L	23328824	23328199	Deletion	625
3L	23330477	23329205	Deletion	1272
3L	23335351	23335220	Deletion	131
3L	23463389	23462712	Deletion	677
3L	23614191	23613241	Deletion	950
3L	23643542	23642652	Deletion	890
3L	23673993	23672496	Deletion	1497
3L	23752760	23752582	Deletion	178
3L	23843970	23842467	Deletion	1503
3L	23858267	23857462	Deletion	805
3L	23970557	23970460	Deletion	97
3L	24085690	24076298	Deletion	9392
3L	24107471	24106196	Deletion	1275
3L	24117409	24110513	Deletion	6896
3L	24122337	24118854	Deletion	3483
3L	24129273	24129225	Deletion	48
3L	24197199	24195778	Deletion	1421
3L	24322552	24322487	Deletion	65
3L	24374762	24374339	Deletion	423
3L	24556801	24556701	Deletion	100
3L	24568596	24565051	Deletion	3545
3L	24573986	24573633	Deletion	353
3L	24591262	24591051	Deletion	211
3L	24593084	24592984	Deletion	100
3L	24604540	24604051	Deletion	489
3L	24738928	24736980	Deletion	1948
3L	24750477	24750049	Deletion	428
3L	24766388	24760382	Deletion	6006
3L	24781444	24781393	Deletion	51
3L	24856906	24856978	Deletion	72
3L	24913413	24913061	Deletion	352
3L	24948294	24945022	Deletion	3272
3L	25001398	25000734	Deletion	664
3L	25074416	25074360	Deletion	56
3L	25154980	25147713	Deletion	7267
3L	25231695	25231347	Deletion	348
3L	25321954	25321776	Deletion	178
3L	25379267	25378892	Deletion	375
3L	25399132	25398073	Deletion	1059
3L	25430313	25429655	Deletion	658
3L	25602228	25601877	Deletion	351
3L	25770781	25766718	Deletion	4063
3L	25954570	25954027	Deletion	543
3L	26015022	26013760	Deletion	1262
3L	26068232	26066464	Deletion	1768
3L	26073843	26073805	Deletion	38
3L	26101665	26101515	Deletion	150
3L	26119452	26117354	Deletion	2098
3L	26152839	26152665	Deletion	174
3L	26222777	26220937	Deletion	1840
3L	26301687	26299365	Deletion	2322
3L	26374045	26373964	Deletion	81
3L	26534704	26532480	Deletion	2224
3L	26667703	26666197	Deletion	1506
3L	26671882	26667742	Deletion	4140
3L	26684787	26684525	Deletion	262
3L	26684852	26684899	Deletion	47
3L	26738081	26733300	Deletion	4781
3L	26742518	26740586	Deletion	1932
3L	26764547	26754812	Deletion	9735
3L	26830971	26830666	Deletion	305
3L	26936256	26882321	Deletion	53935
3L	27078657	27077823	Deletion	834
3L	27145361	27140518	Deletion	4843
3L	27170364	27165236	Deletion	5128
3L	27282878	27276066	Deletion	6812
3L	27318062	27317238	Deletion	824
3L	27334079	27333130	Deletion	949
3L	27339491	27334786	Deletion	4705
3L	27378564	27377315	Deletion	1249
3L	27381126	27381064	Deletion	62
3L	27398257	27394607	Deletion	3650
3L	27546054	27545934	Deletion	120
3L	27576422	27576284	Deletion	138
3L	27719774	27718325	Deletion	1449
3L	27855143	27855023	Deletion	120
3L	28060537	28052581	Deletion	7956
3R	30924	30824	Deletion	100
3R	492778	492333	Deletion	445
3R	592033	591956	Deletion	77
3R	893785	892016	Deletion	1769
3R	984137	984077	Deletion	60
3R	1101847	1101682	Deletion	165
3R	1163199	1156727	Deletion	6472
3R	1168891	1168002	Deletion	889
3R	1202391	1199186	Deletion	3205
3R	1224114	1220340	Deletion	3774
3R	1249684	1248767	Deletion	917
3R	1298132	1289871	Deletion	8261
3R	1298350	1298227	Deletion	123
3R	1559214	1559324	Deletion	110
3R	1593719	1593662	Deletion	57
3R	1621187	1621079	Deletion	108
3R	1839862	1833588	Deletion	6274
3R	1844677	1844504	Deletion	173
3R	1857045	1856941	Deletion	104
3R	1865306	1864421	Deletion	885
3R	1874519	1869372	Deletion	5147
3R	2100671	2099420	Deletion	1251
3R	2159400	2158238	Deletion	1162
3R	2261757	2261551	Deletion	206
3R	2446528	2446616	Deletion	88
3R	2477787	2473362	Deletion	4425
3R	2488783	2488683	Deletion	100
3R	2494720	2492820	Deletion	1900
3R	2499972	2498072	Deletion	1900
3R	2516632	2515632	Deletion	1000
3R	2582539	2576487	Deletion	6052
3R	2693570	2693270	Deletion	300
3R	2769452	2768164	Deletion	1288
3R	2769454	2769522	Deletion	68
3R	2775101	2771851	Deletion	3250
3R	2776779	2775902	Deletion	877
3R	2985842	2985751	Deletion	91
3R	3033665	3033732	Deletion	67
3R	3033668	3033774	Deletion	106
3R	3033675	3033750	Deletion	75
3R	3170183	3170110	Deletion	73
3R	3170231	3170275	Deletion	44
3R	3170304	3170300	Deletion	4
3R	3298319	3298176	Deletion	143
3R	3414597	3414525	Deletion	72
3R	3603329	3603273	Deletion	56
3R	3713361	3706815	Deletion	6546
3R	3755203	3755193	Deletion	10
3R	3894185	3894219	Deletion	34
3R	4037449	4036278	Deletion	1171
3R	4054754	4054366	Deletion	388
3R	4167251	4161794	Deletion	5457
3R	4177153	4176920	Deletion	233
3R	4192834	4192740	Deletion	94
3R	4305564	4298931	Deletion	6633
3R	4310604	4310057	Deletion	547
3R	4359894	4359430	Deletion	464
3R	4385290	4385370	Deletion	80
3R	4392435	4385369	Deletion	7066
3R	4392546	4392467	Deletion	79
3R	4399511	4399353	Deletion	158
3R	4437963	4429359	Deletion	8604
3R	4450190	4446514	Deletion	3676
3R	4527484	4527149	Deletion	335
3R	4527486	4527570	Deletion	84
3R	4556172	4556070	Deletion	102
3R	4605916	4601219	Deletion	4697
3R	4638048	4637157	Deletion	891
3R	4646412	4642081	Deletion	4331
3R	4687138	4686300	Deletion	838
3R	4722710	4719968	Deletion	2742
3R	4739687	4733845	Deletion	5842
3R	4783423	4783162	Deletion	261
3R	4803831	4802272	Deletion	1559
3R	4821500	4806980	Deletion	14520
3R	4838424	4829663	Deletion	8761
3R	4844526	4844262	Deletion	264
3R	4896271	4896009	Deletion	262
3R	4929823	4916075	Deletion	13748
3R	4963694	4959714	Deletion	3980
3R	4973249	4972282	Deletion	967
3R	4980738	4980689	Deletion	49
3R	5040925	5037589	Deletion	3336
3R	5240444	5234123	Deletion	6321
3R	5294305	5266774	Deletion	27531
3R	5311138	5300704	Deletion	10434
3R	5329992	5319138	Deletion	10854
3R	5402907	5402446	Deletion	461
3R	5438828	5435072	Deletion	3756
3R	5440135	5438887	Deletion	1248
3R	5498304	5497867	Deletion	437
3R	5499645	5498798	Deletion	847
3R	5509081	5503235	Deletion	5846
3R	5520784	5520579	Deletion	205
3R	5570947	5570250	Deletion	697
3R	5681674	5666063	Deletion	15611
3R	5774286	5771938	Deletion	2348
3R	5784368	5783991	Deletion	377
3R	5820677	5802746	Deletion	17931
3R	5833003	5821280	Deletion	11723
3R	5849303	5848467	Deletion	836
3R	5901095	5890459	Deletion	10636
3R	5904676	5903613	Deletion	1063
3R	5940302	5936886	Deletion	3416
3R	5961039	5956456	Deletion	4583
3R	5967147	5961654	Deletion	5493
3R	6038205	6031435	Deletion	6770
3R	6040082	6039898	Deletion	184
3R	6051598	6041298	Deletion	10300
3R	6054144	6053189	Deletion	955
3R	6145006	6144872	Deletion	134
3R	6183515	6183138	Deletion	377
3R	6241656	6241190	Deletion	466
3R	6244628	6244376	Deletion	252
3R	6280897	6279138	Deletion	1759
3R	6375048	6368895	Deletion	6153
3R	6421239	6420837	Deletion	402
3R	6432247	6431817	Deletion	430
3R	6476479	6472890	Deletion	3589
3R	6483370	6483322	Deletion	48
3R	6495260	6494901	Deletion	359
3R	6504546	6496700	Deletion	7846
3R	6603573	6597931	Deletion	5642
3R	6636808	6636715	Deletion	93
3R	6661513	6657655	Deletion	3858
3R	6684652	6684349	Deletion	303
3R	6717107	6715649	Deletion	1458
3R	6774837	6774688	Deletion	149
3R	6776225	6776089	Deletion	136
3R	6784582	6784336	Deletion	246
3R	6789384	6787910	Deletion	1474
3R	6791208	6790437	Deletion	771
3R	6809203	6807886	Deletion	1317
3R	6879000	6878864	Deletion	136
3R	6913046	6911691	Deletion	1355
3R	6967674	6966068	Deletion	1606
3R	6998436	6988306	Deletion	10130
3R	7023585	7023436	Deletion	149
3R	7030591	7028723	Deletion	1868
3R	7092687	7086476	Deletion	6211
3R	7107594	7105132	Deletion	2462
3R	7117780	7117172	Deletion	608
3R	7164783	7162706	Deletion	2077
3R	7166297	7166391	Deletion	94
3R	7256279	7247107	Deletion	9172
3R	7289227	7289172	Deletion	55
3R	7289229	7289350	Deletion	121
3R	7298357	7298071	Deletion	286
3R	7341620	7340203	Deletion	1417
3R	7346827	7346584	Deletion	243
3R	7374389	7364918	Deletion	9471
3R	7402598	7400418	Deletion	2180
3R	7441162	7440624	Deletion	538
3R	7500119	7494178	Deletion	5941
3R	7542052	7541972	Deletion	80
3R	7609878	7607203	Deletion	2675
3R	7620782	7610838	Deletion	9944
3R	7673955	7667996	Deletion	5959
3R	7689064	7689107	Deletion	43
3R	7721992	7721933	Deletion	59
3R	7869313	7865220	Deletion	4093
3R	7873638	7870083	Deletion	3555
3R	7945124	7945069	Deletion	55
3R	7963950	7960349	Deletion	3601
3R	8004834	8001606	Deletion	3228
3R	8007225	8005801	Deletion	1424
3R	8024413	8017307	Deletion	7106
3R	8064427	8064366	Deletion	61
3R	8119774	8117475	Deletion	2299
3R	8176605	8175649	Deletion	956
3R	8322891	8313925	Deletion	8966
3R	8361193	8355546	Deletion	5647
3R	8385792	8362759	Deletion	23033
3R	8454072	8433676	Deletion	20396
3R	8460794	8456615	Deletion	4179
3R	8472557	8470394	Deletion	2163
3R	8556063	8554373	Deletion	1690
3R	8556470	8556093	Deletion	377
3R	8558602	8556538	Deletion	2064
3R	8567536	8562017	Deletion	5519
3R	8616965	8616995	Deletion	30
3R	8617046	8616997	Deletion	49
3R	8617048	8617129	Deletion	81
3R	8635071	8617747	Deletion	17324
3R	8646317	8645992	Deletion	325
3R	8662064	8661793	Deletion	271
3R	8704988	8703306	Deletion	1682
3R	8729468	8728186	Deletion	1282
3R	8738873	8738809	Deletion	64
3R	8791881	8786126	Deletion	5755
3R	8823042	8821794	Deletion	1248
3R	8846068	8845398	Deletion	670
3R	8853805	8852116	Deletion	1689
3R	8862149	8855488	Deletion	6661
3R	9000804	8997232	Deletion	3572
3R	9008164	9000872	Deletion	7292
3R	9011656	9011166	Deletion	490
3R	9018505	9018235	Deletion	270
3R	9056036	9053783	Deletion	2253
3R	9115224	9095927	Deletion	19297
3R	9115701	9115608	Deletion	93
3R	9116007	9115807	Deletion	200
3R	9116333	9116112	Deletion	221
3R	9116759	9116570	Deletion	189
3R	9130625	9127171	Deletion	3454
3R	9174794	9174391	Deletion	403
3R	9194602	9194276	Deletion	326
3R	9267374	9265318	Deletion	2056
3R	9295004	9284946	Deletion	10058
3R	9312972	9311916	Deletion	1056
3R	9329288	9329233	Deletion	55
3R	9372075	9364466	Deletion	7609
3R	9405404	9384306	Deletion	21098
3R	9450051	9440139	Deletion	9912
3R	9452512	9451857	Deletion	655
3R	9460454	9457762	Deletion	2692
3R	9543364	9542294	Deletion	1070
3R	9546158	9545581	Deletion	577
3R	9629161	9616764	Deletion	12397
3R	9653523	9650326	Deletion	3197
3R	9680412	9679594	Deletion	818
3R	9873284	9864250	Deletion	9034
3R	9895620	9885496	Deletion	10124
3R	9904997	9904134	Deletion	863
3R	9915741	9915132	Deletion	609
3R	10030442	10029098	Deletion	1344
3R	10034306	10033970	Deletion	336
3R	10057920	10044010	Deletion	13910
3R	10069373	10064682	Deletion	4691
3R	10073747	10073696	Deletion	51
3R	10089978	10084892	Deletion	5086
3R	10102129	10093224	Deletion	8905
3R	10177645	10174352	Deletion	3293
3R	10189719	10189482	Deletion	237
3R	10232446	10228295	Deletion	4151
3R	10251135	10245119	Deletion	6016
3R	10337078	10332326	Deletion	4752
3R	10337156	10337110	Deletion	46
3R	10337320	10337220	Deletion	100
3R	10360459	10351825	Deletion	8634
3R	10363784	10362459	Deletion	1325
3R	10372739	10371305	Deletion	1434
3R	10378039	10374865	Deletion	3174
3R	10415611	10415303	Deletion	308
3R	10429717	10428028	Deletion	1689
3R	10469485	10469530	Deletion	45
3R	10469675	10469532	Deletion	143
3R	10500945	10500250	Deletion	695
3R	10503154	10502780	Deletion	374
3R	10548126	10548021	Deletion	105
3R	10586155	10585534	Deletion	621
3R	10658562	10656334	Deletion	2228
3R	10678065	10670505	Deletion	7560
3R	10692446	10687370	Deletion	5076
3R	10712779	10693089	Deletion	19690
3R	10739238	10738283	Deletion	955
3R	10746152	10742158	Deletion	3994
3R	10754170	10746226	Deletion	7944
3R	10793828	10782589	Deletion	11239
3R	10815355	10815308	Deletion	47
3R	10817784	10816934	Deletion	850
3R	10848479	10847328	Deletion	1151
3R	10861831	10855984	Deletion	5847
3R	10877789	10863878	Deletion	13911
3R	10879698	10878342	Deletion	1356
3R	10894934	10893419	Deletion	1515
3R	10958125	10949617	Deletion	8508
3R	10958207	10958168	Deletion	39
3R	11007099	11004382	Deletion	2717
3R	11043639	11042766	Deletion	873
3R	11135189	11135139	Deletion	50
3R	11224342	11222958	Deletion	1384
3R	11235987	11235799	Deletion	188
3R	11245187	11245003	Deletion	184
3R	11247657	11247492	Deletion	165
3R	11272647	11253578	Deletion	19069
3R	11281691	11281549	Deletion	142
3R	11330746	11327162	Deletion	3584
3R	11412729	11411331	Deletion	1398
3R	11442490	11433082	Deletion	9408
3R	11466854	11465628	Deletion	1226
3R	11469995	11467424	Deletion	2571
3R	11559547	11555982	Deletion	3565
3R	11562271	11562088	Deletion	183
3R	11578058	11564180	Deletion	13878
3R	11586234	11585728	Deletion	506
3R	11654480	11644274	Deletion	10206
3R	11812720	11812533	Deletion	187
3R	11849160	11846509	Deletion	2651
3R	11887385	11884881	Deletion	2504
3R	11891239	11887648	Deletion	3591
3R	11897737	11894026	Deletion	3711
3R	11964613	11962567	Deletion	2046
3R	12038015	12035355	Deletion	2660
3R	12050957	12050894	Deletion	63
3R	12072076	12071631	Deletion	445
3R	12166854	12163575	Deletion	3279
3R	12184543	12184491	Deletion	52
3R	12216425	12216339	Deletion	86
3R	12254257	12218393	Deletion	35864
3R	12277080	12260657	Deletion	16423
3R	12288289	12287288	Deletion	1001
3R	12399901	12399718	Deletion	183
3R	12528635	12528269	Deletion	366
3R	12536834	12535924	Deletion	910
3R	12536881	12536877	Deletion	4
3R	12541146	12536945	Deletion	4201
3R	12574704	12571146	Deletion	3558
3R	12574743	12574757	Deletion	14
3R	12588107	12587556	Deletion	551
3R	12603601	12599507	Deletion	4094
3R	12622720	12622651	Deletion	69
3R	12629487	12623720	Deletion	5767
3R	12671083	12662902	Deletion	8181
3R	12673840	12673765	Deletion	75
3R	12775666	12771634	Deletion	4032
3R	12871169	12871060	Deletion	109
3R	12892205	12885828	Deletion	6377
3R	12897237	12892836	Deletion	4401
3R	12951484	12950409	Deletion	1075
3R	13016475	13016363	Deletion	112
3R	13033821	13024543	Deletion	9278
3R	13065595	13059978	Deletion	5617
3R	13070325	13067084	Deletion	3241
3R	13101543	13101384	Deletion	159
3R	13130535	13129503	Deletion	1032
3R	13190094	13180209	Deletion	9885
3R	13233111	13232685	Deletion	426
3R	13272085	13271995	Deletion	90
3R	13405061	13403942	Deletion	1119
3R	13424481	13406714	Deletion	17767
3R	13446607	13441205	Deletion	5402
3R	13493041	13488614	Deletion	4427
3R	13517085	13499898	Deletion	17187
3R	13540722	13539459	Deletion	1263
3R	13554744	13550844	Deletion	3900
3R	13561037	13557320	Deletion	3717
3R	13609220	13608365	Deletion	855
3R	13668107	13667934	Deletion	173
3R	13689651	13689072	Deletion	579
3R	13717035	13692524	Deletion	24511
3R	13778526	13776635	Deletion	1891
3R	13790410	13785674	Deletion	4736
3R	13805978	13798309	Deletion	7669
3R	13825586	13825537	Deletion	49
3R	13828962	13825872	Deletion	3090
3R	13867914	13862786	Deletion	5128
3R	13880155	13876689	Deletion	3466
3R	13936781	13936710	Deletion	71
3R	13937428	13937281	Deletion	147
3R	13978395	13975469	Deletion	2926
3R	14090473	14081182	Deletion	9291
3R	14114137	14107259	Deletion	6878
3R	14121333	14117694	Deletion	3639
3R	14223529	14214206	Deletion	9323
3R	14269779	14269723	Deletion	56
3R	14302055	14299982	Deletion	2073
3R	14313953	14305931	Deletion	8022
3R	14338757	14336467	Deletion	2290
3R	14348288	14348207	Deletion	81
3R	14368711	14368655	Deletion	56
3R	14376352	14374124	Deletion	2228
3R	14389991	14380085	Deletion	9906
3R	14413220	14410977	Deletion	2243
3R	14431900	14414435	Deletion	17465
3R	14457610	14455052	Deletion	2558
3R	14537956	14536660	Deletion	1296
3R	14552275	14543310	Deletion	8965
3R	14588069	14571125	Deletion	16944
3R	14616828	14604479	Deletion	12349
3R	14642749	14630064	Deletion	12685
3R	14653059	14652693	Deletion	366
3R	14740131	14730371	Deletion	9760
3R	14760247	14742124	Deletion	18123
3R	14811840	14809383	Deletion	2457
3R	14855515	14855341	Deletion	174
3R	14864884	14864468	Deletion	416
3R	14940138	14938272	Deletion	1866
3R	14990423	14988273	Deletion	2150
3R	14993771	14993219	Deletion	552
3R	15158335	15154264	Deletion	4071
3R	15209598	15206769	Deletion	2829
3R	15226135	15213556	Deletion	12579
3R	15245123	15244986	Deletion	137
3R	15268141	15268038	Deletion	103
3R	15276921	15272812	Deletion	4109
3R	15280756	15279098	Deletion	1658
3R	15284359	15282707	Deletion	1652
3R	15304746	15301921	Deletion	2825
3R	15329260	15328831	Deletion	429
3R	15341368	15340228	Deletion	1140
3R	15383903	15368375	Deletion	15528
3R	15393468	15390989	Deletion	2479
3R	15453868	15452756	Deletion	1112
3R	15481762	15480924	Deletion	838
3R	15585236	15582254	Deletion	2982
3R	15660350	15658205	Deletion	2145
3R	15675716	15665475	Deletion	10241
3R	15686708	15686651	Deletion	57
3R	15745427	15742540	Deletion	2887
3R	15831675	15782679	Deletion	48996
3R	15867723	15867672	Deletion	51
3R	15877331	15877184	Deletion	147
3R	15878140	15878044	Deletion	96
3R	15951129	15948797	Deletion	2332
3R	16033935	16030453	Deletion	3482
3R	16058048	16054135	Deletion	3913
3R	16090133	16080549	Deletion	9584
3R	16092360	16092072	Deletion	288
3R	16097703	16097289	Deletion	414
3R	16123382	16123216	Deletion	166
3R	16124217	16124028	Deletion	189
3R	16205945	16201415	Deletion	4530
3R	16232660	16223100	Deletion	9560
3R	16277526	16272054	Deletion	5472
3R	16280973	16279961	Deletion	1012
3R	16286991	16286913	Deletion	78
3R	16317330	16303022	Deletion	14308
3R	16336554	16329030	Deletion	7524
3R	16370160	16368258	Deletion	1902
3R	16441502	16441449	Deletion	53
3R	16445990	16445943	Deletion	47
3R	16468150	16464933	Deletion	3217
3R	16498917	16498722	Deletion	195
3R	16532378	16518176	Deletion	14202
3R	16534571	16532985	Deletion	1586
3R	16562546	16555843	Deletion	6703
3R	16629628	16614356	Deletion	15272
3R	16631264	16630842	Deletion	422
3R	16786401	16786170	Deletion	231
3R	16798494	16796151	Deletion	2343
3R	16815481	16811019	Deletion	4462
3R	16893563	16893400	Deletion	163
3R	16906354	16905288	Deletion	1066
3R	16954116	16951735	Deletion	2381
3R	16964179	16963833	Deletion	346
3R	17008300	16997086	Deletion	11214
3R	17066633	17059112	Deletion	7521
3R	17070666	17067571	Deletion	3095
3R	17087215	17085724	Deletion	1491
3R	17243660	17241784	Deletion	1876
3R	17244426	17244311	Deletion	115
3R	17277909	17277942	Deletion	33
3R	17278128	17277940	Deletion	188
3R	17278134	17278239	Deletion	105
3R	17295184	17289345	Deletion	5839
3R	17332040	17331741	Deletion	299
3R	17345315	17335887	Deletion	9428
3R	17389487	17387752	Deletion	1735
3R	17398239	17392476	Deletion	5763
3R	17435770	17425991	Deletion	9779
3R	17471368	17446900	Deletion	24468
3R	17522804	17522169	Deletion	635
3R	17547117	17543373	Deletion	3744
3R	17563402	17555789	Deletion	7613
3R	17600700	17599125	Deletion	1575
3R	17711937	17711449	Deletion	488
3R	17804075	17802779	Deletion	1296
3R	17804218	17804121	Deletion	97
3R	17818287	17804282	Deletion	14005
3R	17884643	17884403	Deletion	240
3R	17920269	17920186	Deletion	83
3R	17946053	17943245	Deletion	2808
3R	17965995	17965936	Deletion	59
3R	18054863	18054273	Deletion	590
3R	18066992	18065453	Deletion	1539
3R	18088714	18086337	Deletion	2377
3R	18096548	18094529	Deletion	2019
3R	18099770	18099460	Deletion	310
3R	18101027	18100550	Deletion	477
3R	18101864	18101446	Deletion	418
3R	18137548	18132457	Deletion	5091
3R	18144798	18144013	Deletion	785
3R	18180857	18178178	Deletion	2679
3R	18189125	18184222	Deletion	4903
3R	18189126	18189198	Deletion	72
3R	18206983	18200441	Deletion	6542
3R	18243922	18243536	Deletion	386
3R	18274981	18266554	Deletion	8427
3R	18277511	18276606	Deletion	905
3R	18290694	18286368	Deletion	4326
3R	18293078	18293002	Deletion	76
3R	18306860	18306642	Deletion	218
3R	18331789	18323539	Deletion	8250
3R	18344658	18343719	Deletion	939
3R	18352333	18344923	Deletion	7410
3R	18438617	18436442	Deletion	2175
3R	18470976	18461604	Deletion	9372
3R	18499330	18489716	Deletion	9614
3R	18557391	18556080	Deletion	1311
3R	18562218	18562149	Deletion	69
3R	18622343	18620395	Deletion	1948
3R	18625394	18624602	Deletion	792
3R	18632421	18632350	Deletion	71
3R	18709277	18703749	Deletion	5528
3R	18735845	18721215	Deletion	14630
3R	18745675	18741869	Deletion	3806
3R	18750827	18750611	Deletion	216
3R	18760293	18760243	Deletion	50
3R	18867389	18860197	Deletion	7192
3R	18914589	18890117	Deletion	24472
3R	19043475	19041588	Deletion	1887
3R	19082219	19056947	Deletion	25272
3R	19100886	19100835	Deletion	51
3R	19140788	19140849	Deletion	61
3R	19140793	19140882	Deletion	89
3R	19152719	19140881	Deletion	11838
3R	19241913	19239632	Deletion	2281
3R	19312130	19311350	Deletion	780
3R	19318526	19315336	Deletion	3190
3R	19360568	19351494	Deletion	9074
3R	19383686	19366590	Deletion	17096
3R	19454554	19454374	Deletion	180
3R	19538488	19535204	Deletion	3284
3R	19606536	19596652	Deletion	9884
3R	19627123	19614351	Deletion	12772
3R	19659066	19634922	Deletion	24144
3R	19670597	19669388	Deletion	1209
3R	19719749	19716556	Deletion	3193
3R	19736953	19721092	Deletion	15861
3R	19798812	19792578	Deletion	6234
3R	19838708	19820022	Deletion	18686
3R	19849639	19849524	Deletion	115
3R	19852234	19852169	Deletion	65
3R	19875057	19865910	Deletion	9147
3R	19879282	19875573	Deletion	3709
3R	19902423	19887049	Deletion	15374
3R	19996733	19995039	Deletion	1694
3R	20068783	20054609	Deletion	14174
3R	20072815	20072754	Deletion	61
3R	20080747	20074711	Deletion	6036
3R	20108130	20096085	Deletion	12045
3R	20194958	20192365	Deletion	2593
3R	20243519	20243496	Deletion	23
3R	20265153	20264937	Deletion	216
3R	20308989	20292348	Deletion	16641
3R	20321320	20321121	Deletion	199
3R	20356950	20343346	Deletion	13604
3R	20387123	20379668	Deletion	7455
3R	20391920	20387294	Deletion	4626
3R	20413994	20408566	Deletion	5428
3R	20442097	20440954	Deletion	1143
3R	20442098	20442154	Deletion	56
3R	20541790	20536800	Deletion	4990
3R	20563065	20557028	Deletion	6037
3R	20568549	20564262	Deletion	4287
3R	20581243	20573134	Deletion	8109
3R	20597919	20589355	Deletion	8564
3R	20647528	20647473	Deletion	55
3R	20652940	20652347	Deletion	593
3R	20662627	20657665	Deletion	4962
3R	20685708	20685651	Deletion	57
3R	20718513	20714067	Deletion	4446
3R	20732605	20732279	Deletion	326
3R	20744297	20744176	Deletion	121
3R	20796572	20790336	Deletion	6236
3R	20831322	20831253	Deletion	69
3R	20892335	20887362	Deletion	4973
3R	20924531	20918443	Deletion	6088
3R	20996415	20976759	Deletion	19656
3R	21021506	21020802	Deletion	704
3R	21040496	21040397	Deletion	99
3R	21055406	21046176	Deletion	9230
3R	21064229	21059257	Deletion	4972
3R	21166321	21166256	Deletion	65
3R	21199088	21198817	Deletion	271
3R	21241027	21240960	Deletion	67
3R	21261847	21253555	Deletion	8292
3R	21318500	21318442	Deletion	58
3R	21426048	21423477	Deletion	2571
3R	21459669	21454591	Deletion	5078
3R	21464711	21464611	Deletion	100
3R	21502136	21501485	Deletion	651
3R	21514332	21514213	Deletion	119
3R	21527157	21519306	Deletion	7851
3R	21530001	21527242	Deletion	2759
3R	21569312	21569140	Deletion	172
3R	21573663	21573703	Deletion	40
3R	21581886	21573704	Deletion	8182
3R	21624007	21620035	Deletion	3972
3R	21639271	21638755	Deletion	516
3R	21678747	21677701	Deletion	1046
3R	21681427	21679993	Deletion	1434
3R	21724450	21724191	Deletion	259
3R	21792442	21787835	Deletion	4607
3R	21801679	21800702	Deletion	977
3R	21807068	21802999	Deletion	4069
3R	21831842	21823820	Deletion	8022
3R	21842346	21840042	Deletion	2304
3R	21900254	21890325	Deletion	9929
3R	21904557	21904053	Deletion	504
3R	21944305	21937412	Deletion	6893
3R	21946744	21944596	Deletion	2148
3R	21983958	21983643	Deletion	315
3R	22017943	22009634	Deletion	8309
3R	22025110	22022464	Deletion	2646
3R	22039633	22039566	Deletion	67
3R	22075119	22058378	Deletion	16741
3R	22091683	22082941	Deletion	8742
3R	22152030	22139547	Deletion	12483
3R	22177621	22177539	Deletion	82
3R	22229214	22219982	Deletion	9232
3R	22236106	22236048	Deletion	58
3R	22258035	22255868	Deletion	2167
3R	22293810	22276207	Deletion	17603
3R	22328948	22315326	Deletion	13622
3R	22328952	22329010	Deletion	58
3R	22335129	22334428	Deletion	701
3R	22351980	22344143	Deletion	7837
3R	22385393	22384026	Deletion	1367
3R	22392633	22389099	Deletion	3534
3R	22396990	22397080	Deletion	90
3R	22409411	22397077	Deletion	12334
3R	22433015	22432890	Deletion	125
3R	22458711	22458662	Deletion	49
3R	22473587	22473539	Deletion	48
3R	22504782	22474810	Deletion	29972
3R	22545508	22534715	Deletion	10793
3R	22547655	22547109	Deletion	546
3R	22592958	22592857	Deletion	101
3R	22608947	22608845	Deletion	102
3R	22628017	22627706	Deletion	311
3R	22657697	22633812	Deletion	23885
3R	22684543	22681505	Deletion	3038
3R	22707845	22707755	Deletion	90
3R	22744163	22743772	Deletion	391
3R	22789734	22787078	Deletion	2656
3R	22807140	22803186	Deletion	3954
3R	22945156	22940848	Deletion	4308
3R	22948775	22947219	Deletion	1556
3R	22956550	22956252	Deletion	298
3R	22969891	22966643	Deletion	3248
3R	23032203	23031593	Deletion	610
3R	23035449	23034982	Deletion	467
3R	23050572	23049875	Deletion	697
3R	23063787	23061566	Deletion	2221
3R	23071753	23068797	Deletion	2956
3R	23146365	23145487	Deletion	878
3R	23266264	23264004	Deletion	2260
3R	23303208	23302777	Deletion	431
3R	23308155	23304862	Deletion	3293
3R	23315643	23313506	Deletion	2137
3R	23331900	23329793	Deletion	2107
3R	23340966	23335296	Deletion	5670
3R	23346021	23345964	Deletion	57
3R	23403387	23378553	Deletion	24834
3R	23410044	23408721	Deletion	1323
3R	23425973	23420608	Deletion	5365
3R	23441587	23440804	Deletion	783
3R	23477852	23477542	Deletion	310
3R	23551461	23551092	Deletion	369
3R	23557501	23556883	Deletion	618
3R	23569382	23564062	Deletion	5320
3R	23617007	23616389	Deletion	618
3R	23648521	23647798	Deletion	723
3R	23680443	23678889	Deletion	1554
3R	23719593	23719385	Deletion	208
3R	23786073	23785721	Deletion	352
3R	23794769	23794855	Deletion	86
3R	23826812	23826493	Deletion	319
3R	23899720	23892252	Deletion	7468
3R	23911880	23910103	Deletion	1777
3R	23914469	23912986	Deletion	1483
3R	23934588	23926898	Deletion	7690
3R	24005057	23987486	Deletion	17571
3R	24014369	24008219	Deletion	6150
3R	24033846	24033795	Deletion	51
3R	24125006	24124637	Deletion	369
3R	24161704	24160695	Deletion	1009
3R	24202614	24202224	Deletion	390
3R	24318769	24318090	Deletion	679
3R	24334435	24333369	Deletion	1066
3R	24354671	24353835	Deletion	836
3R	24403580	24390576	Deletion	13004
3R	24413516	24409435	Deletion	4081
3R	24487804	24483655	Deletion	4149
3R	24506776	24505981	Deletion	795
3R	24528183	24509067	Deletion	19116
3R	24567516	24567095	Deletion	421
3R	24576017	24571674	Deletion	4343
3R	24593897	24584398	Deletion	9499
3R	24597364	24596623	Deletion	741
3R	24610519	24609620	Deletion	899
3R	24693415	24691152	Deletion	2263
3R	24711119	24708353	Deletion	2766
3R	24762374	24761704	Deletion	670
3R	24792466	24777679	Deletion	14787
3R	24806611	24806495	Deletion	116
3R	24850295	24843850	Deletion	6445
3R	24916472	24915504	Deletion	968
3R	24935974	24932994	Deletion	2980
3R	25032967	25031980	Deletion	987
3R	25097441	25096426	Deletion	1015
3R	25147798	25147566	Deletion	232
3R	25195523	25176387	Deletion	19136
3R	25210045	25197339	Deletion	12706
3R	25243868	25242818	Deletion	1050
3R	25270319	25264928	Deletion	5391
3R	25291738	25279626	Deletion	12112
3R	25339142	25338476	Deletion	666
3R	25396407	25390218	Deletion	6189
3R	25445761	25442262	Deletion	3499
3R	25450140	25449770	Deletion	370
3R	25476676	25468745	Deletion	7931
3R	25490841	25487753	Deletion	3088
3R	25542031	25528804	Deletion	13227
3R	25561131	25550363	Deletion	10768
3R	25574139	25568058	Deletion	6081
3R	25575054	25574652	Deletion	402
3R	25611799	25584737	Deletion	27062
3R	25617584	25613965	Deletion	3619
3R	25723860	25691562	Deletion	32298
3R	25768681	25768630	Deletion	51
3R	25829327	25828537	Deletion	790
3R	25872753	25870970	Deletion	1783
3R	25882666	25877477	Deletion	5189
3R	25927810	25916152	Deletion	11658
3R	25932778	25932705	Deletion	73
3R	25979698	25979361	Deletion	337
3R	26009418	25996911	Deletion	12507
3R	26057270	26048218	Deletion	9052
3R	26091325	26088194	Deletion	3131
3R	26105939	26105886	Deletion	53
3R	26146459	26144870	Deletion	1589
3R	26152592	26152463	Deletion	129
3R	26209076	26209023	Deletion	53
3R	26266204	26266103	Deletion	101
3R	26272055	26271007	Deletion	1048
3R	26309353	26309265	Deletion	88
3R	26338356	26336986	Deletion	1370
3R	26370688	26360012	Deletion	10676
3R	26402789	26402070	Deletion	719
3R	26453326	26451601	Deletion	1725
3R	26456691	26456154	Deletion	537
3R	26524241	26524015	Deletion	226
3R	26550672	26550209	Deletion	463
3R	26577864	26567556	Deletion	10308
3R	26629492	26626332	Deletion	3160
3R	26654024	26638266	Deletion	15758
3R	26657251	26656054	Deletion	1197
3R	26671448	26671332	Deletion	116
3R	26677455	26675575	Deletion	1880
3R	26686394	26684617	Deletion	1777
3R	26732829	26723202	Deletion	9627
3R	26736921	26734432	Deletion	2489
3R	26746456	26746276	Deletion	180
3R	26767297	26766403	Deletion	894
3R	26809597	26809271	Deletion	326
3R	26889481	26888578	Deletion	903
3R	26915180	26912353	Deletion	2827
3R	27027975	27026581	Deletion	1394
3R	27042888	27038654	Deletion	4234
3R	27066736	27046224	Deletion	20512
3R	27094717	27093762	Deletion	955
3R	27110737	27106276	Deletion	4461
3R	27116454	27116401	Deletion	53
3R	27198725	27172563	Deletion	26162
3R	27201829	27199408	Deletion	2421
3R	27306543	27296254	Deletion	10289
3R	27374055	27353289	Deletion	20766
3R	27398816	27398520	Deletion	296
3R	27428342	27421675	Deletion	6667
3R	27452188	27447828	Deletion	4360
3R	27487242	27477928	Deletion	9314
3R	27493897	27493495	Deletion	402
3R	27496571	27494740	Deletion	1831
3R	27513297	27513171	Deletion	126
3R	27591561	27590721	Deletion	840
3R	27598982	27599052	Deletion	70
3R	27626688	27624121	Deletion	2567
3R	27669386	27669335	Deletion	51
3R	27701257	27701192	Deletion	65
3R	27714492	27714417	Deletion	75
3R	27750872	27750810	Deletion	62
3R	27761027	27759957	Deletion	1070
3R	27802952	27801644	Deletion	1308
3R	27812895	27808582	Deletion	4313
3R	27854745	27854507	Deletion	238
3R	27991664	27986938	Deletion	4726
3R	27992748	27992390	Deletion	358
3R	28001675	28001615	Deletion	60
3R	28021237	28020806	Deletion	431
3R	28021367	28021328	Deletion	39
3R	28030480	28028289	Deletion	2191
3R	28082404	28078423	Deletion	3981
3R	28103082	28092875	Deletion	10207
3R	28105279	28103285	Deletion	1994
3R	28148167	28143004	Deletion	5163
3R	28151533	28150439	Deletion	1094
3R	28295968	28295343	Deletion	625
3R	28372600	28348138	Deletion	24462
3R	28426164	28426144	Deletion	20
3R	28429137	28426242	Deletion	2895
3R	28458415	28453915	Deletion	4500
3R	28470418	28460073	Deletion	10345
3R	28480292	28480082	Deletion	210
3R	28549924	28549513	Deletion	411
3R	28584068	28583904	Deletion	164
3R	28614558	28607807	Deletion	6751
3R	28641500	28641420	Deletion	80
3R	28654743	28650274	Deletion	4469
3R	28669445	28669350	Deletion	95
3R	28675176	28674906	Deletion	270
3R	28693527	28683986	Deletion	9541
3R	28710371	28708045	Deletion	2326
3R	28735959	28732812	Deletion	3147
3R	28737054	28736426	Deletion	628
3R	28743600	28741250	Deletion	2350
3R	28843115	28843055	Deletion	60
3R	28846026	28843156	Deletion	2870
3R	28850326	28848695	Deletion	1631
3R	28865451	28861421	Deletion	4030
3R	28880001	28874409	Deletion	5592
3R	28885921	28884923	Deletion	998
3R	28967189	28959950	Deletion	7239
3R	28972678	28972298	Deletion	380
3R	29037206	29030129	Deletion	7077
3R	29069350	29041446	Deletion	27904
3R	29083618	29083525	Deletion	93
3R	29099144	29087166	Deletion	11978
3R	29248631	29240868	Deletion	7763
3R	29254815	29253635	Deletion	1180
3R	29280565	29279135	Deletion	1430
3R	29288239	29287251	Deletion	988
3R	29305497	29304946	Deletion	551
3R	29402426	29379060	Deletion	23366
3R	29416859	29411833	Deletion	5026
3R	29432171	29419617	Deletion	12554
3R	29434486	29432245	Deletion	2241
3R	29436212	29434988	Deletion	1224
3R	29521484	29514203	Deletion	7281
3R	29637285	29634045	Deletion	3240
3R	29716883	29709670	Deletion	7213
3R	29724669	29722336	Deletion	2333
3R	29735494	29729224	Deletion	6270
3R	29871372	29863437	Deletion	7935
3R	29893838	29893783	Deletion	55
3R	29900742	29895439	Deletion	5303
3R	29923440	29923301	Deletion	139
3R	29938059	29937668	Deletion	391
3R	29957519	29954719	Deletion	2800
3R	29975753	29975268	Deletion	485
3R	29993848	29984109	Deletion	9739
3R	30045576	30031410	Deletion	14166
3R	30054175	30053207	Deletion	968
3R	30062905	30056528	Deletion	6377
3R	30112343	30112271	Deletion	72
3R	30154607	30154133	Deletion	474
3R	30211369	30210408	Deletion	961
3R	30273300	30270705	Deletion	2595
3R	30311032	30308923	Deletion	2109
3R	30391527	30385155	Deletion	6372
3R	30415870	30412751	Deletion	3119
3R	30421621	30421568	Deletion	53
3R	30543618	30522030	Deletion	21588
3R	30603873	30603746	Deletion	127
3R	30608199	30607830	Deletion	369
3R	30631124	30619958	Deletion	11166
3R	30649412	30642420	Deletion	6992
3R	30660432	30660234	Deletion	198
3R	30666373	30664792	Deletion	1581
3R	30695983	30695430	Deletion	553
3R	30702274	30702214	Deletion	60
3R	30826279	30826102	Deletion	177
3R	30856141	30856034	Deletion	107
3R	30887415	30886759	Deletion	656
3R	30916834	30909419	Deletion	7415
3R	30980457	30980378	Deletion	79
3R	30984954	30984662	Deletion	292
3R	31065007	31063463	Deletion	1544
3R	31102539	31101368	Deletion	1171
3R	31157189	31157098	Deletion	91
3R	31187919	31172945	Deletion	14974
3R	31217091	31216959	Deletion	132
3R	31256167	31256104	Deletion	63
3R	31268064	31262018	Deletion	6046
3R	31309272	31303387	Deletion	5885
3R	31319315	31319203	Deletion	112
3R	31367418	31349627	Deletion	17791
3R	31422727	31422341	Deletion	386
3R	31422731	31422845	Deletion	114
3R	31449356	31446799	Deletion	2557
3R	31454848	31451643	Deletion	3205
3R	31538792	31538116	Deletion	676
3R	31540082	31539576	Deletion	506
3R	31591868	31576898	Deletion	14970
3R	31612676	31612426	Deletion	250
3R	31616450	31615723	Deletion	727
3R	31662797	31661537	Deletion	1260
3R	31671612	31671551	Deletion	61
3R	31715269	31715113	Deletion	156
3R	31735094	31734951	Deletion	143
3R	31748788	31745354	Deletion	3434
3R	31763799	31759586	Deletion	4213
3R	31840848	31831837	Deletion	9011
3R	31859773	31857768	Deletion	2005
3R	31866768	31864448	Deletion	2320
3R	31912399	31909543	Deletion	2856
3R	32016880	32016825	Deletion	55
4	85348	85150	Deletion	198
4	102652	102581	Deletion	71
4	152126	147775	Deletion	4351
4	180207	179684	Deletion	523
4	258431	257716	Deletion	715
4	289394	284497	Deletion	4897
4	363859	357845	Deletion	6014
4	372307	369995	Deletion	2312
4	420567	420208	Deletion	359
4	429041	424882	Deletion	4159
4	470123	464917	Deletion	5206
4	550950	550896	Deletion	54
4	579443	577892	Deletion	1551
4	590190	587982	Deletion	2208
4	590299	590310	Deletion	11
4	591451	590367	Deletion	1084
4	612160	610165	Deletion	1995
4	629214	625796	Deletion	3418
4	647576	647295	Deletion	281
4	711626	688031	Deletion	23595
4	734697	725501	Deletion	9196
4	921025	905487	Deletion	15538
4	927383	926220	Deletion	1163
4	934308	933141	Deletion	1167
4	948911	946483	Deletion	2428
4	952123	951403	Deletion	720
4	1055711	1055594	Deletion	117
4	1057653	1056938	Deletion	715
4	1104015	1100393	Deletion	3622
4	1141959	1136301	Deletion	5658
4	1157368	1155204	Deletion	2164
4	1220974	1219909	Deletion	1065
4	1240598	1226455	Deletion	14143
4	1249536	1241906	Deletion	7630
X	2728	2712	Deletion	16
X	152002	148960	Deletion	3042
X	262317	257823	Deletion	4494
X	387886	387382	Deletion	504
X	403864	392797	Deletion	11067
X	408444	404987	Deletion	3457
X	467176	459139	Deletion	8037
X	471146	470958	Deletion	188
X	522198	521845	Deletion	353
X	538520	533081	Deletion	5439
X	616148	614674	Deletion	1474
X	617543	617081	Deletion	462
X	677598	673647	Deletion	3951
X	723628	715054	Deletion	8574
X	750254	750200	Deletion	54
X	766083	765604	Deletion	479
X	768000	767846	Deletion	154
X	865689	865333	Deletion	356
X	953556	951158	Deletion	2398
X	975713	972220	Deletion	3493
X	988867	980506	Deletion	8361
X	992127	992171	Deletion	44
X	999400	992168	Deletion	7232
X	1008015	1007685	Deletion	330
X	1137528	1128620	Deletion	8908
X	1332134	1311043	Deletion	21091
X	1334774	1333036	Deletion	1738
X	1423523	1423621	Deletion	98
X	1437350	1436514	Deletion	836
X	1447602	1446437	Deletion	1165
X	1448859	1448100	Deletion	759
X	1454549	1454423	Deletion	126
X	1457848	1455950	Deletion	1898
X	1457899	1457895	Deletion	4
X	1486458	1457974	Deletion	28484
X	1531946	1529532	Deletion	2414
X	1575297	1572714	Deletion	2583
X	1610854	1610208	Deletion	646
X	1656541	1654870	Deletion	1671
X	1696870	1696690	Deletion	180
X	1708838	1699199	Deletion	9639
X	1854658	1852763	Deletion	1895
X	1867248	1863375	Deletion	3873
X	1868642	1868581	Deletion	61
X	1869969	1869154	Deletion	815
X	1945904	1945075	Deletion	829
X	1968409	1968026	Deletion	383
X	1997315	1990188	Deletion	7127
X	2018074	2016539	Deletion	1535
X	2035513	2035287	Deletion	226
X	2084745	2084736	Deletion	9
X	2085640	2084778	Deletion	862
X	2095832	2094980	Deletion	852
X	2095837	2095914	Deletion	77
X	2112592	2096234	Deletion	16358
X	2217493	2207519	Deletion	9974
X	2222650	2222715	Deletion	65
X	2223418	2222711	Deletion	707
X	2283493	2267272	Deletion	16221
X	2284042	2283818	Deletion	224
X	2336195	2335543	Deletion	652
X	2345038	2343536	Deletion	1502
X	2435965	2418499	Deletion	17466
X	2454513	2453443	Deletion	1070
X	2581880	2578532	Deletion	3348
X	2600090	2595827	Deletion	4263
X	2626123	2623592	Deletion	2531
X	2631606	2630987	Deletion	619
X	2689794	2683340	Deletion	6454
X	2691019	2690919	Deletion	100
X	2712918	2710797	Deletion	2121
X	2725493	2721264	Deletion	4229
X	2791576	2787409	Deletion	4167
X	2835927	2833557	Deletion	2370
X	2906515	2898574	Deletion	7941
X	2912598	2908845	Deletion	3753
X	2956257	2951873	Deletion	4384
X	3052147	3049251	Deletion	2896
X	3147176	3136763	Deletion	10413
X	3150505	3150542	Deletion	37
X	3154195	3150544	Deletion	3651
X	3154196	3154246	Deletion	50
X	3163787	3163200	Deletion	587
X	3252936	3252594	Deletion	342
X	3277420	3275226	Deletion	2194
X	3307765	3299595	Deletion	8170
X	3323863	3323956	Deletion	93
X	3329449	3323952	Deletion	5497
X	3329453	3329543	Deletion	90
X	3366521	3355372	Deletion	11149
X	3383356	3383029	Deletion	327
X	3428036	3427984	Deletion	52
X	3457841	3457716	Deletion	125
X	3469553	3459014	Deletion	10539
X	3482974	3481743	Deletion	1231
X	3521687	3519107	Deletion	2580
X	3531470	3531402	Deletion	68
X	3561087	3560417	Deletion	670
X	3692524	3679375	Deletion	13149
X	3705160	3703183	Deletion	1977
X	3837056	3829473	Deletion	7583
X	3864847	3861057	Deletion	3790
X	3871252	3871140	Deletion	112
X	3897160	3879489	Deletion	17671
X	3898098	3897715	Deletion	383
X	3908030	3899844	Deletion	8186
X	3928774	3928587	Deletion	187
X	3969486	3966692	Deletion	2794
X	4001223	4001034	Deletion	189
X	4007101	4001300	Deletion	5801
X	4044625	4044673	Deletion	48
X	4046678	4044672	Deletion	2006
X	4046679	4046739	Deletion	60
X	4178711	4169253	Deletion	9458
X	4278045	4274624	Deletion	3421
X	4374132	4374050	Deletion	82
X	4386586	4386046	Deletion	540
X	4410957	4386854	Deletion	24103
X	4416493	4411016	Deletion	5477
X	4471133	4470519	Deletion	614
X	4542486	4542269	Deletion	217
X	4546510	4546116	Deletion	394
X	4569547	4569476	Deletion	71
X	4589772	4589692	Deletion	80
X	4643701	4605727	Deletion	37974
X	4652494	4652539	Deletion	45
X	4656986	4652542	Deletion	4444
X	4717985	4716482	Deletion	1503
X	4779105	4765009	Deletion	14096
X	4824609	4824223	Deletion	386
X	4827108	4824824	Deletion	2284
X	4898559	4886670	Deletion	11889
X	4909818	4901095	Deletion	8723
X	4931296	4926882	Deletion	4414
X	4968161	4947863	Deletion	20298
X	5011279	5011066	Deletion	213
X	5038334	5023668	Deletion	14666
X	5087791	5087633	Deletion	158
X	5115586	5107340	Deletion	8246
X	5152340	5146029	Deletion	6311
X	5205479	5204245	Deletion	1234
X	5210952	5207310	Deletion	3642
X	5229619	5227280	Deletion	2339
X	5241902	5236828	Deletion	5074
X	5267401	5254026	Deletion	13375
X	5270372	5270056	Deletion	316
X	5309302	5297970	Deletion	11332
X	5314161	5312736	Deletion	1425
X	5322226	5320150	Deletion	2076
X	5327076	5326479	Deletion	597
X	5341835	5327669	Deletion	14166
X	5375865	5372667	Deletion	3198
X	5389612	5388919	Deletion	693
X	5502569	5502505	Deletion	64
X	5547770	5543148	Deletion	4622
X	5558583	5549931	Deletion	8652
X	5570874	5569849	Deletion	1025
X	5607648	5592506	Deletion	15142
X	5670269	5670217	Deletion	52
X	5670270	5670304	Deletion	34
X	5752910	5744716	Deletion	8194
X	5753186	5752943	Deletion	243
X	5822042	5821990	Deletion	52
X	5837545	5836775	Deletion	770
X	5840830	5840590	Deletion	240
X	5862882	5859661	Deletion	3221
X	5894114	5886865	Deletion	7249
X	5956492	5955158	Deletion	1334
X	5981233	5981022	Deletion	211
X	6032743	6029045	Deletion	3698
X	6049053	6034629	Deletion	14424
X	6104877	6099670	Deletion	5207
X	6191625	6187176	Deletion	4449
X	6211916	6211487	Deletion	429
X	6229753	6229514	Deletion	239
X	6573966	6572239	Deletion	1727
X	6574721	6574672	Deletion	49
X	6586157	6584209	Deletion	1948
X	6633427	6632391	Deletion	1036
X	6662447	6662237	Deletion	210
X	6686068	6684518	Deletion	1550
X	6721385	6712926	Deletion	8459
X	6725795	6723376	Deletion	2419
X	6808730	6807426	Deletion	1304
X	6819530	6818511	Deletion	1019
X	6824115	6823913	Deletion	202
X	6850303	6849959	Deletion	344
X	6856748	6854595	Deletion	2153
X	6857571	6857493	Deletion	78
X	6878637	6861924	Deletion	16713
X	6913266	6913316	Deletion	50
X	6916082	6913314	Deletion	2768
X	6916083	6916160	Deletion	77
X	6986136	6985882	Deletion	254
X	7009083	6998955	Deletion	10128
X	7031837	7031099	Deletion	738
X	7085374	7084501	Deletion	873
X	7107604	7107275	Deletion	329
X	7120659	7118140	Deletion	2519
X	7185748	7177289	Deletion	8459
X	7225091	7224736	Deletion	355
X	7258096	7256343	Deletion	1753
X	7269271	7267675	Deletion	1596
X	7296596	7296307	Deletion	289
X	7297408	7297265	Deletion	143
X	7351775	7334955	Deletion	16820
X	7382600	7381005	Deletion	1595
X	7383690	7383526	Deletion	164
X	7412904	7412412	Deletion	492
X	7421503	7420754	Deletion	749
X	7456393	7456192	Deletion	201
X	7463830	7460883	Deletion	2947
X	7553653	7540361	Deletion	13292
X	7581935	7576381	Deletion	5554
X	7582671	7582590	Deletion	81
X	7600709	7593465	Deletion	7244
X	7637475	7630836	Deletion	6639
X	7642219	7638922	Deletion	3297
X	7646862	7642770	Deletion	4092
X	7690129	7677944	Deletion	12185
X	7692569	7692485	Deletion	84
X	7728490	7728073	Deletion	417
X	7907762	7906127	Deletion	1635
X	7940176	7929884	Deletion	10292
X	7945551	7945434	Deletion	117
X	7954862	7951953	Deletion	2909
X	7975679	7967185	Deletion	8494
X	8080677	8050386	Deletion	30291
X	8106438	8105966	Deletion	472
X	8174606	8174232	Deletion	374
X	8235027	8234476	Deletion	551
X	8250417	8241331	Deletion	9086
X	8334101	8333181	Deletion	920
X	8350454	8338281	Deletion	12173
X	8362243	8361151	Deletion	1092
X	8377004	8370589	Deletion	6415
X	8384156	8384199	Deletion	43
X	8384260	8384195	Deletion	65
X	8393535	8388361	Deletion	5174
X	8396619	8395489	Deletion	1130
X	8401626	8401230	Deletion	396
X	8499511	8493996	Deletion	5515
X	8548727	8517264	Deletion	31463
X	8554942	8553312	Deletion	1630
X	8557983	8557474	Deletion	509
X	8567639	8567026	Deletion	613
X	8577555	8576979	Deletion	576
X	8583502	8580159	Deletion	3343
X	8583503	8583556	Deletion	53
X	8630307	8624227	Deletion	6080
X	8642837	8641198	Deletion	1639
X	8656510	8644546	Deletion	11964
X	8701563	8700239	Deletion	1324
X	8703479	8701678	Deletion	1801
X	8720796	8719697	Deletion	1099
X	8725116	8723838	Deletion	1278
X	8746723	8746573	Deletion	150
X	8759391	8758397	Deletion	994
X	8796290	8787925	Deletion	8365
X	8880658	8875302	Deletion	5356
X	8884718	8882828	Deletion	1890
X	8899007	8894164	Deletion	4843
X	8934941	8934775	Deletion	166
X	8942065	8941133	Deletion	932
X	9001815	8992715	Deletion	9100
X	9190001	9189445	Deletion	556
X	9278481	9273851	Deletion	4630
X	9316841	9315865	Deletion	976
X	9380470	9377237	Deletion	3233
X	9422566	9404821	Deletion	17745
X	9445225	9440549	Deletion	4676
X	9516961	9516761	Deletion	200
X	9521902	9519023	Deletion	2879
X	9563298	9560534	Deletion	2764
X	9577342	9576964	Deletion	378
X	9599054	9595484	Deletion	3570
X	9602384	9602116	Deletion	268
X	9614165	9610641	Deletion	3524
X	9683410	9677828	Deletion	5582
X	9706458	9705942	Deletion	516
X	9707769	9707188	Deletion	581
X	9713240	9710353	Deletion	2887
X	9739572	9713286	Deletion	26286
X	9740775	9739796	Deletion	979
X	9744867	9741264	Deletion	3603
X	9789401	9777640	Deletion	11761
X	9820400	9820036	Deletion	364
X	9900565	9897443	Deletion	3122
X	9923991	9923902	Deletion	89
X	9938034	9934857	Deletion	3177
X	9941914	9941771	Deletion	143
X	9985908	9979716	Deletion	6192
X	10003285	10002374	Deletion	911
X	10019977	10019844	Deletion	133
X	10049652	10035904	Deletion	13748
X	10060521	10057796	Deletion	2725
X	10073246	10065426	Deletion	7820
X	10150400	10149719	Deletion	681
X	10222581	10221986	Deletion	595
X	10232150	10223415	Deletion	8735
X	10246928	10233766	Deletion	13162
X	10251912	10251241	Deletion	671
X	10298865	10291577	Deletion	7288
X	10472958	10461516	Deletion	11442
X	10472959	10472989	Deletion	30
X	10492075	10475395	Deletion	16680
X	10612587	10606492	Deletion	6095
X	10656130	10655716	Deletion	414
X	10668307	10665850	Deletion	2457
X	10714524	10713906	Deletion	618
X	10726556	10725550	Deletion	1006
X	10749112	10748980	Deletion	132
X	10764853	10757968	Deletion	6885
X	10832210	10806735	Deletion	25475
X	10855904	10853355	Deletion	2549
X	10884884	10882617	Deletion	2267
X	10906881	10887609	Deletion	19272
X	10918906	10915349	Deletion	3557
X	10924550	10923447	Deletion	1103
X	11056163	11047357	Deletion	8806
X	11075318	11065763	Deletion	9555
X	11088813	11088721	Deletion	92
X	11139963	11127906	Deletion	12057
X	11168416	11165759	Deletion	2657
X	11280516	11275585	Deletion	4931
X	11379034	11374950	Deletion	4084
X	11384043	11380880	Deletion	3163
X	11395675	11392066	Deletion	3609
X	11417589	11403247	Deletion	14342
X	11427731	11424898	Deletion	2833
X	11506908	11503256	Deletion	3652
X	11551744	11547058	Deletion	4686
X	11614751	11614490	Deletion	261
X	11667927	11668033	Deletion	106
X	11668424	11668037	Deletion	387
X	11679961	11668801	Deletion	11160
X	11697393	11696625	Deletion	768
X	11724440	11717483	Deletion	6957
X	11761390	11759638	Deletion	1752
X	11817708	11815744	Deletion	1964
X	11844224	11843523	Deletion	701
X	11865358	11862864	Deletion	2494
X	11907767	11907425	Deletion	342
X	11990664	11990503	Deletion	161
X	12009804	12003368	Deletion	6436
X	12100235	12099672	Deletion	563
X	12107681	12107546	Deletion	135
X	12123798	12123742	Deletion	56
X	12131998	12131731	Deletion	267
X	12212893	12203363	Deletion	9530
X	12228311	12218440	Deletion	9871
X	12248647	12248457	Deletion	190
X	12270811	12269920	Deletion	891
X	12294704	12294632	Deletion	72
X	12322326	12319221	Deletion	3105
X	12343843	12343770	Deletion	73
X	12454292	12453608	Deletion	684
X	12460747	12460538	Deletion	209
X	12529281	12528880	Deletion	401
X	12687122	12686630	Deletion	492
X	12703971	12700453	Deletion	3518
X	12746170	12734309	Deletion	11861
X	12746641	12746229	Deletion	412
X	12773384	12768200	Deletion	5184
X	12814508	12811464	Deletion	3044
X	12913680	12913505	Deletion	175
X	12951098	12949858	Deletion	1240
X	13004579	13000860	Deletion	3719
X	13004583	13004642	Deletion	59
X	13052514	13051639	Deletion	875
X	13052516	13052562	Deletion	46
X	13086213	13085570	Deletion	643
X	13151561	13137446	Deletion	14115
X	13211742	13202135	Deletion	9607
X	13257929	13247897	Deletion	10032
X	13270577	13269998	Deletion	579
X	13311426	13311354	Deletion	72
X	13318282	13317673	Deletion	609
X	13353486	13353433	Deletion	53
X	13385186	13383016	Deletion	2170
X	13488059	13486162	Deletion	1897
X	13503467	13501737	Deletion	1730
X	13559166	13546643	Deletion	12523
X	13569273	13561229	Deletion	8044
X	13578463	13577145	Deletion	1318
X	13580652	13580450	Deletion	202
X	13608343	13599127	Deletion	9216
X	13706500	13706093	Deletion	407
X	13728312	13719858	Deletion	8454
X	13744770	13744643	Deletion	127
X	13780465	13779749	Deletion	716
X	13805697	13804540	Deletion	1157
X	13957812	13956510	Deletion	1302
X	13983770	13983082	Deletion	688
X	14011826	14011088	Deletion	738
X	14085658	14070641	Deletion	15017
X	14096680	14095587	Deletion	1093
X	14148115	14147430	Deletion	685
X	14153987	14149444	Deletion	4543
X	14163811	14163804	Deletion	7
X	14181567	14163872	Deletion	17695
X	14181632	14181633	Deletion	1
X	14181799	14181745	Deletion	54
X	14242204	14241829	Deletion	375
X	14266417	14265456	Deletion	961
X	14277693	14276645	Deletion	1048
X	14301387	14292813	Deletion	8574
X	14396153	14395029	Deletion	1124
X	14495276	14495215	Deletion	61
X	14516508	14513761	Deletion	2747
X	14518876	14518035	Deletion	841
X	14600106	14592506	Deletion	7600
X	14623844	14623535	Deletion	309
X	14625773	14625549	Deletion	224
X	14687960	14676176	Deletion	11784
X	14698452	14689625	Deletion	8827
X	14706036	14704774	Deletion	1262
X	14712596	14712181	Deletion	415
X	14865802	14863534	Deletion	2268
X	14900904	14899712	Deletion	1192
X	14982802	14978251	Deletion	4551
X	14999249	14998672	Deletion	577
X	15005405	15005072	Deletion	333
X	15103551	15099117	Deletion	4434
X	15134944	15132337	Deletion	2607
X	15150265	15149924	Deletion	341
X	15184332	15183962	Deletion	370
X	15192053	15190264	Deletion	1789
X	15222861	15213721	Deletion	9140
X	15273410	15261730	Deletion	11680
X	15352507	15352564	Deletion	57
X	15352621	15352566	Deletion	55
X	15352622	15352653	Deletion	31
X	15388659	15359681	Deletion	28978
X	15474610	15474560	Deletion	50
X	15506909	15505740	Deletion	1169
X	15518433	15514993	Deletion	3440
X	15528294	15528055	Deletion	239
X	15552516	15552448	Deletion	68
X	15648060	15647941	Deletion	119
X	15659525	15659458	Deletion	67
X	15718668	15702825	Deletion	15843
X	15810029	15800963	Deletion	9066
X	15814246	15813956	Deletion	290
X	15874748	15873647	Deletion	1101
X	15880671	15880578	Deletion	93
X	15917127	15895189	Deletion	21938
X	15933184	15917722	Deletion	15462
X	15955437	15953299	Deletion	2138
X	15961139	15957345	Deletion	3794
X	15972062	15964787	Deletion	7275
X	16006084	16005926	Deletion	158
X	16020716	16008321	Deletion	12395
X	16058117	16058042	Deletion	75
X	16077919	16077859	Deletion	60
X	16098916	16093054	Deletion	5862
X	16117539	16104060	Deletion	13479
X	16124136	16120183	Deletion	3953
X	16152943	16151141	Deletion	1802
X	16208053	16199562	Deletion	8491
X	16227107	16227140	Deletion	33
X	16251811	16250473	Deletion	1338
X	16262468	16261930	Deletion	538
X	16277224	16276809	Deletion	415
X	16297561	16291306	Deletion	6255
X	16334690	16320885	Deletion	13805
X	16367697	16365652	Deletion	2045
X	16432729	16429270	Deletion	3459
X	16489427	16485430	Deletion	3997
X	16563000	16555519	Deletion	7481
X	16563004	16563074	Deletion	70
X	16586600	16583336	Deletion	3264
X	16632019	16631621	Deletion	398
X	16652251	16649434	Deletion	2817
X	16784651	16784113	Deletion	538
X	16788560	16788510	Deletion	50
X	16801123	16796082	Deletion	5041
X	16825694	16814255	Deletion	11439
X	16843500	16840653	Deletion	2847
X	17014507	16996517	Deletion	17990
X	17019536	17018589	Deletion	947
X	17024247	17023744	Deletion	503
X	17063340	17059894	Deletion	3446
X	17095238	17095177	Deletion	61
X	17139075	17138657	Deletion	418
X	17216973	17216255	Deletion	718
X	17288855	17288721	Deletion	134
X	17301954	17301624	Deletion	330
X	17363706	17354725	Deletion	8981
X	17415688	17375381	Deletion	40307
X	17563008	17559872	Deletion	3136
X	17586218	17584845	Deletion	1373
X	17589787	17589720	Deletion	67
X	17645201	17636096	Deletion	9105
X	17665060	17664984	Deletion	76
X	17713284	17712518	Deletion	766
X	17756468	17756273	Deletion	195
X	17779528	17765043	Deletion	14485
X	17840879	17837755	Deletion	3124
X	17898626	17898569	Deletion	57
X	17918916	17913860	Deletion	5056
X	17943489	17943298	Deletion	191
X	17970309	17969583	Deletion	726
X	18018967	18011280	Deletion	7687
X	18042909	18037460	Deletion	5449
X	18066927	18066767	Deletion	160
X	18096013	18095000	Deletion	1013
X	18100513	18099755	Deletion	758
X	18135404	18117366	Deletion	18038
X	18159354	18159467	Deletion	113
X	18164954	18164864	Deletion	90
X	18190536	18190466	Deletion	70
X	18218197	18210577	Deletion	7620
X	18227666	18220977	Deletion	6689
X	18275601	18261450	Deletion	14151
X	18316132	18310817	Deletion	5315
X	18344820	18336695	Deletion	8125
X	18367116	18367051	Deletion	65
X	18373648	18373227	Deletion	421
X	18383160	18374290	Deletion	8870
X	18440518	18440580	Deletion	62
X	18441798	18440579	Deletion	1219
X	18441799	18441863	Deletion	64
X	18609971	18608944	Deletion	1027
X	18622960	18622882	Deletion	78
X	18747301	18747250	Deletion	51
X	18777578	18775698	Deletion	1880
X	18867574	18832351	Deletion	35223
X	18894326	18894102	Deletion	224
X	18975256	18969704	Deletion	5552
X	19037022	19036827	Deletion	195
X	19051067	19051137	Deletion	70
X	19052222	19051136	Deletion	1086
X	19052225	19052281	Deletion	56
X	19054995	19053944	Deletion	1051
X	19086426	19085974	Deletion	452
X	19089529	19088672	Deletion	857
X	19095596	19091971	Deletion	3625
X	19171631	19170429	Deletion	1202
X	19181206	19179459	Deletion	1747
X	19209244	19205597	Deletion	3647
X	19236617	19221296	Deletion	15321
X	19362516	19341939	Deletion	20577
X	19456695	19452961	Deletion	3734
X	19458648	19457385	Deletion	1263
X	19525591	19523832	Deletion	1759
X	19527806	19526526	Deletion	1280
X	19545227	19528478	Deletion	16749
X	19554139	19553287	Deletion	852
X	19555102	19554661	Deletion	441
X	19572566	19571908	Deletion	658
X	19585813	19585502	Deletion	311
X	19618688	19612457	Deletion	6231
X	19620792	19620470	Deletion	322
X	19644293	19640020	Deletion	4273
X	19704195	19703963	Deletion	232
X	19709118	19708809	Deletion	309
X	19713546	19713496	Deletion	50
X	19722064	19722152	Deletion	88
X	19740699	19722157	Deletion	18542
X	19751253	19747399	Deletion	3854
X	19783933	19773292	Deletion	10641
X	19821631	19817068	Deletion	4563
X	19861831	19861751	Deletion	80
X	19873131	19867669	Deletion	5462
X	19962307	19961439	Deletion	868
X	19997244	19996632	Deletion	612
X	20000526	19997284	Deletion	3242
X	20010482	20010097	Deletion	385
X	20044582	20043147	Deletion	1435
X	20105565	20104806	Deletion	759
X	20109685	20109756	Deletion	71
X	20114299	20109752	Deletion	4547
X	20129450	20129292	Deletion	158
X	20172331	20171057	Deletion	1274
X	20185160	20184345	Deletion	815
X	20238843	20238354	Deletion	489
X	20238883	20238875	Deletion	8
X	20240683	20238989	Deletion	1694
X	20250319	20247490	Deletion	2829
X	20374795	20369429	Deletion	5366
X	20391266	20388951	Deletion	2315
X	20393494	20393004	Deletion	490
X	20468545	20450552	Deletion	17993
X	20471853	20471687	Deletion	166
X	20494270	20472433	Deletion	21837
X	20510088	20509482	Deletion	606
X	20516274	20515230	Deletion	1044
X	20543197	20538372	Deletion	4825
X	20545598	20544071	Deletion	1527
X	20596495	20593498	Deletion	2997
X	20667235	20664345	Deletion	2890
X	20798683	20796476	Deletion	2207
X	20813539	20813473	Deletion	66
X	20819848	20816249	Deletion	3599
X	20824405	20824517	Deletion	112
X	20833952	20833632	Deletion	320
X	20940486	20932659	Deletion	7827
X	20950388	20948991	Deletion	1397
X	20997127	20996115	Deletion	1012
X	21034036	21033621	Deletion	415
X	21113627	21112963	Deletion	664
X	21127433	21114221	Deletion	13212
X	21216941	21208007	Deletion	8934
X	21281436	21281071	Deletion	365
X	21293422	21290818	Deletion	2604
X	21390195	21384470	Deletion	5725
X	21577394	21577104	Deletion	290
X	21796436	21796184	Deletion	252
X	21907315	21907215	Deletion	100
X	22259551	22257620	Deletion	1931
X	22377297	22377368	Deletion	71
X	22493520	22493436	Deletion	84
X	22519140	22518372	Deletion	768
X	22583572	22580070	Deletion	3502
X	22585397	22583630	Deletion	1767
X	22606683	22603203	Deletion	3480
X	22657908	22656481	Deletion	1427
X	22675625	22670171	Deletion	5454
X	22695056	22694151	Deletion	905
X	22872126	22870638	Deletion	1488
X	22908945	22908440	Deletion	505
X	22924345	22918398	Deletion	5947
X	23047834	23042316	Deletion	5518
X	23180133	23180084	Deletion	49
X	23195060	23194961	Deletion	99
X	23278034	23277970	Deletion	64
X	23287958	23286494	Deletion	1464
X	23321265	23321165	Deletion	100
X	23322109	23321957	Deletion	152
X	23457474	23439250	Deletion	18224
X	23534913	23534534	Deletion	379
X	23534915	23534983	Deletion	68
Y	22186	22086	Deletion	100
Y	22647	22233	Deletion	414
Y	27583	25521	Deletion	2062
Y	70202	61112	Deletion	9090
Y	92935	92562	Deletion	373
Y	240852	240352	Deletion	500
Y	254397	247539	Deletion	6858
Y	309612	305267	Deletion	4345
Y	345817	340980	Deletion	4837
Y	349904	349831	Deletion	73
Y	352857	352081	Deletion	776
Y	472602	463563	Deletion	9039
Y	530151	522151	Deletion	8000
Y	557968	557868	Deletion	100
Y	582368	582268	Deletion	100
Y	597788	591887	Deletion	5901
Y	613459	610682	Deletion	2777
Y	697894	692673	Deletion	5221
Y	744952	745000	Deletion	48
Y	835020	833641	Deletion	1379
Y	841351	840115	Deletion	1236
Y	846140	846040	Deletion	100
Y	846983	846883	Deletion	100
Y	846988	847090	Deletion	102
Y	848547	848447	Deletion	100
Y	851279	851144	Deletion	135
Y	851578	851392	Deletion	186
Y	868743	868643	Deletion	100
Y	877829	877729	Deletion	100
Y	879701	879601	Deletion	100
Y	883496	883396	Deletion	100
Y	887876	887762	Deletion	114
Y	889756	889656	Deletion	100
Y	914401	914301	Deletion	100
Y	916437	916337	Deletion	100
Y	924235	924135	Deletion	100
Y	931832	931732	Deletion	100
Y	933409	933309	Deletion	100
Y	939666	939566	Deletion	100
Y	942120	942020	Deletion	100
Y	942123	942219	Deletion	96
Y	947503	947403	Deletion	100
Y	948754	948654	Deletion	100
Y	968542	960542	Deletion	8000
Y	977621	977521	Deletion	100
Y	987027	986927	Deletion	100
Y	988193	988093	Deletion	100
Y	995940	995840	Deletion	100
Y	1009459	1009359	Deletion	100
Y	1011071	1009550	Deletion	1521
Y	1014200	1014100	Deletion	100
Y	1019830	1019730	Deletion	100
Y	1054027	1053927	Deletion	100
Y	1215220	1215120	Deletion	100
Y	1424305	1420194	Deletion	4111
Y	1457761	1457079	Deletion	682
Y	1469425	1467271	Deletion	2154
Y	1479897	1479774	Deletion	123
Y	1557424	1557037	Deletion	387
Y	1657758	1657658	Deletion	100
Y	1664150	1664050	Deletion	100
Y	1738463	1738316	Deletion	147
Y	1748507	1748407	Deletion	100
Y	1751308	1751308	Deletion	0
Y	1751461	1751361	Deletion	100
Y	1788615	1786333	Deletion	2282
Y	1864377	1863376	Deletion	1001
Y	1884314	1883803	Deletion	511
Y	1889345	1889348	Deletion	3
Y	1962921	1962863	Deletion	58
Y	2287181	2287236	Deletion	55
Y	2393593	2393415	Deletion	178
Y	2423883	2423783	Deletion	100
Y	2435104	2434904	Deletion	200
Y	2436605	2436405	Deletion	200
Y	2458843	2457096	Deletion	1747
Y	2628284	2628174	Deletion	110
Y	2655688	2655676	Deletion	12
Y	2676191	2675667	Deletion	524
Y	2714706	2714445	Deletion	261
Y	2771654	2766161	Deletion	5493
Y	2829390	2829290	Deletion	100
Y	2946636	2946654	Deletion	18
Y	3012008	3011908	Deletion	100
Y	3023914	3014360	Deletion	9554
Y	3025246	3025146	Deletion	100
Y	3026243	3026143	Deletion	100
Y	3164092	3163796	Deletion	296
Y	3224266	3218179	Deletion	6087
Y	3273543	3269601	Deletion	3942
Y	3301826	3298126	Deletion	3700
Y	3354104	3354123	Deletion	19
Y	3561504	3560479	Deletion	1025
Y	3565585	3565630	Deletion	45
Y	3565730	3565621	Deletion	109
Y	3570560	3567816	Deletion	2744
Y	3579264	3577402	Deletion	1862
Y	3590025	3581825	Deletion	8200
Y	3595550	3591385	Deletion	4165
Y	3600708	3596309	Deletion	4399
Y	3617387	3614408	Deletion	2979
Y	3647170	3641170	Deletion	6000
Y	3648634	3648134	Deletion	500
Y	3664703	3664653	Deletion	50
