chr	Start	End	Variant	Size
2L	17320	7219	Deletion	10101
2L	31814	31538	Deletion	276
2L	40487	33267	Deletion	7220
2L	82299	79109	Deletion	3190
2L	90668	90480	Deletion	188
2L	157717	157840	Deletion	123
2L	159374	157830	Deletion	1544
2L	165475	165521	Deletion	46
2L	180706	180586	Deletion	120
2L	180973	181038	Deletion	65
2L	183906	181036	Deletion	2870
2L	220978	214334	Deletion	6644
2L	240247	240363	Deletion	116
2L	240418	240490	Deletion	72
2L	240831	240607	Deletion	224
2L	250867	250124	Deletion	743
2L	258433	257782	Deletion	651
2L	272124	271992	Deletion	132
2L	305717	301683	Deletion	4034
2L	325093	315012	Deletion	10081
2L	325584	325446	Deletion	138
2L	334523	333180	Deletion	1343
2L	343992	336321	Deletion	7671
2L	344154	344231	Deletion	77
2L	394862	380768	Deletion	14094
2L	430298	428287	Deletion	2011
2L	436709	436514	Deletion	195
2L	436712	436766	Deletion	54
2L	462424	462362	Deletion	62
2L	474822	470306	Deletion	4516
2L	516064	513936	Deletion	2128
2L	537163	537100	Deletion	63
2L	560658	557304	Deletion	3354
2L	567317	562218	Deletion	5099
2L	575578	575134	Deletion	444
2L	580298	576429	Deletion	3869
2L	582761	580984	Deletion	1777
2L	586539	586471	Deletion	68
2L	604808	600300	Deletion	4508
2L	722118	715180	Deletion	6938
2L	796283	792876	Deletion	3407
2L	837914	837976	Deletion	62
2L	840173	837973	Deletion	2200
2L	840175	840241	Deletion	66
2L	845856	845966	Deletion	110
2L	846571	845967	Deletion	604
2L	847920	848025	Deletion	105
2L	865397	865488	Deletion	91
2L	962433	959659	Deletion	2774
2L	976935	974669	Deletion	2266
2L	1035517	1029225	Deletion	6292
2L	1043424	1043487	Deletion	63
2L	1065497	1063006	Deletion	2491
2L	1109517	1108043	Deletion	1474
2L	1183299	1183356	Deletion	57
2L	1204381	1200892	Deletion	3489
2L	1216619	1216731	Deletion	112
2L	1228752	1228530	Deletion	222
2L	1228886	1228932	Deletion	46
2L	1232005	1228931	Deletion	3074
2L	1244016	1241052	Deletion	2964
2L	1253916	1250889	Deletion	3027
2L	1253917	1253946	Deletion	29
2L	1332378	1330424	Deletion	1954
2L	1332379	1332462	Deletion	83
2L	1379120	1377587	Deletion	1533
2L	1380603	1380360	Deletion	243
2L	1380604	1380676	Deletion	72
2L	1381420	1380636	Deletion	784
2L	1427941	1397587	Deletion	30354
2L	1469300	1459265	Deletion	10035
2L	1526658	1504626	Deletion	22032
2L	1528871	1526937	Deletion	1934
2L	1537277	1535182	Deletion	2095
2L	1549842	1549734	Deletion	108
2L	1556110	1554652	Deletion	1458
2L	1589938	1585583	Deletion	4355
2L	1617805	1611028	Deletion	6777
2L	1621419	1619479	Deletion	1940
2L	1637466	1637409	Deletion	57
2L	1639701	1639626	Deletion	75
2L	1639901	1639937	Deletion	36
2L	1640160	1639934	Deletion	226
2L	1647188	1645036	Deletion	2152
2L	1653096	1652633	Deletion	463
2L	1722191	1721995	Deletion	196
2L	1737639	1737678	Deletion	39
2L	1737769	1737676	Deletion	93
2L	1747429	1746577	Deletion	852
2L	1797014	1796964	Deletion	50
2L	1844603	1838479	Deletion	6124
2L	1908679	1908714	Deletion	35
2L	1909234	1908709	Deletion	525
2L	1927207	1925540	Deletion	1667
2L	1941257	1941302	Deletion	45
2L	1951347	1948397	Deletion	2950
2L	1953047	1953156	Deletion	109
2L	1955226	1953153	Deletion	2073
2L	1966841	1966761	Deletion	80
2L	1983546	1982813	Deletion	733
2L	2008892	2002360	Deletion	6532
2L	2011155	2010231	Deletion	924
2L	2016847	2016784	Deletion	63
2L	2038909	2032387	Deletion	6522
2L	2057614	2048428	Deletion	9186
2L	2078944	2077980	Deletion	964
2L	2092361	2091933	Deletion	428
2L	2092362	2092425	Deletion	63
2L	2096240	2094646	Deletion	1594
2L	2110845	2110889	Deletion	44
2L	2112167	2110890	Deletion	1277
2L	2131673	2130680	Deletion	993
2L	2132155	2132274	Deletion	119
2L	2139797	2132276	Deletion	7521
2L	2148100	2148154	Deletion	54
2L	2148307	2148151	Deletion	156
2L	2221966	2211031	Deletion	10935
2L	2226491	2226602	Deletion	111
2L	2238546	2226600	Deletion	11946
2L	2238549	2238589	Deletion	40
2L	2238550	2238668	Deletion	118
2L	2270388	2270469	Deletion	81
2L	2270641	2270466	Deletion	175
2L	2273781	2273217	Deletion	564
2L	2273782	2273884	Deletion	102
2L	2285159	2280814	Deletion	4345
2L	2329388	2323905	Deletion	5483
2L	2342645	2341143	Deletion	1502
2L	2349555	2348881	Deletion	674
2L	2362775	2362638	Deletion	137
2L	2379521	2373489	Deletion	6032
2L	2444989	2443759	Deletion	1230
2L	2447297	2447131	Deletion	166
2L	2470480	2470409	Deletion	71
2L	2484651	2477293	Deletion	7358
2L	2502859	2502659	Deletion	200
2L	2512415	2512324	Deletion	91
2L	2512416	2512457	Deletion	41
2L	2559288	2534935	Deletion	24353
2L	2582961	2580315	Deletion	2646
2L	2626555	2610683	Deletion	15872
2L	2675688	2675197	Deletion	491
2L	2686428	2684063	Deletion	2365
2L	2713679	2713587	Deletion	92
2L	2729772	2729324	Deletion	448
2L	2736309	2732450	Deletion	3859
2L	2738752	2738843	Deletion	91
2L	2738941	2738839	Deletion	102
2L	2755435	2739222	Deletion	16213
2L	2771259	2769503	Deletion	1756
2L	2775350	2775384	Deletion	34
2L	2784771	2784534	Deletion	237
2L	2785658	2785562	Deletion	96
2L	2792464	2792539	Deletion	75
2L	2805400	2805452	Deletion	52
2L	2832381	2805450	Deletion	26931
2L	2841158	2841073	Deletion	85
2L	2853612	2844227	Deletion	9385
2L	2880791	2880704	Deletion	87
2L	2886324	2885114	Deletion	1210
2L	2973266	2971491	Deletion	1775
2L	3000326	2985258	Deletion	15068
2L	3027395	3013946	Deletion	13449
2L	3036583	3034938	Deletion	1645
2L	3039249	3038683	Deletion	566
2L	3056712	3056818	Deletion	106
2L	3071941	3072038	Deletion	97
2L	3098358	3094551	Deletion	3807
2L	3106058	3105159	Deletion	899
2L	3127327	3127372	Deletion	45
2L	3129022	3127369	Deletion	1653
2L	3169508	3169100	Deletion	408
2L	3191992	3191684	Deletion	308
2L	3196688	3196749	Deletion	61
2L	3197863	3196752	Deletion	1111
2L	3213867	3213702	Deletion	165
2L	3288789	3287298	Deletion	1491
2L	3326908	3305143	Deletion	21765
2L	3341171	3341214	Deletion	43
2L	3342583	3341212	Deletion	1371
2L	3342584	3342668	Deletion	84
2L	3362062	3361226	Deletion	836
2L	3372335	3368217	Deletion	4118
2L	3377353	3377269	Deletion	84
2L	3383380	3380692	Deletion	2688
2L	3391866	3387294	Deletion	4572
2L	3428361	3422194	Deletion	6167
2L	3444683	3441887	Deletion	2796
2L	3447146	3447240	Deletion	94
2L	3447200	3447235	Deletion	35
2L	3447373	3447236	Deletion	137
2L	3447374	3447406	Deletion	32
2L	3458944	3458662	Deletion	282
2L	3477656	3471193	Deletion	6463
2L	3562429	3562225	Deletion	204
2L	3569557	3563644	Deletion	5913
2L	3582820	3576722	Deletion	6098
2L	3582822	3582858	Deletion	36
2L	3586556	3585886	Deletion	670
2L	3586557	3586644	Deletion	87
2L	3611821	3609952	Deletion	1869
2L	3641987	3635677	Deletion	6310
2L	3641990	3642042	Deletion	52
2L	3665732	3665610	Deletion	122
2L	3678348	3678136	Deletion	212
2L	3678352	3678447	Deletion	95
2L	3717261	3716985	Deletion	276
2L	3736297	3735438	Deletion	859
2L	3749573	3749693	Deletion	120
2L	3856549	3856245	Deletion	304
2L	3860069	3860000	Deletion	69
2L	3874332	3874263	Deletion	69
2L	3917762	3917385	Deletion	377
2L	3932697	3925647	Deletion	7050
2L	3933951	3933812	Deletion	139
2L	3934767	3934858	Deletion	91
2L	3934970	3935044	Deletion	74
2L	3992267	3990457	Deletion	1810
2L	3992280	3992401	Deletion	121
2L	3993631	3993301	Deletion	330
2L	4010383	4010140	Deletion	243
2L	4027992	4022162	Deletion	5830
2L	4032541	4031926	Deletion	615
2L	4050096	4048013	Deletion	2083
2L	4053180	4053259	Deletion	79
2L	4085700	4085746	Deletion	46
2L	4086398	4085742	Deletion	656
2L	4091726	4086825	Deletion	4901
2L	4103911	4103953	Deletion	42
2L	4104796	4103954	Deletion	842
2L	4104797	4104911	Deletion	114
2L	4135923	4132228	Deletion	3695
2L	4135926	4136014	Deletion	88
2L	4232683	4232786	Deletion	103
2L	4233034	4232783	Deletion	251
2L	4244637	4243019	Deletion	1618
2L	4283674	4279218	Deletion	4456
2L	4304853	4301765	Deletion	3088
2L	4344136	4341197	Deletion	2939
2L	4365077	4364474	Deletion	603
2L	4380526	4367503	Deletion	13023
2L	4391932	4392045	Deletion	113
2L	4395002	4392048	Deletion	2954
2L	4424773	4420651	Deletion	4122
2L	4470403	4453380	Deletion	17023
2L	4471837	4471339	Deletion	498
2L	4492828	4492702	Deletion	126
2L	4492830	4492900	Deletion	70
2L	4497032	4496901	Deletion	131
2L	4503009	4500510	Deletion	2499
2L	4513856	4506084	Deletion	7772
2L	4524539	4517773	Deletion	6766
2L	4529303	4526324	Deletion	2979
2L	4536027	4536148	Deletion	121
2L	4547916	4548027	Deletion	111
2L	4551730	4551835	Deletion	105
2L	4595845	4595760	Deletion	85
2L	4607439	4607538	Deletion	99
2L	4644972	4644871	Deletion	101
2L	4652534	4648892	Deletion	3642
2L	4656780	4654258	Deletion	2522
2L	4672589	4670164	Deletion	2425
2L	4688859	4688139	Deletion	720
2L	4703974	4702564	Deletion	1410
2L	4703977	4704053	Deletion	76
2L	4746858	4746628	Deletion	230
2L	4746862	4746974	Deletion	112
2L	4756926	4755313	Deletion	1613
2L	4762082	4760481	Deletion	1601
2L	4800491	4795614	Deletion	4877
2L	4800493	4800551	Deletion	58
2L	4813713	4807442	Deletion	6271
2L	4820856	4817762	Deletion	3094
2L	4828366	4822582	Deletion	5784
2L	4829780	4828755	Deletion	1025
2L	4834369	4834448	Deletion	79
2L	4835736	4834447	Deletion	1289
2L	4835737	4835784	Deletion	47
2L	4841097	4841208	Deletion	111
2L	4841144	4841204	Deletion	60
2L	4850666	4850595	Deletion	71
2L	4923277	4923348	Deletion	71
2L	4932833	4923347	Deletion	9486
2L	4943031	4943149	Deletion	118
2L	4943097	4943153	Deletion	56
2L	4957993	4943151	Deletion	14842
2L	4982424	4982506	Deletion	82
2L	4997787	4997492	Deletion	295
2L	5004515	5003037	Deletion	1478
2L	5039893	5039991	Deletion	98
2L	5040141	5039988	Deletion	153
2L	5053263	5053087	Deletion	176
2L	5060523	5060459	Deletion	64
2L	5096717	5096389	Deletion	328
2L	5107594	5105580	Deletion	2014
2L	5107596	5107692	Deletion	96
2L	5138726	5124219	Deletion	14507
2L	5171234	5170981	Deletion	253
2L	5206165	5189471	Deletion	16694
2L	5210892	5210979	Deletion	87
2L	5223831	5210974	Deletion	12857
2L	5250710	5249137	Deletion	1573
2L	5283591	5274039	Deletion	9552
2L	5287875	5285091	Deletion	2784
2L	5291831	5291656	Deletion	175
2L	5317723	5317771	Deletion	48
2L	5320834	5317766	Deletion	3068
2L	5403625	5395334	Deletion	8291
2L	5421227	5413381	Deletion	7846
2L	5433599	5433708	Deletion	109
2L	5446350	5446411	Deletion	61
2L	5446491	5446407	Deletion	84
2L	5464205	5464256	Deletion	51
2L	5483265	5480557	Deletion	2708
2L	5490866	5490943	Deletion	77
2L	5494171	5490939	Deletion	3232
2L	5507598	5507697	Deletion	99
2L	5537849	5537581	Deletion	268
2L	5564762	5563674	Deletion	1088
2L	5572549	5572618	Deletion	69
2L	5577367	5572613	Deletion	4754
2L	5577369	5577425	Deletion	56
2L	5581915	5581951	Deletion	36
2L	5583144	5581947	Deletion	1197
2L	5585034	5585151	Deletion	117
2L	5585602	5585156	Deletion	446
2L	5607487	5607317	Deletion	170
2L	5622117	5613306	Deletion	8811
2L	5622120	5622159	Deletion	39
2L	5630275	5629904	Deletion	371
2L	5637377	5636252	Deletion	1125
2L	5647964	5648029	Deletion	65
2L	5648660	5648718	Deletion	58
2L	5668299	5663722	Deletion	4577
2L	5689781	5688997	Deletion	784
2L	5689782	5689896	Deletion	114
2L	5704985	5704668	Deletion	317
2L	5706443	5706349	Deletion	94
2L	5710848	5709177	Deletion	1671
2L	5765576	5765689	Deletion	113
2L	5765624	5765685	Deletion	61
2L	5768628	5765684	Deletion	2944
2L	5788655	5788318	Deletion	337
2L	5832764	5832804	Deletion	40
2L	5848067	5843795	Deletion	4272
2L	5865519	5865633	Deletion	114
2L	5865750	5865629	Deletion	121
2L	5870172	5869582	Deletion	590
2L	5892921	5892712	Deletion	209
2L	5899642	5893337	Deletion	6305
2L	5921743	5901029	Deletion	20714
2L	5926481	5925151	Deletion	1330
2L	5938126	5926829	Deletion	11297
2L	5946993	5946769	Deletion	224
2L	5963090	5961599	Deletion	1491
2L	5982034	5982066	Deletion	32
2L	5993986	5982373	Deletion	11613
2L	5996687	5995620	Deletion	1067
2L	6011582	6008910	Deletion	2672
2L	6017594	6016719	Deletion	875
2L	6024247	6022352	Deletion	1895
2L	6060098	6053113	Deletion	6985
2L	6072747	6072838	Deletion	91
2L	6073763	6072837	Deletion	926
2L	6073764	6073808	Deletion	44
2L	6097460	6090731	Deletion	6729
2L	6099424	6097763	Deletion	1661
2L	6106138	6099895	Deletion	6243
2L	6129329	6119429	Deletion	9900
2L	6137721	6137784	Deletion	63
2L	6144009	6143299	Deletion	710
2L	6168331	6167986	Deletion	345
2L	6173210	6173319	Deletion	109
2L	6173687	6173318	Deletion	369
2L	6189004	6182992	Deletion	6012
2L	6197058	6196961	Deletion	97
2L	6211217	6209429	Deletion	1788
2L	6228276	6223492	Deletion	4784
2L	6243461	6243221	Deletion	240
2L	6248278	6248339	Deletion	61
2L	6249552	6248334	Deletion	1218
2L	6249576	6249634	Deletion	58
2L	6252602	6249691	Deletion	2911
2L	6277745	6259509	Deletion	18236
2L	6283592	6283532	Deletion	60
2L	6342885	6341785	Deletion	1100
2L	6390749	6390348	Deletion	401
2L	6417360	6395299	Deletion	22061
2L	6428526	6428554	Deletion	28
2L	6458811	6457076	Deletion	1735
2L	6462479	6461967	Deletion	512
2L	6482942	6483048	Deletion	106
2L	6506004	6505830	Deletion	174
2L	6510541	6510576	Deletion	35
2L	6511753	6510575	Deletion	1178
2L	6543760	6538372	Deletion	5388
2L	6570981	6566413	Deletion	4568
2L	6577868	6577411	Deletion	457
2L	6589463	6589233	Deletion	230
2L	6619419	6619492	Deletion	73
2L	6619585	6619491	Deletion	94
2L	6619586	6619646	Deletion	60
2L	6644734	6643143	Deletion	1591
2L	6692042	6654467	Deletion	37575
2L	6693577	6693666	Deletion	89
2L	6698069	6693658	Deletion	4411
2L	6701389	6698565	Deletion	2824
2L	6712224	6711628	Deletion	596
2L	6772189	6767776	Deletion	4413
2L	6821288	6818036	Deletion	3252
2L	6848317	6825406	Deletion	22911
2L	6867251	6867368	Deletion	117
2L	6875025	6867367	Deletion	7658
2L	6890945	6889957	Deletion	988
2L	6906247	6906066	Deletion	181
2L	6928934	6918285	Deletion	10649
2L	7003630	7003268	Deletion	362
2L	7029388	7029446	Deletion	58
2L	7053426	7051348	Deletion	2078
2L	7070527	7069578	Deletion	949
2L	7075880	7070710	Deletion	5170
2L	7091523	7090650	Deletion	873
2L	7146128	7146239	Deletion	111
2L	7146182	7146235	Deletion	53
2L	7151528	7146238	Deletion	5290
2L	7151530	7151611	Deletion	81
2L	7161539	7152529	Deletion	9010
2L	7208866	7207006	Deletion	1860
2L	7253212	7240848	Deletion	12364
2L	7259543	7259375	Deletion	168
2L	7299352	7299464	Deletion	112
2L	7324376	7322694	Deletion	1682
2L	7340465	7340586	Deletion	121
2L	7340516	7340581	Deletion	65
2L	7341848	7340584	Deletion	1264
2L	7345331	7345411	Deletion	80
2L	7346637	7346691	Deletion	54
2L	7361441	7361504	Deletion	63
2L	7361636	7361503	Deletion	133
2L	7361639	7361702	Deletion	63
2L	7411622	7406851	Deletion	4771
2L	7416534	7416611	Deletion	77
2L	7470659	7466157	Deletion	4502
2L	7497319	7497256	Deletion	63
2L	7519074	7518161	Deletion	913
2L	7526002	7526080	Deletion	78
2L	7531146	7526408	Deletion	4738
2L	7559423	7559484	Deletion	61
2L	7580693	7580528	Deletion	165
2L	7580696	7580803	Deletion	107
2L	7600749	7600854	Deletion	105
2L	7614835	7613260	Deletion	1575
2L	7668927	7668978	Deletion	51
2L	7673969	7668974	Deletion	4995
2L	7749160	7749197	Deletion	37
2L	7758094	7756385	Deletion	1709
2L	7771433	7768209	Deletion	3224
2L	7792482	7790084	Deletion	2398
2L	7840457	7837077	Deletion	3380
2L	7850185	7845577	Deletion	4608
2L	7850188	7850237	Deletion	49
2L	7859963	7860069	Deletion	106
2L	7862540	7860068	Deletion	2472
2L	7907354	7874123	Deletion	33231
2L	7933995	7933479	Deletion	516
2L	7933999	7934116	Deletion	117
2L	7952823	7952485	Deletion	338
2L	7970518	7970583	Deletion	65
2L	7977156	7970580	Deletion	6576
2L	8037224	8035140	Deletion	2084
2L	8048915	8047298	Deletion	1617
2L	8099897	8099770	Deletion	127
2L	8109558	8103313	Deletion	6245
2L	8134984	8127627	Deletion	7357
2L	8186710	8185425	Deletion	1285
2L	8231397	8223421	Deletion	7976
2L	8245729	8231488	Deletion	14241
2L	8263537	8263623	Deletion	86
2L	8314821	8314889	Deletion	68
2L	8319731	8319650	Deletion	81
2L	8345134	8335489	Deletion	9645
2L	8345135	8345232	Deletion	97
2L	8355002	8351068	Deletion	3934
2L	8376670	8376538	Deletion	132
2L	8381294	8378246	Deletion	3048
2L	8400164	8388435	Deletion	11729
2L	8419359	8406929	Deletion	12430
2L	8434747	8419950	Deletion	14797
2L	8438355	8437586	Deletion	769
2L	8451256	8451367	Deletion	111
2L	8454754	8454831	Deletion	77
2L	8482384	8482503	Deletion	119
2L	8488932	8483613	Deletion	5319
2L	8498110	8498200	Deletion	90
2L	8500455	8498196	Deletion	2259
2L	8504537	8504590	Deletion	53
2L	8505463	8504586	Deletion	877
2L	8517443	8511856	Deletion	5587
2L	8560188	8560288	Deletion	100
2L	8572340	8560289	Deletion	12051
2L	8582150	8576127	Deletion	6023
2L	8612056	8610539	Deletion	1517
2L	8631808	8616357	Deletion	15451
2L	8646061	8642239	Deletion	3822
2L	8646064	8646148	Deletion	84
2L	8656025	8655176	Deletion	849
2L	8665268	8665305	Deletion	37
2L	8702935	8675145	Deletion	27790
2L	8702937	8702965	Deletion	28
2L	8709379	8706508	Deletion	2871
2L	8720909	8711540	Deletion	9369
2L	8721624	8721685	Deletion	61
2L	8734430	8733580	Deletion	850
2L	8754792	8749822	Deletion	4970
2L	8755010	8755133	Deletion	123
2L	8762937	8761075	Deletion	1862
2L	8799678	8799721	Deletion	43
2L	8813763	8812549	Deletion	1214
2L	8863551	8851663	Deletion	11888
2L	8896557	8894698	Deletion	1859
2L	8908865	8902862	Deletion	6003
2L	8979566	8976154	Deletion	3412
2L	8981607	8980281	Deletion	1326
2L	8985935	8984580	Deletion	1355
2L	9031474	9028609	Deletion	2865
2L	9039420	9037372	Deletion	2048
2L	9096054	9063872	Deletion	32182
2L	9109255	9107937	Deletion	1318
2L	9122081	9117073	Deletion	5008
2L	9122082	9122186	Deletion	104
2L	9135171	9135283	Deletion	112
2L	9158694	9135279	Deletion	23415
2L	9171555	9170463	Deletion	1092
2L	9234594	9234523	Deletion	71
2L	9237045	9235685	Deletion	1360
2L	9240450	9239526	Deletion	924
2L	9240456	9240524	Deletion	68
2L	9281873	9280512	Deletion	1361
2L	9281874	9281991	Deletion	117
2L	9292707	9292766	Deletion	59
2L	9294998	9292763	Deletion	2235
2L	9308027	9301745	Deletion	6282
2L	9324879	9310493	Deletion	14386
2L	9374057	9374126	Deletion	69
2L	9380191	9374121	Deletion	6070
2L	9404110	9404186	Deletion	76
2L	9409128	9404185	Deletion	4943
2L	9409130	9409202	Deletion	72
2L	9426859	9421839	Deletion	5020
2L	9458457	9456868	Deletion	1589
2L	9505942	9505453	Deletion	489
2L	9515454	9513591	Deletion	1863
2L	9562080	9547114	Deletion	14966
2L	9577753	9577874	Deletion	121
2L	9578584	9577869	Deletion	715
2L	9596054	9595990	Deletion	64
2L	9613131	9612408	Deletion	723
2L	9629813	9624594	Deletion	5219
2L	9678322	9678212	Deletion	110
2L	9734722	9725251	Deletion	9471
2L	9752102	9750518	Deletion	1584
2L	9769648	9766900	Deletion	2748
2L	9777314	9775030	Deletion	2284
2L	9787701	9786399	Deletion	1302
2L	9808748	9808864	Deletion	116
2L	9859446	9859529	Deletion	83
2L	9867445	9866155	Deletion	1290
2L	9929212	9929260	Deletion	48
2L	9937167	9937028	Deletion	139
2L	9981788	9980758	Deletion	1030
2L	9981789	9981887	Deletion	98
2L	9990830	9990636	Deletion	194
2L	10004266	10001074	Deletion	3192
2L	10017403	10008749	Deletion	8654
2L	10042791	10034463	Deletion	8328
2L	10068795	10066814	Deletion	1981
2L	10069791	10068961	Deletion	830
2L	10071354	10069831	Deletion	1523
2L	10126999	10127035	Deletion	36
2L	10127129	10127033	Deletion	96
2L	10201326	10200618	Deletion	708
2L	10217541	10217597	Deletion	56
2L	10218669	10217595	Deletion	1074
2L	10218671	10218723	Deletion	52
2L	10227953	10225799	Deletion	2154
2L	10247649	10247694	Deletion	45
2L	10249459	10247691	Deletion	1768
2L	10292615	10292430	Deletion	185
2L	10293927	10292890	Deletion	1037
2L	10303709	10299973	Deletion	3736
2L	10321622	10319494	Deletion	2128
2L	10326931	10325480	Deletion	1451
2L	10335494	10333771	Deletion	1723
2L	10346166	10346231	Deletion	65
2L	10354370	10346228	Deletion	8142
2L	10360998	10361069	Deletion	71
2L	10366404	10361064	Deletion	5340
2L	10387590	10387408	Deletion	182
2L	10387593	10387624	Deletion	31
2L	10387595	10387632	Deletion	37
2L	10403620	10400375	Deletion	3245
2L	10403622	10403733	Deletion	111
2L	10441689	10437288	Deletion	4401
2L	10480213	10478769	Deletion	1444
2L	10497690	10493146	Deletion	4544
2L	10499827	10498443	Deletion	1384
2L	10499832	10499876	Deletion	44
2L	10505604	10505659	Deletion	55
2L	10505852	10505646	Deletion	206
2L	10515607	10511217	Deletion	4390
2L	10561027	10554184	Deletion	6843
2L	10561032	10561075	Deletion	43
2L	10575590	10575427	Deletion	163
2L	10602249	10600457	Deletion	1792
2L	10618689	10616707	Deletion	1982
2L	10654646	10654431	Deletion	215
2L	10668175	10665267	Deletion	2908
2L	10677088	10672292	Deletion	4796
2L	10692619	10692344	Deletion	275
2L	10727675	10727711	Deletion	36
2L	10739035	10737541	Deletion	1494
2L	10810235	10810283	Deletion	48
2L	10810344	10810284	Deletion	60
2L	10810345	10810431	Deletion	86
2L	10831938	10817616	Deletion	14322
2L	10837220	10836757	Deletion	463
2L	10838769	10838823	Deletion	54
2L	10853437	10849764	Deletion	3673
2L	10853440	10853511	Deletion	71
2L	10859051	10858458	Deletion	593
2L	10900956	10900307	Deletion	649
2L	10900957	10901014	Deletion	57
2L	10904365	10900990	Deletion	3375
2L	10904366	10904423	Deletion	57
2L	10906637	10904979	Deletion	1658
2L	10961820	10959709	Deletion	2111
2L	10962857	10962954	Deletion	97
2L	10967065	10962949	Deletion	4116
2L	11041820	11041928	Deletion	108
2L	11043495	11041924	Deletion	1571
2L	11072087	11071628	Deletion	459
2L	11098650	11072801	Deletion	25849
2L	11115883	11115930	Deletion	47
2L	11117361	11115929	Deletion	1432
2L	11117362	11117419	Deletion	57
2L	11143078	11131372	Deletion	11706
2L	11176587	11161618	Deletion	14969
2L	11181062	11181146	Deletion	84
2L	11196327	11194171	Deletion	2156
2L	11196330	11196365	Deletion	35
2L	11211389	11211452	Deletion	63
2L	11213950	11211453	Deletion	2497
2L	11217668	11217698	Deletion	30
2L	11217675	11217793	Deletion	118
2L	11218955	11218787	Deletion	168
2L	11221719	11221512	Deletion	207
2L	11242466	11240030	Deletion	2436
2L	11260727	11260765	Deletion	38
2L	11261074	11260760	Deletion	314
2L	11282879	11280526	Deletion	2353
2L	11300940	11295731	Deletion	5209
2L	11305094	11304861	Deletion	233
2L	11327690	11319765	Deletion	7925
2L	11348253	11348365	Deletion	112
2L	11361470	11358346	Deletion	3124
2L	11365212	11365022	Deletion	190
2L	11374149	11373970	Deletion	179
2L	11374150	11374245	Deletion	95
2L	11381984	11380163	Deletion	1821
2L	11394662	11391164	Deletion	3498
2L	11402487	11402357	Deletion	130
2L	11417478	11417344	Deletion	134
2L	11437157	11428741	Deletion	8416
2L	11455370	11452594	Deletion	2776
2L	11514940	11515055	Deletion	115
2L	11515112	11515051	Deletion	61
2L	11515113	11515163	Deletion	50
2L	11518590	11518646	Deletion	56
2L	11521925	11518644	Deletion	3281
2L	11521927	11521996	Deletion	69
2L	11540651	11540702	Deletion	51
2L	11591451	11591547	Deletion	96
2L	11591736	11591543	Deletion	193
2L	11606855	11605484	Deletion	1371
2L	11616835	11615755	Deletion	1080
2L	11680510	11652007	Deletion	28503
2L	11682944	11682999	Deletion	55
2L	11685144	11682995	Deletion	2149
2L	11689209	11686436	Deletion	2773
2L	11735606	11730161	Deletion	5445
2L	11750930	11751010	Deletion	80
2L	11751901	11751006	Deletion	895
2L	11765875	11755740	Deletion	10135
2L	11773271	11770553	Deletion	2718
2L	11789006	11778649	Deletion	10357
2L	11799382	11799440	Deletion	58
2L	11799495	11799437	Deletion	58
2L	11829141	11826328	Deletion	2813
2L	11842907	11841928	Deletion	979
2L	11851993	11852065	Deletion	72
2L	11867967	11852063	Deletion	15904
2L	11867968	11868023	Deletion	55
2L	11881224	11878088	Deletion	3136
2L	11890857	11886879	Deletion	3978
2L	11912516	11912607	Deletion	91
2L	11912658	11912606	Deletion	52
2L	11965230	11962113	Deletion	3117
2L	11974895	11971290	Deletion	3605
2L	11974897	11974986	Deletion	89
2L	12045953	12028027	Deletion	17926
2L	12045960	12045987	Deletion	27
2L	12053974	12048842	Deletion	5132
2L	12089809	12088841	Deletion	968
2L	12101119	12093936	Deletion	7183
2L	12140873	12140926	Deletion	53
2L	12148753	12143904	Deletion	4849
2L	12178144	12176446	Deletion	1698
2L	12192451	12190903	Deletion	1548
2L	12277475	12277535	Deletion	60
2L	12284561	12277532	Deletion	7029
2L	12324670	12324206	Deletion	464
2L	12336503	12336605	Deletion	102
2L	12338269	12336604	Deletion	1665
2L	12346904	12346327	Deletion	577
2L	12355748	12355788	Deletion	40
2L	12356729	12355789	Deletion	940
2L	12356730	12356798	Deletion	68
2L	12358248	12357704	Deletion	544
2L	12378232	12374275	Deletion	3957
2L	12420374	12389375	Deletion	30999
2L	12420375	12420462	Deletion	87
2L	12423799	12421891	Deletion	1908
2L	12440038	12439986	Deletion	52
2L	12447941	12447750	Deletion	191
2L	12451215	12451273	Deletion	58
2L	12454047	12451268	Deletion	2779
2L	12516137	12516187	Deletion	50
2L	12529895	12516186	Deletion	13709
2L	12529896	12529972	Deletion	76
2L	12547459	12531138	Deletion	16321
2L	12557327	12557245	Deletion	82
2L	12606410	12604634	Deletion	1776
2L	12606413	12606442	Deletion	29
2L	12652231	12642505	Deletion	9726
2L	12719109	12715202	Deletion	3907
2L	12741325	12741436	Deletion	111
2L	12746030	12746091	Deletion	61
2L	12749900	12746089	Deletion	3811
2L	12749904	12749973	Deletion	69
2L	12776553	12760146	Deletion	16407
2L	12856711	12856605	Deletion	106
2L	12860525	12860158	Deletion	367
2L	12890949	12890727	Deletion	222
2L	12910126	12910162	Deletion	36
2L	12919956	12910159	Deletion	9797
2L	12945199	12945251	Deletion	52
2L	12999212	12988086	Deletion	11126
2L	13018275	13018338	Deletion	63
2L	13023413	13018336	Deletion	5077
2L	13023414	13023489	Deletion	75
2L	13053383	13047733	Deletion	5650
2L	13060628	13060709	Deletion	81
2L	13064886	13060704	Deletion	4182
2L	13064890	13064939	Deletion	49
2L	13069588	13069701	Deletion	113
2L	13071201	13069698	Deletion	1503
2L	13078844	13078935	Deletion	91
2L	13079131	13078931	Deletion	200
2L	13088876	13088979	Deletion	103
2L	13126442	13095059	Deletion	31383
2L	13128211	13127319	Deletion	892
2L	13203015	13196942	Deletion	6073
2L	13230665	13230040	Deletion	625
2L	13300900	13294145	Deletion	6755
2L	13301844	13301474	Deletion	370
2L	13309349	13309433	Deletion	84
2L	13317600	13309431	Deletion	8169
2L	13333359	13323990	Deletion	9369
2L	13345550	13345405	Deletion	145
2L	13357292	13357233	Deletion	59
2L	13405380	13404677	Deletion	703
2L	13416045	13413244	Deletion	2801
2L	13421464	13421161	Deletion	303
2L	13436509	13436030	Deletion	479
2L	13484640	13484711	Deletion	71
2L	13585271	13584979	Deletion	292
2L	13585274	13585365	Deletion	91
2L	13593214	13590681	Deletion	2533
2L	13623830	13621385	Deletion	2445
2L	13639651	13639761	Deletion	110
2L	13679031	13678981	Deletion	50
2L	13707861	13705924	Deletion	1937
2L	13726627	13726570	Deletion	57
2L	13754863	13751868	Deletion	2995
2L	13771494	13768223	Deletion	3271
2L	13779864	13777371	Deletion	2493
2L	13803732	13799644	Deletion	4088
2L	13811756	13807724	Deletion	4032
2L	13839793	13831551	Deletion	8242
2L	13870074	13870119	Deletion	45
2L	13912192	13912295	Deletion	103
2L	13915963	13912293	Deletion	3670
2L	13924227	13920578	Deletion	3649
2L	13928681	13928591	Deletion	90
2L	13950936	13951049	Deletion	113
2L	13961621	13951048	Deletion	10573
2L	13978319	13969441	Deletion	8878
2L	14005569	14005361	Deletion	208
2L	14016994	14016313	Deletion	681
2L	14050162	14037325	Deletion	12837
2L	14105602	14099795	Deletion	5807
2L	14133830	14133641	Deletion	189
2L	14149933	14143040	Deletion	6893
2L	14155713	14155411	Deletion	302
2L	14219791	14219287	Deletion	504
2L	14224247	14224292	Deletion	45
2L	14227887	14224289	Deletion	3598
2L	14234540	14234399	Deletion	141
2L	14239099	14238896	Deletion	203
2L	14253585	14253226	Deletion	359
2L	14254956	14255068	Deletion	112
2L	14273697	14273503	Deletion	194
2L	14305977	14306047	Deletion	70
2L	14307075	14306044	Deletion	1031
2L	14322562	14322445	Deletion	117
2L	14363613	14363710	Deletion	97
2L	14364014	14363706	Deletion	308
2L	14374043	14368677	Deletion	5366
2L	14393526	14393351	Deletion	175
2L	14440276	14440394	Deletion	118
2L	14440632	14440390	Deletion	242
2L	14456905	14456752	Deletion	153
2L	14458451	14457376	Deletion	1075
2L	14458452	14458487	Deletion	35
2L	14459451	14459558	Deletion	107
2L	14489769	14487074	Deletion	2695
2L	14496100	14496208	Deletion	108
2L	14514388	14510704	Deletion	3684
2L	14522010	14521898	Deletion	112
2L	14580504	14580004	Deletion	500
2L	14582042	14581916	Deletion	126
2L	14630670	14627562	Deletion	3108
2L	14630671	14630781	Deletion	110
2L	14644164	14644229	Deletion	65
2L	14661143	14660948	Deletion	195
2L	14664781	14664878	Deletion	97
2L	14667772	14664875	Deletion	2897
2L	14668313	14668350	Deletion	37
2L	14673857	14668345	Deletion	5512
2L	14690257	14690361	Deletion	104
2L	14709400	14690359	Deletion	19041
2L	14721791	14719496	Deletion	2295
2L	14763842	14763890	Deletion	48
2L	14785360	14785423	Deletion	63
2L	14789432	14785420	Deletion	4012
2L	14803877	14802195	Deletion	1682
2L	14803882	14803971	Deletion	89
2L	14877262	14867142	Deletion	10120
2L	14913604	14913354	Deletion	250
2L	14923017	14921400	Deletion	1617
2L	14957532	14957447	Deletion	85
2L	14990065	14990167	Deletion	102
2L	15011652	15011739	Deletion	87
2L	15014471	15011735	Deletion	2736
2L	15019973	15020008	Deletion	35
2L	15030405	15027575	Deletion	2830
2L	15036191	15031551	Deletion	4640
2L	15041900	15041379	Deletion	521
2L	15050463	15049602	Deletion	861
2L	15055084	15054296	Deletion	788
2L	15055986	15056073	Deletion	87
2L	15058497	15056068	Deletion	2429
2L	15064590	15060212	Deletion	4378
2L	15067628	15064734	Deletion	2894
2L	15095025	15067879	Deletion	27146
2L	15103892	15100537	Deletion	3355
2L	15103894	15103967	Deletion	73
2L	15113261	15109726	Deletion	3535
2L	15136221	15136131	Deletion	90
2L	15170305	15170371	Deletion	66
2L	15170777	15170368	Deletion	409
2L	15203129	15203203	Deletion	74
2L	15218325	15218430	Deletion	105
2L	15238743	15233618	Deletion	5125
2L	15246041	15243841	Deletion	2200
2L	15258668	15254167	Deletion	4501
2L	15263506	15263429	Deletion	77
2L	15267770	15267875	Deletion	105
2L	15272317	15267876	Deletion	4441
2L	15314178	15306232	Deletion	7946
2L	15325393	15324993	Deletion	400
2L	15325396	15325429	Deletion	33
2L	15354420	15328374	Deletion	26046
2L	15362590	15362705	Deletion	115
2L	15365425	15362709	Deletion	2716
2L	15380709	15377205	Deletion	3504
2L	15409731	15405156	Deletion	4575
2L	15444813	15435561	Deletion	9252
2L	15504447	15477225	Deletion	27222
2L	15515991	15510982	Deletion	5009
2L	15529100	15529163	Deletion	63
2L	15529109	15529159	Deletion	50
2L	15529112	15529161	Deletion	49
2L	15544966	15545047	Deletion	81
2L	15551912	15550416	Deletion	1496
2L	15563322	15563359	Deletion	37
2L	15563569	15563355	Deletion	214
2L	15563573	15563621	Deletion	48
2L	15580328	15579505	Deletion	823
2L	15580333	15580418	Deletion	85
2L	15585756	15581734	Deletion	4022
2L	15592679	15592725	Deletion	46
2L	15637348	15630404	Deletion	6944
2L	15637350	15637414	Deletion	64
2L	15637543	15637635	Deletion	92
2L	15637564	15637634	Deletion	70
2L	15648300	15637631	Deletion	10669
2L	15694731	15694844	Deletion	113
2L	15704969	15705067	Deletion	98
2L	15736726	15734182	Deletion	2544
2L	15736734	15736761	Deletion	27
2L	15739381	15736857	Deletion	2524
2L	15761344	15761196	Deletion	148
2L	15772538	15763524	Deletion	9014
2L	15772542	15772631	Deletion	89
2L	15850296	15845202	Deletion	5094
2L	15856792	15851075	Deletion	5717
2L	15866901	15866271	Deletion	630
2L	15905163	15891184	Deletion	13979
2L	15905165	15905281	Deletion	116
2L	15908048	15906389	Deletion	1659
2L	15911636	15911443	Deletion	193
2L	15927597	15912974	Deletion	14623
2L	15936758	15935844	Deletion	914
2L	15936760	15936805	Deletion	45
2L	15936762	15936840	Deletion	78
2L	15985757	15970163	Deletion	15594
2L	16008924	16008629	Deletion	295
2L	16014480	16011142	Deletion	3338
2L	16054962	16041916	Deletion	13046
2L	16061379	16061293	Deletion	86
2L	16080739	16075608	Deletion	5131
2L	16081398	16081286	Deletion	112
2L	16110824	16108222	Deletion	2602
2L	16127683	16127788	Deletion	105
2L	16167826	16162173	Deletion	5653
2L	16181090	16170892	Deletion	10198
2L	16182551	16181120	Deletion	1431
2L	16218193	16206284	Deletion	11909
2L	16225674	16225269	Deletion	405
2L	16243569	16237794	Deletion	5775
2L	16263242	16256288	Deletion	6954
2L	16297035	16291871	Deletion	5164
2L	16302913	16302958	Deletion	45
2L	16307691	16302952	Deletion	4739
2L	16371186	16371280	Deletion	94
2L	16374886	16371278	Deletion	3608
2L	16374887	16374920	Deletion	33
2L	16381906	16380171	Deletion	1735
2L	16431895	16431750	Deletion	145
2L	16432615	16431958	Deletion	657
2L	16438323	16434372	Deletion	3951
2L	16449732	16447826	Deletion	1906
2L	16450723	16450785	Deletion	62
2L	16482554	16450784	Deletion	31770
2L	16486684	16486600	Deletion	84
2L	16514363	16514444	Deletion	81
2L	16539297	16538749	Deletion	548
2L	16572922	16555059	Deletion	17863
2L	16583520	16583628	Deletion	108
2L	16590062	16583625	Deletion	6437
2L	16590063	16590113	Deletion	50
2L	16604795	16597025	Deletion	7770
2L	16604797	16604859	Deletion	62
2L	16608759	16608706	Deletion	53
2L	16624664	16624459	Deletion	205
2L	16646067	16642665	Deletion	3402
2L	16665433	16664753	Deletion	680
2L	16665436	16665497	Deletion	61
2L	16691235	16689717	Deletion	1518
2L	16693492	16692244	Deletion	1248
2L	16721922	16721975	Deletion	53
2L	16722196	16721972	Deletion	224
2L	16749845	16742280	Deletion	7565
2L	16756455	16755674	Deletion	781
2L	16782718	16781397	Deletion	1321
2L	16817444	16813618	Deletion	3826
2L	16828494	16823376	Deletion	5118
2L	16873694	16873005	Deletion	689
2L	16898695	16887414	Deletion	11281
2L	16908898	16908658	Deletion	240
2L	17061716	17059047	Deletion	2669
2L	17076749	17076612	Deletion	137
2L	17085742	17085838	Deletion	96
2L	17143808	17141387	Deletion	2421
2L	17157663	17157761	Deletion	98
2L	17159455	17157760	Deletion	1695
2L	17179160	17177356	Deletion	1804
2L	17195124	17195071	Deletion	53
2L	17202821	17202487	Deletion	334
2L	17222946	17218036	Deletion	4910
2L	17244466	17240786	Deletion	3680
2L	17277919	17278033	Deletion	114
2L	17285325	17285418	Deletion	93
2L	17306624	17306367	Deletion	257
2L	17318977	17319092	Deletion	115
2L	17364031	17361713	Deletion	2318
2L	17364039	17364069	Deletion	30
2L	17369231	17365456	Deletion	3775
2L	17381460	17370088	Deletion	11372
2L	17382332	17382011	Deletion	321
2L	17406026	17406115	Deletion	89
2L	17416124	17406113	Deletion	10011
2L	17489037	17489071	Deletion	34
2L	17489882	17489070	Deletion	812
2L	17494565	17493844	Deletion	721
2L	17515102	17497622	Deletion	17480
2L	17523520	17522855	Deletion	665
2L	17523521	17523601	Deletion	80
2L	17549878	17549921	Deletion	43
2L	17604006	17601733	Deletion	2273
2L	17644010	17643701	Deletion	309
2L	17659386	17647200	Deletion	12186
2L	17674165	17674196	Deletion	31
2L	17679854	17678381	Deletion	1473
2L	17723328	17721834	Deletion	1494
2L	17726108	17725815	Deletion	293
2L	17726112	17726182	Deletion	70
2L	17727904	17726230	Deletion	1674
2L	17738713	17738643	Deletion	70
2L	17739954	17739161	Deletion	793
2L	17750986	17750278	Deletion	708
2L	17753067	17753176	Deletion	109
2L	17789244	17781447	Deletion	7797
2L	17809715	17809593	Deletion	122
2L	17876397	17872102	Deletion	4295
2L	17922890	17920123	Deletion	2767
2L	17943987	17944073	Deletion	86
2L	17952848	17952936	Deletion	88
2L	17970334	17969255	Deletion	1079
2L	18042568	18034168	Deletion	8400
2L	18063148	18061460	Deletion	1688
2L	18082843	18080797	Deletion	2046
2L	18098583	18098617	Deletion	34
2L	18102803	18098614	Deletion	4189
2L	18118791	18118885	Deletion	94
2L	18126979	18122056	Deletion	4923
2L	18133484	18132777	Deletion	707
2L	18135845	18135642	Deletion	203
2L	18142565	18135894	Deletion	6671
2L	18146255	18145621	Deletion	634
2L	18196215	18196052	Deletion	163
2L	18213549	18196435	Deletion	17114
2L	18250928	18250802	Deletion	126
2L	18252430	18251100	Deletion	1330
2L	18257377	18253578	Deletion	3799
2L	18280534	18280638	Deletion	104
2L	18282413	18280636	Deletion	1777
2L	18293832	18284001	Deletion	9831
2L	18313612	18313486	Deletion	126
2L	18316215	18316293	Deletion	78
2L	18317906	18317633	Deletion	273
2L	18338829	18327251	Deletion	11578
2L	18340819	18340869	Deletion	50
2L	18341648	18340868	Deletion	780
2L	18348216	18341767	Deletion	6449
2L	18348217	18348319	Deletion	102
2L	18380238	18349502	Deletion	30736
2L	18406082	18406154	Deletion	72
2L	18406376	18406152	Deletion	224
2L	18407663	18407775	Deletion	112
2L	18437573	18436907	Deletion	666
2L	18468595	18468671	Deletion	76
2L	18470288	18468667	Deletion	1621
2L	18482549	18482664	Deletion	115
2L	18500003	18499129	Deletion	874
2L	18514987	18515071	Deletion	84
2L	18516318	18515069	Deletion	1249
2L	18541057	18528025	Deletion	13032
2L	18601937	18601404	Deletion	533
2L	18622156	18621274	Deletion	882
2L	18682379	18681503	Deletion	876
2L	18703671	18703782	Deletion	111
2L	18706450	18703785	Deletion	2665
2L	18712685	18709507	Deletion	3178
2L	18720250	18719387	Deletion	863
2L	18738587	18738708	Deletion	121
2L	18755358	18753989	Deletion	1369
2L	18785667	18782651	Deletion	3016
2L	18819175	18819074	Deletion	101
2L	18823625	18822193	Deletion	1432
2L	18837642	18837589	Deletion	53
2L	18864677	18852004	Deletion	12673
2L	18866757	18864754	Deletion	2003
2L	18866758	18866795	Deletion	37
2L	18866761	18866882	Deletion	121
2L	18920179	18920260	Deletion	81
2L	18920707	18920256	Deletion	451
2L	18937072	18935404	Deletion	1668
2L	18971799	18971435	Deletion	364
2L	18998946	18998877	Deletion	69
2L	19000024	18999677	Deletion	347
2L	19006632	19006674	Deletion	42
2L	19026610	19026552	Deletion	58
2L	19049580	19049634	Deletion	54
2L	19051983	19049629	Deletion	2354
2L	19081038	19080268	Deletion	770
2L	19095451	19093799	Deletion	1652
2L	19120721	19110939	Deletion	9782
2L	19126324	19123489	Deletion	2835
2L	19133000	19130178	Deletion	2822
2L	19141853	19133455	Deletion	8398
2L	19154004	19154083	Deletion	79
2L	19154010	19154074	Deletion	64
2L	19190907	19177433	Deletion	13474
2L	19212291	19210129	Deletion	2162
2L	19227507	19227566	Deletion	59
2L	19244509	19241302	Deletion	3207
2L	19258641	19258524	Deletion	117
2L	19258642	19258673	Deletion	31
2L	19306852	19306768	Deletion	84
2L	19315327	19312657	Deletion	2670
2L	19391336	19391371	Deletion	35
2L	19391598	19391366	Deletion	232
2L	19409763	19409621	Deletion	142
2L	19426076	19419841	Deletion	6235
2L	19427790	19427547	Deletion	243
2L	19430530	19429421	Deletion	1109
2L	19479006	19479119	Deletion	113
2L	19479925	19479117	Deletion	808
2L	19484939	19485046	Deletion	107
2L	19485189	19485051	Deletion	138
2L	19485726	19485550	Deletion	176
2L	19494604	19488523	Deletion	6081
2L	19516016	19514404	Deletion	1612
2L	19545026	19544529	Deletion	497
2L	19574342	19570504	Deletion	3838
2L	19605740	19603498	Deletion	2242
2L	19638535	19633816	Deletion	4719
2L	19656487	19656512	Deletion	25
2L	19684065	19683965	Deletion	100
2L	19701982	19701234	Deletion	748
2L	19726958	19719814	Deletion	7144
2L	19801635	19771444	Deletion	30191
2L	19829590	19805477	Deletion	24113
2L	19902868	19891566	Deletion	11302
2L	19904692	19904782	Deletion	90
2L	19908124	19904778	Deletion	3346
2L	19915887	19915989	Deletion	102
2L	19916136	19915985	Deletion	151
2L	19952333	19951857	Deletion	476
2L	19967275	19967376	Deletion	101
2L	19967886	19967371	Deletion	515
2L	19986058	19984577	Deletion	1481
2L	19992528	19987046	Deletion	5482
2L	20007251	20007276	Deletion	25
2L	20028034	20027975	Deletion	59
2L	20075013	20063374	Deletion	11639
2L	20101110	20101154	Deletion	44
2L	20101689	20101151	Deletion	538
2L	20107157	20102203	Deletion	4954
2L	20107300	20107216	Deletion	84
2L	20107969	20107334	Deletion	635
2L	20203561	20203497	Deletion	64
2L	20206547	20206152	Deletion	395
2L	20243639	20239029	Deletion	4610
2L	20243643	20243675	Deletion	32
2L	20248657	20248693	Deletion	36
2L	20249685	20248690	Deletion	995
2L	20265996	20263127	Deletion	2869
2L	20273507	20273561	Deletion	54
2L	20311683	20311716	Deletion	33
2L	20323668	20311715	Deletion	11953
2L	20323669	20323762	Deletion	93
2L	20337165	20337109	Deletion	56
2L	20357791	20351000	Deletion	6791
2L	20363320	20358651	Deletion	4669
2L	20402775	20393585	Deletion	9190
2L	20461855	20461570	Deletion	285
2L	20461856	20461921	Deletion	65
2L	20479552	20479672	Deletion	120
2L	20486256	20479670	Deletion	6586
2L	20500958	20499658	Deletion	1300
2L	20545833	20544835	Deletion	998
2L	20549939	20548703	Deletion	1236
2L	20563428	20563152	Deletion	276
2L	20563431	20563547	Deletion	116
2L	20589494	20587258	Deletion	2236
2L	20621649	20618053	Deletion	3596
2L	20621654	20621704	Deletion	50
2L	20633515	20630938	Deletion	2577
2L	20644965	20639650	Deletion	5315
2L	20652163	20650792	Deletion	1371
2L	20660042	20656309	Deletion	3733
2L	20660043	20660150	Deletion	107
2L	20663345	20660424	Deletion	2921
2L	20663953	20663990	Deletion	37
2L	20665794	20663987	Deletion	1807
2L	20688889	20688936	Deletion	47
2L	20689802	20688932	Deletion	870
2L	20689803	20689885	Deletion	82
2L	20712979	20713084	Deletion	105
2L	20716333	20713083	Deletion	3250
2L	20757555	20753818	Deletion	3737
2L	20767197	20767027	Deletion	170
2L	20816364	20816444	Deletion	80
2L	20816821	20816941	Deletion	120
2L	20817016	20816944	Deletion	72
2L	20858631	20850105	Deletion	8526
2L	20919106	20919148	Deletion	42
2L	20926862	20926052	Deletion	810
2L	20941381	20941047	Deletion	334
2L	20946830	20945061	Deletion	1769
2L	20957832	20956254	Deletion	1578
2L	21036467	21028456	Deletion	8011
2L	21067459	21065304	Deletion	2155
2L	21086249	21086365	Deletion	116
2L	21108025	21101125	Deletion	6900
2L	21126084	21124666	Deletion	1418
2L	21161618	21158104	Deletion	3514
2L	21161621	21161658	Deletion	37
2L	21178374	21175991	Deletion	2383
2L	21193471	21188386	Deletion	5085
2L	21199597	21198397	Deletion	1200
2L	21264004	21256616	Deletion	7388
2L	21269578	21264070	Deletion	5508
2L	21271266	21271315	Deletion	49
2L	21275888	21271314	Deletion	4574
2L	21279501	21279220	Deletion	281
2L	21335518	21286355	Deletion	49163
2L	21338747	21337611	Deletion	1136
2L	21364477	21364357	Deletion	120
2L	21373820	21366783	Deletion	7037
2L	21416273	21415470	Deletion	803
2L	21431167	21431192	Deletion	25
2L	21431175	21431219	Deletion	44
2L	21455329	21455307	Deletion	22
2L	21460338	21460415	Deletion	77
2L	21460386	21460430	Deletion	44
2L	21465405	21465470	Deletion	65
2L	21596507	21595950	Deletion	557
2L	21651976	21648942	Deletion	3034
2L	21671392	21663132	Deletion	8260
2L	21682817	21681483	Deletion	1334
2L	21703683	21701617	Deletion	2066
2L	21709697	21709793	Deletion	96
2L	21709698	21709797	Deletion	99
2L	21714753	21710377	Deletion	4376
2L	21777877	21773815	Deletion	4062
2L	21799528	21799266	Deletion	262
2L	21799529	21799569	Deletion	40
2L	21811376	21808404	Deletion	2972
2L	21853114	21852534	Deletion	580
2L	21860034	21856562	Deletion	3472
2L	21866052	21863346	Deletion	2706
2L	21891923	21878241	Deletion	13682
2L	21895906	21891975	Deletion	3931
2L	21909280	21898835	Deletion	10445
2L	21916432	21915609	Deletion	823
2L	21921872	21921802	Deletion	70
2L	21971915	21964947	Deletion	6968
2L	21981165	21973041	Deletion	8124
2L	21991751	21991689	Deletion	62
2L	22020770	22020626	Deletion	144
2L	22047540	22032333	Deletion	15207
2L	22082717	22072432	Deletion	10285
2L	22124080	22124194	Deletion	114
2L	22126332	22124189	Deletion	2143
2L	22167186	22167282	Deletion	96
2L	22167229	22167281	Deletion	52
2L	22179003	22167678	Deletion	11325
2L	22198157	22179091	Deletion	19066
2L	22199799	22199850	Deletion	51
2L	22205772	22205826	Deletion	54
2L	22220053	22219496	Deletion	557
2L	22235565	22235050	Deletion	515
2L	22237312	22237301	Deletion	11
2L	22240734	22237358	Deletion	3376
2L	22273112	22272276	Deletion	836
2L	22279199	22273147	Deletion	6052
2L	22280990	22281090	Deletion	100
2L	22315887	22315804	Deletion	83
2L	22318877	22318714	Deletion	163
2L	22341718	22341572	Deletion	146
2L	22355018	22354652	Deletion	366
2L	22377175	22373754	Deletion	3421
2L	22385445	22385386	Deletion	59
2L	22398583	22398099	Deletion	484
2L	22400046	22398630	Deletion	1416
2L	22406212	22402110	Deletion	4102
2L	22420148	22420241	Deletion	93
2L	22421273	22421247	Deletion	26
2L	22454312	22454381	Deletion	69
2L	22497613	22497647	Deletion	34
2L	22529714	22529598	Deletion	116
2L	22565680	22565516	Deletion	164
2L	22597229	22597323	Deletion	94
2L	22616458	22616399	Deletion	59
2L	22623724	22623396	Deletion	328
2L	22637701	22633606	Deletion	4095
2L	22645830	22645104	Deletion	726
2L	22662679	22662753	Deletion	74
2L	22662908	22662747	Deletion	161
2L	22670805	22670845	Deletion	40
2L	22675643	22673632	Deletion	2011
2L	22745208	22744072	Deletion	1136
2L	22753224	22746693	Deletion	6531
2L	22764334	22761614	Deletion	2720
2L	22773670	22773586	Deletion	84
2L	22793911	22789984	Deletion	3927
2L	22872407	22868551	Deletion	3856
2L	22907911	22907997	Deletion	86
2L	22914969	22914575	Deletion	394
2L	22925941	22920490	Deletion	5451
2L	22971770	22969575	Deletion	2195
2L	22984553	22984655	Deletion	102
2L	22985455	22984650	Deletion	805
2L	22986396	22985820	Deletion	576
2L	22994597	22992901	Deletion	1696
2L	23022690	23022790	Deletion	100
2L	23036254	23028809	Deletion	7445
2L	23043850	23043926	Deletion	76
2L	23044811	23044854	Deletion	43
2L	23068911	23064299	Deletion	4612
2L	23075550	23072576	Deletion	2974
2L	23109690	23109767	Deletion	77
2L	23129946	23129726	Deletion	220
2L	23130731	23130746	Deletion	15
2L	23131309	23131424	Deletion	115
2L	23136391	23135135	Deletion	1256
2L	23142116	23142166	Deletion	50
2L	23144557	23144547	Deletion	10
2L	23151541	23151585	Deletion	44
2L	23169843	23169649	Deletion	194
2L	23170211	23169889	Deletion	322
2L	23170212	23170318	Deletion	106
2L	23172981	23172880	Deletion	101
2L	23216794	23215909	Deletion	885
2L	23232010	23231377	Deletion	633
2L	23236498	23236605	Deletion	107
2L	23242766	23239976	Deletion	2790
2L	23248558	23248484	Deletion	74
2L	23252686	23252796	Deletion	110
2L	23264179	23264273	Deletion	94
2L	23264183	23264289	Deletion	106
2L	23264363	23264290	Deletion	73
2L	23279633	23279559	Deletion	74
2L	23320711	23320628	Deletion	83
2L	23338303	23338400	Deletion	97
2L	23363153	23363207	Deletion	54
2L	23382828	23382949	Deletion	121
2L	23393120	23392672	Deletion	448
2L	23397453	23396863	Deletion	590
2L	23410739	23410767	Deletion	28
2L	23493637	23491241	Deletion	2396
2L	23496859	23496884	Deletion	25
2L	23500689	23500733	Deletion	44
2L	23504872	23504046	Deletion	826
2L	23508806	23508888	Deletion	82
2R	7411	7517	Deletion	106
2R	170938	170994	Deletion	56
2R	171536	171611	Deletion	75
2R	236404	236464	Deletion	60
2R	292027	291582	Deletion	445
2R	309644	309695	Deletion	51
2R	317070	317183	Deletion	113
2R	324002	320568	Deletion	3434
2R	422884	416884	Deletion	6000
2R	495917	495481	Deletion	436
2R	501921	498499	Deletion	3422
2R	507603	507307	Deletion	296
2R	509813	507647	Deletion	2166
2R	513034	511194	Deletion	1840
2R	513614	513078	Deletion	536
2R	539838	539617	Deletion	221
2R	545584	542657	Deletion	2927
2R	635076	634895	Deletion	181
2R	639433	635119	Deletion	4314
2R	647876	647956	Deletion	80
2R	650443	650006	Deletion	437
2R	658355	650475	Deletion	7880
2R	659472	659242	Deletion	230
2R	671743	670859	Deletion	884
2R	734686	731732	Deletion	2954
2R	736815	734717	Deletion	2098
2R	736857	736861	Deletion	4
2R	748774	748866	Deletion	92
2R	748792	748841	Deletion	49
2R	748798	748816	Deletion	18
2R	748800	748881	Deletion	81
2R	748836	748896	Deletion	60
2R	748875	748916	Deletion	41
2R	748877	748901	Deletion	24
2R	748880	748921	Deletion	41
2R	748884	748911	Deletion	27
2R	784562	780706	Deletion	3856
2R	876322	876340	Deletion	18
2R	995467	995401	Deletion	66
2R	995472	995535	Deletion	63
2R	999933	999997	Deletion	64
2R	1000854	999994	Deletion	860
2R	1008476	1007463	Deletion	1013
2R	1016694	1016493	Deletion	201
2R	1032037	1031976	Deletion	61
2R	1042544	1042602	Deletion	58
2R	1072190	1069971	Deletion	2219
2R	1151136	1149291	Deletion	1845
2R	1181505	1181620	Deletion	115
2R	1293675	1291014	Deletion	2661
2R	1296012	1296109	Deletion	97
2R	1301160	1300760	Deletion	400
2R	1301162	1301265	Deletion	103
2R	1303934	1301279	Deletion	2655
2R	1345878	1345925	Deletion	47
2R	1349165	1345926	Deletion	3239
2R	1360012	1360127	Deletion	115
2R	1433526	1433551	Deletion	25
2R	1454088	1454199	Deletion	111
2R	1471903	1471656	Deletion	247
2R	1472063	1471927	Deletion	136
2R	1506696	1506211	Deletion	485
2R	1508502	1507986	Deletion	516
2R	1554519	1554479	Deletion	40
2R	1556003	1556077	Deletion	74
2R	1556761	1556127	Deletion	634
2R	1698715	1698837	Deletion	122
2R	1725547	1725655	Deletion	108
2R	1726992	1725654	Deletion	1338
2R	1734247	1732258	Deletion	1989
2R	1800990	1801067	Deletion	77
2R	1806646	1806184	Deletion	462
2R	1825749	1825762	Deletion	13
2R	1825923	1825978	Deletion	55
2R	1825947	1825995	Deletion	48
2R	1825950	1826018	Deletion	68
2R	1826282	1826163	Deletion	119
2R	1826284	1826406	Deletion	122
2R	1826378	1826426	Deletion	48
2R	1826405	1826424	Deletion	19
2R	1826510	1826545	Deletion	35
2R	1897181	1891892	Deletion	5289
2R	1897229	1897211	Deletion	18
2R	1966040	1966161	Deletion	121
2R	1975267	1975326	Deletion	59
2R	2006820	2006369	Deletion	451
2R	2068895	2068976	Deletion	81
2R	2085082	2084906	Deletion	176
2R	2107569	2107642	Deletion	73
2R	2107588	2107639	Deletion	51
2R	2132384	2132481	Deletion	97
2R	2191667	2187510	Deletion	4157
2R	2213716	2213642	Deletion	74
2R	2275282	2275310	Deletion	28
2R	2295823	2295933	Deletion	110
2R	2424009	2424125	Deletion	116
2R	2513895	2513948	Deletion	53
2R	2528514	2528446	Deletion	68
2R	2571328	2571413	Deletion	85
2R	2578359	2578222	Deletion	137
2R	2615001	2615038	Deletion	37
2R	2616444	2615045	Deletion	1399
2R	2616972	2616520	Deletion	452
2R	2632132	2632237	Deletion	105
2R	2643889	2640617	Deletion	3272
2R	2645209	2643961	Deletion	1248
2R	2645213	2645316	Deletion	103
2R	2656720	2656808	Deletion	88
2R	2668843	2668250	Deletion	593
2R	2673317	2668885	Deletion	4432
2R	2681366	2680441	Deletion	925
2R	2732403	2731088	Deletion	1315
2R	2735628	2735736	Deletion	108
2R	2737051	2735732	Deletion	1319
2R	2765092	2765210	Deletion	118
2R	2805053	2804814	Deletion	239
2R	2808703	2808759	Deletion	56
2R	2808958	2808773	Deletion	185
2R	2968393	2968331	Deletion	62
2R	3108442	3108500	Deletion	58
2R	3108582	3108501	Deletion	81
2R	3181086	3175444	Deletion	5642
2R	3182065	3181948	Deletion	117
2R	3188461	3188318	Deletion	143
2R	3199065	3198982	Deletion	83
2R	3215004	3215039	Deletion	35
2R	3235216	3235182	Deletion	34
2R	3294260	3286286	Deletion	7974
2R	3311108	3311159	Deletion	51
2R	3475272	3475388	Deletion	116
2R	3505302	3505166	Deletion	136
2R	3519774	3514107	Deletion	5667
2R	3562406	3562402	Deletion	4
2R	3576379	3576433	Deletion	54
2R	3579376	3576428	Deletion	2948
2R	3584761	3579409	Deletion	5352
2R	3608517	3608274	Deletion	243
2R	3652887	3652997	Deletion	110
2R	3653169	3653174	Deletion	5
2R	3656933	3657036	Deletion	103
2R	3759667	3759567	Deletion	100
2R	3762614	3762652	Deletion	38
2R	3767076	3767019	Deletion	57
2R	3772511	3772556	Deletion	45
2R	3833788	3833890	Deletion	102
2R	3858238	3858349	Deletion	111
2R	3866606	3866666	Deletion	60
2R	3901867	3901408	Deletion	459
2R	3931403	3930112	Deletion	1291
2R	4002026	4001890	Deletion	136
2R	4206142	4203915	Deletion	2227
2R	4235499	4233852	Deletion	1647
2R	4235502	4235589	Deletion	87
2R	4292866	4290701	Deletion	2165
2R	4301826	4301936	Deletion	110
2R	4302798	4302815	Deletion	17
2R	4475776	4473082	Deletion	2694
2R	4574533	4573456	Deletion	1077
2R	4574555	4574605	Deletion	50
2R	4575043	4574644	Deletion	399
2R	4589339	4589176	Deletion	163
2R	4610921	4592790	Deletion	18131
2R	4630217	4628654	Deletion	1563
2R	4630474	4630249	Deletion	225
2R	4632565	4630511	Deletion	2054
2R	4642681	4642783	Deletion	102
2R	4654035	4653763	Deletion	272
2R	4654454	4654548	Deletion	94
2R	4700869	4692315	Deletion	8554
2R	4717960	4716770	Deletion	1190
2R	4720336	4720452	Deletion	116
2R	4725063	4720456	Deletion	4607
2R	4738428	4738519	Deletion	91
2R	4824203	4820268	Deletion	3935
2R	4884069	4884110	Deletion	41
2R	4905353	4904203	Deletion	1150
2R	4919383	4919464	Deletion	81
2R	4922369	4921901	Deletion	468
2R	4948281	4946754	Deletion	1527
2R	4964698	4963528	Deletion	1170
2R	5003695	5000912	Deletion	2783
2R	5006769	5003728	Deletion	3041
2R	5019299	5016247	Deletion	3052
2R	5021321	5019501	Deletion	1820
2R	5040261	5039871	Deletion	390
2R	5074039	5073862	Deletion	177
2R	5074040	5074118	Deletion	78
2R	5130417	5130307	Deletion	110
2R	5140676	5136793	Deletion	3883
2R	5228032	5225800	Deletion	2232
2R	5259862	5257037	Deletion	2825
2R	5261796	5261837	Deletion	41
2R	5280015	5279844	Deletion	171
2R	5288574	5288659	Deletion	85
2R	5310297	5310415	Deletion	118
2R	5310816	5310412	Deletion	404
2R	5366314	5364516	Deletion	1798
2R	5367061	5366356	Deletion	705
2R	5456277	5455762	Deletion	515
2R	5503169	5503206	Deletion	37
2R	5577744	5577863	Deletion	119
2R	5594039	5594162	Deletion	123
2R	5634737	5634447	Deletion	290
2R	5634740	5634836	Deletion	96
2R	5683104	5682348	Deletion	756
2R	5715255	5709057	Deletion	6198
2R	5715258	5715356	Deletion	98
2R	5768620	5768443	Deletion	177
2R	5787354	5785745	Deletion	1609
2R	5817182	5816484	Deletion	698
2R	5844429	5844474	Deletion	45
2R	5846858	5846915	Deletion	57
2R	5852740	5846913	Deletion	5827
2R	5871292	5871325	Deletion	33
2R	5875136	5874607	Deletion	529
2R	5896714	5896822	Deletion	108
2R	5923620	5922373	Deletion	1247
2R	5964497	5964615	Deletion	118
2R	5971079	5969034	Deletion	2045
2R	5976903	5976813	Deletion	90
2R	6019943	6001684	Deletion	18259
2R	6025154	6024211	Deletion	943
2R	6040331	6040395	Deletion	64
2R	6044257	6040390	Deletion	3867
2R	6070698	6067649	Deletion	3049
2R	6073735	6073664	Deletion	71
2R	6073738	6073804	Deletion	66
2R	6098099	6098194	Deletion	95
2R	6114711	6114206	Deletion	505
2R	6116204	6116288	Deletion	84
2R	6116598	6116281	Deletion	317
2R	6116600	6116722	Deletion	122
2R	6125481	6125026	Deletion	455
2R	6198589	6177282	Deletion	21307
2R	6210042	6199891	Deletion	10151
2R	6263565	6263628	Deletion	63
2R	6268943	6269043	Deletion	100
2R	6269433	6269039	Deletion	394
2R	6271094	6271096	Deletion	2
2R	6271515	6271127	Deletion	388
2R	6272023	6271547	Deletion	476
2R	6273611	6272086	Deletion	1525
2R	6498627	6498697	Deletion	70
2R	6550811	6550902	Deletion	91
2R	6562189	6561998	Deletion	191
2R	6672369	6672410	Deletion	41
2R	6672652	6672406	Deletion	246
2R	6683487	6683592	Deletion	105
2R	6683720	6683587	Deletion	133
2R	6707969	6688590	Deletion	19379
2R	6717007	6715669	Deletion	1338
2R	6761973	6761123	Deletion	850
2R	6835531	6834494	Deletion	1037
2R	6888169	6887242	Deletion	927
2R	6922044	6922166	Deletion	122
2R	7025065	7023921	Deletion	1144
2R	7033546	7033589	Deletion	43
2R	7034607	7033584	Deletion	1023
2R	7055851	7049911	Deletion	5940
2R	7070884	7065717	Deletion	5167
2R	7169358	7163662	Deletion	5696
2R	7183520	7182008	Deletion	1512
2R	7208243	7201313	Deletion	6930
2R	7231620	7231247	Deletion	373
2R	7360065	7357086	Deletion	2979
2R	7393669	7393562	Deletion	107
2R	7399654	7398259	Deletion	1395
2R	7471745	7465228	Deletion	6517
2R	7515905	7509561	Deletion	6344
2R	7565383	7555324	Deletion	10059
2R	7573382	7571660	Deletion	1722
2R	7596183	7596122	Deletion	61
2R	7609111	7609211	Deletion	100
2R	7614112	7614165	Deletion	53
2R	7628468	7621650	Deletion	6818
2R	7628471	7628552	Deletion	81
2R	7628473	7628501	Deletion	28
2R	7644180	7643059	Deletion	1121
2R	7720995	7717073	Deletion	3922
2R	7728191	7728251	Deletion	60
2R	7729487	7728247	Deletion	1240
2R	7740232	7739141	Deletion	1091
2R	7747997	7746856	Deletion	1141
2R	7774624	7774495	Deletion	129
2R	7790263	7782628	Deletion	7635
2R	7813682	7795934	Deletion	17748
2R	7881806	7877369	Deletion	4437
2R	7889213	7887437	Deletion	1776
2R	7889215	7889322	Deletion	107
2R	7889217	7889297	Deletion	80
2R	7893967	7893205	Deletion	762
2R	7958784	7941416	Deletion	17368
2R	7969548	7964001	Deletion	5547
2R	7991321	7984530	Deletion	6791
2R	8006497	8006552	Deletion	55
2R	8015631	8006550	Deletion	9081
2R	8015635	8015733	Deletion	98
2R	8075910	8061229	Deletion	14681
2R	8141042	8140597	Deletion	445
2R	8166284	8159854	Deletion	6430
2R	8199786	8196039	Deletion	3747
2R	8236444	8212421	Deletion	24023
2R	8334340	8327269	Deletion	7071
2R	8339998	8340086	Deletion	88
2R	8356240	8340445	Deletion	15795
2R	8372366	8372480	Deletion	114
2R	8393229	8393303	Deletion	74
2R	8403139	8402986	Deletion	153
2R	8478261	8475688	Deletion	2573
2R	8534404	8534503	Deletion	99
2R	8534713	8534498	Deletion	215
2R	8564913	8545828	Deletion	19085
2R	8623521	8623607	Deletion	86
2R	8643989	8642287	Deletion	1702
2R	8672270	8670832	Deletion	1438
2R	8672274	8672342	Deletion	68
2R	8673347	8672597	Deletion	750
2R	8688484	8688354	Deletion	130
2R	8885821	8884904	Deletion	917
2R	8885824	8885872	Deletion	48
2R	8893171	8890417	Deletion	2754
2R	8903164	8903277	Deletion	113
2R	8905420	8903279	Deletion	2141
2R	8947725	8946588	Deletion	1137
2R	8956122	8953067	Deletion	3055
2R	8977868	8977725	Deletion	143
2R	9007957	9005053	Deletion	2904
2R	9032449	9031739	Deletion	710
2R	9080208	9076493	Deletion	3715
2R	9115853	9096421	Deletion	19432
2R	9144588	9142160	Deletion	2428
2R	9151909	9152007	Deletion	98
2R	9162593	9162644	Deletion	51
2R	9162879	9162640	Deletion	239
2R	9178196	9177939	Deletion	257
2R	9178200	9178286	Deletion	86
2R	9228619	9227815	Deletion	804
2R	9265824	9240441	Deletion	25383
2R	9328892	9328547	Deletion	345
2R	9328894	9328932	Deletion	38
2R	9351100	9340948	Deletion	10152
2R	9379781	9378361	Deletion	1420
2R	9391735	9383114	Deletion	8621
2R	9432186	9427587	Deletion	4599
2R	9452777	9439546	Deletion	13231
2R	9464185	9461554	Deletion	2631
2R	9506747	9499421	Deletion	7326
2R	9509248	9508094	Deletion	1154
2R	9521804	9521678	Deletion	126
2R	9526522	9526613	Deletion	91
2R	9535790	9526608	Deletion	9182
2R	9620946	9617264	Deletion	3682
2R	9626541	9626197	Deletion	344
2R	9648263	9643145	Deletion	5118
2R	9648264	9648335	Deletion	71
2R	9674323	9672147	Deletion	2176
2R	9719787	9719141	Deletion	646
2R	9742265	9741285	Deletion	980
2R	9764248	9764186	Deletion	62
2R	9764250	9764340	Deletion	90
2R	9828902	9826135	Deletion	2767
2R	9828904	9828934	Deletion	30
2R	9895384	9888888	Deletion	6496
2R	9903030	9901170	Deletion	1860
2R	9931622	9931459	Deletion	163
2R	9947309	9942269	Deletion	5040
2R	9950360	9947919	Deletion	2441
2R	9980954	9977248	Deletion	3706
2R	9980956	9981022	Deletion	66
2R	9985271	9985201	Deletion	70
2R	9991720	9986429	Deletion	5291
2R	10028422	10024590	Deletion	3832
2R	10037227	10037307	Deletion	80
2R	10038689	10037303	Deletion	1386
2R	10065463	10064999	Deletion	464
2R	10083262	10081118	Deletion	2144
2R	10089554	10088715	Deletion	839
2R	10096190	10096241	Deletion	51
2R	10119190	10119267	Deletion	77
2R	10119808	10119268	Deletion	540
2R	10119810	10119900	Deletion	90
2R	10154959	10154695	Deletion	264
2R	10186670	10186279	Deletion	391
2R	10261743	10259231	Deletion	2512
2R	10334620	10333584	Deletion	1036
2R	10404797	10404743	Deletion	54
2R	10430460	10429781	Deletion	679
2R	10476086	10476123	Deletion	37
2R	10561257	10560943	Deletion	314
2R	10564379	10564455	Deletion	76
2R	10565009	10564450	Deletion	559
2R	10569474	10569381	Deletion	93
2R	10578566	10576987	Deletion	1579
2R	10646434	10646536	Deletion	102
2R	10690533	10690650	Deletion	117
2R	10726757	10726840	Deletion	83
2R	10730555	10726839	Deletion	3716
2R	10734061	10734141	Deletion	80
2R	10748408	10747837	Deletion	571
2R	10757513	10754619	Deletion	2894
2R	10777471	10774892	Deletion	2579
2R	10802238	10777954	Deletion	24284
2R	10804692	10804778	Deletion	86
2R	10828945	10804775	Deletion	24170
2R	10828947	10829025	Deletion	78
2R	10831069	10829596	Deletion	1473
2R	10923127	10922947	Deletion	180
2R	10973457	10966052	Deletion	7405
2R	10979755	10977512	Deletion	2243
2R	10989639	10987065	Deletion	2574
2R	11033563	11033653	Deletion	90
2R	11034204	11033651	Deletion	553
2R	11070442	11058787	Deletion	11655
2R	11085235	11085336	Deletion	101
2R	11087858	11087687	Deletion	171
2R	11091355	11091213	Deletion	142
2R	11145941	11146034	Deletion	93
2R	11167879	11163257	Deletion	4622
2R	11201508	11201362	Deletion	146
2R	11268083	11265263	Deletion	2820
2R	11274619	11269883	Deletion	4736
2R	11319725	11319645	Deletion	80
2R	11340458	11339504	Deletion	954
2R	11351155	11349526	Deletion	1629
2R	11355661	11354030	Deletion	1631
2R	11369243	11366022	Deletion	3221
2R	11369244	11369296	Deletion	52
2R	11369373	11369279	Deletion	94
2R	11369374	11369458	Deletion	84
2R	11377560	11369419	Deletion	8141
2R	11398479	11387033	Deletion	11446
2R	11398514	11398519	Deletion	5
2R	11409498	11398549	Deletion	10949
2R	11409592	11409542	Deletion	50
2R	11412084	11412147	Deletion	63
2R	11470438	11470072	Deletion	366
2R	11503758	11499269	Deletion	4489
2R	11514529	11511484	Deletion	3045
2R	11547659	11547531	Deletion	128
2R	11565798	11562547	Deletion	3251
2R	11711570	11711613	Deletion	43
2R	11714917	11711608	Deletion	3309
2R	11792723	11791522	Deletion	1201
2R	11805860	11804769	Deletion	1091
2R	11805861	11805899	Deletion	38
2R	11809513	11808926	Deletion	587
2R	11876097	11875899	Deletion	198
2R	11928100	11922703	Deletion	5397
2R	11928104	11928175	Deletion	71
2R	11929794	11928326	Deletion	1468
2R	11929798	11929846	Deletion	48
2R	11953403	11953500	Deletion	97
2R	11975638	11975712	Deletion	74
2R	12003389	12000220	Deletion	3169
2R	12023312	12021834	Deletion	1478
2R	12035844	12035887	Deletion	43
2R	12038941	12038968	Deletion	27
2R	12052573	12041590	Deletion	10983
2R	12087651	12078937	Deletion	8714
2R	12094661	12090103	Deletion	4558
2R	12145780	12145862	Deletion	82
2R	12153661	12145859	Deletion	7802
2R	12162627	12158428	Deletion	4199
2R	12227711	12227791	Deletion	80
2R	12278141	12265485	Deletion	12656
2R	12283090	12283131	Deletion	41
2R	12297816	12283128	Deletion	14688
2R	12358028	12358135	Deletion	107
2R	12399138	12392632	Deletion	6506
2R	12468192	12468134	Deletion	58
2R	12468194	12468313	Deletion	119
2R	12480182	12468229	Deletion	11953
2R	12481055	12480986	Deletion	69
2R	12506135	12504374	Deletion	1761
2R	12562832	12561571	Deletion	1261
2R	12578821	12578877	Deletion	56
2R	12579373	12578875	Deletion	498
2R	12579377	12579418	Deletion	41
2R	12634170	12631864	Deletion	2306
2R	12644621	12644568	Deletion	53
2R	12653619	12645590	Deletion	8029
2R	12670677	12670782	Deletion	105
2R	12747026	12747077	Deletion	51
2R	12752627	12751203	Deletion	1424
2R	12762395	12762275	Deletion	120
2R	12776273	12772820	Deletion	3453
2R	12809390	12809490	Deletion	100
2R	12840369	12840430	Deletion	61
2R	12842223	12840424	Deletion	1799
2R	12881027	12874358	Deletion	6669
2R	12944381	12943024	Deletion	1357
2R	12955315	12946966	Deletion	8349
2R	12997432	12956006	Deletion	41426
2R	13002743	12997757	Deletion	4986
2R	13035207	13033819	Deletion	1388
2R	13052755	13051718	Deletion	1037
2R	13168537	13168323	Deletion	214
2R	13196597	13188705	Deletion	7892
2R	13238683	13233352	Deletion	5331
2R	13238684	13238732	Deletion	48
2R	13241743	13241828	Deletion	85
2R	13242056	13241826	Deletion	230
2R	13247645	13247721	Deletion	76
2R	13272864	13247716	Deletion	25148
2R	13298571	13297852	Deletion	719
2R	13448728	13444314	Deletion	4414
2R	13487138	13486961	Deletion	177
2R	13549694	13539093	Deletion	10601
2R	13549698	13549771	Deletion	73
2R	13549699	13549784	Deletion	85
2R	13555745	13551748	Deletion	3997
2R	13555748	13555819	Deletion	71
2R	13595382	13584738	Deletion	10644
2R	13612007	13612071	Deletion	64
2R	13616275	13612373	Deletion	3902
2R	13616277	13616366	Deletion	89
2R	13625524	13625618	Deletion	94
2R	13626079	13625616	Deletion	463
2R	13629742	13629090	Deletion	652
2R	13645692	13645788	Deletion	96
2R	13647096	13645785	Deletion	1311
2R	13700430	13698305	Deletion	2125
2R	13758897	13751885	Deletion	7012
2R	13764038	13759378	Deletion	4660
2R	13810919	13809025	Deletion	1894
2R	13820738	13820828	Deletion	90
2R	13843536	13829728	Deletion	13808
2R	13892454	13889177	Deletion	3277
2R	13899398	13897563	Deletion	1835
2R	13921221	13914549	Deletion	6672
2R	13932553	13929935	Deletion	2618
2R	13932816	13932718	Deletion	98
2R	13952610	13952552	Deletion	58
2R	14004415	13990264	Deletion	14151
2R	14032661	14032177	Deletion	484
2R	14074254	14072399	Deletion	1855
2R	14080612	14074870	Deletion	5742
2R	14083763	14083877	Deletion	114
2R	14111429	14111467	Deletion	38
2R	14158085	14155872	Deletion	2213
2R	14255976	14255508	Deletion	468
2R	14260384	14256757	Deletion	3627
2R	14325648	14325700	Deletion	52
2R	14328547	14325698	Deletion	2849
2R	14335595	14333793	Deletion	1802
2R	14412463	14412549	Deletion	86
2R	14412490	14412541	Deletion	51
2R	14417235	14412548	Deletion	4687
2R	14417237	14417316	Deletion	79
2R	14417239	14417304	Deletion	65
2R	14432405	14432475	Deletion	70
2R	14448996	14447116	Deletion	1880
2R	14449002	14449038	Deletion	36
2R	14512101	14505125	Deletion	6976
2R	14569504	14567077	Deletion	2427
2R	14570688	14570585	Deletion	103
2R	14596306	14596230	Deletion	76
2R	14626248	14626171	Deletion	77
2R	14626249	14626281	Deletion	32
2R	14627589	14627656	Deletion	67
2R	14679996	14680078	Deletion	82
2R	14679997	14680113	Deletion	116
2R	14702782	14695922	Deletion	6860
2R	14731639	14711889	Deletion	19750
2R	14769157	14751659	Deletion	17498
2R	14870619	14868051	Deletion	2568
2R	14913041	14912720	Deletion	321
2R	14948320	14947848	Deletion	472
2R	14969097	14961599	Deletion	7498
2R	14990659	14990689	Deletion	30
2R	15009013	15009071	Deletion	58
2R	15010508	15009072	Deletion	1436
2R	15010509	15010551	Deletion	42
2R	15032381	15031107	Deletion	1274
2R	15105346	15094454	Deletion	10892
2R	15182697	15162701	Deletion	19996
2R	15259763	15257801	Deletion	1962
2R	15279241	15278573	Deletion	668
2R	15298770	15298689	Deletion	81
2R	15329951	15304780	Deletion	25171
2R	15341916	15341956	Deletion	40
2R	15381202	15381303	Deletion	101
2R	15381388	15381299	Deletion	89
2R	15488247	15461790	Deletion	26457
2R	15494068	15488869	Deletion	5199
2R	15507805	15507708	Deletion	97
2R	15513311	15511187	Deletion	2124
2R	15548950	15547721	Deletion	1229
2R	15589936	15587473	Deletion	2463
2R	15598775	15590825	Deletion	7950
2R	15614084	15599558	Deletion	14526
2R	15758101	15756513	Deletion	1588
2R	15807146	15807238	Deletion	92
2R	15814698	15813773	Deletion	925
2R	15829532	15829421	Deletion	111
2R	15855209	15853635	Deletion	1574
2R	15859206	15859086	Deletion	120
2R	15891621	15883547	Deletion	8074
2R	15907264	15907297	Deletion	33
2R	15924046	15924161	Deletion	115
2R	15940616	15927628	Deletion	12988
2R	15989273	15985268	Deletion	4005
2R	16057708	16057587	Deletion	121
2R	16088043	16087235	Deletion	808
2R	16100225	16091854	Deletion	8371
2R	16119867	16119144	Deletion	723
2R	16122485	16121584	Deletion	901
2R	16141234	16138694	Deletion	2540
2R	16156100	16154803	Deletion	1297
2R	16156101	16156223	Deletion	122
2R	16178436	16178474	Deletion	38
2R	16183972	16183736	Deletion	236
2R	16202124	16201528	Deletion	596
2R	16216634	16212669	Deletion	3965
2R	16227086	16217321	Deletion	9765
2R	16260576	16260614	Deletion	38
2R	16261423	16260613	Deletion	810
2R	16261428	16261487	Deletion	59
2R	16312587	16301239	Deletion	11348
2R	16321614	16321731	Deletion	117
2R	16323515	16321726	Deletion	1789
2R	16370896	16369169	Deletion	1727
2R	16386717	16383037	Deletion	3680
2R	16417317	16414258	Deletion	3059
2R	16424766	16424871	Deletion	105
2R	16446287	16445825	Deletion	462
2R	16455463	16454399	Deletion	1064
2R	16471602	16461882	Deletion	9720
2R	16549866	16544809	Deletion	5057
2R	16557951	16556808	Deletion	1143
2R	16578974	16578388	Deletion	586
2R	16687758	16687840	Deletion	82
2R	16732757	16732404	Deletion	353
2R	16769449	16764639	Deletion	4810
2R	16769450	16769561	Deletion	111
2R	16826195	16823572	Deletion	2623
2R	16826196	16826295	Deletion	99
2R	16852826	16852328	Deletion	498
2R	16863299	16863241	Deletion	58
2R	16887956	16875756	Deletion	12200
2R	16923663	16920909	Deletion	2754
2R	16976264	16976381	Deletion	117
2R	17016258	17006345	Deletion	9913
2R	17016260	17016317	Deletion	57
2R	17019402	17019473	Deletion	71
2R	17019789	17019845	Deletion	56
2R	17093435	17090978	Deletion	2457
2R	17104857	17095861	Deletion	8996
2R	17136973	17137088	Deletion	115
2R	17156622	17156678	Deletion	56
2R	17163004	17156672	Deletion	6332
2R	17166504	17164446	Deletion	2058
2R	17203098	17202420	Deletion	678
2R	17256230	17251672	Deletion	4558
2R	17324181	17323622	Deletion	559
2R	17325768	17325462	Deletion	306
2R	17339898	17338274	Deletion	1624
2R	17357823	17357344	Deletion	479
2R	17386339	17385711	Deletion	628
2R	17460688	17458993	Deletion	1695
2R	17496930	17497027	Deletion	97
2R	17499866	17497024	Deletion	2842
2R	17524869	17520931	Deletion	3938
2R	17546971	17537647	Deletion	9324
2R	17650681	17647241	Deletion	3440
2R	17657262	17652704	Deletion	4558
2R	17690191	17687205	Deletion	2986
2R	17692733	17692360	Deletion	373
2R	17700806	17694851	Deletion	5955
2R	17700808	17700864	Deletion	56
2R	17810930	17809662	Deletion	1268
2R	17877511	17870959	Deletion	6552
2R	17890113	17890173	Deletion	60
2R	17910578	17902399	Deletion	8179
2R	17940037	17927970	Deletion	12067
2R	17956019	17950734	Deletion	5285
2R	17966061	17965920	Deletion	141
2R	18031794	18031317	Deletion	477
2R	18049346	18049413	Deletion	67
2R	18086127	18086203	Deletion	76
2R	18086643	18086200	Deletion	443
2R	18120020	18120113	Deletion	93
2R	18122693	18120108	Deletion	2585
2R	18147080	18141581	Deletion	5499
2R	18179021	18178248	Deletion	773
2R	18181747	18180978	Deletion	769
2R	18181749	18181785	Deletion	36
2R	18190273	18190201	Deletion	72
2R	18211464	18211566	Deletion	102
2R	18238172	18223037	Deletion	15135
2R	18261978	18253266	Deletion	8712
2R	18365195	18365225	Deletion	30
2R	18416374	18373385	Deletion	42989
2R	18428644	18418623	Deletion	10021
2R	18436884	18435358	Deletion	1526
2R	18567035	18566960	Deletion	75
2R	18575256	18570227	Deletion	5029
2R	18575561	18575316	Deletion	245
2R	18575562	18575617	Deletion	55
2R	18588101	18587048	Deletion	1053
2R	18591100	18591174	Deletion	74
2R	18633453	18633560	Deletion	107
2R	18662267	18662367	Deletion	100
2R	18689040	18682335	Deletion	6705
2R	18699796	18699904	Deletion	108
2R	18743341	18743271	Deletion	70
2R	18802243	18802169	Deletion	74
2R	18844567	18844677	Deletion	110
2R	18905823	18902170	Deletion	3653
2R	18905827	18905943	Deletion	116
2R	18925300	18925380	Deletion	80
2R	18943535	18939000	Deletion	4535
2R	18943539	18943567	Deletion	28
2R	19005500	18999450	Deletion	6050
2R	19031754	19031868	Deletion	114
2R	19037061	19031869	Deletion	5192
2R	19085313	19083405	Deletion	1908
2R	19154780	19154728	Deletion	52
2R	19191246	19178259	Deletion	12987
2R	19260033	19251146	Deletion	8887
2R	19260034	19260071	Deletion	37
2R	19260036	19260146	Deletion	110
2R	19306675	19306724	Deletion	49
2R	19333285	19325767	Deletion	7518
2R	19333288	19333383	Deletion	95
2R	19333297	19333386	Deletion	89
2R	19333438	19333470	Deletion	32
2R	19348137	19347258	Deletion	879
2R	19389013	19387634	Deletion	1379
2R	19401166	19394606	Deletion	6560
2R	19404146	19403817	Deletion	329
2R	19555239	19552096	Deletion	3143
2R	19578013	19577877	Deletion	136
2R	19608507	19599146	Deletion	9361
2R	19724988	19724707	Deletion	281
2R	19726324	19726376	Deletion	52
2R	19813109	19813034	Deletion	75
2R	19826030	19826121	Deletion	91
2R	19828496	19826116	Deletion	2380
2R	19828497	19828605	Deletion	108
2R	19927203	19927277	Deletion	74
2R	19929073	19927272	Deletion	1801
2R	19952003	19951493	Deletion	510
2R	19974116	19974007	Deletion	109
2R	19988826	19988281	Deletion	545
2R	20019782	20014802	Deletion	4980
2R	20033876	20026264	Deletion	7612
2R	20040887	20040700	Deletion	187
2R	20043647	20042719	Deletion	928
2R	20090285	20090227	Deletion	58
2R	20106086	20105196	Deletion	890
2R	20232881	20232958	Deletion	77
2R	20238063	20234111	Deletion	3952
2R	20324459	20322744	Deletion	1715
2R	20345073	20345007	Deletion	66
2R	20362944	20363039	Deletion	95
2R	20399167	20398549	Deletion	618
2R	20442851	20426944	Deletion	15907
2R	20483568	20472739	Deletion	10829
2R	20485924	20485744	Deletion	180
2R	20485926	20486000	Deletion	74
2R	20485929	20485999	Deletion	70
2R	20541545	20541610	Deletion	65
2R	20572994	20572754	Deletion	240
2R	20661876	20659260	Deletion	2616
2R	20663374	20663316	Deletion	58
2R	20713990	20714095	Deletion	105
2R	20716033	20714098	Deletion	1935
2R	20731071	20728377	Deletion	2694
2R	20808781	20797873	Deletion	10908
2R	20838609	20838641	Deletion	32
2R	20840010	20838639	Deletion	1371
2R	20848906	20847937	Deletion	969
2R	20850415	20850285	Deletion	130
2R	20860559	20860602	Deletion	43
2R	20875327	20860601	Deletion	14726
2R	20881778	20881834	Deletion	56
2R	20888891	20885606	Deletion	3285
2R	20923572	20917496	Deletion	6076
2R	20953605	20951466	Deletion	2139
2R	20975327	20973525	Deletion	1802
2R	20979348	20977690	Deletion	1658
2R	20979349	20979462	Deletion	113
2R	20991459	20991562	Deletion	103
2R	20991777	20991563	Deletion	214
2R	20996579	20996673	Deletion	94
2R	21055260	21054317	Deletion	943
2R	21055264	21055328	Deletion	64
2R	21078322	21078166	Deletion	156
2R	21099244	21097739	Deletion	1505
2R	21123415	21120538	Deletion	2877
2R	21135329	21127494	Deletion	7835
2R	21153628	21153745	Deletion	117
2R	21170046	21170145	Deletion	99
2R	21172387	21170147	Deletion	2240
2R	21271486	21269007	Deletion	2479
2R	21275892	21275983	Deletion	91
2R	21297240	21279126	Deletion	18114
2R	21302897	21303020	Deletion	123
2R	21312159	21308887	Deletion	3272
2R	21322531	21321355	Deletion	1176
2R	21327730	21323809	Deletion	3921
2R	21357364	21357480	Deletion	116
2R	21360822	21357479	Deletion	3343
2R	21391650	21379054	Deletion	12596
2R	21413960	21398896	Deletion	15064
2R	21467010	21467055	Deletion	45
2R	21487716	21487038	Deletion	678
2R	21569460	21569122	Deletion	338
2R	21572467	21571788	Deletion	679
2R	21584697	21574127	Deletion	10570
2R	21628011	21628112	Deletion	101
2R	21690497	21683696	Deletion	6801
2R	21694021	21694101	Deletion	80
2R	21696986	21694099	Deletion	2887
2R	21723687	21718880	Deletion	4807
2R	21733161	21733229	Deletion	68
2R	21764188	21762276	Deletion	1912
2R	21809237	21809171	Deletion	66
2R	21840572	21839394	Deletion	1178
2R	22003039	22003134	Deletion	95
2R	22003298	22003126	Deletion	172
2R	22012265	22011713	Deletion	552
2R	22040404	22013054	Deletion	27350
2R	22042012	22041897	Deletion	115
2R	22050643	22050488	Deletion	155
2R	22062109	22060245	Deletion	1864
2R	22062111	22062227	Deletion	116
2R	22073282	22073359	Deletion	77
2R	22074897	22073356	Deletion	1541
2R	22074902	22075012	Deletion	110
2R	22086596	22084924	Deletion	1672
2R	22110552	22107826	Deletion	2726
2R	22129271	22120939	Deletion	8332
2R	22169708	22169510	Deletion	198
2R	22180181	22175418	Deletion	4763
2R	22247905	22246442	Deletion	1463
2R	22311192	22311245	Deletion	53
2R	22318563	22311243	Deletion	7320
2R	22368804	22368245	Deletion	559
2R	22372976	22372915	Deletion	61
2R	22376147	22373980	Deletion	2167
2R	22430516	22429965	Deletion	551
2R	22439228	22434846	Deletion	4382
2R	22520441	22519721	Deletion	720
2R	22559228	22557051	Deletion	2177
2R	22581335	22581417	Deletion	82
2R	22622850	22620144	Deletion	2706
2R	22739462	22738934	Deletion	528
2R	22739464	22739549	Deletion	85
2R	22764071	22764173	Deletion	102
2R	22767937	22764171	Deletion	3766
2R	22794739	22793534	Deletion	1205
2R	22795975	22795818	Deletion	157
2R	22795980	22796094	Deletion	114
2R	22801706	22800760	Deletion	946
2R	22802144	22802263	Deletion	119
2R	22802351	22802259	Deletion	92
2R	22837623	22837734	Deletion	111
2R	22842712	22837732	Deletion	4980
2R	22876225	22865234	Deletion	10991
2R	22950273	22949968	Deletion	305
2R	22972809	22970278	Deletion	2531
2R	23038284	23035470	Deletion	2814
2R	23078875	23078404	Deletion	471
2R	23078877	23078914	Deletion	37
2R	23092464	23089280	Deletion	3184
2R	23104668	23104705	Deletion	37
2R	23123606	23104704	Deletion	18902
2R	23136815	23136234	Deletion	581
2R	23164899	23164058	Deletion	841
2R	23164904	23164988	Deletion	84
2R	23189124	23184764	Deletion	4360
2R	23237479	23237593	Deletion	114
2R	23274973	23273871	Deletion	1102
2R	23311511	23311251	Deletion	260
2R	23311516	23311563	Deletion	47
2R	23380212	23380065	Deletion	147
2R	23385397	23385514	Deletion	117
2R	23512979	23495911	Deletion	17068
2R	23534726	23534809	Deletion	83
2R	23547536	23547649	Deletion	113
2R	23550777	23550844	Deletion	67
2R	23554357	23550840	Deletion	3517
2R	23563030	23561474	Deletion	1556
2R	23596846	23596944	Deletion	98
2R	23599127	23596943	Deletion	2184
2R	23609027	23599262	Deletion	9765
2R	23643018	23642920	Deletion	98
2R	23648788	23648901	Deletion	113
2R	23697321	23688518	Deletion	8803
2R	23724713	23720898	Deletion	3815
2R	23741006	23740508	Deletion	498
2R	23766883	23765522	Deletion	1361
2R	23835467	23835509	Deletion	42
2R	23841692	23835508	Deletion	6184
2R	23841694	23841777	Deletion	83
2R	23847823	23842926	Deletion	4897
2R	23867149	23867218	Deletion	69
2R	23869203	23867217	Deletion	1986
2R	23898772	23898574	Deletion	198
2R	23909505	23909370	Deletion	135
2R	23909506	23909619	Deletion	113
2R	23942924	23942958	Deletion	34
2R	24017402	24017466	Deletion	64
2R	24057003	24053626	Deletion	3377
2R	24066353	24064294	Deletion	2059
2R	24069087	24068963	Deletion	124
2R	24120231	24115235	Deletion	4996
2R	24128227	24124318	Deletion	3909
2R	24163055	24162296	Deletion	759
2R	24165578	24164599	Deletion	979
2R	24189425	24186381	Deletion	3044
2R	24204800	24197128	Deletion	7672
2R	24243156	24242490	Deletion	666
2R	24280138	24276304	Deletion	3834
2R	24308078	24291062	Deletion	17016
2R	24325819	24320020	Deletion	5799
2R	24341051	24340695	Deletion	356
2R	24376369	24376053	Deletion	316
2R	24381636	24381548	Deletion	88
2R	24408428	24405463	Deletion	2965
2R	24431376	24428510	Deletion	2866
2R	24476762	24476545	Deletion	217
2R	24477308	24477369	Deletion	61
2R	24482048	24477364	Deletion	4684
2R	24516310	24507949	Deletion	8361
2R	24519119	24518525	Deletion	594
2R	24521246	24521137	Deletion	109
2R	24571798	24570655	Deletion	1143
2R	24683170	24683264	Deletion	94
2R	24698393	24687576	Deletion	10817
2R	24698394	24698463	Deletion	69
2R	24701473	24701517	Deletion	44
2R	24738780	24738581	Deletion	199
2R	24741532	24741611	Deletion	79
2R	24742454	24741607	Deletion	847
2R	24856599	24851247	Deletion	5352
2R	24874502	24872113	Deletion	2389
2R	24902334	24874691	Deletion	27643
2R	24922862	24907077	Deletion	15785
2R	24989656	24988718	Deletion	938
2R	24992910	24993024	Deletion	114
2R	24993295	24993026	Deletion	269
2R	24995439	24995545	Deletion	106
2R	25000628	24995541	Deletion	5087
2R	25024597	25024540	Deletion	57
2R	25025283	25025347	Deletion	64
2R	25028751	25025345	Deletion	3406
2R	25028753	25028856	Deletion	103
2R	25124611	25123569	Deletion	1042
2R	25136826	25135535	Deletion	1291
2R	25136827	25136887	Deletion	60
2R	25172350	25159486	Deletion	12864
2R	25183703	25178382	Deletion	5321
2R	25185463	25185548	Deletion	85
2R	25188135	25185545	Deletion	2590
2R	25271353	25271355	Deletion	2
2R	25271571	25271443	Deletion	128
3L	47056	39439	Deletion	7617
3L	48905	48983	Deletion	78
3L	86582	85046	Deletion	1536
3L	104736	103500	Deletion	1236
3L	124133	124195	Deletion	62
3L	129181	128974	Deletion	207
3L	150783	150857	Deletion	74
3L	185700	181986	Deletion	3714
3L	205551	205592	Deletion	41
3L	235858	235062	Deletion	796
3L	285629	282917	Deletion	2712
3L	372992	373022	Deletion	30
3L	403473	403491	Deletion	18
3L	403487	403552	Deletion	65
3L	560713	551687	Deletion	9026
3L	590316	584964	Deletion	5352
3L	612554	611331	Deletion	1223
3L	700469	696556	Deletion	3913
3L	817730	815671	Deletion	2059
3L	1176691	1172747	Deletion	3944
3L	1230495	1227907	Deletion	2588
3L	1287831	1286794	Deletion	1037
3L	1348138	1345835	Deletion	2303
3L	1390948	1391060	Deletion	112
3L	1404479	1391056	Deletion	13423
3L	1404480	1404546	Deletion	66
3L	1408199	1408240	Deletion	41
3L	1408481	1408234	Deletion	247
3L	1464815	1461329	Deletion	3486
3L	1486610	1486671	Deletion	61
3L	1627465	1616594	Deletion	10871
3L	1675682	1674516	Deletion	1166
3L	1680357	1680154	Deletion	203
3L	1696948	1695363	Deletion	1585
3L	1705001	1703368	Deletion	1633
3L	1866210	1865966	Deletion	244
3L	1879825	1868272	Deletion	11553
3L	1883530	1883461	Deletion	69
3L	1887319	1884610	Deletion	2709
3L	1909237	1904582	Deletion	4655
3L	1926937	1927038	Deletion	101
3L	1999879	1999317	Deletion	562
3L	2008381	2008491	Deletion	110
3L	2060226	2025379	Deletion	34847
3L	2201057	2200976	Deletion	81
3L	2217446	2217315	Deletion	131
3L	2218865	2217579	Deletion	1286
3L	2228087	2225338	Deletion	2749
3L	2230871	2228464	Deletion	2407
3L	2234956	2233753	Deletion	1203
3L	2337836	2334094	Deletion	3742
3L	2373670	2370123	Deletion	3547
3L	2378961	2377151	Deletion	1810
3L	2468619	2467389	Deletion	1230
3L	2551868	2546207	Deletion	5661
3L	2585050	2578387	Deletion	6663
3L	2587575	2587136	Deletion	439
3L	2652995	2650632	Deletion	2363
3L	2652997	2653036	Deletion	39
3L	2708697	2699700	Deletion	8997
3L	2767116	2763110	Deletion	4006
3L	2803500	2769040	Deletion	34460
3L	2896276	2896360	Deletion	84
3L	2905170	2904923	Deletion	247
3L	2921888	2906051	Deletion	15837
3L	2935174	2935250	Deletion	76
3L	2949299	2949241	Deletion	58
3L	2974376	2974471	Deletion	95
3L	2996840	2982877	Deletion	13963
3L	3038418	3038306	Deletion	112
3L	3076472	3076521	Deletion	49
3L	3100786	3093017	Deletion	7769
3L	3203290	3198876	Deletion	4414
3L	3220919	3217784	Deletion	3135
3L	3256147	3246567	Deletion	9580
3L	3256148	3256238	Deletion	90
3L	3325657	3325563	Deletion	94
3L	3389699	3380477	Deletion	9222
3L	3429027	3428219	Deletion	808
3L	3495558	3487087	Deletion	8471
3L	3553749	3553599	Deletion	150
3L	3650316	3643816	Deletion	6500
3L	3651230	3651340	Deletion	110
3L	3661381	3661431	Deletion	50
3L	3675601	3661429	Deletion	14172
3L	3684722	3684843	Deletion	121
3L	3739026	3733973	Deletion	5053
3L	3750058	3739805	Deletion	10253
3L	3850326	3846424	Deletion	3902
3L	3858068	3858130	Deletion	62
3L	3882374	3881878	Deletion	496
3L	4069696	4063092	Deletion	6604
3L	4122615	4122180	Deletion	435
3L	4216070	4216175	Deletion	105
3L	4255795	4235420	Deletion	20375
3L	4267578	4262647	Deletion	4931
3L	4274444	4274073	Deletion	371
3L	4286898	4286129	Deletion	769
3L	4307358	4307308	Deletion	50
3L	4308453	4308504	Deletion	51
3L	4309874	4308498	Deletion	1376
3L	4309876	4309952	Deletion	76
3L	4374618	4374554	Deletion	64
3L	4397019	4396050	Deletion	969
3L	4513448	4512531	Deletion	917
3L	4525333	4521426	Deletion	3907
3L	4542698	4542362	Deletion	336
3L	4544268	4543156	Deletion	1112
3L	4548060	4548119	Deletion	59
3L	4548572	4548114	Deletion	458
3L	4558459	4548612	Deletion	9847
3L	4558462	4558562	Deletion	100
3L	4600650	4597516	Deletion	3134
3L	4624946	4619816	Deletion	5130
3L	4666823	4666542	Deletion	281
3L	4851941	4852045	Deletion	104
3L	4865090	4864658	Deletion	432
3L	4878519	4878449	Deletion	70
3L	4911574	4910129	Deletion	1445
3L	4949050	4948856	Deletion	194
3L	4984399	4983541	Deletion	858
3L	5010451	5006312	Deletion	4139
3L	5095601	5095537	Deletion	64
3L	5142144	5142258	Deletion	114
3L	5196694	5192568	Deletion	4126
3L	5201365	5200900	Deletion	465
3L	5201367	5201455	Deletion	88
3L	5246198	5242700	Deletion	3498
3L	5246201	5246277	Deletion	76
3L	5256188	5256248	Deletion	60
3L	5256214	5256244	Deletion	30
3L	5261508	5256246	Deletion	5262
3L	5267155	5263368	Deletion	3787
3L	5347556	5347461	Deletion	95
3L	5352195	5349587	Deletion	2608
3L	5508202	5502548	Deletion	5654
3L	5537809	5537866	Deletion	57
3L	5586991	5576379	Deletion	10612
3L	5660112	5645209	Deletion	14903
3L	5666781	5666898	Deletion	117
3L	5667129	5667164	Deletion	35
3L	5720899	5720490	Deletion	409
3L	5745756	5743104	Deletion	2652
3L	5800136	5800209	Deletion	73
3L	5807163	5800204	Deletion	6959
3L	5895157	5872928	Deletion	22229
3L	5982037	5978330	Deletion	3707
3L	6072694	6072409	Deletion	285
3L	6090764	6090833	Deletion	69
3L	6095323	6090830	Deletion	4493
3L	6103553	6099906	Deletion	3647
3L	6143441	6143562	Deletion	121
3L	6145182	6143560	Deletion	1622
3L	6160707	6160275	Deletion	432
3L	6199272	6198762	Deletion	510
3L	6219100	6218998	Deletion	102
3L	6233550	6233426	Deletion	124
3L	6247585	6244000	Deletion	3585
3L	6290806	6290928	Deletion	122
3L	6298184	6298290	Deletion	106
3L	6382870	6378570	Deletion	4300
3L	6482526	6479037	Deletion	3489
3L	6521884	6521925	Deletion	41
3L	6529062	6521915	Deletion	7147
3L	6552669	6552403	Deletion	266
3L	6566320	6564354	Deletion	1966
3L	6644508	6644567	Deletion	59
3L	6652862	6644564	Deletion	8298
3L	6725586	6713985	Deletion	11601
3L	6799767	6797979	Deletion	1788
3L	6802061	6799800	Deletion	2261
3L	6820465	6819637	Deletion	828
3L	6820467	6820543	Deletion	76
3L	6855488	6855396	Deletion	92
3L	6900237	6899554	Deletion	683
3L	7016792	7016665	Deletion	127
3L	7030642	7030749	Deletion	107
3L	7129418	7121748	Deletion	7670
3L	7235065	7229212	Deletion	5853
3L	7316662	7316779	Deletion	117
3L	7374746	7372119	Deletion	2627
3L	7399913	7399459	Deletion	454
3L	7438367	7429085	Deletion	9282
3L	7552401	7551134	Deletion	1267
3L	7621050	7621093	Deletion	43
3L	7621166	7621089	Deletion	77
3L	7623149	7621550	Deletion	1599
3L	7631605	7629948	Deletion	1657
3L	7632855	7632916	Deletion	61
3L	7640979	7632911	Deletion	8068
3L	7643385	7643491	Deletion	106
3L	7697919	7696699	Deletion	1220
3L	7787903	7787784	Deletion	119
3L	7864685	7845348	Deletion	19337
3L	7875466	7875535	Deletion	69
3L	7877833	7875536	Deletion	2297
3L	7877836	7877905	Deletion	69
3L	7911984	7912096	Deletion	112
3L	7912361	7912091	Deletion	270
3L	7942207	7942127	Deletion	80
3L	7979198	7979251	Deletion	53
3L	7979329	7979250	Deletion	79
3L	7979330	7979381	Deletion	51
3L	7979450	7979362	Deletion	88
3L	8052263	8035504	Deletion	16759
3L	8131373	8124333	Deletion	7040
3L	8160047	8147842	Deletion	12205
3L	8169308	8160811	Deletion	8497
3L	8235537	8235604	Deletion	67
3L	8235541	8235593	Deletion	52
3L	8273258	8271040	Deletion	2218
3L	8291373	8288408	Deletion	2965
3L	8308980	8305496	Deletion	3484
3L	8308983	8309024	Deletion	41
3L	8321802	8311393	Deletion	10409
3L	8333223	8332756	Deletion	467
3L	8359342	8354843	Deletion	4499
3L	8371199	8366689	Deletion	4510
3L	8584398	8583955	Deletion	443
3L	8604978	8604231	Deletion	747
3L	8746942	8739277	Deletion	7665
3L	8861115	8861201	Deletion	86
3L	8861128	8861196	Deletion	68
3L	8873185	8861193	Deletion	11992
3L	8873908	8873771	Deletion	137
3L	8895665	8895607	Deletion	58
3L	8926618	8925952	Deletion	666
3L	8934458	8930705	Deletion	3753
3L	8951728	8951445	Deletion	283
3L	8978431	8978545	Deletion	114
3L	8979147	8978546	Deletion	601
3L	9000533	9000634	Deletion	101
3L	9013598	9011164	Deletion	2434
3L	9026056	9021240	Deletion	4816
3L	9030305	9028940	Deletion	1365
3L	9147483	9146635	Deletion	848
3L	9195089	9193895	Deletion	1194
3L	9214060	9212027	Deletion	2033
3L	9237860	9235686	Deletion	2174
3L	9297065	9297155	Deletion	90
3L	9301307	9297150	Deletion	4157
3L	9319690	9315875	Deletion	3815
3L	9320144	9320084	Deletion	60
3L	9364431	9364482	Deletion	51
3L	9384555	9364485	Deletion	20070
3L	9410965	9406876	Deletion	4089
3L	9411467	9411200	Deletion	267
3L	9468940	9466519	Deletion	2421
3L	9531217	9531314	Deletion	97
3L	9662067	9662190	Deletion	123
3L	9663142	9662185	Deletion	957
3L	9691466	9690818	Deletion	648
3L	9781569	9777911	Deletion	3658
3L	9791299	9791333	Deletion	34
3L	9852960	9853046	Deletion	86
3L	9862857	9859860	Deletion	2997
3L	9896773	9894819	Deletion	1954
3L	9964574	9963415	Deletion	1159
3L	9984295	9970964	Deletion	13331
3L	10026460	10010323	Deletion	16137
3L	10075202	10072394	Deletion	2808
3L	10075206	10075267	Deletion	61
3L	10144732	10143486	Deletion	1246
3L	10159553	10149270	Deletion	10283
3L	10254628	10245648	Deletion	8980
3L	10270756	10270846	Deletion	90
3L	10286867	10270845	Deletion	16022
3L	10339348	10337701	Deletion	1647
3L	10386377	10384473	Deletion	1904
3L	10463487	10457308	Deletion	6179
3L	10510165	10509090	Deletion	1075
3L	10557865	10555278	Deletion	2587
3L	10563511	10563279	Deletion	232
3L	10646830	10646940	Deletion	110
3L	10694564	10694145	Deletion	419
3L	10753828	10750600	Deletion	3228
3L	10894274	10893240	Deletion	1034
3L	10899929	10899222	Deletion	707
3L	10940399	10937846	Deletion	2553
3L	11026858	11026265	Deletion	593
3L	11132443	11126819	Deletion	5624
3L	11137631	11137727	Deletion	96
3L	11202438	11201114	Deletion	1324
3L	11202442	11202547	Deletion	105
3L	11239174	11239111	Deletion	63
3L	11254422	11251020	Deletion	3402
3L	11280295	11280220	Deletion	75
3L	11328196	11324913	Deletion	3283
3L	11355042	11353783	Deletion	1259
3L	11355521	11355426	Deletion	95
3L	11385855	11383242	Deletion	2613
3L	11408790	11408726	Deletion	64
3L	11445772	11441659	Deletion	4113
3L	11479232	11469967	Deletion	9265
3L	11520800	11520902	Deletion	102
3L	11582290	11572264	Deletion	10026
3L	11621933	11621298	Deletion	635
3L	11634980	11635016	Deletion	36
3L	11634981	11635091	Deletion	110
3L	11656287	11655731	Deletion	556
3L	11696234	11667073	Deletion	29161
3L	11774948	11775005	Deletion	57
3L	11924919	11923994	Deletion	925
3L	11944787	11936851	Deletion	7936
3L	11948494	11947948	Deletion	546
3L	11994955	11995067	Deletion	112
3L	12050964	12043112	Deletion	7852
3L	12051082	12051188	Deletion	106
3L	12062492	12051191	Deletion	11301
3L	12096276	12096328	Deletion	52
3L	12115804	12111323	Deletion	4481
3L	12129613	12128819	Deletion	794
3L	12154655	12154420	Deletion	235
3L	12193236	12189190	Deletion	4046
3L	12220872	12205755	Deletion	15117
3L	12338717	12337617	Deletion	1100
3L	12367396	12364808	Deletion	2588
3L	12374221	12372425	Deletion	1796
3L	12393106	12393037	Deletion	69
3L	12393108	12393138	Deletion	30
3L	12397899	12396882	Deletion	1017
3L	12472575	12459063	Deletion	13512
3L	12522090	12507832	Deletion	14258
3L	12535058	12534890	Deletion	168
3L	12542077	12539517	Deletion	2560
3L	12592353	12589736	Deletion	2617
3L	12604530	12604317	Deletion	213
3L	12770285	12770072	Deletion	213
3L	12776055	12774904	Deletion	1151
3L	12799872	12799926	Deletion	54
3L	12809218	12806054	Deletion	3164
3L	12845294	12845409	Deletion	115
3L	12888157	12887504	Deletion	653
3L	12895634	12895207	Deletion	427
3L	12978144	12977911	Deletion	233
3L	12978145	12978210	Deletion	65
3L	12984165	12983785	Deletion	380
3L	12987960	12987805	Deletion	155
3L	12994199	12994272	Deletion	73
3L	12994431	12994271	Deletion	160
3L	13025659	13024624	Deletion	1035
3L	13025662	13025766	Deletion	104
3L	13055224	13051921	Deletion	3303
3L	13068887	13068638	Deletion	249
3L	13097629	13097697	Deletion	68
3L	13108404	13099357	Deletion	9047
3L	13129882	13110356	Deletion	19526
3L	13157249	13155773	Deletion	1476
3L	13200345	13193800	Deletion	6545
3L	13200346	13200424	Deletion	78
3L	13200724	13200830	Deletion	106
3L	13213706	13200835	Deletion	12871
3L	13225144	13215636	Deletion	9508
3L	13284679	13284090	Deletion	589
3L	13309060	13308381	Deletion	679
3L	13332690	13331892	Deletion	798
3L	13332693	13332765	Deletion	72
3L	13376266	13349827	Deletion	26439
3L	13466588	13454454	Deletion	12134
3L	13471844	13469286	Deletion	2558
3L	13511548	13511305	Deletion	243
3L	13511550	13511671	Deletion	121
3L	13550480	13550529	Deletion	49
3L	13553383	13553322	Deletion	61
3L	13560069	13555764	Deletion	4305
3L	13642007	13641575	Deletion	432
3L	13668417	13668318	Deletion	99
3L	13671452	13670213	Deletion	1239
3L	13677406	13676057	Deletion	1349
3L	13733608	13733469	Deletion	139
3L	13763444	13763504	Deletion	60
3L	13832276	13832351	Deletion	75
3L	13838247	13832322	Deletion	5925
3L	13841807	13841869	Deletion	62
3L	13882196	13880337	Deletion	1859
3L	13887461	13882986	Deletion	4475
3L	14048028	14046669	Deletion	1359
3L	14062159	14059086	Deletion	3073
3L	14078360	14064602	Deletion	13758
3L	14161011	14156779	Deletion	4232
3L	14211617	14198169	Deletion	13448
3L	14243000	14242633	Deletion	367
3L	14294630	14291631	Deletion	2999
3L	14309065	14309183	Deletion	118
3L	14414887	14414699	Deletion	188
3L	14427149	14427194	Deletion	45
3L	14457969	14444277	Deletion	13692
3L	14496970	14497018	Deletion	48
3L	14519136	14514412	Deletion	4724
3L	14549599	14533642	Deletion	15957
3L	14561884	14561443	Deletion	441
3L	14599156	14595704	Deletion	3452
3L	14599157	14599232	Deletion	75
3L	14617147	14609155	Deletion	7992
3L	14631501	14631538	Deletion	37
3L	14703656	14702502	Deletion	1154
3L	14813807	14811004	Deletion	2803
3L	14832764	14832844	Deletion	80
3L	14846938	14846317	Deletion	621
3L	14856424	14856518	Deletion	94
3L	14877345	14876618	Deletion	727
3L	14891171	14884977	Deletion	6194
3L	14924235	14921285	Deletion	2950
3L	14937519	14937584	Deletion	65
3L	14940661	14937582	Deletion	3079
3L	14949438	14943150	Deletion	6288
3L	14999754	14995580	Deletion	4174
3L	15078576	15078693	Deletion	117
3L	15113487	15105298	Deletion	8189
3L	15201068	15201167	Deletion	99
3L	15204919	15203229	Deletion	1690
3L	15242921	15238959	Deletion	3962
3L	15274911	15248133	Deletion	26778
3L	15409008	15406353	Deletion	2655
3L	15456926	15456115	Deletion	811
3L	15474562	15474075	Deletion	487
3L	15491234	15491299	Deletion	65
3L	15502081	15502174	Deletion	93
3L	15502129	15502172	Deletion	43
3L	15502561	15502171	Deletion	390
3L	15506437	15506305	Deletion	132
3L	15530080	15523746	Deletion	6334
3L	15591054	15590833	Deletion	221
3L	15591666	15591597	Deletion	69
3L	15650408	15646899	Deletion	3509
3L	15740954	15740819	Deletion	135
3L	15743568	15743507	Deletion	61
3L	15792735	15790532	Deletion	2203
3L	15810559	15810261	Deletion	298
3L	15841946	15831454	Deletion	10492
3L	15921243	15921354	Deletion	111
3L	15921274	15921359	Deletion	85
3L	15929264	15921350	Deletion	7914
3L	15961816	15948148	Deletion	13668
3L	16068294	16065826	Deletion	2468
3L	16068298	16068405	Deletion	107
3L	16089607	16089474	Deletion	133
3L	16093548	16093345	Deletion	203
3L	16095417	16095000	Deletion	417
3L	16141427	16141231	Deletion	196
3L	16152748	16152628	Deletion	120
3L	16315693	16314825	Deletion	868
3L	16322210	16322299	Deletion	89
3L	16322375	16322293	Deletion	82
3L	16356954	16355242	Deletion	1712
3L	16384552	16383055	Deletion	1497
3L	16392033	16388208	Deletion	3825
3L	16399392	16399319	Deletion	73
3L	16466677	16446167	Deletion	20510
3L	16466680	16466750	Deletion	70
3L	16484568	16484662	Deletion	94
3L	16507469	16507546	Deletion	77
3L	16530121	16530196	Deletion	75
3L	16563773	16548475	Deletion	15298
3L	16765154	16765216	Deletion	62
3L	16773266	16765214	Deletion	8052
3L	16864460	16850297	Deletion	14163
3L	16880929	16880872	Deletion	57
3L	16913802	16913901	Deletion	99
3L	16922536	16913896	Deletion	8640
3L	17041924	17039883	Deletion	2041
3L	17059077	17052236	Deletion	6841
3L	17128715	17128593	Deletion	122
3L	17163230	17163276	Deletion	46
3L	17163450	17163271	Deletion	179
3L	17208086	17205001	Deletion	3085
3L	17240941	17240995	Deletion	54
3L	17246731	17240990	Deletion	5741
3L	17292573	17290088	Deletion	2485
3L	17296527	17296019	Deletion	508
3L	17296650	17296569	Deletion	81
3L	17344939	17338604	Deletion	6335
3L	17376846	17362090	Deletion	14756
3L	17481878	17481953	Deletion	75
3L	17483956	17481951	Deletion	2005
3L	17508505	17508623	Deletion	118
3L	17530626	17525357	Deletion	5269
3L	17592763	17592705	Deletion	58
3L	17746031	17746134	Deletion	103
3L	17813837	17813950	Deletion	113
3L	17844781	17844258	Deletion	523
3L	17893917	17884987	Deletion	8930
3L	17984623	17984118	Deletion	505
3L	18081698	18081050	Deletion	648
3L	18106360	18103693	Deletion	2667
3L	18210915	18210999	Deletion	84
3L	18229554	18229502	Deletion	52
3L	18261182	18258370	Deletion	2812
3L	18261922	18261341	Deletion	581
3L	18284962	18275001	Deletion	9961
3L	18370862	18370798	Deletion	64
3L	18406365	18406305	Deletion	60
3L	18470536	18461298	Deletion	9238
3L	18487687	18471474	Deletion	16213
3L	18582654	18582595	Deletion	59
3L	18618775	18618255	Deletion	520
3L	18668749	18668787	Deletion	38
3L	18748516	18747744	Deletion	772
3L	18827569	18827464	Deletion	105
3L	18830403	18830251	Deletion	152
3L	18867453	18867043	Deletion	410
3L	18913427	18908346	Deletion	5081
3L	18935301	18935215	Deletion	86
3L	18935302	18935412	Deletion	110
3L	19014783	19013021	Deletion	1762
3L	19101973	19102084	Deletion	111
3L	19103464	19102082	Deletion	1382
3L	19144383	19137022	Deletion	7361
3L	19179505	19179143	Deletion	362
3L	19184474	19183000	Deletion	1474
3L	19199071	19184688	Deletion	14383
3L	19200702	19200638	Deletion	64
3L	19244106	19237634	Deletion	6472
3L	19350927	19350835	Deletion	92
3L	19440815	19440339	Deletion	476
3L	19492769	19492717	Deletion	52
3L	19535849	19535911	Deletion	62
3L	19538860	19535906	Deletion	2954
3L	19586252	19577004	Deletion	9248
3L	19639413	19638699	Deletion	714
3L	19699416	19692231	Deletion	7185
3L	19706428	19706529	Deletion	101
3L	19843148	19840465	Deletion	2683
3L	19952706	19951681	Deletion	1025
3L	19955817	19955913	Deletion	96
3L	20017991	20005209	Deletion	12782
3L	20033924	20033967	Deletion	43
3L	20091528	20091412	Deletion	116
3L	20174451	20170041	Deletion	4410
3L	20195827	20195915	Deletion	88
3L	20221109	20220433	Deletion	676
3L	20221350	20221426	Deletion	76
3L	20223884	20221425	Deletion	2459
3L	20239484	20237820	Deletion	1664
3L	20282467	20260403	Deletion	22064
3L	20282950	20283001	Deletion	51
3L	20317557	20317154	Deletion	403
3L	20351358	20349495	Deletion	1863
3L	20429886	20429981	Deletion	95
3L	20429930	20429985	Deletion	55
3L	20430831	20429980	Deletion	851
3L	20473499	20473419	Deletion	80
3L	20532381	20521004	Deletion	11377
3L	20611496	20609392	Deletion	2104
3L	20635965	20635241	Deletion	724
3L	20654647	20649777	Deletion	4870
3L	20657966	20658015	Deletion	49
3L	20701943	20701732	Deletion	211
3L	20708869	20708667	Deletion	202
3L	20721207	20721326	Deletion	119
3L	20722282	20721328	Deletion	954
3L	20848267	20847859	Deletion	408
3L	20877664	20877711	Deletion	47
3L	20879697	20877709	Deletion	1988
3L	20912597	20912633	Deletion	36
3L	20965235	20957983	Deletion	7252
3L	21005758	20987666	Deletion	18092
3L	21007201	21006948	Deletion	253
3L	21089039	21088973	Deletion	66
3L	21301748	21301818	Deletion	70
3L	21329374	21329477	Deletion	103
3L	21347117	21346597	Deletion	520
3L	21401982	21395548	Deletion	6434
3L	21401985	21402015	Deletion	30
3L	21467970	21463631	Deletion	4339
3L	21484357	21484040	Deletion	317
3L	21487533	21484984	Deletion	2549
3L	21528557	21528611	Deletion	54
3L	21604304	21593773	Deletion	10531
3L	21614935	21611373	Deletion	3562
3L	21731237	21715364	Deletion	15873
3L	21733627	21731295	Deletion	2332
3L	21757942	21758021	Deletion	79
3L	21758695	21758017	Deletion	678
3L	21800123	21780289	Deletion	19834
3L	21815318	21814677	Deletion	641
3L	21879388	21879454	Deletion	66
3L	21891133	21886470	Deletion	4663
3L	22079328	22079443	Deletion	115
3L	22174001	22159368	Deletion	14633
3L	22217769	22209689	Deletion	8080
3L	22236224	22236343	Deletion	119
3L	22310627	22310656	Deletion	29
3L	22434606	22427050	Deletion	7556
3L	22481188	22477943	Deletion	3245
3L	22612705	22612295	Deletion	410
3L	22642945	22642748	Deletion	197
3L	22690281	22685167	Deletion	5114
3L	22793594	22792670	Deletion	924
3L	22835285	22835334	Deletion	49
3L	22836867	22835332	Deletion	1535
3L	22897006	22890802	Deletion	6204
3L	22903544	22902656	Deletion	888
3L	22919444	22914319	Deletion	5125
3L	22932859	22930694	Deletion	2165
3L	23046732	23046806	Deletion	74
3L	23046901	23046940	Deletion	39
3L	23082802	23082918	Deletion	116
3L	23109768	23109288	Deletion	480
3L	23155180	23151198	Deletion	3982
3L	23186646	23185608	Deletion	1038
3L	23233839	23229351	Deletion	4488
3L	23285250	23285369	Deletion	119
3L	23330477	23329205	Deletion	1272
3L	23370964	23370684	Deletion	280
3L	23397245	23397183	Deletion	62
3L	23454907	23452356	Deletion	2551
3L	23497026	23497048	Deletion	22
3L	23497176	23497084	Deletion	92
3L	23519810	23519892	Deletion	82
3L	23556501	23553379	Deletion	3122
3L	23572053	23571992	Deletion	61
3L	23643542	23642652	Deletion	890
3L	23646795	23645645	Deletion	1150
3L	23646799	23646827	Deletion	28
3L	23652697	23651472	Deletion	1225
3L	23690761	23690615	Deletion	146
3L	23771243	23771144	Deletion	99
3L	23838837	23838858	Deletion	21
3L	23866346	23865711	Deletion	635
3L	23915528	23915636	Deletion	108
3L	24085690	24076298	Deletion	9392
3L	24089624	24089717	Deletion	93
3L	24115279	24114519	Deletion	760
3L	24122337	24118854	Deletion	3483
3L	24127221	24127291	Deletion	70
3L	24127586	24127289	Deletion	297
3L	24191522	24191199	Deletion	323
3L	24257643	24247627	Deletion	10016
3L	24263502	24262228	Deletion	1274
3L	24263617	24263542	Deletion	75
3L	24322401	24322487	Deletion	86
3L	24322552	24322485	Deletion	67
3L	24374762	24374339	Deletion	423
3L	24377941	24377994	Deletion	53
3L	24449483	24449433	Deletion	50
3L	24487579	24487439	Deletion	140
3L	24514381	24504841	Deletion	9540
3L	24523658	24523766	Deletion	108
3L	24523896	24523756	Deletion	140
3L	24523900	24523967	Deletion	67
3L	24523962	24523953	Deletion	9
3L	24556801	24556697	Deletion	104
3L	24557734	24557792	Deletion	58
3L	24575335	24575409	Deletion	74
3L	24593084	24592984	Deletion	100
3L	24604541	24604615	Deletion	74
3L	24627634	24627741	Deletion	107
3L	24643291	24643387	Deletion	96
3L	24654962	24655039	Deletion	77
3L	24710428	24706579	Deletion	3849
3L	24750477	24750049	Deletion	428
3L	24766388	24760382	Deletion	6006
3L	24777632	24777389	Deletion	243
3L	24778151	24778199	Deletion	48
3L	24796216	24796307	Deletion	91
3L	24861883	24861979	Deletion	96
3L	24893252	24891957	Deletion	1295
3L	24900313	24899296	Deletion	1017
3L	24913413	24913061	Deletion	352
3L	24945374	24945022	Deletion	352
3L	24955722	24955389	Deletion	333
3L	25036262	25036215	Deletion	47
3L	25036309	25036365	Deletion	56
3L	25050986	25051022	Deletion	36
3L	25154980	25147713	Deletion	7267
3L	25168950	25169065	Deletion	115
3L	25170301	25170364	Deletion	63
3L	25186155	25186232	Deletion	77
3L	25186217	25186236	Deletion	19
3L	25189595	25186262	Deletion	3333
3L	25292213	25292262	Deletion	49
3L	25321954	25321770	Deletion	184
3L	25326993	25321995	Deletion	4998
3L	25346540	25346657	Deletion	117
3L	25379189	25378892	Deletion	297
3L	25379267	25379244	Deletion	23
3L	25413135	25413057	Deletion	78
3L	25415410	25415498	Deletion	88
3L	25430313	25430255	Deletion	58
3L	25430314	25430436	Deletion	122
3L	25446922	25446985	Deletion	63
3L	25447670	25447690	Deletion	20
3L	25493760	25493868	Deletion	108
3L	25502388	25493864	Deletion	8524
3L	25537400	25532671	Deletion	4729
3L	25590261	25590329	Deletion	68
3L	25594286	25594328	Deletion	42
3L	25602228	25601877	Deletion	351
3L	25615550	25615025	Deletion	525
3L	25677333	25672799	Deletion	4534
3L	25688503	25688090	Deletion	413
3L	25770781	25766718	Deletion	4063
3L	25796653	25796551	Deletion	102
3L	25844622	25844669	Deletion	47
3L	25867215	25866944	Deletion	271
3L	25924826	25924937	Deletion	111
3L	26015022	26013760	Deletion	1262
3L	26026539	26026571	Deletion	32
3L	26044444	26044539	Deletion	95
3L	26053561	26053605	Deletion	44
3L	26065165	26065015	Deletion	150
3L	26065253	26065231	Deletion	22
3L	26073755	26073605	Deletion	150
3L	26073843	26073853	Deletion	10
3L	26092780	26092630	Deletion	150
3L	26101665	26101515	Deletion	150
3L	26117172	26117022	Deletion	150
3L	26117260	26117267	Deletion	7
3L	26152839	26152665	Deletion	174
3L	26154232	26154326	Deletion	94
3L	26170235	26169942	Deletion	293
3L	26188112	26188220	Deletion	108
3L	26222777	26220937	Deletion	1840
3L	26301690	26301774	Deletion	84
3L	26352641	26352718	Deletion	77
3L	26378973	26376698	Deletion	2275
3L	26384683	26380254	Deletion	4429
3L	26467817	26467901	Deletion	84
3L	26479805	26479702	Deletion	103
3L	26495241	26495142	Deletion	99
3L	26496863	26495318	Deletion	1545
3L	26497022	26496908	Deletion	114
3L	26537319	26537407	Deletion	88
3L	26666686	26666197	Deletion	489
3L	26667682	26666724	Deletion	958
3L	26684855	26684947	Deletion	92
3L	26701442	26698903	Deletion	2539
3L	26701447	26701481	Deletion	34
3L	26754751	26754812	Deletion	61
3L	26756466	26754807	Deletion	1659
3L	26772634	26772677	Deletion	43
3L	26777558	26777641	Deletion	83
3L	26783204	26783269	Deletion	65
3L	26820752	26819470	Deletion	1282
3L	26820801	26820835	Deletion	34
3L	26820803	26820869	Deletion	66
3L	26822645	26822710	Deletion	65
3L	26830971	26830666	Deletion	305
3L	26830974	26831040	Deletion	66
3L	26835934	26835650	Deletion	284
3L	26836949	26836990	Deletion	41
3L	26867788	26867868	Deletion	80
3L	26875475	26867867	Deletion	7608
3L	26936400	26936511	Deletion	111
3L	26936761	26936516	Deletion	245
3L	26944555	26944634	Deletion	79
3L	26944628	26944599	Deletion	29
3L	26952486	26952525	Deletion	39
3L	27078657	27077823	Deletion	834
3L	27093159	27092749	Deletion	410
3L	27109092	27107900	Deletion	1192
3L	27145361	27140518	Deletion	4843
3L	27153467	27145439	Deletion	8028
3L	27155772	27155589	Deletion	183
3L	27273451	27262720	Deletion	10731
3L	27274722	27273756	Deletion	966
3L	27276637	27276066	Deletion	571
3L	27280417	27276674	Deletion	3743
3L	27282878	27280465	Deletion	2413
3L	27299079	27297377	Deletion	1702
3L	27302028	27302055	Deletion	27
3L	27302034	27302136	Deletion	102
3L	27309585	27309687	Deletion	102
3L	27309705	27309788	Deletion	83
3L	27313365	27313467	Deletion	102
3L	27314182	27314243	Deletion	61
3L	27317136	27317238	Deletion	102
3L	27317256	27317339	Deletion	83
3L	27320916	27321018	Deletion	102
3L	27333017	27333130	Deletion	113
3L	27333146	27333125	Deletion	21
3L	27334079	27333181	Deletion	898
3L	27334080	27334168	Deletion	88
3L	27339491	27334786	Deletion	4705
3L	27372087	27371947	Deletion	140
3L	27381126	27381062	Deletion	64
3L	27386858	27386938	Deletion	80
3L	27387421	27386934	Deletion	487
3L	27394559	27394584	Deletion	25
3L	27440688	27440748	Deletion	60
3L	27440697	27440763	Deletion	66
3L	27477097	27477110	Deletion	13
3L	27496854	27496792	Deletion	62
3L	27536740	27536229	Deletion	511
3L	27549260	27549160	Deletion	100
3L	27569026	27568969	Deletion	57
3L	27569029	27569064	Deletion	35
3L	27572221	27572342	Deletion	121
3L	27621555	27621616	Deletion	61
3L	27629783	27629877	Deletion	94
3L	27629801	27629847	Deletion	46
3L	27643151	27643249	Deletion	98
3L	27667827	27667909	Deletion	82
3L	27668571	27667907	Deletion	664
3L	27719774	27718324	Deletion	1450
3L	27756775	27756836	Deletion	61
3L	27798708	27798788	Deletion	80
3L	27820775	27820856	Deletion	81
3L	27823842	27823912	Deletion	70
3L	27845829	27845318	Deletion	511
3L	27904143	27904176	Deletion	33
3L	27904918	27905013	Deletion	95
3L	27940179	27940237	Deletion	58
3L	27942941	27943007	Deletion	66
3L	27944255	27944260	Deletion	5
3L	27956431	27955198	Deletion	1233
3L	27989524	27989442	Deletion	82
3L	27989757	27989586	Deletion	171
3L	28014031	28011070	Deletion	2961
3R	26889	26897	Deletion	8
3R	27370	27270	Deletion	100
3R	50290	44499	Deletion	5791
3R	57787	57900	Deletion	113
3R	57791	57890	Deletion	99
3R	83492	75943	Deletion	7549
3R	84147	83525	Deletion	622
3R	104558	104655	Deletion	97
3R	168739	168639	Deletion	100
3R	213861	213409	Deletion	452
3R	304773	304878	Deletion	105
3R	304989	304889	Deletion	100
3R	492778	492333	Deletion	445
3R	575443	575334	Deletion	109
3R	579053	575955	Deletion	3098
3R	583351	580251	Deletion	3100
3R	769409	769497	Deletion	88
3R	940000	939474	Deletion	526
3R	943891	940035	Deletion	3856
3R	1017938	1017937	Deletion	1
3R	1096613	1096684	Deletion	71
3R	1149278	1148617	Deletion	661
3R	1183751	1183749	Deletion	2
3R	1273685	1270156	Deletion	3529
3R	1273706	1273767	Deletion	61
3R	1294793	1294278	Deletion	515
3R	1297953	1294840	Deletion	3113
3R	1298170	1297988	Deletion	182
3R	1299872	1299005	Deletion	867
3R	1300103	1299951	Deletion	152
3R	1335372	1334178	Deletion	1194
3R	1356953	1353800	Deletion	3153
3R	1360982	1361084	Deletion	102
3R	1522992	1520747	Deletion	2245
3R	1564871	1564438	Deletion	433
3R	1586981	1586505	Deletion	476
3R	1587076	1587036	Deletion	40
3R	1684408	1684518	Deletion	110
3R	1829444	1828639	Deletion	805
3R	1906490	1906610	Deletion	120
3R	1927770	1927067	Deletion	703
3R	1997846	1997155	Deletion	691
3R	1999269	1999329	Deletion	60
3R	2011874	2011954	Deletion	80
3R	2122145	2122245	Deletion	100
3R	2159400	2158238	Deletion	1162
3R	2246057	2245962	Deletion	95
3R	2378240	2378292	Deletion	52
3R	2499972	2498072	Deletion	1900
3R	2516632	2515632	Deletion	1000
3R	2539431	2539497	Deletion	66
3R	2543965	2544069	Deletion	104
3R	2578479	2578438	Deletion	41
3R	2742125	2740853	Deletion	1272
3R	2747181	2747251	Deletion	70
3R	2806666	2806722	Deletion	56
3R	2840669	2839087	Deletion	1582
3R	2915444	2914237	Deletion	1207
3R	2979311	2978819	Deletion	492
3R	3033656	3033768	Deletion	112
3R	3033661	3033678	Deletion	17
3R	3033874	3033720	Deletion	154
3R	3170013	3169914	Deletion	99
3R	3170033	3170125	Deletion	92
3R	3170038	3170120	Deletion	82
3R	3170040	3170070	Deletion	30
3R	3170114	3170082	Deletion	32
3R	3170141	3170134	Deletion	7
3R	3170159	3170165	Deletion	6
3R	3170164	3170205	Deletion	41
3R	3170199	3170261	Deletion	62
3R	3305669	3305575	Deletion	94
3R	3370184	3370254	Deletion	70
3R	3416191	3415555	Deletion	636
3R	3442793	3442140	Deletion	653
3R	3474907	3474917	Deletion	10
3R	3566521	3566581	Deletion	60
3R	3576483	3576529	Deletion	46
3R	3581200	3576525	Deletion	4675
3R	3726375	3726466	Deletion	91
3R	3755203	3755193	Deletion	10
3R	4033389	4033292	Deletion	97
3R	4167252	4167355	Deletion	103
3R	4174063	4174088	Deletion	25
3R	4219257	4217875	Deletion	1382
3R	4392435	4385370	Deletion	7065
3R	4450190	4446513	Deletion	3677
3R	4450193	4450313	Deletion	120
3R	4576811	4572833	Deletion	3978
3R	4642000	4642081	Deletion	81
3R	4646412	4642080	Deletion	4332
3R	4646414	4646532	Deletion	118
3R	4747318	4746428	Deletion	890
3R	4747321	4747358	Deletion	37
3R	4796948	4792366	Deletion	4582
3R	4838424	4829663	Deletion	8761
3R	4838426	4838473	Deletion	47
3R	4899335	4897315	Deletion	2020
3R	4980585	4980689	Deletion	104
3R	5100107	5100182	Deletion	75
3R	5178026	5177831	Deletion	195
3R	5207081	5206703	Deletion	378
3R	5294305	5266774	Deletion	27531
3R	5409018	5405830	Deletion	3188
3R	5499645	5498798	Deletion	847
3R	5570947	5570250	Deletion	697
3R	5609636	5609571	Deletion	65
3R	5682969	5682210	Deletion	759
3R	5682970	5683066	Deletion	96
3R	5689705	5683032	Deletion	6673
3R	5689707	5689758	Deletion	51
3R	5708085	5708036	Deletion	49
3R	5784368	5783991	Deletion	377
3R	5837899	5836778	Deletion	1121
3R	5901095	5890459	Deletion	10636
3R	5967147	5961654	Deletion	5493
3R	5970529	5970567	Deletion	38
3R	5973197	5970565	Deletion	2632
3R	5993856	5993068	Deletion	788
3R	6038205	6031435	Deletion	6770
3R	6051598	6041298	Deletion	10300
3R	6091982	6091081	Deletion	901
3R	6129460	6127999	Deletion	1461
3R	6149747	6145313	Deletion	4434
3R	6224768	6224324	Deletion	444
3R	6254309	6254168	Deletion	141
3R	6495260	6494901	Deletion	359
3R	6784582	6784336	Deletion	246
3R	6809203	6807886	Deletion	1317
3R	6898470	6882671	Deletion	15799
3R	6911450	6904090	Deletion	7360
3R	6913046	6911691	Deletion	1355
3R	6998436	6988306	Deletion	10130
3R	7086423	7086476	Deletion	53
3R	7098555	7092931	Deletion	5624
3R	7119552	7118500	Deletion	1052
3R	7170571	7166411	Deletion	4160
3R	7170572	7170612	Deletion	40
3R	7256279	7247107	Deletion	9172
3R	7279960	7266993	Deletion	12967
3R	7341620	7340198	Deletion	1422
3R	7542052	7541972	Deletion	80
3R	7556807	7556608	Deletion	199
3R	7579575	7572939	Deletion	6636
3R	7768812	7765173	Deletion	3639
3R	7869313	7865220	Deletion	4093
3R	7975898	7975250	Deletion	648
3R	8064427	8064366	Deletion	61
3R	8175071	8155938	Deletion	19133
3R	8322891	8313925	Deletion	8966
3R	8385792	8362759	Deletion	23033
3R	8472557	8470394	Deletion	2163
3R	8472562	8472599	Deletion	37
3R	8556063	8554373	Deletion	1690
3R	8587717	8587274	Deletion	443
3R	8616821	8613191	Deletion	3630
3R	8704988	8703306	Deletion	1682
3R	8704990	8705024	Deletion	34
3R	8791885	8791984	Deletion	99
3R	8832466	8823997	Deletion	8469
3R	8894743	8890874	Deletion	3869
3R	9115701	9115608	Deletion	93
3R	9116759	9116570	Deletion	189
3R	9142194	9142304	Deletion	110
3R	9174794	9174391	Deletion	403
3R	9204196	9195324	Deletion	8872
3R	9345442	9330838	Deletion	14604
3R	9405404	9384306	Deletion	21098
3R	9629161	9616764	Deletion	12397
3R	9640823	9637953	Deletion	2870
3R	9895623	9885496	Deletion	10127
3R	9925992	9925761	Deletion	231
3R	9950112	9943418	Deletion	6694
3R	9950113	9950185	Deletion	72
3R	10002901	10001132	Deletion	1769
3R	10002903	10003007	Deletion	104
3R	10027065	10020181	Deletion	6884
3R	10043926	10044010	Deletion	84
3R	10147989	10136886	Deletion	11103
3R	10177645	10174352	Deletion	3293
3R	10189719	10189482	Deletion	237
3R	10269965	10263732	Deletion	6233
3R	10306237	10306273	Deletion	36
3R	10360459	10351825	Deletion	8634
3R	10363784	10362459	Deletion	1325
3R	10378042	10374865	Deletion	3177
3R	10405055	10399817	Deletion	5238
3R	10568392	10566033	Deletion	2359
3R	10586155	10585534	Deletion	621
3R	10601107	10588265	Deletion	12842
3R	10601112	10601169	Deletion	57
3R	10624819	10624757	Deletion	62
3R	10624820	10624880	Deletion	60
3R	10634485	10625984	Deletion	8501
3R	10656215	10656334	Deletion	119
3R	10692446	10687370	Deletion	5076
3R	10712779	10693086	Deletion	19693
3R	10722920	10715040	Deletion	7880
3R	10729333	10729266	Deletion	67
3R	10793828	10782589	Deletion	11239
3R	10923352	10922721	Deletion	631
3R	10923356	10923472	Deletion	116
3R	11097034	11094263	Deletion	2771
3R	11184789	11172473	Deletion	12316
3R	11245187	11245003	Deletion	184
3R	11315850	11315890	Deletion	40
3R	11350291	11346155	Deletion	4136
3R	11429186	11413715	Deletion	15471
3R	11442490	11433082	Deletion	9408
3R	11695700	11694114	Deletion	1586
3R	11737527	11735583	Deletion	1944
3R	11737535	11737635	Deletion	100
3R	11757464	11757572	Deletion	108
3R	11964617	11964703	Deletion	86
3R	12136985	12137061	Deletion	76
3R	12163535	12163575	Deletion	40
3R	12277081	12260657	Deletion	16424
3R	12399901	12399718	Deletion	183
3R	12541146	12536872	Deletion	4274
3R	12545133	12544936	Deletion	197
3R	12555026	12552663	Deletion	2363
3R	12574706	12574815	Deletion	109
3R	12622720	12622651	Deletion	69
3R	12622722	12622781	Deletion	59
3R	12660703	12660071	Deletion	632
3R	12692272	12692349	Deletion	77
3R	12750046	12745702	Deletion	4344
3R	13002616	13002717	Deletion	101
3R	13080899	13078650	Deletion	2249
3R	13174554	13173735	Deletion	819
3R	13405061	13403942	Deletion	1119
3R	13457054	13447783	Deletion	9271
3R	13687653	13685573	Deletion	2080
3R	13785617	13785674	Deletion	57
3R	13790410	13785670	Deletion	4740
3R	13805978	13798309	Deletion	7669
3R	13811110	13810026	Deletion	1084
3R	13932359	13927556	Deletion	4803
3R	13937428	13937281	Deletion	147
3R	13978395	13975469	Deletion	2926
3R	14062341	14061470	Deletion	871
3R	14121333	14117694	Deletion	3639
3R	14249892	14249934	Deletion	42
3R	14338757	14336467	Deletion	2290
3R	14413220	14410977	Deletion	2243
3R	14457610	14455052	Deletion	2558
3R	14537956	14536660	Deletion	1296
3R	14560137	14560234	Deletion	97
3R	14588751	14588424	Deletion	327
3R	14653059	14652693	Deletion	366
3R	14762955	14761124	Deletion	1831
3R	14864884	14864468	Deletion	416
3R	14912224	14906293	Deletion	5931
3R	14940138	14938272	Deletion	1866
3R	14959171	14946537	Deletion	12634
3R	14990423	14988273	Deletion	2150
3R	15148951	15148791	Deletion	160
3R	15249417	15249355	Deletion	62
3R	15268141	15268038	Deletion	103
3R	15280756	15279098	Deletion	1658
3R	15284359	15282707	Deletion	1652
3R	15313512	15313568	Deletion	56
3R	15329260	15328831	Deletion	429
3R	15341368	15340228	Deletion	1140
3R	15357791	15349053	Deletion	8738
3R	15393468	15390989	Deletion	2479
3R	15466263	15458707	Deletion	7556
3R	15481762	15480924	Deletion	838
3R	15523685	15511920	Deletion	11765
3R	15585272	15585339	Deletion	67
3R	15588005	15588057	Deletion	52
3R	15643950	15641202	Deletion	2748
3R	15652507	15650575	Deletion	1932
3R	15658161	15658205	Deletion	44
3R	15702238	15697620	Deletion	4618
3R	15745427	15742540	Deletion	2887
3R	15831675	15782679	Deletion	48996
3R	15894951	15892569	Deletion	2382
3R	15996183	15994803	Deletion	1380
3R	16058047	16054135	Deletion	3912
3R	16069564	16069644	Deletion	80
3R	16077175	16069642	Deletion	7533
3R	16090133	16080549	Deletion	9584
3R	16232660	16223100	Deletion	9560
3R	16317330	16303022	Deletion	14308
3R	16339428	16339315	Deletion	113
3R	16370461	16370553	Deletion	92
3R	16370502	16370550	Deletion	48
3R	16390254	16370551	Deletion	19703
3R	16468150	16464933	Deletion	3217
3R	16473172	16472744	Deletion	428
3R	16498917	16498722	Deletion	195
3R	16516773	16511220	Deletion	5553
3R	16745598	16745692	Deletion	94
3R	16748232	16745693	Deletion	2539
3R	16818205	16817372	Deletion	833
3R	17177979	17177728	Deletion	251
3R	17345315	17335887	Deletion	9428
3R	17377684	17377430	Deletion	254
3R	17389487	17387752	Deletion	1735
3R	17439546	17437058	Deletion	2488
3R	17471368	17446900	Deletion	24468
3R	17681496	17681376	Deletion	120
3R	17729101	17729163	Deletion	62
3R	17757390	17729156	Deletion	28234
3R	17818322	17818343	Deletion	21
3R	17819256	17818395	Deletion	861
3R	17885552	17885660	Deletion	108
3R	17888755	17885657	Deletion	3098
3R	17918545	17918402	Deletion	143
3R	17935144	17930940	Deletion	4204
3R	18031848	18025918	Deletion	5930
3R	18031851	18031897	Deletion	46
3R	18088719	18088836	Deletion	117
3R	18139378	18137845	Deletion	1533
3R	18243922	18243536	Deletion	386
3R	18243925	18244017	Deletion	92
3R	18276494	18276606	Deletion	112
3R	18293078	18293002	Deletion	76
3R	18331791	18331837	Deletion	46
3R	18344658	18343716	Deletion	942
3R	18394172	18389093	Deletion	5079
3R	18428573	18424970	Deletion	3603
3R	18438617	18436442	Deletion	2175
3R	18499330	18499376	Deletion	46
3R	18580496	18580599	Deletion	103
3R	18581014	18580606	Deletion	408
3R	18581797	18581450	Deletion	347
3R	18620333	18620395	Deletion	62
3R	18632421	18632350	Deletion	71
3R	18683886	18683465	Deletion	421
3R	18812067	18811868	Deletion	199
3R	18947493	18943057	Deletion	4436
3R	19019674	19016412	Deletion	3262
3R	19043475	19041584	Deletion	1891
3R	19055460	19052213	Deletion	3247
3R	19360576	19360644	Deletion	68
3R	19383686	19366590	Deletion	17096
3R	19398385	19398477	Deletion	92
3R	19411419	19398474	Deletion	12945
3R	19419725	19419649	Deletion	76
3R	19465487	19465562	Deletion	75
3R	19487492	19465561	Deletion	21931
3R	19516374	19510724	Deletion	5650
3R	19659066	19634922	Deletion	24144
3R	19670597	19669388	Deletion	1209
3R	19674296	19673876	Deletion	420
3R	19674297	19674376	Deletion	79
3R	19736953	19721092	Deletion	15861
3R	19798812	19792578	Deletion	6234
3R	19819596	19819491	Deletion	105
3R	19852234	19852168	Deletion	66
3R	19902423	19887049	Deletion	15374
3R	19964502	19961257	Deletion	3245
3R	19996733	19995035	Deletion	1698
3R	20006979	20007033	Deletion	54
3R	20007205	20007028	Deletion	177
3R	20068783	20054609	Deletion	14174
3R	20080747	20074711	Deletion	6036
3R	20080748	20080813	Deletion	65
3R	20123209	20119370	Deletion	3839
3R	20207274	20197348	Deletion	9926
3R	20236575	20236175	Deletion	400
3R	20316012	20316061	Deletion	49
3R	20387123	20379668	Deletion	7455
3R	20387244	20387294	Deletion	50
3R	20391920	20387288	Deletion	4632
3R	20442097	20440954	Deletion	1143
3R	20463583	20445466	Deletion	18117
3R	20481424	20474780	Deletion	6644
3R	20502643	20500077	Deletion	2566
3R	20556968	20557023	Deletion	55
3R	20563065	20557015	Deletion	6050
3R	20628295	20618453	Deletion	9842
3R	20663995	20663841	Deletion	154
3R	20727183	20726143	Deletion	1040
3R	20871810	20861564	Deletion	10246
3R	20924531	20918443	Deletion	6088
3R	20942899	20942962	Deletion	63
3R	20948074	20942958	Deletion	5116
3R	20948076	20948116	Deletion	40
3R	21033004	21027148	Deletion	5856
3R	21064229	21059257	Deletion	4972
3R	21166175	21166258	Deletion	83
3R	21166322	21166257	Deletion	65
3R	21199088	21198817	Deletion	271
3R	21207002	21205253	Deletion	1749
3R	21241027	21240960	Deletion	67
3R	21241031	21241060	Deletion	29
3R	21250398	21249829	Deletion	569
3R	21287832	21286867	Deletion	965
3R	21318500	21318442	Deletion	58
3R	21338394	21334906	Deletion	3488
3R	21421612	21399627	Deletion	21985
3R	21435790	21435535	Deletion	255
3R	21502136	21501485	Deletion	651
3R	21527157	21519306	Deletion	7851
3R	21530001	21527187	Deletion	2814
3R	21569312	21569140	Deletion	172
3R	21581886	21573704	Deletion	8182
3R	21592287	21592395	Deletion	108
3R	21636294	21636333	Deletion	39
3R	21647419	21645553	Deletion	1866
3R	21678742	21677701	Deletion	1041
3R	21681427	21679993	Deletion	1434
3R	21703801	21698561	Deletion	5240
3R	21787741	21787835	Deletion	94
3R	21792442	21787833	Deletion	4609
3R	21842345	21840042	Deletion	2303
3R	21842346	21842431	Deletion	85
3R	21900254	21890325	Deletion	9929
3R	21904557	21904053	Deletion	504
3R	21904562	21904674	Deletion	112
3R	21920136	21917515	Deletion	2621
3R	21929341	21921801	Deletion	7540
3R	22022359	22022464	Deletion	105
3R	22025110	22022461	Deletion	2649
3R	22039633	22039566	Deletion	67
3R	22107811	22103126	Deletion	4685
3R	22152034	22152133	Deletion	99
3R	22155292	22155380	Deletion	88
3R	22175350	22173475	Deletion	1875
3R	22177621	22177539	Deletion	82
3R	22258035	22255868	Deletion	2167
3R	22293810	22276207	Deletion	17603
3R	22335131	22335182	Deletion	51
3R	22335132	22335246	Deletion	114
3R	22504782	22474810	Deletion	29972
3R	22525593	22513905	Deletion	11688
3R	22547655	22547109	Deletion	546
3R	22627573	22619759	Deletion	7814
3R	22684543	22681505	Deletion	3038
3R	22744163	22743772	Deletion	391
3R	22886433	22886500	Deletion	67
3R	22956550	22956252	Deletion	298
3R	22983651	22975666	Deletion	7985
3R	23021427	23006516	Deletion	14911
3R	23035449	23034982	Deletion	467
3R	23057219	23054054	Deletion	3165
3R	23094154	23094032	Deletion	122
3R	23220320	23200188	Deletion	20132
3R	23258273	23256822	Deletion	1451
3R	23272908	23271726	Deletion	1182
3R	23349016	23349098	Deletion	82
3R	23408632	23408721	Deletion	89
3R	23511446	23493622	Deletion	17824
3R	23521484	23521125	Deletion	359
3R	23541722	23538900	Deletion	2822
3R	23551461	23551092	Deletion	369
3R	23557501	23556883	Deletion	618
3R	23662150	23662249	Deletion	99
3R	23724213	23723935	Deletion	278
3R	23794747	23787043	Deletion	7704
3R	23833018	23831621	Deletion	1397
3R	23934588	23926898	Deletion	7690
3R	24005057	23987486	Deletion	17571
3R	24070351	24052628	Deletion	17723
3R	24165930	24164963	Deletion	967
3R	24317986	24318088	Deletion	102
3R	24318769	24318090	Deletion	679
3R	24334440	24334526	Deletion	86
3R	24354671	24353835	Deletion	836
3R	24370557	24368585	Deletion	1972
3R	24390477	24390576	Deletion	99
3R	24403580	24390571	Deletion	13009
3R	24413516	24409435	Deletion	4081
3R	24506776	24505981	Deletion	795
3R	24528183	24509067	Deletion	19116
3R	24567516	24567095	Deletion	421
3R	24576017	24571674	Deletion	4343
3R	24607133	24605303	Deletion	1830
3R	24762374	24761704	Deletion	670
3R	24792466	24777679	Deletion	14787
3R	24821545	24815077	Deletion	6468
3R	24834084	24833912	Deletion	172
3R	24856927	24853202	Deletion	3725
3R	24863888	24863987	Deletion	99
3R	24869624	24863983	Deletion	5641
3R	24869628	24869693	Deletion	65
3R	24915109	24908549	Deletion	6560
3R	24943674	24943526	Deletion	148
3R	24987715	24977558	Deletion	10157
3R	24988854	24988971	Deletion	117
3R	24992926	24988963	Deletion	3963
3R	25020400	25020523	Deletion	123
3R	25096353	25096426	Deletion	73
3R	25097441	25096425	Deletion	1016
3R	25195523	25176387	Deletion	19136
3R	25210045	25197335	Deletion	12710
3R	25225472	25225510	Deletion	38
3R	25225870	25225507	Deletion	363
3R	25243867	25242815	Deletion	1052
3R	25243868	25243933	Deletion	65
3R	25270319	25264923	Deletion	5396
3R	25291738	25279626	Deletion	12112
3R	25328069	25328132	Deletion	63
3R	25338403	25338476	Deletion	73
3R	25339142	25338471	Deletion	671
3R	25386384	25386303	Deletion	81
3R	25440055	25439584	Deletion	471
3R	25442204	25442262	Deletion	58
3R	25476676	25468745	Deletion	7931
3R	25490841	25487753	Deletion	3088
3R	25574571	25574648	Deletion	77
3R	25575054	25574651	Deletion	403
3R	25575055	25575155	Deletion	100
3R	25617584	25613965	Deletion	3619
3R	25640721	25631451	Deletion	9270
3R	25746295	25746334	Deletion	39
3R	25750533	25746331	Deletion	4202
3R	25750535	25750636	Deletion	101
3R	25829327	25828537	Deletion	790
3R	25882666	25877477	Deletion	5189
3R	25927810	25916152	Deletion	11658
3R	25968040	25965019	Deletion	3021
3R	25979698	25979361	Deletion	337
3R	25996862	25996911	Deletion	49
3R	26009418	25996909	Deletion	12509
3R	26041456	26031297	Deletion	10159
3R	26057270	26048218	Deletion	9052
3R	26072499	26072606	Deletion	107
3R	26073989	26072607	Deletion	1382
3R	26077527	26075938	Deletion	1589
3R	26091325	26088194	Deletion	3131
3R	26097995	26097912	Deletion	83
3R	26146459	26144870	Deletion	1589
3R	26215996	26216089	Deletion	93
3R	26227287	26225762	Deletion	1525
3R	26296957	26296696	Deletion	261
3R	26338356	26336986	Deletion	1370
3R	26349941	26343801	Deletion	6140
3R	26370688	26360012	Deletion	10676
3R	26402789	26402070	Deletion	719
3R	26456691	26456154	Deletion	537
3R	26464771	26462949	Deletion	1822
3R	26544489	26542989	Deletion	1500
3R	26550672	26550209	Deletion	463
3R	26577864	26567556	Deletion	10308
3R	26629492	26626332	Deletion	3160
3R	26638192	26638271	Deletion	79
3R	26642998	26638270	Deletion	4728
3R	26654024	26643083	Deletion	10941
3R	26657251	26656051	Deletion	1200
3R	26671448	26671332	Deletion	116
3R	26677455	26675575	Deletion	1880
3R	26686394	26684617	Deletion	1777
3R	26732829	26723202	Deletion	9627
3R	26736921	26734432	Deletion	2489
3R	26746456	26746276	Deletion	180
3R	26813264	26811027	Deletion	2237
3R	26824244	26823792	Deletion	452
3R	26886650	26870469	Deletion	16181
3R	26887811	26886689	Deletion	1122
3R	26915180	26912353	Deletion	2827
3R	26926358	26925767	Deletion	591
3R	27038615	27038654	Deletion	39
3R	27066737	27066857	Deletion	120
3R	27070976	27070005	Deletion	971
3R	27110738	27110803	Deletion	65
3R	27116285	27116401	Deletion	116
3R	27172155	27159783	Deletion	12372
3R	27232337	27232407	Deletion	70
3R	27241675	27237382	Deletion	4293
3R	27241678	27241754	Deletion	76
3R	27269838	27269932	Deletion	94
3R	27293565	27293607	Deletion	42
3R	27306543	27296254	Deletion	10289
3R	27309017	27308138	Deletion	879
3R	27342191	27341574	Deletion	617
3R	27374055	27353289	Deletion	20766
3R	27388287	27387648	Deletion	639
3R	27394680	27393754	Deletion	926
3R	27398816	27398520	Deletion	296
3R	27412124	27412234	Deletion	110
3R	27452188	27447828	Deletion	4360
3R	27513297	27513171	Deletion	126
3R	27523922	27524041	Deletion	119
3R	27555597	27555495	Deletion	102
3R	27599001	27599092	Deletion	91
3R	27599400	27599088	Deletion	312
3R	27626688	27624121	Deletion	2567
3R	27645792	27642716	Deletion	3076
3R	27645794	27645894	Deletion	100
3R	27669221	27669335	Deletion	114
3R	27701257	27701192	Deletion	65
3R	27712279	27705331	Deletion	6948
3R	27812895	27808582	Deletion	4313
3R	27813789	27813729	Deletion	60
3R	27854745	27854507	Deletion	238
3R	27914758	27914539	Deletion	219
3R	27952063	27952157	Deletion	94
3R	27953054	27952156	Deletion	898
3R	28001675	28001615	Deletion	60
3R	28012443	28012301	Deletion	142
3R	28021237	28020806	Deletion	431
3R	28024696	28024180	Deletion	516
3R	28030480	28028289	Deletion	2191
3R	28030482	28030578	Deletion	96
3R	28078316	28078423	Deletion	107
3R	28082404	28078384	Deletion	4020
3R	28090382	28090323	Deletion	59
3R	28103082	28092873	Deletion	10209
3R	28114965	28115006	Deletion	41
3R	28118844	28118893	Deletion	49
3R	28131574	28131297	Deletion	277
3R	28131577	28131646	Deletion	69
3R	28131579	28131679	Deletion	100
3R	28148167	28143004	Deletion	5163
3R	28151533	28150439	Deletion	1094
3R	28168253	28160500	Deletion	7753
3R	28253420	28221609	Deletion	31811
3R	28295968	28295343	Deletion	625
3R	28300580	28299004	Deletion	1576
3R	28330127	28330243	Deletion	116
3R	28332202	28330240	Deletion	1962
3R	28335653	28335332	Deletion	321
3R	28384949	28384379	Deletion	570
3R	28446803	28443183	Deletion	3620
3R	28458415	28453915	Deletion	4500
3R	28487091	28486886	Deletion	205
3R	28500517	28500289	Deletion	228
3R	28500610	28500675	Deletion	65
3R	28500638	28500672	Deletion	34
3R	28500828	28500674	Deletion	154
3R	28533566	28522037	Deletion	11529
3R	28540087	28539603	Deletion	484
3R	28547032	28542936	Deletion	4096
3R	28549924	28549513	Deletion	411
3R	28584070	28584101	Deletion	31
3R	28614558	28607807	Deletion	6751
3R	28622004	28622112	Deletion	108
3R	28631472	28622114	Deletion	9358
3R	28649645	28649283	Deletion	362
3R	28650226	28650274	Deletion	48
3R	28654743	28650272	Deletion	4471
3R	28664009	28664101	Deletion	92
3R	28664904	28664100	Deletion	804
3R	28664905	28664939	Deletion	34
3R	28673982	28670451	Deletion	3531
3R	28737054	28736426	Deletion	628
3R	28743600	28741250	Deletion	2350
3R	28752538	28744703	Deletion	7835
3R	28776244	28776073	Deletion	171
3R	28843115	28843055	Deletion	60
3R	28846026	28843248	Deletion	2778
3R	28850326	28848695	Deletion	1631
3R	28859969	28859491	Deletion	478
3R	28865451	28861421	Deletion	4030
3R	28880001	28874409	Deletion	5592
3R	28881742	28881682	Deletion	60
3R	28885921	28884923	Deletion	998
3R	28951399	28950938	Deletion	461
3R	28959908	28959950	Deletion	42
3R	28967189	28959948	Deletion	7241
3R	28970302	28967734	Deletion	2568
3R	28979543	28979388	Deletion	155
3R	28979545	28979612	Deletion	67
3R	29002977	28984995	Deletion	17982
3R	29037206	29030129	Deletion	7077
3R	29069350	29041446	Deletion	27904
3R	29083618	29083525	Deletion	93
3R	29113509	29113602	Deletion	93
3R	29126822	29115046	Deletion	11776
3R	29195241	29189622	Deletion	5619
3R	29228384	29225599	Deletion	2785
3R	29248631	29240868	Deletion	7763
3R	29258333	29257149	Deletion	1184
3R	29268213	29268164	Deletion	49
3R	29269859	29268582	Deletion	1277
3R	29280565	29279130	Deletion	1435
3R	29288239	29287251	Deletion	988
3R	29288240	29288350	Deletion	110
3R	29342177	29334493	Deletion	7684
3R	29353775	29353617	Deletion	158
3R	29359701	29357011	Deletion	2690
3R	29402426	29379060	Deletion	23366
3R	29403060	29403168	Deletion	108
3R	29416859	29411833	Deletion	5026
3R	29432171	29419617	Deletion	12554
3R	29432187	29432245	Deletion	58
3R	29434486	29432242	Deletion	2244
3R	29434487	29434526	Deletion	39
3R	29437347	29437289	Deletion	58
3R	29469239	29469319	Deletion	80
3R	29475506	29469314	Deletion	6192
3R	29493581	29492069	Deletion	1512
3R	29500079	29494774	Deletion	5305
3R	29521484	29514203	Deletion	7281
3R	29534763	29533175	Deletion	1588
3R	29587908	29570446	Deletion	17462
3R	29633926	29634045	Deletion	119
3R	29637285	29634044	Deletion	3241
3R	29667304	29667343	Deletion	39
3R	29690061	29676897	Deletion	13164
3R	29700877	29695775	Deletion	5102
3R	29729167	29729224	Deletion	57
3R	29735494	29729225	Deletion	6269
3R	29735495	29735552	Deletion	57
3R	29829025	29818003	Deletion	11022
3R	29853871	29853914	Deletion	43
3R	29857028	29853911	Deletion	3117
3R	29871372	29863437	Deletion	7935
3R	29871377	29871481	Deletion	104
3R	29872929	29872483	Deletion	446
3R	29881283	29878641	Deletion	2642
3R	29900742	29895439	Deletion	5303
3R	29910244	29905963	Deletion	4281
3R	29938059	29937668	Deletion	391
3R	29938063	29938162	Deletion	99
3R	29938064	29938118	Deletion	54
3R	29954308	29945651	Deletion	8657
3R	29957526	29957602	Deletion	76
3R	29967530	29967607	Deletion	77
3R	29967570	29967602	Deletion	32
3R	29967719	29967604	Deletion	115
3R	29975752	29975268	Deletion	484
3R	29975753	29975813	Deletion	60
3R	30003914	29996531	Deletion	7383
3R	30031295	30031410	Deletion	115
3R	30045576	30031408	Deletion	14168
3R	30062905	30056528	Deletion	6377
3R	30084908	30082567	Deletion	2341
3R	30084919	30084960	Deletion	41
3R	30109652	30106393	Deletion	3259
3R	30112343	30112271	Deletion	72
3R	30118614	30117148	Deletion	1466
3R	30118615	30118720	Deletion	105
3R	30118617	30118706	Deletion	89
3R	30135488	30125248	Deletion	10240
3R	30135493	30135533	Deletion	40
3R	30146994	30135964	Deletion	11030
3R	30146998	30147051	Deletion	53
3R	30154028	30154133	Deletion	105
3R	30154607	30154131	Deletion	476
3R	30167348	30167414	Deletion	66
3R	30185104	30167412	Deletion	17692
3R	30188901	30186699	Deletion	2202
3R	30200624	30200670	Deletion	46
3R	30201075	30200667	Deletion	408
3R	30210311	30210408	Deletion	97
3R	30211370	30211449	Deletion	79
3R	30233142	30232216	Deletion	926
3R	30236789	30235437	Deletion	1352
3R	30273300	30270705	Deletion	2595
3R	30308873	30308923	Deletion	50
3R	30311032	30308918	Deletion	2114
3R	30311036	30311134	Deletion	98
3R	30357855	30357939	Deletion	84
3R	30382204	30382311	Deletion	107
3R	30415873	30415953	Deletion	80
3R	30442555	30441569	Deletion	986
3R	30471690	30461234	Deletion	10456
3R	30471693	30471786	Deletion	93
3R	30499175	30496212	Deletion	2963
3R	30543618	30522030	Deletion	21588
3R	30550530	30549798	Deletion	732
3R	30593488	30586091	Deletion	7397
3R	30608199	30607830	Deletion	369
3R	30637103	30635018	Deletion	2085
3R	30641223	30640012	Deletion	1211
3R	30666372	30664792	Deletion	1580
3R	30666373	30666413	Deletion	40
3R	30693571	30692384	Deletion	1187
3R	30693574	30693652	Deletion	78
3R	30695983	30695430	Deletion	553
3R	30771115	30767330	Deletion	3785
3R	30809632	30809706	Deletion	74
3R	30813948	30809705	Deletion	4243
3R	30826279	30826102	Deletion	177
3R	30833469	30833559	Deletion	90
3R	30833520	30833549	Deletion	29
3R	30834061	30833554	Deletion	507
3R	30855626	30855552	Deletion	74
3R	30856141	30856034	Deletion	107
3R	30887415	30886759	Deletion	656
3R	30916834	30909419	Deletion	7415
3R	31002367	30989410	Deletion	12957
3R	31065007	31063463	Deletion	1544
3R	31065009	31065040	Deletion	31
3R	31134368	31125447	Deletion	8921
3R	31134371	31134422	Deletion	51
3R	31187919	31172945	Deletion	14974
3R	31206886	31204429	Deletion	2457
3R	31206888	31206990	Deletion	102
3R	31217091	31216959	Deletion	132
3R	31230082	31229933	Deletion	149
3R	31247401	31246907	Deletion	494
3R	31255540	31255044	Deletion	496
3R	31256167	31256104	Deletion	63
3R	31256170	31256260	Deletion	90
3R	31261493	31256541	Deletion	4952
3R	31268064	31262018	Deletion	6046
3R	31280312	31280357	Deletion	45
3R	31303312	31303387	Deletion	75
3R	31309272	31303385	Deletion	5887
3R	31319160	31319203	Deletion	43
3R	31319315	31319201	Deletion	114
3R	31335502	31335600	Deletion	98
3R	31367418	31349627	Deletion	17791
3R	31373849	31373935	Deletion	86
3R	31396260	31373934	Deletion	22326
3R	31396261	31396301	Deletion	40
3R	31404258	31403505	Deletion	753
3R	31405086	31404551	Deletion	535
3R	31413152	31412934	Deletion	218
3R	31413197	31413246	Deletion	49
3R	31422727	31422341	Deletion	386
3R	31442669	31439680	Deletion	2989
3R	31446144	31445135	Deletion	1009
3R	31446701	31446799	Deletion	98
3R	31451075	31450926	Deletion	149
3R	31454848	31451643	Deletion	3205
3R	31456133	31456246	Deletion	113
3R	31538792	31538116	Deletion	676
3R	31540082	31539576	Deletion	506
3R	31545257	31545346	Deletion	89
3R	31557693	31545344	Deletion	12349
3R	31557694	31557791	Deletion	97
3R	31576850	31576898	Deletion	48
3R	31609930	31609834	Deletion	96
3R	31615683	31615723	Deletion	40
3R	31616450	31615722	Deletion	728
3R	31616453	31616499	Deletion	46
3R	31647278	31647390	Deletion	112
3R	31656262	31654725	Deletion	1537
3R	31671195	31671069	Deletion	126
3R	31715269	31715113	Deletion	156
3R	31728875	31728976	Deletion	101
3R	31735094	31734951	Deletion	143
3R	31735695	31735767	Deletion	72
3R	31736175	31735764	Deletion	411
3R	31748788	31745354	Deletion	3434
3R	31759467	31759583	Deletion	116
3R	31782617	31767316	Deletion	15301
3R	31786183	31786132	Deletion	51
3R	31791007	31786940	Deletion	4067
3R	31794413	31792707	Deletion	1706
3R	31840848	31831834	Deletion	9014
3R	31892361	31892379	Deletion	18
3R	31912399	31909543	Deletion	2856
3R	31978777	31978713	Deletion	64
3R	32066690	32064601	Deletion	2089
4	180207	179684	Deletion	523
4	590190	587982	Deletion	2208
4	1057653	1056938	Deletion	715
4	1104015	1100393	Deletion	3622
4	1136194	1136301	Deletion	107
4	1141959	1136298	Deletion	5661
4	1179000	1172742	Deletion	6258
4	1191580	1181499	Deletion	10081
X	76541	76615	Deletion	74
X	428437	428488	Deletion	51
X	766083	765604	Deletion	479
X	768005	768040	Deletion	35
X	988867	980506	Deletion	8361
X	1243214	1243154	Deletion	60
X	1413118	1388256	Deletion	24862
X	1423722	1423621	Deletion	101
X	1437350	1436514	Deletion	836
X	1457848	1455950	Deletion	1898
X	1457856	1457951	Deletion	95
X	1486458	1457974	Deletion	28484
X	1496302	1486508	Deletion	9794
X	1531949	1532022	Deletion	73
X	1571941	1572052	Deletion	111
X	1587729	1587422	Deletion	307
X	1696870	1696690	Deletion	180
X	1881495	1877066	Deletion	4429
X	1945904	1945075	Deletion	829
X	2240011	2237099	Deletion	2912
X	2407445	2407514	Deletion	69
X	2489241	2487579	Deletion	1662
X	2489246	2489303	Deletion	57
X	2626123	2623592	Deletion	2531
X	2781976	2779767	Deletion	2209
X	2807349	2807468	Deletion	119
X	2906515	2898574	Deletion	7941
X	3052147	3049251	Deletion	2896
X	3163787	3163200	Deletion	587
X	3252936	3252594	Deletion	342
X	3314418	3314476	Deletion	58
X	3314627	3314472	Deletion	155
X	3401910	3400759	Deletion	1151
X	3425718	3424996	Deletion	722
X	3469553	3465823	Deletion	3730
X	3482974	3481743	Deletion	1231
X	3514325	3514247	Deletion	78
X	3531470	3531401	Deletion	69
X	3541470	3540579	Deletion	891
X	3561092	3560417	Deletion	675
X	3606611	3606683	Deletion	72
X	3750893	3748153	Deletion	2740
X	3864847	3861057	Deletion	3790
X	3928774	3928587	Deletion	187
X	4471138	4471163	Deletion	25
X	4663904	4663622	Deletion	282
X	4945833	4944153	Deletion	1680
X	5099628	5099701	Deletion	73
X	5212701	5211398	Deletion	1303
X	5250657	5246208	Deletion	4449
X	5267401	5254026	Deletion	13375
X	5341839	5341932	Deletion	93
X	5547775	5547866	Deletion	91
X	5607648	5592506	Deletion	15142
X	5624211	5622426	Deletion	1785
X	5670146	5670217	Deletion	71
X	5753186	5752945	Deletion	241
X	5837545	5836775	Deletion	770
X	5877425	5873199	Deletion	4226
X	5894114	5886865	Deletion	7249
X	5895271	5895308	Deletion	37
X	5916280	5916381	Deletion	101
X	5955040	5955158	Deletion	118
X	5983046	5982949	Deletion	97
X	6544886	6544779	Deletion	107
X	6651735	6650583	Deletion	1152
X	6686068	6684518	Deletion	1550
X	6698563	6694581	Deletion	3982
X	6824115	6823913	Deletion	202
X	6878637	6861924	Deletion	16713
X	6956766	6956823	Deletion	57
X	7036281	7036382	Deletion	101
X	7329455	7318618	Deletion	10837
X	7365291	7365365	Deletion	74
X	7456393	7456192	Deletion	201
X	7600709	7593464	Deletion	7245
X	7701839	7698460	Deletion	3379
X	7954862	7951953	Deletion	2909
X	8035162	8035258	Deletion	96
X	8334101	8333181	Deletion	920
X	8350454	8338281	Deletion	12173
X	8384260	8384199	Deletion	61
X	8393535	8388361	Deletion	5174
X	8396623	8396714	Deletion	91
X	8403591	8403640	Deletion	49
X	8412249	8410125	Deletion	2124
X	8428874	8428716	Deletion	158
X	8493750	8493459	Deletion	291
X	8630307	8624222	Deletion	6085
X	8696860	8690553	Deletion	6307
X	8720796	8719697	Deletion	1099
X	8880658	8875302	Deletion	5356
X	8899005	8894161	Deletion	4844
X	9422566	9404817	Deletion	17749
X	9464011	9463522	Deletion	489
X	9563298	9560534	Deletion	2764
X	9602384	9602115	Deletion	269
X	9629550	9623157	Deletion	6393
X	9713240	9710353	Deletion	2887
X	9877059	9866235	Deletion	10824
X	9932140	9932043	Deletion	97
X	10003285	10002374	Deletion	911
X	10073246	10065426	Deletion	7820
X	10148233	10145628	Deletion	2605
X	10232150	10223415	Deletion	8735
X	10246928	10233766	Deletion	13162
X	10251912	10251239	Deletion	673
X	10251919	10252015	Deletion	96
X	10401816	10399228	Deletion	2588
X	10410696	10408927	Deletion	1769
X	10472958	10461516	Deletion	11442
X	10663587	10663537	Deletion	50
X	10726556	10725550	Deletion	1006
X	10752478	10752015	Deletion	463
X	10855904	10853355	Deletion	2549
X	10972955	10969969	Deletion	2986
X	11081579	11081411	Deletion	168
X	11139963	11127906	Deletion	12057
X	11170486	11170561	Deletion	75
X	11372596	11368938	Deletion	3658
X	11380767	11380880	Deletion	113
X	11591735	11591774	Deletion	39
X	11679961	11668801	Deletion	11160
X	11731680	11726955	Deletion	4725
X	11761390	11759638	Deletion	1752
X	11822266	11821780	Deletion	486
X	11843411	11843523	Deletion	112
X	12218356	12218440	Deletion	84
X	12228311	12218439	Deletion	9872
X	12312428	12311828	Deletion	600
X	12460747	12460538	Deletion	209
X	12476176	12473564	Deletion	2612
X	12508721	12508613	Deletion	108
X	12665476	12663464	Deletion	2012
X	12767308	12746762	Deletion	20546
X	12773384	12771493	Deletion	1891
X	12797107	12797208	Deletion	101
X	12990703	12975241	Deletion	15462
X	13004579	13000860	Deletion	3719
X	13051563	13051639	Deletion	76
X	13173253	13173371	Deletion	118
X	13177949	13178028	Deletion	79
X	13271143	13270746	Deletion	397
X	13488059	13486162	Deletion	1897
X	13511277	13510787	Deletion	490
X	13511279	13511363	Deletion	84
X	13578463	13577145	Deletion	1318
X	13578466	13578518	Deletion	52
X	13596706	13596624	Deletion	82
X	13706500	13706093	Deletion	407
X	13744775	13744643	Deletion	132
X	13773129	13772302	Deletion	827
X	13805697	13804540	Deletion	1157
X	13834880	13834953	Deletion	73
X	13982981	13983082	Deletion	101
X	14069228	14061514	Deletion	7714
X	14096680	14095582	Deletion	1098
X	14181567	14172163	Deletion	9404
X	14277695	14277817	Deletion	122
X	14500226	14498652	Deletion	1574
X	14587327	14586538	Deletion	789
X	14652171	14650680	Deletion	1491
X	14698452	14689625	Deletion	8827
X	14795658	14787261	Deletion	8397
X	14957693	14957607	Deletion	86
X	14976451	14968891	Deletion	7560
X	15103551	15099117	Deletion	4434
X	15150261	15149924	Deletion	337
X	15260784	15259620	Deletion	1164
X	15342187	15334717	Deletion	7470
X	15352622	15352566	Deletion	56
X	15528294	15528055	Deletion	239
X	15642996	15639604	Deletion	3392
X	15648060	15647941	Deletion	119
X	15659525	15659458	Deletion	67
X	15659529	15659576	Deletion	47
X	15671933	15670743	Deletion	1190
X	15814246	15813956	Deletion	290
X	15874748	15873647	Deletion	1101
X	15880404	15874789	Deletion	5615
X	15892255	15882057	Deletion	10198
X	15917130	15917218	Deletion	88
X	15935044	15934052	Deletion	992
X	15961139	15957345	Deletion	3794
X	15972061	15964787	Deletion	7274
X	15972062	15972184	Deletion	122
X	16208053	16199562	Deletion	8491
X	16251811	16250473	Deletion	1338
X	16297561	16291306	Deletion	6255
X	16373984	16371856	Deletion	2128
X	16378579	16378499	Deletion	80
X	16489426	16485430	Deletion	3996
X	16586600	16583336	Deletion	3264
X	16687504	16687552	Deletion	48
X	16687949	16687554	Deletion	395
X	16722325	16714191	Deletion	8134
X	16825694	16814255	Deletion	11439
X	16839088	16834496	Deletion	4592
X	16840597	16840651	Deletion	54
X	16843500	16840649	Deletion	2851
X	17024247	17023744	Deletion	503
X	17028544	17027066	Deletion	1478
X	17037098	17029366	Deletion	7732
X	17158267	17158369	Deletion	102
X	17235397	17219650	Deletion	15747
X	17372502	17371881	Deletion	621
X	17415688	17375378	Deletion	40310
X	17756468	17756273	Deletion	195
X	17788196	17781501	Deletion	6695
X	17820304	17817946	Deletion	2358
X	17935884	17934740	Deletion	1144
X	17970309	17969583	Deletion	726
X	18026647	18026738	Deletion	91
X	18026787	18026733	Deletion	54
X	18033792	18033068	Deletion	724
X	18042909	18037460	Deletion	5449
X	18059794	18059900	Deletion	106
X	18100513	18099755	Deletion	758
X	18148532	18148033	Deletion	499
X	18218197	18210577	Deletion	7620
X	18323934	18320176	Deletion	3758
X	18383160	18374288	Deletion	8872
X	18415756	18415586	Deletion	170
X	18631951	18632074	Deletion	123
X	18810484	18810578	Deletion	94
X	18942827	18942905	Deletion	78
X	18944907	18942903	Deletion	2004
X	18944909	18944950	Deletion	41
X	19236617	19221296	Deletion	15321
X	19241581	19240697	Deletion	884
X	19379660	19374821	Deletion	4839
X	19452882	19452901	Deletion	19
X	19452965	19452949	Deletion	16
X	19456695	19453021	Deletion	3674
X	19555102	19554661	Deletion	441
X	19618688	19612457	Deletion	6231
X	19620792	19620470	Deletion	322
X	19704195	19703963	Deletion	232
X	19860316	19860356	Deletion	40
X	19911987	19911867	Deletion	120
X	19928143	19928014	Deletion	129
X	19970297	19968986	Deletion	1311
X	20010482	20010092	Deletion	390
X	20065072	20064240	Deletion	832
X	20105565	20104806	Deletion	759
X	20265916	20262062	Deletion	3854
X	20348052	20347996	Deletion	56
X	20410902	20410745	Deletion	157
X	20596495	20593498	Deletion	2997
X	20667235	20664345	Deletion	2890
X	20738562	20723091	Deletion	15471
X	20746139	20739724	Deletion	6415
X	20922205	20921813	Deletion	392
X	20971242	20964932	Deletion	6310
X	21051301	21051395	Deletion	94
X	21281437	21281553	Deletion	116
X	21300803	21298993	Deletion	1810
X	21413061	21412796	Deletion	265
X	21413066	21413091	Deletion	25
X	21449281	21430472	Deletion	18809
X	21577398	21577434	Deletion	36
X	21889349	21889411	Deletion	62
X	21912472	21912344	Deletion	128
X	21921757	21921543	Deletion	214
X	22104508	22104545	Deletion	37
X	22349804	22317804	Deletion	32000
X	22372447	22371886	Deletion	561
X	22493520	22493432	Deletion	88
X	22585397	22583619	Deletion	1778
X	22606683	22603198	Deletion	3485
X	23020783	23020759	Deletion	24
X	23021592	23021368	Deletion	224
X	23170681	23170569	Deletion	112
X	23304078	23304182	Deletion	104
X	23324290	23324133	Deletion	157
X	23335897	23335910	Deletion	13
Y	61883	61112	Deletion	771
Y	90403	90458	Deletion	55
Y	146084	138580	Deletion	7504
Y	203442	200805	Deletion	2637
Y	350046	350091	Deletion	45
Y	350062	350133	Deletion	71
Y	350098	350126	Deletion	28
Y	350233	350135	Deletion	98
Y	562010	561903	Deletion	107
Y	582369	582435	Deletion	66
Y	835020	833621	Deletion	1399
Y	895658	895558	Deletion	100
Y	914401	914301	Deletion	100
Y	1112359	1111319	Deletion	1040
Y	1121066	1112392	Deletion	8674
Y	1174197	1174037	Deletion	160
Y	1416938	1417010	Deletion	72
Y	1449354	1447798	Deletion	1556
Y	1457030	1457079	Deletion	49
Y	1457179	1457069	Deletion	110
Y	1457761	1457227	Deletion	534
Y	1642512	1642583	Deletion	71
Y	1748507	1748407	Deletion	100
Y	1751461	1751308	Deletion	153
Y	1884366	1884385	Deletion	19
Y	1889345	1888772	Deletion	573
Y	1891525	1891626	Deletion	101
Y	2005034	2004934	Deletion	100
Y	2216666	2216336	Deletion	330
Y	2218839	2216698	Deletion	2141
Y	2404992	2405032	Deletion	40
Y	2435104	2434904	Deletion	200
Y	2537138	2537116	Deletion	22
Y	2553730	2553833	Deletion	103
Y	2578957	2579045	Deletion	88
Y	2667128	2667028	Deletion	100
Y	2668983	2669052	Deletion	69
Y	2883837	2883937	Deletion	100
Y	2894517	2894242	Deletion	275
Y	2959430	2954430	Deletion	5000
Y	3012008	3011908	Deletion	100
Y	3025246	3025146	Deletion	100
Y	3044554	3044454	Deletion	100
Y	3079718	3079635	Deletion	83
Y	3111199	3111127	Deletion	72
Y	3139184	3139247	Deletion	63
Y	3140351	3140368	Deletion	17
Y	3284138	3284035	Deletion	103
Y	3293605	3291605	Deletion	2000
Y	3323142	3319442	Deletion	3700
Y	3375802	3371602	Deletion	4200
Y	3501893	3501982	Deletion	89
Y	3560429	3560434	Deletion	5
Y	3561504	3560449	Deletion	1055
Y	3562738	3562608	Deletion	130
Y	3567284	3567180	Deletion	104
Y	3577225	3576381	Deletion	844
Y	3578242	3577315	Deletion	927
Y	3579264	3578288	Deletion	976
Y	3579268	3579369	Deletion	101
Y	3612668	3611304	Deletion	1364
