chr	Start	End	Variant	Size
2L	281	215	Deletion	66
2L	1643	1589	Deletion	54
2L	7219	7113	Deletion	106
2L	7219	7115	Deletion	104
2L	7219	7126	Deletion	93
2L	7219	7146	Deletion	73
2L	17440	17320	Deletion	120
2L	20166	20127	Deletion	39
2L	20186	20127	Deletion	59
2L	31538	31430	Deletion	108
2L	31538	31440	Deletion	98
2L	31538	31447	Deletion	91
2L	31538	31498	Deletion	40
2L	31920	31814	Deletion	106
2L	31851	31814	Deletion	37
2L	31929	31814	Deletion	115
2L	31923	31814	Deletion	109
2L	31844	31814	Deletion	30
2L	31902	31814	Deletion	88
2L	33267	33155	Deletion	112
2L	33267	33160	Deletion	107
2L	33267	33180	Deletion	87
2L	33267	33185	Deletion	82
2L	33267	33186	Deletion	81
2L	33267	33195	Deletion	72
2L	33267	33200	Deletion	67
2L	33267	33216	Deletion	51
2L	40542	40487	Deletion	55
2L	40532	40487	Deletion	45
2L	40563	40487	Deletion	76
2L	40610	40487	Deletion	123
2L	40527	40487	Deletion	40
2L	40533	40487	Deletion	46
2L	40548	40491	Deletion	57
2L	50502	50463	Deletion	39
2L	50603	50538	Deletion	65
2L	50767	50657	Deletion	110
2L	52839	52731	Deletion	108
2L	52839	52738	Deletion	101
2L	52839	52740	Deletion	99
2L	52839	52792	Deletion	47
2L	52839	52802	Deletion	37
2L	59804	59725	Deletion	79
2L	59814	59725	Deletion	89
2L	60561	60440	Deletion	121
2L	66155	66032	Deletion	123
2L	79109	79015	Deletion	94
2L	79109	79026	Deletion	83
2L	79109	79027	Deletion	82
2L	79109	79030	Deletion	79
2L	79109	79071	Deletion	38
2L	82387	82299	Deletion	88
2L	82419	82299	Deletion	120
2L	82422	82299	Deletion	123
2L	82346	82299	Deletion	47
2L	82331	82299	Deletion	32
2L	82414	82299	Deletion	115
2L	82342	82299	Deletion	43
2L	82343	82299	Deletion	44
2L	90480	90360	Deletion	120
2L	90480	90362	Deletion	118
2L	90480	90412	Deletion	68
2L	90728	90668	Deletion	60
2L	90787	90668	Deletion	119
2L	108900	108778	Deletion	122
2L	114343	114222	Deletion	121
2L	116359	116255	Deletion	104
2L	116359	116261	Deletion	98
2L	116359	116304	Deletion	55
2L	116359	116313	Deletion	46
2L	116901	116782	Deletion	119
2L	116897	116782	Deletion	115
2L	116863	116782	Deletion	81
2L	116854	116782	Deletion	72
2L	141155	141073	Deletion	82
2L	141155	141077	Deletion	78
2L	141155	141089	Deletion	66
2L	141155	141090	Deletion	65
2L	144824	144763	Deletion	61
2L	144871	144763	Deletion	108
2L	144823	144763	Deletion	60
2L	144807	144763	Deletion	44
2L	144869	144763	Deletion	106
2L	144811	144763	Deletion	48
2L	146358	146247	Deletion	111
2L	146358	146311	Deletion	47
2L	146358	146320	Deletion	38
2L	149129	149023	Deletion	106
2L	149105	149023	Deletion	82
2L	149114	149023	Deletion	91
2L	150545	150424	Deletion	121
2L	150545	150429	Deletion	116
2L	150545	150431	Deletion	114
2L	150545	150458	Deletion	87
2L	150545	150482	Deletion	63
2L	150545	150484	Deletion	61
2L	151704	151641	Deletion	63
2L	151680	151641	Deletion	39
2L	151706	151641	Deletion	65
2L	151739	151641	Deletion	98
2L	157840	157719	Deletion	121
2L	157840	157724	Deletion	116
2L	157840	157729	Deletion	111
2L	157840	157740	Deletion	100
2L	157840	157770	Deletion	70
2L	159432	159374	Deletion	58
2L	164535	164423	Deletion	112
2L	164535	164427	Deletion	108
2L	164535	164441	Deletion	94
2L	164535	164444	Deletion	91
2L	164535	164476	Deletion	59
2L	164535	164476	Deletion	59
2L	164535	164478	Deletion	57
2L	165541	165474	Deletion	67
2L	165543	165474	Deletion	69
2L	165591	165474	Deletion	117
2L	165541	165474	Deletion	67
2L	165509	165474	Deletion	35
2L	165506	165474	Deletion	32
2L	168743	168623	Deletion	120
2L	168743	168650	Deletion	93
2L	168743	168669	Deletion	74
2L	168743	168685	Deletion	58
2L	168743	168712	Deletion	31
2L	172326	172292	Deletion	34
2L	172361	172292	Deletion	69
2L	172416	172292	Deletion	124
2L	172345	172292	Deletion	53
2L	172388	172292	Deletion	96
2L	174509	174390	Deletion	119
2L	176901	176780	Deletion	121
2L	180586	180479	Deletion	107
2L	180586	180508	Deletion	78
2L	180586	180535	Deletion	51
2L	180781	180706	Deletion	75
2L	180801	180706	Deletion	95
2L	180754	180706	Deletion	48
2L	181038	180929	Deletion	109
2L	181038	180955	Deletion	83
2L	181038	180957	Deletion	81
2L	181038	180962	Deletion	76
2L	181038	180965	Deletion	73
2L	181038	180965	Deletion	73
2L	181038	180980	Deletion	58
2L	181038	180989	Deletion	49
2L	181038	180995	Deletion	43
2L	181038	180999	Deletion	39
2L	183978	183906	Deletion	72
2L	183960	183906	Deletion	54
2L	184027	183906	Deletion	121
2L	183997	183906	Deletion	91
2L	183955	183906	Deletion	49
2L	183963	183906	Deletion	57
2L	183993	183906	Deletion	87
2L	183987	183906	Deletion	81
2L	183953	183906	Deletion	47
2L	183963	183906	Deletion	57
2L	214334	214227	Deletion	107
2L	214334	214234	Deletion	100
2L	214334	214292	Deletion	42
2L	221092	220978	Deletion	114
2L	221090	220978	Deletion	112
2L	221081	220978	Deletion	103
2L	221062	220978	Deletion	84
2L	226328	226206	Deletion	122
2L	240366	240244	Deletion	122
2L	240366	240263	Deletion	103
2L	240366	240326	Deletion	40
2L	240502	240413	Deletion	89
2L	240515	240413	Deletion	102
2L	240532	240413	Deletion	119
2L	240607	240487	Deletion	120
2L	240939	240831	Deletion	108
2L	240947	240831	Deletion	116
2L	240938	240831	Deletion	107
2L	250124	250029	Deletion	95
2L	250124	250041	Deletion	83
2L	250979	250867	Deletion	112
2L	250899	250867	Deletion	32
2L	250911	250867	Deletion	44
2L	250964	250867	Deletion	97
2L	252568	252456	Deletion	112
2L	252568	252471	Deletion	97
2L	252568	252529	Deletion	39
2L	252568	252537	Deletion	31
2L	252705	252617	Deletion	88
2L	252713	252617	Deletion	96
2L	252741	252617	Deletion	124
2L	257782	257662	Deletion	120
2L	257782	257664	Deletion	118
2L	257782	257710	Deletion	72
2L	257782	257722	Deletion	60
2L	258500	258433	Deletion	67
2L	258537	258433	Deletion	104
2L	258488	258433	Deletion	55
2L	271992	271878	Deletion	114
2L	271992	271913	Deletion	79
2L	271992	271918	Deletion	74
2L	271992	271950	Deletion	42
2L	272177	272124	Deletion	53
2L	272172	272124	Deletion	48
2L	272209	272124	Deletion	85
2L	285144	285070	Deletion	74
2L	285144	285097	Deletion	47
2L	288443	288390	Deletion	53
2L	288507	288390	Deletion	117
2L	288506	288390	Deletion	116
2L	288470	288390	Deletion	80
2L	288504	288390	Deletion	114
2L	292184	292063	Deletion	121
2L	301683	301561	Deletion	122
2L	301683	301570	Deletion	113
2L	301683	301585	Deletion	98
2L	301683	301599	Deletion	84
2L	301683	301633	Deletion	50
2L	301683	301634	Deletion	49
2L	305794	305717	Deletion	77
2L	305759	305717	Deletion	42
2L	305793	305717	Deletion	76
2L	305833	305717	Deletion	116
2L	306329	306214	Deletion	115
2L	306329	306261	Deletion	68
2L	314496	314375	Deletion	121
2L	314434	314375	Deletion	59
2L	314483	314375	Deletion	108
2L	314476	314375	Deletion	101
2L	315012	314914	Deletion	98
2L	315012	314919	Deletion	93
2L	315012	314920	Deletion	92
2L	315012	314957	Deletion	55
2L	315012	314967	Deletion	45
2L	315012	314978	Deletion	34
2L	325128	325093	Deletion	35
2L	325199	325093	Deletion	106
2L	325207	325093	Deletion	114
2L	325165	325093	Deletion	72
2L	325186	325093	Deletion	93
2L	325127	325093	Deletion	34
2L	325175	325093	Deletion	82
2L	325446	325333	Deletion	113
2L	325446	325338	Deletion	108
2L	325446	325341	Deletion	105
2L	325694	325584	Deletion	110
2L	325684	325584	Deletion	100
2L	333180	333067	Deletion	113
2L	333180	333077	Deletion	103
2L	333180	333089	Deletion	91
2L	333180	333111	Deletion	69
2L	333180	333112	Deletion	68
2L	333180	333117	Deletion	63
2L	333180	333140	Deletion	40
2L	333180	333143	Deletion	37
2L	334627	334523	Deletion	104
2L	334582	334523	Deletion	59
2L	334587	334523	Deletion	64
2L	334559	334523	Deletion	36
2L	334622	334523	Deletion	99
2L	334613	334523	Deletion	90
2L	334610	334523	Deletion	87
2L	334581	334523	Deletion	58
2L	336321	336199	Deletion	122
2L	336321	336217	Deletion	104
2L	336321	336228	Deletion	93
2L	336321	336232	Deletion	89
2L	336321	336233	Deletion	88
2L	336321	336274	Deletion	47
2L	336321	336289	Deletion	32
2L	344086	343992	Deletion	94
2L	344071	343992	Deletion	79
2L	344025	343992	Deletion	33
2L	344029	343992	Deletion	37
2L	344030	343992	Deletion	38
2L	344231	344122	Deletion	109
2L	344231	344140	Deletion	91
2L	344231	344153	Deletion	78
2L	344231	344154	Deletion	77
2L	344231	344163	Deletion	68
2L	352627	352571	Deletion	56
2L	354204	354089	Deletion	115
2L	354529	354432	Deletion	97
2L	375660	375547	Deletion	113
2L	375660	375558	Deletion	102
2L	375660	375562	Deletion	98
2L	375660	375574	Deletion	86
2L	375660	375575	Deletion	85
2L	375660	375579	Deletion	81
2L	375660	375597	Deletion	63
2L	375660	375602	Deletion	58
2L	375781	375717	Deletion	64
2L	375763	375717	Deletion	46
2L	375786	375717	Deletion	69
2L	375758	375717	Deletion	41
2L	375759	375717	Deletion	42
2L	380768	380659	Deletion	109
2L	380768	380670	Deletion	98
2L	380768	380693	Deletion	75
2L	380768	380726	Deletion	42
2L	394914	394862	Deletion	52
2L	394947	394862	Deletion	85
2L	394965	394862	Deletion	103
2L	394978	394862	Deletion	116
2L	394983	394862	Deletion	121
2L	397460	397334	Deletion	126
2L	428287	428168	Deletion	119
2L	428287	428184	Deletion	103
2L	428287	428201	Deletion	86
2L	428287	428202	Deletion	85
2L	428287	428226	Deletion	61
2L	428287	428230	Deletion	57
2L	428287	428242	Deletion	45
2L	428287	428242	Deletion	45
2L	430363	430298	Deletion	65
2L	430379	430298	Deletion	81
2L	430379	430298	Deletion	81
2L	430401	430298	Deletion	103
2L	430418	430298	Deletion	120
2L	430338	430298	Deletion	40
2L	430397	430298	Deletion	99
2L	430367	430298	Deletion	69
2L	430339	430298	Deletion	41
2L	436514	436451	Deletion	63
2L	436514	436452	Deletion	62
2L	436514	436458	Deletion	56
2L	436514	436460	Deletion	54
2L	436772	436709	Deletion	63
2L	436779	436709	Deletion	70
2L	436773	436709	Deletion	64
2L	436781	436709	Deletion	72
2L	436825	436709	Deletion	116
2L	457955	457832	Deletion	123
2L	458107	457986	Deletion	121
2L	462362	462283	Deletion	79
2L	462524	462424	Deletion	100
2L	462471	462424	Deletion	47
2L	470309	470200	Deletion	109
2L	470309	470217	Deletion	92
2L	470309	470223	Deletion	86
2L	474857	474822	Deletion	35
2L	474940	474822	Deletion	118
2L	474939	474822	Deletion	117
2L	474931	474822	Deletion	109
2L	474863	474822	Deletion	41
2L	474939	474822	Deletion	117
2L	501303	501182	Deletion	121
2L	506816	506715	Deletion	101
2L	506816	506731	Deletion	85
2L	506816	506734	Deletion	82
2L	506816	506735	Deletion	81
2L	506816	506757	Deletion	59
2L	506816	506771	Deletion	45
2L	506816	506785	Deletion	31
2L	507854	507810	Deletion	44
2L	507905	507810	Deletion	95
2L	507855	507810	Deletion	45
2L	507877	507810	Deletion	67
2L	507851	507810	Deletion	41
2L	507928	507810	Deletion	118
2L	507891	507810	Deletion	81
2L	507914	507810	Deletion	104
2L	508043	507922	Deletion	121
2L	513936	513815	Deletion	121
2L	513936	513893	Deletion	43
2L	516148	516064	Deletion	84
2L	520424	520334	Deletion	90
2L	520424	520343	Deletion	81
2L	520424	520370	Deletion	54
2L	520424	520377	Deletion	47
2L	521929	521809	Deletion	120
2L	521915	521809	Deletion	106
2L	521854	521809	Deletion	45
2L	521845	521809	Deletion	36
2L	521881	521809	Deletion	72
2L	521888	521809	Deletion	79
2L	537100	537033	Deletion	67
2L	537100	537054	Deletion	46
2L	537100	537061	Deletion	39
2L	537250	537163	Deletion	87
2L	537222	537163	Deletion	59
2L	537243	537163	Deletion	80
2L	556473	556351	Deletion	122
2L	557304	557206	Deletion	98
2L	557304	557222	Deletion	82
2L	557304	557224	Deletion	80
2L	557304	557240	Deletion	64
2L	560703	560658	Deletion	45
2L	560772	560658	Deletion	114
2L	560721	560658	Deletion	63
2L	560774	560658	Deletion	116
2L	560779	560658	Deletion	121
2L	560768	560658	Deletion	110
2L	560705	560658	Deletion	47
2L	562218	562143	Deletion	75
2L	562218	562145	Deletion	73
2L	562218	562150	Deletion	68
2L	562218	562154	Deletion	64
2L	562218	562160	Deletion	58
2L	562218	562174	Deletion	44
2L	567425	567317	Deletion	108
2L	567387	567317	Deletion	70
2L	567372	567317	Deletion	55
2L	567433	567317	Deletion	116
2L	567377	567317	Deletion	60
2L	567436	567317	Deletion	119
2L	567381	567317	Deletion	64
2L	567401	567317	Deletion	84
2L	567370	567317	Deletion	53
2L	567426	567317	Deletion	109
2L	573388	573268	Deletion	120
2L	575134	575026	Deletion	108
2L	575134	575051	Deletion	83
2L	575134	575074	Deletion	60
2L	575134	575075	Deletion	59
2L	575134	575079	Deletion	55
2L	575134	575079	Deletion	55
2L	575134	575102	Deletion	32
2L	575622	575578	Deletion	44
2L	575646	575578	Deletion	68
2L	575673	575578	Deletion	95
2L	575645	575578	Deletion	67
2L	575680	575578	Deletion	102
2L	575650	575578	Deletion	72
2L	575650	575578	Deletion	72
2L	576429	576316	Deletion	113
2L	576429	576327	Deletion	102
2L	576429	576344	Deletion	85
2L	576429	576356	Deletion	73
2L	576429	576396	Deletion	33
2L	580404	580298	Deletion	106
2L	580408	580298	Deletion	110
2L	580352	580298	Deletion	54
2L	580340	580298	Deletion	42
2L	580392	580298	Deletion	94
2L	580419	580298	Deletion	121
2L	580398	580298	Deletion	100
2L	580984	580865	Deletion	119
2L	580984	580865	Deletion	119
2L	580984	580875	Deletion	109
2L	580984	580877	Deletion	107
2L	580984	580879	Deletion	105
2L	580984	580901	Deletion	83
2L	580984	580950	Deletion	34
2L	580984	580953	Deletion	31
2L	582875	582761	Deletion	114
2L	582856	582761	Deletion	95
2L	582853	582761	Deletion	92
2L	582804	582761	Deletion	43
2L	586471	586353	Deletion	118
2L	586471	586357	Deletion	114
2L	586471	586392	Deletion	79
2L	586471	586393	Deletion	78
2L	586471	586407	Deletion	64
2L	586471	586426	Deletion	45
2L	586471	586438	Deletion	33
2L	586471	586441	Deletion	30
2L	586601	586539	Deletion	62
2L	586635	586539	Deletion	96
2L	586632	586539	Deletion	93
2L	586586	586539	Deletion	47
2L	586636	586539	Deletion	97
2L	586587	586539	Deletion	48
2L	586620	586539	Deletion	81
2L	586651	586539	Deletion	112
2L	591136	591012	Deletion	124
2L	600300	600181	Deletion	119
2L	600300	600221	Deletion	79
2L	600300	600231	Deletion	69
2L	600300	600236	Deletion	64
2L	600300	600243	Deletion	57
2L	604877	604808	Deletion	69
2L	604856	604808	Deletion	48
2L	604924	604808	Deletion	116
2L	604870	604808	Deletion	62
2L	604865	604808	Deletion	57
2L	633066	632945	Deletion	121
2L	672573	672451	Deletion	122
2L	685465	685345	Deletion	120
2L	685465	685355	Deletion	110
2L	685465	685429	Deletion	36
2L	686423	686332	Deletion	91
2L	686454	686332	Deletion	122
2L	686443	686332	Deletion	111
2L	691385	691336	Deletion	49
2L	695243	695209	Deletion	34
2L	695388	695267	Deletion	121
2L	711609	711511	Deletion	98
2L	711565	711511	Deletion	54
2L	711615	711511	Deletion	104
2L	711612	711511	Deletion	101
2L	711541	711511	Deletion	30
2L	715180	715117	Deletion	63
2L	715180	715133	Deletion	47
2L	715180	715141	Deletion	39
2L	722182	722118	Deletion	64
2L	722237	722118	Deletion	119
2L	722223	722118	Deletion	105
2L	722235	722118	Deletion	117
2L	722198	722118	Deletion	80
2L	722206	722118	Deletion	88
2L	734068	733947	Deletion	121
2L	734068	733980	Deletion	88
2L	734068	733991	Deletion	77
2L	734068	734013	Deletion	55
2L	734285	734168	Deletion	117
2L	734270	734168	Deletion	102
2L	734239	734168	Deletion	71
2L	734273	734168	Deletion	105
2L	734217	734168	Deletion	49
2L	734271	734168	Deletion	103
2L	734285	734168	Deletion	117
2L	734206	734168	Deletion	38
2L	766092	765968	Deletion	124
2L	766092	765997	Deletion	95
2L	766092	766010	Deletion	82
2L	766092	766027	Deletion	65
2L	775299	775268	Deletion	31
2L	775374	775268	Deletion	106
2L	775329	775268	Deletion	61
2L	775312	775268	Deletion	44
2L	792876	792763	Deletion	113
2L	792876	792797	Deletion	79
2L	792876	792820	Deletion	56
2L	792876	792829	Deletion	47
2L	796393	796283	Deletion	110
2L	796380	796283	Deletion	97
2L	796362	796283	Deletion	79
2L	796353	796283	Deletion	70
2L	796330	796283	Deletion	47
2L	801450	801336	Deletion	114
2L	801450	801354	Deletion	96
2L	801450	801373	Deletion	77
2L	801532	801502	Deletion	30
2L	801551	801502	Deletion	49
2L	816746	816655	Deletion	91
2L	818822	818785	Deletion	37
2L	818890	818785	Deletion	105
2L	837976	837876	Deletion	100
2L	837976	837927	Deletion	49
2L	840254	840175	Deletion	79
2L	840298	840175	Deletion	123
2L	845967	845869	Deletion	98
2L	845967	845881	Deletion	86
2L	845967	845887	Deletion	80
2L	845967	845894	Deletion	73
2L	845967	845909	Deletion	58
2L	845967	845921	Deletion	46
2L	845967	845929	Deletion	38
2L	845967	845936	Deletion	31
2L	846626	846571	Deletion	55
2L	846601	846571	Deletion	30
2L	846692	846571	Deletion	121
2L	846681	846571	Deletion	110
2L	846653	846571	Deletion	82
2L	846619	846571	Deletion	48
2L	846613	846571	Deletion	42
2L	846641	846571	Deletion	70
2L	846661	846571	Deletion	90
2L	846668	846571	Deletion	97
2L	846690	846571	Deletion	119
2L	848025	847922	Deletion	103
2L	848025	847931	Deletion	94
2L	848025	847986	Deletion	39
2L	848487	848397	Deletion	90
2L	848432	848397	Deletion	35
2L	848518	848397	Deletion	121
2L	865488	865439	Deletion	49
2L	865488	865451	Deletion	37
2L	865627	865537	Deletion	90
2L	865615	865537	Deletion	78
2L	871119	870997	Deletion	122
2L	919896	919781	Deletion	115
2L	919896	919782	Deletion	114
2L	919896	919825	Deletion	71
2L	919896	919833	Deletion	63
2L	919896	919837	Deletion	59
2L	920777	920710	Deletion	67
2L	920832	920710	Deletion	122
2L	920773	920710	Deletion	63
2L	920765	920710	Deletion	55
2L	924985	924862	Deletion	123
2L	943285	943178	Deletion	107
2L	945737	945621	Deletion	116
2L	952235	952110	Deletion	125
2L	959659	959567	Deletion	92
2L	959659	959592	Deletion	67
2L	959659	959610	Deletion	49
2L	959659	959628	Deletion	31
2L	962528	962433	Deletion	95
2L	962492	962433	Deletion	59
2L	962467	962433	Deletion	34
2L	962541	962433	Deletion	108
2L	962510	962433	Deletion	77
2L	974669	974558	Deletion	111
2L	974669	974565	Deletion	104
2L	974669	974570	Deletion	99
2L	974669	974580	Deletion	89
2L	974669	974603	Deletion	66
2L	974669	974608	Deletion	61
2L	974669	974610	Deletion	59
2L	974669	974622	Deletion	47
2L	974669	974639	Deletion	30
2L	981267	981149	Deletion	118
2L	982424	982348	Deletion	76
2L	984004	983922	Deletion	82
2L	984499	984429	Deletion	70
2L	996885	996792	Deletion	93
2L	999453	999400	Deletion	53
2L	1001782	1001660	Deletion	122
2L	1002658	1002577	Deletion	81
2L	1004136	1004020	Deletion	116
2L	1004423	1004347	Deletion	76
2L	1014946	1014829	Deletion	117
2L	1014933	1014829	Deletion	104
2L	1014896	1014829	Deletion	67
2L	1014925	1014829	Deletion	96
2L	1014926	1014829	Deletion	97
2L	1014904	1014829	Deletion	75
2L	1014874	1014829	Deletion	45
2L	1020308	1020190	Deletion	118
2L	1020308	1020244	Deletion	64
2L	1020308	1020262	Deletion	46
2L	1020308	1020270	Deletion	38
2L	1020308	1020272	Deletion	36
2L	1020819	1020728	Deletion	91
2L	1020791	1020728	Deletion	63
2L	1020817	1020728	Deletion	89
2L	1020809	1020728	Deletion	81
2L	1029225	1029104	Deletion	121
2L	1029225	1029109	Deletion	116
2L	1029225	1029116	Deletion	109
2L	1029225	1029119	Deletion	106
2L	1029225	1029137	Deletion	88
2L	1029225	1029147	Deletion	78
2L	1029225	1029150	Deletion	75
2L	1029225	1029167	Deletion	58
2L	1029225	1029182	Deletion	43
2L	1029225	1029188	Deletion	37
2L	1035600	1035517	Deletion	83
2L	1035555	1035517	Deletion	38
2L	1035585	1035517	Deletion	68
2L	1035631	1035517	Deletion	114
2L	1035568	1035517	Deletion	51
2L	1035606	1035517	Deletion	89
2L	1035565	1035517	Deletion	48
2L	1043314	1043190	Deletion	124
2L	1043314	1043196	Deletion	118
2L	1043314	1043209	Deletion	105
2L	1043314	1043219	Deletion	95
2L	1043314	1043221	Deletion	93
2L	1043314	1043238	Deletion	76
2L	1043314	1043240	Deletion	74
2L	1043314	1043280	Deletion	34
2L	1043471	1043419	Deletion	52
2L	1043511	1043419	Deletion	92
2L	1043469	1043419	Deletion	50
2L	1043450	1043419	Deletion	31
2L	1043516	1043419	Deletion	97
2L	1043542	1043419	Deletion	123
2L	1043452	1043419	Deletion	33
2L	1044463	1044338	Deletion	125
2L	1063006	1062888	Deletion	118
2L	1063006	1062891	Deletion	115
2L	1063006	1062918	Deletion	88
2L	1063006	1062953	Deletion	53
2L	1065537	1065497	Deletion	40
2L	1065572	1065497	Deletion	75
2L	1065610	1065497	Deletion	113
2L	1072125	1072004	Deletion	121
2L	1096001	1095879	Deletion	122
2L	1103772	1103670	Deletion	102
2L	1103772	1103681	Deletion	91
2L	1103772	1103689	Deletion	83
2L	1103772	1103715	Deletion	57
2L	1103772	1103729	Deletion	43
2L	1103906	1103871	Deletion	35
2L	1103979	1103871	Deletion	108
2L	1103985	1103871	Deletion	114
2L	1103940	1103871	Deletion	69
2L	1103954	1103871	Deletion	83
2L	1103989	1103871	Deletion	118
2L	1103914	1103871	Deletion	43
2L	1108042	1107960	Deletion	82
2L	1108042	1107969	Deletion	73
2L	1108042	1107997	Deletion	45
2L	1108042	1108008	Deletion	34
2L	1109616	1109517	Deletion	99
2L	1109598	1109517	Deletion	81
2L	1109561	1109517	Deletion	44
2L	1109570	1109517	Deletion	53
2L	1109609	1109517	Deletion	92
2L	1175523	1175401	Deletion	122
2L	1183356	1183233	Deletion	123
2L	1183356	1183271	Deletion	85
2L	1183356	1183280	Deletion	76
2L	1183356	1183307	Deletion	49
2L	1191020	1190970	Deletion	50
2L	1191047	1190970	Deletion	77
2L	1191011	1190970	Deletion	41
2L	1216031	1215909	Deletion	122
2L	1216031	1215922	Deletion	109
2L	1216031	1215974	Deletion	57
2L	1216031	1215980	Deletion	51
2L	1216031	1215995	Deletion	36
2L	1216728	1216615	Deletion	113
2L	1216707	1216615	Deletion	92
2L	1216692	1216615	Deletion	77
2L	1216719	1216615	Deletion	104
2L	1216686	1216615	Deletion	71
2L	1222051	1221929	Deletion	122
2L	1228530	1228415	Deletion	115
2L	1228530	1228421	Deletion	109
2L	1228530	1228421	Deletion	109
2L	1228530	1228431	Deletion	99
2L	1228530	1228475	Deletion	55
2L	1228530	1228484	Deletion	46
2L	1228530	1228497	Deletion	33
2L	1228845	1228752	Deletion	93
2L	1228823	1228752	Deletion	71
2L	1228832	1228752	Deletion	80
2L	1228932	1228833	Deletion	99
2L	1228932	1228868	Deletion	64
2L	1228932	1228870	Deletion	62
2L	1228932	1228898	Deletion	34
2L	1232069	1232005	Deletion	64
2L	1232097	1232005	Deletion	92
2L	1232123	1232005	Deletion	118
2L	1232114	1232005	Deletion	109
2L	1232067	1232005	Deletion	62
2L	1233894	1233777	Deletion	117
2L	1233894	1233823	Deletion	71
2L	1233894	1233835	Deletion	59
2L	1233894	1233835	Deletion	59
2L	1233894	1233846	Deletion	48
2L	1238355	1238286	Deletion	69
2L	1238366	1238286	Deletion	80
2L	1238343	1238286	Deletion	57
2L	1238396	1238286	Deletion	110
2L	1238355	1238286	Deletion	69
2L	1241052	1240952	Deletion	100
2L	1241052	1240952	Deletion	100
2L	1241052	1240967	Deletion	85
2L	1241052	1240971	Deletion	81
2L	1241052	1240989	Deletion	63
2L	1241052	1240994	Deletion	58
2L	1241052	1241020	Deletion	32
2L	1244084	1244016	Deletion	68
2L	1244079	1244016	Deletion	63
2L	1244120	1244016	Deletion	104
2L	1244116	1244016	Deletion	100
2L	1244061	1244016	Deletion	45
2L	1244057	1244016	Deletion	41
2L	1244110	1244016	Deletion	94
2L	1250889	1250787	Deletion	102
2L	1250889	1250803	Deletion	86
2L	1250889	1250828	Deletion	61
2L	1250889	1250844	Deletion	45
2L	1253956	1253916	Deletion	40
2L	1253981	1253916	Deletion	65
2L	1253997	1253916	Deletion	81
2L	1265854	1265733	Deletion	121
2L	1267040	1266926	Deletion	114
2L	1267040	1266927	Deletion	113
2L	1267040	1266953	Deletion	87
2L	1267040	1266998	Deletion	42
2L	1267040	1267002	Deletion	38
2L	1267201	1267090	Deletion	111
2L	1267174	1267090	Deletion	84
2L	1267178	1267090	Deletion	88
2L	1267129	1267090	Deletion	39
2L	1267189	1267090	Deletion	99
2L	1283701	1283615	Deletion	86
2L	1283701	1283620	Deletion	81
2L	1283701	1283624	Deletion	77
2L	1283701	1283630	Deletion	71
2L	1283701	1283643	Deletion	58
2L	1283701	1283650	Deletion	51
2L	1283701	1283671	Deletion	30
2L	1284549	1284500	Deletion	49
2L	1284596	1284500	Deletion	96
2L	1284545	1284500	Deletion	45
2L	1284575	1284500	Deletion	75
2L	1284601	1284500	Deletion	101
2L	1284540	1284500	Deletion	40
2L	1284555	1284500	Deletion	55
2L	1284568	1284500	Deletion	68
2L	1319017	1318907	Deletion	110
2L	1319017	1318943	Deletion	74
2L	1319017	1318977	Deletion	40
2L	1319017	1318980	Deletion	37
2L	1319017	1318983	Deletion	34
2L	1319200	1319108	Deletion	92
2L	1319194	1319108	Deletion	86
2L	1319197	1319108	Deletion	89
2L	1319160	1319108	Deletion	52
2L	1330429	1330361	Deletion	68
2L	1330429	1330362	Deletion	67
2L	1330429	1330386	Deletion	43
2L	1330429	1330397	Deletion	32
2L	1330429	1330397	Deletion	32
2L	1332499	1332378	Deletion	121
2L	1332472	1332378	Deletion	94
2L	1332436	1332378	Deletion	58
2L	1332482	1332378	Deletion	104
2L	1332472	1332378	Deletion	94
2L	1332437	1332378	Deletion	59
2L	1332461	1332378	Deletion	83
2L	1338744	1338621	Deletion	123
2L	1338744	1338635	Deletion	109
2L	1338744	1338662	Deletion	82
2L	1338744	1338695	Deletion	49
2L	1338744	1338697	Deletion	47
2L	1352033	1351989	Deletion	44
2L	1352097	1351989	Deletion	108
2L	1352068	1351989	Deletion	79
2L	1352099	1351989	Deletion	110
2L	1352108	1351989	Deletion	119
2L	1352066	1351989	Deletion	77
2L	1362474	1362396	Deletion	78
2L	1362474	1362396	Deletion	78
2L	1362474	1362401	Deletion	73
2L	1362474	1362403	Deletion	71
2L	1362474	1362404	Deletion	70
2L	1362474	1362408	Deletion	66
2L	1362599	1362551	Deletion	48
2L	1362606	1362551	Deletion	55
2L	1362604	1362551	Deletion	53
2L	1362611	1362551	Deletion	60
2L	1362607	1362551	Deletion	56
2L	1362599	1362551	Deletion	48
2L	1377587	1377475	Deletion	112
2L	1377587	1377478	Deletion	109
2L	1377587	1377481	Deletion	106
2L	1377587	1377503	Deletion	84
2L	1377587	1377508	Deletion	79
2L	1377587	1377548	Deletion	39
2L	1379242	1379120	Deletion	122
2L	1379168	1379120	Deletion	48
2L	1379163	1379120	Deletion	43
2L	1379208	1379120	Deletion	88
2L	1380360	1380255	Deletion	105
2L	1380360	1380270	Deletion	90
2L	1380360	1380279	Deletion	81
2L	1380360	1380290	Deletion	70
2L	1380360	1380291	Deletion	69
2L	1380650	1380604	Deletion	46
2L	1380676	1380604	Deletion	72
2L	1380662	1380604	Deletion	58
2L	1380661	1380604	Deletion	57
2L	1380641	1380604	Deletion	37
2L	1380676	1380621	Deletion	55
2L	1381465	1381420	Deletion	45
2L	1381492	1381420	Deletion	72
2L	1387266	1387144	Deletion	122
2L	1397590	1397482	Deletion	108
2L	1397590	1397490	Deletion	100
2L	1397590	1397539	Deletion	51
2L	1397590	1397546	Deletion	44
2L	1428016	1427941	Deletion	75
2L	1428049	1427941	Deletion	108
2L	1428023	1427941	Deletion	82
2L	1459265	1459168	Deletion	97
2L	1478800	1478684	Deletion	116
2L	1483325	1483205	Deletion	120
2L	1504626	1504512	Deletion	114
2L	1504626	1504533	Deletion	93
2L	1504626	1504539	Deletion	87
2L	1504626	1504541	Deletion	85
2L	1504626	1504545	Deletion	81
2L	1504626	1504588	Deletion	38
2L	1504626	1504590	Deletion	36
2L	1504626	1504596	Deletion	30
2L	1526738	1526658	Deletion	80
2L	1526732	1526658	Deletion	74
2L	1526730	1526658	Deletion	72
2L	1526937	1526831	Deletion	106
2L	1526937	1526851	Deletion	86
2L	1526937	1526853	Deletion	84
2L	1526937	1526907	Deletion	30
2L	1528995	1528871	Deletion	124
2L	1528913	1528871	Deletion	42
2L	1528967	1528871	Deletion	96
2L	1528911	1528871	Deletion	40
2L	1529313	1529201	Deletion	112
2L	1529313	1529209	Deletion	104
2L	1529313	1529232	Deletion	81
2L	1529313	1529277	Deletion	36
2L	1529422	1529374	Deletion	48
2L	1529467	1529374	Deletion	93
2L	1535182	1535095	Deletion	87
2L	1535182	1535120	Deletion	62
2L	1535182	1535123	Deletion	59
2L	1535182	1535143	Deletion	39
2L	1537346	1537277	Deletion	69
2L	1537318	1537277	Deletion	41
2L	1537396	1537277	Deletion	119
2L	1537343	1537277	Deletion	66
2L	1537366	1537277	Deletion	89
2L	1549734	1549672	Deletion	62
2L	1549966	1549842	Deletion	124
2L	1549906	1549842	Deletion	64
2L	1554652	1554578	Deletion	74
2L	1554652	1554580	Deletion	72
2L	1554652	1554586	Deletion	66
2L	1556173	1556110	Deletion	63
2L	1556165	1556110	Deletion	55
2L	1556167	1556110	Deletion	57
2L	1556307	1556203	Deletion	104
2L	1556307	1556208	Deletion	99
2L	1556307	1556243	Deletion	64
2L	1566139	1566077	Deletion	62
2L	1566744	1566625	Deletion	119
2L	1566744	1566637	Deletion	107
2L	1566744	1566647	Deletion	97
2L	1566744	1566665	Deletion	79
2L	1566744	1566696	Deletion	48
2L	1567032	1566953	Deletion	79
2L	1567001	1566953	Deletion	48
2L	1566983	1566953	Deletion	30
2L	1573191	1573104	Deletion	87
2L	1582737	1582618	Deletion	119
2L	1585583	1585459	Deletion	124
2L	1585583	1585460	Deletion	123
2L	1585583	1585486	Deletion	97
2L	1585583	1585521	Deletion	62
2L	1585583	1585540	Deletion	43
2L	1585583	1585545	Deletion	38
2L	1585583	1585553	Deletion	30
2L	1590049	1589938	Deletion	111
2L	1589970	1589938	Deletion	32
2L	1590024	1589938	Deletion	86
2L	1590045	1589938	Deletion	107
2L	1590005	1589938	Deletion	67
2L	1590059	1589938	Deletion	121
2L	1590037	1589938	Deletion	99
2L	1590029	1589938	Deletion	91
2L	1590057	1589938	Deletion	119
2L	1592392	1592288	Deletion	104
2L	1592392	1592329	Deletion	63
2L	1597611	1597548	Deletion	63
2L	1597662	1597551	Deletion	111
2L	1611028	1610909	Deletion	119
2L	1611028	1610914	Deletion	114
2L	1611028	1610989	Deletion	39
2L	1611028	1610990	Deletion	38
2L	1611028	1610991	Deletion	37
2L	1617838	1617805	Deletion	33
2L	1617838	1617805	Deletion	33
2L	1617838	1617805	Deletion	33
2L	1617838	1617805	Deletion	33
2L	1617838	1617807	Deletion	31
2L	1617838	1617808	Deletion	30
2L	1618563	1618509	Deletion	54
2L	1618565	1618509	Deletion	56
2L	1618621	1618509	Deletion	112
2L	1618604	1618509	Deletion	95
2L	1618564	1618509	Deletion	55
2L	1618594	1618509	Deletion	85
2L	1618621	1618509	Deletion	112
2L	1618608	1618509	Deletion	99
2L	1618605	1618509	Deletion	96
2L	1618633	1618509	Deletion	124
2L	1618591	1618509	Deletion	82
2L	1619479	1619367	Deletion	112
2L	1619479	1619368	Deletion	111
2L	1619479	1619391	Deletion	88
2L	1619479	1619392	Deletion	87
2L	1619479	1619419	Deletion	60
2L	1621487	1621419	Deletion	68
2L	1621459	1621419	Deletion	40
2L	1621460	1621419	Deletion	41
2L	1631141	1631019	Deletion	122
2L	1637412	1637320	Deletion	92
2L	1637412	1637333	Deletion	79
2L	1637412	1637358	Deletion	54
2L	1637513	1637466	Deletion	47
2L	1637538	1637466	Deletion	72
2L	1637500	1637466	Deletion	34
2L	1639626	1639503	Deletion	123
2L	1639626	1639514	Deletion	112
2L	1639626	1639561	Deletion	65
2L	1639809	1639701	Deletion	108
2L	1639763	1639701	Deletion	62
2L	1639937	1639816	Deletion	121
2L	1639937	1639849	Deletion	88
2L	1639937	1639858	Deletion	79
2L	1639937	1639886	Deletion	51
2L	1639937	1639906	Deletion	31
2L	1640261	1640160	Deletion	101
2L	1640268	1640160	Deletion	108
2L	1640198	1640160	Deletion	38
2L	1640235	1640160	Deletion	75
2L	1640263	1640160	Deletion	103
2L	1640276	1640160	Deletion	116
2L	1640255	1640160	Deletion	95
2L	1640207	1640160	Deletion	47
2L	1645036	1644914	Deletion	122
2L	1645036	1644923	Deletion	113
2L	1645036	1644928	Deletion	108
2L	1652633	1652556	Deletion	77
2L	1652633	1652597	Deletion	36
2L	1653212	1653096	Deletion	116
2L	1653188	1653096	Deletion	92
2L	1653147	1653096	Deletion	51
2L	1677055	1676939	Deletion	116
2L	1677055	1676951	Deletion	104
2L	1677055	1676988	Deletion	67
2L	1677055	1677013	Deletion	42
2L	1677729	1677643	Deletion	86
2L	1677763	1677643	Deletion	120
2L	1677704	1677643	Deletion	61
2L	1680112	1680014	Deletion	98
2L	1680313	1680194	Deletion	119
2L	1680959	1680884	Deletion	75
2L	1680959	1680925	Deletion	34
2L	1690562	1690450	Deletion	112
2L	1690562	1690457	Deletion	105
2L	1690562	1690529	Deletion	33
2L	1690562	1690529	Deletion	33
2L	1690710	1690617	Deletion	93
2L	1690710	1690617	Deletion	93
2L	1690728	1690617	Deletion	111
2L	1690726	1690617	Deletion	109
2L	1694370	1694248	Deletion	122
2L	1695516	1695392	Deletion	124
2L	1699451	1699329	Deletion	122
2L	1714119	1713996	Deletion	123
2L	1716888	1716796	Deletion	92
2L	1716888	1716806	Deletion	82
2L	1716888	1716808	Deletion	80
2L	1716888	1716833	Deletion	55
2L	1716888	1716855	Deletion	33
2L	1718511	1718438	Deletion	73
2L	1718486	1718438	Deletion	48
2L	1718484	1718438	Deletion	46
2L	1718533	1718438	Deletion	95
2L	1718474	1718438	Deletion	36
2L	1720623	1720499	Deletion	124
2L	1721995	1721874	Deletion	121
2L	1721995	1721880	Deletion	115
2L	1721995	1721932	Deletion	63
2L	1721995	1721952	Deletion	43
2L	1721995	1721952	Deletion	43
2L	1722275	1722191	Deletion	84
2L	1722310	1722191	Deletion	119
2L	1722275	1722191	Deletion	84
2L	1722311	1722191	Deletion	120
2L	1722293	1722191	Deletion	102
2L	1722255	1722191	Deletion	64
2L	1722296	1722191	Deletion	105
2L	1737678	1737567	Deletion	111
2L	1737678	1737622	Deletion	56
2L	1737678	1737634	Deletion	44
2L	1737678	1737644	Deletion	34
2L	1737678	1737644	Deletion	34
2L	1737840	1737769	Deletion	71
2L	1737852	1737769	Deletion	83
2L	1737862	1737769	Deletion	93
2L	1737862	1737769	Deletion	93
2L	1744237	1744150	Deletion	87
2L	1744237	1744172	Deletion	65
2L	1744237	1744182	Deletion	55
2L	1744237	1744183	Deletion	54
2L	1744237	1744189	Deletion	48
2L	1744937	1744859	Deletion	78
2L	1744898	1744859	Deletion	39
2L	1744959	1744859	Deletion	100
2L	1744920	1744859	Deletion	61
2L	1744930	1744859	Deletion	71
2L	1744931	1744859	Deletion	72
2L	1746577	1746460	Deletion	117
2L	1746577	1746491	Deletion	86
2L	1746577	1746495	Deletion	82
2L	1746577	1746505	Deletion	72
2L	1746577	1746516	Deletion	61
2L	1746577	1746525	Deletion	52
2L	1746577	1746525	Deletion	52
2L	1746577	1746533	Deletion	44
2L	1747483	1747429	Deletion	54
2L	1747503	1747429	Deletion	74
2L	1747473	1747429	Deletion	44
2L	1747511	1747429	Deletion	82
2L	1747469	1747429	Deletion	40
2L	1747503	1747429	Deletion	74
2L	1747494	1747429	Deletion	65
2L	1747543	1747429	Deletion	114
2L	1747546	1747429	Deletion	117
2L	1780639	1780598	Deletion	41
2L	1780804	1780689	Deletion	115
2L	1780788	1780689	Deletion	99
2L	1780775	1780689	Deletion	86
2L	1796421	1796309	Deletion	112
2L	1796421	1796322	Deletion	99
2L	1796421	1796358	Deletion	63
2L	1796421	1796361	Deletion	60
2L	1797933	1797870	Deletion	63
2L	1797936	1797870	Deletion	66
2L	1797983	1797870	Deletion	113
2L	1838479	1838405	Deletion	74
2L	1838479	1838413	Deletion	66
2L	1838479	1838416	Deletion	63
2L	1838479	1838422	Deletion	57
2L	1838479	1838430	Deletion	49
2L	1844656	1844603	Deletion	53
2L	1844681	1844603	Deletion	78
2L	1844664	1844603	Deletion	61
2L	1844673	1844603	Deletion	70
2L	1844667	1844603	Deletion	64
2L	1846565	1846454	Deletion	111
2L	1846565	1846470	Deletion	95
2L	1846565	1846482	Deletion	83
2L	1846565	1846492	Deletion	73
2L	1846565	1846502	Deletion	63
2L	1846565	1846503	Deletion	62
2L	1846833	1846770	Deletion	63
2L	1846834	1846770	Deletion	64
2L	1846886	1846770	Deletion	116
2L	1846823	1846770	Deletion	53
2L	1846801	1846770	Deletion	31
2L	1846813	1846770	Deletion	43
2L	1872369	1872268	Deletion	101
2L	1872369	1872283	Deletion	86
2L	1872369	1872285	Deletion	84
2L	1872369	1872286	Deletion	83
2L	1872369	1872338	Deletion	31
2L	1880918	1880875	Deletion	43
2L	1880971	1880875	Deletion	96
2L	1880919	1880875	Deletion	44
2L	1880916	1880875	Deletion	41
2L	1880976	1880875	Deletion	101
2L	1885111	1885006	Deletion	105
2L	1885111	1885036	Deletion	75
2L	1885873	1885775	Deletion	98
2L	1885827	1885775	Deletion	52
2L	1895952	1895862	Deletion	90
2L	1895952	1895873	Deletion	79
2L	1895952	1895895	Deletion	57
2L	1895952	1895906	Deletion	46
2L	1896058	1896011	Deletion	47
2L	1896114	1896011	Deletion	103
2L	1896047	1896011	Deletion	36
2L	1896131	1896011	Deletion	120
2L	1899836	1899736	Deletion	100
2L	1899836	1899744	Deletion	92
2L	1899836	1899802	Deletion	34
2L	1899987	1899895	Deletion	92
2L	1899929	1899895	Deletion	34
2L	1899975	1899895	Deletion	80
2L	1899964	1899895	Deletion	69
2L	1906192	1906092	Deletion	100
2L	1906192	1906101	Deletion	91
2L	1906192	1906112	Deletion	80
2L	1906192	1906117	Deletion	75
2L	1906192	1906120	Deletion	72
2L	1906192	1906135	Deletion	57
2L	1906481	1906435	Deletion	46
2L	1906538	1906435	Deletion	103
2L	1906504	1906435	Deletion	69
2L	1906486	1906435	Deletion	51
2L	1906489	1906435	Deletion	54
2L	1906470	1906435	Deletion	35
2L	1908714	1908614	Deletion	100
2L	1908714	1908618	Deletion	96
2L	1908714	1908642	Deletion	72
2L	1908714	1908671	Deletion	43
2L	1909317	1909234	Deletion	83
2L	1909288	1909234	Deletion	54
2L	1909341	1909234	Deletion	107
2L	1909264	1909234	Deletion	30
2L	1923030	1922909	Deletion	121
2L	1925540	1925416	Deletion	124
2L	1925540	1925419	Deletion	121
2L	1925540	1925433	Deletion	107
2L	1925540	1925446	Deletion	94
2L	1925540	1925477	Deletion	63
2L	1925540	1925499	Deletion	41
2L	1927323	1927207	Deletion	116
2L	1927311	1927207	Deletion	104
2L	1927242	1927207	Deletion	35
2L	1927295	1927207	Deletion	88
2L	1927273	1927207	Deletion	66
2L	1938947	1938842	Deletion	105
2L	1938947	1938844	Deletion	103
2L	1938947	1938850	Deletion	97
2L	1938947	1938897	Deletion	50
2L	1938947	1938909	Deletion	38
2L	1939946	1939856	Deletion	90
2L	1939934	1939856	Deletion	78
2L	1939966	1939856	Deletion	110
2L	1939958	1939856	Deletion	102
2L	1939887	1939856	Deletion	31
2L	1941302	1941192	Deletion	110
2L	1941302	1941203	Deletion	99
2L	1941302	1941209	Deletion	93
2L	1941302	1941229	Deletion	73
2L	1941302	1941234	Deletion	68
2L	1941302	1941250	Deletion	52
2L	1941302	1941255	Deletion	47
2L	1941302	1941271	Deletion	31
2L	1944980	1944946	Deletion	34
2L	1945021	1944946	Deletion	75
2L	1945042	1944946	Deletion	96
2L	1945005	1944946	Deletion	59
2L	1945000	1944946	Deletion	54
2L	1945046	1944946	Deletion	100
2L	1945051	1944946	Deletion	105
2L	1945026	1944946	Deletion	80
2L	1948397	1948280	Deletion	117
2L	1948397	1948298	Deletion	99
2L	1948397	1948359	Deletion	38
2L	1951465	1951347	Deletion	118
2L	1951436	1951347	Deletion	89
2L	1951467	1951347	Deletion	120
2L	1953156	1953049	Deletion	107
2L	1953156	1953069	Deletion	87
2L	1953156	1953075	Deletion	81
2L	1953156	1953094	Deletion	62
2L	1953156	1953098	Deletion	58
2L	1955265	1955226	Deletion	39
2L	1955327	1955226	Deletion	101
2L	1955271	1955226	Deletion	45
2L	1955290	1955226	Deletion	64
2L	1955294	1955226	Deletion	68
2L	1960380	1960277	Deletion	103
2L	1960380	1960289	Deletion	91
2L	1960380	1960293	Deletion	87
2L	1960380	1960325	Deletion	55
2L	1963308	1963187	Deletion	121
2L	1963258	1963187	Deletion	71
2L	1963287	1963187	Deletion	100
2L	1963226	1963187	Deletion	39
2L	1963222	1963187	Deletion	35
2L	1966761	1966702	Deletion	59
2L	1966761	1966704	Deletion	57
2L	1966947	1966841	Deletion	106
2L	1966963	1966841	Deletion	122
2L	1966958	1966841	Deletion	117
2L	1966910	1966841	Deletion	69
2L	1966908	1966841	Deletion	67
2L	1983638	1983546	Deletion	92
2L	1992214	1992103	Deletion	111
2L	1992214	1992172	Deletion	42
2L	1992214	1992179	Deletion	35
2L	2002232	2002148	Deletion	84
2L	2002272	2002148	Deletion	124
2L	2002248	2002148	Deletion	100
2L	2002250	2002148	Deletion	102
2L	2002239	2002148	Deletion	91
2L	2002360	2002255	Deletion	105
2L	2002360	2002259	Deletion	101
2L	2002360	2002282	Deletion	78
2L	2002360	2002288	Deletion	72
2L	2002360	2002304	Deletion	56
2L	2002360	2002314	Deletion	46
2L	2008973	2008892	Deletion	81
2L	2008963	2008892	Deletion	71
2L	2008947	2008892	Deletion	55
2L	2009003	2008892	Deletion	111
2L	2008941	2008892	Deletion	49
2L	2008996	2008892	Deletion	104
2L	2010231	2010112	Deletion	119
2L	2010231	2010143	Deletion	88
2L	2010231	2010194	Deletion	37
2L	2011244	2011155	Deletion	89
2L	2011270	2011155	Deletion	115
2L	2011277	2011155	Deletion	122
2L	2011193	2011155	Deletion	38
2L	2016784	2016667	Deletion	117
2L	2016784	2016677	Deletion	107
2L	2016784	2016735	Deletion	49
2L	2016784	2016743	Deletion	41
2L	2016932	2016847	Deletion	85
2L	2016924	2016847	Deletion	77
2L	2016965	2016850	Deletion	115
2L	2032392	2032272	Deletion	120
2L	2032392	2032287	Deletion	105
2L	2032392	2032288	Deletion	104
2L	2032392	2032294	Deletion	98
2L	2032392	2032321	Deletion	71
2L	2032392	2032342	Deletion	50
2L	2032392	2032354	Deletion	38
2L	2032392	2032360	Deletion	32
2L	2032392	2032361	Deletion	31
2L	2039013	2038909	Deletion	104
2L	2038965	2038909	Deletion	56
2L	2038986	2038909	Deletion	77
2L	2038999	2038909	Deletion	90
2L	2039004	2038909	Deletion	95
2L	2039018	2038909	Deletion	109
2L	2039005	2038909	Deletion	96
2L	2039026	2038909	Deletion	117
2L	2048428	2048340	Deletion	88
2L	2048428	2048346	Deletion	82
2L	2048428	2048375	Deletion	53
2L	2048428	2048394	Deletion	34
2L	2057711	2057614	Deletion	97
2L	2057692	2057614	Deletion	78
2L	2057657	2057614	Deletion	43
2L	2057726	2057614	Deletion	112
2L	2057663	2057614	Deletion	49
2L	2058048	2057923	Deletion	125
2L	2068746	2068633	Deletion	113
2L	2068746	2068669	Deletion	77
2L	2068746	2068672	Deletion	74
2L	2068746	2068693	Deletion	53
2L	2068746	2068714	Deletion	32
2L	2070043	2069968	Deletion	75
2L	2070064	2069968	Deletion	96
2L	2070022	2069968	Deletion	54
2L	2070019	2069968	Deletion	51
2L	2070091	2069968	Deletion	123
2L	2077980	2077868	Deletion	112
2L	2077980	2077891	Deletion	89
2L	2077980	2077901	Deletion	79
2L	2077980	2077911	Deletion	69
2L	2077980	2077942	Deletion	38
2L	2079001	2078944	Deletion	57
2L	2079043	2078944	Deletion	99
2L	2078991	2078944	Deletion	47
2L	2079057	2078944	Deletion	113
2L	2078981	2078944	Deletion	37
2L	2079062	2078944	Deletion	118
2L	2079032	2078944	Deletion	88
2L	2079051	2078944	Deletion	107
2L	2084625	2084507	Deletion	118
2L	2084625	2084514	Deletion	111
2L	2084625	2084529	Deletion	96
2L	2084625	2084529	Deletion	96
2L	2084625	2084554	Deletion	71
2L	2084625	2084560	Deletion	65
2L	2084625	2084567	Deletion	58
2L	2084625	2084579	Deletion	46
2L	2084625	2084580	Deletion	45
2L	2084625	2084591	Deletion	34
2L	2085405	2085313	Deletion	92
2L	2085368	2085313	Deletion	55
2L	2085394	2085313	Deletion	81
2L	2085374	2085313	Deletion	61
2L	2085412	2085313	Deletion	99
2L	2085393	2085313	Deletion	80
2L	2085381	2085313	Deletion	68
2L	2085343	2085313	Deletion	30
2L	2085434	2085313	Deletion	121
2L	2085343	2085313	Deletion	30
2L	2091933	2091861	Deletion	72
2L	2091933	2091884	Deletion	49
2L	2092484	2092361	Deletion	123
2L	2092481	2092361	Deletion	120
2L	2092416	2092361	Deletion	55
2L	2092439	2092361	Deletion	78
2L	2092473	2092361	Deletion	112
2L	2092461	2092361	Deletion	100
2L	2094646	2094536	Deletion	110
2L	2094642	2094536	Deletion	106
2L	2094646	2094537	Deletion	109
2L	2094646	2094546	Deletion	100
2L	2094646	2094550	Deletion	96
2L	2094646	2094563	Deletion	83
2L	2094646	2094586	Deletion	60
2L	2094646	2094594	Deletion	52
2L	2094646	2094601	Deletion	45
2L	2094646	2094605	Deletion	41
2L	2094646	2094609	Deletion	37
2L	2096314	2096240	Deletion	74
2L	2096325	2096240	Deletion	85
2L	2096321	2096240	Deletion	81
2L	2096270	2096240	Deletion	30
2L	2096341	2096240	Deletion	101
2L	2096283	2096240	Deletion	43
2L	2096306	2096240	Deletion	66
2L	2096329	2096240	Deletion	89
2L	2103506	2103385	Deletion	121
2L	2104793	2104721	Deletion	72
2L	2105304	2105232	Deletion	72
2L	2106630	2106509	Deletion	121
2L	2107546	2107441	Deletion	105
2L	2110889	2110775	Deletion	114
2L	2110889	2110778	Deletion	111
2L	2110889	2110786	Deletion	103
2L	2110889	2110800	Deletion	89
2L	2110889	2110803	Deletion	86
2L	2110889	2110811	Deletion	78
2L	2110889	2110829	Deletion	60
2L	2110889	2110837	Deletion	52
2L	2113337	2113292	Deletion	45
2L	2114056	2113970	Deletion	86
2L	2114072	2113973	Deletion	99
2L	2117561	2117440	Deletion	121
2L	2130680	2130569	Deletion	111
2L	2130680	2130591	Deletion	89
2L	2130680	2130595	Deletion	85
2L	2130680	2130603	Deletion	77
2L	2130680	2130643	Deletion	37
2L	2131714	2131673	Deletion	41
2L	2131770	2131673	Deletion	97
2L	2131783	2131673	Deletion	110
2L	2131710	2131673	Deletion	37
2L	2131762	2131673	Deletion	89
2L	2131722	2131673	Deletion	49
2L	2131797	2131673	Deletion	124
2L	2132276	2132157	Deletion	119
2L	2132276	2132166	Deletion	110
2L	2132276	2132172	Deletion	104
2L	2132276	2132172	Deletion	104
2L	2132276	2132187	Deletion	89
2L	2132276	2132204	Deletion	72
2L	2132276	2132215	Deletion	61
2L	2132276	2132237	Deletion	39
2L	2139885	2139797	Deletion	88
2L	2139863	2139797	Deletion	66
2L	2139852	2139797	Deletion	55
2L	2139835	2139797	Deletion	38
2L	2148154	2148044	Deletion	110
2L	2148154	2148070	Deletion	84
2L	2148154	2148093	Deletion	61
2L	2148411	2148307	Deletion	104
2L	2148373	2148307	Deletion	66
2L	2148350	2148307	Deletion	43
2L	2150589	2150471	Deletion	118
2L	2150589	2150473	Deletion	116
2L	2150589	2150476	Deletion	113
2L	2150589	2150482	Deletion	107
2L	2150589	2150483	Deletion	106
2L	2150589	2150521	Deletion	68
2L	2150589	2150529	Deletion	60
2L	2150589	2150535	Deletion	54
2L	2150589	2150559	Deletion	30
2L	2151074	2151002	Deletion	72
2L	2151098	2151002	Deletion	96
2L	2151068	2151002	Deletion	66
2L	2151060	2151002	Deletion	58
2L	2151107	2151002	Deletion	105
2L	2157950	2157839	Deletion	111
2L	2157950	2157850	Deletion	100
2L	2157950	2157862	Deletion	88
2L	2157950	2157863	Deletion	87
2L	2157950	2157912	Deletion	38
2L	2175681	2175641	Deletion	40
2L	2175756	2175641	Deletion	115
2L	2175756	2175641	Deletion	115
2L	2175730	2175641	Deletion	89
2L	2175680	2175641	Deletion	39
2L	2179104	2179021	Deletion	83
2L	2179104	2179065	Deletion	39
2L	2190876	2190832	Deletion	44
2L	2190920	2190832	Deletion	88
2L	2190932	2190832	Deletion	100
2L	2190944	2190832	Deletion	112
2L	2208181	2208060	Deletion	121
2L	2211031	2210937	Deletion	94
2L	2211031	2210937	Deletion	94
2L	2211031	2210958	Deletion	73
2L	2211031	2210968	Deletion	63
2L	2211031	2210973	Deletion	58
2L	2222029	2221966	Deletion	63
2L	2222077	2221966	Deletion	111
2L	2221998	2221966	Deletion	32
2L	2222019	2221966	Deletion	53
2L	2222034	2221966	Deletion	68
2L	2222064	2221966	Deletion	98
2L	2221998	2221968	Deletion	30
2L	2226602	2226482	Deletion	120
2L	2226602	2226485	Deletion	117
2L	2226602	2226488	Deletion	114
2L	2226602	2226501	Deletion	101
2L	2270469	2270379	Deletion	90
2L	2270469	2270394	Deletion	75
2L	2270678	2270641	Deletion	37
2L	2270693	2270641	Deletion	52
2L	2273217	2273165	Deletion	52
2L	2273217	2273174	Deletion	43
2L	2273856	2273782	Deletion	74
2L	2273865	2273782	Deletion	83
2L	2280814	2280719	Deletion	95
2L	2280814	2280722	Deletion	92
2L	2280814	2280725	Deletion	89
2L	2280814	2280727	Deletion	87
2L	2280814	2280734	Deletion	80
2L	2280814	2280742	Deletion	72
2L	2285205	2285159	Deletion	46
2L	2285193	2285159	Deletion	34
2L	2285277	2285159	Deletion	118
2L	2285196	2285159	Deletion	37
2L	2285256	2285159	Deletion	97
2L	2285213	2285159	Deletion	54
2L	2285190	2285159	Deletion	31
2L	2285198	2285159	Deletion	39
2L	2295759	2295646	Deletion	113
2L	2296676	2296563	Deletion	113
2L	2297389	2297280	Deletion	109
2L	2298289	2298161	Deletion	128
2L	2305597	2305473	Deletion	124
2L	2323905	2323782	Deletion	123
2L	2323905	2323790	Deletion	115
2L	2323905	2323824	Deletion	81
2L	2323905	2323862	Deletion	43
2L	2329473	2329388	Deletion	85
2L	2329495	2329388	Deletion	107
2L	2329491	2329388	Deletion	103
2L	2329435	2329388	Deletion	47
2L	2329501	2329388	Deletion	113
2L	2341143	2341066	Deletion	77
2L	2341143	2341082	Deletion	61
2L	2341143	2341092	Deletion	51
2L	2342748	2342645	Deletion	103
2L	2342742	2342645	Deletion	97
2L	2342710	2342645	Deletion	65
2L	2342720	2342645	Deletion	75
2L	2342694	2342645	Deletion	49
2L	2343007	2342886	Deletion	121
2L	2348881	2348797	Deletion	84
2L	2348881	2348815	Deletion	66
2L	2348878	2348846	Deletion	32
2L	2349615	2349555	Deletion	60
2L	2349597	2349555	Deletion	42
2L	2349646	2349555	Deletion	91
2L	2349665	2349555	Deletion	110
2L	2362638	2362514	Deletion	124
2L	2362638	2362515	Deletion	123
2L	2362638	2362527	Deletion	111
2L	2362638	2362531	Deletion	107
2L	2362638	2362534	Deletion	104
2L	2362638	2362538	Deletion	100
2L	2362887	2362775	Deletion	112
2L	2362883	2362775	Deletion	108
2L	2373489	2373391	Deletion	98
2L	2373489	2373408	Deletion	81
2L	2373489	2373409	Deletion	80
2L	2373489	2373415	Deletion	74
2L	2373489	2373432	Deletion	57
2L	2373489	2373439	Deletion	50
2L	2379567	2379521	Deletion	46
2L	2379598	2379521	Deletion	77
2L	2379574	2379521	Deletion	53
2L	2379644	2379521	Deletion	123
2L	2379568	2379521	Deletion	47
2L	2379591	2379521	Deletion	70
2L	2379636	2379521	Deletion	115
2L	2391392	2391268	Deletion	124
2L	2391392	2391271	Deletion	121
2L	2391392	2391285	Deletion	107
2L	2396267	2396154	Deletion	113
2L	2396260	2396154	Deletion	106
2L	2396258	2396154	Deletion	104
2L	2400404	2400282	Deletion	122
2L	2400404	2400296	Deletion	108
2L	2400404	2400316	Deletion	88
2L	2400404	2400318	Deletion	86
2L	2400404	2400359	Deletion	45
2L	2400404	2400371	Deletion	33
2L	2400550	2400457	Deletion	93
2L	2400563	2400457	Deletion	106
2L	2400538	2400457	Deletion	81
2L	2400495	2400457	Deletion	38
2L	2400497	2400457	Deletion	40
2L	2402976	2402865	Deletion	111
2L	2402976	2402884	Deletion	92
2L	2402976	2402886	Deletion	90
2L	2402976	2402891	Deletion	85
2L	2402976	2402937	Deletion	39
2L	2408609	2408522	Deletion	87
2L	2408563	2408522	Deletion	41
2L	2408556	2408522	Deletion	34
2L	2408558	2408522	Deletion	36
2L	2409860	2409776	Deletion	84
2L	2409860	2409810	Deletion	50
2L	2409860	2409812	Deletion	48
2L	2409860	2409821	Deletion	39
2L	2409860	2409823	Deletion	37
2L	2414749	2414662	Deletion	87
2L	2414766	2414662	Deletion	104
2L	2414780	2414662	Deletion	118
2L	2414738	2414662	Deletion	76
2L	2414740	2414662	Deletion	78
2L	2414704	2414662	Deletion	42
2L	2414781	2414662	Deletion	119
2L	2414751	2414662	Deletion	89
2L	2428904	2428822	Deletion	82
2L	2429002	2428958	Deletion	44
2L	2443759	2443668	Deletion	91
2L	2445086	2444989	Deletion	97
2L	2445106	2444989	Deletion	117
2L	2445024	2444989	Deletion	35
2L	2447131	2447009	Deletion	122
2L	2447131	2447016	Deletion	115
2L	2447131	2447035	Deletion	96
2L	2447131	2447045	Deletion	86
2L	2447131	2447047	Deletion	84
2L	2447131	2447070	Deletion	61
2L	2447337	2447297	Deletion	40
2L	2447362	2447297	Deletion	65
2L	2447420	2447297	Deletion	123
2L	2447394	2447297	Deletion	97
2L	2447339	2447297	Deletion	42
2L	2447398	2447297	Deletion	101
2L	2447327	2447297	Deletion	30
2L	2470409	2470299	Deletion	110
2L	2470409	2470306	Deletion	103
2L	2470409	2470307	Deletion	102
2L	2470409	2470318	Deletion	91
2L	2470409	2470319	Deletion	90
2L	2470409	2470341	Deletion	68
2L	2470515	2470480	Deletion	35
2L	2470603	2470480	Deletion	123
2L	2470517	2470480	Deletion	37
2L	2470587	2470480	Deletion	107
2L	2470538	2470480	Deletion	58
2L	2477293	2477171	Deletion	122
2L	2477293	2477180	Deletion	113
2L	2477293	2477195	Deletion	98
2L	2477293	2477200	Deletion	93
2L	2477293	2477218	Deletion	75
2L	2477293	2477238	Deletion	55
2L	2477293	2477239	Deletion	54
2L	2484685	2484651	Deletion	34
2L	2484723	2484651	Deletion	72
2L	2484758	2484651	Deletion	107
2L	2484703	2484651	Deletion	52
2L	2484758	2484651	Deletion	107
2L	2484724	2484651	Deletion	73
2L	2485006	2484896	Deletion	110
2L	2485006	2484917	Deletion	89
2L	2485006	2484959	Deletion	47
2L	2485006	2484961	Deletion	45
2L	2485006	2484965	Deletion	41
2L	2485006	2484975	Deletion	31
2L	2494449	2494369	Deletion	80
2L	2494465	2494369	Deletion	96
2L	2494407	2494369	Deletion	38
2L	2494451	2494369	Deletion	82
2L	2494477	2494369	Deletion	108
2L	2494455	2494369	Deletion	86
2L	2494475	2494369	Deletion	106
2L	2494473	2494369	Deletion	104
2L	2502659	2502554	Deletion	105
2L	2502659	2502574	Deletion	85
2L	2502659	2502626	Deletion	33
2L	2502975	2502859	Deletion	116
2L	2502901	2502859	Deletion	42
2L	2502953	2502859	Deletion	94
2L	2512324	2512206	Deletion	118
2L	2512324	2512233	Deletion	91
2L	2512324	2512253	Deletion	71
2L	2512324	2512276	Deletion	48
2L	2512324	2512286	Deletion	38
2L	2512324	2512290	Deletion	34
2L	2512531	2512416	Deletion	115
2L	2512504	2512416	Deletion	88
2L	2512494	2512416	Deletion	78
2L	2512471	2512416	Deletion	55
2L	2512508	2512416	Deletion	92
2L	2512530	2512416	Deletion	114
2L	2512523	2512416	Deletion	107
2L	2512451	2512419	Deletion	32
2L	2526362	2526252	Deletion	110
2L	2526362	2526308	Deletion	54
2L	2526994	2526881	Deletion	113
2L	2526953	2526881	Deletion	72
2L	2534935	2534843	Deletion	92
2L	2534935	2534872	Deletion	63
2L	2534935	2534888	Deletion	47
2L	2534935	2534888	Deletion	47
2L	2534935	2534900	Deletion	35
2L	2534935	2534902	Deletion	33
2L	2534935	2534905	Deletion	30
2L	2559401	2559288	Deletion	113
2L	2559368	2559288	Deletion	80
2L	2559382	2559288	Deletion	94
2L	2559323	2559288	Deletion	35
2L	2559352	2559288	Deletion	64
2L	2559385	2559288	Deletion	97
2L	2559410	2559288	Deletion	122
2L	2559380	2559288	Deletion	92
2L	2559396	2559288	Deletion	108
2L	2559368	2559288	Deletion	80
2L	2560823	2560726	Deletion	97
2L	2560823	2560732	Deletion	91
2L	2560823	2560750	Deletion	73
2L	2560823	2560771	Deletion	52
2L	2561242	2561187	Deletion	55
2L	2561218	2561187	Deletion	31
2L	2561263	2561187	Deletion	76
2L	2561224	2561187	Deletion	37
2L	2566410	2566329	Deletion	81
2L	2568360	2568249	Deletion	111
2L	2568487	2568441	Deletion	46
2L	2569137	2569013	Deletion	124
2L	2569379	2569329	Deletion	50
2L	2569385	2569329	Deletion	56
2L	2570625	2570593	Deletion	32
2L	2576334	2576216	Deletion	118
2L	2580315	2580217	Deletion	98
2L	2580315	2580220	Deletion	95
2L	2580315	2580221	Deletion	94
2L	2580315	2580247	Deletion	68
2L	2580315	2580276	Deletion	39
2L	2580315	2580284	Deletion	31
2L	2583072	2582961	Deletion	111
2L	2583048	2582961	Deletion	87
2L	2583056	2582961	Deletion	95
2L	2582993	2582961	Deletion	32
2L	2583081	2582961	Deletion	120
2L	2583069	2582961	Deletion	108
2L	2582992	2582961	Deletion	31
2L	2583019	2582961	Deletion	58
2L	2586618	2586519	Deletion	99
2L	2586618	2586538	Deletion	80
2L	2586618	2586539	Deletion	79
2L	2586618	2586568	Deletion	50
2L	2586618	2586571	Deletion	47
2L	2587390	2587344	Deletion	46
2L	2587391	2587344	Deletion	47
2L	2587420	2587344	Deletion	76
2L	2587423	2587344	Deletion	79
2L	2591913	2591791	Deletion	122
2L	2591913	2591841	Deletion	72
2L	2591913	2591842	Deletion	71
2L	2591913	2591851	Deletion	62
2L	2591913	2591858	Deletion	55
2L	2600983	2600912	Deletion	71
2L	2600976	2600912	Deletion	64
2L	2601032	2600912	Deletion	120
2L	2601033	2600912	Deletion	121
2L	2600966	2600912	Deletion	54
2L	2600967	2600912	Deletion	55
2L	2601016	2600912	Deletion	104
2L	2603039	2602918	Deletion	121
2L	2610683	2610586	Deletion	97
2L	2610683	2610595	Deletion	88
2L	2610683	2610613	Deletion	70
2L	2610683	2610627	Deletion	56
2L	2610683	2610643	Deletion	40
2L	2610683	2610644	Deletion	39
2L	2626670	2626555	Deletion	115
2L	2626660	2626555	Deletion	105
2L	2626625	2626555	Deletion	70
2L	2626641	2626555	Deletion	86
2L	2626611	2626555	Deletion	56
2L	2626642	2626555	Deletion	87
2L	2626593	2626555	Deletion	38
2L	2626668	2626555	Deletion	113
2L	2636929	2636807	Deletion	122
2L	2636929	2636816	Deletion	113
2L	2636929	2636840	Deletion	89
2L	2636929	2636848	Deletion	81
2L	2657201	2657079	Deletion	122
2L	2657198	2657079	Deletion	119
2L	2657117	2657079	Deletion	38
2L	2657177	2657079	Deletion	98
2L	2657125	2657089	Deletion	36
2L	2658311	2658200	Deletion	111
2L	2658311	2658201	Deletion	110
2L	2658311	2658223	Deletion	88
2L	2658311	2658260	Deletion	51
2L	2662375	2662336	Deletion	39
2L	2670635	2670527	Deletion	108
2L	2670565	2670527	Deletion	38
2L	2670602	2670527	Deletion	75
2L	2670641	2670527	Deletion	114
2L	2675197	2675076	Deletion	121
2L	2675197	2675098	Deletion	99
2L	2675197	2675109	Deletion	88
2L	2675197	2675109	Deletion	88
2L	2675197	2675110	Deletion	87
2L	2675197	2675132	Deletion	65
2L	2675197	2675138	Deletion	59
2L	2675197	2675152	Deletion	45
2L	2675788	2675688	Deletion	100
2L	2675756	2675688	Deletion	68
2L	2675728	2675688	Deletion	40
2L	2675808	2675688	Deletion	120
2L	2675770	2675688	Deletion	82
2L	2675750	2675688	Deletion	62
2L	2675811	2675688	Deletion	123
2L	2675727	2675688	Deletion	39
2L	2675727	2675688	Deletion	39
2L	2676800	2676677	Deletion	123
2L	2676800	2676692	Deletion	108
2L	2676800	2676713	Deletion	87
2L	2676800	2676718	Deletion	82
2L	2676800	2676748	Deletion	52
2L	2677125	2677079	Deletion	46
2L	2677155	2677079	Deletion	76
2L	2677120	2677079	Deletion	41
2L	2680470	2680348	Deletion	122
2L	2682901	2682777	Deletion	124
2L	2684063	2683939	Deletion	124
2L	2684063	2683997	Deletion	66
2L	2684063	2684006	Deletion	57
2L	2684063	2684006	Deletion	57
2L	2684063	2684031	Deletion	32
2L	2686489	2686428	Deletion	61
2L	2686535	2686428	Deletion	107
2L	2686551	2686428	Deletion	123
2L	2686498	2686428	Deletion	70
2L	2686498	2686428	Deletion	70
2L	2686523	2686428	Deletion	95
2L	2696586	2696516	Deletion	70
2L	2696586	2696521	Deletion	65
2L	2696586	2696535	Deletion	51
2L	2696586	2696548	Deletion	38
2L	2698300	2698244	Deletion	56
2L	2698332	2698244	Deletion	88
2L	2698319	2698244	Deletion	75
2L	2698305	2698244	Deletion	61
2L	2713587	2713472	Deletion	115
2L	2713587	2713483	Deletion	104
2L	2713587	2713497	Deletion	90
2L	2713587	2713530	Deletion	57
2L	2713587	2713536	Deletion	51
2L	2713587	2713547	Deletion	40
2L	2713717	2713679	Deletion	38
2L	2713756	2713679	Deletion	77
2L	2713767	2713679	Deletion	88
2L	2713750	2713679	Deletion	71
2L	2729324	2729201	Deletion	123
2L	2729324	2729223	Deletion	101
2L	2729324	2729252	Deletion	72
2L	2729324	2729274	Deletion	50
2L	2729324	2729278	Deletion	46
2L	2729324	2729281	Deletion	43
2L	2729324	2729294	Deletion	30
2L	2729873	2729772	Deletion	101
2L	2729826	2729772	Deletion	54
2L	2729855	2729772	Deletion	83
2L	2729848	2729772	Deletion	76
2L	2729868	2729772	Deletion	96
2L	2729852	2729772	Deletion	80
2L	2732450	2732343	Deletion	107
2L	2732450	2732354	Deletion	96
2L	2732450	2732378	Deletion	72
2L	2732450	2732382	Deletion	68
2L	2732450	2732410	Deletion	40
2L	2732450	2732420	Deletion	30
2L	2736397	2736309	Deletion	88
2L	2736341	2736309	Deletion	32
2L	2736407	2736309	Deletion	98
2L	2736365	2736309	Deletion	56
2L	2736369	2736314	Deletion	55
2L	2738843	2738746	Deletion	97
2L	2738843	2738770	Deletion	73
2L	2738843	2738773	Deletion	70
2L	2738843	2738783	Deletion	60
2L	2738843	2738811	Deletion	32
2L	2739041	2738941	Deletion	100
2L	2738996	2738941	Deletion	55
2L	2739009	2738941	Deletion	68
2L	2738999	2738941	Deletion	58
2L	2739037	2738941	Deletion	96
2L	2738972	2738941	Deletion	31
2L	2739061	2738941	Deletion	120
2L	2739222	2739103	Deletion	119
2L	2739222	2739113	Deletion	109
2L	2739222	2739113	Deletion	109
2L	2739222	2739124	Deletion	98
2L	2739222	2739141	Deletion	81
2L	2739222	2739160	Deletion	62
2L	2739222	2739188	Deletion	34
2L	2755480	2755435	Deletion	45
2L	2755551	2755435	Deletion	116
2L	2755499	2755435	Deletion	64
2L	2755528	2755436	Deletion	92
2L	2768219	2768099	Deletion	120
2L	2769503	2769384	Deletion	119
2L	2769503	2769393	Deletion	110
2L	2769503	2769398	Deletion	105
2L	2769503	2769424	Deletion	79
2L	2769503	2769427	Deletion	76
2L	2769503	2769439	Deletion	64
2L	2769503	2769447	Deletion	56
2L	2769503	2769464	Deletion	39
2L	2769503	2769473	Deletion	30
2L	2771307	2771259	Deletion	48
2L	2771372	2771259	Deletion	113
2L	2771347	2771259	Deletion	88
2L	2771310	2771259	Deletion	51
2L	2771330	2771259	Deletion	71
2L	2771322	2771259	Deletion	63
2L	2771356	2771259	Deletion	97
2L	2775422	2775391	Deletion	31
2L	2780383	2780290	Deletion	93
2L	2780335	2780290	Deletion	45
2L	2780397	2780290	Deletion	107
2L	2780352	2780290	Deletion	62
2L	2780398	2780290	Deletion	108
2L	2780321	2780290	Deletion	31
2L	2780395	2780290	Deletion	105
2L	2781232	2781110	Deletion	122
2L	2784534	2784434	Deletion	100
2L	2784534	2784439	Deletion	95
2L	2784534	2784444	Deletion	90
2L	2784534	2784485	Deletion	49
2L	2784849	2784771	Deletion	78
2L	2784808	2784771	Deletion	37
2L	2784874	2784771	Deletion	103
2L	2784803	2784771	Deletion	32
2L	2785562	2785439	Deletion	123
2L	2785562	2785443	Deletion	119
2L	2785562	2785465	Deletion	97
2L	2785562	2785499	Deletion	63
2L	2785562	2785500	Deletion	62
2L	2785562	2785516	Deletion	46
2L	2785722	2785658	Deletion	64
2L	2785768	2785658	Deletion	110
2L	2785738	2785658	Deletion	80
2L	2785721	2785658	Deletion	63
2L	2785772	2785658	Deletion	114
2L	2792204	2792085	Deletion	119
2L	2792204	2792089	Deletion	115
2L	2792204	2792091	Deletion	113
2L	2792204	2792099	Deletion	105
2L	2792204	2792159	Deletion	45
2L	2792204	2792169	Deletion	35
2L	2792204	2792170	Deletion	34
2L	2792555	2792463	Deletion	92
2L	2792554	2792463	Deletion	91
2L	2792567	2792463	Deletion	104
2L	2792587	2792463	Deletion	124
2L	2792569	2792463	Deletion	106
2L	2792573	2792463	Deletion	110
2L	2792544	2792463	Deletion	81
2L	2803367	2803248	Deletion	119
2L	2805452	2805334	Deletion	118
2L	2805452	2805340	Deletion	112
2L	2805452	2805363	Deletion	89
2L	2805452	2805410	Deletion	42
2L	2832418	2832381	Deletion	37
2L	2832465	2832381	Deletion	84
2L	2841073	2840949	Deletion	124
2L	2841073	2841003	Deletion	70
2L	2841073	2841011	Deletion	62
2L	2841274	2841158	Deletion	116
2L	2841222	2841158	Deletion	64
2L	2841214	2841158	Deletion	56
2L	2841268	2841158	Deletion	110
2L	2844227	2844119	Deletion	108
2L	2844227	2844137	Deletion	90
2L	2844227	2844144	Deletion	83
2L	2844227	2844146	Deletion	81
2L	2844227	2844148	Deletion	79
2L	2844227	2844157	Deletion	70
2L	2844227	2844168	Deletion	59
2L	2844227	2844185	Deletion	42
2L	2844227	2844188	Deletion	39
2L	2853680	2853612	Deletion	68
2L	2853660	2853612	Deletion	48
2L	2853669	2853612	Deletion	57
2L	2853700	2853612	Deletion	88
2L	2853658	2853612	Deletion	46
2L	2853656	2853612	Deletion	44
2L	2853697	2853612	Deletion	85
2L	2853649	2853612	Deletion	37
2L	2860644	2860537	Deletion	107
2L	2860644	2860557	Deletion	87
2L	2860644	2860559	Deletion	85
2L	2860644	2860568	Deletion	76
2L	2860644	2860590	Deletion	54
2L	2860644	2860604	Deletion	40
2L	2860932	2860882	Deletion	50
2L	2860954	2860882	Deletion	72
2L	2860923	2860882	Deletion	41
2L	2860921	2860882	Deletion	39
2L	2860968	2860882	Deletion	86
2L	2869058	2868962	Deletion	96
2L	2869058	2868986	Deletion	72
2L	2869058	2868987	Deletion	71
2L	2869058	2868988	Deletion	70
2L	2869058	2869005	Deletion	53
2L	2869058	2869021	Deletion	37
2L	2874981	2874923	Deletion	58
2L	2874955	2874923	Deletion	32
2L	2874979	2874923	Deletion	56
2L	2875014	2874923	Deletion	91
2L	2875029	2874923	Deletion	106
2L	2874980	2874923	Deletion	57
2L	2875023	2874923	Deletion	100
2L	2874998	2874923	Deletion	75
2L	2880704	2880638	Deletion	66
2L	2880704	2880639	Deletion	65
2L	2880704	2880659	Deletion	45
2L	2880894	2880791	Deletion	103
2L	2880872	2880791	Deletion	81
2L	2880851	2880791	Deletion	60
2L	2880852	2880791	Deletion	61
2L	2885114	2885057	Deletion	57
2L	2885109	2885061	Deletion	48
2L	2885114	2885074	Deletion	40
2L	2885114	2885081	Deletion	33
2L	2886419	2886324	Deletion	95
2L	2886395	2886324	Deletion	71
2L	2886399	2886324	Deletion	75
2L	2886412	2886324	Deletion	88
2L	2891971	2891906	Deletion	65
2L	2891971	2891906	Deletion	65
2L	2891971	2891915	Deletion	56
2L	2891971	2891920	Deletion	51
2L	2909457	2909384	Deletion	73
2L	2909448	2909384	Deletion	64
2L	2909448	2909384	Deletion	64
2L	2909462	2909384	Deletion	78
2L	2912153	2912029	Deletion	124
2L	2912153	2912036	Deletion	117
2L	2912153	2912061	Deletion	92
2L	2912153	2912097	Deletion	56
2L	2912153	2912097	Deletion	56
2L	2912153	2912099	Deletion	54
2L	2915467	2915397	Deletion	70
2L	2915467	2915397	Deletion	70
2L	2915431	2915397	Deletion	34
2L	2915469	2915397	Deletion	72
2L	2925284	2925201	Deletion	83
2L	2925284	2925230	Deletion	54
2L	2925284	2925236	Deletion	48
2L	2925284	2925237	Deletion	47
2L	2930399	2930320	Deletion	79
2L	2930398	2930320	Deletion	78
2L	2930392	2930320	Deletion	72
2L	2930425	2930320	Deletion	105
2L	2930363	2930320	Deletion	43
2L	2930494	2930377	Deletion	117
2L	2956472	2956351	Deletion	121
2L	2957596	2957474	Deletion	122
2L	2963526	2963402	Deletion	124
2L	2971491	2971412	Deletion	79
2L	2971491	2971418	Deletion	73
2L	2971491	2971437	Deletion	54
2L	2971491	2971445	Deletion	46
2L	2971491	2971458	Deletion	33
2L	2973370	2973266	Deletion	104
2L	2973320	2973266	Deletion	54
2L	2973366	2973266	Deletion	100
2L	2973345	2973266	Deletion	79
2L	2973371	2973266	Deletion	105
2L	2973326	2973266	Deletion	60
2L	2973353	2973266	Deletion	87
2L	2985258	2985142	Deletion	116
2L	2985258	2985144	Deletion	114
2L	2985258	2985152	Deletion	106
2L	2985258	2985178	Deletion	80
2L	2985258	2985182	Deletion	76
2L	2985258	2985183	Deletion	75
2L	3000377	3000326	Deletion	51
2L	3000378	3000326	Deletion	52
2L	3000373	3000326	Deletion	47
2L	3000711	3000587	Deletion	124
2L	3011945	3011827	Deletion	118
2L	3011945	3011830	Deletion	115
2L	3011945	3011836	Deletion	109
2L	3011945	3011853	Deletion	92
2L	3011945	3011880	Deletion	65
2L	3011945	3011898	Deletion	47
2L	3011945	3011904	Deletion	41
2L	3013577	3013516	Deletion	61
2L	3013595	3013516	Deletion	79
2L	3013601	3013516	Deletion	85
2L	3013946	3013847	Deletion	99
2L	3013946	3013848	Deletion	98
2L	3013946	3013852	Deletion	94
2L	3013946	3013876	Deletion	70
2L	3013946	3013903	Deletion	43
2L	3013946	3013903	Deletion	43
2L	3027452	3027395	Deletion	57
2L	3027479	3027395	Deletion	84
2L	3027428	3027395	Deletion	33
2L	3027479	3027395	Deletion	84
2L	3027516	3027395	Deletion	121
2L	3028443	3028329	Deletion	114
2L	3028443	3028365	Deletion	78
2L	3028443	3028370	Deletion	73
2L	3028443	3028404	Deletion	39
2L	3032611	3032558	Deletion	53
2L	3032645	3032558	Deletion	87
2L	3032606	3032558	Deletion	48
2L	3032660	3032558	Deletion	102
2L	3032674	3032558	Deletion	116
2L	3032655	3032558	Deletion	97
2L	3034938	3034815	Deletion	123
2L	3034938	3034815	Deletion	123
2L	3034938	3034822	Deletion	116
2L	3034938	3034824	Deletion	114
2L	3034938	3034824	Deletion	114
2L	3034938	3034835	Deletion	103
2L	3034938	3034839	Deletion	99
2L	3034938	3034840	Deletion	98
2L	3034938	3034857	Deletion	81
2L	3034938	3034865	Deletion	73
2L	3034938	3034894	Deletion	44
2L	3036680	3036583	Deletion	97
2L	3036636	3036583	Deletion	53
2L	3036703	3036583	Deletion	120
2L	3036628	3036583	Deletion	45
2L	3036665	3036583	Deletion	82
2L	3036690	3036583	Deletion	107
2L	3038683	3038569	Deletion	114
2L	3038683	3038580	Deletion	103
2L	3038683	3038592	Deletion	91
2L	3038683	3038644	Deletion	39
2L	3039370	3039249	Deletion	121
2L	3039355	3039249	Deletion	106
2L	3039284	3039249	Deletion	35
2L	3039336	3039249	Deletion	87
2L	3043266	3043170	Deletion	96
2L	3043266	3043170	Deletion	96
2L	3043266	3043171	Deletion	95
2L	3043266	3043213	Deletion	53
2L	3043266	3043217	Deletion	49
2L	3043266	3043220	Deletion	46
2L	3043266	3043234	Deletion	32
2L	3056781	3056708	Deletion	73
2L	3056802	3056708	Deletion	94
2L	3056830	3056708	Deletion	122
2L	3056739	3056708	Deletion	31
2L	3056738	3056708	Deletion	30
2L	3056738	3056708	Deletion	30
2L	3056785	3056708	Deletion	77
2L	3056788	3056708	Deletion	80
2L	3072038	3071933	Deletion	105
2L	3072038	3071943	Deletion	95
2L	3072038	3071947	Deletion	91
2L	3072038	3071964	Deletion	74
2L	3072038	3071967	Deletion	71
2L	3072038	3071975	Deletion	63
2L	3072038	3072002	Deletion	36
2L	3080284	3080228	Deletion	56
2L	3080281	3080228	Deletion	53
2L	3080260	3080228	Deletion	32
2L	3080320	3080228	Deletion	92
2L	3080330	3080228	Deletion	102
2L	3080337	3080228	Deletion	109
2L	3080292	3080228	Deletion	64
2L	3080264	3080228	Deletion	36
2L	3080342	3080228	Deletion	114
2L	3094551	3094440	Deletion	111
2L	3094551	3094441	Deletion	110
2L	3094551	3094461	Deletion	90
2L	3094551	3094465	Deletion	86
2L	3094551	3094476	Deletion	75
2L	3094551	3094500	Deletion	51
2L	3098398	3098358	Deletion	40
2L	3098471	3098358	Deletion	113
2L	3098409	3098358	Deletion	51
2L	3098433	3098358	Deletion	75
2L	3098465	3098358	Deletion	107
2L	3098394	3098358	Deletion	36
2L	3098472	3098358	Deletion	114
2L	3105159	3105052	Deletion	107
2L	3105159	3105061	Deletion	98
2L	3105159	3105075	Deletion	84
2L	3105159	3105083	Deletion	76
2L	3105159	3105106	Deletion	53
2L	3106157	3106058	Deletion	99
2L	3106157	3106058	Deletion	99
2L	3106101	3106058	Deletion	43
2L	3106132	3106058	Deletion	74
2L	3106162	3106058	Deletion	104
2L	3106109	3106058	Deletion	51
2L	3107418	3107296	Deletion	122
2L	3107418	3107338	Deletion	80
2L	3107418	3107351	Deletion	67
2L	3107418	3107359	Deletion	59
2L	3108414	3108347	Deletion	67
2L	3108393	3108347	Deletion	46
2L	3108406	3108347	Deletion	59
2L	3110027	3109904	Deletion	123
2L	3112655	3112539	Deletion	116
2L	3112655	3112565	Deletion	90
2L	3112655	3112574	Deletion	81
2L	3112655	3112618	Deletion	37
2L	3112790	3112744	Deletion	46
2L	3112834	3112744	Deletion	90
2L	3112781	3112744	Deletion	37
2L	3125619	3125496	Deletion	123
2L	3127372	3127261	Deletion	111
2L	3127372	3127271	Deletion	101
2L	3127372	3127272	Deletion	100
2L	3127372	3127273	Deletion	99
2L	3127372	3127276	Deletion	96
2L	3127372	3127279	Deletion	93
2L	3127372	3127294	Deletion	78
2L	3127372	3127335	Deletion	37
2L	3127372	3127336	Deletion	36
2L	3129133	3129022	Deletion	111
2L	3129070	3129022	Deletion	48
2L	3129126	3129022	Deletion	104
2L	3129135	3129022	Deletion	113
2L	3129111	3129022	Deletion	89
2L	3129052	3129022	Deletion	30
2L	3129112	3129022	Deletion	90
2L	3129055	3129022	Deletion	33
2L	3132116	3132030	Deletion	86
2L	3132116	3132034	Deletion	82
2L	3132116	3132068	Deletion	48
2L	3132116	3132076	Deletion	40
2L	3132112	3132082	Deletion	30
2L	3132116	3132084	Deletion	32
2L	3149993	3149914	Deletion	79
2L	3150001	3149914	Deletion	87
2L	3149959	3149914	Deletion	45
2L	3149955	3149914	Deletion	41
2L	3150009	3149914	Deletion	95
2L	3150007	3149914	Deletion	93
2L	3153071	3152949	Deletion	122
2L	3162035	3161943	Deletion	92
2L	3162035	3161955	Deletion	80
2L	3162035	3161989	Deletion	46
2L	3162709	3162588	Deletion	121
2L	3163138	3163041	Deletion	97
2L	3163138	3163041	Deletion	97
2L	3169079	3169032	Deletion	47
2L	3169062	3169032	Deletion	30
2L	3169067	3169032	Deletion	35
2L	3169062	3169032	Deletion	30
2L	3169618	3169508	Deletion	110
2L	3169589	3169508	Deletion	81
2L	3169608	3169508	Deletion	100
2L	3169608	3169508	Deletion	100
2L	3191684	3191560	Deletion	124
2L	3191684	3191564	Deletion	120
2L	3191684	3191568	Deletion	116
2L	3191684	3191601	Deletion	83
2L	3191684	3191624	Deletion	60
2L	3191684	3191632	Deletion	52
2L	3192035	3191992	Deletion	43
2L	3192112	3191992	Deletion	120
2L	3192091	3191992	Deletion	99
2L	3192058	3191992	Deletion	66
2L	3192066	3191992	Deletion	74
2L	3193927	3193805	Deletion	122
2L	3196749	3196676	Deletion	73
2L	3197916	3197863	Deletion	53
2L	3197966	3197863	Deletion	103
2L	3198069	3197950	Deletion	119
2L	3198069	3197979	Deletion	90
2L	3198069	3197986	Deletion	83
2L	3198069	3198004	Deletion	65
2L	3201416	3201306	Deletion	110
2L	3201349	3201306	Deletion	43
2L	3201342	3201306	Deletion	36
2L	3201367	3201306	Deletion	61
2L	3204533	3204414	Deletion	119
2L	3204479	3204449	Deletion	30
2L	3205454	3205377	Deletion	77
2L	3205772	3205671	Deletion	101
2L	3213702	3213612	Deletion	90
2L	3213702	3213645	Deletion	57
2L	3213702	3213668	Deletion	34
2L	3213904	3213867	Deletion	37
2L	3213986	3213867	Deletion	119
2L	3213960	3213867	Deletion	93
2L	3213937	3213867	Deletion	70
2L	3222615	3222507	Deletion	108
2L	3222615	3222508	Deletion	107
2L	3222615	3222514	Deletion	101
2L	3222615	3222519	Deletion	96
2L	3222615	3222528	Deletion	87
2L	3222615	3222540	Deletion	75
2L	3222615	3222556	Deletion	59
2L	3222615	3222560	Deletion	55
2L	3227296	3227229	Deletion	67
2L	3227300	3227229	Deletion	71
2L	3227259	3227229	Deletion	30
2L	3227268	3227229	Deletion	39
2L	3227280	3227229	Deletion	51
2L	3227460	3227337	Deletion	123
2L	3250628	3250504	Deletion	124
2L	3254002	3253880	Deletion	122
2L	3256104	3256068	Deletion	36
2L	3256119	3256068	Deletion	51
2L	3258489	3258379	Deletion	110
2L	3258480	3258379	Deletion	101
2L	3258432	3258379	Deletion	53
2L	3267986	3267865	Deletion	121
2L	3273737	3273621	Deletion	116
2L	3287298	3287215	Deletion	83
2L	3287298	3287238	Deletion	60
2L	3288856	3288789	Deletion	67
2L	3288833	3288789	Deletion	44
2L	3305146	3305035	Deletion	111
2L	3305146	3305044	Deletion	102
2L	3305146	3305056	Deletion	90
2L	3305146	3305105	Deletion	41
2L	3305146	3305113	Deletion	33
2L	3326944	3326908	Deletion	36
2L	3327001	3326908	Deletion	93
2L	3326993	3326908	Deletion	85
2L	3327027	3326908	Deletion	119
2L	3341214	3341105	Deletion	109
2L	3341214	3341110	Deletion	104
2L	3341214	3341149	Deletion	65
2L	3341214	3341152	Deletion	62
2L	3341214	3341171	Deletion	43
2L	3341214	3341179	Deletion	35
2L	3342668	3342584	Deletion	84
2L	3342646	3342584	Deletion	62
2L	3342688	3342584	Deletion	104
2L	3342649	3342584	Deletion	65
2L	3342676	3342584	Deletion	92
2L	3342697	3342584	Deletion	113
2L	3361226	3361107	Deletion	119
2L	3361226	3361121	Deletion	105
2L	3361226	3361137	Deletion	89
2L	3361226	3361141	Deletion	85
2L	3361226	3361142	Deletion	84
2L	3361226	3361145	Deletion	81
2L	3361226	3361151	Deletion	75
2L	3361226	3361171	Deletion	55
2L	3361226	3361175	Deletion	51
2L	3361226	3361176	Deletion	50
2L	3361226	3361196	Deletion	30
2L	3362099	3362062	Deletion	37
2L	3362133	3362062	Deletion	71
2L	3362178	3362062	Deletion	116
2L	3362104	3362062	Deletion	42
2L	3362107	3362062	Deletion	45
2L	3362137	3362062	Deletion	75
2L	3362179	3362062	Deletion	117
2L	3362159	3362062	Deletion	97
2L	3362170	3362062	Deletion	108
2L	3362158	3362062	Deletion	96
2L	3362113	3362062	Deletion	51
2L	3362138	3362062	Deletion	76
2L	3362103	3362062	Deletion	41
2L	3368217	3368105	Deletion	112
2L	3368217	3368126	Deletion	91
2L	3368217	3368127	Deletion	90
2L	3368217	3368131	Deletion	86
2L	3368217	3368172	Deletion	45
2L	3368217	3368174	Deletion	43
2L	3372375	3372335	Deletion	40
2L	3372416	3372335	Deletion	81
2L	3372450	3372335	Deletion	115
2L	3372434	3372335	Deletion	99
2L	3372418	3372335	Deletion	83
2L	3372370	3372335	Deletion	35
2L	3372371	3372335	Deletion	36
2L	3377269	3377158	Deletion	111
2L	3377269	3377164	Deletion	105
2L	3377269	3377195	Deletion	74
2L	3377269	3377227	Deletion	42
2L	3377269	3377234	Deletion	35
2L	3377445	3377353	Deletion	92
2L	3377438	3377353	Deletion	85
2L	3377406	3377353	Deletion	53
2L	3378749	3378626	Deletion	123
2L	3380692	3380572	Deletion	120
2L	3380692	3380574	Deletion	118
2L	3380692	3380590	Deletion	102
2L	3380692	3380595	Deletion	97
2L	3380692	3380618	Deletion	74
2L	3380692	3380636	Deletion	56
2L	3380692	3380643	Deletion	49
2L	3380692	3380657	Deletion	35
2L	3383459	3383380	Deletion	79
2L	3383499	3383380	Deletion	119
2L	3383482	3383380	Deletion	102
2L	3383452	3383380	Deletion	72
2L	3383434	3383380	Deletion	54
2L	3383473	3383380	Deletion	93
2L	3383411	3383380	Deletion	31
2L	3387294	3387176	Deletion	118
2L	3387294	3387188	Deletion	106
2L	3387294	3387205	Deletion	89
2L	3387294	3387210	Deletion	84
2L	3387294	3387232	Deletion	62
2L	3391933	3391866	Deletion	67
2L	3391906	3391866	Deletion	40
2L	3391911	3391866	Deletion	45
2L	3401806	3401720	Deletion	86
2L	3401806	3401721	Deletion	85
2L	3401806	3401737	Deletion	69
2L	3408485	3408444	Deletion	41
2L	3408484	3408444	Deletion	40
2L	3408501	3408444	Deletion	57
2L	3408553	3408444	Deletion	109
2L	3410166	3410045	Deletion	121
2L	3412886	3412765	Deletion	121
2L	3412886	3412812	Deletion	74
2L	3412886	3412853	Deletion	33
2L	3413802	3413749	Deletion	53
2L	3413843	3413749	Deletion	94
2L	3422194	3422094	Deletion	100
2L	3422194	3422096	Deletion	98
2L	3422194	3422121	Deletion	73
2L	3422194	3422156	Deletion	38
2L	3428449	3428361	Deletion	88
2L	3428414	3428361	Deletion	53
2L	3428459	3428361	Deletion	98
2L	3428458	3428361	Deletion	97
2L	3430163	3430086	Deletion	77
2L	3430163	3430098	Deletion	65
2L	3430163	3430111	Deletion	52
2L	3432480	3432376	Deletion	104
2L	3432425	3432376	Deletion	49
2L	3432497	3432376	Deletion	121
2L	3432450	3432376	Deletion	74
2L	3432437	3432376	Deletion	61
2L	3432477	3432376	Deletion	101
2L	3441887	3441764	Deletion	123
2L	3441887	3441795	Deletion	92
2L	3441887	3441808	Deletion	79
2L	3441887	3441851	Deletion	36
2L	3444783	3444683	Deletion	100
2L	3444719	3444683	Deletion	36
2L	3444780	3444683	Deletion	97
2L	3444732	3444683	Deletion	49
2L	3444796	3444683	Deletion	113
2L	3444775	3444683	Deletion	92
2L	3447240	3447137	Deletion	103
2L	3447240	3447153	Deletion	87
2L	3447240	3447168	Deletion	72
2L	3447240	3447195	Deletion	45
2L	3447240	3447201	Deletion	39
2L	3447240	3447202	Deletion	38
2L	3447455	3447374	Deletion	81
2L	3447413	3447374	Deletion	39
2L	3447428	3447374	Deletion	54
2L	3447462	3447374	Deletion	88
2L	3447483	3447374	Deletion	109
2L	3447496	3447374	Deletion	122
2L	3447461	3447374	Deletion	87
2L	3447483	3447374	Deletion	109
2L	3458662	3458543	Deletion	119
2L	3458662	3458559	Deletion	103
2L	3458662	3458577	Deletion	85
2L	3458662	3458610	Deletion	52
2L	3459018	3458944	Deletion	74
2L	3459047	3458944	Deletion	103
2L	3459066	3458944	Deletion	122
2L	3459058	3458944	Deletion	114
2L	3458985	3458944	Deletion	41
2L	3471188	3471074	Deletion	114
2L	3471193	3471078	Deletion	115
2L	3471193	3471097	Deletion	96
2L	3471193	3471097	Deletion	96
2L	3471193	3471098	Deletion	95
2L	3471193	3471100	Deletion	93
2L	3471193	3471107	Deletion	86
2L	3471193	3471146	Deletion	47
2L	3477696	3477656	Deletion	40
2L	3477755	3477656	Deletion	99
2L	3477686	3477656	Deletion	30
2L	3477735	3477656	Deletion	79
2L	3477778	3477656	Deletion	122
2L	3477687	3477656	Deletion	31
2L	3477689	3477656	Deletion	33
2L	3477686	3477656	Deletion	30
2L	3477772	3477656	Deletion	116
2L	3481436	3481333	Deletion	103
2L	3481436	3481372	Deletion	64
2L	3481436	3481376	Deletion	60
2L	3482161	3482053	Deletion	108
2L	3482115	3482053	Deletion	62
2L	3482119	3482053	Deletion	66
2L	3482199	3482097	Deletion	102
2L	3482199	3482117	Deletion	82
2L	3482199	3482118	Deletion	81
2L	3484878	3484768	Deletion	110
2L	3484814	3484768	Deletion	46
2L	3484813	3484768	Deletion	45
2L	3501074	3500966	Deletion	108
2L	3501074	3501021	Deletion	53
2L	3506077	3506003	Deletion	74
2L	3506113	3506003	Deletion	110
2L	3514751	3514658	Deletion	93
2L	3514751	3514671	Deletion	80
2L	3514751	3514694	Deletion	57
2L	3515192	3515089	Deletion	103
2L	3515190	3515089	Deletion	101
2L	3515136	3515089	Deletion	47
2L	3515159	3515089	Deletion	70
2L	3515201	3515089	Deletion	112
2L	3515123	3515089	Deletion	34
2L	3518660	3518538	Deletion	122
2L	3534807	3534717	Deletion	90
2L	3534807	3534753	Deletion	54
2L	3546562	3546526	Deletion	36
2L	3546631	3546526	Deletion	105
2L	3546598	3546526	Deletion	72
2L	3562225	3562157	Deletion	68
2L	3562225	3562170	Deletion	55
2L	3562225	3562190	Deletion	35
2L	3562520	3562429	Deletion	91
2L	3562487	3562429	Deletion	58
2L	3562500	3562429	Deletion	71
2L	3562529	3562429	Deletion	100
2L	3563644	3563536	Deletion	108
2L	3563644	3563536	Deletion	108
2L	3563644	3563545	Deletion	99
2L	3563644	3563568	Deletion	76
2L	3563644	3563572	Deletion	72
2L	3563644	3563603	Deletion	41
2L	3569657	3569557	Deletion	100
2L	3569607	3569557	Deletion	50
2L	3569665	3569557	Deletion	108
2L	3569611	3569557	Deletion	54
2L	3569673	3569557	Deletion	116
2L	3569642	3569557	Deletion	85
2L	3576722	3576601	Deletion	121
2L	3576722	3576615	Deletion	107
2L	3576722	3576618	Deletion	104
2L	3576722	3576634	Deletion	88
2L	3576722	3576639	Deletion	83
2L	3576722	3576645	Deletion	77
2L	3576722	3576670	Deletion	52
2L	3582922	3582820	Deletion	102
2L	3582859	3582820	Deletion	39
2L	3582864	3582820	Deletion	44
2L	3582870	3582820	Deletion	50
2L	3582940	3582820	Deletion	120
2L	3582895	3582820	Deletion	75
2L	3585886	3585812	Deletion	74
2L	3585886	3585820	Deletion	66
2L	3585886	3585829	Deletion	57
2L	3585886	3585834	Deletion	52
2L	3586680	3586556	Deletion	124
2L	3586678	3586556	Deletion	122
2L	3586668	3586556	Deletion	112
2L	3586631	3586556	Deletion	75
2L	3586626	3586556	Deletion	70
2L	3586656	3586556	Deletion	100
2L	3586617	3586556	Deletion	61
2L	3586609	3586556	Deletion	53
2L	3609952	3609836	Deletion	116
2L	3609952	3609857	Deletion	95
2L	3609952	3609858	Deletion	94
2L	3609952	3609858	Deletion	94
2L	3609952	3609860	Deletion	92
2L	3609952	3609893	Deletion	59
2L	3611856	3611821	Deletion	35
2L	3611854	3611821	Deletion	33
2L	3611944	3611821	Deletion	123
2L	3611853	3611821	Deletion	32
2L	3611889	3611821	Deletion	68
2L	3611854	3611821	Deletion	33
2L	3619022	3618897	Deletion	125
2L	3635677	3635584	Deletion	93
2L	3635677	3635610	Deletion	67
2L	3642108	3641987	Deletion	121
2L	3642085	3641987	Deletion	98
2L	3642021	3641987	Deletion	34
2L	3642047	3641987	Deletion	60
2L	3650390	3650316	Deletion	74
2L	3650532	3650423	Deletion	109
2L	3650644	3650594	Deletion	50
2L	3650793	3650731	Deletion	62
2L	3652366	3652324	Deletion	42
2L	3665610	3665491	Deletion	119
2L	3665610	3665493	Deletion	117
2L	3665610	3665498	Deletion	112
2L	3665610	3665504	Deletion	106
2L	3665610	3665509	Deletion	101
2L	3665610	3665517	Deletion	93
2L	3665610	3665541	Deletion	69
2L	3665610	3665545	Deletion	65
2L	3665610	3665562	Deletion	48
2L	3665610	3665574	Deletion	36
2L	3665610	3665577	Deletion	33
2L	3665823	3665732	Deletion	91
2L	3665826	3665732	Deletion	94
2L	3665836	3665732	Deletion	104
2L	3665794	3665732	Deletion	62
2L	3665837	3665732	Deletion	105
2L	3665811	3665732	Deletion	79
2L	3665766	3665732	Deletion	34
2L	3665790	3665732	Deletion	58
2L	3675697	3675573	Deletion	124
2L	3675842	3675728	Deletion	114
2L	3675842	3675763	Deletion	79
2L	3675842	3675803	Deletion	39
2L	3675982	3675894	Deletion	88
2L	3676003	3675894	Deletion	109
2L	3676003	3675894	Deletion	109
2L	3675942	3675894	Deletion	48
2L	3678136	3678017	Deletion	119
2L	3678136	3678017	Deletion	119
2L	3678136	3678052	Deletion	84
2L	3678136	3678053	Deletion	83
2L	3678136	3678081	Deletion	55
2L	3678136	3678081	Deletion	55
2L	3678391	3678348	Deletion	43
2L	3678420	3678348	Deletion	72
2L	3678392	3678348	Deletion	44
2L	3678420	3678348	Deletion	72
2L	3679043	3678980	Deletion	63
2L	3679043	3678982	Deletion	61
2L	3679043	3679008	Deletion	35
2L	3679214	3679113	Deletion	101
2L	3679218	3679113	Deletion	105
2L	3679178	3679113	Deletion	65
2L	3679176	3679113	Deletion	63
2L	3679204	3679113	Deletion	91
2L	3700008	3699887	Deletion	121
2L	3716985	3716864	Deletion	121
2L	3716985	3716872	Deletion	113
2L	3716985	3716882	Deletion	103
2L	3716985	3716905	Deletion	80
2L	3716985	3716905	Deletion	80
2L	3716985	3716935	Deletion	50
2L	3716985	3716948	Deletion	37
2L	3716985	3716949	Deletion	36
2L	3717384	3717261	Deletion	123
2L	3717351	3717261	Deletion	90
2L	3717307	3717261	Deletion	46
2L	3717376	3717261	Deletion	115
2L	3717337	3717261	Deletion	76
2L	3717350	3717261	Deletion	89
2L	3717307	3717261	Deletion	46
2L	3720231	3720108	Deletion	123
2L	3735438	3735349	Deletion	89
2L	3735438	3735360	Deletion	78
2L	3735438	3735384	Deletion	54
2L	3735434	3735395	Deletion	39
2L	3736398	3736297	Deletion	101
2L	3736419	3736297	Deletion	122
2L	3736335	3736297	Deletion	38
2L	3736381	3736297	Deletion	84
2L	3736346	3736297	Deletion	49
2L	3736370	3736297	Deletion	73
2L	3749693	3749582	Deletion	111
2L	3749693	3749609	Deletion	84
2L	3749693	3749629	Deletion	64
2L	3750237	3750174	Deletion	63
2L	3750216	3750174	Deletion	42
2L	3761809	3761694	Deletion	115
2L	3761809	3761700	Deletion	109
2L	3761809	3761702	Deletion	107
2L	3761809	3761772	Deletion	37
2L	3799159	3799052	Deletion	107
2L	3799142	3799052	Deletion	90
2L	3799151	3799052	Deletion	99
2L	3803502	3803380	Deletion	122
2L	3847092	3846979	Deletion	113
2L	3847092	3846991	Deletion	101
2L	3847092	3846997	Deletion	95
2L	3847092	3847021	Deletion	71
2L	3847092	3847025	Deletion	67
2L	3847092	3847053	Deletion	39
2L	3849228	3849107	Deletion	121
2L	3849196	3849107	Deletion	89
2L	3849164	3849107	Deletion	57
2L	3849168	3849107	Deletion	61
2L	3849140	3849107	Deletion	33
2L	3856245	3856139	Deletion	106
2L	3856649	3856549	Deletion	100
2L	3856653	3856549	Deletion	104
2L	3856654	3856549	Deletion	105
2L	3856661	3856549	Deletion	112
2L	3860000	3859903	Deletion	97
2L	3860000	3859960	Deletion	40
2L	3860176	3860069	Deletion	107
2L	3860099	3860069	Deletion	30
2L	3860167	3860069	Deletion	98
2L	3860156	3860069	Deletion	87
2L	3860187	3860069	Deletion	118
2L	3870215	3870134	Deletion	81
2L	3870215	3870167	Deletion	48
2L	3870215	3870175	Deletion	40
2L	3871211	3871131	Deletion	80
2L	3871248	3871131	Deletion	117
2L	3871219	3871131	Deletion	88
2L	3871178	3871131	Deletion	47
2L	3874263	3874171	Deletion	92
2L	3874263	3874180	Deletion	83
2L	3874263	3874190	Deletion	73
2L	3874263	3874194	Deletion	69
2L	3874263	3874203	Deletion	60
2L	3874263	3874205	Deletion	58
2L	3874263	3874206	Deletion	57
2L	3874263	3874218	Deletion	45
2L	3874263	3874223	Deletion	40
2L	3874263	3874228	Deletion	35
2L	3874437	3874332	Deletion	105
2L	3874419	3874332	Deletion	87
2L	3874424	3874332	Deletion	92
2L	3874390	3874332	Deletion	58
2L	3874401	3874332	Deletion	69
2L	3874402	3874332	Deletion	70
2L	3874367	3874332	Deletion	35
2L	3874376	3874332	Deletion	44
2L	3874399	3874332	Deletion	67
2L	3874414	3874332	Deletion	82
2L	3874386	3874332	Deletion	54
2L	3874443	3874337	Deletion	106
2L	3877264	3877172	Deletion	92
2L	3877264	3877231	Deletion	33
2L	3910251	3910217	Deletion	34
2L	3910310	3910217	Deletion	93
2L	3910523	3910399	Deletion	124
2L	3910523	3910409	Deletion	114
2L	3910523	3910424	Deletion	99
2L	3910523	3910432	Deletion	91
2L	3910523	3910468	Deletion	55
2L	3910523	3910473	Deletion	50
2L	3910523	3910493	Deletion	30
2L	3913346	3913239	Deletion	107
2L	3913274	3913239	Deletion	35
2L	3913310	3913239	Deletion	71
2L	3913359	3913239	Deletion	120
2L	3913315	3913239	Deletion	76
2L	3913335	3913239	Deletion	96
2L	3917385	3917267	Deletion	118
2L	3917385	3917294	Deletion	91
2L	3917385	3917351	Deletion	34
2L	3917797	3917762	Deletion	35
2L	3917854	3917762	Deletion	92
2L	3924719	3924598	Deletion	121
2L	3924884	3924767	Deletion	117
2L	3924891	3924767	Deletion	124
2L	3925647	3925523	Deletion	124
2L	3925647	3925537	Deletion	110
2L	3925647	3925560	Deletion	87
2L	3925647	3925576	Deletion	71
2L	3925647	3925577	Deletion	70
2L	3925647	3925607	Deletion	40
2L	3925644	3925607	Deletion	37
2L	3932755	3932697	Deletion	58
2L	3932754	3932697	Deletion	57
2L	3932785	3932697	Deletion	88
2L	3932785	3932697	Deletion	88
2L	3932803	3932697	Deletion	106
2L	3932738	3932697	Deletion	41
2L	3933812	3933701	Deletion	111
2L	3933810	3933731	Deletion	79
2L	3933812	3933772	Deletion	40
2L	3933812	3933779	Deletion	33
2L	3934045	3933951	Deletion	94
2L	3934073	3933951	Deletion	122
2L	3934069	3933951	Deletion	118
2L	3934038	3933951	Deletion	87
2L	3934052	3933951	Deletion	101
2L	3933997	3933951	Deletion	46
2L	3934858	3934770	Deletion	88
2L	3934858	3934775	Deletion	83
2L	3934858	3934797	Deletion	61
2L	3935007	3934969	Deletion	38
2L	3935034	3934969	Deletion	65
2L	3935075	3934969	Deletion	106
2L	3935090	3934969	Deletion	121
2L	3935012	3934969	Deletion	43
2L	3935072	3934969	Deletion	103
2L	3939846	3939725	Deletion	121
2L	3957149	3957062	Deletion	87
2L	3957149	3957071	Deletion	78
2L	3957149	3957097	Deletion	52
2L	3957149	3957102	Deletion	47
2L	3972943	3972869	Deletion	74
2L	3972985	3972869	Deletion	116
2L	3972908	3972869	Deletion	39
2L	3972948	3972869	Deletion	79
2L	3972975	3972869	Deletion	106
2L	3972966	3972869	Deletion	97
2L	3972917	3972879	Deletion	38
2L	3988317	3988227	Deletion	90
2L	3988317	3988259	Deletion	58
2L	3988476	3988407	Deletion	69
2L	3988444	3988407	Deletion	37
2L	3990457	3990345	Deletion	112
2L	3990457	3990391	Deletion	66
2L	3990457	3990397	Deletion	60
2L	3990457	3990404	Deletion	53
2L	3992344	3992267	Deletion	77
2L	3992338	3992267	Deletion	71
2L	3992351	3992267	Deletion	84
2L	3992386	3992267	Deletion	119
2L	3993301	3993206	Deletion	95
2L	3993301	3993228	Deletion	73
2L	3993301	3993251	Deletion	50
2L	3993301	3993263	Deletion	38
2L	3993707	3993631	Deletion	76
2L	3993684	3993631	Deletion	53
2L	3993737	3993631	Deletion	106
2L	3993719	3993631	Deletion	88
2L	4010140	4010023	Deletion	117
2L	4010140	4010026	Deletion	114
2L	4010140	4010049	Deletion	91
2L	4010140	4010072	Deletion	68
2L	4010140	4010093	Deletion	47
2L	4010140	4010096	Deletion	44
2L	4010140	4010103	Deletion	37
2L	4010140	4010104	Deletion	36
2L	4010140	4010107	Deletion	33
2L	4010466	4010383	Deletion	83
2L	4010474	4010383	Deletion	91
2L	4010473	4010383	Deletion	90
2L	4010463	4010383	Deletion	80
2L	4010442	4010383	Deletion	59
2L	4010419	4010383	Deletion	36
2L	4010477	4010383	Deletion	94
2L	4022162	4022051	Deletion	111
2L	4022162	4022052	Deletion	110
2L	4022162	4022084	Deletion	78
2L	4022162	4022084	Deletion	78
2L	4022162	4022103	Deletion	59
2L	4022162	4022116	Deletion	46
2L	4022162	4022129	Deletion	33
2L	4022162	4022131	Deletion	31
2L	4028073	4027992	Deletion	81
2L	4028088	4027992	Deletion	96
2L	4028041	4027992	Deletion	49
2L	4028086	4027992	Deletion	94
2L	4028099	4027992	Deletion	107
2L	4028041	4027992	Deletion	49
2L	4028060	4027992	Deletion	68
2L	4031926	4031825	Deletion	101
2L	4031926	4031828	Deletion	98
2L	4032655	4032541	Deletion	114
2L	4048013	4047892	Deletion	121
2L	4048013	4047895	Deletion	118
2L	4048013	4047914	Deletion	99
2L	4048013	4047916	Deletion	97
2L	4048013	4047922	Deletion	91
2L	4048013	4047923	Deletion	90
2L	4048013	4047931	Deletion	82
2L	4048009	4047938	Deletion	71
2L	4050132	4050096	Deletion	36
2L	4050140	4050096	Deletion	44
2L	4050131	4050096	Deletion	35
2L	4050147	4050098	Deletion	49
2L	4053259	4053135	Deletion	124
2L	4053259	4053178	Deletion	81
2L	4053259	4053226	Deletion	33
2L	4067118	4067037	Deletion	81
2L	4067154	4067037	Deletion	117
2L	4067118	4067037	Deletion	81
2L	4067181	4067060	Deletion	121
2L	4068826	4068739	Deletion	87
2L	4078095	4077995	Deletion	100
2L	4078025	4077995	Deletion	30
2L	4078074	4077995	Deletion	79
2L	4078069	4077996	Deletion	73
2L	4078468	4078346	Deletion	122
2L	4085746	4085626	Deletion	120
2L	4085746	4085631	Deletion	115
2L	4085746	4085672	Deletion	74
2L	4085746	4085687	Deletion	59
2L	4086465	4086398	Deletion	67
2L	4086450	4086398	Deletion	52
2L	4086521	4086398	Deletion	123
2L	4086824	4086789	Deletion	35
2L	4091843	4091726	Deletion	117
2L	4091817	4091727	Deletion	90
2L	4097281	4097159	Deletion	122
2L	4103953	4103870	Deletion	83
2L	4103953	4103878	Deletion	75
2L	4104839	4104796	Deletion	43
2L	4104847	4104796	Deletion	51
2L	4117647	4117526	Deletion	121
2L	4132228	4132106	Deletion	122
2L	4132228	4132131	Deletion	97
2L	4132228	4132150	Deletion	78
2L	4132228	4132152	Deletion	76
2L	4132228	4132195	Deletion	33
2L	4136027	4135923	Deletion	104
2L	4135971	4135923	Deletion	48
2L	4136025	4135923	Deletion	102
2L	4135973	4135923	Deletion	50
2L	4136029	4135923	Deletion	106
2L	4136016	4135923	Deletion	93
2L	4182506	4182387	Deletion	119
2L	4185384	4185263	Deletion	121
2L	4200652	4200530	Deletion	122
2L	4225307	4225191	Deletion	116
2L	4225307	4225201	Deletion	106
2L	4225307	4225202	Deletion	105
2L	4225307	4225203	Deletion	104
2L	4225307	4225228	Deletion	79
2L	4225307	4225252	Deletion	55
2L	4225307	4225257	Deletion	50
2L	4225307	4225264	Deletion	43
2L	4225444	4225361	Deletion	83
2L	4225432	4225361	Deletion	71
2L	4225463	4225361	Deletion	102
2L	4225437	4225361	Deletion	76
2L	4225408	4225361	Deletion	47
2L	4232786	4232678	Deletion	108
2L	4232786	4232700	Deletion	86
2L	4233147	4233034	Deletion	113
2L	4233076	4233034	Deletion	42
2L	4233133	4233034	Deletion	99
2L	4243019	4242896	Deletion	123
2L	4243019	4242899	Deletion	120
2L	4243019	4242907	Deletion	112
2L	4243019	4242928	Deletion	91
2L	4243019	4242963	Deletion	56
2L	4243019	4242984	Deletion	35
2L	4244673	4244637	Deletion	36
2L	4244741	4244637	Deletion	104
2L	4244729	4244637	Deletion	92
2L	4244753	4244637	Deletion	116
2L	4244708	4244637	Deletion	71
2L	4244743	4244642	Deletion	101
2L	4249765	4249642	Deletion	123
2L	4270381	4270259	Deletion	122
2L	4270435	4270318	Deletion	117
2L	4270435	4270327	Deletion	108
2L	4270435	4270328	Deletion	107
2L	4270435	4270335	Deletion	100
2L	4270435	4270392	Deletion	43
2L	4270435	4270399	Deletion	36
2L	4270435	4270404	Deletion	31
2L	4271628	4271598	Deletion	30
2L	4271697	4271598	Deletion	99
2L	4271685	4271598	Deletion	87
2L	4271715	4271598	Deletion	117
2L	4271692	4271598	Deletion	94
2L	4274006	4273885	Deletion	121
2L	4279218	4279103	Deletion	115
2L	4279218	4279122	Deletion	96
2L	4279218	4279155	Deletion	63
2L	4279218	4279164	Deletion	54
2L	4279218	4279185	Deletion	33
2L	4283747	4283674	Deletion	73
2L	4283705	4283674	Deletion	31
2L	4283738	4283674	Deletion	64
2L	4283768	4283674	Deletion	94
2L	4283779	4283674	Deletion	105
2L	4283795	4283674	Deletion	121
2L	4301765	4301647	Deletion	118
2L	4301765	4301655	Deletion	110
2L	4301765	4301657	Deletion	108
2L	4301765	4301684	Deletion	81
2L	4301765	4301696	Deletion	69
2L	4301765	4301719	Deletion	46
2L	4301765	4301730	Deletion	35
2L	4304951	4304853	Deletion	98
2L	4304944	4304853	Deletion	91
2L	4304910	4304853	Deletion	57
2L	4304972	4304853	Deletion	119
2L	4304898	4304853	Deletion	45
2L	4304933	4304853	Deletion	80
2L	4341197	4341103	Deletion	94
2L	4341197	4341160	Deletion	37
2L	4341197	4341161	Deletion	36
2L	4344168	4344136	Deletion	32
2L	4344225	4344136	Deletion	89
2L	4344226	4344136	Deletion	90
2L	4351990	4351869	Deletion	121
2L	4351990	4351871	Deletion	119
2L	4351990	4351916	Deletion	74
2L	4351990	4351926	Deletion	64
2L	4351990	4351934	Deletion	56
2L	4351990	4351950	Deletion	40
2L	4351990	4351954	Deletion	36
2L	4351990	4351960	Deletion	30
2L	4352298	4352201	Deletion	97
2L	4352272	4352201	Deletion	71
2L	4352315	4352201	Deletion	114
2L	4352264	4352201	Deletion	63
2L	4352254	4352201	Deletion	53
2L	4352292	4352201	Deletion	91
2L	4352288	4352201	Deletion	87
2L	4364474	4364377	Deletion	97
2L	4364474	4364380	Deletion	94
2L	4364474	4364381	Deletion	93
2L	4364474	4364393	Deletion	81
2L	4364474	4364401	Deletion	73
2L	4364474	4364420	Deletion	54
2L	4364474	4364427	Deletion	47
2L	4364474	4364428	Deletion	46
2L	4364474	4364431	Deletion	43
2L	4365158	4365077	Deletion	81
2L	4365111	4365077	Deletion	34
2L	4365162	4365077	Deletion	85
2L	4365132	4365077	Deletion	55
2L	4365159	4365077	Deletion	82
2L	4365108	4365077	Deletion	31
2L	4365151	4365077	Deletion	74
2L	4365112	4365077	Deletion	35
2L	4365124	4365077	Deletion	47
2L	4367503	4367393	Deletion	110
2L	4367503	4367404	Deletion	99
2L	4367503	4367405	Deletion	98
2L	4367503	4367453	Deletion	50
2L	4380603	4380526	Deletion	77
2L	4392048	4391944	Deletion	104
2L	4392048	4391947	Deletion	101
2L	4392048	4391954	Deletion	94
2L	4395108	4395002	Deletion	106
2L	4395035	4395002	Deletion	33
2L	4396570	4396446	Deletion	124
2L	4420651	4420575	Deletion	76
2L	4420651	4420599	Deletion	52
2L	4424823	4424773	Deletion	50
2L	4424847	4424773	Deletion	74
2L	4424895	4424773	Deletion	122
2L	4449631	4449508	Deletion	123
2L	4451826	4451730	Deletion	96
2L	4451826	4451768	Deletion	58
2L	4451826	4451772	Deletion	54
2L	4451826	4451790	Deletion	36
2L	4451826	4451796	Deletion	30
2L	4451983	4451884	Deletion	99
2L	4451952	4451884	Deletion	68
2L	4451914	4451884	Deletion	30
2L	4451974	4451884	Deletion	90
2L	4451980	4451884	Deletion	96
2L	4451956	4451884	Deletion	72
2L	4453380	4453283	Deletion	97
2L	4453380	4453285	Deletion	95
2L	4453380	4453315	Deletion	65
2L	4453380	4453326	Deletion	54
2L	4453380	4453329	Deletion	51
2L	4470464	4470403	Deletion	61
2L	4470475	4470403	Deletion	72
2L	4470523	4470403	Deletion	120
2L	4470478	4470403	Deletion	75
2L	4470434	4470403	Deletion	31
2L	4471339	4471228	Deletion	111
2L	4471339	4471237	Deletion	102
2L	4471339	4471245	Deletion	94
2L	4471339	4471248	Deletion	91
2L	4471339	4471282	Deletion	57
2L	4471906	4471837	Deletion	69
2L	4471872	4471837	Deletion	35
2L	4471869	4471837	Deletion	32
2L	4471943	4471837	Deletion	106
2L	4471951	4471837	Deletion	114
2L	4477530	4477406	Deletion	124
2L	4492702	4492590	Deletion	112
2L	4492702	4492613	Deletion	89
2L	4492702	4492666	Deletion	36
2L	4492702	4492668	Deletion	34
2L	4492702	4492668	Deletion	34
2L	4492867	4492830	Deletion	37
2L	4492903	4492830	Deletion	73
2L	4492903	4492830	Deletion	73
2L	4492903	4492830	Deletion	73
2L	4492903	4492830	Deletion	73
2L	4492903	4492830	Deletion	73
2L	4492903	4492830	Deletion	73
2L	4492903	4492830	Deletion	73
2L	4492903	4492830	Deletion	73
2L	4492903	4492838	Deletion	65
2L	4492903	4492842	Deletion	61
2L	4496046	4495985	Deletion	61
2L	4496027	4495985	Deletion	42
2L	4496022	4495985	Deletion	37
2L	4496025	4495985	Deletion	40
2L	4496020	4495985	Deletion	35
2L	4496050	4495985	Deletion	65
2L	4496023	4495985	Deletion	38
2L	4496086	4495985	Deletion	101
2L	4496901	4496784	Deletion	117
2L	4496901	4496796	Deletion	105
2L	4496901	4496844	Deletion	57
2L	4496901	4496856	Deletion	45
2L	4497133	4497032	Deletion	101
2L	4497132	4497032	Deletion	100
2L	4497115	4497032	Deletion	83
2L	4497134	4497032	Deletion	102
2L	4497139	4497032	Deletion	107
2L	4497153	4497032	Deletion	121
2L	4497103	4497032	Deletion	71
2L	4500510	4500386	Deletion	124
2L	4500510	4500387	Deletion	123
2L	4500510	4500389	Deletion	121
2L	4500510	4500399	Deletion	111
2L	4500510	4500400	Deletion	110
2L	4500510	4500442	Deletion	68
2L	4500510	4500456	Deletion	54
2L	4503082	4503009	Deletion	73
2L	4503113	4503009	Deletion	104
2L	4503068	4503009	Deletion	59
2L	4503123	4503009	Deletion	114
2L	4504404	4504289	Deletion	115
2L	4504404	4504301	Deletion	103
2L	4504404	4504336	Deletion	68
2L	4505824	4505765	Deletion	59
2L	4506084	4505977	Deletion	107
2L	4506084	4505997	Deletion	87
2L	4506084	4506033	Deletion	51
2L	4506084	4506043	Deletion	41
2L	4506084	4506046	Deletion	38
2L	4513944	4513856	Deletion	88
2L	4513941	4513856	Deletion	85
2L	4513931	4513856	Deletion	75
2L	4513895	4513856	Deletion	39
2L	4517773	4517651	Deletion	122
2L	4517773	4517741	Deletion	32
2L	4524638	4524539	Deletion	99
2L	4526324	4526202	Deletion	122
2L	4526324	4526211	Deletion	113
2L	4526324	4526232	Deletion	92
2L	4526324	4526238	Deletion	86
2L	4526324	4526253	Deletion	71
2L	4526324	4526264	Deletion	60
2L	4526324	4526272	Deletion	52
2L	4529420	4529303	Deletion	117
2L	4529343	4529303	Deletion	40
2L	4529358	4529303	Deletion	55
2L	4529337	4529303	Deletion	34
2L	4529377	4529303	Deletion	74
2L	4529426	4529303	Deletion	123
2L	4529369	4529303	Deletion	66
2L	4529415	4529303	Deletion	112
2L	4548027	4547906	Deletion	121
2L	4548027	4547915	Deletion	112
2L	4548027	4547938	Deletion	89
2L	4548027	4547977	Deletion	50
2L	4551848	4551725	Deletion	123
2L	4551802	4551725	Deletion	77
2L	4551763	4551725	Deletion	38
2L	4574749	4574632	Deletion	117
2L	4595755	4595659	Deletion	96
2L	4595760	4595716	Deletion	44
2L	4595948	4595845	Deletion	103
2L	4595968	4595845	Deletion	123
2L	4595962	4595845	Deletion	117
2L	4595954	4595845	Deletion	109
2L	4595951	4595845	Deletion	106
2L	4595928	4595845	Deletion	83
2L	4595950	4595845	Deletion	105
2L	4596813	4596698	Deletion	115
2L	4596813	4596736	Deletion	77
2L	4596813	4596757	Deletion	56
2L	4604936	4604872	Deletion	64
2L	4604936	4604898	Deletion	38
2L	4605154	4605121	Deletion	33
2L	4606310	4606222	Deletion	88
2L	4607266	4607160	Deletion	106
2L	4607266	4607187	Deletion	79
2L	4607538	4607454	Deletion	84
2L	4607538	4607455	Deletion	83
2L	4607538	4607472	Deletion	66
2L	4608434	4608355	Deletion	79
2L	4644855	4644795	Deletion	60
2L	4645080	4644972	Deletion	108
2L	4645093	4644972	Deletion	121
2L	4645015	4644972	Deletion	43
2L	4645052	4644972	Deletion	80
2L	4645085	4644972	Deletion	113
2L	4645058	4644972	Deletion	86
2L	4645368	4645326	Deletion	42
2L	4648892	4648769	Deletion	123
2L	4648892	4648778	Deletion	114
2L	4648892	4648786	Deletion	106
2L	4648892	4648786	Deletion	106
2L	4648892	4648790	Deletion	102
2L	4648892	4648826	Deletion	66
2L	4648892	4648842	Deletion	50
2L	4648892	4648848	Deletion	44
2L	4648892	4648858	Deletion	34
2L	4652596	4652534	Deletion	62
2L	4652628	4652534	Deletion	94
2L	4652618	4652534	Deletion	84
2L	4652612	4652534	Deletion	78
2L	4654258	4654204	Deletion	54
2L	4654258	4654214	Deletion	44
2L	4656852	4656780	Deletion	72
2L	4656897	4656780	Deletion	117
2L	4656862	4656780	Deletion	82
2L	4662306	4662241	Deletion	65
2L	4663049	4662949	Deletion	100
2L	4663337	4663273	Deletion	64
2L	4664281	4664159	Deletion	122
2L	4670159	4670042	Deletion	117
2L	4670164	4670055	Deletion	109
2L	4670164	4670058	Deletion	106
2L	4670164	4670103	Deletion	61
2L	4670164	4670110	Deletion	54
2L	4670164	4670134	Deletion	30
2L	4672661	4672589	Deletion	72
2L	4672654	4672589	Deletion	65
2L	4672685	4672589	Deletion	96
2L	4672690	4672589	Deletion	101
2L	4685249	4685177	Deletion	72
2L	4685249	4685205	Deletion	44
2L	4685357	4685303	Deletion	54
2L	4685409	4685303	Deletion	106
2L	4685414	4685303	Deletion	111
2L	4685385	4685303	Deletion	82
2L	4688139	4688018	Deletion	121
2L	4688139	4688028	Deletion	111
2L	4688139	4688039	Deletion	100
2L	4688139	4688045	Deletion	94
2L	4688139	4688066	Deletion	73
2L	4688139	4688068	Deletion	71
2L	4688139	4688070	Deletion	69
2L	4688912	4688859	Deletion	53
2L	4688891	4688859	Deletion	32
2L	4688916	4688859	Deletion	57
2L	4688961	4688859	Deletion	102
2L	4688914	4688859	Deletion	55
2L	4702564	4702482	Deletion	82
2L	4702564	4702511	Deletion	53
2L	4704018	4703974	Deletion	44
2L	4704047	4703974	Deletion	73
2L	4704090	4703974	Deletion	116
2L	4716191	4716075	Deletion	116
2L	4716191	4716087	Deletion	104
2L	4716191	4716098	Deletion	93
2L	4716191	4716103	Deletion	88
2L	4716191	4716104	Deletion	87
2L	4716191	4716111	Deletion	80
2L	4716191	4716135	Deletion	56
2L	4730452	4730345	Deletion	107
2L	4730378	4730345	Deletion	33
2L	4730415	4730345	Deletion	70
2L	4730468	4730345	Deletion	123
2L	4730383	4730345	Deletion	38
2L	4730391	4730345	Deletion	46
2L	4730444	4730345	Deletion	99
2L	4730463	4730345	Deletion	118
2L	4730384	4730345	Deletion	39
2L	4730453	4730350	Deletion	103
2L	4733956	4733835	Deletion	121
2L	4733956	4733883	Deletion	73
2L	4733956	4733896	Deletion	60
2L	4733956	4733897	Deletion	59
2L	4733956	4733898	Deletion	58
2L	4733956	4733899	Deletion	57
2L	4733956	4733910	Deletion	46
2L	4733956	4733926	Deletion	30
2L	4744261	4744192	Deletion	69
2L	4744272	4744192	Deletion	80
2L	4744258	4744192	Deletion	66
2L	4744259	4744192	Deletion	67
2L	4744288	4744192	Deletion	96
2L	4744290	4744192	Deletion	98
2L	4744260	4744192	Deletion	68
2L	4744245	4744192	Deletion	53
2L	4746628	4746531	Deletion	97
2L	4746628	4746588	Deletion	40
2L	4746628	4746595	Deletion	33
2L	4746951	4746858	Deletion	93
2L	4746944	4746858	Deletion	86
2L	4751579	4751482	Deletion	97
2L	4751579	4751502	Deletion	77
2L	4751579	4751518	Deletion	61
2L	4751579	4751548	Deletion	31
2L	4751685	4751633	Deletion	52
2L	4751701	4751633	Deletion	68
2L	4751665	4751633	Deletion	32
2L	4751731	4751633	Deletion	98
2L	4755313	4755190	Deletion	123
2L	4755313	4755246	Deletion	67
2L	4755313	4755247	Deletion	66
2L	4755313	4755260	Deletion	53
2L	4756985	4756926	Deletion	59
2L	4756986	4756926	Deletion	60
2L	4756999	4756926	Deletion	73
2L	4760481	4760372	Deletion	109
2L	4760481	4760388	Deletion	93
2L	4760481	4760403	Deletion	78
2L	4760481	4760413	Deletion	68
2L	4760481	4760422	Deletion	59
2L	4760481	4760433	Deletion	48
2L	4762141	4762082	Deletion	59
2L	4762131	4762082	Deletion	49
2L	4762150	4762082	Deletion	68
2L	4762116	4762082	Deletion	34
2L	4762161	4762082	Deletion	79
2L	4762198	4762082	Deletion	116
2L	4762724	4762601	Deletion	123
2L	4762724	4762622	Deletion	102
2L	4762724	4762624	Deletion	100
2L	4762724	4762644	Deletion	80
2L	4762724	4762674	Deletion	50
2L	4770333	4770257	Deletion	76
2L	4770303	4770257	Deletion	46
2L	4770363	4770257	Deletion	106
2L	4795517	4795395	Deletion	122
2L	4795614	4795504	Deletion	110
2L	4795614	4795510	Deletion	104
2L	4795614	4795511	Deletion	103
2L	4795614	4795528	Deletion	86
2L	4795614	4795537	Deletion	77
2L	4795614	4795550	Deletion	64
2L	4795614	4795559	Deletion	55
2L	4795614	4795568	Deletion	46
2L	4795614	4795568	Deletion	46
2L	4795614	4795576	Deletion	38
2L	4800572	4800491	Deletion	81
2L	4800532	4800491	Deletion	41
2L	4800541	4800491	Deletion	50
2L	4800563	4800491	Deletion	72
2L	4800554	4800491	Deletion	63
2L	4800580	4800491	Deletion	89
2L	4800572	4800491	Deletion	81
2L	4807442	4807321	Deletion	121
2L	4807442	4807322	Deletion	120
2L	4807442	4807362	Deletion	80
2L	4807442	4807385	Deletion	57
2L	4807442	4807390	Deletion	52
2L	4807442	4807400	Deletion	42
2L	4813760	4813713	Deletion	47
2L	4813822	4813713	Deletion	109
2L	4813798	4813713	Deletion	85
2L	4813818	4813713	Deletion	105
2L	4813814	4813713	Deletion	101
2L	4813811	4813713	Deletion	98
2L	4813788	4813713	Deletion	75
2L	4813783	4813713	Deletion	70
2L	4817762	4817666	Deletion	96
2L	4817762	4817702	Deletion	60
2L	4817762	4817715	Deletion	47
2L	4820948	4820856	Deletion	92
2L	4820922	4820856	Deletion	66
2L	4820886	4820856	Deletion	30
2L	4820978	4820856	Deletion	122
2L	4820935	4820856	Deletion	79
2L	4822582	4822471	Deletion	111
2L	4822582	4822480	Deletion	102
2L	4822582	4822504	Deletion	78
2L	4828489	4828366	Deletion	123
2L	4828415	4828366	Deletion	49
2L	4828467	4828366	Deletion	101
2L	4828755	4828692	Deletion	63
2L	4828755	4828703	Deletion	52
2L	4828755	4828715	Deletion	40
2L	4829893	4829780	Deletion	113
2L	4829843	4829780	Deletion	63
2L	4829854	4829780	Deletion	74
2L	4829866	4829780	Deletion	86
2L	4834448	4834366	Deletion	82
2L	4834448	4834371	Deletion	77
2L	4834448	4834399	Deletion	49
2L	4834448	4834400	Deletion	48
2L	4835816	4835737	Deletion	79
2L	4835843	4835737	Deletion	106
2L	4835834	4835737	Deletion	97
2L	4835814	4835737	Deletion	77
2L	4835786	4835737	Deletion	49
2L	4835851	4835737	Deletion	114
2L	4835835	4835737	Deletion	98
2L	4835781	4835737	Deletion	44
2L	4841208	4841119	Deletion	89
2L	4841208	4841129	Deletion	79
2L	4841208	4841140	Deletion	68
2L	4841208	4841142	Deletion	66
2L	4841208	4841143	Deletion	65
2L	4841208	4841144	Deletion	64
2L	4841208	4841163	Deletion	45
2L	4842659	4842599	Deletion	60
2L	4842710	4842599	Deletion	111
2L	4842682	4842599	Deletion	83
2L	4842648	4842599	Deletion	49
2L	4842661	4842599	Deletion	62
2L	4842698	4842599	Deletion	99
2L	4842663	4842599	Deletion	64
2L	4842638	4842599	Deletion	39
2L	4842704	4842599	Deletion	105
2L	4842662	4842599	Deletion	63
2L	4850595	4850509	Deletion	86
2L	4850595	4850529	Deletion	66
2L	4850595	4850531	Deletion	64
2L	4850595	4850549	Deletion	46
2L	4850595	4850563	Deletion	32
2L	4850595	4850564	Deletion	31
2L	4850595	4850565	Deletion	30
2L	4850749	4850666	Deletion	83
2L	4850729	4850666	Deletion	63
2L	4850765	4850666	Deletion	99
2L	4850764	4850666	Deletion	98
2L	4850709	4850666	Deletion	43
2L	4850763	4850666	Deletion	97
2L	4850731	4850666	Deletion	65
2L	4852376	4852297	Deletion	79
2L	4852376	4852312	Deletion	64
2L	4852376	4852325	Deletion	51
2L	4852376	4852335	Deletion	41
2L	4856199	4856137	Deletion	62
2L	4856212	4856137	Deletion	75
2L	4856259	4856137	Deletion	122
2L	4856235	4856137	Deletion	98
2L	4856184	4856137	Deletion	47
2L	4856222	4856137	Deletion	85
2L	4856858	4856767	Deletion	91
2L	4856858	4856771	Deletion	87
2L	4856858	4856814	Deletion	44
2L	4856858	4856824	Deletion	34
2L	4867352	4867317	Deletion	35
2L	4867399	4867317	Deletion	82
2L	4867409	4867317	Deletion	92
2L	4867419	4867317	Deletion	102
2L	4867356	4867317	Deletion	39
2L	4896680	4896562	Deletion	118
2L	4896680	4896587	Deletion	93
2L	4896680	4896588	Deletion	92
2L	4906002	4905899	Deletion	103
2L	4905932	4905899	Deletion	33
2L	4905933	4905899	Deletion	34
2L	4911384	4911263	Deletion	121
2L	4911384	4911268	Deletion	116
2L	4911384	4911284	Deletion	100
2L	4911384	4911291	Deletion	93
2L	4911384	4911308	Deletion	76
2L	4911384	4911308	Deletion	76
2L	4911384	4911322	Deletion	62
2L	4911384	4911326	Deletion	58
2L	4911384	4911340	Deletion	44
2L	4913868	4913818	Deletion	50
2L	4913900	4913818	Deletion	82
2L	4913882	4913818	Deletion	64
2L	4913886	4913818	Deletion	68
2L	4913868	4913818	Deletion	50
2L	4918116	4917995	Deletion	121
2L	4923348	4923231	Deletion	117
2L	4923348	4923258	Deletion	90
2L	4923348	4923275	Deletion	73
2L	4923348	4923286	Deletion	62
2L	4923348	4923308	Deletion	40
2L	4923348	4923317	Deletion	31
2L	4932919	4932833	Deletion	86
2L	4932933	4932833	Deletion	100
2L	4932869	4932833	Deletion	36
2L	4932897	4932833	Deletion	64
2L	4932886	4932833	Deletion	53
2L	4932928	4932833	Deletion	95
2L	4932933	4932836	Deletion	97
2L	4933191	4933095	Deletion	96
2L	4933191	4933098	Deletion	93
2L	4933191	4933120	Deletion	71
2L	4933191	4933144	Deletion	47
2L	4941889	4941834	Deletion	55
2L	4941913	4941834	Deletion	79
2L	4941867	4941834	Deletion	33
2L	4943153	4943049	Deletion	104
2L	4943153	4943060	Deletion	93
2L	4943153	4943069	Deletion	84
2L	4943153	4943072	Deletion	81
2L	4943153	4943079	Deletion	74
2L	4943153	4943086	Deletion	67
2L	4943153	4943109	Deletion	44
2L	4958038	4957993	Deletion	45
2L	4958052	4957993	Deletion	59
2L	4958026	4957993	Deletion	33
2L	4958035	4957993	Deletion	42
2L	4958045	4957993	Deletion	52
2L	4958112	4957993	Deletion	119
2L	4958075	4957993	Deletion	82
2L	4958108	4957993	Deletion	115
2L	4970815	4970695	Deletion	120
2L	4978452	4978343	Deletion	109
2L	4978452	4978371	Deletion	81
2L	4978452	4978399	Deletion	53
2L	4978452	4978404	Deletion	48
2L	4980770	4980696	Deletion	74
2L	4980775	4980696	Deletion	79
2L	4980742	4980696	Deletion	46
2L	4982367	4982267	Deletion	100
2L	4982367	4982270	Deletion	97
2L	4982367	4982286	Deletion	81
2L	4982367	4982318	Deletion	49
2L	4982523	4982420	Deletion	103
2L	4982497	4982420	Deletion	77
2L	4982542	4982420	Deletion	122
2L	4982517	4982420	Deletion	97
2L	4982465	4982420	Deletion	45
2L	4992215	4992093	Deletion	122
2L	4997492	4997379	Deletion	113
2L	4997492	4997413	Deletion	79
2L	4997903	4997787	Deletion	116
2L	4997847	4997787	Deletion	60
2L	5003037	5002952	Deletion	85
2L	5003037	5002965	Deletion	72
2L	5003037	5002965	Deletion	72
2L	5003037	5002979	Deletion	58
2L	5003037	5003007	Deletion	30
2L	5004569	5004515	Deletion	54
2L	5004611	5004515	Deletion	96
2L	5004569	5004515	Deletion	54
2L	5004556	5004515	Deletion	41
2L	5004583	5004515	Deletion	68
2L	5023990	5023871	Deletion	119
2L	5023990	5023877	Deletion	113
2L	5023990	5023924	Deletion	66
2L	5023990	5023924	Deletion	66
2L	5023990	5023946	Deletion	44
2L	5023990	5023954	Deletion	36
2L	5026227	5026145	Deletion	82
2L	5026205	5026145	Deletion	60
2L	5026205	5026145	Deletion	60
2L	5026235	5026149	Deletion	86
2L	5026946	5026822	Deletion	124
2L	5033988	5033866	Deletion	122
2L	5033988	5033881	Deletion	107
2L	5033988	5033882	Deletion	106
2L	5033988	5033884	Deletion	104
2L	5033988	5033949	Deletion	39
2L	5034145	5034037	Deletion	108
2L	5034126	5034037	Deletion	89
2L	5039991	5039868	Deletion	123
2L	5039991	5039872	Deletion	119
2L	5039991	5039879	Deletion	112
2L	5039991	5039893	Deletion	98
2L	5039991	5039907	Deletion	84
2L	5039991	5039908	Deletion	83
2L	5039991	5039910	Deletion	81
2L	5039991	5039918	Deletion	73
2L	5039991	5039923	Deletion	68
2L	5039991	5039956	Deletion	35
2L	5039991	5039959	Deletion	32
2L	5040186	5040141	Deletion	45
2L	5040199	5040141	Deletion	58
2L	5040184	5040141	Deletion	43
2L	5040232	5040141	Deletion	91
2L	5040183	5040141	Deletion	42
2L	5040263	5040141	Deletion	122
2L	5040194	5040141	Deletion	53
2L	5040235	5040141	Deletion	94
2L	5042964	5042843	Deletion	121
2L	5046511	5046389	Deletion	122
2L	5053087	5052969	Deletion	118
2L	5053087	5052970	Deletion	117
2L	5053087	5052990	Deletion	97
2L	5053087	5052995	Deletion	92
2L	5053377	5053263	Deletion	114
2L	5053385	5053263	Deletion	122
2L	5053297	5053263	Deletion	34
2L	5053382	5053263	Deletion	119
2L	5053385	5053263	Deletion	122
2L	5053713	5053605	Deletion	108
2L	5053713	5053623	Deletion	90
2L	5053713	5053638	Deletion	75
2L	5053713	5053639	Deletion	74
2L	5053713	5053667	Deletion	46
2L	5053713	5053668	Deletion	45
2L	5053713	5053670	Deletion	43
2L	5053844	5053764	Deletion	80
2L	5053847	5053764	Deletion	83
2L	5053865	5053764	Deletion	101
2L	5053816	5053764	Deletion	52
2L	5053845	5053764	Deletion	81
2L	5053800	5053764	Deletion	36
2L	5053815	5053764	Deletion	51
2L	5058004	5057881	Deletion	123
2L	5060459	5060345	Deletion	114
2L	5060459	5060357	Deletion	102
2L	5060459	5060363	Deletion	96
2L	5060459	5060372	Deletion	87
2L	5060553	5060523	Deletion	30
2L	5060562	5060523	Deletion	39
2L	5088156	5088034	Deletion	122
2L	5096389	5096266	Deletion	123
2L	5096389	5096303	Deletion	86
2L	5096389	5096317	Deletion	72
2L	5096389	5096321	Deletion	68
2L	5096389	5096356	Deletion	33
2L	5096771	5096717	Deletion	54
2L	5096810	5096717	Deletion	93
2L	5096757	5096717	Deletion	40
2L	5096813	5096717	Deletion	96
2L	5096775	5096717	Deletion	58
2L	5105580	5105465	Deletion	115
2L	5105580	5105475	Deletion	105
2L	5105580	5105546	Deletion	34
2L	5107687	5107594	Deletion	93
2L	5107710	5107594	Deletion	116
2L	5124219	5124129	Deletion	90
2L	5124219	5124139	Deletion	80
2L	5124219	5124143	Deletion	76
2L	5124219	5124155	Deletion	64
2L	5124219	5124173	Deletion	46
2L	5138789	5138726	Deletion	63
2L	5138763	5138726	Deletion	37
2L	5138773	5138726	Deletion	47
2L	5138777	5138726	Deletion	51
2L	5138807	5138726	Deletion	81
2L	5161685	5161561	Deletion	124
2L	5170981	5170864	Deletion	117
2L	5170981	5170865	Deletion	116
2L	5170981	5170867	Deletion	114
2L	5170981	5170891	Deletion	90
2L	5170981	5170898	Deletion	83
2L	5170981	5170905	Deletion	76
2L	5170981	5170922	Deletion	59
2L	5170981	5170926	Deletion	55
2L	5173678	5173628	Deletion	50
2L	5174319	5174276	Deletion	43
2L	5174347	5174276	Deletion	71
2L	5176000	5175896	Deletion	104
2L	5176287	5176220	Deletion	67
2L	5176904	5176868	Deletion	36
2L	5188187	5188064	Deletion	123
2L	5189471	5189378	Deletion	93
2L	5189471	5189395	Deletion	76
2L	5189471	5189407	Deletion	64
2L	5189471	5189426	Deletion	45
2L	5189471	5189432	Deletion	39
2L	5189471	5189434	Deletion	37
2L	5189471	5189437	Deletion	34
2L	5206252	5206165	Deletion	87
2L	5206227	5206165	Deletion	62
2L	5206277	5206165	Deletion	112
2L	5206257	5206165	Deletion	92
2L	5206266	5206165	Deletion	101
2L	5206198	5206165	Deletion	33
2L	5206246	5206165	Deletion	81
2L	5206215	5206165	Deletion	50
2L	5206268	5206165	Deletion	103
2L	5206254	5206165	Deletion	89
2L	5210979	5210877	Deletion	102
2L	5210979	5210880	Deletion	99
2L	5210979	5210900	Deletion	79
2L	5210979	5210907	Deletion	72
2L	5223878	5223831	Deletion	47
2L	5223929	5223831	Deletion	98
2L	5223944	5223831	Deletion	113
2L	5223885	5223831	Deletion	54
2L	5238084	5237962	Deletion	122
2L	5238084	5237976	Deletion	108
2L	5238084	5237978	Deletion	106
2L	5238084	5237988	Deletion	96
2L	5238084	5237988	Deletion	96
2L	5238084	5238001	Deletion	83
2L	5238084	5238007	Deletion	77
2L	5238084	5238024	Deletion	60
2L	5238084	5238038	Deletion	46
2L	5238084	5238054	Deletion	30
2L	5240875	5240779	Deletion	96
2L	5240859	5240779	Deletion	80
2L	5240903	5240779	Deletion	124
2L	5240828	5240779	Deletion	49
2L	5240845	5240779	Deletion	66
2L	5240822	5240779	Deletion	43
2L	5240898	5240779	Deletion	119
2L	5240900	5240779	Deletion	121
2L	5240879	5240779	Deletion	100
2L	5240900	5240779	Deletion	121
2L	5244706	5244585	Deletion	121
2L	5249137	5249018	Deletion	119
2L	5249137	5249057	Deletion	80
2L	5249137	5249064	Deletion	73
2L	5249137	5249089	Deletion	48
2L	5249137	5249090	Deletion	47
2L	5249137	5249103	Deletion	34
2L	5249137	5249107	Deletion	30
2L	5250763	5250710	Deletion	53
2L	5250802	5250710	Deletion	92
2L	5250789	5250710	Deletion	79
2L	5250756	5250710	Deletion	46
2L	5250788	5250710	Deletion	78
2L	5250806	5250710	Deletion	96
2L	5274039	5273921	Deletion	118
2L	5274039	5273959	Deletion	80
2L	5274039	5273974	Deletion	65
2L	5274039	5273977	Deletion	62
2L	5274039	5273980	Deletion	59
2L	5283655	5283591	Deletion	64
2L	5283658	5283591	Deletion	67
2L	5283637	5283591	Deletion	46
2L	5283652	5283591	Deletion	61
2L	5283696	5283591	Deletion	105
2L	5285091	5284981	Deletion	110
2L	5285091	5285014	Deletion	77
2L	5285091	5285029	Deletion	62
2L	5285091	5285049	Deletion	42
2L	5285091	5285058	Deletion	33
2L	5287942	5287875	Deletion	67
2L	5287927	5287875	Deletion	52
2L	5287971	5287875	Deletion	96
2L	5287962	5287875	Deletion	87
2L	5291656	5291551	Deletion	105
2L	5291656	5291567	Deletion	89
2L	5291656	5291581	Deletion	75
2L	5291656	5291592	Deletion	64
2L	5291656	5291593	Deletion	63
2L	5291950	5291831	Deletion	119
2L	5291868	5291831	Deletion	37
2L	5291894	5291831	Deletion	63
2L	5291893	5291831	Deletion	62
2L	5291946	5291831	Deletion	115
2L	5291882	5291831	Deletion	51
2L	5295241	5295119	Deletion	122
2L	5317771	5317652	Deletion	119
2L	5317771	5317693	Deletion	78
2L	5317771	5317705	Deletion	66
2L	5317771	5317715	Deletion	56
2L	5317771	5317726	Deletion	45
2L	5317771	5317729	Deletion	42
2L	5317771	5317740	Deletion	31
2L	5320915	5320834	Deletion	81
2L	5320954	5320834	Deletion	120
2L	5320904	5320834	Deletion	70
2L	5320918	5320834	Deletion	84
2L	5320894	5320834	Deletion	60
2L	5320882	5320834	Deletion	48
2L	5320929	5320834	Deletion	95
2L	5320941	5320834	Deletion	107
2L	5320949	5320834	Deletion	115
2L	5320940	5320834	Deletion	106
2L	5341295	5341175	Deletion	120
2L	5341295	5341251	Deletion	44
2L	5359843	5359760	Deletion	83
2L	5359880	5359760	Deletion	120
2L	5361828	5361790	Deletion	38
2L	5371561	5371450	Deletion	111
2L	5371567	5371450	Deletion	117
2L	5371539	5371450	Deletion	89
2L	5371573	5371450	Deletion	123
2L	5390008	5389892	Deletion	116
2L	5395334	5395212	Deletion	122
2L	5395334	5395217	Deletion	117
2L	5395334	5395227	Deletion	107
2L	5395334	5395232	Deletion	102
2L	5395334	5395276	Deletion	58
2L	5403726	5403625	Deletion	101
2L	5403745	5403625	Deletion	120
2L	5403736	5403625	Deletion	111
2L	5403694	5403625	Deletion	69
2L	5413381	5413281	Deletion	100
2L	5413381	5413322	Deletion	59
2L	5413381	5413323	Deletion	58
2L	5413381	5413328	Deletion	53
2L	5413381	5413333	Deletion	48
2L	5413381	5413343	Deletion	38
2L	5421297	5421227	Deletion	70
2L	5421341	5421227	Deletion	114
2L	5421303	5421227	Deletion	76
2L	5421318	5421227	Deletion	91
2L	5421328	5421227	Deletion	101
2L	5421298	5421227	Deletion	71
2L	5421308	5421227	Deletion	81
2L	5433708	5433584	Deletion	124
2L	5433708	5433605	Deletion	103
2L	5433708	5433631	Deletion	77
2L	5433708	5433640	Deletion	68
2L	5433708	5433654	Deletion	54
2L	5433708	5433674	Deletion	34
2L	5433708	5433675	Deletion	33
2L	5433917	5433817	Deletion	100
2L	5433909	5433817	Deletion	92
2L	5433866	5433817	Deletion	49
2L	5433889	5433817	Deletion	72
2L	5433910	5433817	Deletion	93
2L	5433875	5433817	Deletion	58
2L	5446411	5446295	Deletion	116
2L	5446409	5446302	Deletion	107
2L	5446411	5446324	Deletion	87
2L	5446411	5446330	Deletion	81
2L	5446411	5446341	Deletion	70
2L	5446411	5446348	Deletion	63
2L	5446411	5446349	Deletion	62
2L	5446411	5446359	Deletion	52
2L	5446547	5446491	Deletion	56
2L	5446565	5446491	Deletion	74
2L	5446536	5446491	Deletion	45
2L	5446594	5446491	Deletion	103
2L	5446554	5446491	Deletion	63
2L	5446530	5446491	Deletion	39
2L	5446598	5446491	Deletion	107
2L	5446593	5446491	Deletion	102
2L	5446599	5446491	Deletion	108
2L	5446555	5446491	Deletion	64
2L	5462240	5462152	Deletion	88
2L	5462240	5462164	Deletion	76
2L	5462240	5462176	Deletion	64
2L	5462240	5462193	Deletion	47
2L	5462240	5462206	Deletion	34
2L	5464308	5464203	Deletion	105
2L	5464267	5464203	Deletion	64
2L	5464297	5464203	Deletion	94
2L	5464255	5464203	Deletion	52
2L	5464284	5464203	Deletion	81
2L	5464313	5464203	Deletion	110
2L	5464243	5464203	Deletion	40
2L	5480557	5480450	Deletion	107
2L	5480557	5480488	Deletion	69
2L	5483324	5483265	Deletion	59
2L	5483384	5483265	Deletion	119
2L	5483379	5483265	Deletion	114
2L	5483383	5483265	Deletion	118
2L	5483379	5483265	Deletion	114
2L	5490943	5490820	Deletion	123
2L	5490943	5490823	Deletion	120
2L	5490943	5490827	Deletion	116
2L	5490943	5490832	Deletion	111
2L	5490943	5490862	Deletion	81
2L	5490943	5490864	Deletion	79
2L	5490943	5490871	Deletion	72
2L	5490943	5490874	Deletion	69
2L	5490943	5490892	Deletion	51
2L	5490943	5490898	Deletion	45
2L	5490943	5490901	Deletion	42
2L	5490943	5490906	Deletion	37
2L	5494260	5494171	Deletion	89
2L	5494252	5494171	Deletion	81
2L	5494216	5494171	Deletion	45
2L	5494255	5494171	Deletion	84
2L	5494287	5494171	Deletion	116
2L	5494225	5494171	Deletion	54
2L	5494287	5494171	Deletion	116
2L	5494246	5494171	Deletion	75
2L	5494277	5494171	Deletion	106
2L	5494218	5494171	Deletion	47
2L	5494228	5494171	Deletion	57
2L	5507698	5507580	Deletion	118
2L	5507697	5507602	Deletion	95
2L	5507697	5507643	Deletion	54
2L	5509291	5509169	Deletion	122
2L	5509242	5509169	Deletion	73
2L	5509270	5509169	Deletion	101
2L	5509201	5509169	Deletion	32
2L	5537581	5537470	Deletion	111
2L	5537581	5537486	Deletion	95
2L	5537581	5537487	Deletion	94
2L	5537581	5537502	Deletion	79
2L	5537581	5537503	Deletion	78
2L	5537581	5537528	Deletion	53
2L	5537581	5537534	Deletion	47
2L	5537947	5537849	Deletion	98
2L	5537923	5537849	Deletion	74
2L	5537898	5537849	Deletion	49
2L	5537882	5537849	Deletion	33
2L	5537881	5537849	Deletion	32
2L	5537929	5537849	Deletion	80
2L	5537897	5537849	Deletion	48
2L	5545928	5545816	Deletion	112
2L	5545928	5545825	Deletion	103
2L	5545928	5545876	Deletion	52
2L	5545928	5545883	Deletion	45
2L	5545928	5545884	Deletion	44
2L	5555204	5555123	Deletion	81
2L	5555205	5555123	Deletion	82
2L	5555243	5555123	Deletion	120
2L	5555197	5555123	Deletion	74
2L	5563674	5563552	Deletion	122
2L	5563674	5563555	Deletion	119
2L	5563674	5563556	Deletion	118
2L	5563674	5563607	Deletion	67
2L	5563674	5563632	Deletion	42
2L	5564886	5564762	Deletion	124
2L	5564847	5564762	Deletion	85
2L	5564822	5564762	Deletion	60
2L	5572618	5572496	Deletion	122
2L	5572618	5572521	Deletion	97
2L	5577467	5577367	Deletion	100
2L	5577485	5577367	Deletion	118
2L	5577476	5577367	Deletion	109
2L	5577490	5577367	Deletion	123
2L	5581951	5581831	Deletion	120
2L	5581951	5581868	Deletion	83
2L	5581951	5581907	Deletion	44
2L	5581951	5581911	Deletion	40
2L	5581951	5581919	Deletion	32
2L	5583230	5583144	Deletion	86
2L	5583238	5583144	Deletion	94
2L	5583226	5583144	Deletion	82
2L	5583242	5583144	Deletion	98
2L	5583187	5583144	Deletion	43
2L	5583267	5583144	Deletion	123
2L	5583264	5583144	Deletion	120
2L	5584413	5584291	Deletion	122
2L	5585156	5585032	Deletion	124
2L	5585156	5585054	Deletion	102
2L	5585156	5585061	Deletion	95
2L	5585156	5585063	Deletion	93
2L	5585156	5585106	Deletion	50
2L	5585156	5585114	Deletion	42
2L	5585724	5585602	Deletion	122
2L	5585635	5585602	Deletion	33
2L	5585678	5585602	Deletion	76
2L	5585633	5585602	Deletion	31
2L	5585686	5585602	Deletion	84
2L	5607317	5607202	Deletion	115
2L	5607317	5607232	Deletion	85
2L	5607317	5607235	Deletion	82
2L	5607313	5607266	Deletion	47
2L	5607562	5607487	Deletion	75
2L	5607531	5607487	Deletion	44
2L	5607528	5607487	Deletion	41
2L	5607585	5607487	Deletion	98
2L	5613306	5613190	Deletion	116
2L	5613306	5613196	Deletion	110
2L	5613306	5613200	Deletion	106
2L	5613306	5613210	Deletion	96
2L	5613306	5613244	Deletion	62
2L	5622147	5622117	Deletion	30
2L	5622181	5622117	Deletion	64
2L	5629904	5629806	Deletion	98
2L	5629904	5629846	Deletion	58
2L	5630390	5630275	Deletion	115
2L	5630344	5630275	Deletion	69
2L	5636252	5636138	Deletion	114
2L	5636252	5636184	Deletion	68
2L	5636252	5636189	Deletion	63
2L	5636252	5636203	Deletion	49
2L	5636252	5636213	Deletion	39
2L	5637440	5637377	Deletion	63
2L	5637454	5637377	Deletion	77
2L	5637435	5637377	Deletion	58
2L	5637464	5637377	Deletion	87
2L	5639753	5639638	Deletion	115
2L	5639753	5639643	Deletion	110
2L	5639753	5639687	Deletion	66
2L	5639753	5639693	Deletion	60
2L	5639753	5639697	Deletion	56
2L	5639753	5639707	Deletion	46
2L	5641666	5641586	Deletion	80
2L	5641656	5641586	Deletion	70
2L	5641652	5641586	Deletion	66
2L	5641699	5641586	Deletion	113
2L	5641646	5641591	Deletion	55
2L	5648029	5647920	Deletion	109
2L	5648029	5647954	Deletion	75
2L	5648029	5647971	Deletion	58
2L	5648029	5647971	Deletion	58
2L	5648711	5648658	Deletion	53
2L	5648728	5648658	Deletion	70
2L	5648728	5648658	Deletion	70
2L	5663722	5663613	Deletion	109
2L	5663722	5663622	Deletion	100
2L	5663722	5663626	Deletion	96
2L	5663722	5663628	Deletion	94
2L	5663722	5663633	Deletion	89
2L	5663722	5663641	Deletion	81
2L	5663722	5663642	Deletion	80
2L	5663722	5663643	Deletion	79
2L	5663722	5663666	Deletion	56
2L	5663722	5663672	Deletion	50
2L	5668336	5668299	Deletion	37
2L	5668369	5668299	Deletion	70
2L	5668344	5668299	Deletion	45
2L	5668346	5668299	Deletion	47
2L	5668419	5668299	Deletion	120
2L	5668331	5668299	Deletion	32
2L	5668418	5668299	Deletion	119
2L	5668329	5668299	Deletion	30
2L	5668375	5668299	Deletion	76
2L	5668345	5668299	Deletion	46
2L	5688997	5688884	Deletion	113
2L	5688997	5688936	Deletion	61
2L	5688997	5688940	Deletion	57
2L	5688997	5688945	Deletion	52
2L	5688997	5688963	Deletion	34
2L	5688997	5688965	Deletion	32
2L	5689847	5689782	Deletion	65
2L	5689876	5689782	Deletion	94
2L	5689851	5689782	Deletion	69
2L	5689874	5689782	Deletion	92
2L	5689856	5689782	Deletion	74
2L	5695555	5695432	Deletion	123
2L	5704668	5704565	Deletion	103
2L	5704668	5704584	Deletion	84
2L	5704668	5704606	Deletion	62
2L	5704668	5704637	Deletion	31
2L	5705082	5704985	Deletion	97
2L	5705049	5704985	Deletion	64
2L	5705093	5704985	Deletion	108
2L	5705080	5704985	Deletion	95
2L	5705027	5704985	Deletion	42
2L	5706344	5706265	Deletion	79
2L	5706349	5706274	Deletion	75
2L	5706349	5706308	Deletion	41
2L	5706549	5706443	Deletion	106
2L	5706528	5706443	Deletion	85
2L	5706567	5706443	Deletion	124
2L	5706494	5706443	Deletion	51
2L	5709177	5709074	Deletion	103
2L	5709177	5709096	Deletion	81
2L	5709177	5709106	Deletion	71
2L	5709177	5709128	Deletion	49
2L	5710894	5710848	Deletion	46
2L	5710904	5710848	Deletion	56
2L	5710954	5710848	Deletion	106
2L	5710926	5710848	Deletion	78
2L	5758300	5758177	Deletion	123
2L	5765689	5765585	Deletion	104
2L	5765689	5765591	Deletion	98
2L	5765689	5765633	Deletion	56
2L	5765689	5765649	Deletion	40
2L	5765689	5765658	Deletion	31
2L	5768714	5768628	Deletion	86
2L	5768752	5768628	Deletion	124
2L	5768743	5768628	Deletion	115
2L	5768723	5768628	Deletion	95
2L	5768698	5768628	Deletion	70
2L	5770268	5770147	Deletion	121
2L	5770268	5770154	Deletion	114
2L	5770268	5770170	Deletion	98
2L	5770268	5770179	Deletion	89
2L	5770268	5770237	Deletion	31
2L	5770503	5770408	Deletion	95
2L	5770507	5770408	Deletion	99
2L	5770445	5770408	Deletion	37
2L	5788318	5788213	Deletion	105
2L	5788318	5788234	Deletion	84
2L	5788318	5788262	Deletion	56
2L	5788318	5788266	Deletion	52
2L	5788318	5788276	Deletion	42
2L	5788729	5788655	Deletion	74
2L	5788697	5788655	Deletion	42
2L	5788725	5788655	Deletion	70
2L	5788739	5788655	Deletion	84
2L	5788775	5788655	Deletion	120
2L	5789955	5789864	Deletion	91
2L	5789955	5789884	Deletion	71
2L	5789955	5789915	Deletion	40
2L	5789955	5789923	Deletion	32
2L	5812294	5812190	Deletion	104
2L	5812226	5812190	Deletion	36
2L	5812246	5812190	Deletion	56
2L	5812277	5812190	Deletion	87
2L	5812285	5812190	Deletion	95
2L	5812289	5812190	Deletion	99
2L	5812304	5812190	Deletion	114
2L	5828989	5828929	Deletion	60
2L	5829581	5829508	Deletion	73
2L	5830319	5830259	Deletion	60
2L	5832621	5832588	Deletion	33
2L	5833432	5833380	Deletion	52
2L	5834170	5834103	Deletion	67
2L	5843795	5843681	Deletion	114
2L	5843795	5843700	Deletion	95
2L	5843795	5843700	Deletion	95
2L	5843795	5843701	Deletion	94
2L	5843795	5843722	Deletion	73
2L	5843795	5843740	Deletion	55
2L	5848098	5848067	Deletion	31
2L	5848138	5848067	Deletion	71
2L	5848098	5848067	Deletion	31
2L	5848099	5848067	Deletion	32
2L	5848120	5848067	Deletion	53
2L	5858203	5858091	Deletion	112
2L	5858203	5858093	Deletion	110
2L	5858200	5858124	Deletion	76
2L	5858203	5858125	Deletion	78
2L	5859281	5859233	Deletion	48
2L	5859280	5859233	Deletion	47
2L	5859356	5859233	Deletion	123
2L	5865633	5865522	Deletion	111
2L	5865633	5865545	Deletion	88
2L	5865633	5865552	Deletion	81
2L	5865633	5865589	Deletion	44
2L	5865832	5865750	Deletion	82
2L	5865795	5865750	Deletion	45
2L	5865788	5865750	Deletion	38
2L	5869582	5869463	Deletion	119
2L	5869582	5869498	Deletion	84
2L	5869582	5869533	Deletion	49
2L	5870251	5870172	Deletion	79
2L	5870216	5870172	Deletion	44
2L	5892712	5892615	Deletion	97
2L	5892712	5892616	Deletion	96
2L	5892712	5892620	Deletion	92
2L	5892712	5892650	Deletion	62
2L	5892712	5892657	Deletion	55
2L	5892712	5892673	Deletion	39
2L	5892712	5892673	Deletion	39
2L	5892712	5892674	Deletion	38
2L	5893009	5892921	Deletion	88
2L	5893044	5892921	Deletion	123
2L	5892986	5892921	Deletion	65
2L	5892993	5892921	Deletion	72
2L	5893041	5892921	Deletion	120
2L	5892951	5892921	Deletion	30
2L	5893009	5892921	Deletion	88
2L	5892956	5892921	Deletion	35
2L	5893010	5892921	Deletion	89
2L	5892952	5892921	Deletion	31
2L	5893337	5893214	Deletion	123
2L	5893337	5893231	Deletion	106
2L	5893337	5893250	Deletion	87
2L	5893337	5893250	Deletion	87
2L	5893337	5893253	Deletion	84
2L	5893337	5893264	Deletion	73
2L	5893337	5893267	Deletion	70
2L	5893337	5893275	Deletion	62
2L	5893337	5893305	Deletion	32
2L	5899696	5899642	Deletion	54
2L	5899682	5899642	Deletion	40
2L	5899685	5899642	Deletion	43
2L	5899737	5899642	Deletion	95
2L	5899707	5899642	Deletion	65
2L	5899682	5899642	Deletion	40
2L	5899699	5899642	Deletion	57
2L	5901029	5900905	Deletion	124
2L	5901029	5900908	Deletion	121
2L	5901029	5900915	Deletion	114
2L	5901029	5900923	Deletion	106
2L	5901029	5900926	Deletion	103
2L	5901029	5900928	Deletion	101
2L	5901029	5900930	Deletion	99
2L	5901029	5900945	Deletion	84
2L	5901029	5900963	Deletion	66
2L	5901029	5900968	Deletion	61
2L	5921843	5921743	Deletion	100
2L	5921843	5921743	Deletion	100
2L	5921809	5921743	Deletion	66
2L	5921862	5921743	Deletion	119
2L	5921804	5921743	Deletion	61
2L	5921786	5921743	Deletion	43
2L	5924574	5924470	Deletion	104
2L	5924574	5924470	Deletion	104
2L	5924574	5924471	Deletion	103
2L	5924574	5924490	Deletion	84
2L	5924574	5924493	Deletion	81
2L	5924574	5924494	Deletion	80
2L	5924574	5924499	Deletion	75
2L	5924574	5924505	Deletion	69
2L	5924574	5924522	Deletion	52
2L	5924574	5924523	Deletion	51
2L	5925004	5924952	Deletion	52
2L	5925010	5924952	Deletion	58
2L	5925028	5924952	Deletion	76
2L	5925027	5924952	Deletion	75
2L	5924999	5924952	Deletion	47
2L	5924998	5924952	Deletion	46
2L	5925051	5924952	Deletion	99
2L	5924995	5924952	Deletion	43
2L	5925151	5925050	Deletion	101
2L	5925151	5925065	Deletion	86
2L	5925151	5925067	Deletion	84
2L	5925151	5925091	Deletion	60
2L	5925151	5925100	Deletion	51
2L	5926524	5926481	Deletion	43
2L	5926603	5926481	Deletion	122
2L	5926557	5926481	Deletion	76
2L	5926580	5926481	Deletion	99
2L	5926522	5926481	Deletion	41
2L	5926548	5926481	Deletion	67
2L	5926829	5926711	Deletion	118
2L	5926829	5926723	Deletion	106
2L	5926829	5926762	Deletion	67
2L	5926829	5926772	Deletion	57
2L	5926829	5926774	Deletion	55
2L	5926829	5926782	Deletion	47
2L	5926829	5926787	Deletion	42
2L	5938197	5938126	Deletion	71
2L	5938210	5938126	Deletion	84
2L	5938243	5938126	Deletion	117
2L	5938195	5938126	Deletion	69
2L	5938205	5938126	Deletion	79
2L	5938245	5938126	Deletion	119
2L	5938185	5938126	Deletion	59
2L	5946769	5946646	Deletion	123
2L	5946769	5946679	Deletion	90
2L	5946769	5946700	Deletion	69
2L	5946769	5946723	Deletion	46
2L	5946769	5946723	Deletion	46
2L	5946769	5946724	Deletion	45
2L	5947073	5946993	Deletion	80
2L	5947091	5946993	Deletion	98
2L	5947050	5946993	Deletion	57
2L	5947073	5946993	Deletion	80
2L	5947029	5946993	Deletion	36
2L	5947074	5946993	Deletion	81
2L	5958923	5958805	Deletion	118
2L	5961599	5961492	Deletion	107
2L	5961599	5961494	Deletion	105
2L	5961599	5961544	Deletion	55
2L	5961599	5961560	Deletion	39
2L	5961599	5961565	Deletion	34
2L	5963182	5963090	Deletion	92
2L	5963177	5963090	Deletion	87
2L	5963161	5963090	Deletion	71
2L	5964127	5964006	Deletion	121
2L	5966669	5966554	Deletion	115
2L	5966669	5966561	Deletion	108
2L	5966669	5966568	Deletion	101
2L	5966669	5966606	Deletion	63
2L	5966669	5966613	Deletion	56
2L	5972150	5972078	Deletion	72
2L	5972157	5972078	Deletion	79
2L	5972200	5972078	Deletion	122
2L	5972202	5972078	Deletion	124
2L	5972187	5972078	Deletion	109
2L	5972254	5972155	Deletion	99
2L	5972254	5972188	Deletion	66
2L	5972254	5972193	Deletion	61
2L	5972254	5972214	Deletion	40
2L	5982095	5982029	Deletion	66
2L	5982090	5982029	Deletion	61
2L	5982129	5982029	Deletion	100
2L	5982142	5982029	Deletion	113
2L	5982116	5982029	Deletion	87
2L	5982373	5982277	Deletion	96
2L	5982373	5982316	Deletion	57
2L	5982373	5982326	Deletion	47
2L	5982373	5982337	Deletion	36
2L	5982373	5982343	Deletion	30
2L	5994017	5993986	Deletion	31
2L	5994066	5993986	Deletion	80
2L	5994077	5993986	Deletion	91
2L	5994083	5993986	Deletion	97
2L	5994106	5993986	Deletion	120
2L	5994056	5993989	Deletion	67
2L	5995620	5995531	Deletion	89
2L	5995620	5995568	Deletion	52
2L	5996761	5996687	Deletion	74
2L	5996724	5996687	Deletion	37
2L	6001867	6001773	Deletion	94
2L	6002549	6002431	Deletion	118
2L	6002535	6002431	Deletion	104
2L	6002550	6002431	Deletion	119
2L	6002465	6002431	Deletion	34
2L	6008910	6008787	Deletion	123
2L	6008910	6008799	Deletion	111
2L	6008910	6008803	Deletion	107
2L	6008910	6008808	Deletion	102
2L	6008910	6008817	Deletion	93
2L	6008910	6008832	Deletion	78
2L	6008910	6008875	Deletion	35
2L	6011685	6011582	Deletion	103
2L	6011634	6011582	Deletion	52
2L	6011694	6011582	Deletion	112
2L	6011619	6011582	Deletion	37
2L	6011677	6011582	Deletion	95
2L	6016719	6016598	Deletion	121
2L	6016719	6016618	Deletion	101
2L	6016719	6016624	Deletion	95
2L	6016719	6016626	Deletion	93
2L	6016719	6016663	Deletion	56
2L	6016719	6016683	Deletion	36
2L	6017666	6017594	Deletion	72
2L	6017627	6017594	Deletion	33
2L	6017629	6017594	Deletion	35
2L	6017699	6017594	Deletion	105
2L	6017686	6017594	Deletion	92
2L	6022352	6022253	Deletion	99
2L	6022352	6022255	Deletion	97
2L	6022352	6022265	Deletion	87
2L	6024286	6024247	Deletion	39
2L	6024345	6024247	Deletion	98
2L	6044871	6044837	Deletion	34
2L	6045028	6044922	Deletion	106
2L	6045014	6044922	Deletion	92
2L	6053113	6053064	Deletion	49
2L	6053113	6053068	Deletion	45
2L	6060179	6060098	Deletion	81
2L	6060175	6060098	Deletion	77
2L	6060219	6060098	Deletion	121
2L	6072838	6072726	Deletion	112
2L	6072838	6072739	Deletion	99
2L	6072838	6072743	Deletion	95
2L	6072838	6072747	Deletion	91
2L	6073799	6073763	Deletion	36
2L	6073795	6073763	Deletion	32
2L	6074564	6074443	Deletion	121
2L	6090719	6090598	Deletion	121
2L	6090731	6090671	Deletion	60
2L	6090731	6090678	Deletion	53
2L	6090731	6090680	Deletion	51
2L	6090727	6090692	Deletion	35
2L	6090731	6090695	Deletion	36
2L	6097550	6097460	Deletion	90
2L	6097574	6097460	Deletion	114
2L	6097547	6097460	Deletion	87
2L	6097535	6097460	Deletion	75
2L	6097533	6097460	Deletion	73
2L	6097526	6097460	Deletion	66
2L	6097763	6097656	Deletion	107
2L	6097763	6097659	Deletion	104
2L	6097763	6097676	Deletion	87
2L	6097763	6097689	Deletion	74
2L	6097763	6097709	Deletion	54
2L	6099463	6099424	Deletion	39
2L	6099526	6099424	Deletion	102
2L	6099496	6099424	Deletion	72
2L	6099476	6099424	Deletion	52
2L	6099895	6099777	Deletion	118
2L	6099895	6099783	Deletion	112
2L	6099895	6099785	Deletion	110
2L	6099895	6099788	Deletion	107
2L	6099895	6099790	Deletion	105
2L	6099895	6099830	Deletion	65
2L	6099895	6099831	Deletion	64
2L	6099895	6099832	Deletion	63
2L	6099895	6099849	Deletion	46
2L	6099895	6099856	Deletion	39
2L	6099895	6099864	Deletion	31
2L	6106204	6106138	Deletion	66
2L	6106238	6106138	Deletion	100
2L	6106259	6106138	Deletion	121
2L	6106236	6106138	Deletion	98
2L	6106230	6106138	Deletion	92
2L	6106223	6106138	Deletion	85
2L	6106205	6106138	Deletion	67
2L	6106206	6106138	Deletion	68
2L	6106244	6106138	Deletion	106
2L	6108687	6108592	Deletion	95
2L	6108687	6108611	Deletion	76
2L	6108687	6108626	Deletion	61
2L	6108687	6108629	Deletion	58
2L	6108687	6108635	Deletion	52
2L	6108687	6108635	Deletion	52
2L	6108687	6108640	Deletion	47
2L	6108687	6108645	Deletion	42
2L	6114249	6114183	Deletion	66
2L	6114258	6114183	Deletion	75
2L	6114263	6114183	Deletion	80
2L	6114234	6114183	Deletion	51
2L	6114258	6114183	Deletion	75
2L	6114300	6114183	Deletion	117
2L	6114268	6114183	Deletion	85
2L	6114252	6114183	Deletion	69
2L	6114215	6114183	Deletion	32
2L	6114305	6114183	Deletion	122
2L	6114550	6114447	Deletion	103
2L	6114550	6114454	Deletion	96
2L	6114550	6114493	Deletion	57
2L	6114550	6114507	Deletion	43
2L	6114550	6114516	Deletion	34
2L	6118241	6118157	Deletion	84
2L	6118227	6118157	Deletion	70
2L	6118250	6118157	Deletion	93
2L	6118188	6118157	Deletion	31
2L	6119429	6119363	Deletion	66
2L	6119429	6119368	Deletion	61
2L	6119429	6119377	Deletion	52
2L	6119429	6119380	Deletion	49
2L	6119429	6119385	Deletion	44
2L	6119429	6119389	Deletion	40
2L	6119429	6119390	Deletion	39
2L	6119429	6119394	Deletion	35
2L	6129411	6129329	Deletion	82
2L	6129416	6129329	Deletion	87
2L	6129406	6129329	Deletion	77
2L	6129420	6129329	Deletion	91
2L	6129452	6129329	Deletion	123
2L	6129415	6129329	Deletion	86
2L	6129403	6129329	Deletion	74
2L	6129389	6129329	Deletion	60
2L	6129394	6129329	Deletion	65
2L	6132691	6132586	Deletion	105
2L	6132691	6132596	Deletion	95
2L	6132691	6132607	Deletion	84
2L	6132691	6132611	Deletion	80
2L	6134975	6134944	Deletion	31
2L	6135062	6134944	Deletion	118
2L	6135062	6134944	Deletion	118
2L	6135062	6134944	Deletion	118
2L	6134990	6134944	Deletion	46
2L	6134986	6134944	Deletion	42
2L	6135051	6134944	Deletion	107
2L	6137784	6137717	Deletion	67
2L	6137784	6137731	Deletion	53
2L	6137784	6137731	Deletion	53
2L	6137784	6137740	Deletion	44
2L	6137784	6137750	Deletion	34
2L	6137784	6137751	Deletion	33
2L	6137784	6137752	Deletion	32
2L	6139404	6139322	Deletion	82
2L	6139443	6139322	Deletion	121
2L	6139425	6139322	Deletion	103
2L	6139395	6139322	Deletion	73
2L	6139414	6139322	Deletion	92
2L	6139415	6139322	Deletion	93
2L	6139440	6139322	Deletion	118
2L	6139395	6139322	Deletion	73
2L	6139440	6139322	Deletion	118
2L	6139381	6139322	Deletion	59
2L	6139416	6139322	Deletion	94
2L	6140964	6140840	Deletion	124
2L	6143299	6143228	Deletion	71
2L	6143299	6143247	Deletion	52
2L	6143299	6143247	Deletion	52
2L	6144083	6144009	Deletion	74
2L	6144064	6144009	Deletion	55
2L	6144129	6144009	Deletion	120
2L	6144083	6144009	Deletion	74
2L	6144108	6144009	Deletion	99
2L	6149904	6149783	Deletion	121
2L	6167986	6167882	Deletion	104
2L	6167986	6167884	Deletion	102
2L	6167986	6167908	Deletion	78
2L	6167986	6167911	Deletion	75
2L	6167986	6167920	Deletion	66
2L	6167986	6167953	Deletion	33
2L	6168435	6168331	Deletion	104
2L	6168454	6168331	Deletion	123
2L	6168391	6168331	Deletion	60
2L	6168424	6168331	Deletion	93
2L	6168382	6168331	Deletion	51
2L	6168379	6168331	Deletion	48
2L	6173319	6173214	Deletion	105
2L	6173319	6173278	Deletion	41
2L	6173806	6173687	Deletion	119
2L	6173772	6173687	Deletion	85
2L	6181874	6181752	Deletion	122
2L	6182992	6182880	Deletion	112
2L	6182992	6182888	Deletion	104
2L	6182992	6182934	Deletion	58
2L	6182992	6182943	Deletion	49
2L	6189082	6189004	Deletion	78
2L	6189073	6189004	Deletion	69
2L	6196961	6196842	Deletion	119
2L	6196961	6196852	Deletion	109
2L	6196961	6196906	Deletion	55
2L	6196961	6196928	Deletion	33
2L	6197129	6197058	Deletion	71
2L	6197180	6197058	Deletion	122
2L	6197151	6197058	Deletion	93
2L	6204977	6204886	Deletion	91
2L	6204977	6204889	Deletion	88
2L	6204977	6204943	Deletion	34
2L	6207413	6207318	Deletion	95
2L	6207356	6207318	Deletion	38
2L	6207420	6207318	Deletion	102
2L	6207359	6207318	Deletion	41
2L	6207420	6207318	Deletion	102
2L	6209429	6209348	Deletion	81
2L	6209429	6209367	Deletion	62
2L	6209429	6209369	Deletion	60
2L	6209429	6209384	Deletion	45
2L	6211266	6211217	Deletion	49
2L	6211285	6211217	Deletion	68
2L	6211323	6211217	Deletion	106
2L	6211287	6211217	Deletion	70
2L	6211302	6211217	Deletion	85
2L	6217763	6217640	Deletion	123
2L	6217763	6217646	Deletion	117
2L	6217763	6217650	Deletion	113
2L	6217763	6217655	Deletion	108
2L	6217763	6217666	Deletion	97
2L	6217763	6217669	Deletion	94
2L	6217763	6217670	Deletion	93
2L	6217763	6217703	Deletion	60
2L	6217763	6217711	Deletion	52
2L	6217763	6217718	Deletion	45
2L	6218096	6218015	Deletion	81
2L	6218048	6218015	Deletion	33
2L	6218089	6218015	Deletion	74
2L	6218047	6218015	Deletion	32
2L	6218081	6218015	Deletion	66
2L	6218814	6218692	Deletion	122
2L	6218814	6218700	Deletion	114
2L	6218814	6218702	Deletion	112
2L	6218814	6218712	Deletion	102
2L	6218814	6218722	Deletion	92
2L	6218814	6218761	Deletion	53
2L	6218814	6218776	Deletion	38
2L	6218814	6218779	Deletion	35
2L	6220648	6220560	Deletion	88
2L	6220660	6220560	Deletion	100
2L	6220651	6220560	Deletion	91
2L	6220633	6220560	Deletion	73
2L	6220594	6220560	Deletion	34
2L	6223492	6223402	Deletion	90
2L	6223492	6223414	Deletion	78
2L	6223492	6223418	Deletion	74
2L	6223492	6223419	Deletion	73
2L	6223492	6223438	Deletion	54
2L	6228327	6228276	Deletion	51
2L	6228332	6228276	Deletion	56
2L	6228351	6228276	Deletion	75
2L	6228392	6228276	Deletion	116
2L	6228315	6228276	Deletion	39
2L	6228331	6228276	Deletion	55
2L	6241711	6241589	Deletion	122
2L	6243221	6243130	Deletion	91
2L	6243221	6243147	Deletion	74
2L	6243221	6243152	Deletion	69
2L	6243221	6243156	Deletion	65
2L	6243221	6243169	Deletion	52
2L	6243221	6243182	Deletion	39
2L	6243221	6243182	Deletion	39
2L	6243559	6243461	Deletion	98
2L	6243518	6243461	Deletion	57
2L	6243535	6243461	Deletion	74
2L	6243548	6243461	Deletion	87
2L	6243573	6243461	Deletion	112
2L	6243548	6243461	Deletion	87
2L	6243496	6243461	Deletion	35
2L	6243522	6243461	Deletion	61
2L	6243513	6243461	Deletion	52
2L	6243750	6243633	Deletion	117
2L	6243750	6243662	Deletion	88
2L	6243750	6243678	Deletion	72
2L	6243750	6243681	Deletion	69
2L	6243750	6243691	Deletion	59
2L	6243750	6243698	Deletion	52
2L	6246449	6246373	Deletion	76
2L	6246429	6246373	Deletion	56
2L	6246413	6246373	Deletion	40
2L	6246482	6246373	Deletion	109
2L	6246432	6246373	Deletion	59
2L	6246486	6246373	Deletion	113
2L	6246442	6246373	Deletion	69
2L	6248339	6248262	Deletion	77
2L	6249653	6249552	Deletion	101
2L	6249603	6249552	Deletion	51
2L	6249691	6249584	Deletion	107
2L	6249691	6249591	Deletion	100
2L	6249691	6249598	Deletion	93
2L	6249691	6249601	Deletion	90
2L	6249691	6249608	Deletion	83
2L	6249691	6249615	Deletion	76
2L	6249691	6249620	Deletion	71
2L	6249691	6249642	Deletion	49
2L	6249691	6249654	Deletion	37
2L	6252691	6252602	Deletion	89
2L	6252638	6252602	Deletion	36
2L	6252652	6252602	Deletion	50
2L	6252645	6252602	Deletion	43
2L	6252657	6252602	Deletion	55
2L	6252679	6252602	Deletion	77
2L	6252635	6252602	Deletion	33
2L	6259511	6259421	Deletion	90
2L	6259511	6259433	Deletion	78
2L	6259511	6259456	Deletion	55
2L	6259511	6259473	Deletion	38
2L	6277854	6277745	Deletion	109
2L	6277816	6277745	Deletion	71
2L	6277833	6277745	Deletion	88
2L	6277781	6277745	Deletion	36
2L	6277793	6277745	Deletion	48
2L	6283532	6283439	Deletion	93
2L	6283532	6283458	Deletion	74
2L	6283532	6283477	Deletion	55
2L	6283532	6283499	Deletion	33
2L	6283625	6283592	Deletion	33
2L	6283705	6283592	Deletion	113
2L	6283663	6283592	Deletion	71
2L	6283685	6283592	Deletion	93
2L	6283644	6283592	Deletion	52
2L	6289231	6289150	Deletion	81
2L	6289231	6289170	Deletion	61
2L	6289231	6289176	Deletion	55
2L	6289231	6289189	Deletion	42
2L	6289231	6289198	Deletion	33
2L	6290246	6290162	Deletion	84
2L	6290280	6290162	Deletion	118
2L	6290227	6290162	Deletion	65
2L	6290207	6290162	Deletion	45
2L	6290233	6290162	Deletion	71
2L	6290280	6290162	Deletion	118
2L	6290255	6290162	Deletion	93
2L	6297866	6297748	Deletion	118
2L	6297866	6297765	Deletion	101
2L	6297866	6297773	Deletion	93
2L	6297866	6297777	Deletion	89
2L	6297866	6297787	Deletion	79
2L	6297866	6297789	Deletion	77
2L	6297866	6297828	Deletion	38
2L	6297965	6297914	Deletion	51
2L	6297953	6297914	Deletion	39
2L	6297963	6297914	Deletion	49
2L	6297949	6297914	Deletion	35
2L	6298004	6297914	Deletion	90
2L	6305745	6305622	Deletion	123
2L	6332903	6332782	Deletion	121
2L	6332903	6332803	Deletion	100
2L	6332903	6332811	Deletion	92
2L	6332903	6332814	Deletion	89
2L	6332903	6332828	Deletion	75
2L	6332903	6332836	Deletion	67
2L	6332903	6332852	Deletion	51
2L	6332903	6332863	Deletion	40
2L	6333209	6333097	Deletion	112
2L	6333173	6333097	Deletion	76
2L	6333149	6333097	Deletion	52
2L	6333135	6333097	Deletion	38
2L	6333157	6333097	Deletion	60
2L	6333184	6333097	Deletion	87
2L	6333216	6333097	Deletion	119
2L	6333132	6333097	Deletion	35
2L	6341785	6341703	Deletion	82
2L	6342929	6342885	Deletion	44
2L	6355145	6355022	Deletion	123
2L	6364819	6364745	Deletion	74
2L	6368797	6368681	Deletion	116
2L	6390348	6390225	Deletion	123
2L	6390348	6390241	Deletion	107
2L	6390348	6390242	Deletion	106
2L	6390348	6390252	Deletion	96
2L	6390348	6390317	Deletion	31
2L	6390871	6390749	Deletion	122
2L	6390845	6390749	Deletion	96
2L	6390848	6390749	Deletion	99
2L	6394579	6394458	Deletion	121
2L	6395299	6395178	Deletion	121
2L	6395299	6395197	Deletion	102
2L	6395299	6395224	Deletion	75
2L	6395299	6395226	Deletion	73
2L	6395299	6395252	Deletion	47
2L	6417439	6417360	Deletion	79
2L	6417411	6417360	Deletion	51
2L	6417413	6417360	Deletion	53
2L	6417465	6417360	Deletion	105
2L	6417463	6417360	Deletion	103
2L	6417468	6417360	Deletion	108
2L	6425241	6425117	Deletion	124
2L	6428611	6428522	Deletion	89
2L	6429315	6429235	Deletion	80
2L	6432336	6432236	Deletion	100
2L	6434662	6434568	Deletion	94
2L	6438071	6437950	Deletion	121
2L	6439365	6439279	Deletion	86
2L	6457076	6456952	Deletion	124
2L	6457076	6456960	Deletion	116
2L	6457076	6457001	Deletion	75
2L	6457076	6457026	Deletion	50
2L	6457076	6457034	Deletion	42
2L	6458896	6458811	Deletion	85
2L	6458863	6458811	Deletion	52
2L	6458931	6458811	Deletion	120
2L	6458888	6458811	Deletion	77
2L	6461967	6461843	Deletion	124
2L	6461967	6461896	Deletion	71
2L	6461963	6461897	Deletion	66
2L	6461967	6461908	Deletion	59
2L	6461967	6461910	Deletion	57
2L	6461967	6461910	Deletion	57
2L	6461967	6461913	Deletion	54
2L	6461967	6461915	Deletion	52
2L	6462552	6462479	Deletion	73
2L	6462549	6462479	Deletion	70
2L	6462554	6462479	Deletion	75
2L	6462536	6462479	Deletion	57
2L	6462547	6462479	Deletion	68
2L	6462535	6462479	Deletion	56
2L	6462597	6462479	Deletion	118
2L	6462549	6462479	Deletion	70
2L	6481696	6481589	Deletion	107
2L	6481696	6481591	Deletion	105
2L	6481696	6481629	Deletion	67
2L	6483045	6482939	Deletion	106
2L	6483044	6482939	Deletion	105
2L	6483057	6482939	Deletion	118
2L	6483000	6482939	Deletion	61
2L	6492927	6492803	Deletion	124
2L	6493876	6493754	Deletion	122
2L	6496559	6496435	Deletion	124
2L	6505830	6505729	Deletion	101
2L	6505830	6505732	Deletion	98
2L	6505830	6505749	Deletion	81
2L	6505830	6505759	Deletion	71
2L	6505830	6505760	Deletion	70
2L	6506059	6506004	Deletion	55
2L	6506060	6506004	Deletion	56
2L	6506049	6506004	Deletion	45
2L	6510576	6510456	Deletion	120
2L	6510576	6510472	Deletion	104
2L	6510576	6510477	Deletion	99
2L	6510576	6510503	Deletion	73
2L	6510576	6510504	Deletion	72
2L	6510576	6510527	Deletion	49
2L	6510576	6510533	Deletion	43
2L	6511866	6511753	Deletion	113
2L	6511874	6511753	Deletion	121
2L	6511807	6511753	Deletion	54
2L	6511808	6511753	Deletion	55
2L	6511837	6511753	Deletion	84
2L	6511831	6511753	Deletion	78
2L	6511867	6511753	Deletion	114
2L	6538372	6538301	Deletion	71
2L	6538372	6538304	Deletion	68
2L	6538372	6538305	Deletion	67
2L	6538372	6538319	Deletion	53
2L	6538372	6538333	Deletion	39
2L	6538372	6538336	Deletion	36
2L	6538372	6538338	Deletion	34
2L	6543850	6543760	Deletion	90
2L	6543815	6543760	Deletion	55
2L	6543847	6543760	Deletion	87
2L	6543852	6543760	Deletion	92
2L	6543833	6543760	Deletion	73
2L	6543819	6543760	Deletion	59
2L	6543818	6543760	Deletion	58
2L	6550798	6550681	Deletion	117
2L	6550798	6550684	Deletion	114
2L	6550798	6550721	Deletion	77
2L	6550798	6550734	Deletion	64
2L	6550798	6550758	Deletion	40
2L	6555822	6555736	Deletion	86
2L	6555851	6555736	Deletion	115
2L	6555785	6555736	Deletion	49
2L	6555798	6555736	Deletion	62
2L	6561411	6561291	Deletion	120
2L	6561411	6561310	Deletion	101
2L	6561411	6561314	Deletion	97
2L	6561411	6561324	Deletion	87
2L	6561411	6561325	Deletion	86
2L	6561411	6561328	Deletion	83
2L	6561411	6561358	Deletion	53
2L	6561411	6561370	Deletion	41
2L	6561603	6561573	Deletion	30
2L	6561647	6561573	Deletion	74
2L	6561614	6561573	Deletion	41
2L	6561613	6561573	Deletion	40
2L	6561659	6561573	Deletion	86
2L	6561617	6561573	Deletion	44
2L	6561673	6561573	Deletion	100
2L	6566413	6566302	Deletion	111
2L	6566413	6566343	Deletion	70
2L	6566413	6566350	Deletion	63
2L	6566413	6566357	Deletion	56
2L	6571052	6570981	Deletion	71
2L	6571038	6570981	Deletion	57
2L	6571045	6570981	Deletion	64
2L	6577411	6577317	Deletion	94
2L	6577411	6577328	Deletion	83
2L	6577914	6577868	Deletion	46
2L	6577988	6577868	Deletion	120
2L	6577985	6577868	Deletion	117
2L	6580843	6580721	Deletion	122
2L	6586094	6585973	Deletion	121
2L	6589233	6589130	Deletion	103
2L	6589233	6589154	Deletion	79
2L	6589233	6589162	Deletion	71
2L	6589233	6589202	Deletion	31
2L	6589510	6589463	Deletion	47
2L	6589566	6589463	Deletion	103
2L	6589560	6589463	Deletion	97
2L	6589558	6589463	Deletion	95
2L	6589518	6589463	Deletion	55
2L	6589587	6589463	Deletion	124
2L	6600635	6600535	Deletion	100
2L	6600635	6600563	Deletion	72
2L	6600635	6600569	Deletion	66
2L	6600635	6600602	Deletion	33
2L	6602841	6602780	Deletion	61
2L	6602835	6602780	Deletion	55
2L	6602874	6602780	Deletion	94
2L	6602901	6602780	Deletion	121
2L	6603080	6602962	Deletion	118
2L	6603080	6602968	Deletion	112
2L	6603080	6602978	Deletion	102
2L	6603080	6602990	Deletion	90
2L	6603080	6602995	Deletion	85
2L	6603080	6602996	Deletion	84
2L	6603080	6603016	Deletion	64
2L	6603080	6603026	Deletion	54
2L	6603080	6603043	Deletion	37
2L	6603080	6603049	Deletion	31
2L	6604113	6604051	Deletion	62
2L	6604092	6604051	Deletion	41
2L	6604140	6604051	Deletion	89
2L	6604123	6604051	Deletion	72
2L	6604146	6604051	Deletion	95
2L	6604093	6604051	Deletion	42
2L	6604158	6604051	Deletion	107
2L	6604087	6604051	Deletion	36
2L	6606149	6606033	Deletion	116
2L	6606149	6606038	Deletion	111
2L	6606149	6606055	Deletion	94
2L	6606149	6606063	Deletion	86
2L	6606149	6606073	Deletion	76
2L	6606149	6606090	Deletion	59
2L	6606149	6606109	Deletion	40
2L	6612127	6612076	Deletion	51
2L	6612117	6612076	Deletion	41
2L	6612163	6612076	Deletion	87
2L	6612194	6612076	Deletion	118
2L	6612109	6612076	Deletion	33
2L	6612144	6612076	Deletion	68
2L	6619492	6619368	Deletion	124
2L	6619492	6619379	Deletion	113
2L	6619492	6619383	Deletion	109
2L	6619492	6619421	Deletion	71
2L	6619692	6619586	Deletion	106
2L	6619709	6619586	Deletion	123
2L	6619641	6619589	Deletion	52
2L	6635100	6634985	Deletion	115
2L	6635100	6635014	Deletion	86
2L	6636553	6636448	Deletion	105
2L	6636489	6636448	Deletion	41
2L	6643143	6643019	Deletion	124
2L	6643143	6643025	Deletion	118
2L	6643143	6643040	Deletion	103
2L	6643141	6643046	Deletion	95
2L	6643143	6643051	Deletion	92
2L	6643143	6643070	Deletion	73
2L	6643143	6643098	Deletion	45
2L	6644818	6644734	Deletion	84
2L	6644790	6644734	Deletion	56
2L	6644771	6644734	Deletion	37
2L	6644849	6644734	Deletion	115
2L	6644766	6644736	Deletion	30
2L	6654467	6654387	Deletion	80
2L	6654467	6654407	Deletion	60
2L	6654467	6654409	Deletion	58
2L	6692149	6692042	Deletion	107
2L	6692111	6692042	Deletion	69
2L	6692089	6692042	Deletion	47
2L	6692109	6692042	Deletion	67
2L	6693666	6693578	Deletion	88
2L	6693666	6693589	Deletion	77
2L	6693666	6693594	Deletion	72
2L	6693666	6693616	Deletion	50
2L	6693666	6693619	Deletion	47
2L	6693666	6693622	Deletion	44
2L	6698137	6698069	Deletion	68
2L	6698112	6698069	Deletion	43
2L	6698162	6698069	Deletion	93
2L	6698140	6698069	Deletion	71
2L	6698134	6698069	Deletion	65
2L	6698107	6698075	Deletion	32
2L	6698565	6698456	Deletion	109
2L	6698565	6698457	Deletion	108
2L	6698565	6698461	Deletion	104
2L	6698565	6698462	Deletion	103
2L	6698565	6698471	Deletion	94
2L	6698565	6698481	Deletion	84
2L	6698565	6698486	Deletion	79
2L	6698565	6698490	Deletion	75
2L	6698565	6698514	Deletion	51
2L	6698565	6698525	Deletion	40
2L	6698565	6698532	Deletion	33
2L	6701432	6701389	Deletion	43
2L	6701423	6701389	Deletion	34
2L	6701508	6701389	Deletion	119
2L	6701465	6701389	Deletion	76
2L	6701496	6701389	Deletion	107
2L	6701483	6701389	Deletion	94
2L	6701506	6701389	Deletion	117
2L	6701437	6701389	Deletion	48
2L	6701441	6701389	Deletion	52
2L	6701476	6701389	Deletion	87
2L	6702898	6702848	Deletion	50
2L	6702898	6702860	Deletion	38
2L	6702898	6702862	Deletion	36
2L	6707490	6707413	Deletion	77
2L	6707504	6707413	Deletion	91
2L	6707502	6707413	Deletion	89
2L	6710492	6710368	Deletion	124
2L	6711628	6711533	Deletion	95
2L	6711628	6711589	Deletion	39
2L	6711628	6711595	Deletion	33
2L	6712319	6712224	Deletion	95
2L	6712313	6712224	Deletion	89
2L	6712257	6712224	Deletion	33
2L	6712658	6712546	Deletion	112
2L	6712658	6712549	Deletion	109
2L	6712658	6712576	Deletion	82
2L	6712658	6712604	Deletion	54
2L	6712658	6712606	Deletion	52
2L	6712658	6712613	Deletion	45
2L	6712658	6712625	Deletion	33
2L	6716857	6716813	Deletion	44
2L	6716887	6716813	Deletion	74
2L	6716894	6716813	Deletion	81
2L	6716885	6716813	Deletion	72
2L	6716906	6716813	Deletion	93
2L	6730337	6730295	Deletion	42
2L	6730337	6730298	Deletion	39
2L	6730337	6730302	Deletion	35
2L	6730806	6730691	Deletion	115
2L	6730775	6730691	Deletion	84
2L	6730792	6730691	Deletion	101
2L	6730814	6730691	Deletion	123
2L	6730778	6730691	Deletion	87
2L	6730782	6730691	Deletion	91
2L	6734157	6734039	Deletion	118
2L	6735475	6735352	Deletion	123
2L	6740928	6740806	Deletion	122
2L	6767776	6767666	Deletion	110
2L	6767776	6767740	Deletion	36
2L	6772289	6772189	Deletion	100
2L	6772280	6772189	Deletion	91
2L	6796248	6796197	Deletion	51
2L	6796248	6796216	Deletion	32
2L	6798745	6798650	Deletion	95
2L	6798726	6798650	Deletion	76
2L	6818036	6817915	Deletion	121
2L	6818036	6817919	Deletion	117
2L	6818036	6817925	Deletion	111
2L	6818036	6817928	Deletion	108
2L	6818036	6817930	Deletion	106
2L	6818036	6817973	Deletion	63
2L	6818036	6817979	Deletion	57
2L	6818036	6817989	Deletion	47
2L	6818036	6818000	Deletion	36
2L	6821368	6821288	Deletion	80
2L	6821379	6821288	Deletion	91
2L	6821358	6821288	Deletion	70
2L	6821352	6821288	Deletion	64
2L	6823690	6823567	Deletion	123
2L	6825406	6825283	Deletion	123
2L	6825406	6825368	Deletion	38
2L	6825406	6825372	Deletion	34
2L	6848406	6848317	Deletion	89
2L	6848410	6848317	Deletion	93
2L	6854048	6853935	Deletion	113
2L	6854048	6853938	Deletion	110
2L	6854048	6853941	Deletion	107
2L	6854048	6853960	Deletion	88
2L	6854048	6853974	Deletion	74
2L	6854048	6853980	Deletion	68
2L	6857168	6857067	Deletion	101
2L	6857120	6857067	Deletion	53
2L	6857181	6857067	Deletion	114
2L	6857126	6857067	Deletion	59
2L	6857165	6857067	Deletion	98
2L	6857106	6857067	Deletion	39
2L	6861430	6861310	Deletion	120
2L	6867368	6867245	Deletion	123
2L	6867368	6867247	Deletion	121
2L	6867368	6867327	Deletion	41
2L	6875111	6875025	Deletion	86
2L	6878712	6878647	Deletion	65
2L	6879578	6879486	Deletion	92
2L	6889494	6889382	Deletion	112
2L	6889494	6889442	Deletion	52
2L	6889494	6889459	Deletion	35
2L	6889722	6889648	Deletion	74
2L	6889739	6889648	Deletion	91
2L	6889746	6889648	Deletion	98
2L	6889957	6889843	Deletion	114
2L	6891064	6890945	Deletion	119
2L	6891066	6890945	Deletion	121
2L	6891061	6890945	Deletion	116
2L	6891055	6890945	Deletion	110
2L	6893340	6893265	Deletion	75
2L	6893447	6893396	Deletion	51
2L	6893504	6893396	Deletion	108
2L	6906066	6905988	Deletion	78
2L	6906066	6905993	Deletion	73
2L	6906066	6906022	Deletion	44
2L	6906066	6906025	Deletion	41
2L	6906354	6906247	Deletion	107
2L	6906364	6906247	Deletion	117
2L	6906297	6906247	Deletion	50
2L	6906334	6906247	Deletion	87
2L	6906302	6906247	Deletion	55
2L	6906331	6906247	Deletion	84
2L	6907198	6907085	Deletion	113
2L	6907198	6907087	Deletion	111
2L	6907198	6907134	Deletion	64
2L	6907198	6907157	Deletion	41
2L	6907198	6907162	Deletion	36
2L	6907198	6907162	Deletion	36
2L	6907661	6907599	Deletion	62
2L	6907689	6907599	Deletion	90
2L	6907710	6907599	Deletion	111
2L	6907684	6907599	Deletion	85
2L	6907689	6907599	Deletion	90
2L	6910258	6910141	Deletion	117
2L	6918285	6918174	Deletion	111
2L	6918285	6918180	Deletion	105
2L	6918285	6918210	Deletion	75
2L	6918285	6918211	Deletion	74
2L	6918285	6918230	Deletion	55
2L	6918285	6918236	Deletion	49
2L	6918285	6918251	Deletion	34
2L	6929014	6928934	Deletion	80
2L	6929029	6928934	Deletion	95
2L	6929008	6928934	Deletion	74
2L	6928989	6928934	Deletion	55
2L	6928988	6928934	Deletion	54
2L	6929846	6929723	Deletion	123
2L	6945798	6945675	Deletion	123
2L	6947689	6947578	Deletion	111
2L	6947689	6947586	Deletion	103
2L	6947689	6947587	Deletion	102
2L	6947689	6947601	Deletion	88
2L	6947689	6947648	Deletion	41
2L	6947689	6947657	Deletion	32
2L	6947689	6947658	Deletion	31
2L	6948125	6948031	Deletion	94
2L	6948069	6948031	Deletion	38
2L	6948138	6948031	Deletion	107
2L	6948126	6948031	Deletion	95
2L	6948116	6948031	Deletion	85
2L	6948147	6948031	Deletion	116
2L	6980098	6979975	Deletion	123
2L	6992102	6992004	Deletion	98
2L	6993049	6992928	Deletion	121
2L	6993105	6992991	Deletion	114
2L	6996734	6996683	Deletion	51
2L	6997009	6996959	Deletion	50
2L	6997057	6996959	Deletion	98
2L	6998433	6998370	Deletion	63
2L	7000069	6999979	Deletion	90
2L	7000100	6999979	Deletion	121
2L	7000074	6999979	Deletion	95
2L	7000016	6999979	Deletion	37
2L	7000031	6999979	Deletion	52
2L	7003271	7003163	Deletion	108
2L	7003271	7003172	Deletion	99
2L	7003271	7003193	Deletion	78
2L	7003271	7003230	Deletion	41
2L	7003718	7003630	Deletion	88
2L	7003660	7003630	Deletion	30
2L	7003681	7003630	Deletion	51
2L	7012769	7012660	Deletion	109
2L	7012769	7012662	Deletion	107
2L	7012769	7012683	Deletion	86
2L	7012769	7012695	Deletion	74
2L	7012769	7012720	Deletion	49
2L	7029463	7029386	Deletion	77
2L	7029438	7029386	Deletion	52
2L	7029426	7029386	Deletion	40
2L	7029490	7029386	Deletion	104
2L	7035670	7035556	Deletion	114
2L	7035670	7035617	Deletion	53
2L	7035670	7035626	Deletion	44
2L	7040204	7040131	Deletion	73
2L	7040213	7040131	Deletion	82
2L	7051348	7051251	Deletion	97
2L	7051348	7051254	Deletion	94
2L	7051348	7051259	Deletion	89
2L	7051348	7051263	Deletion	85
2L	7051348	7051312	Deletion	36
2L	7053456	7053426	Deletion	30
2L	7053459	7053426	Deletion	33
2L	7053464	7053426	Deletion	38
2L	7053468	7053426	Deletion	42
2L	7053517	7053426	Deletion	91
2L	7054149	7054035	Deletion	114
2L	7054149	7054037	Deletion	112
2L	7054149	7054045	Deletion	104
2L	7054149	7054045	Deletion	104
2L	7054149	7054087	Deletion	62
2L	7054149	7054095	Deletion	54
2L	7054149	7054102	Deletion	47
2L	7056195	7056122	Deletion	73
2L	7056187	7056122	Deletion	65
2L	7056233	7056122	Deletion	111
2L	7056202	7056122	Deletion	80
2L	7061287	7061164	Deletion	123
2L	7061594	7061473	Deletion	121
2L	7069578	7069455	Deletion	123
2L	7069578	7069483	Deletion	95
2L	7069578	7069516	Deletion	62
2L	7069578	7069532	Deletion	46
2L	7070608	7070527	Deletion	81
2L	7070634	7070527	Deletion	107
2L	7070629	7070527	Deletion	102
2L	7070592	7070527	Deletion	65
2L	7070633	7070527	Deletion	106
2L	7070627	7070527	Deletion	100
2L	7070559	7070527	Deletion	32
2L	7070710	7070619	Deletion	91
2L	7070710	7070623	Deletion	87
2L	7070710	7070634	Deletion	76
2L	7070710	7070641	Deletion	69
2L	7070710	7070642	Deletion	68
2L	7070710	7070644	Deletion	66
2L	7075915	7075880	Deletion	35
2L	7075919	7075880	Deletion	39
2L	7075979	7075880	Deletion	99
2L	7075930	7075880	Deletion	50
2L	7075940	7075880	Deletion	60
2L	7075938	7075880	Deletion	58
2L	7076000	7075880	Deletion	120
2L	7075937	7075880	Deletion	57
2L	7079770	7079647	Deletion	123
2L	7090650	7090532	Deletion	118
2L	7090650	7090549	Deletion	101
2L	7090650	7090550	Deletion	100
2L	7090650	7090589	Deletion	61
2L	7090650	7090611	Deletion	39
2L	7090650	7090612	Deletion	38
2L	7090650	7090620	Deletion	30
2L	7091620	7091523	Deletion	97
2L	7091619	7091523	Deletion	96
2L	7091588	7091523	Deletion	65
2L	7091616	7091523	Deletion	93
2L	7091611	7091523	Deletion	88
2L	7091610	7091523	Deletion	87
2L	7095252	7095200	Deletion	52
2L	7095252	7095207	Deletion	45
2L	7095428	7095352	Deletion	76
2L	7095435	7095352	Deletion	83
2L	7095446	7095352	Deletion	94
2L	7117450	7117350	Deletion	100
2L	7117450	7117362	Deletion	88
2L	7128569	7128465	Deletion	104
2L	7128584	7128465	Deletion	119
2L	7128583	7128465	Deletion	118
2L	7128504	7128465	Deletion	39
2L	7146239	7146136	Deletion	103
2L	7146239	7146148	Deletion	91
2L	7146239	7146157	Deletion	82
2L	7151574	7151528	Deletion	46
2L	7151565	7151528	Deletion	37
2L	7151648	7151528	Deletion	120
2L	7152529	7152411	Deletion	118
2L	7152529	7152412	Deletion	117
2L	7152529	7152416	Deletion	113
2L	7152529	7152486	Deletion	43
2L	7152529	7152489	Deletion	40
2L	7152529	7152489	Deletion	40
2L	7152529	7152492	Deletion	37
2L	7161625	7161539	Deletion	86
2L	7161625	7161539	Deletion	86
2L	7161628	7161539	Deletion	89
2L	7161622	7161539	Deletion	83
2L	7207006	7206889	Deletion	117
2L	7207006	7206917	Deletion	89
2L	7207006	7206975	Deletion	31
2L	7208962	7208866	Deletion	96
2L	7208904	7208866	Deletion	38
2L	7208985	7208866	Deletion	119
2L	7235766	7235644	Deletion	122
2L	7240848	7240738	Deletion	110
2L	7240848	7240748	Deletion	100
2L	7240848	7240792	Deletion	56
2L	7253283	7253212	Deletion	71
2L	7253325	7253212	Deletion	113
2L	7253323	7253212	Deletion	111
2L	7253311	7253212	Deletion	99
2L	7253334	7253212	Deletion	122
2L	7253318	7253212	Deletion	106
2L	7259375	7259252	Deletion	123
2L	7259375	7259267	Deletion	108
2L	7259375	7259280	Deletion	95
2L	7259574	7259543	Deletion	31
2L	7280596	7280475	Deletion	121
2L	7299465	7299392	Deletion	73
2L	7299465	7299393	Deletion	72
2L	7299465	7299425	Deletion	40
2L	7299465	7299432	Deletion	33
2L	7299606	7299552	Deletion	54
2L	7299645	7299552	Deletion	93
2L	7299638	7299552	Deletion	86
2L	7299662	7299552	Deletion	110
2L	7299605	7299552	Deletion	53
2L	7319521	7319402	Deletion	119
2L	7322694	7322573	Deletion	121
2L	7322694	7322602	Deletion	92
2L	7322694	7322607	Deletion	87
2L	7322694	7322624	Deletion	70
2L	7322694	7322638	Deletion	56
2L	7322694	7322645	Deletion	49
2L	7322694	7322657	Deletion	37
2L	7324465	7324376	Deletion	89
2L	7324485	7324376	Deletion	109
2L	7324415	7324376	Deletion	39
2L	7324410	7324376	Deletion	34
2L	7324446	7324376	Deletion	70
2L	7324453	7324376	Deletion	77
2L	7324432	7324376	Deletion	56
2L	7337995	7337874	Deletion	121
2L	7340586	7340498	Deletion	88
2L	7341887	7341848	Deletion	39
2L	7341963	7341848	Deletion	115
2L	7344387	7344303	Deletion	84
2L	7347308	7347227	Deletion	81
2L	7347610	7347543	Deletion	67
2L	7347741	7347619	Deletion	122
2L	7348672	7348574	Deletion	98
2L	7348880	7348762	Deletion	118
2L	7348884	7348762	Deletion	122
2L	7349765	7349734	Deletion	31
2L	7350261	7350168	Deletion	93
2L	7361504	7361404	Deletion	100
2L	7361504	7361407	Deletion	97
2L	7361504	7361408	Deletion	96
2L	7361504	7361416	Deletion	88
2L	7361504	7361432	Deletion	72
2L	7361504	7361459	Deletion	45
2L	7361692	7361636	Deletion	56
2L	7361676	7361636	Deletion	40
2L	7361668	7361636	Deletion	32
2L	7361719	7361636	Deletion	83
2L	7361667	7361636	Deletion	31
2L	7406851	7406771	Deletion	80
2L	7406847	7406780	Deletion	67
2L	7411669	7411622	Deletion	47
2L	7411678	7411622	Deletion	56
2L	7411743	7411622	Deletion	121
2L	7416611	7416495	Deletion	116
2L	7416611	7416504	Deletion	107
2L	7416611	7416509	Deletion	102
2L	7416611	7416512	Deletion	99
2L	7416611	7416525	Deletion	86
2L	7416611	7416576	Deletion	35
2L	7416611	7416578	Deletion	33
2L	7417423	7417315	Deletion	108
2L	7417409	7417315	Deletion	94
2L	7417356	7417315	Deletion	41
2L	7417407	7417315	Deletion	92
2L	7417430	7417315	Deletion	115
2L	7430043	7429927	Deletion	116
2L	7430043	7429929	Deletion	114
2L	7430043	7429947	Deletion	96
2L	7430043	7429970	Deletion	73
2L	7439274	7439218	Deletion	56
2L	7439326	7439218	Deletion	108
2L	7439251	7439218	Deletion	33
2L	7440612	7440496	Deletion	116
2L	7452661	7452550	Deletion	111
2L	7452661	7452570	Deletion	91
2L	7452661	7452577	Deletion	84
2L	7452661	7452587	Deletion	74
2L	7452661	7452594	Deletion	67
2L	7452661	7452620	Deletion	41
2L	7452800	7452765	Deletion	35
2L	7452850	7452765	Deletion	85
2L	7452817	7452765	Deletion	52
2L	7452807	7452765	Deletion	42
2L	7452886	7452765	Deletion	121
2L	7452824	7452765	Deletion	59
2L	7466157	7466034	Deletion	123
2L	7466157	7466058	Deletion	99
2L	7466157	7466061	Deletion	96
2L	7466157	7466096	Deletion	61
2L	7466157	7466111	Deletion	46
2L	7470740	7470659	Deletion	81
2L	7470758	7470659	Deletion	99
2L	7470690	7470659	Deletion	31
2L	7470725	7470659	Deletion	66
2L	7490411	7490287	Deletion	124
2L	7497256	7497195	Deletion	61
2L	7497256	7497201	Deletion	55
2L	7497256	7497221	Deletion	35
2L	7497411	7497319	Deletion	92
2L	7497391	7497319	Deletion	72
2L	7497385	7497319	Deletion	66
2L	7497438	7497319	Deletion	119
2L	7500330	7500209	Deletion	121
2L	7507450	7507346	Deletion	104
2L	7507450	7507399	Deletion	51
2L	7507450	7507416	Deletion	34
2L	7511493	7511418	Deletion	75
2L	7511518	7511418	Deletion	100
2L	7511536	7511418	Deletion	118
2L	7511510	7511418	Deletion	92
2L	7512195	7512074	Deletion	121
2L	7512195	7512082	Deletion	113
2L	7512195	7512090	Deletion	105
2L	7512195	7512117	Deletion	78
2L	7512195	7512142	Deletion	53
2L	7512195	7512156	Deletion	39
2L	7512319	7512245	Deletion	74
2L	7512294	7512245	Deletion	49
2L	7512333	7512245	Deletion	88
2L	7512348	7512248	Deletion	100
2L	7518161	7518061	Deletion	100
2L	7518161	7518074	Deletion	87
2L	7518161	7518096	Deletion	65
2L	7519135	7519074	Deletion	61
2L	7519192	7519074	Deletion	118
2L	7519191	7519074	Deletion	117
2L	7519113	7519074	Deletion	39
2L	7519188	7519074	Deletion	114
2L	7525078	7524956	Deletion	122
2L	7526080	7525980	Deletion	100
2L	7526080	7526010	Deletion	70
2L	7526080	7526020	Deletion	60
2L	7526080	7526030	Deletion	50
2L	7526080	7526030	Deletion	50
2L	7526080	7526036	Deletion	44
2L	7526308	7526231	Deletion	77
2L	7526288	7526231	Deletion	57
2L	7526314	7526231	Deletion	83
2L	7526298	7526231	Deletion	67
2L	7526308	7526231	Deletion	77
2L	7526408	7526296	Deletion	112
2L	7526408	7526307	Deletion	101
2L	7526408	7526324	Deletion	84
2L	7526408	7526327	Deletion	81
2L	7526408	7526363	Deletion	45
2L	7531189	7531146	Deletion	43
2L	7531192	7531146	Deletion	46
2L	7531228	7531146	Deletion	82
2L	7544973	7544913	Deletion	60
2L	7544973	7544921	Deletion	52
2L	7549316	7549203	Deletion	113
2L	7549984	7549863	Deletion	121
2L	7559484	7559375	Deletion	109
2L	7559482	7559382	Deletion	100
2L	7559484	7559430	Deletion	54
2L	7559484	7559439	Deletion	45
2L	7559484	7559452	Deletion	32
2L	7561082	7560985	Deletion	97
2L	7561069	7560985	Deletion	84
2L	7561060	7560985	Deletion	75
2L	7566419	7566302	Deletion	117
2L	7566419	7566329	Deletion	90
2L	7566419	7566344	Deletion	75
2L	7568595	7568544	Deletion	51
2L	7568580	7568544	Deletion	36
2L	7580528	7580422	Deletion	106
2L	7580528	7580432	Deletion	96
2L	7580528	7580446	Deletion	82
2L	7580528	7580453	Deletion	75
2L	7580528	7580457	Deletion	71
2L	7580528	7580464	Deletion	64
2L	7580528	7580484	Deletion	44
2L	7580757	7580693	Deletion	64
2L	7580746	7580693	Deletion	53
2L	7580777	7580693	Deletion	84
2L	7580792	7580693	Deletion	99
2L	7580750	7580693	Deletion	57
2L	7580739	7580693	Deletion	46
2L	7583622	7583500	Deletion	122
2L	7591033	7590917	Deletion	116
2L	7591033	7590949	Deletion	84
2L	7591033	7590981	Deletion	52
2L	7596609	7596509	Deletion	100
2L	7596616	7596509	Deletion	107
2L	7596622	7596509	Deletion	113
2L	7596584	7596509	Deletion	75
2L	7596552	7596509	Deletion	43
2L	7600854	7600757	Deletion	97
2L	7600854	7600805	Deletion	49
2L	7605908	7605831	Deletion	77
2L	7605950	7605831	Deletion	119
2L	7613260	7613136	Deletion	124
2L	7613260	7613164	Deletion	96
2L	7613260	7613172	Deletion	88
2L	7613260	7613190	Deletion	70
2L	7613260	7613207	Deletion	53
2L	7613260	7613225	Deletion	35
2L	7614874	7614835	Deletion	39
2L	7614909	7614835	Deletion	74
2L	7614892	7614835	Deletion	57
2L	7614927	7614835	Deletion	92
2L	7614866	7614835	Deletion	31
2L	7619276	7619154	Deletion	122
2L	7619276	7619154	Deletion	122
2L	7619276	7619155	Deletion	121
2L	7619276	7619168	Deletion	108
2L	7619276	7619183	Deletion	93
2L	7619276	7619186	Deletion	90
2L	7619373	7619337	Deletion	36
2L	7619439	7619337	Deletion	102
2L	7619459	7619337	Deletion	122
2L	7619371	7619337	Deletion	34
2L	7637381	7637259	Deletion	122
2L	7648179	7648055	Deletion	124
2L	7659154	7659032	Deletion	122
2L	7664866	7664743	Deletion	123
2L	7668978	7668855	Deletion	123
2L	7668978	7668865	Deletion	113
2L	7668978	7668878	Deletion	100
2L	7668978	7668878	Deletion	100
2L	7668978	7668908	Deletion	70
2L	7668978	7668940	Deletion	38
2L	7668978	7668943	Deletion	35
2L	7674026	7673969	Deletion	57
2L	7674061	7673969	Deletion	92
2L	7674058	7673969	Deletion	89
2L	7682407	7682317	Deletion	90
2L	7682407	7682323	Deletion	84
2L	7682407	7682323	Deletion	84
2L	7682407	7682324	Deletion	83
2L	7682407	7682324	Deletion	83
2L	7682407	7682325	Deletion	82
2L	7682407	7682328	Deletion	79
2L	7682576	7682529	Deletion	47
2L	7682644	7682529	Deletion	115
2L	7682650	7682529	Deletion	121
2L	7682572	7682529	Deletion	43
2L	7682571	7682529	Deletion	42
2L	7682565	7682529	Deletion	36
2L	7682571	7682529	Deletion	42
2L	7682572	7682529	Deletion	43
2L	7682573	7682529	Deletion	44
2L	7682632	7682529	Deletion	103
2L	7731581	7731489	Deletion	92
2L	7731581	7731505	Deletion	76
2L	7731581	7731512	Deletion	69
2L	7731581	7731523	Deletion	58
2L	7731581	7731544	Deletion	37
2L	7731996	7731906	Deletion	90
2L	7732019	7731906	Deletion	113
2L	7731975	7731906	Deletion	69
2L	7731964	7731906	Deletion	58
2L	7731957	7731906	Deletion	51
2L	7731975	7731906	Deletion	69
2L	7731967	7731906	Deletion	61
2L	7737721	7737607	Deletion	114
2L	7737721	7737655	Deletion	66
2L	7737721	7737663	Deletion	58
2L	7738162	7738046	Deletion	116
2L	7738081	7738046	Deletion	35
2L	7738147	7738046	Deletion	101
2L	7745815	7745701	Deletion	114
2L	7745815	7745751	Deletion	64
2L	7749255	7749157	Deletion	98
2L	7749220	7749157	Deletion	63
2L	7749273	7749157	Deletion	116
2L	7756385	7756285	Deletion	100
2L	7756385	7756293	Deletion	92
2L	7756381	7756317	Deletion	64
2L	7758194	7758094	Deletion	100
2L	7758153	7758094	Deletion	59
2L	7758129	7758094	Deletion	35
2L	7758912	7758795	Deletion	117
2L	7758912	7758827	Deletion	85
2L	7758912	7758832	Deletion	80
2L	7758912	7758839	Deletion	73
2L	7758912	7758873	Deletion	39
2L	7759195	7759106	Deletion	89
2L	7759161	7759106	Deletion	55
2L	7759149	7759106	Deletion	43
2L	7759154	7759106	Deletion	48
2L	7768210	7768140	Deletion	70
2L	7768210	7768144	Deletion	66
2L	7768210	7768146	Deletion	64
2L	7768210	7768155	Deletion	55
2L	7768210	7768161	Deletion	49
2L	7768210	7768175	Deletion	35
2L	7771489	7771433	Deletion	56
2L	7771549	7771433	Deletion	116
2L	7771524	7771433	Deletion	91
2L	7771495	7771433	Deletion	62
2L	7771510	7771433	Deletion	77
2L	7771504	7771433	Deletion	71
2L	7771493	7771433	Deletion	60
2L	7782618	7782502	Deletion	116
2L	7790084	7789965	Deletion	119
2L	7790084	7789973	Deletion	111
2L	7790084	7789974	Deletion	110
2L	7790084	7789980	Deletion	104
2L	7790084	7789991	Deletion	93
2L	7790084	7789994	Deletion	90
2L	7790084	7790002	Deletion	82
2L	7790084	7790019	Deletion	65
2L	7790084	7790021	Deletion	63
2L	7790084	7790023	Deletion	61
2L	7790084	7790029	Deletion	55
2L	7790084	7790041	Deletion	43
2L	7792547	7792482	Deletion	65
2L	7792592	7792482	Deletion	110
2L	7792526	7792482	Deletion	44
2L	7792545	7792482	Deletion	63
2L	7792565	7792482	Deletion	83
2L	7792553	7792482	Deletion	71
2L	7792580	7792482	Deletion	98
2L	7792515	7792482	Deletion	33
2L	7792518	7792482	Deletion	36
2L	7792591	7792482	Deletion	109
2L	7792543	7792482	Deletion	61
2L	7804571	7804450	Deletion	121
2L	7819514	7819396	Deletion	118
2L	7819514	7819453	Deletion	61
2L	7819686	7819580	Deletion	106
2L	7819646	7819580	Deletion	66
2L	7830656	7830536	Deletion	120
2L	7833815	7833694	Deletion	121
2L	7837077	7836955	Deletion	122
2L	7837077	7836958	Deletion	119
2L	7837077	7836976	Deletion	101
2L	7837077	7836998	Deletion	79
2L	7837077	7837000	Deletion	77
2L	7840505	7840457	Deletion	48
2L	7840507	7840457	Deletion	50
2L	7840574	7840457	Deletion	117
2L	7840579	7840457	Deletion	122
2L	7845577	7845473	Deletion	104
2L	7845577	7845542	Deletion	35
2L	7850277	7850185	Deletion	92
2L	7850284	7850185	Deletion	99
2L	7850293	7850185	Deletion	108
2L	7850287	7850185	Deletion	102
2L	7856037	7855920	Deletion	117
2L	7856037	7855953	Deletion	84
2L	7856037	7855984	Deletion	53
2L	7856378	7856336	Deletion	42
2L	7856409	7856336	Deletion	73
2L	7856452	7856336	Deletion	116
2L	7860069	7859956	Deletion	113
2L	7860069	7859994	Deletion	75
2L	7860069	7860011	Deletion	58
2L	7862645	7862540	Deletion	105
2L	7862655	7862540	Deletion	115
2L	7862649	7862540	Deletion	109
2L	7862609	7862540	Deletion	69
2L	7862592	7862540	Deletion	52
2L	7874123	7874035	Deletion	88
2L	7874123	7874042	Deletion	81
2L	7874123	7874069	Deletion	54
2L	7907393	7907354	Deletion	39
2L	7907427	7907354	Deletion	73
2L	7907400	7907354	Deletion	46
2L	7912361	7912256	Deletion	105
2L	7912361	7912287	Deletion	74
2L	7923416	7923364	Deletion	52
2L	7923480	7923364	Deletion	116
2L	7933479	7933358	Deletion	121
2L	7933479	7933389	Deletion	90
2L	7933479	7933399	Deletion	80
2L	7933479	7933417	Deletion	62
2L	7933479	7933426	Deletion	53
2L	7933479	7933441	Deletion	38
2L	7934042	7933995	Deletion	47
2L	7934060	7933995	Deletion	65
2L	7934096	7933995	Deletion	101
2L	7934069	7933995	Deletion	74
2L	7934105	7933995	Deletion	110
2L	7934032	7933995	Deletion	37
2L	7934084	7933995	Deletion	89
2L	7934380	7934262	Deletion	118
2L	7934380	7934287	Deletion	93
2L	7934380	7934307	Deletion	73
2L	7934380	7934314	Deletion	66
2L	7934380	7934315	Deletion	65
2L	7934380	7934328	Deletion	52
2L	7934380	7934330	Deletion	50
2L	7939398	7939299	Deletion	99
2L	7939360	7939299	Deletion	61
2L	7939359	7939299	Deletion	60
2L	7939352	7939299	Deletion	53
2L	7939375	7939299	Deletion	76
2L	7939373	7939299	Deletion	74
2L	7952485	7952365	Deletion	120
2L	7952485	7952369	Deletion	116
2L	7952485	7952375	Deletion	110
2L	7952485	7952384	Deletion	101
2L	7952485	7952391	Deletion	94
2L	7952485	7952417	Deletion	68
2L	7952946	7952823	Deletion	123
2L	7952921	7952823	Deletion	98
2L	7952882	7952823	Deletion	59
2L	7952856	7952823	Deletion	33
2L	7970583	7970501	Deletion	82
2L	7970583	7970503	Deletion	80
2L	7977951	7977856	Deletion	95
2L	7978789	7978671	Deletion	118
2L	7980072	7979952	Deletion	120
2L	7981019	7980935	Deletion	84
2L	7982419	7982366	Deletion	53
2L	7983074	7983014	Deletion	60
2L	7983304	7983195	Deletion	109
2L	7983318	7983234	Deletion	84
2L	7983384	7983343	Deletion	41
2L	7999233	7999122	Deletion	111
2L	7999235	7999122	Deletion	113
2L	7999166	7999122	Deletion	44
2L	7999244	7999122	Deletion	122
2L	7999168	7999122	Deletion	46
2L	8010321	8010199	Deletion	122
2L	8010321	8010223	Deletion	98
2L	8010321	8010256	Deletion	65
2L	8010321	8010260	Deletion	61
2L	8014501	8014395	Deletion	106
2L	8014465	8014395	Deletion	70
2L	8014582	8014558	Deletion	24
2L	8016256	8016167	Deletion	89
2L	8016490	8016442	Deletion	48
2L	8017248	8017153	Deletion	95
2L	8021239	8021186	Deletion	53
2L	8023070	8022998	Deletion	72
2L	8023552	8023464	Deletion	88
2L	8025982	8025861	Deletion	121
2L	8035140	8035031	Deletion	109
2L	8035140	8035035	Deletion	105
2L	8035140	8035092	Deletion	48
2L	8035140	8035103	Deletion	37
2L	8037303	8037224	Deletion	79
2L	8037338	8037224	Deletion	114
2L	8037314	8037224	Deletion	90
2L	8037341	8037224	Deletion	117
2L	8047298	8047232	Deletion	66
2L	8047298	8047235	Deletion	63
2L	8047298	8047236	Deletion	62
2L	8047298	8047249	Deletion	49
2L	8047298	8047256	Deletion	42
2L	8048980	8048915	Deletion	65
2L	8049001	8048915	Deletion	86
2L	8048977	8048915	Deletion	62
2L	8049026	8048915	Deletion	111
2L	8048994	8048915	Deletion	79
2L	8049037	8048915	Deletion	122
2L	8048981	8048915	Deletion	66
2L	8054047	8053934	Deletion	113
2L	8054047	8053967	Deletion	80
2L	8054047	8053974	Deletion	73
2L	8054047	8054006	Deletion	41
2L	8054047	8054008	Deletion	39
2L	8054047	8054008	Deletion	39
2L	8077695	8077607	Deletion	88
2L	8077654	8077607	Deletion	47
2L	8077661	8077607	Deletion	54
2L	8077693	8077607	Deletion	86
2L	8077695	8077607	Deletion	88
2L	8096737	8096633	Deletion	104
2L	8096737	8096640	Deletion	97
2L	8098217	8098186	Deletion	31
2L	8099770	8099647	Deletion	123
2L	8099770	8099657	Deletion	113
2L	8099770	8099660	Deletion	110
2L	8099770	8099664	Deletion	106
2L	8099770	8099666	Deletion	104
2L	8099770	8099706	Deletion	64
2L	8099770	8099718	Deletion	52
2L	8099770	8099725	Deletion	45
2L	8099770	8099726	Deletion	44
2L	8099971	8099897	Deletion	74
2L	8099959	8099897	Deletion	62
2L	8099978	8099897	Deletion	81
2L	8099979	8099897	Deletion	82
2L	8103313	8103201	Deletion	112
2L	8103313	8103210	Deletion	103
2L	8103313	8103221	Deletion	92
2L	8103313	8103221	Deletion	92
2L	8103313	8103229	Deletion	84
2L	8103313	8103274	Deletion	39
2L	8109601	8109558	Deletion	43
2L	8109646	8109558	Deletion	88
2L	8109593	8109558	Deletion	35
2L	8109675	8109558	Deletion	117
2L	8109593	8109558	Deletion	35
2L	8109669	8109558	Deletion	111
2L	8123569	8123478	Deletion	91
2L	8123569	8123489	Deletion	80
2L	8123725	8123690	Deletion	35
2L	8123736	8123690	Deletion	46
2L	8123799	8123690	Deletion	109
2L	8127627	8127540	Deletion	87
2L	8127627	8127546	Deletion	81
2L	8127627	8127556	Deletion	71
2L	8127627	8127571	Deletion	56
2L	8127627	8127577	Deletion	50
2L	8135055	8134984	Deletion	71
2L	8135030	8134984	Deletion	46
2L	8135094	8134984	Deletion	110
2L	8135082	8134984	Deletion	98
2L	8135040	8134984	Deletion	56
2L	8135024	8134984	Deletion	40
2L	8135061	8134984	Deletion	77
2L	8157167	8157046	Deletion	121
2L	8158190	8158080	Deletion	110
2L	8158190	8158119	Deletion	71
2L	8158190	8158128	Deletion	62
2L	8169562	8169447	Deletion	115
2L	8169553	8169447	Deletion	106
2L	8169505	8169447	Deletion	58
2L	8169560	8169447	Deletion	113
2L	8169514	8169447	Deletion	67
2L	8169556	8169447	Deletion	109
2L	8185425	8185309	Deletion	116
2L	8186834	8186710	Deletion	124
2L	8186827	8186710	Deletion	117
2L	8186834	8186710	Deletion	124
2L	8186822	8186710	Deletion	112
2L	8194097	8194033	Deletion	64
2L	8194097	8194041	Deletion	56
2L	8194097	8194042	Deletion	55
2L	8196970	8196900	Deletion	70
2L	8196971	8196900	Deletion	71
2L	8196962	8196900	Deletion	62
2L	8196998	8196900	Deletion	98
2L	8197009	8196900	Deletion	109
2L	8219024	8218900	Deletion	124
2L	8222402	8222297	Deletion	105
2L	8222402	8222351	Deletion	51
2L	8222579	8222504	Deletion	75
2L	8223421	8223320	Deletion	101
2L	8223421	8223346	Deletion	75
2L	8223421	8223350	Deletion	71
2L	8223421	8223366	Deletion	55
2L	8223421	8223371	Deletion	50
2L	8223421	8223390	Deletion	31
2L	8223421	8223390	Deletion	31
2L	8231468	8231397	Deletion	71
2L	8231492	8231397	Deletion	95
2L	8231492	8231397	Deletion	95
2L	8231448	8231397	Deletion	51
2L	8231474	8231397	Deletion	77
2L	8231452	8231397	Deletion	55
2L	8231519	8231417	Deletion	102
2L	8231519	8231426	Deletion	93
2L	8231519	8231428	Deletion	91
2L	8231519	8231430	Deletion	89
2L	8231519	8231434	Deletion	85
2L	8231519	8231439	Deletion	80
2L	8231519	8231461	Deletion	58
2L	8231519	8231469	Deletion	50
2L	8245797	8245729	Deletion	68
2L	8245831	8245729	Deletion	102
2L	8245770	8245729	Deletion	41
2L	8245805	8245729	Deletion	76
2L	8245764	8245729	Deletion	35
2L	8245775	8245729	Deletion	46
2L	8245846	8245729	Deletion	117
2L	8245766	8245729	Deletion	37
2L	8263471	8263380	Deletion	91
2L	8263570	8263535	Deletion	35
2L	8263643	8263535	Deletion	108
2L	8263647	8263535	Deletion	112
2L	8265282	8265235	Deletion	47
2L	8265282	8265244	Deletion	38
2L	8265592	8265513	Deletion	79
2L	8265620	8265513	Deletion	107
2L	8265627	8265513	Deletion	114
2L	8265610	8265513	Deletion	97
2L	8265601	8265515	Deletion	86
2L	8282645	8282521	Deletion	124
2L	8288862	8288740	Deletion	122
2L	8296557	8296435	Deletion	122
2L	8298419	8298297	Deletion	122
2L	8299625	8299503	Deletion	122
2L	8312267	8312144	Deletion	123
2L	8312597	8312475	Deletion	122
2L	8312597	8312485	Deletion	112
2L	8312597	8312508	Deletion	89
2L	8312597	8312518	Deletion	79
2L	8312597	8312562	Deletion	35
2L	8314934	8314817	Deletion	117
2L	8314926	8314817	Deletion	109
2L	8314866	8314817	Deletion	49
2L	8314856	8314817	Deletion	39
2L	8314910	8314817	Deletion	93
2L	8319084	8318973	Deletion	111
2L	8319084	8318998	Deletion	86
2L	8319084	8319001	Deletion	83
2L	8319084	8319032	Deletion	52
2L	8319177	8319134	Deletion	43
2L	8319208	8319134	Deletion	74
2L	8319174	8319134	Deletion	40
2L	8319255	8319134	Deletion	121
2L	8319355	8319235	Deletion	120
2L	8319355	8319240	Deletion	115
2L	8319355	8319248	Deletion	107
2L	8319355	8319253	Deletion	102
2L	8319355	8319265	Deletion	90
2L	8319355	8319292	Deletion	63
2L	8319355	8319300	Deletion	55
2L	8319355	8319305	Deletion	50
2L	8319355	8319306	Deletion	49
2L	8319529	8319453	Deletion	76
2L	8319489	8319453	Deletion	36
2L	8319571	8319453	Deletion	118
2L	8319530	8319453	Deletion	77
2L	8319524	8319453	Deletion	71
2L	8319516	8319453	Deletion	63
2L	8319650	8319563	Deletion	87
2L	8319650	8319579	Deletion	71
2L	8319650	8319588	Deletion	62
2L	8319650	8319612	Deletion	38
2L	8319835	8319731	Deletion	104
2L	8319819	8319731	Deletion	88
2L	8319795	8319731	Deletion	64
2L	8319786	8319731	Deletion	55
2L	8319770	8319731	Deletion	39
2L	8335489	8335368	Deletion	121
2L	8335489	8335448	Deletion	41
2L	8345254	8345135	Deletion	119
2L	8345246	8345135	Deletion	111
2L	8345245	8345135	Deletion	110
2L	8345221	8345135	Deletion	86
2L	8345253	8345135	Deletion	118
2L	8351068	8350973	Deletion	95
2L	8351068	8350980	Deletion	88
2L	8351068	8351036	Deletion	32
2L	8355040	8355002	Deletion	38
2L	8355096	8355002	Deletion	94
2L	8355033	8355002	Deletion	31
2L	8355126	8355002	Deletion	124
2L	8368203	8368082	Deletion	121
2L	8376538	8376419	Deletion	119
2L	8376538	8376423	Deletion	115
2L	8376538	8376437	Deletion	101
2L	8376538	8376449	Deletion	89
2L	8376538	8376493	Deletion	45
2L	8376538	8376496	Deletion	42
2L	8376538	8376497	Deletion	41
2L	8376767	8376670	Deletion	97
2L	8376707	8376670	Deletion	37
2L	8376769	8376670	Deletion	99
2L	8376751	8376670	Deletion	81
2L	8376786	8376670	Deletion	116
2L	8376781	8376670	Deletion	111
2L	8376754	8376670	Deletion	84
2L	8376785	8376670	Deletion	115
2L	8376755	8376670	Deletion	85
2L	8378246	8378122	Deletion	124
2L	8378246	8378124	Deletion	122
2L	8378246	8378132	Deletion	114
2L	8378246	8378136	Deletion	110
2L	8378246	8378151	Deletion	95
2L	8378246	8378153	Deletion	93
2L	8378246	8378155	Deletion	91
2L	8378246	8378196	Deletion	50
2L	8378246	8378208	Deletion	38
2L	8378246	8378212	Deletion	34
2L	8381382	8381294	Deletion	88
2L	8381329	8381294	Deletion	35
2L	8381386	8381294	Deletion	92
2L	8381370	8381294	Deletion	76
2L	8381327	8381294	Deletion	33
2L	8381325	8381294	Deletion	31
2L	8388435	8388319	Deletion	116
2L	8388435	8388324	Deletion	111
2L	8388435	8388336	Deletion	99
2L	8388435	8388345	Deletion	90
2L	8388435	8388353	Deletion	82
2L	8388435	8388359	Deletion	76
2L	8388435	8388362	Deletion	73
2L	8388435	8388380	Deletion	55
2L	8388435	8388402	Deletion	33
2L	8400282	8400164	Deletion	118
2L	8400217	8400164	Deletion	53
2L	8400274	8400164	Deletion	110
2L	8400208	8400164	Deletion	44
2L	8400257	8400164	Deletion	93
2L	8400200	8400164	Deletion	36
2L	8400214	8400164	Deletion	50
2L	8400235	8400164	Deletion	71
2L	8400269	8400164	Deletion	105
2L	8406929	8406859	Deletion	70
2L	8406929	8406879	Deletion	50
2L	8406929	8406887	Deletion	42
2L	8406929	8406894	Deletion	35
2L	8406929	8406895	Deletion	34
2L	8419417	8419359	Deletion	58
2L	8419445	8419359	Deletion	86
2L	8419452	8419359	Deletion	93
2L	8419462	8419359	Deletion	103
2L	8419437	8419359	Deletion	78
2L	8419453	8419359	Deletion	94
2L	8419950	8419833	Deletion	117
2L	8419950	8419876	Deletion	74
2L	8419950	8419910	Deletion	40
2L	8419950	8419912	Deletion	38
2L	8434856	8434747	Deletion	109
2L	8434846	8434747	Deletion	99
2L	8434867	8434747	Deletion	120
2L	8434833	8434747	Deletion	86
2L	8434835	8434747	Deletion	88
2L	8434799	8434747	Deletion	52
2L	8437586	8437468	Deletion	118
2L	8437586	8437480	Deletion	106
2L	8437586	8437493	Deletion	93
2L	8437586	8437496	Deletion	90
2L	8437586	8437519	Deletion	67
2L	8437586	8437522	Deletion	64
2L	8437586	8437525	Deletion	61
2L	8437586	8437528	Deletion	58
2L	8438415	8438355	Deletion	60
2L	8438461	8438355	Deletion	106
2L	8438392	8438355	Deletion	37
2L	8438424	8438355	Deletion	69
2L	8438389	8438355	Deletion	34
2L	8438418	8438355	Deletion	63
2L	8438460	8438355	Deletion	105
2L	8438421	8438355	Deletion	66
2L	8441582	8441462	Deletion	120
2L	8451367	8451247	Deletion	120
2L	8451367	8451296	Deletion	71
2L	8451367	8451300	Deletion	67
2L	8451367	8451313	Deletion	54
2L	8452269	8452209	Deletion	60
2L	8452282	8452209	Deletion	73
2L	8452265	8452209	Deletion	56
2L	8453055	8452949	Deletion	106
2L	8453501	8453459	Deletion	42
2L	8454300	8454210	Deletion	90
2L	8455635	8455535	Deletion	100
2L	8455635	8455547	Deletion	88
2L	8455635	8455576	Deletion	59
2L	8457546	8457472	Deletion	74
2L	8459087	8459034	Deletion	53
2L	8460249	8460188	Deletion	61
2L	8463855	8463825	Deletion	30
2L	8463859	8463825	Deletion	34
2L	8463910	8463825	Deletion	85
2L	8463896	8463825	Deletion	71
2L	8463949	8463825	Deletion	124
2L	8463879	8463825	Deletion	54
2L	8468848	8468754	Deletion	94
2L	8468946	8468913	Deletion	33
2L	8469023	8468913	Deletion	110
2L	8473154	8473036	Deletion	118
2L	8473154	8473047	Deletion	107
2L	8473154	8473079	Deletion	75
2L	8473154	8473098	Deletion	56
2L	8473154	8473103	Deletion	51
2L	8473154	8473105	Deletion	49
2L	8481065	8480956	Deletion	109
2L	8481007	8480956	Deletion	51
2L	8481033	8480956	Deletion	77
2L	8481031	8480956	Deletion	75
2L	8481026	8480956	Deletion	70
2L	8482503	8482393	Deletion	110
2L	8482503	8482435	Deletion	68
2L	8482503	8482457	Deletion	46
2L	8482503	8482467	Deletion	36
2L	8482634	8482553	Deletion	81
2L	8482644	8482553	Deletion	91
2L	8482661	8482553	Deletion	108
2L	8482657	8482553	Deletion	104
2L	8482612	8482557	Deletion	55
2L	8483613	8483500	Deletion	113
2L	8483613	8483522	Deletion	91
2L	8483613	8483533	Deletion	80
2L	8483613	8483562	Deletion	51
2L	8483609	8483566	Deletion	43
2L	8488968	8488932	Deletion	36
2L	8489048	8488932	Deletion	116
2L	8489008	8488932	Deletion	76
2L	8489029	8488932	Deletion	97
2L	8489053	8488932	Deletion	121
2L	8489037	8488932	Deletion	105
2L	8488979	8488932	Deletion	47
2L	8489013	8488932	Deletion	81
2L	8498200	8498119	Deletion	81
2L	8498200	8498131	Deletion	69
2L	8498200	8498142	Deletion	58
2L	8500500	8500455	Deletion	45
2L	8500569	8500455	Deletion	114
2L	8500559	8500455	Deletion	104
2L	8500523	8500455	Deletion	68
2L	8500512	8500455	Deletion	57
2L	8504590	8504489	Deletion	101
2L	8504590	8504493	Deletion	97
2L	8504590	8504502	Deletion	88
2L	8505502	8505463	Deletion	39
2L	8505580	8505463	Deletion	117
2L	8505574	8505463	Deletion	111
2L	8505493	8505463	Deletion	30
2L	8511856	8511769	Deletion	87
2L	8511856	8511777	Deletion	79
2L	8511856	8511787	Deletion	69
2L	8511856	8511795	Deletion	61
2L	8511856	8511804	Deletion	52
2L	8511856	8511819	Deletion	37
2L	8517532	8517443	Deletion	89
2L	8517490	8517443	Deletion	47
2L	8517482	8517443	Deletion	39
2L	8517517	8517443	Deletion	74
2L	8517500	8517443	Deletion	57
2L	8517508	8517443	Deletion	65
2L	8517855	8517733	Deletion	122
2L	8517855	8517745	Deletion	110
2L	8517855	8517766	Deletion	89
2L	8517855	8517770	Deletion	85
2L	8517855	8517784	Deletion	71
2L	8517855	8517799	Deletion	56
2L	8517855	8517803	Deletion	52
2L	8517855	8517812	Deletion	43
2L	8518076	8518038	Deletion	38
2L	8518080	8518038	Deletion	42
2L	8518122	8518038	Deletion	84
2L	8518094	8518038	Deletion	56
2L	8518153	8518038	Deletion	115
2L	8518113	8518038	Deletion	75
2L	8518109	8518038	Deletion	71
2L	8533154	8533037	Deletion	117
2L	8533999	8533878	Deletion	121
2L	8541804	8541774	Deletion	30
2L	8550121	8550013	Deletion	108
2L	8550121	8550013	Deletion	108
2L	8550121	8550014	Deletion	107
2L	8550121	8550017	Deletion	104
2L	8550121	8550028	Deletion	93
2L	8550121	8550052	Deletion	69
2L	8550121	8550066	Deletion	55
2L	8550121	8550079	Deletion	42
2L	8552411	8552291	Deletion	120
2L	8552377	8552291	Deletion	86
2L	8552350	8552291	Deletion	59
2L	8552393	8552291	Deletion	102
2L	8552364	8552291	Deletion	73
2L	8552326	8552291	Deletion	35
2L	8560288	8560179	Deletion	109
2L	8560288	8560229	Deletion	59
2L	8560288	8560251	Deletion	37
2L	8572431	8572340	Deletion	91
2L	8572453	8572340	Deletion	113
2L	8572409	8572340	Deletion	69
2L	8576127	8576019	Deletion	108
2L	8576127	8576061	Deletion	66
2L	8582210	8582150	Deletion	60
2L	8593261	8593149	Deletion	112
2L	8593261	8593162	Deletion	99
2L	8593261	8593180	Deletion	81
2L	8593261	8593185	Deletion	76
2L	8593261	8593226	Deletion	35
2L	8593356	8593310	Deletion	46
2L	8593361	8593310	Deletion	51
2L	8593402	8593310	Deletion	92
2L	8595309	8595230	Deletion	79
2L	8595553	8595497	Deletion	56
2L	8596268	8596232	Deletion	36
2L	8610537	8610424	Deletion	113
2L	8610539	8610444	Deletion	95
2L	8610539	8610465	Deletion	74
2L	8612108	8612056	Deletion	52
2L	8612087	8612056	Deletion	31
2L	8616357	8616240	Deletion	117
2L	8616357	8616247	Deletion	110
2L	8616357	8616266	Deletion	91
2L	8616357	8616286	Deletion	71
2L	8616357	8616295	Deletion	62
2L	8616357	8616299	Deletion	58
2L	8616357	8616325	Deletion	32
2L	8631866	8631808	Deletion	58
2L	8631846	8631808	Deletion	38
2L	8631879	8631808	Deletion	71
2L	8631929	8631808	Deletion	121
2L	8631918	8631808	Deletion	110
2L	8631905	8631808	Deletion	97
2L	8631875	8631808	Deletion	67
2L	8642239	8642118	Deletion	121
2L	8642239	8642132	Deletion	107
2L	8642239	8642135	Deletion	104
2L	8642239	8642151	Deletion	88
2L	8642236	8642157	Deletion	79
2L	8642239	8642159	Deletion	80
2L	8646099	8646061	Deletion	38
2L	8646107	8646061	Deletion	46
2L	8646168	8646061	Deletion	107
2L	8646105	8646061	Deletion	44
2L	8655176	8655059	Deletion	117
2L	8655176	8655070	Deletion	106
2L	8655176	8655087	Deletion	89
2L	8655176	8655094	Deletion	82
2L	8655176	8655136	Deletion	40
2L	8656071	8656025	Deletion	46
2L	8656113	8656025	Deletion	88
2L	8656064	8656025	Deletion	39
2L	8664444	8664348	Deletion	96
2L	8664444	8664362	Deletion	82
2L	8664444	8664371	Deletion	73
2L	8664444	8664383	Deletion	61
2L	8665307	8665263	Deletion	44
2L	8665370	8665263	Deletion	107
2L	8665316	8665263	Deletion	53
2L	8665360	8665263	Deletion	97
2L	8665381	8665263	Deletion	118
2L	8665364	8665263	Deletion	101
2L	8665293	8665263	Deletion	30
2L	8665328	8665263	Deletion	65
2L	8675145	8675035	Deletion	110
2L	8675145	8675042	Deletion	103
2L	8675145	8675045	Deletion	100
2L	8675145	8675055	Deletion	90
2L	8675145	8675071	Deletion	74
2L	8675145	8675095	Deletion	50
2L	8675145	8675095	Deletion	50
2L	8703011	8702935	Deletion	76
2L	8703011	8702935	Deletion	76
2L	8702971	8702935	Deletion	36
2L	8703053	8702935	Deletion	118
2L	8702987	8702935	Deletion	52
2L	8703151	8703030	Deletion	121
2L	8706508	8706410	Deletion	98
2L	8706508	8706420	Deletion	88
2L	8706508	8706422	Deletion	86
2L	8706508	8706459	Deletion	49
2L	8706508	8706477	Deletion	31
2L	8706508	8706477	Deletion	31
2L	8709484	8709379	Deletion	105
2L	8709456	8709379	Deletion	77
2L	8709474	8709379	Deletion	95
2L	8709419	8709379	Deletion	40
2L	8709474	8709379	Deletion	95
2L	8709417	8709379	Deletion	38
2L	8709494	8709380	Deletion	114
2L	8711540	8711418	Deletion	122
2L	8711540	8711423	Deletion	117
2L	8711540	8711436	Deletion	104
2L	8711540	8711449	Deletion	91
2L	8711540	8711461	Deletion	79
2L	8711540	8711466	Deletion	74
2L	8720962	8720909	Deletion	53
2L	8721030	8720909	Deletion	121
2L	8720945	8720909	Deletion	36
2L	8720957	8720909	Deletion	48
2L	8721685	8721580	Deletion	105
2L	8721685	8721582	Deletion	103
2L	8721685	8721601	Deletion	84
2L	8721685	8721647	Deletion	38
2L	8721685	8721650	Deletion	35
2L	8724783	8724660	Deletion	123
2L	8724943	8724836	Deletion	107
2L	8730045	8729974	Deletion	71
2L	8730526	8730423	Deletion	103
2L	8730533	8730431	Deletion	102
2L	8730794	8730692	Deletion	102
2L	8730794	8730729	Deletion	65
2L	8733580	8733456	Deletion	124
2L	8733580	8733464	Deletion	116
2L	8733580	8733480	Deletion	100
2L	8733580	8733493	Deletion	87
2L	8733580	8733507	Deletion	73
2L	8733580	8733512	Deletion	68
2L	8733580	8733527	Deletion	53
2L	8733580	8733530	Deletion	50
2L	8733580	8733548	Deletion	32
2L	8733580	8733549	Deletion	31
2L	8734541	8734430	Deletion	111
2L	8734507	8734430	Deletion	77
2L	8734504	8734430	Deletion	74
2L	8734489	8734430	Deletion	59
2L	8734484	8734430	Deletion	54
2L	8734526	8734430	Deletion	96
2L	8734470	8734430	Deletion	40
2L	8734525	8734430	Deletion	95
2L	8749822	8749729	Deletion	93
2L	8749822	8749732	Deletion	90
2L	8749822	8749739	Deletion	83
2L	8749822	8749746	Deletion	76
2L	8749822	8749762	Deletion	60
2L	8749822	8749789	Deletion	33
2L	8754859	8754792	Deletion	67
2L	8754886	8754792	Deletion	94
2L	8754843	8754792	Deletion	51
2L	8754836	8754792	Deletion	44
2L	8754829	8754792	Deletion	37
2L	8754826	8754792	Deletion	34
2L	8755134	8755029	Deletion	105
2L	8755134	8755035	Deletion	99
2L	8755134	8755044	Deletion	90
2L	8755134	8755092	Deletion	42
2L	8755134	8755097	Deletion	37
2L	8757072	8757036	Deletion	36
2L	8757125	8757036	Deletion	89
2L	8757120	8757036	Deletion	84
2L	8757158	8757036	Deletion	122
2L	8757152	8757036	Deletion	116
2L	8761075	8760969	Deletion	106
2L	8761075	8760979	Deletion	96
2L	8761075	8760984	Deletion	91
2L	8761075	8761036	Deletion	39
2L	8761075	8761044	Deletion	31
2L	8763037	8762937	Deletion	100
2L	8762972	8762937	Deletion	35
2L	8763036	8762937	Deletion	99
2L	8763024	8762937	Deletion	87
2L	8763032	8762937	Deletion	95
2L	8768159	8768038	Deletion	121
2L	8779040	8778923	Deletion	117
2L	8779040	8778930	Deletion	110
2L	8779040	8778959	Deletion	81
2L	8779040	8778962	Deletion	78
2L	8779040	8778964	Deletion	76
2L	8779040	8778974	Deletion	66
2L	8779040	8778992	Deletion	48
2L	8779040	8779008	Deletion	32
2L	8780824	8780774	Deletion	50
2L	8780868	8780774	Deletion	94
2L	8780822	8780774	Deletion	48
2L	8780819	8780774	Deletion	45
2L	8780834	8780774	Deletion	60
2L	8780878	8780774	Deletion	104
2L	8780852	8780774	Deletion	78
2L	8792639	8792539	Deletion	100
2L	8792637	8792547	Deletion	90
2L	8792639	8792569	Deletion	70
2L	8792639	8792590	Deletion	49
2L	8792887	8792789	Deletion	98
2L	8792887	8792789	Deletion	98
2L	8792823	8792789	Deletion	34
2L	8792866	8792789	Deletion	77
2L	8792845	8792789	Deletion	56
2L	8799482	8799388	Deletion	94
2L	8799482	8799390	Deletion	92
2L	8799482	8799439	Deletion	43
2L	8799482	8799443	Deletion	39
2L	8799758	8799675	Deletion	83
2L	8799709	8799675	Deletion	34
2L	8799799	8799675	Deletion	124
2L	8799762	8799675	Deletion	87
2L	8799707	8799675	Deletion	32
2L	8812549	8812429	Deletion	120
2L	8812549	8812430	Deletion	119
2L	8812549	8812505	Deletion	44
2L	8812549	8812514	Deletion	35
2L	8813854	8813763	Deletion	91
2L	8813871	8813763	Deletion	108
2L	8813845	8813763	Deletion	82
2L	8814650	8814532	Deletion	118
2L	8814650	8814553	Deletion	97
2L	8814650	8814570	Deletion	80
2L	8814650	8814601	Deletion	49
2L	8815152	8815075	Deletion	77
2L	8815121	8815075	Deletion	46
2L	8815192	8815075	Deletion	117
2L	8820186	8820126	Deletion	60
2L	8820186	8820130	Deletion	56
2L	8821197	8821092	Deletion	105
2L	8821160	8821092	Deletion	68
2L	8821164	8821092	Deletion	72
2L	8821213	8821092	Deletion	121
2L	8836974	8836853	Deletion	121
2L	8851663	8851570	Deletion	93
2L	8851663	8851629	Deletion	34
2L	8863643	8863551	Deletion	92
2L	8863662	8863551	Deletion	111
2L	8863584	8863551	Deletion	33
2L	8863699	8863589	Deletion	110
2L	8863699	8863595	Deletion	104
2L	8863699	8863623	Deletion	76
2L	8863699	8863628	Deletion	71
2L	8863699	8863631	Deletion	68
2L	8893538	8893423	Deletion	115
2L	8893481	8893423	Deletion	58
2L	8893473	8893423	Deletion	50
2L	8893539	8893423	Deletion	116
2L	8893478	8893423	Deletion	55
2L	8894698	8894609	Deletion	89
2L	8894698	8894625	Deletion	73
2L	8894698	8894650	Deletion	48
2L	8896636	8896557	Deletion	79
2L	8896652	8896557	Deletion	95
2L	8896595	8896557	Deletion	38
2L	8896611	8896557	Deletion	54
2L	8900585	8900461	Deletion	124
2L	8902862	8902746	Deletion	116
2L	8902862	8902756	Deletion	106
2L	8902862	8902775	Deletion	87
2L	8902862	8902784	Deletion	78
2L	8902862	8902788	Deletion	74
2L	8902862	8902792	Deletion	70
2L	8902862	8902814	Deletion	48
2L	8908943	8908865	Deletion	78
2L	8908913	8908865	Deletion	48
2L	8908984	8908865	Deletion	119
2L	8908904	8908865	Deletion	39
2L	8908973	8908865	Deletion	108
2L	8908963	8908865	Deletion	98
2L	8908917	8908865	Deletion	52
2L	8908921	8908865	Deletion	56
2L	8908980	8908865	Deletion	115
2L	8908970	8908875	Deletion	95
2L	8915727	8915614	Deletion	113
2L	8915727	8915615	Deletion	112
2L	8915727	8915621	Deletion	106
2L	8915727	8915622	Deletion	105
2L	8915727	8915635	Deletion	92
2L	8915727	8915646	Deletion	81
2L	8915727	8915670	Deletion	57
2L	8915727	8915676	Deletion	51
2L	8915727	8915676	Deletion	51
2L	8915727	8915681	Deletion	46
2L	8915727	8915692	Deletion	35
2L	8915727	8915697	Deletion	30
2L	8931615	8931539	Deletion	76
2L	8931615	8931539	Deletion	76
2L	8931636	8931539	Deletion	97
2L	8931609	8931539	Deletion	70
2L	8931620	8931539	Deletion	81
2L	8931585	8931539	Deletion	46
2L	8931660	8931539	Deletion	121
2L	8931574	8931539	Deletion	35
2L	8931639	8931539	Deletion	100
2L	8931640	8931539	Deletion	101
2L	8931631	8931539	Deletion	92
2L	8931658	8931539	Deletion	119
2L	8940628	8940553	Deletion	75
2L	8951823	8951729	Deletion	94
2L	8951842	8951729	Deletion	113
2L	8951780	8951729	Deletion	51
2L	8965851	8965727	Deletion	124
2L	8975623	8975507	Deletion	116
2L	8976154	8976046	Deletion	108
2L	8976154	8976069	Deletion	85
2L	8979684	8979566	Deletion	118
2L	8979608	8979566	Deletion	42
2L	8979678	8979566	Deletion	112
2L	8980281	8980172	Deletion	109
2L	8980281	8980187	Deletion	94
2L	8980281	8980195	Deletion	86
2L	8980281	8980234	Deletion	47
2L	8980281	8980248	Deletion	33
2L	8981639	8981607	Deletion	32
2L	8981686	8981607	Deletion	79
2L	8981723	8981607	Deletion	116
2L	8981647	8981607	Deletion	40
2L	8981700	8981607	Deletion	93
2L	8984580	8984465	Deletion	115
2L	8984580	8984487	Deletion	93
2L	8984580	8984516	Deletion	64
2L	8985997	8985935	Deletion	62
2L	8985968	8985935	Deletion	33
2L	9001755	9001672	Deletion	83
2L	9003772	9003683	Deletion	89
2L	9003846	9003749	Deletion	97
2L	9006310	9006241	Deletion	69
2L	9009133	9009009	Deletion	124
2L	9009086	9009009	Deletion	77
2L	9009045	9009009	Deletion	36
2L	9009088	9009009	Deletion	79
2L	9009129	9009009	Deletion	120
2L	9009056	9009009	Deletion	47
2L	9028609	9028495	Deletion	114
2L	9028609	9028497	Deletion	112
2L	9028609	9028498	Deletion	111
2L	9028609	9028504	Deletion	105
2L	9028609	9028514	Deletion	95
2L	9028609	9028530	Deletion	79
2L	9028609	9028542	Deletion	67
2L	9028609	9028559	Deletion	50
2L	9028609	9028562	Deletion	47
2L	9028609	9028568	Deletion	41
2L	9031559	9031474	Deletion	85
2L	9031589	9031474	Deletion	115
2L	9031533	9031474	Deletion	59
2L	9031553	9031474	Deletion	79
2L	9031592	9031474	Deletion	118
2L	9031505	9031474	Deletion	31
2L	9031550	9031474	Deletion	76
2L	9031521	9031474	Deletion	47
2L	9037372	9037273	Deletion	99
2L	9037372	9037331	Deletion	41
2L	9039505	9039420	Deletion	85
2L	9060979	9060862	Deletion	117
2L	9063872	9063768	Deletion	104
2L	9063872	9063790	Deletion	82
2L	9063872	9063800	Deletion	72
2L	9063872	9063813	Deletion	59
2L	9063872	9063817	Deletion	55
2L	9063872	9063830	Deletion	42
2L	9096121	9096054	Deletion	67
2L	9096125	9096054	Deletion	71
2L	9096098	9096054	Deletion	44
2L	9096151	9096054	Deletion	97
2L	9096138	9096054	Deletion	84
2L	9096170	9096054	Deletion	116
2L	9096164	9096054	Deletion	110
2L	9096108	9096054	Deletion	54
2L	9107937	9107820	Deletion	117
2L	9107937	9107830	Deletion	107
2L	9107937	9107872	Deletion	65
2L	9109362	9109255	Deletion	107
2L	9109353	9109255	Deletion	98
2L	9109317	9109255	Deletion	62
2L	9117074	9117003	Deletion	71
2L	9117074	9117044	Deletion	30
2L	9122178	9122081	Deletion	97
2L	9122172	9122081	Deletion	91
2L	9122183	9122081	Deletion	102
2L	9122137	9122081	Deletion	56
2L	9135283	9135159	Deletion	124
2L	9135283	9135174	Deletion	109
2L	9135283	9135187	Deletion	96
2L	9135283	9135218	Deletion	65
2L	9158725	9158694	Deletion	31
2L	9158810	9158694	Deletion	116
2L	9158756	9158694	Deletion	62
2L	9158798	9158694	Deletion	104
2L	9158792	9158694	Deletion	98
2L	9163997	9163877	Deletion	120
2L	9163997	9163882	Deletion	115
2L	9163997	9163883	Deletion	114
2L	9163997	9163899	Deletion	98
2L	9163997	9163902	Deletion	95
2L	9163994	9163911	Deletion	83
2L	9163997	9163924	Deletion	73
2L	9163997	9163937	Deletion	60
2L	9163997	9163967	Deletion	30
2L	9164211	9164115	Deletion	96
2L	9164168	9164115	Deletion	53
2L	9164181	9164115	Deletion	66
2L	9164146	9164115	Deletion	31
2L	9164155	9164115	Deletion	40
2L	9164236	9164115	Deletion	121
2L	9164226	9164115	Deletion	111
2L	9170463	9170344	Deletion	119
2L	9170463	9170366	Deletion	97
2L	9170463	9170384	Deletion	79
2L	9170463	9170402	Deletion	61
2L	9170463	9170415	Deletion	48
2L	9170463	9170428	Deletion	35
2L	9171604	9171555	Deletion	49
2L	9171586	9171555	Deletion	31
2L	9171648	9171555	Deletion	93
2L	9171635	9171555	Deletion	80
2L	9171622	9171555	Deletion	67
2L	9171656	9171555	Deletion	101
2L	9171695	9171595	Deletion	100
2L	9171695	9171621	Deletion	74
2L	9171695	9171629	Deletion	66
2L	9176584	9176524	Deletion	60
2L	9176576	9176524	Deletion	52
2L	9219425	9219316	Deletion	109
2L	9220438	9220329	Deletion	109
2L	9220457	9220386	Deletion	71
2L	9220458	9220386	Deletion	72
2L	9221534	9221420	Deletion	114
2L	9234523	9234467	Deletion	56
2L	9234523	9234480	Deletion	43
2L	9234523	9234487	Deletion	36
2L	9234713	9234594	Deletion	119
2L	9234677	9234594	Deletion	83
2L	9234706	9234594	Deletion	112
2L	9234664	9234594	Deletion	70
2L	9234684	9234594	Deletion	90
2L	9235685	9235588	Deletion	97
2L	9235685	9235598	Deletion	87
2L	9235685	9235622	Deletion	63
2L	9235685	9235626	Deletion	59
2L	9235685	9235630	Deletion	55
2L	9235685	9235636	Deletion	49
2L	9237122	9237045	Deletion	77
2L	9237155	9237045	Deletion	110
2L	9237116	9237045	Deletion	71
2L	9237108	9237045	Deletion	63
2L	9237112	9237045	Deletion	67
2L	9237084	9237045	Deletion	39
2L	9239526	9239430	Deletion	96
2L	9239526	9239450	Deletion	76
2L	9239526	9239468	Deletion	58
2L	9240571	9240450	Deletion	121
2L	9240518	9240450	Deletion	68
2L	9240480	9240450	Deletion	30
2L	9240500	9240450	Deletion	50
2L	9256021	9255897	Deletion	124
2L	9256021	9255904	Deletion	117
2L	9256021	9255925	Deletion	96
2L	9256021	9255936	Deletion	85
2L	9256021	9255982	Deletion	39
2L	9256827	9256739	Deletion	88
2L	9256844	9256739	Deletion	105
2L	9256781	9256739	Deletion	42
2L	9256857	9256739	Deletion	118
2L	9256770	9256739	Deletion	31
2L	9276912	9276790	Deletion	122
2L	9279566	9279445	Deletion	121
2L	9280512	9280411	Deletion	101
2L	9280511	9280470	Deletion	41
2L	9281960	9281876	Deletion	84
2L	9292766	9292650	Deletion	116
2L	9292766	9292652	Deletion	114
2L	9292766	9292653	Deletion	113
2L	9292766	9292681	Deletion	85
2L	9292766	9292709	Deletion	57
2L	9292766	9292713	Deletion	53
2L	9292766	9292731	Deletion	35
2L	9295090	9294998	Deletion	92
2L	9295072	9294998	Deletion	74
2L	9295095	9294998	Deletion	97
2L	9295068	9294998	Deletion	70
2L	9295040	9294998	Deletion	42
2L	9300957	9300858	Deletion	99
2L	9300957	9300861	Deletion	96
2L	9300957	9300891	Deletion	66
2L	9300957	9300927	Deletion	30
2L	9301630	9301530	Deletion	100
2L	9301590	9301530	Deletion	60
2L	9301560	9301530	Deletion	30
2L	9301626	9301530	Deletion	96
2L	9301745	9301654	Deletion	91
2L	9301745	9301655	Deletion	90
2L	9301745	9301656	Deletion	89
2L	9301745	9301657	Deletion	88
2L	9301745	9301672	Deletion	73
2L	9301745	9301715	Deletion	30
2L	9308065	9308027	Deletion	38
2L	9308141	9308027	Deletion	114
2L	9308123	9308027	Deletion	96
2L	9308064	9308027	Deletion	37
2L	9308063	9308027	Deletion	36
2L	9308080	9308027	Deletion	53
2L	9308062	9308027	Deletion	35
2L	9310493	9310401	Deletion	92
2L	9310493	9310409	Deletion	84
2L	9310493	9310439	Deletion	54
2L	9310493	9310445	Deletion	48
2L	9324913	9324879	Deletion	34
2L	9324987	9324879	Deletion	108
2L	9324998	9324879	Deletion	119
2L	9324957	9324879	Deletion	78
2L	9324921	9324879	Deletion	42
2L	9324951	9324879	Deletion	72
2L	9324976	9324879	Deletion	97
2L	9324976	9324879	Deletion	97
2L	9326750	9326631	Deletion	119
2L	9335679	9335559	Deletion	120
2L	9344571	9344452	Deletion	119
2L	9344571	9344470	Deletion	101
2L	9344571	9344494	Deletion	77
2L	9344571	9344527	Deletion	44
2L	9344571	9344535	Deletion	36
2L	9345239	9345129	Deletion	110
2L	9345220	9345129	Deletion	91
2L	9345179	9345129	Deletion	50
2L	9345212	9345129	Deletion	83
2L	9360128	9360006	Deletion	122
2L	9360128	9360014	Deletion	114
2L	9360128	9360030	Deletion	98
2L	9360128	9360068	Deletion	60
2L	9368231	9368124	Deletion	107
2L	9368233	9368124	Deletion	109
2L	9368190	9368124	Deletion	66
2L	9368235	9368124	Deletion	111
2L	9368378	9368293	Deletion	85
2L	9368378	9368304	Deletion	74
2L	9368378	9368336	Deletion	42
2L	9368378	9368337	Deletion	41
2L	9368378	9368345	Deletion	33
2L	9368378	9368347	Deletion	31
2L	9370857	9370769	Deletion	88
2L	9370813	9370769	Deletion	44
2L	9370867	9370769	Deletion	98
2L	9370872	9370769	Deletion	103
2L	9370869	9370769	Deletion	100
2L	9370856	9370769	Deletion	87
2L	9370865	9370769	Deletion	96
2L	9370824	9370769	Deletion	55
2L	9372295	9372175	Deletion	120
2L	9372295	9372178	Deletion	117
2L	9372295	9372205	Deletion	90
2L	9372295	9372213	Deletion	82
2L	9372295	9372264	Deletion	31
2L	9372616	9372521	Deletion	95
2L	9372565	9372521	Deletion	44
2L	9372626	9372521	Deletion	105
2L	9372557	9372521	Deletion	36
2L	9372621	9372521	Deletion	100
2L	9374126	9374049	Deletion	77
2L	9374126	9374056	Deletion	70
2L	9374126	9374088	Deletion	38
2L	9380308	9380191	Deletion	117
2L	9380279	9380191	Deletion	88
2L	9380315	9380191	Deletion	124
2L	9380240	9380191	Deletion	49
2L	9380305	9380191	Deletion	114
2L	9380247	9380191	Deletion	56
2L	9385884	9385779	Deletion	105
2L	9385884	9385781	Deletion	103
2L	9385884	9385781	Deletion	103
2L	9385884	9385782	Deletion	102
2L	9385884	9385787	Deletion	97
2L	9385884	9385788	Deletion	96
2L	9385884	9385798	Deletion	86
2L	9385884	9385811	Deletion	73
2L	9385884	9385825	Deletion	59
2L	9385884	9385839	Deletion	45
2L	9385884	9385849	Deletion	35
2L	9394607	9394505	Deletion	102
2L	9394568	9394505	Deletion	63
2L	9395416	9395323	Deletion	93
2L	9403829	9403760	Deletion	69
2L	9403853	9403760	Deletion	93
2L	9403792	9403760	Deletion	32
2L	9403802	9403760	Deletion	42
2L	9403843	9403760	Deletion	83
2L	9403791	9403760	Deletion	31
2L	9403875	9403760	Deletion	115
2L	9403815	9403760	Deletion	55
2L	9404186	9404082	Deletion	104
2L	9404186	9404097	Deletion	89
2L	9404186	9404118	Deletion	68
2L	9404186	9404119	Deletion	67
2L	9404186	9404123	Deletion	63
2L	9404186	9404153	Deletion	33
2L	9409188	9409128	Deletion	60
2L	9409193	9409128	Deletion	65
2L	9409189	9409128	Deletion	61
2L	9409167	9409128	Deletion	39
2L	9409223	9409128	Deletion	95
2L	9409239	9409128	Deletion	111
2L	9409762	9409641	Deletion	121
2L	9410168	9410049	Deletion	119
2L	9410168	9410076	Deletion	92
2L	9410168	9410087	Deletion	81
2L	9410168	9410091	Deletion	77
2L	9410168	9410102	Deletion	66
2L	9411122	9411062	Deletion	60
2L	9411096	9411062	Deletion	34
2L	9411107	9411062	Deletion	45
2L	9411111	9411062	Deletion	49
2L	9411181	9411062	Deletion	119
2L	9421839	9421730	Deletion	109
2L	9421839	9421760	Deletion	79
2L	9421839	9421773	Deletion	66
2L	9421839	9421786	Deletion	53
2L	9421839	9421798	Deletion	41
2L	9426959	9426859	Deletion	100
2L	9426944	9426859	Deletion	85
2L	9426919	9426859	Deletion	60
2L	9426906	9426859	Deletion	47
2L	9426931	9426859	Deletion	72
2L	9440822	9440701	Deletion	121
2L	9448291	9448184	Deletion	107
2L	9448291	9448241	Deletion	50
2L	9448291	9448249	Deletion	42
2L	9448291	9448254	Deletion	37
2L	9448452	9448368	Deletion	84
2L	9448444	9448368	Deletion	76
2L	9448457	9448368	Deletion	89
2L	9456868	9456745	Deletion	123
2L	9456868	9456769	Deletion	99
2L	9456868	9456780	Deletion	88
2L	9458497	9458457	Deletion	40
2L	9458565	9458457	Deletion	108
2L	9458581	9458457	Deletion	124
2L	9476836	9476734	Deletion	102
2L	9476836	9476742	Deletion	94
2L	9476836	9476800	Deletion	36
2L	9476950	9476918	Deletion	32
2L	9476970	9476918	Deletion	52
2L	9478201	9478128	Deletion	73
2L	9480211	9480096	Deletion	115
2L	9480371	9480293	Deletion	78
2L	9481576	9481486	Deletion	90
2L	9481576	9481532	Deletion	44
2L	9481576	9481545	Deletion	31
2L	9483586	9483512	Deletion	74
2L	9483586	9483538	Deletion	48
2L	9483758	9483668	Deletion	90
2L	9483766	9483668	Deletion	98
2L	9484951	9484834	Deletion	117
2L	9486322	9486239	Deletion	83
2L	9486292	9486239	Deletion	53
2L	9486276	9486239	Deletion	37
2L	9486335	9486239	Deletion	96
2L	9486345	9486239	Deletion	106
2L	9502752	9502633	Deletion	119
2L	9502752	9502638	Deletion	114
2L	9502752	9502685	Deletion	67
2L	9502752	9502694	Deletion	58
2L	9502752	9502702	Deletion	50
2L	9502752	9502703	Deletion	49
2L	9502884	9502804	Deletion	80
2L	9502917	9502804	Deletion	113
2L	9502883	9502804	Deletion	79
2L	9502875	9502804	Deletion	71
2L	9502866	9502804	Deletion	62
2L	9503898	9503804	Deletion	94
2L	9503898	9503811	Deletion	87
2L	9503898	9503831	Deletion	67
2L	9504038	9504002	Deletion	36
2L	9504117	9504002	Deletion	115
2L	9504045	9504002	Deletion	43
2L	9504065	9504002	Deletion	63
2L	9505458	9505337	Deletion	121
2L	9505458	9505348	Deletion	110
2L	9505458	9505351	Deletion	107
2L	9505458	9505353	Deletion	105
2L	9505458	9505360	Deletion	98
2L	9506064	9505942	Deletion	122
2L	9513591	9513477	Deletion	114
2L	9513591	9513486	Deletion	105
2L	9513591	9513497	Deletion	94
2L	9513591	9513504	Deletion	87
2L	9513591	9513553	Deletion	38
2L	9515493	9515454	Deletion	39
2L	9515553	9515454	Deletion	99
2L	9515542	9515454	Deletion	88
2L	9547114	9547009	Deletion	105
2L	9547114	9547056	Deletion	58
2L	9547114	9547064	Deletion	50
2L	9562149	9562080	Deletion	69
2L	9562157	9562080	Deletion	77
2L	9577874	9577757	Deletion	117
2L	9577874	9577778	Deletion	96
2L	9577874	9577788	Deletion	86
2L	9578618	9578584	Deletion	34
2L	9578704	9578584	Deletion	120
2L	9578628	9578584	Deletion	44
2L	9595990	9595881	Deletion	109
2L	9595990	9595919	Deletion	71
2L	9595990	9595923	Deletion	67
2L	9595990	9595935	Deletion	55
2L	9595990	9595948	Deletion	42
2L	9596138	9596054	Deletion	84
2L	9596113	9596054	Deletion	59
2L	9596109	9596054	Deletion	55
2L	9596125	9596054	Deletion	71
2L	9602506	9602392	Deletion	114
2L	9602506	9602415	Deletion	91
2L	9606900	9606776	Deletion	124
2L	9606900	9606776	Deletion	124
2L	9606811	9606776	Deletion	35
2L	9612408	9612299	Deletion	109
2L	9612408	9612300	Deletion	108
2L	9612408	9612314	Deletion	94
2L	9612408	9612363	Deletion	45
2L	9613213	9613131	Deletion	82
2L	9613164	9613131	Deletion	33
2L	9619442	9619351	Deletion	91
2L	9619442	9619370	Deletion	72
2L	9619442	9619374	Deletion	68
2L	9619442	9619400	Deletion	42
2L	9619581	9619497	Deletion	84
2L	9619551	9619497	Deletion	54
2L	9619555	9619497	Deletion	58
2L	9619604	9619497	Deletion	107
2L	9619598	9619497	Deletion	101
2L	9619617	9619497	Deletion	120
2L	9619532	9619497	Deletion	35
2L	9621465	9621380	Deletion	85
2L	9621465	9621384	Deletion	81
2L	9621465	9621421	Deletion	44
2L	9621465	9621432	Deletion	33
2L	9621623	9621515	Deletion	108
2L	9621597	9621515	Deletion	82
2L	9621608	9621515	Deletion	93
2L	9621560	9621515	Deletion	45
2L	9621556	9621520	Deletion	36
2L	9624594	9624485	Deletion	109
2L	9624594	9624518	Deletion	76
2L	9624594	9624524	Deletion	70
2L	9624594	9624542	Deletion	52
2L	9629933	9629813	Deletion	120
2L	9629887	9629813	Deletion	74
2L	9629863	9629813	Deletion	50
2L	9629925	9629813	Deletion	112
2L	9629869	9629813	Deletion	56
2L	9646181	9646060	Deletion	121
2L	9646181	9646083	Deletion	98
2L	9646181	9646089	Deletion	92
2L	9646181	9646099	Deletion	82
2L	9646181	9646113	Deletion	68
2L	9646181	9646132	Deletion	49
2L	9647989	9647945	Deletion	44
2L	9648044	9647945	Deletion	99
2L	9648003	9647945	Deletion	58
2L	9648056	9647945	Deletion	111
2L	9647979	9647945	Deletion	34
2L	9648023	9647949	Deletion	74
2L	9678212	9678089	Deletion	123
2L	9678212	9678136	Deletion	76
2L	9678212	9678164	Deletion	48
2L	9678401	9678322	Deletion	79
2L	9678373	9678322	Deletion	51
2L	9690588	9690467	Deletion	121
2L	9690588	9690487	Deletion	101
2L	9690588	9690490	Deletion	98
2L	9690588	9690524	Deletion	64
2L	9690588	9690535	Deletion	53
2L	9690711	9690649	Deletion	62
2L	9690748	9690649	Deletion	99
2L	9690722	9690649	Deletion	73
2L	9690749	9690649	Deletion	100
2L	9699428	9699307	Deletion	121
2L	9725251	9725147	Deletion	104
2L	9725251	9725165	Deletion	86
2L	9725251	9725170	Deletion	81
2L	9734763	9734722	Deletion	41
2L	9734768	9734722	Deletion	46
2L	9734838	9734722	Deletion	116
2L	9734830	9734722	Deletion	108
2L	9750518	9750420	Deletion	98
2L	9750518	9750460	Deletion	58
2L	9752137	9752102	Deletion	35
2L	9752209	9752102	Deletion	107
2L	9752217	9752102	Deletion	115
2L	9752177	9752102	Deletion	75
2L	9766900	9766783	Deletion	117
2L	9766900	9766818	Deletion	82
2L	9766898	9766823	Deletion	75
2L	9769698	9769648	Deletion	50
2L	9769693	9769648	Deletion	45
2L	9775030	9774937	Deletion	93
2L	9775030	9774938	Deletion	92
2L	9775030	9774970	Deletion	60
2L	9775030	9774971	Deletion	59
2L	9775030	9774972	Deletion	58
2L	9775030	9774999	Deletion	31
2L	9777382	9777314	Deletion	68
2L	9777420	9777314	Deletion	106
2L	9777380	9777314	Deletion	66
2L	9777409	9777314	Deletion	95
2L	9777381	9777314	Deletion	67
2L	9777418	9777314	Deletion	104
2L	9777348	9777314	Deletion	34
2L	9786404	9786302	Deletion	102
2L	9786404	9786312	Deletion	92
2L	9786404	9786329	Deletion	75
2L	9786404	9786350	Deletion	54
2L	9786404	9786352	Deletion	52
2L	9787738	9787701	Deletion	37
2L	9787811	9787701	Deletion	110
2L	9787755	9787701	Deletion	54
2L	9787812	9787701	Deletion	111
2L	9787776	9787701	Deletion	75
2L	9787807	9787701	Deletion	106
2L	9787778	9787701	Deletion	77
2L	9790558	9790435	Deletion	123
2L	9808864	9808744	Deletion	120
2L	9808864	9808786	Deletion	78
2L	9808864	9808791	Deletion	73
2L	9808967	9808919	Deletion	48
2L	9808972	9808919	Deletion	53
2L	9809025	9808919	Deletion	106
2L	9830473	9830351	Deletion	122
2L	9853329	9853234	Deletion	95
2L	9853329	9853268	Deletion	61
2L	9859509	9859444	Deletion	65
2L	9859475	9859444	Deletion	31
2L	9866155	9866045	Deletion	110
2L	9866155	9866051	Deletion	104
2L	9866155	9866088	Deletion	67
2L	9867505	9867445	Deletion	60
2L	9923820	9923703	Deletion	117
2L	9923820	9923706	Deletion	114
2L	9923820	9923707	Deletion	113
2L	9923820	9923726	Deletion	94
2L	9923820	9923734	Deletion	86
2L	9923820	9923740	Deletion	80
2L	9923820	9923751	Deletion	69
2L	9923820	9923761	Deletion	59
2L	9925661	9925620	Deletion	41
2L	9925688	9925620	Deletion	68
2L	9925678	9925620	Deletion	58
2L	9925653	9925620	Deletion	33
2L	9925667	9925620	Deletion	47
2L	9929260	9929142	Deletion	118
2L	9929260	9929155	Deletion	105
2L	9929260	9929173	Deletion	87
2L	9929260	9929187	Deletion	73
2L	9931789	9931684	Deletion	105
2L	9931723	9931684	Deletion	39
2L	9931737	9931684	Deletion	53
2L	9937028	9936905	Deletion	123
2L	9937028	9936921	Deletion	107
2L	9937028	9936930	Deletion	98
2L	9937028	9936979	Deletion	49
2L	9937028	9936994	Deletion	34
2L	9937264	9937167	Deletion	97
2L	9937259	9937167	Deletion	92
2L	9937244	9937167	Deletion	77
2L	9940914	9940813	Deletion	101
2L	9940914	9940823	Deletion	91
2L	9940914	9940827	Deletion	87
2L	9940914	9940838	Deletion	76
2L	9940914	9940843	Deletion	71
2L	9941469	9941419	Deletion	50
2L	9941458	9941419	Deletion	39
2L	9941454	9941419	Deletion	35
2L	9941474	9941419	Deletion	55
2L	9941534	9941419	Deletion	115
2L	9965047	9964956	Deletion	91
2L	9965047	9964961	Deletion	86
2L	9965047	9964964	Deletion	83
2L	9965047	9964965	Deletion	82
2L	9965047	9964977	Deletion	70
2L	9967626	9967584	Deletion	42
2L	9967631	9967584	Deletion	47
2L	9967647	9967584	Deletion	63
2L	9967634	9967584	Deletion	50
2L	9967635	9967584	Deletion	51
2L	9971439	9971402	Deletion	37
2L	9971439	9971405	Deletion	34
2L	9971596	9971487	Deletion	109
2L	9971581	9971487	Deletion	94
2L	9971578	9971487	Deletion	91
2L	9971591	9971487	Deletion	104
2L	9971601	9971487	Deletion	114
2L	9973784	9973733	Deletion	51
2L	9973784	9973749	Deletion	35
2L	9973784	9973752	Deletion	32
2L	9973950	9973895	Deletion	55
2L	9976249	9976130	Deletion	119
2L	9981824	9981788	Deletion	36
2L	9981895	9981788	Deletion	107
2L	9981874	9981788	Deletion	86
2L	9981900	9981788	Deletion	112
2L	9981876	9981788	Deletion	88
2L	9990636	9990531	Deletion	105
2L	9990636	9990535	Deletion	101
2L	9990636	9990560	Deletion	76
2L	9990636	9990580	Deletion	56
2L	9990636	9990591	Deletion	45
2L	9990636	9990599	Deletion	37
2L	9990912	9990830	Deletion	82
2L	9990920	9990830	Deletion	90
2L	9990881	9990830	Deletion	51
2L	9990901	9990830	Deletion	71
2L	9990954	9990830	Deletion	124
2L	10001074	10000954	Deletion	120
2L	10001074	10000980	Deletion	94
2L	10001074	10000985	Deletion	89
2L	10001074	10001017	Deletion	57
2L	10001074	10001031	Deletion	43
2L	10004298	10004266	Deletion	32
2L	10004349	10004266	Deletion	83
2L	10004335	10004266	Deletion	69
2L	10004303	10004266	Deletion	37
2L	10004386	10004266	Deletion	120
2L	10008749	10008629	Deletion	120
2L	10008749	10008673	Deletion	76
2L	10008749	10008686	Deletion	63
2L	10008749	10008697	Deletion	52
2L	10008749	10008699	Deletion	50
2L	10008749	10008711	Deletion	38
2L	10017453	10017403	Deletion	50
2L	10017479	10017403	Deletion	76
2L	10017477	10017403	Deletion	74
2L	10017466	10017403	Deletion	63
2L	10017491	10017403	Deletion	88
2L	10034461	10034339	Deletion	122
2L	10034463	10034342	Deletion	121
2L	10034463	10034348	Deletion	115
2L	10034463	10034426	Deletion	37
2L	10042890	10042791	Deletion	99
2L	10042882	10042791	Deletion	91
2L	10042893	10042791	Deletion	102
2L	10045141	10045035	Deletion	106
2L	10045141	10045077	Deletion	64
2L	10045141	10045090	Deletion	51
2L	10060908	10060803	Deletion	105
2L	10060878	10060803	Deletion	75
2L	10060865	10060803	Deletion	62
2L	10060915	10060803	Deletion	112
2L	10066814	10066697	Deletion	117
2L	10066814	10066710	Deletion	104
2L	10066814	10066736	Deletion	78
2L	10066814	10066749	Deletion	65
2L	10066814	10066777	Deletion	37
2L	10068885	10068795	Deletion	90
2L	10068857	10068795	Deletion	62
2L	10068844	10068795	Deletion	49
2L	10068961	10068856	Deletion	105
2L	10068961	10068862	Deletion	99
2L	10068961	10068882	Deletion	79
2L	10068961	10068914	Deletion	47
2L	10069831	10069791	Deletion	40
2L	10069831	10069791	Deletion	40
2L	10069831	10069791	Deletion	40
2L	10069831	10069791	Deletion	40
2L	10071424	10071354	Deletion	70
2L	10071427	10071354	Deletion	73
2L	10071394	10071354	Deletion	40
2L	10095293	10095176	Deletion	117
2L	10095293	10095215	Deletion	78
2L	10095293	10095225	Deletion	68
2L	10095293	10095231	Deletion	62
2L	10095293	10095238	Deletion	55
2L	10095293	10095249	Deletion	44
2L	10096343	10096272	Deletion	71
2L	10096354	10096272	Deletion	82
2L	10096330	10096272	Deletion	58
2L	10096320	10096272	Deletion	48
2L	10096378	10096272	Deletion	106
2L	10096336	10096272	Deletion	64
2L	10096379	10096272	Deletion	107
2L	10123421	10123326	Deletion	95
2L	10123421	10123338	Deletion	83
2L	10123421	10123371	Deletion	50
2L	10125772	10125656	Deletion	116
2L	10125699	10125656	Deletion	43
2L	10125732	10125656	Deletion	76
2L	10125749	10125656	Deletion	93
2L	10125687	10125656	Deletion	31
2L	10127035	10126922	Deletion	113
2L	10127035	10126977	Deletion	58
2L	10127035	10126987	Deletion	48
2L	10127035	10126991	Deletion	44
2L	10127244	10127129	Deletion	115
2L	10127212	10127129	Deletion	83
2L	10127208	10127129	Deletion	79
2L	10127198	10127129	Deletion	69
2L	10127243	10127132	Deletion	111
2L	10135702	10135581	Deletion	121
2L	10138587	10138538	Deletion	49
2L	10150060	10149947	Deletion	113
2L	10150064	10149958	Deletion	106
2L	10150064	10149965	Deletion	99
2L	10160697	10160621	Deletion	76
2L	10161641	10161536	Deletion	105
2L	10184815	10184694	Deletion	121
2L	10200618	10200509	Deletion	109
2L	10200618	10200555	Deletion	63
2L	10200618	10200556	Deletion	62
2L	10200618	10200558	Deletion	60
2L	10200618	10200562	Deletion	56
2L	10201426	10201326	Deletion	100
2L	10201423	10201326	Deletion	97
2L	10201429	10201326	Deletion	103
2L	10201389	10201326	Deletion	63
2L	10201390	10201326	Deletion	64
2L	10201392	10201326	Deletion	66
2L	10201396	10201326	Deletion	70
2L	10201436	10201326	Deletion	110
2L	10201431	10201326	Deletion	105
2L	10217597	10217475	Deletion	122
2L	10217597	10217498	Deletion	99
2L	10217597	10217517	Deletion	80
2L	10217597	10217520	Deletion	77
2L	10217592	10217520	Deletion	72
2L	10218699	10218669	Deletion	30
2L	10218721	10218669	Deletion	52
2L	10218772	10218669	Deletion	103
2L	10218718	10218669	Deletion	49
2L	10218721	10218669	Deletion	52
2L	10222585	10222462	Deletion	123
2L	10225799	10225710	Deletion	89
2L	10225799	10225754	Deletion	45
2L	10227990	10227953	Deletion	37
2L	10228058	10227953	Deletion	105
2L	10228034	10227953	Deletion	81
2L	10228065	10227953	Deletion	112
2L	10232553	10232432	Deletion	121
2L	10244133	10244039	Deletion	94
2L	10244133	10244056	Deletion	77
2L	10245344	10245293	Deletion	51
2L	10245395	10245293	Deletion	102
2L	10245327	10245293	Deletion	34
2L	10246598	10246470	Deletion	128
2L	10247694	10247618	Deletion	76
2L	10247694	10247629	Deletion	65
2L	10249568	10249459	Deletion	109
2L	10249510	10249459	Deletion	51
2L	10249559	10249459	Deletion	100
2L	10249521	10249459	Deletion	62
2L	10252848	10252748	Deletion	100
2L	10252848	10252772	Deletion	76
2L	10252848	10252783	Deletion	65
2L	10259326	10259225	Deletion	101
2L	10259287	10259225	Deletion	62
2L	10259276	10259225	Deletion	51
2L	10259342	10259225	Deletion	117
2L	10263499	10263378	Deletion	121
2L	10263499	10263384	Deletion	115
2L	10263499	10263384	Deletion	115
2L	10263499	10263389	Deletion	110
2L	10263499	10263410	Deletion	89
2L	10263499	10263436	Deletion	63
2L	10263499	10263441	Deletion	58
2L	10263499	10263447	Deletion	52
2L	10271785	10271710	Deletion	75
2L	10271779	10271710	Deletion	69
2L	10271748	10271710	Deletion	38
2L	10271774	10271710	Deletion	64
2L	10292354	10292232	Deletion	122
2L	10292430	10292315	Deletion	115
2L	10292430	10292361	Deletion	69
2L	10292723	10292615	Deletion	108
2L	10292726	10292615	Deletion	111
2L	10292714	10292615	Deletion	99
2L	10292710	10292615	Deletion	95
2L	10292672	10292615	Deletion	57
2L	10292890	10292801	Deletion	89
2L	10292890	10292822	Deletion	68
2L	10293964	10293927	Deletion	37
2L	10294046	10293927	Deletion	119
2L	10293985	10293927	Deletion	58
2L	10299973	10299880	Deletion	93
2L	10299973	10299888	Deletion	85
2L	10299973	10299893	Deletion	80
2L	10299973	10299900	Deletion	73
2L	10299973	10299904	Deletion	69
2L	10299973	10299918	Deletion	55
2L	10299973	10299921	Deletion	52
2L	10299973	10299922	Deletion	51
2L	10299973	10299924	Deletion	49
2L	10299973	10299925	Deletion	48
2L	10303784	10303709	Deletion	75
2L	10303762	10303709	Deletion	53
2L	10303750	10303709	Deletion	41
2L	10303787	10303709	Deletion	78
2L	10303755	10303709	Deletion	46
2L	10303786	10303709	Deletion	77
2L	10303780	10303709	Deletion	71
2L	10303742	10303709	Deletion	33
2L	10303783	10303709	Deletion	74
2L	10303766	10303709	Deletion	57
2L	10303812	10303711	Deletion	101
2L	10319494	10319370	Deletion	124
2L	10319494	10319420	Deletion	74
2L	10319494	10319424	Deletion	70
2L	10319494	10319454	Deletion	40
2L	10321680	10321622	Deletion	58
2L	10321676	10321622	Deletion	54
2L	10321710	10321622	Deletion	88
2L	10321723	10321622	Deletion	101
2L	10325480	10325367	Deletion	113
2L	10325480	10325413	Deletion	67
2L	10325480	10325419	Deletion	61
2L	10325480	10325430	Deletion	50
2L	10327007	10326931	Deletion	76
2L	10327033	10326931	Deletion	102
2L	10327035	10326931	Deletion	104
2L	10326996	10326931	Deletion	65
2L	10326990	10326931	Deletion	59
2L	10327030	10326931	Deletion	99
2L	10329971	10329857	Deletion	114
2L	10329971	10329858	Deletion	113
2L	10329971	10329882	Deletion	89
2L	10329967	10329902	Deletion	65
2L	10329971	10329939	Deletion	32
2L	10329971	10329940	Deletion	31
2L	10333206	10333111	Deletion	95
2L	10333168	10333111	Deletion	57
2L	10333148	10333111	Deletion	37
2L	10333205	10333111	Deletion	94
2L	10333771	10333730	Deletion	41
2L	10335579	10335494	Deletion	85
2L	10337829	10337715	Deletion	114
2L	10337829	10337716	Deletion	113
2L	10337829	10337749	Deletion	80
2L	10337829	10337759	Deletion	70
2L	10337829	10337767	Deletion	62
2L	10337824	10337768	Deletion	56
2L	10345907	10345800	Deletion	107
2L	10345859	10345800	Deletion	59
2L	10345868	10345800	Deletion	68
2L	10345867	10345800	Deletion	67
2L	10345849	10345800	Deletion	49
2L	10346231	10346126	Deletion	105
2L	10346231	10346141	Deletion	90
2L	10346231	10346145	Deletion	86
2L	10346231	10346162	Deletion	69
2L	10346231	10346195	Deletion	36
2L	10346231	10346196	Deletion	35
2L	10354461	10354370	Deletion	91
2L	10354460	10354370	Deletion	90
2L	10354427	10354370	Deletion	57
2L	10354489	10354370	Deletion	119
2L	10354410	10354370	Deletion	40
2L	10354406	10354370	Deletion	36
2L	10356578	10356455	Deletion	123
2L	10361069	10360973	Deletion	96
2L	10361069	10361016	Deletion	53
2L	10361069	10361029	Deletion	40
2L	10366491	10366404	Deletion	87
2L	10366478	10366404	Deletion	74
2L	10366521	10366404	Deletion	117
2L	10366435	10366404	Deletion	31
2L	10377910	10377782	Deletion	128
2L	10382212	10382093	Deletion	119
2L	10387408	10387313	Deletion	95
2L	10387408	10387316	Deletion	92
2L	10387625	10387590	Deletion	35
2L	10387699	10387590	Deletion	109
2L	10387622	10387590	Deletion	32
2L	10400375	10400278	Deletion	97
2L	10400375	10400284	Deletion	91
2L	10400375	10400285	Deletion	90
2L	10400375	10400315	Deletion	60
2L	10400375	10400326	Deletion	49
2L	10400375	10400338	Deletion	37
2L	10403655	10403620	Deletion	35
2L	10403697	10403620	Deletion	77
2L	10403686	10403620	Deletion	66
2L	10403656	10403620	Deletion	36
2L	10403709	10403620	Deletion	89
2L	10408277	10408192	Deletion	85
2L	10408277	10408202	Deletion	75
2L	10408277	10408235	Deletion	42
2L	10408277	10408240	Deletion	37
2L	10408277	10408243	Deletion	34
2L	10437197	10437144	Deletion	53
2L	10437238	10437144	Deletion	94
2L	10437230	10437144	Deletion	86
2L	10437235	10437144	Deletion	91
2L	10437187	10437144	Deletion	43
2L	10437288	10437168	Deletion	120
2L	10437288	10437182	Deletion	106
2L	10437288	10437191	Deletion	97
2L	10437288	10437202	Deletion	86
2L	10437288	10437253	Deletion	35
2L	10437288	10437256	Deletion	32
2L	10441783	10441689	Deletion	94
2L	10441780	10441689	Deletion	91
2L	10441799	10441689	Deletion	110
2L	10441729	10441689	Deletion	40
2L	10460312	10460219	Deletion	93
2L	10460312	10460229	Deletion	83
2L	10460312	10460244	Deletion	68
2L	10460312	10460252	Deletion	60
2L	10466075	10465974	Deletion	101
2L	10466086	10465974	Deletion	112
2L	10466009	10465974	Deletion	35
2L	10466019	10465974	Deletion	45
2L	10466042	10465974	Deletion	68
2L	10466034	10465974	Deletion	60
2L	10478769	10478647	Deletion	122
2L	10478769	10478656	Deletion	113
2L	10478769	10478682	Deletion	87
2L	10478769	10478700	Deletion	69
2L	10478769	10478711	Deletion	58
2L	10478769	10478716	Deletion	53
2L	10480281	10480213	Deletion	68
2L	10480286	10480213	Deletion	73
2L	10480252	10480213	Deletion	39
2L	10480316	10480213	Deletion	103
2L	10480332	10480213	Deletion	119
2L	10480270	10480213	Deletion	57
2L	10492138	10492017	Deletion	121
2L	10493146	10493080	Deletion	66
2L	10493146	10493085	Deletion	61
2L	10493146	10493093	Deletion	53
2L	10497790	10497690	Deletion	100
2L	10497755	10497690	Deletion	65
2L	10497763	10497690	Deletion	73
2L	10497787	10497690	Deletion	97
2L	10497750	10497690	Deletion	60
2L	10498443	10498321	Deletion	122
2L	10498443	10498330	Deletion	113
2L	10505659	10505541	Deletion	118
2L	10505659	10505544	Deletion	115
2L	10505659	10505565	Deletion	94
2L	10505659	10505601	Deletion	58
2L	10505659	10505609	Deletion	50
2L	10505920	10505852	Deletion	68
2L	10505928	10505852	Deletion	76
2L	10505955	10505852	Deletion	103
2L	10505884	10505852	Deletion	32
2L	10511217	10511099	Deletion	118
2L	10511217	10511102	Deletion	115
2L	10511217	10511139	Deletion	78
2L	10515720	10515607	Deletion	113
2L	10515655	10515607	Deletion	48
2L	10531918	10531804	Deletion	114
2L	10531918	10531804	Deletion	114
2L	10531918	10531837	Deletion	81
2L	10531918	10531856	Deletion	62
2L	10531918	10531870	Deletion	48
2L	10531918	10531876	Deletion	42
2L	10531918	10531885	Deletion	33
2L	10532223	10532139	Deletion	84
2L	10532203	10532139	Deletion	64
2L	10532217	10532139	Deletion	78
2L	10532246	10532139	Deletion	107
2L	10532184	10532139	Deletion	45
2L	10532233	10532139	Deletion	94
2L	10536960	10536838	Deletion	122
2L	10536960	10536863	Deletion	97
2L	10536960	10536918	Deletion	42
2L	10541590	10541506	Deletion	84
2L	10541605	10541506	Deletion	99
2L	10541605	10541506	Deletion	99
2L	10541627	10541506	Deletion	121
2L	10554184	10554080	Deletion	104
2L	10554184	10554104	Deletion	80
2L	10554184	10554104	Deletion	80
2L	10554184	10554114	Deletion	70
2L	10554184	10554114	Deletion	70
2L	10554184	10554124	Deletion	60
2L	10561141	10561027	Deletion	114
2L	10561073	10561027	Deletion	46
2L	10561083	10561027	Deletion	56
2L	10561093	10561027	Deletion	66
2L	10561150	10561027	Deletion	123
2L	10561073	10561027	Deletion	46
2L	10561083	10561027	Deletion	56
2L	10563535	10563424	Deletion	111
2L	10563531	10563488	Deletion	43
2L	10563535	10563489	Deletion	46
2L	10563535	10563494	Deletion	41
2L	10563535	10563494	Deletion	41
2L	10569333	10569253	Deletion	80
2L	10569338	10569253	Deletion	85
2L	10569338	10569253	Deletion	85
2L	10569332	10569253	Deletion	79
2L	10569359	10569253	Deletion	106
2L	10575427	10575317	Deletion	110
2L	10575427	10575321	Deletion	106
2L	10575427	10575342	Deletion	85
2L	10575427	10575345	Deletion	82
2L	10575427	10575355	Deletion	72
2L	10575427	10575371	Deletion	56
2L	10575636	10575590	Deletion	46
2L	10575662	10575590	Deletion	72
2L	10575633	10575590	Deletion	43
2L	10575712	10575590	Deletion	122
2L	10575646	10575590	Deletion	56
2L	10585013	10584893	Deletion	120
2L	10585013	10584906	Deletion	107
2L	10585013	10584912	Deletion	101
2L	10585013	10584913	Deletion	100
2L	10585013	10584916	Deletion	97
2L	10585013	10584930	Deletion	83
2L	10585013	10584932	Deletion	81
2L	10585013	10584945	Deletion	68
2L	10585013	10584946	Deletion	67
2L	10585013	10584952	Deletion	61
2L	10585013	10584965	Deletion	48
2L	10593000	10592981	Deletion	19
2L	10594111	10594003	Deletion	108
2L	10597665	10597578	Deletion	87
2L	10598581	10598530	Deletion	51
2L	10602293	10602249	Deletion	44
2L	10602279	10602249	Deletion	30
2L	10602295	10602249	Deletion	46
2L	10602309	10602249	Deletion	60
2L	10602315	10602249	Deletion	66
2L	10602328	10602249	Deletion	79
2L	10602308	10602249	Deletion	59
2L	10602369	10602249	Deletion	120
2L	10609808	10609686	Deletion	122
2L	10609808	10609721	Deletion	87
2L	10609808	10609723	Deletion	85
2L	10609808	10609760	Deletion	48
2L	10614494	10614416	Deletion	78
2L	10614520	10614416	Deletion	104
2L	10614457	10614416	Deletion	41
2L	10614521	10614416	Deletion	105
2L	10614455	10614416	Deletion	39
2L	10616707	10616583	Deletion	124
2L	10616707	10616618	Deletion	89
2L	10616707	10616651	Deletion	56
2L	10616707	10616664	Deletion	43
2L	10618759	10618689	Deletion	70
2L	10618772	10618689	Deletion	83
2L	10618726	10618689	Deletion	37
2L	10618799	10618689	Deletion	110
2L	10634780	10634657	Deletion	123
2L	10634780	10634736	Deletion	44
2L	10634780	10634745	Deletion	35
2L	10634780	10634750	Deletion	30
2L	10636691	10636595	Deletion	96
2L	10636696	10636595	Deletion	101
2L	10636682	10636595	Deletion	87
2L	10636708	10636595	Deletion	113
2L	10641945	10641822	Deletion	123
2L	10654431	10654313	Deletion	118
2L	10654431	10654340	Deletion	91
2L	10654431	10654349	Deletion	82
2L	10654431	10654358	Deletion	73
2L	10654431	10654396	Deletion	35
2L	10654681	10654646	Deletion	35
2L	10654752	10654646	Deletion	106
2L	10654756	10654646	Deletion	110
2L	10654761	10654646	Deletion	115
2L	10654690	10654646	Deletion	44
2L	10654737	10654646	Deletion	91
2L	10654699	10654646	Deletion	53
2L	10657148	10657025	Deletion	123
2L	10665267	10665151	Deletion	116
2L	10665267	10665211	Deletion	56
2L	10665267	10665225	Deletion	42
2L	10668283	10668175	Deletion	108
2L	10668246	10668175	Deletion	71
2L	10668260	10668175	Deletion	85
2L	10668464	10668341	Deletion	123
2L	10668464	10668346	Deletion	118
2L	10668464	10668353	Deletion	111
2L	10668464	10668359	Deletion	105
2L	10668464	10668391	Deletion	73
2L	10671316	10671197	Deletion	119
2L	10671254	10671197	Deletion	57
2L	10672292	10672199	Deletion	93
2L	10672292	10672233	Deletion	59
2L	10677122	10677088	Deletion	34
2L	10677203	10677088	Deletion	115
2L	10677203	10677088	Deletion	115
2L	10677156	10677088	Deletion	68
2L	10677197	10677088	Deletion	109
2L	10677212	10677088	Deletion	124
2L	10692344	10692221	Deletion	123
2L	10692344	10692223	Deletion	121
2L	10692344	10692224	Deletion	120
2L	10692344	10692268	Deletion	76
2L	10692344	10692268	Deletion	76
2L	10692344	10692306	Deletion	38
2L	10692344	10692308	Deletion	36
2L	10692344	10692312	Deletion	32
2L	10692669	10692619	Deletion	50
2L	10692713	10692619	Deletion	94
2L	10692743	10692619	Deletion	124
2L	10692707	10692619	Deletion	88
2L	10692709	10692619	Deletion	90
2L	10692669	10692619	Deletion	50
2L	10694394	10694271	Deletion	123
2L	10695362	10695241	Deletion	121
2L	10695362	10695265	Deletion	97
2L	10695362	10695275	Deletion	87
2L	10695362	10695320	Deletion	42
2L	10695362	10695321	Deletion	41
2L	10695362	10695328	Deletion	34
2L	10695362	10695330	Deletion	32
2L	10697566	10697448	Deletion	118
2L	10697540	10697448	Deletion	92
2L	10697533	10697448	Deletion	85
2L	10697568	10697448	Deletion	120
2L	10697532	10697448	Deletion	84
2L	10697542	10697448	Deletion	94
2L	10697661	10697622	Deletion	39
2L	10709610	10709489	Deletion	121
2L	10710666	10710549	Deletion	117
2L	10710666	10710559	Deletion	107
2L	10710666	10710591	Deletion	75
2L	10710666	10710594	Deletion	72
2L	10710666	10710626	Deletion	40
2L	10727759	10727672	Deletion	87
2L	10727724	10727672	Deletion	52
2L	10727727	10727672	Deletion	55
2L	10727788	10727672	Deletion	116
2L	10737541	10737481	Deletion	60
2L	10737541	10737494	Deletion	47
2L	10737541	10737498	Deletion	43
2L	10739118	10739035	Deletion	83
2L	10739114	10739035	Deletion	79
2L	10739101	10739035	Deletion	66
2L	10739137	10739035	Deletion	102
2L	10746688	10746566	Deletion	122
2L	10754220	10754099	Deletion	121
2L	10761865	10761739	Deletion	126
2L	10765378	10765285	Deletion	93
2L	10765378	10765293	Deletion	85
2L	10765378	10765319	Deletion	59
2L	10765378	10765323	Deletion	55
2L	10765378	10765346	Deletion	32
2L	10766104	10766033	Deletion	71
2L	10766147	10766033	Deletion	114
2L	10766074	10766033	Deletion	41
2L	10766066	10766033	Deletion	33
2L	10766100	10766033	Deletion	67
2L	10766127	10766038	Deletion	89
2L	10779015	10778893	Deletion	122
2L	10779015	10778902	Deletion	113
2L	10779015	10778930	Deletion	85
2L	10779015	10778948	Deletion	67
2L	10779015	10778976	Deletion	39
2L	10786630	10786588	Deletion	42
2L	10786648	10786588	Deletion	60
2L	10786676	10786588	Deletion	88
2L	10810283	10810186	Deletion	97
2L	10810283	10810196	Deletion	87
2L	10810283	10810201	Deletion	82
2L	10810283	10810214	Deletion	69
2L	10810401	10810344	Deletion	57
2L	10810450	10810344	Deletion	106
2L	10810388	10810344	Deletion	44
2L	10810383	10810344	Deletion	39
2L	10817616	10817497	Deletion	119
2L	10817616	10817505	Deletion	111
2L	10817616	10817521	Deletion	95
2L	10817616	10817544	Deletion	72
2L	10817616	10817549	Deletion	67
2L	10817616	10817551	Deletion	65
2L	10817616	10817555	Deletion	61
2L	10831970	10831938	Deletion	32
2L	10831993	10831938	Deletion	55
2L	10832004	10831938	Deletion	66
2L	10832040	10831938	Deletion	102
2L	10832000	10831938	Deletion	62
2L	10831998	10831938	Deletion	60
2L	10834091	10833971	Deletion	120
2L	10836757	10836643	Deletion	114
2L	10836757	10836658	Deletion	99
2L	10836757	10836673	Deletion	84
2L	10836757	10836686	Deletion	71
2L	10836757	10836705	Deletion	52
2L	10836757	10836711	Deletion	46
2L	10837295	10837220	Deletion	75
2L	10837322	10837220	Deletion	102
2L	10837319	10837220	Deletion	99
2L	10837301	10837220	Deletion	81
2L	10837263	10837220	Deletion	43
2L	10837276	10837220	Deletion	56
2L	10838397	10838279	Deletion	118
2L	10838823	10838729	Deletion	94
2L	10838823	10838730	Deletion	93
2L	10838823	10838754	Deletion	69
2L	10838823	10838767	Deletion	56
2L	10844709	10844652	Deletion	57
2L	10844684	10844652	Deletion	32
2L	10844722	10844652	Deletion	70
2L	10848838	10848715	Deletion	123
2L	10849764	10849654	Deletion	110
2L	10849764	10849672	Deletion	92
2L	10849764	10849696	Deletion	68
2L	10849764	10849699	Deletion	65
2L	10849764	10849714	Deletion	50
2L	10849764	10849725	Deletion	39
2L	10853514	10853437	Deletion	77
2L	10853499	10853437	Deletion	62
2L	10853496	10853437	Deletion	59
2L	10853472	10853437	Deletion	35
2L	10853525	10853437	Deletion	88
2L	10858458	10858410	Deletion	48
2L	10858458	10858417	Deletion	41
2L	10859131	10859051	Deletion	80
2L	10859159	10859051	Deletion	108
2L	10859162	10859051	Deletion	111
2L	10859138	10859051	Deletion	87
2L	10876685	10876621	Deletion	64
2L	10876819	10876758	Deletion	61
2L	10879539	10879415	Deletion	124
2L	10881886	10881820	Deletion	66
2L	10882495	10882417	Deletion	78
2L	10882885	10882780	Deletion	105
2L	10890834	10890718	Deletion	116
2L	10895516	10895396	Deletion	120
2L	10900307	10900199	Deletion	108
2L	10900307	10900203	Deletion	104
2L	10900307	10900210	Deletion	97
2L	10900307	10900253	Deletion	54
2L	10900307	10900271	Deletion	36
2L	10901014	10900957	Deletion	57
2L	10901014	10900957	Deletion	57
2L	10901014	10900957	Deletion	57
2L	10901014	10900976	Deletion	38
2L	10904406	10904365	Deletion	41
2L	10904453	10904365	Deletion	88
2L	10904464	10904365	Deletion	99
2L	10904398	10904365	Deletion	33
2L	10904979	10904860	Deletion	119
2L	10904979	10904878	Deletion	101
2L	10904979	10904894	Deletion	85
2L	10904979	10904906	Deletion	73
2L	10904979	10904906	Deletion	73
2L	10904979	10904923	Deletion	56
2L	10904979	10904939	Deletion	40
2L	10906690	10906637	Deletion	53
2L	10906690	10906637	Deletion	53
2L	10906723	10906637	Deletion	86
2L	10906707	10906637	Deletion	70
2L	10906678	10906637	Deletion	41
2L	10906737	10906637	Deletion	100
2L	10906736	10906637	Deletion	99
2L	10906756	10906637	Deletion	119
2L	10935707	10935619	Deletion	88
2L	10935707	10935637	Deletion	70
2L	10935707	10935650	Deletion	57
2L	10935707	10935656	Deletion	51
2L	10935707	10935663	Deletion	44
2L	10949850	10949776	Deletion	74
2L	10951338	10951246	Deletion	92
2L	10951300	10951268	Deletion	32
2L	10951758	10951656	Deletion	102
2L	10953586	10953462	Deletion	124
2L	10955482	10955412	Deletion	70
2L	10959709	10959594	Deletion	115
2L	10959709	10959631	Deletion	78
2L	10959709	10959652	Deletion	57
2L	10961932	10961820	Deletion	112
2L	10961941	10961820	Deletion	121
2L	10961889	10961820	Deletion	69
2L	10961868	10961820	Deletion	48
2L	10962954	10962863	Deletion	91
2L	10962954	10962864	Deletion	90
2L	10962954	10962869	Deletion	85
2L	10962954	10962871	Deletion	83
2L	10967103	10967065	Deletion	38
2L	10967110	10967065	Deletion	45
2L	10967108	10967065	Deletion	43
2L	10967102	10967065	Deletion	37
2L	10971141	10971021	Deletion	120
2L	10971141	10971028	Deletion	113
2L	10971141	10971053	Deletion	88
2L	10971141	10971067	Deletion	74
2L	10971141	10971084	Deletion	57
2L	10971141	10971111	Deletion	30
2L	10974869	10974772	Deletion	97
2L	10974842	10974772	Deletion	70
2L	10974895	10974772	Deletion	123
2L	10974811	10974772	Deletion	39
2L	10974825	10974772	Deletion	53
2L	10975143	10975051	Deletion	92
2L	10975143	10975101	Deletion	42
2L	11010358	11010274	Deletion	84
2L	11010383	11010274	Deletion	109
2L	11010308	11010274	Deletion	34
2L	11041928	11041821	Deletion	107
2L	11041928	11041836	Deletion	92
2L	11041928	11041883	Deletion	45
2L	11041928	11041888	Deletion	40
2L	11043581	11043495	Deletion	86
2L	11043605	11043495	Deletion	110
2L	11043576	11043495	Deletion	81
2L	11043529	11043495	Deletion	34
2L	11043592	11043495	Deletion	97
2L	11059822	11059701	Deletion	121
2L	11066005	11065884	Deletion	121
2L	11071628	11071504	Deletion	124
2L	11071628	11071525	Deletion	103
2L	11071628	11071533	Deletion	95
2L	11071628	11071536	Deletion	92
2L	11071628	11071538	Deletion	90
2L	11071628	11071544	Deletion	84
2L	11071628	11071552	Deletion	76
2L	11071628	11071564	Deletion	64
2L	11071628	11071593	Deletion	35
2L	11071628	11071596	Deletion	32
2L	11072118	11072087	Deletion	31
2L	11072149	11072087	Deletion	62
2L	11072196	11072087	Deletion	109
2L	11072137	11072087	Deletion	50
2L	11072200	11072087	Deletion	113
2L	11072181	11072087	Deletion	94
2L	11072208	11072087	Deletion	121
2L	11072123	11072087	Deletion	36
2L	11072121	11072087	Deletion	34
2L	11072178	11072087	Deletion	91
2L	11072129	11072087	Deletion	42
2L	11072801	11072745	Deletion	56
2L	11072801	11072764	Deletion	37
2L	11098739	11098650	Deletion	89
2L	11098720	11098650	Deletion	70
2L	11115930	11115876	Deletion	54
2L	11117434	11117361	Deletion	73
2L	11124699	11124575	Deletion	124
2L	11127554	11127431	Deletion	123
2L	11127554	11127475	Deletion	79
2L	11127554	11127511	Deletion	43
2L	11127969	11127885	Deletion	84
2L	11127933	11127885	Deletion	48
2L	11127999	11127885	Deletion	114
2L	11127983	11127885	Deletion	98
2L	11131372	11131285	Deletion	87
2L	11131372	11131342	Deletion	30
2L	11143177	11143078	Deletion	99
2L	11143117	11143078	Deletion	39
2L	11143174	11143078	Deletion	96
2L	11145040	11144940	Deletion	100
2L	11145040	11144956	Deletion	84
2L	11145040	11144986	Deletion	54
2L	11145040	11144987	Deletion	53
2L	11145040	11145000	Deletion	40
2L	11146559	11146516	Deletion	43
2L	11146590	11146516	Deletion	74
2L	11146624	11146516	Deletion	108
2L	11146589	11146516	Deletion	73
2L	11146603	11146516	Deletion	87
2L	11147493	11147408	Deletion	85
2L	11147493	11147410	Deletion	83
2L	11147493	11147420	Deletion	73
2L	11147493	11147421	Deletion	72
2L	11147493	11147428	Deletion	65
2L	11147493	11147430	Deletion	63
2L	11147493	11147454	Deletion	39
2L	11149212	11149102	Deletion	110
2L	11149165	11149102	Deletion	63
2L	11149163	11149102	Deletion	61
2L	11149156	11149102	Deletion	54
2L	11149189	11149102	Deletion	87
2L	11149155	11149102	Deletion	53
2L	11149145	11149102	Deletion	43
2L	11149143	11149102	Deletion	41
2L	11154346	11154237	Deletion	109
2L	11154346	11154241	Deletion	105
2L	11154345	11154251	Deletion	94
2L	11154344	11154276	Deletion	68
2L	11159202	11159086	Deletion	116
2L	11159187	11159086	Deletion	101
2L	11159142	11159086	Deletion	56
2L	11159198	11159086	Deletion	112
2L	11159117	11159086	Deletion	31
2L	11161618	11161494	Deletion	124
2L	11161618	11161500	Deletion	118
2L	11161618	11161526	Deletion	92
2L	11161618	11161527	Deletion	91
2L	11161618	11161560	Deletion	58
2L	11161618	11161567	Deletion	51
2L	11176700	11176587	Deletion	113
2L	11176622	11176587	Deletion	35
2L	11176662	11176587	Deletion	75
2L	11176655	11176587	Deletion	68
2L	11176621	11176587	Deletion	34
2L	11181146	11181045	Deletion	101
2L	11181146	11181089	Deletion	57
2L	11181146	11181091	Deletion	55
2L	11181146	11181102	Deletion	44
2L	11181332	11181262	Deletion	70
2L	11181334	11181262	Deletion	72
2L	11181382	11181262	Deletion	120
2L	11181345	11181262	Deletion	83
2L	11181365	11181262	Deletion	103
2L	11181369	11181262	Deletion	107
2L	11183432	11183308	Deletion	124
2L	11183432	11183346	Deletion	86
2L	11183432	11183353	Deletion	79
2L	11183432	11183376	Deletion	56
2L	11183432	11183379	Deletion	53
2L	11183989	11183919	Deletion	70
2L	11184023	11183919	Deletion	104
2L	11183959	11183919	Deletion	40
2L	11183992	11183919	Deletion	73
2L	11183966	11183919	Deletion	47
2L	11194171	11194048	Deletion	123
2L	11194171	11194056	Deletion	115
2L	11194171	11194081	Deletion	90
2L	11196364	11196327	Deletion	37
2L	11202997	11202874	Deletion	123
2L	11211452	11211348	Deletion	104
2L	11211452	11211378	Deletion	74
2L	11211452	11211390	Deletion	62
2L	11211452	11211397	Deletion	55
2L	11211452	11211421	Deletion	31
2L	11214004	11213950	Deletion	54
2L	11214058	11213950	Deletion	108
2L	11214016	11213950	Deletion	66
2L	11214023	11213950	Deletion	73
2L	11214047	11213950	Deletion	97
2L	11215260	11215191	Deletion	69
2L	11215484	11215365	Deletion	119
2L	11215485	11215366	Deletion	119
2L	11218648	11218582	Deletion	66
2L	11218787	11218682	Deletion	105
2L	11218787	11218711	Deletion	76
2L	11218787	11218726	Deletion	61
2L	11218787	11218728	Deletion	59
2L	11218787	11218729	Deletion	58
2L	11219021	11218955	Deletion	66
2L	11219024	11218955	Deletion	69
2L	11219023	11218955	Deletion	68
2L	11219056	11218955	Deletion	101
2L	11219006	11218955	Deletion	51
2L	11219054	11218955	Deletion	99
2L	11221512	11221399	Deletion	113
2L	11221512	11221404	Deletion	108
2L	11221512	11221436	Deletion	76
2L	11221512	11221447	Deletion	65
2L	11221512	11221482	Deletion	30
2L	11221781	11221719	Deletion	62
2L	11221816	11221719	Deletion	97
2L	11221770	11221719	Deletion	51
2L	11221841	11221719	Deletion	122
2L	11232195	11232072	Deletion	123
2L	11240030	11239939	Deletion	91
2L	11240030	11239943	Deletion	87
2L	11240030	11239949	Deletion	81
2L	11240030	11239950	Deletion	80
2L	11240030	11239953	Deletion	77
2L	11240030	11239961	Deletion	69
2L	11240030	11239975	Deletion	55
2L	11240030	11239998	Deletion	32
2L	11242515	11242466	Deletion	49
2L	11242512	11242466	Deletion	46
2L	11242560	11242466	Deletion	94
2L	11242511	11242466	Deletion	45
2L	11242505	11242466	Deletion	39
2L	11242537	11242466	Deletion	71
2L	11242523	11242466	Deletion	57
2L	11242501	11242466	Deletion	35
2L	11244127	11244020	Deletion	107
2L	11244127	11244022	Deletion	105
2L	11244127	11244027	Deletion	100
2L	11260366	11260335	Deletion	31
2L	11260441	11260335	Deletion	106
2L	11260765	11260649	Deletion	116
2L	11260765	11260661	Deletion	104
2L	11260765	11260674	Deletion	91
2L	11261109	11261074	Deletion	35
2L	11280526	11280403	Deletion	123
2L	11280524	11280428	Deletion	96
2L	11280526	11280447	Deletion	79
2L	11280526	11280459	Deletion	67
2L	11282928	11282879	Deletion	49
2L	11283000	11282879	Deletion	121
2L	11282940	11282879	Deletion	61
2L	11295731	11295614	Deletion	117
2L	11301050	11300940	Deletion	110
2L	11301037	11300940	Deletion	97
2L	11304861	11304756	Deletion	105
2L	11304861	11304773	Deletion	88
2L	11304861	11304799	Deletion	62
2L	11304861	11304802	Deletion	59
2L	11304861	11304822	Deletion	39
2L	11305132	11305094	Deletion	38
2L	11305203	11305094	Deletion	109
2L	11305161	11305094	Deletion	67
2L	11305158	11305094	Deletion	64
2L	11305182	11305094	Deletion	88
2L	11306055	11305947	Deletion	108
2L	11306055	11305948	Deletion	107
2L	11306055	11305953	Deletion	102
2L	11306055	11305961	Deletion	94
2L	11306055	11306023	Deletion	32
2L	11306055	11306025	Deletion	30
2L	11307999	11307904	Deletion	95
2L	11307937	11307904	Deletion	33
2L	11308001	11307904	Deletion	97
2L	11308008	11307904	Deletion	104
2L	11319765	11319645	Deletion	120
2L	11319765	11319670	Deletion	95
2L	11319765	11319675	Deletion	90
2L	11319765	11319678	Deletion	87
2L	11319765	11319684	Deletion	81
2L	11319765	11319707	Deletion	58
2L	11327736	11327690	Deletion	46
2L	11327810	11327690	Deletion	120
2L	11327727	11327690	Deletion	37
2L	11327759	11327690	Deletion	69
2L	11327730	11327690	Deletion	40
2L	11327722	11327690	Deletion	32
2L	11333707	11333586	Deletion	121
2L	11337396	11337279	Deletion	117
2L	11337396	11337328	Deletion	68
2L	11337396	11337363	Deletion	33
2L	11348344	11348251	Deletion	93
2L	11348309	11348251	Deletion	58
2L	11350732	11350610	Deletion	122
2L	11350732	11350629	Deletion	103
2L	11350732	11350637	Deletion	95
2L	11350732	11350640	Deletion	92
2L	11350732	11350669	Deletion	63
2L	11350732	11350670	Deletion	62
2L	11350732	11350680	Deletion	52
2L	11350732	11350684	Deletion	48
2L	11350860	11350821	Deletion	39
2L	11350857	11350821	Deletion	36
2L	11350900	11350821	Deletion	79
2L	11350889	11350821	Deletion	68
2L	11350904	11350821	Deletion	83
2L	11350890	11350821	Deletion	69
2L	11350928	11350821	Deletion	107
2L	11357650	11357575	Deletion	75
2L	11357654	11357589	Deletion	65
2L	11358181	11358132	Deletion	49
2L	11358232	11358132	Deletion	100
2L	11358195	11358132	Deletion	63
2L	11358346	11358244	Deletion	102
2L	11358346	11358272	Deletion	74
2L	11358346	11358312	Deletion	34
2L	11358346	11358315	Deletion	31
2L	11361566	11361470	Deletion	96
2L	11361563	11361470	Deletion	93
2L	11361523	11361470	Deletion	53
2L	11365022	11364898	Deletion	124
2L	11365022	11364938	Deletion	84
2L	11365022	11364947	Deletion	75
2L	11365022	11364961	Deletion	61
2L	11365022	11364977	Deletion	45
2L	11365263	11365212	Deletion	51
2L	11365293	11365212	Deletion	81
2L	11365277	11365212	Deletion	65
2L	11365254	11365212	Deletion	42
2L	11366129	11366006	Deletion	123
2L	11366129	11366011	Deletion	118
2L	11366129	11366030	Deletion	99
2L	11366129	11366060	Deletion	69
2L	11366129	11366063	Deletion	66
2L	11366129	11366088	Deletion	41
2L	11370566	11370444	Deletion	122
2L	11370506	11370444	Deletion	62
2L	11370531	11370444	Deletion	87
2L	11370546	11370444	Deletion	102
2L	11370503	11370444	Deletion	59
2L	11373970	11373877	Deletion	93
2L	11373970	11373879	Deletion	91
2L	11373970	11373914	Deletion	56
2L	11374259	11374149	Deletion	110
2L	11374184	11374149	Deletion	35
2L	11374219	11374149	Deletion	70
2L	11374182	11374149	Deletion	33
2L	11380163	11380067	Deletion	96
2L	11380163	11380092	Deletion	71
2L	11380163	11380120	Deletion	43
2L	11382014	11381984	Deletion	30
2L	11382039	11381984	Deletion	55
2L	11382067	11381984	Deletion	83
2L	11382083	11381984	Deletion	99
2L	11384958	11384847	Deletion	111
2L	11384958	11384852	Deletion	106
2L	11384958	11384869	Deletion	89
2L	11384958	11384870	Deletion	88
2L	11384958	11384906	Deletion	52
2L	11384958	11384921	Deletion	37
2L	11387088	11386969	Deletion	119
2L	11387058	11386969	Deletion	89
2L	11387062	11386969	Deletion	93
2L	11387043	11386969	Deletion	74
2L	11387006	11386969	Deletion	37
2L	11387007	11386969	Deletion	38
2L	11391164	11391048	Deletion	116
2L	11391164	11391063	Deletion	101
2L	11391164	11391065	Deletion	99
2L	11391164	11391072	Deletion	92
2L	11391164	11391086	Deletion	78
2L	11391164	11391097	Deletion	67
2L	11391164	11391117	Deletion	47
2L	11391164	11391131	Deletion	33
2L	11394742	11394662	Deletion	80
2L	11394756	11394662	Deletion	94
2L	11394722	11394662	Deletion	60
2L	11394785	11394662	Deletion	123
2L	11394781	11394662	Deletion	119
2L	11394772	11394662	Deletion	110
2L	11394711	11394662	Deletion	49
2L	11394766	11394662	Deletion	104
2L	11394697	11394662	Deletion	35
2L	11400059	11399935	Deletion	124
2L	11402357	11402242	Deletion	115
2L	11402357	11402288	Deletion	69
2L	11402357	11402322	Deletion	35
2L	11402357	11402322	Deletion	35
2L	11402545	11402487	Deletion	58
2L	11402579	11402487	Deletion	92
2L	11402579	11402487	Deletion	92
2L	11402597	11402487	Deletion	110
2L	11409688	11409567	Deletion	121
2L	11417344	11417263	Deletion	81
2L	11417523	11417478	Deletion	45
2L	11417599	11417478	Deletion	121
2L	11426173	11426052	Deletion	121
2L	11428741	11428638	Deletion	103
2L	11428741	11428704	Deletion	37
2L	11428741	11428707	Deletion	34
2L	11437280	11437157	Deletion	123
2L	11437260	11437157	Deletion	103
2L	11437268	11437157	Deletion	111
2L	11437249	11437157	Deletion	92
2L	11437256	11437157	Deletion	99
2L	11437260	11437157	Deletion	103
2L	11437246	11437157	Deletion	89
2L	11437262	11437157	Deletion	105
2L	11441577	11441493	Deletion	84
2L	11441669	11441627	Deletion	42
2L	11441725	11441627	Deletion	98
2L	11452594	11452489	Deletion	105
2L	11452594	11452493	Deletion	101
2L	11452594	11452504	Deletion	90
2L	11452594	11452524	Deletion	70
2L	11452594	11452537	Deletion	57
2L	11455406	11455370	Deletion	36
2L	11455426	11455370	Deletion	56
2L	11455439	11455370	Deletion	69
2L	11455467	11455370	Deletion	97
2L	11484013	11483897	Deletion	116
2L	11484013	11483905	Deletion	108
2L	11484013	11483922	Deletion	91
2L	11484013	11483964	Deletion	49
2L	11484116	11484077	Deletion	39
2L	11484190	11484077	Deletion	113
2L	11484158	11484077	Deletion	81
2L	11494358	11494238	Deletion	120
2L	11494358	11494244	Deletion	114
2L	11494358	11494249	Deletion	109
2L	11494358	11494256	Deletion	102
2L	11494358	11494310	Deletion	48
2L	11494358	11494313	Deletion	45
2L	11504732	11504650	Deletion	82
2L	11504729	11504650	Deletion	79
2L	11504749	11504650	Deletion	99
2L	11504750	11504650	Deletion	100
2L	11509637	11509537	Deletion	100
2L	11509637	11509537	Deletion	100
2L	11509637	11509573	Deletion	64
2L	11509637	11509595	Deletion	42
2L	11510553	11510490	Deletion	63
2L	11510598	11510490	Deletion	108
2L	11510575	11510490	Deletion	85
2L	11515055	11514935	Deletion	120
2L	11515055	11514961	Deletion	94
2L	11515055	11514961	Deletion	94
2L	11515055	11515011	Deletion	44
2L	11515055	11515022	Deletion	33
2L	11515205	11515112	Deletion	93
2L	11515144	11515112	Deletion	32
2L	11515194	11515112	Deletion	82
2L	11515144	11515112	Deletion	32
2L	11518646	11518528	Deletion	118
2L	11518646	11518554	Deletion	92
2L	11518646	11518558	Deletion	88
2L	11521962	11521925	Deletion	37
2L	11521966	11521925	Deletion	41
2L	11522036	11521925	Deletion	111
2L	11535084	11534965	Deletion	119
2L	11540748	11540651	Deletion	97
2L	11540709	11540651	Deletion	58
2L	11547335	11547228	Deletion	107
2L	11547341	11547231	Deletion	110
2L	11562505	11562384	Deletion	121
2L	11562505	11562432	Deletion	73
2L	11562505	11562458	Deletion	47
2L	11562920	11562841	Deletion	79
2L	11562894	11562841	Deletion	53
2L	11563823	11563716	Deletion	107
2L	11565352	11565268	Deletion	84
2L	11566271	11566183	Deletion	88
2L	11567931	11567816	Deletion	115
2L	11568386	11568288	Deletion	98
2L	11591547	11591462	Deletion	85
2L	11591547	11591481	Deletion	66
2L	11591547	11591493	Deletion	54
2L	11591811	11591736	Deletion	75
2L	11591780	11591736	Deletion	44
2L	11591799	11591736	Deletion	63
2L	11605484	11605363	Deletion	121
2L	11605484	11605391	Deletion	93
2L	11605484	11605417	Deletion	67
2L	11605484	11605419	Deletion	65
2L	11605484	11605447	Deletion	37
2L	11605484	11605452	Deletion	32
2L	11606945	11606855	Deletion	90
2L	11606953	11606855	Deletion	98
2L	11606950	11606855	Deletion	95
2L	11606889	11606855	Deletion	34
2L	11606915	11606855	Deletion	60
2L	11606917	11606855	Deletion	62
2L	11615126	11615075	Deletion	51
2L	11615755	11615651	Deletion	104
2L	11615755	11615652	Deletion	103
2L	11615755	11615672	Deletion	83
2L	11615755	11615696	Deletion	59
2L	11615755	11615701	Deletion	54
2L	11616908	11616835	Deletion	73
2L	11616923	11616835	Deletion	88
2L	11616903	11616835	Deletion	68
2L	11616879	11616835	Deletion	44
2L	11616947	11616835	Deletion	112
2L	11652007	11651921	Deletion	86
2L	11652007	11651955	Deletion	52
2L	11652007	11651961	Deletion	46
2L	11652007	11651969	Deletion	38
2L	11680611	11680510	Deletion	101
2L	11680598	11680510	Deletion	88
2L	11680584	11680510	Deletion	74
2L	11680590	11680510	Deletion	80
2L	11680550	11680510	Deletion	40
2L	11680619	11680510	Deletion	109
2L	11682999	11682889	Deletion	110
2L	11682999	11682898	Deletion	101
2L	11682999	11682930	Deletion	69
2L	11682999	11682946	Deletion	53
2L	11682999	11682966	Deletion	33
2L	11685237	11685144	Deletion	93
2L	11685251	11685144	Deletion	107
2L	11685241	11685144	Deletion	97
2L	11685201	11685144	Deletion	57
2L	11685217	11685144	Deletion	73
2L	11686436	11686322	Deletion	114
2L	11686436	11686337	Deletion	99
2L	11686436	11686341	Deletion	95
2L	11686436	11686343	Deletion	93
2L	11686436	11686345	Deletion	91
2L	11686436	11686398	Deletion	38
2L	11686436	11686406	Deletion	30
2L	11686436	11686406	Deletion	30
2L	11689245	11689209	Deletion	36
2L	11689243	11689209	Deletion	34
2L	11689306	11689209	Deletion	97
2L	11689332	11689209	Deletion	123
2L	11689306	11689209	Deletion	97
2L	11689241	11689209	Deletion	32
2L	11689298	11689209	Deletion	89
2L	11692116	11692029	Deletion	87
2L	11692116	11692072	Deletion	44
2L	11692116	11692082	Deletion	34
2L	11692265	11692165	Deletion	100
2L	11692205	11692165	Deletion	40
2L	11692267	11692165	Deletion	102
2L	11692248	11692165	Deletion	83
2L	11692258	11692165	Deletion	93
2L	11716301	11716218	Deletion	83
2L	11716357	11716237	Deletion	120
2L	11718680	11718562	Deletion	118
2L	11718680	11718619	Deletion	61
2L	11720827	11720732	Deletion	95
2L	11721461	11721354	Deletion	107
2L	11721461	11721355	Deletion	106
2L	11721461	11721384	Deletion	77
2L	11721461	11721402	Deletion	59
2L	11721461	11721414	Deletion	47
2L	11721786	11721668	Deletion	118
2L	11721768	11721668	Deletion	100
2L	11721748	11721668	Deletion	80
2L	11721767	11721668	Deletion	99
2L	11721718	11721668	Deletion	50
2L	11721736	11721668	Deletion	68
2L	11730161	11730089	Deletion	72
2L	11735718	11735606	Deletion	112
2L	11735660	11735606	Deletion	54
2L	11740380	11740259	Deletion	121
2L	11751010	11750934	Deletion	76
2L	11751010	11750949	Deletion	61
2L	11751951	11751901	Deletion	50
2L	11751966	11751901	Deletion	65
2L	11751999	11751901	Deletion	98
2L	11752005	11751901	Deletion	104
2L	11755740	11755628	Deletion	112
2L	11755740	11755649	Deletion	91
2L	11755740	11755661	Deletion	79
2L	11755740	11755672	Deletion	68
2L	11755740	11755684	Deletion	56
2L	11765934	11765875	Deletion	59
2L	11765946	11765875	Deletion	71
2L	11765911	11765875	Deletion	36
2L	11765923	11765875	Deletion	48
2L	11770553	11770440	Deletion	113
2L	11770553	11770455	Deletion	98
2L	11770553	11770498	Deletion	55
2L	11773342	11773271	Deletion	71
2L	11773388	11773271	Deletion	117
2L	11773386	11773271	Deletion	115
2L	11778649	11778527	Deletion	122
2L	11778649	11778539	Deletion	110
2L	11778649	11778550	Deletion	99
2L	11778649	11778572	Deletion	77
2L	11778649	11778575	Deletion	74
2L	11778649	11778609	Deletion	40
2L	11778649	11778613	Deletion	36
2L	11789096	11789006	Deletion	90
2L	11789092	11789006	Deletion	86
2L	11789058	11789006	Deletion	52
2L	11789055	11789006	Deletion	49
2L	11799440	11799356	Deletion	84
2L	11799440	11799357	Deletion	83
2L	11799619	11799495	Deletion	124
2L	11799541	11799495	Deletion	46
2L	11799542	11799495	Deletion	47
2L	11801787	11801690	Deletion	97
2L	11801787	11801700	Deletion	87
2L	11801787	11801755	Deletion	32
2L	11810154	11810115	Deletion	39
2L	11810209	11810115	Deletion	94
2L	11816143	11816021	Deletion	122
2L	11817014	11816893	Deletion	121
2L	11824648	11824527	Deletion	121
2L	11826328	11826233	Deletion	95
2L	11826328	11826233	Deletion	95
2L	11826328	11826233	Deletion	95
2L	11826328	11826235	Deletion	93
2L	11826328	11826243	Deletion	85
2L	11826328	11826244	Deletion	84
2L	11826328	11826284	Deletion	44
2L	11829254	11829141	Deletion	113
2L	11829173	11829141	Deletion	32
2L	11829264	11829141	Deletion	123
2L	11829242	11829141	Deletion	101
2L	11829184	11829141	Deletion	43
2L	11829173	11829141	Deletion	32
2L	11829224	11829141	Deletion	83
2L	11829173	11829141	Deletion	32
2L	11829183	11829141	Deletion	42
2L	11829175	11829141	Deletion	34
2L	11839468	11839355	Deletion	113
2L	11839468	11839366	Deletion	102
2L	11839468	11839389	Deletion	79
2L	11839468	11839398	Deletion	70
2L	11839468	11839425	Deletion	43
2L	11839468	11839436	Deletion	32
2L	11839989	11839895	Deletion	94
2L	11839942	11839895	Deletion	47
2L	11839951	11839895	Deletion	56
2L	11840001	11839895	Deletion	106
2L	11839978	11839895	Deletion	83
2L	11841928	11841808	Deletion	120
2L	11841923	11841827	Deletion	96
2L	11841928	11841832	Deletion	96
2L	11841928	11841833	Deletion	95
2L	11841928	11841837	Deletion	91
2L	11841928	11841870	Deletion	58
2L	11843014	11842907	Deletion	107
2L	11842978	11842907	Deletion	71
2L	11842945	11842907	Deletion	38
2L	11843023	11842907	Deletion	116
2L	11842940	11842907	Deletion	33
2L	11852065	11851943	Deletion	122
2L	11852065	11851943	Deletion	122
2L	11852065	11851968	Deletion	97
2L	11852065	11851998	Deletion	67
2L	11852065	11852012	Deletion	53
2L	11852065	11852032	Deletion	33
2L	11868042	11867968	Deletion	74
2L	11867998	11867968	Deletion	30
2L	11868062	11867968	Deletion	94
2L	11868028	11867968	Deletion	60
2L	11881340	11881224	Deletion	116
2L	11886879	11886780	Deletion	99
2L	11886879	11886782	Deletion	97
2L	11886879	11886784	Deletion	95
2L	11886879	11886787	Deletion	92
2L	11886879	11886799	Deletion	80
2L	11890890	11890857	Deletion	33
2L	11890888	11890857	Deletion	31
2L	11890893	11890857	Deletion	36
2L	11890905	11890857	Deletion	48
2L	11897278	11897215	Deletion	63
2L	11897627	11897518	Deletion	109
2L	11912603	11912531	Deletion	72
2L	11912607	11912557	Deletion	50
2L	11912607	11912557	Deletion	50
2L	11912607	11912560	Deletion	47
2L	11912607	11912563	Deletion	44
2L	11912607	11912576	Deletion	31
2L	11912756	11912658	Deletion	98
2L	11912735	11912658	Deletion	77
2L	11912754	11912658	Deletion	96
2L	11912735	11912658	Deletion	77
2L	11912741	11912658	Deletion	83
2L	11912738	11912658	Deletion	80
2L	11912709	11912658	Deletion	51
2L	11922381	11922304	Deletion	77
2L	11922381	11922308	Deletion	73
2L	11922381	11922310	Deletion	71
2L	11926667	11926612	Deletion	55
2L	11926733	11926612	Deletion	121
2L	11926661	11926612	Deletion	49
2L	11926665	11926612	Deletion	53
2L	11926733	11926612	Deletion	121
2L	11943165	11943046	Deletion	119
2L	11962113	11961989	Deletion	124
2L	11962113	11961997	Deletion	116
2L	11962113	11962064	Deletion	49
2L	11962113	11962076	Deletion	37
2L	11962113	11962082	Deletion	31
2L	11965308	11965230	Deletion	78
2L	11965326	11965230	Deletion	96
2L	11965320	11965230	Deletion	90
2L	11971290	11971172	Deletion	118
2L	11971290	11971194	Deletion	96
2L	11971290	11971213	Deletion	77
2L	11971290	11971231	Deletion	59
2L	11974926	11974895	Deletion	31
2L	11974945	11974895	Deletion	50
2L	11974963	11974895	Deletion	68
2L	11993683	11993602	Deletion	81
2L	11995768	11995723	Deletion	45
2L	11995768	11995735	Deletion	33
2L	11997622	11997513	Deletion	109
2L	11997629	11997513	Deletion	116
2L	11997606	11997513	Deletion	93
2L	12013755	12013632	Deletion	123
2L	12021067	12020944	Deletion	123
2L	12023884	12023763	Deletion	121
2L	12023884	12023790	Deletion	94
2L	12023884	12023793	Deletion	91
2L	12023884	12023813	Deletion	71
2L	12023884	12023829	Deletion	55
2L	12023884	12023837	Deletion	47
2L	12027179	12027099	Deletion	80
2L	12027210	12027099	Deletion	111
2L	12027209	12027099	Deletion	110
2L	12027155	12027099	Deletion	56
2L	12027171	12027099	Deletion	72
2L	12027135	12027099	Deletion	36
2L	12028027	12027930	Deletion	97
2L	12028027	12027951	Deletion	76
2L	12028027	12027965	Deletion	62
2L	12046017	12045953	Deletion	64
2L	12046003	12045953	Deletion	50
2L	12048220	12048124	Deletion	96
2L	12048220	12048145	Deletion	75
2L	12048220	12048157	Deletion	63
2L	12048220	12048175	Deletion	45
2L	12048220	12048180	Deletion	40
2L	12048475	12048389	Deletion	86
2L	12048452	12048389	Deletion	63
2L	12048496	12048389	Deletion	107
2L	12048489	12048389	Deletion	100
2L	12048440	12048389	Deletion	51
2L	12048487	12048389	Deletion	98
2L	12048470	12048389	Deletion	81
2L	12048842	12048740	Deletion	102
2L	12048842	12048749	Deletion	93
2L	12048842	12048773	Deletion	69
2L	12048842	12048784	Deletion	58
2L	12048842	12048799	Deletion	43
2L	12048842	12048799	Deletion	43
2L	12054075	12053974	Deletion	101
2L	12054031	12053974	Deletion	57
2L	12054042	12053974	Deletion	68
2L	12054057	12053974	Deletion	83
2L	12054007	12053974	Deletion	33
2L	12054087	12053974	Deletion	113
2L	12054057	12053974	Deletion	83
2L	12054125	12054004	Deletion	121
2L	12054125	12054004	Deletion	121
2L	12054125	12054009	Deletion	116
2L	12054125	12054018	Deletion	107
2L	12054125	12054019	Deletion	106
2L	12054125	12054049	Deletion	76
2L	12054125	12054055	Deletion	70
2L	12067479	12067423	Deletion	56
2L	12074386	12074353	Deletion	33
2L	12077000	12076919	Deletion	81
2L	12077000	12076924	Deletion	76
2L	12077000	12076927	Deletion	73
2L	12077000	12076933	Deletion	67
2L	12077000	12076953	Deletion	47
2L	12077000	12076958	Deletion	42
2L	12079125	12079063	Deletion	62
2L	12079150	12079063	Deletion	87
2L	12079119	12079063	Deletion	56
2L	12079116	12079063	Deletion	53
2L	12079145	12079063	Deletion	82
2L	12079111	12079063	Deletion	48
2L	12079182	12079063	Deletion	119
2L	12080157	12080033	Deletion	124
2L	12080157	12080050	Deletion	107
2L	12080157	12080062	Deletion	95
2L	12080157	12080080	Deletion	77
2L	12080157	12080084	Deletion	73
2L	12080157	12080093	Deletion	64
2L	12081831	12081727	Deletion	104
2L	12081780	12081727	Deletion	53
2L	12081758	12081727	Deletion	31
2L	12081789	12081727	Deletion	62
2L	12081776	12081727	Deletion	49
2L	12088841	12088732	Deletion	109
2L	12088841	12088777	Deletion	64
2L	12089872	12089809	Deletion	63
2L	12093936	12093818	Deletion	118
2L	12093936	12093823	Deletion	113
2L	12093936	12093835	Deletion	101
2L	12093936	12093858	Deletion	78
2L	12093936	12093868	Deletion	68
2L	12093936	12093869	Deletion	67
2L	12101178	12101119	Deletion	59
2L	12101179	12101119	Deletion	60
2L	12101168	12101119	Deletion	49
2L	12103403	12103281	Deletion	122
2L	12128755	12128657	Deletion	98
2L	12128755	12128661	Deletion	94
2L	12128755	12128670	Deletion	85
2L	12128755	12128698	Deletion	57
2L	12128755	12128700	Deletion	55
2L	12128755	12128718	Deletion	37
2L	12129179	12129090	Deletion	89
2L	12129122	12129090	Deletion	32
2L	12129131	12129090	Deletion	41
2L	12129161	12129090	Deletion	71
2L	12129211	12129090	Deletion	121
2L	12129159	12129090	Deletion	69
2L	12140926	12140804	Deletion	122
2L	12140926	12140804	Deletion	122
2L	12140926	12140806	Deletion	120
2L	12140926	12140813	Deletion	113
2L	12140926	12140839	Deletion	87
2L	12140926	12140865	Deletion	61
2L	12140926	12140876	Deletion	50
2L	12141860	12141784	Deletion	76
2L	12141823	12141784	Deletion	39
2L	12141849	12141784	Deletion	65
2L	12143904	12143791	Deletion	113
2L	12143904	12143794	Deletion	110
2L	12143904	12143799	Deletion	105
2L	12143904	12143829	Deletion	75
2L	12148850	12148753	Deletion	97
2L	12148806	12148753	Deletion	53
2L	12148876	12148753	Deletion	123
2L	12156538	12156422	Deletion	116
2L	12176446	12176324	Deletion	122
2L	12176446	12176325	Deletion	121
2L	12176446	12176383	Deletion	63
2L	12176446	12176409	Deletion	37
2L	12178207	12178144	Deletion	63
2L	12178267	12178144	Deletion	123
2L	12178233	12178144	Deletion	89
2L	12189112	12188988	Deletion	124
2L	12190903	12190801	Deletion	102
2L	12190903	12190812	Deletion	91
2L	12190903	12190854	Deletion	49
2L	12190903	12190869	Deletion	34
2L	12192560	12192451	Deletion	109
2L	12192543	12192451	Deletion	92
2L	12192528	12192451	Deletion	77
2L	12192561	12192451	Deletion	110
2L	12192486	12192451	Deletion	35
2L	12195618	12195500	Deletion	118
2L	12212255	12212131	Deletion	124
2L	12217315	12217236	Deletion	79
2L	12217315	12217270	Deletion	45
2L	12217315	12217274	Deletion	41
2L	12218738	12218669	Deletion	69
2L	12218716	12218669	Deletion	47
2L	12218754	12218669	Deletion	85
2L	12222527	12222425	Deletion	102
2L	12222527	12222470	Deletion	57
2L	12223962	12223881	Deletion	81
2L	12259295	12259174	Deletion	121
2L	12266887	12266765	Deletion	122
2L	12277535	12277411	Deletion	124
2L	12277535	12277429	Deletion	106
2L	12277535	12277430	Deletion	105
2L	12277535	12277434	Deletion	101
2L	12277535	12277446	Deletion	89
2L	12277535	12277455	Deletion	80
2L	12277535	12277491	Deletion	44
2L	12277535	12277504	Deletion	31
2L	12284607	12284561	Deletion	46
2L	12284643	12284561	Deletion	82
2L	12284598	12284561	Deletion	37
2L	12284656	12284561	Deletion	95
2L	12324206	12324089	Deletion	117
2L	12324206	12324096	Deletion	110
2L	12324776	12324670	Deletion	106
2L	12324785	12324670	Deletion	115
2L	12336605	12336483	Deletion	122
2L	12336605	12336501	Deletion	104
2L	12336605	12336507	Deletion	98
2L	12336605	12336562	Deletion	43
2L	12338352	12338269	Deletion	83
2L	12338386	12338269	Deletion	117
2L	12346327	12346220	Deletion	107
2L	12346327	12346220	Deletion	107
2L	12346327	12346223	Deletion	104
2L	12346327	12346232	Deletion	95
2L	12346327	12346257	Deletion	70
2L	12346327	12346259	Deletion	68
2L	12346964	12346904	Deletion	60
2L	12346962	12346904	Deletion	58
2L	12346937	12346904	Deletion	33
2L	12347018	12346904	Deletion	114
2L	12355788	12355665	Deletion	123
2L	12355788	12355666	Deletion	122
2L	12355788	12355682	Deletion	106
2L	12355788	12355698	Deletion	90
2L	12355788	12355713	Deletion	75
2L	12355788	12355723	Deletion	65
2L	12355788	12355754	Deletion	34
2L	12356830	12356729	Deletion	101
2L	12356765	12356729	Deletion	36
2L	12356839	12356729	Deletion	110
2L	12356821	12356729	Deletion	92
2L	12356839	12356729	Deletion	110
2L	12356780	12356729	Deletion	51
2L	12356790	12356733	Deletion	57
2L	12357704	12357609	Deletion	95
2L	12357704	12357611	Deletion	93
2L	12357704	12357641	Deletion	63
2L	12357704	12357642	Deletion	62
2L	12357704	12357663	Deletion	41
2L	12358282	12358248	Deletion	34
2L	12358334	12358248	Deletion	86
2L	12358312	12358248	Deletion	64
2L	12358313	12358248	Deletion	65
2L	12358355	12358248	Deletion	107
2L	12358280	12358248	Deletion	32
2L	12374076	12373952	Deletion	124
2L	12374275	12374159	Deletion	116
2L	12374274	12374169	Deletion	105
2L	12374275	12374227	Deletion	48
2L	12374275	12374230	Deletion	45
2L	12374275	12374230	Deletion	45
2L	12374275	12374242	Deletion	33
2L	12378315	12378232	Deletion	83
2L	12378312	12378232	Deletion	80
2L	12378327	12378232	Deletion	95
2L	12378315	12378232	Deletion	83
2L	12379321	12379197	Deletion	124
2L	12388863	12388744	Deletion	119
2L	12389375	12389275	Deletion	100
2L	12389375	12389282	Deletion	93
2L	12389375	12389307	Deletion	68
2L	12389375	12389311	Deletion	64
2L	12389375	12389328	Deletion	47
2L	12420434	12420375	Deletion	59
2L	12420438	12420375	Deletion	63
2L	12420455	12420375	Deletion	80
2L	12420409	12420375	Deletion	34
2L	12420476	12420375	Deletion	101
2L	12420737	12420615	Deletion	122
2L	12421891	12421785	Deletion	106
2L	12421891	12421833	Deletion	58
2L	12421891	12421844	Deletion	47
2L	12421891	12421845	Deletion	46
2L	12421891	12421846	Deletion	45
2L	12423867	12423799	Deletion	68
2L	12423880	12423799	Deletion	81
2L	12423904	12423799	Deletion	105
2L	12423878	12423799	Deletion	79
2L	12423919	12423799	Deletion	120
2L	12423879	12423799	Deletion	80
2L	12430123	12430001	Deletion	122
2L	12431462	12431352	Deletion	110
2L	12431462	12431368	Deletion	94
2L	12431462	12431373	Deletion	89
2L	12431567	12431534	Deletion	33
2L	12431572	12431534	Deletion	38
2L	12439988	12439869	Deletion	119
2L	12439988	12439871	Deletion	117
2L	12439988	12439877	Deletion	111
2L	12439988	12439884	Deletion	104
2L	12439988	12439913	Deletion	75
2L	12440162	12440038	Deletion	124
2L	12440139	12440038	Deletion	101
2L	12440090	12440038	Deletion	52
2L	12441248	12441127	Deletion	121
2L	12447750	12447642	Deletion	108
2L	12447750	12447650	Deletion	100
2L	12447750	12447651	Deletion	99
2L	12447750	12447660	Deletion	90
2L	12447750	12447673	Deletion	77
2L	12447750	12447703	Deletion	47
2L	12447750	12447719	Deletion	31
2L	12448049	12447941	Deletion	108
2L	12448051	12447941	Deletion	110
2L	12448036	12447941	Deletion	95
2L	12448021	12447941	Deletion	80
2L	12447978	12447941	Deletion	37
2L	12447991	12447941	Deletion	50
2L	12448037	12447941	Deletion	96
2L	12449246	12449124	Deletion	122
2L	12451273	12451155	Deletion	118
2L	12451273	12451231	Deletion	42
2L	12454131	12454047	Deletion	84
2L	12454155	12454047	Deletion	108
2L	12454170	12454047	Deletion	123
2L	12455818	12455697	Deletion	121
2L	12456638	12456529	Deletion	109
2L	12456638	12456536	Deletion	102
2L	12511220	12511100	Deletion	120
2L	12511214	12511100	Deletion	114
2L	12511212	12511100	Deletion	112
2L	12516187	12516093	Deletion	94
2L	12516187	12516100	Deletion	87
2L	12516187	12516117	Deletion	70
2L	12529928	12529896	Deletion	32
2L	12530014	12529896	Deletion	118
2L	12529952	12529896	Deletion	56
2L	12529935	12529896	Deletion	39
2L	12531138	12531027	Deletion	111
2L	12531138	12531074	Deletion	64
2L	12547522	12547459	Deletion	63
2L	12547575	12547459	Deletion	116
2L	12553339	12553229	Deletion	110
2L	12553339	12553246	Deletion	93
2L	12553339	12553270	Deletion	69
2L	12553339	12553295	Deletion	44
2L	12553759	12553701	Deletion	58
2L	12553784	12553701	Deletion	83
2L	12553735	12553701	Deletion	34
2L	12557245	12557150	Deletion	95
2L	12557245	12557152	Deletion	93
2L	12557245	12557170	Deletion	75
2L	12557245	12557177	Deletion	68
2L	12557245	12557208	Deletion	37
2L	12557245	12557208	Deletion	37
2L	12557378	12557327	Deletion	51
2L	12557358	12557327	Deletion	31
2L	12557416	12557327	Deletion	89
2L	12557416	12557327	Deletion	89
2L	12557360	12557327	Deletion	33
2L	12557385	12557327	Deletion	58
2L	12557424	12557327	Deletion	97
2L	12557945	12557868	Deletion	77
2L	12557945	12557901	Deletion	44
2L	12557945	12557907	Deletion	38
2L	12558975	12558893	Deletion	82
2L	12559821	12559710	Deletion	111
2L	12559936	12559880	Deletion	56
2L	12562969	12562894	Deletion	75
2L	12563087	12563004	Deletion	83
2L	12563087	12563006	Deletion	81
2L	12563707	12563636	Deletion	71
2L	12563755	12563636	Deletion	119
2L	12563963	12563848	Deletion	115
2L	12563931	12563848	Deletion	83
2L	12621553	12621444	Deletion	109
2L	12621553	12621520	Deletion	33
2L	12623773	12623653	Deletion	120
2L	12623755	12623653	Deletion	102
2L	12623768	12623653	Deletion	115
2L	12623746	12623653	Deletion	93
2L	12627060	12626932	Deletion	128
2L	12631781	12631660	Deletion	121
2L	12642505	12642387	Deletion	118
2L	12642505	12642393	Deletion	112
2L	12674327	12674211	Deletion	116
2L	12692450	12692329	Deletion	121
2L	12692450	12692373	Deletion	77
2L	12692450	12692382	Deletion	68
2L	12692450	12692397	Deletion	53
2L	12692450	12692402	Deletion	48
2L	12694056	12694007	Deletion	49
2L	12694065	12694007	Deletion	58
2L	12694080	12694007	Deletion	73
2L	12694085	12694007	Deletion	78
2L	12709357	12709234	Deletion	123
2L	12715202	12715130	Deletion	72
2L	12715202	12715147	Deletion	55
2L	12715202	12715161	Deletion	41
2L	12715202	12715165	Deletion	37
2L	12719194	12719109	Deletion	85
2L	12719198	12719109	Deletion	89
2L	12719180	12719109	Deletion	71
2L	12719163	12719109	Deletion	54
2L	12719217	12719109	Deletion	108
2L	12728942	12728818	Deletion	124
2L	12734923	12734834	Deletion	89
2L	12735698	12735665	Deletion	33
2L	12739508	12739393	Deletion	115
2L	12740285	12740240	Deletion	45
2L	12742375	12742304	Deletion	71
2L	12743231	12743194	Deletion	37
2L	12746091	12745987	Deletion	104
2L	12746091	12745994	Deletion	97
2L	12746091	12746046	Deletion	45
2L	12749934	12749900	Deletion	34
2L	12750009	12749900	Deletion	109
2L	12749986	12749900	Deletion	86
2L	12756677	12756638	Deletion	39
2L	12759675	12759560	Deletion	115
2L	12759650	12759560	Deletion	90
2L	12760146	12760023	Deletion	123
2L	12760146	12760041	Deletion	105
2L	12760146	12760042	Deletion	104
2L	12760146	12760068	Deletion	78
2L	12760146	12760070	Deletion	76
2L	12760146	12760071	Deletion	75
2L	12760146	12760076	Deletion	70
2L	12760146	12760095	Deletion	51
2L	12760146	12760113	Deletion	33
2L	12776604	12776553	Deletion	51
2L	12776669	12776553	Deletion	116
2L	12776601	12776553	Deletion	48
2L	12776603	12776553	Deletion	50
2L	12776628	12776553	Deletion	75
2L	12776646	12776553	Deletion	93
2L	12776609	12776553	Deletion	56
2L	12776667	12776554	Deletion	113
2L	12782269	12782153	Deletion	116
2L	12782269	12782156	Deletion	113
2L	12782606	12782544	Deletion	62
2L	12783314	12783193	Deletion	121
2L	12783447	12783331	Deletion	116
2L	12783433	12783331	Deletion	102
2L	12783367	12783331	Deletion	36
2L	12786335	12786225	Deletion	110
2L	12793932	12793884	Deletion	48
2L	12827667	12827546	Deletion	121
2L	12831907	12831791	Deletion	116
2L	12831907	12831863	Deletion	44
2L	12832204	12832121	Deletion	83
2L	12852808	12852688	Deletion	120
2L	12856605	12856490	Deletion	115
2L	12856605	12856491	Deletion	114
2L	12856605	12856513	Deletion	92
2L	12856605	12856519	Deletion	86
2L	12856605	12856526	Deletion	79
2L	12856823	12856711	Deletion	112
2L	12856745	12856711	Deletion	34
2L	12856829	12856711	Deletion	118
2L	12856816	12856711	Deletion	105
2L	12856751	12856711	Deletion	40
2L	12856758	12856711	Deletion	47
2L	12860158	12860076	Deletion	82
2L	12860158	12860094	Deletion	64
2L	12860629	12860525	Deletion	104
2L	12860588	12860525	Deletion	63
2L	12860570	12860525	Deletion	45
2L	12868235	12868114	Deletion	121
2L	12875198	12875092	Deletion	106
2L	12875198	12875093	Deletion	105
2L	12882443	12882323	Deletion	120
2L	12882433	12882323	Deletion	110
2L	12890727	12890626	Deletion	101
2L	12890727	12890628	Deletion	99
2L	12890727	12890629	Deletion	98
2L	12890727	12890639	Deletion	88
2L	12890727	12890658	Deletion	69
2L	12890727	12890662	Deletion	65
2L	12890727	12890671	Deletion	56
2L	12890727	12890681	Deletion	46
2L	12890727	12890695	Deletion	32
2L	12891045	12890949	Deletion	96
2L	12891006	12890949	Deletion	57
2L	12891043	12890949	Deletion	94
2L	12890987	12890949	Deletion	38
2L	12891010	12890949	Deletion	61
2L	12891050	12890949	Deletion	101
2L	12891073	12890949	Deletion	124
2L	12891061	12890949	Deletion	112
2L	12891065	12890949	Deletion	116
2L	12891029	12890949	Deletion	80
2L	12891019	12890949	Deletion	70
2L	12894695	12894585	Deletion	110
2L	12901729	12901627	Deletion	102
2L	12901729	12901635	Deletion	94
2L	12901729	12901677	Deletion	52
2L	12902033	12901916	Deletion	117
2L	12901950	12901916	Deletion	34
2L	12902024	12901916	Deletion	108
2L	12901992	12901916	Deletion	76
2L	12902016	12901916	Deletion	100
2L	12910162	12910076	Deletion	86
2L	12910162	12910079	Deletion	83
2L	12910162	12910079	Deletion	83
2L	12910162	12910106	Deletion	56
2L	12910162	12910114	Deletion	48
2L	12910162	12910123	Deletion	39
2L	12910162	12910128	Deletion	34
2L	12910162	12910130	Deletion	32
2L	12920001	12919956	Deletion	45
2L	12920078	12919956	Deletion	122
2L	12920036	12919956	Deletion	80
2L	12920052	12919956	Deletion	96
2L	12920028	12919956	Deletion	72
2L	12920050	12919956	Deletion	94
2L	12920045	12919956	Deletion	89
2L	12919998	12919956	Deletion	42
2L	12920001	12919956	Deletion	45
2L	12937251	12937183	Deletion	68
2L	12938368	12938256	Deletion	112
2L	12939095	12938988	Deletion	107
2L	12945251	12945130	Deletion	121
2L	12945251	12945132	Deletion	119
2L	12945251	12945162	Deletion	89
2L	12945251	12945174	Deletion	77
2L	12945251	12945181	Deletion	70
2L	12945251	12945217	Deletion	34
2L	12945474	12945382	Deletion	92
2L	12945419	12945382	Deletion	37
2L	12945438	12945382	Deletion	56
2L	12945481	12945382	Deletion	99
2L	12945431	12945382	Deletion	49
2L	12945712	12945629	Deletion	83
2L	12945712	12945637	Deletion	75
2L	12945712	12945644	Deletion	68
2L	12945712	12945651	Deletion	61
2L	12945712	12945651	Deletion	61
2L	12945712	12945667	Deletion	45
2L	12946896	12946844	Deletion	52
2L	12946926	12946844	Deletion	82
2L	12946910	12946844	Deletion	66
2L	12946888	12946844	Deletion	44
2L	12946903	12946844	Deletion	59
2L	12946910	12946844	Deletion	66
2L	12946951	12946845	Deletion	106
2L	12979394	12979281	Deletion	113
2L	12979394	12979288	Deletion	106
2L	12979394	12979289	Deletion	105
2L	12979394	12979303	Deletion	91
2L	12979394	12979304	Deletion	90
2L	12979394	12979324	Deletion	70
2L	12979394	12979324	Deletion	70
2L	12979394	12979349	Deletion	45
2L	12979394	12979354	Deletion	40
2L	12979394	12979356	Deletion	38
2L	12979394	12979364	Deletion	30
2L	12981050	12980954	Deletion	96
2L	12981035	12980954	Deletion	81
2L	12981010	12980954	Deletion	56
2L	12981040	12980954	Deletion	86
2L	12981072	12980954	Deletion	118
2L	12981010	12980954	Deletion	56
2L	12980989	12980954	Deletion	35
2L	12980990	12980954	Deletion	36
2L	12981042	12980954	Deletion	88
2L	12988086	12987975	Deletion	111
2L	12988086	12987995	Deletion	91
2L	12988086	12988015	Deletion	71
2L	12988086	12988049	Deletion	37
2L	12999267	12999212	Deletion	55
2L	12999247	12999212	Deletion	35
2L	12999301	12999212	Deletion	89
2L	12999744	12999626	Deletion	118
2L	12999744	12999644	Deletion	100
2L	12999744	12999647	Deletion	97
2L	12999744	12999714	Deletion	30
2L	13003721	13003625	Deletion	96
2L	13011348	13011226	Deletion	122
2L	13018338	13018223	Deletion	115
2L	13018338	13018247	Deletion	91
2L	13018338	13018286	Deletion	52
2L	13023448	13023413	Deletion	35
2L	13023526	13023413	Deletion	113
2L	13023535	13023413	Deletion	122
2L	13023487	13023413	Deletion	74
2L	13023537	13023415	Deletion	122
2L	13033337	13033237	Deletion	100
2L	13033337	13033241	Deletion	96
2L	13033337	13033244	Deletion	93
2L	13033337	13033247	Deletion	90
2L	13033337	13033251	Deletion	86
2L	13033337	13033269	Deletion	68
2L	13033337	13033300	Deletion	37
2L	13036126	13036036	Deletion	90
2L	13036095	13036036	Deletion	59
2L	13036070	13036036	Deletion	34
2L	13036077	13036036	Deletion	41
2L	13036073	13036036	Deletion	37
2L	13036067	13036036	Deletion	31
2L	13047733	13047620	Deletion	113
2L	13047733	13047654	Deletion	79
2L	13047733	13047655	Deletion	78
2L	13047733	13047697	Deletion	36
2L	13053505	13053383	Deletion	122
2L	13053484	13053383	Deletion	101
2L	13053506	13053383	Deletion	123
2L	13053432	13053383	Deletion	49
2L	13053433	13053383	Deletion	50
2L	13053475	13053383	Deletion	92
2L	13053483	13053383	Deletion	100
2L	13060709	13060592	Deletion	117
2L	13060709	13060624	Deletion	85
2L	13060709	13060632	Deletion	77
2L	13060709	13060634	Deletion	75
2L	13060709	13060673	Deletion	36
2L	13064945	13064890	Deletion	55
2L	13064942	13064890	Deletion	52
2L	13064935	13064890	Deletion	45
2L	13064984	13064890	Deletion	94
2L	13069701	13069622	Deletion	79
2L	13069701	13069624	Deletion	77
2L	13069701	13069627	Deletion	74
2L	13071302	13071201	Deletion	101
2L	13071254	13071201	Deletion	53
2L	13071322	13071201	Deletion	121
2L	13071249	13071201	Deletion	48
2L	13071251	13071201	Deletion	50
2L	13078935	13078822	Deletion	113
2L	13078935	13078850	Deletion	85
2L	13078935	13078871	Deletion	64
2L	13078933	13078884	Deletion	49
2L	13078935	13078886	Deletion	49
2L	13078935	13078892	Deletion	43
2L	13078935	13078893	Deletion	42
2L	13078935	13078898	Deletion	37
2L	13079208	13079131	Deletion	77
2L	13079247	13079131	Deletion	116
2L	13079193	13079131	Deletion	62
2L	13079241	13079131	Deletion	110
2L	13079220	13079131	Deletion	89
2L	13079215	13079131	Deletion	84
2L	13079214	13079131	Deletion	83
2L	13079172	13079131	Deletion	41
2L	13079206	13079131	Deletion	75
2L	13079239	13079131	Deletion	108
2L	13088760	13088650	Deletion	110
2L	13088760	13088673	Deletion	87
2L	13088760	13088675	Deletion	85
2L	13088760	13088676	Deletion	84
2L	13088915	13088873	Deletion	42
2L	13088913	13088873	Deletion	40
2L	13088916	13088873	Deletion	43
2L	13095059	13094944	Deletion	115
2L	13095059	13094947	Deletion	112
2L	13095059	13094995	Deletion	64
2L	13095059	13095001	Deletion	58
2L	13126511	13126442	Deletion	69
2L	13126557	13126442	Deletion	115
2L	13126505	13126442	Deletion	63
2L	13127319	13127237	Deletion	82
2L	13127319	13127278	Deletion	41
2L	13128297	13128211	Deletion	86
2L	13128326	13128211	Deletion	115
2L	13128256	13128211	Deletion	45
2L	13128321	13128211	Deletion	110
2L	13142365	13142256	Deletion	109
2L	13147191	13147077	Deletion	114
2L	13196942	13196833	Deletion	109
2L	13196942	13196840	Deletion	102
2L	13196942	13196859	Deletion	83
2L	13196942	13196861	Deletion	81
2L	13196942	13196874	Deletion	68
2L	13196942	13196885	Deletion	57
2L	13196942	13196894	Deletion	48
2L	13196942	13196899	Deletion	43
2L	13203058	13203015	Deletion	43
2L	13203098	13203015	Deletion	83
2L	13203073	13203015	Deletion	58
2L	13203084	13203015	Deletion	69
2L	13203093	13203015	Deletion	78
2L	13203060	13203015	Deletion	45
2L	13206469	13206352	Deletion	117
2L	13206469	13206401	Deletion	68
2L	13206716	13206658	Deletion	58
2L	13206766	13206658	Deletion	108
2L	13210787	13210671	Deletion	116
2L	13230040	13229925	Deletion	115
2L	13230040	13229952	Deletion	88
2L	13230040	13229972	Deletion	68
2L	13230040	13229974	Deletion	66
2L	13230723	13230665	Deletion	58
2L	13230703	13230665	Deletion	38
2L	13230725	13230665	Deletion	60
2L	13234852	13234728	Deletion	124
2L	13234852	13234731	Deletion	121
2L	13234852	13234738	Deletion	114
2L	13234852	13234742	Deletion	110
2L	13234852	13234789	Deletion	63
2L	13234852	13234802	Deletion	50
2L	13234852	13234813	Deletion	39
2L	13234852	13234817	Deletion	35
2L	13234852	13234821	Deletion	31
2L	13238313	13238196	Deletion	117
2L	13238291	13238196	Deletion	95
2L	13238259	13238196	Deletion	63
2L	13238283	13238196	Deletion	87
2L	13238287	13238196	Deletion	91
2L	13238272	13238196	Deletion	76
2L	13239522	13239402	Deletion	120
2L	13239522	13239417	Deletion	105
2L	13239522	13239446	Deletion	76
2L	13239522	13239468	Deletion	54
2L	13239522	13239473	Deletion	49
2L	13242792	13242679	Deletion	113
2L	13242799	13242679	Deletion	120
2L	13243033	13242948	Deletion	85
2L	13243179	13243100	Deletion	79
2L	13267778	13267676	Deletion	102
2L	13267778	13267681	Deletion	97
2L	13267778	13267738	Deletion	40
2L	13270659	13270629	Deletion	30
2L	13270716	13270629	Deletion	87
2L	13292436	13292313	Deletion	123
2L	13294145	13294029	Deletion	116
2L	13294145	13294090	Deletion	55
2L	13301005	13300900	Deletion	105
2L	13300971	13300900	Deletion	71
2L	13301015	13300900	Deletion	115
2L	13301474	13301368	Deletion	106
2L	13301474	13301377	Deletion	97
2L	13301474	13301381	Deletion	93
2L	13301474	13301403	Deletion	71
2L	13301474	13301418	Deletion	56
2L	13301474	13301430	Deletion	44
2L	13301929	13301844	Deletion	85
2L	13301902	13301844	Deletion	58
2L	13301876	13301844	Deletion	32
2L	13301880	13301844	Deletion	36
2L	13301950	13301844	Deletion	106
2L	13301917	13301844	Deletion	73
2L	13309433	13309312	Deletion	121
2L	13309433	13309326	Deletion	107
2L	13309433	13309339	Deletion	94
2L	13309433	13309386	Deletion	47
2L	13317632	13317600	Deletion	32
2L	13317679	13317600	Deletion	79
2L	13323995	13323894	Deletion	101
2L	13323995	13323903	Deletion	92
2L	13323995	13323912	Deletion	83
2L	13323995	13323939	Deletion	56
2L	13333394	13333359	Deletion	35
2L	13333430	13333359	Deletion	71
2L	13333403	13333359	Deletion	44
2L	13333460	13333359	Deletion	101
2L	13333475	13333359	Deletion	116
2L	13345405	13345290	Deletion	115
2L	13345405	13345298	Deletion	107
2L	13345405	13345304	Deletion	101
2L	13345405	13345319	Deletion	86
2L	13345405	13345347	Deletion	58
2L	13345405	13345373	Deletion	32
2L	13345618	13345550	Deletion	68
2L	13345644	13345550	Deletion	94
2L	13345590	13345550	Deletion	40
2L	13345652	13345550	Deletion	102
2L	13345847	13345736	Deletion	111
2L	13345847	13345737	Deletion	110
2L	13345847	13345744	Deletion	103
2L	13345847	13345764	Deletion	83
2L	13345847	13345777	Deletion	70
2L	13345847	13345814	Deletion	33
2L	13346032	13345988	Deletion	44
2L	13346082	13345988	Deletion	94
2L	13346045	13345988	Deletion	57
2L	13348680	13348559	Deletion	121
2L	13357233	13357114	Deletion	119
2L	13357233	13357119	Deletion	114
2L	13357233	13357124	Deletion	109
2L	13357233	13357137	Deletion	96
2L	13357233	13357173	Deletion	60
2L	13357233	13357203	Deletion	30
2L	13357324	13357292	Deletion	32
2L	13357390	13357292	Deletion	98
2L	13357391	13357292	Deletion	99
2L	13357360	13357292	Deletion	68
2L	13379787	13379666	Deletion	121
2L	13404677	13404556	Deletion	121
2L	13404677	13404571	Deletion	106
2L	13404677	13404577	Deletion	100
2L	13404677	13404583	Deletion	94
2L	13404677	13404599	Deletion	78
2L	13405412	13405380	Deletion	32
2L	13405467	13405380	Deletion	87
2L	13405428	13405380	Deletion	48
2L	13406120	13406089	Deletion	31
2L	13409140	13409038	Deletion	102
2L	13413244	13413126	Deletion	118
2L	13413244	13413133	Deletion	111
2L	13413244	13413135	Deletion	109
2L	13416160	13416045	Deletion	115
2L	13421161	13421052	Deletion	109
2L	13421161	13421096	Deletion	65
2L	13421161	13421101	Deletion	60
2L	13421525	13421464	Deletion	61
2L	13421530	13421464	Deletion	66
2L	13421586	13421464	Deletion	122
2L	13423932	13423815	Deletion	117
2L	13423932	13423823	Deletion	109
2L	13423932	13423838	Deletion	94
2L	13424018	13423983	Deletion	35
2L	13424580	13424459	Deletion	121
2L	13436030	13435922	Deletion	108
2L	13436030	13435934	Deletion	96
2L	13436030	13435937	Deletion	93
2L	13436030	13435984	Deletion	46
2L	13436612	13436509	Deletion	103
2L	13436590	13436509	Deletion	81
2L	13436543	13436509	Deletion	34
2L	13436540	13436509	Deletion	31
2L	13444231	13444129	Deletion	102
2L	13444231	13444136	Deletion	95
2L	13444231	13444138	Deletion	93
2L	13444231	13444140	Deletion	91
2L	13444231	13444159	Deletion	72
2L	13444367	13444335	Deletion	32
2L	13444390	13444335	Deletion	55
2L	13444453	13444335	Deletion	118
2L	13444448	13444335	Deletion	113
2L	13444369	13444335	Deletion	34
2L	13444371	13444335	Deletion	36
2L	13444557	13444480	Deletion	77
2L	13444557	13444481	Deletion	76
2L	13444557	13444484	Deletion	73
2L	13444557	13444491	Deletion	66
2L	13444557	13444492	Deletion	65
2L	13449844	13449777	Deletion	67
2L	13450104	13450035	Deletion	69
2L	13451109	13450991	Deletion	118
2L	13455262	13455230	Deletion	32
2L	13456053	13456004	Deletion	49
2L	13460497	13460433	Deletion	64
2L	13460495	13460434	Deletion	61
2L	13460494	13460434	Deletion	60
2L	13460484	13460434	Deletion	50
2L	13460497	13460434	Deletion	63
2L	13460497	13460434	Deletion	63
2L	13460487	13460434	Deletion	53
2L	13460483	13460434	Deletion	49
2L	13460497	13460448	Deletion	49
2L	13484677	13484639	Deletion	38
2L	13484693	13484639	Deletion	54
2L	13484756	13484639	Deletion	117
2L	13484703	13484639	Deletion	64
2L	13484744	13484639	Deletion	105
2L	13484718	13484639	Deletion	79
2L	13497144	13497023	Deletion	121
2L	13497144	13497029	Deletion	115
2L	13497144	13497051	Deletion	93
2L	13497144	13497055	Deletion	89
2L	13497144	13497057	Deletion	87
2L	13497144	13497096	Deletion	48
2L	13502866	13502788	Deletion	78
2L	13502821	13502788	Deletion	33
2L	13502825	13502788	Deletion	37
2L	13502827	13502788	Deletion	39
2L	13511192	13511101	Deletion	91
2L	13511192	13511159	Deletion	33
2L	13515429	13515336	Deletion	93
2L	13515459	13515336	Deletion	123
2L	13515371	13515336	Deletion	35
2L	13518707	13518617	Deletion	90
2L	13518709	13518627	Deletion	82
2L	13518709	13518659	Deletion	50
2L	13518709	13518663	Deletion	46
2L	13518709	13518666	Deletion	43
2L	13518709	13518671	Deletion	38
2L	13518709	13518672	Deletion	37
2L	13518709	13518678	Deletion	31
2L	13522857	13522823	Deletion	34
2L	13525009	13524948	Deletion	61
2L	13525009	13524954	Deletion	55
2L	13538542	13538463	Deletion	79
2L	13538536	13538463	Deletion	73
2L	13538522	13538463	Deletion	59
2L	13552250	13552167	Deletion	83
2L	13554298	13554177	Deletion	121
2L	13554220	13554177	Deletion	43
2L	13560931	13560809	Deletion	122
2L	13560931	13560833	Deletion	98
2L	13560931	13560899	Deletion	32
2L	13560931	13560901	Deletion	30
2L	13561211	13561097	Deletion	114
2L	13565545	13565505	Deletion	40
2L	13565575	13565505	Deletion	70
2L	13565538	13565505	Deletion	33
2L	13565602	13565505	Deletion	97
2L	13565600	13565505	Deletion	95
2L	13565617	13565505	Deletion	112
2L	13571266	13571144	Deletion	122
2L	13581841	13581725	Deletion	116
2L	13581841	13581726	Deletion	115
2L	13581841	13581733	Deletion	108
2L	13581841	13581737	Deletion	104
2L	13581841	13581751	Deletion	90
2L	13581841	13581763	Deletion	78
2L	13581841	13581765	Deletion	76
2L	13581841	13581809	Deletion	32
2L	13583411	13583317	Deletion	94
2L	13583365	13583317	Deletion	48
2L	13583367	13583317	Deletion	50
2L	13583353	13583317	Deletion	36
2L	13583436	13583317	Deletion	119
2L	13584979	13584860	Deletion	119
2L	13584979	13584863	Deletion	116
2L	13584979	13584866	Deletion	113
2L	13584979	13584875	Deletion	104
2L	13584979	13584887	Deletion	92
2L	13584979	13584902	Deletion	77
2L	13584979	13584913	Deletion	66
2L	13584979	13584915	Deletion	64
2L	13584979	13584929	Deletion	50
2L	13585347	13585271	Deletion	76
2L	13585305	13585271	Deletion	34
2L	13585385	13585271	Deletion	114
2L	13585386	13585271	Deletion	115
2L	13585333	13585271	Deletion	62
2L	13585331	13585271	Deletion	60
2L	13585376	13585271	Deletion	105
2L	13585320	13585271	Deletion	49
2L	13588198	13588100	Deletion	98
2L	13588198	13588138	Deletion	60
2L	13588198	13588138	Deletion	60
2L	13588198	13588140	Deletion	58
2L	13588487	13588419	Deletion	68
2L	13588485	13588419	Deletion	66
2L	13588486	13588419	Deletion	67
2L	13588540	13588419	Deletion	121
2L	13588536	13588419	Deletion	117
2L	13590681	13590581	Deletion	100
2L	13590681	13590609	Deletion	72
2L	13590681	13590616	Deletion	65
2L	13593278	13593214	Deletion	64
2L	13593271	13593214	Deletion	57
2L	13621385	13621302	Deletion	83
2L	13621385	13621306	Deletion	79
2L	13621385	13621316	Deletion	69
2L	13621385	13621343	Deletion	42
2L	13623950	13623830	Deletion	120
2L	13623939	13623830	Deletion	109
2L	13623891	13623830	Deletion	61
2L	13623918	13623830	Deletion	88
2L	13623881	13623830	Deletion	51
2L	13623877	13623830	Deletion	47
2L	13639761	13639659	Deletion	102
2L	13639761	13639679	Deletion	82
2L	13639761	13639700	Deletion	61
2L	13639761	13639712	Deletion	49
2L	13639761	13639729	Deletion	32
2L	13640209	13640144	Deletion	65
2L	13640238	13640144	Deletion	94
2L	13640221	13640144	Deletion	77
2L	13640188	13640144	Deletion	44
2L	13642800	13642746	Deletion	54
2L	13644013	13643909	Deletion	104
2L	13643981	13643909	Deletion	72
2L	13644008	13643909	Deletion	99
2L	13644015	13643909	Deletion	106
2L	13647808	13647709	Deletion	99
2L	13647808	13647715	Deletion	93
2L	13647808	13647748	Deletion	60
2L	13647808	13647770	Deletion	38
2L	13650370	13650252	Deletion	118
2L	13650370	13650267	Deletion	103
2L	13650370	13650306	Deletion	64
2L	13650370	13650313	Deletion	57
2L	13655620	13655558	Deletion	62
2L	13655627	13655558	Deletion	69
2L	13656857	13656746	Deletion	111
2L	13658429	13658359	Deletion	70
2L	13658396	13658359	Deletion	37
2L	13658451	13658359	Deletion	92
2L	13658478	13658359	Deletion	119
2L	13658390	13658359	Deletion	31
2L	13659418	13659298	Deletion	120
2L	13659418	13659321	Deletion	97
2L	13659418	13659348	Deletion	70
2L	13664719	13664606	Deletion	113
2L	13664662	13664606	Deletion	56
2L	13667041	13666917	Deletion	124
2L	13667041	13666949	Deletion	92
2L	13678980	13678945	Deletion	35
2L	13678981	13678945	Deletion	36
2L	13678980	13678945	Deletion	35
2L	13678981	13678945	Deletion	36
2L	13678981	13678945	Deletion	36
2L	13679130	13679031	Deletion	99
2L	13679096	13679031	Deletion	65
2L	13679102	13679031	Deletion	71
2L	13679132	13679031	Deletion	101
2L	13679113	13679031	Deletion	82
2L	13679115	13679031	Deletion	84
2L	13679150	13679031	Deletion	119
2L	13705924	13705833	Deletion	91
2L	13705924	13705834	Deletion	90
2L	13705924	13705835	Deletion	89
2L	13705924	13705853	Deletion	71
2L	13705924	13705869	Deletion	55
2L	13707973	13707861	Deletion	112
2L	13707932	13707861	Deletion	71
2L	13707960	13707861	Deletion	99
2L	13707898	13707861	Deletion	37
2L	13707979	13707861	Deletion	118
2L	13707976	13707861	Deletion	115
2L	13707896	13707861	Deletion	35
2L	13707897	13707861	Deletion	36
2L	13707916	13707861	Deletion	55
2L	13726570	13726448	Deletion	122
2L	13726570	13726456	Deletion	114
2L	13726570	13726497	Deletion	73
2L	13726570	13726530	Deletion	40
2L	13726750	13726627	Deletion	123
2L	13726681	13726627	Deletion	54
2L	13726714	13726627	Deletion	87
2L	13740931	13740810	Deletion	121
2L	13751872	13751750	Deletion	122
2L	13751872	13751763	Deletion	109
2L	13751872	13751776	Deletion	96
2L	13751872	13751800	Deletion	72
2L	13751872	13751813	Deletion	59
2L	13751872	13751819	Deletion	53
2L	13754931	13754863	Deletion	68
2L	13754918	13754863	Deletion	55
2L	13754964	13754863	Deletion	101
2L	13754894	13754863	Deletion	31
2L	13754937	13754863	Deletion	74
2L	13768223	13768102	Deletion	121
2L	13768223	13768115	Deletion	108
2L	13768223	13768118	Deletion	105
2L	13768223	13768175	Deletion	48
2L	13771616	13771494	Deletion	122
2L	13771609	13771494	Deletion	115
2L	13771572	13771494	Deletion	78
2L	13777375	13777252	Deletion	123
2L	13777375	13777264	Deletion	111
2L	13777375	13777292	Deletion	83
2L	13777375	13777320	Deletion	55
2L	13777375	13777336	Deletion	39
2L	13779936	13779864	Deletion	72
2L	13779908	13779864	Deletion	44
2L	13779952	13779864	Deletion	88
2L	13791997	13791875	Deletion	122
2L	13799644	13799526	Deletion	118
2L	13799644	13799538	Deletion	106
2L	13799644	13799545	Deletion	99
2L	13799644	13799554	Deletion	90
2L	13799644	13799557	Deletion	87
2L	13799644	13799565	Deletion	79
2L	13799644	13799587	Deletion	57
2L	13799644	13799598	Deletion	46
2L	13799644	13799614	Deletion	30
2L	13803772	13803732	Deletion	40
2L	13803813	13803732	Deletion	81
2L	13803829	13803732	Deletion	97
2L	13803802	13803732	Deletion	70
2L	13803780	13803732	Deletion	48
2L	13803769	13803732	Deletion	37
2L	13807724	13807630	Deletion	94
2L	13807724	13807641	Deletion	83
2L	13807724	13807655	Deletion	69
2L	13807724	13807659	Deletion	65
2L	13807724	13807661	Deletion	63
2L	13807724	13807661	Deletion	63
2L	13807724	13807679	Deletion	45
2L	13807724	13807680	Deletion	44
2L	13811820	13811756	Deletion	64
2L	13811855	13811756	Deletion	99
2L	13811839	13811756	Deletion	83
2L	13811838	13811756	Deletion	82
2L	13811814	13811756	Deletion	58
2L	13811818	13811756	Deletion	62
2L	13811820	13811756	Deletion	64
2L	13811800	13811756	Deletion	44
2L	13811857	13811756	Deletion	101
2L	13811867	13811756	Deletion	111
2L	13811789	13811756	Deletion	33
2L	13813521	13813400	Deletion	121
2L	13831551	13831454	Deletion	97
2L	13831551	13831468	Deletion	83
2L	13831551	13831482	Deletion	69
2L	13831551	13831487	Deletion	64
2L	13831551	13831487	Deletion	64
2L	13839836	13839793	Deletion	43
2L	13839855	13839793	Deletion	62
2L	13839850	13839793	Deletion	57
2L	13839904	13839793	Deletion	111
2L	13839855	13839797	Deletion	58
2L	13855814	13855731	Deletion	83
2L	13858950	13858869	Deletion	81
2L	13859892	13859800	Deletion	92
2L	13870119	13869999	Deletion	120
2L	13870119	13870009	Deletion	110
2L	13870119	13870014	Deletion	105
2L	13870119	13870027	Deletion	92
2L	13870119	13870045	Deletion	74
2L	13870119	13870059	Deletion	60
2L	13870119	13870087	Deletion	32
2L	13870119	13870087	Deletion	32
2L	13892145	13892051	Deletion	94
2L	13892103	13892051	Deletion	52
2L	13892145	13892051	Deletion	94
2L	13892117	13892051	Deletion	66
2L	13892149	13892051	Deletion	98
2L	13892173	13892051	Deletion	122
2L	13895789	13895675	Deletion	114
2L	13895789	13895702	Deletion	87
2L	13895789	13895718	Deletion	71
2L	13895789	13895742	Deletion	47
2L	13896605	13896548	Deletion	57
2L	13896589	13896548	Deletion	41
2L	13896656	13896548	Deletion	108
2L	13896664	13896548	Deletion	116
2L	13896629	13896548	Deletion	81
2L	13897095	13896972	Deletion	123
2L	13912295	13912199	Deletion	96
2L	13912295	13912200	Deletion	95
2L	13912295	13912200	Deletion	95
2L	13912295	13912205	Deletion	90
2L	13912295	13912212	Deletion	83
2L	13912295	13912213	Deletion	82
2L	13912295	13912226	Deletion	69
2L	13912295	13912231	Deletion	64
2L	13912295	13912232	Deletion	63
2L	13912295	13912239	Deletion	56
2L	13912295	13912260	Deletion	35
2L	13912295	13912260	Deletion	35
2L	13912295	13912264	Deletion	31
2L	13915994	13915963	Deletion	31
2L	13916058	13915963	Deletion	95
2L	13916066	13915963	Deletion	103
2L	13916020	13915963	Deletion	57
2L	13915994	13915963	Deletion	31
2L	13916054	13915963	Deletion	91
2L	13916006	13915963	Deletion	43
2L	13916025	13915963	Deletion	62
2L	13915993	13915963	Deletion	30
2L	13915999	13915963	Deletion	36
2L	13916007	13915963	Deletion	44
2L	13916026	13915963	Deletion	63
2L	13916063	13915963	Deletion	100
2L	13916033	13915963	Deletion	70
2L	13916054	13915963	Deletion	91
2L	13919815	13919692	Deletion	123
2L	13920578	13920470	Deletion	108
2L	13920578	13920513	Deletion	65
2L	13920578	13920538	Deletion	40
2L	13924336	13924227	Deletion	109
2L	13924328	13924227	Deletion	101
2L	13924288	13924227	Deletion	61
2L	13924313	13924227	Deletion	86
2L	13928591	13928484	Deletion	107
2L	13928591	13928488	Deletion	103
2L	13928591	13928545	Deletion	46
2L	13928591	13928549	Deletion	42
2L	13928761	13928681	Deletion	80
2L	13928765	13928681	Deletion	84
2L	13928785	13928681	Deletion	104
2L	13928800	13928681	Deletion	119
2L	13928776	13928681	Deletion	95
2L	13930590	13930482	Deletion	108
2L	13930590	13930485	Deletion	105
2L	13930590	13930490	Deletion	100
2L	13930590	13930523	Deletion	67
2L	13930590	13930558	Deletion	32
2L	13945967	13945844	Deletion	123
2L	13945938	13945844	Deletion	94
2L	13945903	13945844	Deletion	59
2L	13951049	13950927	Deletion	122
2L	13951049	13950973	Deletion	76
2L	13951049	13951003	Deletion	46
2L	13961701	13961621	Deletion	80
2L	13961671	13961621	Deletion	50
2L	13969441	13969319	Deletion	122
2L	13969441	13969392	Deletion	49
2L	13969441	13969405	Deletion	36
2L	13978410	13978319	Deletion	91
2L	13978397	13978319	Deletion	78
2L	13996879	13996754	Deletion	125
2L	14005361	14005238	Deletion	123
2L	14005361	14005248	Deletion	113
2L	14005361	14005324	Deletion	37
2L	14005361	14005331	Deletion	30
2L	14005665	14005569	Deletion	96
2L	14005658	14005569	Deletion	89
2L	14016313	14016203	Deletion	110
2L	14016313	14016205	Deletion	108
2L	14016313	14016246	Deletion	67
2L	14016313	14016260	Deletion	53
2L	14016313	14016263	Deletion	50
2L	14017109	14016994	Deletion	115
2L	14017067	14016994	Deletion	73
2L	14017053	14016994	Deletion	59
2L	14017070	14016994	Deletion	76
2L	14023739	14023618	Deletion	121
2L	14026782	14026666	Deletion	116
2L	14026782	14026666	Deletion	116
2L	14026782	14026667	Deletion	115
2L	14026782	14026744	Deletion	38
2L	14026782	14026747	Deletion	35
2L	14027557	14027449	Deletion	108
2L	14027540	14027449	Deletion	91
2L	14027537	14027449	Deletion	88
2L	14036564	14036441	Deletion	123
2L	14037325	14037207	Deletion	118
2L	14037325	14037238	Deletion	87
2L	14037325	14037239	Deletion	86
2L	14037325	14037258	Deletion	67
2L	14037325	14037286	Deletion	39
2L	14050203	14050162	Deletion	41
2L	14050222	14050162	Deletion	60
2L	14050202	14050162	Deletion	40
2L	14050250	14050162	Deletion	88
2L	14057471	14057363	Deletion	108
2L	14057471	14057403	Deletion	68
2L	14057471	14057404	Deletion	67
2L	14057471	14057438	Deletion	33
2L	14068153	14068094	Deletion	59
2L	14068152	14068094	Deletion	58
2L	14068200	14068094	Deletion	106
2L	14068187	14068094	Deletion	93
2L	14076156	14076036	Deletion	120
2L	14076156	14076080	Deletion	76
2L	14076156	14076114	Deletion	42
2L	14097625	14097541	Deletion	84
2L	14097591	14097541	Deletion	50
2L	14099795	14099674	Deletion	121
2L	14099795	14099683	Deletion	112
2L	14099795	14099711	Deletion	84
2L	14099795	14099727	Deletion	68
2L	14099795	14099734	Deletion	61
2L	14099795	14099754	Deletion	41
2L	14105722	14105602	Deletion	120
2L	14105644	14105602	Deletion	42
2L	14105660	14105602	Deletion	58
2L	14105667	14105602	Deletion	65
2L	14105687	14105602	Deletion	85
2L	14111223	14111102	Deletion	121
2L	14133641	14133519	Deletion	122
2L	14133641	14133521	Deletion	120
2L	14133641	14133521	Deletion	120
2L	14133641	14133536	Deletion	105
2L	14133641	14133543	Deletion	98
2L	14133641	14133598	Deletion	43
2L	14133913	14133830	Deletion	83
2L	14133935	14133830	Deletion	105
2L	14133941	14133832	Deletion	109
2L	14143040	14142922	Deletion	118
2L	14143040	14142977	Deletion	63
2L	14143040	14143006	Deletion	34
2L	14150025	14149933	Deletion	92
2L	14149996	14149933	Deletion	63
2L	14150042	14149933	Deletion	109
2L	14155411	14155290	Deletion	121
2L	14155411	14155293	Deletion	118
2L	14155411	14155300	Deletion	111
2L	14155411	14155329	Deletion	82
2L	14155411	14155337	Deletion	74
2L	14155411	14155355	Deletion	56
2L	14155411	14155362	Deletion	49
2L	14155765	14155713	Deletion	52
2L	14155783	14155713	Deletion	70
2L	14155815	14155713	Deletion	102
2L	14155757	14155713	Deletion	44
2L	14155816	14155713	Deletion	103
2L	14155790	14155713	Deletion	77
2L	14175492	14175370	Deletion	122
2L	14176912	14176804	Deletion	108
2L	14176912	14176815	Deletion	97
2L	14176912	14176837	Deletion	75
2L	14176912	14176839	Deletion	73
2L	14176912	14176844	Deletion	68
2L	14180989	14180880	Deletion	109
2L	14180911	14180880	Deletion	31
2L	14180940	14180880	Deletion	60
2L	14180933	14180880	Deletion	53
2L	14180935	14180880	Deletion	55
2L	14185288	14185172	Deletion	116
2L	14185288	14185183	Deletion	105
2L	14185288	14185199	Deletion	89
2L	14185288	14185218	Deletion	70
2L	14185288	14185234	Deletion	54
2L	14193309	14193272	Deletion	37
2L	14193344	14193272	Deletion	72
2L	14193328	14193272	Deletion	56
2L	14193374	14193272	Deletion	102
2L	14211687	14211563	Deletion	124
2L	14219287	14219180	Deletion	107
2L	14219287	14219189	Deletion	98
2L	14219287	14219226	Deletion	61
2L	14219856	14219791	Deletion	65
2L	14224292	14224201	Deletion	91
2L	14224292	14224209	Deletion	83
2L	14224292	14224239	Deletion	53
2L	14224292	14224250	Deletion	42
2L	14224292	14224254	Deletion	38
2L	14228000	14227887	Deletion	113
2L	14227960	14227887	Deletion	73
2L	14227930	14227887	Deletion	43
2L	14227996	14227887	Deletion	109
2L	14227971	14227887	Deletion	84
2L	14227922	14227887	Deletion	35
2L	14227975	14227887	Deletion	88
2L	14228000	14227887	Deletion	113
2L	14232183	14232061	Deletion	122
2L	14234401	14234287	Deletion	114
2L	14234401	14234292	Deletion	109
2L	14234401	14234297	Deletion	104
2L	14234401	14234299	Deletion	102
2L	14234401	14234346	Deletion	55
2L	14234401	14234354	Deletion	47
2L	14234401	14234356	Deletion	45
2L	14234401	14234371	Deletion	30
2L	14234614	14234540	Deletion	74
2L	14234639	14234540	Deletion	99
2L	14234622	14234540	Deletion	82
2L	14234624	14234540	Deletion	84
2L	14238896	14238784	Deletion	112
2L	14238896	14238808	Deletion	88
2L	14238896	14238822	Deletion	74
2L	14238896	14238834	Deletion	62
2L	14238896	14238847	Deletion	49
2L	14238896	14238848	Deletion	48
2L	14239163	14239099	Deletion	64
2L	14239198	14239099	Deletion	99
2L	14239137	14239099	Deletion	38
2L	14239151	14239099	Deletion	52
2L	14239177	14239099	Deletion	78
2L	14239176	14239099	Deletion	77
2L	14250476	14250352	Deletion	124
2L	14253226	14253104	Deletion	122
2L	14253226	14253121	Deletion	105
2L	14253226	14253138	Deletion	88
2L	14253226	14253182	Deletion	44
2L	14253226	14253189	Deletion	37
2L	14253667	14253585	Deletion	82
2L	14253687	14253585	Deletion	102
2L	14253692	14253585	Deletion	107
2L	14253623	14253585	Deletion	38
2L	14253674	14253585	Deletion	89
2L	14254550	14254428	Deletion	122
2L	14255064	14254960	Deletion	104
2L	14255068	14254988	Deletion	80
2L	14258812	14258690	Deletion	122
2L	14258738	14258690	Deletion	48
2L	14273503	14273384	Deletion	119
2L	14273503	14273391	Deletion	112
2L	14273503	14273402	Deletion	101
2L	14273503	14273412	Deletion	91
2L	14273503	14273424	Deletion	79
2L	14273503	14273439	Deletion	64
2L	14273503	14273442	Deletion	61
2L	14273503	14273447	Deletion	56
2L	14273503	14273463	Deletion	40
2L	14273735	14273697	Deletion	38
2L	14273770	14273697	Deletion	73
2L	14273762	14273697	Deletion	65
2L	14273786	14273697	Deletion	89
2L	14273815	14273697	Deletion	118
2L	14273819	14273697	Deletion	122
2L	14273747	14273697	Deletion	50
2L	14273819	14273697	Deletion	122
2L	14273818	14273697	Deletion	121
2L	14296403	14296280	Deletion	123
2L	14296852	14296750	Deletion	102
2L	14296852	14296777	Deletion	75
2L	14296852	14296785	Deletion	67
2L	14296852	14296820	Deletion	32
2L	14302159	14302048	Deletion	111
2L	14302099	14302048	Deletion	51
2L	14302142	14302048	Deletion	94
2L	14302107	14302048	Deletion	59
2L	14306047	14305924	Deletion	123
2L	14306047	14305932	Deletion	115
2L	14306047	14306000	Deletion	47
2L	14306047	14306010	Deletion	37
2L	14307154	14307075	Deletion	79
2L	14307164	14307075	Deletion	89
2L	14307191	14307075	Deletion	116
2L	14310561	14310440	Deletion	121
2L	14322449	14322329	Deletion	120
2L	14322449	14322330	Deletion	119
2L	14322449	14322352	Deletion	97
2L	14322449	14322373	Deletion	76
2L	14322449	14322379	Deletion	70
2L	14322618	14322562	Deletion	56
2L	14322612	14322562	Deletion	50
2L	14325699	14325580	Deletion	119
2L	14325699	14325580	Deletion	119
2L	14325699	14325611	Deletion	88
2L	14325699	14325613	Deletion	86
2L	14325699	14325647	Deletion	52
2L	14325699	14325650	Deletion	49
2L	14325699	14325658	Deletion	41
2L	14325699	14325659	Deletion	40
2L	14327572	14327486	Deletion	86
2L	14327524	14327486	Deletion	38
2L	14327563	14327486	Deletion	77
2L	14327560	14327486	Deletion	74
2L	14327571	14327486	Deletion	85
2L	14327526	14327486	Deletion	40
2L	14356272	14356149	Deletion	123
2L	14356272	14356173	Deletion	99
2L	14356272	14356180	Deletion	92
2L	14356272	14356209	Deletion	63
2L	14356272	14356227	Deletion	45
2L	14356392	14356329	Deletion	63
2L	14356363	14356329	Deletion	34
2L	14356410	14356329	Deletion	81
2L	14363710	14363632	Deletion	78
2L	14363710	14363643	Deletion	67
2L	14363710	14363647	Deletion	63
2L	14363710	14363658	Deletion	52
2L	14363710	14363680	Deletion	30
2L	14364074	14364014	Deletion	60
2L	14364063	14364014	Deletion	49
2L	14364116	14364014	Deletion	102
2L	14364089	14364014	Deletion	75
2L	14364078	14364014	Deletion	64
2L	14364111	14364014	Deletion	97
2L	14368677	14368557	Deletion	120
2L	14368677	14368626	Deletion	51
2L	14368677	14368644	Deletion	33
2L	14368677	14368647	Deletion	30
2L	14374120	14374043	Deletion	77
2L	14374137	14374043	Deletion	94
2L	14374140	14374043	Deletion	97
2L	14393351	14393245	Deletion	106
2L	14393351	14393282	Deletion	69
2L	14393351	14393290	Deletion	61
2L	14393627	14393526	Deletion	101
2L	14393640	14393526	Deletion	114
2L	14393583	14393526	Deletion	57
2L	14393630	14393526	Deletion	104
2L	14393591	14393526	Deletion	65
2L	14393639	14393526	Deletion	113
2L	14393633	14393526	Deletion	107
2L	14400443	14400340	Deletion	103
2L	14400443	14400357	Deletion	86
2L	14400443	14400359	Deletion	84
2L	14400443	14400392	Deletion	51
2L	14400726	14400650	Deletion	76
2L	14400691	14400650	Deletion	41
2L	14400693	14400650	Deletion	43
2L	14401824	14401731	Deletion	93
2L	14402408	14402375	Deletion	33
2L	14402485	14402375	Deletion	110
2L	14403526	14403465	Deletion	61
2L	14403526	14403471	Deletion	55
2L	14416666	14416569	Deletion	97
2L	14416684	14416569	Deletion	115
2L	14416677	14416569	Deletion	108
2L	14416634	14416569	Deletion	65
2L	14416640	14416569	Deletion	71
2L	14422436	14422315	Deletion	121
2L	14440394	14440304	Deletion	90
2L	14440394	14440315	Deletion	79
2L	14440679	14440632	Deletion	47
2L	14440668	14440632	Deletion	36
2L	14449954	14449841	Deletion	113
2L	14449954	14449878	Deletion	76
2L	14449954	14449884	Deletion	70
2L	14449954	14449909	Deletion	45
2L	14449954	14449913	Deletion	41
2L	14449954	14449915	Deletion	39
2L	14449954	14449917	Deletion	37
2L	14450887	14450795	Deletion	92
2L	14450897	14450795	Deletion	102
2L	14450912	14450795	Deletion	117
2L	14450883	14450795	Deletion	88
2L	14450854	14450795	Deletion	59
2L	14450848	14450795	Deletion	53
2L	14450885	14450795	Deletion	90
2L	14450879	14450795	Deletion	84
2L	14450898	14450795	Deletion	103
2L	14454068	14453946	Deletion	122
2L	14456752	14456631	Deletion	121
2L	14456752	14456720	Deletion	32
2L	14457016	14456905	Deletion	111
2L	14456999	14456905	Deletion	94
2L	14457376	14457295	Deletion	81
2L	14458498	14458451	Deletion	47
2L	14458568	14458451	Deletion	117
2L	14459558	14459497	Deletion	61
2L	14462473	14462360	Deletion	113
2L	14462425	14462360	Deletion	65
2L	14471864	14471779	Deletion	85
2L	14474080	14474039	Deletion	41
2L	14476069	14475949	Deletion	120
2L	14476069	14476022	Deletion	47
2L	14476069	14476026	Deletion	43
2L	14476069	14476037	Deletion	32
2L	14476219	14476119	Deletion	100
2L	14476202	14476119	Deletion	83
2L	14476213	14476119	Deletion	94
2L	14476198	14476119	Deletion	79
2L	14487074	14486992	Deletion	82
2L	14487074	14487027	Deletion	47
2L	14487074	14487037	Deletion	37
2L	14487074	14487039	Deletion	35
2L	14489859	14489769	Deletion	90
2L	14489814	14489769	Deletion	45
2L	14489850	14489769	Deletion	81
2L	14489875	14489769	Deletion	106
2L	14489861	14489769	Deletion	92
2L	14490500	14490379	Deletion	121
2L	14496208	14496104	Deletion	104
2L	14496208	14496127	Deletion	81
2L	14496208	14496167	Deletion	41
2L	14497804	14497759	Deletion	45
2L	14497844	14497759	Deletion	85
2L	14510704	14510596	Deletion	108
2L	14510704	14510606	Deletion	98
2L	14510704	14510649	Deletion	55
2L	14510704	14510669	Deletion	35
2L	14514459	14514388	Deletion	71
2L	14514479	14514388	Deletion	91
2L	14514497	14514388	Deletion	109
2L	14521898	14521790	Deletion	108
2L	14521898	14521821	Deletion	77
2L	14521898	14521859	Deletion	39
2L	14522098	14522010	Deletion	88
2L	14522060	14522010	Deletion	50
2L	14522119	14522010	Deletion	109
2L	14524441	14524327	Deletion	114
2L	14524441	14524348	Deletion	93
2L	14524441	14524362	Deletion	79
2L	14524441	14524384	Deletion	57
2L	14524441	14524400	Deletion	41
2L	14550768	14550682	Deletion	86
2L	14550797	14550682	Deletion	115
2L	14550716	14550682	Deletion	34
2L	14550786	14550682	Deletion	104
2L	14550730	14550682	Deletion	48
2L	14550752	14550682	Deletion	70
2L	14580004	14579881	Deletion	123
2L	14580004	14579881	Deletion	123
2L	14580004	14579881	Deletion	123
2L	14580004	14579891	Deletion	113
2L	14580004	14579923	Deletion	81
2L	14580004	14579946	Deletion	58
2L	14580004	14579950	Deletion	54
2L	14580004	14579957	Deletion	47
2L	14580004	14579963	Deletion	41
2L	14580004	14579964	Deletion	40
2L	14580004	14579967	Deletion	37
2L	14580590	14580504	Deletion	86
2L	14580584	14580504	Deletion	80
2L	14580573	14580504	Deletion	69
2L	14580550	14580504	Deletion	46
2L	14580594	14580504	Deletion	90
2L	14580577	14580504	Deletion	73
2L	14580604	14580504	Deletion	100
2L	14580591	14580504	Deletion	87
2L	14580622	14580504	Deletion	118
2L	14581916	14581826	Deletion	90
2L	14581916	14581845	Deletion	71
2L	14581916	14581852	Deletion	64
2L	14581916	14581854	Deletion	62
2L	14581916	14581860	Deletion	56
2L	14581916	14581883	Deletion	33
2L	14582115	14582042	Deletion	73
2L	14582100	14582042	Deletion	58
2L	14582109	14582042	Deletion	67
2L	14582081	14582042	Deletion	39
2L	14582144	14582042	Deletion	102
2L	14582138	14582042	Deletion	96
2L	14582107	14582042	Deletion	65
2L	14584979	14584857	Deletion	122
2L	14584979	14584880	Deletion	99
2L	14584979	14584881	Deletion	98
2L	14584979	14584926	Deletion	53
2L	14584979	14584942	Deletion	37
2L	14586614	14586539	Deletion	75
2L	14586569	14586539	Deletion	30
2L	14586649	14586539	Deletion	110
2L	14586630	14586539	Deletion	91
2L	14586662	14586539	Deletion	123
2L	14586656	14586543	Deletion	113
2L	14593447	14593332	Deletion	115
2L	14593447	14593351	Deletion	96
2L	14593447	14593360	Deletion	87
2L	14593447	14593363	Deletion	84
2L	14593447	14593365	Deletion	82
2L	14593447	14593403	Deletion	44
2L	14593447	14593405	Deletion	42
2L	14593447	14593417	Deletion	30
2L	14593447	14593417	Deletion	30
2L	14600814	14600769	Deletion	45
2L	14600816	14600769	Deletion	47
2L	14600856	14600769	Deletion	87
2L	14600878	14600769	Deletion	109
2L	14600854	14600769	Deletion	85
2L	14600868	14600769	Deletion	99
2L	14600868	14600769	Deletion	99
2L	14600811	14600769	Deletion	42
2L	14600802	14600769	Deletion	33
2L	14602326	14602202	Deletion	124
2L	14602326	14602220	Deletion	106
2L	14602326	14602240	Deletion	86
2L	14602326	14602248	Deletion	78
2L	14602326	14602264	Deletion	62
2L	14602326	14602279	Deletion	47
2L	14603000	14602950	Deletion	50
2L	14603016	14602950	Deletion	66
2L	14602992	14602950	Deletion	42
2L	14603031	14602950	Deletion	81
2L	14603063	14602950	Deletion	113
2L	14605071	14604949	Deletion	122
2L	14605071	14604949	Deletion	122
2L	14605071	14605038	Deletion	33
2L	14611604	14611511	Deletion	93
2L	14611617	14611511	Deletion	106
2L	14617647	14617526	Deletion	121
2L	14618023	14617909	Deletion	114
2L	14618023	14617914	Deletion	109
2L	14618023	14617962	Deletion	61
2L	14618023	14617963	Deletion	60
2L	14618023	14617984	Deletion	39
2L	14618018	14617985	Deletion	33
2L	14618023	14617986	Deletion	37
2L	14619814	14619748	Deletion	66
2L	14619837	14619748	Deletion	89
2L	14619835	14619748	Deletion	87
2L	14619836	14619748	Deletion	88
2L	14619813	14619748	Deletion	65
2L	14627562	14627450	Deletion	112
2L	14627562	14627477	Deletion	85
2L	14627562	14627501	Deletion	61
2L	14627562	14627529	Deletion	33
2L	14630785	14630670	Deletion	115
2L	14630739	14630670	Deletion	69
2L	14630715	14630670	Deletion	45
2L	14630778	14630670	Deletion	108
2L	14630767	14630670	Deletion	97
2L	14631755	14631641	Deletion	114
2L	14631755	14631654	Deletion	101
2L	14631755	14631697	Deletion	58
2L	14631755	14631700	Deletion	55
2L	14631755	14631702	Deletion	53
2L	14631755	14631708	Deletion	47
2L	14631755	14631723	Deletion	32
2L	14645310	14645200	Deletion	110
2L	14645712	14645676	Deletion	36
2L	14646128	14646070	Deletion	58
2L	14646909	14646822	Deletion	87
2L	14650558	14650437	Deletion	121
2L	14652032	14651917	Deletion	115
2L	14660948	14660860	Deletion	88
2L	14661181	14661143	Deletion	38
2L	14661245	14661143	Deletion	102
2L	14664878	14664758	Deletion	120
2L	14664878	14664768	Deletion	110
2L	14664878	14664769	Deletion	109
2L	14664878	14664795	Deletion	83
2L	14667882	14667772	Deletion	110
2L	14667815	14667772	Deletion	43
2L	14668350	14668227	Deletion	123
2L	14668350	14668238	Deletion	112
2L	14668350	14668257	Deletion	93
2L	14668350	14668272	Deletion	78
2L	14668350	14668283	Deletion	67
2L	14668350	14668307	Deletion	43
2L	14668350	14668315	Deletion	35
2L	14673948	14673857	Deletion	91
2L	14673940	14673857	Deletion	83
2L	14673890	14673857	Deletion	33
2L	14673916	14673857	Deletion	59
2L	14673905	14673857	Deletion	48
2L	14678033	14677928	Deletion	105
2L	14678033	14677930	Deletion	103
2L	14678033	14677938	Deletion	95
2L	14678033	14677939	Deletion	94
2L	14678033	14677954	Deletion	79
2L	14678033	14677978	Deletion	55
2L	14678033	14677991	Deletion	42
2L	14678181	14678097	Deletion	84
2L	14678129	14678097	Deletion	32
2L	14678202	14678097	Deletion	105
2L	14678144	14678097	Deletion	47
2L	14678168	14678097	Deletion	71
2L	14678128	14678097	Deletion	31
2L	14690361	14690247	Deletion	114
2L	14690361	14690254	Deletion	107
2L	14690361	14690318	Deletion	43
2L	14690361	14690319	Deletion	42
2L	14709515	14709400	Deletion	115
2L	14709484	14709400	Deletion	84
2L	14709485	14709400	Deletion	85
2L	14709506	14709400	Deletion	106
2L	14719496	14719379	Deletion	117
2L	14719496	14719393	Deletion	103
2L	14719496	14719398	Deletion	98
2L	14719496	14719409	Deletion	87
2L	14719496	14719414	Deletion	82
2L	14719496	14719445	Deletion	51
2L	14721830	14721791	Deletion	39
2L	14721866	14721791	Deletion	75
2L	14721835	14721791	Deletion	44
2L	14723221	14723107	Deletion	114
2L	14723221	14723120	Deletion	101
2L	14723221	14723132	Deletion	89
2L	14723221	14723135	Deletion	86
2L	14723221	14723139	Deletion	82
2L	14723221	14723150	Deletion	71
2L	14723221	14723172	Deletion	49
2L	14736771	14736733	Deletion	38
2L	14736811	14736733	Deletion	78
2L	14736841	14736733	Deletion	108
2L	14736789	14736733	Deletion	56
2L	14736778	14736733	Deletion	45
2L	14736774	14736733	Deletion	41
2L	14740925	14740804	Deletion	121
2L	14751173	14751067	Deletion	106
2L	14751173	14751080	Deletion	93
2L	14751173	14751089	Deletion	84
2L	14751173	14751108	Deletion	65
2L	14761771	14761738	Deletion	33
2L	14761840	14761738	Deletion	102
2L	14761846	14761738	Deletion	108
2L	14761799	14761738	Deletion	61
2L	14761780	14761738	Deletion	42
2L	14763890	14763793	Deletion	97
2L	14763890	14763794	Deletion	96
2L	14763890	14763801	Deletion	89
2L	14763890	14763807	Deletion	83
2L	14763890	14763811	Deletion	79
2L	14763890	14763815	Deletion	75
2L	14763890	14763840	Deletion	50
2L	14763890	14763840	Deletion	50
2L	14763890	14763858	Deletion	32
2L	14764170	14764139	Deletion	31
2L	14764216	14764139	Deletion	77
2L	14764216	14764139	Deletion	77
2L	14764251	14764139	Deletion	112
2L	14764169	14764139	Deletion	30
2L	14764183	14764139	Deletion	44
2L	14764177	14764139	Deletion	38
2L	14764191	14764139	Deletion	52
2L	14764187	14764139	Deletion	48
2L	14764234	14764139	Deletion	95
2L	14764240	14764139	Deletion	101
2L	14783181	14783059	Deletion	122
2L	14785423	14785343	Deletion	80
2L	14785423	14785384	Deletion	39
2L	14789547	14789432	Deletion	115
2L	14789519	14789432	Deletion	87
2L	14789550	14789432	Deletion	118
2L	14789478	14789432	Deletion	46
2L	14802195	14802094	Deletion	101
2L	14802195	14802099	Deletion	96
2L	14802195	14802118	Deletion	77
2L	14802195	14802130	Deletion	65
2L	14802195	14802132	Deletion	63
2L	14803938	14803877	Deletion	61
2L	14803926	14803877	Deletion	49
2L	14803908	14803877	Deletion	31
2L	14803940	14803877	Deletion	63
2L	14804706	14804639	Deletion	67
2L	14805900	14805855	Deletion	45
2L	14836791	14836672	Deletion	119
2L	14836789	14836679	Deletion	110
2L	14836791	14836714	Deletion	77
2L	14842580	14842529	Deletion	51
2L	14842631	14842529	Deletion	102
2L	14842650	14842529	Deletion	121
2L	14855393	14855277	Deletion	116
2L	14867142	14867029	Deletion	113
2L	14867142	14867051	Deletion	91
2L	14867142	14867085	Deletion	57
2L	14867142	14867098	Deletion	44
2L	14867142	14867106	Deletion	36
2L	14877343	14877262	Deletion	81
2L	14877322	14877262	Deletion	60
2L	14877335	14877262	Deletion	73
2L	14912850	14912729	Deletion	121
2L	14913354	14913238	Deletion	116
2L	14913354	14913266	Deletion	88
2L	14913354	14913268	Deletion	86
2L	14913354	14913269	Deletion	85
2L	14913354	14913292	Deletion	62
2L	14913354	14913296	Deletion	58
2L	14913354	14913298	Deletion	56
2L	14913354	14913299	Deletion	55
2L	14913354	14913301	Deletion	53
2L	14913354	14913323	Deletion	31
2L	14913673	14913604	Deletion	69
2L	14913676	14913604	Deletion	72
2L	14913669	14913604	Deletion	65
2L	14913716	14913604	Deletion	112
2L	14913643	14913604	Deletion	39
2L	14913646	14913604	Deletion	42
2L	14913678	14913604	Deletion	74
2L	14913645	14913604	Deletion	41
2L	14913675	14913604	Deletion	71
2L	14913700	14913604	Deletion	96
2L	14920403	14920281	Deletion	122
2L	14921400	14921290	Deletion	110
2L	14921400	14921310	Deletion	90
2L	14921400	14921316	Deletion	84
2L	14921400	14921330	Deletion	70
2L	14921400	14921335	Deletion	65
2L	14923079	14923017	Deletion	62
2L	14923054	14923017	Deletion	37
2L	14923116	14923017	Deletion	99
2L	14923138	14923017	Deletion	121
2L	14923074	14923017	Deletion	57
2L	14923060	14923017	Deletion	43
2L	14924526	14924410	Deletion	116
2L	14927315	14927197	Deletion	118
2L	14937160	14937039	Deletion	121
2L	14945814	14945709	Deletion	105
2L	14945814	14945736	Deletion	78
2L	14945972	14945864	Deletion	108
2L	14945965	14945864	Deletion	101
2L	14945914	14945864	Deletion	50
2L	14945987	14945864	Deletion	123
2L	14957447	14957343	Deletion	104
2L	14957447	14957352	Deletion	95
2L	14957447	14957379	Deletion	68
2L	14957447	14957384	Deletion	63
2L	14957447	14957396	Deletion	51
2L	14957447	14957398	Deletion	49
2L	14957595	14957532	Deletion	63
2L	14957563	14957532	Deletion	31
2L	14957607	14957532	Deletion	75
2L	14957609	14957532	Deletion	77
2L	14957590	14957532	Deletion	58
2L	14960258	14960137	Deletion	121
2L	14974551	14974437	Deletion	114
2L	14974551	14974494	Deletion	57
2L	14974551	14974511	Deletion	40
2L	14974551	14974513	Deletion	38
2L	14980958	14980888	Deletion	70
2L	14981002	14980888	Deletion	114
2L	14980974	14980888	Deletion	86
2L	14980976	14980888	Deletion	88
2L	14988008	14987961	Deletion	47
2L	14990853	14990805	Deletion	48
2L	14993746	14993685	Deletion	61
2L	14993739	14993685	Deletion	54
2L	14993725	14993685	Deletion	40
2L	14993751	14993685	Deletion	66
2L	14993750	14993685	Deletion	65
2L	14993753	14993685	Deletion	68
2L	14993745	14993685	Deletion	60
2L	15011739	15011672	Deletion	67
2L	15011739	15011678	Deletion	61
2L	15011739	15011709	Deletion	30
2L	15014569	15014471	Deletion	98
2L	15014532	15014471	Deletion	61
2L	15014538	15014471	Deletion	67
2L	15019697	15019584	Deletion	113
2L	15019697	15019614	Deletion	83
2L	15019697	15019630	Deletion	67
2L	15020014	15019971	Deletion	43
2L	15020073	15019971	Deletion	102
2L	15020070	15019971	Deletion	99
2L	15020030	15019971	Deletion	59
2L	15021540	15021418	Deletion	122
2L	15027575	15027512	Deletion	63
2L	15027575	15027516	Deletion	59
2L	15030523	15030405	Deletion	118
2L	15030527	15030405	Deletion	122
2L	15030470	15030405	Deletion	65
2L	15030474	15030405	Deletion	69
2L	15031551	15031450	Deletion	101
2L	15031551	15031451	Deletion	100
2L	15031551	15031511	Deletion	40
2L	15036301	15036191	Deletion	110
2L	15036296	15036191	Deletion	105
2L	15036277	15036191	Deletion	86
2L	15036297	15036191	Deletion	106
2L	15041379	15041287	Deletion	92
2L	15041379	15041314	Deletion	65
2L	15041379	15041327	Deletion	52
2L	15041379	15041332	Deletion	47
2L	15042009	15041900	Deletion	109
2L	15042009	15041900	Deletion	109
2L	15041974	15041900	Deletion	74
2L	15041934	15041900	Deletion	34
2L	15041979	15041900	Deletion	79
2L	15041961	15041900	Deletion	61
2L	15049602	15049482	Deletion	120
2L	15049602	15049487	Deletion	115
2L	15049602	15049499	Deletion	103
2L	15049602	15049521	Deletion	81
2L	15049602	15049546	Deletion	56
2L	15049602	15049564	Deletion	38
2L	15050533	15050463	Deletion	70
2L	15050508	15050463	Deletion	45
2L	15050551	15050463	Deletion	88
2L	15054296	15054188	Deletion	108
2L	15054296	15054213	Deletion	83
2L	15054296	15054216	Deletion	80
2L	15054296	15054223	Deletion	73
2L	15054296	15054265	Deletion	31
2L	15055127	15055084	Deletion	43
2L	15055181	15055084	Deletion	97
2L	15055185	15055084	Deletion	101
2L	15055137	15055084	Deletion	53
2L	15055208	15055084	Deletion	124
2L	15055179	15055084	Deletion	95
2L	15055130	15055084	Deletion	46
2L	15056073	15055975	Deletion	98
2L	15056073	15055982	Deletion	91
2L	15056073	15056007	Deletion	66
2L	15056073	15056020	Deletion	53
2L	15058570	15058497	Deletion	73
2L	15058557	15058497	Deletion	60
2L	15058532	15058497	Deletion	35
2L	15060212	15060095	Deletion	117
2L	15060212	15060097	Deletion	115
2L	15060212	15060130	Deletion	82
2L	15060212	15060136	Deletion	76
2L	15060212	15060155	Deletion	57
2L	15060212	15060159	Deletion	53
2L	15060212	15060162	Deletion	50
2L	15060212	15060182	Deletion	30
2L	15064659	15064590	Deletion	69
2L	15064666	15064590	Deletion	76
2L	15064686	15064590	Deletion	96
2L	15064640	15064590	Deletion	50
2L	15064663	15064590	Deletion	73
2L	15064634	15064590	Deletion	44
2L	15064734	15064634	Deletion	100
2L	15064734	15064697	Deletion	37
2L	15064734	15064698	Deletion	36
2L	15064734	15064699	Deletion	35
2L	15067717	15067628	Deletion	89
2L	15067718	15067628	Deletion	90
2L	15067726	15067628	Deletion	98
2L	15067719	15067628	Deletion	91
2L	15067740	15067628	Deletion	112
2L	15067745	15067628	Deletion	117
2L	15067879	15067756	Deletion	123
2L	15067879	15067757	Deletion	122
2L	15067879	15067766	Deletion	113
2L	15067879	15067778	Deletion	101
2L	15067879	15067788	Deletion	91
2L	15067879	15067789	Deletion	90
2L	15067879	15067818	Deletion	61
2L	15067879	15067835	Deletion	44
2L	15095132	15095025	Deletion	107
2L	15095061	15095025	Deletion	36
2L	15095133	15095025	Deletion	108
2L	15095091	15095025	Deletion	66
2L	15095108	15095025	Deletion	83
2L	15095062	15095025	Deletion	37
2L	15097088	15096987	Deletion	101
2L	15097088	15097020	Deletion	68
2L	15097088	15097056	Deletion	32
2L	15099771	15099668	Deletion	103
2L	15099780	15099668	Deletion	112
2L	15099763	15099668	Deletion	95
2L	15099768	15099668	Deletion	100
2L	15099768	15099668	Deletion	100
2L	15099727	15099668	Deletion	59
2L	15099776	15099668	Deletion	108
2L	15100539	15100454	Deletion	85
2L	15100539	15100464	Deletion	75
2L	15100539	15100489	Deletion	50
2L	15100539	15100498	Deletion	41
2L	15103971	15103892	Deletion	79
2L	15103980	15103892	Deletion	88
2L	15103946	15103892	Deletion	54
2L	15103936	15103892	Deletion	44
2L	15103997	15103892	Deletion	105
2L	15109731	15109619	Deletion	112
2L	15109731	15109654	Deletion	77
2L	15109731	15109691	Deletion	40
2L	15109731	15109700	Deletion	31
2L	15113372	15113261	Deletion	111
2L	15113375	15113261	Deletion	114
2L	15113357	15113261	Deletion	96
2L	15113311	15113261	Deletion	50
2L	15113348	15113261	Deletion	87
2L	15114982	15114859	Deletion	123
2L	15136131	15136009	Deletion	122
2L	15136131	15136012	Deletion	119
2L	15136131	15136026	Deletion	105
2L	15136131	15136035	Deletion	96
2L	15136131	15136048	Deletion	83
2L	15136131	15136051	Deletion	80
2L	15136131	15136082	Deletion	49
2L	15136131	15136084	Deletion	47
2L	15136321	15136221	Deletion	100
2L	15136265	15136221	Deletion	44
2L	15136252	15136221	Deletion	31
2L	15136268	15136221	Deletion	47
2L	15136343	15136221	Deletion	122
2L	15136299	15136221	Deletion	78
2L	15136319	15136221	Deletion	98
2L	15136301	15136221	Deletion	80
2L	15138381	15138270	Deletion	111
2L	15138381	15138303	Deletion	78
2L	15138381	15138310	Deletion	71
2L	15138381	15138333	Deletion	48
2L	15138381	15138338	Deletion	43
2L	15139256	15139178	Deletion	78
2L	15139261	15139178	Deletion	83
2L	15139280	15139178	Deletion	102
2L	15139233	15139178	Deletion	55
2L	15139226	15139178	Deletion	48
2L	15147410	15147347	Deletion	63
2L	15147410	15147353	Deletion	57
2L	15147410	15147357	Deletion	53
2L	15147410	15147377	Deletion	33
2L	15163309	15163246	Deletion	63
2L	15163348	15163246	Deletion	102
2L	15163339	15163246	Deletion	93
2L	15163363	15163246	Deletion	117
2L	15163315	15163246	Deletion	69
2L	15163343	15163246	Deletion	97
2L	15163319	15163246	Deletion	73
2L	15163343	15163248	Deletion	95
2L	15164537	15164424	Deletion	113
2L	15164537	15164427	Deletion	110
2L	15164537	15164465	Deletion	72
2L	15164648	15164594	Deletion	54
2L	15170371	15170272	Deletion	99
2L	15170371	15170339	Deletion	32
2L	15170871	15170777	Deletion	94
2L	15175023	15174900	Deletion	123
2L	15200224	15200103	Deletion	121
2L	15203203	15203088	Deletion	115
2L	15203203	15203129	Deletion	74
2L	15203203	15203159	Deletion	44
2L	15203380	15203326	Deletion	54
2L	15203427	15203326	Deletion	101
2L	15203428	15203326	Deletion	102
2L	15203410	15203326	Deletion	84
2L	15215610	15215492	Deletion	118
2L	15215610	15215525	Deletion	85
2L	15215610	15215528	Deletion	82
2L	15215610	15215533	Deletion	77
2L	15215610	15215559	Deletion	51
2L	15215610	15215573	Deletion	37
2L	15216192	15216148	Deletion	44
2L	15216237	15216148	Deletion	89
2L	15216197	15216148	Deletion	49
2L	15216189	15216148	Deletion	41
2L	15216223	15216148	Deletion	75
2L	15216272	15216148	Deletion	124
2L	15216263	15216148	Deletion	115
2L	15218430	15218310	Deletion	120
2L	15218430	15218359	Deletion	71
2L	15218430	15218391	Deletion	39
2L	15218430	15218393	Deletion	37
2L	15218430	15218397	Deletion	33
2L	15224713	15224624	Deletion	89
2L	15224711	15224624	Deletion	87
2L	15224717	15224624	Deletion	93
2L	15224729	15224624	Deletion	105
2L	15224679	15224624	Deletion	55
2L	15233618	15233523	Deletion	95
2L	15233618	15233550	Deletion	68
2L	15238774	15238743	Deletion	31
2L	15238854	15238743	Deletion	111
2L	15238801	15238743	Deletion	58
2L	15243841	15243719	Deletion	122
2L	15243841	15243728	Deletion	113
2L	15243841	15243748	Deletion	93
2L	15243841	15243775	Deletion	66
2L	15246102	15246041	Deletion	61
2L	15246075	15246041	Deletion	34
2L	15254167	15254051	Deletion	116
2L	15254167	15254056	Deletion	111
2L	15254167	15254057	Deletion	110
2L	15254167	15254065	Deletion	102
2L	15254167	15254084	Deletion	83
2L	15254167	15254099	Deletion	68
2L	15254167	15254119	Deletion	48
2L	15258746	15258668	Deletion	78
2L	15258777	15258668	Deletion	109
2L	15258711	15258668	Deletion	43
2L	15258771	15258668	Deletion	103
2L	15258726	15258668	Deletion	58
2L	15263429	15263340	Deletion	89
2L	15263429	15263375	Deletion	54
2L	15263429	15263382	Deletion	47
2L	15263429	15263396	Deletion	33
2L	15263429	15263399	Deletion	30
2L	15263585	15263506	Deletion	79
2L	15263578	15263506	Deletion	72
2L	15263543	15263506	Deletion	37
2L	15263602	15263506	Deletion	96
2L	15263599	15263506	Deletion	93
2L	15267876	15267768	Deletion	108
2L	15267876	15267773	Deletion	103
2L	15267876	15267793	Deletion	83
2L	15267876	15267796	Deletion	80
2L	15267876	15267834	Deletion	42
2L	15272439	15272317	Deletion	122
2L	15272363	15272317	Deletion	46
2L	15272360	15272317	Deletion	43
2L	15272430	15272317	Deletion	113
2L	15272401	15272317	Deletion	84
2L	15306232	15306109	Deletion	123
2L	15306232	15306110	Deletion	122
2L	15306232	15306115	Deletion	117
2L	15306232	15306131	Deletion	101
2L	15314291	15314178	Deletion	113
2L	15314295	15314178	Deletion	117
2L	15314280	15314178	Deletion	102
2L	15314296	15314178	Deletion	118
2L	15324997	15324885	Deletion	112
2L	15324997	15324917	Deletion	80
2L	15325440	15325393	Deletion	47
2L	15327779	15327686	Deletion	93
2L	15327779	15327698	Deletion	81
2L	15327779	15327736	Deletion	43
2L	15327779	15327741	Deletion	38
2L	15327779	15327747	Deletion	32
2L	15327912	15327826	Deletion	86
2L	15327874	15327826	Deletion	48
2L	15327923	15327826	Deletion	97
2L	15327862	15327826	Deletion	36
2L	15327944	15327826	Deletion	118
2L	15327917	15327826	Deletion	91
2L	15328374	15328259	Deletion	115
2L	15328374	15328261	Deletion	113
2L	15328374	15328315	Deletion	59
2L	15328374	15328319	Deletion	55
2L	15328374	15328344	Deletion	30
2L	15354488	15354420	Deletion	68
2L	15354517	15354420	Deletion	97
2L	15354492	15354420	Deletion	72
2L	15354534	15354420	Deletion	114
2L	15354540	15354420	Deletion	120
2L	15354538	15354420	Deletion	118
2L	15354535	15354420	Deletion	115
2L	15354519	15354420	Deletion	99
2L	15354840	15354717	Deletion	123
2L	15356027	15355906	Deletion	121
2L	15362709	15362669	Deletion	40
2L	15365543	15365425	Deletion	118
2L	15365511	15365425	Deletion	86
2L	15370254	15370132	Deletion	122
2L	15377205	15377100	Deletion	105
2L	15377205	15377115	Deletion	90
2L	15377205	15377116	Deletion	89
2L	15377205	15377158	Deletion	47
2L	15380807	15380709	Deletion	98
2L	15380747	15380709	Deletion	38
2L	15380829	15380709	Deletion	120
2L	15380789	15380709	Deletion	80
2L	15380746	15380709	Deletion	37
2L	15396581	15396464	Deletion	117
2L	15396581	15396475	Deletion	106
2L	15396581	15396507	Deletion	74
2L	15396581	15396542	Deletion	39
2L	15396581	15396549	Deletion	32
2L	15396843	15396755	Deletion	88
2L	15396808	15396755	Deletion	53
2L	15396855	15396755	Deletion	100
2L	15396850	15396755	Deletion	95
2L	15397050	15396929	Deletion	121
2L	15405156	15405079	Deletion	77
2L	15405156	15405097	Deletion	59
2L	15405156	15405121	Deletion	35
2L	15409798	15409731	Deletion	67
2L	15409780	15409731	Deletion	49
2L	15409832	15409731	Deletion	101
2L	15409822	15409731	Deletion	91
2L	15435561	15435443	Deletion	118
2L	15435561	15435459	Deletion	102
2L	15435561	15435521	Deletion	40
2L	15444916	15444813	Deletion	103
2L	15444901	15444813	Deletion	88
2L	15447040	15446971	Deletion	69
2L	15447311	15447260	Deletion	51
2L	15450237	15450204	Deletion	33
2L	15450337	15450262	Deletion	75
2L	15451225	15451142	Deletion	83
2L	15452168	15452106	Deletion	62
2L	15476882	15476825	Deletion	57
2L	15476902	15476825	Deletion	77
2L	15476858	15476825	Deletion	33
2L	15476949	15476825	Deletion	124
2L	15476859	15476825	Deletion	34
2L	15476916	15476825	Deletion	91
2L	15476870	15476825	Deletion	45
2L	15476876	15476825	Deletion	51
2L	15477225	15477109	Deletion	116
2L	15477225	15477121	Deletion	104
2L	15477225	15477135	Deletion	90
2L	15477225	15477154	Deletion	71
2L	15477225	15477179	Deletion	46
2L	15504527	15504447	Deletion	80
2L	15504502	15504447	Deletion	55
2L	15504483	15504447	Deletion	36
2L	15504915	15504795	Deletion	120
2L	15504915	15504796	Deletion	119
2L	15504915	15504842	Deletion	73
2L	15504915	15504854	Deletion	61
2L	15504915	15504863	Deletion	52
2L	15508103	15508029	Deletion	74
2L	15508094	15508029	Deletion	65
2L	15508082	15508029	Deletion	53
2L	15510982	15510861	Deletion	121
2L	15510982	15510892	Deletion	90
2L	15510982	15510938	Deletion	44
2L	15510982	15510946	Deletion	36
2L	15510982	15510952	Deletion	30
2L	15516027	15515991	Deletion	36
2L	15516098	15515991	Deletion	107
2L	15516087	15515991	Deletion	96
2L	15516081	15515991	Deletion	90
2L	15516073	15515991	Deletion	82
2L	15529163	15529041	Deletion	122
2L	15529163	15529053	Deletion	110
2L	15529163	15529080	Deletion	83
2L	15529163	15529104	Deletion	59
2L	15529163	15529108	Deletion	55
2L	15529163	15529123	Deletion	40
2L	15531248	15531177	Deletion	71
2L	15531220	15531177	Deletion	43
2L	15531244	15531177	Deletion	67
2L	15531263	15531177	Deletion	86
2L	15544394	15544270	Deletion	124
2L	15544394	15544293	Deletion	101
2L	15544394	15544297	Deletion	97
2L	15544394	15544300	Deletion	94
2L	15544394	15544302	Deletion	92
2L	15544993	15544962	Deletion	31
2L	15544996	15544962	Deletion	34
2L	15544998	15544962	Deletion	36
2L	15550421	15550385	Deletion	36
2L	15552020	15551912	Deletion	108
2L	15552018	15551912	Deletion	106
2L	15552002	15551912	Deletion	90
2L	15555638	15555531	Deletion	107
2L	15555638	15555535	Deletion	103
2L	15555638	15555557	Deletion	81
2L	15555638	15555564	Deletion	74
2L	15555635	15555601	Deletion	34
2L	15555970	15555924	Deletion	46
2L	15556041	15555924	Deletion	117
2L	15555977	15555924	Deletion	53
2L	15556021	15555924	Deletion	97
2L	15556014	15555927	Deletion	87
2L	15563360	15563269	Deletion	91
2L	15563359	15563271	Deletion	88
2L	15563359	15563279	Deletion	80
2L	15563359	15563305	Deletion	54
2L	15563359	15563318	Deletion	41
2L	15563676	15563569	Deletion	107
2L	15563655	15563569	Deletion	86
2L	15563642	15563569	Deletion	73
2L	15563608	15563569	Deletion	39
2L	15563616	15563569	Deletion	47
2L	15563606	15563571	Deletion	35
2L	15571904	15571782	Deletion	122
2L	15573867	15573746	Deletion	121
2L	15575769	15575649	Deletion	120
2L	15579505	15579387	Deletion	118
2L	15579505	15579396	Deletion	109
2L	15579505	15579410	Deletion	95
2L	15579505	15579460	Deletion	45
2L	15579505	15579465	Deletion	40
2L	15579505	15579474	Deletion	31
2L	15580423	15580328	Deletion	95
2L	15580359	15580328	Deletion	31
2L	15580443	15580328	Deletion	115
2L	15580409	15580328	Deletion	81
2L	15580414	15580328	Deletion	86
2L	15581734	15581638	Deletion	96
2L	15581734	15581661	Deletion	73
2L	15581734	15581666	Deletion	68
2L	15581734	15581681	Deletion	53
2L	15581734	15581691	Deletion	43
2L	15585814	15585756	Deletion	58
2L	15585839	15585756	Deletion	83
2L	15585786	15585756	Deletion	30
2L	15585809	15585756	Deletion	53
2L	15585829	15585756	Deletion	73
2L	15590384	15590265	Deletion	119
2L	15590892	15590820	Deletion	72
2L	15592495	15592408	Deletion	87
2L	15593271	15593206	Deletion	65
2L	15601440	15601405	Deletion	35
2L	15601465	15601405	Deletion	60
2L	15601517	15601405	Deletion	112
2L	15621524	15621402	Deletion	122
2L	15630404	15630346	Deletion	58
2L	15630404	15630347	Deletion	57
2L	15630404	15630347	Deletion	57
2L	15630404	15630352	Deletion	52
2L	15630404	15630370	Deletion	34
2L	15637417	15637348	Deletion	69
2L	15637417	15637348	Deletion	69
2L	15637423	15637348	Deletion	75
2L	15637416	15637348	Deletion	68
2L	15637440	15637348	Deletion	92
2L	15654094	15654028	Deletion	66
2L	15657782	15657689	Deletion	93
2L	15657782	15657715	Deletion	67
2L	15659677	15659584	Deletion	93
2L	15659677	15659584	Deletion	93
2L	15659677	15659584	Deletion	93
2L	15659677	15659601	Deletion	76
2L	15659780	15659734	Deletion	46
2L	15659820	15659734	Deletion	86
2L	15661801	15661708	Deletion	93
2L	15661801	15661738	Deletion	63
2L	15661801	15661770	Deletion	31
2L	15662639	15662531	Deletion	108
2L	15662600	15662531	Deletion	69
2L	15662564	15662531	Deletion	33
2L	15669304	15669182	Deletion	122
2L	15669304	15669235	Deletion	69
2L	15669714	15669613	Deletion	101
2L	15669712	15669613	Deletion	99
2L	15669810	15669704	Deletion	106
2L	15669810	15669773	Deletion	37
2L	15670013	15669970	Deletion	43
2L	15670052	15669970	Deletion	82
2L	15670059	15669970	Deletion	89
2L	15675895	15675839	Deletion	56
2L	15686749	15686681	Deletion	68
2L	15686716	15686681	Deletion	35
2L	15687654	15687558	Deletion	96
2L	15691379	15691259	Deletion	120
2L	15692779	15692702	Deletion	77
2L	15694630	15694581	Deletion	49
2L	15694674	15694581	Deletion	93
2L	15694640	15694581	Deletion	59
2L	15694614	15694581	Deletion	33
2L	15694674	15694594	Deletion	80
2L	15694674	15694634	Deletion	40
2L	15694781	15694731	Deletion	50
2L	15694828	15694731	Deletion	97
2L	15696798	15696685	Deletion	113
2L	15696798	15696686	Deletion	112
2L	15696798	15696741	Deletion	57
2L	15696798	15696743	Deletion	55
2L	15697599	15697528	Deletion	71
2L	15697623	15697528	Deletion	95
2L	15697591	15697528	Deletion	63
2L	15697627	15697528	Deletion	99
2L	15698677	15698569	Deletion	108
2L	15699763	15699646	Deletion	117
2L	15700525	15700405	Deletion	120
2L	15700525	15700438	Deletion	87
2L	15700525	15700440	Deletion	85
2L	15700617	15700575	Deletion	42
2L	15700615	15700575	Deletion	40
2L	15704301	15704198	Deletion	103
2L	15704667	15704610	Deletion	57
2L	15704807	15704724	Deletion	83
2L	15704807	15704763	Deletion	44
2L	15705071	15704967	Deletion	104
2L	15709463	15709356	Deletion	107
2L	15709463	15709393	Deletion	70
2L	15709463	15709413	Deletion	50
2L	15710912	15710836	Deletion	76
2L	15719093	15719026	Deletion	67
2L	15719696	15719620	Deletion	76
2L	15722651	15722577	Deletion	74
2L	15724494	15724377	Deletion	117
2L	15727389	15727331	Deletion	58
2L	15734182	15734058	Deletion	124
2L	15734182	15734070	Deletion	112
2L	15734182	15734073	Deletion	109
2L	15734182	15734091	Deletion	91
2L	15734182	15734102	Deletion	80
2L	15734182	15734134	Deletion	48
2L	15736833	15736726	Deletion	107
2L	15736805	15736726	Deletion	79
2L	15736773	15736726	Deletion	47
2L	15736762	15736726	Deletion	36
2L	15736857	15736768	Deletion	89
2L	15736857	15736769	Deletion	88
2L	15736857	15736770	Deletion	87
2L	15736857	15736772	Deletion	85
2L	15736857	15736788	Deletion	69
2L	15736857	15736812	Deletion	45
2L	15736857	15736826	Deletion	31
2L	15739418	15739381	Deletion	37
2L	15739462	15739381	Deletion	81
2L	15739422	15739381	Deletion	41
2L	15739419	15739381	Deletion	38
2L	15739420	15739381	Deletion	39
2L	15739476	15739381	Deletion	95
2L	15739438	15739381	Deletion	57
2L	15739738	15739651	Deletion	87
2L	15739738	15739654	Deletion	84
2L	15739738	15739687	Deletion	51
2L	15739968	15739855	Deletion	113
2L	15739967	15739855	Deletion	112
2L	15739958	15739855	Deletion	103
2L	15739962	15739855	Deletion	107
2L	15739953	15739855	Deletion	98
2L	15739894	15739855	Deletion	39
2L	15739897	15739855	Deletion	42
2L	15739930	15739855	Deletion	75
2L	15740264	15740142	Deletion	122
2L	15740264	15740170	Deletion	94
2L	15740264	15740191	Deletion	73
2L	15740264	15740193	Deletion	71
2L	15740264	15740209	Deletion	55
2L	15744128	15744096	Deletion	32
2L	15744149	15744096	Deletion	53
2L	15744200	15744096	Deletion	104
2L	15744201	15744096	Deletion	105
2L	15744151	15744096	Deletion	55
2L	15744167	15744096	Deletion	71
2L	15746231	15746109	Deletion	122
2L	15761196	15761109	Deletion	87
2L	15761196	15761145	Deletion	51
2L	15761385	15761344	Deletion	41
2L	15761421	15761344	Deletion	77
2L	15763524	15763425	Deletion	99
2L	15763524	15763433	Deletion	91
2L	15763524	15763469	Deletion	55
2L	15772573	15772538	Deletion	35
2L	15772609	15772538	Deletion	71
2L	15772652	15772538	Deletion	114
2L	15777164	15777069	Deletion	95
2L	15777164	15777077	Deletion	87
2L	15777164	15777106	Deletion	58
2L	15777164	15777115	Deletion	49
2L	15785947	15785907	Deletion	40
2L	15786023	15785907	Deletion	116
2L	15785976	15785907	Deletion	69
2L	15785939	15785907	Deletion	32
2L	15785985	15785907	Deletion	78
2L	15794827	15794707	Deletion	120
2L	15802190	15802070	Deletion	120
2L	15802190	15802071	Deletion	119
2L	15802190	15802071	Deletion	119
2L	15802190	15802080	Deletion	110
2L	15802190	15802089	Deletion	101
2L	15802190	15802118	Deletion	72
2L	15802190	15802131	Deletion	59
2L	15802190	15802136	Deletion	54
2L	15802190	15802139	Deletion	51
2L	15811696	15811620	Deletion	76
2L	15811688	15811620	Deletion	68
2L	15811693	15811620	Deletion	73
2L	15811675	15811620	Deletion	55
2L	15820729	15820621	Deletion	108
2L	15820729	15820636	Deletion	93
2L	15820729	15820686	Deletion	43
2L	15820878	15820794	Deletion	84
2L	15820904	15820794	Deletion	110
2L	15820906	15820794	Deletion	112
2L	15820904	15820794	Deletion	110
2L	15820912	15820794	Deletion	118
2L	15827251	15827172	Deletion	79
2L	15828248	15828206	Deletion	42
2L	15833960	15833850	Deletion	110
2L	15833960	15833884	Deletion	76
2L	15833960	15833887	Deletion	73
2L	15833960	15833894	Deletion	66
2L	15833960	15833928	Deletion	32
2L	15834357	15834307	Deletion	50
2L	15834367	15834307	Deletion	60
2L	15834401	15834307	Deletion	94
2L	15834360	15834307	Deletion	53
2L	15837318	15837197	Deletion	121
2L	15845202	15845089	Deletion	113
2L	15845202	15845090	Deletion	112
2L	15845202	15845102	Deletion	100
2L	15845202	15845130	Deletion	72
2L	15845202	15845145	Deletion	57
2L	15845202	15845164	Deletion	38
2L	15850384	15850296	Deletion	88
2L	15850365	15850296	Deletion	69
2L	15850410	15850296	Deletion	114
2L	15850350	15850296	Deletion	54
2L	15851075	15850967	Deletion	108
2L	15851075	15850975	Deletion	100
2L	15851075	15850984	Deletion	91
2L	15851075	15851002	Deletion	73
2L	15851075	15851019	Deletion	56
2L	15851075	15851034	Deletion	41
2L	15856913	15856792	Deletion	121
2L	15856864	15856792	Deletion	72
2L	15856829	15856792	Deletion	37
2L	15856910	15856792	Deletion	118
2L	15856879	15856792	Deletion	87
2L	15856847	15856792	Deletion	55
2L	15866271	15866156	Deletion	115
2L	15866271	15866198	Deletion	73
2L	15866956	15866901	Deletion	55
2L	15867024	15866901	Deletion	123
2L	15867022	15866901	Deletion	121
2L	15867025	15866901	Deletion	124
2L	15867000	15866901	Deletion	99
2L	15886538	15886415	Deletion	123
2L	15891184	15891066	Deletion	118
2L	15891184	15891108	Deletion	76
2L	15891184	15891136	Deletion	48
2L	15891184	15891136	Deletion	48
2L	15891184	15891139	Deletion	45
2L	15891184	15891154	Deletion	30
2L	15905263	15905163	Deletion	100
2L	15905271	15905163	Deletion	108
2L	15905242	15905163	Deletion	79
2L	15905245	15905163	Deletion	82
2L	15905242	15905163	Deletion	79
2L	15905214	15905163	Deletion	51
2L	15905260	15905163	Deletion	97
2L	15906389	15906268	Deletion	121
2L	15906389	15906270	Deletion	119
2L	15906389	15906273	Deletion	116
2L	15906389	15906279	Deletion	110
2L	15906389	15906299	Deletion	90
2L	15906389	15906302	Deletion	87
2L	15906389	15906303	Deletion	86
2L	15906389	15906311	Deletion	78
2L	15906389	15906325	Deletion	64
2L	15906389	15906334	Deletion	55
2L	15908089	15908048	Deletion	41
2L	15908111	15908048	Deletion	63
2L	15908097	15908048	Deletion	49
2L	15908085	15908048	Deletion	37
2L	15908120	15908048	Deletion	72
2L	15908088	15908048	Deletion	40
2L	15911443	15911319	Deletion	124
2L	15911443	15911336	Deletion	107
2L	15911443	15911349	Deletion	94
2L	15911443	15911358	Deletion	85
2L	15911443	15911390	Deletion	53
2L	15911669	15911636	Deletion	33
2L	15911739	15911636	Deletion	103
2L	15911678	15911636	Deletion	42
2L	15911710	15911636	Deletion	74
2L	15911751	15911636	Deletion	115
2L	15912974	15912877	Deletion	97
2L	15912974	15912914	Deletion	60
2L	15912974	15912934	Deletion	40
2L	15912974	15912939	Deletion	35
2L	15927683	15927597	Deletion	86
2L	15927663	15927597	Deletion	66
2L	15927688	15927597	Deletion	91
2L	15927700	15927597	Deletion	103
2L	15927698	15927597	Deletion	101
2L	15927707	15927597	Deletion	110
2L	15935844	15935771	Deletion	73
2L	15935844	15935773	Deletion	71
2L	15935844	15935799	Deletion	45
2L	15935844	15935804	Deletion	40
2L	15936811	15936758	Deletion	53
2L	15936878	15936758	Deletion	120
2L	15936839	15936758	Deletion	81
2L	15936844	15936758	Deletion	86
2L	15936813	15936758	Deletion	55
2L	15936877	15936782	Deletion	95
2L	15936877	15936798	Deletion	79
2L	15936877	15936814	Deletion	63
2L	15938161	15938126	Deletion	35
2L	15938193	15938126	Deletion	67
2L	15938236	15938126	Deletion	110
2L	15938241	15938126	Deletion	115
2L	15938177	15938126	Deletion	51
2L	15941943	15941824	Deletion	119
2L	15941943	15941838	Deletion	105
2L	15941943	15941863	Deletion	80
2L	15941943	15941889	Deletion	54
2L	15941943	15941902	Deletion	41
2L	15941943	15941911	Deletion	32
2L	15942085	15942000	Deletion	85
2L	15942124	15942000	Deletion	124
2L	15942046	15942000	Deletion	46
2L	15942120	15942000	Deletion	120
2L	15942094	15942000	Deletion	94
2L	15942072	15942000	Deletion	72
2L	15952998	15952878	Deletion	120
2L	15953597	15953500	Deletion	97
2L	15953597	15953508	Deletion	89
2L	15953597	15953544	Deletion	53
2L	15953597	15953545	Deletion	52
2L	15953597	15953566	Deletion	31
2L	15956142	15956082	Deletion	60
2L	15956222	15956170	Deletion	52
2L	15956628	15956554	Deletion	74
2L	15956710	15956591	Deletion	119
2L	15956621	15956591	Deletion	30
2L	15970163	15970057	Deletion	106
2L	15970163	15970058	Deletion	105
2L	15970163	15970072	Deletion	91
2L	15985862	15985757	Deletion	105
2L	15985794	15985757	Deletion	37
2L	15990453	15990333	Deletion	120
2L	15990453	15990364	Deletion	89
2L	15990453	15990371	Deletion	82
2L	15990453	15990371	Deletion	82
2L	15990453	15990381	Deletion	72
2L	16001828	16001790	Deletion	38
2L	16001845	16001790	Deletion	55
2L	16001835	16001790	Deletion	45
2L	16001901	16001790	Deletion	111
2L	16001835	16001790	Deletion	45
2L	16008629	16008506	Deletion	123
2L	16008626	16008513	Deletion	113
2L	16008629	16008554	Deletion	75
2L	16008629	16008568	Deletion	61
2L	16008629	16008578	Deletion	51
2L	16008629	16008593	Deletion	36
2L	16009000	16008924	Deletion	76
2L	16008976	16008924	Deletion	52
2L	16008990	16008924	Deletion	66
2L	16009015	16008924	Deletion	91
2L	16011142	16011025	Deletion	117
2L	16011142	16011042	Deletion	100
2L	16011142	16011042	Deletion	100
2L	16011142	16011105	Deletion	37
2L	16011142	16011109	Deletion	33
2L	16014573	16014480	Deletion	93
2L	16014569	16014480	Deletion	89
2L	16018873	16018776	Deletion	97
2L	16018873	16018790	Deletion	83
2L	16018873	16018815	Deletion	58
2L	16018873	16018835	Deletion	38
2L	16018873	16018837	Deletion	36
2L	16024878	16024787	Deletion	91
2L	16024856	16024787	Deletion	69
2L	16024891	16024787	Deletion	104
2L	16024817	16024787	Deletion	30
2L	16024831	16024787	Deletion	44
2L	16024876	16024787	Deletion	89
2L	16041916	16041806	Deletion	110
2L	16041916	16041831	Deletion	85
2L	16055004	16054962	Deletion	42
2L	16059466	16059350	Deletion	116
2L	16059466	16059390	Deletion	76
2L	16059466	16059394	Deletion	72
2L	16059466	16059404	Deletion	62
2L	16059466	16059408	Deletion	58
2L	16059466	16059417	Deletion	49
2L	16059466	16059424	Deletion	42
2L	16060278	16060209	Deletion	69
2L	16060332	16060209	Deletion	123
2L	16060264	16060209	Deletion	55
2L	16060274	16060209	Deletion	65
2L	16060260	16060209	Deletion	51
2L	16060294	16060209	Deletion	85
2L	16060287	16060209	Deletion	78
2L	16061293	16061185	Deletion	108
2L	16061293	16061187	Deletion	106
2L	16061293	16061257	Deletion	36
2L	16061469	16061379	Deletion	90
2L	16061490	16061379	Deletion	111
2L	16061485	16061379	Deletion	106
2L	16063453	16063332	Deletion	121
2L	16068183	16068083	Deletion	100
2L	16068183	16068103	Deletion	80
2L	16068183	16068146	Deletion	37
2L	16068530	16068439	Deletion	91
2L	16068558	16068439	Deletion	119
2L	16068487	16068439	Deletion	48
2L	16068545	16068439	Deletion	106
2L	16075608	16075492	Deletion	116
2L	16075608	16075500	Deletion	108
2L	16075608	16075502	Deletion	106
2L	16075608	16075531	Deletion	77
2L	16075608	16075532	Deletion	76
2L	16075608	16075549	Deletion	59
2L	16075608	16075571	Deletion	37
2L	16075608	16075578	Deletion	30
2L	16080789	16080739	Deletion	50
2L	16080856	16080739	Deletion	117
2L	16080849	16080739	Deletion	110
2L	16080788	16080739	Deletion	49
2L	16080828	16080739	Deletion	89
2L	16080859	16080739	Deletion	120
2L	16080806	16080739	Deletion	67
2L	16080861	16080739	Deletion	122
2L	16080835	16080739	Deletion	96
2L	16080849	16080739	Deletion	110
2L	16081286	16081200	Deletion	86
2L	16081286	16081201	Deletion	85
2L	16081286	16081217	Deletion	69
2L	16081498	16081398	Deletion	100
2L	16081456	16081398	Deletion	58
2L	16081440	16081398	Deletion	42
2L	16081439	16081398	Deletion	41
2L	16087154	16087032	Deletion	122
2L	16087154	16087073	Deletion	81
2L	16087154	16087083	Deletion	71
2L	16087154	16087083	Deletion	71
2L	16087154	16087090	Deletion	64
2L	16087154	16087091	Deletion	63
2L	16087154	16087116	Deletion	38
2L	16090236	16090173	Deletion	63
2L	16090228	16090173	Deletion	55
2L	16090218	16090173	Deletion	45
2L	16090261	16090173	Deletion	88
2L	16090228	16090173	Deletion	55
2L	16090235	16090173	Deletion	62
2L	16092127	16092018	Deletion	109
2L	16092127	16092041	Deletion	86
2L	16092127	16092041	Deletion	86
2L	16092127	16092046	Deletion	81
2L	16092127	16092062	Deletion	65
2L	16092127	16092073	Deletion	54
2L	16092127	16092096	Deletion	31
2L	16093245	16093127	Deletion	118
2L	16093168	16093127	Deletion	41
2L	16093200	16093127	Deletion	73
2L	16093189	16093127	Deletion	62
2L	16093168	16093127	Deletion	41
2L	16093223	16093127	Deletion	96
2L	16093173	16093127	Deletion	46
2L	16099661	16099555	Deletion	106
2L	16099661	16099576	Deletion	85
2L	16099661	16099601	Deletion	60
2L	16099837	16099723	Deletion	114
2L	16099791	16099723	Deletion	68
2L	16099766	16099723	Deletion	43
2L	16099837	16099723	Deletion	114
2L	16103314	16103193	Deletion	121
2L	16105573	16105451	Deletion	122
2L	16108222	16108108	Deletion	114
2L	16108222	16108109	Deletion	113
2L	16108222	16108176	Deletion	46
2L	16110906	16110824	Deletion	82
2L	16110943	16110824	Deletion	119
2L	16111155	16111057	Deletion	98
2L	16111155	16111070	Deletion	85
2L	16111155	16111108	Deletion	47
2L	16111155	16111122	Deletion	33
2L	16127722	16127680	Deletion	42
2L	16127774	16127680	Deletion	94
2L	16127760	16127680	Deletion	80
2L	16131147	16131025	Deletion	122
2L	16141470	16141408	Deletion	62
2L	16143744	16143708	Deletion	36
2L	16144487	16144366	Deletion	121
2L	16145202	16145116	Deletion	86
2L	16146358	16146316	Deletion	42
2L	16148430	16148395	Deletion	35
2L	16154157	16154110	Deletion	47
2L	16154252	16154167	Deletion	85
2L	16154252	16154185	Deletion	67
2L	16156065	16155950	Deletion	115
2L	16156985	16156901	Deletion	84
2L	16161912	16161798	Deletion	114
2L	16161889	16161798	Deletion	91
2L	16161910	16161798	Deletion	112
2L	16162173	16162123	Deletion	50
2L	16162173	16162140	Deletion	33
2L	16167904	16167826	Deletion	78
2L	16167921	16167826	Deletion	95
2L	16167929	16167826	Deletion	103
2L	16169020	16168900	Deletion	120
2L	16170892	16170768	Deletion	124
2L	16170892	16170774	Deletion	118
2L	16170892	16170774	Deletion	118
2L	16170892	16170783	Deletion	109
2L	16170892	16170825	Deletion	67
2L	16170892	16170826	Deletion	66
2L	16170892	16170849	Deletion	43
2L	16181120	16181090	Deletion	30
2L	16181120	16181090	Deletion	30
2L	16181120	16181090	Deletion	30
2L	16181120	16181090	Deletion	30
2L	16182583	16182551	Deletion	32
2L	16182664	16182551	Deletion	113
2L	16182606	16182551	Deletion	55
2L	16182582	16182551	Deletion	31
2L	16182635	16182551	Deletion	84
2L	16197596	16197475	Deletion	121
2L	16197596	16197482	Deletion	114
2L	16197596	16197487	Deletion	109
2L	16197596	16197558	Deletion	38
2L	16197596	16197559	Deletion	37
2L	16199408	16199318	Deletion	90
2L	16199429	16199318	Deletion	111
2L	16199407	16199318	Deletion	89
2L	16201659	16201558	Deletion	101
2L	16201659	16201576	Deletion	83
2L	16201659	16201585	Deletion	74
2L	16201659	16201610	Deletion	49
2L	16201762	16201709	Deletion	53
2L	16201787	16201709	Deletion	78
2L	16201753	16201709	Deletion	44
2L	16206284	16206188	Deletion	96
2L	16206284	16206193	Deletion	91
2L	16218232	16218193	Deletion	39
2L	16218227	16218193	Deletion	34
2L	16225269	16225153	Deletion	116
2L	16225269	16225161	Deletion	108
2L	16225269	16225163	Deletion	106
2L	16225269	16225165	Deletion	104
2L	16225269	16225193	Deletion	76
2L	16225269	16225210	Deletion	59
2L	16225269	16225225	Deletion	44
2L	16225269	16225237	Deletion	32
2L	16225724	16225674	Deletion	50
2L	16225785	16225674	Deletion	111
2L	16225741	16225674	Deletion	67
2L	16225768	16225674	Deletion	94
2L	16225756	16225677	Deletion	79
2L	16237794	16237721	Deletion	73
2L	16237793	16237725	Deletion	68
2L	16237794	16237738	Deletion	56
2L	16237794	16237746	Deletion	48
2L	16237794	16237751	Deletion	43
2L	16243652	16243569	Deletion	83
2L	16243639	16243569	Deletion	70
2L	16243626	16243569	Deletion	57
2L	16243688	16243569	Deletion	119
2L	16243622	16243569	Deletion	53
2L	16243647	16243569	Deletion	78
2L	16256288	16256186	Deletion	102
2L	16256288	16256211	Deletion	77
2L	16256288	16256213	Deletion	75
2L	16256288	16256252	Deletion	36
2L	16256288	16256256	Deletion	32
2L	16263358	16263242	Deletion	116
2L	16263291	16263242	Deletion	49
2L	16263357	16263242	Deletion	115
2L	16263293	16263242	Deletion	51
2L	16263332	16263242	Deletion	90
2L	16263336	16263242	Deletion	94
2L	16263361	16263242	Deletion	119
2L	16263339	16263242	Deletion	97
2L	16270753	16270651	Deletion	102
2L	16270753	16270716	Deletion	37
2L	16270753	16270719	Deletion	34
2L	16271061	16270972	Deletion	89
2L	16271064	16270972	Deletion	92
2L	16278159	16278041	Deletion	118
2L	16278159	16278076	Deletion	83
2L	16278159	16278128	Deletion	31
2L	16280871	16280770	Deletion	101
2L	16280888	16280770	Deletion	118
2L	16280876	16280770	Deletion	106
2L	16291871	16291747	Deletion	124
2L	16291871	16291761	Deletion	110
2L	16291871	16291784	Deletion	87
2L	16291871	16291813	Deletion	58
2L	16291871	16291817	Deletion	54
2L	16291871	16291828	Deletion	43
2L	16291871	16291828	Deletion	43
2L	16291871	16291840	Deletion	31
2L	16297120	16297035	Deletion	85
2L	16297105	16297035	Deletion	70
2L	16297076	16297035	Deletion	41
2L	16297132	16297035	Deletion	97
2L	16297109	16297035	Deletion	74
2L	16297120	16297035	Deletion	85
2L	16297151	16297035	Deletion	116
2L	16302958	16302890	Deletion	68
2L	16302958	16302909	Deletion	49
2L	16302958	16302912	Deletion	46
2L	16307768	16307691	Deletion	77
2L	16307795	16307691	Deletion	104
2L	16307771	16307691	Deletion	80
2L	16307749	16307691	Deletion	58
2L	16313645	16313528	Deletion	117
2L	16321837	16321730	Deletion	107
2L	16321837	16321795	Deletion	42
2L	16343357	16343273	Deletion	84
2L	16371280	16371158	Deletion	122
2L	16371280	16371169	Deletion	111
2L	16371280	16371171	Deletion	109
2L	16371280	16371197	Deletion	83
2L	16371280	16371199	Deletion	81
2L	16371280	16371214	Deletion	66
2L	16371280	16371215	Deletion	65
2L	16371280	16371217	Deletion	63
2L	16371280	16371223	Deletion	57
2L	16374949	16374887	Deletion	62
2L	16374957	16374887	Deletion	70
2L	16375000	16374887	Deletion	113
2L	16375000	16374887	Deletion	113
2L	16374951	16374887	Deletion	64
2L	16374931	16374887	Deletion	44
2L	16374948	16374887	Deletion	61
2L	16374987	16374887	Deletion	100
2L	16374933	16374887	Deletion	46
2L	16380171	16380052	Deletion	119
2L	16380171	16380062	Deletion	109
2L	16380171	16380062	Deletion	109
2L	16380171	16380065	Deletion	106
2L	16380171	16380078	Deletion	93
2L	16380171	16380097	Deletion	74
2L	16380171	16380135	Deletion	36
2L	16381942	16381906	Deletion	36
2L	16381999	16381906	Deletion	93
2L	16382028	16381906	Deletion	122
2L	16381961	16381906	Deletion	55
2L	16388156	16388046	Deletion	110
2L	16388156	16388052	Deletion	104
2L	16388156	16388063	Deletion	93
2L	16388156	16388063	Deletion	93
2L	16388156	16388075	Deletion	81
2L	16388156	16388076	Deletion	80
2L	16388156	16388087	Deletion	69
2L	16388156	16388089	Deletion	67
2L	16388156	16388089	Deletion	67
2L	16388156	16388093	Deletion	63
2L	16388803	16388770	Deletion	33
2L	16388829	16388770	Deletion	59
2L	16388803	16388770	Deletion	33
2L	16388833	16388770	Deletion	63
2L	16388827	16388770	Deletion	57
2L	16388816	16388770	Deletion	46
2L	16388815	16388770	Deletion	45
2L	16388829	16388770	Deletion	59
2L	16402565	16402450	Deletion	115
2L	16402565	16402498	Deletion	67
2L	16402565	16402501	Deletion	64
2L	16402565	16402505	Deletion	60
2L	16402565	16402510	Deletion	55
2L	16402565	16402513	Deletion	52
2L	16404669	16404601	Deletion	68
2L	16404657	16404601	Deletion	56
2L	16404664	16404601	Deletion	63
2L	16404672	16404601	Deletion	71
2L	16404660	16404601	Deletion	59
2L	16431750	16431628	Deletion	122
2L	16431750	16431671	Deletion	79
2L	16431750	16431702	Deletion	48
2L	16431750	16431703	Deletion	47
2L	16431750	16431703	Deletion	47
2L	16431958	16431895	Deletion	63
2L	16431943	16431895	Deletion	48
2L	16431958	16431895	Deletion	63
2L	16431958	16431895	Deletion	63
2L	16431958	16431898	Deletion	60
2L	16431958	16431900	Deletion	58
2L	16431958	16431910	Deletion	48
2L	16432681	16432615	Deletion	66
2L	16432683	16432615	Deletion	68
2L	16432693	16432615	Deletion	78
2L	16434372	16434259	Deletion	113
2L	16434372	16434266	Deletion	106
2L	16434372	16434295	Deletion	77
2L	16434372	16434301	Deletion	71
2L	16434372	16434307	Deletion	65
2L	16434372	16434327	Deletion	45
2L	16434372	16434339	Deletion	33
2L	16434372	16434340	Deletion	32
2L	16438417	16438323	Deletion	94
2L	16438416	16438323	Deletion	93
2L	16438372	16438323	Deletion	49
2L	16438378	16438323	Deletion	55
2L	16438404	16438323	Deletion	81
2L	16438384	16438323	Deletion	61
2L	16438421	16438323	Deletion	98
2L	16447826	16447733	Deletion	93
2L	16447826	16447789	Deletion	37
2L	16447826	16447796	Deletion	30
2L	16449765	16449732	Deletion	33
2L	16449848	16449732	Deletion	116
2L	16449821	16449732	Deletion	89
2L	16449828	16449732	Deletion	96
2L	16450785	16450680	Deletion	105
2L	16450785	16450704	Deletion	81
2L	16450785	16450724	Deletion	61
2L	16450785	16450729	Deletion	56
2L	16450785	16450729	Deletion	56
2L	16450785	16450745	Deletion	40
2L	16482627	16482554	Deletion	73
2L	16482602	16482554	Deletion	48
2L	16482627	16482554	Deletion	73
2L	16482643	16482554	Deletion	89
2L	16482664	16482554	Deletion	110
2L	16482622	16482554	Deletion	68
2L	16486600	16486507	Deletion	93
2L	16486600	16486512	Deletion	88
2L	16486787	16486684	Deletion	103
2L	16486722	16486684	Deletion	38
2L	16486797	16486684	Deletion	113
2L	16486808	16486684	Deletion	124
2L	16486717	16486684	Deletion	33
2L	16513813	16513768	Deletion	45
2L	16513876	16513826	Deletion	50
2L	16514474	16514362	Deletion	112
2L	16514603	16514480	Deletion	123
2L	16514512	16514480	Deletion	32
2L	16514870	16514771	Deletion	99
2L	16526297	16526210	Deletion	87
2L	16526312	16526210	Deletion	102
2L	16526309	16526210	Deletion	99
2L	16526310	16526210	Deletion	100
2L	16526280	16526210	Deletion	70
2L	16526315	16526210	Deletion	105
2L	16526334	16526210	Deletion	124
2L	16526282	16526210	Deletion	72
2L	16526304	16526214	Deletion	90
2L	16536936	16536817	Deletion	119
2L	16536936	16536847	Deletion	89
2L	16536936	16536849	Deletion	87
2L	16536936	16536862	Deletion	74
2L	16536936	16536876	Deletion	60
2L	16536936	16536894	Deletion	42
2L	16537452	16537384	Deletion	68
2L	16537425	16537384	Deletion	41
2L	16537423	16537384	Deletion	39
2L	16537438	16537384	Deletion	54
2L	16537470	16537384	Deletion	86
2L	16538749	16538639	Deletion	110
2L	16538749	16538648	Deletion	101
2L	16538749	16538689	Deletion	60
2L	16539389	16539297	Deletion	92
2L	16539363	16539297	Deletion	66
2L	16539839	16539781	Deletion	58
2L	16539839	16539807	Deletion	32
2L	16540025	16539957	Deletion	68
2L	16540051	16539957	Deletion	94
2L	16555059	16554939	Deletion	120
2L	16555059	16554973	Deletion	86
2L	16555059	16554973	Deletion	86
2L	16555059	16554980	Deletion	79
2L	16572964	16572922	Deletion	42
2L	16572971	16572922	Deletion	49
2L	16572964	16572922	Deletion	42
2L	16575853	16575739	Deletion	114
2L	16575853	16575759	Deletion	94
2L	16575853	16575763	Deletion	90
2L	16575853	16575767	Deletion	86
2L	16575853	16575823	Deletion	30
2L	16576827	16576712	Deletion	115
2L	16576752	16576712	Deletion	40
2L	16576748	16576712	Deletion	36
2L	16576808	16576712	Deletion	96
2L	16576832	16576712	Deletion	120
2L	16576744	16576712	Deletion	32
2L	16581368	16581246	Deletion	122
2L	16581987	16581866	Deletion	121
2L	16583628	16583512	Deletion	116
2L	16583628	16583528	Deletion	100
2L	16583628	16583531	Deletion	97
2L	16583628	16583548	Deletion	80
2L	16583628	16583560	Deletion	68
2L	16583628	16583583	Deletion	45
2L	16590093	16590062	Deletion	31
2L	16590122	16590062	Deletion	60
2L	16590170	16590062	Deletion	108
2L	16590145	16590062	Deletion	83
2L	16590110	16590062	Deletion	48
2L	16597025	16596921	Deletion	104
2L	16597025	16596943	Deletion	82
2L	16597024	16596974	Deletion	50
2L	16597025	16596992	Deletion	33
2L	16604893	16604795	Deletion	98
2L	16604916	16604795	Deletion	121
2L	16604870	16604795	Deletion	75
2L	16604839	16604795	Deletion	44
2L	16604888	16604795	Deletion	93
2L	16608706	16608587	Deletion	119
2L	16608706	16608607	Deletion	99
2L	16608706	16608674	Deletion	32
2L	16608853	16608759	Deletion	94
2L	16608859	16608759	Deletion	100
2L	16624459	16624340	Deletion	119
2L	16624459	16624414	Deletion	45
2L	16624459	16624423	Deletion	36
2L	16624783	16624664	Deletion	119
2L	16624764	16624664	Deletion	100
2L	16624771	16624664	Deletion	107
2L	16624745	16624664	Deletion	81
2L	16624754	16624664	Deletion	90
2L	16624770	16624664	Deletion	106
2L	16627902	16627780	Deletion	122
2L	16641209	16641093	Deletion	116
2L	16642665	16642544	Deletion	121
2L	16642665	16642562	Deletion	103
2L	16642665	16642601	Deletion	64
2L	16642665	16642612	Deletion	53
2L	16642665	16642631	Deletion	34
2L	16646140	16646067	Deletion	73
2L	16646129	16646067	Deletion	62
2L	16646159	16646067	Deletion	92
2L	16646191	16646067	Deletion	124
2L	16651251	16651153	Deletion	98
2L	16651251	16651158	Deletion	93
2L	16651251	16651170	Deletion	81
2L	16651251	16651199	Deletion	52
2L	16651251	16651199	Deletion	52
2L	16651608	16651534	Deletion	74
2L	16651579	16651534	Deletion	45
2L	16651645	16651534	Deletion	111
2L	16651608	16651534	Deletion	74
2L	16651642	16651537	Deletion	105
2L	16664753	16664657	Deletion	96
2L	16664753	16664658	Deletion	95
2L	16664753	16664661	Deletion	92
2L	16664753	16664662	Deletion	91
2L	16664753	16664715	Deletion	38
2L	16665468	16665433	Deletion	35
2L	16665463	16665433	Deletion	30
2L	16665467	16665433	Deletion	34
2L	16665464	16665433	Deletion	31
2L	16665521	16665433	Deletion	88
2L	16689717	16689634	Deletion	83
2L	16689717	16689656	Deletion	61
2L	16689717	16689671	Deletion	46
2L	16691300	16691235	Deletion	65
2L	16691315	16691235	Deletion	80
2L	16691352	16691235	Deletion	117
2L	16691278	16691235	Deletion	43
2L	16692244	16692121	Deletion	123
2L	16692244	16692149	Deletion	95
2L	16692244	16692161	Deletion	83
2L	16692244	16692198	Deletion	46
2L	16692244	16692208	Deletion	36
2L	16693583	16693492	Deletion	91
2L	16693573	16693492	Deletion	81
2L	16693536	16693492	Deletion	44
2L	16721975	16721866	Deletion	109
2L	16721975	16721868	Deletion	107
2L	16721975	16721928	Deletion	47
2L	16721975	16721928	Deletion	47
2L	16721975	16721943	Deletion	32
2L	16722290	16722196	Deletion	94
2L	16722298	16722196	Deletion	102
2L	16722275	16722196	Deletion	79
2L	16722275	16722196	Deletion	79
2L	16722309	16722201	Deletion	108
2L	16725001	16724879	Deletion	122
2L	16730108	16729986	Deletion	122
2L	16742280	16742168	Deletion	112
2L	16742280	16742211	Deletion	69
2L	16742280	16742211	Deletion	69
2L	16749942	16749845	Deletion	97
2L	16749902	16749845	Deletion	57
2L	16749954	16749845	Deletion	109
2L	16749902	16749845	Deletion	57
2L	16750959	16750838	Deletion	121
2L	16753483	16753359	Deletion	124
2L	16754512	16754390	Deletion	122
2L	16755674	16755565	Deletion	109
2L	16755674	16755584	Deletion	90
2L	16755674	16755587	Deletion	87
2L	16756495	16756455	Deletion	40
2L	16756492	16756455	Deletion	37
2L	16781397	16781274	Deletion	123
2L	16781397	16781303	Deletion	94
2L	16781397	16781317	Deletion	80
2L	16781397	16781327	Deletion	70
2L	16781397	16781331	Deletion	66
2L	16781397	16781354	Deletion	43
2L	16782765	16782718	Deletion	47
2L	16782751	16782718	Deletion	33
2L	16782802	16782718	Deletion	84
2L	16782775	16782718	Deletion	57
2L	16782779	16782718	Deletion	61
2L	16788134	16788024	Deletion	110
2L	16788134	16788057	Deletion	77
2L	16788134	16788088	Deletion	46
2L	16788134	16788089	Deletion	45
2L	16788134	16788098	Deletion	36
2L	16788264	16788184	Deletion	80
2L	16788290	16788184	Deletion	106
2L	16788233	16788184	Deletion	49
2L	16788265	16788184	Deletion	81
2L	16788274	16788184	Deletion	90
2L	16813618	16813541	Deletion	77
2L	16813618	16813545	Deletion	73
2L	16813618	16813558	Deletion	60
2L	16813618	16813581	Deletion	37
2L	16817493	16817444	Deletion	49
2L	16817497	16817444	Deletion	53
2L	16817510	16817444	Deletion	66
2L	16817533	16817444	Deletion	89
2L	16823376	16823258	Deletion	118
2L	16823376	16823264	Deletion	112
2L	16823376	16823266	Deletion	110
2L	16823376	16823278	Deletion	98
2L	16823376	16823288	Deletion	88
2L	16823376	16823313	Deletion	63
2L	16823376	16823323	Deletion	53
2L	16823376	16823338	Deletion	38
2L	16828557	16828494	Deletion	63
2L	16828603	16828494	Deletion	109
2L	16828582	16828494	Deletion	88
2L	16828567	16828494	Deletion	73
2L	16828532	16828494	Deletion	38
2L	16838679	16838580	Deletion	99
2L	16840668	16840547	Deletion	121
2L	16855544	16855422	Deletion	122
2L	16873005	16872899	Deletion	106
2L	16873792	16873694	Deletion	98
2L	16880958	16880837	Deletion	121
2L	16880958	16880854	Deletion	104
2L	16880958	16880883	Deletion	75
2L	16880958	16880888	Deletion	70
2L	16880958	16880903	Deletion	55
2L	16880958	16880923	Deletion	35
2L	16887132	16887061	Deletion	71
2L	16887117	16887061	Deletion	56
2L	16887152	16887061	Deletion	91
2L	16887112	16887061	Deletion	51
2L	16887414	16887299	Deletion	115
2L	16887414	16887321	Deletion	93
2L	16887414	16887336	Deletion	78
2L	16887414	16887344	Deletion	70
2L	16887414	16887379	Deletion	35
2L	16898804	16898695	Deletion	109
2L	16898752	16898695	Deletion	57
2L	16898729	16898695	Deletion	34
2L	16898744	16898695	Deletion	49
2L	16898787	16898695	Deletion	92
2L	16902762	16902641	Deletion	121
2L	16908658	16908545	Deletion	113
2L	16908658	16908554	Deletion	104
2L	16908658	16908589	Deletion	69
2L	16908658	16908615	Deletion	43
2L	16908658	16908623	Deletion	35
2L	16908955	16908898	Deletion	57
2L	16908981	16908898	Deletion	83
2L	16908989	16908898	Deletion	91
2L	16909019	16908898	Deletion	121
2L	16909013	16908898	Deletion	115
2L	16911391	16911339	Deletion	52
2L	16916394	16916318	Deletion	76
2L	16916552	16916443	Deletion	109
2L	16916552	16916448	Deletion	104
2L	16916552	16916460	Deletion	92
2L	16916552	16916511	Deletion	41
2L	16916552	16916512	Deletion	40
2L	16925488	16925403	Deletion	85
2L	16925437	16925403	Deletion	34
2L	16925489	16925403	Deletion	86
2L	16925519	16925403	Deletion	116
2L	16929424	16929302	Deletion	122
2L	16929424	16929321	Deletion	103
2L	16929424	16929337	Deletion	87
2L	16929424	16929343	Deletion	81
2L	16929424	16929354	Deletion	70
2L	16929424	16929355	Deletion	69
2L	16929424	16929357	Deletion	67
2L	16929424	16929372	Deletion	52
2L	16929924	16929867	Deletion	57
2L	16929942	16929867	Deletion	75
2L	16929983	16929867	Deletion	116
2L	16929907	16929867	Deletion	40
2L	16929927	16929867	Deletion	60
2L	16929925	16929867	Deletion	58
2L	16929913	16929867	Deletion	46
2L	16936947	16936823	Deletion	124
2L	16948260	16948138	Deletion	122
2L	16957452	16957328	Deletion	124
2L	16959241	16959168	Deletion	73
2L	16973044	16972923	Deletion	121
2L	16973044	16972951	Deletion	93
2L	16973044	16972963	Deletion	81
2L	16973974	16973875	Deletion	99
2L	16973908	16973875	Deletion	33
2L	16973920	16973875	Deletion	45
2L	16977552	16977430	Deletion	122
2L	17009016	17008924	Deletion	92
2L	17009016	17008946	Deletion	70
2L	17009016	17008949	Deletion	67
2L	17009016	17008972	Deletion	44
2L	17009016	17008973	Deletion	43
2L	17009016	17008980	Deletion	36
2L	17009653	17009619	Deletion	34
2L	17009675	17009619	Deletion	56
2L	17009701	17009619	Deletion	82
2L	17009678	17009619	Deletion	59
2L	17009709	17009619	Deletion	90
2L	17009737	17009619	Deletion	118
2L	17009702	17009619	Deletion	83
2L	17025424	17025312	Deletion	112
2L	17025424	17025372	Deletion	52
2L	17025608	17025534	Deletion	74
2L	17025656	17025534	Deletion	122
2L	17054013	17053922	Deletion	91
2L	17054013	17053940	Deletion	73
2L	17054013	17053954	Deletion	59
2L	17054013	17053960	Deletion	53
2L	17054013	17053971	Deletion	42
2L	17054013	17053975	Deletion	38
2L	17056031	17055975	Deletion	56
2L	17056045	17055975	Deletion	70
2L	17056066	17055975	Deletion	91
2L	17056013	17055975	Deletion	38
2L	17056062	17055975	Deletion	87
2L	17056051	17055975	Deletion	76
2L	17059047	17058928	Deletion	119
2L	17059047	17058930	Deletion	117
2L	17059047	17058956	Deletion	91
2L	17059047	17058962	Deletion	85
2L	17061758	17061716	Deletion	42
2L	17061833	17061716	Deletion	117
2L	17061752	17061716	Deletion	36
2L	17076612	17076504	Deletion	108
2L	17076612	17076519	Deletion	93
2L	17076612	17076524	Deletion	88
2L	17076612	17076546	Deletion	66
2L	17076855	17076749	Deletion	106
2L	17076810	17076749	Deletion	61
2L	17076783	17076749	Deletion	34
2L	17076788	17076749	Deletion	39
2L	17082350	17082287	Deletion	63
2L	17084886	17084763	Deletion	123
2L	17084874	17084763	Deletion	111
2L	17084826	17084763	Deletion	63
2L	17084884	17084763	Deletion	121
2L	17084882	17084763	Deletion	119
2L	17084887	17084763	Deletion	124
2L	17085838	17085744	Deletion	94
2L	17085838	17085769	Deletion	69
2L	17085838	17085770	Deletion	68
2L	17085838	17085789	Deletion	49
2L	17086152	17086075	Deletion	77
2L	17086133	17086075	Deletion	58
2L	17086132	17086075	Deletion	57
2L	17086107	17086075	Deletion	32
2L	17093345	17093301	Deletion	44
2L	17093345	17093305	Deletion	40
2L	17134012	17133930	Deletion	82
2L	17134048	17133930	Deletion	118
2L	17134016	17133930	Deletion	86
2L	17141387	17141325	Deletion	62
2L	17141387	17141335	Deletion	52
2L	17141387	17141346	Deletion	41
2L	17141387	17141349	Deletion	38
2L	17143912	17143808	Deletion	104
2L	17143896	17143808	Deletion	88
2L	17143872	17143808	Deletion	64
2L	17143882	17143808	Deletion	74
2L	17143931	17143808	Deletion	123
2L	17143893	17143808	Deletion	85
2L	17146567	17146489	Deletion	78
2L	17148395	17148333	Deletion	62
2L	17151241	17151128	Deletion	113
2L	17151899	17151839	Deletion	60
2L	17157761	17157664	Deletion	97
2L	17157761	17157666	Deletion	95
2L	17157761	17157698	Deletion	63
2L	17157759	17157711	Deletion	48
2L	17159531	17159455	Deletion	76
2L	17159565	17159455	Deletion	110
2L	17159486	17159455	Deletion	31
2L	17159553	17159455	Deletion	98
2L	17159518	17159455	Deletion	63
2L	17176648	17176527	Deletion	121
2L	17177356	17177256	Deletion	100
2L	17177356	17177260	Deletion	96
2L	17177356	17177269	Deletion	87
2L	17177356	17177278	Deletion	78
2L	17177356	17177288	Deletion	68
2L	17177356	17177293	Deletion	63
2L	17177356	17177299	Deletion	57
2L	17177356	17177323	Deletion	33
2L	17179208	17179160	Deletion	48
2L	17179253	17179160	Deletion	93
2L	17179223	17179160	Deletion	63
2L	17179199	17179160	Deletion	39
2L	17179218	17179160	Deletion	58
2L	17179229	17179160	Deletion	69
2L	17182213	17182093	Deletion	120
2L	17190524	17190398	Deletion	126
2L	17195074	17194950	Deletion	124
2L	17195074	17194968	Deletion	106
2L	17195074	17194969	Deletion	105
2L	17195074	17195029	Deletion	45
2L	17195224	17195124	Deletion	100
2L	17195205	17195124	Deletion	81
2L	17202487	17202392	Deletion	95
2L	17202487	17202408	Deletion	79
2L	17202487	17202415	Deletion	72
2L	17202487	17202446	Deletion	41
2L	17202935	17202821	Deletion	114
2L	17202868	17202821	Deletion	47
2L	17202875	17202821	Deletion	54
2L	17202906	17202821	Deletion	85
2L	17202852	17202821	Deletion	31
2L	17210037	17209917	Deletion	120
2L	17210037	17209955	Deletion	82
2L	17210037	17209984	Deletion	53
2L	17210037	17209988	Deletion	49
2L	17210037	17210000	Deletion	37
2L	17210261	17210172	Deletion	89
2L	17210245	17210172	Deletion	73
2L	17210249	17210172	Deletion	77
2L	17210216	17210172	Deletion	44
2L	17210285	17210172	Deletion	113
2L	17218036	17217914	Deletion	122
2L	17218036	17217952	Deletion	84
2L	17218036	17217957	Deletion	79
2L	17218036	17217990	Deletion	46
2L	17218036	17217996	Deletion	40
2L	17223062	17222946	Deletion	116
2L	17222994	17222946	Deletion	48
2L	17222989	17222946	Deletion	43
2L	17223033	17222946	Deletion	87
2L	17223044	17222946	Deletion	98
2L	17223060	17222946	Deletion	114
2L	17223027	17222946	Deletion	81
2L	17226657	17226540	Deletion	117
2L	17226657	17226557	Deletion	100
2L	17226657	17226615	Deletion	42
2L	17226841	17226739	Deletion	102
2L	17226826	17226739	Deletion	87
2L	17226859	17226739	Deletion	120
2L	17229899	17229806	Deletion	93
2L	17229899	17229818	Deletion	81
2L	17229899	17229824	Deletion	75
2L	17229899	17229824	Deletion	75
2L	17229899	17229850	Deletion	49
2L	17229899	17229855	Deletion	44
2L	17230032	17229950	Deletion	82
2L	17230061	17229950	Deletion	111
2L	17229983	17229950	Deletion	33
2L	17229995	17229950	Deletion	45
2L	17230027	17229950	Deletion	77
2L	17230001	17229950	Deletion	51
2L	17230001	17229950	Deletion	51
2L	17240786	17240681	Deletion	105
2L	17240786	17240702	Deletion	84
2L	17240786	17240707	Deletion	79
2L	17240786	17240720	Deletion	66
2L	17240786	17240737	Deletion	49
2L	17240786	17240749	Deletion	37
2L	17244544	17244466	Deletion	78
2L	17244556	17244466	Deletion	90
2L	17244509	17244466	Deletion	43
2L	17244527	17244466	Deletion	61
2L	17244514	17244466	Deletion	48
2L	17245142	17245059	Deletion	83
2L	17245142	17245098	Deletion	44
2L	17249380	17249298	Deletion	82
2L	17249341	17249298	Deletion	43
2L	17252394	17252275	Deletion	119
2L	17252394	17252289	Deletion	105
2L	17252394	17252303	Deletion	91
2L	17252394	17252310	Deletion	84
2L	17252394	17252352	Deletion	42
2L	17256134	17256060	Deletion	74
2L	17256154	17256060	Deletion	94
2L	17256166	17256060	Deletion	106
2L	17256092	17256060	Deletion	32
2L	17259905	17259781	Deletion	124
2L	17273625	17273574	Deletion	51
2L	17275550	17275486	Deletion	64
2L	17276020	17275921	Deletion	99
2L	17277829	17277721	Deletion	108
2L	17277829	17277731	Deletion	98
2L	17277961	17277917	Deletion	44
2L	17285418	17285295	Deletion	123
2L	17285418	17285319	Deletion	99
2L	17285413	17285373	Deletion	40
2L	17288635	17288522	Deletion	113
2L	17288603	17288522	Deletion	81
2L	17301546	17301431	Deletion	115
2L	17301546	17301456	Deletion	90
2L	17301546	17301471	Deletion	75
2L	17301546	17301472	Deletion	74
2L	17301546	17301480	Deletion	66
2L	17301546	17301482	Deletion	64
2L	17301546	17301485	Deletion	61
2L	17301546	17301495	Deletion	51
2L	17301546	17301497	Deletion	49
2L	17301546	17301502	Deletion	44
2L	17301546	17301503	Deletion	43
2L	17301546	17301510	Deletion	36
2L	17305074	17304984	Deletion	90
2L	17305046	17304984	Deletion	62
2L	17305089	17304984	Deletion	105
2L	17305049	17304984	Deletion	65
2L	17305044	17304984	Deletion	60
2L	17305020	17304984	Deletion	36
2L	17305036	17304984	Deletion	52
2L	17305059	17304984	Deletion	75
2L	17305066	17304984	Deletion	82
2L	17305061	17304984	Deletion	77
2L	17305035	17304984	Deletion	51
2L	17305067	17304984	Deletion	83
2L	17306367	17306247	Deletion	120
2L	17306367	17306273	Deletion	94
2L	17306367	17306321	Deletion	46
2L	17306704	17306624	Deletion	80
2L	17306656	17306624	Deletion	32
2L	17306739	17306624	Deletion	115
2L	17306742	17306624	Deletion	118
2L	17319092	17318996	Deletion	96
2L	17319089	17319000	Deletion	89
2L	17319090	17319012	Deletion	78
2L	17319092	17319018	Deletion	74
2L	17334669	17334545	Deletion	124
2L	17334597	17334545	Deletion	52
2L	17334575	17334545	Deletion	30
2L	17334665	17334545	Deletion	120
2L	17334591	17334545	Deletion	46
2L	17334579	17334545	Deletion	34
2L	17336509	17336387	Deletion	122
2L	17337763	17337678	Deletion	85
2L	17337763	17337714	Deletion	49
2L	17338084	17338043	Deletion	41
2L	17338120	17338043	Deletion	77
2L	17361713	17361610	Deletion	103
2L	17361713	17361622	Deletion	91
2L	17361713	17361644	Deletion	69
2L	17361713	17361671	Deletion	42
2L	17364088	17364031	Deletion	57
2L	17364066	17364031	Deletion	35
2L	17364115	17364031	Deletion	84
2L	17365456	17365336	Deletion	120
2L	17365456	17365371	Deletion	85
2L	17365456	17365403	Deletion	53
2L	17369304	17369231	Deletion	73
2L	17369272	17369231	Deletion	41
2L	17369347	17369231	Deletion	116
2L	17369341	17369231	Deletion	110
2L	17369348	17369231	Deletion	117
2L	17370085	17369974	Deletion	111
2L	17370088	17370025	Deletion	63
2L	17370088	17370038	Deletion	50
2L	17370088	17370054	Deletion	34
2L	17381566	17381460	Deletion	106
2L	17381537	17381460	Deletion	77
2L	17381524	17381460	Deletion	64
2L	17381553	17381460	Deletion	93
2L	17382011	17381900	Deletion	111
2L	17382011	17381901	Deletion	110
2L	17382011	17381905	Deletion	106
2L	17382011	17381974	Deletion	37
2L	17382421	17382332	Deletion	89
2L	17382436	17382332	Deletion	104
2L	17385102	17384999	Deletion	103
2L	17385102	17385013	Deletion	89
2L	17385102	17385023	Deletion	79
2L	17385102	17385026	Deletion	76
2L	17385102	17385029	Deletion	73
2L	17398196	17398148	Deletion	48
2L	17398199	17398148	Deletion	51
2L	17398186	17398148	Deletion	38
2L	17398202	17398148	Deletion	54
2L	17406115	17406029	Deletion	86
2L	17406115	17406060	Deletion	55
2L	17406115	17406068	Deletion	47
2L	17416168	17416124	Deletion	44
2L	17416199	17416124	Deletion	75
2L	17416237	17416124	Deletion	113
2L	17416233	17416124	Deletion	109
2L	17416207	17416124	Deletion	83
2L	17416233	17416124	Deletion	109
2L	17416237	17416124	Deletion	113
2L	17437641	17437525	Deletion	116
2L	17437637	17437528	Deletion	109
2L	17437641	17437560	Deletion	81
2L	17437641	17437565	Deletion	76
2L	17437641	17437572	Deletion	69
2L	17442869	17442823	Deletion	46
2L	17442874	17442823	Deletion	51
2L	17442881	17442823	Deletion	58
2L	17442937	17442827	Deletion	110
2L	17444630	17444541	Deletion	89
2L	17444630	17444562	Deletion	68
2L	17444630	17444584	Deletion	46
2L	17487652	17487615	Deletion	37
2L	17487673	17487615	Deletion	58
2L	17487695	17487615	Deletion	80
2L	17487730	17487615	Deletion	115
2L	17487736	17487615	Deletion	121
2L	17487729	17487615	Deletion	114
2L	17489071	17488985	Deletion	86
2L	17489071	17488989	Deletion	82
2L	17489071	17489014	Deletion	57
2L	17489071	17489027	Deletion	44
2L	17489993	17489882	Deletion	111
2L	17489959	17489882	Deletion	77
2L	17489934	17489882	Deletion	52
2L	17489972	17489882	Deletion	90
2L	17489930	17489882	Deletion	48
2L	17493844	17493723	Deletion	121
2L	17493844	17493723	Deletion	121
2L	17493844	17493727	Deletion	117
2L	17493844	17493767	Deletion	77
2L	17494616	17494565	Deletion	51
2L	17497622	17497550	Deletion	72
2L	17497622	17497567	Deletion	55
2L	17497622	17497578	Deletion	44
2L	17497622	17497589	Deletion	33
2L	17515184	17515102	Deletion	82
2L	17515173	17515102	Deletion	71
2L	17515156	17515102	Deletion	54
2L	17515216	17515102	Deletion	114
2L	17515195	17515102	Deletion	93
2L	17522855	17522769	Deletion	86
2L	17522855	17522815	Deletion	40
2L	17523560	17523520	Deletion	40
2L	17523606	17523520	Deletion	86
2L	17539738	17539617	Deletion	121
2L	17542894	17542773	Deletion	121
2L	17542894	17542781	Deletion	113
2L	17542894	17542794	Deletion	100
2L	17542894	17542797	Deletion	97
2L	17542894	17542812	Deletion	82
2L	17542894	17542842	Deletion	52
2L	17542894	17542858	Deletion	36
2L	17544902	17544787	Deletion	115
2L	17544831	17544787	Deletion	44
2L	17544897	17544787	Deletion	110
2L	17544877	17544787	Deletion	90
2L	17544861	17544787	Deletion	74
2L	17544887	17544787	Deletion	100
2L	17544897	17544787	Deletion	110
2L	17549598	17549510	Deletion	88
2L	17549598	17549513	Deletion	85
2L	17549598	17549552	Deletion	46
2L	17549920	17549875	Deletion	45
2L	17549959	17549875	Deletion	84
2L	17549917	17549875	Deletion	42
2L	17569320	17569214	Deletion	106
2L	17569320	17569222	Deletion	98
2L	17569320	17569223	Deletion	97
2L	17569320	17569239	Deletion	81
2L	17569318	17569271	Deletion	47
2L	17569399	17569369	Deletion	30
2L	17569447	17569369	Deletion	78
2L	17569488	17569369	Deletion	119
2L	17569415	17569369	Deletion	46
2L	17586059	17585956	Deletion	103
2L	17586059	17585961	Deletion	98
2L	17586059	17586014	Deletion	45
2L	17590494	17590392	Deletion	102
2L	17590473	17590392	Deletion	81
2L	17590514	17590392	Deletion	122
2L	17590510	17590392	Deletion	118
2L	17591294	17591173	Deletion	121
2L	17601733	17601637	Deletion	96
2L	17601733	17601645	Deletion	88
2L	17601733	17601652	Deletion	81
2L	17601733	17601652	Deletion	81
2L	17601733	17601670	Deletion	63
2L	17601733	17601679	Deletion	54
2L	17604037	17604006	Deletion	31
2L	17604052	17604006	Deletion	46
2L	17604079	17604006	Deletion	73
2L	17604070	17604006	Deletion	64
2L	17604045	17604006	Deletion	39
2L	17604052	17604006	Deletion	46
2L	17624876	17624759	Deletion	117
2L	17624876	17624760	Deletion	116
2L	17624876	17624804	Deletion	72
2L	17624876	17624836	Deletion	40
2L	17624876	17624838	Deletion	38
2L	17624876	17624840	Deletion	36
2L	17636422	17636300	Deletion	122
2L	17636390	17636300	Deletion	90
2L	17636388	17636300	Deletion	88
2L	17636354	17636300	Deletion	54
2L	17636386	17636300	Deletion	86
2L	17636414	17636300	Deletion	114
2L	17643701	17643582	Deletion	119
2L	17643701	17643585	Deletion	116
2L	17643701	17643611	Deletion	90
2L	17643701	17643625	Deletion	76
2L	17644047	17644010	Deletion	37
2L	17644061	17644010	Deletion	51
2L	17647200	17647089	Deletion	111
2L	17647200	17647119	Deletion	81
2L	17647200	17647126	Deletion	74
2L	17647200	17647129	Deletion	71
2L	17647200	17647136	Deletion	64
2L	17647200	17647137	Deletion	63
2L	17647200	17647140	Deletion	60
2L	17659447	17659386	Deletion	61
2L	17659444	17659386	Deletion	58
2L	17659454	17659386	Deletion	68
2L	17659455	17659386	Deletion	69
2L	17659437	17659386	Deletion	51
2L	17659458	17659386	Deletion	72
2L	17661515	17661428	Deletion	87
2L	17661515	17661462	Deletion	53
2L	17661515	17661465	Deletion	50
2L	17664153	17664112	Deletion	41
2L	17664187	17664112	Deletion	75
2L	17664217	17664112	Deletion	105
2L	17664190	17664112	Deletion	78
2L	17664216	17664112	Deletion	104
2L	17664217	17664112	Deletion	105
2L	17669710	17669595	Deletion	115
2L	17669710	17669616	Deletion	94
2L	17669710	17669631	Deletion	79
2L	17669710	17669648	Deletion	62
2L	17669710	17669655	Deletion	55
2L	17669710	17669661	Deletion	49
2L	17669710	17669677	Deletion	33
2L	17669710	17669678	Deletion	32
2L	17674212	17674164	Deletion	48
2L	17674242	17674164	Deletion	78
2L	17674197	17674164	Deletion	33
2L	17674236	17674164	Deletion	72
2L	17674265	17674164	Deletion	101
2L	17674258	17674164	Deletion	94
2L	17674229	17674164	Deletion	65
2L	17674259	17674164	Deletion	95
2L	17674270	17674164	Deletion	106
2L	17674287	17674164	Deletion	123
2L	17678386	17678271	Deletion	115
2L	17678386	17678298	Deletion	88
2L	17678386	17678332	Deletion	54
2L	17678386	17678334	Deletion	52
2L	17678386	17678346	Deletion	40
2L	17679926	17679854	Deletion	72
2L	17679892	17679854	Deletion	38
2L	17679928	17679854	Deletion	74
2L	17679940	17679854	Deletion	86
2L	17679966	17679854	Deletion	112
2L	17680435	17680353	Deletion	82
2L	17684952	17684906	Deletion	46
2L	17685076	17684973	Deletion	103
2L	17685076	17684976	Deletion	100
2L	17685076	17684982	Deletion	94
2L	17685076	17684993	Deletion	83
2L	17685076	17685003	Deletion	73
2L	17687970	17687879	Deletion	91
2L	17687970	17687883	Deletion	87
2L	17687970	17687913	Deletion	57
2L	17688149	17688063	Deletion	86
2L	17688610	17688526	Deletion	84
2L	17688580	17688550	Deletion	30
2L	17697050	17697019	Deletion	31
2L	17697111	17697019	Deletion	92
2L	17697101	17697019	Deletion	82
2L	17697106	17697019	Deletion	87
2L	17697054	17697019	Deletion	35
2L	17721834	17721723	Deletion	111
2L	17721834	17721740	Deletion	94
2L	17721834	17721741	Deletion	93
2L	17723361	17723328	Deletion	33
2L	17723450	17723328	Deletion	122
2L	17723360	17723328	Deletion	32
2L	17725815	17725699	Deletion	116
2L	17725815	17725705	Deletion	110
2L	17725815	17725734	Deletion	81
2L	17726156	17726108	Deletion	48
2L	17726226	17726108	Deletion	118
2L	17726230	17726117	Deletion	113
2L	17726230	17726174	Deletion	56
2L	17726230	17726195	Deletion	35
2L	17728148	17728068	Deletion	80
2L	17738545	17738475	Deletion	70
2L	17738566	17738475	Deletion	91
2L	17738569	17738475	Deletion	94
2L	17738646	17738577	Deletion	69
2L	17738646	17738578	Deletion	68
2L	17738646	17738607	Deletion	39
2L	17738646	17738612	Deletion	34
2L	17738811	17738713	Deletion	98
2L	17738801	17738713	Deletion	88
2L	17738772	17738713	Deletion	59
2L	17738814	17738713	Deletion	101
2L	17738806	17738713	Deletion	93
2L	17738771	17738713	Deletion	58
2L	17738812	17738713	Deletion	99
2L	17739161	17739055	Deletion	106
2L	17739161	17739055	Deletion	106
2L	17739161	17739060	Deletion	101
2L	17739161	17739120	Deletion	41
2L	17739161	17739123	Deletion	38
2L	17740042	17739954	Deletion	88
2L	17740065	17739954	Deletion	111
2L	17740039	17739954	Deletion	85
2L	17750278	17750154	Deletion	124
2L	17750278	17750155	Deletion	123
2L	17750278	17750163	Deletion	115
2L	17750278	17750177	Deletion	101
2L	17750278	17750198	Deletion	80
2L	17750278	17750220	Deletion	58
2L	17750278	17750225	Deletion	53
2L	17750278	17750236	Deletion	42
2L	17750278	17750243	Deletion	35
2L	17751070	17750986	Deletion	84
2L	17751054	17750986	Deletion	68
2L	17751077	17750986	Deletion	91
2L	17751059	17750986	Deletion	73
2L	17751032	17750986	Deletion	46
2L	17753176	17753069	Deletion	107
2L	17753176	17753079	Deletion	97
2L	17753176	17753100	Deletion	76
2L	17753176	17753111	Deletion	65
2L	17756098	17755985	Deletion	113
2L	17756047	17755985	Deletion	62
2L	17756036	17755985	Deletion	51
2L	17756015	17755985	Deletion	30
2L	17774726	17774603	Deletion	123
2L	17774726	17774607	Deletion	119
2L	17774726	17774653	Deletion	73
2L	17774726	17774663	Deletion	63
2L	17774726	17774688	Deletion	38
2L	17777240	17777123	Deletion	117
2L	17777176	17777123	Deletion	53
2L	17777186	17777123	Deletion	63
2L	17777211	17777123	Deletion	88
2L	17780820	17780699	Deletion	121
2L	17781447	17781350	Deletion	97
2L	17781447	17781351	Deletion	96
2L	17781447	17781378	Deletion	69
2L	17781447	17781389	Deletion	58
2L	17781447	17781402	Deletion	45
2L	17789346	17789244	Deletion	102
2L	17789345	17789244	Deletion	101
2L	17789314	17789244	Deletion	70
2L	17789275	17789244	Deletion	31
2L	17789327	17789244	Deletion	83
2L	17789364	17789244	Deletion	120
2L	17789303	17789244	Deletion	59
2L	17806217	17806095	Deletion	122
2L	17806217	17806122	Deletion	95
2L	17806217	17806135	Deletion	82
2L	17806217	17806141	Deletion	76
2L	17806217	17806159	Deletion	58
2L	17806813	17806779	Deletion	34
2L	17806850	17806779	Deletion	71
2L	17806826	17806779	Deletion	47
2L	17806882	17806779	Deletion	103
2L	17806832	17806779	Deletion	53
2L	17806894	17806779	Deletion	115
2L	17808925	17808810	Deletion	115
2L	17808925	17808835	Deletion	90
2L	17808925	17808854	Deletion	71
2L	17808925	17808859	Deletion	66
2L	17808925	17808867	Deletion	58
2L	17809407	17809306	Deletion	101
2L	17809374	17809306	Deletion	68
2L	17809342	17809306	Deletion	36
2L	17809366	17809306	Deletion	60
2L	17809361	17809306	Deletion	55
2L	17809818	17809715	Deletion	103
2L	17824958	17824855	Deletion	103
2L	17869093	17868969	Deletion	124
2L	17872102	17871978	Deletion	124
2L	17872102	17871983	Deletion	119
2L	17872102	17872037	Deletion	65
2L	17872102	17872042	Deletion	60
2L	17872102	17872063	Deletion	39
2L	17872102	17872066	Deletion	36
2L	17876484	17876397	Deletion	87
2L	17876458	17876397	Deletion	61
2L	17876487	17876397	Deletion	90
2L	17876463	17876397	Deletion	66
2L	17876514	17876397	Deletion	117
2L	17899367	17899244	Deletion	123
2L	17920123	17920001	Deletion	122
2L	17920123	17920054	Deletion	69
2L	17920123	17920083	Deletion	40
2L	17920123	17920086	Deletion	37
2L	17920123	17920087	Deletion	36
2L	17920123	17920090	Deletion	33
2L	17920123	17920092	Deletion	31
2L	17922948	17922890	Deletion	58
2L	17922986	17922890	Deletion	96
2L	17922984	17922890	Deletion	94
2L	17922977	17922890	Deletion	87
2L	17922980	17922890	Deletion	90
2L	17922981	17922890	Deletion	91
2L	17931723	17931606	Deletion	117
2L	17939314	17939218	Deletion	96
2L	17939314	17939223	Deletion	91
2L	17939314	17939228	Deletion	86
2L	17939314	17939262	Deletion	52
2L	17939314	17939282	Deletion	32
2L	17940113	17940078	Deletion	35
2L	17940196	17940078	Deletion	118
2L	17940184	17940078	Deletion	106
2L	17940178	17940078	Deletion	100
2L	17940172	17940078	Deletion	94
2L	17940108	17940078	Deletion	30
2L	17940152	17940078	Deletion	74
2L	17940118	17940078	Deletion	40
2L	17944073	17943966	Deletion	107
2L	17944073	17943981	Deletion	92
2L	17944073	17943983	Deletion	90
2L	17944073	17944004	Deletion	69
2L	17944073	17944007	Deletion	66
2L	17944073	17944024	Deletion	49
2L	17949104	17948982	Deletion	122
2L	17949016	17948982	Deletion	34
2L	17949018	17948982	Deletion	36
2L	17949059	17948982	Deletion	77
2L	17949091	17948982	Deletion	109
2L	17949086	17948982	Deletion	104
2L	17949039	17948982	Deletion	57
2L	17949042	17948982	Deletion	60
2L	17951628	17951507	Deletion	121
2L	17952899	17952861	Deletion	38
2L	17967230	17967112	Deletion	118
2L	17967230	17967128	Deletion	102
2L	17967230	17967145	Deletion	85
2L	17967230	17967169	Deletion	61
2L	17967230	17967177	Deletion	53
2L	17967230	17967182	Deletion	48
2L	17968023	17967958	Deletion	65
2L	17968036	17967958	Deletion	78
2L	17967999	17967958	Deletion	41
2L	17968031	17967958	Deletion	73
2L	17969255	17969144	Deletion	111
2L	17969255	17969179	Deletion	76
2L	17969255	17969186	Deletion	69
2L	17969255	17969219	Deletion	36
2L	17970391	17970334	Deletion	57
2L	17970384	17970334	Deletion	50
2L	17970424	17970334	Deletion	90
2L	17974820	17974744	Deletion	76
2L	17974820	17974756	Deletion	64
2L	17986140	17986090	Deletion	50
2L	17986152	17986090	Deletion	62
2L	18029064	18028955	Deletion	109
2L	18029064	18028980	Deletion	84
2L	18029064	18029028	Deletion	36
2L	18029064	18029034	Deletion	30
2L	18029859	18029755	Deletion	104
2L	18029851	18029755	Deletion	96
2L	18029797	18029755	Deletion	42
2L	18029845	18029755	Deletion	90
2L	18029852	18029755	Deletion	97
2L	18029856	18029755	Deletion	101
2L	18034168	18034050	Deletion	118
2L	18034168	18034071	Deletion	97
2L	18034168	18034072	Deletion	96
2L	18042600	18042568	Deletion	32
2L	18042667	18042568	Deletion	99
2L	18042599	18042568	Deletion	31
2L	18042682	18042568	Deletion	114
2L	18053744	18053656	Deletion	88
2L	18054806	18054696	Deletion	110
2L	18055549	18055517	Deletion	32
2L	18056005	18055927	Deletion	78
2L	18057471	18057430	Deletion	41
2L	18058383	18058348	Deletion	35
2L	18058648	18058588	Deletion	60
2L	18059495	18059394	Deletion	101
2L	18061460	18061336	Deletion	124
2L	18061460	18061361	Deletion	99
2L	18061460	18061388	Deletion	72
2L	18061460	18061410	Deletion	50
2L	18063202	18063148	Deletion	54
2L	18063224	18063148	Deletion	76
2L	18080796	18080682	Deletion	114
2L	18082963	18082843	Deletion	120
2L	18082952	18082843	Deletion	109
2L	18098617	18098522	Deletion	95
2L	18098617	18098523	Deletion	94
2L	18098617	18098530	Deletion	87
2L	18098617	18098530	Deletion	87
2L	18098617	18098559	Deletion	58
2L	18102842	18102803	Deletion	39
2L	18102871	18102803	Deletion	68
2L	18102842	18102803	Deletion	39
2L	18102834	18102803	Deletion	31
2L	18104686	18104562	Deletion	124
2L	18104686	18104599	Deletion	87
2L	18104686	18104603	Deletion	83
2L	18104686	18104605	Deletion	81
2L	18104686	18104612	Deletion	74
2L	18104686	18104616	Deletion	70
2L	18104686	18104622	Deletion	64
2L	18104686	18104627	Deletion	59
2L	18104797	18104752	Deletion	45
2L	18104804	18104752	Deletion	52
2L	18104808	18104752	Deletion	56
2L	18104854	18104752	Deletion	102
2L	18104795	18104752	Deletion	43
2L	18104819	18104752	Deletion	67
2L	18104814	18104752	Deletion	62
2L	18117895	18117774	Deletion	121
2L	18118885	18118770	Deletion	115
2L	18118885	18118773	Deletion	112
2L	18118885	18118803	Deletion	82
2L	18118979	18118932	Deletion	47
2L	18119052	18118932	Deletion	120
2L	18122056	18121938	Deletion	118
2L	18122056	18121957	Deletion	99
2L	18122056	18121975	Deletion	81
2L	18127085	18126979	Deletion	106
2L	18127024	18126979	Deletion	45
2L	18127089	18126979	Deletion	110
2L	18127080	18126979	Deletion	101
2L	18128408	18128288	Deletion	120
2L	18128408	18128298	Deletion	110
2L	18128408	18128309	Deletion	99
2L	18128408	18128313	Deletion	95
2L	18132312	18132279	Deletion	33
2L	18132393	18132279	Deletion	114
2L	18132777	18132672	Deletion	105
2L	18132777	18132695	Deletion	82
2L	18132777	18132710	Deletion	67
2L	18133529	18133484	Deletion	45
2L	18133586	18133484	Deletion	102
2L	18133584	18133484	Deletion	100
2L	18133544	18133484	Deletion	60
2L	18135647	18135555	Deletion	92
2L	18135647	18135616	Deletion	31
2L	18135956	18135845	Deletion	111
2L	18135942	18135845	Deletion	97
2L	18135881	18135845	Deletion	36
2L	18135956	18135879	Deletion	77
2L	18135956	18135896	Deletion	60
2L	18135956	18135915	Deletion	41
2L	18142652	18142565	Deletion	87
2L	18142633	18142565	Deletion	68
2L	18142616	18142565	Deletion	51
2L	18145621	18145517	Deletion	104
2L	18145621	18145542	Deletion	79
2L	18145621	18145585	Deletion	36
2L	18145621	18145586	Deletion	35
2L	18146348	18146255	Deletion	93
2L	18146347	18146255	Deletion	92
2L	18146304	18146255	Deletion	49
2L	18146366	18146255	Deletion	111
2L	18146368	18146255	Deletion	113
2L	18150438	18150320	Deletion	118
2L	18150438	18150324	Deletion	114
2L	18150438	18150356	Deletion	82
2L	18150438	18150368	Deletion	70
2L	18150438	18150385	Deletion	53
2L	18150438	18150400	Deletion	38
2L	18182770	18182696	Deletion	74
2L	18182753	18182696	Deletion	57
2L	18182807	18182696	Deletion	111
2L	18182817	18182696	Deletion	121
2L	18182785	18182696	Deletion	89
2L	18182741	18182696	Deletion	45
2L	18182814	18182699	Deletion	115
2L	18196322	18196215	Deletion	107
2L	18196435	18196331	Deletion	104
2L	18196435	18196336	Deletion	99
2L	18196435	18196381	Deletion	54
2L	18196435	18196383	Deletion	52
2L	18196435	18196402	Deletion	33
2L	18213663	18213549	Deletion	114
2L	18213642	18213549	Deletion	93
2L	18213621	18213549	Deletion	72
2L	18213623	18213549	Deletion	74
2L	18213655	18213549	Deletion	106
2L	18227658	18227545	Deletion	113
2L	18227658	18227552	Deletion	106
2L	18227658	18227569	Deletion	89
2L	18227658	18227616	Deletion	42
2L	18227658	18227622	Deletion	36
2L	18227890	18227800	Deletion	90
2L	18227884	18227800	Deletion	84
2L	18227837	18227800	Deletion	37
2L	18227908	18227800	Deletion	108
2L	18227923	18227800	Deletion	123
2L	18230765	18230643	Deletion	122
2L	18234956	18234836	Deletion	120
2L	18234956	18234840	Deletion	116
2L	18234956	18234845	Deletion	111
2L	18234956	18234889	Deletion	67
2L	18234956	18234890	Deletion	66
2L	18239065	18239004	Deletion	61
2L	18239064	18239004	Deletion	60
2L	18250802	18250678	Deletion	124
2L	18250802	18250696	Deletion	106
2L	18250802	18250719	Deletion	83
2L	18250802	18250738	Deletion	64
2L	18250802	18250752	Deletion	50
2L	18250802	18250763	Deletion	39
2L	18251033	18250928	Deletion	105
2L	18250971	18250928	Deletion	43
2L	18251033	18250928	Deletion	105
2L	18251004	18250928	Deletion	76
2L	18250990	18250928	Deletion	62
2L	18251015	18250928	Deletion	87
2L	18251100	18250987	Deletion	113
2L	18251100	18251005	Deletion	95
2L	18251100	18251008	Deletion	92
2L	18251100	18251013	Deletion	87
2L	18251100	18251023	Deletion	77
2L	18251100	18251052	Deletion	48
2L	18252538	18252430	Deletion	108
2L	18252479	18252430	Deletion	49
2L	18252508	18252430	Deletion	78
2L	18252464	18252430	Deletion	34
2L	18252461	18252430	Deletion	31
2L	18252469	18252430	Deletion	39
2L	18253578	18253476	Deletion	102
2L	18253578	18253477	Deletion	101
2L	18253578	18253495	Deletion	83
2L	18257483	18257377	Deletion	106
2L	18257493	18257377	Deletion	116
2L	18257495	18257377	Deletion	118
2L	18257420	18257377	Deletion	43
2L	18280638	18280524	Deletion	114
2L	18280638	18280532	Deletion	106
2L	18280638	18280537	Deletion	101
2L	18280638	18280540	Deletion	98
2L	18280638	18280554	Deletion	84
2L	18280638	18280557	Deletion	81
2L	18280638	18280575	Deletion	63
2L	18280638	18280579	Deletion	59
2L	18280638	18280588	Deletion	50
2L	18282477	18282413	Deletion	64
2L	18282490	18282413	Deletion	77
2L	18282459	18282413	Deletion	46
2L	18282456	18282413	Deletion	43
2L	18282481	18282413	Deletion	68
2L	18282513	18282413	Deletion	100
2L	18284001	18283896	Deletion	105
2L	18284001	18283968	Deletion	33
2L	18293948	18293832	Deletion	116
2L	18293938	18293832	Deletion	106
2L	18293944	18293832	Deletion	112
2L	18293927	18293832	Deletion	95
2L	18312322	18312200	Deletion	122
2L	18313486	18313374	Deletion	112
2L	18313486	18313379	Deletion	107
2L	18313486	18313395	Deletion	91
2L	18313486	18313456	Deletion	30
2L	18313708	18313612	Deletion	96
2L	18313647	18313612	Deletion	35
2L	18313724	18313612	Deletion	112
2L	18316293	18316172	Deletion	121
2L	18316293	18316172	Deletion	121
2L	18316293	18316186	Deletion	107
2L	18316293	18316200	Deletion	93
2L	18316293	18316207	Deletion	86
2L	18316293	18316221	Deletion	72
2L	18316293	18316234	Deletion	59
2L	18316293	18316246	Deletion	47
2L	18316293	18316255	Deletion	38
2L	18316734	18316667	Deletion	67
2L	18316721	18316667	Deletion	54
2L	18316755	18316667	Deletion	88
2L	18316746	18316667	Deletion	79
2L	18316707	18316667	Deletion	40
2L	18316700	18316667	Deletion	33
2L	18316777	18316667	Deletion	110
2L	18317633	18317523	Deletion	110
2L	18317633	18317529	Deletion	104
2L	18317633	18317573	Deletion	60
2L	18318029	18317906	Deletion	123
2L	18318003	18317906	Deletion	97
2L	18317972	18317908	Deletion	64
2L	18327251	18327161	Deletion	90
2L	18327251	18327162	Deletion	89
2L	18327251	18327180	Deletion	71
2L	18327251	18327205	Deletion	46
2L	18338866	18338829	Deletion	37
2L	18338885	18338829	Deletion	56
2L	18338949	18338829	Deletion	120
2L	18338867	18338829	Deletion	38
2L	18338910	18338829	Deletion	81
2L	18340869	18340785	Deletion	84
2L	18340869	18340795	Deletion	74
2L	18340869	18340815	Deletion	54
2L	18340869	18340817	Deletion	52
2L	18340869	18340825	Deletion	44
2L	18340869	18340837	Deletion	32
2L	18340869	18340838	Deletion	31
2L	18341722	18341648	Deletion	74
2L	18341690	18341648	Deletion	42
2L	18341745	18341648	Deletion	97
2L	18341700	18341648	Deletion	52
2L	18341742	18341648	Deletion	94
2L	18341730	18341648	Deletion	82
2L	18341743	18341648	Deletion	95
2L	18341720	18341648	Deletion	72
2L	18341767	18341665	Deletion	102
2L	18341767	18341683	Deletion	84
2L	18341767	18341708	Deletion	59
2L	18348259	18348217	Deletion	42
2L	18348284	18348217	Deletion	67
2L	18348341	18348217	Deletion	124
2L	18349502	18349396	Deletion	106
2L	18349502	18349430	Deletion	72
2L	18349502	18349449	Deletion	53
2L	18380293	18380238	Deletion	55
2L	18380312	18380238	Deletion	74
2L	18380357	18380238	Deletion	119
2L	18399248	18399126	Deletion	122
2L	18406154	18406037	Deletion	117
2L	18406154	18406051	Deletion	103
2L	18406154	18406061	Deletion	93
2L	18406154	18406067	Deletion	87
2L	18406154	18406082	Deletion	72
2L	18406154	18406096	Deletion	58
2L	18406154	18406120	Deletion	34
2L	18406154	18406124	Deletion	30
2L	18406498	18406376	Deletion	122
2L	18406444	18406376	Deletion	68
2L	18406409	18406376	Deletion	33
2L	18406472	18406376	Deletion	96
2L	18406430	18406376	Deletion	54
2L	18406477	18406376	Deletion	101
2L	18406415	18406376	Deletion	39
2L	18406468	18406376	Deletion	92
2L	18407777	18407681	Deletion	96
2L	18407777	18407697	Deletion	80
2L	18407777	18407697	Deletion	80
2L	18407777	18407705	Deletion	72
2L	18407777	18407716	Deletion	61
2L	18407777	18407723	Deletion	54
2L	18407777	18407739	Deletion	38
2L	18408722	18408645	Deletion	77
2L	18409198	18409080	Deletion	118
2L	18409892	18409829	Deletion	63
2L	18410647	18410596	Deletion	51
2L	18429582	18429460	Deletion	122
2L	18436907	18436809	Deletion	98
2L	18436907	18436815	Deletion	92
2L	18436907	18436825	Deletion	82
2L	18436907	18436832	Deletion	75
2L	18436907	18436841	Deletion	66
2L	18436907	18436857	Deletion	50
2L	18437689	18437573	Deletion	116
2L	18437633	18437573	Deletion	60
2L	18437624	18437573	Deletion	51
2L	18437649	18437573	Deletion	76
2L	18437617	18437573	Deletion	44
2L	18437607	18437573	Deletion	34
2L	18468671	18468578	Deletion	93
2L	18468671	18468584	Deletion	87
2L	18468671	18468587	Deletion	84
2L	18468671	18468624	Deletion	47
2L	18468671	18468630	Deletion	41
2L	18468671	18468632	Deletion	39
2L	18468671	18468635	Deletion	36
2L	18470327	18470288	Deletion	39
2L	18470373	18470288	Deletion	85
2L	18470367	18470288	Deletion	79
2L	18470375	18470288	Deletion	87
2L	18470330	18470288	Deletion	42
2L	18470378	18470288	Deletion	90
2L	18482664	18482587	Deletion	77
2L	18482664	18482600	Deletion	64
2L	18482664	18482622	Deletion	42
2L	18490384	18490320	Deletion	64
2L	18490371	18490320	Deletion	51
2L	18490422	18490320	Deletion	102
2L	18490422	18490320	Deletion	102
2L	18490428	18490320	Deletion	108
2L	18490422	18490320	Deletion	102
2L	18490406	18490320	Deletion	86
2L	18499129	18499018	Deletion	111
2L	18499129	18499046	Deletion	83
2L	18499129	18499055	Deletion	74
2L	18499129	18499068	Deletion	61
2L	18500117	18500003	Deletion	114
2L	18500055	18500003	Deletion	52
2L	18500068	18500003	Deletion	65
2L	18500106	18500003	Deletion	103
2L	18500046	18500003	Deletion	43
2L	18505900	18505790	Deletion	110
2L	18505900	18505811	Deletion	89
2L	18505900	18505834	Deletion	66
2L	18505900	18505835	Deletion	65
2L	18507911	18507874	Deletion	37
2L	18507935	18507874	Deletion	61
2L	18507934	18507874	Deletion	60
2L	18515071	18514947	Deletion	124
2L	18515071	18514949	Deletion	122
2L	18515071	18514953	Deletion	118
2L	18515071	18514971	Deletion	100
2L	18515071	18515017	Deletion	54
2L	18515071	18515030	Deletion	41
2L	18515071	18515030	Deletion	41
2L	18515071	18515030	Deletion	41
2L	18515071	18515034	Deletion	37
2L	18515071	18515040	Deletion	31
2L	18516429	18516318	Deletion	111
2L	18516413	18516318	Deletion	95
2L	18516416	18516318	Deletion	98
2L	18516390	18516318	Deletion	72
2L	18516403	18516318	Deletion	85
2L	18516407	18516318	Deletion	89
2L	18516403	18516318	Deletion	85
2L	18516403	18516318	Deletion	85
2L	18521234	18521119	Deletion	115
2L	18521234	18521159	Deletion	75
2L	18521234	18521171	Deletion	63
2L	18521234	18521172	Deletion	62
2L	18521234	18521180	Deletion	54
2L	18521234	18521190	Deletion	44
2L	18521234	18521192	Deletion	42
2L	18521234	18521192	Deletion	42
2L	18521234	18521197	Deletion	37
2L	18525721	18525604	Deletion	117
2L	18525694	18525604	Deletion	90
2L	18525677	18525604	Deletion	73
2L	18525669	18525604	Deletion	65
2L	18525689	18525604	Deletion	85
2L	18525656	18525604	Deletion	52
2L	18525687	18525604	Deletion	83
2L	18525689	18525604	Deletion	85
2L	18525668	18525604	Deletion	64
2L	18528025	18527922	Deletion	103
2L	18528025	18527925	Deletion	100
2L	18528025	18527991	Deletion	34
2L	18541151	18541057	Deletion	94
2L	18551821	18551698	Deletion	123
2L	18557483	18557376	Deletion	107
2L	18557483	18557418	Deletion	65
2L	18557483	18557433	Deletion	50
2L	18557483	18557453	Deletion	30
2L	18569359	18569296	Deletion	63
2L	18569406	18569296	Deletion	110
2L	18569374	18569296	Deletion	78
2L	18569394	18569296	Deletion	98
2L	18569416	18569296	Deletion	120
2L	18573072	18572964	Deletion	108
2L	18573072	18572966	Deletion	106
2L	18573072	18572990	Deletion	82
2L	18573072	18573004	Deletion	68
2L	18573072	18573038	Deletion	34
2L	18573072	18573040	Deletion	32
2L	18583934	18583895	Deletion	39
2L	18591165	18591071	Deletion	94
2L	18591163	18591071	Deletion	92
2L	18591188	18591071	Deletion	117
2L	18591173	18591071	Deletion	102
2L	18591115	18591071	Deletion	44
2L	18591188	18591071	Deletion	117
2L	18591129	18591071	Deletion	58
2L	18591181	18591071	Deletion	110
2L	18591192	18591071	Deletion	121
2L	18601404	18601316	Deletion	88
2L	18601404	18601367	Deletion	37
2L	18602027	18601937	Deletion	90
2L	18601976	18601937	Deletion	39
2L	18602056	18601937	Deletion	119
2L	18613324	18613199	Deletion	125
2L	18621274	18621178	Deletion	96
2L	18621274	18621201	Deletion	73
2L	18621274	18621202	Deletion	72
2L	18621274	18621214	Deletion	60
2L	18621274	18621215	Deletion	59
2L	18621274	18621229	Deletion	45
2L	18621274	18621233	Deletion	41
2L	18621274	18621238	Deletion	36
2L	18622240	18622156	Deletion	84
2L	18622226	18622156	Deletion	70
2L	18622266	18622156	Deletion	110
2L	18622225	18622156	Deletion	69
2L	18622249	18622156	Deletion	93
2L	18622213	18622156	Deletion	57
2L	18622212	18622156	Deletion	56
2L	18622189	18622156	Deletion	33
2L	18622244	18622156	Deletion	88
2L	18637106	18637002	Deletion	104
2L	18638040	18637974	Deletion	66
2L	18638162	18638072	Deletion	90
2L	18666984	18666870	Deletion	114
2L	18666984	18666947	Deletion	37
2L	18667456	18667347	Deletion	109
2L	18667436	18667347	Deletion	89
2L	18667461	18667347	Deletion	114
2L	18667467	18667347	Deletion	120
2L	18681503	18681380	Deletion	123
2L	18681503	18681406	Deletion	97
2L	18681503	18681426	Deletion	77
2L	18681503	18681446	Deletion	57
2L	18681503	18681462	Deletion	41
2L	18681503	18681473	Deletion	30
2L	18682475	18682379	Deletion	96
2L	18682464	18682379	Deletion	85
2L	18682428	18682379	Deletion	49
2L	18682478	18682379	Deletion	99
2L	18682491	18682379	Deletion	112
2L	18682448	18682379	Deletion	69
2L	18682495	18682379	Deletion	116
2L	18682495	18682379	Deletion	116
2L	18682488	18682379	Deletion	109
2L	18682493	18682379	Deletion	114
2L	18690211	18690094	Deletion	117
2L	18703785	18703714	Deletion	71
2L	18703785	18703714	Deletion	71
2L	18706571	18706450	Deletion	121
2L	18706570	18706450	Deletion	120
2L	18706505	18706450	Deletion	55
2L	18706559	18706450	Deletion	109
2L	18706554	18706450	Deletion	104
2L	18706505	18706450	Deletion	55
2L	18706547	18706450	Deletion	97
2L	18706560	18706450	Deletion	110
2L	18707632	18707550	Deletion	82
2L	18707632	18707568	Deletion	64
2L	18707632	18707580	Deletion	52
2L	18707632	18707595	Deletion	37
2L	18707837	18707723	Deletion	114
2L	18707812	18707723	Deletion	89
2L	18707785	18707723	Deletion	62
2L	18707832	18707723	Deletion	109
2L	18707767	18707723	Deletion	44
2L	18707797	18707723	Deletion	74
2L	18707828	18707723	Deletion	105
2L	18709507	18709391	Deletion	116
2L	18709507	18709392	Deletion	115
2L	18709507	18709475	Deletion	32
2L	18712782	18712685	Deletion	97
2L	18712779	18712685	Deletion	94
2L	18712802	18712685	Deletion	117
2L	18712792	18712685	Deletion	107
2L	18712798	18712685	Deletion	113
2L	18719387	18719273	Deletion	114
2L	18719387	18719288	Deletion	99
2L	18719387	18719290	Deletion	97
2L	18719387	18719305	Deletion	82
2L	18719387	18719314	Deletion	73
2L	18719387	18719336	Deletion	51
2L	18720362	18720250	Deletion	112
2L	18720356	18720250	Deletion	106
2L	18720303	18720250	Deletion	53
2L	18720352	18720250	Deletion	102
2L	18720294	18720250	Deletion	44
2L	18720355	18720250	Deletion	105
2L	18720325	18720250	Deletion	75
2L	18724112	18723989	Deletion	123
2L	18731474	18731353	Deletion	121
2L	18738709	18738618	Deletion	91
2L	18738709	18738620	Deletion	89
2L	18738709	18738624	Deletion	85
2L	18738709	18738648	Deletion	61
2L	18738709	18738656	Deletion	53
2L	18738709	18738656	Deletion	53
2L	18738709	18738675	Deletion	34
2L	18740949	18740912	Deletion	37
2L	18740987	18740912	Deletion	75
2L	18741031	18740912	Deletion	119
2L	18740979	18740912	Deletion	67
2L	18740951	18740912	Deletion	39
2L	18741006	18740912	Deletion	94
2L	18740955	18740912	Deletion	43
2L	18740987	18740912	Deletion	75
2L	18753989	18753876	Deletion	113
2L	18753989	18753920	Deletion	69
2L	18753989	18753940	Deletion	49
2L	18753989	18753955	Deletion	34
2L	18753989	18753956	Deletion	33
2L	18753989	18753959	Deletion	30
2L	18755480	18755358	Deletion	122
2L	18755435	18755358	Deletion	77
2L	18755450	18755358	Deletion	92
2L	18755451	18755358	Deletion	93
2L	18755454	18755358	Deletion	96
2L	18755461	18755358	Deletion	103
2L	18755415	18755358	Deletion	57
2L	18763307	18763189	Deletion	118
2L	18763307	18763272	Deletion	35
2L	18763448	18763353	Deletion	95
2L	18763462	18763353	Deletion	109
2L	18782651	18782545	Deletion	106
2L	18782651	18782552	Deletion	99
2L	18782651	18782602	Deletion	49
2L	18785786	18785667	Deletion	119
2L	18785767	18785667	Deletion	100
2L	18785745	18785672	Deletion	73
2L	18791218	18791127	Deletion	91
2L	18791218	18791176	Deletion	42
2L	18794535	18794500	Deletion	35
2L	18794614	18794500	Deletion	114
2L	18794584	18794500	Deletion	84
2L	18794607	18794500	Deletion	107
2L	18803279	18803158	Deletion	121
2L	18812746	18812624	Deletion	122
2L	18819074	18818975	Deletion	99
2L	18819074	18818976	Deletion	98
2L	18819074	18818984	Deletion	90
2L	18819074	18818985	Deletion	89
2L	18819074	18819043	Deletion	31
2L	18819270	18819175	Deletion	95
2L	18819212	18819175	Deletion	37
2L	18819211	18819175	Deletion	36
2L	18822193	18822089	Deletion	104
2L	18822193	18822096	Deletion	97
2L	18822193	18822106	Deletion	87
2L	18822193	18822115	Deletion	78
2L	18822193	18822133	Deletion	60
2L	18823693	18823625	Deletion	68
2L	18823675	18823625	Deletion	50
2L	18823666	18823625	Deletion	41
2L	18837589	18837469	Deletion	120
2L	18837589	18837515	Deletion	74
2L	18837589	18837516	Deletion	73
2L	18837589	18837551	Deletion	38
2L	18837750	18837642	Deletion	108
2L	18837699	18837642	Deletion	57
2L	18837734	18837642	Deletion	92
2L	18837698	18837642	Deletion	56
2L	18837757	18837642	Deletion	115
2L	18841046	18840944	Deletion	102
2L	18841046	18840953	Deletion	93
2L	18841046	18840980	Deletion	66
2L	18841046	18840982	Deletion	64
2L	18841046	18841007	Deletion	39
2L	18841046	18841016	Deletion	30
2L	18848033	18848000	Deletion	33
2L	18848087	18848000	Deletion	87
2L	18848096	18848000	Deletion	96
2L	18848120	18848000	Deletion	120
2L	18848101	18848000	Deletion	101
2L	18848113	18848000	Deletion	113
2L	18848060	18848000	Deletion	60
2L	18848062	18848000	Deletion	62
2L	18848118	18848000	Deletion	118
2L	18848117	18848000	Deletion	117
2L	18849617	18849496	Deletion	121
2L	18852004	18851883	Deletion	121
2L	18852004	18851893	Deletion	111
2L	18852004	18851894	Deletion	110
2L	18852004	18851939	Deletion	65
2L	18852004	18851942	Deletion	62
2L	18852004	18851964	Deletion	40
2L	18852004	18851974	Deletion	30
2L	18864786	18864677	Deletion	109
2L	18864773	18864677	Deletion	96
2L	18864763	18864677	Deletion	86
2L	18864741	18864677	Deletion	64
2L	18864790	18864677	Deletion	113
2L	18864738	18864682	Deletion	56
2L	18864790	18864710	Deletion	80
2L	18864790	18864734	Deletion	56
2L	18864790	18864744	Deletion	46
2L	18864790	18864751	Deletion	39
2L	18866845	18866757	Deletion	88
2L	18866838	18866757	Deletion	81
2L	18866828	18866757	Deletion	71
2L	18866868	18866757	Deletion	111
2L	18866804	18866757	Deletion	47
2L	18868458	18868337	Deletion	121
2L	18882883	18882761	Deletion	122
2L	18882883	18882803	Deletion	80
2L	18882883	18882828	Deletion	55
2L	18882883	18882838	Deletion	45
2L	18896934	18896888	Deletion	46
2L	18896959	18896888	Deletion	71
2L	18896969	18896888	Deletion	81
2L	18903928	18903805	Deletion	123
2L	18920260	18920136	Deletion	124
2L	18920260	18920167	Deletion	93
2L	18920260	18920202	Deletion	58
2L	18920260	18920212	Deletion	48
2L	18920260	18920215	Deletion	45
2L	18920776	18920707	Deletion	69
2L	18920789	18920707	Deletion	82
2L	18920741	18920707	Deletion	34
2L	18920786	18920707	Deletion	79
2L	18935404	18935328	Deletion	76
2L	18935404	18935334	Deletion	70
2L	18935404	18935372	Deletion	32
2L	18937172	18937078	Deletion	94
2L	18937128	18937078	Deletion	50
2L	18937134	18937078	Deletion	56
2L	18937180	18937078	Deletion	102
2L	18957794	18957675	Deletion	119
2L	18966663	18966540	Deletion	123
2L	18971435	18971355	Deletion	80
2L	18971435	18971377	Deletion	58
2L	18971435	18971391	Deletion	44
2L	18971435	18971405	Deletion	30
2L	18971845	18971799	Deletion	46
2L	18971904	18971799	Deletion	105
2L	18971915	18971799	Deletion	116
2L	18971911	18971799	Deletion	112
2L	18971895	18971799	Deletion	96
2L	18971867	18971799	Deletion	68
2L	18971900	18971799	Deletion	101
2L	18971901	18971799	Deletion	102
2L	18971881	18971799	Deletion	82
2L	18980740	18980621	Deletion	119
2L	18980994	18980877	Deletion	117
2L	18998877	18998785	Deletion	92
2L	18998877	18998807	Deletion	70
2L	18998877	18998810	Deletion	67
2L	18999004	18998946	Deletion	58
2L	18999007	18998946	Deletion	61
2L	18998982	18998946	Deletion	36
2L	18999677	18999569	Deletion	108
2L	18999677	18999579	Deletion	98
2L	18999677	18999631	Deletion	46
2L	19000105	19000024	Deletion	81
2L	19000145	19000024	Deletion	121
2L	19006674	19006575	Deletion	99
2L	19006674	19006592	Deletion	82
2L	19006674	19006604	Deletion	70
2L	19006674	19006617	Deletion	57
2L	19006674	19006620	Deletion	54
2L	19006674	19006631	Deletion	43
2L	19006674	19006634	Deletion	40
2L	19017707	19017637	Deletion	70
2L	19017710	19017637	Deletion	73
2L	19017724	19017637	Deletion	87
2L	19017694	19017637	Deletion	57
2L	19017682	19017637	Deletion	45
2L	19017721	19017637	Deletion	84
2L	19026552	19026444	Deletion	108
2L	19026552	19026459	Deletion	93
2L	19026552	19026461	Deletion	91
2L	19026552	19026471	Deletion	81
2L	19026552	19026481	Deletion	71
2L	19026552	19026482	Deletion	70
2L	19026552	19026500	Deletion	52
2L	19026552	19026507	Deletion	45
2L	19026719	19026610	Deletion	109
2L	19026646	19026610	Deletion	36
2L	19026656	19026610	Deletion	46
2L	19026692	19026610	Deletion	82
2L	19026667	19026610	Deletion	57
2L	19026644	19026610	Deletion	34
2L	19026733	19026610	Deletion	123
2L	19026666	19026610	Deletion	56
2L	19026685	19026610	Deletion	75
2L	19028878	19028757	Deletion	121
2L	19029994	19029872	Deletion	122
2L	19029994	19029895	Deletion	99
2L	19029994	19029924	Deletion	70
2L	19029994	19029928	Deletion	66
2L	19029994	19029962	Deletion	32
2L	19030169	19030075	Deletion	94
2L	19030188	19030075	Deletion	113
2L	19030176	19030075	Deletion	101
2L	19030135	19030075	Deletion	60
2L	19030131	19030075	Deletion	56
2L	19045651	19045530	Deletion	121
2L	19049634	19049521	Deletion	113
2L	19049634	19049532	Deletion	102
2L	19049634	19049554	Deletion	80
2L	19049634	19049587	Deletion	47
2L	19052080	19051983	Deletion	97
2L	19052029	19051983	Deletion	46
2L	19052062	19051983	Deletion	79
2L	19074027	19073906	Deletion	121
2L	19080268	19080146	Deletion	122
2L	19080268	19080150	Deletion	118
2L	19080268	19080158	Deletion	110
2L	19080268	19080186	Deletion	82
2L	19080268	19080188	Deletion	80
2L	19081083	19081038	Deletion	45
2L	19081085	19081038	Deletion	47
2L	19081155	19081038	Deletion	117
2L	19081144	19081038	Deletion	106
2L	19093533	19093435	Deletion	98
2L	19093533	19093446	Deletion	87
2L	19093532	19093448	Deletion	84
2L	19093533	19093468	Deletion	65
2L	19093533	19093474	Deletion	59
2L	19093677	19093635	Deletion	42
2L	19093758	19093636	Deletion	122
2L	19093703	19093636	Deletion	67
2L	19093697	19093636	Deletion	61
2L	19093675	19093636	Deletion	39
2L	19093799	19093698	Deletion	101
2L	19093799	19093707	Deletion	92
2L	19093799	19093715	Deletion	84
2L	19093799	19093722	Deletion	77
2L	19093799	19093723	Deletion	76
2L	19093799	19093735	Deletion	64
2L	19093799	19093758	Deletion	41
2L	19093799	19093760	Deletion	39
2L	19095493	19095451	Deletion	42
2L	19095538	19095451	Deletion	87
2L	19095500	19095451	Deletion	49
2L	19095485	19095451	Deletion	34
2L	19095501	19095451	Deletion	50
2L	19095536	19095451	Deletion	85
2L	19095513	19095451	Deletion	62
2L	19098360	19098239	Deletion	121
2L	19098360	19098240	Deletion	120
2L	19098360	19098272	Deletion	88
2L	19098360	19098314	Deletion	46
2L	19098360	19098314	Deletion	46
2L	19105699	19105599	Deletion	100
2L	19105637	19105599	Deletion	38
2L	19105679	19105599	Deletion	80
2L	19105708	19105599	Deletion	109
2L	19105701	19105599	Deletion	102
2L	19105679	19105599	Deletion	80
2L	19110939	19110831	Deletion	108
2L	19110939	19110845	Deletion	94
2L	19110939	19110890	Deletion	49
2L	19110939	19110902	Deletion	37
2L	19110939	19110904	Deletion	35
2L	19120810	19120721	Deletion	89
2L	19120812	19120721	Deletion	91
2L	19120822	19120721	Deletion	101
2L	19120798	19120721	Deletion	77
2L	19120753	19120721	Deletion	32
2L	19123489	19123456	Deletion	33
2L	19123489	19123459	Deletion	30
2L	19126420	19126324	Deletion	96
2L	19126417	19126324	Deletion	93
2L	19126445	19126324	Deletion	121
2L	19126421	19126325	Deletion	96
2L	19130178	19130061	Deletion	117
2L	19130178	19130063	Deletion	115
2L	19130178	19130084	Deletion	94
2L	19130178	19130084	Deletion	94
2L	19130178	19130098	Deletion	80
2L	19130178	19130117	Deletion	61
2L	19130178	19130124	Deletion	54
2L	19130178	19130147	Deletion	31
2L	19130178	19130148	Deletion	30
2L	19133072	19133000	Deletion	72
2L	19133046	19133000	Deletion	46
2L	19133096	19133000	Deletion	96
2L	19133095	19133000	Deletion	95
2L	19133032	19133000	Deletion	32
2L	19133065	19133000	Deletion	65
2L	19133110	19133000	Deletion	110
2L	19133455	19133336	Deletion	119
2L	19133455	19133363	Deletion	92
2L	19133455	19133376	Deletion	79
2L	19133455	19133419	Deletion	36
2L	19141887	19141853	Deletion	34
2L	19141959	19141853	Deletion	106
2L	19141951	19141853	Deletion	98
2L	19141943	19141853	Deletion	90
2L	19141965	19141853	Deletion	112
2L	19141968	19141853	Deletion	115
2L	19141900	19141853	Deletion	47
2L	19141957	19141853	Deletion	104
2L	19142418	19142328	Deletion	90
2L	19142418	19142333	Deletion	85
2L	19142418	19142336	Deletion	82
2L	19142418	19142385	Deletion	33
2L	19143886	19143769	Deletion	117
2L	19143813	19143769	Deletion	44
2L	19143862	19143769	Deletion	93
2L	19143867	19143769	Deletion	98
2L	19143869	19143769	Deletion	100
2L	19143868	19143769	Deletion	99
2L	19143805	19143769	Deletion	36
2L	19143810	19143769	Deletion	41
2L	19147510	19147408	Deletion	102
2L	19147648	19147592	Deletion	56
2L	19150248	19150126	Deletion	122
2L	19153654	19153544	Deletion	110
2L	19153691	19153570	Deletion	121
2L	19154083	19154008	Deletion	75
2L	19173800	19173679	Deletion	121
2L	19174900	19174776	Deletion	124
2L	19177433	19177340	Deletion	93
2L	19177433	19177343	Deletion	90
2L	19177433	19177384	Deletion	49
2L	19177433	19177394	Deletion	39
2L	19190984	19190907	Deletion	77
2L	19190940	19190907	Deletion	33
2L	19190943	19190907	Deletion	36
2L	19190994	19190907	Deletion	87
2L	19197306	19197197	Deletion	109
2L	19197306	19197210	Deletion	96
2L	19197306	19197224	Deletion	82
2L	19197306	19197251	Deletion	55
2L	19197306	19197252	Deletion	54
2L	19197306	19197254	Deletion	52
2L	19197306	19197254	Deletion	52
2L	19197306	19197269	Deletion	37
2L	19197403	19197373	Deletion	30
2L	19197462	19197373	Deletion	89
2L	19197447	19197373	Deletion	74
2L	19197444	19197373	Deletion	71
2L	19197447	19197373	Deletion	74
2L	19197445	19197373	Deletion	72
2L	19197417	19197375	Deletion	42
2L	19207860	19207740	Deletion	120
2L	19207860	19207802	Deletion	58
2L	19207860	19207811	Deletion	49
2L	19207860	19207822	Deletion	38
2L	19207860	19207830	Deletion	30
2L	19208227	19208158	Deletion	69
2L	19208255	19208158	Deletion	97
2L	19208236	19208158	Deletion	78
2L	19208247	19208158	Deletion	89
2L	19210129	19210033	Deletion	96
2L	19210129	19210053	Deletion	76
2L	19210129	19210068	Deletion	61
2L	19210129	19210070	Deletion	59
2L	19210129	19210071	Deletion	58
2L	19210129	19210074	Deletion	55
2L	19212356	19212291	Deletion	65
2L	19212341	19212291	Deletion	50
2L	19212415	19212291	Deletion	124
2L	19212321	19212291	Deletion	30
2L	19212362	19212291	Deletion	71
2L	19212358	19212291	Deletion	67
2L	19212359	19212291	Deletion	68
2L	19212412	19212291	Deletion	121
2L	19222079	19221956	Deletion	123
2L	19227566	19227472	Deletion	94
2L	19227566	19227499	Deletion	67
2L	19227566	19227503	Deletion	63
2L	19227566	19227516	Deletion	50
2L	19227705	19227644	Deletion	61
2L	19227743	19227644	Deletion	99
2L	19227752	19227644	Deletion	108
2L	19227722	19227644	Deletion	78
2L	19227678	19227644	Deletion	34
2L	19227750	19227644	Deletion	106
2L	19227709	19227644	Deletion	65
2L	19241303	19241232	Deletion	71
2L	19241303	19241235	Deletion	68
2L	19241303	19241253	Deletion	50
2L	19244569	19244509	Deletion	60
2L	19244566	19244509	Deletion	57
2L	19244587	19244509	Deletion	78
2L	19251246	19251121	Deletion	125
2L	19258524	19258432	Deletion	92
2L	19258524	19258443	Deletion	81
2L	19258524	19258448	Deletion	76
2L	19258524	19258449	Deletion	75
2L	19258524	19258488	Deletion	36
2L	19258524	19258489	Deletion	35
2L	19258524	19258491	Deletion	33
2L	19258524	19258491	Deletion	33
2L	19258732	19258641	Deletion	91
2L	19258691	19258641	Deletion	50
2L	19258731	19258641	Deletion	90
2L	19258675	19258641	Deletion	34
2L	19258686	19258641	Deletion	45
2L	19258692	19258641	Deletion	51
2L	19258734	19258641	Deletion	93
2L	19258735	19258641	Deletion	94
2L	19258744	19258641	Deletion	103
2L	19263645	19263522	Deletion	123
2L	19281066	19280943	Deletion	123
2L	19306768	19306654	Deletion	114
2L	19306768	19306689	Deletion	79
2L	19306768	19306692	Deletion	76
2L	19306768	19306707	Deletion	61
2L	19306768	19306714	Deletion	54
2L	19306768	19306716	Deletion	52
2L	19306768	19306721	Deletion	47
2L	19306768	19306727	Deletion	41
2L	19306924	19306852	Deletion	72
2L	19306970	19306852	Deletion	118
2L	19306949	19306852	Deletion	97
2L	19306899	19306852	Deletion	47
2L	19306902	19306852	Deletion	50
2L	19306931	19306852	Deletion	79
2L	19306917	19306852	Deletion	65
2L	19306926	19306852	Deletion	74
2L	19306937	19306852	Deletion	85
2L	19312657	19312540	Deletion	117
2L	19315451	19315327	Deletion	124
2L	19315429	19315327	Deletion	102
2L	19329945	19329828	Deletion	117
2L	19338735	19338612	Deletion	123
2L	19346119	19346072	Deletion	47
2L	19348055	19348002	Deletion	53
2L	19348751	19348642	Deletion	109
2L	19348751	19348669	Deletion	82
2L	19348751	19348713	Deletion	38
2L	19350593	19350491	Deletion	102
2L	19350579	19350491	Deletion	88
2L	19350535	19350491	Deletion	44
2L	19352342	19352282	Deletion	60
2L	19355069	19355009	Deletion	60
2L	19355279	19355183	Deletion	96
2L	19357155	19357120	Deletion	35
2L	19358061	19357938	Deletion	123
2L	19366325	19366202	Deletion	123
2L	19379615	19379528	Deletion	87
2L	19379615	19379558	Deletion	57
2L	19379615	19379565	Deletion	50
2L	19379615	19379575	Deletion	40
2L	19390583	19390496	Deletion	87
2L	19390566	19390496	Deletion	70
2L	19390573	19390496	Deletion	77
2L	19390536	19390496	Deletion	40
2L	19390600	19390496	Deletion	104
2L	19391371	19391275	Deletion	96
2L	19391371	19391322	Deletion	49
2L	19391371	19391332	Deletion	39
2L	19391628	19391598	Deletion	30
2L	19391685	19391598	Deletion	87
2L	19391675	19391598	Deletion	77
2L	19399895	19399862	Deletion	33
2L	19409621	19409524	Deletion	97
2L	19409621	19409525	Deletion	96
2L	19409621	19409564	Deletion	57
2L	19409621	19409583	Deletion	38
2L	19409833	19409763	Deletion	70
2L	19409852	19409763	Deletion	89
2L	19409875	19409763	Deletion	112
2L	19409793	19409763	Deletion	30
2L	19409870	19409763	Deletion	107
2L	19409794	19409763	Deletion	31
2L	19410228	19410104	Deletion	124
2L	19419841	19419735	Deletion	106
2L	19419841	19419748	Deletion	93
2L	19419841	19419768	Deletion	73
2L	19419841	19419775	Deletion	66
2L	19426181	19426076	Deletion	105
2L	19426111	19426076	Deletion	35
2L	19426197	19426076	Deletion	121
2L	19426131	19426076	Deletion	55
2L	19426138	19426076	Deletion	62
2L	19427547	19427454	Deletion	93
2L	19427547	19427457	Deletion	90
2L	19427896	19427790	Deletion	106
2L	19427892	19427790	Deletion	102
2L	19427824	19427790	Deletion	34
2L	19427827	19427790	Deletion	37
2L	19429421	19429301	Deletion	120
2L	19429421	19429302	Deletion	119
2L	19429421	19429319	Deletion	102
2L	19429421	19429328	Deletion	93
2L	19429421	19429329	Deletion	92
2L	19430564	19430530	Deletion	34
2L	19430563	19430530	Deletion	33
2L	19430645	19430530	Deletion	115
2L	19433794	19433673	Deletion	121
2L	19464940	19464837	Deletion	103
2L	19464940	19464868	Deletion	72
2L	19464940	19464879	Deletion	61
2L	19464940	19464882	Deletion	58
2L	19464940	19464904	Deletion	36
2L	19472123	19472069	Deletion	54
2L	19472183	19472069	Deletion	114
2L	19472137	19472069	Deletion	68
2L	19472159	19472069	Deletion	90
2L	19472134	19472069	Deletion	65
2L	19472178	19472069	Deletion	109
2L	19479119	19478997	Deletion	122
2L	19479119	19479002	Deletion	117
2L	19479119	19479053	Deletion	66
2L	19479119	19479064	Deletion	55
2L	19479119	19479083	Deletion	36
2L	19479986	19479925	Deletion	61
2L	19479997	19479925	Deletion	72
2L	19480016	19479925	Deletion	91
2L	19480026	19479925	Deletion	101
2L	19480040	19479925	Deletion	115
2L	19485051	19484961	Deletion	90
2L	19485051	19484968	Deletion	83
2L	19485051	19484975	Deletion	76
2L	19485051	19485018	Deletion	33
2L	19485300	19485189	Deletion	111
2L	19485232	19485189	Deletion	43
2L	19485225	19485189	Deletion	36
2L	19485282	19485189	Deletion	93
2L	19485239	19485189	Deletion	50
2L	19485550	19485439	Deletion	111
2L	19485550	19485458	Deletion	92
2L	19485550	19485492	Deletion	58
2L	19485760	19485726	Deletion	34
2L	19485824	19485726	Deletion	98
2L	19485794	19485726	Deletion	68
2L	19485824	19485726	Deletion	98
2L	19488523	19488416	Deletion	107
2L	19488523	19488423	Deletion	100
2L	19488523	19488443	Deletion	80
2L	19488523	19488450	Deletion	73
2L	19488523	19488461	Deletion	62
2L	19488523	19488461	Deletion	62
2L	19488523	19488465	Deletion	58
2L	19488523	19488483	Deletion	40
2L	19494650	19494604	Deletion	46
2L	19494672	19494604	Deletion	68
2L	19494690	19494604	Deletion	86
2L	19494657	19494604	Deletion	53
2L	19494668	19494604	Deletion	64
2L	19494668	19494604	Deletion	64
2L	19499084	19499017	Deletion	67
2L	19499084	19499042	Deletion	42
2L	19510907	19510848	Deletion	59
2L	19510954	19510848	Deletion	106
2L	19510962	19510848	Deletion	114
2L	19510969	19510848	Deletion	121
2L	19510954	19510848	Deletion	106
2L	19510932	19510853	Deletion	79
2L	19514404	19514283	Deletion	121
2L	19514404	19514308	Deletion	96
2L	19514404	19514318	Deletion	86
2L	19514404	19514335	Deletion	69
2L	19514404	19514361	Deletion	43
2L	19516122	19516016	Deletion	106
2L	19516048	19516016	Deletion	32
2L	19516058	19516016	Deletion	42
2L	19516126	19516016	Deletion	110
2L	19516101	19516016	Deletion	85
2L	19516075	19516016	Deletion	59
2L	19521097	19520975	Deletion	122
2L	19521097	19520995	Deletion	102
2L	19521097	19521018	Deletion	79
2L	19542930	19542831	Deletion	99
2L	19542955	19542831	Deletion	124
2L	19542953	19542831	Deletion	122
2L	19542878	19542831	Deletion	47
2L	19542938	19542831	Deletion	107
2L	19544529	19544410	Deletion	119
2L	19544529	19544422	Deletion	107
2L	19544529	19544436	Deletion	93
2L	19544529	19544442	Deletion	87
2L	19544529	19544455	Deletion	74
2L	19544529	19544467	Deletion	62
2L	19544529	19544488	Deletion	41
2L	19544529	19544491	Deletion	38
2L	19545091	19545026	Deletion	65
2L	19545115	19545026	Deletion	89
2L	19545079	19545026	Deletion	53
2L	19545060	19545026	Deletion	34
2L	19545066	19545026	Deletion	40
2L	19545112	19545026	Deletion	86
2L	19570504	19570396	Deletion	108
2L	19570504	19570397	Deletion	107
2L	19570504	19570398	Deletion	106
2L	19570504	19570398	Deletion	106
2L	19570504	19570415	Deletion	89
2L	19570504	19570425	Deletion	79
2L	19570504	19570459	Deletion	45
2L	19570504	19570468	Deletion	36
2L	19570504	19570474	Deletion	30
2L	19574454	19574342	Deletion	112
2L	19574432	19574342	Deletion	90
2L	19574389	19574342	Deletion	47
2L	19574458	19574342	Deletion	116
2L	19574423	19574342	Deletion	81
2L	19574443	19574342	Deletion	101
2L	19574458	19574342	Deletion	116
2L	19574438	19574342	Deletion	96
2L	19574379	19574342	Deletion	37
2L	19603498	19603386	Deletion	112
2L	19603498	19603399	Deletion	99
2L	19603498	19603418	Deletion	80
2L	19603498	19603441	Deletion	57
2L	19603498	19603457	Deletion	41
2L	19605810	19605740	Deletion	70
2L	19605787	19605740	Deletion	47
2L	19605826	19605740	Deletion	86
2L	19619310	19619190	Deletion	120
2L	19619310	19619195	Deletion	115
2L	19619310	19619206	Deletion	104
2L	19619310	19619211	Deletion	99
2L	19619310	19619214	Deletion	96
2L	19619310	19619260	Deletion	50
2L	19619310	19619276	Deletion	34
2L	19621056	19620964	Deletion	92
2L	19621072	19620964	Deletion	108
2L	19633816	19633695	Deletion	121
2L	19633816	19633704	Deletion	112
2L	19633816	19633715	Deletion	101
2L	19633816	19633717	Deletion	99
2L	19633816	19633735	Deletion	81
2L	19633816	19633746	Deletion	70
2L	19633816	19633753	Deletion	63
2L	19633816	19633761	Deletion	55
2L	19633816	19633773	Deletion	43
2L	19638608	19638535	Deletion	73
2L	19638659	19638535	Deletion	124
2L	19638620	19638535	Deletion	85
2L	19638600	19638535	Deletion	65
2L	19638593	19638535	Deletion	58
2L	19638582	19638535	Deletion	47
2L	19646648	19646542	Deletion	106
2L	19646648	19646551	Deletion	97
2L	19646648	19646552	Deletion	96
2L	19646648	19646566	Deletion	82
2L	19646648	19646571	Deletion	77
2L	19646648	19646603	Deletion	45
2L	19647063	19647031	Deletion	32
2L	19647115	19647031	Deletion	84
2L	19647083	19647031	Deletion	52
2L	19647078	19647031	Deletion	47
2L	19647064	19647031	Deletion	33
2L	19648008	19647913	Deletion	95
2L	19648008	19647931	Deletion	77
2L	19648008	19647935	Deletion	73
2L	19648008	19647943	Deletion	65
2L	19648008	19647955	Deletion	53
2L	19654347	19654272	Deletion	75
2L	19654518	19654472	Deletion	46
2L	19654878	19654811	Deletion	67
2L	19655342	19655270	Deletion	72
2L	19655510	19655478	Deletion	32
2L	19655856	19655759	Deletion	97
2L	19658897	19658786	Deletion	111
2L	19658818	19658786	Deletion	32
2L	19658848	19658786	Deletion	62
2L	19658890	19658786	Deletion	104
2L	19660596	19660532	Deletion	64
2L	19666786	19666709	Deletion	77
2L	19673827	19673763	Deletion	64
2L	19683965	19683846	Deletion	119
2L	19683965	19683858	Deletion	107
2L	19683965	19683868	Deletion	97
2L	19683965	19683869	Deletion	96
2L	19683965	19683879	Deletion	86
2L	19683965	19683880	Deletion	85
2L	19683965	19683885	Deletion	80
2L	19683965	19683902	Deletion	63
2L	19683965	19683920	Deletion	45
2L	19683965	19683926	Deletion	39
2L	19684146	19684065	Deletion	81
2L	19684105	19684065	Deletion	40
2L	19684106	19684065	Deletion	41
2L	19684128	19684065	Deletion	63
2L	19684095	19684065	Deletion	30
2L	19684187	19684065	Deletion	122
2L	19684159	19684065	Deletion	94
2L	19684111	19684065	Deletion	46
2L	19684152	19684069	Deletion	83
2L	19701234	19701175	Deletion	59
2L	19701234	19701191	Deletion	43
2L	19702050	19701982	Deletion	68
2L	19702088	19701982	Deletion	106
2L	19702094	19701982	Deletion	112
2L	19702066	19701982	Deletion	84
2L	19705112	19705010	Deletion	102
2L	19707157	19707036	Deletion	121
2L	19708103	19708022	Deletion	81
2L	19708326	19708287	Deletion	39
2L	19710782	19710662	Deletion	120
2L	19719814	19719700	Deletion	114
2L	19719814	19719722	Deletion	92
2L	19719814	19719735	Deletion	79
2L	19719814	19719747	Deletion	67
2L	19719814	19719773	Deletion	41
2L	19726993	19726958	Deletion	35
2L	19727018	19726958	Deletion	60
2L	19727044	19726958	Deletion	86
2L	19727006	19726958	Deletion	48
2L	19729282	19729164	Deletion	118
2L	19729282	19729197	Deletion	85
2L	19729282	19729201	Deletion	81
2L	19729282	19729221	Deletion	61
2L	19729282	19729223	Deletion	59
2L	19729282	19729230	Deletion	52
2L	19729282	19729238	Deletion	44
2L	19729282	19729250	Deletion	32
2L	19733454	19733379	Deletion	75
2L	19733421	19733379	Deletion	42
2L	19733462	19733379	Deletion	83
2L	19733447	19733379	Deletion	68
2L	19733474	19733379	Deletion	95
2L	19733425	19733379	Deletion	46
2L	19733445	19733379	Deletion	66
2L	19737651	19737557	Deletion	94
2L	19737651	19737568	Deletion	83
2L	19757736	19757615	Deletion	121
2L	19764567	19764474	Deletion	93
2L	19764567	19764507	Deletion	60
2L	19764567	19764534	Deletion	33
2L	19764766	19764647	Deletion	119
2L	19764713	19764647	Deletion	66
2L	19764740	19764647	Deletion	93
2L	19764680	19764647	Deletion	33
2L	19771444	19771328	Deletion	116
2L	19771444	19771333	Deletion	111
2L	19771444	19771339	Deletion	105
2L	19771444	19771350	Deletion	94
2L	19771444	19771385	Deletion	59
2L	19771444	19771386	Deletion	58
2L	19771444	19771386	Deletion	58
2L	19771444	19771390	Deletion	54
2L	19771444	19771397	Deletion	47
2L	19801702	19801635	Deletion	67
2L	19801703	19801635	Deletion	68
2L	19801667	19801635	Deletion	32
2L	19801707	19801635	Deletion	72
2L	19801703	19801635	Deletion	68
2L	19801714	19801635	Deletion	79
2L	19805477	19805376	Deletion	101
2L	19805477	19805390	Deletion	87
2L	19805477	19805398	Deletion	79
2L	19805477	19805445	Deletion	32
2L	19805477	19805445	Deletion	32
2L	19829692	19829590	Deletion	102
2L	19829629	19829590	Deletion	39
2L	19829684	19829590	Deletion	94
2L	19829637	19829590	Deletion	47
2L	19829684	19829590	Deletion	94
2L	19831379	19831252	Deletion	127
2L	19838734	19838611	Deletion	123
2L	19851832	19851747	Deletion	85
2L	19855879	19855838	Deletion	41
2L	19855953	19855838	Deletion	115
2L	19855961	19855838	Deletion	123
2L	19855957	19855838	Deletion	119
2L	19860594	19860485	Deletion	109
2L	19860594	19860490	Deletion	104
2L	19860594	19860505	Deletion	89
2L	19860594	19860534	Deletion	60
2L	19860594	19860543	Deletion	51
2L	19860594	19860555	Deletion	39
2L	19860594	19860560	Deletion	34
2L	19862689	19862579	Deletion	110
2L	19862666	19862579	Deletion	87
2L	19862690	19862579	Deletion	111
2L	19862692	19862579	Deletion	113
2L	19862645	19862579	Deletion	66
2L	19862703	19862579	Deletion	124
2L	19862671	19862579	Deletion	92
2L	19862654	19862579	Deletion	75
2L	19862616	19862579	Deletion	37
2L	19862702	19862579	Deletion	123
2L	19865901	19865804	Deletion	97
2L	19865901	19865863	Deletion	38
2L	19866153	19866065	Deletion	88
2L	19875425	19875303	Deletion	122
2L	19882838	19882715	Deletion	123
2L	19891566	19891443	Deletion	123
2L	19891566	19891470	Deletion	96
2L	19891566	19891478	Deletion	88
2L	19891566	19891512	Deletion	54
2L	19891566	19891516	Deletion	50
2L	19891566	19891524	Deletion	42
2L	19891566	19891527	Deletion	39
2L	19902942	19902868	Deletion	74
2L	19902946	19902868	Deletion	78
2L	19902908	19902868	Deletion	40
2L	19902954	19902868	Deletion	86
2L	19902957	19902868	Deletion	89
2L	19902900	19902868	Deletion	32
2L	19904783	19904686	Deletion	97
2L	19904783	19904707	Deletion	76
2L	19904783	19904723	Deletion	60
2L	19904783	19904733	Deletion	50
2L	19904783	19904742	Deletion	41
2L	19908192	19908124	Deletion	68
2L	19908176	19908124	Deletion	52
2L	19908211	19908124	Deletion	87
2L	19908155	19908124	Deletion	31
2L	19908202	19908124	Deletion	78
2L	19915989	19915877	Deletion	112
2L	19915989	19915916	Deletion	73
2L	19915989	19915919	Deletion	70
2L	19915989	19915922	Deletion	67
2L	19915989	19915954	Deletion	35
2L	19916189	19916136	Deletion	53
2L	19916192	19916136	Deletion	56
2L	19916227	19916136	Deletion	91
2L	19916195	19916136	Deletion	59
2L	19917852	19917729	Deletion	123
2L	19932143	19932019	Deletion	124
2L	19932143	19932048	Deletion	95
2L	19932143	19932089	Deletion	54
2L	19932143	19932098	Deletion	45
2L	19932143	19932107	Deletion	36
2L	19938299	19938218	Deletion	81
2L	19938290	19938218	Deletion	72
2L	19938308	19938218	Deletion	90
2L	19938926	19938873	Deletion	53
2L	19946112	19945989	Deletion	123
2L	19946995	19946874	Deletion	121
2L	19946995	19946893	Deletion	102
2L	19946995	19946911	Deletion	84
2L	19946995	19946925	Deletion	70
2L	19946995	19946951	Deletion	44
2L	19947241	19947159	Deletion	82
2L	19947215	19947159	Deletion	56
2L	19947201	19947159	Deletion	42
2L	19949803	19949679	Deletion	124
2L	19951857	19951755	Deletion	102
2L	19951857	19951756	Deletion	101
2L	19951857	19951801	Deletion	56
2L	19952403	19952333	Deletion	70
2L	19967376	19967264	Deletion	112
2L	19967376	19967266	Deletion	110
2L	19967376	19967282	Deletion	94
2L	19967376	19967289	Deletion	87
2L	19967376	19967290	Deletion	86
2L	19967376	19967298	Deletion	78
2L	19967376	19967336	Deletion	40
2L	19967994	19967886	Deletion	108
2L	19967920	19967886	Deletion	34
2L	19967974	19967886	Deletion	88
2L	19967927	19967886	Deletion	41
2L	19967928	19967886	Deletion	42
2L	19967985	19967886	Deletion	99
2L	19967936	19967886	Deletion	50
2L	19968008	19967886	Deletion	122
2L	19972348	19972290	Deletion	58
2L	19974716	19974647	Deletion	69
2L	19974758	19974647	Deletion	111
2L	19974757	19974647	Deletion	110
2L	19974758	19974647	Deletion	111
2L	19984577	19984490	Deletion	87
2L	19984577	19984521	Deletion	56
2L	19986167	19986058	Deletion	109
2L	19986128	19986058	Deletion	70
2L	19986097	19986058	Deletion	39
2L	19987046	19986930	Deletion	116
2L	19987046	19986934	Deletion	112
2L	19987046	19986975	Deletion	71
2L	19987046	19987003	Deletion	43
2L	19987046	19987011	Deletion	35
2L	19992584	19992528	Deletion	56
2L	19992628	19992528	Deletion	100
2L	19992620	19992528	Deletion	92
2L	19992612	19992528	Deletion	84
2L	20003302	20003182	Deletion	120
2L	20003302	20003218	Deletion	84
2L	20003302	20003221	Deletion	81
2L	20003302	20003229	Deletion	73
2L	20003302	20003237	Deletion	65
2L	20003302	20003242	Deletion	60
2L	20003302	20003242	Deletion	60
2L	20003302	20003244	Deletion	58
2L	20003297	20003249	Deletion	48
2L	20006130	20006076	Deletion	54
2L	20008827	20008717	Deletion	110
2L	20008790	20008717	Deletion	73
2L	20008923	20008837	Deletion	86
2L	20009701	20009644	Deletion	57
2L	20010776	20010686	Deletion	90
2L	20027975	20027868	Deletion	107
2L	20027975	20027870	Deletion	105
2L	20027975	20027890	Deletion	85
2L	20027975	20027892	Deletion	83
2L	20027975	20027897	Deletion	78
2L	20027975	20027906	Deletion	69
2L	20027975	20027920	Deletion	55
2L	20027975	20027929	Deletion	46
2L	20028114	20028034	Deletion	80
2L	20028091	20028034	Deletion	57
2L	20028075	20028034	Deletion	41
2L	20028135	20028034	Deletion	101
2L	20028105	20028034	Deletion	71
2L	20028082	20028034	Deletion	48
2L	20028131	20028034	Deletion	97
2L	20028077	20028034	Deletion	43
2L	20031452	20031340	Deletion	112
2L	20031452	20031353	Deletion	99
2L	20031452	20031365	Deletion	87
2L	20031452	20031366	Deletion	86
2L	20031452	20031399	Deletion	53
2L	20034627	20034516	Deletion	111
2L	20034557	20034516	Deletion	41
2L	20034556	20034516	Deletion	40
2L	20034590	20034516	Deletion	74
2L	20047392	20047290	Deletion	102
2L	20047392	20047291	Deletion	101
2L	20047392	20047320	Deletion	72
2L	20047392	20047327	Deletion	65
2L	20047392	20047332	Deletion	60
2L	20047392	20047344	Deletion	48
2L	20047392	20047352	Deletion	40
2L	20047392	20047359	Deletion	33
2L	20047790	20047724	Deletion	66
2L	20047831	20047724	Deletion	107
2L	20047821	20047724	Deletion	97
2L	20047817	20047724	Deletion	93
2L	20047802	20047724	Deletion	78
2L	20047785	20047724	Deletion	61
2L	20047810	20047724	Deletion	86
2L	20047778	20047724	Deletion	54
2L	20047847	20047724	Deletion	123
2L	20063374	20063253	Deletion	121
2L	20063374	20063284	Deletion	90
2L	20063374	20063326	Deletion	48
2L	20075051	20075013	Deletion	38
2L	20075093	20075013	Deletion	80
2L	20078594	20078471	Deletion	123
2L	20078594	20078511	Deletion	83
2L	20078594	20078544	Deletion	50
2L	20096411	20096368	Deletion	43
2L	20096444	20096368	Deletion	76
2L	20096486	20096368	Deletion	118
2L	20101154	20101083	Deletion	71
2L	20101154	20101109	Deletion	45
2L	20101154	20101114	Deletion	40
2L	20101744	20101689	Deletion	55
2L	20101775	20101689	Deletion	86
2L	20101805	20101689	Deletion	116
2L	20101788	20101689	Deletion	99
2L	20101803	20101689	Deletion	114
2L	20101802	20101689	Deletion	113
2L	20101770	20101689	Deletion	81
2L	20101808	20101689	Deletion	119
2L	20102201	20102082	Deletion	119
2L	20102201	20102089	Deletion	112
2L	20102201	20102090	Deletion	111
2L	20102201	20102102	Deletion	99
2L	20102201	20102121	Deletion	80
2L	20102201	20102133	Deletion	68
2L	20102201	20102138	Deletion	63
2L	20102201	20102145	Deletion	56
2L	20107216	20107158	Deletion	58
2L	20107216	20107162	Deletion	54
2L	20112010	20111919	Deletion	91
2L	20128285	20128163	Deletion	122
2L	20135798	20135677	Deletion	121
2L	20135798	20135678	Deletion	120
2L	20135798	20135682	Deletion	116
2L	20135798	20135693	Deletion	105
2L	20135798	20135748	Deletion	50
2L	20135798	20135757	Deletion	41
2L	20136938	20136825	Deletion	113
2L	20136902	20136825	Deletion	77
2L	20136911	20136825	Deletion	86
2L	20140145	20140032	Deletion	113
2L	20147722	20147605	Deletion	117
2L	20147722	20147624	Deletion	98
2L	20147722	20147678	Deletion	44
2L	20147722	20147684	Deletion	38
2L	20148851	20148804	Deletion	47
2L	20154741	20154653	Deletion	88
2L	20154766	20154653	Deletion	113
2L	20157943	20157861	Deletion	82
2L	20159796	20159740	Deletion	56
2L	20160950	20160870	Deletion	80
2L	20161791	20161742	Deletion	49
2L	20162078	20161962	Deletion	116
2L	20164260	20164174	Deletion	86
2L	20166579	20166467	Deletion	112
2L	20166579	20166488	Deletion	91
2L	20166579	20166494	Deletion	85
2L	20166579	20166501	Deletion	78
2L	20166579	20166545	Deletion	34
2L	20168834	20168799	Deletion	35
2L	20168892	20168799	Deletion	93
2L	20168847	20168799	Deletion	48
2L	20168921	20168799	Deletion	122
2L	20168897	20168799	Deletion	98
2L	20178520	20178441	Deletion	79
2L	20178520	20178444	Deletion	76
2L	20178520	20178477	Deletion	43
2L	20180132	20180085	Deletion	47
2L	20182276	20182231	Deletion	45
2L	20183861	20183822	Deletion	39
2L	20187051	20187001	Deletion	50
2L	20187107	20187001	Deletion	106
2L	20189192	20189122	Deletion	70
2L	20189188	20189134	Deletion	54
2L	20189192	20189151	Deletion	41
2L	20192352	20192257	Deletion	95
2L	20192352	20192269	Deletion	83
2L	20194000	20193917	Deletion	83
2L	20193960	20193917	Deletion	43
2L	20198433	20198368	Deletion	65
2L	20198437	20198368	Deletion	69
2L	20200161	20200086	Deletion	75
2L	20203497	20203395	Deletion	102
2L	20203497	20203437	Deletion	60
2L	20203497	20203462	Deletion	35
2L	20203654	20203561	Deletion	93
2L	20203629	20203561	Deletion	68
2L	20203673	20203561	Deletion	112
2L	20203665	20203561	Deletion	104
2L	20205484	20205394	Deletion	90
2L	20205484	20205397	Deletion	87
2L	20205484	20205426	Deletion	58
2L	20206586	20206547	Deletion	39
2L	20206615	20206547	Deletion	68
2L	20206656	20206547	Deletion	109
2L	20212005	20211913	Deletion	92
2L	20213120	20213008	Deletion	112
2L	20213120	20213014	Deletion	106
2L	20213120	20213022	Deletion	98
2L	20213120	20213046	Deletion	74
2L	20213120	20213052	Deletion	68
2L	20213120	20213084	Deletion	36
2L	20215053	20214934	Deletion	119
2L	20215053	20215012	Deletion	41
2L	20217563	20217478	Deletion	85
2L	20217563	20217483	Deletion	80
2L	20217563	20217515	Deletion	48
2L	20218160	20218038	Deletion	122
2L	20219709	20219616	Deletion	93
2L	20219709	20219673	Deletion	36
2L	20220120	20220068	Deletion	52
2L	20220158	20220068	Deletion	90
2L	20220126	20220068	Deletion	58
2L	20220183	20220068	Deletion	115
2L	20220768	20220735	Deletion	33
2L	20230871	20230748	Deletion	123
2L	20239029	20238917	Deletion	112
2L	20239029	20238924	Deletion	105
2L	20239029	20238930	Deletion	99
2L	20239029	20238934	Deletion	95
2L	20239029	20238960	Deletion	69
2L	20239029	20238960	Deletion	69
2L	20239029	20238999	Deletion	30
2L	20243736	20243639	Deletion	97
2L	20243697	20243639	Deletion	58
2L	20243697	20243639	Deletion	58
2L	20243671	20243639	Deletion	32
2L	20248693	20248587	Deletion	106
2L	20248693	20248596	Deletion	97
2L	20248693	20248598	Deletion	95
2L	20249783	20249685	Deletion	98
2L	20249792	20249685	Deletion	107
2L	20249797	20249685	Deletion	112
2L	20249716	20249685	Deletion	31
2L	20249795	20249685	Deletion	110
2L	20259051	20258946	Deletion	105
2L	20259051	20258999	Deletion	52
2L	20259051	20259019	Deletion	32
2L	20261951	20261856	Deletion	95
2L	20261968	20261856	Deletion	112
2L	20261975	20261856	Deletion	119
2L	20261931	20261856	Deletion	75
2L	20263127	20263032	Deletion	95
2L	20266028	20265996	Deletion	32
2L	20266118	20265996	Deletion	122
2L	20272885	20272837	Deletion	48
2L	20276755	20276716	Deletion	39
2L	20277997	20277925	Deletion	72
2L	20278171	20278083	Deletion	88
2L	20278171	20278122	Deletion	49
2L	20281600	20281516	Deletion	84
2L	20293662	20293550	Deletion	112
2L	20297657	20297536	Deletion	121
2L	20305596	20305506	Deletion	90
2L	20307679	20307555	Deletion	124
2L	20308696	20308582	Deletion	114
2L	20309139	20309108	Deletion	31
2L	20309760	20309690	Deletion	70
2L	20310276	20310210	Deletion	66
2L	20311716	20311600	Deletion	116
2L	20311716	20311639	Deletion	77
2L	20311716	20311685	Deletion	31
2L	20323764	20323669	Deletion	95
2L	20323718	20323669	Deletion	49
2L	20334237	20334114	Deletion	123
2L	20337111	20337006	Deletion	105
2L	20337111	20337022	Deletion	89
2L	20337111	20337025	Deletion	86
2L	20337111	20337080	Deletion	31
2L	20337260	20337165	Deletion	95
2L	20337202	20337165	Deletion	37
2L	20337205	20337165	Deletion	40
2L	20337973	20337849	Deletion	124
2L	20347455	20347331	Deletion	124
2L	20351000	20350890	Deletion	110
2L	20351000	20350894	Deletion	106
2L	20351000	20350910	Deletion	90
2L	20357829	20357791	Deletion	38
2L	20358651	20358530	Deletion	121
2L	20358652	20358539	Deletion	113
2L	20358651	20358543	Deletion	108
2L	20358651	20358551	Deletion	100
2L	20358651	20358558	Deletion	93
2L	20358651	20358565	Deletion	86
2L	20358651	20358599	Deletion	52
2L	20358651	20358616	Deletion	35
2L	20363443	20363320	Deletion	123
2L	20363395	20363320	Deletion	75
2L	20363354	20363320	Deletion	34
2L	20363361	20363320	Deletion	41
2L	20363412	20363320	Deletion	92
2L	20369379	20369258	Deletion	121
2L	20387321	20387216	Deletion	105
2L	20387321	20387237	Deletion	84
2L	20387321	20387238	Deletion	83
2L	20387321	20387238	Deletion	83
2L	20387321	20387268	Deletion	53
2L	20387321	20387289	Deletion	32
2L	20387321	20387291	Deletion	30
2L	20387902	20387859	Deletion	43
2L	20387902	20387859	Deletion	43
2L	20387901	20387859	Deletion	42
2L	20387953	20387859	Deletion	94
2L	20387955	20387859	Deletion	96
2L	20387932	20387859	Deletion	73
2L	20402899	20402775	Deletion	124
2L	20402884	20402775	Deletion	109
2L	20410728	20410660	Deletion	68
2L	20411143	20411113	Deletion	30
2L	20411644	20411555	Deletion	89
2L	20411644	20411600	Deletion	44
2L	20418421	20418309	Deletion	112
2L	20433537	20433417	Deletion	120
2L	20445932	20445828	Deletion	104
2L	20445932	20445858	Deletion	74
2L	20446441	20446371	Deletion	70
2L	20451802	20451680	Deletion	122
2L	20455054	20454987	Deletion	67
2L	20455054	20454996	Deletion	58
2L	20455547	20455493	Deletion	54
2L	20455554	20455493	Deletion	61
2L	20461570	20461466	Deletion	104
2L	20461570	20461467	Deletion	103
2L	20461570	20461510	Deletion	60
2L	20461570	20461518	Deletion	52
2L	20461570	20461522	Deletion	48
2L	20461570	20461540	Deletion	30
2L	20461970	20461855	Deletion	115
2L	20461933	20461855	Deletion	78
2L	20461921	20461855	Deletion	66
2L	20461929	20461855	Deletion	74
2L	20461951	20461855	Deletion	96
2L	20474018	20473916	Deletion	102
2L	20474018	20473966	Deletion	52
2L	20475918	20475842	Deletion	76
2L	20479672	20479560	Deletion	112
2L	20479672	20479570	Deletion	102
2L	20479672	20479583	Deletion	89
2L	20479672	20479613	Deletion	59
2L	20479672	20479629	Deletion	43
2L	20486339	20486256	Deletion	83
2L	20486366	20486256	Deletion	110
2L	20486364	20486256	Deletion	108
2L	20486323	20486256	Deletion	67
2L	20486293	20486256	Deletion	37
2L	20486376	20486256	Deletion	120
2L	20499663	20499563	Deletion	100
2L	20499663	20499575	Deletion	88
2L	20499663	20499592	Deletion	71
2L	20499663	20499600	Deletion	63
2L	20499663	20499613	Deletion	50
2L	20499663	20499627	Deletion	36
2L	20501034	20500958	Deletion	76
2L	20501013	20500958	Deletion	55
2L	20501076	20500958	Deletion	118
2L	20501021	20500958	Deletion	63
2L	20500996	20500958	Deletion	38
2L	20501048	20500958	Deletion	90
2L	20502721	20502605	Deletion	116
2L	20502721	20502609	Deletion	112
2L	20502721	20502618	Deletion	103
2L	20502721	20502618	Deletion	103
2L	20502721	20502632	Deletion	89
2L	20502721	20502669	Deletion	52
2L	20502721	20502681	Deletion	40
2L	20507455	20507418	Deletion	37
2L	20507492	20507418	Deletion	74
2L	20507528	20507418	Deletion	110
2L	20507504	20507418	Deletion	86
2L	20540468	20540395	Deletion	73
2L	20540468	20540411	Deletion	57
2L	20540468	20540415	Deletion	53
2L	20540466	20540425	Deletion	41
2L	20540468	20540430	Deletion	38
2L	20540468	20540435	Deletion	33
2L	20541169	20541086	Deletion	83
2L	20541174	20541086	Deletion	88
2L	20541179	20541086	Deletion	93
2L	20541185	20541086	Deletion	99
2L	20541139	20541086	Deletion	53
2L	20541155	20541086	Deletion	69
2L	20541159	20541086	Deletion	73
2L	20541203	20541086	Deletion	117
2L	20541354	20541231	Deletion	123
2L	20544835	20544718	Deletion	117
2L	20544835	20544726	Deletion	109
2L	20544835	20544739	Deletion	96
2L	20544835	20544767	Deletion	68
2L	20544835	20544768	Deletion	67
2L	20544835	20544776	Deletion	59
2L	20544835	20544793	Deletion	42
2L	20545917	20545833	Deletion	84
2L	20545863	20545833	Deletion	30
2L	20545892	20545833	Deletion	59
2L	20545891	20545833	Deletion	58
2L	20545900	20545833	Deletion	67
2L	20548703	20548591	Deletion	112
2L	20548703	20548657	Deletion	46
2L	20548703	20548671	Deletion	32
2L	20550020	20549939	Deletion	81
2L	20550034	20549939	Deletion	95
2L	20555718	20555597	Deletion	121
2L	20563152	20563106	Deletion	46
2L	20563152	20563112	Deletion	40
2L	20563152	20563121	Deletion	31
2L	20563512	20563431	Deletion	81
2L	20563527	20563431	Deletion	96
2L	20563518	20563431	Deletion	87
2L	20577209	20577107	Deletion	102
2L	20577209	20577107	Deletion	102
2L	20578017	20577953	Deletion	64
2L	20579070	20579040	Deletion	30
2L	20580219	20580117	Deletion	102
2L	20582371	20582274	Deletion	97
2L	20582534	20582473	Deletion	61
2L	20583539	20583458	Deletion	81
2L	20585539	20585480	Deletion	59
2L	20585525	20585480	Deletion	45
2L	20585530	20585480	Deletion	50
2L	20585519	20585480	Deletion	39
2L	20585529	20585480	Deletion	49
2L	20585546	20585480	Deletion	66
2L	20587258	20587147	Deletion	111
2L	20587258	20587170	Deletion	88
2L	20587258	20587182	Deletion	76
2L	20587258	20587192	Deletion	66
2L	20587258	20587199	Deletion	59
2L	20587258	20587205	Deletion	53
2L	20587258	20587207	Deletion	51
2L	20589532	20589494	Deletion	38
2L	20589599	20589494	Deletion	105
2L	20589601	20589494	Deletion	107
2L	20589567	20589494	Deletion	73
2L	20589544	20589494	Deletion	50
2L	20589609	20589494	Deletion	115
2L	20589569	20589494	Deletion	75
2L	20589561	20589494	Deletion	67
2L	20589554	20589494	Deletion	60
2L	20596359	20596263	Deletion	96
2L	20596359	20596290	Deletion	69
2L	20602164	20602058	Deletion	106
2L	20602162	20602058	Deletion	104
2L	20602115	20602058	Deletion	57
2L	20602161	20602058	Deletion	103
2L	20602088	20602058	Deletion	30
2L	20618053	20617939	Deletion	114
2L	20618053	20617950	Deletion	103
2L	20618053	20617990	Deletion	63
2L	20618053	20617999	Deletion	54
2L	20621712	20621649	Deletion	63
2L	20621766	20621649	Deletion	117
2L	20621756	20621649	Deletion	107
2L	20621721	20621649	Deletion	72
2L	20621756	20621649	Deletion	107
2L	20630942	20630843	Deletion	99
2L	20630942	20630866	Deletion	76
2L	20630942	20630895	Deletion	47
2L	20630942	20630902	Deletion	40
2L	20630942	20630908	Deletion	34
2L	20633626	20633515	Deletion	111
2L	20633615	20633515	Deletion	100
2L	20633635	20633515	Deletion	120
2L	20633594	20633515	Deletion	79
2L	20633601	20633515	Deletion	86
2L	20633565	20633515	Deletion	50
2L	20633607	20633515	Deletion	92
2L	20634008	20633885	Deletion	123
2L	20639650	20639549	Deletion	101
2L	20650792	20650676	Deletion	116
2L	20650792	20650678	Deletion	114
2L	20650792	20650725	Deletion	67
2L	20650792	20650735	Deletion	57
2L	20652279	20652163	Deletion	116
2L	20652222	20652163	Deletion	59
2L	20652232	20652163	Deletion	69
2L	20652273	20652163	Deletion	110
2L	20656309	20656186	Deletion	123
2L	20656309	20656207	Deletion	102
2L	20660163	20660042	Deletion	121
2L	20660424	20660333	Deletion	91
2L	20663380	20663345	Deletion	35
2L	20663990	20663916	Deletion	74
2L	20663990	20663933	Deletion	57
2L	20663990	20663934	Deletion	56
2L	20663990	20663946	Deletion	44
2L	20665864	20665794	Deletion	70
2L	20665863	20665794	Deletion	69
2L	20665876	20665794	Deletion	82
2L	20665912	20665794	Deletion	118
2L	20665846	20665794	Deletion	52
2L	20665903	20665809	Deletion	94
2L	20673568	20673445	Deletion	123
2L	20680441	20680318	Deletion	123
2L	20688936	20688819	Deletion	117
2L	20688936	20688847	Deletion	89
2L	20688936	20688863	Deletion	73
2L	20688936	20688878	Deletion	58
2L	20689914	20689803	Deletion	111
2L	20689859	20689803	Deletion	56
2L	20689909	20689803	Deletion	106
2L	20689874	20689803	Deletion	71
2L	20689843	20689803	Deletion	40
2L	20713084	20713012	Deletion	72
2L	20713084	20713031	Deletion	53
2L	20713084	20713045	Deletion	39
2L	20716387	20716333	Deletion	54
2L	20716457	20716333	Deletion	124
2L	20716420	20716333	Deletion	87
2L	20716406	20716333	Deletion	73
2L	20717957	20717851	Deletion	106
2L	20717957	20717859	Deletion	98
2L	20717957	20717909	Deletion	48
2L	20717957	20717916	Deletion	41
2L	20717957	20717917	Deletion	40
2L	20728860	20728782	Deletion	78
2L	20728867	20728782	Deletion	85
2L	20728890	20728782	Deletion	108
2L	20728868	20728782	Deletion	86
2L	20739203	20739084	Deletion	119
2L	20746952	20746832	Deletion	120
2L	20753818	20753699	Deletion	119
2L	20753818	20753708	Deletion	110
2L	20753818	20753739	Deletion	79
2L	20753818	20753741	Deletion	77
2L	20753818	20753755	Deletion	63
2L	20753818	20753761	Deletion	57
2L	20753818	20753771	Deletion	47
2L	20757624	20757555	Deletion	69
2L	20757634	20757555	Deletion	79
2L	20757664	20757555	Deletion	109
2L	20757618	20757555	Deletion	63
2L	20757602	20757555	Deletion	47
2L	20757604	20757555	Deletion	49
2L	20767027	20766927	Deletion	100
2L	20767027	20766938	Deletion	89
2L	20767027	20766940	Deletion	87
2L	20767027	20766949	Deletion	78
2L	20767027	20766958	Deletion	69
2L	20767027	20766997	Deletion	30
2L	20767236	20767197	Deletion	39
2L	20767234	20767197	Deletion	37
2L	20767293	20767197	Deletion	96
2L	20767254	20767197	Deletion	57
2L	20767245	20767197	Deletion	48
2L	20767313	20767197	Deletion	116
2L	20768102	20767981	Deletion	121
2L	20777000	20776909	Deletion	91
2L	20777000	20776927	Deletion	73
2L	20777000	20776935	Deletion	65
2L	20776998	20776948	Deletion	50
2L	20777000	20776960	Deletion	40
2L	20777502	20777416	Deletion	86
2L	20777451	20777416	Deletion	35
2L	20777477	20777416	Deletion	61
2L	20777490	20777416	Deletion	74
2L	20777469	20777416	Deletion	53
2L	20777525	20777416	Deletion	109
2L	20799319	20799199	Deletion	120
2L	20799321	20799200	Deletion	121
2L	20799321	20799240	Deletion	81
2L	20816482	20816363	Deletion	119
2L	20816408	20816363	Deletion	45
2L	20816944	20816864	Deletion	80
2L	20816944	20816895	Deletion	49
2L	20817095	20817016	Deletion	79
2L	20817113	20817016	Deletion	97
2L	20817064	20817016	Deletion	48
2L	20817116	20817016	Deletion	100
2L	20817950	20817890	Deletion	60
2L	20817950	20817896	Deletion	54
2L	20817950	20817915	Deletion	35
2L	20818095	20818023	Deletion	72
2L	20818114	20818023	Deletion	91
2L	20818089	20818023	Deletion	66
2L	20850105	20849982	Deletion	123
2L	20850105	20850010	Deletion	95
2L	20850105	20850022	Deletion	83
2L	20850105	20850032	Deletion	73
2L	20850105	20850045	Deletion	60
2L	20850105	20850056	Deletion	49
2L	20858676	20858631	Deletion	45
2L	20858699	20858631	Deletion	68
2L	20858686	20858631	Deletion	55
2L	20858710	20858631	Deletion	79
2L	20858664	20858631	Deletion	33
2L	20860296	20860194	Deletion	102
2L	20860296	20860212	Deletion	84
2L	20860296	20860232	Deletion	64
2L	20860296	20860232	Deletion	64
2L	20860296	20860244	Deletion	52
2L	20862826	20862721	Deletion	105
2L	20862785	20862721	Deletion	64
2L	20862797	20862721	Deletion	76
2L	20862785	20862721	Deletion	64
2L	20862826	20862721	Deletion	105
2L	20862765	20862721	Deletion	44
2L	20865426	20865364	Deletion	62
2L	20865426	20865378	Deletion	48
2L	20865877	20865762	Deletion	115
2L	20865826	20865762	Deletion	64
2L	20865840	20865762	Deletion	78
2L	20882419	20882301	Deletion	118
2L	20882419	20882304	Deletion	115
2L	20882419	20882358	Deletion	61
2L	20882419	20882378	Deletion	41
2L	20893445	20893385	Deletion	60
2L	20893424	20893385	Deletion	39
2L	20893432	20893385	Deletion	47
2L	20895878	20895813	Deletion	65
2L	20905854	20905732	Deletion	122
2L	20906374	20906252	Deletion	122
2L	20918550	20918433	Deletion	117
2L	20918550	20918447	Deletion	103
2L	20918550	20918461	Deletion	89
2L	20918550	20918465	Deletion	85
2L	20918550	20918477	Deletion	73
2L	20918550	20918487	Deletion	63
2L	20918550	20918501	Deletion	49
2L	20918550	20918509	Deletion	41
2L	20919203	20919102	Deletion	101
2L	20919167	20919102	Deletion	65
2L	20919141	20919102	Deletion	39
2L	20919145	20919102	Deletion	43
2L	20919181	20919102	Deletion	79
2L	20919157	20919102	Deletion	55
2L	20919189	20919102	Deletion	87
2L	20926052	20925940	Deletion	112
2L	20926052	20925949	Deletion	103
2L	20926052	20925970	Deletion	82
2L	20926052	20925975	Deletion	77
2L	20926912	20926862	Deletion	50
2L	20926907	20926862	Deletion	45
2L	20926967	20926862	Deletion	105
2L	20926967	20926862	Deletion	105
2L	20932155	20932031	Deletion	124
2L	20940311	20940202	Deletion	109
2L	20940311	20940204	Deletion	107
2L	20940311	20940224	Deletion	87
2L	20940308	20940224	Deletion	84
2L	20940311	20940226	Deletion	85
2L	20940311	20940235	Deletion	76
2L	20940468	20940367	Deletion	101
2L	20940406	20940367	Deletion	39
2L	20940408	20940367	Deletion	41
2L	20940406	20940367	Deletion	39
2L	20940417	20940367	Deletion	50
2L	20941047	20940925	Deletion	122
2L	20941047	20940962	Deletion	85
2L	20941047	20940995	Deletion	52
2L	20941047	20941008	Deletion	39
2L	20941490	20941381	Deletion	109
2L	20941423	20941381	Deletion	42
2L	20941456	20941381	Deletion	75
2L	20941502	20941381	Deletion	121
2L	20941469	20941381	Deletion	88
2L	20941503	20941381	Deletion	122
2L	20945061	20944975	Deletion	86
2L	20945061	20945000	Deletion	61
2L	20945061	20945005	Deletion	56
2L	20945061	20945015	Deletion	46
2L	20946910	20946830	Deletion	80
2L	20946900	20946830	Deletion	70
2L	20946870	20946830	Deletion	40
2L	20946895	20946830	Deletion	65
2L	20956254	20956139	Deletion	115
2L	20956254	20956172	Deletion	82
2L	20956254	20956173	Deletion	81
2L	20956254	20956174	Deletion	80
2L	20956254	20956176	Deletion	78
2L	20956254	20956211	Deletion	43
2L	20956254	20956223	Deletion	31
2L	20957927	20957832	Deletion	95
2L	20957877	20957832	Deletion	45
2L	20957878	20957832	Deletion	46
2L	20957876	20957832	Deletion	44
2L	20957880	20957832	Deletion	48
2L	20957915	20957832	Deletion	83
2L	20959598	20959487	Deletion	111
2L	20959598	20959511	Deletion	87
2L	20959598	20959514	Deletion	84
2L	20959598	20959565	Deletion	33
2L	20959741	20959646	Deletion	95
2L	20959746	20959646	Deletion	100
2L	20959750	20959646	Deletion	104
2L	20959689	20959646	Deletion	43
2L	20959687	20959646	Deletion	41
2L	20978692	20978652	Deletion	40
2L	20979021	20978932	Deletion	89
2L	21000542	21000456	Deletion	86
2L	21000519	21000456	Deletion	63
2L	21000558	21000456	Deletion	102
2L	21000555	21000456	Deletion	99
2L	21000579	21000456	Deletion	123
2L	21028456	21028340	Deletion	116
2L	21028456	21028350	Deletion	106
2L	21028456	21028356	Deletion	100
2L	21028456	21028383	Deletion	73
2L	21028456	21028415	Deletion	41
2L	21036581	21036467	Deletion	114
2L	21036552	21036467	Deletion	85
2L	21036520	21036467	Deletion	53
2L	21036586	21036467	Deletion	119
2L	21036579	21036467	Deletion	112
2L	21038884	21038760	Deletion	124
2L	21038884	21038793	Deletion	91
2L	21038884	21038804	Deletion	80
2L	21038884	21038809	Deletion	75
2L	21038884	21038844	Deletion	40
2L	21038884	21038848	Deletion	36
2L	21038884	21038854	Deletion	30
2L	21041702	21041629	Deletion	73
2L	21047302	21047195	Deletion	107
2L	21047356	21047291	Deletion	65
2L	21056484	21056363	Deletion	121
2L	21065304	21065202	Deletion	102
2L	21065304	21065249	Deletion	55
2L	21067531	21067459	Deletion	72
2L	21067579	21067463	Deletion	116
2L	21081063	21080940	Deletion	123
2L	21086365	21086264	Deletion	101
2L	21086365	21086299	Deletion	66
2L	21086365	21086307	Deletion	58
2L	21091635	21091514	Deletion	121
2L	21091583	21091514	Deletion	69
2L	21091622	21091514	Deletion	108
2L	21091575	21091514	Deletion	61
2L	21091627	21091514	Deletion	113
2L	21101125	21101003	Deletion	122
2L	21101125	21101022	Deletion	103
2L	21101125	21101081	Deletion	44
2L	21101125	21101085	Deletion	40
2L	21101125	21101094	Deletion	31
2L	21101125	21101094	Deletion	31
2L	21108120	21108025	Deletion	95
2L	21108111	21108025	Deletion	86
2L	21108107	21108025	Deletion	82
2L	21108120	21108025	Deletion	95
2L	21119867	21119743	Deletion	124
2L	21119867	21119744	Deletion	123
2L	21119867	21119778	Deletion	89
2L	21120914	21120815	Deletion	99
2L	21120853	21120815	Deletion	38
2L	21120930	21120815	Deletion	115
2L	21124666	21124543	Deletion	123
2L	21124666	21124556	Deletion	110
2L	21124666	21124573	Deletion	93
2L	21124666	21124573	Deletion	93
2L	21124666	21124595	Deletion	71
2L	21124666	21124604	Deletion	62
2L	21124666	21124622	Deletion	44
2L	21124666	21124634	Deletion	32
2L	21126117	21126084	Deletion	33
2L	21126178	21126084	Deletion	94
2L	21126148	21126084	Deletion	64
2L	21126181	21126084	Deletion	97
2L	21126139	21126084	Deletion	55
2L	21126166	21126084	Deletion	82
2L	21126117	21126084	Deletion	33
2L	21129321	21129203	Deletion	118
2L	21129321	21129242	Deletion	79
2L	21129321	21129261	Deletion	60
2L	21129321	21129269	Deletion	52
2L	21129321	21129291	Deletion	30
2L	21134866	21134770	Deletion	96
2L	21134871	21134770	Deletion	101
2L	21134887	21134770	Deletion	117
2L	21134817	21134770	Deletion	47
2L	21134882	21134770	Deletion	112
2L	21134844	21134770	Deletion	74
2L	21134836	21134770	Deletion	66
2L	21134878	21134770	Deletion	108
2L	21134873	21134770	Deletion	103
2L	21141454	21141375	Deletion	79
2L	21141454	21141387	Deletion	67
2L	21141454	21141422	Deletion	32
2L	21141668	21141562	Deletion	106
2L	21141610	21141562	Deletion	48
2L	21141661	21141562	Deletion	99
2L	21141676	21141562	Deletion	114
2L	21141678	21141562	Deletion	116
2L	21141674	21141562	Deletion	112
2L	21141622	21141562	Deletion	60
2L	21141657	21141562	Deletion	95
2L	21147603	21147512	Deletion	91
2L	21147603	21147552	Deletion	51
2L	21147603	21147568	Deletion	35
2L	21147730	21147654	Deletion	76
2L	21147690	21147654	Deletion	36
2L	21147746	21147654	Deletion	92
2L	21158104	21158033	Deletion	71
2L	21161674	21161618	Deletion	56
2L	21161734	21161618	Deletion	116
2L	21161721	21161618	Deletion	103
2L	21161716	21161618	Deletion	98
2L	21175991	21175867	Deletion	124
2L	21175991	21175867	Deletion	124
2L	21175991	21175872	Deletion	119
2L	21175991	21175876	Deletion	115
2L	21175991	21175887	Deletion	104
2L	21175991	21175950	Deletion	41
2L	21178474	21178374	Deletion	100
2L	21178498	21178374	Deletion	124
2L	21178459	21178374	Deletion	85
2L	21188388	21188292	Deletion	96
2L	21188388	21188292	Deletion	96
2L	21188388	21188318	Deletion	70
2L	21193592	21193471	Deletion	121
2L	21193568	21193471	Deletion	97
2L	21193501	21193471	Deletion	30
2L	21193501	21193471	Deletion	30
2L	21193527	21193471	Deletion	56
2L	21198397	21198279	Deletion	118
2L	21198397	21198288	Deletion	109
2L	21198397	21198322	Deletion	75
2L	21198397	21198327	Deletion	70
2L	21198397	21198350	Deletion	47
2L	21201992	21201912	Deletion	80
2L	21202032	21201912	Deletion	120
2L	21201969	21201912	Deletion	57
2L	21201964	21201912	Deletion	52
2L	21253454	21253341	Deletion	113
2L	21253454	21253363	Deletion	91
2L	21253454	21253380	Deletion	74
2L	21253689	21253634	Deletion	55
2L	21253740	21253634	Deletion	106
2L	21253749	21253634	Deletion	115
2L	21253672	21253634	Deletion	38
2L	21254448	21254327	Deletion	121
2L	21256616	21256528	Deletion	88
2L	21256616	21256572	Deletion	44
2L	21264069	21264004	Deletion	65
2L	21264069	21264004	Deletion	65
2L	21264042	21264004	Deletion	38
2L	21264069	21264004	Deletion	65
2L	21269636	21269578	Deletion	58
2L	21269693	21269578	Deletion	115
2L	21269635	21269578	Deletion	57
2L	21269701	21269578	Deletion	123
2L	21269701	21269578	Deletion	123
2L	21271315	21271191	Deletion	124
2L	21271315	21271216	Deletion	99
2L	21271315	21271217	Deletion	98
2L	21271315	21271234	Deletion	81
2L	21271315	21271239	Deletion	76
2L	21271315	21271246	Deletion	69
2L	21271315	21271251	Deletion	64
2L	21271315	21271259	Deletion	56
2L	21271315	21271266	Deletion	49
2L	21275934	21275888	Deletion	46
2L	21275959	21275888	Deletion	71
2L	21275939	21275888	Deletion	51
2L	21275951	21275888	Deletion	63
2L	21275966	21275888	Deletion	78
2L	21276006	21275888	Deletion	118
2L	21275946	21275888	Deletion	58
2L	21276384	21276306	Deletion	78
2L	21277014	21276966	Deletion	48
2L	21277076	21276966	Deletion	110
2L	21277075	21276966	Deletion	109
2L	21277063	21276966	Deletion	97
2L	21277085	21276966	Deletion	119
2L	21279220	21279145	Deletion	75
2L	21279220	21279146	Deletion	74
2L	21279220	21279174	Deletion	46
2L	21279220	21279186	Deletion	34
2L	21279220	21279188	Deletion	32
2L	21279595	21279501	Deletion	94
2L	21279581	21279501	Deletion	80
2L	21279625	21279501	Deletion	124
2L	21279552	21279501	Deletion	51
2L	21279553	21279501	Deletion	52
2L	21279593	21279501	Deletion	92
2L	21286355	21286269	Deletion	86
2L	21286355	21286291	Deletion	64
2L	21286355	21286310	Deletion	45
2L	21335558	21335518	Deletion	40
2L	21335599	21335518	Deletion	81
2L	21335580	21335518	Deletion	62
2L	21337611	21337508	Deletion	103
2L	21337611	21337533	Deletion	78
2L	21337611	21337537	Deletion	74
2L	21337611	21337565	Deletion	46
2L	21338827	21338747	Deletion	80
2L	21338795	21338747	Deletion	48
2L	21338799	21338747	Deletion	52
2L	21348095	21348061	Deletion	34
2L	21349649	21349530	Deletion	119
2L	21349649	21349549	Deletion	100
2L	21349885	21349825	Deletion	60
2L	21352403	21352360	Deletion	43
2L	21352757	21352707	Deletion	50
2L	21354874	21354784	Deletion	90
2L	21364357	21364244	Deletion	113
2L	21364357	21364260	Deletion	97
2L	21364357	21364268	Deletion	89
2L	21364357	21364284	Deletion	73
2L	21364587	21364477	Deletion	110
2L	21364589	21364477	Deletion	112
2L	21364514	21364477	Deletion	37
2L	21364577	21364477	Deletion	100
2L	21364530	21364477	Deletion	53
2L	21366783	21366684	Deletion	99
2L	21366783	21366745	Deletion	38
2L	21366783	21366746	Deletion	37
2L	21373908	21373820	Deletion	88
2L	21373909	21373820	Deletion	89
2L	21394384	21394262	Deletion	122
2L	21402073	21401972	Deletion	101
2L	21402073	21401974	Deletion	99
2L	21403260	21403180	Deletion	80
2L	21407823	21407711	Deletion	112
2L	21415470	21415374	Deletion	96
2L	21415470	21415399	Deletion	71
2L	21415470	21415402	Deletion	68
2L	21415470	21415428	Deletion	42
2L	21416378	21416273	Deletion	105
2L	21416382	21416273	Deletion	109
2L	21416386	21416273	Deletion	113
2L	21416332	21416273	Deletion	59
2L	21416329	21416273	Deletion	56
2L	21416382	21416273	Deletion	109
2L	21416304	21416273	Deletion	31
2L	21416358	21416273	Deletion	85
2L	21416380	21416273	Deletion	107
2L	21418732	21418620	Deletion	112
2L	21420711	21420598	Deletion	113
2L	21421051	21420937	Deletion	114
2L	21421035	21420937	Deletion	98
2L	21421111	21421081	Deletion	30
2L	21427663	21427617	Deletion	46
2L	21428087	21428048	Deletion	39
2L	21428097	21428048	Deletion	49
2L	21428159	21428048	Deletion	111
2L	21428089	21428048	Deletion	41
2L	21428130	21428048	Deletion	82
2L	21428165	21428048	Deletion	117
2L	21431219	21431105	Deletion	114
2L	21432756	21432664	Deletion	92
2L	21433742	21433656	Deletion	86
2L	21433742	21433677	Deletion	65
2L	21435385	21435340	Deletion	45
2L	21435932	21435835	Deletion	97
2L	21436181	21436159	Deletion	22
2L	21436593	21436558	Deletion	35
2L	21440790	21440723	Deletion	67
2L	21441070	21440995	Deletion	75
2L	21442143	21442095	Deletion	48
2L	21443296	21443246	Deletion	50
2L	21445443	21445398	Deletion	45
2L	21446494	21446379	Deletion	115
2L	21446555	21446446	Deletion	109
2L	21447971	21447936	Deletion	35
2L	21448874	21448751	Deletion	123
2L	21450300	21450264	Deletion	36
2L	21450316	21450264	Deletion	52
2L	21450634	21450557	Deletion	77
2L	21451392	21451291	Deletion	101
2L	21451424	21451323	Deletion	101
2L	21454557	21454492	Deletion	65
2L	21454986	21454924	Deletion	62
2L	21455281	21455196	Deletion	85
2L	21455262	21455196	Deletion	66
2L	21455242	21455196	Deletion	46
2L	21456428	21456352	Deletion	76
2L	21456463	21456384	Deletion	79
2L	21457892	21457769	Deletion	123
2L	21461479	21461412	Deletion	67
2L	21462952	21462830	Deletion	122
2L	21465490	21465427	Deletion	63
2L	21472970	21472872	Deletion	98
2L	21473038	21472962	Deletion	76
2L	21475557	21475498	Deletion	59
2L	21476662	21476541	Deletion	121
2L	21478323	21478202	Deletion	121
2L	21479805	21479749	Deletion	56
2L	21480492	21480433	Deletion	59
2L	21480926	21480845	Deletion	81
2L	21485538	21485467	Deletion	71
2L	21485538	21485467	Deletion	71
2L	21485725	21485638	Deletion	87
2L	21485667	21485638	Deletion	29
2L	21485661	21485638	Deletion	23
2L	21485727	21485638	Deletion	89
2L	21485752	21485702	Deletion	50
2L	21485780	21485708	Deletion	72
2L	21487231	21487197	Deletion	34
2L	21489999	21489948	Deletion	51
2L	21490412	21490352	Deletion	60
2L	21495462	21495411	Deletion	51
2L	21496167	21496067	Deletion	100
2L	21496943	21496857	Deletion	86
2L	21500006	21499920	Deletion	86
2L	21500783	21500673	Deletion	110
2L	21500783	21500685	Deletion	98
2L	21505059	21504981	Deletion	78
2L	21505142	21505066	Deletion	76
2L	21510603	21510554	Deletion	49
2L	21510876	21510791	Deletion	85
2L	21510929	21510870	Deletion	59
2L	21512479	21512429	Deletion	50
2L	21515148	21515041	Deletion	107
2L	21515920	21515887	Deletion	33
2L	21520931	21520827	Deletion	104
2L	21525121	21525002	Deletion	119
2L	21525747	21525670	Deletion	77
2L	21525778	21525670	Deletion	108
2L	21526786	21526730	Deletion	56
2L	21526765	21526730	Deletion	35
2L	21530377	21530326	Deletion	51
2L	21530377	21530336	Deletion	41
2L	21531637	21531541	Deletion	96
2L	21533081	21533021	Deletion	60
2L	21533081	21533051	Deletion	30
2L	21534722	21534634	Deletion	88
2L	21534805	21534713	Deletion	92
2L	21535218	21535138	Deletion	80
2L	21535494	21535465	Deletion	29
2L	21535928	21535835	Deletion	93
2L	21538125	21538046	Deletion	79
2L	21538125	21538047	Deletion	78
2L	21538513	21538392	Deletion	121
2L	21541737	21541689	Deletion	48
2L	21541730	21541689	Deletion	41
2L	21547451	21547404	Deletion	47
2L	21549252	21549207	Deletion	45
2L	21549409	21549316	Deletion	93
2L	21549397	21549316	Deletion	81
2L	21549389	21549316	Deletion	73
2L	21552367	21552325	Deletion	42
2L	21553867	21553782	Deletion	85
2L	21567913	21567857	Deletion	56
2L	21576061	21575944	Deletion	117
2L	21576477	21576364	Deletion	113
2L	21576477	21576393	Deletion	84
2L	21576477	21576408	Deletion	69
2L	21576477	21576437	Deletion	40
2L	21576477	21576447	Deletion	30
2L	21587029	21586986	Deletion	43
2L	21587044	21586986	Deletion	58
2L	21587073	21586986	Deletion	87
2L	21587083	21586986	Deletion	97
2L	21587090	21586986	Deletion	104
2L	21595950	21595864	Deletion	86
2L	21596546	21596507	Deletion	39
2L	21597607	21597557	Deletion	50
2L	21601550	21601505	Deletion	45
2L	21602072	21601959	Deletion	113
2L	21605530	21605424	Deletion	106
2L	21605465	21605424	Deletion	41
2L	21617188	21617092	Deletion	96
2L	21617188	21617141	Deletion	47
2L	21617188	21617142	Deletion	46
2L	21618949	21618838	Deletion	111
2L	21618947	21618838	Deletion	109
2L	21618917	21618838	Deletion	79
2L	21618918	21618838	Deletion	80
2L	21618868	21618838	Deletion	30
2L	21620319	21620203	Deletion	116
2L	21620319	21620214	Deletion	105
2L	21620319	21620221	Deletion	98
2L	21620581	21620484	Deletion	97
2L	21620584	21620484	Deletion	100
2L	21639880	21639759	Deletion	121
2L	21645720	21645601	Deletion	119
2L	21648942	21648820	Deletion	122
2L	21648942	21648879	Deletion	63
2L	21648942	21648891	Deletion	51
2L	21648942	21648900	Deletion	42
2L	21648942	21648911	Deletion	31
2L	21652040	21651976	Deletion	64
2L	21652072	21651976	Deletion	96
2L	21652052	21651976	Deletion	76
2L	21652061	21651976	Deletion	85
2L	21663132	21663014	Deletion	118
2L	21663132	21663022	Deletion	110
2L	21663132	21663025	Deletion	107
2L	21663132	21663051	Deletion	81
2L	21663132	21663057	Deletion	75
2L	21663132	21663058	Deletion	74
2L	21663132	21663066	Deletion	66
2L	21671444	21671392	Deletion	52
2L	21671508	21671392	Deletion	116
2L	21671453	21671392	Deletion	61
2L	21671438	21671392	Deletion	46
2L	21671515	21671392	Deletion	123
2L	21671445	21671392	Deletion	53
2L	21680155	21680035	Deletion	120
2L	21681483	21681364	Deletion	119
2L	21681483	21681368	Deletion	115
2L	21681483	21681382	Deletion	101
2L	21681483	21681384	Deletion	99
2L	21681483	21681430	Deletion	53
2L	21681483	21681450	Deletion	33
2L	21682910	21682817	Deletion	93
2L	21682890	21682817	Deletion	73
2L	21682938	21682817	Deletion	121
2L	21693060	21693021	Deletion	39
2L	21693221	21693131	Deletion	90
2L	21697745	21697634	Deletion	111
2L	21699534	21699412	Deletion	122
2L	21701617	21701524	Deletion	93
2L	21701617	21701558	Deletion	59
2L	21701617	21701585	Deletion	32
2L	21703751	21703683	Deletion	68
2L	21703778	21703683	Deletion	95
2L	21703717	21703683	Deletion	34
2L	21709201	21709083	Deletion	118
2L	21709639	21709517	Deletion	122
2L	21709639	21709520	Deletion	119
2L	21709639	21709528	Deletion	111
2L	21709639	21709531	Deletion	108
2L	21709639	21709549	Deletion	90
2L	21709639	21709569	Deletion	70
2L	21709639	21709597	Deletion	42
2L	21709639	21709599	Deletion	40
2L	21709795	21709695	Deletion	100
2L	21709782	21709695	Deletion	87
2L	21709805	21709695	Deletion	110
2L	21709734	21709695	Deletion	39
2L	21709754	21709695	Deletion	59
2L	21709784	21709695	Deletion	89
2L	21710377	21710264	Deletion	113
2L	21710377	21710287	Deletion	90
2L	21710377	21710301	Deletion	76
2L	21714789	21714753	Deletion	36
2L	21714803	21714753	Deletion	50
2L	21722997	21722880	Deletion	117
2L	21748334	21748253	Deletion	81
2L	21748334	21748282	Deletion	52
2L	21748334	21748298	Deletion	36
2L	21749967	21749893	Deletion	74
2L	21750009	21749893	Deletion	116
2L	21749983	21749893	Deletion	90
2L	21749938	21749893	Deletion	45
2L	21751841	21751735	Deletion	106
2L	21751841	21751771	Deletion	70
2L	21751841	21751776	Deletion	65
2L	21751841	21751784	Deletion	57
2L	21762528	21762467	Deletion	61
2L	21762533	21762467	Deletion	66
2L	21762541	21762467	Deletion	74
2L	21762568	21762467	Deletion	101
2L	21764690	21764592	Deletion	98
2L	21764690	21764601	Deletion	89
2L	21764690	21764602	Deletion	88
2L	21764690	21764635	Deletion	55
2L	21764690	21764640	Deletion	50
2L	21764690	21764643	Deletion	47
2L	21764690	21764659	Deletion	31
2L	21768662	21768591	Deletion	71
2L	21768695	21768591	Deletion	104
2L	21768629	21768591	Deletion	38
2L	21768670	21768591	Deletion	79
2L	21768628	21768591	Deletion	37
2L	21768692	21768591	Deletion	101
2L	21768667	21768591	Deletion	76
2L	21768686	21768591	Deletion	95
2L	21773815	21773695	Deletion	120
2L	21773815	21773715	Deletion	100
2L	21773815	21773727	Deletion	88
2L	21773815	21773758	Deletion	57
2L	21773815	21773761	Deletion	54
2L	21777907	21777877	Deletion	30
2L	21777919	21777877	Deletion	42
2L	21778001	21777877	Deletion	124
2L	21777953	21777877	Deletion	76
2L	21777950	21777877	Deletion	73
2L	21779419	21779323	Deletion	96
2L	21779419	21779340	Deletion	79
2L	21779419	21779353	Deletion	66
2L	21779419	21779357	Deletion	62
2L	21779419	21779369	Deletion	50
2L	21779419	21779369	Deletion	50
2L	21779419	21779374	Deletion	45
2L	21791450	21791333	Deletion	117
2L	21791398	21791333	Deletion	65
2L	21791364	21791333	Deletion	31
2L	21791394	21791333	Deletion	61
2L	21791410	21791333	Deletion	77
2L	21791415	21791333	Deletion	82
2L	21791381	21791333	Deletion	48
2L	21791447	21791333	Deletion	114
2L	21791432	21791333	Deletion	99
2L	21791410	21791333	Deletion	77
2L	21795783	21795662	Deletion	121
2L	21799266	21799146	Deletion	120
2L	21799266	21799160	Deletion	106
2L	21799266	21799166	Deletion	100
2L	21799266	21799198	Deletion	68
2L	21799587	21799528	Deletion	59
2L	21799632	21799528	Deletion	104
2L	21799640	21799528	Deletion	112
2L	21799631	21799528	Deletion	103
2L	21804889	21804768	Deletion	121
2L	21808404	21808282	Deletion	122
2L	21808404	21808299	Deletion	105
2L	21808404	21808306	Deletion	98
2L	21808403	21808318	Deletion	85
2L	21808404	21808367	Deletion	37
2L	21808404	21808371	Deletion	33
2L	21811416	21811375	Deletion	41
2L	21811485	21811376	Deletion	109
2L	21811465	21811376	Deletion	89
2L	21811482	21811376	Deletion	106
2L	21811469	21811376	Deletion	93
2L	21814154	21814032	Deletion	122
2L	21814154	21814042	Deletion	112
2L	21814154	21814052	Deletion	102
2L	21814154	21814066	Deletion	88
2L	21814246	21814207	Deletion	39
2L	21818058	21817946	Deletion	112
2L	21818058	21817948	Deletion	110
2L	21818058	21817950	Deletion	108
2L	21818058	21817957	Deletion	101
2L	21818058	21817990	Deletion	68
2L	21818058	21818004	Deletion	54
2L	21823450	21823377	Deletion	73
2L	21823494	21823377	Deletion	117
2L	21823436	21823377	Deletion	59
2L	21833529	21833406	Deletion	123
2L	21833969	21833847	Deletion	122
2L	21833969	21833860	Deletion	109
2L	21833969	21833874	Deletion	95
2L	21833969	21833897	Deletion	72
2L	21833969	21833918	Deletion	51
2L	21833969	21833922	Deletion	47
2L	21833969	21833927	Deletion	42
2L	21848228	21848172	Deletion	56
2L	21848249	21848172	Deletion	77
2L	21848253	21848172	Deletion	81
2L	21848205	21848172	Deletion	33
2L	21848258	21848172	Deletion	86
2L	21852534	21852417	Deletion	117
2L	21852534	21852492	Deletion	42
2L	21853227	21853114	Deletion	113
2L	21853224	21853114	Deletion	110
2L	21853225	21853114	Deletion	111
2L	21853199	21853114	Deletion	85
2L	21856562	21856451	Deletion	111
2L	21856562	21856452	Deletion	110
2L	21856562	21856452	Deletion	110
2L	21856562	21856454	Deletion	108
2L	21856562	21856490	Deletion	72
2L	21856562	21856502	Deletion	60
2L	21856562	21856503	Deletion	59
2L	21856562	21856504	Deletion	58
2L	21856562	21856504	Deletion	58
2L	21860092	21860034	Deletion	58
2L	21860149	21860034	Deletion	115
2L	21860105	21860034	Deletion	71
2L	21860104	21860034	Deletion	70
2L	21860106	21860034	Deletion	72
2L	21860106	21860034	Deletion	72
2L	21863346	21863255	Deletion	91
2L	21863346	21863261	Deletion	85
2L	21863346	21863300	Deletion	46
2L	21866094	21866052	Deletion	42
2L	21866133	21866052	Deletion	81
2L	21869633	21869512	Deletion	121
2L	21878241	21878139	Deletion	102
2L	21878241	21878196	Deletion	45
2L	21878241	21878204	Deletion	37
2L	21891975	21891923	Deletion	52
2L	21891975	21891923	Deletion	52
2L	21891975	21891923	Deletion	52
2L	21891975	21891936	Deletion	39
2L	21891975	21891938	Deletion	37
2L	21895994	21895906	Deletion	88
2L	21895966	21895906	Deletion	60
2L	21895936	21895906	Deletion	30
2L	21895996	21895906	Deletion	90
2L	21895944	21895906	Deletion	38
2L	21896026	21895906	Deletion	120
2L	21898835	21898729	Deletion	106
2L	21898835	21898748	Deletion	87
2L	21909382	21909280	Deletion	102
2L	21909319	21909280	Deletion	39
2L	21909383	21909280	Deletion	103
2L	21915604	21915559	Deletion	45
2L	21916529	21916432	Deletion	97
2L	21916532	21916432	Deletion	100
2L	21916508	21916432	Deletion	76
2L	21921802	21921688	Deletion	114
2L	21921802	21921689	Deletion	113
2L	21921802	21921689	Deletion	113
2L	21921802	21921704	Deletion	98
2L	21921802	21921724	Deletion	78
2L	21921975	21921872	Deletion	103
2L	21921920	21921872	Deletion	48
2L	21954912	21954812	Deletion	100
2L	21954912	21954823	Deletion	89
2L	21954912	21954827	Deletion	85
2L	21954912	21954850	Deletion	62
2L	21954912	21954864	Deletion	48
2L	21954912	21954864	Deletion	48
2L	21954912	21954868	Deletion	44
2L	21954912	21954880	Deletion	32
2L	21955362	21955298	Deletion	64
2L	21955396	21955298	Deletion	98
2L	21955397	21955298	Deletion	99
2L	21955376	21955298	Deletion	78
2L	21955392	21955298	Deletion	94
2L	21955339	21955298	Deletion	41
2L	21955380	21955298	Deletion	82
2L	21955376	21955298	Deletion	78
2L	21955335	21955298	Deletion	37
2L	21963230	21963114	Deletion	116
2L	21963230	21963121	Deletion	109
2L	21963230	21963129	Deletion	101
2L	21963230	21963137	Deletion	93
2L	21963745	21963710	Deletion	35
2L	21964947	21964868	Deletion	79
2L	21964947	21964885	Deletion	62
2L	21964947	21964889	Deletion	58
2L	21971984	21971915	Deletion	69
2L	21971963	21971915	Deletion	48
2L	21971980	21971915	Deletion	65
2L	21972021	21971915	Deletion	106
2L	21973041	21972925	Deletion	116
2L	21973041	21972934	Deletion	107
2L	21973041	21972974	Deletion	67
2L	21973041	21972990	Deletion	51
2L	21973041	21972991	Deletion	50
2L	21973041	21973003	Deletion	38
2L	21985240	21985196	Deletion	44
2L	21988969	21988896	Deletion	73
2L	21989594	21989549	Deletion	45
2L	21991144	21991068	Deletion	76
2L	21991156	21991068	Deletion	88
2L	21991187	21991068	Deletion	119
2L	21991188	21991068	Deletion	120
2L	21991127	21991068	Deletion	59
2L	21991143	21991068	Deletion	75
2L	21991689	21991626	Deletion	63
2L	21991689	21991639	Deletion	50
2L	21991689	21991650	Deletion	39
2L	21991829	21991751	Deletion	78
2L	21991840	21991751	Deletion	89
2L	21991816	21991751	Deletion	65
2L	21991859	21991751	Deletion	108
2L	21991861	21991751	Deletion	110
2L	21991873	21991751	Deletion	122
2L	21997562	21997453	Deletion	109
2L	21997562	21997475	Deletion	87
2L	21997562	21997527	Deletion	35
2L	22000985	22000873	Deletion	112
2L	22000912	22000873	Deletion	39
2L	22000964	22000873	Deletion	91
2L	22000995	22000873	Deletion	122
2L	22000980	22000873	Deletion	107
2L	22005962	22005859	Deletion	103
2L	22005962	22005864	Deletion	98
2L	22005962	22005868	Deletion	94
2L	22005962	22005904	Deletion	58
2L	22005962	22005915	Deletion	47
2L	22005962	22005922	Deletion	40
2L	22012132	22012023	Deletion	109
2L	22012055	22012023	Deletion	32
2L	22012102	22012023	Deletion	79
2L	22012091	22012023	Deletion	68
2L	22012109	22012023	Deletion	86
2L	22012140	22012023	Deletion	117
2L	22012125	22012023	Deletion	102
2L	22012809	22012691	Deletion	118
2L	22020626	22020520	Deletion	106
2L	22020626	22020520	Deletion	106
2L	22020626	22020528	Deletion	98
2L	22020626	22020536	Deletion	90
2L	22020626	22020583	Deletion	43
2L	22020888	22020770	Deletion	118
2L	22020894	22020770	Deletion	124
2L	22020806	22020770	Deletion	36
2L	22020853	22020770	Deletion	83
2L	22031399	22031283	Deletion	116
2L	22032333	22032241	Deletion	92
2L	22032333	22032248	Deletion	85
2L	22032333	22032251	Deletion	82
2L	22032333	22032256	Deletion	77
2L	22032333	22032282	Deletion	51
2L	22032333	22032286	Deletion	47
2L	22047619	22047540	Deletion	79
2L	22047584	22047540	Deletion	44
2L	22047589	22047540	Deletion	49
2L	22047574	22047540	Deletion	34
2L	22047615	22047540	Deletion	75
2L	22047644	22047540	Deletion	104
2L	22047581	22047542	Deletion	39
2L	22056096	22055975	Deletion	121
2L	22056096	22055998	Deletion	98
2L	22056096	22056011	Deletion	85
2L	22067532	22067491	Deletion	41
2L	22067602	22067491	Deletion	111
2L	22070508	22070478	Deletion	30
2L	22072432	22072311	Deletion	121
2L	22072432	22072315	Deletion	117
2L	22072432	22072357	Deletion	75
2L	22072432	22072376	Deletion	56
2L	22072432	22072381	Deletion	51
2L	22072432	22072395	Deletion	37
2L	22072432	22072397	Deletion	35
2L	22072432	22072402	Deletion	30
2L	22082788	22082717	Deletion	71
2L	22082839	22082717	Deletion	122
2L	22082814	22082717	Deletion	97
2L	22082809	22082717	Deletion	92
2L	22082807	22082717	Deletion	90
2L	22082769	22082717	Deletion	52
2L	22082793	22082717	Deletion	76
2L	22095567	22095444	Deletion	123
2L	22095567	22095516	Deletion	51
2L	22095567	22095535	Deletion	32
2L	22095918	22095843	Deletion	75
2L	22095937	22095843	Deletion	94
2L	22114402	22114281	Deletion	121
2L	22122133	22122011	Deletion	122
2L	22122136	22122028	Deletion	108
2L	22122136	22122038	Deletion	98
2L	22122136	22122058	Deletion	78
2L	22122136	22122063	Deletion	73
2L	22122136	22122065	Deletion	71
2L	22122136	22122069	Deletion	67
2L	22122136	22122092	Deletion	44
2L	22122361	22122302	Deletion	59
2L	22122355	22122302	Deletion	53
2L	22122384	22122302	Deletion	82
2L	22122357	22122302	Deletion	55
2L	22122350	22122304	Deletion	46
2L	22124194	22124078	Deletion	116
2L	22124194	22124106	Deletion	88
2L	22126441	22126332	Deletion	109
2L	22126370	22126332	Deletion	38
2L	22126432	22126332	Deletion	100
2L	22130774	22130652	Deletion	122
2L	22130774	22130688	Deletion	86
2L	22130774	22130709	Deletion	65
2L	22130774	22130712	Deletion	62
2L	22130774	22130713	Deletion	61
2L	22130774	22130716	Deletion	58
2L	22130774	22130727	Deletion	47
2L	22130774	22130741	Deletion	33
2L	22132534	22132470	Deletion	64
2L	22132538	22132470	Deletion	68
2L	22132510	22132470	Deletion	40
2L	22132563	22132470	Deletion	93
2L	22132535	22132470	Deletion	65
2L	22132549	22132470	Deletion	79
2L	22132531	22132470	Deletion	61
2L	22147885	22147764	Deletion	121
2L	22149543	22149423	Deletion	120
2L	22149543	22149441	Deletion	102
2L	22149543	22149460	Deletion	83
2L	22149543	22149509	Deletion	34
2L	22155387	22155266	Deletion	121
2L	22155358	22155266	Deletion	92
2L	22155309	22155266	Deletion	43
2L	22155368	22155266	Deletion	102
2L	22167282	22167162	Deletion	120
2L	22167282	22167171	Deletion	111
2L	22167282	22167194	Deletion	88
2L	22167282	22167242	Deletion	40
2L	22167494	22167388	Deletion	106
2L	22167427	22167388	Deletion	39
2L	22167475	22167388	Deletion	87
2L	22167678	22167565	Deletion	113
2L	22167678	22167569	Deletion	109
2L	22167678	22167627	Deletion	51
2L	22179079	22179003	Deletion	76
2L	22179099	22179022	Deletion	77
2L	22179099	22179025	Deletion	74
2L	22179099	22179062	Deletion	37
2L	22198209	22198157	Deletion	52
2L	22198206	22198157	Deletion	49
2L	22198264	22198157	Deletion	107
2L	22198246	22198157	Deletion	89
2L	22198269	22198157	Deletion	112
2L	22198254	22198157	Deletion	97
2L	22199850	22199744	Deletion	106
2L	22199850	22199750	Deletion	100
2L	22199850	22199807	Deletion	43
2L	22201488	22201441	Deletion	47
2L	22203644	22203561	Deletion	83
2L	22204698	22204604	Deletion	94
2L	22205647	22205600	Deletion	47
2L	22219500	22219449	Deletion	51
2L	22220085	22220053	Deletion	32
2L	22220158	22220053	Deletion	105
2L	22220135	22220053	Deletion	82
2L	22220156	22220053	Deletion	103
2L	22220103	22220053	Deletion	50
2L	22220134	22220053	Deletion	81
2L	22220167	22220053	Deletion	114
2L	22220099	22220053	Deletion	46
2L	22220135	22220053	Deletion	82
2L	22220177	22220053	Deletion	124
2L	22220895	22220780	Deletion	115
2L	22220895	22220807	Deletion	88
2L	22220895	22220809	Deletion	86
2L	22220895	22220815	Deletion	80
2L	22220895	22220823	Deletion	72
2L	22220895	22220823	Deletion	72
2L	22220895	22220837	Deletion	58
2L	22221034	22220966	Deletion	68
2L	22221004	22220966	Deletion	38
2L	22221012	22220966	Deletion	46
2L	22221020	22220966	Deletion	54
2L	22221020	22220966	Deletion	54
2L	22221006	22220966	Deletion	40
2L	22221066	22220966	Deletion	100
2L	22224229	22224192	Deletion	37
2L	22231067	22231016	Deletion	51
2L	22235050	22234935	Deletion	115
2L	22235050	22234987	Deletion	63
2L	22240835	22240734	Deletion	101
2L	22240798	22240734	Deletion	64
2L	22240836	22240734	Deletion	102
2L	22247886	22247764	Deletion	122
2L	22251713	22251667	Deletion	46
2L	22267589	22267466	Deletion	123
2L	22267589	22267467	Deletion	122
2L	22267589	22267512	Deletion	77
2L	22268745	22268712	Deletion	33
2L	22281057	22280988	Deletion	69
2L	22281092	22280988	Deletion	104
2L	22281037	22280988	Deletion	49
2L	22287093	22287040	Deletion	53
2L	22291499	22291427	Deletion	72
2L	22291501	22291427	Deletion	74
2L	22291482	22291427	Deletion	55
2L	22291661	22291552	Deletion	109
2L	22291661	22291558	Deletion	103
2L	22303797	22303708	Deletion	89
2L	22315804	22315702	Deletion	102
2L	22316007	22315887	Deletion	120
2L	22315987	22315887	Deletion	100
2L	22318714	22318601	Deletion	113
2L	22318714	22318624	Deletion	90
2L	22318714	22318637	Deletion	77
2L	22318714	22318641	Deletion	73
2L	22318714	22318642	Deletion	72
2L	22318714	22318645	Deletion	69
2L	22318714	22318663	Deletion	51
2L	22318994	22318877	Deletion	117
2L	22318926	22318877	Deletion	49
2L	22318930	22318877	Deletion	53
2L	22318931	22318877	Deletion	54
2L	22318952	22318877	Deletion	75
2L	22318913	22318877	Deletion	36
2L	22318934	22318877	Deletion	57
2L	22319607	22319518	Deletion	89
2L	22319607	22319525	Deletion	82
2L	22319607	22319547	Deletion	60
2L	22319905	22319793	Deletion	112
2L	22319837	22319793	Deletion	44
2L	22319830	22319793	Deletion	37
2L	22319859	22319793	Deletion	66
2L	22319901	22319793	Deletion	108
2L	22324122	22323998	Deletion	124
2L	22330962	22330887	Deletion	75
2L	22333396	22333279	Deletion	117
2L	22341572	22341501	Deletion	71
2L	22341572	22341505	Deletion	67
2L	22341572	22341519	Deletion	53
2L	22341838	22341718	Deletion	120
2L	22341773	22341718	Deletion	55
2L	22341791	22341718	Deletion	73
2L	22341819	22341718	Deletion	101
2L	22341840	22341718	Deletion	122
2L	22341818	22341718	Deletion	100
2L	22341777	22341718	Deletion	59
2L	22354652	22354532	Deletion	120
2L	22354652	22354545	Deletion	107
2L	22354652	22354546	Deletion	106
2L	22354652	22354558	Deletion	94
2L	22354652	22354559	Deletion	93
2L	22354652	22354561	Deletion	91
2L	22354652	22354592	Deletion	60
2L	22355085	22355018	Deletion	67
2L	22355123	22355018	Deletion	105
2L	22355133	22355018	Deletion	115
2L	22355138	22355018	Deletion	120
2L	22355136	22355018	Deletion	118
2L	22355054	22355018	Deletion	36
2L	22355051	22355018	Deletion	33
2L	22355052	22355018	Deletion	34
2L	22362696	22362589	Deletion	107
2L	22362696	22362599	Deletion	97
2L	22362696	22362610	Deletion	86
2L	22362696	22362621	Deletion	75
2L	22362696	22362626	Deletion	70
2L	22362696	22362627	Deletion	69
2L	22362696	22362628	Deletion	68
2L	22377278	22377175	Deletion	103
2L	22377239	22377175	Deletion	64
2L	22377238	22377175	Deletion	63
2L	22377232	22377175	Deletion	57
2L	22377237	22377175	Deletion	62
2L	22381021	22380958	Deletion	63
2L	22397467	22397408	Deletion	59
2L	22406317	22406212	Deletion	105
2L	22406317	22406212	Deletion	105
2L	22406295	22406212	Deletion	83
2L	22406304	22406212	Deletion	92
2L	22406281	22406212	Deletion	69
2L	22406327	22406212	Deletion	115
2L	22406305	22406213	Deletion	92
2L	22407560	22407467	Deletion	93
2L	22407560	22407468	Deletion	92
2L	22407560	22407475	Deletion	85
2L	22407560	22407485	Deletion	75
2L	22409020	22408967	Deletion	53
2L	22409010	22408967	Deletion	43
2L	22409087	22408967	Deletion	120
2L	22409002	22408967	Deletion	35
2L	22409054	22408967	Deletion	87
2L	22409003	22408967	Deletion	36
2L	22409914	22409867	Deletion	47
2L	22411309	22411204	Deletion	105
2L	22413854	22413790	Deletion	64
2L	22415115	22415050	Deletion	65
2L	22416308	22416190	Deletion	118
2L	22418141	22418032	Deletion	109
2L	22419561	22419530	Deletion	31
2L	22420241	22420122	Deletion	119
2L	22420241	22420125	Deletion	116
2L	22420238	22420148	Deletion	90
2L	22420241	22420158	Deletion	83
2L	22420241	22420189	Deletion	52
2L	22420241	22420205	Deletion	36
2L	22420383	22420341	Deletion	42
2L	22420384	22420341	Deletion	43
2L	22420399	22420341	Deletion	58
2L	22420442	22420341	Deletion	101
2L	22420396	22420341	Deletion	55
2L	22421371	22421281	Deletion	90
2L	22421371	22421287	Deletion	84
2L	22421371	22421311	Deletion	60
2L	22421868	22421765	Deletion	103
2L	22422051	22422010	Deletion	41
2L	22422046	22422015	Deletion	31
2L	22423110	22423072	Deletion	38
2L	22423234	22423112	Deletion	122
2L	22423234	22423163	Deletion	71
2L	22423716	22423628	Deletion	88
2L	22428893	22428786	Deletion	107
2L	22431866	22431796	Deletion	70
2L	22432962	22432928	Deletion	34
2L	22435791	22435688	Deletion	103
2L	22437381	22437294	Deletion	87
2L	22437381	22437296	Deletion	85
2L	22437748	22437631	Deletion	117
2L	22439108	22439009	Deletion	99
2L	22440430	22440387	Deletion	43
2L	22445165	22445054	Deletion	111
2L	22446475	22446396	Deletion	79
2L	22448152	22448052	Deletion	100
2L	22449745	22449648	Deletion	97
2L	22449745	22449671	Deletion	74
2L	22453593	22453554	Deletion	39
2L	22454700	22454663	Deletion	37
2L	22456675	22456569	Deletion	106
2L	22460105	22460003	Deletion	102
2L	22465601	22465520	Deletion	81
2L	22467155	22467047	Deletion	108
2L	22470087	22470031	Deletion	56
2L	22471324	22471203	Deletion	121
2L	22473052	22472929	Deletion	123
2L	22473696	22473600	Deletion	96
2L	22474762	22474721	Deletion	41
2L	22476885	22476767	Deletion	118
2L	22479684	22479632	Deletion	52
2L	22481170	22481139	Deletion	31
2L	22483198	22483085	Deletion	113
2L	22483198	22483098	Deletion	100
2L	22483198	22483141	Deletion	57
2L	22485629	22485597	Deletion	32
2L	22485658	22485608	Deletion	50
2L	22485711	22485608	Deletion	103
2L	22486186	22486145	Deletion	41
2L	22486611	22486559	Deletion	52
2L	22487118	22486997	Deletion	121
2L	22490783	22490736	Deletion	47
2L	22492077	22492011	Deletion	66
2L	22492087	22492011	Deletion	76
2L	22496007	22495938	Deletion	69
2L	22496046	22495938	Deletion	108
2L	22496052	22495938	Deletion	114
2L	22496482	22496422	Deletion	60
2L	22497495	22497380	Deletion	115
2L	22497692	22497613	Deletion	79
2L	22497723	22497613	Deletion	110
2L	22497653	22497613	Deletion	40
2L	22497710	22497613	Deletion	97
2L	22498927	22498802	Deletion	125
2L	22503532	22503476	Deletion	56
2L	22503543	22503476	Deletion	67
2L	22504864	22504742	Deletion	122
2L	22519409	22519326	Deletion	83
2L	22522349	22522226	Deletion	123
2L	22524765	22524646	Deletion	119
2L	22524750	22524646	Deletion	104
2L	22524768	22524646	Deletion	122
2L	22524755	22524646	Deletion	109
2L	22529389	22529351	Deletion	38
2L	22529598	22529487	Deletion	111
2L	22529598	22529488	Deletion	110
2L	22529598	22529515	Deletion	83
2L	22529598	22529515	Deletion	83
2L	22529598	22529521	Deletion	77
2L	22529598	22529539	Deletion	59
2L	22529598	22529560	Deletion	38
2L	22529758	22529714	Deletion	44
2L	22529765	22529714	Deletion	51
2L	22531036	22530913	Deletion	123
2L	22531036	22530966	Deletion	70
2L	22535364	22535308	Deletion	56
2L	22565516	22565400	Deletion	116
2L	22565516	22565404	Deletion	112
2L	22565516	22565411	Deletion	105
2L	22565737	22565680	Deletion	57
2L	22565785	22565680	Deletion	105
2L	22565761	22565680	Deletion	81
2L	22565735	22565680	Deletion	55
2L	22576540	22576419	Deletion	121
2L	22582793	22582706	Deletion	87
2L	22582929	22582899	Deletion	30
2L	22586748	22586676	Deletion	72
2L	22586783	22586676	Deletion	107
2L	22586746	22586676	Deletion	70
2L	22592937	22592841	Deletion	96
2L	22592948	22592841	Deletion	107
2L	22592931	22592841	Deletion	90
2L	22592880	22592841	Deletion	39
2L	22599487	22599399	Deletion	88
2L	22603409	22603286	Deletion	123
2L	22603409	22603337	Deletion	72
2L	22603409	22603350	Deletion	59
2L	22603409	22603360	Deletion	49
2L	22603544	22603465	Deletion	79
2L	22603522	22603465	Deletion	57
2L	22603521	22603465	Deletion	56
2L	22603534	22603465	Deletion	69
2L	22605564	22605446	Deletion	118
2L	22605564	22605479	Deletion	85
2L	22606084	22605963	Deletion	121
2L	22606242	22606120	Deletion	122
2L	22606872	22606828	Deletion	44
2L	22607768	22607658	Deletion	110
2L	22608203	22608110	Deletion	93
2L	22608237	22608147	Deletion	90
2L	22611881	22611808	Deletion	73
2L	22615166	22615060	Deletion	106
2L	22615166	22615124	Deletion	42
2L	22615414	22615375	Deletion	39
2L	22615414	22615378	Deletion	36
2L	22616023	22615992	Deletion	31
2L	22616399	22616321	Deletion	78
2L	22616666	22616607	Deletion	59
2L	22617871	22617768	Deletion	103
2L	22620729	22620635	Deletion	94
2L	22620729	22620658	Deletion	71
2L	22620819	22620785	Deletion	34
2L	22620888	22620785	Deletion	103
2L	22623396	22623280	Deletion	116
2L	22623396	22623292	Deletion	104
2L	22623644	22623594	Deletion	50
2L	22623808	22623724	Deletion	84
2L	22624796	22624682	Deletion	114
2L	22624731	22624682	Deletion	49
2L	22633606	22633485	Deletion	121
2L	22633606	22633494	Deletion	112
2L	22633606	22633523	Deletion	83
2L	22633606	22633567	Deletion	39
2L	22645104	22644980	Deletion	124
2L	22645104	22644999	Deletion	105
2L	22645104	22645002	Deletion	102
2L	22645104	22645011	Deletion	93
2L	22645104	22645031	Deletion	73
2L	22645104	22645064	Deletion	40
2L	22645941	22645830	Deletion	111
2L	22645883	22645830	Deletion	53
2L	22645916	22645830	Deletion	86
2L	22645863	22645830	Deletion	33
2L	22650126	22650023	Deletion	103
2L	22651688	22651574	Deletion	114
2L	22651934	22651873	Deletion	61
2L	22652560	22652476	Deletion	84
2L	22652533	22652498	Deletion	35
2L	22652533	22652498	Deletion	35
2L	22653313	22653263	Deletion	50
2L	22662751	22662628	Deletion	123
2L	22662751	22662661	Deletion	90
2L	22662945	22662908	Deletion	37
2L	22663845	22663752	Deletion	93
2L	22663845	22663754	Deletion	91
2L	22670880	22670804	Deletion	76
2L	22670837	22670804	Deletion	33
2L	22670868	22670804	Deletion	64
2L	22670834	22670804	Deletion	30
2L	22670892	22670804	Deletion	88
2L	22672266	22672236	Deletion	30
2L	22673632	22673513	Deletion	119
2L	22673632	22673529	Deletion	103
2L	22673632	22673547	Deletion	85
2L	22673632	22673554	Deletion	78
2L	22675691	22675643	Deletion	48
2L	22675758	22675643	Deletion	115
2L	22675684	22675643	Deletion	41
2L	22682268	22682147	Deletion	121
2L	22684477	22684400	Deletion	77
2L	22699318	22699196	Deletion	122
2L	22703411	22703288	Deletion	123
2L	22730151	22730055	Deletion	96
2L	22736444	22736322	Deletion	122
2L	22743064	22743028	Deletion	36
2L	22743230	22743117	Deletion	113
2L	22743207	22743117	Deletion	90
2L	22744072	22743959	Deletion	113
2L	22744072	22744023	Deletion	49
2L	22744072	22744033	Deletion	39
2L	22745295	22745208	Deletion	87
2L	22745316	22745208	Deletion	108
2L	22745285	22745208	Deletion	77
2L	22746693	22746583	Deletion	110
2L	22746693	22746592	Deletion	101
2L	22746693	22746593	Deletion	100
2L	22746693	22746595	Deletion	98
2L	22746693	22746603	Deletion	90
2L	22746693	22746637	Deletion	56
2L	22746693	22746639	Deletion	54
2L	22746693	22746660	Deletion	33
2L	22753257	22753224	Deletion	33
2L	22753291	22753224	Deletion	67
2L	22753324	22753224	Deletion	100
2L	22753314	22753224	Deletion	90
2L	22753293	22753224	Deletion	69
2L	22761614	22761524	Deletion	90
2L	22761614	22761546	Deletion	68
2L	22761614	22761547	Deletion	67
2L	22761614	22761560	Deletion	54
2L	22764406	22764334	Deletion	72
2L	22764370	22764334	Deletion	36
2L	22764457	22764334	Deletion	123
2L	22764393	22764334	Deletion	59
2L	22764453	22764334	Deletion	119
2L	22764392	22764334	Deletion	58
2L	22765351	22765238	Deletion	113
2L	22765492	22765417	Deletion	75
2L	22765480	22765417	Deletion	63
2L	22765487	22765417	Deletion	70
2L	22765472	22765417	Deletion	55
2L	22771410	22771344	Deletion	66
2L	22773586	22773546	Deletion	40
2L	22777243	22777128	Deletion	115
2L	22777243	22777130	Deletion	113
2L	22777243	22777146	Deletion	97
2L	22777280	22777201	Deletion	79
2L	22782048	22781989	Deletion	59
2L	22789984	22789870	Deletion	114
2L	22789984	22789877	Deletion	107
2L	22794019	22793911	Deletion	108
2L	22793972	22793911	Deletion	61
2L	22794508	22794386	Deletion	122
2L	22794434	22794386	Deletion	48
2L	22794494	22794386	Deletion	108
2L	22794502	22794386	Deletion	116
2L	22796889	22796766	Deletion	123
2L	22797359	22797270	Deletion	89
2L	22799921	22799802	Deletion	119
2L	22799839	22799802	Deletion	37
2L	22799905	22799802	Deletion	103
2L	22799885	22799802	Deletion	83
2L	22803872	22803804	Deletion	68
2L	22811521	22811429	Deletion	92
2L	22812361	22812323	Deletion	38
2L	22812949	22812841	Deletion	108
2L	22812948	22812841	Deletion	107
2L	22827432	22827333	Deletion	99
2L	22827432	22827369	Deletion	63
2L	22827917	22827852	Deletion	65
2L	22831452	22831333	Deletion	119
2L	22860295	22860236	Deletion	59
2L	22861192	22861132	Deletion	60
2L	22864557	22864489	Deletion	68
2L	22868551	22868440	Deletion	111
2L	22868551	22868485	Deletion	66
2L	22872463	22872407	Deletion	56
2L	22876462	22876418	Deletion	44
2L	22879492	22879433	Deletion	59
2L	22881847	22881725	Deletion	122
2L	22881827	22881725	Deletion	102
2L	22883580	22883458	Deletion	122
2L	22883883	22883820	Deletion	63
2L	22884115	22884000	Deletion	115
2L	22896106	22896011	Deletion	95
2L	22896106	22896021	Deletion	85
2L	22896631	22896598	Deletion	33
2L	22896939	22896892	Deletion	47
2L	22897410	22897332	Deletion	78
2L	22897831	22897739	Deletion	92
2L	22897990	22897904	Deletion	86
2L	22904083	22904018	Deletion	65
2L	22904291	22904197	Deletion	94
2L	22905100	22905032	Deletion	68
2L	22907366	22907266	Deletion	100
2L	22907997	22907878	Deletion	119
2L	22918103	22918039	Deletion	64
2L	22918131	22918039	Deletion	92
2L	22920490	22920455	Deletion	35
2L	22926002	22925941	Deletion	61
2L	22925971	22925941	Deletion	30
2L	22926049	22925941	Deletion	108
2L	22925983	22925941	Deletion	42
2L	22926039	22925941	Deletion	98
2L	22926025	22925941	Deletion	84
2L	22935886	22935773	Deletion	113
2L	22935886	22935806	Deletion	80
2L	22935886	22935817	Deletion	69
2L	22935886	22935820	Deletion	66
2L	22935886	22935842	Deletion	44
2L	22937964	22937842	Deletion	122
2L	22937963	22937842	Deletion	121
2L	22937890	22937842	Deletion	48
2L	22937943	22937842	Deletion	101
2L	22937901	22937842	Deletion	59
2L	22937926	22937842	Deletion	84
2L	22959029	22958967	Deletion	62
2L	22959573	22959450	Deletion	123
2L	22969575	22969495	Deletion	80
2L	22969575	22969535	Deletion	40
2L	22971889	22971770	Deletion	119
2L	22971888	22971770	Deletion	118
2L	22971816	22971770	Deletion	46
2L	22971856	22971770	Deletion	86
2L	22971891	22971770	Deletion	121
2L	22984655	22984569	Deletion	86
2L	22984655	22984600	Deletion	55
2L	22985526	22985455	Deletion	71
2L	22985495	22985455	Deletion	40
2L	22985560	22985455	Deletion	105
2L	22985562	22985455	Deletion	107
2L	22985820	22985707	Deletion	113
2L	22985820	22985716	Deletion	104
2L	22985820	22985749	Deletion	71
2L	22985820	22985768	Deletion	52
2L	22986499	22986396	Deletion	103
2L	22986507	22986396	Deletion	111
2L	22986514	22986396	Deletion	118
2L	22986451	22986396	Deletion	55
2L	22986470	22986396	Deletion	74
2L	22986509	22986396	Deletion	113
2L	22986519	22986396	Deletion	123
2L	22987257	22987136	Deletion	121
2L	22992901	22992787	Deletion	114
2L	22992901	22992788	Deletion	113
2L	22992901	22992793	Deletion	108
2L	22992901	22992797	Deletion	104
2L	22992901	22992814	Deletion	87
2L	22994698	22994597	Deletion	101
2L	22994636	22994597	Deletion	39
2L	22994712	22994597	Deletion	115
2L	23022136	23022041	Deletion	95
2L	23022136	23022055	Deletion	81
2L	23022718	23022686	Deletion	32
2L	23022732	23022686	Deletion	46
2L	23025549	23025428	Deletion	121
2L	23028809	23028719	Deletion	90
2L	23028809	23028727	Deletion	82
2L	23028809	23028729	Deletion	80
2L	23028809	23028731	Deletion	78
2L	23028809	23028748	Deletion	61
2L	23028809	23028773	Deletion	36
2L	23036344	23036254	Deletion	90
2L	23036319	23036254	Deletion	65
2L	23036298	23036254	Deletion	44
2L	23036300	23036254	Deletion	46
2L	23036302	23036254	Deletion	48
2L	23036290	23036254	Deletion	36
2L	23043019	23042988	Deletion	31
2L	23043926	23043839	Deletion	87
2L	23043926	23043844	Deletion	82
2L	23043926	23043852	Deletion	74
2L	23043926	23043856	Deletion	70
2L	23044863	23044807	Deletion	56
2L	23044925	23044807	Deletion	118
2L	23044910	23044807	Deletion	103
2L	23044859	23044807	Deletion	52
2L	23046637	23046514	Deletion	123
2L	23046637	23046514	Deletion	123
2L	23046637	23046517	Deletion	120
2L	23046637	23046554	Deletion	83
2L	23046637	23046570	Deletion	67
2L	23056454	23056339	Deletion	115
2L	23056382	23056339	Deletion	43
2L	23056452	23056339	Deletion	113
2L	23056448	23056339	Deletion	109
2L	23059631	23059547	Deletion	84
2L	23060310	23060202	Deletion	108
2L	23062159	23062040	Deletion	119
2L	23062159	23062048	Deletion	111
2L	23069029	23068911	Deletion	118
2L	23068982	23068911	Deletion	71
2L	23068996	23068911	Deletion	85
2L	23069033	23068911	Deletion	122
2L	23068951	23068911	Deletion	40
2L	23068979	23068911	Deletion	68
2L	23068967	23068911	Deletion	56
2L	23069034	23068911	Deletion	123
2L	23072576	23072469	Deletion	107
2L	23072576	23072497	Deletion	79
2L	23075598	23075550	Deletion	48
2L	23095477	23095400	Deletion	77
2L	23095737	23095683	Deletion	54
2L	23096495	23096432	Deletion	63
2L	23096588	23096554	Deletion	34
2L	23098180	23098092	Deletion	88
2L	23098155	23098092	Deletion	63
2L	23098545	23098504	Deletion	41
2L	23100348	23100239	Deletion	109
2L	23100348	23100256	Deletion	92
2L	23100348	23100310	Deletion	38
2L	23100492	23100407	Deletion	85
2L	23100524	23100407	Deletion	117
2L	23100504	23100407	Deletion	97
2L	23101026	23100924	Deletion	102
2L	23102688	23102577	Deletion	111
2L	23102688	23102579	Deletion	109
2L	23102688	23102615	Deletion	73
2L	23103947	23103823	Deletion	124
2L	23108188	23108068	Deletion	120
2L	23109765	23109698	Deletion	67
2L	23109912	23109801	Deletion	111
2L	23110932	23110820	Deletion	112
2L	23119385	23119301	Deletion	84
2L	23119385	23119312	Deletion	73
2L	23130784	23130723	Deletion	61
2L	23131354	23131308	Deletion	46
2L	23131365	23131308	Deletion	57
2L	23132845	23132732	Deletion	113
2L	23132845	23132764	Deletion	81
2L	23135135	23135052	Deletion	83
2L	23135135	23135059	Deletion	76
2L	23135135	23135068	Deletion	67
2L	23135135	23135071	Deletion	64
2L	23135135	23135075	Deletion	60
2L	23138455	23138407	Deletion	48
2L	23140231	23140154	Deletion	77
2L	23140231	23140170	Deletion	61
2L	23141547	23141517	Deletion	30
2L	23141671	23141557	Deletion	114
2L	23141659	23141557	Deletion	102
2L	23141908	23141822	Deletion	86
2L	23142173	23142116	Deletion	57
2L	23142173	23142116	Deletion	57
2L	23143231	23143142	Deletion	89
2L	23144547	23144458	Deletion	89
2L	23144547	23144477	Deletion	70
2L	23144547	23144477	Deletion	70
2L	23144547	23144482	Deletion	65
2L	23144547	23144493	Deletion	54
2L	23144547	23144503	Deletion	44
2L	23144603	23144557	Deletion	46
2L	23146345	23146267	Deletion	78
2L	23148122	23148055	Deletion	67
2L	23148422	23148322	Deletion	100
2L	23148392	23148330	Deletion	62
2L	23148427	23148330	Deletion	97
2L	23150872	23150773	Deletion	99
2L	23151614	23151541	Deletion	73
2L	23151624	23151541	Deletion	83
2L	23153045	23152928	Deletion	117
2L	23153218	23153113	Deletion	105
2L	23153218	23153130	Deletion	88
2L	23153669	23153629	Deletion	40
2L	23155470	23155438	Deletion	32
2L	23156148	23156057	Deletion	91
2L	23159159	23159106	Deletion	53
2L	23159175	23159106	Deletion	69
2L	23160095	23160063	Deletion	32
2L	23169880	23169843	Deletion	37
2L	23169889	23169843	Deletion	46
2L	23169889	23169843	Deletion	46
2L	23169889	23169843	Deletion	46
2L	23169889	23169849	Deletion	40
2L	23170298	23170211	Deletion	87
2L	23170269	23170211	Deletion	58
2L	23171168	23171109	Deletion	59
2L	23172880	23172765	Deletion	115
2L	23172880	23172819	Deletion	61
2L	23173047	23172981	Deletion	66
2L	23173104	23172981	Deletion	123
2L	23173102	23172981	Deletion	121
2L	23182429	23182394	Deletion	35
2L	23183890	23183844	Deletion	46
2L	23185734	23185633	Deletion	101
2L	23186264	23186230	Deletion	34
2L	23186366	23186275	Deletion	91
2L	23186775	23186715	Deletion	60
2L	23189993	23189963	Deletion	30
2L	23190594	23190491	Deletion	103
2L	23190594	23190550	Deletion	44
2L	23193843	23193776	Deletion	67
2L	23194751	23194700	Deletion	51
2L	23195943	23195873	Deletion	70
2L	23198552	23198470	Deletion	82
2L	23206255	23206211	Deletion	44
2L	23209241	23209122	Deletion	119
2L	23211609	23211512	Deletion	97
2L	23215909	23215823	Deletion	86
2L	23215909	23215824	Deletion	85
2L	23215909	23215849	Deletion	60
2L	23220098	23220026	Deletion	72
2L	23220081	23220026	Deletion	55
2L	23225584	23225517	Deletion	67
2L	23225616	23225517	Deletion	99
2L	23227995	23227963	Deletion	32
2L	23228270	23228149	Deletion	121
2L	23228601	23228567	Deletion	34
2L	23231377	23231259	Deletion	118
2L	23231377	23231274	Deletion	103
2L	23231377	23231296	Deletion	81
2L	23231377	23231341	Deletion	36
2L	23232055	23232010	Deletion	45
2L	23232100	23232010	Deletion	90
2L	23234321	23234205	Deletion	116
2L	23236596	23236489	Deletion	107
2L	23236697	23236648	Deletion	49
2L	23239976	23239860	Deletion	116
2L	23239976	23239871	Deletion	105
2L	23239976	23239933	Deletion	43
2L	23242849	23242766	Deletion	83
2L	23242887	23242769	Deletion	118
2L	23248468	23248383	Deletion	85
2L	23248468	23248418	Deletion	50
2L	23248625	23248558	Deletion	67
2L	23248627	23248558	Deletion	69
2L	23249987	23249866	Deletion	121
2L	23249928	23249866	Deletion	62
2L	23252012	23251934	Deletion	78
2L	23252360	23252273	Deletion	87
2L	23254168	23254078	Deletion	90
2L	23260032	23259984	Deletion	48
2L	23264289	23264197	Deletion	92
2L	23264289	23264220	Deletion	69
2L	23264289	23264229	Deletion	60
2L	23264289	23264231	Deletion	58
2L	23264421	23264363	Deletion	58
2L	23264398	23264363	Deletion	35
2L	23267817	23267752	Deletion	65
2L	23270727	23270620	Deletion	107
2L	23279543	23279424	Deletion	119
2L	23279743	23279633	Deletion	110
2L	23279739	23279633	Deletion	106
2L	23281495	23281416	Deletion	79
2L	23281525	23281416	Deletion	109
2L	23281460	23281416	Deletion	44
2L	23282481	23282429	Deletion	52
2L	23282481	23282436	Deletion	45
2L	23286439	23286390	Deletion	49
2L	23287815	23287771	Deletion	44
2L	23293623	23293587	Deletion	36
2L	23313679	23313611	Deletion	68
2L	23313679	23313627	Deletion	52
2L	23317464	23317362	Deletion	102
2L	23317436	23317362	Deletion	74
2L	23317465	23317362	Deletion	103
2L	23317420	23317362	Deletion	58
2L	23319030	23318991	Deletion	39
2L	23320628	23320528	Deletion	100
2L	23320628	23320559	Deletion	69
2L	23320628	23320573	Deletion	55
2L	23320628	23320588	Deletion	40
2L	23320797	23320711	Deletion	86
2L	23320782	23320711	Deletion	71
2L	23320768	23320711	Deletion	57
2L	23321769	23321673	Deletion	96
2L	23321769	23321680	Deletion	89
2L	23323953	23323891	Deletion	62
2L	23338400	23338276	Deletion	124
2L	23338400	23338346	Deletion	54
2L	23340161	23340088	Deletion	73
2L	23340188	23340088	Deletion	100
2L	23340190	23340088	Deletion	102
2L	23343042	23342924	Deletion	118
2L	23343042	23342934	Deletion	108
2L	23343706	23343582	Deletion	124
2L	23343682	23343582	Deletion	100
2L	23345489	23345365	Deletion	124
2L	23348906	23348792	Deletion	114
2L	23348906	23348797	Deletion	109
2L	23348906	23348838	Deletion	68
2L	23348906	23348841	Deletion	65
2L	23348906	23348851	Deletion	55
2L	23348906	23348853	Deletion	53
2L	23348907	23348862	Deletion	45
2L	23353597	23353562	Deletion	35
2L	23354712	23354594	Deletion	118
2L	23355610	23355572	Deletion	38
2L	23356008	23355923	Deletion	85
2L	23356038	23355948	Deletion	90
2L	23356939	23356889	Deletion	50
2L	23359384	23359291	Deletion	93
2L	23363955	23363833	Deletion	122
2L	23364390	23364360	Deletion	30
2L	23366157	23366033	Deletion	124
2L	23367239	23367199	Deletion	40
2L	23370912	23370791	Deletion	121
2L	23374222	23374173	Deletion	49
2L	23374222	23374179	Deletion	43
2L	23375816	23375739	Deletion	77
2L	23377016	23376959	Deletion	57
2L	23377953	23377888	Deletion	65
2L	23378566	23378449	Deletion	117
2L	23378566	23378487	Deletion	79
2L	23378566	23378493	Deletion	73
2L	23378566	23378496	Deletion	70
2L	23378828	23378712	Deletion	116
2L	23378830	23378712	Deletion	118
2L	23379423	23379386	Deletion	37
2L	23379909	23379801	Deletion	108
2L	23387508	23387460	Deletion	48
2L	23392672	23392550	Deletion	122
2L	23392672	23392559	Deletion	113
2L	23392672	23392579	Deletion	93
2L	23392672	23392582	Deletion	90
2L	23392672	23392609	Deletion	63
2L	23392672	23392628	Deletion	44
2L	23393224	23393120	Deletion	104
2L	23393153	23393120	Deletion	33
2L	23393183	23393120	Deletion	63
2L	23393231	23393120	Deletion	111
2L	23393221	23393120	Deletion	101
2L	23393202	23393120	Deletion	82
2L	23393156	23393120	Deletion	36
2L	23396863	23396770	Deletion	93
2L	23396863	23396797	Deletion	66
2L	23397563	23397453	Deletion	110
2L	23397577	23397453	Deletion	124
2L	23397486	23397453	Deletion	33
2L	23397572	23397453	Deletion	119
2L	23397513	23397453	Deletion	60
2L	23398794	23398749	Deletion	45
2L	23411249	23411192	Deletion	57
2L	23412492	23412368	Deletion	124
2L	23412816	23412745	Deletion	71
2L	23413951	23413896	Deletion	55
2L	23416216	23416153	Deletion	63
2L	23416216	23416160	Deletion	56
2L	23418557	23418494	Deletion	63
2L	23418614	23418494	Deletion	120
2L	23418558	23418494	Deletion	64
2L	23418564	23418494	Deletion	70
2L	23425369	23425248	Deletion	121
2L	23429193	23429163	Deletion	30
2L	23433861	23433810	Deletion	51
2L	23436785	23436664	Deletion	121
2L	23458923	23458802	Deletion	121
2L	23458923	23458820	Deletion	103
2L	23458923	23458821	Deletion	102
2L	23458923	23458884	Deletion	39
2L	23459075	23458988	Deletion	87
2L	23462665	23462572	Deletion	93
2L	23468529	23468419	Deletion	110
2L	23469550	23469429	Deletion	121
2L	23471059	23470943	Deletion	116
2L	23471341	23471305	Deletion	36
2L	23472899	23472857	Deletion	42
2L	23475068	23474983	Deletion	85
2L	23477715	23477593	Deletion	122
2L	23477891	23477778	Deletion	113
2L	23477998	23477945	Deletion	53
2L	23479001	23478879	Deletion	122
2L	23480966	23480934	Deletion	32
2L	23488752	23488684	Deletion	68
2L	23491241	23491131	Deletion	110
2L	23491241	23491140	Deletion	101
2L	23491241	23491141	Deletion	100
2L	23491241	23491150	Deletion	91
2L	23491241	23491165	Deletion	76
2L	23491241	23491170	Deletion	71
2L	23491241	23491193	Deletion	48
2L	23491241	23491200	Deletion	41
2L	23492902	23492831	Deletion	71
2L	23496933	23496859	Deletion	74
2L	23501126	23501076	Deletion	50
2L	23504046	23503922	Deletion	124
2L	23504046	23503932	Deletion	114
2L	23504046	23503950	Deletion	96
2L	23504046	23503952	Deletion	94
2L	23504046	23503962	Deletion	84
2L	23504046	23503972	Deletion	74
2L	23504046	23503990	Deletion	56
2L	23504270	23504217	Deletion	53
2L	23504928	23504872	Deletion	56
2L	23504946	23504872	Deletion	74
2L	23504973	23504872	Deletion	101
2L	23504906	23504872	Deletion	34
2L	23504908	23504872	Deletion	36
2L	23504918	23504872	Deletion	46
2L	23506723	23506652	Deletion	71
2L	23508888	23508778	Deletion	110
2L	23508888	23508783	Deletion	105
2L	23508888	23508804	Deletion	84
2L	23511173	23511121	Deletion	52
2L	23511204	23511121	Deletion	83
2R	1552	1503	Deletion	49
2R	1658	1615	Deletion	43
2R	2484	2399	Deletion	85
2R	2484	2413	Deletion	71
2R	2484	2414	Deletion	70
2R	3054	3013	Deletion	41
2R	4368	4251	Deletion	117
2R	4368	4277	Deletion	91
2R	4368	4295	Deletion	73
2R	4368	4297	Deletion	71
2R	4368	4304	Deletion	64
2R	4368	4331	Deletion	37
2R	4551	4468	Deletion	83
2R	4574	4468	Deletion	106
2R	4560	4468	Deletion	92
2R	4560	4468	Deletion	92
2R	4667	4615	Deletion	52
2R	6774	6697	Deletion	77
2R	7348	7234	Deletion	114
2R	7348	7237	Deletion	111
2R	7348	7313	Deletion	35
2R	7467	7411	Deletion	56
2R	7502	7411	Deletion	91
2R	7466	7411	Deletion	55
2R	7513	7411	Deletion	102
2R	8410	8327	Deletion	83
2R	8410	8332	Deletion	78
2R	23877	23773	Deletion	104
2R	23877	23783	Deletion	94
2R	23877	23842	Deletion	35
2R	24426	24307	Deletion	119
2R	24426	24307	Deletion	119
2R	24426	24309	Deletion	117
2R	24426	24363	Deletion	63
2R	24590	24526	Deletion	64
2R	24632	24526	Deletion	106
2R	24638	24526	Deletion	112
2R	24606	24526	Deletion	80
2R	24562	24526	Deletion	36
2R	29375	29300	Deletion	75
2R	30388	30278	Deletion	110
2R	30392	30278	Deletion	114
2R	30353	30278	Deletion	75
2R	30395	30278	Deletion	117
2R	30853	30733	Deletion	120
2R	36068	35963	Deletion	105
2R	44206	44133	Deletion	73
2R	65892	65769	Deletion	123
2R	73786	73753	Deletion	33
2R	81455	81336	Deletion	119
2R	81455	81342	Deletion	113
2R	81455	81390	Deletion	65
2R	81455	81402	Deletion	53
2R	81455	81407	Deletion	48
2R	81455	81414	Deletion	41
2R	82035	81974	Deletion	61
2R	82047	81974	Deletion	73
2R	82059	81974	Deletion	85
2R	82052	81974	Deletion	78
2R	83766	83712	Deletion	54
2R	84144	84058	Deletion	86
2R	85622	85567	Deletion	55
2R	85684	85631	Deletion	53
2R	88513	88472	Deletion	41
2R	91786	91676	Deletion	110
2R	91865	91802	Deletion	63
2R	92039	91925	Deletion	114
2R	92022	91970	Deletion	52
2R	93273	93158	Deletion	115
2R	93273	93189	Deletion	84
2R	94071	94020	Deletion	51
2R	94117	94020	Deletion	97
2R	107145	107115	Deletion	30
2R	113489	113459	Deletion	30
2R	116595	116515	Deletion	80
2R	119191	119149	Deletion	42
2R	123765	123644	Deletion	121
2R	125658	125625	Deletion	33
2R	126162	126051	Deletion	111
2R	126162	126062	Deletion	100
2R	129985	129870	Deletion	115
2R	129985	129887	Deletion	98
2R	129985	129911	Deletion	74
2R	129985	129951	Deletion	34
2R	136284	136223	Deletion	61
2R	149170	149049	Deletion	121
2R	149170	149066	Deletion	104
2R	163397	163343	Deletion	54
2R	163437	163343	Deletion	94
2R	164583	164478	Deletion	105
2R	164584	164486	Deletion	98
2R	164584	164500	Deletion	84
2R	164584	164518	Deletion	66
2R	164584	164520	Deletion	64
2R	164584	164549	Deletion	35
2R	169924	169810	Deletion	114
2R	170562	170475	Deletion	87
2R	171452	171410	Deletion	42
2R	175071	174962	Deletion	109
2R	178481	178370	Deletion	111
2R	178492	178370	Deletion	122
2R	179024	178933	Deletion	91
2R	178993	178933	Deletion	60
2R	179040	178933	Deletion	107
2R	179038	178933	Deletion	105
2R	178995	178933	Deletion	62
2R	179031	178933	Deletion	98
2R	179040	178933	Deletion	107
2R	178975	178933	Deletion	42
2R	179030	178933	Deletion	97
2R	179618	179498	Deletion	120
2R	182739	182651	Deletion	88
2R	186177	186072	Deletion	105
2R	186187	186085	Deletion	102
2R	186187	186146	Deletion	41
2R	187402	187282	Deletion	120
2R	189327	189207	Deletion	120
2R	191075	190980	Deletion	95
2R	192084	192049	Deletion	35
2R	200442	200403	Deletion	39
2R	201380	201346	Deletion	34
2R	203105	203070	Deletion	35
2R	205964	205878	Deletion	86
2R	206556	206517	Deletion	39
2R	208963	208904	Deletion	59
2R	214914	214874	Deletion	40
2R	217385	217354	Deletion	31
2R	221810	221765	Deletion	45
2R	225363	225313	Deletion	50
2R	235910	235788	Deletion	122
2R	237305	237267	Deletion	38
2R	237361	237310	Deletion	51
2R	242753	242661	Deletion	92
2R	243389	243294	Deletion	95
2R	245239	245120	Deletion	119
2R	245596	245525	Deletion	71
2R	245971	245907	Deletion	64
2R	257373	257287	Deletion	86
2R	261111	261042	Deletion	69
2R	261478	261364	Deletion	114
2R	263653	263576	Deletion	77
2R	265733	265642	Deletion	91
2R	273546	273471	Deletion	75
2R	277746	277710	Deletion	36
2R	281245	281158	Deletion	87
2R	284727	284606	Deletion	121
2R	285839	285733	Deletion	106
2R	285839	285749	Deletion	90
2R	287427	287323	Deletion	104
2R	288147	288055	Deletion	92
2R	291584	291467	Deletion	117
2R	291584	291522	Deletion	62
2R	291584	291536	Deletion	48
2R	292136	292027	Deletion	109
2R	292106	292027	Deletion	79
2R	292092	292027	Deletion	65
2R	297767	297645	Deletion	122
2R	297767	297660	Deletion	107
2R	297767	297662	Deletion	105
2R	297767	297676	Deletion	91
2R	297767	297722	Deletion	45
2R	300627	300545	Deletion	82
2R	300581	300545	Deletion	36
2R	317184	317095	Deletion	89
2R	318875	318838	Deletion	37
2R	318949	318838	Deletion	111
2R	319607	319559	Deletion	48
2R	320568	320451	Deletion	117
2R	320568	320456	Deletion	112
2R	320568	320485	Deletion	83
2R	320568	320502	Deletion	66
2R	336299	336263	Deletion	36
2R	337659	337582	Deletion	77
2R	339568	339528	Deletion	40
2R	343452	343405	Deletion	47
2R	351096	350976	Deletion	120
2R	353284	353217	Deletion	67
2R	353284	353227	Deletion	57
2R	353284	353245	Deletion	39
2R	355723	355600	Deletion	123
2R	359297	359246	Deletion	51
2R	361838	361794	Deletion	44
2R	366716	366605	Deletion	111
2R	366635	366605	Deletion	30
2R	372150	372054	Deletion	96
2R	372150	372061	Deletion	89
2R	372150	372099	Deletion	51
2R	372564	372527	Deletion	37
2R	372602	372527	Deletion	75
2R	381296	381179	Deletion	117
2R	381296	381237	Deletion	59
2R	385757	385650	Deletion	107
2R	385757	385654	Deletion	103
2R	385757	385718	Deletion	39
2R	386932	386844	Deletion	88
2R	386913	386844	Deletion	69
2R	406011	405907	Deletion	104
2R	406011	405925	Deletion	86
2R	406011	405925	Deletion	86
2R	406011	405937	Deletion	74
2R	406011	405944	Deletion	67
2R	409898	409858	Deletion	40
2R	410036	409950	Deletion	86
2R	413459	413421	Deletion	38
2R	415293	415204	Deletion	89
2R	416758	416706	Deletion	52
2R	426406	426370	Deletion	36
2R	433885	433843	Deletion	42
2R	444682	444599	Deletion	83
2R	448538	448450	Deletion	88
2R	448520	448450	Deletion	70
2R	448510	448450	Deletion	60
2R	452864	452789	Deletion	75
2R	453292	453241	Deletion	51
2R	461389	461269	Deletion	120
2R	471835	471772	Deletion	63
2R	480707	480660	Deletion	47
2R	481698	481594	Deletion	104
2R	484482	484426	Deletion	56
2R	484482	484433	Deletion	49
2R	485450	485348	Deletion	102
2R	485629	485590	Deletion	39
2R	485722	485608	Deletion	114
2R	495481	495413	Deletion	68
2R	495481	495449	Deletion	32
2R	495481	495451	Deletion	30
2R	495481	495451	Deletion	30
2R	496013	495917	Deletion	96
2R	495975	495917	Deletion	58
2R	496013	495917	Deletion	96
2R	496011	495917	Deletion	94
2R	498499	498394	Deletion	105
2R	498499	498419	Deletion	80
2R	498499	498425	Deletion	74
2R	498499	498432	Deletion	67
2R	498499	498432	Deletion	67
2R	507666	507624	Deletion	42
2R	509906	509813	Deletion	93
2R	509887	509813	Deletion	74
2R	509908	509813	Deletion	95
2R	509891	509813	Deletion	78
2R	509845	509813	Deletion	32
2R	509918	509813	Deletion	105
2R	509845	509813	Deletion	32
2R	509962	509845	Deletion	117
2R	509962	509853	Deletion	109
2R	509962	509859	Deletion	103
2R	509962	509910	Deletion	52
2R	509962	509914	Deletion	48
2R	509962	509917	Deletion	45
2R	510773	510692	Deletion	81
2R	510770	510692	Deletion	78
2R	510789	510692	Deletion	97
2R	510766	510692	Deletion	74
2R	511201	511100	Deletion	101
2R	511201	511128	Deletion	73
2R	511201	511129	Deletion	72
2R	513770	513734	Deletion	36
2R	514662	514564	Deletion	98
2R	516053	516016	Deletion	37
2R	518471	518359	Deletion	112
2R	518471	518385	Deletion	86
2R	518954	518840	Deletion	114
2R	518948	518840	Deletion	108
2R	531737	531692	Deletion	45
2R	531801	531692	Deletion	109
2R	531813	531692	Deletion	121
2R	534522	534457	Deletion	65
2R	537415	537293	Deletion	122
2R	538500	538392	Deletion	108
2R	538481	538392	Deletion	89
2R	538429	538392	Deletion	37
2R	538507	538392	Deletion	115
2R	538489	538392	Deletion	97
2R	538484	538392	Deletion	92
2R	538479	538392	Deletion	87
2R	538501	538392	Deletion	109
2R	538493	538392	Deletion	101
2R	539617	539500	Deletion	117
2R	539617	539533	Deletion	84
2R	539617	539538	Deletion	79
2R	551177	551099	Deletion	78
2R	551183	551099	Deletion	84
2R	551146	551099	Deletion	47
2R	551211	551099	Deletion	112
2R	551221	551099	Deletion	122
2R	551141	551099	Deletion	42
2R	560273	560151	Deletion	122
2R	569137	569016	Deletion	121
2R	577619	577512	Deletion	107
2R	577619	577513	Deletion	106
2R	577619	577525	Deletion	94
2R	577619	577538	Deletion	81
2R	577619	577551	Deletion	68
2R	577619	577554	Deletion	65
2R	577619	577563	Deletion	56
2R	577619	577583	Deletion	36
2R	577756	577698	Deletion	58
2R	577768	577698	Deletion	70
2R	577800	577698	Deletion	102
2R	577743	577698	Deletion	45
2R	577788	577698	Deletion	90
2R	577730	577698	Deletion	32
2R	577759	577698	Deletion	61
2R	579087	578980	Deletion	107
2R	579087	578991	Deletion	96
2R	579087	578998	Deletion	89
2R	579087	579032	Deletion	55
2R	579087	579035	Deletion	52
2R	581004	580923	Deletion	81
2R	585770	585655	Deletion	115
2R	585729	585655	Deletion	74
2R	585726	585655	Deletion	71
2R	588478	588441	Deletion	37
2R	598276	598152	Deletion	124
2R	598276	598157	Deletion	119
2R	598276	598204	Deletion	72
2R	598276	598215	Deletion	61
2R	603591	603535	Deletion	56
2R	603657	603535	Deletion	122
2R	603629	603535	Deletion	94
2R	603602	603535	Deletion	67
2R	603649	603535	Deletion	114
2R	603618	603535	Deletion	83
2R	609363	609309	Deletion	54
2R	610356	610299	Deletion	57
2R	621928	621860	Deletion	68
2R	621928	621891	Deletion	37
2R	624207	624092	Deletion	115
2R	624204	624092	Deletion	112
2R	624154	624092	Deletion	62
2R	624185	624092	Deletion	93
2R	634269	634157	Deletion	112
2R	634269	634157	Deletion	112
2R	634269	634159	Deletion	110
2R	634269	634164	Deletion	105
2R	634269	634169	Deletion	100
2R	634269	634192	Deletion	77
2R	634269	634199	Deletion	70
2R	634269	634214	Deletion	55
2R	634269	634224	Deletion	45
2R	634269	634225	Deletion	44
2R	634895	634860	Deletion	35
2R	639482	639433	Deletion	49
2R	639504	639433	Deletion	71
2R	639515	639433	Deletion	82
2R	639489	639433	Deletion	56
2R	639514	639433	Deletion	81
2R	639531	639433	Deletion	98
2R	643204	643100	Deletion	104
2R	643204	643114	Deletion	90
2R	643204	643157	Deletion	47
2R	643204	643169	Deletion	35
2R	643522	643431	Deletion	91
2R	643510	643431	Deletion	79
2R	643531	643431	Deletion	100
2R	643545	643431	Deletion	114
2R	643467	643431	Deletion	36
2R	646562	646438	Deletion	124
2R	647139	647079	Deletion	60
2R	658434	658355	Deletion	79
2R	658402	658355	Deletion	47
2R	658445	658355	Deletion	90
2R	658420	658355	Deletion	65
2R	659242	659118	Deletion	124
2R	659242	659122	Deletion	120
2R	659242	659145	Deletion	97
2R	659242	659148	Deletion	94
2R	659242	659176	Deletion	66
2R	659242	659180	Deletion	62
2R	659242	659181	Deletion	61
2R	659242	659203	Deletion	39
2R	659536	659472	Deletion	64
2R	659594	659472	Deletion	122
2R	659537	659472	Deletion	65
2R	659532	659472	Deletion	60
2R	659559	659472	Deletion	87
2R	659570	659472	Deletion	98
2R	659579	659472	Deletion	107
2R	659578	659472	Deletion	106
2R	659575	659472	Deletion	103
2R	670859	670786	Deletion	73
2R	670859	670800	Deletion	59
2R	671796	671743	Deletion	53
2R	671859	671743	Deletion	116
2R	671810	671743	Deletion	67
2R	671848	671743	Deletion	105
2R	671852	671743	Deletion	109
2R	677959	677929	Deletion	30
2R	691940	691824	Deletion	116
2R	696665	696624	Deletion	41
2R	696990	696901	Deletion	89
2R	703543	703501	Deletion	42
2R	711287	711173	Deletion	114
2R	711274	711173	Deletion	101
2R	711259	711173	Deletion	86
2R	712229	712136	Deletion	93
2R	712229	712182	Deletion	47
2R	714138	714108	Deletion	30
2R	717641	717519	Deletion	122
2R	723326	723238	Deletion	88
2R	723326	723294	Deletion	32
2R	723422	723384	Deletion	38
2R	731732	731611	Deletion	121
2R	731732	731629	Deletion	103
2R	731732	731637	Deletion	95
2R	731732	731656	Deletion	76
2R	736861	736815	Deletion	46
2R	736909	736857	Deletion	52
2R	746817	746785	Deletion	32
2R	748861	748752	Deletion	109
2R	748876	748795	Deletion	81
2R	748891	748821	Deletion	70
2R	748866	748829	Deletion	37
2R	749137	749031	Deletion	106
2R	752363	752296	Deletion	67
2R	754033	753987	Deletion	46
2R	756222	756181	Deletion	41
2R	756267	756195	Deletion	72
2R	756917	756817	Deletion	100
2R	757111	757008	Deletion	103
2R	757179	757134	Deletion	45
2R	757307	757216	Deletion	91
2R	761669	761550	Deletion	119
2R	766563	766490	Deletion	73
2R	771389	771267	Deletion	122
2R	771389	771279	Deletion	110
2R	771389	771307	Deletion	82
2R	773681	773567	Deletion	114
2R	773681	773598	Deletion	83
2R	776467	776349	Deletion	118
2R	776389	776349	Deletion	40
2R	776753	776652	Deletion	101
2R	779222	779103	Deletion	119
2R	785151	785055	Deletion	96
2R	785099	785055	Deletion	44
2R	785098	785055	Deletion	43
2R	788623	788569	Deletion	54
2R	789129	789043	Deletion	86
2R	791990	791920	Deletion	70
2R	792017	791920	Deletion	97
2R	796875	796771	Deletion	104
2R	796875	796792	Deletion	83
2R	798265	798213	Deletion	52
2R	798775	798713	Deletion	62
2R	810738	810692	Deletion	46
2R	813686	813569	Deletion	117
2R	819608	819514	Deletion	94
2R	820241	820128	Deletion	113
2R	820241	820140	Deletion	101
2R	820241	820156	Deletion	85
2R	820241	820167	Deletion	74
2R	821678	821637	Deletion	41
2R	825540	825489	Deletion	51
2R	825732	825657	Deletion	75
2R	835027	834907	Deletion	120
2R	840247	840163	Deletion	84
2R	840358	840315	Deletion	43
2R	840765	840719	Deletion	46
2R	841651	841567	Deletion	84
2R	841681	841567	Deletion	114
2R	848139	848014	Deletion	125
2R	849284	849186	Deletion	98
2R	849284	849198	Deletion	86
2R	849284	849208	Deletion	76
2R	849401	849350	Deletion	51
2R	849468	849352	Deletion	116
2R	851678	851648	Deletion	30
2R	853286	853208	Deletion	78
2R	853922	853799	Deletion	123
2R	855773	855730	Deletion	43
2R	855849	855730	Deletion	119
2R	855778	855730	Deletion	48
2R	858280	858159	Deletion	121
2R	858703	858584	Deletion	119
2R	858703	858614	Deletion	89
2R	859178	859054	Deletion	124
2R	859178	859071	Deletion	107
2R	859178	859096	Deletion	82
2R	859178	859103	Deletion	75
2R	863183	863105	Deletion	78
2R	863213	863105	Deletion	108
2R	863142	863105	Deletion	37
2R	867308	867260	Deletion	48
2R	872371	872268	Deletion	103
2R	872371	872307	Deletion	64
2R	876384	876322	Deletion	62
2R	876444	876322	Deletion	122
2R	876441	876322	Deletion	119
2R	883559	883520	Deletion	39
2R	883559	883529	Deletion	30
2R	895598	895477	Deletion	121
2R	905793	905722	Deletion	71
2R	918926	918841	Deletion	85
2R	918926	918849	Deletion	77
2R	924323	924227	Deletion	96
2R	934315	934266	Deletion	49
2R	934362	934266	Deletion	96
2R	934307	934266	Deletion	41
2R	934296	934266	Deletion	30
2R	945319	945209	Deletion	110
2R	945319	945214	Deletion	105
2R	945319	945246	Deletion	73
2R	945319	945277	Deletion	42
2R	953494	953382	Deletion	112
2R	953497	953382	Deletion	115
2R	953498	953382	Deletion	116
2R	953469	953382	Deletion	87
2R	955636	955566	Deletion	70
2R	956692	956657	Deletion	35
2R	961482	961356	Deletion	126
2R	963018	962962	Deletion	56
2R	974223	974102	Deletion	121
2R	974223	974126	Deletion	97
2R	974223	974139	Deletion	84
2R	974220	974140	Deletion	80
2R	974223	974160	Deletion	63
2R	974223	974181	Deletion	42
2R	974223	974184	Deletion	39
2R	974223	974185	Deletion	38
2R	975486	975440	Deletion	46
2R	975527	975441	Deletion	86
2R	975485	975441	Deletion	44
2R	975506	975441	Deletion	65
2R	975560	975441	Deletion	119
2R	975531	975441	Deletion	90
2R	975530	975441	Deletion	89
2R	975472	975441	Deletion	31
2R	975553	975441	Deletion	112
2R	983192	983148	Deletion	44
2R	984423	984308	Deletion	115
2R	985517	985481	Deletion	36
2R	989289	989245	Deletion	44
2R	989289	989245	Deletion	44
2R	990767	990714	Deletion	53
2R	995401	995304	Deletion	97
2R	995401	995314	Deletion	87
2R	995401	995316	Deletion	85
2R	995401	995322	Deletion	79
2R	995401	995327	Deletion	74
2R	995401	995352	Deletion	49
2R	995401	995370	Deletion	31
2R	995401	995370	Deletion	31
2R	995519	995467	Deletion	52
2R	995544	995467	Deletion	77
2R	995508	995467	Deletion	41
2R	995514	995467	Deletion	47
2R	995562	995467	Deletion	95
2R	995506	995467	Deletion	39
2R	995562	995467	Deletion	95
2R	995570	995467	Deletion	103
2R	999997	999885	Deletion	112
2R	999997	999904	Deletion	93
2R	999997	999932	Deletion	65
2R	999997	999957	Deletion	40
2R	1000912	1000854	Deletion	58
2R	1006403	1006369	Deletion	34
2R	1006431	1006369	Deletion	62
2R	1006456	1006369	Deletion	87
2R	1006903	1006783	Deletion	120
2R	1007463	1007355	Deletion	108
2R	1007463	1007369	Deletion	94
2R	1007463	1007372	Deletion	91
2R	1008512	1008476	Deletion	36
2R	1008509	1008476	Deletion	33
2R	1016493	1016386	Deletion	107
2R	1016493	1016449	Deletion	44
2R	1016493	1016455	Deletion	38
2R	1016812	1016694	Deletion	118
2R	1016788	1016694	Deletion	94
2R	1016776	1016694	Deletion	82
2R	1016782	1016694	Deletion	88
2R	1018731	1018672	Deletion	59
2R	1031707	1031586	Deletion	121
2R	1031976	1031865	Deletion	111
2R	1032125	1032034	Deletion	91
2R	1032164	1032067	Deletion	97
2R	1032167	1032067	Deletion	100
2R	1032125	1032081	Deletion	44
2R	1041304	1041263	Deletion	41
2R	1041619	1041497	Deletion	122
2R	1042602	1042540	Deletion	62
2R	1044798	1044715	Deletion	83
2R	1044751	1044715	Deletion	36
2R	1044780	1044715	Deletion	65
2R	1051195	1051086	Deletion	109
2R	1057648	1057589	Deletion	59
2R	1060038	1059926	Deletion	112
2R	1059993	1059926	Deletion	67
2R	1062403	1062279	Deletion	124
2R	1066871	1066798	Deletion	73
2R	1066871	1066837	Deletion	34
2R	1069971	1069870	Deletion	101
2R	1069971	1069894	Deletion	77
2R	1069971	1069896	Deletion	75
2R	1069971	1069896	Deletion	75
2R	1069971	1069904	Deletion	67
2R	1069971	1069917	Deletion	54
2R	1072241	1072190	Deletion	51
2R	1072241	1072190	Deletion	51
2R	1072249	1072190	Deletion	59
2R	1072262	1072190	Deletion	72
2R	1072239	1072190	Deletion	49
2R	1083471	1083418	Deletion	53
2R	1083679	1083620	Deletion	59
2R	1084051	1083974	Deletion	77
2R	1084050	1083974	Deletion	76
2R	1084768	1084710	Deletion	58
2R	1093145	1093102	Deletion	43
2R	1098829	1098792	Deletion	37
2R	1099653	1099574	Deletion	79
2R	1100883	1100827	Deletion	56
2R	1101183	1101143	Deletion	40
2R	1112354	1112268	Deletion	86
2R	1112354	1112274	Deletion	80
2R	1123079	1123039	Deletion	40
2R	1127374	1127328	Deletion	46
2R	1135858	1135761	Deletion	97
2R	1140137	1140016	Deletion	121
2R	1149295	1149210	Deletion	85
2R	1149295	1149228	Deletion	67
2R	1149295	1149264	Deletion	31
2R	1151177	1151136	Deletion	41
2R	1151195	1151136	Deletion	59
2R	1151231	1151136	Deletion	95
2R	1152544	1152422	Deletion	122
2R	1152544	1152445	Deletion	99
2R	1152541	1152467	Deletion	74
2R	1152638	1152590	Deletion	48
2R	1156136	1156094	Deletion	42
2R	1159106	1159005	Deletion	101
2R	1169182	1169123	Deletion	59
2R	1169221	1169180	Deletion	41
2R	1172809	1172724	Deletion	85
2R	1173877	1173776	Deletion	101
2R	1173835	1173776	Deletion	59
2R	1173816	1173776	Deletion	40
2R	1177382	1177267	Deletion	115
2R	1181620	1181510	Deletion	110
2R	1181611	1181542	Deletion	69
2R	1183792	1183681	Deletion	111
2R	1183899	1183838	Deletion	61
2R	1186483	1186367	Deletion	116
2R	1186483	1186381	Deletion	102
2R	1186483	1186409	Deletion	74
2R	1190422	1190309	Deletion	113
2R	1190827	1190788	Deletion	39
2R	1192856	1192803	Deletion	53
2R	1193662	1193628	Deletion	34
2R	1193886	1193767	Deletion	119
2R	1193886	1193773	Deletion	113
2R	1196651	1196601	Deletion	50
2R	1198038	1197924	Deletion	114
2R	1199191	1199070	Deletion	121
2R	1205389	1205343	Deletion	46
2R	1207721	1207638	Deletion	83
2R	1208288	1208167	Deletion	121
2R	1212045	1211935	Deletion	110
2R	1216649	1216617	Deletion	32
2R	1220038	1219917	Deletion	121
2R	1226769	1226667	Deletion	102
2R	1226743	1226667	Deletion	76
2R	1226775	1226667	Deletion	108
2R	1229405	1229289	Deletion	116
2R	1229405	1229293	Deletion	112
2R	1229405	1229343	Deletion	62
2R	1238343	1238312	Deletion	31
2R	1238617	1238498	Deletion	119
2R	1239682	1239647	Deletion	35
2R	1239712	1239647	Deletion	65
2R	1248126	1248078	Deletion	48
2R	1248143	1248078	Deletion	65
2R	1248138	1248078	Deletion	60
2R	1248194	1248078	Deletion	116
2R	1250542	1250495	Deletion	47
2R	1258264	1258153	Deletion	111
2R	1259988	1259906	Deletion	82
2R	1279520	1279449	Deletion	71
2R	1280944	1280874	Deletion	70
2R	1281171	1281131	Deletion	40
2R	1282854	1282767	Deletion	87
2R	1282885	1282767	Deletion	118
2R	1282816	1282767	Deletion	49
2R	1282852	1282767	Deletion	85
2R	1285148	1285117	Deletion	31
2R	1285207	1285117	Deletion	90
2R	1285850	1285779	Deletion	71
2R	1290501	1290445	Deletion	56
2R	1290501	1290449	Deletion	52
2R	1290970	1290898	Deletion	72
2R	1293774	1293675	Deletion	99
2R	1293796	1293675	Deletion	121
2R	1293776	1293675	Deletion	101
2R	1296109	1296015	Deletion	94
2R	1296109	1296026	Deletion	83
2R	1296109	1296059	Deletion	50
2R	1296109	1296069	Deletion	40
2R	1298894	1298811	Deletion	83
2R	1298894	1298844	Deletion	50
2R	1298894	1298851	Deletion	43
2R	1300760	1300679	Deletion	81
2R	1301204	1301157	Deletion	47
2R	1301274	1301157	Deletion	117
2R	1301233	1301157	Deletion	76
2R	1301279	1301160	Deletion	119
2R	1301279	1301181	Deletion	98
2R	1301279	1301182	Deletion	97
2R	1304056	1303934	Deletion	122
2R	1306358	1306251	Deletion	107
2R	1306358	1306259	Deletion	99
2R	1306326	1306266	Deletion	60
2R	1306326	1306281	Deletion	45
2R	1307000	1306920	Deletion	80
2R	1307025	1306920	Deletion	105
2R	1307037	1306920	Deletion	117
2R	1306956	1306920	Deletion	36
2R	1307621	1307580	Deletion	41
2R	1308262	1308215	Deletion	47
2R	1309375	1309253	Deletion	122
2R	1309569	1309510	Deletion	59
2R	1310211	1310096	Deletion	115
2R	1310211	1310128	Deletion	83
2R	1311490	1311424	Deletion	66
2R	1311509	1311424	Deletion	85
2R	1311505	1311424	Deletion	81
2R	1327261	1327139	Deletion	122
2R	1345925	1345836	Deletion	89
2R	1345925	1345877	Deletion	48
2R	1345925	1345884	Deletion	41
2R	1353013	1352970	Deletion	43
2R	1353706	1353585	Deletion	121
2R	1360127	1360010	Deletion	117
2R	1360127	1360021	Deletion	106
2R	1360127	1360028	Deletion	99
2R	1360127	1360030	Deletion	97
2R	1360127	1360044	Deletion	83
2R	1365098	1365068	Deletion	30
2R	1365112	1365068	Deletion	44
2R	1373573	1373450	Deletion	123
2R	1389128	1389054	Deletion	74
2R	1390485	1390438	Deletion	47
2R	1390713	1390641	Deletion	72
2R	1396465	1396343	Deletion	122
2R	1408208	1408086	Deletion	122
2R	1414763	1414700	Deletion	63
2R	1414790	1414700	Deletion	90
2R	1414762	1414700	Deletion	62
2R	1415338	1415214	Deletion	124
2R	1420935	1420873	Deletion	62
2R	1421048	1420949	Deletion	99
2R	1421048	1420952	Deletion	96
2R	1421048	1420981	Deletion	67
2R	1421048	1420989	Deletion	59
2R	1421048	1420999	Deletion	49
2R	1431083	1431006	Deletion	77
2R	1431120	1431006	Deletion	114
2R	1431106	1431006	Deletion	100
2R	1431096	1431006	Deletion	90
2R	1431036	1431006	Deletion	30
2R	1431065	1431006	Deletion	59
2R	1431128	1431006	Deletion	122
2R	1431073	1431006	Deletion	67
2R	1454205	1454087	Deletion	118
2R	1455401	1455298	Deletion	103
2R	1455907	1455800	Deletion	107
2R	1458173	1458086	Deletion	87
2R	1459144	1459100	Deletion	44
2R	1471664	1471608	Deletion	56
2R	1471939	1471900	Deletion	39
2R	1472077	1472054	Deletion	23
2R	1472205	1472097	Deletion	108
2R	1472191	1472097	Deletion	94
2R	1472171	1472097	Deletion	74
2R	1472163	1472097	Deletion	66
2R	1472209	1472166	Deletion	43
2R	1472350	1472236	Deletion	114
2R	1472350	1472271	Deletion	79
2R	1472350	1472284	Deletion	66
2R	1472326	1472294	Deletion	32
2R	1472350	1472296	Deletion	54
2R	1472520	1472450	Deletion	70
2R	1472539	1472450	Deletion	89
2R	1472516	1472450	Deletion	66
2R	1472720	1472683	Deletion	37
2R	1476370	1476284	Deletion	86
2R	1476370	1476300	Deletion	70
2R	1483065	1483012	Deletion	53
2R	1484233	1484121	Deletion	112
2R	1484244	1484121	Deletion	123
2R	1484232	1484121	Deletion	111
2R	1484229	1484121	Deletion	108
2R	1484225	1484121	Deletion	104
2R	1486982	1486858	Deletion	124
2R	1490227	1490179	Deletion	48
2R	1493070	1493039	Deletion	31
2R	1494235	1494184	Deletion	51
2R	1496052	1495987	Deletion	65
2R	1496293	1496202	Deletion	91
2R	1496290	1496202	Deletion	88
2R	1499363	1499256	Deletion	107
2R	1499363	1499325	Deletion	38
2R	1499363	1499329	Deletion	34
2R	1499655	1499562	Deletion	93
2R	1499651	1499562	Deletion	89
2R	1499680	1499562	Deletion	118
2R	1501532	1501415	Deletion	117
2R	1506774	1506675	Deletion	99
2R	1518452	1518405	Deletion	47
2R	1519251	1519180	Deletion	71
2R	1528563	1528440	Deletion	123
2R	1536105	1535998	Deletion	107
2R	1536105	1536048	Deletion	57
2R	1536105	1536051	Deletion	54
2R	1536105	1536063	Deletion	42
2R	1537757	1537672	Deletion	85
2R	1537745	1537672	Deletion	73
2R	1537742	1537672	Deletion	70
2R	1538040	1537939	Deletion	101
2R	1538060	1537961	Deletion	99
2R	1541477	1541444	Deletion	33
2R	1544992	1544951	Deletion	41
2R	1554458	1554428	Deletion	30
2R	1554482	1554428	Deletion	54
2R	1556057	1555992	Deletion	65
2R	1556070	1555992	Deletion	78
2R	1556058	1555992	Deletion	66
2R	1556113	1555992	Deletion	121
2R	1556048	1555992	Deletion	56
2R	1556127	1556004	Deletion	123
2R	1556127	1556016	Deletion	111
2R	1556127	1556023	Deletion	104
2R	1556127	1556079	Deletion	48
2R	1556127	1556096	Deletion	31
2R	1559360	1559270	Deletion	90
2R	1561429	1561359	Deletion	70
2R	1569688	1569609	Deletion	79
2R	1569688	1569624	Deletion	64
2R	1569688	1569625	Deletion	63
2R	1570750	1570645	Deletion	105
2R	1570750	1570659	Deletion	91
2R	1570750	1570667	Deletion	83
2R	1570723	1570682	Deletion	41
2R	1570750	1570684	Deletion	66
2R	1570750	1570699	Deletion	51
2R	1570841	1570788	Deletion	53
2R	1571483	1571407	Deletion	76
2R	1571478	1571407	Deletion	71
2R	1571450	1571407	Deletion	43
2R	1572223	1572145	Deletion	78
2R	1576425	1576320	Deletion	105
2R	1576425	1576341	Deletion	84
2R	1576425	1576390	Deletion	35
2R	1581627	1581584	Deletion	43
2R	1581676	1581584	Deletion	92
2R	1609663	1609614	Deletion	49
2R	1613260	1613168	Deletion	92
2R	1615878	1615836	Deletion	42
2R	1620733	1620610	Deletion	123
2R	1620687	1620610	Deletion	77
2R	1620715	1620610	Deletion	105
2R	1620713	1620610	Deletion	103
2R	1627039	1626925	Deletion	114
2R	1627039	1626949	Deletion	90
2R	1634077	1634008	Deletion	69
2R	1639804	1639723	Deletion	81
2R	1645029	1644998	Deletion	31
2R	1648131	1648019	Deletion	112
2R	1648064	1648019	Deletion	45
2R	1648132	1648019	Deletion	113
2R	1677019	1676988	Deletion	31
2R	1677242	1677187	Deletion	55
2R	1677966	1677909	Deletion	57
2R	1678007	1677912	Deletion	95
2R	1683308	1683218	Deletion	90
2R	1683308	1683252	Deletion	56
2R	1683308	1683261	Deletion	47
2R	1683308	1683262	Deletion	46
2R	1683308	1683269	Deletion	39
2R	1683308	1683275	Deletion	33
2R	1685928	1685835	Deletion	93
2R	1685915	1685835	Deletion	80
2R	1685871	1685835	Deletion	36
2R	1685957	1685835	Deletion	122
2R	1685922	1685835	Deletion	87
2R	1685955	1685835	Deletion	120
2R	1685905	1685835	Deletion	70
2R	1685914	1685835	Deletion	79
2R	1688825	1688718	Deletion	107
2R	1688825	1688740	Deletion	85
2R	1688825	1688744	Deletion	81
2R	1688922	1688876	Deletion	46
2R	1688918	1688876	Deletion	42
2R	1691180	1691062	Deletion	118
2R	1691180	1691067	Deletion	113
2R	1691180	1691080	Deletion	100
2R	1691180	1691082	Deletion	98
2R	1691180	1691083	Deletion	97
2R	1691180	1691083	Deletion	97
2R	1691180	1691099	Deletion	81
2R	1691180	1691116	Deletion	64
2R	1691180	1691133	Deletion	47
2R	1691180	1691135	Deletion	45
2R	1692385	1692323	Deletion	62
2R	1692368	1692323	Deletion	45
2R	1692436	1692323	Deletion	113
2R	1692404	1692323	Deletion	81
2R	1692441	1692323	Deletion	118
2R	1692402	1692323	Deletion	79
2R	1695599	1695553	Deletion	46
2R	1695970	1695849	Deletion	121
2R	1696979	1696927	Deletion	52
2R	1699399	1699335	Deletion	64
2R	1701047	1700933	Deletion	114
2R	1704717	1704644	Deletion	73
2R	1706581	1706547	Deletion	34
2R	1707091	1707045	Deletion	46
2R	1707168	1707045	Deletion	123
2R	1707101	1707045	Deletion	56
2R	1707087	1707045	Deletion	42
2R	1707180	1707062	Deletion	118
2R	1709102	1709041	Deletion	61
2R	1710195	1710112	Deletion	83
2R	1711270	1711200	Deletion	70
2R	1718051	1717943	Deletion	108
2R	1718103	1718028	Deletion	75
2R	1718215	1718094	Deletion	121
2R	1720390	1720339	Deletion	51
2R	1725655	1725545	Deletion	110
2R	1725655	1725545	Deletion	110
2R	1725655	1725571	Deletion	84
2R	1725655	1725572	Deletion	83
2R	1725655	1725576	Deletion	79
2R	1725655	1725598	Deletion	57
2R	1725655	1725613	Deletion	42
2R	1725655	1725613	Deletion	42
2R	1727077	1726992	Deletion	85
2R	1727077	1726992	Deletion	85
2R	1727098	1726992	Deletion	106
2R	1727040	1726992	Deletion	48
2R	1727035	1726992	Deletion	43
2R	1727062	1726992	Deletion	70
2R	1727036	1726995	Deletion	41
2R	1732258	1732136	Deletion	122
2R	1732258	1732142	Deletion	116
2R	1732258	1732150	Deletion	108
2R	1732258	1732166	Deletion	92
2R	1732258	1732201	Deletion	57
2R	1734348	1734247	Deletion	101
2R	1734316	1734247	Deletion	69
2R	1734281	1734247	Deletion	34
2R	1734357	1734247	Deletion	110
2R	1734367	1734247	Deletion	120
2R	1737225	1737104	Deletion	121
2R	1738432	1738314	Deletion	118
2R	1738432	1738316	Deletion	116
2R	1738432	1738349	Deletion	83
2R	1738432	1738349	Deletion	83
2R	1738528	1738481	Deletion	47
2R	1738595	1738481	Deletion	114
2R	1738528	1738481	Deletion	47
2R	1745189	1745149	Deletion	40
2R	1746003	1745915	Deletion	88
2R	1746003	1745971	Deletion	32
2R	1758082	1758044	Deletion	38
2R	1758101	1758044	Deletion	57
2R	1758138	1758044	Deletion	94
2R	1766015	1765891	Deletion	124
2R	1783980	1783910	Deletion	70
2R	1783985	1783910	Deletion	75
2R	1787586	1787509	Deletion	77
2R	1787692	1787643	Deletion	49
2R	1789306	1789267	Deletion	39
2R	1795158	1795045	Deletion	113
2R	1795158	1795051	Deletion	107
2R	1799135	1799093	Deletion	42
2R	1801031	1800990	Deletion	41
2R	1806677	1806646	Deletion	31
2R	1806767	1806646	Deletion	121
2R	1808948	1808826	Deletion	122
2R	1810906	1810783	Deletion	123
2R	1814565	1814531	Deletion	34
2R	1814563	1814531	Deletion	32
2R	1820153	1820057	Deletion	96
2R	1821095	1821051	Deletion	44
2R	1825771	1825696	Deletion	75
2R	1825748	1825720	Deletion	28
2R	1825792	1825729	Deletion	63
2R	1825830	1825777	Deletion	53
2R	1826013	1825970	Deletion	43
2R	1826078	1825995	Deletion	83
2R	1826183	1826080	Deletion	103
2R	1826174	1826095	Deletion	79
2R	1826588	1826493	Deletion	95
2R	1826585	1826540	Deletion	45
2R	1827405	1827347	Deletion	58
2R	1827731	1827653	Deletion	78
2R	1828628	1828505	Deletion	123
2R	1828628	1828506	Deletion	122
2R	1828628	1828507	Deletion	121
2R	1828628	1828516	Deletion	112
2R	1833242	1833208	Deletion	34
2R	1833890	1833824	Deletion	66
2R	1834727	1834650	Deletion	77
2R	1834895	1834842	Deletion	53
2R	1839209	1839086	Deletion	123
2R	1842648	1842558	Deletion	90
2R	1851104	1850980	Deletion	124
2R	1854055	1853963	Deletion	92
2R	1854055	1854016	Deletion	39
2R	1855593	1855476	Deletion	117
2R	1855861	1855802	Deletion	59
2R	1856346	1856302	Deletion	44
2R	1856439	1856405	Deletion	34
2R	1856492	1856405	Deletion	87
2R	1856471	1856405	Deletion	66
2R	1857894	1857773	Deletion	121
2R	1863451	1863376	Deletion	75
2R	1863449	1863377	Deletion	72
2R	1864391	1864274	Deletion	117
2R	1865499	1865406	Deletion	93
2R	1865499	1865444	Deletion	55
2R	1870936	1870843	Deletion	93
2R	1885091	1884985	Deletion	106
2R	1885091	1885004	Deletion	87
2R	1885091	1885053	Deletion	38
2R	1885091	1885056	Deletion	35
2R	1885150	1885103	Deletion	47
2R	1891892	1891783	Deletion	109
2R	1891892	1891792	Deletion	100
2R	1891892	1891832	Deletion	60
2R	1891892	1891843	Deletion	49
2R	1891892	1891844	Deletion	48
2R	1891892	1891848	Deletion	44
2R	1897307	1897229	Deletion	78
2R	1897324	1897229	Deletion	95
2R	1897329	1897229	Deletion	100
2R	1897331	1897229	Deletion	102
2R	1897319	1897229	Deletion	90
2R	1897306	1897229	Deletion	77
2R	1897295	1897229	Deletion	66
2R	1897311	1897229	Deletion	82
2R	1903001	1902951	Deletion	50
2R	1910612	1910558	Deletion	54
2R	1910795	1910690	Deletion	105
2R	1932976	1932900	Deletion	76
2R	1932974	1932900	Deletion	74
2R	1938266	1938143	Deletion	123
2R	1940161	1940052	Deletion	109
2R	1940161	1940089	Deletion	72
2R	1940161	1940095	Deletion	66
2R	1942879	1942765	Deletion	114
2R	1945749	1945704	Deletion	45
2R	1947411	1947299	Deletion	112
2R	1947550	1947507	Deletion	43
2R	1948581	1948492	Deletion	89
2R	1948581	1948493	Deletion	88
2R	1948581	1948498	Deletion	83
2R	1960169	1960048	Deletion	121
2R	1960169	1960063	Deletion	106
2R	1960169	1960093	Deletion	76
2R	1960169	1960100	Deletion	69
2R	1960169	1960126	Deletion	43
2R	1960169	1960129	Deletion	40
2R	1961333	1961300	Deletion	33
2R	1966090	1966040	Deletion	50
2R	1966161	1966040	Deletion	121
2R	1966123	1966040	Deletion	83
2R	1966097	1966040	Deletion	57
2R	1966126	1966040	Deletion	86
2R	1967178	1967078	Deletion	100
2R	1967178	1967083	Deletion	95
2R	1967178	1967094	Deletion	84
2R	1967178	1967098	Deletion	80
2R	1967178	1967114	Deletion	64
2R	1967178	1967135	Deletion	43
2R	1968111	1968012	Deletion	99
2R	1969917	1969871	Deletion	46
2R	1970335	1970267	Deletion	68
2R	1978774	1978727	Deletion	47
2R	1978803	1978727	Deletion	76
2R	1978843	1978727	Deletion	116
2R	1978826	1978727	Deletion	99
2R	1988241	1988202	Deletion	39
2R	1988886	1988787	Deletion	99
2R	1989970	1989936	Deletion	34
2R	1989997	1989936	Deletion	61
2R	1989996	1989936	Deletion	60
2R	1990036	1989936	Deletion	100
2R	1989987	1989936	Deletion	51
2R	1990745	1990623	Deletion	122
2R	1991035	1990978	Deletion	57
2R	1991073	1990995	Deletion	78
2R	1993197	1993146	Deletion	51
2R	1998080	1998011	Deletion	69
2R	1998079	1998011	Deletion	68
2R	1998125	1998011	Deletion	114
2R	2005120	2005089	Deletion	31
2R	2006369	2006255	Deletion	114
2R	2006369	2006285	Deletion	84
2R	2006369	2006301	Deletion	68
2R	2006369	2006301	Deletion	68
2R	2006369	2006313	Deletion	56
2R	2019807	2019765	Deletion	42
2R	2019862	2019765	Deletion	97
2R	2019835	2019765	Deletion	70
2R	2019823	2019765	Deletion	58
2R	2019887	2019765	Deletion	122
2R	2019823	2019765	Deletion	58
2R	2042505	2042453	Deletion	52
2R	2064256	2064133	Deletion	123
2R	2064256	2064224	Deletion	32
2R	2065483	2065362	Deletion	121
2R	2067392	2067360	Deletion	32
2R	2068991	2068891	Deletion	100
2R	2072133	2072078	Deletion	55
2R	2084906	2084790	Deletion	116
2R	2084906	2084797	Deletion	109
2R	2084906	2084808	Deletion	98
2R	2084906	2084852	Deletion	54
2R	2084906	2084871	Deletion	35
2R	2085173	2085082	Deletion	91
2R	2085154	2085082	Deletion	72
2R	2086676	2086552	Deletion	124
2R	2086676	2086585	Deletion	91
2R	2086676	2086586	Deletion	90
2R	2086676	2086614	Deletion	62
2R	2086676	2086626	Deletion	50
2R	2086676	2086634	Deletion	42
2R	2086676	2086640	Deletion	36
2R	2087667	2087548	Deletion	119
2R	2087661	2087548	Deletion	113
2R	2087645	2087548	Deletion	97
2R	2087612	2087548	Deletion	64
2R	2087649	2087548	Deletion	101
2R	2087632	2087548	Deletion	84
2R	2087624	2087548	Deletion	76
2R	2087583	2087548	Deletion	35
2R	2087638	2087548	Deletion	90
2R	2092438	2092317	Deletion	121
2R	2099262	2099152	Deletion	110
2R	2099262	2099166	Deletion	96
2R	2099262	2099177	Deletion	85
2R	2099262	2099230	Deletion	32
2R	2099467	2099392	Deletion	75
2R	2101284	2101201	Deletion	83
2R	2101301	2101207	Deletion	94
2R	2101492	2101429	Deletion	63
2R	2101690	2101640	Deletion	50
2R	2103414	2103340	Deletion	74
2R	2105562	2105486	Deletion	76
2R	2105744	2105676	Deletion	68
2R	2105763	2105696	Deletion	67
2R	2106393	2106361	Deletion	32
2R	2107642	2107526	Deletion	116
2R	2107642	2107536	Deletion	106
2R	2107642	2107537	Deletion	105
2R	2107640	2107549	Deletion	91
2R	2107642	2107593	Deletion	49
2R	2107642	2107595	Deletion	47
2R	2107642	2107612	Deletion	30
2R	2107806	2107726	Deletion	80
2R	2107804	2107726	Deletion	78
2R	2107823	2107726	Deletion	97
2R	2107760	2107726	Deletion	34
2R	2107841	2107726	Deletion	115
2R	2110968	2110900	Deletion	68
2R	2111315	2111193	Deletion	122
2R	2113639	2113531	Deletion	108
2R	2115445	2115324	Deletion	121
2R	2117940	2117889	Deletion	51
2R	2119911	2119819	Deletion	92
2R	2119921	2119819	Deletion	102
2R	2119939	2119819	Deletion	120
2R	2119913	2119819	Deletion	94
2R	2120725	2120694	Deletion	31
2R	2126122	2126001	Deletion	121
2R	2126248	2126138	Deletion	110
2R	2126248	2126166	Deletion	82
2R	2126248	2126194	Deletion	54
2R	2126248	2126204	Deletion	44
2R	2126248	2126207	Deletion	41
2R	2126438	2126323	Deletion	115
2R	2126401	2126323	Deletion	78
2R	2126414	2126323	Deletion	91
2R	2126373	2126323	Deletion	50
2R	2126411	2126323	Deletion	88
2R	2127988	2127867	Deletion	121
2R	2127988	2127876	Deletion	112
2R	2127988	2127920	Deletion	68
2R	2133859	2133804	Deletion	55
2R	2135803	2135684	Deletion	119
2R	2137190	2137152	Deletion	38
2R	2140476	2140363	Deletion	113
2R	2140421	2140363	Deletion	58
2R	2142731	2142612	Deletion	119
2R	2142731	2142653	Deletion	78
2R	2142731	2142654	Deletion	77
2R	2142731	2142674	Deletion	57
2R	2142731	2142688	Deletion	43
2R	2142905	2142785	Deletion	120
2R	2142869	2142785	Deletion	84
2R	2142902	2142785	Deletion	117
2R	2142884	2142785	Deletion	99
2R	2142834	2142785	Deletion	49
2R	2142835	2142785	Deletion	50
2R	2142855	2142785	Deletion	70
2R	2147795	2147683	Deletion	112
2R	2147795	2147699	Deletion	96
2R	2147795	2147737	Deletion	58
2R	2148997	2148921	Deletion	76
2R	2151161	2151039	Deletion	122
2R	2151149	2151039	Deletion	110
2R	2151155	2151039	Deletion	116
2R	2151372	2151339	Deletion	33
2R	2153356	2153253	Deletion	103
2R	2153356	2153255	Deletion	101
2R	2153551	2153427	Deletion	124
2R	2153510	2153427	Deletion	83
2R	2153493	2153427	Deletion	66
2R	2153483	2153427	Deletion	56
2R	2153513	2153427	Deletion	86
2R	2153528	2153431	Deletion	97
2R	2159352	2159287	Deletion	65
2R	2160671	2160628	Deletion	43
2R	2161339	2161242	Deletion	97
2R	2162878	2162776	Deletion	102
2R	2163356	2163241	Deletion	115
2R	2164870	2164766	Deletion	104
2R	2164865	2164766	Deletion	99
2R	2167707	2167635	Deletion	72
2R	2167707	2167660	Deletion	47
2R	2173198	2173085	Deletion	113
2R	2173198	2173105	Deletion	93
2R	2173198	2173127	Deletion	71
2R	2173198	2173133	Deletion	65
2R	2173198	2173150	Deletion	48
2R	2173198	2173155	Deletion	43
2R	2173403	2173348	Deletion	55
2R	2173409	2173348	Deletion	61
2R	2173381	2173348	Deletion	33
2R	2173454	2173348	Deletion	106
2R	2173431	2173348	Deletion	83
2R	2173426	2173348	Deletion	78
2R	2174128	2174006	Deletion	122
2R	2178653	2178618	Deletion	35
2R	2179125	2179094	Deletion	31
2R	2182837	2182772	Deletion	65
2R	2187510	2187391	Deletion	119
2R	2187510	2187401	Deletion	109
2R	2187510	2187439	Deletion	71
2R	2191770	2191667	Deletion	103
2R	2191722	2191667	Deletion	55
2R	2192576	2192451	Deletion	125
2R	2199789	2199744	Deletion	45
2R	2204275	2204151	Deletion	124
2R	2213642	2213529	Deletion	113
2R	2213642	2213547	Deletion	95
2R	2213642	2213549	Deletion	93
2R	2213642	2213564	Deletion	78
2R	2213642	2213569	Deletion	73
2R	2213642	2213577	Deletion	65
2R	2213642	2213599	Deletion	43
2R	2213642	2213612	Deletion	30
2R	2213778	2213716	Deletion	62
2R	2213750	2213716	Deletion	34
2R	2213814	2213716	Deletion	98
2R	2213813	2213716	Deletion	97
2R	2213770	2213716	Deletion	54
2R	2213748	2213716	Deletion	32
2R	2213765	2213716	Deletion	49
2R	2213800	2213716	Deletion	84
2R	2213839	2213716	Deletion	123
2R	2218583	2218510	Deletion	73
2R	2220211	2220127	Deletion	84
2R	2231689	2231593	Deletion	96
2R	2232144	2232102	Deletion	42
2R	2232132	2232102	Deletion	30
2R	2237490	2237373	Deletion	117
2R	2237968	2237872	Deletion	96
2R	2248831	2248778	Deletion	53
2R	2248878	2248778	Deletion	100
2R	2248846	2248778	Deletion	68
2R	2248901	2248778	Deletion	123
2R	2250866	2250790	Deletion	76
2R	2250866	2250813	Deletion	53
2R	2251074	2250964	Deletion	110
2R	2260385	2260276	Deletion	109
2R	2264771	2264649	Deletion	122
2R	2267276	2267217	Deletion	59
2R	2268625	2268509	Deletion	116
2R	2269472	2269425	Deletion	47
2R	2269491	2269425	Deletion	66
2R	2270273	2270150	Deletion	123
2R	2271631	2271569	Deletion	62
2R	2271780	2271739	Deletion	41
2R	2276088	2276041	Deletion	47
2R	2277974	2277858	Deletion	116
2R	2284841	2284718	Deletion	123
2R	2284826	2284765	Deletion	61
2R	2289651	2289595	Deletion	56
2R	2290516	2290436	Deletion	80
2R	2290788	2290671	Deletion	117
2R	2293319	2293238	Deletion	81
2R	2293635	2293513	Deletion	122
2R	2294080	2293961	Deletion	119
2R	2295933	2295840	Deletion	93
2R	2295933	2295846	Deletion	87
2R	2295933	2295867	Deletion	66
2R	2296856	2296805	Deletion	51
2R	2297715	2297664	Deletion	51
2R	2298000	2297939	Deletion	61
2R	2298061	2297939	Deletion	122
2R	2310302	2310216	Deletion	86
2R	2316969	2316873	Deletion	96
2R	2316969	2316874	Deletion	95
2R	2316969	2316878	Deletion	91
2R	2316969	2316882	Deletion	87
2R	2316969	2316909	Deletion	60
2R	2316969	2316916	Deletion	53
2R	2319648	2319594	Deletion	54
2R	2319647	2319596	Deletion	51
2R	2321329	2321208	Deletion	121
2R	2325287	2325217	Deletion	70
2R	2326936	2326839	Deletion	97
2R	2330760	2330660	Deletion	100
2R	2334538	2334476	Deletion	62
2R	2334753	2334704	Deletion	49
2R	2336586	2336509	Deletion	77
2R	2337806	2337739	Deletion	67
2R	2344424	2344332	Deletion	92
2R	2344423	2344332	Deletion	91
2R	2344841	2344774	Deletion	67
2R	2344890	2344774	Deletion	116
2R	2344806	2344774	Deletion	32
2R	2344886	2344774	Deletion	112
2R	2344805	2344774	Deletion	31
2R	2348750	2348631	Deletion	119
2R	2352702	2352613	Deletion	89
2R	2358462	2358379	Deletion	83
2R	2383906	2383817	Deletion	89
2R	2389541	2389448	Deletion	93
2R	2389764	2389707	Deletion	57
2R	2393655	2393593	Deletion	62
2R	2398384	2398341	Deletion	43
2R	2399022	2398938	Deletion	84
2R	2405432	2405309	Deletion	123
2R	2405432	2405364	Deletion	68
2R	2406041	2406003	Deletion	38
2R	2408672	2408636	Deletion	36
2R	2408676	2408636	Deletion	40
2R	2408710	2408636	Deletion	74
2R	2409498	2409453	Deletion	45
2R	2409998	2409923	Deletion	75
2R	2411363	2411280	Deletion	83
2R	2412408	2412360	Deletion	48
2R	2412625	2412527	Deletion	98
2R	2413800	2413768	Deletion	32
2R	2414207	2414099	Deletion	108
2R	2416268	2416230	Deletion	38
2R	2424125	2424027	Deletion	98
2R	2424125	2424036	Deletion	89
2R	2424751	2424692	Deletion	59
2R	2424803	2424692	Deletion	111
2R	2435288	2435167	Deletion	121
2R	2442153	2442101	Deletion	52
2R	2444290	2444249	Deletion	41
2R	2452987	2452942	Deletion	45
2R	2452987	2452956	Deletion	31
2R	2453429	2453320	Deletion	109
2R	2455481	2455365	Deletion	116
2R	2463012	2462896	Deletion	116
2R	2467391	2467285	Deletion	106
2R	2470461	2470430	Deletion	31
2R	2478172	2478053	Deletion	119
2R	2478172	2478073	Deletion	99
2R	2479231	2479134	Deletion	97
2R	2479245	2479134	Deletion	111
2R	2486952	2486847	Deletion	105
2R	2486953	2486847	Deletion	106
2R	2487792	2487734	Deletion	58
2R	2501001	2500937	Deletion	64
2R	2503084	2502969	Deletion	115
2R	2503754	2503720	Deletion	34
2R	2509479	2509383	Deletion	96
2R	2509479	2509405	Deletion	74
2R	2509479	2509421	Deletion	58
2R	2509479	2509423	Deletion	56
2R	2509479	2509437	Deletion	42
2R	2513948	2513895	Deletion	53
2R	2513980	2513895	Deletion	85
2R	2513964	2513895	Deletion	69
2R	2513966	2513895	Deletion	71
2R	2517243	2517123	Deletion	120
2R	2517243	2517138	Deletion	105
2R	2517243	2517161	Deletion	82
2R	2517243	2517187	Deletion	56
2R	2517243	2517189	Deletion	54
2R	2517243	2517197	Deletion	46
2R	2517243	2517200	Deletion	43
2R	2517342	2517298	Deletion	44
2R	2517368	2517298	Deletion	70
2R	2517370	2517298	Deletion	72
2R	2517381	2517298	Deletion	83
2R	2517378	2517298	Deletion	80
2R	2528446	2528339	Deletion	107
2R	2528446	2528343	Deletion	103
2R	2528446	2528359	Deletion	87
2R	2528446	2528367	Deletion	79
2R	2528446	2528390	Deletion	56
2R	2528446	2528403	Deletion	43
2R	2528446	2528403	Deletion	43
2R	2528446	2528410	Deletion	36
2R	2528597	2528514	Deletion	83
2R	2528604	2528514	Deletion	90
2R	2528582	2528514	Deletion	68
2R	2528597	2528514	Deletion	83
2R	2528553	2528514	Deletion	39
2R	2528611	2528514	Deletion	97
2R	2528561	2528514	Deletion	47
2R	2539343	2539222	Deletion	121
2R	2544791	2544757	Deletion	34
2R	2544956	2544864	Deletion	92
2R	2559166	2559046	Deletion	120
2R	2571399	2571325	Deletion	74
2R	2573118	2573017	Deletion	101
2R	2573129	2573078	Deletion	51
2R	2578161	2578048	Deletion	113
2R	2578161	2578068	Deletion	93
2R	2578161	2578077	Deletion	84
2R	2578222	2578180	Deletion	42
2R	2578389	2578330	Deletion	59
2R	2582458	2582356	Deletion	102
2R	2582473	2582356	Deletion	117
2R	2582398	2582356	Deletion	42
2R	2582389	2582356	Deletion	33
2R	2582459	2582356	Deletion	103
2R	2582621	2582526	Deletion	95
2R	2583801	2583748	Deletion	53
2R	2587048	2586926	Deletion	122
2R	2587048	2586929	Deletion	119
2R	2589022	2588940	Deletion	82
2R	2588991	2588940	Deletion	51
2R	2589058	2588940	Deletion	118
2R	2589052	2588940	Deletion	112
2R	2600613	2600499	Deletion	114
2R	2600613	2600503	Deletion	110
2R	2600613	2600505	Deletion	108
2R	2600613	2600578	Deletion	35
2R	2607067	2606966	Deletion	101
2R	2607067	2607003	Deletion	64
2R	2609889	2609777	Deletion	112
2R	2609871	2609777	Deletion	94
2R	2610425	2610377	Deletion	48
2R	2610425	2610393	Deletion	32
2R	2612610	2612576	Deletion	34
2R	2612630	2612576	Deletion	54
2R	2613315	2613197	Deletion	118
2R	2613753	2613638	Deletion	115
2R	2613753	2613707	Deletion	46
2R	2614277	2614155	Deletion	122
2R	2614236	2614155	Deletion	81
2R	2614262	2614155	Deletion	107
2R	2614726	2614656	Deletion	70
2R	2615038	2614918	Deletion	120
2R	2615038	2614938	Deletion	100
2R	2617084	2616972	Deletion	112
2R	2617815	2617723	Deletion	92
2R	2617800	2617723	Deletion	77
2R	2617872	2617752	Deletion	120
2R	2617872	2617778	Deletion	94
2R	2617872	2617791	Deletion	81
2R	2617996	2617951	Deletion	45
2R	2617983	2617951	Deletion	32
2R	2623683	2623581	Deletion	102
2R	2625638	2625548	Deletion	90
2R	2625626	2625548	Deletion	78
2R	2625658	2625548	Deletion	110
2R	2625661	2625548	Deletion	113
2R	2626345	2626278	Deletion	67
2R	2626398	2626278	Deletion	120
2R	2626427	2626313	Deletion	114
2R	2626427	2626377	Deletion	50
2R	2626598	2626506	Deletion	92
2R	2626582	2626506	Deletion	76
2R	2631651	2631586	Deletion	65
2R	2632238	2632144	Deletion	94
2R	2632238	2632146	Deletion	92
2R	2632238	2632166	Deletion	72
2R	2632238	2632202	Deletion	36
2R	2632940	2632909	Deletion	31
2R	2634223	2634104	Deletion	119
2R	2634198	2634104	Deletion	94
2R	2634136	2634104	Deletion	32
2R	2634983	2634949	Deletion	34
2R	2640616	2640497	Deletion	119
2R	2640616	2640564	Deletion	52
2R	2643978	2643889	Deletion	89
2R	2645284	2645209	Deletion	75
2R	2645319	2645209	Deletion	110
2R	2645314	2645209	Deletion	105
2R	2661204	2661106	Deletion	98
2R	2661204	2661108	Deletion	96
2R	2661204	2661131	Deletion	73
2R	2664482	2664445	Deletion	37
2R	2664493	2664445	Deletion	48
2R	2673403	2673317	Deletion	86
2R	2673368	2673317	Deletion	51
2R	2673379	2673317	Deletion	62
2R	2673430	2673317	Deletion	113
2R	2673398	2673317	Deletion	81
2R	2673436	2673317	Deletion	119
2R	2674148	2674036	Deletion	112
2R	2680441	2680320	Deletion	121
2R	2680441	2680354	Deletion	87
2R	2680441	2680360	Deletion	81
2R	2680441	2680369	Deletion	72
2R	2680441	2680376	Deletion	65
2R	2680441	2680379	Deletion	62
2R	2680441	2680386	Deletion	55
2R	2680441	2680391	Deletion	50
2R	2681411	2681366	Deletion	45
2R	2681464	2681366	Deletion	98
2R	2681405	2681366	Deletion	39
2R	2681430	2681366	Deletion	64
2R	2681471	2681366	Deletion	105
2R	2681420	2681366	Deletion	54
2R	2681427	2681366	Deletion	61
2R	2681442	2681366	Deletion	76
2R	2681437	2681366	Deletion	71
2R	2681478	2681366	Deletion	112
2R	2685091	2684977	Deletion	114
2R	2685091	2684997	Deletion	94
2R	2685091	2685010	Deletion	81
2R	2685091	2685027	Deletion	64
2R	2687143	2687111	Deletion	32
2R	2687173	2687111	Deletion	62
2R	2687229	2687111	Deletion	118
2R	2687156	2687111	Deletion	45
2R	2687298	2687181	Deletion	117
2R	2697142	2697019	Deletion	123
2R	2700913	2700854	Deletion	59
2R	2700903	2700854	Deletion	49
2R	2701638	2701548	Deletion	90
2R	2702523	2702400	Deletion	123
2R	2714873	2714764	Deletion	109
2R	2715318	2715252	Deletion	66
2R	2715368	2715252	Deletion	116
2R	2716933	2716816	Deletion	117
2R	2716879	2716816	Deletion	63
2R	2721097	2721036	Deletion	61
2R	2721890	2721768	Deletion	122
2R	2722969	2722906	Deletion	63
2R	2722969	2722915	Deletion	54
2R	2723143	2723040	Deletion	103
2R	2723112	2723040	Deletion	72
2R	2731088	2730988	Deletion	100
2R	2731088	2731009	Deletion	79
2R	2731088	2731023	Deletion	65
2R	2731088	2731031	Deletion	57
2R	2732464	2732403	Deletion	61
2R	2735069	2734946	Deletion	123
2R	2735231	2735109	Deletion	122
2R	2737098	2737051	Deletion	47
2R	2737160	2737051	Deletion	109
2R	2737120	2737051	Deletion	69
2R	2737164	2737051	Deletion	113
2R	2753426	2753393	Deletion	33
2R	2756129	2756025	Deletion	104
2R	2758289	2758183	Deletion	106
2R	2761109	2761018	Deletion	91
2R	2762004	2761940	Deletion	64
2R	2767016	2766959	Deletion	57
2R	2767122	2767014	Deletion	108
2R	2769196	2769099	Deletion	97
2R	2769196	2769118	Deletion	78
2R	2769196	2769139	Deletion	57
2R	2769196	2769141	Deletion	55
2R	2769196	2769164	Deletion	32
2R	2781187	2781118	Deletion	69
2R	2781166	2781118	Deletion	48
2R	2781228	2781118	Deletion	110
2R	2781212	2781118	Deletion	94
2R	2781189	2781118	Deletion	71
2R	2782228	2782116	Deletion	112
2R	2782228	2782146	Deletion	82
2R	2782228	2782151	Deletion	77
2R	2782228	2782151	Deletion	77
2R	2782228	2782171	Deletion	57
2R	2800018	2799934	Deletion	84
2R	2800018	2799977	Deletion	41
2R	2800260	2800217	Deletion	43
2R	2800303	2800220	Deletion	83
2R	2804805	2804718	Deletion	87
2R	2807713	2807617	Deletion	96
2R	2809059	2808958	Deletion	101
2R	2809070	2808958	Deletion	112
2R	2812597	2812507	Deletion	90
2R	2813587	2813536	Deletion	51
2R	2813607	2813536	Deletion	71
2R	2813715	2813606	Deletion	109
2R	2813715	2813629	Deletion	86
2R	2814546	2814497	Deletion	49
2R	2815452	2815389	Deletion	63
2R	2815433	2815389	Deletion	44
2R	2816480	2816359	Deletion	121
2R	2819940	2819904	Deletion	36
2R	2820019	2819904	Deletion	115
2R	2820781	2820734	Deletion	47
2R	2831431	2831310	Deletion	121
2R	2831431	2831346	Deletion	85
2R	2831431	2831354	Deletion	77
2R	2831431	2831362	Deletion	69
2R	2831431	2831363	Deletion	68
2R	2834943	2834842	Deletion	101
2R	2837320	2837258	Deletion	62
2R	2839568	2839480	Deletion	88
2R	2839823	2839739	Deletion	84
2R	2840875	2840809	Deletion	66
2R	2840875	2840834	Deletion	41
2R	2844448	2844350	Deletion	98
2R	2844423	2844350	Deletion	73
2R	2844463	2844350	Deletion	113
2R	2848328	2848204	Deletion	124
2R	2857349	2857244	Deletion	105
2R	2870747	2870674	Deletion	73
2R	2870747	2870697	Deletion	50
2R	2871312	2871189	Deletion	123
2R	2882008	2881884	Deletion	124
2R	2882008	2881886	Deletion	122
2R	2882008	2881888	Deletion	120
2R	2882008	2881891	Deletion	117
2R	2882008	2881911	Deletion	97
2R	2882008	2881915	Deletion	93
2R	2882008	2881927	Deletion	81
2R	2882008	2881927	Deletion	81
2R	2882008	2881934	Deletion	74
2R	2882003	2881934	Deletion	69
2R	2882008	2881949	Deletion	59
2R	2882008	2881955	Deletion	53
2R	2882008	2881968	Deletion	40
2R	2886913	2886883	Deletion	30
2R	2886929	2886883	Deletion	46
2R	2886929	2886883	Deletion	46
2R	2886957	2886883	Deletion	74
2R	2886970	2886883	Deletion	87
2R	2887002	2886883	Deletion	119
2R	2886917	2886883	Deletion	34
2R	2886936	2886883	Deletion	53
2R	2886936	2886883	Deletion	53
2R	2886951	2886883	Deletion	68
2R	2889912	2889789	Deletion	123
2R	2894571	2894443	Deletion	128
2R	2896778	2896670	Deletion	108
2R	2902737	2902615	Deletion	122
2R	2905881	2905811	Deletion	70
2R	2905956	2905842	Deletion	114
2R	2908396	2908301	Deletion	95
2R	2908589	2908493	Deletion	96
2R	2908607	2908493	Deletion	114
2R	2911101	2910997	Deletion	104
2R	2911311	2911253	Deletion	58
2R	2911825	2911778	Deletion	47
2R	2914670	2914547	Deletion	123
2R	2914670	2914560	Deletion	110
2R	2914670	2914571	Deletion	99
2R	2914670	2914575	Deletion	95
2R	2914670	2914582	Deletion	88
2R	2914670	2914584	Deletion	86
2R	2914670	2914610	Deletion	60
2R	2914869	2914748	Deletion	121
2R	2914810	2914748	Deletion	62
2R	2914799	2914748	Deletion	51
2R	2914856	2914748	Deletion	108
2R	2914812	2914748	Deletion	64
2R	2914804	2914748	Deletion	56
2R	2914817	2914748	Deletion	69
2R	2914779	2914748	Deletion	31
2R	2914786	2914748	Deletion	38
2R	2914814	2914748	Deletion	66
2R	2943944	2943868	Deletion	76
2R	2954337	2954215	Deletion	122
2R	2954316	2954215	Deletion	101
2R	2954265	2954215	Deletion	50
2R	2954335	2954215	Deletion	120
2R	2954433	2954334	Deletion	99
2R	2954433	2954338	Deletion	95
2R	2954433	2954355	Deletion	78
2R	2954433	2954400	Deletion	33
2R	2954993	2954941	Deletion	52
2R	2954976	2954941	Deletion	35
2R	2954972	2954941	Deletion	31
2R	2955038	2954941	Deletion	97
2R	2956124	2956082	Deletion	42
2R	2958106	2957982	Deletion	124
2R	2958106	2957990	Deletion	116
2R	2958106	2958046	Deletion	60
2R	2958106	2958061	Deletion	45
2R	2966285	2966203	Deletion	82
2R	2966270	2966203	Deletion	67
2R	2968331	2968221	Deletion	110
2R	2968331	2968242	Deletion	89
2R	2968331	2968264	Deletion	67
2R	2968331	2968269	Deletion	62
2R	2968331	2968277	Deletion	54
2R	2968331	2968285	Deletion	46
2R	2968454	2968393	Deletion	61
2R	2968467	2968393	Deletion	74
2R	2968459	2968393	Deletion	66
2R	2968475	2968393	Deletion	82
2R	2968432	2968393	Deletion	39
2R	2985475	2985374	Deletion	101
2R	2988654	2988616	Deletion	38
2R	2994911	2994799	Deletion	112
2R	2994911	2994802	Deletion	109
2R	2994911	2994849	Deletion	62
2R	2994911	2994867	Deletion	44
2R	2997893	2997796	Deletion	97
2R	2998870	2998768	Deletion	102
2R	2998886	2998768	Deletion	118
2R	2999331	2999212	Deletion	119
2R	3001100	3000979	Deletion	121
2R	3002097	3001999	Deletion	98
2R	3002982	3002922	Deletion	60
2R	3006819	3006696	Deletion	123
2R	3025365	3025331	Deletion	34
2R	3025376	3025331	Deletion	45
2R	3035758	3035715	Deletion	43
2R	3039980	3039916	Deletion	64
2R	3039980	3039923	Deletion	57
2R	3040098	3040058	Deletion	40
2R	3049932	3049849	Deletion	83
2R	3055095	3054993	Deletion	102
2R	3055095	3054998	Deletion	97
2R	3056155	3056034	Deletion	121
2R	3056142	3056034	Deletion	108
2R	3056138	3056034	Deletion	104
2R	3056112	3056034	Deletion	78
2R	3057527	3057481	Deletion	46
2R	3059665	3059592	Deletion	73
2R	3059665	3059615	Deletion	50
2R	3064557	3064475	Deletion	82
2R	3064551	3064475	Deletion	76
2R	3064594	3064475	Deletion	119
2R	3064528	3064475	Deletion	53
2R	3064513	3064475	Deletion	38
2R	3064538	3064475	Deletion	63
2R	3066068	3065977	Deletion	91
2R	3066068	3066002	Deletion	66
2R	3066068	3066010	Deletion	58
2R	3066068	3066031	Deletion	37
2R	3066068	3066037	Deletion	31
2R	3067506	3067411	Deletion	95
2R	3067500	3067411	Deletion	89
2R	3067479	3067411	Deletion	68
2R	3067446	3067411	Deletion	35
2R	3067471	3067411	Deletion	60
2R	3068910	3068786	Deletion	124
2R	3068910	3068803	Deletion	107
2R	3068910	3068827	Deletion	83
2R	3068910	3068845	Deletion	65
2R	3068906	3068850	Deletion	56
2R	3068910	3068857	Deletion	53
2R	3074822	3074781	Deletion	41
2R	3080970	3080899	Deletion	71
2R	3085926	3085858	Deletion	68
2R	3092438	3092375	Deletion	63
2R	3092420	3092375	Deletion	45
2R	3092450	3092375	Deletion	75
2R	3092443	3092375	Deletion	68
2R	3095250	3095132	Deletion	118
2R	3095250	3095170	Deletion	80
2R	3095250	3095175	Deletion	75
2R	3095250	3095194	Deletion	56
2R	3098205	3098152	Deletion	53
2R	3098224	3098152	Deletion	72
2R	3098252	3098152	Deletion	100
2R	3098200	3098152	Deletion	48
2R	3102614	3102566	Deletion	48
2R	3108500	3108377	Deletion	123
2R	3108500	3108405	Deletion	95
2R	3108500	3108455	Deletion	45
2R	3108662	3108580	Deletion	82
2R	3108612	3108580	Deletion	32
2R	3119988	3119864	Deletion	124
2R	3123191	3123098	Deletion	93
2R	3123191	3123112	Deletion	79
2R	3123191	3123123	Deletion	68
2R	3123191	3123142	Deletion	49
2R	3123191	3123156	Deletion	35
2R	3123191	3123161	Deletion	30
2R	3123595	3123502	Deletion	93
2R	3123551	3123502	Deletion	49
2R	3123581	3123502	Deletion	79
2R	3123562	3123502	Deletion	60
2R	3123604	3123502	Deletion	102
2R	3123537	3123502	Deletion	35
2R	3123600	3123502	Deletion	98
2R	3127230	3127109	Deletion	121
2R	3127230	3127120	Deletion	110
2R	3127230	3127128	Deletion	102
2R	3127230	3127130	Deletion	100
2R	3127230	3127132	Deletion	98
2R	3127230	3127142	Deletion	88
2R	3130736	3130640	Deletion	96
2R	3131137	3131019	Deletion	118
2R	3131137	3131033	Deletion	104
2R	3131137	3131041	Deletion	96
2R	3131137	3131061	Deletion	76
2R	3131137	3131084	Deletion	53
2R	3148129	3148032	Deletion	97
2R	3148119	3148032	Deletion	87
2R	3148062	3148032	Deletion	30
2R	3149780	3149685	Deletion	95
2R	3149780	3149698	Deletion	82
2R	3149780	3149714	Deletion	66
2R	3151206	3151176	Deletion	30
2R	3157773	3157741	Deletion	32
2R	3157823	3157741	Deletion	82
2R	3157845	3157741	Deletion	104
2R	3157802	3157741	Deletion	61
2R	3157853	3157741	Deletion	112
2R	3157786	3157741	Deletion	45
2R	3157857	3157741	Deletion	116
2R	3164440	3164318	Deletion	122
2R	3164440	3164329	Deletion	111
2R	3164440	3164352	Deletion	88
2R	3164440	3164374	Deletion	66
2R	3164440	3164385	Deletion	55
2R	3164440	3164406	Deletion	34
2R	3175444	3175348	Deletion	96
2R	3175444	3175358	Deletion	86
2R	3181126	3181086	Deletion	40
2R	3181198	3181086	Deletion	112
2R	3181116	3181086	Deletion	30
2R	3181201	3181086	Deletion	115
2R	3181948	3181857	Deletion	91
2R	3181948	3181863	Deletion	85
2R	3181948	3181880	Deletion	68
2R	3181948	3181898	Deletion	50
2R	3181948	3181907	Deletion	41
2R	3182101	3182065	Deletion	36
2R	3182107	3182065	Deletion	42
2R	3182151	3182065	Deletion	86
2R	3182142	3182065	Deletion	77
2R	3182124	3182065	Deletion	59
2R	3188318	3188195	Deletion	123
2R	3188318	3188244	Deletion	74
2R	3188318	3188271	Deletion	47
2R	3188318	3188272	Deletion	46
2R	3188543	3188461	Deletion	82
2R	3188542	3188461	Deletion	81
2R	3188515	3188461	Deletion	54
2R	3189769	3189664	Deletion	105
2R	3189769	3189716	Deletion	53
2R	3199127	3199065	Deletion	62
2R	3210784	3210700	Deletion	84
2R	3210784	3210716	Deletion	68
2R	3214298	3214205	Deletion	93
2R	3214279	3214205	Deletion	74
2R	3214315	3214205	Deletion	110
2R	3216006	3215891	Deletion	115
2R	3216387	3216284	Deletion	103
2R	3216394	3216284	Deletion	110
2R	3216357	3216284	Deletion	73
2R	3218994	3218884	Deletion	110
2R	3218994	3218886	Deletion	108
2R	3218994	3218953	Deletion	41
2R	3220574	3220479	Deletion	95
2R	3220554	3220479	Deletion	75
2R	3222412	3222302	Deletion	110
2R	3222367	3222302	Deletion	65
2R	3228075	3228017	Deletion	58
2R	3230273	3230175	Deletion	98
2R	3230628	3230508	Deletion	120
2R	3231667	3231576	Deletion	91
2R	3238135	3238066	Deletion	69
2R	3238170	3238066	Deletion	104
2R	3246825	3246755	Deletion	70
2R	3246863	3246755	Deletion	108
2R	3247330	3247287	Deletion	43
2R	3248376	3248258	Deletion	118
2R	3251098	3251006	Deletion	92
2R	3251098	3251034	Deletion	64
2R	3251792	3251713	Deletion	79
2R	3251792	3251729	Deletion	63
2R	3251792	3251735	Deletion	57
2R	3251999	3251881	Deletion	118
2R	3256114	3256080	Deletion	34
2R	3257573	3257520	Deletion	53
2R	3261384	3261265	Deletion	119
2R	3272061	3271947	Deletion	114
2R	3274942	3274871	Deletion	71
2R	3274958	3274871	Deletion	87
2R	3278857	3278808	Deletion	49
2R	3281708	3281608	Deletion	100
2R	3284427	3284368	Deletion	59
2R	3284476	3284368	Deletion	108
2R	3284482	3284368	Deletion	114
2R	3286117	3286065	Deletion	52
2R	3286146	3286065	Deletion	81
2R	3286286	3286168	Deletion	118
2R	3286286	3286176	Deletion	110
2R	3286286	3286188	Deletion	98
2R	3286286	3286193	Deletion	93
2R	3286286	3286199	Deletion	87
2R	3286286	3286206	Deletion	80
2R	3286286	3286207	Deletion	79
2R	3286286	3286214	Deletion	72
2R	3286286	3286223	Deletion	63
2R	3294300	3294260	Deletion	40
2R	3294315	3294260	Deletion	55
2R	3294324	3294260	Deletion	64
2R	3294374	3294260	Deletion	114
2R	3294294	3294260	Deletion	34
2R	3294308	3294260	Deletion	48
2R	3294307	3294260	Deletion	47
2R	3298314	3298191	Deletion	123
2R	3298629	3298594	Deletion	35
2R	3298717	3298594	Deletion	123
2R	3298693	3298594	Deletion	99
2R	3298714	3298594	Deletion	120
2R	3298837	3298716	Deletion	121
2R	3306000	3305899	Deletion	101
2R	3306759	3306721	Deletion	38
2R	3306934	3306861	Deletion	73
2R	3307298	3307212	Deletion	86
2R	3311051	3310968	Deletion	83
2R	3311159	3311058	Deletion	101
2R	3315508	3315474	Deletion	34
2R	3315546	3315474	Deletion	72
2R	3319659	3319598	Deletion	61
2R	3319993	3319939	Deletion	54
2R	3320039	3319939	Deletion	100
2R	3320992	3320960	Deletion	32
2R	3322071	3321949	Deletion	122
2R	3336621	3336586	Deletion	35
2R	3340698	3340576	Deletion	122
2R	3353300	3353243	Deletion	57
2R	3354273	3354203	Deletion	70
2R	3356519	3356414	Deletion	105
2R	3356854	3356733	Deletion	121
2R	3357327	3357287	Deletion	40
2R	3360263	3360146	Deletion	117
2R	3361558	3361483	Deletion	75
2R	3361558	3361493	Deletion	65
2R	3361889	3361838	Deletion	51
2R	3361929	3361838	Deletion	91
2R	3361910	3361838	Deletion	72
2R	3375833	3375779	Deletion	54
2R	3375871	3375779	Deletion	92
2R	3375881	3375779	Deletion	102
2R	3375880	3375779	Deletion	101
2R	3385572	3385460	Deletion	112
2R	3385572	3385468	Deletion	104
2R	3385572	3385473	Deletion	99
2R	3385743	3385621	Deletion	122
2R	3385869	3385752	Deletion	117
2R	3386702	3386628	Deletion	74
2R	3387432	3387359	Deletion	73
2R	3388301	3388191	Deletion	110
2R	3392829	3392715	Deletion	114
2R	3397125	3397094	Deletion	31
2R	3398838	3398722	Deletion	116
2R	3401899	3401861	Deletion	38
2R	3406322	3406265	Deletion	57
2R	3406504	3406388	Deletion	116
2R	3409765	3409717	Deletion	48
2R	3409823	3409717	Deletion	106
2R	3413166	3413047	Deletion	119
2R	3419488	3419379	Deletion	109
2R	3419672	3419554	Deletion	118
2R	3419662	3419554	Deletion	108
2R	3421556	3421513	Deletion	43
2R	3421761	3421724	Deletion	37
2R	3425992	3425958	Deletion	34
2R	3426169	3426058	Deletion	111
2R	3426180	3426058	Deletion	122
2R	3428156	3428067	Deletion	89
2R	3428709	3428635	Deletion	74
2R	3432483	3432389	Deletion	94
2R	3440985	3440881	Deletion	104
2R	3441161	3441040	Deletion	121
2R	3441414	3441362	Deletion	52
2R	3441561	3441464	Deletion	97
2R	3441565	3441464	Deletion	101
2R	3443417	3443293	Deletion	124
2R	3445152	3445072	Deletion	80
2R	3445152	3445108	Deletion	44
2R	3445302	3445218	Deletion	84
2R	3445289	3445218	Deletion	71
2R	3466479	3466362	Deletion	117
2R	3466479	3466379	Deletion	100
2R	3466479	3466380	Deletion	99
2R	3466479	3466388	Deletion	91
2R	3466479	3466390	Deletion	89
2R	3466479	3466404	Deletion	75
2R	3466479	3466415	Deletion	64
2R	3466479	3466423	Deletion	56
2R	3466478	3466438	Deletion	40
2R	3468344	3468257	Deletion	87
2R	3468321	3468259	Deletion	62
2R	3468368	3468259	Deletion	109
2R	3468329	3468259	Deletion	70
2R	3468360	3468259	Deletion	101
2R	3468310	3468259	Deletion	51
2R	3468296	3468260	Deletion	36
2R	3473412	3473291	Deletion	121
2R	3473452	3473389	Deletion	63
2R	3485477	3485410	Deletion	67
2R	3485469	3485410	Deletion	59
2R	3485454	3485410	Deletion	44
2R	3486293	3486218	Deletion	75
2R	3486392	3486314	Deletion	78
2R	3487741	3487618	Deletion	123
2R	3487741	3487661	Deletion	80
2R	3493173	3493051	Deletion	122
2R	3498610	3498488	Deletion	122
2R	3498610	3498492	Deletion	118
2R	3498610	3498515	Deletion	95
2R	3498610	3498539	Deletion	71
2R	3498610	3498540	Deletion	70
2R	3500030	3499976	Deletion	54
2R	3501189	3501073	Deletion	116
2R	3501169	3501109	Deletion	60
2R	3505166	3505048	Deletion	118
2R	3505166	3505087	Deletion	79
2R	3505166	3505102	Deletion	64
2R	3506577	3506539	Deletion	38
2R	3507418	3507384	Deletion	34
2R	3508369	3508247	Deletion	122
2R	3508294	3508247	Deletion	47
2R	3513305	3513220	Deletion	85
2R	3519833	3519774	Deletion	59
2R	3521123	3521048	Deletion	75
2R	3527318	3527261	Deletion	57
2R	3530844	3530804	Deletion	40
2R	3533178	3533075	Deletion	103
2R	3535824	3535712	Deletion	112
2R	3535824	3535741	Deletion	83
2R	3536135	3536057	Deletion	78
2R	3536103	3536057	Deletion	46
2R	3536109	3536057	Deletion	52
2R	3536115	3536057	Deletion	58
2R	3536110	3536057	Deletion	53
2R	3536139	3536057	Deletion	82
2R	3536158	3536057	Deletion	101
2R	3536164	3536057	Deletion	107
2R	3537563	3537483	Deletion	80
2R	3540443	3540367	Deletion	76
2R	3549680	3549644	Deletion	36
2R	3554280	3554175	Deletion	105
2R	3554280	3554175	Deletion	105
2R	3554280	3554243	Deletion	37
2R	3558297	3558219	Deletion	78
2R	3558310	3558219	Deletion	91
2R	3560576	3560502	Deletion	74
2R	3562451	3562361	Deletion	90
2R	3569822	3569770	Deletion	52
2R	3569892	3569770	Deletion	122
2R	3572094	3572061	Deletion	33
2R	3572128	3572061	Deletion	67
2R	3572095	3572061	Deletion	34
2R	3576433	3576319	Deletion	114
2R	3576433	3576321	Deletion	112
2R	3576433	3576372	Deletion	61
2R	3576433	3576382	Deletion	51
2R	3576433	3576386	Deletion	47
2R	3584867	3584761	Deletion	106
2R	3584840	3584761	Deletion	79
2R	3584826	3584761	Deletion	65
2R	3584836	3584761	Deletion	75
2R	3594367	3594247	Deletion	120
2R	3594367	3594261	Deletion	106
2R	3594367	3594277	Deletion	90
2R	3594530	3594420	Deletion	110
2R	3594458	3594420	Deletion	38
2R	3601014	3600892	Deletion	122
2R	3602406	3602309	Deletion	97
2R	3608274	3608152	Deletion	122
2R	3608274	3608193	Deletion	81
2R	3608274	3608214	Deletion	60
2R	3608564	3608517	Deletion	47
2R	3608554	3608519	Deletion	35
2R	3613489	3613388	Deletion	101
2R	3616409	3616364	Deletion	45
2R	3616436	3616364	Deletion	72
2R	3616464	3616364	Deletion	100
2R	3616403	3616364	Deletion	39
2R	3616430	3616364	Deletion	66
2R	3619352	3619329	Deletion	23
2R	3619721	3619655	Deletion	66
2R	3619778	3619725	Deletion	53
2R	3620092	3620044	Deletion	48
2R	3622812	3622726	Deletion	86
2R	3623400	3623298	Deletion	102
2R	3624001	3623909	Deletion	92
2R	3627897	3627774	Deletion	123
2R	3630729	3630612	Deletion	117
2R	3632298	3632188	Deletion	110
2R	3632226	3632188	Deletion	38
2R	3632246	3632188	Deletion	58
2R	3643296	3643184	Deletion	112
2R	3643296	3643189	Deletion	107
2R	3643296	3643205	Deletion	91
2R	3643475	3643374	Deletion	101
2R	3643482	3643374	Deletion	108
2R	3643415	3643374	Deletion	41
2R	3650160	3650110	Deletion	50
2R	3650486	3650365	Deletion	121
2R	3650486	3650376	Deletion	110
2R	3650486	3650397	Deletion	89
2R	3650486	3650403	Deletion	83
2R	3650486	3650417	Deletion	69
2R	3650486	3650441	Deletion	45
2R	3650486	3650446	Deletion	40
2R	3653736	3653627	Deletion	109
2R	3653729	3653627	Deletion	102
2R	3656137	3656060	Deletion	77
2R	3656831	3656756	Deletion	75
2R	3656831	3656792	Deletion	39
2R	3657046	3656931	Deletion	115
2R	3656968	3656931	Deletion	37
2R	3657050	3656931	Deletion	119
2R	3657267	3657186	Deletion	81
2R	3659105	3659009	Deletion	96
2R	3659110	3659009	Deletion	101
2R	3662252	3662130	Deletion	122
2R	3662682	3662618	Deletion	64
2R	3672267	3672162	Deletion	105
2R	3672267	3672181	Deletion	86
2R	3672267	3672192	Deletion	75
2R	3672381	3672345	Deletion	36
2R	3672397	3672345	Deletion	52
2R	3679255	3679136	Deletion	119
2R	3679442	3679391	Deletion	51
2R	3679510	3679391	Deletion	119
2R	3686768	3686713	Deletion	55
2R	3688326	3688257	Deletion	69
2R	3688729	3688679	Deletion	50
2R	3691490	3691448	Deletion	42
2R	3691935	3691848	Deletion	87
2R	3691962	3691848	Deletion	114
2R	3694039	3693959	Deletion	80
2R	3694039	3693960	Deletion	79
2R	3694039	3693992	Deletion	47
2R	3694039	3693997	Deletion	42
2R	3694038	3694007	Deletion	31
2R	3695349	3695302	Deletion	47
2R	3697335	3697251	Deletion	84
2R	3697334	3697272	Deletion	62
2R	3697805	3697753	Deletion	52
2R	3698880	3698831	Deletion	49
2R	3700375	3700288	Deletion	87
2R	3700399	3700292	Deletion	107
2R	3701219	3701177	Deletion	42
2R	3712901	3712855	Deletion	46
2R	3724880	3724768	Deletion	112
2R	3724838	3724768	Deletion	70
2R	3726192	3726110	Deletion	82
2R	3729957	3729847	Deletion	110
2R	3731400	3731343	Deletion	57
2R	3743904	3743800	Deletion	104
2R	3745122	3745083	Deletion	39
2R	3745159	3745114	Deletion	45
2R	3745353	3745237	Deletion	116
2R	3745353	3745243	Deletion	110
2R	3745353	3745267	Deletion	86
2R	3745353	3745271	Deletion	82
2R	3750433	3750342	Deletion	91
2R	3750433	3750386	Deletion	47
2R	3750495	3750425	Deletion	70
2R	3750664	3750550	Deletion	114
2R	3750664	3750585	Deletion	79
2R	3750664	3750608	Deletion	56
2R	3752834	3752772	Deletion	62
2R	3754354	3754241	Deletion	113
2R	3754312	3754241	Deletion	71
2R	3754350	3754241	Deletion	109
2R	3754311	3754241	Deletion	70
2R	3758346	3758245	Deletion	101
2R	3759567	3759452	Deletion	115
2R	3759567	3759471	Deletion	96
2R	3759567	3759504	Deletion	63
2R	3759567	3759534	Deletion	33
2R	3759746	3759667	Deletion	79
2R	3759787	3759667	Deletion	120
2R	3759749	3759672	Deletion	77
2R	3759841	3759791	Deletion	50
2R	3760460	3760423	Deletion	37
2R	3760475	3760423	Deletion	52
2R	3760500	3760423	Deletion	77
2R	3762551	3762447	Deletion	104
2R	3762551	3762464	Deletion	87
2R	3762699	3762609	Deletion	90
2R	3762727	3762609	Deletion	118
2R	3762688	3762609	Deletion	79
2R	3763274	3763216	Deletion	58
2R	3763282	3763216	Deletion	66
2R	3763419	3763326	Deletion	93
2R	3767158	3767076	Deletion	82
2R	3771960	3771877	Deletion	83
2R	3772556	3772461	Deletion	95
2R	3772556	3772464	Deletion	92
2R	3772556	3772497	Deletion	59
2R	3772556	3772508	Deletion	48
2R	3772831	3772762	Deletion	69
2R	3772936	3772841	Deletion	95
2R	3772936	3772842	Deletion	94
2R	3772936	3772846	Deletion	90
2R	3773551	3773518	Deletion	33
2R	3775812	3775723	Deletion	89
2R	3780597	3780526	Deletion	71
2R	3784219	3784187	Deletion	32
2R	3786300	3786245	Deletion	55
2R	3786300	3786257	Deletion	43
2R	3790316	3790256	Deletion	60
2R	3791080	3791003	Deletion	77
2R	3793434	3793356	Deletion	78
2R	3793466	3793356	Deletion	110
2R	3793468	3793356	Deletion	112
2R	3793423	3793360	Deletion	63
2R	3794241	3794201	Deletion	40
2R	3794970	3794932	Deletion	38
2R	3797126	3797041	Deletion	85
2R	3797129	3797041	Deletion	88
2R	3797154	3797041	Deletion	113
2R	3798482	3798376	Deletion	106
2R	3798550	3798443	Deletion	107
2R	3799244	3799132	Deletion	112
2R	3799291	3799213	Deletion	78
2R	3799792	3799733	Deletion	59
2R	3799781	3799733	Deletion	48
2R	3799815	3799733	Deletion	82
2R	3801285	3801249	Deletion	36
2R	3803226	3803134	Deletion	92
2R	3804812	3804729	Deletion	83
2R	3809310	3809190	Deletion	120
2R	3810789	3810668	Deletion	121
2R	3813042	3812984	Deletion	58
2R	3813051	3812984	Deletion	67
2R	3819480	3819371	Deletion	109
2R	3819480	3819412	Deletion	68
2R	3827689	3827610	Deletion	79
2R	3828631	3828580	Deletion	51
2R	3828964	3828933	Deletion	31
2R	3831079	3831048	Deletion	31
2R	3833890	3833779	Deletion	111
2R	3833890	3833785	Deletion	105
2R	3834301	3834192	Deletion	109
2R	3834302	3834192	Deletion	110
2R	3834303	3834192	Deletion	111
2R	3834268	3834192	Deletion	76
2R	3834257	3834192	Deletion	65
2R	3835532	3835471	Deletion	61
2R	3835532	3835484	Deletion	48
2R	3838157	3838035	Deletion	122
2R	3838148	3838074	Deletion	74
2R	3840662	3840621	Deletion	41
2R	3841551	3841495	Deletion	56
2R	3844364	3844302	Deletion	62
2R	3846325	3846246	Deletion	79
2R	3846325	3846272	Deletion	53
2R	3846920	3846881	Deletion	39
2R	3848327	3848241	Deletion	86
2R	3848355	3848241	Deletion	114
2R	3850813	3850722	Deletion	91
2R	3851702	3851601	Deletion	101
2R	3853613	3853497	Deletion	116
2R	3854883	3854820	Deletion	63
2R	3854932	3854820	Deletion	112
2R	3854881	3854820	Deletion	61
2R	3854906	3854820	Deletion	86
2R	3858358	3858238	Deletion	120
2R	3858450	3858414	Deletion	36
2R	3863266	3863159	Deletion	107
2R	3864349	3864285	Deletion	64
2R	3865907	3865804	Deletion	103
2R	3870759	3870640	Deletion	119
2R	3870707	3870640	Deletion	67
2R	3870693	3870640	Deletion	53
2R	3870755	3870640	Deletion	115
2R	3870760	3870640	Deletion	120
2R	3870748	3870640	Deletion	108
2R	3873040	3873007	Deletion	33
2R	3875775	3875654	Deletion	121
2R	3875775	3875664	Deletion	111
2R	3875775	3875688	Deletion	87
2R	3875775	3875721	Deletion	54
2R	3880659	3880557	Deletion	102
2R	3880678	3880557	Deletion	121
2R	3880661	3880557	Deletion	104
2R	3880629	3880557	Deletion	72
2R	3880596	3880557	Deletion	39
2R	3886018	3885956	Deletion	62
2R	3891433	3891323	Deletion	110
2R	3891433	3891330	Deletion	103
2R	3891434	3891374	Deletion	60
2R	3893805	3893703	Deletion	102
2R	3893749	3893703	Deletion	46
2R	3894880	3894801	Deletion	79
2R	3897201	3897150	Deletion	51
2R	3897198	3897150	Deletion	48
2R	3897217	3897151	Deletion	66
2R	3901408	3901305	Deletion	103
2R	3901408	3901314	Deletion	94
2R	3901408	3901341	Deletion	67
2R	3901901	3901867	Deletion	34
2R	3901987	3901867	Deletion	120
2R	3901928	3901867	Deletion	61
2R	3911594	3911472	Deletion	122
2R	3913381	3913335	Deletion	46
2R	3928522	3928413	Deletion	109
2R	3928522	3928485	Deletion	37
2R	3928522	3928486	Deletion	36
2R	3928664	3928574	Deletion	90
2R	3928665	3928574	Deletion	91
2R	3928675	3928574	Deletion	101
2R	3930112	3929993	Deletion	119
2R	3930112	3930059	Deletion	53
2R	3930112	3930068	Deletion	44
2R	3930112	3930075	Deletion	37
2R	3931506	3931403	Deletion	103
2R	3931486	3931403	Deletion	83
2R	3931477	3931403	Deletion	74
2R	3931493	3931403	Deletion	90
2R	3942051	3941933	Deletion	118
2R	3942051	3941941	Deletion	110
2R	3942051	3941942	Deletion	109
2R	3942051	3941944	Deletion	107
2R	3942051	3941956	Deletion	95
2R	3942051	3941961	Deletion	90
2R	3942051	3941970	Deletion	81
2R	3942051	3941984	Deletion	67
2R	3942051	3941987	Deletion	64
2R	3942051	3941991	Deletion	60
2R	3944395	3944350	Deletion	45
2R	3953704	3953584	Deletion	120
2R	3954266	3954218	Deletion	48
2R	3956001	3955879	Deletion	122
2R	3965648	3965582	Deletion	66
2R	3966600	3966484	Deletion	116
2R	3966600	3966494	Deletion	106
2R	3967221	3967114	Deletion	107
2R	3970891	3970861	Deletion	30
2R	3971907	3971817	Deletion	90
2R	3976081	3976001	Deletion	80
2R	3978706	3978647	Deletion	59
2R	3983840	3983762	Deletion	78
2R	3987084	3986968	Deletion	116
2R	3990658	3990537	Deletion	121
2R	3991132	3991070	Deletion	62
2R	3991101	3991070	Deletion	31
2R	3992088	3992042	Deletion	46
2R	3995280	3995244	Deletion	36
2R	4001890	4001806	Deletion	84
2R	4001890	4001819	Deletion	71
2R	4001890	4001829	Deletion	61
2R	4002069	4002026	Deletion	43
2R	4002092	4002026	Deletion	66
2R	4002082	4002026	Deletion	56
2R	4021090	4021007	Deletion	83
2R	4025072	4024974	Deletion	98
2R	4025072	4025025	Deletion	47
2R	4025072	4025035	Deletion	37
2R	4025072	4025035	Deletion	37
2R	4025072	4025039	Deletion	33
2R	4025203	4025123	Deletion	80
2R	4025237	4025123	Deletion	114
2R	4025221	4025123	Deletion	98
2R	4025244	4025123	Deletion	121
2R	4025213	4025123	Deletion	90
2R	4025213	4025123	Deletion	90
2R	4025232	4025123	Deletion	109
2R	4025217	4025123	Deletion	94
2R	4032803	4032680	Deletion	123
2R	4039106	4039024	Deletion	82
2R	4057887	4057764	Deletion	123
2R	4057887	4057783	Deletion	104
2R	4057887	4057801	Deletion	86
2R	4057887	4057816	Deletion	71
2R	4057887	4057856	Deletion	31
2R	4059889	4059790	Deletion	99
2R	4059843	4059790	Deletion	53
2R	4059845	4059790	Deletion	55
2R	4059887	4059790	Deletion	97
2R	4059902	4059790	Deletion	112
2R	4062774	4062731	Deletion	43
2R	4063971	4063930	Deletion	41
2R	4066674	4066638	Deletion	36
2R	4066749	4066638	Deletion	111
2R	4066672	4066638	Deletion	34
2R	4077797	4077724	Deletion	73
2R	4077797	4077745	Deletion	52
2R	4079996	4079901	Deletion	95
2R	4080019	4079901	Deletion	118
2R	4079975	4079901	Deletion	74
2R	4079941	4079901	Deletion	40
2R	4086799	4086699	Deletion	100
2R	4089181	4089060	Deletion	121
2R	4091415	4091331	Deletion	84
2R	4091396	4091331	Deletion	65
2R	4091598	4091514	Deletion	84
2R	4091995	4091883	Deletion	112
2R	4091925	4091883	Deletion	42
2R	4097886	4097818	Deletion	68
2R	4098990	4098886	Deletion	104
2R	4099265	4099176	Deletion	89
2R	4105786	4105755	Deletion	31
2R	4105999	4105945	Deletion	54
2R	4106868	4106821	Deletion	47
2R	4107049	4106990	Deletion	59
2R	4110900	4110850	Deletion	50
2R	4111710	4111672	Deletion	38
2R	4112256	4112176	Deletion	80
2R	4114685	4114610	Deletion	75
2R	4115094	4114971	Deletion	123
2R	4115011	4114971	Deletion	40
2R	4117568	4117472	Deletion	96
2R	4119549	4119497	Deletion	52
2R	4121006	4120950	Deletion	56
2R	4121998	4121883	Deletion	115
2R	4124050	4123933	Deletion	117
2R	4124687	4124657	Deletion	30
2R	4146453	4146352	Deletion	101
2R	4149343	4149236	Deletion	107
2R	4149343	4149237	Deletion	106
2R	4150943	4150841	Deletion	102
2R	4150943	4150858	Deletion	85
2R	4150943	4150866	Deletion	77
2R	4150943	4150905	Deletion	38
2R	4150943	4150910	Deletion	33
2R	4151081	4150992	Deletion	89
2R	4151042	4150992	Deletion	50
2R	4151086	4150992	Deletion	94
2R	4151034	4150992	Deletion	42
2R	4151105	4150992	Deletion	113
2R	4167221	4167175	Deletion	46
2R	4167231	4167175	Deletion	56
2R	4169481	4169442	Deletion	39
2R	4173479	4173414	Deletion	65
2R	4173501	4173414	Deletion	87
2R	4174916	4174794	Deletion	122
2R	4174916	4174811	Deletion	105
2R	4175063	4174987	Deletion	76
2R	4177966	4177858	Deletion	108
2R	4177977	4177918	Deletion	59
2R	4181840	4181717	Deletion	123
2R	4181840	4181720	Deletion	120
2R	4181840	4181758	Deletion	82
2R	4181840	4181809	Deletion	31
2R	4182315	4182211	Deletion	104
2R	4182257	4182211	Deletion	46
2R	4182308	4182211	Deletion	97
2R	4182335	4182211	Deletion	124
2R	4186390	4186360	Deletion	30
2R	4195779	4195660	Deletion	119
2R	4195779	4195660	Deletion	119
2R	4195779	4195666	Deletion	113
2R	4195779	4195677	Deletion	102
2R	4195779	4195696	Deletion	83
2R	4195779	4195716	Deletion	63
2R	4195779	4195725	Deletion	54
2R	4195779	4195742	Deletion	37
2R	4198011	4197948	Deletion	63
2R	4198067	4197948	Deletion	119
2R	4198037	4197948	Deletion	89
2R	4197991	4197948	Deletion	43
2R	4198020	4197952	Deletion	68
2R	4202159	4202036	Deletion	123
2R	4203915	4203796	Deletion	119
2R	4203915	4203801	Deletion	114
2R	4203915	4203846	Deletion	69
2R	4203915	4203858	Deletion	57
2R	4203915	4203860	Deletion	55
2R	4206211	4206142	Deletion	69
2R	4206213	4206142	Deletion	71
2R	4206255	4206142	Deletion	113
2R	4206199	4206142	Deletion	57
2R	4206254	4206142	Deletion	112
2R	4207496	4207436	Deletion	60
2R	4207496	4207442	Deletion	54
2R	4207496	4207448	Deletion	48
2R	4208701	4208640	Deletion	61
2R	4209453	4209381	Deletion	72
2R	4218840	4218810	Deletion	30
2R	4220329	4220273	Deletion	56
2R	4220541	4220488	Deletion	53
2R	4222816	4222743	Deletion	73
2R	4224205	4224102	Deletion	103
2R	4233852	4233737	Deletion	115
2R	4233852	4233743	Deletion	109
2R	4233852	4233773	Deletion	79
2R	4233852	4233781	Deletion	71
2R	4233852	4233817	Deletion	35
2R	4233852	4233821	Deletion	31
2R	4235595	4235499	Deletion	96
2R	4235591	4235499	Deletion	92
2R	4235547	4235499	Deletion	48
2R	4235555	4235499	Deletion	56
2R	4237867	4237746	Deletion	121
2R	4249947	4249831	Deletion	116
2R	4250669	4250591	Deletion	78
2R	4256454	4256353	Deletion	101
2R	4256645	4256536	Deletion	109
2R	4257567	4257534	Deletion	33
2R	4257738	4257660	Deletion	78
2R	4262418	4262303	Deletion	115
2R	4262386	4262303	Deletion	83
2R	4262401	4262303	Deletion	98
2R	4262410	4262303	Deletion	107
2R	4262371	4262303	Deletion	68
2R	4262408	4262303	Deletion	105
2R	4262378	4262303	Deletion	75
2R	4262423	4262303	Deletion	120
2R	4264609	4264548	Deletion	61
2R	4264609	4264548	Deletion	61
2R	4265088	4264978	Deletion	110
2R	4265088	4264997	Deletion	91
2R	4265088	4265005	Deletion	83
2R	4265088	4265025	Deletion	63
2R	4265088	4265051	Deletion	37
2R	4265431	4265319	Deletion	112
2R	4265403	4265319	Deletion	84
2R	4265383	4265319	Deletion	64
2R	4265363	4265319	Deletion	44
2R	4265423	4265319	Deletion	104
2R	4265355	4265319	Deletion	36
2R	4265409	4265319	Deletion	90
2R	4268009	4267944	Deletion	65
2R	4289616	4289515	Deletion	101
2R	4289616	4289546	Deletion	70
2R	4290701	4290632	Deletion	69
2R	4297092	4297009	Deletion	83
2R	4297057	4297009	Deletion	48
2R	4297065	4297009	Deletion	56
2R	4297100	4297009	Deletion	91
2R	4297124	4297009	Deletion	115
2R	4303132	4303046	Deletion	86
2R	4303346	4303232	Deletion	114
2R	4303487	4303365	Deletion	122
2R	4303626	4303562	Deletion	64
2R	4304751	4304632	Deletion	119
2R	4305949	4305909	Deletion	40
2R	4314138	4314061	Deletion	77
2R	4317563	4317483	Deletion	80
2R	4319193	4319072	Deletion	121
2R	4319871	4319797	Deletion	74
2R	4320976	4320945	Deletion	31
2R	4346739	4346616	Deletion	123
2R	4350340	4350245	Deletion	95
2R	4350340	4350275	Deletion	65
2R	4363756	4363645	Deletion	111
2R	4363749	4363645	Deletion	104
2R	4363677	4363645	Deletion	32
2R	4363764	4363645	Deletion	119
2R	4363707	4363645	Deletion	62
2R	4374880	4374834	Deletion	46
2R	4377602	4377521	Deletion	81
2R	4385268	4385152	Deletion	116
2R	4394730	4394606	Deletion	124
2R	4394730	4394652	Deletion	78
2R	4394730	4394693	Deletion	37
2R	4395168	4395048	Deletion	120
2R	4395137	4395048	Deletion	89
2R	4395096	4395048	Deletion	48
2R	4395149	4395048	Deletion	101
2R	4395148	4395048	Deletion	100
2R	4395157	4395048	Deletion	109
2R	4402889	4402768	Deletion	121
2R	4412561	4412477	Deletion	84
2R	4412561	4412495	Deletion	66
2R	4412561	4412500	Deletion	61
2R	4412561	4412508	Deletion	53
2R	4412561	4412530	Deletion	31
2R	4412877	4412782	Deletion	95
2R	4412855	4412782	Deletion	73
2R	4412847	4412782	Deletion	65
2R	4412842	4412782	Deletion	60
2R	4419950	4419909	Deletion	41
2R	4420627	4420565	Deletion	62
2R	4420948	4420890	Deletion	58
2R	4423628	4423549	Deletion	79
2R	4431389	4431268	Deletion	121
2R	4452897	4452793	Deletion	104
2R	4454056	4453990	Deletion	66
2R	4456904	4456776	Deletion	128
2R	4457636	4457552	Deletion	84
2R	4457636	4457559	Deletion	77
2R	4458547	4458503	Deletion	44
2R	4458603	4458503	Deletion	100
2R	4458554	4458503	Deletion	51
2R	4458546	4458503	Deletion	43
2R	4461994	4461916	Deletion	78
2R	4461994	4461948	Deletion	46
2R	4461994	4461963	Deletion	31
2R	4462342	4462261	Deletion	81
2R	4462382	4462261	Deletion	121
2R	4462357	4462261	Deletion	96
2R	4466872	4466812	Deletion	60
2R	4466877	4466812	Deletion	65
2R	4466875	4466816	Deletion	59
2R	4472008	4471976	Deletion	32
2R	4472074	4471976	Deletion	98
2R	4472028	4471976	Deletion	52
2R	4472026	4471976	Deletion	50
2R	4473082	4472959	Deletion	123
2R	4473082	4472962	Deletion	120
2R	4473082	4472997	Deletion	85
2R	4473082	4473019	Deletion	63
2R	4473082	4473031	Deletion	51
2R	4475853	4475776	Deletion	77
2R	4475883	4475776	Deletion	107
2R	4475882	4475776	Deletion	106
2R	4475883	4475776	Deletion	107
2R	4475819	4475776	Deletion	43
2R	4475881	4475776	Deletion	105
2R	4475841	4475776	Deletion	65
2R	4477441	4477339	Deletion	102
2R	4477441	4477347	Deletion	94
2R	4477441	4477348	Deletion	93
2R	4477441	4477361	Deletion	80
2R	4477441	4477367	Deletion	74
2R	4477441	4477369	Deletion	72
2R	4477441	4477407	Deletion	34
2R	4477625	4477579	Deletion	46
2R	4477633	4477579	Deletion	54
2R	4477681	4477579	Deletion	102
2R	4477631	4477579	Deletion	52
2R	4477611	4477579	Deletion	32
2R	4477612	4477579	Deletion	33
2R	4477671	4477579	Deletion	92
2R	4481086	4481016	Deletion	70
2R	4486064	4485984	Deletion	80
2R	4488976	4488924	Deletion	52
2R	4490559	4490464	Deletion	95
2R	4493671	4493578	Deletion	93
2R	4493671	4493603	Deletion	68
2R	4495250	4495136	Deletion	114
2R	4495250	4495169	Deletion	81
2R	4495435	4495377	Deletion	58
2R	4495479	4495377	Deletion	102
2R	4495489	4495377	Deletion	112
2R	4495478	4495377	Deletion	101
2R	4499941	4499906	Deletion	35
2R	4500142	4500068	Deletion	74
2R	4500101	4500068	Deletion	33
2R	4500415	4500369	Deletion	46
2R	4500461	4500369	Deletion	92
2R	4500466	4500369	Deletion	97
2R	4500421	4500369	Deletion	52
2R	4500401	4500369	Deletion	32
2R	4528398	4528311	Deletion	87
2R	4532054	4531970	Deletion	84
2R	4545545	4545441	Deletion	104
2R	4545545	4545444	Deletion	101
2R	4545545	4545455	Deletion	90
2R	4545545	4545458	Deletion	87
2R	4545545	4545461	Deletion	84
2R	4545545	4545501	Deletion	44
2R	4548465	4548427	Deletion	38
2R	4548468	4548427	Deletion	41
2R	4548471	4548427	Deletion	44
2R	4548511	4548427	Deletion	84
2R	4554781	4554667	Deletion	114
2R	4574670	4574555	Deletion	115
2R	4575111	4575039	Deletion	72
2R	4575129	4575039	Deletion	90
2R	4580976	4580933	Deletion	43
2R	4581057	4580933	Deletion	124
2R	4580973	4580933	Deletion	40
2R	4585211	4585094	Deletion	117
2R	4588958	4588856	Deletion	102
2R	4588958	4588857	Deletion	101
2R	4589176	4589074	Deletion	102
2R	4589176	4589081	Deletion	95
2R	4589766	4589645	Deletion	121
2R	4589761	4589645	Deletion	116
2R	4590695	4590653	Deletion	42
2R	4591954	4591923	Deletion	31
2R	4610955	4610921	Deletion	34
2R	4611004	4610921	Deletion	83
2R	4617123	4617059	Deletion	64
2R	4625436	4625384	Deletion	52
2R	4628654	4628540	Deletion	114
2R	4628654	4628543	Deletion	111
2R	4628654	4628548	Deletion	106
2R	4628654	4628556	Deletion	98
2R	4628654	4628592	Deletion	62
2R	4628654	4628620	Deletion	34
2R	4646022	4645940	Deletion	82
2R	4646022	4645944	Deletion	78
2R	4646060	4646027	Deletion	33
2R	4647438	4647363	Deletion	75
2R	4647438	4647389	Deletion	49
2R	4647875	4647774	Deletion	101
2R	4647828	4647774	Deletion	54
2R	4650861	4650748	Deletion	113
2R	4650861	4650763	Deletion	98
2R	4650861	4650774	Deletion	87
2R	4652754	4652711	Deletion	43
2R	4654070	4654035	Deletion	35
2R	4654274	4654235	Deletion	39
2R	4654357	4654235	Deletion	122
2R	4654355	4654235	Deletion	120
2R	4654347	4654235	Deletion	112
2R	4654520	4654453	Deletion	67
2R	4659673	4659580	Deletion	93
2R	4659673	4659610	Deletion	63
2R	4664412	4664321	Deletion	91
2R	4664412	4664327	Deletion	85
2R	4664412	4664328	Deletion	84
2R	4665316	4665279	Deletion	37
2R	4665323	4665279	Deletion	44
2R	4665379	4665279	Deletion	100
2R	4668764	4668723	Deletion	41
2R	4669116	4669036	Deletion	80
2R	4669117	4669036	Deletion	81
2R	4669334	4669238	Deletion	96
2R	4669334	4669256	Deletion	78
2R	4669334	4669258	Deletion	76
2R	4679895	4679805	Deletion	90
2R	4685827	4685737	Deletion	90
2R	4692315	4692235	Deletion	80
2R	4692315	4692267	Deletion	48
2R	4700967	4700869	Deletion	98
2R	4700915	4700869	Deletion	46
2R	4700967	4700869	Deletion	98
2R	4700988	4700869	Deletion	119
2R	4700947	4700869	Deletion	78
2R	4700979	4700869	Deletion	110
2R	4702074	4701966	Deletion	108
2R	4702074	4702006	Deletion	68
2R	4702074	4702014	Deletion	60
2R	4702074	4702020	Deletion	54
2R	4704088	4704030	Deletion	58
2R	4704096	4704030	Deletion	66
2R	4704102	4704030	Deletion	72
2R	4704141	4704030	Deletion	111
2R	4705307	4705197	Deletion	110
2R	4705307	4705230	Deletion	77
2R	4705307	4705242	Deletion	65
2R	4705307	4705243	Deletion	64
2R	4705307	4705250	Deletion	57
2R	4711357	4711246	Deletion	111
2R	4711346	4711246	Deletion	100
2R	4711295	4711246	Deletion	49
2R	4711308	4711246	Deletion	62
2R	4711307	4711246	Deletion	61
2R	4711315	4711246	Deletion	69
2R	4716770	4716657	Deletion	113
2R	4716770	4716693	Deletion	77
2R	4718057	4717960	Deletion	97
2R	4720456	4720353	Deletion	103
2R	4720456	4720384	Deletion	72
2R	4720456	4720394	Deletion	62
2R	4725117	4725063	Deletion	54
2R	4725171	4725063	Deletion	108
2R	4725127	4725063	Deletion	64
2R	4734898	4734832	Deletion	66
2R	4738519	4738398	Deletion	121
2R	4738519	4738453	Deletion	66
2R	4738519	4738467	Deletion	52
2R	4738519	4738476	Deletion	43
2R	4738519	4738481	Deletion	38
2R	4754787	4754704	Deletion	83
2R	4754764	4754704	Deletion	60
2R	4754778	4754704	Deletion	74
2R	4754792	4754704	Deletion	88
2R	4766143	4766043	Deletion	100
2R	4777563	4777468	Deletion	95
2R	4777563	4777472	Deletion	91
2R	4777563	4777500	Deletion	63
2R	4786937	4786906	Deletion	31
2R	4787007	4786906	Deletion	101
2R	4787004	4786906	Deletion	98
2R	4786969	4786906	Deletion	63
2R	4787019	4786906	Deletion	113
2R	4786941	4786906	Deletion	35
2R	4811299	4811237	Deletion	62
2R	4811730	4811668	Deletion	62
2R	4812516	4812472	Deletion	44
2R	4813267	4813230	Deletion	37
2R	4814977	4814862	Deletion	115
2R	4820268	4820204	Deletion	64
2R	4820268	4820232	Deletion	36
2R	4824306	4824203	Deletion	103
2R	4824265	4824203	Deletion	62
2R	4824305	4824203	Deletion	102
2R	4824293	4824203	Deletion	90
2R	4824300	4824203	Deletion	97
2R	4830045	4829999	Deletion	46
2R	4830045	4829999	Deletion	46
2R	4830045	4830003	Deletion	42
2R	4831201	4831120	Deletion	81
2R	4831201	4831120	Deletion	81
2R	4831205	4831120	Deletion	85
2R	4850355	4850232	Deletion	123
2R	4872952	4872829	Deletion	123
2R	4874041	4873959	Deletion	82
2R	4874041	4873964	Deletion	77
2R	4874041	4873978	Deletion	63
2R	4874769	4874705	Deletion	64
2R	4874755	4874705	Deletion	50
2R	4874803	4874705	Deletion	98
2R	4874827	4874705	Deletion	122
2R	4874750	4874705	Deletion	45
2R	4904203	4904111	Deletion	92
2R	4904203	4904128	Deletion	75
2R	4904203	4904130	Deletion	73
2R	4905469	4905353	Deletion	116
2R	4905407	4905353	Deletion	54
2R	4905470	4905353	Deletion	117
2R	4905453	4905353	Deletion	100
2R	4905388	4905353	Deletion	35
2R	4905465	4905353	Deletion	112
2R	4905405	4905353	Deletion	52
2R	4905460	4905353	Deletion	107
2R	4919132	4919026	Deletion	106
2R	4919059	4919026	Deletion	33
2R	4919464	4919415	Deletion	49
2R	4921142	4921060	Deletion	82
2R	4922492	4922369	Deletion	123
2R	4922447	4922369	Deletion	78
2R	4922463	4922369	Deletion	94
2R	4925070	4925029	Deletion	41
2R	4925587	4925536	Deletion	51
2R	4926155	4926066	Deletion	89
2R	4927169	4927089	Deletion	80
2R	4946572	4946529	Deletion	43
2R	4946625	4946529	Deletion	96
2R	4946613	4946529	Deletion	84
2R	4946754	4946634	Deletion	120
2R	4946754	4946642	Deletion	112
2R	4946754	4946650	Deletion	104
2R	4946754	4946677	Deletion	77
2R	4946754	4946688	Deletion	66
2R	4946754	4946708	Deletion	46
2R	4948398	4948281	Deletion	117
2R	4948341	4948281	Deletion	60
2R	4948382	4948281	Deletion	101
2R	4948379	4948281	Deletion	98
2R	4948393	4948281	Deletion	112
2R	4948330	4948281	Deletion	49
2R	4948361	4948281	Deletion	80
2R	4952594	4952471	Deletion	123
2R	4963277	4963179	Deletion	98
2R	4963528	4963493	Deletion	35
2R	4964766	4964698	Deletion	68
2R	4964771	4964698	Deletion	73
2R	4964799	4964698	Deletion	101
2R	4964789	4964698	Deletion	91
2R	4964817	4964698	Deletion	119
2R	4964764	4964698	Deletion	66
2R	4964749	4964698	Deletion	51
2R	4990295	4990193	Deletion	102
2R	4990295	4990194	Deletion	101
2R	4990295	4990198	Deletion	97
2R	4990295	4990204	Deletion	91
2R	4990295	4990233	Deletion	62
2R	4990295	4990234	Deletion	61
2R	4990295	4990242	Deletion	53
2R	4990295	4990253	Deletion	42
2R	4997718	4997634	Deletion	84
2R	4997669	4997634	Deletion	35
2R	4997707	4997634	Deletion	73
2R	4997698	4997634	Deletion	64
2R	4997732	4997634	Deletion	98
2R	4997699	4997634	Deletion	65
2R	4998049	4997933	Deletion	116
2R	4998049	4998013	Deletion	36
2R	5000715	5000640	Deletion	75
2R	5000760	5000640	Deletion	120
2R	5000742	5000640	Deletion	102
2R	5000731	5000640	Deletion	91
2R	5000912	5000802	Deletion	110
2R	5000912	5000807	Deletion	105
2R	5000912	5000818	Deletion	94
2R	5000912	5000852	Deletion	60
2R	5000912	5000853	Deletion	59
2R	5000912	5000861	Deletion	51
2R	5000912	5000870	Deletion	42
2R	5006821	5006769	Deletion	52
2R	5019367	5019299	Deletion	68
2R	5019411	5019299	Deletion	112
2R	5019332	5019299	Deletion	33
2R	5019375	5019299	Deletion	76
2R	5019397	5019299	Deletion	98
2R	5019384	5019299	Deletion	85
2R	5019403	5019299	Deletion	104
2R	5019366	5019299	Deletion	67
2R	5019501	5019397	Deletion	104
2R	5019498	5019404	Deletion	94
2R	5019501	5019421	Deletion	80
2R	5019501	5019431	Deletion	70
2R	5021435	5021321	Deletion	114
2R	5021380	5021321	Deletion	59
2R	5021422	5021321	Deletion	101
2R	5021370	5021321	Deletion	49
2R	5021433	5021321	Deletion	112
2R	5021353	5021322	Deletion	31
2R	5039871	5039747	Deletion	124
2R	5039871	5039768	Deletion	103
2R	5039871	5039781	Deletion	90
2R	5039867	5039823	Deletion	44
2R	5039871	5039831	Deletion	40
2R	5040299	5040261	Deletion	38
2R	5040378	5040261	Deletion	117
2R	5040349	5040261	Deletion	88
2R	5040341	5040261	Deletion	80
2R	5040373	5040261	Deletion	112
2R	5048853	5048731	Deletion	122
2R	5048853	5048739	Deletion	114
2R	5048853	5048758	Deletion	95
2R	5048853	5048779	Deletion	74
2R	5049204	5049084	Deletion	120
2R	5049184	5049084	Deletion	100
2R	5049136	5049084	Deletion	52
2R	5052872	5052790	Deletion	82
2R	5052826	5052790	Deletion	36
2R	5052887	5052790	Deletion	97
2R	5052871	5052790	Deletion	81
2R	5052835	5052790	Deletion	45
2R	5052881	5052791	Deletion	90
2R	5055524	5055405	Deletion	119
2R	5055524	5055416	Deletion	108
2R	5055524	5055416	Deletion	108
2R	5055524	5055417	Deletion	107
2R	5055523	5055417	Deletion	106
2R	5055524	5055446	Deletion	78
2R	5055524	5055452	Deletion	72
2R	5055524	5055453	Deletion	71
2R	5055524	5055459	Deletion	65
2R	5055524	5055470	Deletion	54
2R	5055524	5055471	Deletion	53
2R	5055524	5055478	Deletion	46
2R	5055524	5055489	Deletion	35
2R	5073075	5072982	Deletion	93
2R	5073091	5072982	Deletion	109
2R	5073056	5072982	Deletion	74
2R	5073039	5072982	Deletion	57
2R	5073032	5072982	Deletion	50
2R	5073057	5072982	Deletion	75
2R	5073038	5072982	Deletion	56
2R	5073045	5072982	Deletion	63
2R	5073064	5072982	Deletion	82
2R	5073862	5073738	Deletion	124
2R	5073862	5073789	Deletion	73
2R	5073862	5073807	Deletion	55
2R	5073862	5073813	Deletion	49
2R	5073862	5073824	Deletion	38
2R	5074118	5074039	Deletion	79
2R	5074094	5074039	Deletion	55
2R	5074112	5074039	Deletion	73
2R	5074129	5074039	Deletion	90
2R	5075460	5075343	Deletion	117
2R	5128399	5128357	Deletion	42
2R	5128399	5128357	Deletion	42
2R	5128399	5128357	Deletion	42
2R	5128399	5128364	Deletion	35
2R	5128399	5128369	Deletion	30
2R	5128915	5128831	Deletion	84
2R	5128915	5128831	Deletion	84
2R	5128915	5128831	Deletion	84
2R	5128927	5128831	Deletion	96
2R	5128922	5128831	Deletion	91
2R	5130307	5130183	Deletion	124
2R	5130307	5130197	Deletion	110
2R	5130307	5130198	Deletion	109
2R	5130307	5130202	Deletion	105
2R	5130307	5130224	Deletion	83
2R	5130307	5130255	Deletion	52
2R	5130307	5130266	Deletion	41
2R	5130461	5130417	Deletion	44
2R	5130492	5130417	Deletion	75
2R	5130528	5130417	Deletion	111
2R	5130503	5130417	Deletion	86
2R	5130536	5130417	Deletion	119
2R	5130526	5130417	Deletion	109
2R	5130538	5130417	Deletion	121
2R	5136765	5136642	Deletion	123
2R	5136793	5136669	Deletion	124
2R	5136793	5136683	Deletion	110
2R	5136793	5136683	Deletion	110
2R	5136793	5136723	Deletion	70
2R	5136793	5136734	Deletion	59
2R	5136793	5136738	Deletion	55
2R	5136793	5136741	Deletion	52
2R	5136793	5136759	Deletion	34
2R	5140752	5140676	Deletion	76
2R	5140734	5140676	Deletion	58
2R	5140793	5140676	Deletion	117
2R	5140770	5140676	Deletion	94
2R	5140745	5140676	Deletion	69
2R	5140749	5140676	Deletion	73
2R	5142833	5142794	Deletion	39
2R	5147389	5147284	Deletion	105
2R	5147389	5147285	Deletion	104
2R	5147389	5147290	Deletion	99
2R	5147389	5147295	Deletion	94
2R	5147389	5147298	Deletion	91
2R	5147389	5147304	Deletion	85
2R	5147389	5147346	Deletion	43
2R	5147389	5147348	Deletion	41
2R	5148034	5147950	Deletion	84
2R	5148036	5147950	Deletion	86
2R	5147986	5147950	Deletion	36
2R	5147983	5147950	Deletion	33
2R	5147992	5147950	Deletion	42
2R	5154627	5154532	Deletion	95
2R	5154627	5154553	Deletion	74
2R	5154627	5154564	Deletion	63
2R	5161267	5161235	Deletion	32
2R	5161288	5161235	Deletion	53
2R	5161347	5161235	Deletion	112
2R	5161299	5161235	Deletion	64
2R	5161341	5161235	Deletion	106
2R	5165602	5165495	Deletion	107
2R	5165747	5165647	Deletion	100
2R	5165747	5165651	Deletion	96
2R	5165747	5165699	Deletion	48
2R	5169011	5168897	Deletion	114
2R	5176050	5175971	Deletion	79
2R	5176002	5175971	Deletion	31
2R	5201808	5201698	Deletion	110
2R	5201808	5201710	Deletion	98
2R	5201808	5201712	Deletion	96
2R	5201808	5201714	Deletion	94
2R	5201808	5201764	Deletion	44
2R	5205068	5205035	Deletion	33
2R	5205066	5205035	Deletion	31
2R	5205120	5205035	Deletion	85
2R	5205070	5205035	Deletion	35
2R	5217994	5217944	Deletion	50
2R	5218442	5218396	Deletion	46
2R	5218470	5218416	Deletion	54
2R	5225800	5225707	Deletion	93
2R	5225800	5225732	Deletion	68
2R	5228090	5228032	Deletion	58
2R	5228138	5228032	Deletion	106
2R	5228358	5228240	Deletion	118
2R	5228358	5228273	Deletion	85
2R	5228973	5228856	Deletion	117
2R	5228919	5228857	Deletion	62
2R	5241095	5241031	Deletion	64
2R	5241095	5241056	Deletion	39
2R	5241095	5241062	Deletion	33
2R	5247561	5247498	Deletion	63
2R	5247617	5247498	Deletion	119
2R	5247586	5247498	Deletion	88
2R	5247592	5247498	Deletion	94
2R	5257037	5256941	Deletion	96
2R	5257037	5256972	Deletion	65
2R	5257037	5256985	Deletion	52
2R	5257037	5257007	Deletion	30
2R	5259924	5259862	Deletion	62
2R	5259979	5259862	Deletion	117
2R	5259976	5259862	Deletion	114
2R	5259937	5259862	Deletion	75
2R	5259893	5259862	Deletion	31
2R	5259959	5259862	Deletion	97
2R	5260311	5260190	Deletion	121
2R	5260311	5260194	Deletion	117
2R	5260311	5260207	Deletion	104
2R	5260311	5260214	Deletion	97
2R	5260311	5260244	Deletion	67
2R	5260311	5260257	Deletion	54
2R	5264795	5264723	Deletion	72
2R	5264826	5264723	Deletion	103
2R	5264782	5264723	Deletion	59
2R	5264836	5264723	Deletion	113
2R	5279844	5279740	Deletion	104
2R	5279844	5279793	Deletion	51
2R	5280078	5280015	Deletion	63
2R	5280090	5280015	Deletion	75
2R	5283818	5283753	Deletion	65
2R	5288632	5288574	Deletion	58
2R	5289749	5289648	Deletion	101
2R	5292170	5292107	Deletion	63
2R	5292449	5292383	Deletion	66
2R	5309933	5309835	Deletion	98
2R	5309869	5309835	Deletion	34
2R	5309867	5309835	Deletion	32
2R	5309878	5309835	Deletion	43
2R	5309865	5309835	Deletion	30
2R	5310415	5310298	Deletion	117
2R	5310415	5310302	Deletion	113
2R	5310415	5310305	Deletion	110
2R	5310415	5310306	Deletion	109
2R	5310415	5310309	Deletion	106
2R	5310415	5310317	Deletion	98
2R	5310415	5310322	Deletion	93
2R	5310744	5310685	Deletion	59
2R	5310852	5310816	Deletion	36
2R	5310921	5310816	Deletion	105
2R	5310896	5310816	Deletion	80
2R	5310847	5310816	Deletion	31
2R	5313976	5313916	Deletion	60
2R	5316784	5316661	Deletion	123
2R	5326463	5326340	Deletion	123
2R	5343959	5343835	Deletion	124
2R	5364516	5364399	Deletion	117
2R	5364516	5364426	Deletion	90
2R	5364516	5364465	Deletion	51
2R	5364516	5364466	Deletion	50
2R	5364516	5364483	Deletion	33
2R	5367155	5367061	Deletion	94
2R	5367138	5367061	Deletion	77
2R	5367178	5367061	Deletion	117
2R	5367181	5367061	Deletion	120
2R	5367137	5367061	Deletion	76
2R	5367098	5367061	Deletion	37
2R	5369921	5369834	Deletion	87
2R	5372129	5372072	Deletion	57
2R	5372128	5372072	Deletion	56
2R	5374631	5374509	Deletion	122
2R	5380212	5380126	Deletion	86
2R	5384226	5384129	Deletion	97
2R	5385858	5385768	Deletion	90
2R	5386557	5386503	Deletion	54
2R	5386557	5386507	Deletion	50
2R	5387662	5387617	Deletion	45
2R	5388165	5388044	Deletion	121
2R	5393660	5393602	Deletion	58
2R	5406065	5406035	Deletion	30
2R	5425661	5425581	Deletion	80
2R	5425661	5425587	Deletion	74
2R	5443426	5443306	Deletion	120
2R	5443426	5443319	Deletion	107
2R	5443426	5443331	Deletion	95
2R	5444990	5444924	Deletion	66
2R	5444955	5444924	Deletion	31
2R	5445021	5444924	Deletion	97
2R	5455762	5455675	Deletion	87
2R	5455762	5455690	Deletion	72
2R	5455762	5455694	Deletion	68
2R	5456335	5456277	Deletion	58
2R	5456316	5456277	Deletion	39
2R	5456331	5456277	Deletion	54
2R	5484031	5483925	Deletion	106
2R	5503066	5502950	Deletion	116
2R	5503066	5502955	Deletion	111
2R	5503066	5502978	Deletion	88
2R	5503066	5502982	Deletion	84
2R	5503066	5503004	Deletion	62
2R	5503066	5503015	Deletion	51
2R	5503066	5503025	Deletion	41
2R	5503209	5503167	Deletion	42
2R	5503272	5503167	Deletion	105
2R	5503252	5503167	Deletion	85
2R	5503279	5503167	Deletion	112
2R	5503242	5503167	Deletion	75
2R	5503286	5503167	Deletion	119
2R	5503231	5503167	Deletion	64
2R	5503205	5503167	Deletion	38
2R	5518392	5518269	Deletion	123
2R	5536294	5536179	Deletion	115
2R	5536294	5536197	Deletion	97
2R	5536294	5536198	Deletion	96
2R	5536294	5536222	Deletion	72
2R	5536294	5536242	Deletion	52
2R	5536845	5536731	Deletion	114
2R	5536833	5536731	Deletion	102
2R	5536805	5536731	Deletion	74
2R	5536785	5536731	Deletion	54
2R	5538943	5538821	Deletion	122
2R	5544408	5544322	Deletion	86
2R	5551138	5551043	Deletion	95
2R	5551138	5551052	Deletion	86
2R	5551138	5551056	Deletion	82
2R	5551138	5551077	Deletion	61
2R	5551138	5551088	Deletion	50
2R	5551138	5551107	Deletion	31
2R	5551138	5551108	Deletion	30
2R	5551232	5551188	Deletion	44
2R	5551264	5551188	Deletion	76
2R	5551284	5551188	Deletion	96
2R	5551228	5551188	Deletion	40
2R	5551283	5551188	Deletion	95
2R	5551219	5551188	Deletion	31
2R	5551253	5551191	Deletion	62
2R	5557224	5557133	Deletion	91
2R	5557230	5557133	Deletion	97
2R	5557516	5557408	Deletion	108
2R	5561151	5561108	Deletion	43
2R	5561200	5561108	Deletion	92
2R	5561224	5561108	Deletion	116
2R	5561491	5561456	Deletion	35
2R	5561491	5561457	Deletion	34
2R	5565192	5565083	Deletion	109
2R	5565466	5565383	Deletion	83
2R	5571178	5571080	Deletion	98
2R	5574072	5573956	Deletion	116
2R	5576599	5576498	Deletion	101
2R	5577848	5577744	Deletion	104
2R	5587602	5587538	Deletion	64
2R	5587585	5587538	Deletion	47
2R	5587658	5587538	Deletion	120
2R	5587583	5587538	Deletion	45
2R	5587859	5587739	Deletion	120
2R	5587859	5587787	Deletion	72
2R	5587859	5587804	Deletion	55
2R	5594153	5594097	Deletion	56
2R	5594204	5594097	Deletion	107
2R	5594170	5594097	Deletion	73
2R	5594418	5594335	Deletion	83
2R	5594418	5594337	Deletion	81
2R	5594418	5594354	Deletion	64
2R	5597847	5597775	Deletion	72
2R	5597979	5597864	Deletion	115
2R	5597979	5597868	Deletion	111
2R	5597979	5597872	Deletion	107
2R	5597975	5597879	Deletion	96
2R	5597979	5597893	Deletion	86
2R	5597979	5597895	Deletion	84
2R	5597979	5597911	Deletion	68
2R	5597979	5597928	Deletion	51
2R	5603152	5603038	Deletion	114
2R	5603096	5603038	Deletion	58
2R	5603113	5603038	Deletion	75
2R	5603078	5603038	Deletion	40
2R	5603080	5603038	Deletion	42
2R	5603159	5603038	Deletion	121
2R	5608687	5608585	Deletion	102
2R	5608687	5608587	Deletion	100
2R	5608687	5608599	Deletion	88
2R	5608687	5608604	Deletion	83
2R	5614596	5614558	Deletion	38
2R	5614601	5614558	Deletion	43
2R	5617932	5617852	Deletion	80
2R	5626307	5626231	Deletion	76
2R	5629511	5629387	Deletion	124
2R	5629511	5629432	Deletion	79
2R	5629511	5629432	Deletion	79
2R	5629511	5629438	Deletion	73
2R	5629511	5629451	Deletion	60
2R	5629511	5629457	Deletion	54
2R	5629511	5629458	Deletion	53
2R	5629511	5629461	Deletion	50
2R	5629511	5629468	Deletion	43
2R	5629924	5629848	Deletion	76
2R	5629931	5629848	Deletion	83
2R	5629895	5629848	Deletion	47
2R	5629895	5629848	Deletion	47
2R	5629901	5629848	Deletion	53
2R	5629914	5629848	Deletion	66
2R	5629920	5629848	Deletion	72
2R	5629921	5629848	Deletion	73
2R	5634447	5634324	Deletion	123
2R	5634447	5634336	Deletion	111
2R	5634447	5634352	Deletion	95
2R	5634447	5634356	Deletion	91
2R	5634447	5634360	Deletion	87
2R	5634447	5634369	Deletion	78
2R	5634447	5634373	Deletion	74
2R	5634447	5634392	Deletion	55
2R	5634447	5634400	Deletion	47
2R	5634808	5634737	Deletion	71
2R	5634789	5634737	Deletion	52
2R	5634772	5634737	Deletion	35
2R	5634846	5634737	Deletion	109
2R	5634776	5634737	Deletion	39
2R	5634816	5634737	Deletion	79
2R	5634785	5634737	Deletion	48
2R	5634768	5634737	Deletion	31
2R	5645493	5645378	Deletion	115
2R	5645493	5645389	Deletion	104
2R	5645493	5645397	Deletion	96
2R	5645493	5645421	Deletion	72
2R	5645493	5645440	Deletion	53
2R	5645493	5645452	Deletion	41
2R	5645493	5645455	Deletion	38
2R	5646603	5646501	Deletion	102
2R	5646574	5646501	Deletion	73
2R	5646555	5646501	Deletion	54
2R	5646601	5646501	Deletion	100
2R	5646589	5646501	Deletion	88
2R	5646616	5646501	Deletion	115
2R	5646531	5646501	Deletion	30
2R	5646586	5646501	Deletion	85
2R	5667703	5667589	Deletion	114
2R	5667703	5667599	Deletion	104
2R	5667703	5667600	Deletion	103
2R	5667703	5667607	Deletion	96
2R	5667703	5667609	Deletion	94
2R	5667703	5667613	Deletion	90
2R	5667703	5667628	Deletion	75
2R	5667703	5667630	Deletion	73
2R	5667703	5667649	Deletion	54
2R	5667703	5667652	Deletion	51
2R	5667703	5667666	Deletion	37
2R	5667703	5667669	Deletion	34
2R	5674482	5674390	Deletion	92
2R	5674426	5674390	Deletion	36
2R	5674495	5674390	Deletion	105
2R	5674420	5674390	Deletion	30
2R	5674443	5674390	Deletion	53
2R	5674441	5674390	Deletion	51
2R	5674479	5674390	Deletion	89
2R	5674462	5674390	Deletion	72
2R	5674422	5674390	Deletion	32
2R	5674465	5674390	Deletion	75
2R	5674506	5674390	Deletion	116
2R	5677886	5677762	Deletion	124
2R	5682348	5682243	Deletion	105
2R	5682348	5682256	Deletion	92
2R	5682348	5682260	Deletion	88
2R	5682348	5682300	Deletion	48
2R	5682348	5682303	Deletion	45
2R	5683185	5683104	Deletion	81
2R	5683142	5683104	Deletion	38
2R	5683182	5683104	Deletion	78
2R	5683138	5683104	Deletion	34
2R	5690186	5690063	Deletion	123
2R	5690186	5690067	Deletion	119
2R	5690186	5690083	Deletion	103
2R	5690186	5690085	Deletion	101
2R	5690186	5690092	Deletion	94
2R	5690186	5690148	Deletion	38
2R	5690642	5690573	Deletion	69
2R	5708320	5708197	Deletion	123
2R	5709057	5708940	Deletion	117
2R	5709057	5708947	Deletion	110
2R	5709057	5709014	Deletion	43
2R	5709057	5709019	Deletion	38
2R	5715376	5715255	Deletion	121
2R	5715340	5715255	Deletion	85
2R	5715345	5715255	Deletion	90
2R	5720288	5720182	Deletion	106
2R	5720288	5720198	Deletion	90
2R	5720288	5720199	Deletion	89
2R	5720288	5720227	Deletion	61
2R	5720288	5720233	Deletion	55
2R	5720414	5720349	Deletion	65
2R	5720385	5720349	Deletion	36
2R	5720451	5720349	Deletion	102
2R	5720420	5720349	Deletion	71
2R	5720459	5720349	Deletion	110
2R	5720386	5720349	Deletion	37
2R	5762936	5762815	Deletion	121
2R	5766587	5766464	Deletion	123
2R	5768443	5768346	Deletion	97
2R	5768443	5768347	Deletion	96
2R	5768443	5768349	Deletion	94
2R	5768743	5768620	Deletion	123
2R	5768652	5768620	Deletion	32
2R	5768650	5768620	Deletion	30
2R	5768733	5768620	Deletion	113
2R	5785745	5785681	Deletion	64
2R	5785745	5785702	Deletion	43
2R	5787437	5787354	Deletion	83
2R	5787416	5787354	Deletion	62
2R	5787472	5787354	Deletion	118
2R	5801124	5801001	Deletion	123
2R	5812193	5812069	Deletion	124
2R	5816484	5816397	Deletion	87
2R	5816484	5816412	Deletion	72
2R	5816484	5816422	Deletion	62
2R	5816484	5816431	Deletion	53
2R	5816484	5816434	Deletion	50
2R	5817305	5817182	Deletion	123
2R	5817256	5817182	Deletion	74
2R	5817237	5817182	Deletion	55
2R	5817259	5817182	Deletion	77
2R	5817247	5817182	Deletion	65
2R	5817222	5817186	Deletion	36
2R	5820664	5820541	Deletion	123
2R	5820664	5820589	Deletion	75
2R	5820664	5820601	Deletion	63
2R	5820664	5820618	Deletion	46
2R	5820664	5820624	Deletion	40
2R	5820950	5820899	Deletion	51
2R	5821020	5820899	Deletion	121
2R	5820979	5820899	Deletion	80
2R	5820962	5820899	Deletion	63
2R	5820985	5820899	Deletion	86
2R	5827281	5827170	Deletion	111
2R	5827281	5827172	Deletion	109
2R	5827281	5827178	Deletion	103
2R	5827281	5827179	Deletion	102
2R	5827281	5827185	Deletion	96
2R	5827281	5827211	Deletion	70
2R	5827281	5827227	Deletion	54
2R	5828787	5828757	Deletion	30
2R	5828813	5828757	Deletion	56
2R	5828829	5828757	Deletion	72
2R	5841369	5841250	Deletion	119
2R	5844474	5844413	Deletion	61
2R	5844474	5844417	Deletion	57
2R	5844474	5844432	Deletion	42
2R	5845021	5844952	Deletion	69
2R	5845036	5844952	Deletion	84
2R	5845058	5844952	Deletion	106
2R	5845067	5844952	Deletion	115
2R	5845017	5844952	Deletion	65
2R	5846915	5846795	Deletion	120
2R	5846915	5846802	Deletion	113
2R	5846915	5846838	Deletion	77
2R	5846915	5846842	Deletion	73
2R	5846915	5846846	Deletion	69
2R	5846915	5846864	Deletion	51
2R	5846915	5846871	Deletion	44
2R	5846915	5846879	Deletion	36
2R	5852822	5852740	Deletion	82
2R	5852847	5852740	Deletion	107
2R	5852789	5852740	Deletion	49
2R	5852793	5852740	Deletion	53
2R	5852815	5852740	Deletion	75
2R	5852830	5852740	Deletion	90
2R	5852797	5852740	Deletion	57
2R	5856764	5856640	Deletion	124
2R	5857082	5856967	Deletion	115
2R	5857082	5857005	Deletion	77
2R	5857082	5857009	Deletion	73
2R	5857082	5857018	Deletion	64
2R	5857082	5857020	Deletion	62
2R	5857082	5857041	Deletion	41
2R	5859338	5859287	Deletion	51
2R	5859374	5859287	Deletion	87
2R	5859342	5859287	Deletion	55
2R	5859351	5859287	Deletion	64
2R	5859353	5859287	Deletion	66
2R	5859390	5859287	Deletion	103
2R	5864389	5864277	Deletion	112
2R	5864389	5864310	Deletion	79
2R	5864389	5864356	Deletion	33
2R	5867151	5867057	Deletion	94
2R	5867181	5867057	Deletion	124
2R	5867105	5867057	Deletion	48
2R	5867401	5867304	Deletion	97
2R	5867401	5867316	Deletion	85
2R	5867401	5867343	Deletion	58
2R	5867401	5867353	Deletion	48
2R	5867401	5867367	Deletion	34
2R	5871385	5871263	Deletion	122
2R	5871996	5871926	Deletion	70
2R	5872190	5872090	Deletion	100
2R	5872182	5872121	Deletion	61
2R	5872689	5872574	Deletion	115
2R	5874607	5874484	Deletion	123
2R	5874607	5874504	Deletion	103
2R	5874607	5874506	Deletion	101
2R	5874607	5874547	Deletion	60
2R	5874602	5874548	Deletion	54
2R	5874607	5874562	Deletion	45
2R	5874607	5874567	Deletion	40
2R	5875203	5875136	Deletion	67
2R	5875223	5875136	Deletion	87
2R	5875252	5875136	Deletion	116
2R	5875218	5875136	Deletion	82
2R	5875204	5875136	Deletion	68
2R	5878692	5878633	Deletion	59
2R	5878692	5878634	Deletion	58
2R	5878692	5878642	Deletion	50
2R	5878692	5878650	Deletion	42
2R	5880143	5880036	Deletion	107
2R	5880138	5880040	Deletion	98
2R	5880143	5880044	Deletion	99
2R	5880143	5880051	Deletion	92
2R	5880143	5880056	Deletion	87
2R	5880143	5880067	Deletion	76
2R	5880143	5880101	Deletion	42
2R	5880143	5880108	Deletion	35
2R	5880301	5880192	Deletion	109
2R	5880244	5880192	Deletion	52
2R	5880278	5880192	Deletion	86
2R	5880285	5880192	Deletion	93
2R	5880305	5880192	Deletion	113
2R	5880228	5880192	Deletion	36
2R	5880233	5880192	Deletion	41
2R	5880755	5880654	Deletion	101
2R	5880755	5880668	Deletion	87
2R	5880755	5880676	Deletion	79
2R	5880755	5880699	Deletion	56
2R	5880755	5880716	Deletion	39
2R	5880948	5880873	Deletion	75
2R	5880925	5880873	Deletion	52
2R	5880917	5880873	Deletion	44
2R	5880965	5880873	Deletion	92
2R	5885875	5885754	Deletion	121
2R	5887196	5887109	Deletion	87
2R	5887196	5887113	Deletion	83
2R	5887196	5887155	Deletion	41
2R	5896758	5896714	Deletion	44
2R	5896822	5896714	Deletion	108
2R	5896754	5896714	Deletion	40
2R	5896822	5896714	Deletion	108
2R	5896800	5896714	Deletion	86
2R	5896822	5896714	Deletion	108
2R	5896822	5896718	Deletion	104
2R	5896822	5896723	Deletion	99
2R	5896822	5896737	Deletion	85
2R	5896822	5896748	Deletion	74
2R	5896822	5896748	Deletion	74
2R	5896822	5896751	Deletion	71
2R	5896822	5896781	Deletion	41
2R	5896822	5896781	Deletion	41
2R	5896822	5896791	Deletion	31
2R	5905525	5905482	Deletion	43
2R	5905585	5905482	Deletion	103
2R	5905569	5905482	Deletion	87
2R	5905539	5905482	Deletion	57
2R	5907908	5907820	Deletion	88
2R	5922373	5922263	Deletion	110
2R	5922373	5922276	Deletion	97
2R	5922373	5922292	Deletion	81
2R	5922373	5922312	Deletion	61
2R	5923685	5923620	Deletion	65
2R	5923665	5923620	Deletion	45
2R	5946477	5946369	Deletion	108
2R	5946477	5946371	Deletion	106
2R	5946477	5946445	Deletion	32
2R	5947077	5946983	Deletion	94
2R	5947101	5946983	Deletion	118
2R	5951233	5951110	Deletion	123
2R	5953988	5953885	Deletion	103
2R	5953988	5953888	Deletion	100
2R	5953988	5953935	Deletion	53
2R	5964614	5964494	Deletion	120
2R	5964591	5964494	Deletion	97
2R	5964567	5964494	Deletion	73
2R	5964608	5964494	Deletion	114
2R	5967781	5967696	Deletion	85
2R	5967781	5967719	Deletion	62
2R	5967781	5967725	Deletion	56
2R	5967781	5967742	Deletion	39
2R	5969017	5968947	Deletion	70
2R	5969034	5968947	Deletion	87
2R	5968988	5968947	Deletion	41
2R	5969011	5968947	Deletion	64
2R	5969034	5968960	Deletion	74
2R	5969034	5968990	Deletion	44
2R	5969034	5969003	Deletion	31
2R	5971186	5971079	Deletion	107
2R	5971162	5971079	Deletion	83
2R	5971175	5971079	Deletion	96
2R	5971132	5971079	Deletion	53
2R	5976813	5976697	Deletion	116
2R	5976813	5976725	Deletion	88
2R	5976813	5976744	Deletion	69
2R	5976813	5976755	Deletion	58
2R	5976813	5976782	Deletion	31
2R	5976999	5976903	Deletion	96
2R	5977018	5976903	Deletion	115
2R	5976972	5976903	Deletion	69
2R	5976942	5976903	Deletion	39
2R	5976961	5976903	Deletion	58
2R	5978004	5977886	Deletion	118
2R	5986401	5986287	Deletion	114
2R	5986401	5986311	Deletion	90
2R	5986401	5986315	Deletion	86
2R	5986401	5986322	Deletion	79
2R	5986401	5986360	Deletion	41
2R	5986573	5986533	Deletion	40
2R	5986618	5986533	Deletion	85
2R	5986569	5986533	Deletion	36
2R	5986580	5986533	Deletion	47
2R	5986636	5986533	Deletion	103
2R	6001684	6001588	Deletion	96
2R	6001684	6001600	Deletion	84
2R	6001684	6001629	Deletion	55
2R	6001684	6001636	Deletion	48
2R	6001684	6001645	Deletion	39
2R	6001684	6001649	Deletion	35
2R	6001684	6001652	Deletion	32
2R	6020034	6019943	Deletion	91
2R	6020014	6019943	Deletion	71
2R	6020037	6019943	Deletion	94
2R	6020030	6019943	Deletion	87
2R	6019973	6019943	Deletion	30
2R	6019985	6019943	Deletion	42
2R	6020021	6019943	Deletion	78
2R	6022114	6021999	Deletion	115
2R	6022114	6022002	Deletion	112
2R	6022114	6022003	Deletion	111
2R	6022114	6022017	Deletion	97
2R	6022114	6022018	Deletion	96
2R	6022114	6022028	Deletion	86
2R	6022114	6022054	Deletion	60
2R	6022280	6022237	Deletion	43
2R	6022352	6022237	Deletion	115
2R	6022306	6022237	Deletion	69
2R	6022270	6022237	Deletion	33
2R	6022269	6022237	Deletion	32
2R	6024211	6024091	Deletion	120
2R	6024211	6024099	Deletion	112
2R	6024211	6024099	Deletion	112
2R	6024211	6024143	Deletion	68
2R	6024211	6024162	Deletion	49
2R	6024211	6024181	Deletion	30
2R	6025214	6025154	Deletion	60
2R	6025252	6025154	Deletion	98
2R	6025233	6025154	Deletion	79
2R	6025263	6025154	Deletion	109
2R	6025272	6025154	Deletion	118
2R	6029986	6029862	Deletion	124
2R	6040395	6040287	Deletion	108
2R	6040395	6040298	Deletion	97
2R	6040395	6040305	Deletion	90
2R	6040395	6040309	Deletion	86
2R	6040395	6040340	Deletion	55
2R	6040395	6040363	Deletion	32
2R	6044294	6044257	Deletion	37
2R	6044358	6044257	Deletion	101
2R	6044329	6044257	Deletion	72
2R	6044352	6044257	Deletion	95
2R	6044298	6044257	Deletion	41
2R	6044363	6044257	Deletion	106
2R	6045296	6045203	Deletion	93
2R	6045471	6045347	Deletion	124
2R	6045467	6045347	Deletion	120
2R	6045380	6045347	Deletion	33
2R	6067649	6067568	Deletion	81
2R	6067649	6067573	Deletion	76
2R	6067649	6067596	Deletion	53
2R	6067649	6067607	Deletion	42
2R	6070820	6070697	Deletion	123
2R	6070747	6070697	Deletion	50
2R	6070742	6070697	Deletion	45
2R	6070770	6070697	Deletion	73
2R	6070781	6070697	Deletion	84
2R	6070800	6070697	Deletion	103
2R	6070800	6070698	Deletion	102
2R	6073664	6073544	Deletion	120
2R	6073664	6073546	Deletion	118
2R	6073664	6073565	Deletion	99
2R	6073664	6073570	Deletion	94
2R	6073664	6073580	Deletion	84
2R	6073664	6073620	Deletion	44
2R	6073777	6073735	Deletion	42
2R	6073817	6073735	Deletion	82
2R	6073767	6073735	Deletion	32
2R	6098206	6098167	Deletion	39
2R	6098364	6098254	Deletion	110
2R	6100316	6100239	Deletion	77
2R	6100346	6100239	Deletion	107
2R	6109146	6109052	Deletion	94
2R	6109136	6109052	Deletion	84
2R	6109092	6109052	Deletion	40
2R	6114206	6114082	Deletion	124
2R	6114206	6114089	Deletion	117
2R	6114206	6114124	Deletion	82
2R	6114206	6114146	Deletion	60
2R	6114755	6114711	Deletion	44
2R	6114777	6114711	Deletion	66
2R	6116288	6116172	Deletion	116
2R	6116288	6116176	Deletion	112
2R	6116288	6116197	Deletion	91
2R	6116288	6116201	Deletion	87
2R	6116288	6116214	Deletion	74
2R	6116288	6116215	Deletion	73
2R	6116288	6116227	Deletion	61
2R	6116288	6116243	Deletion	45
2R	6116288	6116246	Deletion	42
2R	6116288	6116247	Deletion	41
2R	6116288	6116253	Deletion	35
2R	6116638	6116598	Deletion	40
2R	6116683	6116598	Deletion	85
2R	6116652	6116598	Deletion	54
2R	6116680	6116598	Deletion	82
2R	6116684	6116598	Deletion	86
2R	6116664	6116598	Deletion	66
2R	6116690	6116598	Deletion	92
2R	6116719	6116598	Deletion	121
2R	6116651	6116598	Deletion	53
2R	6116634	6116598	Deletion	36
2R	6125026	6124906	Deletion	120
2R	6125026	6124911	Deletion	115
2R	6125026	6124912	Deletion	114
2R	6125026	6124916	Deletion	110
2R	6125026	6124922	Deletion	104
2R	6125026	6124928	Deletion	98
2R	6125025	6124943	Deletion	82
2R	6125026	6124992	Deletion	34
2R	6125524	6125480	Deletion	44
2R	6125573	6125481	Deletion	92
2R	6125601	6125481	Deletion	120
2R	6134381	6134264	Deletion	117
2R	6134381	6134295	Deletion	86
2R	6134381	6134311	Deletion	70
2R	6134381	6134335	Deletion	46
2R	6134381	6134341	Deletion	40
2R	6144519	6144437	Deletion	82
2R	6144525	6144437	Deletion	88
2R	6144495	6144437	Deletion	58
2R	6144479	6144437	Deletion	42
2R	6167785	6167662	Deletion	123
2R	6167785	6167694	Deletion	91
2R	6167785	6167731	Deletion	54
2R	6167785	6167733	Deletion	52
2R	6167785	6167753	Deletion	32
2R	6168992	6168895	Deletion	97
2R	6168933	6168895	Deletion	38
2R	6168972	6168895	Deletion	77
2R	6168970	6168895	Deletion	75
2R	6169043	6168931	Deletion	112
2R	6169043	6169005	Deletion	38
2R	6169043	6169013	Deletion	30
2R	6169235	6169139	Deletion	96
2R	6169260	6169139	Deletion	121
2R	6169227	6169139	Deletion	88
2R	6172179	6172057	Deletion	122
2R	6177282	6177188	Deletion	94
2R	6177282	6177218	Deletion	64
2R	6177282	6177229	Deletion	53
2R	6198651	6198589	Deletion	62
2R	6198662	6198589	Deletion	73
2R	6198621	6198589	Deletion	32
2R	6198708	6198589	Deletion	119
2R	6199891	6199782	Deletion	109
2R	6199891	6199806	Deletion	85
2R	6199891	6199825	Deletion	66
2R	6199891	6199829	Deletion	62
2R	6199891	6199842	Deletion	49
2R	6199891	6199847	Deletion	44
2R	6199891	6199853	Deletion	38
2R	6199891	6199860	Deletion	31
2R	6210121	6210042	Deletion	79
2R	6210108	6210042	Deletion	66
2R	6210126	6210042	Deletion	84
2R	6210132	6210042	Deletion	90
2R	6210085	6210042	Deletion	43
2R	6210104	6210042	Deletion	62
2R	6210139	6210042	Deletion	97
2R	6210161	6210042	Deletion	119
2R	6210684	6210562	Deletion	122
2R	6214788	6214665	Deletion	123
2R	6224495	6224369	Deletion	126
2R	6238092	6237971	Deletion	121
2R	6243408	6243288	Deletion	120
2R	6254985	6254899	Deletion	86
2R	6254985	6254952	Deletion	33
2R	6259464	6259424	Deletion	40
2R	6259529	6259424	Deletion	105
2R	6259529	6259424	Deletion	105
2R	6259517	6259424	Deletion	93
2R	6261450	6261329	Deletion	121
2R	6264962	6264912	Deletion	50
2R	6269043	6268925	Deletion	118
2R	6269043	6268926	Deletion	117
2R	6269043	6268927	Deletion	116
2R	6269043	6268962	Deletion	81
2R	6269043	6268963	Deletion	80
2R	6269043	6268964	Deletion	79
2R	6269043	6268967	Deletion	76
2R	6269043	6268970	Deletion	73
2R	6269043	6268997	Deletion	46
2R	6269513	6269433	Deletion	80
2R	6269478	6269433	Deletion	45
2R	6269480	6269433	Deletion	47
2R	6269483	6269433	Deletion	50
2R	6269486	6269433	Deletion	53
2R	6269479	6269433	Deletion	46
2R	6271096	6270988	Deletion	108
2R	6271096	6270993	Deletion	103
2R	6271096	6271010	Deletion	86
2R	6271096	6271037	Deletion	59
2R	6271096	6271048	Deletion	48
2R	6271096	6271051	Deletion	45
2R	6272083	6272039	Deletion	44
2R	6273645	6273611	Deletion	34
2R	6277088	6277056	Deletion	32
2R	6277786	6277734	Deletion	52
2R	6279558	6279463	Deletion	95
2R	6286505	6286460	Deletion	45
2R	6296383	6296328	Deletion	55
2R	6301756	6301666	Deletion	90
2R	6301842	6301806	Deletion	36
2R	6308441	6308386	Deletion	55
2R	6309051	6309013	Deletion	38
2R	6313529	6313414	Deletion	115
2R	6316026	6315924	Deletion	102
2R	6319855	6319804	Deletion	51
2R	6319847	6319804	Deletion	43
2R	6322527	6322439	Deletion	88
2R	6322527	6322451	Deletion	76
2R	6322527	6322469	Deletion	58
2R	6322527	6322476	Deletion	51
2R	6322527	6322486	Deletion	41
2R	6325069	6324983	Deletion	86
2R	6325022	6324983	Deletion	39
2R	6325052	6324983	Deletion	69
2R	6325097	6324983	Deletion	114
2R	6325059	6324983	Deletion	76
2R	6325034	6324983	Deletion	51
2R	6329252	6329153	Deletion	99
2R	6329252	6329166	Deletion	86
2R	6329252	6329185	Deletion	67
2R	6329252	6329186	Deletion	66
2R	6333067	6332984	Deletion	83
2R	6334066	6333993	Deletion	73
2R	6334549	6334427	Deletion	122
2R	6334479	6334427	Deletion	52
2R	6346184	6346061	Deletion	123
2R	6346184	6346073	Deletion	111
2R	6346184	6346086	Deletion	98
2R	6347281	6347202	Deletion	79
2R	6348708	6348660	Deletion	48
2R	6349515	6349426	Deletion	89
2R	6349628	6349572	Deletion	56
2R	6351581	6351514	Deletion	67
2R	6351551	6351514	Deletion	37
2R	6354268	6354178	Deletion	90
2R	6354268	6354208	Deletion	60
2R	6360921	6360862	Deletion	59
2R	6372631	6372507	Deletion	124
2R	6372631	6372512	Deletion	119
2R	6372631	6372518	Deletion	113
2R	6372631	6372528	Deletion	103
2R	6372631	6372546	Deletion	85
2R	6372631	6372572	Deletion	59
2R	6372948	6372847	Deletion	101
2R	6372915	6372847	Deletion	68
2R	6374673	6374583	Deletion	90
2R	6376044	6375922	Deletion	122
2R	6383853	6383805	Deletion	48
2R	6383853	6383811	Deletion	42
2R	6390888	6390857	Deletion	31
2R	6391449	6391357	Deletion	92
2R	6393573	6393452	Deletion	121
2R	6399461	6399338	Deletion	123
2R	6410718	6410676	Deletion	42
2R	6414831	6414715	Deletion	116
2R	6414855	6414758	Deletion	97
2R	6414831	6414797	Deletion	34
2R	6415263	6415149	Deletion	114
2R	6415269	6415149	Deletion	120
2R	6419212	6419155	Deletion	57
2R	6426800	6426768	Deletion	32
2R	6436371	6436256	Deletion	115
2R	6436371	6436259	Deletion	112
2R	6436371	6436273	Deletion	98
2R	6436371	6436294	Deletion	77
2R	6436371	6436322	Deletion	49
2R	6436371	6436324	Deletion	47
2R	6436371	6436331	Deletion	40
2R	6436371	6436340	Deletion	31
2R	6436542	6436506	Deletion	36
2R	6436542	6436506	Deletion	36
2R	6436542	6436506	Deletion	36
2R	6436542	6436506	Deletion	36
2R	6436542	6436506	Deletion	36
2R	6436542	6436506	Deletion	36
2R	6436542	6436506	Deletion	36
2R	6436542	6436507	Deletion	35
2R	6439080	6439030	Deletion	50
2R	6439106	6439030	Deletion	76
2R	6439096	6439030	Deletion	66
2R	6439089	6439030	Deletion	59
2R	6439071	6439030	Deletion	41
2R	6439073	6439030	Deletion	43
2R	6439121	6439030	Deletion	91
2R	6443307	6443267	Deletion	40
2R	6444691	6444634	Deletion	57
2R	6445438	6445404	Deletion	34
2R	6445834	6445754	Deletion	80
2R	6446851	6446729	Deletion	122
2R	6448237	6448113	Deletion	124
2R	6448216	6448113	Deletion	103
2R	6448149	6448113	Deletion	36
2R	6448184	6448113	Deletion	71
2R	6448160	6448113	Deletion	47
2R	6448194	6448113	Deletion	81
2R	6448159	6448113	Deletion	46
2R	6454165	6454088	Deletion	77
2R	6454165	6454093	Deletion	72
2R	6455647	6455530	Deletion	117
2R	6456794	6456735	Deletion	59
2R	6460025	6459921	Deletion	104
2R	6460025	6459929	Deletion	96
2R	6460025	6459936	Deletion	89
2R	6460025	6459952	Deletion	73
2R	6463897	6463801	Deletion	96
2R	6463890	6463801	Deletion	89
2R	6463925	6463801	Deletion	124
2R	6463839	6463801	Deletion	38
2R	6463855	6463801	Deletion	54
2R	6463832	6463801	Deletion	31
2R	6463922	6463801	Deletion	121
2R	6463906	6463806	Deletion	100
2R	6465433	6465311	Deletion	122
2R	6465433	6465347	Deletion	86
2R	6465433	6465349	Deletion	84
2R	6465433	6465367	Deletion	66
2R	6465770	6465729	Deletion	41
2R	6465772	6465729	Deletion	43
2R	6465790	6465729	Deletion	61
2R	6471813	6471715	Deletion	98
2R	6473984	6473870	Deletion	114
2R	6478723	6478629	Deletion	94
2R	6478723	6478641	Deletion	82
2R	6478723	6478666	Deletion	57
2R	6479154	6479105	Deletion	49
2R	6483903	6483807	Deletion	96
2R	6483876	6483807	Deletion	69
2R	6483926	6483807	Deletion	119
2R	6483851	6483807	Deletion	44
2R	6483889	6483807	Deletion	82
2R	6483904	6483807	Deletion	97
2R	6483886	6483807	Deletion	79
2R	6484145	6484051	Deletion	94
2R	6484145	6484079	Deletion	66
2R	6484145	6484094	Deletion	51
2R	6485823	6485760	Deletion	63
2R	6486154	6486123	Deletion	31
2R	6486591	6486528	Deletion	63
2R	6491141	6491036	Deletion	105
2R	6491112	6491036	Deletion	76
2R	6491097	6491036	Deletion	61
2R	6495571	6495478	Deletion	93
2R	6495571	6495498	Deletion	73
2R	6495571	6495507	Deletion	64
2R	6498354	6498320	Deletion	34
2R	6503264	6503163	Deletion	101
2R	6503264	6503173	Deletion	91
2R	6503264	6503177	Deletion	87
2R	6503264	6503181	Deletion	83
2R	6503264	6503191	Deletion	73
2R	6503264	6503211	Deletion	53
2R	6503264	6503223	Deletion	41
2R	6504800	6504765	Deletion	35
2R	6504804	6504765	Deletion	39
2R	6504808	6504765	Deletion	43
2R	6504818	6504765	Deletion	53
2R	6504879	6504765	Deletion	114
2R	6504850	6504765	Deletion	85
2R	6504870	6504765	Deletion	105
2R	6504875	6504765	Deletion	110
2R	6504838	6504765	Deletion	73
2R	6519019	6518903	Deletion	116
2R	6519019	6518915	Deletion	104
2R	6519019	6518941	Deletion	78
2R	6519019	6518983	Deletion	36
2R	6519117	6519068	Deletion	49
2R	6519159	6519068	Deletion	91
2R	6520585	6520462	Deletion	123
2R	6520585	6520486	Deletion	99
2R	6520585	6520526	Deletion	59
2R	6530958	6530856	Deletion	102
2R	6530925	6530856	Deletion	69
2R	6538075	6537959	Deletion	116
2R	6538075	6537969	Deletion	106
2R	6538075	6537978	Deletion	97
2R	6538075	6538045	Deletion	30
2R	6543509	6543413	Deletion	96
2R	6543520	6543413	Deletion	107
2R	6543502	6543413	Deletion	89
2R	6543530	6543413	Deletion	117
2R	6550902	6550790	Deletion	112
2R	6550902	6550807	Deletion	95
2R	6550902	6550813	Deletion	89
2R	6550902	6550825	Deletion	77
2R	6550902	6550832	Deletion	70
2R	6556054	6556005	Deletion	49
2R	6556061	6556005	Deletion	56
2R	6556042	6556005	Deletion	37
2R	6561998	6561948	Deletion	50
2R	6562312	6562189	Deletion	123
2R	6562266	6562189	Deletion	77
2R	6564035	6563932	Deletion	103
2R	6564035	6563946	Deletion	89
2R	6564035	6563949	Deletion	86
2R	6564035	6563963	Deletion	72
2R	6564035	6563972	Deletion	63
2R	6564035	6563978	Deletion	57
2R	6568086	6568049	Deletion	37
2R	6568118	6568049	Deletion	69
2R	6568112	6568049	Deletion	63
2R	6568103	6568049	Deletion	54
2R	6568089	6568049	Deletion	40
2R	6568161	6568049	Deletion	112
2R	6568160	6568050	Deletion	110
2R	6574234	6574110	Deletion	124
2R	6581787	6581670	Deletion	117
2R	6581870	6581765	Deletion	105
2R	6582895	6582802	Deletion	93
2R	6603105	6602983	Deletion	122
2R	6603105	6603049	Deletion	56
2R	6603413	6603342	Deletion	71
2R	6616297	6616200	Deletion	97
2R	6616297	6616219	Deletion	78
2R	6616297	6616251	Deletion	46
2R	6622423	6622374	Deletion	49
2R	6622455	6622374	Deletion	81
2R	6626273	6626158	Deletion	115
2R	6626273	6626166	Deletion	107
2R	6626273	6626178	Deletion	95
2R	6626273	6626194	Deletion	79
2R	6626273	6626212	Deletion	61
2R	6626273	6626219	Deletion	54
2R	6626273	6626225	Deletion	48
2R	6626273	6626234	Deletion	39
2R	6626725	6626694	Deletion	31
2R	6626741	6626694	Deletion	47
2R	6626781	6626694	Deletion	87
2R	6626759	6626694	Deletion	65
2R	6626766	6626694	Deletion	72
2R	6626772	6626694	Deletion	78
2R	6626818	6626694	Deletion	124
2R	6631729	6631616	Deletion	113
2R	6631729	6631621	Deletion	108
2R	6631729	6631657	Deletion	72
2R	6631729	6631675	Deletion	54
2R	6631729	6631699	Deletion	30
2R	6631919	6631820	Deletion	99
2R	6631877	6631820	Deletion	57
2R	6631895	6631820	Deletion	75
2R	6631925	6631820	Deletion	105
2R	6631934	6631824	Deletion	110
2R	6651734	6651614	Deletion	120
2R	6651734	6651616	Deletion	118
2R	6651734	6651644	Deletion	90
2R	6651734	6651645	Deletion	89
2R	6651734	6651650	Deletion	84
2R	6651734	6651695	Deletion	39
2R	6653514	6653477	Deletion	37
2R	6653595	6653477	Deletion	118
2R	6653515	6653477	Deletion	38
2R	6653565	6653477	Deletion	88
2R	6653594	6653477	Deletion	117
2R	6653596	6653477	Deletion	119
2R	6653520	6653477	Deletion	43
2R	6653582	6653477	Deletion	105
2R	6653583	6653477	Deletion	106
2R	6672410	6672342	Deletion	68
2R	6672410	6672344	Deletion	66
2R	6672410	6672348	Deletion	62
2R	6672410	6672362	Deletion	48
2R	6672713	6672652	Deletion	61
2R	6672731	6672652	Deletion	79
2R	6672717	6672652	Deletion	65
2R	6672772	6672652	Deletion	120
2R	6672711	6672652	Deletion	59
2R	6672775	6672652	Deletion	123
2R	6683592	6683471	Deletion	121
2R	6683592	6683475	Deletion	117
2R	6683592	6683508	Deletion	84
2R	6683592	6683508	Deletion	84
2R	6683592	6683535	Deletion	57
2R	6683762	6683720	Deletion	42
2R	6683762	6683720	Deletion	42
2R	6683839	6683720	Deletion	119
2R	6683789	6683720	Deletion	69
2R	6688590	6688466	Deletion	124
2R	6688590	6688470	Deletion	120
2R	6688590	6688491	Deletion	99
2R	6688590	6688494	Deletion	96
2R	6688590	6688505	Deletion	85
2R	6688590	6688512	Deletion	78
2R	6688590	6688514	Deletion	76
2R	6688590	6688516	Deletion	74
2R	6708087	6707969	Deletion	118
2R	6708001	6707969	Deletion	32
2R	6708023	6707969	Deletion	54
2R	6708081	6707969	Deletion	112
2R	6708021	6707969	Deletion	52
2R	6708071	6707969	Deletion	102
2R	6708019	6707969	Deletion	50
2R	6708012	6707969	Deletion	43
2R	6715671	6715554	Deletion	117
2R	6715671	6715554	Deletion	117
2R	6715671	6715558	Deletion	113
2R	6715671	6715581	Deletion	90
2R	6715671	6715627	Deletion	44
2R	6715671	6715627	Deletion	44
2R	6717124	6717007	Deletion	117
2R	6717043	6717007	Deletion	36
2R	6717089	6717007	Deletion	82
2R	6717117	6717007	Deletion	110
2R	6717089	6717007	Deletion	82
2R	6717111	6717007	Deletion	104
2R	6739312	6739214	Deletion	98
2R	6739312	6739226	Deletion	86
2R	6739312	6739229	Deletion	83
2R	6739312	6739230	Deletion	82
2R	6739312	6739236	Deletion	76
2R	6739312	6739249	Deletion	63
2R	6740171	6740108	Deletion	63
2R	6740158	6740108	Deletion	50
2R	6740148	6740108	Deletion	40
2R	6740152	6740108	Deletion	44
2R	6740206	6740108	Deletion	98
2R	6740225	6740108	Deletion	117
2R	6740208	6740108	Deletion	100
2R	6740151	6740108	Deletion	43
2R	6744064	6743943	Deletion	121
2R	6761123	6761004	Deletion	119
2R	6761123	6761006	Deletion	117
2R	6761123	6761013	Deletion	110
2R	6761123	6761034	Deletion	89
2R	6761123	6761038	Deletion	85
2R	6761123	6761048	Deletion	75
2R	6761123	6761063	Deletion	60
2R	6761123	6761065	Deletion	58
2R	6761123	6761087	Deletion	36
2R	6762071	6761973	Deletion	98
2R	6762010	6761973	Deletion	37
2R	6762041	6761973	Deletion	68
2R	6762024	6761973	Deletion	51
2R	6762014	6761973	Deletion	41
2R	6762063	6761973	Deletion	90
2R	6762039	6761973	Deletion	66
2R	6798014	6797904	Deletion	110
2R	6798014	6797938	Deletion	76
2R	6798014	6797949	Deletion	65
2R	6798014	6797954	Deletion	60
2R	6798014	6797971	Deletion	43
2R	6798014	6797976	Deletion	38
2R	6806939	6806840	Deletion	99
2R	6806923	6806840	Deletion	83
2R	6806957	6806840	Deletion	117
2R	6806928	6806840	Deletion	88
2R	6806940	6806840	Deletion	100
2R	6806906	6806840	Deletion	66
2R	6806890	6806840	Deletion	50
2R	6806901	6806840	Deletion	61
2R	6828066	6827950	Deletion	116
2R	6829356	6829233	Deletion	123
2R	6834494	6834372	Deletion	122
2R	6834494	6834374	Deletion	120
2R	6834494	6834376	Deletion	118
2R	6834494	6834396	Deletion	98
2R	6834494	6834416	Deletion	78
2R	6834494	6834438	Deletion	56
2R	6834494	6834463	Deletion	31
2R	6835602	6835531	Deletion	71
2R	6835580	6835531	Deletion	49
2R	6835627	6835531	Deletion	96
2R	6835645	6835531	Deletion	114
2R	6835645	6835531	Deletion	114
2R	6844683	6844638	Deletion	45
2R	6844683	6844650	Deletion	33
2R	6844830	6844736	Deletion	94
2R	6844818	6844736	Deletion	82
2R	6844860	6844736	Deletion	124
2R	6848765	6848645	Deletion	120
2R	6848765	6848645	Deletion	120
2R	6848765	6848713	Deletion	52
2R	6886299	6886225	Deletion	74
2R	6887242	6887129	Deletion	113
2R	6887242	6887132	Deletion	110
2R	6887242	6887138	Deletion	104
2R	6887242	6887144	Deletion	98
2R	6887242	6887169	Deletion	73
2R	6887242	6887201	Deletion	41
2R	6888256	6888169	Deletion	87
2R	6888224	6888169	Deletion	55
2R	6888199	6888169	Deletion	30
2R	6894745	6894625	Deletion	120
2R	6894749	6894662	Deletion	87
2R	6894749	6894668	Deletion	81
2R	6894749	6894688	Deletion	61
2R	6894749	6894689	Deletion	60
2R	6894749	6894696	Deletion	53
2R	6894749	6894711	Deletion	38
2R	6922111	6922044	Deletion	67
2R	6922110	6922044	Deletion	66
2R	6922133	6922044	Deletion	89
2R	6922157	6922044	Deletion	113
2R	6922084	6922044	Deletion	40
2R	6922090	6922044	Deletion	46
2R	6922118	6922044	Deletion	74
2R	6923653	6923560	Deletion	93
2R	6923658	6923562	Deletion	96
2R	6923658	6923590	Deletion	68
2R	6923658	6923607	Deletion	51
2R	6923658	6923611	Deletion	47
2R	6923658	6923615	Deletion	43
2R	6936062	6936004	Deletion	58
2R	6936079	6936004	Deletion	75
2R	6936102	6936004	Deletion	98
2R	6936087	6936004	Deletion	83
2R	6936083	6936004	Deletion	79
2R	6937380	6937259	Deletion	121
2R	6941935	6941823	Deletion	112
2R	6941935	6941830	Deletion	105
2R	6941935	6941833	Deletion	102
2R	6941935	6941837	Deletion	98
2R	6941935	6941843	Deletion	92
2R	6941935	6941844	Deletion	91
2R	6942176	6942141	Deletion	35
2R	6942255	6942141	Deletion	114
2R	6942261	6942141	Deletion	120
2R	6942175	6942141	Deletion	34
2R	6942392	6942275	Deletion	117
2R	6942392	6942280	Deletion	112
2R	6942392	6942329	Deletion	63
2R	6942392	6942336	Deletion	56
2R	6942392	6942354	Deletion	38
2R	6942732	6942641	Deletion	91
2R	6942707	6942641	Deletion	66
2R	6942714	6942641	Deletion	73
2R	6950224	6950102	Deletion	122
2R	6950224	6950113	Deletion	111
2R	6950224	6950124	Deletion	100
2R	6950224	6950154	Deletion	70
2R	6950224	6950184	Deletion	40
2R	6950224	6950187	Deletion	37
2R	6950370	6950314	Deletion	56
2R	6950403	6950314	Deletion	89
2R	6950400	6950314	Deletion	86
2R	6955055	6955013	Deletion	42
2R	6957074	6956985	Deletion	89
2R	6957172	6957123	Deletion	49
2R	6958639	6958573	Deletion	66
2R	6958677	6958573	Deletion	104
2R	6964795	6964677	Deletion	118
2R	7013346	7013224	Deletion	122
2R	7023921	7023800	Deletion	121
2R	7023921	7023818	Deletion	103
2R	7023921	7023848	Deletion	73
2R	7023921	7023856	Deletion	65
2R	7025169	7025065	Deletion	104
2R	7025126	7025065	Deletion	61
2R	7025168	7025065	Deletion	103
2R	7025164	7025065	Deletion	99
2R	7025118	7025065	Deletion	53
2R	7027459	7027337	Deletion	122
2R	7033589	7033467	Deletion	122
2R	7033589	7033490	Deletion	99
2R	7033589	7033502	Deletion	87
2R	7033589	7033531	Deletion	58
2R	7033589	7033536	Deletion	53
2R	7034681	7034607	Deletion	74
2R	7034676	7034607	Deletion	69
2R	7034718	7034607	Deletion	111
2R	7034647	7034607	Deletion	40
2R	7034730	7034607	Deletion	123
2R	7034717	7034607	Deletion	110
2R	7049910	7049788	Deletion	122
2R	7049910	7049825	Deletion	85
2R	7049910	7049831	Deletion	79
2R	7049910	7049843	Deletion	67
2R	7049910	7049862	Deletion	48
2R	7049910	7049879	Deletion	31
2R	7055946	7055851	Deletion	95
2R	7055898	7055851	Deletion	47
2R	7055910	7055851	Deletion	59
2R	7055892	7055851	Deletion	41
2R	7055929	7055851	Deletion	78
2R	7062515	7062410	Deletion	105
2R	7062515	7062412	Deletion	103
2R	7062515	7062429	Deletion	86
2R	7062515	7062433	Deletion	82
2R	7062515	7062467	Deletion	48
2R	7062515	7062468	Deletion	47
2R	7062678	7062564	Deletion	114
2R	7062643	7062564	Deletion	79
2R	7062644	7062564	Deletion	80
2R	7062605	7062564	Deletion	41
2R	7062609	7062564	Deletion	45
2R	7062687	7062564	Deletion	123
2R	7063243	7063122	Deletion	121
2R	7065717	7065594	Deletion	123
2R	7065717	7065614	Deletion	103
2R	7065717	7065632	Deletion	85
2R	7065717	7065640	Deletion	77
2R	7065717	7065647	Deletion	70
2R	7065717	7065651	Deletion	66
2R	7065717	7065661	Deletion	56
2R	7065717	7065683	Deletion	34
2R	7065717	7065684	Deletion	33
2R	7070940	7070884	Deletion	56
2R	7070944	7070884	Deletion	60
2R	7070999	7070884	Deletion	115
2R	7070933	7070884	Deletion	49
2R	7070976	7070884	Deletion	92
2R	7070977	7070884	Deletion	93
2R	7070954	7070884	Deletion	70
2R	7070925	7070884	Deletion	41
2R	7110483	7110375	Deletion	108
2R	7110483	7110405	Deletion	78
2R	7110483	7110414	Deletion	69
2R	7113063	7112961	Deletion	102
2R	7113070	7112961	Deletion	109
2R	7113069	7112961	Deletion	108
2R	7113018	7112961	Deletion	57
2R	7113009	7112961	Deletion	48
2R	7133267	7133184	Deletion	83
2R	7133267	7133199	Deletion	68
2R	7133267	7133212	Deletion	55
2R	7133267	7133223	Deletion	44
2R	7133267	7133233	Deletion	34
2R	7153578	7153507	Deletion	71
2R	7153599	7153507	Deletion	92
2R	7153589	7153507	Deletion	82
2R	7153550	7153507	Deletion	43
2R	7153565	7153507	Deletion	58
2R	7155483	7155359	Deletion	124
2R	7163662	7163559	Deletion	103
2R	7163662	7163559	Deletion	103
2R	7163662	7163583	Deletion	79
2R	7163662	7163620	Deletion	42
2R	7169464	7169358	Deletion	106
2R	7169443	7169358	Deletion	85
2R	7169406	7169358	Deletion	48
2R	7169489	7169379	Deletion	110
2R	7169489	7169388	Deletion	101
2R	7169489	7169401	Deletion	88
2R	7169489	7169459	Deletion	30
2R	7171555	7171517	Deletion	38
2R	7171613	7171517	Deletion	96
2R	7172863	7172739	Deletion	124
2R	7172863	7172762	Deletion	101
2R	7172863	7172785	Deletion	78
2R	7172863	7172794	Deletion	69
2R	7172863	7172802	Deletion	61
2R	7174320	7174272	Deletion	48
2R	7174376	7174272	Deletion	104
2R	7174392	7174272	Deletion	120
2R	7174329	7174272	Deletion	57
2R	7174337	7174272	Deletion	65
2R	7182008	7181904	Deletion	104
2R	7182008	7181952	Deletion	56
2R	7182008	7181955	Deletion	53
2R	7182008	7181973	Deletion	35
2R	7183629	7183520	Deletion	109
2R	7183590	7183520	Deletion	70
2R	7183611	7183520	Deletion	91
2R	7183593	7183520	Deletion	73
2R	7194107	7193989	Deletion	118
2R	7194107	7194009	Deletion	98
2R	7194107	7194023	Deletion	84
2R	7194107	7194047	Deletion	60
2R	7194107	7194048	Deletion	59
2R	7194107	7194059	Deletion	48
2R	7198086	7197972	Deletion	114
2R	7200001	7199971	Deletion	30
2R	7208310	7208243	Deletion	67
2R	7208285	7208243	Deletion	42
2R	7208363	7208243	Deletion	120
2R	7208321	7208243	Deletion	78
2R	7208309	7208243	Deletion	66
2R	7209940	7209906	Deletion	34
2R	7215245	7215121	Deletion	124
2R	7215683	7215644	Deletion	39
2R	7215853	7215810	Deletion	43
2R	7222642	7222529	Deletion	113
2R	7222642	7222573	Deletion	69
2R	7222642	7222573	Deletion	69
2R	7225993	7225935	Deletion	58
2R	7225993	7225935	Deletion	58
2R	7226810	7226697	Deletion	113
2R	7226810	7226723	Deletion	87
2R	7226810	7226729	Deletion	81
2R	7226810	7226740	Deletion	70
2R	7228632	7228593	Deletion	39
2R	7228649	7228593	Deletion	56
2R	7228638	7228593	Deletion	45
2R	7228704	7228593	Deletion	111
2R	7228702	7228593	Deletion	109
2R	7231247	7231135	Deletion	112
2R	7231247	7231200	Deletion	47
2R	7231699	7231620	Deletion	79
2R	7231719	7231620	Deletion	99
2R	7231738	7231620	Deletion	118
2R	7235489	7235366	Deletion	123
2R	7237756	7237663	Deletion	93
2R	7238383	7238260	Deletion	123
2R	7238858	7238807	Deletion	51
2R	7240410	7240342	Deletion	68
2R	7240388	7240342	Deletion	46
2R	7246547	7246482	Deletion	65
2R	7246547	7246491	Deletion	56
2R	7246547	7246493	Deletion	54
2R	7246547	7246508	Deletion	39
2R	7255104	7254989	Deletion	115
2R	7255050	7254989	Deletion	61
2R	7255061	7254989	Deletion	72
2R	7255059	7254989	Deletion	70
2R	7255076	7254989	Deletion	87
2R	7258981	7258877	Deletion	104
2R	7258981	7258898	Deletion	83
2R	7258981	7258918	Deletion	63
2R	7258981	7258944	Deletion	37
2R	7258981	7258947	Deletion	34
2R	7263299	7263219	Deletion	80
2R	7264912	7264876	Deletion	36
2R	7265091	7265015	Deletion	76
2R	7265369	7265274	Deletion	95
2R	7266394	7266342	Deletion	52
2R	7267872	7267761	Deletion	111
2R	7268608	7268509	Deletion	99
2R	7274376	7274283	Deletion	93
2R	7274327	7274283	Deletion	44
2R	7274347	7274283	Deletion	64
2R	7274380	7274283	Deletion	97
2R	7274389	7274283	Deletion	106
2R	7274373	7274283	Deletion	90
2R	7275235	7275114	Deletion	121
2R	7297729	7297616	Deletion	113
2R	7311009	7310914	Deletion	95
2R	7311009	7310946	Deletion	63
2R	7311009	7310951	Deletion	58
2R	7311009	7310958	Deletion	51
2R	7311009	7310965	Deletion	44
2R	7311273	7311196	Deletion	77
2R	7311315	7311196	Deletion	119
2R	7311229	7311196	Deletion	33
2R	7311320	7311196	Deletion	124
2R	7311261	7311196	Deletion	65
2R	7311266	7311196	Deletion	70
2R	7311280	7311199	Deletion	81
2R	7317349	7317239	Deletion	110
2R	7317349	7317239	Deletion	110
2R	7317349	7317245	Deletion	104
2R	7317349	7317247	Deletion	102
2R	7317349	7317266	Deletion	83
2R	7317349	7317292	Deletion	57
2R	7317349	7317296	Deletion	53
2R	7318739	7318666	Deletion	73
2R	7318709	7318666	Deletion	43
2R	7318784	7318666	Deletion	118
2R	7318735	7318666	Deletion	69
2R	7318789	7318666	Deletion	123
2R	7328186	7328078	Deletion	108
2R	7328186	7328088	Deletion	98
2R	7328186	7328095	Deletion	91
2R	7328186	7328143	Deletion	43
2R	7331403	7331319	Deletion	84
2R	7331355	7331319	Deletion	36
2R	7341672	7341558	Deletion	114
2R	7341672	7341575	Deletion	97
2R	7344582	7344469	Deletion	113
2R	7344499	7344469	Deletion	30
2R	7344572	7344469	Deletion	103
2R	7357086	7356969	Deletion	117
2R	7357086	7356981	Deletion	105
2R	7357086	7356996	Deletion	90
2R	7357086	7357013	Deletion	73
2R	7357086	7357037	Deletion	49
2R	7357086	7357047	Deletion	39
2R	7357086	7357048	Deletion	38
2R	7360142	7360065	Deletion	77
2R	7360174	7360065	Deletion	109
2R	7360168	7360065	Deletion	103
2R	7360101	7360065	Deletion	36
2R	7360118	7360065	Deletion	53
2R	7360152	7360065	Deletion	87
2R	7360170	7360065	Deletion	105
2R	7360152	7360065	Deletion	87
2R	7372393	7372278	Deletion	115
2R	7372393	7372295	Deletion	98
2R	7372393	7372303	Deletion	90
2R	7372393	7372306	Deletion	87
2R	7372393	7372311	Deletion	82
2R	7372393	7372313	Deletion	80
2R	7372393	7372338	Deletion	55
2R	7373210	7373139	Deletion	71
2R	7373178	7373139	Deletion	39
2R	7373185	7373139	Deletion	46
2R	7373183	7373139	Deletion	44
2R	7373236	7373139	Deletion	97
2R	7373175	7373139	Deletion	36
2R	7393562	7393451	Deletion	111
2R	7393562	7393453	Deletion	109
2R	7393562	7393466	Deletion	96
2R	7393562	7393473	Deletion	89
2R	7393562	7393489	Deletion	73
2R	7393562	7393505	Deletion	57
2R	7393562	7393514	Deletion	48
2R	7393722	7393669	Deletion	53
2R	7393767	7393669	Deletion	98
2R	7393785	7393669	Deletion	116
2R	7393738	7393669	Deletion	69
2R	7393789	7393669	Deletion	120
2R	7393706	7393669	Deletion	37
2R	7393747	7393669	Deletion	78
2R	7397154	7397037	Deletion	117
2R	7398259	7398148	Deletion	111
2R	7398259	7398177	Deletion	82
2R	7398259	7398199	Deletion	60
2R	7398259	7398211	Deletion	48
2R	7398259	7398219	Deletion	40
2R	7399756	7399654	Deletion	102
2R	7399699	7399654	Deletion	45
2R	7399721	7399654	Deletion	67
2R	7399733	7399654	Deletion	79
2R	7399741	7399654	Deletion	87
2R	7404093	7404001	Deletion	92
2R	7404093	7404033	Deletion	60
2R	7413953	7413916	Deletion	37
2R	7413985	7413916	Deletion	69
2R	7418973	7418859	Deletion	114
2R	7418973	7418879	Deletion	94
2R	7418973	7418883	Deletion	90
2R	7418973	7418890	Deletion	83
2R	7418973	7418897	Deletion	76
2R	7418973	7418905	Deletion	68
2R	7418973	7418941	Deletion	32
2R	7423322	7423286	Deletion	36
2R	7423329	7423286	Deletion	43
2R	7423405	7423286	Deletion	119
2R	7423336	7423286	Deletion	50
2R	7423318	7423286	Deletion	32
2R	7423380	7423286	Deletion	94
2R	7423408	7423286	Deletion	122
2R	7423387	7423286	Deletion	101
2R	7423344	7423286	Deletion	58
2R	7429464	7429343	Deletion	121
2R	7435388	7435350	Deletion	38
2R	7438720	7438614	Deletion	106
2R	7439113	7439005	Deletion	108
2R	7441311	7441189	Deletion	122
2R	7450219	7450099	Deletion	120
2R	7450219	7450109	Deletion	110
2R	7450219	7450131	Deletion	88
2R	7450219	7450141	Deletion	78
2R	7450219	7450157	Deletion	62
2R	7450219	7450169	Deletion	50
2R	7450219	7450170	Deletion	49
2R	7450219	7450174	Deletion	45
2R	7450219	7450189	Deletion	30
2R	7455554	7455447	Deletion	107
2R	7455525	7455447	Deletion	78
2R	7455550	7455447	Deletion	103
2R	7455486	7455447	Deletion	39
2R	7455512	7455447	Deletion	65
2R	7455496	7455447	Deletion	49
2R	7455544	7455447	Deletion	97
2R	7455524	7455447	Deletion	77
2R	7455529	7455447	Deletion	82
2R	7455552	7455447	Deletion	105
2R	7465228	7465108	Deletion	120
2R	7465228	7465113	Deletion	115
2R	7465228	7465122	Deletion	106
2R	7465228	7465128	Deletion	100
2R	7465228	7465129	Deletion	99
2R	7465228	7465172	Deletion	56
2R	7465228	7465182	Deletion	46
2R	7465228	7465196	Deletion	32
2R	7471817	7471745	Deletion	72
2R	7471841	7471745	Deletion	96
2R	7471827	7471745	Deletion	82
2R	7477442	7477321	Deletion	121
2R	7487725	7487603	Deletion	122
2R	7487725	7487607	Deletion	118
2R	7487725	7487670	Deletion	55
2R	7487725	7487679	Deletion	46
2R	7488157	7488077	Deletion	80
2R	7488201	7488077	Deletion	124
2R	7488148	7488077	Deletion	71
2R	7499881	7499760	Deletion	121
2R	7509561	7509454	Deletion	107
2R	7509561	7509460	Deletion	101
2R	7509561	7509477	Deletion	84
2R	7509561	7509504	Deletion	57
2R	7509561	7509528	Deletion	33
2R	7515948	7515905	Deletion	43
2R	7515975	7515905	Deletion	70
2R	7515999	7515905	Deletion	94
2R	7516005	7515905	Deletion	100
2R	7516009	7515905	Deletion	104
2R	7518452	7518336	Deletion	116
2R	7518452	7518338	Deletion	114
2R	7518452	7518354	Deletion	98
2R	7518452	7518404	Deletion	48
2R	7518452	7518408	Deletion	44
2R	7518926	7518844	Deletion	82
2R	7518948	7518844	Deletion	104
2R	7518922	7518844	Deletion	78
2R	7518948	7518844	Deletion	104
2R	7518959	7518844	Deletion	115
2R	7518944	7518844	Deletion	100
2R	7555324	7555207	Deletion	117
2R	7555324	7555225	Deletion	99
2R	7555324	7555258	Deletion	66
2R	7555324	7555276	Deletion	48
2R	7555324	7555280	Deletion	44
2R	7565445	7565383	Deletion	62
2R	7565467	7565383	Deletion	84
2R	7565463	7565383	Deletion	80
2R	7565497	7565383	Deletion	114
2R	7571660	7571547	Deletion	113
2R	7571660	7571575	Deletion	85
2R	7571660	7571585	Deletion	75
2R	7571660	7571590	Deletion	70
2R	7571660	7571598	Deletion	62
2R	7571660	7571613	Deletion	47
2R	7573438	7573382	Deletion	56
2R	7573423	7573382	Deletion	41
2R	7573446	7573382	Deletion	64
2R	7573433	7573382	Deletion	51
2R	7573461	7573382	Deletion	79
2R	7586535	7586412	Deletion	123
2R	7596122	7596001	Deletion	121
2R	7596122	7596052	Deletion	70
2R	7596122	7596054	Deletion	68
2R	7596122	7596057	Deletion	65
2R	7596122	7596065	Deletion	57
2R	7596122	7596079	Deletion	43
2R	7596242	7596183	Deletion	59
2R	7596253	7596183	Deletion	70
2R	7596267	7596183	Deletion	84
2R	7596245	7596183	Deletion	62
2R	7596240	7596183	Deletion	57
2R	7596325	7596209	Deletion	116
2R	7596325	7596234	Deletion	91
2R	7596325	7596280	Deletion	45
2R	7596414	7596378	Deletion	36
2R	7596460	7596378	Deletion	82
2R	7596501	7596378	Deletion	123
2R	7609160	7609041	Deletion	119
2R	7610113	7609995	Deletion	118
2R	7611483	7611397	Deletion	86
2R	7612688	7612581	Deletion	107
2R	7612688	7612640	Deletion	48
2R	7614152	7614110	Deletion	42
2R	7614158	7614110	Deletion	48
2R	7614204	7614110	Deletion	94
2R	7614189	7614110	Deletion	79
2R	7614222	7614110	Deletion	112
2R	7614217	7614110	Deletion	107
2R	7614289	7614169	Deletion	120
2R	7614289	7614173	Deletion	116
2R	7614289	7614174	Deletion	115
2R	7614289	7614195	Deletion	94
2R	7614289	7614202	Deletion	87
2R	7614289	7614214	Deletion	75
2R	7614289	7614230	Deletion	59
2R	7614289	7614249	Deletion	40
2R	7614289	7614253	Deletion	36
2R	7614289	7614256	Deletion	33
2R	7617474	7617434	Deletion	40
2R	7617528	7617434	Deletion	94
2R	7617486	7617434	Deletion	52
2R	7617467	7617434	Deletion	33
2R	7617502	7617434	Deletion	68
2R	7617525	7617434	Deletion	91
2R	7617521	7617434	Deletion	87
2R	7621650	7621530	Deletion	120
2R	7621650	7621530	Deletion	120
2R	7621650	7621544	Deletion	106
2R	7621650	7621550	Deletion	100
2R	7621650	7621564	Deletion	86
2R	7621650	7621566	Deletion	84
2R	7621650	7621585	Deletion	65
2R	7621650	7621586	Deletion	64
2R	7621650	7621614	Deletion	36
2R	7628579	7628468	Deletion	111
2R	7628560	7628468	Deletion	92
2R	7628531	7628468	Deletion	63
2R	7628512	7628468	Deletion	44
2R	7628510	7628468	Deletion	42
2R	7628532	7628468	Deletion	64
2R	7643059	7642949	Deletion	110
2R	7643059	7643027	Deletion	32
2R	7643059	7643028	Deletion	31
2R	7644274	7644180	Deletion	94
2R	7644284	7644180	Deletion	104
2R	7644282	7644180	Deletion	102
2R	7644275	7644180	Deletion	95
2R	7644285	7644180	Deletion	105
2R	7644302	7644180	Deletion	122
2R	7647219	7647096	Deletion	123
2R	7647219	7647113	Deletion	106
2R	7647219	7647144	Deletion	75
2R	7647219	7647182	Deletion	37
2R	7648409	7648309	Deletion	100
2R	7648361	7648309	Deletion	52
2R	7648399	7648309	Deletion	90
2R	7648424	7648309	Deletion	115
2R	7654598	7654484	Deletion	114
2R	7654598	7654494	Deletion	104
2R	7654598	7654500	Deletion	98
2R	7654598	7654504	Deletion	94
2R	7654598	7654506	Deletion	92
2R	7654598	7654510	Deletion	88
2R	7654598	7654524	Deletion	74
2R	7655396	7655358	Deletion	38
2R	7655391	7655358	Deletion	33
2R	7655468	7655358	Deletion	110
2R	7655392	7655358	Deletion	34
2R	7655410	7655358	Deletion	52
2R	7655466	7655358	Deletion	108
2R	7677535	7677412	Deletion	123
2R	7686277	7686164	Deletion	113
2R	7686277	7686190	Deletion	87
2R	7686277	7686226	Deletion	51
2R	7686277	7686230	Deletion	47
2R	7689724	7689685	Deletion	39
2R	7689795	7689685	Deletion	110
2R	7689764	7689685	Deletion	79
2R	7689761	7689685	Deletion	76
2R	7717073	7716956	Deletion	117
2R	7717073	7716977	Deletion	96
2R	7717073	7717009	Deletion	64
2R	7717073	7717021	Deletion	52
2R	7721026	7720995	Deletion	31
2R	7721058	7720995	Deletion	63
2R	7721070	7720995	Deletion	75
2R	7723232	7723111	Deletion	121
2R	7728251	7728161	Deletion	90
2R	7728251	7728176	Deletion	75
2R	7728251	7728177	Deletion	74
2R	7728251	7728198	Deletion	53
2R	7728251	7728204	Deletion	47
2R	7728251	7728208	Deletion	43
2R	7728251	7728216	Deletion	35
2R	7729560	7729487	Deletion	73
2R	7729523	7729487	Deletion	36
2R	7729538	7729487	Deletion	51
2R	7729566	7729487	Deletion	79
2R	7729578	7729487	Deletion	91
2R	7729539	7729487	Deletion	52
2R	7729570	7729487	Deletion	83
2R	7739143	7739021	Deletion	122
2R	7739143	7739064	Deletion	79
2R	7739143	7739095	Deletion	48
2R	7739143	7739111	Deletion	32
2R	7740341	7740232	Deletion	109
2R	7740311	7740232	Deletion	79
2R	7740280	7740232	Deletion	48
2R	7740327	7740232	Deletion	95
2R	7746856	7746739	Deletion	117
2R	7746856	7746748	Deletion	108
2R	7746856	7746804	Deletion	52
2R	7746856	7746805	Deletion	51
2R	7746856	7746825	Deletion	31
2R	7746856	7746826	Deletion	30
2R	7748093	7747997	Deletion	96
2R	7748092	7747997	Deletion	95
2R	7748072	7747997	Deletion	75
2R	7748071	7747997	Deletion	74
2R	7774495	7774450	Deletion	45
2R	7774498	7774452	Deletion	46
2R	7774745	7774624	Deletion	121
2R	7774707	7774624	Deletion	83
2R	7774730	7774624	Deletion	106
2R	7774709	7774627	Deletion	82
2R	7782628	7782519	Deletion	109
2R	7782628	7782534	Deletion	94
2R	7782628	7782537	Deletion	91
2R	7782628	7782538	Deletion	90
2R	7782628	7782559	Deletion	69
2R	7782628	7782562	Deletion	66
2R	7782628	7782570	Deletion	58
2R	7782628	7782587	Deletion	41
2R	7790322	7790263	Deletion	59
2R	7790379	7790263	Deletion	116
2R	7790348	7790263	Deletion	85
2R	7790295	7790263	Deletion	32
2R	7790320	7790263	Deletion	57
2R	7790298	7790263	Deletion	35
2R	7790331	7790263	Deletion	68
2R	7790299	7790263	Deletion	36
2R	7790369	7790263	Deletion	106
2R	7790767	7790644	Deletion	123
2R	7795934	7795826	Deletion	108
2R	7795934	7795838	Deletion	96
2R	7795934	7795868	Deletion	66
2R	7795934	7795876	Deletion	58
2R	7813743	7813682	Deletion	61
2R	7813792	7813682	Deletion	110
2R	7813792	7813682	Deletion	110
2R	7813751	7813682	Deletion	69
2R	7813790	7813682	Deletion	108
2R	7813788	7813682	Deletion	106
2R	7813713	7813682	Deletion	31
2R	7813803	7813682	Deletion	121
2R	7817537	7817444	Deletion	93
2R	7817537	7817470	Deletion	67
2R	7820996	7820960	Deletion	36
2R	7823886	7823762	Deletion	124
2R	7824767	7824645	Deletion	122
2R	7863318	7863196	Deletion	122
2R	7863705	7863645	Deletion	60
2R	7865177	7865111	Deletion	66
2R	7865322	7865231	Deletion	91
2R	7865391	7865295	Deletion	96
2R	7866095	7865978	Deletion	117
2R	7869806	7869764	Deletion	42
2R	7870432	7870390	Deletion	42
2R	7870763	7870707	Deletion	56
2R	7871623	7871538	Deletion	85
2R	7872947	7872904	Deletion	43
2R	7873402	7873317	Deletion	85
2R	7873555	7873438	Deletion	117
2R	7873720	7873676	Deletion	44
2R	7873880	7873785	Deletion	95
2R	7876550	7876429	Deletion	121
2R	7877369	7877254	Deletion	115
2R	7877369	7877268	Deletion	101
2R	7877369	7877288	Deletion	81
2R	7877369	7877300	Deletion	69
2R	7877369	7877304	Deletion	65
2R	7877369	7877312	Deletion	57
2R	7881863	7881806	Deletion	57
2R	7881867	7881806	Deletion	61
2R	7881851	7881806	Deletion	45
2R	7881906	7881806	Deletion	100
2R	7881907	7881806	Deletion	101
2R	7881909	7881806	Deletion	103
2R	7881874	7881806	Deletion	68
2R	7887437	7887317	Deletion	120
2R	7887437	7887337	Deletion	100
2R	7887437	7887351	Deletion	86
2R	7887437	7887368	Deletion	69
2R	7887437	7887386	Deletion	51
2R	7887437	7887401	Deletion	36
2R	7887437	7887407	Deletion	30
2R	7889305	7889213	Deletion	92
2R	7889290	7889213	Deletion	77
2R	7889255	7889213	Deletion	42
2R	7889272	7889213	Deletion	59
2R	7889311	7889213	Deletion	98
2R	7893205	7893114	Deletion	91
2R	7893205	7893138	Deletion	67
2R	7893205	7893145	Deletion	60
2R	7893205	7893157	Deletion	48
2R	7894067	7893967	Deletion	100
2R	7894034	7893967	Deletion	67
2R	7894046	7893967	Deletion	79
2R	7894027	7893967	Deletion	60
2R	7894003	7893967	Deletion	36
2R	7919829	7919716	Deletion	113
2R	7919829	7919728	Deletion	101
2R	7919829	7919738	Deletion	91
2R	7919829	7919750	Deletion	79
2R	7919829	7919774	Deletion	55
2R	7920053	7920004	Deletion	49
2R	7920041	7920004	Deletion	37
2R	7920077	7920004	Deletion	73
2R	7920107	7920004	Deletion	103
2R	7920121	7920004	Deletion	117
2R	7920104	7920004	Deletion	100
2R	7938794	7938675	Deletion	119
2R	7941416	7941295	Deletion	121
2R	7941416	7941314	Deletion	102
2R	7941416	7941374	Deletion	42
2R	7958868	7958784	Deletion	84
2R	7964001	7963888	Deletion	113
2R	7964001	7963912	Deletion	89
2R	7964001	7963935	Deletion	66
2R	7963997	7963938	Deletion	59
2R	7964001	7963959	Deletion	42
2R	7964001	7963964	Deletion	37
2R	7969640	7969548	Deletion	92
2R	7969635	7969548	Deletion	87
2R	7969614	7969548	Deletion	66
2R	7969611	7969548	Deletion	63
2R	7969588	7969548	Deletion	40
2R	7984530	7984430	Deletion	100
2R	7991425	7991321	Deletion	104
2R	7991423	7991321	Deletion	102
2R	7991433	7991321	Deletion	112
2R	7993285	7993171	Deletion	114
2R	7993285	7993171	Deletion	114
2R	7993285	7993220	Deletion	65
2R	7993285	7993233	Deletion	52
2R	7993285	7993246	Deletion	39
2R	7996902	7996814	Deletion	88
2R	7996889	7996814	Deletion	75
2R	7996876	7996814	Deletion	62
2R	8001516	8001396	Deletion	120
2R	8001516	8001415	Deletion	101
2R	8001516	8001446	Deletion	70
2R	8001516	8001461	Deletion	55
2R	8002315	8002206	Deletion	109
2R	8002329	8002206	Deletion	123
2R	8002264	8002206	Deletion	58
2R	8002279	8002206	Deletion	73
2R	8003391	8003277	Deletion	114
2R	8003391	8003293	Deletion	98
2R	8003391	8003302	Deletion	89
2R	8003391	8003321	Deletion	70
2R	8003391	8003328	Deletion	63
2R	8003391	8003332	Deletion	59
2R	8003391	8003340	Deletion	51
2R	8003391	8003342	Deletion	49
2R	8003391	8003355	Deletion	36
2R	8003593	8003472	Deletion	121
2R	8003535	8003472	Deletion	63
2R	8003547	8003472	Deletion	75
2R	8003577	8003472	Deletion	105
2R	8003562	8003472	Deletion	90
2R	8003592	8003472	Deletion	120
2R	8003539	8003472	Deletion	67
2R	8003509	8003472	Deletion	37
2R	8003528	8003472	Deletion	56
2R	8003549	8003472	Deletion	77
2R	8006552	8006456	Deletion	96
2R	8006552	8006485	Deletion	67
2R	8006552	8006487	Deletion	65
2R	8006552	8006493	Deletion	59
2R	8006552	8006511	Deletion	41
2R	8006552	8006514	Deletion	38
2R	8015729	8015631	Deletion	98
2R	8015692	8015631	Deletion	61
2R	8015741	8015631	Deletion	110
2R	8015716	8015631	Deletion	85
2R	8015719	8015631	Deletion	88
2R	8015698	8015631	Deletion	67
2R	8015690	8015631	Deletion	59
2R	8015753	8015631	Deletion	122
2R	8015754	8015654	Deletion	100
2R	8015754	8015656	Deletion	98
2R	8015754	8015660	Deletion	94
2R	8015754	8015666	Deletion	88
2R	8015754	8015694	Deletion	60
2R	8015754	8015698	Deletion	56
2R	8017592	8017540	Deletion	52
2R	8034246	8034213	Deletion	33
2R	8034252	8034213	Deletion	39
2R	8034268	8034213	Deletion	55
2R	8034268	8034213	Deletion	55
2R	8034268	8034213	Deletion	55
2R	8034268	8034213	Deletion	55
2R	8034268	8034213	Deletion	55
2R	8034268	8034213	Deletion	55
2R	8034268	8034213	Deletion	55
2R	8034268	8034236	Deletion	32
2R	8034408	8034347	Deletion	61
2R	8034381	8034347	Deletion	34
2R	8034441	8034347	Deletion	94
2R	8034384	8034347	Deletion	37
2R	8034379	8034347	Deletion	32
2R	8036020	8035897	Deletion	123
2R	8061229	8061120	Deletion	109
2R	8061229	8061157	Deletion	72
2R	8061229	8061172	Deletion	57
2R	8061229	8061174	Deletion	55
2R	8061229	8061177	Deletion	52
2R	8061229	8061198	Deletion	31
2R	8075985	8075910	Deletion	75
2R	8075981	8075910	Deletion	71
2R	8076005	8075910	Deletion	95
2R	8075964	8075910	Deletion	54
2R	8075979	8075910	Deletion	69
2R	8089097	8089001	Deletion	96
2R	8089097	8089024	Deletion	73
2R	8089097	8089044	Deletion	53
2R	8089774	8089742	Deletion	32
2R	8089817	8089742	Deletion	75
2R	8089797	8089742	Deletion	55
2R	8089865	8089742	Deletion	123
2R	8089865	8089742	Deletion	123
2R	8090144	8090022	Deletion	122
2R	8094932	8094808	Deletion	124
2R	8098823	8098705	Deletion	118
2R	8101233	8101163	Deletion	70
2R	8101233	8101170	Deletion	63
2R	8101233	8101191	Deletion	42
2R	8103601	8103538	Deletion	63
2R	8103622	8103538	Deletion	84
2R	8103594	8103538	Deletion	56
2R	8103644	8103538	Deletion	106
2R	8112466	8112355	Deletion	111
2R	8112746	8112628	Deletion	118
2R	8112833	8112758	Deletion	75
2R	8113239	8113160	Deletion	79
2R	8127134	8127070	Deletion	64
2R	8127134	8127098	Deletion	36
2R	8133767	8133704	Deletion	63
2R	8133813	8133704	Deletion	109
2R	8133795	8133704	Deletion	91
2R	8134559	8134451	Deletion	108
2R	8134559	8134523	Deletion	36
2R	8135867	8135767	Deletion	100
2R	8135857	8135767	Deletion	90
2R	8135871	8135767	Deletion	104
2R	8135876	8135767	Deletion	109
2R	8140597	8140483	Deletion	114
2R	8140597	8140502	Deletion	95
2R	8140597	8140506	Deletion	91
2R	8140597	8140507	Deletion	90
2R	8140597	8140551	Deletion	46
2R	8141123	8141042	Deletion	81
2R	8141078	8141042	Deletion	36
2R	8141074	8141042	Deletion	32
2R	8141079	8141042	Deletion	37
2R	8141165	8141042	Deletion	123
2R	8141150	8141042	Deletion	108
2R	8159854	8159733	Deletion	121
2R	8159854	8159752	Deletion	102
2R	8159854	8159770	Deletion	84
2R	8159854	8159776	Deletion	78
2R	8159854	8159779	Deletion	75
2R	8159854	8159786	Deletion	68
2R	8166337	8166284	Deletion	53
2R	8166328	8166284	Deletion	44
2R	8166344	8166284	Deletion	60
2R	8166334	8166284	Deletion	50
2R	8168067	8167949	Deletion	118
2R	8168067	8167969	Deletion	98
2R	8196039	8195924	Deletion	115
2R	8196039	8195930	Deletion	109
2R	8196039	8195940	Deletion	99
2R	8196039	8195966	Deletion	73
2R	8199899	8199786	Deletion	113
2R	8199839	8199786	Deletion	53
2R	8199884	8199786	Deletion	98
2R	8199901	8199786	Deletion	115
2R	8212421	8212326	Deletion	95
2R	8212421	8212334	Deletion	87
2R	8212421	8212335	Deletion	86
2R	8212421	8212339	Deletion	82
2R	8212421	8212344	Deletion	77
2R	8212421	8212367	Deletion	54
2R	8212421	8212388	Deletion	33
2R	8236488	8236444	Deletion	44
2R	8236475	8236444	Deletion	31
2R	8236516	8236444	Deletion	72
2R	8236484	8236444	Deletion	40
2R	8236537	8236444	Deletion	93
2R	8236493	8236444	Deletion	49
2R	8236483	8236444	Deletion	39
2R	8270858	8270749	Deletion	109
2R	8270858	8270753	Deletion	105
2R	8270858	8270794	Deletion	64
2R	8270858	8270803	Deletion	55
2R	8270858	8270810	Deletion	48
2R	8270992	8270930	Deletion	62
2R	8271008	8270930	Deletion	78
2R	8271001	8270930	Deletion	71
2R	8271029	8270930	Deletion	99
2R	8278013	8277894	Deletion	119
2R	8278013	8277928	Deletion	85
2R	8278013	8277948	Deletion	65
2R	8278013	8277968	Deletion	45
2R	8279195	8279113	Deletion	82
2R	8279175	8279113	Deletion	62
2R	8279155	8279113	Deletion	42
2R	8279225	8279113	Deletion	112
2R	8327269	8327162	Deletion	107
2R	8327269	8327204	Deletion	65
2R	8327269	8327208	Deletion	61
2R	8327269	8327235	Deletion	34
2R	8334401	8334340	Deletion	61
2R	8334432	8334340	Deletion	92
2R	8334405	8334340	Deletion	65
2R	8340086	8340036	Deletion	50
2R	8340086	8340037	Deletion	49
2R	8340086	8340045	Deletion	41
2R	8340222	8340136	Deletion	86
2R	8340259	8340136	Deletion	123
2R	8340243	8340136	Deletion	107
2R	8340231	8340136	Deletion	95
2R	8340213	8340136	Deletion	77
2R	8340214	8340136	Deletion	78
2R	8340445	8340325	Deletion	120
2R	8340445	8340343	Deletion	102
2R	8340445	8340345	Deletion	100
2R	8340445	8340380	Deletion	65
2R	8340445	8340392	Deletion	53
2R	8340445	8340392	Deletion	53
2R	8356343	8356240	Deletion	103
2R	8356313	8356240	Deletion	73
2R	8356301	8356240	Deletion	61
2R	8356313	8356240	Deletion	73
2R	8360816	8360698	Deletion	118
2R	8360816	8360740	Deletion	76
2R	8360816	8360748	Deletion	68
2R	8360816	8360762	Deletion	54
2R	8360816	8360764	Deletion	52
2R	8360816	8360766	Deletion	50
2R	8367838	8367764	Deletion	74
2R	8367824	8367764	Deletion	60
2R	8367816	8367764	Deletion	52
2R	8367842	8367764	Deletion	78
2R	8367840	8367764	Deletion	76
2R	8370997	8370886	Deletion	111
2R	8370997	8370923	Deletion	74
2R	8370997	8370944	Deletion	53
2R	8372467	8372365	Deletion	102
2R	8372417	8372365	Deletion	52
2R	8372438	8372365	Deletion	73
2R	8372469	8372370	Deletion	99
2R	8393303	8393186	Deletion	117
2R	8393303	8393211	Deletion	92
2R	8393303	8393214	Deletion	89
2R	8393300	8393234	Deletion	66
2R	8393303	8393254	Deletion	49
2R	8400193	8400160	Deletion	33
2R	8401804	8401765	Deletion	39
2R	8402584	8402537	Deletion	47
2R	8403253	8403139	Deletion	114
2R	8403173	8403139	Deletion	34
2R	8403196	8403139	Deletion	57
2R	8403216	8403139	Deletion	77
2R	8403262	8403139	Deletion	123
2R	8403176	8403139	Deletion	37
2R	8415565	8415442	Deletion	123
2R	8415565	8415452	Deletion	113
2R	8415565	8415478	Deletion	87
2R	8415565	8415527	Deletion	38
2R	8415565	8415529	Deletion	36
2R	8417866	8417775	Deletion	91
2R	8417893	8417775	Deletion	118
2R	8417878	8417775	Deletion	103
2R	8417897	8417775	Deletion	122
2R	8417874	8417775	Deletion	99
2R	8417864	8417775	Deletion	89
2R	8417815	8417775	Deletion	40
2R	8417894	8417775	Deletion	119
2R	8461779	8461665	Deletion	114
2R	8461779	8461701	Deletion	78
2R	8461779	8461701	Deletion	78
2R	8463097	8463049	Deletion	48
2R	8463098	8463049	Deletion	49
2R	8466657	8466536	Deletion	121
2R	8475688	8475642	Deletion	46
2R	8475688	8475653	Deletion	35
2R	8475688	8475656	Deletion	32
2R	8478353	8478261	Deletion	92
2R	8478356	8478261	Deletion	95
2R	8478377	8478261	Deletion	116
2R	8478342	8478261	Deletion	81
2R	8478364	8478261	Deletion	103
2R	8478384	8478261	Deletion	123
2R	8490991	8490938	Deletion	53
2R	8534503	8534389	Deletion	114
2R	8534503	8534389	Deletion	114
2R	8534503	8534400	Deletion	103
2R	8534503	8534409	Deletion	94
2R	8534503	8534427	Deletion	76
2R	8534503	8534447	Deletion	56
2R	8534503	8534453	Deletion	50
2R	8534764	8534713	Deletion	51
2R	8534784	8534713	Deletion	71
2R	8534746	8534713	Deletion	33
2R	8534790	8534713	Deletion	77
2R	8534821	8534713	Deletion	108
2R	8545828	8545737	Deletion	91
2R	8545828	8545763	Deletion	65
2R	8545828	8545765	Deletion	63
2R	8545828	8545790	Deletion	38
2R	8564975	8564913	Deletion	62
2R	8564949	8564913	Deletion	36
2R	8564977	8564913	Deletion	64
2R	8565002	8564913	Deletion	89
2R	8566554	8566486	Deletion	68
2R	8609188	8609070	Deletion	118
2R	8609186	8609095	Deletion	91
2R	8609188	8609106	Deletion	82
2R	8609188	8609138	Deletion	50
2R	8609188	8609156	Deletion	32
2R	8609687	8609611	Deletion	76
2R	8609655	8609611	Deletion	44
2R	8609705	8609611	Deletion	94
2R	8609644	8609611	Deletion	33
2R	8619638	8619538	Deletion	100
2R	8619638	8619545	Deletion	93
2R	8619638	8619550	Deletion	88
2R	8619638	8619569	Deletion	69
2R	8619638	8619569	Deletion	69
2R	8623575	8623518	Deletion	57
2R	8623556	8623518	Deletion	38
2R	8623551	8623518	Deletion	33
2R	8623575	8623518	Deletion	57
2R	8626736	8626613	Deletion	123
2R	8632494	8632394	Deletion	100
2R	8632494	8632441	Deletion	53
2R	8632494	8632455	Deletion	39
2R	8632693	8632583	Deletion	110
2R	8632656	8632583	Deletion	73
2R	8632694	8632583	Deletion	111
2R	8632670	8632583	Deletion	87
2R	8642287	8642191	Deletion	96
2R	8642287	8642195	Deletion	92
2R	8642287	8642213	Deletion	74
2R	8642287	8642222	Deletion	65
2R	8642287	8642222	Deletion	65
2R	8644098	8643989	Deletion	109
2R	8644086	8643989	Deletion	97
2R	8644094	8643989	Deletion	105
2R	8644019	8643989	Deletion	30
2R	8644107	8643989	Deletion	118
2R	8644050	8643989	Deletion	61
2R	8644023	8643989	Deletion	34
2R	8644041	8643989	Deletion	52
2R	8644050	8643989	Deletion	61
2R	8659039	8658916	Deletion	123
2R	8670832	8670730	Deletion	102
2R	8670832	8670739	Deletion	93
2R	8672303	8672270	Deletion	33
2R	8672367	8672270	Deletion	97
2R	8672597	8672514	Deletion	83
2R	8672597	8672523	Deletion	74
2R	8672597	8672526	Deletion	71
2R	8672597	8672532	Deletion	65
2R	8672597	8672551	Deletion	46
2R	8673392	8673347	Deletion	45
2R	8673404	8673347	Deletion	57
2R	8673429	8673347	Deletion	82
2R	8673401	8673347	Deletion	54
2R	8673410	8673347	Deletion	63
2R	8688354	8688291	Deletion	63
2R	8688576	8688484	Deletion	92
2R	8688603	8688484	Deletion	119
2R	8688581	8688484	Deletion	97
2R	8688547	8688484	Deletion	63
2R	8691891	8691781	Deletion	110
2R	8691891	8691830	Deletion	61
2R	8691891	8691841	Deletion	50
2R	8695291	8695226	Deletion	65
2R	8695349	8695226	Deletion	123
2R	8695335	8695226	Deletion	109
2R	8695302	8695226	Deletion	76
2R	8709970	8709858	Deletion	112
2R	8709970	8709877	Deletion	93
2R	8709970	8709931	Deletion	39
2R	8710855	8710787	Deletion	68
2R	8710874	8710787	Deletion	87
2R	8710820	8710787	Deletion	33
2R	8710822	8710787	Deletion	35
2R	8710897	8710787	Deletion	110
2R	8710902	8710787	Deletion	115
2R	8713683	8713592	Deletion	91
2R	8713683	8713625	Deletion	58
2R	8715565	8715443	Deletion	122
2R	8736007	8735893	Deletion	114
2R	8736007	8735894	Deletion	113
2R	8736007	8735901	Deletion	106
2R	8736007	8735904	Deletion	103
2R	8736007	8735956	Deletion	51
2R	8736007	8735961	Deletion	46
2R	8736007	8735973	Deletion	34
2R	8737420	8737345	Deletion	75
2R	8737425	8737345	Deletion	80
2R	8737437	8737345	Deletion	92
2R	8737465	8737345	Deletion	120
2R	8742951	8742858	Deletion	93
2R	8742951	8742870	Deletion	81
2R	8742951	8742878	Deletion	73
2R	8742951	8742895	Deletion	56
2R	8742951	8742904	Deletion	47
2R	8743250	8743195	Deletion	55
2R	8743230	8743195	Deletion	35
2R	8743276	8743195	Deletion	81
2R	8743242	8743195	Deletion	47
2R	8743318	8743195	Deletion	123
2R	8743267	8743195	Deletion	72
2R	8743945	8743821	Deletion	124
2R	8743945	8743883	Deletion	62
2R	8743945	8743896	Deletion	49
2R	8743945	8743896	Deletion	49
2R	8744161	8744097	Deletion	64
2R	8744217	8744097	Deletion	120
2R	8744208	8744097	Deletion	111
2R	8744174	8744097	Deletion	77
2R	8744207	8744097	Deletion	110
2R	8744174	8744097	Deletion	77
2R	8779580	8779542	Deletion	38
2R	8781444	8781409	Deletion	35
2R	8785453	8785367	Deletion	86
2R	8785453	8785374	Deletion	79
2R	8785453	8785388	Deletion	65
2R	8785453	8785392	Deletion	61
2R	8785453	8785393	Deletion	60
2R	8785453	8785410	Deletion	43
2R	8785453	8785414	Deletion	39
2R	8786281	8786198	Deletion	83
2R	8786245	8786198	Deletion	47
2R	8786285	8786198	Deletion	87
2R	8786263	8786198	Deletion	65
2R	8786238	8786198	Deletion	40
2R	8786259	8786198	Deletion	61
2R	8786264	8786198	Deletion	66
2R	8791810	8791688	Deletion	122
2R	8793051	8792932	Deletion	119
2R	8793051	8792934	Deletion	117
2R	8793051	8792942	Deletion	109
2R	8793051	8792984	Deletion	67
2R	8793051	8793012	Deletion	39
2R	8793051	8793014	Deletion	37
2R	8801039	8800978	Deletion	61
2R	8801080	8800978	Deletion	102
2R	8801095	8800978	Deletion	117
2R	8801067	8800978	Deletion	89
2R	8801069	8800978	Deletion	91
2R	8808509	8808394	Deletion	115
2R	8808509	8808402	Deletion	107
2R	8808509	8808421	Deletion	88
2R	8808509	8808462	Deletion	47
2R	8808509	8808470	Deletion	39
2R	8808509	8808471	Deletion	38
2R	8808509	8808473	Deletion	36
2R	8808509	8808477	Deletion	32
2R	8808889	8808781	Deletion	108
2R	8808869	8808781	Deletion	88
2R	8808819	8808781	Deletion	38
2R	8808868	8808781	Deletion	87
2R	8808871	8808781	Deletion	90
2R	8808860	8808781	Deletion	79
2R	8808864	8808781	Deletion	83
2R	8808875	8808781	Deletion	94
2R	8816981	8816883	Deletion	98
2R	8816981	8816885	Deletion	96
2R	8816981	8816896	Deletion	85
2R	8816981	8816917	Deletion	64
2R	8816981	8816921	Deletion	60
2R	8816981	8816939	Deletion	42
2R	8826881	8826839	Deletion	42
2R	8826947	8826839	Deletion	108
2R	8826870	8826839	Deletion	31
2R	8826902	8826839	Deletion	63
2R	8826906	8826839	Deletion	67
2R	8826924	8826839	Deletion	85
2R	8828751	8828657	Deletion	94
2R	8828751	8828684	Deletion	67
2R	8828751	8828690	Deletion	61
2R	8828751	8828698	Deletion	53
2R	8828751	8828699	Deletion	52
2R	8828751	8828711	Deletion	40
2R	8828751	8828716	Deletion	35
2R	8828986	8828911	Deletion	75
2R	8828985	8828911	Deletion	74
2R	8828971	8828911	Deletion	60
2R	8828977	8828911	Deletion	66
2R	8828998	8828911	Deletion	87
2R	8829003	8828911	Deletion	92
2R	8828944	8828911	Deletion	33
2R	8831253	8831132	Deletion	121
2R	8835849	8835728	Deletion	121
2R	8835849	8835737	Deletion	112
2R	8835849	8835786	Deletion	63
2R	8835849	8835796	Deletion	53
2R	8841597	8841509	Deletion	88
2R	8841572	8841509	Deletion	63
2R	8841582	8841509	Deletion	73
2R	8841597	8841509	Deletion	88
2R	8841597	8841544	Deletion	53
2R	8847385	8847310	Deletion	75
2R	8847340	8847310	Deletion	30
2R	8856698	8856577	Deletion	121
2R	8856698	8856636	Deletion	62
2R	8856698	8856668	Deletion	30
2R	8865193	8865095	Deletion	98
2R	8865161	8865095	Deletion	66
2R	8865203	8865095	Deletion	108
2R	8865200	8865095	Deletion	105
2R	8884904	8884803	Deletion	101
2R	8884904	8884820	Deletion	84
2R	8884904	8884820	Deletion	84
2R	8884904	8884858	Deletion	46
2R	8885902	8885821	Deletion	81
2R	8885864	8885821	Deletion	43
2R	8885864	8885821	Deletion	43
2R	8885920	8885821	Deletion	99
2R	8890417	8890361	Deletion	56
2R	8890417	8890377	Deletion	40
2R	8893241	8893171	Deletion	70
2R	8893270	8893171	Deletion	99
2R	8893257	8893171	Deletion	86
2R	8895297	8895175	Deletion	122
2R	8903279	8903163	Deletion	116
2R	8903279	8903170	Deletion	109
2R	8903279	8903207	Deletion	72
2R	8903279	8903240	Deletion	39
2R	8903279	8903244	Deletion	35
2R	8905511	8905420	Deletion	91
2R	8905474	8905420	Deletion	54
2R	8905507	8905420	Deletion	87
2R	8920200	8920097	Deletion	103
2R	8920200	8920114	Deletion	86
2R	8920200	8920123	Deletion	77
2R	8920200	8920124	Deletion	76
2R	8920200	8920126	Deletion	74
2R	8920200	8920132	Deletion	68
2R	8920200	8920159	Deletion	41
2R	8920200	8920167	Deletion	33
2R	8920200	8920168	Deletion	32
2R	8935888	8935839	Deletion	49
2R	8935897	8935839	Deletion	58
2R	8935932	8935839	Deletion	93
2R	8935924	8935839	Deletion	85
2R	8935952	8935839	Deletion	113
2R	8935933	8935839	Deletion	94
2R	8935889	8935839	Deletion	50
2R	8935879	8935839	Deletion	40
2R	8935891	8935842	Deletion	49
2R	8946588	8946476	Deletion	112
2R	8946588	8946486	Deletion	102
2R	8946588	8946501	Deletion	87
2R	8946588	8946537	Deletion	51
2R	8946588	8946545	Deletion	43
2R	8947840	8947725	Deletion	115
2R	8947800	8947725	Deletion	75
2R	8947808	8947725	Deletion	83
2R	8947764	8947725	Deletion	39
2R	8953067	8952944	Deletion	123
2R	8953067	8952985	Deletion	82
2R	8953067	8952993	Deletion	74
2R	8953067	8953027	Deletion	40
2R	8953067	8953031	Deletion	36
2R	8956209	8956122	Deletion	87
2R	8956167	8956122	Deletion	45
2R	8956175	8956122	Deletion	53
2R	8956213	8956122	Deletion	91
2R	8956226	8956122	Deletion	104
2R	8964914	8964792	Deletion	122
2R	8969413	8969292	Deletion	121
2R	8977725	8977602	Deletion	123
2R	8977725	8977628	Deletion	97
2R	8977725	8977628	Deletion	97
2R	8977725	8977679	Deletion	46
2R	8977725	8977680	Deletion	45
2R	8977725	8977680	Deletion	45
2R	8977725	8977687	Deletion	38
2R	8977950	8977868	Deletion	82
2R	8977976	8977868	Deletion	108
2R	8977949	8977868	Deletion	81
2R	8977950	8977868	Deletion	82
2R	8977957	8977868	Deletion	89
2R	8977898	8977868	Deletion	30
2R	8977974	8977868	Deletion	106
2R	8988445	8988323	Deletion	122
2R	9002378	9002262	Deletion	116
2R	9002378	9002281	Deletion	97
2R	9002378	9002319	Deletion	59
2R	9002378	9002323	Deletion	55
2R	9002378	9002329	Deletion	49
2R	9004282	9004205	Deletion	77
2R	9004324	9004205	Deletion	119
2R	9004276	9004205	Deletion	71
2R	9004272	9004205	Deletion	67
2R	9004326	9004205	Deletion	121
2R	9005053	9004961	Deletion	92
2R	9005053	9004963	Deletion	90
2R	9005053	9004975	Deletion	78
2R	9005053	9004988	Deletion	65
2R	9005053	9005002	Deletion	51
2R	9007994	9007957	Deletion	37
2R	9008033	9007957	Deletion	76
2R	9008019	9007957	Deletion	62
2R	9008006	9007957	Deletion	49
2R	9007992	9007957	Deletion	35
2R	9009506	9009410	Deletion	96
2R	9009506	9009428	Deletion	78
2R	9009506	9009429	Deletion	77
2R	9009506	9009459	Deletion	47
2R	9009506	9009476	Deletion	30
2R	9009631	9009583	Deletion	48
2R	9009701	9009583	Deletion	118
2R	9009702	9009583	Deletion	119
2R	9009613	9009583	Deletion	30
2R	9009679	9009583	Deletion	96
2R	9009632	9009583	Deletion	49
2R	9009662	9009583	Deletion	79
2R	9014161	9014042	Deletion	119
2R	9014161	9014073	Deletion	88
2R	9014161	9014083	Deletion	78
2R	9014161	9014100	Deletion	61
2R	9014161	9014120	Deletion	41
2R	9014161	9014131	Deletion	30
2R	9016238	9016188	Deletion	50
2R	9016228	9016188	Deletion	40
2R	9016275	9016188	Deletion	87
2R	9016255	9016188	Deletion	67
2R	9016286	9016188	Deletion	98
2R	9017823	9017699	Deletion	124
2R	9017823	9017708	Deletion	115
2R	9017823	9017718	Deletion	105
2R	9017823	9017736	Deletion	87
2R	9017823	9017754	Deletion	69
2R	9017823	9017785	Deletion	38
2R	9022010	9021966	Deletion	44
2R	9022028	9021966	Deletion	62
2R	9022059	9021966	Deletion	93
2R	9031739	9031632	Deletion	107
2R	9031739	9031635	Deletion	104
2R	9031739	9031636	Deletion	103
2R	9031739	9031638	Deletion	101
2R	9031739	9031642	Deletion	97
2R	9031739	9031658	Deletion	81
2R	9031739	9031662	Deletion	77
2R	9031739	9031664	Deletion	75
2R	9031739	9031705	Deletion	34
2R	9032500	9032449	Deletion	51
2R	9032498	9032449	Deletion	49
2R	9032541	9032449	Deletion	92
2R	9032549	9032449	Deletion	100
2R	9032549	9032449	Deletion	100
2R	9032494	9032449	Deletion	45
2R	9032559	9032449	Deletion	110
2R	9039596	9039474	Deletion	122
2R	9048436	9048390	Deletion	46
2R	9048436	9048395	Deletion	41
2R	9048436	9048401	Deletion	35
2R	9048436	9048405	Deletion	31
2R	9049027	9048918	Deletion	109
2R	9049010	9048918	Deletion	92
2R	9048999	9048918	Deletion	81
2R	9049035	9048918	Deletion	117
2R	9049014	9048918	Deletion	96
2R	9049004	9048918	Deletion	86
2R	9049528	9049492	Deletion	36
2R	9053751	9053637	Deletion	114
2R	9053727	9053637	Deletion	90
2R	9053743	9053642	Deletion	101
2R	9054618	9054496	Deletion	122
2R	9058841	9058724	Deletion	117
2R	9062620	9062501	Deletion	119
2R	9062620	9062531	Deletion	89
2R	9062620	9062549	Deletion	71
2R	9062620	9062552	Deletion	68
2R	9062620	9062586	Deletion	34
2R	9063420	9063364	Deletion	56
2R	9063423	9063364	Deletion	59
2R	9063402	9063364	Deletion	38
2R	9063457	9063364	Deletion	93
2R	9063485	9063364	Deletion	121
2R	9076493	9076385	Deletion	108
2R	9076493	9076401	Deletion	92
2R	9076493	9076402	Deletion	91
2R	9076493	9076410	Deletion	83
2R	9076493	9076414	Deletion	79
2R	9076493	9076433	Deletion	60
2R	9076493	9076452	Deletion	41
2R	9080293	9080208	Deletion	85
2R	9080274	9080208	Deletion	66
2R	9080242	9080208	Deletion	34
2R	9080306	9080208	Deletion	98
2R	9080251	9080208	Deletion	43
2R	9080243	9080208	Deletion	35
2R	9080255	9080211	Deletion	44
2R	9093338	9093242	Deletion	96
2R	9093338	9093243	Deletion	95
2R	9093338	9093266	Deletion	72
2R	9094151	9094097	Deletion	54
2R	9094202	9094097	Deletion	105
2R	9094200	9094097	Deletion	103
2R	9094128	9094097	Deletion	31
2R	9094127	9094097	Deletion	30
2R	9095676	9095555	Deletion	121
2R	9096421	9096343	Deletion	78
2R	9096421	9096357	Deletion	64
2R	9115971	9115853	Deletion	118
2R	9115901	9115853	Deletion	48
2R	9115915	9115853	Deletion	62
2R	9122087	9121964	Deletion	123
2R	9142160	9142078	Deletion	82
2R	9142160	9142082	Deletion	78
2R	9142160	9142098	Deletion	62
2R	9142160	9142113	Deletion	47
2R	9144637	9144588	Deletion	49
2R	9144668	9144588	Deletion	80
2R	9144694	9144588	Deletion	106
2R	9144633	9144588	Deletion	45
2R	9144653	9144588	Deletion	65
2R	9155378	9155261	Deletion	117
2R	9156708	9156590	Deletion	118
2R	9162644	9162524	Deletion	120
2R	9162644	9162534	Deletion	110
2R	9162644	9162537	Deletion	107
2R	9162644	9162551	Deletion	93
2R	9162644	9162574	Deletion	70
2R	9162644	9162574	Deletion	70
2R	9162644	9162575	Deletion	69
2R	9162644	9162577	Deletion	67
2R	9162644	9162591	Deletion	53
2R	9163001	9162878	Deletion	123
2R	9162990	9162878	Deletion	112
2R	9162937	9162878	Deletion	59
2R	9162934	9162878	Deletion	56
2R	9162951	9162878	Deletion	73
2R	9162995	9162878	Deletion	117
2R	9162987	9162878	Deletion	109
2R	9162934	9162878	Deletion	56
2R	9162935	9162878	Deletion	57
2R	9162911	9162878	Deletion	33
2R	9176899	9176778	Deletion	121
2R	9177939	9177819	Deletion	120
2R	9177939	9177820	Deletion	119
2R	9177939	9177893	Deletion	46
2R	9178314	9178196	Deletion	118
2R	9178277	9178196	Deletion	81
2R	9201592	9201468	Deletion	124
2R	9201592	9201532	Deletion	60
2R	9201592	9201552	Deletion	40
2R	9201592	9201554	Deletion	38
2R	9202413	9202325	Deletion	88
2R	9202411	9202325	Deletion	86
2R	9202391	9202325	Deletion	66
2R	9209125	9209002	Deletion	123
2R	9209125	9209015	Deletion	110
2R	9209125	9209038	Deletion	87
2R	9209125	9209038	Deletion	87
2R	9209125	9209054	Deletion	71
2R	9209125	9209064	Deletion	61
2R	9216868	9216829	Deletion	39
2R	9216868	9216829	Deletion	39
2R	9216894	9216829	Deletion	65
2R	9216884	9216829	Deletion	55
2R	9227815	9227700	Deletion	115
2R	9227815	9227705	Deletion	110
2R	9227815	9227727	Deletion	88
2R	9227815	9227756	Deletion	59
2R	9227815	9227766	Deletion	49
2R	9228697	9228619	Deletion	78
2R	9228687	9228619	Deletion	68
2R	9228740	9228619	Deletion	121
2R	9228712	9228619	Deletion	93
2R	9228658	9228619	Deletion	39
2R	9228727	9228619	Deletion	108
2R	9240441	9240327	Deletion	114
2R	9240441	9240347	Deletion	94
2R	9240441	9240353	Deletion	88
2R	9240441	9240363	Deletion	78
2R	9240441	9240379	Deletion	62
2R	9265888	9265824	Deletion	64
2R	9265856	9265824	Deletion	32
2R	9265862	9265824	Deletion	38
2R	9265872	9265824	Deletion	48
2R	9271550	9271430	Deletion	120
2R	9271550	9271448	Deletion	102
2R	9271550	9271463	Deletion	87
2R	9282342	9282241	Deletion	101
2R	9282280	9282241	Deletion	39
2R	9289793	9289684	Deletion	109
2R	9289793	9289725	Deletion	68
2R	9289793	9289755	Deletion	38
2R	9308927	9308819	Deletion	108
2R	9308907	9308819	Deletion	88
2R	9308877	9308819	Deletion	58
2R	9308919	9308819	Deletion	100
2R	9308935	9308819	Deletion	116
2R	9315658	9315553	Deletion	105
2R	9315658	9315589	Deletion	69
2R	9315658	9315610	Deletion	48
2R	9315658	9315614	Deletion	44
2R	9326818	9326736	Deletion	82
2R	9326814	9326736	Deletion	78
2R	9326845	9326736	Deletion	109
2R	9326793	9326736	Deletion	57
2R	9328547	9328431	Deletion	116
2R	9328547	9328442	Deletion	105
2R	9328547	9328451	Deletion	96
2R	9328547	9328517	Deletion	30
2R	9329001	9328892	Deletion	109
2R	9328989	9328892	Deletion	97
2R	9328923	9328892	Deletion	31
2R	9340948	9340825	Deletion	123
2R	9340948	9340888	Deletion	60
2R	9340948	9340915	Deletion	33
2R	9351162	9351096	Deletion	66
2R	9351189	9351096	Deletion	93
2R	9351215	9351096	Deletion	119
2R	9355488	9355360	Deletion	128
2R	9355532	9355448	Deletion	84
2R	9357232	9357194	Deletion	38
2R	9358874	9358754	Deletion	120
2R	9359539	9359428	Deletion	111
2R	9360133	9360081	Deletion	52
2R	9360297	9360218	Deletion	79
2R	9360826	9360701	Deletion	125
2R	9378361	9378269	Deletion	92
2R	9378361	9378292	Deletion	69
2R	9379883	9379781	Deletion	102
2R	9379815	9379781	Deletion	34
2R	9379905	9379781	Deletion	124
2R	9379838	9379781	Deletion	57
2R	9381332	9381209	Deletion	123
2R	9383114	9382991	Deletion	123
2R	9383114	9383029	Deletion	85
2R	9383114	9383031	Deletion	83
2R	9383114	9383073	Deletion	41
2R	9383114	9383080	Deletion	34
2R	9383114	9383084	Deletion	30
2R	9391821	9391735	Deletion	86
2R	9391779	9391735	Deletion	44
2R	9391828	9391735	Deletion	93
2R	9391832	9391735	Deletion	97
2R	9391777	9391735	Deletion	42
2R	9418767	9418653	Deletion	114
2R	9421477	9421381	Deletion	96
2R	9421477	9421396	Deletion	81
2R	9421477	9421415	Deletion	62
2R	9421477	9421417	Deletion	60
2R	9425224	9425157	Deletion	67
2R	9425203	9425157	Deletion	46
2R	9425188	9425157	Deletion	31
2R	9425262	9425157	Deletion	105
2R	9425222	9425157	Deletion	65
2R	9427587	9427472	Deletion	115
2R	9427587	9427513	Deletion	74
2R	9427587	9427513	Deletion	74
2R	9427587	9427518	Deletion	69
2R	9427587	9427543	Deletion	44
2R	9427587	9427550	Deletion	37
2R	9427587	9427555	Deletion	32
2R	9432300	9432186	Deletion	114
2R	9432280	9432186	Deletion	94
2R	9432243	9432186	Deletion	57
2R	9432286	9432186	Deletion	100
2R	9432306	9432186	Deletion	120
2R	9432238	9432186	Deletion	52
2R	9432268	9432186	Deletion	82
2R	9432238	9432186	Deletion	52
2R	9432275	9432186	Deletion	89
2R	9432296	9432186	Deletion	110
2R	9439546	9439484	Deletion	62
2R	9439546	9439511	Deletion	35
2R	9439546	9439513	Deletion	33
2R	9452871	9452777	Deletion	94
2R	9452883	9452777	Deletion	106
2R	9452884	9452777	Deletion	107
2R	9452873	9452777	Deletion	96
2R	9452844	9452777	Deletion	67
2R	9461554	9461469	Deletion	85
2R	9464303	9464185	Deletion	118
2R	9464226	9464185	Deletion	41
2R	9464291	9464185	Deletion	106
2R	9481428	9481368	Deletion	60
2R	9481566	9481500	Deletion	66
2R	9481814	9481757	Deletion	57
2R	9483946	9483893	Deletion	53
2R	9484877	9484836	Deletion	41
2R	9485849	9485738	Deletion	111
2R	9492118	9492012	Deletion	106
2R	9492118	9492060	Deletion	58
2R	9497993	9497880	Deletion	113
2R	9497949	9497880	Deletion	69
2R	9499421	9499318	Deletion	103
2R	9499421	9499345	Deletion	76
2R	9499421	9499351	Deletion	70
2R	9499421	9499353	Deletion	68
2R	9499421	9499364	Deletion	57
2R	9499421	9499368	Deletion	53
2R	9499421	9499374	Deletion	47
2R	9499421	9499389	Deletion	32
2R	9506820	9506747	Deletion	73
2R	9506805	9506747	Deletion	58
2R	9506803	9506747	Deletion	56
2R	9506826	9506747	Deletion	79
2R	9506841	9506747	Deletion	94
2R	9506816	9506747	Deletion	69
2R	9506797	9506747	Deletion	50
2R	9508095	9507973	Deletion	122
2R	9508095	9507980	Deletion	115
2R	9508095	9507997	Deletion	98
2R	9508095	9507998	Deletion	97
2R	9508095	9508009	Deletion	86
2R	9508095	9508011	Deletion	84
2R	9508095	9508017	Deletion	78
2R	9508095	9508023	Deletion	72
2R	9508095	9508041	Deletion	54
2R	9508095	9508042	Deletion	53
2R	9508095	9508053	Deletion	42
2R	9509370	9509248	Deletion	122
2R	9509288	9509248	Deletion	40
2R	9509321	9509248	Deletion	73
2R	9509320	9509248	Deletion	72
2R	9509296	9509248	Deletion	48
2R	9509332	9509248	Deletion	84
2R	9509302	9509248	Deletion	54
2R	9509290	9509248	Deletion	42
2R	9509345	9509248	Deletion	97
2R	9521678	9521630	Deletion	48
2R	9521918	9521804	Deletion	114
2R	9521920	9521804	Deletion	116
2R	9521885	9521804	Deletion	81
2R	9525866	9525744	Deletion	122
2R	9526613	9526521	Deletion	92
2R	9526613	9526563	Deletion	50
2R	9526613	9526574	Deletion	39
2R	9535824	9535790	Deletion	34
2R	9535866	9535790	Deletion	76
2R	9535909	9535790	Deletion	119
2R	9535877	9535790	Deletion	87
2R	9540097	9539979	Deletion	118
2R	9540097	9540009	Deletion	88
2R	9540097	9540021	Deletion	76
2R	9540097	9540035	Deletion	62
2R	9540097	9540041	Deletion	56
2R	9540097	9540054	Deletion	43
2R	9565336	9565272	Deletion	64
2R	9565392	9565272	Deletion	120
2R	9565355	9565272	Deletion	83
2R	9565342	9565272	Deletion	70
2R	9565310	9565272	Deletion	38
2R	9565322	9565272	Deletion	50
2R	9567606	9567521	Deletion	85
2R	9567606	9567561	Deletion	45
2R	9570486	9570384	Deletion	102
2R	9570484	9570384	Deletion	100
2R	9570467	9570384	Deletion	83
2R	9570427	9570384	Deletion	43
2R	9582661	9582556	Deletion	105
2R	9582661	9582556	Deletion	105
2R	9582661	9582614	Deletion	47
2R	9582661	9582626	Deletion	35
2R	9583635	9583542	Deletion	93
2R	9583623	9583542	Deletion	81
2R	9585564	9585442	Deletion	122
2R	9586453	9586357	Deletion	96
2R	9586453	9586379	Deletion	74
2R	9586452	9586418	Deletion	34
2R	9586453	9586421	Deletion	32
2R	9591077	9590985	Deletion	92
2R	9591096	9590986	Deletion	110
2R	9591038	9590986	Deletion	52
2R	9591016	9590986	Deletion	30
2R	9591080	9590986	Deletion	94
2R	9591103	9590986	Deletion	117
2R	9617264	9617170	Deletion	94
2R	9617264	9617212	Deletion	52
2R	9617264	9617234	Deletion	30
2R	9621043	9620946	Deletion	97
2R	9621021	9620946	Deletion	75
2R	9621045	9620946	Deletion	99
2R	9621060	9620946	Deletion	114
2R	9620979	9620946	Deletion	33
2R	9626197	9626075	Deletion	122
2R	9626197	9626091	Deletion	106
2R	9626197	9626117	Deletion	80
2R	9626197	9626135	Deletion	62
2R	9626197	9626142	Deletion	55
2R	9626197	9626148	Deletion	49
2R	9626197	9626164	Deletion	33
2R	9626607	9626541	Deletion	66
2R	9626660	9626541	Deletion	119
2R	9626643	9626541	Deletion	102
2R	9626620	9626541	Deletion	79
2R	9626654	9626541	Deletion	113
2R	9626636	9626541	Deletion	95
2R	9626614	9626541	Deletion	73
2R	9626651	9626541	Deletion	110
2R	9626639	9626541	Deletion	98
2R	9626589	9626541	Deletion	48
2R	9626968	9626846	Deletion	122
2R	9643146	9643028	Deletion	118
2R	9643146	9643040	Deletion	106
2R	9643146	9643057	Deletion	89
2R	9643146	9643059	Deletion	87
2R	9643146	9643072	Deletion	74
2R	9643146	9643074	Deletion	72
2R	9643146	9643082	Deletion	64
2R	9643146	9643113	Deletion	33
2R	9648303	9648264	Deletion	39
2R	9648318	9648264	Deletion	54
2R	9648301	9648264	Deletion	37
2R	9648357	9648264	Deletion	93
2R	9648326	9648264	Deletion	62
2R	9648316	9648264	Deletion	52
2R	9648380	9648264	Deletion	116
2R	9662455	9662348	Deletion	107
2R	9662455	9662372	Deletion	83
2R	9662455	9662389	Deletion	66
2R	9670831	9670788	Deletion	43
2R	9670912	9670788	Deletion	124
2R	9670890	9670788	Deletion	102
2R	9670848	9670788	Deletion	60
2R	9670906	9670788	Deletion	118
2R	9672147	9672055	Deletion	92
2R	9672147	9672110	Deletion	37
2R	9674412	9674323	Deletion	89
2R	9674357	9674323	Deletion	34
2R	9682696	9682584	Deletion	112
2R	9682695	9682590	Deletion	105
2R	9682696	9682655	Deletion	41
2R	9682833	9682747	Deletion	86
2R	9703585	9703469	Deletion	116
2R	9703585	9703470	Deletion	115
2R	9703585	9703497	Deletion	88
2R	9703585	9703546	Deletion	39
2R	9703585	9703549	Deletion	36
2R	9703734	9703636	Deletion	98
2R	9703675	9703636	Deletion	39
2R	9703724	9703636	Deletion	88
2R	9703727	9703636	Deletion	91
2R	9718774	9718653	Deletion	121
2R	9719141	9719028	Deletion	113
2R	9719141	9719045	Deletion	96
2R	9719141	9719065	Deletion	76
2R	9719141	9719109	Deletion	32
2R	9719889	9719787	Deletion	102
2R	9719898	9719787	Deletion	111
2R	9719891	9719787	Deletion	104
2R	9719837	9719787	Deletion	50
2R	9719817	9719787	Deletion	30
2R	9719881	9719787	Deletion	94
2R	9727036	9727006	Deletion	30
2R	9727036	9727006	Deletion	30
2R	9727572	9727506	Deletion	66
2R	9727555	9727506	Deletion	49
2R	9727588	9727506	Deletion	82
2R	9731663	9731542	Deletion	121
2R	9741285	9741171	Deletion	114
2R	9742378	9742265	Deletion	113
2R	9764186	9764079	Deletion	107
2R	9764186	9764115	Deletion	71
2R	9764304	9764248	Deletion	56
2R	9764351	9764248	Deletion	103
2R	9767257	9767136	Deletion	121
2R	9781254	9781176	Deletion	78
2R	9781254	9781190	Deletion	64
2R	9783029	9782978	Deletion	51
2R	9783043	9782978	Deletion	65
2R	9783094	9782978	Deletion	116
2R	9790834	9790720	Deletion	114
2R	9790834	9790721	Deletion	113
2R	9790834	9790755	Deletion	79
2R	9790834	9790798	Deletion	36
2R	9793151	9793060	Deletion	91
2R	9793108	9793060	Deletion	48
2R	9799505	9799412	Deletion	93
2R	9799505	9799420	Deletion	85
2R	9799505	9799475	Deletion	30
2R	9799594	9799561	Deletion	33
2R	9799669	9799561	Deletion	108
2R	9799657	9799561	Deletion	96
2R	9799602	9799561	Deletion	41
2R	9802316	9802214	Deletion	102
2R	9802316	9802215	Deletion	101
2R	9802316	9802220	Deletion	96
2R	9802888	9802784	Deletion	104
2R	9802892	9802784	Deletion	108
2R	9802895	9802784	Deletion	111
2R	9802891	9802784	Deletion	107
2R	9802903	9802784	Deletion	119
2R	9802814	9802784	Deletion	30
2R	9804857	9804735	Deletion	122
2R	9811222	9811105	Deletion	117
2R	9811222	9811124	Deletion	98
2R	9811222	9811144	Deletion	78
2R	9811222	9811165	Deletion	57
2R	9811222	9811177	Deletion	45
2R	9812995	9812926	Deletion	69
2R	9813007	9812926	Deletion	81
2R	9812974	9812926	Deletion	48
2R	9826135	9826064	Deletion	71
2R	9826135	9826078	Deletion	57
2R	9826133	9826094	Deletion	39
2R	9826135	9826104	Deletion	31
2R	9829025	9828902	Deletion	123
2R	9829015	9828902	Deletion	113
2R	9828957	9828902	Deletion	55
2R	9828987	9828902	Deletion	85
2R	9828997	9828902	Deletion	95
2R	9829011	9828902	Deletion	109
2R	9828971	9828902	Deletion	69
2R	9831851	9831744	Deletion	107
2R	9831851	9831747	Deletion	104
2R	9831851	9831751	Deletion	100
2R	9831851	9831762	Deletion	89
2R	9831851	9831820	Deletion	31
2R	9833527	9833411	Deletion	116
2R	9833506	9833411	Deletion	95
2R	9833448	9833411	Deletion	37
2R	9850703	9850586	Deletion	117
2R	9850703	9850594	Deletion	109
2R	9850703	9850597	Deletion	106
2R	9850703	9850616	Deletion	87
2R	9850703	9850624	Deletion	79
2R	9850703	9850635	Deletion	68
2R	9850703	9850663	Deletion	40
2R	9850703	9850665	Deletion	38
2R	9851470	9851382	Deletion	88
2R	9851468	9851382	Deletion	86
2R	9851440	9851382	Deletion	58
2R	9851506	9851382	Deletion	124
2R	9851421	9851382	Deletion	39
2R	9851429	9851382	Deletion	47
2R	9851493	9851382	Deletion	111
2R	9851503	9851382	Deletion	121
2R	9853707	9853618	Deletion	89
2R	9853707	9853629	Deletion	78
2R	9853707	9853630	Deletion	77
2R	9853707	9853646	Deletion	61
2R	9853707	9853655	Deletion	52
2R	9854057	9853992	Deletion	65
2R	9854029	9853992	Deletion	37
2R	9854041	9853992	Deletion	49
2R	9854066	9853992	Deletion	74
2R	9854040	9853992	Deletion	48
2R	9857048	9856934	Deletion	114
2R	9857048	9856936	Deletion	112
2R	9857048	9856936	Deletion	112
2R	9857048	9856992	Deletion	56
2R	9865405	9865334	Deletion	71
2R	9870113	9870015	Deletion	98
2R	9877928	9877819	Deletion	109
2R	9888322	9888205	Deletion	117
2R	9888888	9888768	Deletion	120
2R	9888888	9888816	Deletion	72
2R	9895488	9895384	Deletion	104
2R	9895438	9895384	Deletion	54
2R	9895491	9895384	Deletion	107
2R	9895507	9895384	Deletion	123
2R	9895485	9895384	Deletion	101
2R	9901170	9901114	Deletion	56
2R	9901170	9901116	Deletion	54
2R	9903141	9903030	Deletion	111
2R	9903103	9903030	Deletion	73
2R	9903146	9903030	Deletion	116
2R	9903105	9903030	Deletion	75
2R	9921067	9920946	Deletion	121
2R	9921067	9920957	Deletion	110
2R	9921067	9920967	Deletion	100
2R	9921067	9920971	Deletion	96
2R	9921067	9920998	Deletion	69
2R	9921067	9921018	Deletion	49
2R	9921067	9921020	Deletion	47
2R	9922276	9922153	Deletion	123
2R	9922211	9922153	Deletion	58
2R	9922262	9922153	Deletion	109
2R	9922269	9922153	Deletion	116
2R	9922184	9922153	Deletion	31
2R	9922256	9922153	Deletion	103
2R	9922262	9922153	Deletion	109
2R	9922256	9922153	Deletion	103
2R	9922231	9922153	Deletion	78
2R	9922233	9922153	Deletion	80
2R	9922267	9922153	Deletion	114
2R	9922270	9922153	Deletion	117
2R	9931459	9931362	Deletion	97
2R	9931459	9931363	Deletion	96
2R	9931459	9931370	Deletion	89
2R	9931459	9931392	Deletion	67
2R	9931459	9931399	Deletion	60
2R	9931459	9931426	Deletion	33
2R	9931459	9931427	Deletion	32
2R	9931653	9931622	Deletion	31
2R	9931746	9931622	Deletion	124
2R	9931739	9931622	Deletion	117
2R	9931689	9931622	Deletion	67
2R	9931717	9931622	Deletion	95
2R	9931652	9931622	Deletion	30
2R	9931660	9931622	Deletion	38
2R	9931730	9931622	Deletion	108
2R	9931682	9931622	Deletion	60
2R	9931716	9931622	Deletion	94
2R	9931722	9931622	Deletion	100
2R	9931740	9931622	Deletion	118
2R	9933023	9932943	Deletion	80
2R	9936380	9936280	Deletion	100
2R	9936326	9936280	Deletion	46
2R	9936403	9936280	Deletion	123
2R	9942269	9942172	Deletion	97
2R	9942269	9942184	Deletion	85
2R	9942269	9942197	Deletion	72
2R	9942269	9942210	Deletion	59
2R	9942269	9942221	Deletion	48
2R	9942269	9942234	Deletion	35
2R	9947406	9947309	Deletion	97
2R	9947350	9947309	Deletion	41
2R	9947400	9947309	Deletion	91
2R	9947363	9947309	Deletion	54
2R	9947420	9947309	Deletion	111
2R	9947376	9947309	Deletion	67
2R	9947387	9947309	Deletion	78
2R	9947919	9947829	Deletion	90
2R	9947919	9947832	Deletion	87
2R	9947919	9947834	Deletion	85
2R	9947919	9947861	Deletion	58
2R	9947919	9947882	Deletion	37
2R	9947919	9947887	Deletion	32
2R	9950401	9950360	Deletion	41
2R	9950454	9950360	Deletion	94
2R	9950428	9950360	Deletion	68
2R	9950399	9950360	Deletion	39
2R	9950396	9950360	Deletion	36
2R	9950449	9950360	Deletion	89
2R	9957873	9957760	Deletion	113
2R	9957873	9957779	Deletion	94
2R	9957873	9957786	Deletion	87
2R	9957873	9957796	Deletion	77
2R	9957873	9957805	Deletion	68
2R	9959982	9959858	Deletion	124
2R	9959971	9959858	Deletion	113
2R	9959922	9959858	Deletion	64
2R	9959903	9959858	Deletion	45
2R	9959914	9959858	Deletion	56
2R	9959981	9959858	Deletion	123
2R	9959896	9959858	Deletion	38
2R	9966332	9966253	Deletion	79
2R	9966332	9966273	Deletion	59
2R	9966332	9966278	Deletion	54
2R	9968513	9968446	Deletion	67
2R	9968568	9968446	Deletion	122
2R	9968518	9968446	Deletion	72
2R	9968554	9968446	Deletion	108
2R	9968493	9968446	Deletion	47
2R	9977248	9977133	Deletion	115
2R	9977248	9977134	Deletion	114
2R	9977248	9977136	Deletion	112
2R	9977248	9977148	Deletion	100
2R	9977248	9977149	Deletion	99
2R	9977248	9977176	Deletion	72
2R	9977248	9977190	Deletion	58
2R	9977248	9977203	Deletion	45
2R	9977248	9977218	Deletion	30
2R	9981022	9980954	Deletion	68
2R	9981060	9980954	Deletion	106
2R	9981008	9980954	Deletion	54
2R	9981050	9980954	Deletion	96
2R	9981059	9980954	Deletion	105
2R	9981035	9980954	Deletion	81
2R	9982731	9982608	Deletion	123
2R	9985201	9985145	Deletion	56
2R	9985201	9985164	Deletion	37
2R	9985360	9985271	Deletion	89
2R	9985341	9985271	Deletion	70
2R	9986429	9986312	Deletion	117
2R	9986429	9986325	Deletion	104
2R	9986429	9986360	Deletion	69
2R	9986429	9986360	Deletion	69
2R	9986429	9986386	Deletion	43
2R	9986429	9986386	Deletion	43
2R	9986429	9986386	Deletion	43
2R	9986429	9986391	Deletion	38
2R	9991805	9991720	Deletion	85
2R	9991819	9991720	Deletion	99
2R	9991834	9991720	Deletion	114
2R	9991779	9991720	Deletion	59
2R	9991779	9991720	Deletion	59
2R	9991805	9991720	Deletion	85
2R	9991805	9991720	Deletion	85
2R	9991810	9991720	Deletion	90
2R	9993668	9993546	Deletion	122
2R	9993668	9993637	Deletion	31
2R	9995107	9995009	Deletion	98
2R	10000875	10000760	Deletion	115
2R	10000875	10000816	Deletion	59
2R	10000875	10000830	Deletion	45
2R	10004942	10004859	Deletion	83
2R	10004967	10004859	Deletion	108
2R	10004964	10004859	Deletion	105
2R	10004928	10004859	Deletion	69
2R	10006552	10006457	Deletion	95
2R	10008727	10008599	Deletion	128
2R	10015004	10014882	Deletion	122
2R	10016322	10016218	Deletion	104
2R	10016322	10016230	Deletion	92
2R	10016322	10016251	Deletion	71
2R	10016322	10016252	Deletion	70
2R	10018390	10018355	Deletion	35
2R	10018411	10018355	Deletion	56
2R	10018412	10018355	Deletion	57
2R	10024586	10024465	Deletion	121
2R	10024590	10024491	Deletion	99
2R	10024590	10024498	Deletion	92
2R	10024590	10024499	Deletion	91
2R	10024590	10024506	Deletion	84
2R	10024590	10024507	Deletion	83
2R	10028464	10028422	Deletion	42
2R	10028457	10028422	Deletion	35
2R	10028525	10028422	Deletion	103
2R	10028531	10028422	Deletion	109
2R	10028535	10028422	Deletion	113
2R	10028465	10028422	Deletion	43
2R	10028523	10028422	Deletion	101
2R	10028456	10028422	Deletion	34
2R	10037307	10037220	Deletion	87
2R	10038729	10038689	Deletion	40
2R	10038813	10038689	Deletion	124
2R	10038802	10038689	Deletion	113
2R	10046489	10046366	Deletion	123
2R	10064999	10064904	Deletion	95
2R	10064999	10064935	Deletion	64
2R	10064999	10064949	Deletion	50
2R	10065542	10065463	Deletion	79
2R	10065528	10065463	Deletion	65
2R	10065497	10065463	Deletion	34
2R	10081118	10080999	Deletion	119
2R	10081118	10081029	Deletion	89
2R	10081118	10081035	Deletion	83
2R	10081118	10081037	Deletion	81
2R	10081118	10081044	Deletion	74
2R	10081118	10081049	Deletion	69
2R	10081118	10081063	Deletion	55
2R	10083308	10083262	Deletion	46
2R	10083320	10083262	Deletion	58
2R	10083306	10083262	Deletion	44
2R	10083334	10083262	Deletion	72
2R	10083300	10083262	Deletion	38
2R	10083381	10083262	Deletion	119
2R	10083315	10083262	Deletion	53
2R	10088715	10088610	Deletion	105
2R	10088715	10088640	Deletion	75
2R	10088715	10088655	Deletion	60
2R	10088715	10088655	Deletion	60
2R	10088715	10088656	Deletion	59
2R	10089654	10089554	Deletion	100
2R	10089623	10089554	Deletion	69
2R	10089608	10089554	Deletion	54
2R	10089624	10089554	Deletion	70
2R	10089623	10089554	Deletion	69
2R	10094117	10093998	Deletion	119
2R	10094117	10094015	Deletion	102
2R	10094117	10094015	Deletion	102
2R	10094117	10094019	Deletion	98
2R	10094117	10094041	Deletion	76
2R	10094117	10094046	Deletion	71
2R	10094117	10094051	Deletion	66
2R	10096304	10096187	Deletion	117
2R	10096247	10096187	Deletion	60
2R	10096242	10096187	Deletion	55
2R	10096237	10096187	Deletion	50
2R	10096572	10096446	Deletion	126
2R	10097534	10097425	Deletion	109
2R	10097534	10097443	Deletion	91
2R	10097534	10097475	Deletion	59
2R	10097534	10097477	Deletion	57
2R	10097534	10097486	Deletion	48
2R	10097534	10097496	Deletion	38
2R	10097534	10097496	Deletion	38
2R	10097534	10097497	Deletion	37
2R	10099951	10099881	Deletion	70
2R	10099970	10099881	Deletion	89
2R	10099960	10099881	Deletion	79
2R	10099971	10099881	Deletion	90
2R	10099917	10099881	Deletion	36
2R	10099970	10099881	Deletion	89
2R	10099980	10099881	Deletion	99
2R	10099949	10099881	Deletion	68
2R	10099989	10099881	Deletion	108
2R	10102283	10102160	Deletion	123
2R	10102283	10102167	Deletion	116
2R	10102283	10102236	Deletion	47
2R	10102283	10102252	Deletion	31
2R	10103641	10103546	Deletion	95
2R	10103661	10103546	Deletion	115
2R	10103625	10103546	Deletion	79
2R	10119267	10119153	Deletion	114
2R	10119267	10119161	Deletion	106
2R	10119267	10119210	Deletion	57
2R	10119267	10119231	Deletion	36
2R	10119878	10119808	Deletion	70
2R	10119906	10119808	Deletion	98
2R	10119905	10119808	Deletion	97
2R	10119899	10119808	Deletion	91
2R	10130448	10130329	Deletion	119
2R	10130448	10130337	Deletion	111
2R	10130448	10130347	Deletion	101
2R	10130448	10130351	Deletion	97
2R	10130443	10130358	Deletion	85
2R	10130448	10130372	Deletion	76
2R	10130448	10130383	Deletion	65
2R	10130448	10130394	Deletion	54
2R	10131191	10131161	Deletion	30
2R	10131223	10131161	Deletion	62
2R	10131198	10131161	Deletion	37
2R	10131234	10131161	Deletion	73
2R	10131212	10131161	Deletion	51
2R	10154695	10154574	Deletion	121
2R	10154695	10154575	Deletion	120
2R	10154695	10154584	Deletion	111
2R	10154695	10154599	Deletion	96
2R	10154695	10154600	Deletion	95
2R	10154695	10154609	Deletion	86
2R	10154695	10154628	Deletion	67
2R	10154695	10154631	Deletion	64
2R	10154695	10154640	Deletion	55
2R	10154695	10154661	Deletion	34
2R	10154695	10154663	Deletion	32
2R	10154992	10154959	Deletion	33
2R	10154991	10154959	Deletion	32
2R	10155032	10154959	Deletion	73
2R	10155020	10154959	Deletion	61
2R	10155055	10154959	Deletion	96
2R	10155001	10154959	Deletion	42
2R	10155023	10154959	Deletion	64
2R	10155067	10154959	Deletion	108
2R	10155053	10154959	Deletion	94
2R	10179397	10179276	Deletion	121
2R	10181981	10181888	Deletion	93
2R	10183276	10183161	Deletion	115
2R	10186279	10186176	Deletion	103
2R	10186279	10186194	Deletion	85
2R	10186279	10186223	Deletion	56
2R	10186279	10186247	Deletion	32
2R	10186740	10186670	Deletion	70
2R	10186711	10186670	Deletion	41
2R	10186764	10186670	Deletion	94
2R	10186775	10186670	Deletion	105
2R	10192102	10192012	Deletion	90
2R	10192102	10192031	Deletion	71
2R	10192102	10192032	Deletion	70
2R	10192102	10192070	Deletion	32
2R	10195720	10195664	Deletion	56
2R	10195719	10195664	Deletion	55
2R	10195758	10195664	Deletion	94
2R	10195700	10195664	Deletion	36
2R	10207994	10207882	Deletion	112
2R	10207994	10207895	Deletion	99
2R	10207994	10207915	Deletion	79
2R	10207994	10207927	Deletion	67
2R	10207994	10207949	Deletion	45
2R	10207994	10207953	Deletion	41
2R	10214593	10214510	Deletion	83
2R	10214559	10214510	Deletion	49
2R	10214597	10214510	Deletion	87
2R	10214571	10214510	Deletion	61
2R	10214611	10214510	Deletion	101
2R	10214606	10214510	Deletion	96
2R	10214690	10214562	Deletion	128
2R	10221383	10221260	Deletion	123
2R	10221383	10221275	Deletion	108
2R	10221383	10221281	Deletion	102
2R	10221383	10221289	Deletion	94
2R	10221383	10221330	Deletion	53
2R	10221383	10221348	Deletion	35
2R	10222844	10222770	Deletion	74
2R	10222862	10222770	Deletion	92
2R	10222886	10222770	Deletion	116
2R	10222803	10222770	Deletion	33
2R	10235595	10235473	Deletion	122
2R	10236454	10236331	Deletion	123
2R	10237837	10237736	Deletion	101
2R	10237837	10237768	Deletion	69
2R	10237837	10237792	Deletion	45
2R	10237837	10237793	Deletion	44
2R	10237837	10237797	Deletion	40
2R	10256685	10256582	Deletion	103
2R	10256685	10256582	Deletion	103
2R	10256668	10256582	Deletion	86
2R	10256639	10256582	Deletion	57
2R	10256663	10256582	Deletion	81
2R	10256688	10256582	Deletion	106
2R	10256664	10256582	Deletion	82
2R	10259231	10259146	Deletion	85
2R	10259231	10259159	Deletion	72
2R	10259231	10259171	Deletion	60
2R	10259231	10259176	Deletion	55
2R	10261809	10261743	Deletion	66
2R	10261784	10261743	Deletion	41
2R	10261797	10261743	Deletion	54
2R	10261814	10261743	Deletion	71
2R	10269506	10269408	Deletion	98
2R	10269506	10269444	Deletion	62
2R	10271641	10271577	Deletion	64
2R	10333584	10333494	Deletion	90
2R	10333584	10333512	Deletion	72
2R	10333584	10333524	Deletion	60
2R	10333584	10333526	Deletion	58
2R	10333584	10333526	Deletion	58
2R	10333584	10333538	Deletion	46
2R	10334689	10334620	Deletion	69
2R	10334725	10334620	Deletion	105
2R	10334689	10334620	Deletion	69
2R	10334701	10334620	Deletion	81
2R	10334687	10334620	Deletion	67
2R	10334657	10334620	Deletion	37
2R	10334675	10334620	Deletion	55
2R	10335895	10335776	Deletion	119
2R	10335895	10335779	Deletion	116
2R	10335895	10335822	Deletion	73
2R	10335895	10335832	Deletion	63
2R	10335895	10335836	Deletion	59
2R	10335895	10335855	Deletion	40
2R	10347108	10347040	Deletion	68
2R	10347094	10347040	Deletion	54
2R	10347127	10347040	Deletion	87
2R	10347142	10347040	Deletion	102
2R	10347152	10347040	Deletion	112
2R	10347104	10347040	Deletion	64
2R	10354698	10354590	Deletion	108
2R	10354698	10354591	Deletion	107
2R	10354698	10354625	Deletion	73
2R	10354803	10354749	Deletion	54
2R	10354863	10354749	Deletion	114
2R	10354847	10354749	Deletion	98
2R	10354860	10354749	Deletion	111
2R	10354851	10354749	Deletion	102
2R	10354852	10354749	Deletion	103
2R	10366855	10366766	Deletion	89
2R	10371481	10371386	Deletion	95
2R	10371509	10371386	Deletion	123
2R	10371423	10371386	Deletion	37
2R	10404748	10404632	Deletion	116
2R	10404748	10404698	Deletion	50
2R	10404748	10404699	Deletion	49
2R	10404875	10404797	Deletion	78
2R	10404874	10404797	Deletion	77
2R	10429781	10429664	Deletion	117
2R	10429781	10429665	Deletion	116
2R	10429781	10429716	Deletion	65
2R	10429781	10429737	Deletion	44
2R	10429781	10429742	Deletion	39
2R	10429781	10429743	Deletion	38
2R	10429781	10429743	Deletion	38
2R	10430548	10430460	Deletion	88
2R	10430547	10430460	Deletion	87
2R	10430548	10430460	Deletion	88
2R	10430542	10430460	Deletion	82
2R	10430521	10430460	Deletion	61
2R	10462407	10462296	Deletion	111
2R	10462407	10462299	Deletion	108
2R	10462407	10462306	Deletion	101
2R	10462407	10462343	Deletion	64
2R	10464144	10464081	Deletion	63
2R	10464188	10464081	Deletion	107
2R	10464193	10464081	Deletion	112
2R	10471019	10470900	Deletion	119
2R	10471019	10470925	Deletion	94
2R	10471019	10470931	Deletion	88
2R	10471019	10470935	Deletion	84
2R	10471019	10470944	Deletion	75
2R	10471019	10470969	Deletion	50
2R	10471019	10470984	Deletion	35
2R	10471160	10471069	Deletion	91
2R	10471112	10471069	Deletion	43
2R	10471168	10471069	Deletion	99
2R	10471120	10471069	Deletion	51
2R	10471107	10471069	Deletion	38
2R	10471145	10471069	Deletion	76
2R	10471191	10471069	Deletion	122
2R	10471101	10471069	Deletion	32
2R	10475741	10475627	Deletion	114
2R	10475741	10475629	Deletion	112
2R	10475741	10475636	Deletion	105
2R	10475741	10475683	Deletion	58
2R	10475922	10475800	Deletion	122
2R	10475905	10475800	Deletion	105
2R	10475868	10475800	Deletion	68
2R	10476123	10476011	Deletion	112
2R	10476123	10476077	Deletion	46
2R	10477030	10476932	Deletion	98
2R	10477012	10476932	Deletion	80
2R	10485303	10485184	Deletion	119
2R	10485303	10485188	Deletion	115
2R	10485303	10485190	Deletion	113
2R	10485303	10485211	Deletion	92
2R	10485303	10485221	Deletion	82
2R	10485303	10485224	Deletion	79
2R	10485303	10485224	Deletion	79
2R	10485303	10485238	Deletion	65
2R	10497692	10497645	Deletion	47
2R	10497679	10497645	Deletion	34
2R	10497706	10497645	Deletion	61
2R	10497689	10497645	Deletion	44
2R	10497692	10497645	Deletion	47
2R	10526014	10525891	Deletion	123
2R	10526014	10525894	Deletion	120
2R	10526014	10525916	Deletion	98
2R	10526014	10525931	Deletion	83
2R	10526014	10525932	Deletion	82
2R	10526014	10525940	Deletion	74
2R	10526014	10525982	Deletion	32
2R	10526111	10526068	Deletion	43
2R	10526165	10526068	Deletion	97
2R	10526112	10526068	Deletion	44
2R	10526162	10526068	Deletion	94
2R	10526120	10526068	Deletion	52
2R	10534492	10534372	Deletion	120
2R	10537327	10537207	Deletion	120
2R	10537327	10537232	Deletion	95
2R	10537327	10537234	Deletion	93
2R	10537327	10537259	Deletion	68
2R	10543824	10543793	Deletion	31
2R	10543913	10543793	Deletion	120
2R	10543851	10543793	Deletion	58
2R	10543826	10543793	Deletion	33
2R	10560943	10560828	Deletion	115
2R	10560943	10560831	Deletion	112
2R	10560943	10560849	Deletion	94
2R	10560943	10560913	Deletion	30
2R	10560943	10560913	Deletion	30
2R	10561365	10561257	Deletion	108
2R	10561290	10561257	Deletion	33
2R	10561354	10561257	Deletion	97
2R	10561354	10561257	Deletion	97
2R	10564455	10564389	Deletion	66
2R	10564455	10564395	Deletion	60
2R	10564455	10564415	Deletion	40
2R	10565107	10565009	Deletion	98
2R	10565069	10565009	Deletion	60
2R	10565095	10565009	Deletion	86
2R	10565075	10565009	Deletion	66
2R	10565113	10565009	Deletion	104
2R	10565108	10565009	Deletion	99
2R	10568559	10568451	Deletion	108
2R	10568559	10568503	Deletion	56
2R	10568559	10568507	Deletion	52
2R	10568559	10568513	Deletion	46
2R	10568724	10568625	Deletion	99
2R	10568699	10568625	Deletion	74
2R	10568705	10568625	Deletion	80
2R	10568695	10568625	Deletion	70
2R	10568717	10568625	Deletion	92
2R	10569381	10569271	Deletion	110
2R	10569381	10569322	Deletion	59
2R	10569381	10569342	Deletion	39
2R	10569541	10569474	Deletion	67
2R	10569591	10569474	Deletion	117
2R	10569561	10569474	Deletion	87
2R	10576987	10576902	Deletion	85
2R	10576987	10576916	Deletion	71
2R	10576987	10576936	Deletion	51
2R	10578641	10578566	Deletion	75
2R	10578607	10578566	Deletion	41
2R	10578675	10578566	Deletion	109
2R	10578621	10578566	Deletion	55
2R	10578685	10578566	Deletion	119
2R	10587733	10587633	Deletion	100
2R	10588549	10588486	Deletion	63
2R	10592516	10592417	Deletion	99
2R	10593005	10592883	Deletion	122
2R	10593067	10593037	Deletion	30
2R	10593876	10593755	Deletion	121
2R	10594686	10594565	Deletion	121
2R	10615334	10615227	Deletion	107
2R	10615334	10615270	Deletion	64
2R	10615334	10615278	Deletion	56
2R	10615334	10615280	Deletion	54
2R	10626438	10626332	Deletion	106
2R	10626443	10626394	Deletion	49
2R	10628768	10628652	Deletion	116
2R	10628704	10628655	Deletion	49
2R	10631804	10631699	Deletion	105
2R	10632691	10632594	Deletion	97
2R	10634563	10634508	Deletion	55
2R	10635155	10635045	Deletion	110
2R	10646536	10646437	Deletion	99
2R	10646536	10646440	Deletion	96
2R	10646536	10646506	Deletion	30
2R	10657894	10657864	Deletion	30
2R	10657960	10657864	Deletion	96
2R	10660920	10660874	Deletion	46
2R	10661890	10661825	Deletion	65
2R	10662188	10662152	Deletion	36
2R	10663268	10663194	Deletion	74
2R	10663567	10663474	Deletion	93
2R	10664042	10664005	Deletion	37
2R	10664581	10664545	Deletion	36
2R	10664595	10664545	Deletion	50
2R	10666062	10665940	Deletion	122
2R	10689196	10689074	Deletion	122
2R	10690651	10690528	Deletion	123
2R	10690651	10690551	Deletion	100
2R	10690651	10690555	Deletion	96
2R	10690651	10690576	Deletion	75
2R	10690651	10690578	Deletion	73
2R	10690651	10690608	Deletion	43
2R	10690651	10690608	Deletion	43
2R	10690651	10690609	Deletion	42
2R	10711829	10711722	Deletion	107
2R	10711824	10711722	Deletion	102
2R	10711844	10711722	Deletion	122
2R	10711753	10711722	Deletion	31
2R	10711806	10711722	Deletion	84
2R	10711774	10711722	Deletion	52
2R	10711806	10711722	Deletion	84
2R	10711776	10711722	Deletion	54
2R	10711822	10711722	Deletion	100
2R	10711807	10711722	Deletion	85
2R	10726840	10726738	Deletion	102
2R	10726840	10726745	Deletion	95
2R	10726840	10726805	Deletion	35
2R	10726840	10726807	Deletion	33
2R	10730650	10730555	Deletion	95
2R	10730588	10730555	Deletion	33
2R	10730648	10730555	Deletion	93
2R	10733711	10733621	Deletion	90
2R	10733711	10733638	Deletion	73
2R	10733711	10733640	Deletion	71
2R	10733711	10733675	Deletion	36
2R	10734110	10734057	Deletion	53
2R	10734147	10734057	Deletion	90
2R	10734112	10734057	Deletion	55
2R	10734093	10734057	Deletion	36
2R	10734171	10734057	Deletion	114
2R	10747837	10747770	Deletion	67
2R	10747837	10747787	Deletion	50
2R	10748518	10748408	Deletion	110
2R	10748486	10748408	Deletion	78
2R	10748469	10748408	Deletion	61
2R	10750381	10750259	Deletion	122
2R	10750381	10750302	Deletion	79
2R	10750479	10750432	Deletion	47
2R	10754619	10754530	Deletion	89
2R	10754619	10754558	Deletion	61
2R	10754619	10754560	Deletion	59
2R	10754619	10754561	Deletion	58
2R	10754619	10754575	Deletion	44
2R	10757578	10757513	Deletion	65
2R	10757550	10757513	Deletion	37
2R	10757626	10757513	Deletion	113
2R	10757595	10757513	Deletion	82
2R	10757581	10757513	Deletion	68
2R	10757580	10757513	Deletion	67
2R	10762648	10762532	Deletion	116
2R	10762648	10762532	Deletion	116
2R	10762648	10762573	Deletion	75
2R	10762648	10762582	Deletion	66
2R	10762648	10762591	Deletion	57
2R	10763311	10763240	Deletion	71
2R	10763302	10763240	Deletion	62
2R	10763293	10763240	Deletion	53
2R	10774892	10774788	Deletion	104
2R	10774892	10774835	Deletion	57
2R	10777579	10777471	Deletion	108
2R	10777582	10777471	Deletion	111
2R	10777542	10777471	Deletion	71
2R	10777954	10777830	Deletion	124
2R	10777954	10777843	Deletion	111
2R	10802355	10802238	Deletion	117
2R	10804778	10804659	Deletion	119
2R	10804778	10804663	Deletion	115
2R	10804778	10804665	Deletion	113
2R	10804778	10804666	Deletion	112
2R	10804778	10804670	Deletion	108
2R	10804778	10804670	Deletion	108
2R	10804778	10804710	Deletion	68
2R	10804778	10804713	Deletion	65
2R	10804778	10804747	Deletion	31
2R	10829006	10828945	Deletion	61
2R	10829040	10828945	Deletion	95
2R	10829003	10828945	Deletion	58
2R	10829596	10829499	Deletion	97
2R	10829596	10829500	Deletion	96
2R	10829596	10829501	Deletion	95
2R	10829596	10829507	Deletion	89
2R	10829596	10829510	Deletion	86
2R	10829596	10829512	Deletion	84
2R	10829596	10829542	Deletion	54
2R	10831100	10831069	Deletion	31
2R	10831109	10831069	Deletion	40
2R	10831111	10831069	Deletion	42
2R	10831141	10831069	Deletion	72
2R	10831163	10831069	Deletion	94
2R	10831106	10831069	Deletion	37
2R	10831173	10831069	Deletion	104
2R	10831191	10831069	Deletion	122
2R	10852454	10852360	Deletion	94
2R	10852454	10852373	Deletion	81
2R	10857910	10857877	Deletion	33
2R	10857977	10857877	Deletion	100
2R	10857923	10857880	Deletion	43
2R	10862840	10862719	Deletion	121
2R	10870804	10870768	Deletion	36
2R	10871360	10871241	Deletion	119
2R	10871355	10871241	Deletion	114
2R	10871338	10871241	Deletion	97
2R	10871331	10871241	Deletion	90
2R	10894876	10894753	Deletion	123
2R	10915814	10915690	Deletion	124
2R	10920718	10920597	Deletion	121
2R	10920718	10920600	Deletion	118
2R	10920718	10920671	Deletion	47
2R	10920718	10920688	Deletion	30
2R	10923206	10923127	Deletion	79
2R	10923223	10923127	Deletion	96
2R	10923238	10923127	Deletion	111
2R	10925303	10925179	Deletion	124
2R	10925303	10925190	Deletion	113
2R	10925303	10925196	Deletion	107
2R	10925303	10925209	Deletion	94
2R	10925303	10925232	Deletion	71
2R	10925303	10925234	Deletion	69
2R	10925303	10925239	Deletion	64
2R	10925303	10925240	Deletion	63
2R	10925303	10925267	Deletion	36
2R	10929131	10929097	Deletion	34
2R	10929162	10929097	Deletion	65
2R	10929156	10929097	Deletion	59
2R	10929154	10929097	Deletion	57
2R	10929161	10929097	Deletion	64
2R	10929216	10929097	Deletion	119
2R	10929189	10929097	Deletion	92
2R	10929325	10929210	Deletion	115
2R	10929325	10929226	Deletion	99
2R	10929325	10929232	Deletion	93
2R	10929325	10929238	Deletion	87
2R	10929325	10929289	Deletion	36
2R	10929325	10929295	Deletion	30
2R	10932447	10932355	Deletion	92
2R	10932463	10932355	Deletion	108
2R	10932390	10932355	Deletion	35
2R	10932453	10932355	Deletion	98
2R	10932466	10932355	Deletion	111
2R	10932396	10932355	Deletion	41
2R	10935240	10935118	Deletion	122
2R	10935240	10935134	Deletion	106
2R	10935240	10935153	Deletion	87
2R	10935240	10935180	Deletion	60
2R	10935240	10935190	Deletion	50
2R	10935240	10935197	Deletion	43
2R	10935642	10935541	Deletion	101
2R	10935624	10935541	Deletion	83
2R	10935607	10935541	Deletion	66
2R	10935580	10935541	Deletion	39
2R	10935617	10935541	Deletion	76
2R	10948305	10948245	Deletion	60
2R	10954242	10954118	Deletion	124
2R	10954242	10954123	Deletion	119
2R	10954242	10954145	Deletion	97
2R	10954242	10954145	Deletion	97
2R	10954242	10954166	Deletion	76
2R	10954242	10954167	Deletion	75
2R	10954242	10954168	Deletion	74
2R	10954242	10954174	Deletion	68
2R	10954242	10954175	Deletion	67
2R	10954242	10954183	Deletion	59
2R	10954242	10954185	Deletion	57
2R	10954242	10954206	Deletion	36
2R	10955287	10955194	Deletion	93
2R	10955493	10955402	Deletion	91
2R	10965582	10965463	Deletion	119
2R	10977512	10977462	Deletion	50
2R	10984701	10984577	Deletion	124
2R	10987065	10986942	Deletion	123
2R	10987065	10986970	Deletion	95
2R	10987065	10986998	Deletion	67
2R	10989746	10989639	Deletion	107
2R	10989672	10989639	Deletion	33
2R	10989760	10989639	Deletion	121
2R	10989700	10989639	Deletion	61
2R	11006297	11006176	Deletion	121
2R	11012555	11012441	Deletion	114
2R	11013206	11013093	Deletion	113
2R	11013498	11013431	Deletion	67
2R	11014673	11014566	Deletion	107
2R	11014960	11014909	Deletion	51
2R	11018846	11018751	Deletion	95
2R	11018839	11018770	Deletion	69
2R	11022037	11021983	Deletion	54
2R	11023178	11023122	Deletion	56
2R	11023178	11023122	Deletion	56
2R	11033653	11033610	Deletion	43
2R	11034315	11034204	Deletion	111
2R	11034315	11034204	Deletion	111
2R	11034287	11034204	Deletion	83
2R	11058787	11058688	Deletion	99
2R	11058787	11058698	Deletion	89
2R	11058787	11058703	Deletion	84
2R	11058787	11058724	Deletion	63
2R	11058787	11058754	Deletion	33
2R	11070533	11070439	Deletion	94
2R	11070482	11070439	Deletion	43
2R	11070503	11070439	Deletion	64
2R	11070557	11070439	Deletion	118
2R	11070477	11070439	Deletion	38
2R	11085007	11084911	Deletion	96
2R	11085007	11084949	Deletion	58
2R	11085007	11084952	Deletion	55
2R	11085007	11084955	Deletion	52
2R	11085007	11084961	Deletion	46
2R	11085007	11084969	Deletion	38
2R	11085007	11084974	Deletion	33
2R	11085007	11084977	Deletion	30
2R	11085302	11085231	Deletion	71
2R	11085341	11085231	Deletion	110
2R	11085299	11085231	Deletion	68
2R	11085327	11085231	Deletion	96
2R	11085354	11085231	Deletion	123
2R	11085261	11085231	Deletion	30
2R	11085324	11085231	Deletion	93
2R	11085319	11085231	Deletion	88
2R	11085328	11085231	Deletion	97
2R	11085311	11085231	Deletion	80
2R	11085305	11085231	Deletion	74
2R	11085485	11085369	Deletion	116
2R	11087687	11087566	Deletion	121
2R	11087687	11087583	Deletion	104
2R	11087687	11087611	Deletion	76
2R	11087976	11087858	Deletion	118
2R	11087967	11087858	Deletion	109
2R	11087908	11087858	Deletion	50
2R	11091212	11091091	Deletion	121
2R	11091213	11091110	Deletion	103
2R	11091213	11091133	Deletion	80
2R	11091213	11091141	Deletion	72
2R	11091213	11091145	Deletion	68
2R	11091409	11091355	Deletion	54
2R	11091413	11091355	Deletion	58
2R	11091461	11091355	Deletion	106
2R	11091401	11091355	Deletion	46
2R	11094170	11094096	Deletion	74
2R	11094170	11094100	Deletion	70
2R	11094170	11094109	Deletion	61
2R	11096381	11096325	Deletion	56
2R	11096427	11096325	Deletion	102
2R	11096377	11096325	Deletion	52
2R	11096390	11096325	Deletion	65
2R	11131495	11131378	Deletion	117
2R	11139092	11138978	Deletion	114
2R	11141791	11141668	Deletion	123
2R	11145163	11145045	Deletion	118
2R	11145163	11145050	Deletion	113
2R	11145163	11145062	Deletion	101
2R	11145163	11145065	Deletion	98
2R	11145163	11145076	Deletion	87
2R	11145163	11145125	Deletion	38
2R	11145163	11145132	Deletion	31
2R	11146053	11145939	Deletion	114
2R	11146027	11145939	Deletion	88
2R	11146034	11145939	Deletion	95
2R	11145978	11145939	Deletion	39
2R	11146040	11145939	Deletion	101
2R	11153251	11153133	Deletion	118
2R	11159497	11159391	Deletion	106
2R	11159497	11159391	Deletion	106
2R	11159497	11159397	Deletion	100
2R	11159497	11159401	Deletion	96
2R	11159497	11159407	Deletion	90
2R	11159497	11159413	Deletion	84
2R	11159497	11159425	Deletion	72
2R	11159497	11159444	Deletion	53
2R	11159693	11159637	Deletion	56
2R	11159712	11159637	Deletion	75
2R	11159675	11159637	Deletion	38
2R	11159669	11159637	Deletion	32
2R	11159681	11159637	Deletion	44
2R	11163257	11163163	Deletion	94
2R	11163257	11163185	Deletion	72
2R	11163257	11163212	Deletion	45
2R	11163257	11163220	Deletion	37
2R	11167968	11167879	Deletion	89
2R	11167911	11167879	Deletion	32
2R	11167933	11167879	Deletion	54
2R	11167960	11167879	Deletion	81
2R	11174322	11174219	Deletion	103
2R	11174322	11174238	Deletion	84
2R	11174322	11174261	Deletion	61
2R	11174322	11174270	Deletion	52
2R	11174322	11174271	Deletion	51
2R	11176985	11176942	Deletion	43
2R	11177008	11176942	Deletion	66
2R	11177017	11176942	Deletion	75
2R	11177056	11176942	Deletion	114
2R	11177058	11176942	Deletion	116
2R	11177059	11176942	Deletion	117
2R	11177018	11176942	Deletion	76
2R	11194322	11194198	Deletion	124
2R	11201362	11201242	Deletion	120
2R	11201362	11201247	Deletion	115
2R	11201362	11201274	Deletion	88
2R	11201359	11201279	Deletion	80
2R	11201546	11201508	Deletion	38
2R	11201551	11201508	Deletion	43
2R	11211237	11211117	Deletion	120
2R	11211237	11211140	Deletion	97
2R	11211237	11211157	Deletion	80
2R	11211237	11211160	Deletion	77
2R	11224133	11224087	Deletion	46
2R	11224136	11224087	Deletion	49
2R	11227958	11227841	Deletion	117
2R	11227958	11227875	Deletion	83
2R	11227958	11227909	Deletion	49
2R	11227958	11227921	Deletion	37
2R	11230116	11230072	Deletion	44
2R	11230194	11230072	Deletion	122
2R	11230194	11230072	Deletion	122
2R	11230162	11230072	Deletion	90
2R	11230150	11230072	Deletion	78
2R	11231695	11231573	Deletion	122
2R	11231694	11231586	Deletion	108
2R	11231695	11231595	Deletion	100
2R	11231695	11231597	Deletion	98
2R	11231695	11231633	Deletion	62
2R	11231695	11231633	Deletion	62
2R	11231695	11231639	Deletion	56
2R	11231695	11231643	Deletion	52
2R	11231918	11231854	Deletion	64
2R	11231970	11231854	Deletion	116
2R	11231928	11231854	Deletion	74
2R	11231918	11231854	Deletion	64
2R	11231956	11231854	Deletion	102
2R	11231959	11231854	Deletion	105
2R	11231924	11231862	Deletion	62
2R	11242011	11241887	Deletion	124
2R	11265263	11265169	Deletion	94
2R	11265263	11265171	Deletion	92
2R	11265263	11265180	Deletion	83
2R	11265263	11265182	Deletion	81
2R	11265263	11265220	Deletion	43
2R	11268167	11268083	Deletion	84
2R	11268118	11268083	Deletion	35
2R	11268127	11268083	Deletion	44
2R	11268129	11268083	Deletion	46
2R	11268116	11268083	Deletion	33
2R	11269883	11269797	Deletion	86
2R	11269883	11269802	Deletion	81
2R	11269883	11269804	Deletion	79
2R	11274738	11274619	Deletion	119
2R	11274716	11274619	Deletion	97
2R	11274664	11274619	Deletion	45
2R	11274666	11274619	Deletion	47
2R	11274659	11274619	Deletion	40
2R	11286171	11286082	Deletion	89
2R	11286171	11286090	Deletion	81
2R	11286171	11286116	Deletion	55
2R	11286171	11286133	Deletion	38
2R	11286295	11286224	Deletion	71
2R	11286261	11286224	Deletion	37
2R	11286312	11286224	Deletion	88
2R	11286269	11286224	Deletion	45
2R	11297764	11297704	Deletion	60
2R	11299406	11299349	Deletion	57
2R	11299905	11299839	Deletion	66
2R	11300670	11300581	Deletion	89
2R	11301925	11301808	Deletion	117
2R	11309823	11309713	Deletion	110
2R	11309823	11309742	Deletion	81
2R	11309823	11309775	Deletion	48
2R	11316852	11316807	Deletion	45
2R	11316885	11316807	Deletion	78
2R	11319648	11319549	Deletion	99
2R	11319648	11319556	Deletion	92
2R	11319648	11319566	Deletion	82
2R	11319648	11319571	Deletion	77
2R	11319648	11319585	Deletion	63
2R	11319648	11319587	Deletion	61
2R	11319648	11319590	Deletion	58
2R	11319648	11319610	Deletion	38
2R	11319648	11319610	Deletion	38
2R	11319788	11319725	Deletion	63
2R	11319790	11319725	Deletion	65
2R	11319813	11319725	Deletion	88
2R	11319759	11319725	Deletion	34
2R	11319774	11319725	Deletion	49
2R	11319813	11319725	Deletion	88
2R	11319793	11319725	Deletion	68
2R	11319769	11319725	Deletion	44
2R	11337205	11337096	Deletion	109
2R	11337205	11337098	Deletion	107
2R	11337205	11337106	Deletion	99
2R	11337205	11337106	Deletion	99
2R	11337205	11337127	Deletion	78
2R	11337205	11337130	Deletion	75
2R	11337205	11337137	Deletion	68
2R	11337205	11337150	Deletion	55
2R	11337385	11337327	Deletion	58
2R	11337447	11337327	Deletion	120
2R	11337375	11337327	Deletion	48
2R	11337398	11337327	Deletion	71
2R	11337378	11337327	Deletion	51
2R	11339504	11339424	Deletion	80
2R	11339504	11339428	Deletion	76
2R	11339504	11339444	Deletion	60
2R	11339504	11339457	Deletion	47
2R	11339504	11339459	Deletion	45
2R	11340538	11340458	Deletion	80
2R	11340562	11340458	Deletion	104
2R	11340509	11340458	Deletion	51
2R	11340575	11340458	Deletion	117
2R	11340525	11340458	Deletion	67
2R	11340505	11340458	Deletion	47
2R	11340540	11340458	Deletion	82
2R	11349526	11349454	Deletion	72
2R	11351195	11351155	Deletion	40
2R	11354030	11353969	Deletion	61
2R	11354030	11353969	Deletion	61
2R	11354030	11353974	Deletion	56
2R	11354030	11353985	Deletion	45
2R	11355716	11355661	Deletion	55
2R	11355693	11355661	Deletion	32
2R	11357416	11357330	Deletion	86
2R	11357395	11357330	Deletion	65
2R	11357401	11357330	Deletion	71
2R	11357435	11357330	Deletion	105
2R	11357424	11357330	Deletion	94
2R	11357400	11357330	Deletion	70
2R	11357411	11357330	Deletion	81
2R	11357395	11357330	Deletion	65
2R	11357385	11357335	Deletion	50
2R	11357964	11357857	Deletion	107
2R	11357964	11357882	Deletion	82
2R	11357964	11357912	Deletion	52
2R	11365915	11365871	Deletion	44
2R	11365945	11365871	Deletion	74
2R	11366022	11365900	Deletion	122
2R	11366022	11365909	Deletion	113
2R	11366022	11365931	Deletion	91
2R	11366022	11365944	Deletion	78
2R	11366022	11365982	Deletion	40
2R	11369296	11369244	Deletion	52
2R	11369292	11369244	Deletion	48
2R	11369296	11369244	Deletion	52
2R	11369296	11369244	Deletion	52
2R	11369296	11369244	Deletion	52
2R	11369279	11369244	Deletion	35
2R	11369296	11369244	Deletion	52
2R	11369296	11369244	Deletion	52
2R	11369424	11369374	Deletion	50
2R	11369445	11369374	Deletion	71
2R	11369423	11369374	Deletion	49
2R	11369445	11369374	Deletion	71
2R	11369409	11369374	Deletion	35
2R	11369438	11369374	Deletion	64
2R	11369458	11369400	Deletion	58
2R	11369458	11369406	Deletion	52
2R	11369458	11369409	Deletion	49
2R	11369458	11369417	Deletion	41
2R	11369458	11369422	Deletion	36
2R	11369458	11369423	Deletion	35
2R	11377640	11377560	Deletion	80
2R	11377653	11377560	Deletion	93
2R	11377654	11377560	Deletion	94
2R	11377664	11377560	Deletion	104
2R	11377637	11377560	Deletion	77
2R	11377631	11377560	Deletion	71
2R	11377648	11377560	Deletion	88
2R	11378338	11378214	Deletion	124
2R	11387033	11386918	Deletion	115
2R	11387033	11386940	Deletion	93
2R	11387033	11386981	Deletion	52
2R	11387033	11386989	Deletion	44
2R	11387033	11386989	Deletion	44
2R	11387033	11386998	Deletion	35
2R	11398551	11398479	Deletion	72
2R	11398513	11398479	Deletion	34
2R	11398551	11398479	Deletion	72
2R	11398551	11398479	Deletion	72
2R	11398551	11398483	Deletion	68
2R	11398551	11398490	Deletion	61
2R	11398551	11398496	Deletion	55
2R	11398551	11398515	Deletion	36
2R	11398551	11398516	Deletion	35
2R	11398551	11398521	Deletion	30
2R	11409542	11409498	Deletion	44
2R	11409542	11409498	Deletion	44
2R	11409542	11409498	Deletion	44
2R	11409542	11409498	Deletion	44
2R	11409542	11409498	Deletion	44
2R	11409542	11409510	Deletion	32
2R	11409640	11409592	Deletion	48
2R	11409645	11409592	Deletion	53
2R	11409639	11409592	Deletion	47
2R	11409686	11409592	Deletion	94
2R	11409709	11409592	Deletion	117
2R	11409705	11409592	Deletion	113
2R	11412147	11412083	Deletion	64
2R	11412147	11412087	Deletion	60
2R	11412147	11412107	Deletion	40
2R	11412147	11412107	Deletion	40
2R	11416205	11416151	Deletion	54
2R	11418307	11418261	Deletion	46
2R	11418307	11418266	Deletion	41
2R	11429003	11428881	Deletion	122
2R	11460234	11460112	Deletion	122
2R	11470072	11469952	Deletion	120
2R	11470072	11469969	Deletion	103
2R	11470072	11469986	Deletion	86
2R	11470478	11470438	Deletion	40
2R	11470539	11470438	Deletion	101
2R	11472744	11472629	Deletion	115
2R	11472744	11472636	Deletion	108
2R	11472744	11472652	Deletion	92
2R	11472744	11472655	Deletion	89
2R	11472744	11472691	Deletion	53
2R	11478629	11478556	Deletion	73
2R	11478593	11478556	Deletion	37
2R	11478590	11478556	Deletion	34
2R	11484893	11484778	Deletion	115
2R	11484893	11484786	Deletion	107
2R	11484893	11484796	Deletion	97
2R	11484893	11484799	Deletion	94
2R	11484893	11484801	Deletion	92
2R	11484893	11484809	Deletion	84
2R	11484893	11484827	Deletion	66
2R	11484893	11484843	Deletion	50
2R	11487501	11487392	Deletion	109
2R	11487452	11487392	Deletion	60
2R	11487468	11487392	Deletion	76
2R	11487424	11487392	Deletion	32
2R	11487426	11487392	Deletion	34
2R	11487434	11487392	Deletion	42
2R	11487500	11487392	Deletion	108
2R	11499269	11499156	Deletion	113
2R	11499269	11499165	Deletion	104
2R	11499269	11499201	Deletion	68
2R	11499269	11499228	Deletion	41
2R	11503872	11503758	Deletion	114
2R	11503855	11503758	Deletion	97
2R	11503867	11503758	Deletion	109
2R	11503843	11503758	Deletion	85
2R	11503816	11503758	Deletion	58
2R	11503878	11503758	Deletion	120
2R	11511489	11511384	Deletion	105
2R	11511489	11511403	Deletion	86
2R	11511489	11511407	Deletion	82
2R	11511489	11511421	Deletion	68
2R	11511489	11511438	Deletion	51
2R	11514573	11514529	Deletion	44
2R	11514587	11514529	Deletion	58
2R	11514569	11514529	Deletion	40
2R	11514604	11514529	Deletion	75
2R	11526723	11526613	Deletion	110
2R	11526723	11526652	Deletion	71
2R	11526723	11526668	Deletion	55
2R	11526723	11526691	Deletion	32
2R	11528158	11528103	Deletion	55
2R	11528197	11528103	Deletion	94
2R	11528174	11528103	Deletion	71
2R	11528208	11528103	Deletion	105
2R	11528656	11528533	Deletion	123
2R	11535656	11535532	Deletion	124
2R	11538606	11538483	Deletion	123
2R	11540669	11540543	Deletion	126
2R	11547531	11547435	Deletion	96
2R	11547531	11547457	Deletion	74
2R	11547714	11547659	Deletion	55
2R	11547692	11547659	Deletion	33
2R	11551470	11551349	Deletion	121
2R	11552317	11552199	Deletion	118
2R	11552317	11552210	Deletion	107
2R	11552317	11552267	Deletion	50
2R	11552317	11552276	Deletion	41
2R	11552317	11552286	Deletion	31
2R	11552453	11552366	Deletion	87
2R	11552463	11552366	Deletion	97
2R	11552477	11552366	Deletion	111
2R	11552444	11552366	Deletion	78
2R	11558333	11558230	Deletion	103
2R	11562547	11562427	Deletion	120
2R	11562547	11562440	Deletion	107
2R	11562547	11562452	Deletion	95
2R	11562547	11562459	Deletion	88
2R	11562547	11562476	Deletion	71
2R	11562547	11562476	Deletion	71
2R	11562547	11562488	Deletion	59
2R	11562547	11562512	Deletion	35
2R	11565829	11565798	Deletion	31
2R	11565853	11565798	Deletion	55
2R	11565889	11565798	Deletion	91
2R	11565865	11565798	Deletion	67
2R	11565853	11565798	Deletion	55
2R	11565836	11565798	Deletion	38
2R	11565911	11565798	Deletion	113
2R	11565972	11565852	Deletion	120
2R	11568460	11568344	Deletion	116
2R	11588623	11588514	Deletion	109
2R	11588623	11588520	Deletion	103
2R	11588623	11588533	Deletion	90
2R	11588623	11588538	Deletion	85
2R	11588623	11588542	Deletion	81
2R	11588623	11588564	Deletion	59
2R	11588623	11588575	Deletion	48
2R	11595569	11595528	Deletion	41
2R	11595595	11595528	Deletion	67
2R	11595573	11595528	Deletion	45
2R	11595606	11595528	Deletion	78
2R	11595564	11595528	Deletion	36
2R	11613936	11613815	Deletion	121
2R	11631960	11631848	Deletion	112
2R	11631960	11631856	Deletion	104
2R	11631960	11631864	Deletion	96
2R	11631960	11631884	Deletion	76
2R	11631960	11631886	Deletion	74
2R	11631960	11631929	Deletion	31
2R	11632061	11632010	Deletion	51
2R	11632122	11632010	Deletion	112
2R	11632041	11632010	Deletion	31
2R	11632121	11632010	Deletion	111
2R	11632106	11632010	Deletion	96
2R	11644453	11644363	Deletion	90
2R	11644453	11644377	Deletion	76
2R	11644453	11644410	Deletion	43
2R	11644453	11644412	Deletion	41
2R	11644453	11644412	Deletion	41
2R	11644453	11644418	Deletion	35
2R	11645371	11645285	Deletion	86
2R	11645336	11645285	Deletion	51
2R	11645369	11645285	Deletion	84
2R	11645405	11645285	Deletion	120
2R	11645377	11645285	Deletion	92
2R	11645371	11645285	Deletion	86
2R	11645322	11645285	Deletion	37
2R	11649381	11649261	Deletion	120
2R	11649381	11649276	Deletion	105
2R	11649381	11649299	Deletion	82
2R	11649381	11649304	Deletion	77
2R	11649381	11649306	Deletion	75
2R	11649381	11649309	Deletion	72
2R	11649381	11649321	Deletion	60
2R	11649861	11649812	Deletion	49
2R	11649856	11649812	Deletion	44
2R	11649918	11649812	Deletion	106
2R	11649866	11649812	Deletion	54
2R	11649923	11649812	Deletion	111
2R	11649863	11649812	Deletion	51
2R	11649878	11649812	Deletion	66
2R	11649909	11649814	Deletion	95
2R	11656634	11656514	Deletion	120
2R	11656634	11656563	Deletion	71
2R	11656634	11656581	Deletion	53
2R	11656634	11656590	Deletion	44
2R	11656634	11656592	Deletion	42
2R	11656634	11656602	Deletion	32
2R	11674327	11674242	Deletion	85
2R	11674337	11674242	Deletion	95
2R	11674298	11674242	Deletion	56
2R	11674316	11674242	Deletion	74
2R	11674325	11674242	Deletion	83
2R	11677564	11677442	Deletion	122
2R	11677564	11677459	Deletion	105
2R	11677564	11677470	Deletion	94
2R	11677564	11677481	Deletion	83
2R	11677564	11677512	Deletion	52
2R	11677564	11677517	Deletion	47
2R	11678565	11678486	Deletion	79
2R	11678529	11678486	Deletion	43
2R	11678518	11678486	Deletion	32
2R	11678560	11678486	Deletion	74
2R	11685980	11685856	Deletion	124
2R	11711613	11711505	Deletion	108
2R	11711613	11711510	Deletion	103
2R	11711613	11711511	Deletion	102
2R	11711613	11711518	Deletion	95
2R	11711613	11711528	Deletion	85
2R	11711613	11711535	Deletion	78
2R	11711613	11711548	Deletion	65
2R	11711613	11711561	Deletion	52
2R	11711613	11711574	Deletion	39
2R	11711613	11711583	Deletion	30
2R	11714948	11714917	Deletion	31
2R	11714965	11714917	Deletion	48
2R	11714991	11714917	Deletion	74
2R	11715004	11714917	Deletion	87
2R	11714958	11714917	Deletion	41
2R	11714978	11714917	Deletion	61
2R	11715013	11714917	Deletion	96
2R	11715825	11715716	Deletion	109
2R	11715825	11715719	Deletion	106
2R	11715825	11715726	Deletion	99
2R	11715825	11715744	Deletion	81
2R	11715825	11715749	Deletion	76
2R	11715825	11715756	Deletion	69
2R	11715825	11715777	Deletion	48
2R	11715825	11715794	Deletion	31
2R	11724719	11724620	Deletion	99
2R	11724716	11724620	Deletion	96
2R	11724699	11724620	Deletion	79
2R	11724678	11724620	Deletion	58
2R	11724671	11724620	Deletion	51
2R	11724729	11724620	Deletion	109
2R	11724666	11724620	Deletion	46
2R	11749726	11749609	Deletion	117
2R	11749726	11749612	Deletion	114
2R	11749726	11749641	Deletion	85
2R	11749726	11749644	Deletion	82
2R	11750415	11750374	Deletion	41
2R	11750479	11750374	Deletion	105
2R	11750418	11750374	Deletion	44
2R	11764471	11764349	Deletion	122
2R	11787089	11786967	Deletion	122
2R	11791522	11791453	Deletion	69
2R	11791522	11791463	Deletion	59
2R	11791522	11791468	Deletion	54
2R	11792781	11792723	Deletion	58
2R	11792791	11792723	Deletion	68
2R	11792796	11792723	Deletion	73
2R	11794251	11794163	Deletion	88
2R	11794251	11794167	Deletion	84
2R	11794251	11794178	Deletion	73
2R	11794641	11794603	Deletion	38
2R	11794645	11794603	Deletion	42
2R	11794656	11794603	Deletion	53
2R	11804769	11804661	Deletion	108
2R	11804769	11804666	Deletion	103
2R	11804769	11804706	Deletion	63
2R	11804769	11804707	Deletion	62
2R	11804769	11804708	Deletion	61
2R	11804769	11804711	Deletion	58
2R	11804769	11804712	Deletion	57
2R	11804769	11804714	Deletion	55
2R	11804769	11804737	Deletion	32
2R	11805926	11805861	Deletion	65
2R	11805970	11805861	Deletion	109
2R	11805932	11805861	Deletion	71
2R	11805925	11805861	Deletion	64
2R	11805980	11805861	Deletion	119
2R	11805930	11805861	Deletion	69
2R	11805929	11805861	Deletion	68
2R	11805955	11805861	Deletion	94
2R	11805924	11805861	Deletion	63
2R	11808926	11808805	Deletion	121
2R	11808926	11808811	Deletion	115
2R	11808926	11808824	Deletion	102
2R	11808926	11808849	Deletion	77
2R	11808926	11808873	Deletion	53
2R	11809612	11809513	Deletion	99
2R	11809586	11809513	Deletion	73
2R	11809562	11809513	Deletion	49
2R	11811860	11811759	Deletion	101
2R	11811860	11811773	Deletion	87
2R	11811860	11811776	Deletion	84
2R	11811860	11811776	Deletion	84
2R	11811860	11811808	Deletion	52
2R	11812744	11812670	Deletion	74
2R	11812709	11812670	Deletion	39
2R	11812712	11812670	Deletion	42
2R	11812781	11812670	Deletion	111
2R	11812712	11812670	Deletion	42
2R	11812779	11812670	Deletion	109
2R	11826259	11826136	Deletion	123
2R	11826259	11826204	Deletion	55
2R	11826259	11826213	Deletion	46
2R	11830420	11830349	Deletion	71
2R	11830470	11830349	Deletion	121
2R	11830429	11830349	Deletion	80
2R	11830461	11830349	Deletion	112
2R	11846778	11846680	Deletion	98
2R	11848472	11848364	Deletion	108
2R	11848470	11848364	Deletion	106
2R	11858723	11858614	Deletion	109
2R	11858723	11858620	Deletion	103
2R	11858723	11858624	Deletion	99
2R	11858723	11858627	Deletion	96
2R	11858723	11858644	Deletion	79
2R	11858723	11858662	Deletion	61
2R	11869791	11869744	Deletion	47
2R	11869809	11869744	Deletion	65
2R	11869846	11869744	Deletion	102
2R	11869774	11869744	Deletion	30
2R	11875899	11875776	Deletion	123
2R	11875899	11875797	Deletion	102
2R	11875899	11875800	Deletion	99
2R	11875899	11875831	Deletion	68
2R	11875899	11875836	Deletion	63
2R	11875899	11875845	Deletion	54
2R	11875899	11875849	Deletion	50
2R	11875899	11875862	Deletion	37
2R	11876196	11876097	Deletion	99
2R	11876187	11876097	Deletion	90
2R	11876170	11876097	Deletion	73
2R	11876174	11876097	Deletion	77
2R	11876161	11876097	Deletion	64
2R	11876208	11876097	Deletion	111
2R	11876202	11876097	Deletion	105
2R	11876156	11876097	Deletion	59
2R	11876195	11876097	Deletion	98
2R	11887890	11887771	Deletion	119
2R	11922703	11922601	Deletion	102
2R	11922703	11922604	Deletion	99
2R	11922703	11922625	Deletion	78
2R	11922703	11922663	Deletion	40
2R	11922703	11922669	Deletion	34
2R	11928192	11928100	Deletion	92
2R	11928186	11928100	Deletion	86
2R	11928148	11928100	Deletion	48
2R	11928326	11928216	Deletion	110
2R	11928326	11928262	Deletion	64
2R	11928326	11928265	Deletion	61
2R	11929860	11929794	Deletion	66
2R	11929897	11929794	Deletion	103
2R	11929857	11929794	Deletion	63
2R	11931951	11931869	Deletion	82
2R	11931951	11931882	Deletion	69
2R	11931951	11931920	Deletion	31
2R	11948881	11948767	Deletion	114
2R	11948887	11948767	Deletion	120
2R	11948826	11948767	Deletion	59
2R	11948813	11948767	Deletion	46
2R	11948864	11948767	Deletion	97
2R	11953349	11953231	Deletion	118
2R	11953349	11953274	Deletion	75
2R	11953349	11953304	Deletion	45
2R	11953349	11953310	Deletion	39
2R	11953349	11953314	Deletion	35
2R	11953525	11953403	Deletion	122
2R	11953484	11953403	Deletion	81
2R	11953494	11953403	Deletion	91
2R	11953454	11953403	Deletion	51
2R	11953490	11953403	Deletion	87
2R	11953521	11953403	Deletion	118
2R	11953526	11953403	Deletion	123
2R	11953522	11953403	Deletion	119
2R	11953527	11953403	Deletion	124
2R	11958212	11958097	Deletion	115
2R	11958212	11958105	Deletion	107
2R	11958212	11958157	Deletion	55
2R	11969899	11969828	Deletion	71
2R	11969938	11969828	Deletion	110
2R	11969930	11969828	Deletion	102
2R	11969934	11969828	Deletion	106
2R	11969939	11969828	Deletion	111
2R	11971752	11971646	Deletion	106
2R	11971752	11971647	Deletion	105
2R	11971752	11971667	Deletion	85
2R	11971752	11971679	Deletion	73
2R	11971752	11971691	Deletion	61
2R	11971752	11971699	Deletion	53
2R	11971752	11971712	Deletion	40
2R	11975679	11975636	Deletion	43
2R	11975703	11975636	Deletion	67
2R	11975724	11975636	Deletion	88
2R	11975737	11975636	Deletion	101
2R	11975711	11975636	Deletion	75
2R	11975691	11975636	Deletion	55
2R	12000220	12000134	Deletion	86
2R	12000220	12000134	Deletion	86
2R	12000220	12000170	Deletion	50
2R	12003465	12003389	Deletion	76
2R	12003429	12003389	Deletion	40
2R	12003429	12003389	Deletion	40
2R	12003494	12003389	Deletion	105
2R	12007078	12006965	Deletion	113
2R	12007078	12006975	Deletion	103
2R	12007078	12006977	Deletion	101
2R	12007078	12006999	Deletion	79
2R	12007078	12007002	Deletion	76
2R	12007078	12007023	Deletion	55
2R	12007783	12007711	Deletion	72
2R	12007759	12007711	Deletion	48
2R	12007762	12007711	Deletion	51
2R	12016864	12016743	Deletion	121
2R	12021834	12021714	Deletion	120
2R	12021834	12021721	Deletion	113
2R	12021834	12021744	Deletion	90
2R	12021834	12021749	Deletion	85
2R	12021834	12021758	Deletion	76
2R	12021834	12021771	Deletion	63
2R	12021834	12021782	Deletion	52
2R	12021834	12021786	Deletion	48
2R	12021834	12021801	Deletion	33
2R	12023405	12023312	Deletion	93
2R	12023362	12023312	Deletion	50
2R	12023375	12023312	Deletion	63
2R	12023386	12023312	Deletion	74
2R	12023348	12023312	Deletion	36
2R	12023353	12023312	Deletion	41
2R	12023390	12023312	Deletion	78
2R	12030049	12029924	Deletion	125
2R	12035887	12035770	Deletion	117
2R	12035887	12035790	Deletion	97
2R	12035887	12035809	Deletion	78
2R	12035887	12035818	Deletion	69
2R	12035887	12035823	Deletion	64
2R	12035887	12035825	Deletion	62
2R	12035887	12035829	Deletion	58
2R	12035887	12035833	Deletion	54
2R	12035887	12035844	Deletion	43
2R	12035887	12035849	Deletion	38
2R	12039053	12038938	Deletion	115
2R	12039059	12038938	Deletion	121
2R	12038988	12038938	Deletion	50
2R	12039028	12038938	Deletion	90
2R	12039050	12038938	Deletion	112
2R	12038969	12038938	Deletion	31
2R	12038997	12038938	Deletion	59
2R	12039023	12038938	Deletion	85
2R	12039004	12038938	Deletion	66
2R	12039002	12038938	Deletion	64
2R	12039044	12038938	Deletion	106
2R	12039008	12038938	Deletion	70
2R	12039012	12038938	Deletion	74
2R	12041590	12041506	Deletion	84
2R	12041590	12041517	Deletion	73
2R	12041590	12041544	Deletion	46
2R	12052616	12052573	Deletion	43
2R	12052627	12052573	Deletion	54
2R	12052654	12052573	Deletion	81
2R	12052676	12052573	Deletion	103
2R	12052676	12052573	Deletion	103
2R	12059328	12059242	Deletion	86
2R	12059328	12059263	Deletion	65
2R	12059328	12059263	Deletion	65
2R	12059328	12059293	Deletion	35
2R	12060765	12060702	Deletion	63
2R	12060795	12060702	Deletion	93
2R	12060765	12060702	Deletion	63
2R	12060744	12060702	Deletion	42
2R	12060801	12060702	Deletion	99
2R	12078937	12078849	Deletion	88
2R	12078937	12078863	Deletion	74
2R	12078937	12078896	Deletion	41
2R	12087703	12087651	Deletion	52
2R	12087736	12087651	Deletion	85
2R	12087689	12087651	Deletion	38
2R	12087772	12087651	Deletion	121
2R	12090103	12089984	Deletion	119
2R	12090103	12089994	Deletion	109
2R	12090103	12089994	Deletion	109
2R	12090103	12090060	Deletion	43
2R	12094766	12094661	Deletion	105
2R	12094744	12094661	Deletion	83
2R	12094775	12094661	Deletion	114
2R	12094773	12094661	Deletion	112
2R	12100293	12100170	Deletion	123
2R	12109481	12109379	Deletion	102
2R	12109481	12109414	Deletion	67
2R	12109481	12109429	Deletion	52
2R	12109826	12109710	Deletion	116
2R	12109776	12109710	Deletion	66
2R	12109828	12109710	Deletion	118
2R	12109820	12109710	Deletion	110
2R	12109791	12109710	Deletion	81
2R	12110701	12110582	Deletion	119
2R	12110701	12110593	Deletion	108
2R	12110701	12110598	Deletion	103
2R	12110701	12110613	Deletion	88
2R	12110701	12110622	Deletion	79
2R	12110701	12110627	Deletion	74
2R	12110860	12110756	Deletion	104
2R	12110804	12110756	Deletion	48
2R	12110795	12110756	Deletion	39
2R	12110809	12110756	Deletion	53
2R	12121086	12120987	Deletion	99
2R	12121086	12121006	Deletion	80
2R	12121086	12121011	Deletion	75
2R	12121227	12121175	Deletion	52
2R	12121222	12121175	Deletion	47
2R	12133795	12133672	Deletion	123
2R	12136913	12136804	Deletion	109
2R	12138177	12138063	Deletion	114
2R	12145862	12145742	Deletion	120
2R	12145862	12145767	Deletion	95
2R	12145862	12145768	Deletion	94
2R	12145862	12145789	Deletion	73
2R	12145862	12145803	Deletion	59
2R	12145862	12145815	Deletion	47
2R	12153693	12153661	Deletion	32
2R	12153728	12153661	Deletion	67
2R	12153692	12153661	Deletion	31
2R	12153714	12153661	Deletion	53
2R	12153773	12153661	Deletion	112
2R	12153740	12153661	Deletion	79
2R	12153758	12153664	Deletion	94
2R	12158428	12158325	Deletion	103
2R	12158428	12158330	Deletion	98
2R	12158428	12158397	Deletion	31
2R	12162723	12162627	Deletion	96
2R	12162737	12162627	Deletion	110
2R	12191480	12191367	Deletion	113
2R	12191480	12191377	Deletion	103
2R	12191480	12191399	Deletion	81
2R	12191480	12191401	Deletion	79
2R	12192022	12191975	Deletion	47
2R	12192024	12191975	Deletion	49
2R	12192095	12191975	Deletion	120
2R	12212890	12212773	Deletion	117
2R	12212890	12212786	Deletion	104
2R	12212890	12212817	Deletion	73
2R	12212890	12212821	Deletion	69
2R	12212890	12212833	Deletion	57
2R	12212890	12212840	Deletion	50
2R	12212890	12212856	Deletion	34
2R	12212890	12212859	Deletion	31
2R	12212890	12212860	Deletion	30
2R	12213251	12213197	Deletion	54
2R	12213274	12213197	Deletion	77
2R	12213290	12213197	Deletion	93
2R	12213321	12213197	Deletion	124
2R	12213267	12213197	Deletion	70
2R	12213255	12213197	Deletion	58
2R	12213294	12213197	Deletion	97
2R	12213293	12213197	Deletion	96
2R	12213304	12213197	Deletion	107
2R	12221487	12221388	Deletion	99
2R	12221487	12221396	Deletion	91
2R	12221487	12221410	Deletion	77
2R	12221487	12221422	Deletion	65
2R	12221487	12221440	Deletion	47
2R	12226010	12225930	Deletion	80
2R	12226035	12225930	Deletion	105
2R	12225992	12225930	Deletion	62
2R	12225966	12225930	Deletion	36
2R	12225980	12225930	Deletion	50
2R	12227792	12227685	Deletion	107
2R	12227791	12227753	Deletion	38
2R	12240043	12239949	Deletion	94
2R	12240065	12239949	Deletion	116
2R	12241504	12241382	Deletion	122
2R	12254883	12254769	Deletion	114
2R	12254883	12254818	Deletion	65
2R	12254883	12254847	Deletion	36
2R	12261007	12260898	Deletion	109
2R	12260988	12260898	Deletion	90
2R	12260959	12260898	Deletion	61
2R	12265269	12265147	Deletion	122
2R	12265485	12265367	Deletion	118
2R	12265485	12265386	Deletion	99
2R	12265485	12265429	Deletion	56
2R	12265485	12265446	Deletion	39
2R	12278172	12278141	Deletion	31
2R	12278232	12278141	Deletion	91
2R	12278215	12278141	Deletion	74
2R	12283131	12283052	Deletion	79
2R	12283131	12283077	Deletion	54
2R	12283131	12283095	Deletion	36
2R	12297907	12297816	Deletion	91
2R	12297926	12297816	Deletion	110
2R	12297889	12297816	Deletion	73
2R	12297864	12297816	Deletion	48
2R	12310182	12310059	Deletion	123
2R	12319628	12319512	Deletion	116
2R	12319628	12319544	Deletion	84
2R	12319628	12319550	Deletion	78
2R	12319628	12319582	Deletion	46
2R	12319628	12319588	Deletion	40
2R	12319628	12319589	Deletion	39
2R	12331577	12331490	Deletion	87
2R	12331570	12331490	Deletion	80
2R	12331538	12331490	Deletion	48
2R	12331532	12331490	Deletion	42
2R	12331576	12331490	Deletion	86
2R	12332248	12332139	Deletion	109
2R	12332248	12332154	Deletion	94
2R	12332248	12332169	Deletion	79
2R	12332248	12332180	Deletion	68
2R	12332248	12332190	Deletion	58
2R	12332248	12332192	Deletion	56
2R	12352809	12352741	Deletion	68
2R	12352852	12352741	Deletion	111
2R	12352788	12352741	Deletion	47
2R	12352811	12352741	Deletion	70
2R	12352799	12352741	Deletion	58
2R	12352862	12352741	Deletion	121
2R	12358136	12358030	Deletion	106
2R	12358136	12358034	Deletion	102
2R	12358136	12358053	Deletion	83
2R	12358136	12358066	Deletion	70
2R	12358136	12358080	Deletion	56
2R	12358136	12358095	Deletion	41
2R	12358136	12358099	Deletion	37
2R	12358136	12358103	Deletion	33
2R	12358136	12358104	Deletion	32
2R	12383188	12383095	Deletion	93
2R	12383165	12383095	Deletion	70
2R	12383184	12383095	Deletion	89
2R	12383215	12383095	Deletion	120
2R	12383189	12383095	Deletion	94
2R	12383151	12383095	Deletion	56
2R	12383209	12383095	Deletion	114
2R	12383138	12383095	Deletion	43
2R	12383180	12383095	Deletion	85
2R	12392632	12392514	Deletion	118
2R	12392632	12392524	Deletion	108
2R	12392632	12392539	Deletion	93
2R	12392632	12392562	Deletion	70
2R	12392632	12392585	Deletion	47
2R	12392632	12392600	Deletion	32
2R	12399240	12399138	Deletion	102
2R	12399173	12399138	Deletion	35
2R	12399219	12399138	Deletion	81
2R	12399234	12399138	Deletion	96
2R	12399196	12399138	Deletion	58
2R	12405095	12404991	Deletion	104
2R	12405095	12404992	Deletion	103
2R	12405095	12405027	Deletion	68
2R	12418834	12418776	Deletion	58
2R	12418896	12418776	Deletion	120
2R	12421097	12420993	Deletion	104
2R	12421097	12421007	Deletion	90
2R	12421097	12421021	Deletion	76
2R	12421097	12421027	Deletion	70
2R	12421097	12421028	Deletion	69
2R	12421097	12421043	Deletion	54
2R	12421097	12421045	Deletion	52
2R	12421097	12421050	Deletion	47
2R	12467477	12467401	Deletion	76
2R	12467459	12467401	Deletion	58
2R	12467439	12467401	Deletion	38
2R	12467475	12467401	Deletion	74
2R	12467482	12467401	Deletion	81
2R	12467453	12467401	Deletion	52
2R	12467460	12467406	Deletion	54
2R	12468134	12468023	Deletion	111
2R	12468134	12468035	Deletion	99
2R	12468134	12468048	Deletion	86
2R	12468134	12468093	Deletion	41
2R	12468134	12468098	Deletion	36
2R	12468285	12468194	Deletion	91
2R	12468280	12468194	Deletion	86
2R	12468301	12468194	Deletion	107
2R	12468235	12468194	Deletion	41
2R	12468313	12468196	Deletion	117
2R	12468313	12468199	Deletion	114
2R	12468313	12468258	Deletion	55
2R	12480302	12480182	Deletion	120
2R	12480254	12480182	Deletion	72
2R	12480986	12480881	Deletion	105
2R	12480986	12480889	Deletion	97
2R	12480986	12480891	Deletion	95
2R	12480986	12480906	Deletion	80
2R	12480986	12480950	Deletion	36
2R	12480986	12480952	Deletion	34
2R	12481101	12481055	Deletion	46
2R	12481167	12481055	Deletion	112
2R	12481145	12481055	Deletion	90
2R	12481147	12481055	Deletion	92
2R	12481086	12481055	Deletion	31
2R	12504374	12504267	Deletion	107
2R	12504374	12504302	Deletion	72
2R	12504374	12504314	Deletion	60
2R	12504374	12504344	Deletion	30
2R	12506184	12506135	Deletion	49
2R	12506238	12506135	Deletion	103
2R	12506196	12506135	Deletion	61
2R	12506226	12506135	Deletion	91
2R	12506241	12506135	Deletion	106
2R	12506248	12506135	Deletion	113
2R	12539400	12539282	Deletion	118
2R	12550750	12550640	Deletion	110
2R	12550750	12550674	Deletion	76
2R	12550748	12550707	Deletion	41
2R	12552859	12552809	Deletion	50
2R	12552907	12552809	Deletion	98
2R	12552892	12552809	Deletion	83
2R	12555491	12555392	Deletion	99
2R	12555491	12555422	Deletion	69
2R	12555491	12555455	Deletion	36
2R	12557437	12557313	Deletion	124
2R	12557405	12557313	Deletion	92
2R	12557372	12557313	Deletion	59
2R	12561571	12561452	Deletion	119
2R	12561571	12561468	Deletion	103
2R	12561567	12561480	Deletion	87
2R	12561571	12561493	Deletion	78
2R	12561571	12561499	Deletion	72
2R	12561571	12561515	Deletion	56
2R	12561571	12561526	Deletion	45
2R	12562914	12562832	Deletion	82
2R	12562868	12562832	Deletion	36
2R	12562881	12562832	Deletion	49
2R	12562939	12562832	Deletion	107
2R	12562930	12562832	Deletion	98
2R	12562887	12562832	Deletion	55
2R	12562937	12562832	Deletion	105
2R	12562903	12562832	Deletion	71
2R	12566934	12566813	Deletion	121
2R	12572797	12572678	Deletion	119
2R	12572797	12572712	Deletion	85
2R	12572797	12572712	Deletion	85
2R	12572797	12572719	Deletion	78
2R	12576479	12576375	Deletion	104
2R	12576474	12576375	Deletion	99
2R	12576417	12576375	Deletion	42
2R	12576416	12576375	Deletion	41
2R	12576423	12576375	Deletion	48
2R	12578877	12578826	Deletion	51
2R	12578877	12578826	Deletion	51
2R	12578877	12578831	Deletion	46
2R	12578877	12578842	Deletion	35
2R	12579453	12579373	Deletion	80
2R	12579448	12579373	Deletion	75
2R	12579448	12579373	Deletion	75
2R	12579464	12579373	Deletion	91
2R	12579478	12579373	Deletion	105
2R	12585294	12585181	Deletion	113
2R	12585294	12585190	Deletion	104
2R	12585294	12585190	Deletion	104
2R	12585294	12585207	Deletion	87
2R	12585294	12585253	Deletion	41
2R	12585492	12585392	Deletion	100
2R	12585478	12585392	Deletion	86
2R	12585432	12585392	Deletion	40
2R	12589129	12589006	Deletion	123
2R	12617615	12617549	Deletion	66
2R	12617615	12617557	Deletion	58
2R	12617615	12617567	Deletion	48
2R	12617615	12617567	Deletion	48
2R	12617615	12617581	Deletion	34
2R	12619209	12619149	Deletion	60
2R	12619227	12619149	Deletion	78
2R	12619241	12619149	Deletion	92
2R	12619217	12619149	Deletion	68
2R	12619227	12619149	Deletion	78
2R	12619247	12619149	Deletion	98
2R	12619264	12619149	Deletion	115
2R	12631864	12631740	Deletion	124
2R	12631864	12631752	Deletion	112
2R	12631864	12631761	Deletion	103
2R	12631864	12631780	Deletion	84
2R	12631864	12631785	Deletion	79
2R	12631864	12631807	Deletion	57
2R	12631864	12631812	Deletion	52
2R	12634217	12634170	Deletion	47
2R	12634278	12634170	Deletion	108
2R	12634244	12634170	Deletion	74
2R	12634212	12634170	Deletion	42
2R	12634239	12634170	Deletion	69
2R	12644568	12644487	Deletion	81
2R	12644667	12644621	Deletion	46
2R	12645590	12645466	Deletion	124
2R	12645590	12645475	Deletion	115
2R	12645590	12645506	Deletion	84
2R	12645590	12645524	Deletion	66
2R	12653681	12653619	Deletion	62
2R	12653663	12653619	Deletion	44
2R	12659257	12659170	Deletion	87
2R	12659257	12659176	Deletion	81
2R	12659257	12659188	Deletion	69
2R	12659257	12659198	Deletion	59
2R	12659257	12659220	Deletion	37
2R	12665251	12665206	Deletion	45
2R	12665295	12665206	Deletion	89
2R	12665245	12665206	Deletion	39
2R	12665273	12665206	Deletion	67
2R	12665314	12665206	Deletion	108
2R	12665263	12665206	Deletion	57
2R	12666582	12666484	Deletion	98
2R	12666582	12666487	Deletion	95
2R	12666582	12666495	Deletion	87
2R	12666582	12666500	Deletion	82
2R	12666582	12666521	Deletion	61
2R	12666896	12666781	Deletion	115
2R	12666825	12666781	Deletion	44
2R	12666898	12666781	Deletion	117
2R	12666846	12666781	Deletion	65
2R	12666820	12666781	Deletion	39
2R	12666812	12666781	Deletion	31
2R	12670623	12670500	Deletion	123
2R	12670623	12670501	Deletion	122
2R	12670623	12670573	Deletion	50
2R	12670797	12670677	Deletion	120
2R	12670791	12670677	Deletion	114
2R	12670753	12670677	Deletion	76
2R	12673687	12673646	Deletion	41
2R	12673687	12673647	Deletion	40
2R	12673687	12673649	Deletion	38
2R	12673687	12673653	Deletion	34
2R	12678900	12678812	Deletion	88
2R	12678904	12678812	Deletion	92
2R	12678926	12678812	Deletion	114
2R	12678897	12678812	Deletion	85
2R	12678917	12678812	Deletion	105
2R	12678898	12678812	Deletion	86
2R	12678912	12678812	Deletion	100
2R	12698839	12698716	Deletion	123
2R	12700751	12700630	Deletion	121
2R	12709658	12709602	Deletion	56
2R	12715205	12715173	Deletion	32
2R	12715696	12715608	Deletion	88
2R	12729754	12729638	Deletion	116
2R	12729754	12729686	Deletion	68
2R	12729754	12729689	Deletion	65
2R	12729754	12729697	Deletion	57
2R	12729754	12729697	Deletion	57
2R	12729754	12729712	Deletion	42
2R	12733192	12733080	Deletion	112
2R	12733150	12733080	Deletion	70
2R	12733165	12733080	Deletion	85
2R	12733142	12733080	Deletion	62
2R	12733139	12733080	Deletion	59
2R	12733150	12733080	Deletion	70
2R	12742490	12742369	Deletion	121
2R	12742490	12742376	Deletion	114
2R	12742490	12742385	Deletion	105
2R	12742490	12742392	Deletion	98
2R	12742490	12742397	Deletion	93
2R	12742490	12742404	Deletion	86
2R	12742490	12742406	Deletion	84
2R	12742490	12742446	Deletion	44
2R	12742490	12742457	Deletion	33
2R	12742945	12742862	Deletion	83
2R	12742903	12742862	Deletion	41
2R	12742974	12742862	Deletion	112
2R	12742965	12742862	Deletion	103
2R	12742905	12742862	Deletion	43
2R	12742896	12742862	Deletion	34
2R	12742968	12742862	Deletion	106
2R	12742956	12742862	Deletion	94
2R	12747077	12746957	Deletion	120
2R	12747077	12746995	Deletion	82
2R	12747077	12747000	Deletion	77
2R	12747077	12747007	Deletion	70
2R	12747077	12747007	Deletion	70
2R	12749258	12749201	Deletion	57
2R	12749258	12749201	Deletion	57
2R	12749300	12749201	Deletion	99
2R	12749246	12749201	Deletion	45
2R	12749251	12749201	Deletion	50
2R	12751203	12751114	Deletion	89
2R	12751203	12751125	Deletion	78
2R	12751203	12751165	Deletion	38
2R	12751203	12751168	Deletion	35
2R	12752715	12752627	Deletion	88
2R	12752724	12752627	Deletion	97
2R	12752733	12752627	Deletion	106
2R	12752675	12752627	Deletion	48
2R	12752718	12752627	Deletion	91
2R	12752664	12752627	Deletion	37
2R	12762275	12762159	Deletion	116
2R	12762275	12762163	Deletion	112
2R	12762275	12762174	Deletion	101
2R	12762275	12762216	Deletion	59
2R	12762495	12762395	Deletion	100
2R	12762462	12762395	Deletion	67
2R	12772820	12772699	Deletion	121
2R	12772820	12772779	Deletion	41
2R	12772820	12772782	Deletion	38
2R	12776360	12776273	Deletion	87
2R	12776363	12776273	Deletion	90
2R	12776388	12776273	Deletion	115
2R	12792558	12792520	Deletion	38
2R	12792966	12792856	Deletion	110
2R	12796962	12796907	Deletion	55
2R	12797954	12797833	Deletion	121
2R	12802739	12802663	Deletion	76
2R	12802739	12802666	Deletion	73
2R	12802739	12802672	Deletion	67
2R	12809446	12809387	Deletion	59
2R	12809437	12809387	Deletion	50
2R	12809440	12809387	Deletion	53
2R	12821101	12820980	Deletion	121
2R	12821101	12821029	Deletion	72
2R	12822585	12822500	Deletion	85
2R	12831476	12831374	Deletion	102
2R	12837608	12837486	Deletion	122
2R	12840430	12840306	Deletion	124
2R	12840430	12840307	Deletion	123
2R	12840430	12840308	Deletion	122
2R	12840430	12840317	Deletion	113
2R	12840430	12840324	Deletion	106
2R	12840430	12840347	Deletion	83
2R	12840430	12840349	Deletion	81
2R	12840430	12840349	Deletion	81
2R	12840430	12840364	Deletion	66
2R	12840430	12840393	Deletion	37
2R	12840430	12840399	Deletion	31
2R	12842266	12842223	Deletion	43
2R	12842318	12842223	Deletion	95
2R	12842324	12842223	Deletion	101
2R	12842283	12842223	Deletion	60
2R	12842268	12842223	Deletion	45
2R	12842268	12842223	Deletion	45
2R	12842312	12842223	Deletion	89
2R	12874358	12874234	Deletion	124
2R	12874358	12874254	Deletion	104
2R	12874358	12874294	Deletion	64
2R	12874358	12874312	Deletion	46
2R	12874358	12874314	Deletion	44
2R	12874358	12874328	Deletion	30
2R	12881137	12881027	Deletion	110
2R	12881110	12881027	Deletion	83
2R	12881108	12881027	Deletion	81
2R	12881090	12881027	Deletion	63
2R	12881144	12881027	Deletion	117
2R	12881124	12881027	Deletion	97
2R	12893398	12893299	Deletion	99
2R	12893398	12893306	Deletion	92
2R	12893398	12893308	Deletion	90
2R	12893397	12893308	Deletion	89
2R	12893398	12893325	Deletion	73
2R	12893398	12893341	Deletion	57
2R	12893398	12893362	Deletion	36
2R	12897630	12897576	Deletion	54
2R	12897613	12897576	Deletion	37
2R	12897646	12897576	Deletion	70
2R	12897700	12897576	Deletion	124
2R	12897667	12897576	Deletion	91
2R	12897613	12897577	Deletion	36
2R	12897611	12897581	Deletion	30
2R	12904064	12903943	Deletion	121
2R	12904064	12903957	Deletion	107
2R	12904064	12904015	Deletion	49
2R	12904064	12904027	Deletion	37
2R	12904064	12904030	Deletion	34
2R	12908535	12908442	Deletion	93
2R	12908520	12908442	Deletion	78
2R	12908555	12908442	Deletion	113
2R	12908532	12908442	Deletion	90
2R	12912221	12912099	Deletion	122
2R	12918012	12917906	Deletion	106
2R	12918012	12917909	Deletion	103
2R	12918012	12917909	Deletion	103
2R	12918012	12917941	Deletion	71
2R	12918505	12918449	Deletion	56
2R	12918560	12918449	Deletion	111
2R	12918544	12918449	Deletion	95
2R	12918550	12918454	Deletion	96
2R	12928298	12928209	Deletion	89
2R	12928466	12928359	Deletion	107
2R	12928463	12928359	Deletion	104
2R	12928397	12928359	Deletion	38
2R	12928654	12928579	Deletion	75
2R	12928654	12928584	Deletion	70
2R	12928654	12928591	Deletion	63
2R	12928654	12928595	Deletion	59
2R	12928654	12928605	Deletion	49
2R	12928654	12928624	Deletion	30
2R	12930172	12930105	Deletion	67
2R	12930182	12930105	Deletion	77
2R	12930168	12930105	Deletion	63
2R	12930201	12930105	Deletion	96
2R	12930161	12930105	Deletion	56
2R	12930156	12930105	Deletion	51
2R	12930712	12930591	Deletion	121
2R	12938359	12938237	Deletion	122
2R	12943024	12942908	Deletion	116
2R	12943024	12942935	Deletion	89
2R	12943024	12942945	Deletion	79
2R	12943024	12942977	Deletion	47
2R	12943024	12942984	Deletion	40
2R	12943024	12942984	Deletion	40
2R	12944419	12944381	Deletion	38
2R	12944461	12944381	Deletion	80
2R	12944429	12944381	Deletion	48
2R	12944468	12944381	Deletion	87
2R	12944468	12944381	Deletion	87
2R	12946973	12946871	Deletion	102
2R	12946973	12946884	Deletion	89
2R	12955352	12955315	Deletion	37
2R	12956006	12955950	Deletion	56
2R	12956006	12955952	Deletion	54
2R	12956006	12955959	Deletion	47
2R	12956006	12955962	Deletion	44
2R	12956006	12955971	Deletion	35
2R	12997512	12997432	Deletion	80
2R	12997524	12997432	Deletion	92
2R	12997553	12997432	Deletion	121
2R	12997503	12997432	Deletion	71
2R	12997505	12997432	Deletion	73
2R	12997515	12997432	Deletion	83
2R	12997757	12997635	Deletion	122
2R	12997757	12997638	Deletion	119
2R	12997757	12997653	Deletion	104
2R	12997757	12997669	Deletion	88
2R	12997757	12997687	Deletion	70
2R	13002781	13002743	Deletion	38
2R	13002866	13002743	Deletion	123
2R	13002799	13002743	Deletion	56
2R	13008050	13007930	Deletion	120
2R	13014643	13014534	Deletion	109
2R	13014643	13014538	Deletion	105
2R	13014643	13014552	Deletion	91
2R	13014643	13014561	Deletion	82
2R	13014643	13014612	Deletion	31
2R	13020320	13020276	Deletion	44
2R	13020311	13020276	Deletion	35
2R	13020371	13020279	Deletion	92
2R	13033819	13033720	Deletion	99
2R	13033819	13033733	Deletion	86
2R	13035249	13035207	Deletion	42
2R	13037359	13037275	Deletion	84
2R	13037359	13037283	Deletion	76
2R	13037359	13037302	Deletion	57
2R	13037359	13037304	Deletion	55
2R	13040446	13040395	Deletion	51
2R	13040467	13040395	Deletion	72
2R	13040438	13040395	Deletion	43
2R	13040517	13040395	Deletion	122
2R	13040465	13040395	Deletion	70
2R	13040519	13040395	Deletion	124
2R	13046528	13046407	Deletion	121
2R	13046528	13046438	Deletion	90
2R	13046528	13046465	Deletion	63
2R	13046528	13046466	Deletion	62
2R	13046881	13046816	Deletion	65
2R	13046932	13046816	Deletion	116
2R	13046880	13046816	Deletion	64
2R	13046853	13046816	Deletion	37
2R	13049716	13049615	Deletion	101
2R	13049716	13049630	Deletion	86
2R	13049716	13049643	Deletion	73
2R	13049716	13049670	Deletion	46
2R	13049716	13049684	Deletion	32
2R	13049877	13049766	Deletion	111
2R	13049806	13049766	Deletion	40
2R	13049860	13049766	Deletion	94
2R	13049819	13049766	Deletion	53
2R	13049888	13049766	Deletion	122
2R	13049846	13049766	Deletion	80
2R	13051718	13051604	Deletion	114
2R	13051718	13051606	Deletion	112
2R	13051718	13051609	Deletion	109
2R	13051718	13051640	Deletion	78
2R	13051718	13051640	Deletion	78
2R	13051718	13051676	Deletion	42
2R	13052803	13052755	Deletion	48
2R	13052803	13052755	Deletion	48
2R	13052854	13052755	Deletion	99
2R	13052839	13052755	Deletion	84
2R	13054817	13054696	Deletion	121
2R	13059174	13059093	Deletion	81
2R	13059174	13059098	Deletion	76
2R	13059174	13059104	Deletion	70
2R	13059174	13059107	Deletion	67
2R	13059174	13059118	Deletion	56
2R	13059174	13059137	Deletion	37
2R	13059174	13059138	Deletion	36
2R	13059352	13059262	Deletion	90
2R	13059307	13059262	Deletion	45
2R	13059312	13059262	Deletion	50
2R	13059332	13059262	Deletion	70
2R	13059351	13059262	Deletion	89
2R	13059351	13059262	Deletion	89
2R	13059375	13059262	Deletion	113
2R	13059363	13059262	Deletion	101
2R	13059318	13059262	Deletion	56
2R	13059321	13059262	Deletion	59
2R	13060221	13060100	Deletion	121
2R	13060221	13060110	Deletion	111
2R	13060221	13060138	Deletion	83
2R	13060221	13060174	Deletion	47
2R	13060221	13060174	Deletion	47
2R	13060221	13060176	Deletion	45
2R	13060221	13060176	Deletion	45
2R	13060357	13060276	Deletion	81
2R	13060389	13060276	Deletion	113
2R	13060382	13060276	Deletion	106
2R	13060355	13060276	Deletion	79
2R	13060357	13060276	Deletion	81
2R	13060355	13060276	Deletion	79
2R	13060319	13060276	Deletion	43
2R	13128285	13128166	Deletion	119
2R	13128285	13128238	Deletion	47
2R	13129197	13129088	Deletion	109
2R	13129167	13129088	Deletion	79
2R	13156198	13156076	Deletion	122
2R	13168323	13168209	Deletion	114
2R	13168323	13168216	Deletion	107
2R	13168323	13168216	Deletion	107
2R	13168323	13168237	Deletion	86
2R	13168323	13168273	Deletion	50
2R	13168613	13168537	Deletion	76
2R	13168577	13168537	Deletion	40
2R	13168643	13168537	Deletion	106
2R	13169711	13169609	Deletion	102
2R	13169711	13169653	Deletion	58
2R	13169711	13169665	Deletion	46
2R	13169711	13169674	Deletion	37
2R	13185650	13185568	Deletion	82
2R	13185659	13185568	Deletion	91
2R	13185638	13185568	Deletion	70
2R	13188705	13188592	Deletion	113
2R	13188705	13188595	Deletion	110
2R	13188705	13188595	Deletion	110
2R	13188705	13188644	Deletion	61
2R	13196663	13196597	Deletion	66
2R	13196715	13196597	Deletion	118
2R	13213341	13213227	Deletion	114
2R	13213341	13213243	Deletion	98
2R	13213341	13213260	Deletion	81
2R	13226510	13226464	Deletion	46
2R	13233354	13233241	Deletion	113
2R	13233354	13233250	Deletion	104
2R	13233354	13233258	Deletion	96
2R	13233354	13233267	Deletion	87
2R	13233354	13233269	Deletion	85
2R	13233354	13233272	Deletion	82
2R	13233354	13233292	Deletion	62
2R	13233354	13233296	Deletion	58
2R	13233354	13233302	Deletion	52
2R	13233354	13233307	Deletion	47
2R	13238749	13238684	Deletion	65
2R	13238726	13238684	Deletion	42
2R	13238805	13238684	Deletion	121
2R	13238724	13238684	Deletion	40
2R	13238807	13238684	Deletion	123
2R	13238715	13238684	Deletion	31
2R	13238753	13238684	Deletion	69
2R	13238759	13238684	Deletion	75
2R	13238764	13238684	Deletion	80
2R	13238729	13238689	Deletion	40
2R	13240721	13240650	Deletion	71
2R	13240721	13240660	Deletion	61
2R	13240923	13240814	Deletion	109
2R	13240869	13240814	Deletion	55
2R	13240879	13240814	Deletion	65
2R	13241828	13241760	Deletion	68
2R	13241828	13241770	Deletion	58
2R	13241828	13241787	Deletion	41
2R	13241828	13241794	Deletion	34
2R	13242117	13242056	Deletion	61
2R	13242127	13242056	Deletion	71
2R	13242177	13242056	Deletion	121
2R	13242151	13242056	Deletion	95
2R	13242144	13242056	Deletion	88
2R	13247721	13247611	Deletion	110
2R	13247721	13247624	Deletion	97
2R	13247721	13247638	Deletion	83
2R	13247721	13247658	Deletion	63
2R	13247721	13247665	Deletion	56
2R	13247721	13247666	Deletion	55
2R	13247721	13247670	Deletion	51
2R	13247721	13247683	Deletion	38
2R	13272935	13272864	Deletion	71
2R	13272940	13272864	Deletion	76
2R	13272894	13272864	Deletion	30
2R	13272953	13272864	Deletion	89
2R	13272965	13272864	Deletion	101
2R	13272964	13272864	Deletion	100
2R	13272936	13272864	Deletion	72
2R	13272928	13272864	Deletion	64
2R	13272908	13272864	Deletion	44
2R	13273938	13273828	Deletion	110
2R	13273938	13273843	Deletion	95
2R	13273938	13273896	Deletion	42
2R	13273938	13273897	Deletion	41
2R	13274452	13274367	Deletion	85
2R	13274398	13274367	Deletion	31
2R	13274451	13274367	Deletion	84
2R	13276758	13276636	Deletion	122
2R	13286112	13285996	Deletion	116
2R	13286112	13286006	Deletion	106
2R	13286112	13286019	Deletion	93
2R	13286112	13286041	Deletion	71
2R	13286112	13286044	Deletion	68
2R	13286112	13286070	Deletion	42
2R	13286112	13286080	Deletion	32
2R	13286112	13286081	Deletion	31
2R	13294799	13294766	Deletion	33
2R	13294824	13294766	Deletion	58
2R	13294850	13294766	Deletion	84
2R	13294821	13294766	Deletion	55
2R	13294864	13294766	Deletion	98
2R	13294860	13294766	Deletion	94
2R	13294861	13294766	Deletion	95
2R	13297852	13297737	Deletion	115
2R	13297852	13297739	Deletion	113
2R	13297852	13297800	Deletion	52
2R	13297852	13297802	Deletion	50
2R	13297852	13297807	Deletion	45
2R	13298684	13298571	Deletion	113
2R	13298655	13298571	Deletion	84
2R	13298648	13298571	Deletion	77
2R	13298650	13298571	Deletion	79
2R	13328281	13328160	Deletion	121
2R	13330469	13330346	Deletion	123
2R	13358777	13358659	Deletion	118
2R	13358777	13358666	Deletion	111
2R	13358777	13358674	Deletion	103
2R	13358777	13358677	Deletion	100
2R	13358777	13358681	Deletion	96
2R	13358777	13358688	Deletion	89
2R	13358777	13358690	Deletion	87
2R	13358777	13358703	Deletion	74
2R	13358777	13358709	Deletion	68
2R	13358777	13358731	Deletion	46
2R	13358777	13358737	Deletion	40
2R	13367118	13367038	Deletion	80
2R	13367068	13367038	Deletion	30
2R	13367124	13367038	Deletion	86
2R	13367075	13367038	Deletion	37
2R	13367136	13367038	Deletion	98
2R	13367140	13367038	Deletion	102
2R	13367096	13367038	Deletion	58
2R	13367090	13367038	Deletion	52
2R	13367077	13367038	Deletion	39
2R	13367149	13367038	Deletion	111
2R	13375103	13374980	Deletion	123
2R	13400762	13400681	Deletion	81
2R	13400762	13400705	Deletion	57
2R	13400762	13400709	Deletion	53
2R	13400762	13400714	Deletion	48
2R	13400762	13400718	Deletion	44
2R	13408754	13408670	Deletion	84
2R	13408781	13408670	Deletion	111
2R	13408717	13408670	Deletion	47
2R	13408745	13408670	Deletion	75
2R	13409112	13408991	Deletion	121
2R	13409112	13409002	Deletion	110
2R	13410375	13410303	Deletion	72
2R	13410363	13410303	Deletion	60
2R	13413477	13413397	Deletion	80
2R	13413468	13413397	Deletion	71
2R	13413508	13413397	Deletion	111
2R	13413839	13413764	Deletion	75
2R	13413839	13413773	Deletion	66
2R	13413839	13413785	Deletion	54
2R	13413839	13413796	Deletion	43
2R	13415080	13415029	Deletion	51
2R	13415151	13415029	Deletion	122
2R	13415112	13415029	Deletion	83
2R	13435262	13435143	Deletion	119
2R	13444314	13444192	Deletion	122
2R	13444314	13444197	Deletion	117
2R	13444314	13444239	Deletion	75
2R	13444314	13444247	Deletion	67
2R	13444314	13444268	Deletion	46
2R	13444314	13444279	Deletion	35
2R	13444314	13444280	Deletion	34
2R	13444314	13444281	Deletion	33
2R	13448820	13448728	Deletion	92
2R	13448819	13448728	Deletion	91
2R	13448821	13448728	Deletion	93
2R	13448830	13448728	Deletion	102
2R	13448779	13448728	Deletion	51
2R	13448808	13448728	Deletion	80
2R	13448787	13448728	Deletion	59
2R	13450350	13450245	Deletion	105
2R	13450350	13450253	Deletion	97
2R	13450350	13450253	Deletion	97
2R	13450350	13450270	Deletion	80
2R	13450350	13450296	Deletion	54
2R	13484340	13484242	Deletion	98
2R	13484358	13484242	Deletion	116
2R	13484314	13484242	Deletion	72
2R	13484288	13484242	Deletion	46
2R	13486961	13486842	Deletion	119
2R	13486961	13486844	Deletion	117
2R	13486961	13486851	Deletion	110
2R	13486961	13486867	Deletion	94
2R	13486961	13486909	Deletion	52
2R	13487239	13487138	Deletion	101
2R	13487212	13487138	Deletion	74
2R	13487170	13487138	Deletion	32
2R	13489915	13489794	Deletion	121
2R	13490862	13490755	Deletion	107
2R	13490862	13490767	Deletion	95
2R	13496927	13496891	Deletion	36
2R	13499565	13499444	Deletion	121
2R	13512849	13512725	Deletion	124
2R	13539093	13538970	Deletion	123
2R	13539093	13538981	Deletion	112
2R	13539093	13538991	Deletion	102
2R	13539093	13538994	Deletion	99
2R	13539093	13539017	Deletion	76
2R	13549795	13549694	Deletion	101
2R	13549818	13549694	Deletion	124
2R	13549746	13549694	Deletion	52
2R	13551748	13551630	Deletion	118
2R	13551748	13551631	Deletion	117
2R	13551748	13551667	Deletion	81
2R	13551748	13551699	Deletion	49
2R	13555823	13555745	Deletion	78
2R	13555791	13555745	Deletion	46
2R	13557165	13557056	Deletion	109
2R	13557165	13557067	Deletion	98
2R	13557165	13557074	Deletion	91
2R	13557551	13557438	Deletion	113
2R	13557473	13557438	Deletion	35
2R	13557538	13557438	Deletion	100
2R	13565382	13565268	Deletion	114
2R	13565382	13565275	Deletion	107
2R	13565382	13565282	Deletion	100
2R	13565382	13565291	Deletion	91
2R	13565382	13565323	Deletion	59
2R	13565382	13565323	Deletion	59
2R	13565382	13565352	Deletion	30
2R	13577161	13577094	Deletion	67
2R	13577161	13577094	Deletion	67
2R	13577190	13577094	Deletion	96
2R	13577191	13577094	Deletion	97
2R	13577129	13577094	Deletion	35
2R	13577214	13577094	Deletion	120
2R	13579118	13578997	Deletion	121
2R	13579118	13578997	Deletion	121
2R	13579118	13579022	Deletion	96
2R	13579118	13579034	Deletion	84
2R	13579118	13579062	Deletion	56
2R	13579118	13579084	Deletion	34
2R	13579204	13579174	Deletion	30
2R	13579266	13579174	Deletion	92
2R	13579244	13579174	Deletion	70
2R	13579216	13579174	Deletion	42
2R	13584738	13584639	Deletion	99
2R	13584738	13584656	Deletion	82
2R	13584738	13584664	Deletion	74
2R	13584738	13584677	Deletion	61
2R	13584738	13584696	Deletion	42
2R	13584738	13584702	Deletion	36
2R	13584738	13584703	Deletion	35
2R	13595494	13595382	Deletion	112
2R	13595426	13595382	Deletion	44
2R	13595473	13595382	Deletion	91
2R	13595447	13595382	Deletion	65
2R	13595506	13595382	Deletion	124
2R	13595434	13595382	Deletion	52
2R	13595472	13595382	Deletion	90
2R	13595466	13595382	Deletion	84
2R	13600921	13600813	Deletion	108
2R	13600921	13600822	Deletion	99
2R	13600921	13600847	Deletion	74
2R	13600921	13600871	Deletion	50
2R	13612117	13612006	Deletion	111
2R	13612101	13612006	Deletion	95
2R	13612102	13612006	Deletion	96
2R	13612056	13612006	Deletion	50
2R	13612373	13612256	Deletion	117
2R	13612373	13612288	Deletion	85
2R	13612373	13612313	Deletion	60
2R	13612373	13612316	Deletion	57
2R	13612373	13612322	Deletion	51
2R	13612373	13612322	Deletion	51
2R	13612373	13612324	Deletion	49
2R	13616353	13616275	Deletion	78
2R	13616351	13616275	Deletion	76
2R	13616345	13616275	Deletion	70
2R	13616342	13616275	Deletion	67
2R	13616317	13616275	Deletion	42
2R	13616351	13616275	Deletion	76
2R	13622137	13622079	Deletion	58
2R	13622137	13622104	Deletion	33
2R	13623844	13623776	Deletion	68
2R	13623869	13623776	Deletion	93
2R	13623879	13623776	Deletion	103
2R	13623897	13623776	Deletion	121
2R	13625618	13625511	Deletion	107
2R	13625618	13625543	Deletion	75
2R	13625618	13625555	Deletion	63
2R	13625618	13625565	Deletion	53
2R	13626185	13626079	Deletion	106
2R	13626130	13626079	Deletion	51
2R	13626152	13626079	Deletion	73
2R	13626142	13626079	Deletion	63
2R	13629090	13628986	Deletion	104
2R	13629090	13629002	Deletion	88
2R	13629784	13629742	Deletion	42
2R	13629865	13629742	Deletion	123
2R	13629855	13629742	Deletion	113
2R	13645788	13645670	Deletion	118
2R	13645788	13645712	Deletion	76
2R	13645788	13645718	Deletion	70
2R	13645788	13645732	Deletion	56
2R	13645788	13645740	Deletion	48
2R	13645788	13645745	Deletion	43
2R	13647174	13647096	Deletion	78
2R	13647179	13647096	Deletion	83
2R	13647166	13647096	Deletion	70
2R	13647152	13647096	Deletion	56
2R	13647146	13647096	Deletion	50
2R	13647667	13647554	Deletion	113
2R	13647667	13647571	Deletion	96
2R	13647667	13647578	Deletion	89
2R	13647667	13647593	Deletion	74
2R	13647667	13647595	Deletion	72
2R	13649515	13649463	Deletion	52
2R	13649517	13649463	Deletion	54
2R	13649500	13649463	Deletion	37
2R	13649493	13649463	Deletion	30
2R	13682573	13682451	Deletion	122
2R	13698305	13698185	Deletion	120
2R	13698305	13698201	Deletion	104
2R	13700540	13700430	Deletion	110
2R	13718643	13718530	Deletion	113
2R	13718643	13718532	Deletion	111
2R	13718643	13718545	Deletion	98
2R	13718643	13718551	Deletion	92
2R	13718643	13718551	Deletion	92
2R	13718643	13718559	Deletion	84
2R	13718643	13718568	Deletion	75
2R	13718643	13718595	Deletion	48
2R	13719734	13719700	Deletion	34
2R	13719734	13719700	Deletion	34
2R	13719751	13719700	Deletion	51
2R	13719778	13719700	Deletion	78
2R	13719742	13719700	Deletion	42
2R	13729038	13728935	Deletion	103
2R	13731108	13731056	Deletion	52
2R	13732595	13732473	Deletion	122
2R	13733474	13733374	Deletion	100
2R	13734448	13734338	Deletion	110
2R	13737752	13737629	Deletion	123
2R	13751885	13751806	Deletion	79
2R	13751885	13751816	Deletion	69
2R	13751885	13751827	Deletion	58
2R	13751885	13751828	Deletion	57
2R	13751885	13751839	Deletion	46
2R	13758944	13758897	Deletion	47
2R	13758977	13758897	Deletion	80
2R	13758954	13758897	Deletion	57
2R	13759009	13758897	Deletion	112
2R	13758966	13758897	Deletion	69
2R	13758965	13758897	Deletion	68
2R	13759150	13759027	Deletion	123
2R	13759378	13759264	Deletion	114
2R	13759378	13759270	Deletion	108
2R	13759378	13759293	Deletion	85
2R	13759378	13759327	Deletion	51
2R	13759378	13759335	Deletion	43
2R	13759378	13759339	Deletion	39
2R	13764079	13764038	Deletion	41
2R	13764143	13764038	Deletion	105
2R	13764152	13764038	Deletion	114
2R	13764121	13764038	Deletion	83
2R	13764125	13764038	Deletion	87
2R	13764113	13764038	Deletion	75
2R	13766010	13765897	Deletion	113
2R	13766010	13765962	Deletion	48
2R	13766384	13766304	Deletion	80
2R	13773876	13773777	Deletion	99
2R	13773876	13773783	Deletion	93
2R	13773876	13773803	Deletion	73
2R	13773876	13773838	Deletion	38
2R	13773876	13773845	Deletion	31
2R	13774295	13774191	Deletion	104
2R	13774279	13774191	Deletion	88
2R	13774224	13774191	Deletion	33
2R	13774286	13774191	Deletion	95
2R	13774244	13774191	Deletion	53
2R	13774291	13774191	Deletion	100
2R	13809025	13808908	Deletion	117
2R	13809025	13808909	Deletion	116
2R	13809025	13808917	Deletion	108
2R	13809025	13808918	Deletion	107
2R	13809025	13808926	Deletion	99
2R	13809025	13808938	Deletion	87
2R	13809025	13808940	Deletion	85
2R	13809024	13808942	Deletion	82
2R	13810960	13810919	Deletion	41
2R	13810958	13810919	Deletion	39
2R	13811041	13810919	Deletion	122
2R	13811036	13810919	Deletion	117
2R	13810962	13810919	Deletion	43
2R	13814741	13814658	Deletion	83
2R	13814741	13814666	Deletion	75
2R	13814741	13814687	Deletion	54
2R	13820805	13820733	Deletion	72
2R	13820784	13820733	Deletion	51
2R	13820836	13820733	Deletion	103
2R	13820776	13820733	Deletion	43
2R	13820844	13820733	Deletion	111
2R	13821543	13821429	Deletion	114
2R	13821543	13821458	Deletion	85
2R	13821543	13821459	Deletion	84
2R	13821543	13821471	Deletion	72
2R	13822346	13822236	Deletion	110
2R	13822349	13822236	Deletion	113
2R	13822346	13822236	Deletion	110
2R	13822279	13822236	Deletion	43
2R	13822280	13822236	Deletion	44
2R	13822292	13822236	Deletion	56
2R	13822358	13822238	Deletion	120
2R	13829728	13829604	Deletion	124
2R	13829728	13829686	Deletion	42
2R	13829728	13829690	Deletion	38
2R	13829728	13829692	Deletion	36
2R	13843655	13843536	Deletion	119
2R	13843620	13843536	Deletion	84
2R	13843624	13843536	Deletion	88
2R	13843639	13843536	Deletion	103
2R	13843626	13843536	Deletion	90
2R	13873644	13873597	Deletion	47
2R	13873644	13873602	Deletion	42
2R	13881385	13881301	Deletion	84
2R	13881380	13881301	Deletion	79
2R	13885740	13885618	Deletion	122
2R	13889179	13889064	Deletion	115
2R	13889179	13889074	Deletion	105
2R	13889179	13889078	Deletion	101
2R	13889179	13889095	Deletion	84
2R	13889179	13889111	Deletion	68
2R	13889179	13889121	Deletion	58
2R	13889179	13889124	Deletion	55
2R	13889179	13889130	Deletion	49
2R	13889179	13889145	Deletion	34
2R	13892547	13892454	Deletion	93
2R	13892532	13892454	Deletion	78
2R	13892571	13892454	Deletion	117
2R	13892497	13892454	Deletion	43
2R	13892513	13892454	Deletion	59
2R	13892526	13892454	Deletion	72
2R	13892523	13892454	Deletion	69
2R	13897563	13897451	Deletion	112
2R	13897563	13897451	Deletion	112
2R	13897563	13897461	Deletion	102
2R	13897563	13897474	Deletion	89
2R	13897563	13897502	Deletion	61
2R	13897563	13897527	Deletion	36
2R	13897563	13897530	Deletion	33
2R	13899488	13899395	Deletion	93
2R	13899432	13899395	Deletion	37
2R	13899501	13899395	Deletion	106
2R	13899460	13899395	Deletion	65
2R	13899485	13899395	Deletion	90
2R	13914549	13914441	Deletion	108
2R	13914549	13914494	Deletion	55
2R	13914549	13914499	Deletion	50
2R	13914549	13914519	Deletion	30
2R	13921292	13921221	Deletion	71
2R	13921341	13921221	Deletion	120
2R	13921324	13921221	Deletion	103
2R	13921317	13921221	Deletion	96
2R	13921297	13921221	Deletion	76
2R	13929935	13929815	Deletion	120
2R	13929935	13929833	Deletion	102
2R	13929935	13929867	Deletion	68
2R	13929935	13929879	Deletion	56
2R	13932611	13932553	Deletion	58
2R	13932623	13932553	Deletion	70
2R	13932718	13932606	Deletion	112
2R	13932718	13932619	Deletion	99
2R	13932718	13932647	Deletion	71
2R	13932718	13932649	Deletion	69
2R	13932718	13932658	Deletion	60
2R	13932718	13932674	Deletion	44
2R	13932898	13932816	Deletion	82
2R	13932873	13932816	Deletion	57
2R	13932882	13932816	Deletion	66
2R	13932871	13932816	Deletion	55
2R	13947360	13947239	Deletion	121
2R	13947360	13947243	Deletion	117
2R	13947360	13947281	Deletion	79
2R	13947360	13947289	Deletion	71
2R	13947360	13947295	Deletion	65
2R	13947360	13947306	Deletion	54
2R	13947852	13947737	Deletion	115
2R	13947809	13947737	Deletion	72
2R	13947798	13947737	Deletion	61
2R	13947784	13947737	Deletion	47
2R	13947792	13947737	Deletion	55
2R	13947840	13947737	Deletion	103
2R	13952552	13952447	Deletion	105
2R	13952713	13952610	Deletion	103
2R	13965704	13965608	Deletion	96
2R	13965704	13965610	Deletion	94
2R	13965704	13965624	Deletion	80
2R	13965704	13965673	Deletion	31
2R	13970328	13970282	Deletion	46
2R	13970377	13970282	Deletion	95
2R	13970314	13970282	Deletion	32
2R	13970312	13970282	Deletion	30
2R	13970376	13970282	Deletion	94
2R	13975582	13975459	Deletion	123
2R	13978142	13978023	Deletion	119
2R	13990264	13990153	Deletion	111
2R	13990264	13990172	Deletion	92
2R	13990264	13990197	Deletion	67
2R	13990264	13990206	Deletion	58
2R	13990264	13990210	Deletion	54
2R	14004522	14004415	Deletion	107
2R	14004487	14004415	Deletion	72
2R	14004514	14004415	Deletion	99
2R	14004474	14004415	Deletion	59
2R	14004483	14004415	Deletion	68
2R	14004449	14004415	Deletion	34
2R	14012818	14012696	Deletion	122
2R	14012818	14012704	Deletion	114
2R	14012818	14012755	Deletion	63
2R	14012818	14012774	Deletion	44
2R	14012818	14012775	Deletion	43
2R	14012818	14012784	Deletion	34
2R	14023391	14023328	Deletion	63
2R	14023438	14023328	Deletion	110
2R	14023411	14023328	Deletion	83
2R	14023420	14023328	Deletion	92
2R	14023442	14023328	Deletion	114
2R	14023410	14023328	Deletion	82
2R	14032177	14032082	Deletion	95
2R	14032177	14032087	Deletion	90
2R	14032177	14032093	Deletion	84
2R	14032177	14032111	Deletion	66
2R	14032177	14032140	Deletion	37
2R	14032783	14032661	Deletion	122
2R	14032704	14032661	Deletion	43
2R	14032751	14032661	Deletion	90
2R	14032722	14032661	Deletion	61
2R	14032693	14032661	Deletion	32
2R	14032698	14032661	Deletion	37
2R	14065473	14065353	Deletion	120
2R	14065473	14065356	Deletion	117
2R	14065473	14065368	Deletion	105
2R	14065473	14065377	Deletion	96
2R	14066075	14065976	Deletion	99
2R	14066093	14065976	Deletion	117
2R	14066008	14065976	Deletion	32
2R	14066096	14065976	Deletion	120
2R	14072399	14072281	Deletion	118
2R	14072399	14072301	Deletion	98
2R	14072399	14072312	Deletion	87
2R	14072399	14072330	Deletion	69
2R	14072399	14072333	Deletion	66
2R	14072399	14072343	Deletion	56
2R	14072399	14072354	Deletion	45
2R	14074335	14074254	Deletion	81
2R	14074311	14074254	Deletion	57
2R	14074293	14074254	Deletion	39
2R	14074324	14074254	Deletion	70
2R	14074314	14074254	Deletion	60
2R	14074376	14074254	Deletion	122
2R	14074870	14074753	Deletion	117
2R	14074870	14074766	Deletion	104
2R	14074870	14074767	Deletion	103
2R	14074870	14074808	Deletion	62
2R	14074870	14074809	Deletion	61
2R	14074870	14074815	Deletion	55
2R	14074870	14074820	Deletion	50
2R	14074870	14074831	Deletion	39
2R	14074870	14074838	Deletion	32
2R	14080677	14080612	Deletion	65
2R	14080678	14080612	Deletion	66
2R	14080707	14080612	Deletion	95
2R	14080689	14080612	Deletion	77
2R	14080700	14080612	Deletion	88
2R	14080684	14080612	Deletion	72
2R	14080720	14080612	Deletion	108
2R	14080714	14080612	Deletion	102
2R	14080727	14080612	Deletion	115
2R	14083877	14083767	Deletion	110
2R	14083877	14083773	Deletion	104
2R	14083877	14083773	Deletion	104
2R	14083877	14083782	Deletion	95
2R	14083873	14083783	Deletion	90
2R	14083877	14083798	Deletion	79
2R	14083877	14083804	Deletion	73
2R	14083877	14083821	Deletion	56
2R	14083877	14083829	Deletion	48
2R	14083877	14083831	Deletion	46
2R	14083877	14083836	Deletion	41
2R	14095032	14094919	Deletion	113
2R	14094990	14094919	Deletion	71
2R	14097444	14097337	Deletion	107
2R	14098653	14098535	Deletion	118
2R	14099272	14099229	Deletion	43
2R	14099373	14099299	Deletion	74
2R	14100018	14099962	Deletion	56
2R	14100398	14100275	Deletion	123
2R	14103019	14102936	Deletion	83
2R	14103214	14103124	Deletion	90
2R	14103333	14103294	Deletion	39
2R	14105615	14105521	Deletion	94
2R	14107088	14107050	Deletion	38
2R	14111497	14111426	Deletion	71
2R	14111469	14111426	Deletion	43
2R	14111547	14111426	Deletion	121
2R	14111489	14111426	Deletion	63
2R	14131087	14131004	Deletion	83
2R	14131087	14131008	Deletion	79
2R	14131087	14131046	Deletion	41
2R	14131180	14131137	Deletion	43
2R	14131184	14131137	Deletion	47
2R	14131222	14131137	Deletion	85
2R	14135052	14134937	Deletion	115
2R	14135052	14134952	Deletion	100
2R	14135052	14134967	Deletion	85
2R	14135052	14134972	Deletion	80
2R	14135225	14135109	Deletion	116
2R	14135155	14135109	Deletion	46
2R	14135150	14135109	Deletion	41
2R	14150907	14150808	Deletion	99
2R	14150907	14150812	Deletion	95
2R	14150907	14150825	Deletion	82
2R	14150907	14150832	Deletion	75
2R	14150907	14150850	Deletion	57
2R	14150907	14150865	Deletion	42
2R	14150907	14150871	Deletion	36
2R	14152810	14152766	Deletion	44
2R	14152835	14152766	Deletion	69
2R	14152817	14152766	Deletion	51
2R	14152856	14152766	Deletion	90
2R	14152850	14152766	Deletion	84
2R	14152797	14152766	Deletion	31
2R	14155872	14155751	Deletion	121
2R	14155872	14155753	Deletion	119
2R	14155872	14155766	Deletion	106
2R	14155872	14155768	Deletion	104
2R	14155872	14155829	Deletion	43
2R	14155872	14155833	Deletion	39
2R	14155872	14155836	Deletion	36
2R	14158175	14158085	Deletion	90
2R	14158206	14158085	Deletion	121
2R	14158202	14158085	Deletion	117
2R	14158168	14158085	Deletion	83
2R	14158188	14158085	Deletion	103
2R	14158172	14158085	Deletion	87
2R	14160643	14160524	Deletion	119
2R	14160644	14160527	Deletion	117
2R	14160644	14160539	Deletion	105
2R	14160644	14160561	Deletion	83
2R	14160644	14160567	Deletion	77
2R	14160644	14160584	Deletion	60
2R	14160644	14160594	Deletion	50
2R	14160644	14160612	Deletion	32
2R	14161810	14161767	Deletion	43
2R	14161816	14161767	Deletion	49
2R	14161843	14161767	Deletion	76
2R	14161833	14161767	Deletion	66
2R	14161861	14161767	Deletion	94
2R	14241418	14241296	Deletion	122
2R	14241418	14241299	Deletion	119
2R	14241418	14241342	Deletion	76
2R	14241418	14241347	Deletion	71
2R	14241418	14241353	Deletion	65
2R	14241418	14241365	Deletion	53
2R	14241418	14241368	Deletion	50
2R	14245662	14245545	Deletion	117
2R	14245607	14245545	Deletion	62
2R	14245619	14245545	Deletion	74
2R	14245596	14245545	Deletion	51
2R	14245622	14245545	Deletion	77
2R	14245601	14245545	Deletion	56
2R	14255508	14255393	Deletion	115
2R	14255508	14255431	Deletion	77
2R	14255508	14255437	Deletion	71
2R	14255508	14255448	Deletion	60
2R	14255508	14255459	Deletion	49
2R	14255508	14255476	Deletion	32
2R	14256026	14255976	Deletion	50
2R	14256043	14255976	Deletion	67
2R	14256054	14255976	Deletion	78
2R	14256032	14255976	Deletion	56
2R	14256071	14255976	Deletion	95
2R	14256757	14256663	Deletion	94
2R	14256757	14256664	Deletion	93
2R	14256757	14256672	Deletion	85
2R	14256757	14256680	Deletion	77
2R	14256757	14256690	Deletion	67
2R	14260417	14260384	Deletion	33
2R	14260443	14260384	Deletion	59
2R	14260416	14260384	Deletion	32
2R	14260425	14260384	Deletion	41
2R	14260433	14260384	Deletion	49
2R	14281165	14281056	Deletion	109
2R	14281165	14281059	Deletion	106
2R	14281165	14281068	Deletion	97
2R	14281165	14281114	Deletion	51
2R	14285215	14285096	Deletion	119
2R	14285173	14285096	Deletion	77
2R	14285127	14285096	Deletion	31
2R	14285215	14285096	Deletion	119
2R	14325700	14325585	Deletion	115
2R	14325700	14325596	Deletion	104
2R	14325700	14325606	Deletion	94
2R	14325700	14325623	Deletion	77
2R	14325700	14325624	Deletion	76
2R	14325700	14325633	Deletion	67
2R	14328598	14328547	Deletion	51
2R	14328607	14328547	Deletion	60
2R	14328597	14328547	Deletion	50
2R	14328580	14328547	Deletion	33
2R	14328671	14328547	Deletion	124
2R	14333797	14333721	Deletion	76
2R	14333797	14333721	Deletion	76
2R	14333797	14333725	Deletion	72
2R	14333797	14333727	Deletion	70
2R	14333797	14333739	Deletion	58
2R	14333797	14333742	Deletion	55
2R	14335667	14335595	Deletion	72
2R	14335664	14335595	Deletion	69
2R	14335652	14335595	Deletion	57
2R	14335646	14335595	Deletion	51
2R	14335646	14335595	Deletion	51
2R	14335651	14335595	Deletion	56
2R	14375038	14374931	Deletion	107
2R	14375038	14374976	Deletion	62
2R	14375038	14374978	Deletion	60
2R	14379189	14379078	Deletion	111
2R	14379187	14379078	Deletion	109
2R	14379142	14379078	Deletion	64
2R	14379182	14379078	Deletion	104
2R	14379144	14379078	Deletion	66
2R	14387810	14387687	Deletion	123
2R	14387810	14387697	Deletion	113
2R	14387810	14387725	Deletion	85
2R	14387810	14387726	Deletion	84
2R	14387810	14387732	Deletion	78
2R	14387810	14387758	Deletion	52
2R	14387810	14387759	Deletion	51
2R	14387810	14387779	Deletion	31
2R	14387810	14387780	Deletion	30
2R	14388028	14387986	Deletion	42
2R	14388035	14387986	Deletion	49
2R	14388062	14387986	Deletion	76
2R	14388061	14387986	Deletion	75
2R	14388029	14387986	Deletion	43
2R	14388083	14387986	Deletion	97
2R	14388082	14387986	Deletion	96
2R	14388086	14387986	Deletion	100
2R	14393744	14393647	Deletion	97
2R	14393744	14393647	Deletion	97
2R	14393744	14393681	Deletion	63
2R	14393744	14393688	Deletion	56
2R	14393744	14393701	Deletion	43
2R	14395123	14395011	Deletion	112
2R	14395831	14395753	Deletion	78
2R	14396314	14396272	Deletion	42
2R	14396458	14396373	Deletion	85
2R	14412549	14412433	Deletion	116
2R	14412549	14412437	Deletion	112
2R	14412549	14412445	Deletion	104
2R	14412549	14412483	Deletion	66
2R	14412549	14412502	Deletion	47
2R	14417297	14417235	Deletion	62
2R	14417355	14417235	Deletion	120
2R	14417316	14417235	Deletion	81
2R	14417355	14417235	Deletion	120
2R	14429415	14429335	Deletion	80
2R	14429415	14429338	Deletion	77
2R	14432141	14432091	Deletion	50
2R	14432198	14432091	Deletion	107
2R	14432212	14432091	Deletion	121
2R	14432138	14432091	Deletion	47
2R	14432192	14432091	Deletion	101
2R	14432475	14432366	Deletion	109
2R	14432475	14432384	Deletion	91
2R	14432475	14432392	Deletion	83
2R	14432475	14432406	Deletion	69
2R	14432475	14432411	Deletion	64
2R	14432475	14432434	Deletion	41
2R	14432475	14432442	Deletion	33
2R	14432694	14432637	Deletion	57
2R	14432672	14432637	Deletion	35
2R	14432680	14432637	Deletion	43
2R	14432730	14432637	Deletion	93
2R	14432699	14432637	Deletion	62
2R	14432734	14432637	Deletion	97
2R	14432722	14432637	Deletion	85
2R	14434202	14434101	Deletion	101
2R	14434202	14434128	Deletion	74
2R	14434202	14434138	Deletion	64
2R	14434202	14434153	Deletion	49
2R	14441385	14441332	Deletion	53
2R	14441395	14441332	Deletion	63
2R	14441410	14441332	Deletion	78
2R	14446357	14446233	Deletion	124
2R	14447114	14446992	Deletion	122
2R	14447117	14446999	Deletion	118
2R	14447117	14447006	Deletion	111
2R	14447117	14447014	Deletion	103
2R	14447117	14447036	Deletion	81
2R	14447117	14447037	Deletion	80
2R	14447117	14447043	Deletion	74
2R	14449049	14448997	Deletion	52
2R	14449043	14448997	Deletion	46
2R	14449042	14448997	Deletion	45
2R	14450593	14450471	Deletion	122
2R	14450593	14450483	Deletion	110
2R	14450593	14450498	Deletion	95
2R	14450593	14450508	Deletion	85
2R	14450593	14450554	Deletion	39
2R	14458865	14458778	Deletion	87
2R	14458820	14458778	Deletion	42
2R	14458881	14458778	Deletion	103
2R	14458809	14458778	Deletion	31
2R	14458877	14458783	Deletion	94
2R	14471625	14471527	Deletion	98
2R	14473248	14473179	Deletion	69
2R	14473434	14473355	Deletion	79
2R	14474671	14474624	Deletion	47
2R	14484704	14484584	Deletion	120
2R	14484704	14484597	Deletion	107
2R	14484704	14484621	Deletion	83
2R	14484704	14484639	Deletion	65
2R	14484704	14484641	Deletion	63
2R	14484704	14484648	Deletion	56
2R	14484704	14484656	Deletion	48
2R	14484884	14484783	Deletion	101
2R	14484826	14484783	Deletion	43
2R	14484846	14484783	Deletion	63
2R	14484861	14484783	Deletion	78
2R	14484853	14484783	Deletion	70
2R	14484844	14484786	Deletion	58
2R	14505125	14505009	Deletion	116
2R	14505125	14505032	Deletion	93
2R	14505125	14505038	Deletion	87
2R	14505125	14505075	Deletion	50
2R	14505125	14505085	Deletion	40
2R	14512134	14512101	Deletion	33
2R	14512213	14512101	Deletion	112
2R	14512177	14512101	Deletion	76
2R	14512187	14512101	Deletion	86
2R	14512140	14512101	Deletion	39
2R	14512214	14512101	Deletion	113
2R	14518259	14518138	Deletion	121
2R	14520529	14520433	Deletion	96
2R	14520529	14520457	Deletion	72
2R	14520529	14520471	Deletion	58
2R	14520529	14520488	Deletion	41
2R	14531587	14531557	Deletion	30
2R	14531681	14531557	Deletion	124
2R	14531625	14531557	Deletion	68
2R	14531642	14531557	Deletion	85
2R	14531611	14531557	Deletion	54
2R	14543509	14543387	Deletion	122
2R	14545766	14545643	Deletion	123
2R	14545766	14545644	Deletion	122
2R	14545766	14545653	Deletion	113
2R	14545766	14545703	Deletion	63
2R	14545766	14545712	Deletion	54
2R	14545766	14545733	Deletion	33
2R	14551657	14551564	Deletion	93
2R	14551670	14551564	Deletion	106
2R	14551636	14551564	Deletion	72
2R	14551627	14551564	Deletion	63
2R	14551686	14551564	Deletion	122
2R	14557595	14557482	Deletion	113
2R	14567077	14566959	Deletion	118
2R	14567077	14566989	Deletion	88
2R	14567077	14567012	Deletion	65
2R	14567077	14567041	Deletion	36
2R	14569614	14569504	Deletion	110
2R	14569594	14569504	Deletion	90
2R	14569542	14569504	Deletion	38
2R	14569565	14569504	Deletion	61
2R	14570585	14570504	Deletion	81
2R	14570585	14570505	Deletion	80
2R	14570585	14570510	Deletion	75
2R	14570585	14570510	Deletion	75
2R	14570585	14570524	Deletion	61
2R	14570585	14570552	Deletion	33
2R	14570735	14570688	Deletion	47
2R	14570740	14570688	Deletion	52
2R	14570734	14570688	Deletion	46
2R	14570754	14570688	Deletion	66
2R	14570782	14570688	Deletion	94
2R	14570740	14570688	Deletion	52
2R	14572051	14571930	Deletion	121
2R	14596230	14596112	Deletion	118
2R	14596230	14596125	Deletion	105
2R	14596230	14596125	Deletion	105
2R	14596230	14596167	Deletion	63
2R	14596230	14596180	Deletion	50
2R	14596382	14596306	Deletion	76
2R	14596369	14596306	Deletion	63
2R	14596409	14596306	Deletion	103
2R	14626173	14626073	Deletion	100
2R	14626173	14626083	Deletion	90
2R	14626173	14626108	Deletion	65
2R	14626173	14626124	Deletion	49
2R	14626311	14626248	Deletion	63
2R	14626286	14626248	Deletion	38
2R	14626327	14626248	Deletion	79
2R	14626354	14626248	Deletion	106
2R	14627657	14627539	Deletion	118
2R	14627657	14627551	Deletion	106
2R	14627657	14627579	Deletion	78
2R	14627657	14627594	Deletion	63
2R	14627657	14627611	Deletion	46
2R	14629652	14629588	Deletion	64
2R	14629637	14629588	Deletion	49
2R	14629693	14629588	Deletion	105
2R	14629706	14629588	Deletion	118
2R	14629669	14629588	Deletion	81
2R	14630769	14630684	Deletion	85
2R	14630769	14630688	Deletion	81
2R	14630769	14630693	Deletion	76
2R	14630769	14630703	Deletion	66
2R	14630769	14630731	Deletion	38
2R	14632042	14631982	Deletion	60
2R	14632070	14631982	Deletion	88
2R	14632032	14631982	Deletion	50
2R	14632023	14631982	Deletion	41
2R	14632027	14631982	Deletion	45
2R	14632085	14631982	Deletion	103
2R	14670001	14669879	Deletion	122
2R	14679878	14679791	Deletion	87
2R	14679878	14679805	Deletion	73
2R	14679878	14679806	Deletion	72
2R	14679878	14679816	Deletion	62
2R	14679878	14679818	Deletion	60
2R	14679878	14679832	Deletion	46
2R	14679878	14679833	Deletion	45
2R	14679878	14679840	Deletion	38
2R	14679878	14679842	Deletion	36
2R	14680076	14679995	Deletion	81
2R	14680075	14679995	Deletion	80
2R	14680034	14679995	Deletion	39
2R	14680059	14679995	Deletion	64
2R	14680094	14679995	Deletion	99
2R	14680083	14679995	Deletion	88
2R	14680085	14679995	Deletion	90
2R	14680101	14679995	Deletion	106
2R	14680061	14679995	Deletion	66
2R	14680049	14679995	Deletion	54
2R	14680048	14679995	Deletion	53
2R	14695922	14695807	Deletion	115
2R	14695922	14695814	Deletion	108
2R	14695922	14695819	Deletion	103
2R	14695922	14695857	Deletion	65
2R	14695922	14695867	Deletion	55
2R	14702891	14702782	Deletion	109
2R	14702843	14702782	Deletion	61
2R	14702887	14702782	Deletion	105
2R	14702853	14702782	Deletion	71
2R	14711889	14711798	Deletion	91
2R	14711889	14711800	Deletion	89
2R	14731676	14731639	Deletion	37
2R	14731674	14731639	Deletion	35
2R	14731759	14731639	Deletion	120
2R	14731736	14731639	Deletion	97
2R	14751659	14751554	Deletion	105
2R	14751659	14751566	Deletion	93
2R	14751659	14751590	Deletion	69
2R	14751659	14751597	Deletion	62
2R	14751659	14751612	Deletion	47
2R	14751659	14751622	Deletion	37
2R	14751659	14751629	Deletion	30
2R	14769248	14769157	Deletion	91
2R	14769278	14769157	Deletion	121
2R	14769192	14769157	Deletion	35
2R	14769238	14769157	Deletion	81
2R	14769223	14769157	Deletion	66
2R	14769216	14769157	Deletion	59
2R	14769255	14769157	Deletion	98
2R	14781701	14781614	Deletion	87
2R	14781701	14781626	Deletion	75
2R	14781701	14781664	Deletion	37
2R	14781701	14781669	Deletion	32
2R	14782389	14782294	Deletion	95
2R	14782384	14782294	Deletion	90
2R	14782334	14782294	Deletion	40
2R	14782346	14782294	Deletion	52
2R	14782417	14782295	Deletion	122
2R	14808506	14808423	Deletion	83
2R	14808506	14808447	Deletion	59
2R	14808506	14808453	Deletion	53
2R	14811058	14810949	Deletion	109
2R	14811022	14810949	Deletion	73
2R	14811062	14810949	Deletion	113
2R	14811016	14810949	Deletion	67
2R	14810992	14810949	Deletion	43
2R	14811068	14810949	Deletion	119
2R	14811828	14811711	Deletion	117
2R	14811828	14811729	Deletion	99
2R	14826449	14826331	Deletion	118
2R	14826449	14826336	Deletion	113
2R	14826449	14826348	Deletion	101
2R	14826449	14826353	Deletion	96
2R	14826449	14826376	Deletion	73
2R	14826449	14826406	Deletion	43
2R	14837284	14837174	Deletion	110
2R	14837208	14837174	Deletion	34
2R	14837261	14837174	Deletion	87
2R	14837231	14837174	Deletion	57
2R	14846336	14846253	Deletion	83
2R	14846336	14846267	Deletion	69
2R	14849254	14849211	Deletion	43
2R	14849268	14849211	Deletion	57
2R	14849326	14849211	Deletion	115
2R	14859101	14858980	Deletion	121
2R	14864109	14863986	Deletion	123
2R	14864747	14864636	Deletion	111
2R	14864747	14864639	Deletion	108
2R	14864747	14864651	Deletion	96
2R	14864747	14864657	Deletion	90
2R	14864747	14864673	Deletion	74
2R	14864747	14864697	Deletion	50
2R	14864747	14864716	Deletion	31
2R	14865338	14865298	Deletion	40
2R	14865397	14865298	Deletion	99
2R	14865378	14865298	Deletion	80
2R	14865408	14865298	Deletion	110
2R	14865332	14865298	Deletion	34
2R	14865354	14865298	Deletion	56
2R	14868048	14867948	Deletion	100
2R	14868051	14867952	Deletion	99
2R	14868051	14867954	Deletion	97
2R	14868051	14867963	Deletion	88
2R	14868051	14867979	Deletion	72
2R	14868051	14868002	Deletion	49
2R	14870657	14870619	Deletion	38
2R	14870696	14870619	Deletion	77
2R	14870673	14870619	Deletion	54
2R	14870722	14870619	Deletion	103
2R	14876484	14876360	Deletion	124
2R	14876484	14876365	Deletion	119
2R	14876484	14876392	Deletion	92
2R	14876484	14876403	Deletion	81
2R	14876484	14876440	Deletion	44
2R	14876484	14876453	Deletion	31
2R	14889857	14889775	Deletion	82
2R	14897514	14897473	Deletion	41
2R	14911217	14911121	Deletion	96
2R	14911156	14911121	Deletion	35
2R	14911204	14911121	Deletion	83
2R	14911240	14911121	Deletion	119
2R	14911167	14911121	Deletion	46
2R	14912720	14912603	Deletion	117
2R	14912720	14912614	Deletion	106
2R	14912720	14912669	Deletion	51
2R	14912720	14912674	Deletion	46
2R	14912720	14912684	Deletion	36
2R	14913160	14913041	Deletion	119
2R	14913124	14913041	Deletion	83
2R	14913119	14913041	Deletion	78
2R	14913134	14913041	Deletion	93
2R	14929464	14929343	Deletion	121
2R	14932644	14932520	Deletion	124
2R	14940392	14940287	Deletion	105
2R	14940392	14940303	Deletion	89
2R	14940392	14940305	Deletion	87
2R	14940392	14940317	Deletion	75
2R	14940392	14940330	Deletion	62
2R	14940392	14940345	Deletion	47
2R	14940392	14940359	Deletion	33
2R	14940392	14940360	Deletion	32
2R	14940392	14940361	Deletion	31
2R	14940392	14940362	Deletion	30
2R	14941313	14941217	Deletion	96
2R	14941316	14941217	Deletion	99
2R	14941312	14941217	Deletion	95
2R	14941257	14941217	Deletion	40
2R	14941314	14941217	Deletion	97
2R	14941282	14941217	Deletion	65
2R	14941311	14941217	Deletion	94
2R	14941255	14941217	Deletion	38
2R	14941297	14941217	Deletion	80
2R	14941322	14941217	Deletion	105
2R	14941269	14941220	Deletion	49
2R	14945361	14945238	Deletion	123
2R	14947848	14947747	Deletion	101
2R	14947848	14947750	Deletion	98
2R	14947848	14947752	Deletion	96
2R	14947848	14947814	Deletion	34
2R	14948352	14948320	Deletion	32
2R	14948350	14948320	Deletion	30
2R	14948414	14948320	Deletion	94
2R	14961599	14961510	Deletion	89
2R	14961599	14961530	Deletion	69
2R	14961599	14961541	Deletion	58
2R	14961599	14961551	Deletion	48
2R	14969136	14969097	Deletion	39
2R	14969177	14969097	Deletion	80
2R	14969156	14969097	Deletion	59
2R	14969167	14969097	Deletion	70
2R	14973113	14973055	Deletion	58
2R	14973113	14973070	Deletion	43
2R	14975663	14975540	Deletion	123
2R	14975623	14975540	Deletion	83
2R	14975662	14975540	Deletion	122
2R	14975608	14975540	Deletion	68
2R	14980429	14980307	Deletion	122
2R	14989416	14989318	Deletion	98
2R	14989416	14989350	Deletion	66
2R	14989416	14989364	Deletion	52
2R	14989416	14989383	Deletion	33
2R	14990748	14990655	Deletion	93
2R	14990715	14990655	Deletion	60
2R	14990729	14990655	Deletion	74
2R	14990769	14990655	Deletion	114
2R	15009071	15008955	Deletion	116
2R	15009071	15008976	Deletion	95
2R	15009071	15008980	Deletion	91
2R	15009071	15008984	Deletion	87
2R	15009070	15009007	Deletion	63
2R	15009071	15009017	Deletion	54
2R	15009071	15009033	Deletion	38
2R	15009071	15009041	Deletion	30
2R	15010539	15010508	Deletion	31
2R	15010604	15010508	Deletion	96
2R	15010580	15010508	Deletion	72
2R	15010547	15010508	Deletion	39
2R	15010596	15010508	Deletion	88
2R	15010543	15010508	Deletion	35
2R	15010570	15010508	Deletion	62
2R	15010608	15010508	Deletion	100
2R	15011455	15011331	Deletion	124
2R	15011455	15011339	Deletion	116
2R	15011455	15011347	Deletion	108
2R	15011455	15011407	Deletion	48
2R	15011455	15011411	Deletion	44
2R	15011455	15011416	Deletion	39
2R	15011455	15011418	Deletion	37
2R	15011455	15011425	Deletion	30
2R	15015117	15015014	Deletion	103
2R	15015098	15015014	Deletion	84
2R	15015094	15015014	Deletion	80
2R	15015112	15015014	Deletion	98
2R	15015103	15015014	Deletion	89
2R	15015128	15015014	Deletion	114
2R	15015105	15015014	Deletion	91
2R	15016923	15016853	Deletion	70
2R	15017213	15017129	Deletion	84
2R	15017213	15017162	Deletion	51
2R	15018134	15018042	Deletion	92
2R	15019206	15019118	Deletion	88
2R	15021221	15021156	Deletion	65
2R	15022134	15022090	Deletion	44
2R	15022212	15022090	Deletion	122
2R	15031107	15030984	Deletion	123
2R	15031107	15031000	Deletion	107
2R	15031107	15031009	Deletion	98
2R	15031107	15031014	Deletion	93
2R	15031107	15031035	Deletion	72
2R	15031107	15031047	Deletion	60
2R	15032411	15032381	Deletion	30
2R	15032437	15032381	Deletion	56
2R	15032489	15032381	Deletion	108
2R	15032449	15032381	Deletion	68
2R	15032416	15032381	Deletion	35
2R	15032488	15032381	Deletion	107
2R	15035774	15035657	Deletion	117
2R	15035774	15035681	Deletion	93
2R	15035774	15035705	Deletion	69
2R	15035774	15035711	Deletion	63
2R	15035774	15035722	Deletion	52
2R	15036086	15035979	Deletion	107
2R	15036042	15035979	Deletion	63
2R	15036077	15035979	Deletion	98
2R	15036012	15035979	Deletion	33
2R	15036053	15035979	Deletion	74
2R	15036036	15035979	Deletion	57
2R	15047960	15047857	Deletion	103
2R	15047960	15047861	Deletion	99
2R	15047960	15047894	Deletion	66
2R	15047960	15047894	Deletion	66
2R	15047960	15047915	Deletion	45
2R	15049743	15049683	Deletion	60
2R	15049764	15049683	Deletion	81
2R	15049743	15049683	Deletion	60
2R	15065778	15065657	Deletion	121
2R	15081555	15081431	Deletion	124
2R	15081563	15081441	Deletion	122
2R	15090398	15090276	Deletion	122
2R	15091724	15091635	Deletion	89
2R	15091856	15091799	Deletion	57
2R	15094454	15094357	Deletion	97
2R	15094454	15094375	Deletion	79
2R	15094454	15094380	Deletion	74
2R	15105393	15105346	Deletion	47
2R	15105398	15105346	Deletion	52
2R	15105456	15105346	Deletion	110
2R	15117327	15117211	Deletion	116
2R	15120515	15120439	Deletion	76
2R	15138502	15138392	Deletion	110
2R	15138502	15138394	Deletion	108
2R	15138502	15138420	Deletion	82
2R	15138502	15138461	Deletion	41
2R	15138693	15138606	Deletion	87
2R	15138710	15138606	Deletion	104
2R	15138652	15138606	Deletion	46
2R	15162701	15162578	Deletion	123
2R	15162701	15162581	Deletion	120
2R	15162701	15162604	Deletion	97
2R	15162701	15162614	Deletion	87
2R	15162701	15162618	Deletion	83
2R	15162701	15162641	Deletion	60
2R	15162701	15162654	Deletion	47
2R	15162701	15162667	Deletion	34
2R	15182820	15182697	Deletion	123
2R	15182741	15182697	Deletion	44
2R	15182727	15182697	Deletion	30
2R	15182777	15182697	Deletion	80
2R	15182764	15182697	Deletion	67
2R	15182800	15182697	Deletion	103
2R	15182737	15182697	Deletion	40
2R	15182790	15182697	Deletion	93
2R	15202035	15201926	Deletion	109
2R	15202035	15201964	Deletion	71
2R	15202035	15201966	Deletion	69
2R	15202035	15201974	Deletion	61
2R	15202035	15201993	Deletion	42
2R	15202035	15201998	Deletion	37
2R	15203252	15203148	Deletion	104
2R	15203204	15203148	Deletion	56
2R	15203206	15203148	Deletion	58
2R	15203233	15203148	Deletion	85
2R	15203214	15203148	Deletion	66
2R	15203238	15203148	Deletion	90
2R	15204996	15204872	Deletion	124
2R	15212337	15212229	Deletion	108
2R	15212337	15212247	Deletion	90
2R	15212337	15212256	Deletion	81
2R	15212337	15212272	Deletion	65
2R	15212337	15212274	Deletion	63
2R	15212447	15212400	Deletion	47
2R	15212438	15212400	Deletion	38
2R	15212463	15212400	Deletion	63
2R	15212465	15212400	Deletion	65
2R	15217841	15217723	Deletion	118
2R	15217841	15217725	Deletion	116
2R	15217841	15217747	Deletion	94
2R	15217841	15217758	Deletion	83
2R	15217841	15217788	Deletion	53
2R	15217841	15217802	Deletion	39
2R	15227881	15227793	Deletion	88
2R	15227837	15227793	Deletion	44
2R	15227867	15227793	Deletion	74
2R	15228438	15228405	Deletion	33
2R	15257801	15257709	Deletion	92
2R	15257801	15257711	Deletion	90
2R	15257801	15257729	Deletion	72
2R	15257801	15257742	Deletion	59
2R	15257801	15257744	Deletion	57
2R	15259819	15259763	Deletion	56
2R	15259884	15259763	Deletion	121
2R	15259801	15259763	Deletion	38
2R	15259799	15259763	Deletion	36
2R	15259832	15259763	Deletion	69
2R	15259834	15259763	Deletion	71
2R	15278573	15278528	Deletion	45
2R	15278573	15278539	Deletion	34
2R	15279322	15279241	Deletion	81
2R	15279357	15279241	Deletion	116
2R	15279333	15279241	Deletion	92
2R	15279333	15279241	Deletion	92
2R	15279359	15279241	Deletion	118
2R	15279541	15279419	Deletion	122
2R	15298689	15298611	Deletion	78
2R	15298689	15298615	Deletion	74
2R	15298689	15298621	Deletion	68
2R	15298689	15298640	Deletion	49
2R	15298871	15298770	Deletion	101
2R	15298869	15298770	Deletion	99
2R	15298823	15298770	Deletion	53
2R	15298829	15298770	Deletion	59
2R	15298819	15298770	Deletion	49
2R	15298881	15298770	Deletion	111
2R	15298848	15298770	Deletion	78
2R	15300945	15300841	Deletion	104
2R	15300945	15300869	Deletion	76
2R	15300945	15300891	Deletion	54
2R	15301785	15301734	Deletion	51
2R	15301807	15301734	Deletion	73
2R	15301847	15301734	Deletion	113
2R	15304780	15304662	Deletion	118
2R	15304780	15304682	Deletion	98
2R	15304780	15304722	Deletion	58
2R	15304780	15304728	Deletion	52
2R	15304780	15304729	Deletion	51
2R	15304780	15304733	Deletion	47
2R	15304780	15304739	Deletion	41
2R	15304780	15304748	Deletion	32
2R	15330019	15329951	Deletion	68
2R	15330030	15329951	Deletion	79
2R	15330075	15329951	Deletion	124
2R	15330025	15329951	Deletion	74
2R	15330036	15329951	Deletion	85
2R	15330045	15329951	Deletion	94
2R	15330026	15329951	Deletion	75
2R	15332551	15332443	Deletion	108
2R	15332551	15332443	Deletion	108
2R	15332551	15332458	Deletion	93
2R	15332551	15332477	Deletion	74
2R	15332551	15332488	Deletion	63
2R	15332551	15332509	Deletion	42
2R	15341847	15341741	Deletion	106
2R	15346730	15346691	Deletion	39
2R	15354840	15354731	Deletion	109
2R	15357282	15357163	Deletion	119
2R	15357282	15357178	Deletion	104
2R	15357282	15357189	Deletion	93
2R	15357282	15357230	Deletion	52
2R	15357282	15357246	Deletion	36
2R	15357282	15357249	Deletion	33
2R	15378029	15377931	Deletion	98
2R	15378043	15377931	Deletion	112
2R	15377965	15377931	Deletion	34
2R	15378022	15377931	Deletion	91
2R	15378006	15377931	Deletion	75
2R	15378025	15377937	Deletion	88
2R	15381303	15381182	Deletion	121
2R	15381303	15381193	Deletion	110
2R	15381303	15381210	Deletion	93
2R	15381303	15381223	Deletion	80
2R	15381303	15381233	Deletion	70
2R	15381303	15381241	Deletion	62
2R	15381303	15381242	Deletion	61
2R	15381303	15381247	Deletion	56
2R	15381303	15381261	Deletion	42
2R	15381472	15381388	Deletion	84
2R	15381434	15381388	Deletion	46
2R	15381458	15381388	Deletion	70
2R	15381453	15381388	Deletion	65
2R	15381421	15381388	Deletion	33
2R	15381489	15381388	Deletion	101
2R	15381452	15381388	Deletion	64
2R	15381444	15381388	Deletion	56
2R	15381484	15381388	Deletion	96
2R	15386972	15386872	Deletion	100
2R	15386972	15386873	Deletion	99
2R	15386972	15386916	Deletion	56
2R	15386972	15386931	Deletion	41
2R	15386972	15386933	Deletion	39
2R	15387188	15387117	Deletion	71
2R	15387228	15387117	Deletion	111
2R	15387205	15387117	Deletion	88
2R	15387235	15387117	Deletion	118
2R	15387203	15387117	Deletion	86
2R	15387221	15387117	Deletion	104
2R	15402103	15401981	Deletion	122
2R	15402103	15401983	Deletion	120
2R	15402103	15401995	Deletion	108
2R	15402103	15402043	Deletion	60
2R	15402359	15402292	Deletion	67
2R	15402407	15402292	Deletion	115
2R	15410108	15409986	Deletion	122
2R	15415629	15415508	Deletion	121
2R	15424778	15424685	Deletion	93
2R	15426068	15426035	Deletion	33
2R	15426141	15426035	Deletion	106
2R	15426143	15426035	Deletion	108
2R	15426154	15426035	Deletion	119
2R	15427278	15427174	Deletion	104
2R	15427278	15427178	Deletion	100
2R	15427278	15427190	Deletion	88
2R	15427370	15427331	Deletion	39
2R	15451496	15451385	Deletion	111
2R	15451496	15451392	Deletion	104
2R	15451496	15451409	Deletion	87
2R	15451496	15451415	Deletion	81
2R	15451496	15451465	Deletion	31
2R	15452365	15452326	Deletion	39
2R	15452371	15452326	Deletion	45
2R	15452421	15452326	Deletion	95
2R	15461790	15461694	Deletion	96
2R	15461790	15461695	Deletion	95
2R	15461790	15461705	Deletion	85
2R	15461790	15461709	Deletion	81
2R	15461790	15461714	Deletion	76
2R	15461789	15461752	Deletion	37
2R	15488280	15488247	Deletion	33
2R	15488294	15488247	Deletion	47
2R	15488299	15488247	Deletion	52
2R	15488290	15488247	Deletion	43
2R	15488365	15488247	Deletion	118
2R	15488279	15488247	Deletion	32
2R	15488337	15488249	Deletion	88
2R	15488869	15488751	Deletion	118
2R	15488869	15488764	Deletion	105
2R	15488869	15488769	Deletion	100
2R	15488869	15488776	Deletion	93
2R	15488869	15488795	Deletion	74
2R	15488869	15488817	Deletion	52
2R	15488869	15488825	Deletion	44
2R	15494142	15494068	Deletion	74
2R	15494120	15494068	Deletion	52
2R	15494150	15494068	Deletion	82
2R	15496692	15496569	Deletion	123
2R	15496692	15496642	Deletion	50
2R	15496692	15496647	Deletion	45
2R	15496692	15496656	Deletion	36
2R	15499704	15499591	Deletion	113
2R	15499681	15499591	Deletion	90
2R	15499698	15499591	Deletion	107
2R	15499667	15499591	Deletion	76
2R	15499672	15499591	Deletion	81
2R	15506707	15506588	Deletion	119
2R	15507708	15507590	Deletion	118
2R	15507708	15507669	Deletion	39
2R	15507708	15507672	Deletion	36
2R	15507893	15507805	Deletion	88
2R	15507896	15507805	Deletion	91
2R	15511187	15511090	Deletion	97
2R	15511187	15511125	Deletion	62
2R	15511187	15511139	Deletion	48
2R	15513375	15513311	Deletion	64
2R	15513389	15513311	Deletion	78
2R	15513425	15513311	Deletion	114
2R	15513414	15513311	Deletion	103
2R	15529261	15529141	Deletion	120
2R	15529261	15529142	Deletion	119
2R	15529261	15529217	Deletion	44
2R	15529261	15529217	Deletion	44
2R	15534956	15534874	Deletion	82
2R	15534956	15534874	Deletion	82
2R	15534995	15534874	Deletion	121
2R	15544625	15544502	Deletion	123
2R	15547721	15547601	Deletion	120
2R	15547721	15547605	Deletion	116
2R	15547721	15547623	Deletion	98
2R	15547721	15547624	Deletion	97
2R	15547721	15547629	Deletion	92
2R	15547721	15547641	Deletion	80
2R	15547721	15547672	Deletion	49
2R	15547721	15547674	Deletion	47
2R	15549056	15548950	Deletion	106
2R	15548996	15548950	Deletion	46
2R	15548984	15548950	Deletion	34
2R	15549027	15548950	Deletion	77
2R	15549029	15548950	Deletion	79
2R	15553777	15553653	Deletion	124
2R	15559918	15559796	Deletion	122
2R	15559918	15559803	Deletion	115
2R	15559918	15559813	Deletion	105
2R	15559918	15559824	Deletion	94
2R	15559918	15559825	Deletion	93
2R	15559918	15559850	Deletion	68
2R	15559918	15559855	Deletion	63
2R	15559918	15559873	Deletion	45
2R	15559918	15559879	Deletion	39
2R	15573371	15573313	Deletion	58
2R	15573394	15573313	Deletion	81
2R	15573376	15573313	Deletion	63
2R	15573425	15573313	Deletion	112
2R	15573411	15573313	Deletion	98
2R	15573400	15573313	Deletion	87
2R	15573345	15573313	Deletion	32
2R	15573346	15573313	Deletion	33
2R	15573596	15573488	Deletion	108
2R	15573596	15573498	Deletion	98
2R	15573596	15573507	Deletion	89
2R	15573596	15573523	Deletion	73
2R	15573596	15573529	Deletion	67
2R	15573596	15573538	Deletion	58
2R	15573596	15573545	Deletion	51
2R	15573596	15573550	Deletion	46
2R	15575633	15575596	Deletion	37
2R	15575664	15575596	Deletion	68
2R	15575676	15575596	Deletion	80
2R	15575671	15575596	Deletion	75
2R	15575701	15575596	Deletion	105
2R	15575649	15575596	Deletion	53
2R	15575655	15575596	Deletion	59
2R	15579824	15579703	Deletion	121
2R	15587473	15587349	Deletion	124
2R	15587473	15587350	Deletion	123
2R	15587473	15587377	Deletion	96
2R	15587473	15587399	Deletion	74
2R	15587473	15587443	Deletion	30
2R	15589966	15589936	Deletion	30
2R	15590045	15589936	Deletion	109
2R	15589988	15589936	Deletion	52
2R	15590042	15589936	Deletion	106
2R	15590054	15589936	Deletion	118
2R	15590032	15589936	Deletion	96
2R	15590464	15590347	Deletion	117
2R	15590464	15590370	Deletion	94
2R	15590464	15590399	Deletion	65
2R	15590464	15590414	Deletion	50
2R	15590464	15590415	Deletion	49
2R	15590464	15590430	Deletion	34
2R	15590825	15590768	Deletion	57
2R	15590825	15590768	Deletion	57
2R	15590825	15590768	Deletion	57
2R	15590800	15590768	Deletion	32
2R	15590825	15590768	Deletion	57
2R	15590825	15590770	Deletion	55
2R	15590825	15590780	Deletion	45
2R	15598846	15598775	Deletion	71
2R	15598810	15598775	Deletion	35
2R	15598895	15598775	Deletion	120
2R	15598856	15598775	Deletion	81
2R	15599558	15599447	Deletion	111
2R	15599558	15599471	Deletion	87
2R	15599558	15599477	Deletion	81
2R	15599558	15599501	Deletion	57
2R	15599558	15599504	Deletion	54
2R	15614123	15614084	Deletion	39
2R	15614153	15614084	Deletion	69
2R	15614208	15614084	Deletion	124
2R	15614156	15614084	Deletion	72
2R	15614205	15614084	Deletion	121
2R	15614129	15614084	Deletion	45
2R	15621826	15621701	Deletion	125
2R	15627098	15626991	Deletion	107
2R	15627093	15627006	Deletion	87
2R	15627098	15627034	Deletion	64
2R	15627098	15627040	Deletion	58
2R	15627098	15627047	Deletion	51
2R	15627299	15627264	Deletion	35
2R	15627340	15627264	Deletion	76
2R	15627327	15627264	Deletion	63
2R	15627333	15627264	Deletion	69
2R	15627387	15627264	Deletion	123
2R	15627387	15627264	Deletion	123
2R	15638197	15638076	Deletion	121
2R	15645451	15645337	Deletion	114
2R	15645451	15645349	Deletion	102
2R	15645451	15645367	Deletion	84
2R	15645451	15645387	Deletion	64
2R	15645451	15645400	Deletion	51
2R	15652593	15652528	Deletion	65
2R	15652573	15652528	Deletion	45
2R	15652628	15652528	Deletion	100
2R	15652606	15652528	Deletion	78
2R	15654102	15653989	Deletion	113
2R	15654102	15654011	Deletion	91
2R	15654102	15654034	Deletion	68
2R	15658276	15658240	Deletion	36
2R	15658345	15658240	Deletion	105
2R	15658359	15658240	Deletion	119
2R	15658299	15658240	Deletion	59
2R	15658648	15658527	Deletion	121
2R	15660789	15660691	Deletion	98
2R	15660789	15660697	Deletion	92
2R	15660789	15660721	Deletion	68
2R	15662777	15662743	Deletion	34
2R	15662801	15662743	Deletion	58
2R	15662862	15662743	Deletion	119
2R	15662857	15662743	Deletion	114
2R	15663399	15663278	Deletion	121
2R	15675532	15675436	Deletion	96
2R	15675532	15675461	Deletion	71
2R	15675532	15675466	Deletion	66
2R	15675532	15675466	Deletion	66
2R	15675532	15675487	Deletion	45
2R	15676542	15676423	Deletion	119
2R	15676457	15676423	Deletion	34
2R	15676487	15676423	Deletion	64
2R	15676508	15676423	Deletion	85
2R	15676482	15676423	Deletion	59
2R	15676487	15676423	Deletion	64
2R	15686978	15686888	Deletion	90
2R	15686978	15686914	Deletion	64
2R	15686978	15686917	Deletion	61
2R	15686978	15686939	Deletion	39
2R	15687213	15687177	Deletion	36
2R	15687239	15687177	Deletion	62
2R	15687264	15687177	Deletion	87
2R	15687242	15687177	Deletion	65
2R	15687298	15687177	Deletion	121
2R	15693793	15693672	Deletion	121
2R	15709338	15709233	Deletion	105
2R	15709338	15709287	Deletion	51
2R	15711300	15711185	Deletion	115
2R	15711285	15711185	Deletion	100
2R	15711263	15711185	Deletion	78
2R	15715215	15715093	Deletion	122
2R	15715215	15715098	Deletion	117
2R	15715215	15715110	Deletion	105
2R	15715215	15715130	Deletion	85
2R	15715215	15715182	Deletion	33
2R	15725851	15725756	Deletion	95
2R	15725799	15725756	Deletion	43
2R	15728884	15728789	Deletion	95
2R	15728884	15728803	Deletion	81
2R	15728884	15728842	Deletion	42
2R	15728884	15728844	Deletion	40
2R	15728884	15728852	Deletion	32
2R	15743097	15743011	Deletion	86
2R	15743042	15743011	Deletion	31
2R	15743134	15743011	Deletion	123
2R	15743109	15743011	Deletion	98
2R	15743106	15743011	Deletion	95
2R	15743095	15743011	Deletion	84
2R	15743056	15743011	Deletion	45
2R	15747332	15747210	Deletion	122
2R	15755696	15755572	Deletion	124
2R	15755696	15755588	Deletion	108
2R	15755696	15755589	Deletion	107
2R	15755696	15755595	Deletion	101
2R	15755696	15755608	Deletion	88
2R	15755696	15755620	Deletion	76
2R	15755696	15755621	Deletion	75
2R	15755692	15755633	Deletion	59
2R	15755696	15755659	Deletion	37
2R	15756030	15755979	Deletion	51
2R	15756068	15755979	Deletion	89
2R	15756100	15755979	Deletion	121
2R	15756029	15755979	Deletion	50
2R	15756077	15755979	Deletion	98
2R	15756017	15755979	Deletion	38
2R	15756088	15755979	Deletion	109
2R	15756042	15755979	Deletion	63
2R	15756513	15756399	Deletion	114
2R	15756513	15756418	Deletion	95
2R	15756513	15756455	Deletion	58
2R	15756513	15756471	Deletion	42
2R	15756511	15756476	Deletion	35
2R	15758218	15758101	Deletion	117
2R	15758190	15758101	Deletion	89
2R	15758215	15758101	Deletion	114
2R	15758169	15758101	Deletion	68
2R	15758132	15758101	Deletion	31
2R	15758185	15758101	Deletion	84
2R	15758215	15758101	Deletion	114
2R	15759106	15758982	Deletion	124
2R	15769275	15769153	Deletion	122
2R	15771454	15771331	Deletion	123
2R	15775293	15775185	Deletion	108
2R	15775293	15775200	Deletion	93
2R	15775293	15775209	Deletion	84
2R	15775293	15775225	Deletion	68
2R	15785475	15785355	Deletion	120
2R	15785413	15785355	Deletion	58
2R	15785397	15785355	Deletion	42
2R	15785388	15785355	Deletion	33
2R	15785461	15785355	Deletion	106
2R	15791046	15790923	Deletion	123
2R	15792746	15792625	Deletion	121
2R	15792746	15792637	Deletion	109
2R	15792746	15792638	Deletion	108
2R	15792746	15792651	Deletion	95
2R	15792746	15792652	Deletion	94
2R	15792746	15792660	Deletion	86
2R	15792746	15792685	Deletion	61
2R	15792746	15792698	Deletion	48
2R	15792746	15792705	Deletion	41
2R	15793763	15793697	Deletion	66
2R	15793730	15793697	Deletion	33
2R	15793797	15793697	Deletion	100
2R	15793808	15793697	Deletion	111
2R	15793783	15793697	Deletion	86
2R	15793809	15793697	Deletion	112
2R	15793729	15793697	Deletion	32
2R	15793776	15793697	Deletion	79
2R	15793738	15793697	Deletion	41
2R	15807238	15807119	Deletion	119
2R	15807238	15807197	Deletion	41
2R	15811158	15811059	Deletion	99
2R	15811144	15811059	Deletion	85
2R	15813773	15813655	Deletion	118
2R	15813773	15813689	Deletion	84
2R	15813773	15813715	Deletion	58
2R	15813773	15813731	Deletion	42
2R	15814767	15814698	Deletion	69
2R	15814815	15814698	Deletion	117
2R	15814741	15814698	Deletion	43
2R	15814807	15814698	Deletion	109
2R	15814783	15814698	Deletion	85
2R	15829421	15829300	Deletion	121
2R	15829421	15829304	Deletion	117
2R	15829421	15829309	Deletion	112
2R	15829421	15829315	Deletion	106
2R	15829421	15829332	Deletion	89
2R	15829656	15829532	Deletion	124
2R	15829643	15829532	Deletion	111
2R	15829571	15829532	Deletion	39
2R	15829633	15829532	Deletion	101
2R	15834167	15834066	Deletion	101
2R	15834167	15834091	Deletion	76
2R	15834167	15834098	Deletion	69
2R	15834167	15834113	Deletion	54
2R	15834167	15834116	Deletion	51
2R	15834167	15834132	Deletion	35
2R	15840611	15840508	Deletion	103
2R	15840581	15840508	Deletion	73
2R	15840584	15840508	Deletion	76
2R	15840566	15840508	Deletion	58
2R	15840600	15840508	Deletion	92
2R	15840625	15840508	Deletion	117
2R	15840559	15840508	Deletion	51
2R	15853635	15853555	Deletion	80
2R	15853635	15853570	Deletion	65
2R	15853635	15853599	Deletion	36
2R	15853635	15853600	Deletion	35
2R	15855322	15855209	Deletion	113
2R	15855301	15855209	Deletion	92
2R	15855313	15855209	Deletion	104
2R	15855300	15855209	Deletion	91
2R	15855271	15855209	Deletion	62
2R	15855256	15855209	Deletion	47
2R	15859086	15858970	Deletion	116
2R	15859086	15858977	Deletion	109
2R	15859086	15859039	Deletion	47
2R	15859320	15859206	Deletion	114
2R	15859324	15859206	Deletion	118
2R	15859285	15859206	Deletion	79
2R	15877201	15877079	Deletion	122
2R	15877201	15877147	Deletion	54
2R	15877201	15877168	Deletion	33
2R	15877376	15877262	Deletion	114
2R	15877356	15877262	Deletion	94
2R	15877373	15877262	Deletion	111
2R	15877335	15877262	Deletion	73
2R	15883552	15883450	Deletion	102
2R	15883552	15883469	Deletion	83
2R	15883552	15883510	Deletion	42
2R	15891664	15891621	Deletion	43
2R	15891705	15891621	Deletion	84
2R	15907297	15907193	Deletion	104
2R	15907297	15907196	Deletion	101
2R	15907297	15907233	Deletion	64
2R	15908423	15908361	Deletion	62
2R	15908473	15908361	Deletion	112
2R	15908472	15908361	Deletion	111
2R	15912405	15912284	Deletion	121
2R	15912405	15912307	Deletion	98
2R	15912405	15912325	Deletion	80
2R	15912405	15912327	Deletion	78
2R	15912405	15912357	Deletion	48
2R	15912405	15912361	Deletion	44
2R	15913201	15913153	Deletion	48
2R	15913235	15913153	Deletion	82
2R	15913261	15913153	Deletion	108
2R	15913231	15913153	Deletion	78
2R	15913260	15913153	Deletion	107
2R	15913199	15913153	Deletion	46
2R	15917109	15916985	Deletion	124
2R	15924162	15924038	Deletion	124
2R	15924162	15924054	Deletion	108
2R	15924162	15924090	Deletion	72
2R	15924162	15924105	Deletion	57
2R	15924162	15924110	Deletion	52
2R	15924511	15924437	Deletion	74
2R	15924506	15924437	Deletion	69
2R	15924491	15924437	Deletion	54
2R	15927628	15927516	Deletion	112
2R	15927628	15927520	Deletion	108
2R	15927628	15927557	Deletion	71
2R	15927628	15927565	Deletion	63
2R	15927628	15927589	Deletion	39
2R	15940703	15940616	Deletion	87
2R	15940679	15940616	Deletion	63
2R	15940671	15940616	Deletion	55
2R	15940715	15940616	Deletion	99
2R	15950136	15950015	Deletion	121
2R	15972717	15972615	Deletion	102
2R	15972861	15972769	Deletion	92
2R	15972891	15972769	Deletion	122
2R	15973302	15973268	Deletion	34
2R	15985268	15985157	Deletion	111
2R	15985268	15985189	Deletion	79
2R	15985268	15985221	Deletion	47
2R	15985268	15985225	Deletion	43
2R	15989382	15989273	Deletion	109
2R	15989356	15989273	Deletion	83
2R	15989352	15989273	Deletion	79
2R	15989320	15989273	Deletion	47
2R	15993180	15993057	Deletion	123
2R	16036824	16036700	Deletion	124
2R	16037228	16037107	Deletion	121
2R	16037666	16037545	Deletion	121
2R	16040139	16040016	Deletion	123
2R	16057588	16057496	Deletion	92
2R	16057588	16057529	Deletion	59
2R	16057588	16057533	Deletion	55
2R	16057588	16057546	Deletion	42
2R	16057823	16057708	Deletion	115
2R	16057742	16057708	Deletion	34
2R	16057829	16057708	Deletion	121
2R	16057792	16057708	Deletion	84
2R	16057779	16057708	Deletion	71
2R	16057775	16057708	Deletion	67
2R	16062963	16062911	Deletion	52
2R	16078689	16078573	Deletion	116
2R	16078689	16078578	Deletion	111
2R	16078689	16078589	Deletion	100
2R	16078689	16078604	Deletion	85
2R	16078689	16078639	Deletion	50
2R	16078689	16078653	Deletion	36
2R	16083479	16083370	Deletion	109
2R	16083461	16083370	Deletion	91
2R	16083447	16083370	Deletion	77
2R	16083412	16083370	Deletion	42
2R	16083479	16083370	Deletion	109
2R	16087229	16087155	Deletion	74
2R	16088150	16088043	Deletion	107
2R	16088089	16088043	Deletion	46
2R	16091858	16091812	Deletion	46
2R	16091858	16091814	Deletion	44
2R	16091858	16091827	Deletion	31
2R	16091858	16091828	Deletion	30
2R	16100308	16100225	Deletion	83
2R	16100322	16100225	Deletion	97
2R	16100306	16100225	Deletion	81
2R	16100321	16100225	Deletion	96
2R	16119144	16119036	Deletion	108
2R	16119144	16119079	Deletion	65
2R	16119144	16119085	Deletion	59
2R	16119980	16119867	Deletion	113
2R	16119935	16119867	Deletion	68
2R	16119983	16119867	Deletion	116
2R	16119929	16119867	Deletion	62
2R	16121584	16121464	Deletion	120
2R	16121584	16121472	Deletion	112
2R	16121584	16121475	Deletion	109
2R	16121584	16121480	Deletion	104
2R	16121584	16121486	Deletion	98
2R	16121584	16121501	Deletion	83
2R	16122609	16122485	Deletion	124
2R	16122529	16122485	Deletion	44
2R	16132866	16132780	Deletion	86
2R	16132866	16132820	Deletion	46
2R	16133023	16132943	Deletion	80
2R	16132983	16132943	Deletion	40
2R	16133212	16133112	Deletion	100
2R	16133212	16133118	Deletion	94
2R	16133212	16133140	Deletion	72
2R	16136610	16136556	Deletion	54
2R	16136670	16136556	Deletion	114
2R	16136654	16136556	Deletion	98
2R	16136662	16136556	Deletion	106
2R	16136588	16136556	Deletion	32
2R	16138694	16138646	Deletion	48
2R	16138694	16138652	Deletion	42
2R	16138694	16138656	Deletion	38
2R	16138694	16138661	Deletion	33
2R	16138694	16138662	Deletion	32
2R	16141312	16141234	Deletion	78
2R	16141318	16141234	Deletion	84
2R	16141345	16141234	Deletion	111
2R	16141328	16141234	Deletion	94
2R	16141322	16141234	Deletion	88
2R	16141354	16141234	Deletion	120
2R	16141326	16141234	Deletion	92
2R	16141352	16141234	Deletion	118
2R	16141357	16141234	Deletion	123
2R	16154803	16154706	Deletion	97
2R	16154803	16154726	Deletion	77
2R	16154803	16154731	Deletion	72
2R	16154803	16154765	Deletion	38
2R	16154803	16154768	Deletion	35
2R	16156158	16156101	Deletion	57
2R	16156205	16156101	Deletion	104
2R	16156195	16156101	Deletion	94
2R	16156153	16156101	Deletion	52
2R	16156133	16156101	Deletion	32
2R	16156208	16156101	Deletion	107
2R	16156192	16156101	Deletion	91
2R	16156213	16156102	Deletion	111
2R	16156670	16156549	Deletion	121
2R	16160858	16160778	Deletion	80
2R	16160858	16160820	Deletion	38
2R	16160858	16160821	Deletion	37
2R	16178551	16178432	Deletion	119
2R	16178520	16178432	Deletion	88
2R	16178521	16178432	Deletion	89
2R	16178478	16178432	Deletion	46
2R	16183736	16183613	Deletion	123
2R	16183736	16183618	Deletion	118
2R	16183736	16183628	Deletion	108
2R	16183736	16183633	Deletion	103
2R	16183736	16183656	Deletion	80
2R	16183736	16183705	Deletion	31
2R	16184096	16183972	Deletion	124
2R	16184087	16183972	Deletion	115
2R	16184091	16183972	Deletion	119
2R	16184019	16183972	Deletion	47
2R	16184068	16183972	Deletion	96
2R	16191573	16191480	Deletion	93
2R	16191573	16191480	Deletion	93
2R	16191573	16191485	Deletion	88
2R	16191573	16191543	Deletion	30
2R	16192052	16192014	Deletion	38
2R	16192047	16192014	Deletion	33
2R	16192110	16192014	Deletion	96
2R	16192047	16192014	Deletion	33
2R	16201528	16201414	Deletion	114
2R	16201528	16201424	Deletion	104
2R	16201528	16201476	Deletion	52
2R	16201528	16201497	Deletion	31
2R	16202219	16202124	Deletion	95
2R	16202198	16202124	Deletion	74
2R	16202231	16202124	Deletion	107
2R	16203829	16203724	Deletion	105
2R	16203829	16203730	Deletion	99
2R	16203829	16203761	Deletion	68
2R	16206754	16206632	Deletion	122
2R	16206690	16206632	Deletion	58
2R	16212669	16212579	Deletion	90
2R	16212669	16212584	Deletion	85
2R	16212669	16212593	Deletion	76
2R	16212669	16212606	Deletion	63
2R	16212669	16212609	Deletion	60
2R	16212669	16212623	Deletion	46
2R	16212669	16212635	Deletion	34
2R	16216745	16216634	Deletion	111
2R	16216697	16216634	Deletion	63
2R	16216684	16216634	Deletion	50
2R	16216714	16216634	Deletion	80
2R	16216675	16216634	Deletion	41
2R	16216758	16216634	Deletion	124
2R	16216671	16216634	Deletion	37
2R	16216726	16216634	Deletion	92
2R	16216751	16216634	Deletion	117
2R	16216700	16216634	Deletion	66
2R	16216738	16216634	Deletion	104
2R	16217321	16217223	Deletion	98
2R	16217321	16217259	Deletion	62
2R	16217321	16217269	Deletion	52
2R	16217321	16217285	Deletion	36
2R	16217321	16217288	Deletion	33
2R	16217321	16217290	Deletion	31
2R	16217321	16217291	Deletion	30
2R	16227199	16227086	Deletion	113
2R	16227179	16227086	Deletion	93
2R	16227176	16227086	Deletion	90
2R	16227201	16227086	Deletion	115
2R	16227150	16227086	Deletion	64
2R	16227160	16227086	Deletion	74
2R	16227181	16227086	Deletion	95
2R	16227182	16227086	Deletion	96
2R	16227497	16227375	Deletion	122
2R	16231770	16231648	Deletion	122
2R	16231770	16231691	Deletion	79
2R	16231770	16231697	Deletion	73
2R	16232519	16232466	Deletion	53
2R	16232513	16232466	Deletion	47
2R	16233618	16233496	Deletion	122
2R	16237056	16236935	Deletion	121
2R	16237056	16237012	Deletion	44
2R	16237056	16237022	Deletion	34
2R	16242604	16242485	Deletion	119
2R	16242577	16242485	Deletion	92
2R	16242590	16242485	Deletion	105
2R	16242567	16242485	Deletion	82
2R	16242592	16242485	Deletion	107
2R	16249208	16249086	Deletion	122
2R	16249208	16249124	Deletion	84
2R	16249208	16249130	Deletion	78
2R	16249208	16249131	Deletion	77
2R	16249208	16249163	Deletion	45
2R	16249208	16249167	Deletion	41
2R	16255933	16255883	Deletion	50
2R	16255965	16255883	Deletion	82
2R	16255969	16255883	Deletion	86
2R	16255926	16255883	Deletion	43
2R	16255932	16255883	Deletion	49
2R	16260614	16260492	Deletion	122
2R	16260614	16260496	Deletion	118
2R	16260614	16260499	Deletion	115
2R	16260614	16260506	Deletion	108
2R	16260614	16260514	Deletion	100
2R	16260614	16260523	Deletion	91
2R	16260614	16260527	Deletion	87
2R	16260614	16260561	Deletion	53
2R	16260614	16260565	Deletion	49
2R	16261459	16261423	Deletion	36
2R	16261501	16261423	Deletion	78
2R	16261528	16261423	Deletion	105
2R	16261497	16261423	Deletion	74
2R	16261463	16261423	Deletion	40
2R	16261546	16261423	Deletion	123
2R	16263341	16263261	Deletion	80
2R	16263341	16263304	Deletion	37
2R	16263341	16263309	Deletion	32
2R	16264471	16264382	Deletion	89
2R	16264476	16264382	Deletion	94
2R	16264428	16264382	Deletion	46
2R	16283685	16283576	Deletion	109
2R	16283678	16283576	Deletion	102
2R	16287301	16287180	Deletion	121
2R	16301239	16301117	Deletion	122
2R	16301239	16301160	Deletion	79
2R	16301239	16301168	Deletion	71
2R	16301239	16301168	Deletion	71
2R	16301239	16301178	Deletion	61
2R	16301239	16301194	Deletion	45
2R	16301239	16301204	Deletion	35
2R	16312680	16312587	Deletion	93
2R	16312644	16312587	Deletion	57
2R	16312709	16312587	Deletion	122
2R	16312636	16312587	Deletion	49
2R	16312704	16312587	Deletion	117
2R	16312699	16312587	Deletion	112
2R	16312701	16312587	Deletion	114
2R	16312670	16312587	Deletion	83
2R	16312644	16312587	Deletion	57
2R	16312654	16312587	Deletion	67
2R	16312695	16312587	Deletion	108
2R	16312708	16312587	Deletion	121
2R	16313771	16313650	Deletion	121
2R	16313771	16313664	Deletion	107
2R	16313771	16313669	Deletion	102
2R	16313771	16313693	Deletion	78
2R	16313771	16313702	Deletion	69
2R	16313771	16313712	Deletion	59
2R	16313771	16313729	Deletion	42
2R	16316291	16316171	Deletion	120
2R	16316239	16316171	Deletion	68
2R	16316229	16316171	Deletion	58
2R	16316256	16316171	Deletion	85
2R	16316220	16316171	Deletion	49
2R	16321731	16321618	Deletion	113
2R	16321731	16321624	Deletion	107
2R	16321731	16321637	Deletion	94
2R	16321731	16321660	Deletion	71
2R	16321731	16321661	Deletion	70
2R	16321731	16321677	Deletion	54
2R	16321731	16321682	Deletion	49
2R	16321731	16321692	Deletion	39
2R	16321731	16321694	Deletion	37
2R	16323571	16323515	Deletion	56
2R	16323592	16323515	Deletion	77
2R	16323587	16323515	Deletion	72
2R	16323604	16323515	Deletion	89
2R	16323622	16323515	Deletion	107
2R	16323602	16323515	Deletion	87
2R	16323638	16323515	Deletion	123
2R	16323547	16323515	Deletion	32
2R	16323570	16323515	Deletion	55
2R	16324881	16324783	Deletion	98
2R	16324881	16324815	Deletion	66
2R	16329731	16329609	Deletion	122
2R	16329669	16329609	Deletion	60
2R	16335042	16334938	Deletion	104
2R	16335042	16334965	Deletion	77
2R	16335042	16334978	Deletion	64
2R	16335042	16334997	Deletion	45
2R	16335042	16335000	Deletion	42
2R	16348059	16347997	Deletion	62
2R	16348102	16347997	Deletion	105
2R	16348046	16347997	Deletion	49
2R	16348081	16347997	Deletion	84
2R	16348103	16347997	Deletion	106
2R	16348078	16347997	Deletion	81
2R	16353381	16353263	Deletion	118
2R	16353381	16353275	Deletion	106
2R	16353381	16353349	Deletion	32
2R	16355065	16354970	Deletion	95
2R	16355064	16354970	Deletion	94
2R	16368715	16368592	Deletion	123
2R	16369169	16369048	Deletion	121
2R	16369169	16369062	Deletion	107
2R	16369169	16369064	Deletion	105
2R	16369169	16369066	Deletion	103
2R	16369169	16369112	Deletion	57
2R	16369169	16369113	Deletion	56
2R	16369169	16369117	Deletion	52
2R	16369169	16369119	Deletion	50
2R	16370966	16370896	Deletion	70
2R	16370967	16370896	Deletion	71
2R	16370971	16370896	Deletion	75
2R	16370973	16370896	Deletion	77
2R	16383037	16382984	Deletion	53
2R	16383037	16383007	Deletion	30
2R	16386823	16386717	Deletion	106
2R	16386835	16386717	Deletion	118
2R	16386790	16386717	Deletion	73
2R	16386813	16386717	Deletion	96
2R	16389942	16389818	Deletion	124
2R	16389942	16389851	Deletion	91
2R	16389942	16389900	Deletion	42
2R	16390783	16390748	Deletion	35
2R	16390832	16390748	Deletion	84
2R	16391306	16391189	Deletion	117
2R	16391306	16391204	Deletion	102
2R	16391306	16391208	Deletion	98
2R	16391306	16391223	Deletion	83
2R	16391306	16391237	Deletion	69
2R	16391306	16391253	Deletion	53
2R	16391306	16391267	Deletion	39
2R	16403141	16403098	Deletion	43
2R	16403217	16403098	Deletion	119
2R	16403197	16403098	Deletion	99
2R	16403171	16403098	Deletion	73
2R	16403155	16403098	Deletion	57
2R	16403185	16403098	Deletion	87
2R	16404955	16404838	Deletion	117
2R	16404955	16404845	Deletion	110
2R	16404955	16404852	Deletion	103
2R	16404955	16404880	Deletion	75
2R	16404955	16404895	Deletion	60
2R	16404955	16404901	Deletion	54
2R	16404955	16404918	Deletion	37
2R	16407352	16407279	Deletion	73
2R	16407346	16407279	Deletion	67
2R	16407331	16407279	Deletion	52
2R	16407386	16407279	Deletion	107
2R	16407391	16407279	Deletion	112
2R	16407369	16407279	Deletion	90
2R	16414258	16414142	Deletion	116
2R	16414256	16414149	Deletion	107
2R	16414258	16414185	Deletion	73
2R	16414258	16414193	Deletion	65
2R	16417437	16417317	Deletion	120
2R	16417378	16417317	Deletion	61
2R	16417370	16417317	Deletion	53
2R	16417433	16417317	Deletion	116
2R	16417420	16417319	Deletion	101
2R	16424007	16423907	Deletion	100
2R	16424007	16423913	Deletion	94
2R	16424007	16423930	Deletion	77
2R	16424007	16423970	Deletion	37
2R	16424867	16424765	Deletion	102
2R	16424863	16424765	Deletion	98
2R	16424882	16424765	Deletion	117
2R	16424814	16424765	Deletion	49
2R	16424797	16424765	Deletion	32
2R	16424854	16424765	Deletion	89
2R	16445825	16445736	Deletion	89
2R	16445825	16445748	Deletion	77
2R	16445825	16445751	Deletion	74
2R	16446406	16446287	Deletion	119
2R	16446336	16446287	Deletion	49
2R	16446339	16446287	Deletion	52
2R	16446324	16446287	Deletion	37
2R	16454399	16454288	Deletion	111
2R	16454399	16454303	Deletion	96
2R	16454399	16454326	Deletion	73
2R	16454399	16454345	Deletion	54
2R	16454399	16454363	Deletion	36
2R	16455535	16455463	Deletion	72
2R	16455516	16455463	Deletion	53
2R	16455567	16455463	Deletion	104
2R	16455553	16455463	Deletion	90
2R	16461882	16461783	Deletion	99
2R	16461882	16461784	Deletion	98
2R	16461882	16461835	Deletion	47
2R	16461882	16461843	Deletion	39
2R	16471713	16471602	Deletion	111
2R	16471683	16471602	Deletion	81
2R	16471691	16471602	Deletion	89
2R	16471705	16471602	Deletion	103
2R	16471632	16471602	Deletion	30
2R	16479201	16479086	Deletion	115
2R	16479201	16479104	Deletion	97
2R	16479201	16479113	Deletion	88
2R	16479201	16479115	Deletion	86
2R	16479201	16479159	Deletion	42
2R	16479201	16479160	Deletion	41
2R	16479201	16479167	Deletion	34
2R	16479388	16479304	Deletion	84
2R	16479396	16479304	Deletion	92
2R	16479342	16479304	Deletion	38
2R	16479422	16479304	Deletion	118
2R	16479344	16479304	Deletion	40
2R	16479389	16479304	Deletion	85
2R	16479427	16479304	Deletion	123
2R	16525656	16525533	Deletion	123
2R	16526382	16526261	Deletion	121
2R	16531715	16531598	Deletion	117
2R	16531715	16531641	Deletion	74
2R	16531715	16531643	Deletion	72
2R	16531715	16531681	Deletion	34
2R	16539934	16539886	Deletion	48
2R	16540474	16540435	Deletion	39
2R	16542336	16542259	Deletion	77
2R	16549961	16549866	Deletion	95
2R	16549921	16549866	Deletion	55
2R	16549923	16549866	Deletion	57
2R	16556808	16556687	Deletion	121
2R	16556808	16556698	Deletion	110
2R	16556808	16556706	Deletion	102
2R	16556808	16556731	Deletion	77
2R	16556808	16556765	Deletion	43
2R	16558072	16557951	Deletion	121
2R	16558034	16557951	Deletion	83
2R	16558000	16557951	Deletion	49
2R	16567682	16567561	Deletion	121
2R	16578388	16578269	Deletion	119
2R	16578388	16578273	Deletion	115
2R	16578388	16578273	Deletion	115
2R	16578388	16578313	Deletion	75
2R	16578388	16578336	Deletion	52
2R	16579049	16578974	Deletion	75
2R	16579086	16578974	Deletion	112
2R	16579026	16578974	Deletion	52
2R	16611813	16611689	Deletion	124
2R	16621802	16621680	Deletion	122
2R	16621802	16621685	Deletion	117
2R	16621802	16621708	Deletion	94
2R	16621802	16621714	Deletion	88
2R	16621802	16621745	Deletion	57
2R	16621802	16621754	Deletion	48
2R	16621802	16621754	Deletion	48
2R	16621972	16621939	Deletion	33
2R	16621978	16621939	Deletion	39
2R	16622018	16621939	Deletion	79
2R	16622048	16621939	Deletion	109
2R	16622018	16621939	Deletion	79
2R	16622010	16621939	Deletion	71
2R	16622060	16621939	Deletion	121
2R	16628273	16628151	Deletion	122
2R	16628535	16628413	Deletion	122
2R	16628535	16628427	Deletion	108
2R	16628535	16628438	Deletion	97
2R	16628535	16628445	Deletion	90
2R	16628535	16628494	Deletion	41
2R	16628698	16628585	Deletion	113
2R	16628696	16628585	Deletion	111
2R	16628670	16628585	Deletion	85
2R	16628707	16628585	Deletion	122
2R	16628621	16628585	Deletion	36
2R	16635038	16634914	Deletion	124
2R	16638206	16638107	Deletion	99
2R	16638206	16638121	Deletion	85
2R	16638206	16638140	Deletion	66
2R	16638206	16638171	Deletion	35
2R	16651206	16651115	Deletion	91
2R	16651224	16651115	Deletion	109
2R	16651175	16651115	Deletion	60
2R	16651156	16651115	Deletion	41
2R	16654842	16654728	Deletion	114
2R	16654842	16654741	Deletion	101
2R	16654842	16654759	Deletion	83
2R	16654842	16654796	Deletion	46
2R	16660819	16660738	Deletion	81
2R	16660781	16660738	Deletion	43
2R	16674664	16674542	Deletion	122
2R	16687840	16687733	Deletion	107
2R	16687840	16687746	Deletion	94
2R	16687840	16687754	Deletion	86
2R	16687840	16687759	Deletion	81
2R	16687840	16687782	Deletion	58
2R	16687840	16687809	Deletion	31
2R	16688134	16688039	Deletion	95
2R	16688160	16688039	Deletion	121
2R	16688107	16688039	Deletion	68
2R	16688141	16688039	Deletion	102
2R	16688084	16688039	Deletion	45
2R	16688071	16688039	Deletion	32
2R	16688079	16688039	Deletion	40
2R	16710826	16710719	Deletion	107
2R	16710826	16710729	Deletion	97
2R	16711211	16711103	Deletion	108
2R	16711200	16711103	Deletion	97
2R	16719709	16719587	Deletion	122
2R	16719709	16719589	Deletion	120
2R	16719709	16719632	Deletion	77
2R	16719709	16719632	Deletion	77
2R	16719709	16719632	Deletion	77
2R	16719709	16719639	Deletion	70
2R	16719709	16719676	Deletion	33
2R	16721195	16721100	Deletion	95
2R	16721158	16721100	Deletion	58
2R	16721151	16721100	Deletion	51
2R	16721151	16721100	Deletion	51
2R	16721151	16721100	Deletion	51
2R	16721209	16721100	Deletion	109
2R	16721439	16721316	Deletion	123
2R	16721439	16721327	Deletion	112
2R	16721439	16721329	Deletion	110
2R	16721439	16721380	Deletion	59
2R	16721439	16721395	Deletion	44
2R	16721439	16721403	Deletion	36
2R	16721439	16721405	Deletion	34
2R	16724767	16724697	Deletion	70
2R	16724792	16724697	Deletion	95
2R	16724782	16724697	Deletion	85
2R	16724790	16724697	Deletion	93
2R	16724813	16724697	Deletion	116
2R	16732404	16732337	Deletion	67
2R	16732404	16732359	Deletion	45
2R	16732404	16732369	Deletion	35
2R	16732849	16732757	Deletion	92
2R	16732838	16732757	Deletion	81
2R	16732817	16732757	Deletion	60
2R	16733165	16733055	Deletion	110
2R	16733165	16733058	Deletion	107
2R	16733165	16733083	Deletion	82
2R	16733165	16733112	Deletion	53
2R	16733165	16733127	Deletion	38
2R	16733165	16733132	Deletion	33
2R	16733570	16733481	Deletion	89
2R	16733526	16733481	Deletion	45
2R	16733575	16733481	Deletion	94
2R	16733555	16733485	Deletion	70
2R	16734226	16734103	Deletion	123
2R	16745000	16744892	Deletion	108
2R	16745000	16744900	Deletion	100
2R	16745000	16744928	Deletion	72
2R	16745000	16744948	Deletion	52
2R	16759071	16758959	Deletion	112
2R	16759013	16758959	Deletion	54
2R	16759060	16758959	Deletion	101
2R	16759033	16758959	Deletion	74
2R	16764639	16764525	Deletion	114
2R	16764639	16764529	Deletion	110
2R	16764639	16764545	Deletion	94
2R	16764639	16764553	Deletion	86
2R	16764639	16764564	Deletion	75
2R	16764639	16764594	Deletion	45
2R	16769531	16769450	Deletion	81
2R	16769490	16769450	Deletion	40
2R	16769560	16769450	Deletion	110
2R	16769561	16769450	Deletion	111
2R	16769552	16769450	Deletion	102
2R	16769501	16769450	Deletion	51
2R	16769482	16769450	Deletion	32
2R	16769553	16769450	Deletion	103
2R	16777322	16777200	Deletion	122
2R	16778543	16778437	Deletion	106
2R	16778543	16778473	Deletion	70
2R	16779233	16779176	Deletion	57
2R	16806491	16806370	Deletion	121
2R	16823572	16823476	Deletion	96
2R	16823572	16823488	Deletion	84
2R	16823572	16823489	Deletion	83
2R	16823572	16823527	Deletion	45
2R	16823572	16823542	Deletion	30
2R	16826292	16826196	Deletion	96
2R	16826226	16826196	Deletion	30
2R	16826239	16826196	Deletion	43
2R	16826238	16826196	Deletion	42
2R	16826277	16826196	Deletion	81
2R	16826295	16826196	Deletion	99
2R	16826318	16826196	Deletion	122
2R	16843093	16843004	Deletion	89
2R	16843093	16843013	Deletion	80
2R	16843093	16843021	Deletion	72
2R	16846022	16845966	Deletion	56
2R	16846014	16845966	Deletion	48
2R	16846005	16845966	Deletion	39
2R	16848053	16847956	Deletion	97
2R	16848053	16847976	Deletion	77
2R	16851105	16851056	Deletion	49
2R	16852328	16852204	Deletion	124
2R	16852328	16852218	Deletion	110
2R	16852328	16852223	Deletion	105
2R	16852328	16852246	Deletion	82
2R	16852328	16852270	Deletion	58
2R	16852328	16852285	Deletion	43
2R	16852328	16852291	Deletion	37
2R	16852936	16852826	Deletion	110
2R	16852871	16852826	Deletion	45
2R	16852916	16852826	Deletion	90
2R	16852895	16852826	Deletion	69
2R	16852910	16852826	Deletion	84
2R	16863241	16863133	Deletion	108
2R	16863241	16863137	Deletion	104
2R	16863241	16863167	Deletion	74
2R	16863241	16863183	Deletion	58
2R	16863241	16863206	Deletion	35
2R	16863367	16863299	Deletion	68
2R	16863390	16863299	Deletion	91
2R	16863351	16863299	Deletion	52
2R	16875756	16875642	Deletion	114
2R	16875756	16875660	Deletion	96
2R	16875756	16875678	Deletion	78
2R	16875756	16875692	Deletion	64
2R	16875756	16875701	Deletion	55
2R	16875756	16875716	Deletion	40
2R	16875756	16875719	Deletion	37
2R	16888069	16887956	Deletion	113
2R	16887986	16887956	Deletion	30
2R	16888042	16887956	Deletion	86
2R	16888018	16887956	Deletion	62
2R	16888004	16887956	Deletion	48
2R	16888064	16887956	Deletion	108
2R	16888027	16887956	Deletion	71
2R	16888045	16887956	Deletion	89
2R	16892832	16892715	Deletion	117
2R	16892832	16892717	Deletion	115
2R	16892832	16892735	Deletion	97
2R	16892832	16892769	Deletion	63
2R	16892832	16892781	Deletion	51
2R	16892832	16892795	Deletion	37
2R	16900743	16900635	Deletion	108
2R	16900699	16900635	Deletion	64
2R	16900711	16900635	Deletion	76
2R	16900665	16900635	Deletion	30
2R	16900725	16900635	Deletion	90
2R	16900746	16900635	Deletion	111
2R	16920913	16920827	Deletion	86
2R	16920913	16920835	Deletion	78
2R	16920913	16920851	Deletion	62
2R	16923728	16923663	Deletion	65
2R	16923782	16923663	Deletion	119
2R	16923712	16923663	Deletion	49
2R	16923765	16923663	Deletion	102
2R	16923704	16923663	Deletion	41
2R	16934005	16933884	Deletion	121
2R	16946876	16946798	Deletion	78
2R	16946876	16946800	Deletion	76
2R	16946876	16946814	Deletion	62
2R	16946876	16946826	Deletion	50
2R	16946876	16946838	Deletion	38
2R	16947288	16947199	Deletion	89
2R	16947250	16947199	Deletion	51
2R	16947276	16947199	Deletion	77
2R	16947264	16947199	Deletion	65
2R	16947248	16947199	Deletion	49
2R	16947317	16947199	Deletion	118
2R	16947311	16947199	Deletion	112
2R	16956948	16956825	Deletion	123
2R	16965487	16965399	Deletion	88
2R	16965487	16965402	Deletion	85
2R	16965487	16965446	Deletion	41
2R	16966428	16966390	Deletion	38
2R	16966475	16966390	Deletion	85
2R	16966431	16966390	Deletion	41
2R	16966508	16966390	Deletion	118
2R	16972030	16971908	Deletion	122
2R	16976381	16976269	Deletion	112
2R	16976381	16976271	Deletion	110
2R	16976381	16976302	Deletion	79
2R	16976381	16976333	Deletion	48
2R	16976381	16976342	Deletion	39
2R	16977988	16977867	Deletion	121
2R	16977955	16977867	Deletion	88
2R	16977966	16977867	Deletion	99
2R	16977915	16977867	Deletion	48
2R	16977946	16977867	Deletion	79
2R	16977985	16977867	Deletion	118
2R	16991269	16991147	Deletion	122
2R	16999892	16999790	Deletion	102
2R	16999892	16999805	Deletion	87
2R	16999892	16999820	Deletion	72
2R	16999892	16999855	Deletion	37
2R	16999892	16999858	Deletion	34
2R	17001096	17001057	Deletion	39
2R	17001146	17001057	Deletion	89
2R	17001111	17001057	Deletion	54
2R	17001158	17001057	Deletion	101
2R	17001149	17001057	Deletion	92
2R	17005199	17005076	Deletion	123
2R	17006345	17006253	Deletion	92
2R	17006345	17006263	Deletion	82
2R	17016302	17016258	Deletion	44
2R	17019473	17019351	Deletion	122
2R	17019473	17019364	Deletion	109
2R	17019473	17019398	Deletion	75
2R	17019473	17019408	Deletion	65
2R	17019473	17019416	Deletion	57
2R	17019473	17019429	Deletion	44
2R	17019872	17019789	Deletion	83
2R	17019851	17019789	Deletion	62
2R	17019859	17019789	Deletion	70
2R	17019841	17019789	Deletion	52
2R	17020114	17020044	Deletion	70
2R	17020114	17020049	Deletion	65
2R	17020114	17020074	Deletion	40
2R	17020114	17020084	Deletion	30
2R	17023278	17023191	Deletion	87
2R	17023253	17023191	Deletion	62
2R	17023288	17023191	Deletion	97
2R	17023248	17023191	Deletion	57
2R	17024571	17024456	Deletion	115
2R	17024571	17024460	Deletion	111
2R	17024571	17024472	Deletion	99
2R	17024571	17024479	Deletion	92
2R	17024571	17024480	Deletion	91
2R	17024571	17024499	Deletion	72
2R	17024571	17024502	Deletion	69
2R	17025660	17025605	Deletion	55
2R	17025641	17025605	Deletion	36
2R	17025640	17025605	Deletion	35
2R	17025720	17025605	Deletion	115
2R	17025663	17025605	Deletion	58
2R	17026285	17026200	Deletion	85
2R	17026285	17026242	Deletion	43
2R	17026285	17026251	Deletion	34
2R	17026285	17026253	Deletion	32
2R	17031495	17031412	Deletion	83
2R	17031507	17031412	Deletion	95
2R	17031453	17031412	Deletion	41
2R	17031504	17031412	Deletion	92
2R	17090978	17090881	Deletion	97
2R	17090978	17090885	Deletion	93
2R	17090978	17090905	Deletion	73
2R	17093488	17093435	Deletion	53
2R	17093558	17093435	Deletion	123
2R	17093468	17093435	Deletion	33
2R	17093549	17093435	Deletion	114
2R	17093558	17093435	Deletion	123
2R	17095861	17095759	Deletion	102
2R	17095861	17095768	Deletion	93
2R	17095861	17095769	Deletion	92
2R	17095861	17095781	Deletion	80
2R	17095861	17095818	Deletion	43
2R	17095861	17095831	Deletion	30
2R	17104953	17104857	Deletion	96
2R	17104891	17104857	Deletion	34
2R	17104903	17104857	Deletion	46
2R	17104940	17104857	Deletion	83
2R	17104890	17104857	Deletion	33
2R	17109465	17109368	Deletion	97
2R	17109465	17109399	Deletion	66
2R	17109465	17109407	Deletion	58
2R	17109465	17109434	Deletion	31
2R	17115309	17115240	Deletion	69
2R	17115363	17115240	Deletion	123
2R	17115336	17115240	Deletion	96
2R	17115270	17115240	Deletion	30
2R	17115301	17115240	Deletion	61
2R	17137090	17136985	Deletion	105
2R	17137090	17137001	Deletion	89
2R	17137090	17137010	Deletion	80
2R	17137090	17137054	Deletion	36
2R	17137248	17137139	Deletion	109
2R	17137186	17137139	Deletion	47
2R	17137178	17137139	Deletion	39
2R	17137230	17137139	Deletion	91
2R	17137242	17137139	Deletion	103
2R	17138272	17138163	Deletion	109
2R	17138272	17138179	Deletion	93
2R	17138272	17138195	Deletion	77
2R	17138272	17138200	Deletion	72
2R	17139449	17139341	Deletion	108
2R	17139462	17139341	Deletion	121
2R	17139395	17139341	Deletion	54
2R	17139390	17139341	Deletion	49
2R	17139460	17139341	Deletion	119
2R	17139374	17139341	Deletion	33
2R	17147595	17147520	Deletion	75
2R	17147595	17147533	Deletion	62
2R	17149320	17149279	Deletion	41
2R	17156678	17156587	Deletion	91
2R	17156678	17156609	Deletion	69
2R	17156678	17156648	Deletion	30
2R	17156678	17156648	Deletion	30
2R	17163041	17163004	Deletion	37
2R	17163102	17163004	Deletion	98
2R	17163102	17163004	Deletion	98
2R	17163063	17163004	Deletion	59
2R	17163118	17163004	Deletion	114
2R	17164446	17164334	Deletion	112
2R	17164446	17164347	Deletion	99
2R	17164446	17164362	Deletion	84
2R	17164446	17164366	Deletion	80
2R	17166550	17166504	Deletion	46
2R	17166546	17166504	Deletion	42
2R	17166617	17166504	Deletion	113
2R	17179887	17179787	Deletion	100
2R	17180693	17180661	Deletion	32
2R	17181626	17181564	Deletion	62
2R	17181677	17181635	Deletion	42
2R	17181933	17181833	Deletion	100
2R	17188569	17188451	Deletion	118
2R	17188569	17188457	Deletion	112
2R	17188569	17188491	Deletion	78
2R	17188569	17188527	Deletion	42
2R	17188569	17188528	Deletion	41
2R	17201298	17201213	Deletion	85
2R	17201261	17201213	Deletion	48
2R	17201322	17201213	Deletion	109
2R	17201297	17201213	Deletion	84
2R	17202420	17202327	Deletion	93
2R	17202420	17202356	Deletion	64
2R	17202420	17202356	Deletion	64
2R	17203161	17203098	Deletion	63
2R	17203161	17203098	Deletion	63
2R	17203132	17203098	Deletion	34
2R	17203643	17203523	Deletion	120
2R	17210620	17210506	Deletion	114
2R	17210620	17210535	Deletion	85
2R	17210620	17210572	Deletion	48
2R	17210620	17210581	Deletion	39
2R	17218713	17218626	Deletion	87
2R	17218667	17218626	Deletion	41
2R	17218704	17218626	Deletion	78
2R	17218729	17218626	Deletion	103
2R	17238461	17238417	Deletion	44
2R	17240127	17240048	Deletion	79
2R	17251672	17251563	Deletion	109
2R	17251672	17251571	Deletion	101
2R	17251672	17251596	Deletion	76
2R	17251672	17251611	Deletion	61
2R	17251672	17251629	Deletion	43
2R	17251672	17251635	Deletion	37
2R	17256319	17256230	Deletion	89
2R	17256336	17256230	Deletion	106
2R	17256313	17256230	Deletion	83
2R	17256280	17256230	Deletion	50
2R	17256344	17256230	Deletion	114
2R	17256295	17256230	Deletion	65
2R	17256341	17256230	Deletion	111
2R	17262684	17262569	Deletion	115
2R	17262684	17262583	Deletion	101
2R	17262684	17262590	Deletion	94
2R	17262684	17262606	Deletion	78
2R	17262684	17262625	Deletion	59
2R	17263727	17263695	Deletion	32
2R	17263762	17263695	Deletion	67
2R	17263743	17263695	Deletion	48
2R	17278627	17278544	Deletion	83
2R	17278627	17278558	Deletion	69
2R	17278627	17278562	Deletion	65
2R	17278627	17278590	Deletion	37
2R	17279923	17279861	Deletion	62
2R	17279919	17279861	Deletion	58
2R	17279905	17279861	Deletion	44
2R	17279977	17279861	Deletion	116
2R	17279959	17279861	Deletion	98
2R	17279951	17279861	Deletion	90
2R	17298049	17297926	Deletion	123
2R	17323622	17323556	Deletion	66
2R	17323622	17323557	Deletion	65
2R	17323622	17323574	Deletion	48
2R	17323622	17323574	Deletion	48
2R	17323622	17323584	Deletion	38
2R	17324244	17324181	Deletion	63
2R	17324261	17324181	Deletion	80
2R	17324243	17324181	Deletion	62
2R	17324261	17324181	Deletion	80
2R	17324271	17324181	Deletion	90
2R	17325890	17325768	Deletion	122
2R	17325884	17325768	Deletion	116
2R	17325881	17325768	Deletion	113
2R	17325875	17325768	Deletion	107
2R	17338274	17338164	Deletion	110
2R	17338274	17338176	Deletion	98
2R	17338274	17338180	Deletion	94
2R	17338274	17338181	Deletion	93
2R	17338274	17338194	Deletion	80
2R	17339944	17339898	Deletion	46
2R	17339931	17339898	Deletion	33
2R	17339930	17339898	Deletion	32
2R	17344552	17344435	Deletion	117
2R	17344552	17344460	Deletion	92
2R	17344552	17344468	Deletion	84
2R	17344552	17344489	Deletion	63
2R	17344866	17344742	Deletion	124
2R	17344784	17344742	Deletion	42
2R	17344776	17344742	Deletion	34
2R	17344805	17344742	Deletion	63
2R	17357344	17357234	Deletion	110
2R	17357344	17357236	Deletion	108
2R	17357344	17357259	Deletion	85
2R	17357344	17357262	Deletion	82
2R	17357344	17357290	Deletion	54
2R	17357867	17357823	Deletion	44
2R	17357942	17357823	Deletion	119
2R	17357943	17357823	Deletion	120
2R	17357928	17357823	Deletion	105
2R	17357864	17357823	Deletion	41
2R	17357895	17357823	Deletion	72
2R	17385711	17385591	Deletion	120
2R	17385711	17385605	Deletion	106
2R	17385711	17385611	Deletion	100
2R	17385711	17385633	Deletion	78
2R	17385711	17385635	Deletion	76
2R	17385711	17385662	Deletion	49
2R	17385711	17385664	Deletion	47
2R	17386418	17386339	Deletion	79
2R	17386443	17386339	Deletion	104
2R	17386389	17386339	Deletion	50
2R	17386455	17386339	Deletion	116
2R	17386391	17386339	Deletion	52
2R	17386448	17386339	Deletion	109
2R	17386420	17386339	Deletion	81
2R	17458993	17458879	Deletion	114
2R	17460790	17460688	Deletion	102
2R	17480436	17480326	Deletion	110
2R	17480436	17480330	Deletion	106
2R	17480436	17480331	Deletion	105
2R	17480436	17480332	Deletion	104
2R	17480436	17480344	Deletion	92
2R	17480436	17480359	Deletion	77
2R	17480436	17480360	Deletion	76
2R	17480436	17480366	Deletion	70
2R	17480436	17480373	Deletion	63
2R	17480436	17480373	Deletion	63
2R	17487023	17486990	Deletion	33
2R	17497027	17496913	Deletion	114
2R	17497027	17496917	Deletion	110
2R	17497027	17496926	Deletion	101
2R	17497027	17496939	Deletion	88
2R	17497027	17496979	Deletion	48
2R	17499975	17499866	Deletion	109
2R	17499944	17499866	Deletion	78
2R	17499904	17499866	Deletion	38
2R	17499980	17499866	Deletion	114
2R	17510905	17510781	Deletion	124
2R	17518860	17518761	Deletion	99
2R	17518860	17518762	Deletion	98
2R	17518860	17518778	Deletion	82
2R	17518860	17518824	Deletion	36
2R	17519031	17518987	Deletion	44
2R	17519082	17518987	Deletion	95
2R	17519077	17518987	Deletion	90
2R	17520931	17520810	Deletion	121
2R	17520931	17520831	Deletion	100
2R	17520931	17520865	Deletion	66
2R	17520931	17520887	Deletion	44
2R	17524974	17524869	Deletion	105
2R	17524929	17524869	Deletion	60
2R	17524951	17524869	Deletion	82
2R	17537647	17537527	Deletion	120
2R	17537647	17537527	Deletion	120
2R	17537647	17537548	Deletion	99
2R	17537647	17537565	Deletion	82
2R	17537647	17537566	Deletion	81
2R	17537647	17537588	Deletion	59
2R	17537647	17537589	Deletion	58
2R	17537647	17537600	Deletion	47
2R	17547073	17546971	Deletion	102
2R	17547039	17546971	Deletion	68
2R	17547081	17546971	Deletion	110
2R	17547040	17546971	Deletion	69
2R	17547069	17546971	Deletion	98
2R	17547016	17546971	Deletion	45
2R	17547051	17546971	Deletion	80
2R	17547017	17546971	Deletion	46
2R	17565860	17565741	Deletion	119
2R	17565860	17565755	Deletion	105
2R	17565860	17565774	Deletion	86
2R	17565860	17565813	Deletion	47
2R	17568369	17568329	Deletion	40
2R	17568408	17568329	Deletion	79
2R	17568452	17568330	Deletion	122
2R	17626531	17626408	Deletion	123
2R	17644248	17644127	Deletion	121
2R	17647241	17647118	Deletion	123
2R	17647241	17647119	Deletion	122
2R	17647241	17647153	Deletion	88
2R	17647241	17647177	Deletion	64
2R	17647241	17647194	Deletion	47
2R	17647241	17647194	Deletion	47
2R	17647241	17647199	Deletion	42
2R	17650803	17650681	Deletion	122
2R	17650782	17650681	Deletion	101
2R	17650746	17650681	Deletion	65
2R	17650763	17650681	Deletion	82
2R	17650763	17650681	Deletion	82
2R	17650768	17650681	Deletion	87
2R	17650784	17650681	Deletion	103
2R	17650722	17650681	Deletion	41
2R	17652704	17652603	Deletion	101
2R	17652704	17652620	Deletion	84
2R	17652704	17652622	Deletion	82
2R	17652704	17652632	Deletion	72
2R	17652704	17652646	Deletion	58
2R	17652704	17652649	Deletion	55
2R	17652704	17652672	Deletion	32
2R	17657331	17657262	Deletion	69
2R	17657334	17657262	Deletion	72
2R	17657357	17657262	Deletion	95
2R	17657362	17657262	Deletion	100
2R	17657317	17657262	Deletion	55
2R	17657307	17657262	Deletion	45
2R	17657305	17657262	Deletion	43
2R	17663172	17663056	Deletion	116
2R	17682141	17682021	Deletion	120
2R	17682141	17682036	Deletion	105
2R	17682141	17682046	Deletion	95
2R	17682141	17682056	Deletion	85
2R	17682141	17682074	Deletion	67
2R	17682141	17682094	Deletion	47
2R	17686105	17686045	Deletion	60
2R	17686169	17686045	Deletion	124
2R	17686151	17686045	Deletion	106
2R	17686077	17686045	Deletion	32
2R	17686087	17686045	Deletion	42
2R	17686125	17686045	Deletion	80
2R	17687205	17687142	Deletion	63
2R	17687205	17687153	Deletion	52
2R	17690303	17690191	Deletion	112
2R	17690254	17690191	Deletion	63
2R	17690299	17690191	Deletion	108
2R	17690265	17690191	Deletion	74
2R	17692360	17692238	Deletion	122
2R	17692360	17692265	Deletion	95
2R	17692360	17692268	Deletion	92
2R	17692360	17692275	Deletion	85
2R	17692840	17692733	Deletion	107
2R	17692764	17692733	Deletion	31
2R	17692846	17692733	Deletion	113
2R	17692767	17692733	Deletion	34
2R	17692848	17692733	Deletion	115
2R	17692774	17692733	Deletion	41
2R	17694851	17694760	Deletion	91
2R	17694851	17694764	Deletion	87
2R	17694851	17694773	Deletion	78
2R	17694851	17694777	Deletion	74
2R	17694851	17694799	Deletion	52
2R	17700923	17700806	Deletion	117
2R	17700845	17700806	Deletion	39
2R	17700880	17700806	Deletion	74
2R	17700841	17700806	Deletion	35
2R	17700854	17700806	Deletion	48
2R	17700858	17700806	Deletion	52
2R	17701482	17701388	Deletion	94
2R	17701482	17701393	Deletion	89
2R	17701482	17701433	Deletion	49
2R	17701482	17701450	Deletion	32
2R	17701482	17701450	Deletion	32
2R	17701482	17701451	Deletion	31
2R	17703797	17703701	Deletion	96
2R	17703780	17703701	Deletion	79
2R	17703735	17703701	Deletion	34
2R	17703798	17703701	Deletion	97
2R	17703797	17703701	Deletion	96
2R	17703740	17703701	Deletion	39
2R	17703820	17703701	Deletion	119
2R	17760588	17760467	Deletion	121
2R	17764851	17764730	Deletion	121
2R	17765438	17765330	Deletion	108
2R	17765438	17765335	Deletion	103
2R	17765438	17765349	Deletion	89
2R	17765438	17765360	Deletion	78
2R	17765438	17765382	Deletion	56
2R	17765438	17765385	Deletion	53
2R	17765438	17765406	Deletion	32
2R	17765438	17765408	Deletion	30
2R	17772163	17772090	Deletion	73
2R	17772138	17772090	Deletion	48
2R	17772160	17772090	Deletion	70
2R	17772184	17772090	Deletion	94
2R	17772186	17772090	Deletion	96
2R	17772127	17772090	Deletion	37
2R	17772198	17772090	Deletion	108
2R	17778276	17778166	Deletion	110
2R	17778276	17778191	Deletion	85
2R	17778276	17778199	Deletion	77
2R	17778276	17778200	Deletion	76
2R	17778276	17778209	Deletion	67
2R	17778276	17778211	Deletion	65
2R	17778276	17778245	Deletion	31
2R	17793851	17793744	Deletion	107
2R	17793782	17793744	Deletion	38
2R	17793816	17793744	Deletion	72
2R	17793780	17793744	Deletion	36
2R	17794188	17794067	Deletion	121
2R	17794188	17794084	Deletion	104
2R	17794188	17794132	Deletion	56
2R	17803134	17803035	Deletion	99
2R	17803141	17803035	Deletion	106
2R	17803106	17803035	Deletion	71
2R	17809662	17809548	Deletion	114
2R	17809662	17809558	Deletion	104
2R	17809662	17809566	Deletion	96
2R	17809662	17809572	Deletion	90
2R	17809662	17809584	Deletion	78
2R	17809662	17809592	Deletion	70
2R	17809662	17809600	Deletion	62
2R	17810986	17810930	Deletion	56
2R	17810994	17810930	Deletion	64
2R	17810960	17810930	Deletion	30
2R	17811054	17810930	Deletion	124
2R	17810966	17810930	Deletion	36
2R	17810978	17810930	Deletion	48
2R	17811049	17810930	Deletion	119
2R	17813638	17813539	Deletion	99
2R	17813638	17813547	Deletion	91
2R	17813638	17813604	Deletion	34
2R	17813638	17813604	Deletion	34
2R	17816077	17815983	Deletion	94
2R	17816020	17815983	Deletion	37
2R	17816077	17815983	Deletion	94
2R	17816673	17816556	Deletion	117
2R	17828655	17828540	Deletion	115
2R	17828655	17828553	Deletion	102
2R	17828655	17828560	Deletion	95
2R	17828655	17828590	Deletion	65
2R	17828655	17828594	Deletion	61
2R	17830034	17830003	Deletion	31
2R	17830064	17830003	Deletion	61
2R	17830107	17830003	Deletion	104
2R	17830068	17830003	Deletion	65
2R	17866538	17866423	Deletion	115
2R	17866538	17866441	Deletion	97
2R	17866538	17866462	Deletion	76
2R	17866538	17866479	Deletion	59
2R	17866538	17866492	Deletion	46
2R	17866538	17866498	Deletion	40
2R	17869433	17869366	Deletion	67
2R	17869416	17869366	Deletion	50
2R	17869446	17869366	Deletion	80
2R	17869452	17869366	Deletion	86
2R	17869484	17869366	Deletion	118
2R	17870959	17870841	Deletion	118
2R	17870959	17870872	Deletion	87
2R	17870959	17870898	Deletion	61
2R	17870959	17870921	Deletion	38
2R	17877610	17877511	Deletion	99
2R	17877599	17877511	Deletion	88
2R	17877576	17877511	Deletion	65
2R	17877550	17877511	Deletion	39
2R	17888913	17888794	Deletion	119
2R	17888913	17888796	Deletion	117
2R	17888913	17888813	Deletion	100
2R	17888913	17888822	Deletion	91
2R	17888913	17888856	Deletion	57
2R	17888913	17888863	Deletion	50
2R	17888913	17888867	Deletion	46
2R	17888913	17888875	Deletion	38
2R	17890191	17890111	Deletion	80
2R	17890180	17890111	Deletion	69
2R	17890199	17890111	Deletion	88
2R	17890187	17890111	Deletion	76
2R	17890146	17890111	Deletion	35
2R	17902399	17902314	Deletion	85
2R	17902399	17902357	Deletion	42
2R	17902399	17902365	Deletion	34
2R	17910671	17910578	Deletion	93
2R	17910620	17910578	Deletion	42
2R	17910679	17910578	Deletion	101
2R	17910663	17910578	Deletion	85
2R	17927970	17927897	Deletion	73
2R	17927970	17927919	Deletion	51
2R	17927970	17927927	Deletion	43
2R	17927970	17927930	Deletion	40
2R	17940122	17940037	Deletion	85
2R	17940114	17940037	Deletion	77
2R	17940125	17940037	Deletion	88
2R	17940092	17940037	Deletion	55
2R	17950734	17950667	Deletion	67
2R	17950734	17950678	Deletion	56
2R	17950734	17950694	Deletion	40
2R	17956134	17956019	Deletion	115
2R	17956130	17956019	Deletion	111
2R	17956089	17956019	Deletion	70
2R	17956142	17956019	Deletion	123
2R	17956117	17956019	Deletion	98
2R	17956105	17956019	Deletion	86
2R	17956078	17956019	Deletion	59
2R	17965920	17965828	Deletion	92
2R	17965920	17965837	Deletion	83
2R	17965920	17965851	Deletion	69
2R	17966118	17966061	Deletion	57
2R	17966104	17966061	Deletion	43
2R	17966095	17966061	Deletion	34
2R	17967382	17967261	Deletion	121
2R	17967382	17967268	Deletion	114
2R	17967382	17967270	Deletion	112
2R	17967382	17967273	Deletion	109
2R	17967382	17967283	Deletion	99
2R	17967382	17967289	Deletion	93
2R	17967484	17967451	Deletion	33
2R	17976391	17976269	Deletion	122
2R	17976391	17976283	Deletion	108
2R	17976391	17976314	Deletion	77
2R	17976391	17976319	Deletion	72
2R	17976391	17976349	Deletion	42
2R	17976679	17976624	Deletion	55
2R	17976674	17976624	Deletion	50
2R	17976709	17976624	Deletion	85
2R	17976754	17976671	Deletion	83
2R	17976754	17976674	Deletion	80
2R	17976754	17976705	Deletion	49
2R	17976754	17976719	Deletion	35
2R	17976891	17976814	Deletion	77
2R	17976857	17976814	Deletion	43
2R	17976905	17976814	Deletion	91
2R	17976936	17976814	Deletion	122
2R	17976860	17976814	Deletion	46
2R	17996083	17995963	Deletion	120
2R	17996083	17995975	Deletion	108
2R	17996083	17995992	Deletion	91
2R	17996083	17996051	Deletion	32
2R	17997312	17997277	Deletion	35
2R	17997371	17997277	Deletion	94
2R	17997395	17997277	Deletion	118
2R	18005174	18005053	Deletion	121
2R	18028517	18028420	Deletion	97
2R	18028517	18028434	Deletion	83
2R	18028517	18028456	Deletion	61
2R	18028517	18028459	Deletion	58
2R	18028517	18028466	Deletion	51
2R	18028517	18028469	Deletion	48
2R	18028706	18028585	Deletion	121
2R	18028628	18028585	Deletion	43
2R	18028650	18028585	Deletion	65
2R	18028653	18028585	Deletion	68
2R	18028660	18028585	Deletion	75
2R	18028663	18028585	Deletion	78
2R	18031317	18031213	Deletion	104
2R	18031317	18031223	Deletion	94
2R	18031317	18031236	Deletion	81
2R	18031317	18031236	Deletion	81
2R	18031317	18031244	Deletion	73
2R	18031317	18031245	Deletion	72
2R	18031826	18031794	Deletion	32
2R	18031847	18031794	Deletion	53
2R	18031839	18031794	Deletion	45
2R	18031848	18031794	Deletion	54
2R	18031839	18031794	Deletion	45
2R	18036576	18036452	Deletion	124
2R	18036576	18036484	Deletion	92
2R	18036576	18036484	Deletion	92
2R	18036576	18036500	Deletion	76
2R	18036576	18036520	Deletion	56
2R	18036576	18036521	Deletion	55
2R	18036576	18036527	Deletion	49
2R	18036576	18036528	Deletion	48
2R	18040600	18040550	Deletion	50
2R	18040627	18040550	Deletion	77
2R	18040620	18040550	Deletion	70
2R	18040621	18040550	Deletion	71
2R	18040652	18040550	Deletion	102
2R	18040584	18040550	Deletion	34
2R	18040628	18040550	Deletion	78
2R	18045973	18045918	Deletion	55
2R	18049081	18048978	Deletion	103
2R	18049081	18048999	Deletion	82
2R	18049081	18049003	Deletion	78
2R	18049081	18049021	Deletion	60
2R	18049081	18049036	Deletion	45
2R	18049081	18049037	Deletion	44
2R	18049081	18049038	Deletion	43
2R	18049459	18049344	Deletion	115
2R	18049391	18049344	Deletion	47
2R	18049413	18049344	Deletion	69
2R	18049430	18049344	Deletion	86
2R	18049428	18049344	Deletion	84
2R	18049429	18049344	Deletion	85
2R	18049395	18049344	Deletion	51
2R	18081220	18081099	Deletion	121
2R	18081202	18081099	Deletion	103
2R	18081166	18081099	Deletion	67
2R	18081213	18081099	Deletion	114
2R	18083325	18083212	Deletion	113
2R	18083325	18083242	Deletion	83
2R	18083421	18083375	Deletion	46
2R	18083477	18083375	Deletion	102
2R	18083419	18083375	Deletion	44
2R	18083405	18083375	Deletion	30
2R	18086203	18086102	Deletion	101
2R	18086203	18086165	Deletion	38
2R	18086735	18086643	Deletion	92
2R	18086759	18086643	Deletion	116
2R	18086746	18086643	Deletion	103
2R	18086764	18086643	Deletion	121
2R	18086757	18086643	Deletion	114
2R	18086760	18086643	Deletion	117
2R	18087964	18087904	Deletion	60
2R	18088147	18088044	Deletion	103
2R	18088117	18088044	Deletion	73
2R	18094937	18094814	Deletion	123
2R	18094937	18094824	Deletion	113
2R	18094937	18094882	Deletion	55
2R	18106023	18105915	Deletion	108
2R	18105986	18105915	Deletion	71
2R	18120113	18119991	Deletion	122
2R	18120113	18120027	Deletion	86
2R	18120113	18120043	Deletion	70
2R	18122810	18122693	Deletion	117
2R	18122749	18122693	Deletion	56
2R	18122733	18122693	Deletion	40
2R	18129071	18128971	Deletion	100
2R	18129071	18128975	Deletion	96
2R	18129071	18128984	Deletion	87
2R	18129071	18128985	Deletion	86
2R	18129071	18129006	Deletion	65
2R	18129071	18129018	Deletion	53
2R	18129071	18129024	Deletion	47
2R	18129071	18129033	Deletion	38
2R	18136253	18136223	Deletion	30
2R	18136284	18136223	Deletion	61
2R	18136302	18136223	Deletion	79
2R	18136262	18136223	Deletion	39
2R	18136311	18136223	Deletion	88
2R	18136296	18136223	Deletion	73
2R	18136263	18136223	Deletion	40
2R	18141581	18141465	Deletion	116
2R	18141581	18141468	Deletion	113
2R	18141581	18141507	Deletion	74
2R	18141581	18141514	Deletion	67
2R	18147195	18147080	Deletion	115
2R	18147139	18147080	Deletion	59
2R	18147132	18147080	Deletion	52
2R	18153468	18153351	Deletion	117
2R	18178248	18178140	Deletion	108
2R	18178248	18178144	Deletion	104
2R	18178248	18178156	Deletion	92
2R	18178248	18178165	Deletion	83
2R	18178248	18178166	Deletion	82
2R	18178248	18178179	Deletion	69
2R	18178248	18178187	Deletion	61
2R	18179078	18179021	Deletion	57
2R	18179055	18179021	Deletion	34
2R	18179065	18179021	Deletion	44
2R	18179064	18179021	Deletion	43
2R	18179141	18179021	Deletion	120
2R	18179086	18179021	Deletion	65
2R	18180978	18180862	Deletion	116
2R	18180978	18180865	Deletion	113
2R	18180978	18180873	Deletion	105
2R	18180978	18180881	Deletion	97
2R	18180978	18180906	Deletion	72
2R	18180978	18180927	Deletion	51
2R	18181858	18181747	Deletion	111
2R	18181846	18181747	Deletion	99
2R	18181848	18181747	Deletion	101
2R	18181823	18181747	Deletion	76
2R	18181777	18181747	Deletion	30
2R	18181802	18181747	Deletion	55
2R	18181852	18181747	Deletion	105
2R	18190201	18190089	Deletion	112
2R	18190201	18190100	Deletion	101
2R	18190201	18190120	Deletion	81
2R	18190201	18190150	Deletion	51
2R	18190201	18190160	Deletion	41
2R	18190372	18190273	Deletion	99
2R	18190385	18190273	Deletion	112
2R	18190358	18190273	Deletion	85
2R	18190394	18190273	Deletion	121
2R	18190348	18190273	Deletion	75
2R	18190318	18190273	Deletion	45
2R	18190391	18190273	Deletion	118
2R	18206370	18206249	Deletion	121
2R	18211566	18211535	Deletion	31
2R	18211713	18211618	Deletion	95
2R	18220894	18220774	Deletion	120
2R	18220894	18220787	Deletion	107
2R	18220894	18220791	Deletion	103
2R	18220894	18220801	Deletion	93
2R	18220894	18220847	Deletion	47
2R	18221027	18220947	Deletion	80
2R	18220981	18220947	Deletion	34
2R	18223037	18222917	Deletion	120
2R	18223037	18222937	Deletion	100
2R	18223037	18222946	Deletion	91
2R	18223037	18222974	Deletion	63
2R	18223037	18222982	Deletion	55
2R	18223037	18222997	Deletion	40
2R	18223037	18223000	Deletion	37
2R	18223037	18223005	Deletion	32
2R	18238244	18238172	Deletion	72
2R	18238208	18238172	Deletion	36
2R	18238262	18238172	Deletion	90
2R	18238259	18238172	Deletion	87
2R	18238267	18238172	Deletion	95
2R	18238236	18238172	Deletion	64
2R	18238275	18238172	Deletion	103
2R	18241490	18241370	Deletion	120
2R	18241490	18241376	Deletion	114
2R	18241490	18241387	Deletion	103
2R	18241490	18241397	Deletion	93
2R	18241490	18241413	Deletion	77
2R	18241490	18241421	Deletion	69
2R	18250742	18250692	Deletion	50
2R	18250799	18250692	Deletion	107
2R	18250726	18250692	Deletion	34
2R	18250804	18250692	Deletion	112
2R	18250795	18250692	Deletion	103
2R	18250750	18250692	Deletion	58
2R	18253266	18253168	Deletion	98
2R	18253266	18253184	Deletion	82
2R	18253266	18253201	Deletion	65
2R	18253266	18253231	Deletion	35
2R	18262093	18261978	Deletion	115
2R	18262096	18261978	Deletion	118
2R	18262070	18261978	Deletion	92
2R	18262040	18261978	Deletion	62
2R	18262023	18261978	Deletion	45
2R	18263895	18263776	Deletion	119
2R	18276898	18276777	Deletion	121
2R	18276898	18276781	Deletion	117
2R	18276898	18276805	Deletion	93
2R	18276898	18276806	Deletion	92
2R	18276898	18276839	Deletion	59
2R	18277710	18277595	Deletion	115
2R	18277662	18277595	Deletion	67
2R	18277629	18277595	Deletion	34
2R	18277710	18277595	Deletion	115
2R	18277698	18277595	Deletion	103
2R	18277628	18277595	Deletion	33
2R	18296754	18296661	Deletion	93
2R	18296754	18296703	Deletion	51
2R	18296754	18296708	Deletion	46
2R	18296754	18296711	Deletion	43
2R	18298192	18298108	Deletion	84
2R	18298142	18298108	Deletion	34
2R	18298189	18298108	Deletion	81
2R	18298184	18298108	Deletion	76
2R	18304129	18304017	Deletion	112
2R	18304129	18304044	Deletion	85
2R	18304129	18304049	Deletion	80
2R	18305793	18305746	Deletion	47
2R	18305788	18305746	Deletion	42
2R	18305844	18305746	Deletion	98
2R	18334788	18334678	Deletion	110
2R	18334788	18334680	Deletion	108
2R	18334788	18334686	Deletion	102
2R	18334788	18334709	Deletion	79
2R	18334788	18334710	Deletion	78
2R	18334788	18334713	Deletion	75
2R	18334788	18334746	Deletion	42
2R	18334788	18334751	Deletion	37
2R	18339262	18339146	Deletion	116
2R	18339236	18339146	Deletion	90
2R	18339198	18339146	Deletion	52
2R	18339231	18339146	Deletion	85
2R	18339255	18339146	Deletion	109
2R	18339194	18339146	Deletion	48
2R	18339195	18339146	Deletion	49
2R	18342182	18342092	Deletion	90
2R	18342182	18342097	Deletion	85
2R	18342182	18342102	Deletion	80
2R	18342182	18342102	Deletion	80
2R	18342182	18342106	Deletion	76
2R	18342182	18342108	Deletion	74
2R	18342182	18342144	Deletion	38
2R	18342182	18342149	Deletion	33
2R	18343417	18343371	Deletion	46
2R	18343464	18343371	Deletion	93
2R	18343421	18343371	Deletion	50
2R	18343417	18343371	Deletion	46
2R	18343412	18343371	Deletion	41
2R	18343423	18343371	Deletion	52
2R	18343407	18343371	Deletion	36
2R	18343459	18343371	Deletion	88
2R	18350071	18349961	Deletion	110
2R	18350071	18349967	Deletion	104
2R	18350071	18350007	Deletion	64
2R	18350071	18350028	Deletion	43
2R	18360220	18360101	Deletion	119
2R	18361093	18361016	Deletion	77
2R	18362865	18362744	Deletion	121
2R	18363097	18363040	Deletion	57
2R	18363097	18363047	Deletion	50
2R	18364576	18364523	Deletion	53
2R	18366253	18366185	Deletion	68
2R	18366557	18366464	Deletion	93
2R	18367287	18367187	Deletion	100
2R	18368660	18368601	Deletion	59
2R	18371103	18371003	Deletion	100
2R	18371160	18371119	Deletion	41
2R	18373385	18373268	Deletion	117
2R	18373385	18373287	Deletion	98
2R	18373385	18373288	Deletion	97
2R	18373385	18373289	Deletion	96
2R	18373385	18373295	Deletion	90
2R	18373385	18373310	Deletion	75
2R	18373385	18373313	Deletion	72
2R	18373385	18373319	Deletion	66
2R	18373385	18373319	Deletion	66
2R	18373385	18373340	Deletion	45
2R	18373385	18373354	Deletion	31
2R	18416475	18416374	Deletion	101
2R	18416456	18416374	Deletion	82
2R	18416429	18416374	Deletion	55
2R	18416405	18416374	Deletion	31
2R	18416435	18416374	Deletion	61
2R	18416470	18416374	Deletion	96
2R	18416435	18416374	Deletion	61
2R	18416426	18416374	Deletion	52
2R	18416483	18416374	Deletion	109
2R	18416411	18416374	Deletion	37
2R	18416591	18416466	Deletion	125
2R	18418623	18418549	Deletion	74
2R	18418623	18418571	Deletion	52
2R	18428696	18428644	Deletion	52
2R	18428748	18428644	Deletion	104
2R	18428751	18428644	Deletion	107
2R	18428718	18428644	Deletion	74
2R	18428763	18428644	Deletion	119
2R	18428749	18428644	Deletion	105
2R	18435358	18435245	Deletion	113
2R	18435358	18435259	Deletion	99
2R	18435358	18435298	Deletion	60
2R	18435358	18435311	Deletion	47
2R	18435358	18435315	Deletion	43
2R	18436968	18436884	Deletion	84
2R	18436951	18436884	Deletion	67
2R	18436964	18436884	Deletion	80
2R	18440434	18440315	Deletion	119
2R	18447771	18447656	Deletion	115
2R	18447771	18447670	Deletion	101
2R	18447771	18447731	Deletion	40
2R	18447922	18447834	Deletion	88
2R	18456562	18456440	Deletion	122
2R	18461789	18461672	Deletion	117
2R	18461789	18461696	Deletion	93
2R	18461789	18461715	Deletion	74
2R	18461789	18461727	Deletion	62
2R	18461789	18461730	Deletion	59
2R	18488131	18488075	Deletion	56
2R	18492108	18492027	Deletion	81
2R	18493028	18492979	Deletion	49
2R	18495143	18495082	Deletion	61
2R	18516085	18515963	Deletion	122
2R	18521941	18521821	Deletion	120
2R	18521941	18521833	Deletion	108
2R	18521941	18521855	Deletion	86
2R	18521941	18521862	Deletion	79
2R	18521941	18521881	Deletion	60
2R	18521941	18521888	Deletion	53
2R	18522477	18522437	Deletion	40
2R	18522503	18522437	Deletion	66
2R	18522510	18522437	Deletion	73
2R	18522551	18522437	Deletion	114
2R	18522484	18522437	Deletion	47
2R	18525464	18525349	Deletion	115
2R	18555727	18555606	Deletion	121
2R	18560009	18559935	Deletion	74
2R	18560009	18559943	Deletion	66
2R	18561890	18561766	Deletion	124
2R	18561864	18561766	Deletion	98
2R	18561819	18561766	Deletion	53
2R	18561876	18561766	Deletion	110
2R	18561828	18561766	Deletion	62
2R	18566960	18566848	Deletion	112
2R	18566960	18566896	Deletion	64
2R	18567098	18567035	Deletion	63
2R	18567147	18567035	Deletion	112
2R	18567805	18567682	Deletion	123
2R	18570227	18570117	Deletion	110
2R	18575364	18575255	Deletion	109
2R	18575359	18575256	Deletion	103
2R	18575364	18575256	Deletion	108
2R	18575355	18575256	Deletion	99
2R	18575356	18575256	Deletion	100
2R	18575364	18575294	Deletion	70
2R	18575364	18575301	Deletion	63
2R	18575617	18575562	Deletion	55
2R	18575619	18575562	Deletion	57
2R	18575617	18575583	Deletion	34
2R	18576445	18576328	Deletion	117
2R	18580687	18580614	Deletion	73
2R	18580977	18580891	Deletion	86
2R	18581139	18581086	Deletion	53
2R	18583924	18583830	Deletion	94
2R	18587048	18586929	Deletion	119
2R	18587048	18586992	Deletion	56
2R	18587048	18586999	Deletion	49
2R	18588214	18588101	Deletion	113
2R	18588172	18588101	Deletion	71
2R	18588179	18588101	Deletion	78
2R	18593246	18593176	Deletion	70
2R	18593856	18593775	Deletion	81
2R	18597393	18597329	Deletion	64
2R	18597672	18597627	Deletion	45
2R	18598686	18598564	Deletion	122
2R	18599127	18599055	Deletion	72
2R	18599127	18599055	Deletion	72
2R	18609404	18609300	Deletion	104
2R	18609404	18609365	Deletion	39
2R	18631280	18631163	Deletion	117
2R	18631251	18631163	Deletion	88
2R	18633560	18633443	Deletion	117
2R	18633560	18633444	Deletion	116
2R	18633560	18633480	Deletion	80
2R	18633560	18633480	Deletion	80
2R	18633560	18633513	Deletion	47
2R	18633560	18633514	Deletion	46
2R	18633560	18633517	Deletion	43
2R	18633560	18633522	Deletion	38
2R	18633701	18633618	Deletion	83
2R	18633706	18633618	Deletion	88
2R	18633718	18633618	Deletion	100
2R	18633698	18633618	Deletion	80
2R	18633664	18633618	Deletion	46
2R	18633664	18633618	Deletion	46
2R	18633697	18633618	Deletion	79
2R	18640601	18640482	Deletion	119
2R	18654069	18653947	Deletion	122
2R	18657500	18657378	Deletion	122
2R	18660960	18660841	Deletion	119
2R	18660960	18660857	Deletion	103
2R	18660960	18660859	Deletion	101
2R	18660960	18660867	Deletion	93
2R	18660960	18660870	Deletion	90
2R	18660960	18660897	Deletion	63
2R	18660960	18660905	Deletion	55
2R	18660960	18660907	Deletion	53
2R	18661327	18661256	Deletion	71
2R	18661357	18661256	Deletion	101
2R	18661319	18661256	Deletion	63
2R	18661371	18661256	Deletion	115
2R	18661292	18661256	Deletion	36
2R	18661329	18661256	Deletion	73
2R	18661289	18661256	Deletion	33
2R	18661824	18661706	Deletion	118
2R	18661824	18661784	Deletion	40
2R	18661824	18661794	Deletion	30
2R	18662381	18662264	Deletion	117
2R	18662352	18662264	Deletion	88
2R	18662362	18662264	Deletion	98
2R	18681304	18681182	Deletion	122
2R	18682335	18682222	Deletion	113
2R	18682335	18682228	Deletion	107
2R	18682335	18682239	Deletion	96
2R	18682335	18682245	Deletion	90
2R	18682335	18682264	Deletion	71
2R	18682335	18682279	Deletion	56
2R	18682335	18682284	Deletion	51
2R	18682335	18682304	Deletion	31
2R	18689070	18689040	Deletion	30
2R	18689115	18689040	Deletion	75
2R	18689095	18689040	Deletion	55
2R	18689076	18689040	Deletion	36
2R	18689135	18689040	Deletion	95
2R	18689110	18689040	Deletion	70
2R	18699904	18699782	Deletion	122
2R	18699904	18699788	Deletion	116
2R	18699904	18699798	Deletion	106
2R	18699904	18699829	Deletion	75
2R	18713718	18713601	Deletion	117
2R	18713652	18713601	Deletion	51
2R	18713714	18713601	Deletion	113
2R	18743271	18743156	Deletion	115
2R	18743271	18743167	Deletion	104
2R	18743271	18743184	Deletion	87
2R	18743271	18743225	Deletion	46
2R	18743271	18743229	Deletion	42
2R	18743425	18743341	Deletion	84
2R	18743421	18743341	Deletion	80
2R	18743380	18743341	Deletion	39
2R	18755792	18755669	Deletion	123
2R	18761392	18761268	Deletion	124
2R	18766495	18766394	Deletion	101
2R	18766495	18766401	Deletion	94
2R	18766495	18766410	Deletion	85
2R	18766495	18766427	Deletion	68
2R	18766495	18766448	Deletion	47
2R	18766495	18766462	Deletion	33
2R	18766495	18766465	Deletion	30
2R	18766808	18766759	Deletion	49
2R	18766792	18766759	Deletion	33
2R	18766801	18766759	Deletion	42
2R	18766808	18766759	Deletion	49
2R	18766808	18766759	Deletion	49
2R	18766808	18766759	Deletion	49
2R	18767443	18767412	Deletion	31
2R	18767457	18767412	Deletion	45
2R	18767531	18767412	Deletion	119
2R	18767460	18767412	Deletion	48
2R	18769270	18769153	Deletion	117
2R	18772744	18772620	Deletion	124
2R	18772744	18772643	Deletion	101
2R	18772744	18772660	Deletion	84
2R	18772744	18772662	Deletion	82
2R	18772744	18772663	Deletion	81
2R	18772744	18772698	Deletion	46
2R	18772744	18772698	Deletion	46
2R	18772744	18772701	Deletion	43
2R	18772904	18772795	Deletion	109
2R	18772878	18772795	Deletion	83
2R	18772875	18772795	Deletion	80
2R	18772840	18772795	Deletion	45
2R	18772903	18772795	Deletion	108
2R	18772839	18772795	Deletion	44
2R	18772875	18772795	Deletion	80
2R	18772837	18772795	Deletion	42
2R	18772893	18772798	Deletion	95
2R	18777227	18777106	Deletion	121
2R	18778160	18778067	Deletion	93
2R	18778160	18778079	Deletion	81
2R	18778160	18778105	Deletion	55
2R	18778160	18778108	Deletion	52
2R	18778160	18778110	Deletion	50
2R	18791131	18791098	Deletion	33
2R	18791172	18791098	Deletion	74
2R	18791169	18791098	Deletion	71
2R	18791143	18791098	Deletion	45
2R	18791200	18791098	Deletion	102
2R	18791174	18791098	Deletion	76
2R	18792609	18792486	Deletion	123
2R	18802169	18802086	Deletion	83
2R	18802169	18802100	Deletion	69
2R	18802169	18802105	Deletion	64
2R	18802169	18802119	Deletion	50
2R	18802169	18802126	Deletion	43
2R	18802169	18802131	Deletion	38
2R	18802169	18802135	Deletion	34
2R	18802332	18802243	Deletion	89
2R	18802327	18802243	Deletion	84
2R	18802320	18802243	Deletion	77
2R	18802306	18802243	Deletion	63
2R	18802336	18802243	Deletion	93
2R	18802287	18802243	Deletion	44
2R	18802301	18802243	Deletion	58
2R	18805021	18804901	Deletion	120
2R	18805021	18804904	Deletion	117
2R	18805021	18804931	Deletion	90
2R	18805021	18804940	Deletion	81
2R	18805021	18804985	Deletion	36
2R	18805021	18804990	Deletion	31
2R	18805218	18805098	Deletion	120
2R	18805203	18805098	Deletion	105
2R	18805203	18805098	Deletion	105
2R	18805203	18805098	Deletion	105
2R	18805134	18805098	Deletion	36
2R	18805193	18805098	Deletion	95
2R	18805143	18805098	Deletion	45
2R	18805188	18805098	Deletion	90
2R	18811266	18811146	Deletion	120
2R	18811266	18811151	Deletion	115
2R	18811266	18811165	Deletion	101
2R	18811266	18811179	Deletion	87
2R	18811266	18811204	Deletion	62
2R	18811266	18811208	Deletion	58
2R	18811266	18811233	Deletion	33
2R	18815523	18815422	Deletion	101
2R	18815462	18815422	Deletion	40
2R	18815487	18815422	Deletion	65
2R	18815491	18815422	Deletion	69
2R	18815516	18815422	Deletion	94
2R	18821638	18821515	Deletion	123
2R	18821638	18821518	Deletion	120
2R	18821638	18821550	Deletion	88
2R	18821638	18821560	Deletion	78
2R	18821638	18821603	Deletion	35
2R	18824338	18824300	Deletion	38
2R	18824348	18824300	Deletion	48
2R	18824391	18824300	Deletion	91
2R	18844682	18844563	Deletion	119
2R	18844682	18844591	Deletion	91
2R	18844682	18844596	Deletion	86
2R	18844682	18844645	Deletion	37
2R	18845432	18845326	Deletion	106
2R	18845416	18845326	Deletion	90
2R	18845447	18845326	Deletion	121
2R	18845428	18845326	Deletion	102
2R	18845367	18845326	Deletion	41
2R	18845362	18845326	Deletion	36
2R	18845440	18845326	Deletion	114
2R	18858613	18858492	Deletion	121
2R	18858613	18858521	Deletion	92
2R	18867690	18867587	Deletion	103
2R	18867690	18867643	Deletion	47
2R	18867690	18867649	Deletion	41
2R	18867821	18867742	Deletion	79
2R	18867827	18867742	Deletion	85
2R	18867846	18867742	Deletion	104
2R	18867859	18867742	Deletion	117
2R	18876529	18876412	Deletion	117
2R	18876529	18876417	Deletion	112
2R	18876529	18876436	Deletion	93
2R	18876529	18876454	Deletion	75
2R	18876529	18876458	Deletion	71
2R	18876529	18876467	Deletion	62
2R	18876529	18876478	Deletion	51
2R	18876693	18876642	Deletion	51
2R	18876706	18876642	Deletion	64
2R	18876717	18876642	Deletion	75
2R	18876675	18876642	Deletion	33
2R	18876697	18876642	Deletion	55
2R	18902172	18902059	Deletion	113
2R	18902172	18902077	Deletion	95
2R	18902172	18902087	Deletion	85
2R	18902172	18902105	Deletion	67
2R	18902172	18902114	Deletion	58
2R	18902172	18902119	Deletion	53
2R	18902172	18902123	Deletion	49
2R	18902172	18902129	Deletion	43
2R	18902172	18902131	Deletion	41
2R	18905882	18905823	Deletion	59
2R	18905939	18905823	Deletion	116
2R	18905891	18905823	Deletion	68
2R	18905906	18905823	Deletion	83
2R	18905854	18905823	Deletion	31
2R	18905896	18905823	Deletion	73
2R	18905864	18905823	Deletion	41
2R	18905932	18905823	Deletion	109
2R	18905908	18905823	Deletion	85
2R	18905900	18905823	Deletion	77
2R	18910576	18910459	Deletion	117
2R	18910576	18910495	Deletion	81
2R	18910576	18910513	Deletion	63
2R	18910576	18910519	Deletion	57
2R	18910576	18910544	Deletion	32
2R	18920199	18920103	Deletion	96
2R	18920174	18920103	Deletion	71
2R	18920150	18920103	Deletion	47
2R	18920168	18920103	Deletion	65
2R	18920965	18920852	Deletion	113
2R	18920965	18920880	Deletion	85
2R	18925339	18925295	Deletion	44
2R	18939000	18938904	Deletion	96
2R	18939000	18938958	Deletion	42
2R	18939000	18938964	Deletion	36
2R	18943638	18943535	Deletion	103
2R	18943620	18943535	Deletion	85
2R	18943566	18943535	Deletion	31
2R	18943634	18943535	Deletion	99
2R	18943626	18943535	Deletion	91
2R	18943633	18943535	Deletion	98
2R	18974790	18974669	Deletion	121
2R	18999450	18999326	Deletion	124
2R	18999450	18999334	Deletion	116
2R	18999450	18999390	Deletion	60
2R	19005566	19005500	Deletion	66
2R	19005612	19005500	Deletion	112
2R	19005605	19005500	Deletion	105
2R	19026097	19025973	Deletion	124
2R	19026097	19026020	Deletion	77
2R	19026097	19026066	Deletion	31
2R	19026322	19026198	Deletion	124
2R	19026299	19026198	Deletion	101
2R	19026303	19026198	Deletion	105
2R	19026247	19026198	Deletion	49
2R	19026293	19026198	Deletion	95
2R	19027987	19027903	Deletion	84
2R	19027987	19027939	Deletion	48
2R	19028477	19028435	Deletion	42
2R	19028555	19028435	Deletion	120
2R	19028513	19028435	Deletion	78
2R	19031869	19031781	Deletion	88
2R	19031869	19031782	Deletion	87
2R	19031869	19031813	Deletion	56
2R	19031869	19031826	Deletion	43
2R	19031869	19031832	Deletion	37
2R	19031869	19031833	Deletion	36
2R	19031869	19031839	Deletion	30
2R	19037151	19037061	Deletion	90
2R	19037181	19037061	Deletion	120
2R	19037157	19037061	Deletion	96
2R	19037144	19037061	Deletion	83
2R	19037150	19037061	Deletion	89
2R	19037131	19037061	Deletion	70
2R	19037099	19037061	Deletion	38
2R	19037100	19037061	Deletion	39
2R	19054118	19053999	Deletion	119
2R	19069258	19069139	Deletion	119
2R	19069258	19069174	Deletion	84
2R	19069258	19069176	Deletion	82
2R	19069258	19069179	Deletion	79
2R	19069258	19069185	Deletion	73
2R	19069258	19069208	Deletion	50
2R	19069258	19069213	Deletion	45
2R	19069258	19069216	Deletion	42
2R	19070692	19070606	Deletion	86
2R	19070684	19070606	Deletion	78
2R	19070652	19070606	Deletion	46
2R	19070689	19070606	Deletion	83
2R	19070728	19070606	Deletion	122
2R	19070655	19070606	Deletion	49
2R	19070650	19070606	Deletion	44
2R	19070729	19070606	Deletion	123
2R	19070661	19070606	Deletion	55
2R	19073713	19073605	Deletion	108
2R	19073713	19073608	Deletion	105
2R	19073713	19073634	Deletion	79
2R	19073713	19073636	Deletion	77
2R	19081962	19081848	Deletion	114
2R	19081896	19081848	Deletion	48
2R	19081898	19081848	Deletion	50
2R	19082200	19082077	Deletion	123
2R	19083405	19083281	Deletion	124
2R	19083405	19083297	Deletion	108
2R	19085424	19085313	Deletion	111
2R	19090250	19090159	Deletion	91
2R	19090250	19090162	Deletion	88
2R	19090250	19090166	Deletion	84
2R	19090250	19090184	Deletion	66
2R	19090250	19090189	Deletion	61
2R	19090250	19090220	Deletion	30
2R	19092704	19092639	Deletion	65
2R	19092735	19092639	Deletion	96
2R	19092677	19092639	Deletion	38
2R	19092750	19092639	Deletion	111
2R	19092681	19092639	Deletion	42
2R	19092674	19092639	Deletion	35
2R	19092699	19092639	Deletion	60
2R	19130025	19129902	Deletion	123
2R	19132850	19132728	Deletion	122
2R	19134706	19134595	Deletion	111
2R	19134706	19134642	Deletion	64
2R	19134706	19134655	Deletion	51
2R	19135084	19135009	Deletion	75
2R	19135111	19135009	Deletion	102
2R	19135071	19135009	Deletion	62
2R	19135128	19135009	Deletion	119
2R	19146017	19145896	Deletion	121
2R	19146199	19146101	Deletion	98
2R	19146199	19146108	Deletion	91
2R	19148056	19148024	Deletion	32
2R	19148063	19148024	Deletion	39
2R	19154728	19154614	Deletion	114
2R	19154728	19154636	Deletion	92
2R	19154728	19154652	Deletion	76
2R	19154728	19154678	Deletion	50
2R	19154728	19154679	Deletion	49
2R	19154728	19154688	Deletion	40
2R	19154830	19154780	Deletion	50
2R	19154814	19154780	Deletion	34
2R	19154867	19154780	Deletion	87
2R	19154856	19154780	Deletion	76
2R	19154857	19154780	Deletion	77
2R	19154895	19154780	Deletion	115
2R	19162181	19162134	Deletion	47
2R	19164154	19164046	Deletion	108
2R	19164126	19164046	Deletion	80
2R	19166883	19166777	Deletion	106
2R	19166883	19166835	Deletion	48
2R	19169747	19169669	Deletion	78
2R	19178259	19178138	Deletion	121
2R	19178259	19178151	Deletion	108
2R	19178259	19178182	Deletion	77
2R	19178259	19178203	Deletion	56
2R	19178259	19178206	Deletion	53
2R	19178259	19178207	Deletion	52
2R	19178259	19178208	Deletion	51
2R	19191325	19191246	Deletion	79
2R	19191322	19191246	Deletion	76
2R	19191327	19191246	Deletion	81
2R	19191369	19191246	Deletion	123
2R	19191301	19191246	Deletion	55
2R	19191326	19191246	Deletion	80
2R	19194249	19194156	Deletion	93
2R	19194252	19194192	Deletion	60
2R	19197306	19197240	Deletion	66
2R	19197270	19197240	Deletion	30
2R	19206709	19206610	Deletion	99
2R	19206709	19206640	Deletion	69
2R	19208469	19208412	Deletion	57
2R	19228725	19228604	Deletion	121
2R	19237022	19236901	Deletion	121
2R	19237022	19236908	Deletion	114
2R	19237022	19236954	Deletion	68
2R	19237022	19236957	Deletion	65
2R	19237022	19236964	Deletion	58
2R	19237022	19236992	Deletion	30
2R	19248812	19248754	Deletion	58
2R	19248815	19248754	Deletion	61
2R	19248822	19248754	Deletion	68
2R	19248852	19248754	Deletion	98
2R	19248850	19248754	Deletion	96
2R	19251146	19251028	Deletion	118
2R	19251146	19251034	Deletion	112
2R	19251146	19251060	Deletion	86
2R	19251146	19251105	Deletion	41
2R	19260119	19260033	Deletion	86
2R	19260074	19260033	Deletion	41
2R	19260156	19260033	Deletion	123
2R	19284893	19284796	Deletion	97
2R	19288405	19288287	Deletion	118
2R	19288405	19288319	Deletion	86
2R	19288405	19288373	Deletion	32
2R	19292083	19291985	Deletion	98
2R	19292095	19291985	Deletion	110
2R	19292025	19291985	Deletion	40
2R	19292079	19291985	Deletion	94
2R	19306473	19306349	Deletion	124
2R	19306473	19306372	Deletion	101
2R	19306473	19306395	Deletion	78
2R	19306473	19306401	Deletion	72
2R	19306473	19306415	Deletion	58
2R	19306727	19306672	Deletion	55
2R	19306780	19306672	Deletion	108
2R	19306741	19306672	Deletion	69
2R	19306721	19306672	Deletion	49
2R	19315857	19315734	Deletion	123
2R	19325769	19325662	Deletion	107
2R	19325769	19325717	Deletion	52
2R	19325769	19325723	Deletion	46
2R	19333389	19333288	Deletion	101
2R	19333362	19333288	Deletion	74
2R	19333368	19333288	Deletion	80
2R	19333383	19333288	Deletion	95
2R	19333382	19333294	Deletion	88
2R	19333383	19333299	Deletion	84
2R	19333383	19333306	Deletion	77
2R	19333383	19333310	Deletion	73
2R	19333478	19333436	Deletion	42
2R	19333489	19333436	Deletion	53
2R	19333473	19333436	Deletion	37
2R	19333485	19333436	Deletion	49
2R	19344540	19344463	Deletion	77
2R	19344540	19344491	Deletion	49
2R	19344540	19344497	Deletion	43
2R	19344540	19344502	Deletion	38
2R	19344889	19344805	Deletion	84
2R	19344894	19344805	Deletion	89
2R	19344883	19344805	Deletion	78
2R	19344855	19344805	Deletion	50
2R	19347258	19347149	Deletion	109
2R	19347258	19347149	Deletion	109
2R	19347258	19347151	Deletion	107
2R	19347258	19347158	Deletion	100
2R	19347258	19347168	Deletion	90
2R	19347258	19347214	Deletion	44
2R	19347258	19347215	Deletion	43
2R	19347258	19347216	Deletion	42
2R	19347258	19347219	Deletion	39
2R	19347258	19347223	Deletion	35
2R	19348224	19348137	Deletion	87
2R	19348176	19348137	Deletion	39
2R	19348222	19348137	Deletion	85
2R	19348232	19348137	Deletion	95
2R	19348231	19348137	Deletion	94
2R	19348223	19348137	Deletion	86
2R	19348227	19348137	Deletion	90
2R	19378149	19378032	Deletion	117
2R	19378149	19378034	Deletion	115
2R	19378149	19378048	Deletion	101
2R	19378149	19378082	Deletion	67
2R	19381511	19381452	Deletion	59
2R	19387634	19387546	Deletion	88
2R	19387634	19387559	Deletion	75
2R	19387634	19387565	Deletion	69
2R	19387634	19387580	Deletion	54
2R	19389133	19389013	Deletion	120
2R	19389066	19389013	Deletion	53
2R	19389072	19389013	Deletion	59
2R	19389053	19389013	Deletion	40
2R	19389087	19389013	Deletion	74
2R	19389122	19389013	Deletion	109
2R	19394606	19394541	Deletion	65
2R	19401282	19401166	Deletion	116
2R	19401227	19401166	Deletion	61
2R	19401276	19401166	Deletion	110
2R	19403817	19403694	Deletion	123
2R	19403817	19403756	Deletion	61
2R	19403817	19403758	Deletion	59
2R	19404212	19404146	Deletion	66
2R	19404214	19404146	Deletion	68
2R	19414345	19414269	Deletion	76
2R	19417609	19417559	Deletion	50
2R	19417681	19417559	Deletion	122
2R	19436051	19435958	Deletion	93
2R	19436051	19435991	Deletion	60
2R	19436051	19436009	Deletion	42
2R	19436051	19436015	Deletion	36
2R	19436051	19436015	Deletion	36
2R	19436226	19436160	Deletion	66
2R	19436193	19436160	Deletion	33
2R	19436244	19436160	Deletion	84
2R	19436250	19436160	Deletion	90
2R	19436250	19436160	Deletion	90
2R	19445716	19445609	Deletion	107
2R	19445716	19445622	Deletion	94
2R	19445716	19445652	Deletion	64
2R	19445716	19445672	Deletion	44
2R	19445716	19445674	Deletion	42
2R	19445716	19445677	Deletion	39
2R	19445716	19445679	Deletion	37
2R	19451555	19451468	Deletion	87
2R	19451568	19451468	Deletion	100
2R	19451552	19451468	Deletion	84
2R	19451500	19451468	Deletion	32
2R	19451550	19451468	Deletion	82
2R	19451530	19451468	Deletion	62
2R	19451557	19451468	Deletion	89
2R	19452932	19452815	Deletion	117
2R	19452932	19452836	Deletion	96
2R	19452932	19452848	Deletion	84
2R	19452932	19452852	Deletion	80
2R	19452932	19452899	Deletion	33
2R	19471986	19471956	Deletion	30
2R	19472002	19471956	Deletion	46
2R	19472062	19471956	Deletion	106
2R	19472049	19471956	Deletion	93
2R	19471998	19471956	Deletion	42
2R	19488361	19488240	Deletion	121
2R	19499759	19499666	Deletion	93
2R	19499759	19499681	Deletion	78
2R	19499759	19499685	Deletion	74
2R	19499759	19499707	Deletion	52
2R	19499759	19499708	Deletion	51
2R	19499759	19499727	Deletion	32
2R	19499926	19499808	Deletion	118
2R	19499842	19499808	Deletion	34
2R	19499857	19499808	Deletion	49
2R	19499903	19499808	Deletion	95
2R	19499861	19499808	Deletion	53
2R	19499919	19499808	Deletion	111
2R	19499883	19499808	Deletion	75
2R	19499884	19499808	Deletion	76
2R	19499931	19499808	Deletion	123
2R	19500386	19500265	Deletion	121
2R	19524527	19524410	Deletion	117
2R	19525472	19525348	Deletion	124
2R	19552096	19551972	Deletion	124
2R	19552096	19551977	Deletion	119
2R	19552096	19552015	Deletion	81
2R	19552096	19552043	Deletion	53
2R	19555284	19555239	Deletion	45
2R	19555312	19555239	Deletion	73
2R	19559478	19559369	Deletion	109
2R	19559478	19559408	Deletion	70
2R	19559478	19559428	Deletion	50
2R	19559478	19559448	Deletion	30
2R	19560222	19560122	Deletion	100
2R	19560218	19560122	Deletion	96
2R	19560178	19560122	Deletion	56
2R	19560198	19560122	Deletion	76
2R	19560231	19560125	Deletion	106
2R	19577877	19577767	Deletion	110
2R	19577877	19577781	Deletion	96
2R	19577877	19577783	Deletion	94
2R	19577877	19577804	Deletion	73
2R	19577877	19577824	Deletion	53
2R	19577877	19577826	Deletion	51
2R	19578089	19578013	Deletion	76
2R	19578087	19578013	Deletion	74
2R	19578046	19578013	Deletion	33
2R	19578044	19578013	Deletion	31
2R	19578067	19578013	Deletion	54
2R	19599146	19599065	Deletion	81
2R	19599146	19599072	Deletion	74
2R	19599146	19599075	Deletion	71
2R	19608560	19608507	Deletion	53
2R	19608553	19608507	Deletion	46
2R	19608680	19608561	Deletion	119
2R	19613098	19613042	Deletion	56
2R	19613135	19613042	Deletion	93
2R	19621193	19621101	Deletion	92
2R	19621193	19621127	Deletion	66
2R	19621193	19621132	Deletion	61
2R	19621193	19621163	Deletion	30
2R	19621411	19621313	Deletion	98
2R	19621380	19621313	Deletion	67
2R	19621375	19621313	Deletion	62
2R	19621434	19621313	Deletion	121
2R	19621349	19621313	Deletion	36
2R	19621419	19621313	Deletion	106
2R	19627491	19627367	Deletion	124
2R	19627491	19627387	Deletion	104
2R	19627491	19627397	Deletion	94
2R	19627491	19627446	Deletion	45
2R	19627975	19627943	Deletion	32
2R	19628042	19627943	Deletion	99
2R	19628024	19627943	Deletion	81
2R	19637793	19637675	Deletion	118
2R	19637793	19637701	Deletion	92
2R	19637793	19637705	Deletion	88
2R	19637793	19637721	Deletion	72
2R	19637793	19637729	Deletion	64
2R	19637793	19637752	Deletion	41
2R	19641514	19641479	Deletion	35
2R	19641542	19641479	Deletion	63
2R	19641534	19641479	Deletion	55
2R	19641518	19641479	Deletion	39
2R	19641565	19641479	Deletion	86
2R	19641580	19641479	Deletion	101
2R	19658189	19658073	Deletion	116
2R	19658191	19658074	Deletion	117
2R	19658191	19658116	Deletion	75
2R	19658191	19658149	Deletion	42
2R	19658769	19658685	Deletion	84
2R	19658736	19658685	Deletion	51
2R	19673166	19673042	Deletion	124
2R	19673166	19673055	Deletion	111
2R	19673166	19673066	Deletion	100
2R	19673166	19673068	Deletion	98
2R	19673166	19673104	Deletion	62
2R	19673166	19673108	Deletion	58
2R	19679144	19679022	Deletion	122
2R	19679087	19679022	Deletion	65
2R	19679091	19679022	Deletion	69
2R	19687890	19687766	Deletion	124
2R	19695333	19695246	Deletion	87
2R	19695333	19695250	Deletion	83
2R	19695333	19695263	Deletion	70
2R	19695333	19695274	Deletion	59
2R	19695333	19695279	Deletion	54
2R	19695333	19695289	Deletion	44
2R	19695333	19695297	Deletion	36
2R	19695856	19695788	Deletion	68
2R	19695832	19695788	Deletion	44
2R	19695828	19695788	Deletion	40
2R	19695879	19695788	Deletion	91
2R	19695871	19695788	Deletion	83
2R	19695845	19695788	Deletion	57
2R	19695861	19695788	Deletion	73
2R	19695895	19695788	Deletion	107
2R	19701603	19701481	Deletion	122
2R	19701603	19701505	Deletion	98
2R	19716312	19716259	Deletion	53
2R	19716990	19716920	Deletion	70
2R	19717652	19717601	Deletion	51
2R	19718160	19718079	Deletion	81
2R	19718160	19718094	Deletion	66
2R	19718705	19718591	Deletion	114
2R	19724707	19724654	Deletion	53
2R	19724707	19724677	Deletion	30
2R	19725085	19724988	Deletion	97
2R	19725062	19724988	Deletion	74
2R	19726376	19726316	Deletion	60
2R	19726376	19726327	Deletion	49
2R	19726376	19726330	Deletion	46
2R	19728776	19728699	Deletion	77
2R	19728765	19728699	Deletion	66
2R	19728779	19728699	Deletion	80
2R	19736389	19736337	Deletion	52
2R	19740313	19740237	Deletion	76
2R	19745514	19745394	Deletion	120
2R	19752957	19752868	Deletion	89
2R	19757219	19757180	Deletion	39
2R	19760639	19760518	Deletion	121
2R	19763581	19763476	Deletion	105
2R	19768971	19768855	Deletion	116
2R	19768971	19768873	Deletion	98
2R	19768971	19768880	Deletion	91
2R	19768971	19768895	Deletion	76
2R	19768971	19768921	Deletion	50
2R	19779823	19779793	Deletion	30
2R	19785137	19785014	Deletion	123
2R	19786882	19786758	Deletion	124
2R	19802673	19802553	Deletion	120
2R	19813034	19812917	Deletion	117
2R	19813034	19812960	Deletion	74
2R	19813034	19812986	Deletion	48
2R	19813034	19812990	Deletion	44
2R	19813034	19812991	Deletion	43
2R	19813034	19812991	Deletion	43
2R	19813216	19813109	Deletion	107
2R	19813192	19813109	Deletion	83
2R	19813161	19813109	Deletion	52
2R	19813191	19813109	Deletion	82
2R	19813192	19813109	Deletion	83
2R	19813187	19813109	Deletion	78
2R	19826121	19826078	Deletion	43
2R	19828606	19828497	Deletion	109
2R	19828580	19828497	Deletion	83
2R	19859012	19858891	Deletion	121
2R	19869739	19869662	Deletion	77
2R	19869739	19869668	Deletion	71
2R	19870788	19870738	Deletion	50
2R	19870853	19870738	Deletion	115
2R	19870794	19870738	Deletion	56
2R	19872917	19872801	Deletion	116
2R	19872917	19872819	Deletion	98
2R	19872917	19872826	Deletion	91
2R	19872917	19872850	Deletion	67
2R	19872917	19872856	Deletion	61
2R	19872917	19872871	Deletion	46
2R	19879026	19878961	Deletion	65
2R	19879071	19878961	Deletion	110
2R	19879020	19878961	Deletion	59
2R	19879083	19878961	Deletion	122
2R	19879041	19878961	Deletion	80
2R	19879059	19878961	Deletion	98
2R	19879071	19878961	Deletion	110
2R	19879081	19878961	Deletion	120
2R	19878996	19878961	Deletion	35
2R	19879630	19879526	Deletion	104
2R	19879630	19879546	Deletion	84
2R	19879630	19879551	Deletion	79
2R	19879630	19879561	Deletion	69
2R	19879630	19879572	Deletion	58
2R	19882519	19882448	Deletion	71
2R	19882498	19882448	Deletion	50
2R	19882508	19882448	Deletion	60
2R	19882493	19882448	Deletion	45
2R	19891076	19890953	Deletion	123
2R	19897800	19897708	Deletion	92
2R	19897800	19897716	Deletion	84
2R	19897800	19897721	Deletion	79
2R	19897800	19897764	Deletion	36
2R	19899681	19899561	Deletion	120
2R	19899603	19899561	Deletion	42
2R	19899672	19899561	Deletion	111
2R	19899595	19899561	Deletion	34
2R	19899685	19899561	Deletion	124
2R	19899608	19899561	Deletion	47
2R	19899651	19899566	Deletion	85
2R	19906493	19906371	Deletion	122
2R	19915431	19915379	Deletion	52
2R	19915424	19915379	Deletion	45
2R	19918137	19918060	Deletion	77
2R	19920319	19920236	Deletion	83
2R	19927277	19927171	Deletion	106
2R	19927277	19927183	Deletion	94
2R	19927277	19927201	Deletion	76
2R	19927277	19927202	Deletion	75
2R	19929105	19929073	Deletion	32
2R	19929124	19929073	Deletion	51
2R	19929193	19929073	Deletion	120
2R	19929123	19929073	Deletion	50
2R	19951496	19951382	Deletion	114
2R	19951496	19951415	Deletion	81
2R	19951496	19951427	Deletion	69
2R	19951496	19951434	Deletion	62
2R	19951496	19951451	Deletion	45
2R	19952048	19952003	Deletion	45
2R	19952060	19952003	Deletion	57
2R	19952067	19952003	Deletion	64
2R	19952118	19952003	Deletion	115
2R	19952084	19952003	Deletion	81
2R	19955180	19955059	Deletion	121
2R	19955180	19955066	Deletion	114
2R	19955180	19955077	Deletion	103
2R	19955180	19955084	Deletion	96
2R	19955180	19955085	Deletion	95
2R	19955180	19955092	Deletion	88
2R	19955180	19955099	Deletion	81
2R	19955180	19955108	Deletion	72
2R	19955180	19955117	Deletion	63
2R	19957524	19957493	Deletion	31
2R	19972439	19972403	Deletion	36
2R	19972514	19972403	Deletion	111
2R	19972453	19972403	Deletion	50
2R	19972438	19972403	Deletion	35
2R	19972446	19972403	Deletion	43
2R	19972462	19972403	Deletion	59
2R	19972471	19972403	Deletion	68
2R	19974011	19973916	Deletion	95
2R	19974011	19973925	Deletion	86
2R	19974011	19973962	Deletion	49
2R	19974011	19973969	Deletion	42
2R	19974149	19974116	Deletion	33
2R	19974232	19974116	Deletion	116
2R	19974195	19974116	Deletion	79
2R	19974217	19974116	Deletion	101
2R	19974158	19974116	Deletion	42
2R	19974202	19974116	Deletion	86
2R	19975648	19975526	Deletion	122
2R	19988281	19988167	Deletion	114
2R	19988281	19988168	Deletion	113
2R	19988281	19988183	Deletion	98
2R	19988281	19988195	Deletion	86
2R	19988281	19988198	Deletion	83
2R	19988281	19988203	Deletion	78
2R	19988281	19988224	Deletion	57
2R	19988281	19988234	Deletion	47
2R	19988895	19988826	Deletion	69
2R	19988940	19988826	Deletion	114
2R	19988874	19988826	Deletion	48
2R	19988905	19988826	Deletion	79
2R	19988866	19988826	Deletion	40
2R	19988869	19988826	Deletion	43
2R	19989568	19989467	Deletion	101
2R	19989568	19989488	Deletion	80
2R	19989568	19989503	Deletion	65
2R	19989568	19989504	Deletion	64
2R	20005400	20005288	Deletion	112
2R	20005396	20005288	Deletion	108
2R	20005334	20005288	Deletion	46
2R	20005349	20005288	Deletion	61
2R	20005350	20005288	Deletion	62
2R	20005402	20005288	Deletion	114
2R	20009121	20008997	Deletion	124
2R	20014802	20014679	Deletion	123
2R	20014802	20014683	Deletion	119
2R	20014802	20014688	Deletion	114
2R	20014802	20014707	Deletion	95
2R	20014802	20014721	Deletion	81
2R	20014802	20014771	Deletion	31
2R	20019813	20019782	Deletion	31
2R	20019892	20019782	Deletion	110
2R	20019827	20019782	Deletion	45
2R	20019880	20019782	Deletion	98
2R	20019877	20019782	Deletion	95
2R	20026264	20026140	Deletion	124
2R	20026264	20026170	Deletion	94
2R	20026264	20026182	Deletion	82
2R	20033921	20033876	Deletion	45
2R	20033976	20033876	Deletion	100
2R	20033909	20033876	Deletion	33
2R	20037223	20037101	Deletion	122
2R	20040700	20040589	Deletion	111
2R	20040700	20040600	Deletion	100
2R	20040700	20040616	Deletion	84
2R	20040700	20040617	Deletion	83
2R	20040700	20040618	Deletion	82
2R	20040698	20040636	Deletion	62
2R	20041000	20040887	Deletion	113
2R	20040930	20040887	Deletion	43
2R	20041010	20040887	Deletion	123
2R	20040950	20040887	Deletion	63
2R	20041000	20040887	Deletion	113
2R	20040931	20040887	Deletion	44
2R	20040932	20040887	Deletion	45
2R	20042719	20042618	Deletion	101
2R	20042719	20042622	Deletion	97
2R	20042719	20042635	Deletion	84
2R	20042719	20042646	Deletion	73
2R	20042719	20042662	Deletion	57
2R	20042719	20042664	Deletion	55
2R	20042719	20042688	Deletion	31
2R	20043757	20043647	Deletion	110
2R	20043700	20043647	Deletion	53
2R	20043718	20043647	Deletion	71
2R	20043716	20043647	Deletion	69
2R	20043742	20043647	Deletion	95
2R	20043689	20043647	Deletion	42
2R	20052383	20052262	Deletion	121
2R	20057292	20057185	Deletion	107
2R	20057292	20057201	Deletion	91
2R	20057292	20057206	Deletion	86
2R	20057292	20057262	Deletion	30
2R	20076354	20076313	Deletion	41
2R	20076349	20076313	Deletion	36
2R	20076410	20076313	Deletion	97
2R	20090227	20090103	Deletion	124
2R	20090227	20090124	Deletion	103
2R	20090227	20090139	Deletion	88
2R	20090227	20090171	Deletion	56
2R	20090323	20090285	Deletion	38
2R	20090355	20090285	Deletion	70
2R	20105196	20105072	Deletion	124
2R	20105196	20105089	Deletion	107
2R	20105196	20105103	Deletion	93
2R	20105196	20105105	Deletion	91
2R	20105196	20105108	Deletion	88
2R	20105196	20105109	Deletion	87
2R	20105196	20105115	Deletion	81
2R	20105196	20105115	Deletion	81
2R	20105196	20105118	Deletion	78
2R	20105196	20105122	Deletion	74
2R	20105196	20105160	Deletion	36
2R	20106121	20106086	Deletion	35
2R	20106138	20106086	Deletion	52
2R	20106208	20106086	Deletion	122
2R	20106125	20106086	Deletion	39
2R	20106134	20106086	Deletion	48
2R	20106199	20106086	Deletion	113
2R	20106176	20106086	Deletion	90
2R	20106124	20106086	Deletion	38
2R	20106205	20106086	Deletion	119
2R	20106131	20106086	Deletion	45
2R	20106119	20106086	Deletion	33
2R	20106131	20106086	Deletion	45
2R	20115574	20115472	Deletion	102
2R	20115574	20115486	Deletion	88
2R	20115574	20115533	Deletion	41
2R	20115736	20115624	Deletion	112
2R	20115709	20115624	Deletion	85
2R	20115734	20115624	Deletion	110
2R	20115662	20115624	Deletion	38
2R	20151358	20151254	Deletion	104
2R	20151358	20151316	Deletion	42
2R	20153686	20153601	Deletion	85
2R	20158110	20157997	Deletion	113
2R	20158110	20158004	Deletion	106
2R	20158110	20158032	Deletion	78
2R	20158110	20158056	Deletion	54
2R	20158300	20158252	Deletion	48
2R	20158351	20158252	Deletion	99
2R	20158324	20158252	Deletion	72
2R	20158737	20158626	Deletion	111
2R	20158737	20158635	Deletion	102
2R	20158737	20158638	Deletion	99
2R	20158737	20158655	Deletion	82
2R	20158737	20158656	Deletion	81
2R	20158737	20158666	Deletion	71
2R	20158957	20158833	Deletion	124
2R	20158940	20158833	Deletion	107
2R	20158890	20158833	Deletion	57
2R	20158956	20158833	Deletion	123
2R	20158879	20158833	Deletion	46
2R	20158880	20158833	Deletion	47
2R	20185667	20185547	Deletion	120
2R	20185667	20185579	Deletion	88
2R	20201622	20201506	Deletion	116
2R	20201622	20201506	Deletion	116
2R	20201544	20201506	Deletion	38
2R	20201606	20201506	Deletion	100
2R	20201603	20201506	Deletion	97
2R	20225104	20224986	Deletion	118
2R	20225104	20225001	Deletion	103
2R	20228821	20228715	Deletion	106
2R	20228821	20228743	Deletion	78
2R	20228821	20228755	Deletion	66
2R	20228821	20228770	Deletion	51
2R	20229126	20229026	Deletion	100
2R	20229086	20229026	Deletion	60
2R	20229074	20229026	Deletion	48
2R	20229122	20229026	Deletion	96
2R	20229101	20229026	Deletion	75
2R	20231714	20231596	Deletion	118
2R	20231714	20231608	Deletion	106
2R	20231714	20231615	Deletion	99
2R	20231714	20231647	Deletion	67
2R	20231714	20231658	Deletion	56
2R	20231714	20231660	Deletion	54
2R	20231714	20231665	Deletion	49
2R	20231714	20231675	Deletion	39
2R	20232964	20232877	Deletion	87
2R	20232947	20232877	Deletion	70
2R	20232949	20232877	Deletion	72
2R	20232936	20232877	Deletion	59
2R	20232954	20232877	Deletion	77
2R	20234111	20234002	Deletion	109
2R	20234111	20234029	Deletion	82
2R	20234111	20234046	Deletion	65
2R	20234111	20234052	Deletion	59
2R	20234111	20234070	Deletion	41
2R	20234111	20234072	Deletion	39
2R	20238134	20238063	Deletion	71
2R	20238154	20238063	Deletion	91
2R	20238128	20238063	Deletion	65
2R	20238111	20238063	Deletion	48
2R	20238152	20238063	Deletion	89
2R	20248634	20248524	Deletion	110
2R	20249643	20249519	Deletion	124
2R	20249643	20249550	Deletion	93
2R	20249643	20249557	Deletion	86
2R	20249643	20249602	Deletion	41
2R	20249643	20249609	Deletion	34
2R	20255997	20255905	Deletion	92
2R	20255938	20255905	Deletion	33
2R	20256024	20255905	Deletion	119
2R	20256016	20255905	Deletion	111
2R	20255990	20255905	Deletion	85
2R	20255945	20255905	Deletion	40
2R	20277063	20276943	Deletion	120
2R	20277063	20276945	Deletion	118
2R	20277063	20276948	Deletion	115
2R	20277063	20276949	Deletion	114
2R	20277063	20276967	Deletion	96
2R	20277063	20277027	Deletion	36
2R	20277063	20277028	Deletion	35
2R	20277395	20277304	Deletion	91
2R	20277396	20277304	Deletion	92
2R	20277407	20277304	Deletion	103
2R	20277335	20277304	Deletion	31
2R	20277416	20277304	Deletion	112
2R	20277412	20277304	Deletion	108
2R	20281759	20281671	Deletion	88
2R	20281759	20281708	Deletion	51
2R	20281759	20281708	Deletion	51
2R	20283574	20283460	Deletion	114
2R	20283535	20283460	Deletion	75
2R	20283498	20283460	Deletion	38
2R	20283581	20283460	Deletion	121
2R	20283535	20283460	Deletion	75
2R	20283568	20283460	Deletion	108
2R	20283575	20283460	Deletion	115
2R	20283569	20283460	Deletion	109
2R	20308223	20308162	Deletion	61
2R	20309627	20309561	Deletion	66
2R	20322744	20322664	Deletion	80
2R	20322744	20322694	Deletion	50
2R	20322744	20322696	Deletion	48
2R	20322744	20322704	Deletion	40
2R	20322744	20322708	Deletion	36
2R	20322744	20322712	Deletion	32
2R	20324553	20324459	Deletion	94
2R	20324505	20324459	Deletion	46
2R	20324535	20324459	Deletion	76
2R	20324537	20324459	Deletion	78
2R	20324545	20324459	Deletion	86
2R	20324549	20324459	Deletion	90
2R	20329315	20329195	Deletion	120
2R	20329315	20329201	Deletion	114
2R	20329315	20329226	Deletion	89
2R	20329315	20329246	Deletion	69
2R	20329315	20329251	Deletion	64
2R	20333513	20333455	Deletion	58
2R	20333518	20333455	Deletion	63
2R	20333493	20333455	Deletion	38
2R	20333556	20333455	Deletion	101
2R	20333570	20333455	Deletion	115
2R	20333570	20333455	Deletion	115
2R	20337139	20337034	Deletion	105
2R	20337139	20337048	Deletion	91
2R	20337139	20337054	Deletion	85
2R	20337139	20337098	Deletion	41
2R	20337139	20337105	Deletion	34
2R	20341693	20341606	Deletion	87
2R	20341719	20341606	Deletion	113
2R	20341649	20341606	Deletion	43
2R	20341643	20341606	Deletion	37
2R	20341700	20341606	Deletion	94
2R	20341719	20341606	Deletion	113
2R	20341708	20341606	Deletion	102
2R	20345007	20344884	Deletion	123
2R	20345007	20344903	Deletion	104
2R	20345007	20344938	Deletion	69
2R	20345007	20344939	Deletion	68
2R	20345007	20344947	Deletion	60
2R	20345140	20345073	Deletion	67
2R	20345132	20345073	Deletion	59
2R	20345131	20345073	Deletion	58
2R	20348536	20348414	Deletion	122
2R	20363043	20362935	Deletion	108
2R	20363043	20362955	Deletion	88
2R	20363043	20362957	Deletion	86
2R	20363043	20362959	Deletion	84
2R	20363209	20363094	Deletion	115
2R	20363200	20363094	Deletion	106
2R	20363195	20363094	Deletion	101
2R	20363205	20363094	Deletion	111
2R	20363137	20363094	Deletion	43
2R	20363135	20363094	Deletion	41
2R	20363133	20363094	Deletion	39
2R	20370909	20370825	Deletion	84
2R	20373346	20373252	Deletion	94
2R	20377066	20376948	Deletion	118
2R	20377093	20377039	Deletion	54
2R	20385939	20385823	Deletion	116
2R	20391407	20391286	Deletion	121
2R	20398549	20398467	Deletion	82
2R	20398549	20398488	Deletion	61
2R	20399285	20399167	Deletion	118
2R	20399232	20399167	Deletion	65
2R	20399211	20399167	Deletion	44
2R	20402490	20402367	Deletion	123
2R	20403837	20403744	Deletion	93
2R	20403837	20403748	Deletion	89
2R	20403837	20403757	Deletion	80
2R	20403837	20403769	Deletion	68
2R	20411323	20411290	Deletion	33
2R	20411400	20411290	Deletion	110
2R	20411336	20411290	Deletion	46
2R	20411348	20411290	Deletion	58
2R	20411327	20411290	Deletion	37
2R	20426944	20426859	Deletion	85
2R	20426944	20426910	Deletion	34
2R	20442943	20442851	Deletion	92
2R	20442892	20442851	Deletion	41
2R	20450455	20450366	Deletion	89
2R	20450455	20450368	Deletion	87
2R	20450455	20450389	Deletion	66
2R	20450455	20450391	Deletion	64
2R	20450455	20450417	Deletion	38
2R	20450756	20450668	Deletion	88
2R	20450707	20450668	Deletion	39
2R	20450728	20450668	Deletion	60
2R	20450730	20450668	Deletion	62
2R	20450705	20450668	Deletion	37
2R	20461402	20461288	Deletion	114
2R	20461400	20461295	Deletion	105
2R	20472739	20472632	Deletion	107
2R	20472739	20472639	Deletion	100
2R	20472739	20472644	Deletion	95
2R	20472739	20472660	Deletion	79
2R	20472739	20472662	Deletion	77
2R	20483599	20483568	Deletion	31
2R	20483675	20483568	Deletion	107
2R	20483690	20483568	Deletion	122
2R	20483617	20483568	Deletion	49
2R	20483615	20483568	Deletion	47
2R	20483670	20483568	Deletion	102
2R	20483673	20483568	Deletion	105
2R	20483676	20483571	Deletion	105
2R	20485744	20485654	Deletion	90
2R	20485744	20485657	Deletion	87
2R	20485744	20485661	Deletion	83
2R	20485744	20485662	Deletion	82
2R	20485744	20485681	Deletion	63
2R	20485744	20485688	Deletion	56
2R	20485744	20485699	Deletion	45
2R	20485744	20485707	Deletion	37
2R	20485964	20485924	Deletion	40
2R	20486006	20485924	Deletion	82
2R	20485995	20485924	Deletion	71
2R	20486045	20485924	Deletion	121
2R	20485969	20485924	Deletion	45
2R	20485961	20485924	Deletion	37
2R	20485988	20485924	Deletion	64
2R	20486014	20485924	Deletion	90
2R	20485968	20485924	Deletion	44
2R	20486028	20485924	Deletion	104
2R	20519937	20519815	Deletion	122
2R	20540228	20540113	Deletion	115
2R	20540228	20540140	Deletion	88
2R	20540228	20540146	Deletion	82
2R	20540228	20540151	Deletion	77
2R	20540228	20540183	Deletion	45
2R	20540228	20540197	Deletion	31
2R	20541578	20541540	Deletion	38
2R	20541589	20541540	Deletion	49
2R	20541584	20541540	Deletion	44
2R	20541635	20541540	Deletion	95
2R	20541621	20541540	Deletion	81
2R	20544556	20544513	Deletion	43
2R	20564326	20564211	Deletion	115
2R	20564335	20564211	Deletion	124
2R	20564294	20564211	Deletion	83
2R	20564862	20564746	Deletion	116
2R	20567791	20567683	Deletion	108
2R	20567791	20567692	Deletion	99
2R	20567791	20567703	Deletion	88
2R	20567791	20567752	Deletion	39
2R	20567929	20567841	Deletion	88
2R	20567956	20567841	Deletion	115
2R	20567880	20567841	Deletion	39
2R	20572754	20572656	Deletion	98
2R	20572754	20572692	Deletion	62
2R	20572754	20572711	Deletion	43
2R	20573058	20572994	Deletion	64
2R	20573113	20572994	Deletion	119
2R	20573077	20572994	Deletion	83
2R	20580853	20580729	Deletion	124
2R	20586321	20586226	Deletion	95
2R	20586321	20586227	Deletion	94
2R	20586321	20586281	Deletion	40
2R	20597206	20597175	Deletion	31
2R	20597261	20597175	Deletion	86
2R	20597285	20597175	Deletion	110
2R	20597207	20597175	Deletion	32
2R	20647891	20647768	Deletion	123
2R	20653822	20653703	Deletion	119
2R	20653822	20653710	Deletion	112
2R	20653822	20653790	Deletion	32
2R	20653822	20653792	Deletion	30
2R	20657628	20657534	Deletion	94
2R	20657634	20657534	Deletion	100
2R	20657630	20657534	Deletion	96
2R	20659260	20659138	Deletion	122
2R	20659260	20659144	Deletion	116
2R	20659260	20659144	Deletion	116
2R	20659260	20659155	Deletion	105
2R	20659260	20659162	Deletion	98
2R	20659260	20659185	Deletion	75
2R	20661986	20661876	Deletion	110
2R	20661927	20661876	Deletion	51
2R	20663316	20663198	Deletion	118
2R	20663316	20663200	Deletion	116
2R	20663316	20663223	Deletion	93
2R	20663316	20663269	Deletion	47
2R	20663316	20663279	Deletion	37
2R	20663453	20663374	Deletion	79
2R	20663495	20663374	Deletion	121
2R	20663407	20663374	Deletion	33
2R	20663463	20663374	Deletion	89
2R	20668317	20668194	Deletion	123
2R	20671746	20671622	Deletion	124
2R	20714098	20713976	Deletion	122
2R	20714098	20714026	Deletion	72
2R	20714098	20714047	Deletion	51
2R	20716149	20716033	Deletion	116
2R	20716108	20716033	Deletion	75
2R	20716142	20716033	Deletion	109
2R	20716146	20716033	Deletion	113
2R	20716087	20716033	Deletion	54
2R	20720223	20720116	Deletion	107
2R	20720223	20720121	Deletion	102
2R	20720223	20720125	Deletion	98
2R	20720223	20720152	Deletion	71
2R	20720223	20720190	Deletion	33
2R	20720814	20720759	Deletion	55
2R	20720870	20720759	Deletion	111
2R	20720852	20720759	Deletion	93
2R	20720882	20720759	Deletion	123
2R	20728377	20728307	Deletion	70
2R	20728377	20728313	Deletion	64
2R	20728377	20728318	Deletion	59
2R	20728377	20728334	Deletion	43
2R	20731156	20731071	Deletion	85
2R	20731140	20731071	Deletion	69
2R	20731135	20731071	Deletion	64
2R	20731129	20731071	Deletion	58
2R	20731188	20731071	Deletion	117
2R	20741971	20741885	Deletion	86
2R	20747225	20747135	Deletion	90
2R	20747196	20747135	Deletion	61
2R	20747208	20747135	Deletion	73
2R	20747168	20747135	Deletion	33
2R	20747241	20747135	Deletion	106
2R	20747201	20747135	Deletion	66
2R	20749354	20749231	Deletion	123
2R	20749354	20749234	Deletion	120
2R	20749354	20749249	Deletion	105
2R	20749354	20749252	Deletion	102
2R	20749354	20749270	Deletion	84
2R	20749354	20749275	Deletion	79
2R	20749354	20749276	Deletion	78
2R	20749354	20749279	Deletion	75
2R	20749354	20749284	Deletion	70
2R	20749354	20749289	Deletion	65
2R	20749354	20749292	Deletion	62
2R	20749354	20749303	Deletion	51
2R	20749354	20749322	Deletion	32
2R	20752382	20752305	Deletion	77
2R	20752349	20752305	Deletion	44
2R	20752371	20752305	Deletion	66
2R	20752368	20752305	Deletion	63
2R	20752354	20752305	Deletion	49
2R	20752401	20752305	Deletion	96
2R	20752358	20752305	Deletion	53
2R	20752363	20752305	Deletion	58
2R	20752415	20752305	Deletion	110
2R	20752355	20752305	Deletion	50
2R	20759991	20759874	Deletion	117
2R	20761882	20761784	Deletion	98
2R	20761882	20761785	Deletion	97
2R	20761882	20761793	Deletion	89
2R	20761882	20761814	Deletion	68
2R	20761882	20761835	Deletion	47
2R	20761882	20761840	Deletion	42
2R	20773271	20773232	Deletion	39
2R	20773262	20773232	Deletion	30
2R	20773313	20773232	Deletion	81
2R	20773318	20773232	Deletion	86
2R	20773263	20773232	Deletion	31
2R	20773292	20773232	Deletion	60
2R	20774165	20774042	Deletion	123
2R	20780461	20780441	Deletion	20
2R	20780584	20780470	Deletion	114
2R	20780584	20780471	Deletion	113
2R	20780584	20780474	Deletion	110
2R	20780584	20780479	Deletion	105
2R	20780584	20780534	Deletion	50
2R	20780707	20780606	Deletion	101
2R	20780888	20780807	Deletion	81
2R	20780897	20780807	Deletion	90
2R	20780827	20780807	Deletion	20
2R	20780859	20780807	Deletion	52
2R	20780904	20780807	Deletion	97
2R	20780834	20780807	Deletion	27
2R	20780829	20780807	Deletion	22
2R	20780891	20780807	Deletion	84
2R	20780902	20780807	Deletion	95
2R	20786140	20786077	Deletion	63
2R	20786747	20786695	Deletion	52
2R	20797873	20797754	Deletion	119
2R	20797873	20797769	Deletion	104
2R	20797873	20797800	Deletion	73
2R	20797873	20797814	Deletion	59
2R	20808851	20808781	Deletion	70
2R	20808837	20808781	Deletion	56
2R	20808896	20808781	Deletion	115
2R	20808892	20808781	Deletion	111
2R	20808904	20808781	Deletion	123
2R	20838641	20838527	Deletion	114
2R	20838641	20838528	Deletion	113
2R	20838641	20838536	Deletion	105
2R	20838641	20838543	Deletion	98
2R	20840109	20840010	Deletion	99
2R	20847937	20847817	Deletion	120
2R	20847937	20847824	Deletion	113
2R	20847937	20847861	Deletion	76
2R	20847937	20847885	Deletion	52
2R	20847937	20847892	Deletion	45
2R	20847937	20847900	Deletion	37
2R	20848981	20848906	Deletion	75
2R	20849028	20848906	Deletion	122
2R	20848988	20848906	Deletion	82
2R	20848996	20848906	Deletion	90
2R	20848957	20848906	Deletion	51
2R	20850285	20850163	Deletion	122
2R	20850285	20850211	Deletion	74
2R	20850285	20850215	Deletion	70
2R	20850285	20850220	Deletion	65
2R	20850477	20850415	Deletion	62
2R	20850468	20850415	Deletion	53
2R	20850472	20850415	Deletion	57
2R	20860602	20860488	Deletion	114
2R	20860602	20860500	Deletion	102
2R	20860602	20860538	Deletion	64
2R	20875389	20875327	Deletion	62
2R	20875444	20875327	Deletion	117
2R	20879842	20879725	Deletion	117
2R	20879842	20879739	Deletion	103
2R	20879842	20879741	Deletion	101
2R	20879842	20879772	Deletion	70
2R	20879842	20879773	Deletion	69
2R	20879842	20879784	Deletion	58
2R	20881831	20881774	Deletion	57
2R	20881832	20881774	Deletion	58
2R	20881843	20881774	Deletion	69
2R	20881875	20881774	Deletion	101
2R	20881897	20881774	Deletion	123
2R	20881880	20881774	Deletion	106
2R	20885606	20885533	Deletion	73
2R	20885606	20885534	Deletion	72
2R	20885606	20885546	Deletion	60
2R	20885606	20885576	Deletion	30
2R	20888945	20888891	Deletion	54
2R	20888988	20888891	Deletion	97
2R	20888946	20888891	Deletion	55
2R	20888958	20888891	Deletion	67
2R	20901824	20901703	Deletion	121
2R	20917496	20917373	Deletion	123
2R	20917496	20917380	Deletion	116
2R	20917496	20917405	Deletion	91
2R	20917496	20917413	Deletion	83
2R	20917496	20917424	Deletion	72
2R	20917496	20917447	Deletion	49
2R	20917496	20917457	Deletion	39
2R	20923649	20923572	Deletion	77
2R	20923659	20923572	Deletion	87
2R	20923607	20923572	Deletion	35
2R	20923615	20923572	Deletion	43
2R	20923626	20923572	Deletion	54
2R	20923695	20923572	Deletion	123
2R	20924554	20924448	Deletion	106
2R	20924554	20924479	Deletion	75
2R	20924554	20924486	Deletion	68
2R	20924554	20924486	Deletion	68
2R	20933155	20933096	Deletion	59
2R	20933155	20933096	Deletion	59
2R	20933203	20933096	Deletion	107
2R	20933213	20933096	Deletion	117
2R	20933148	20933096	Deletion	52
2R	20933212	20933096	Deletion	116
2R	20933216	20933096	Deletion	120
2R	20934869	20934746	Deletion	123
2R	20934869	20934752	Deletion	117
2R	20934869	20934758	Deletion	111
2R	20934869	20934788	Deletion	81
2R	20934869	20934789	Deletion	80
2R	20934869	20934790	Deletion	79
2R	20934869	20934819	Deletion	50
2R	20934868	20934828	Deletion	40
2R	20934869	20934829	Deletion	40
2R	20934869	20934837	Deletion	32
2R	20935230	20935120	Deletion	110
2R	20935167	20935120	Deletion	47
2R	20935165	20935120	Deletion	45
2R	20935205	20935120	Deletion	85
2R	20935196	20935120	Deletion	76
2R	20935214	20935120	Deletion	94
2R	20935206	20935120	Deletion	86
2R	20935166	20935120	Deletion	46
2R	20951466	20951395	Deletion	71
2R	20953660	20953604	Deletion	56
2R	20953725	20953604	Deletion	121
2R	20973525	20973412	Deletion	113
2R	20973525	20973485	Deletion	40
2R	20973525	20973490	Deletion	35
2R	20975419	20975327	Deletion	92
2R	20975414	20975327	Deletion	87
2R	20977690	20977569	Deletion	121
2R	20977690	20977588	Deletion	102
2R	20977690	20977595	Deletion	95
2R	20977690	20977610	Deletion	80
2R	20977690	20977630	Deletion	60
2R	20977690	20977648	Deletion	42
2R	20979395	20979349	Deletion	46
2R	20979434	20979349	Deletion	85
2R	20979380	20979349	Deletion	31
2R	20979415	20979349	Deletion	66
2R	20986719	20986596	Deletion	123
2R	20991562	20991467	Deletion	95
2R	20991562	20991472	Deletion	90
2R	20991562	20991480	Deletion	82
2R	20991562	20991506	Deletion	56
2R	20991562	20991514	Deletion	48
2R	20991822	20991777	Deletion	45
2R	20991814	20991777	Deletion	37
2R	20991856	20991777	Deletion	79
2R	20991848	20991777	Deletion	71
2R	20996411	20996322	Deletion	89
2R	20996411	20996352	Deletion	59
2R	20996645	20996578	Deletion	67
2R	20996692	20996578	Deletion	114
2R	20996700	20996578	Deletion	122
2R	20996615	20996578	Deletion	37
2R	21002432	21002329	Deletion	103
2R	21002432	21002344	Deletion	88
2R	21002432	21002370	Deletion	62
2R	21002432	21002372	Deletion	60
2R	21002432	21002386	Deletion	46
2R	21002432	21002394	Deletion	38
2R	21013409	21013342	Deletion	67
2R	21013425	21013342	Deletion	83
2R	21013383	21013342	Deletion	41
2R	21013411	21013342	Deletion	69
2R	21013433	21013342	Deletion	91
2R	21023969	21023886	Deletion	83
2R	21023969	21023908	Deletion	61
2R	21023965	21023914	Deletion	51
2R	21026862	21026758	Deletion	104
2R	21026868	21026758	Deletion	110
2R	21026824	21026758	Deletion	66
2R	21026865	21026758	Deletion	107
2R	21026802	21026758	Deletion	44
2R	21026830	21026763	Deletion	67
2R	21032856	21032733	Deletion	123
2R	21046591	21046473	Deletion	118
2R	21046591	21046550	Deletion	41
2R	21046776	21046669	Deletion	107
2R	21046786	21046669	Deletion	117
2R	21046755	21046669	Deletion	86
2R	21046772	21046669	Deletion	103
2R	21051151	21051029	Deletion	122
2R	21054317	21054218	Deletion	99
2R	21074346	21074228	Deletion	118
2R	21078166	21078048	Deletion	118
2R	21078166	21078065	Deletion	101
2R	21078166	21078080	Deletion	86
2R	21078166	21078097	Deletion	69
2R	21078166	21078104	Deletion	62
2R	21078166	21078131	Deletion	35
2R	21078386	21078322	Deletion	64
2R	21078421	21078322	Deletion	99
2R	21078379	21078322	Deletion	57
2R	21078362	21078322	Deletion	40
2R	21078413	21078322	Deletion	91
2R	21084615	21084512	Deletion	103
2R	21084615	21084532	Deletion	83
2R	21084615	21084537	Deletion	78
2R	21084615	21084549	Deletion	66
2R	21084615	21084569	Deletion	46
2R	21084615	21084572	Deletion	43
2R	21085775	21085692	Deletion	83
2R	21085735	21085692	Deletion	43
2R	21085752	21085692	Deletion	60
2R	21085740	21085692	Deletion	48
2R	21085772	21085692	Deletion	80
2R	21097739	21097620	Deletion	119
2R	21097739	21097673	Deletion	66
2R	21097739	21097695	Deletion	44
2R	21099327	21099244	Deletion	83
2R	21099305	21099244	Deletion	61
2R	21118496	21118379	Deletion	117
2R	21118496	21118415	Deletion	81
2R	21118496	21118462	Deletion	34
2R	21118664	21118546	Deletion	118
2R	21118663	21118546	Deletion	117
2R	21118647	21118546	Deletion	101
2R	21118638	21118546	Deletion	92
2R	21118591	21118546	Deletion	45
2R	21118647	21118546	Deletion	101
2R	21120538	21120414	Deletion	124
2R	21120538	21120427	Deletion	111
2R	21120538	21120427	Deletion	111
2R	21120538	21120467	Deletion	71
2R	21123470	21123415	Deletion	55
2R	21127494	21127373	Deletion	121
2R	21127494	21127374	Deletion	120
2R	21127494	21127382	Deletion	112
2R	21127494	21127394	Deletion	100
2R	21127494	21127395	Deletion	99
2R	21135418	21135329	Deletion	89
2R	21147630	21147580	Deletion	50
2R	21147630	21147587	Deletion	43
2R	21147630	21147592	Deletion	38
2R	21147630	21147593	Deletion	37
2R	21147801	21147680	Deletion	121
2R	21147757	21147680	Deletion	77
2R	21147770	21147680	Deletion	90
2R	21147769	21147680	Deletion	89
2R	21147764	21147680	Deletion	84
2R	21151219	21151097	Deletion	122
2R	21151219	21151107	Deletion	112
2R	21151219	21151142	Deletion	77
2R	21170150	21170034	Deletion	116
2R	21170150	21170046	Deletion	104
2R	21170150	21170062	Deletion	88
2R	21170150	21170100	Deletion	50
2R	21170150	21170102	Deletion	48
2R	21172492	21172387	Deletion	105
2R	21172426	21172387	Deletion	39
2R	21172464	21172387	Deletion	77
2R	21172466	21172387	Deletion	79
2R	21172493	21172387	Deletion	106
2R	21223030	21222910	Deletion	120
2R	21223030	21222926	Deletion	104
2R	21223030	21222936	Deletion	94
2R	21223030	21222969	Deletion	61
2R	21223030	21222982	Deletion	48
2R	21223030	21222983	Deletion	47
2R	21223030	21222988	Deletion	42
2R	21223030	21222993	Deletion	37
2R	21223208	21223124	Deletion	84
2R	21223213	21223124	Deletion	89
2R	21223202	21223124	Deletion	78
2R	21223156	21223124	Deletion	32
2R	21223189	21223124	Deletion	65
2R	21223238	21223124	Deletion	114
2R	21223203	21223124	Deletion	79
2R	21223242	21223124	Deletion	118
2R	21250335	21250223	Deletion	112
2R	21250335	21250230	Deletion	105
2R	21250335	21250259	Deletion	76
2R	21250335	21250268	Deletion	67
2R	21250335	21250290	Deletion	45
2R	21250335	21250299	Deletion	36
2R	21251830	21251779	Deletion	51
2R	21251861	21251779	Deletion	82
2R	21251870	21251779	Deletion	91
2R	21251839	21251779	Deletion	60
2R	21269007	21268915	Deletion	92
2R	21269007	21268928	Deletion	79
2R	21269007	21268971	Deletion	36
2R	21271537	21271486	Deletion	51
2R	21271580	21271486	Deletion	94
2R	21271524	21271486	Deletion	38
2R	21275983	21275876	Deletion	107
2R	21275983	21275877	Deletion	106
2R	21275983	21275933	Deletion	50
2R	21275983	21275939	Deletion	44
2R	21276111	21276034	Deletion	77
2R	21276117	21276034	Deletion	83
2R	21276153	21276034	Deletion	119
2R	21279128	21279090	Deletion	38
2R	21297339	21297240	Deletion	99
2R	21297337	21297240	Deletion	97
2R	21297328	21297240	Deletion	88
2R	21300274	21300183	Deletion	91
2R	21300274	21300184	Deletion	90
2R	21300274	21300193	Deletion	81
2R	21300274	21300225	Deletion	49
2R	21302117	21301994	Deletion	123
2R	21302039	21301994	Deletion	45
2R	21302030	21301994	Deletion	36
2R	21302029	21301994	Deletion	35
2R	21302071	21301994	Deletion	77
2R	21302143	21302099	Deletion	44
2R	21302143	21302100	Deletion	43
2R	21302143	21302113	Deletion	30
2R	21302994	21302897	Deletion	97
2R	21303018	21302897	Deletion	121
2R	21303009	21302897	Deletion	112
2R	21302980	21302897	Deletion	83
2R	21302981	21302897	Deletion	84
2R	21303019	21302897	Deletion	122
2R	21303000	21302897	Deletion	103
2R	21303000	21302897	Deletion	103
2R	21308882	21308763	Deletion	119
2R	21308887	21308765	Deletion	122
2R	21308887	21308766	Deletion	121
2R	21308887	21308813	Deletion	74
2R	21308887	21308821	Deletion	66
2R	21308887	21308829	Deletion	58
2R	21312211	21312159	Deletion	52
2R	21312268	21312159	Deletion	109
2R	21312252	21312159	Deletion	93
2R	21312227	21312159	Deletion	68
2R	21312219	21312159	Deletion	60
2R	21321355	21321269	Deletion	86
2R	21321355	21321284	Deletion	71
2R	21321355	21321296	Deletion	59
2R	21321355	21321296	Deletion	59
2R	21322600	21322531	Deletion	69
2R	21322652	21322531	Deletion	121
2R	21322588	21322531	Deletion	57
2R	21322655	21322531	Deletion	124
2R	21322641	21322531	Deletion	110
2R	21322600	21322531	Deletion	69
2R	21322573	21322531	Deletion	42
2R	21323809	21323707	Deletion	102
2R	21323809	21323751	Deletion	58
2R	21323809	21323756	Deletion	53
2R	21327805	21327730	Deletion	75
2R	21327800	21327730	Deletion	70
2R	21327838	21327730	Deletion	108
2R	21328692	21328569	Deletion	123
2R	21328692	21328583	Deletion	109
2R	21328692	21328584	Deletion	108
2R	21328692	21328596	Deletion	96
2R	21328692	21328602	Deletion	90
2R	21328692	21328660	Deletion	32
2R	21335946	21335825	Deletion	121
2R	21335855	21335825	Deletion	30
2R	21335861	21335825	Deletion	36
2R	21335919	21335825	Deletion	94
2R	21335922	21335825	Deletion	97
2R	21338256	21338134	Deletion	122
2R	21340962	21340856	Deletion	106
2R	21340962	21340864	Deletion	98
2R	21341279	21341174	Deletion	105
2R	21357480	21357359	Deletion	121
2R	21357480	21357362	Deletion	118
2R	21357480	21357389	Deletion	91
2R	21357480	21357394	Deletion	86
2R	21357480	21357399	Deletion	81
2R	21357480	21357404	Deletion	76
2R	21357480	21357411	Deletion	69
2R	21357480	21357418	Deletion	62
2R	21357480	21357431	Deletion	49
2R	21360881	21360822	Deletion	59
2R	21360869	21360822	Deletion	47
2R	21360888	21360822	Deletion	66
2R	21360901	21360822	Deletion	79
2R	21360874	21360822	Deletion	52
2R	21360859	21360822	Deletion	37
2R	21360864	21360822	Deletion	42
2R	21360939	21360822	Deletion	117
2R	21365683	21365594	Deletion	89
2R	21365683	21365603	Deletion	80
2R	21365683	21365645	Deletion	38
2R	21374810	21374763	Deletion	47
2R	21374852	21374763	Deletion	89
2R	21374801	21374763	Deletion	38
2R	21379054	21378960	Deletion	94
2R	21379054	21378994	Deletion	60
2R	21379054	21379018	Deletion	36
2R	21379054	21379023	Deletion	31
2R	21379054	21379024	Deletion	30
2R	21391746	21391650	Deletion	96
2R	21391716	21391650	Deletion	66
2R	21391745	21391650	Deletion	95
2R	21391740	21391650	Deletion	90
2R	21391761	21391650	Deletion	111
2R	21395623	21395503	Deletion	120
2R	21395623	21395549	Deletion	74
2R	21395623	21395586	Deletion	37
2R	21398294	21398187	Deletion	107
2R	21398276	21398187	Deletion	89
2R	21398285	21398187	Deletion	98
2R	21398239	21398187	Deletion	52
2R	21398896	21398787	Deletion	109
2R	21398896	21398792	Deletion	104
2R	21398896	21398844	Deletion	52
2R	21414009	21413960	Deletion	49
2R	21414009	21413960	Deletion	49
2R	21414009	21413960	Deletion	49
2R	21414542	21414499	Deletion	43
2R	21414558	21414499	Deletion	59
2R	21426673	21426566	Deletion	107
2R	21426673	21426589	Deletion	84
2R	21426673	21426592	Deletion	81
2R	21426673	21426604	Deletion	69
2R	21434498	21434451	Deletion	47
2R	21434495	21434451	Deletion	44
2R	21434510	21434451	Deletion	59
2R	21446811	21446720	Deletion	91
2R	21446811	21446773	Deletion	38
2R	21446954	21446866	Deletion	88
2R	21446965	21446866	Deletion	99
2R	21446901	21446866	Deletion	35
2R	21446963	21446866	Deletion	97
2R	21452338	21452233	Deletion	105
2R	21452338	21452289	Deletion	49
2R	21452338	21452290	Deletion	48
2R	21452338	21452297	Deletion	41
2R	21452550	21452448	Deletion	102
2R	21452526	21452448	Deletion	78
2R	21452534	21452448	Deletion	86
2R	21452527	21452448	Deletion	79
2R	21463862	21463758	Deletion	104
2R	21463871	21463758	Deletion	113
2R	21463873	21463758	Deletion	115
2R	21466779	21466659	Deletion	120
2R	21466779	21466684	Deletion	95
2R	21466779	21466686	Deletion	93
2R	21466779	21466713	Deletion	66
2R	21466779	21466719	Deletion	60
2R	21466779	21466728	Deletion	51
2R	21466779	21466734	Deletion	45
2R	21466779	21466737	Deletion	42
2R	21466779	21466737	Deletion	42
2R	21466779	21466739	Deletion	40
2R	21467039	21467008	Deletion	31
2R	21467094	21467008	Deletion	86
2R	21467041	21467008	Deletion	33
2R	21467068	21467008	Deletion	60
2R	21467083	21467008	Deletion	75
2R	21467074	21467008	Deletion	66
2R	21467092	21467008	Deletion	84
2R	21467092	21467008	Deletion	84
2R	21467089	21467013	Deletion	76
2R	21468348	21468227	Deletion	121
2R	21469161	21469061	Deletion	100
2R	21469161	21469062	Deletion	99
2R	21469161	21469103	Deletion	58
2R	21469161	21469131	Deletion	30
2R	21471578	21471457	Deletion	121
2R	21471570	21471457	Deletion	113
2R	21471526	21471457	Deletion	69
2R	21471561	21471457	Deletion	104
2R	21471554	21471457	Deletion	97
2R	21487038	21486933	Deletion	105
2R	21487038	21486935	Deletion	103
2R	21487038	21486960	Deletion	78
2R	21487764	21487716	Deletion	48
2R	21489246	21489122	Deletion	124
2R	21490084	21489962	Deletion	122
2R	21498118	21497995	Deletion	123
2R	21519356	21519240	Deletion	116
2R	21532819	21532696	Deletion	123
2R	21541579	21541460	Deletion	119
2R	21541579	21541547	Deletion	32
2R	21549590	21549496	Deletion	94
2R	21550170	21550050	Deletion	120
2R	21550170	21550073	Deletion	97
2R	21550170	21550087	Deletion	83
2R	21550170	21550095	Deletion	75
2R	21550170	21550107	Deletion	63
2R	21550170	21550121	Deletion	49
2R	21550170	21550139	Deletion	31
2R	21550795	21550752	Deletion	43
2R	21550868	21550752	Deletion	116
2R	21550815	21550752	Deletion	63
2R	21550803	21550752	Deletion	51
2R	21550829	21550752	Deletion	77
2R	21550847	21550752	Deletion	95
2R	21554886	21554764	Deletion	122
2R	21569122	21569003	Deletion	119
2R	21569122	21569021	Deletion	101
2R	21569119	21569068	Deletion	51
2R	21569122	21569071	Deletion	51
2R	21569535	21569460	Deletion	75
2R	21569532	21569463	Deletion	69
2R	21571788	21571715	Deletion	73
2R	21571788	21571725	Deletion	63
2R	21571788	21571730	Deletion	58
2R	21572577	21572467	Deletion	110
2R	21572520	21572467	Deletion	53
2R	21572535	21572467	Deletion	68
2R	21572530	21572467	Deletion	63
2R	21574127	21574033	Deletion	94
2R	21574127	21574035	Deletion	92
2R	21574127	21574073	Deletion	54
2R	21574127	21574076	Deletion	51
2R	21584809	21584697	Deletion	112
2R	21584770	21584697	Deletion	73
2R	21584811	21584697	Deletion	114
2R	21584730	21584697	Deletion	33
2R	21584773	21584697	Deletion	76
2R	21584732	21584697	Deletion	35
2R	21602123	21602006	Deletion	117
2R	21613843	21613735	Deletion	108
2R	21613856	21613735	Deletion	121
2R	21628112	21628005	Deletion	107
2R	21628112	21628023	Deletion	89
2R	21628112	21628050	Deletion	62
2R	21628112	21628071	Deletion	41
2R	21628112	21628075	Deletion	37
2R	21629459	21629369	Deletion	90
2R	21629407	21629369	Deletion	38
2R	21629472	21629369	Deletion	103
2R	21629434	21629369	Deletion	65
2R	21629455	21629369	Deletion	86
2R	21638689	21638573	Deletion	116
2R	21638689	21638577	Deletion	112
2R	21638689	21638577	Deletion	112
2R	21638689	21638615	Deletion	74
2R	21638792	21638740	Deletion	52
2R	21638841	21638740	Deletion	101
2R	21638842	21638740	Deletion	102
2R	21642797	21642704	Deletion	93
2R	21642797	21642710	Deletion	87
2R	21642797	21642714	Deletion	83
2R	21642797	21642719	Deletion	78
2R	21642797	21642724	Deletion	73
2R	21642797	21642750	Deletion	47
2R	21642797	21642750	Deletion	47
2R	21642797	21642751	Deletion	46
2R	21642797	21642757	Deletion	40
2R	21642998	21642885	Deletion	113
2R	21642933	21642885	Deletion	48
2R	21642964	21642885	Deletion	79
2R	21642924	21642885	Deletion	39
2R	21642965	21642885	Deletion	80
2R	21642938	21642885	Deletion	53
2R	21642993	21642885	Deletion	108
2R	21642964	21642885	Deletion	79
2R	21642971	21642885	Deletion	86
2R	21642928	21642885	Deletion	43
2R	21642918	21642885	Deletion	33
2R	21669751	21669629	Deletion	122
2R	21671497	21671392	Deletion	105
2R	21671497	21671420	Deletion	77
2R	21671497	21671428	Deletion	69
2R	21672392	21672334	Deletion	58
2R	21672439	21672334	Deletion	105
2R	21672385	21672336	Deletion	49
2R	21673470	21673353	Deletion	117
2R	21678203	21678082	Deletion	121
2R	21683696	21683593	Deletion	103
2R	21683696	21683597	Deletion	99
2R	21683696	21683602	Deletion	94
2R	21683695	21683638	Deletion	57
2R	21683696	21683650	Deletion	46
2R	21683696	21683651	Deletion	45
2R	21690565	21690495	Deletion	70
2R	21690620	21690497	Deletion	123
2R	21690596	21690497	Deletion	99
2R	21690578	21690497	Deletion	81
2R	21690577	21690497	Deletion	80
2R	21690529	21690497	Deletion	32
2R	21690594	21690497	Deletion	97
2R	21694101	21693983	Deletion	118
2R	21694101	21693985	Deletion	116
2R	21694101	21694014	Deletion	87
2R	21694101	21694017	Deletion	84
2R	21694101	21694033	Deletion	68
2R	21694101	21694050	Deletion	51
2R	21697029	21696986	Deletion	43
2R	21697026	21696986	Deletion	40
2R	21697045	21696986	Deletion	59
2R	21697062	21696986	Deletion	76
2R	21707310	21707198	Deletion	112
2R	21707310	21707199	Deletion	111
2R	21707310	21707230	Deletion	80
2R	21707310	21707253	Deletion	57
2R	21707310	21707272	Deletion	38
2R	21707310	21707272	Deletion	38
2R	21707310	21707275	Deletion	35
2R	21707310	21707277	Deletion	33
2R	21707310	21707278	Deletion	32
2R	21707310	21707280	Deletion	30
2R	21707633	21707544	Deletion	89
2R	21707658	21707544	Deletion	114
2R	21707642	21707544	Deletion	98
2R	21707636	21707544	Deletion	92
2R	21707633	21707544	Deletion	89
2R	21707638	21707544	Deletion	94
2R	21707591	21707544	Deletion	47
2R	21707639	21707544	Deletion	95
2R	21707641	21707544	Deletion	97
2R	21707614	21707544	Deletion	70
2R	21716338	21716241	Deletion	97
2R	21716332	21716244	Deletion	88
2R	21716338	21716258	Deletion	80
2R	21716516	21716398	Deletion	118
2R	21716445	21716398	Deletion	47
2R	21716428	21716398	Deletion	30
2R	21716517	21716398	Deletion	119
2R	21718880	21718776	Deletion	104
2R	21718880	21718790	Deletion	90
2R	21718880	21718804	Deletion	76
2R	21718880	21718837	Deletion	43
2R	21718880	21718843	Deletion	37
2R	21718880	21718846	Deletion	34
2R	21723790	21723687	Deletion	103
2R	21723738	21723687	Deletion	51
2R	21723777	21723687	Deletion	90
2R	21723780	21723687	Deletion	93
2R	21723771	21723687	Deletion	84
2R	21723724	21723687	Deletion	37
2R	21733028	21732948	Deletion	80
2R	21733028	21732948	Deletion	80
2R	21733028	21732973	Deletion	55
2R	21733028	21732976	Deletion	52
2R	21733028	21732977	Deletion	51
2R	21733028	21732994	Deletion	34
2R	21733028	21732997	Deletion	31
2R	21733255	21733160	Deletion	95
2R	21733206	21733160	Deletion	46
2R	21733235	21733160	Deletion	75
2R	21733234	21733160	Deletion	74
2R	21733231	21733160	Deletion	71
2R	21733252	21733160	Deletion	92
2R	21733206	21733160	Deletion	46
2R	21736295	21736176	Deletion	119
2R	21736295	21736184	Deletion	111
2R	21736295	21736233	Deletion	62
2R	21742617	21742572	Deletion	45
2R	21743140	21743098	Deletion	42
2R	21745954	21745844	Deletion	110
2R	21747169	21747077	Deletion	92
2R	21762276	21762155	Deletion	121
2R	21762276	21762162	Deletion	114
2R	21762276	21762189	Deletion	87
2R	21762276	21762214	Deletion	62
2R	21762276	21762219	Deletion	57
2R	21764252	21764188	Deletion	64
2R	21764227	21764188	Deletion	39
2R	21764301	21764188	Deletion	113
2R	21764257	21764188	Deletion	69
2R	21771924	21771829	Deletion	95
2R	21771924	21771834	Deletion	90
2R	21771924	21771875	Deletion	49
2R	21771924	21771876	Deletion	48
2R	21771924	21771880	Deletion	44
2R	21778044	21777961	Deletion	83
2R	21777993	21777961	Deletion	32
2R	21778040	21777961	Deletion	79
2R	21777998	21777961	Deletion	37
2R	21778040	21777961	Deletion	79
2R	21779195	21779077	Deletion	118
2R	21779195	21779130	Deletion	65
2R	21779195	21779141	Deletion	54
2R	21781617	21781545	Deletion	72
2R	21781606	21781545	Deletion	61
2R	21781663	21781545	Deletion	118
2R	21781666	21781545	Deletion	121
2R	21781642	21781545	Deletion	97
2R	21787825	21787710	Deletion	115
2R	21787825	21787731	Deletion	94
2R	21787825	21787752	Deletion	73
2R	21790975	21790855	Deletion	120
2R	21790888	21790855	Deletion	33
2R	21790955	21790855	Deletion	100
2R	21790909	21790855	Deletion	54
2R	21798446	21798322	Deletion	124
2R	21809171	21809052	Deletion	119
2R	21809171	21809057	Deletion	114
2R	21809171	21809068	Deletion	103
2R	21809171	21809111	Deletion	60
2R	21809171	21809117	Deletion	54
2R	21809171	21809133	Deletion	38
2R	21809171	21809139	Deletion	32
2R	21809331	21809237	Deletion	94
2R	21809325	21809237	Deletion	88
2R	21809309	21809237	Deletion	72
2R	21809303	21809237	Deletion	66
2R	21810445	21810359	Deletion	86
2R	21813497	21813411	Deletion	86
2R	21813894	21813803	Deletion	91
2R	21817503	21817469	Deletion	34
2R	21833989	21833872	Deletion	117
2R	21833989	21833887	Deletion	102
2R	21833989	21833901	Deletion	88
2R	21833989	21833932	Deletion	57
2R	21833989	21833952	Deletion	37
2R	21833989	21833954	Deletion	35
2R	21835617	21835527	Deletion	90
2R	21835566	21835527	Deletion	39
2R	21835619	21835527	Deletion	92
2R	21835597	21835527	Deletion	70
2R	21839394	21839273	Deletion	121
2R	21839394	21839280	Deletion	114
2R	21839394	21839289	Deletion	105
2R	21839394	21839311	Deletion	83
2R	21839394	21839322	Deletion	72
2R	21839394	21839338	Deletion	56
2R	21839394	21839338	Deletion	56
2R	21840695	21840572	Deletion	123
2R	21840686	21840572	Deletion	114
2R	21840626	21840572	Deletion	54
2R	21840642	21840572	Deletion	70
2R	21840679	21840572	Deletion	107
2R	21840642	21840572	Deletion	70
2R	21840615	21840572	Deletion	43
2R	21842868	21842747	Deletion	121
2R	21843064	21842950	Deletion	114
2R	21843064	21842956	Deletion	108
2R	21843064	21842971	Deletion	93
2R	21843064	21843006	Deletion	58
2R	21843064	21843013	Deletion	51
2R	21863232	21863163	Deletion	69
2R	21863197	21863163	Deletion	34
2R	21863239	21863163	Deletion	76
2R	21864599	21864565	Deletion	34
2R	21869487	21869374	Deletion	113
2R	21869478	21869374	Deletion	104
2R	21869488	21869374	Deletion	114
2R	21869467	21869374	Deletion	93
2R	21871095	21870989	Deletion	106
2R	21871095	21871033	Deletion	62
2R	21871095	21871039	Deletion	56
2R	21871095	21871058	Deletion	37
2R	21871802	21871712	Deletion	90
2R	21871814	21871712	Deletion	102
2R	21871783	21871712	Deletion	71
2R	21871777	21871712	Deletion	65
2R	21897568	21897455	Deletion	113
2R	21897568	21897456	Deletion	112
2R	21897568	21897461	Deletion	107
2R	21897568	21897463	Deletion	105
2R	21897568	21897480	Deletion	88
2R	21897568	21897492	Deletion	76
2R	21897568	21897504	Deletion	64
2R	21897568	21897506	Deletion	62
2R	21897568	21897508	Deletion	60
2R	21897568	21897508	Deletion	60
2R	21897568	21897534	Deletion	34
2R	21944734	21944670	Deletion	64
2R	21944783	21944670	Deletion	113
2R	21944720	21944670	Deletion	50
2R	21944736	21944670	Deletion	66
2R	21944708	21944670	Deletion	38
2R	21944732	21944670	Deletion	62
2R	21944762	21944670	Deletion	92
2R	21944791	21944670	Deletion	121
2R	21944785	21944670	Deletion	115
2R	21944736	21944670	Deletion	66
2R	21947383	21947260	Deletion	123
2R	21947383	21947300	Deletion	83
2R	21947383	21947318	Deletion	65
2R	21947383	21947323	Deletion	60
2R	21951982	21951921	Deletion	61
2R	21952022	21951921	Deletion	101
2R	21952038	21951921	Deletion	117
2R	21951987	21951921	Deletion	66
2R	21952036	21951921	Deletion	115
2R	21951964	21951921	Deletion	43
2R	22003134	22003011	Deletion	123
2R	22003134	22003038	Deletion	96
2R	22003134	22003067	Deletion	67
2R	22003328	22003298	Deletion	30
2R	22003357	22003298	Deletion	59
2R	22011713	22011614	Deletion	99
2R	22011713	22011649	Deletion	64
2R	22011713	22011652	Deletion	61
2R	22011713	22011660	Deletion	53
2R	22012381	22012265	Deletion	116
2R	22012328	22012265	Deletion	63
2R	22012379	22012265	Deletion	114
2R	22012339	22012265	Deletion	74
2R	22012382	22012265	Deletion	117
2R	22012368	22012265	Deletion	103
2R	22012331	22012265	Deletion	66
2R	22013054	22012930	Deletion	124
2R	22013054	22012974	Deletion	80
2R	22013054	22012977	Deletion	77
2R	22013054	22013007	Deletion	47
2R	22013054	22013010	Deletion	44
2R	22013054	22013019	Deletion	35
2R	22040495	22040404	Deletion	91
2R	22040450	22040404	Deletion	46
2R	22040521	22040404	Deletion	117
2R	22040486	22040404	Deletion	82
2R	22040483	22040404	Deletion	79
2R	22040453	22040404	Deletion	49
2R	22040495	22040404	Deletion	91
2R	22041900	22041792	Deletion	108
2R	22041900	22041811	Deletion	89
2R	22041900	22041814	Deletion	86
2R	22041900	22041862	Deletion	38
2R	22042053	22042012	Deletion	41
2R	22042125	22042012	Deletion	113
2R	22042050	22042012	Deletion	38
2R	22042101	22042012	Deletion	89
2R	22042124	22042012	Deletion	112
2R	22049756	22049635	Deletion	121
2R	22050488	22050368	Deletion	120
2R	22050488	22050412	Deletion	76
2R	22050488	22050420	Deletion	68
2R	22050488	22050424	Deletion	64
2R	22050488	22050454	Deletion	34
2R	22050693	22050643	Deletion	50
2R	22050751	22050643	Deletion	108
2R	22050701	22050643	Deletion	58
2R	22050705	22050643	Deletion	62
2R	22050735	22050643	Deletion	92
2R	22060245	22060133	Deletion	112
2R	22060245	22060141	Deletion	104
2R	22060245	22060146	Deletion	99
2R	22060245	22060172	Deletion	73
2R	22060245	22060176	Deletion	69
2R	22060245	22060189	Deletion	56
2R	22060245	22060197	Deletion	48
2R	22060245	22060199	Deletion	46
2R	22060245	22060214	Deletion	31
2R	22062179	22062109	Deletion	70
2R	22062162	22062109	Deletion	53
2R	22062187	22062109	Deletion	78
2R	22062217	22062109	Deletion	108
2R	22062189	22062109	Deletion	80
2R	22062206	22062109	Deletion	97
2R	22062166	22062109	Deletion	57
2R	22062204	22062109	Deletion	95
2R	22073359	22073282	Deletion	77
2R	22073359	22073285	Deletion	74
2R	22073359	22073291	Deletion	68
2R	22073359	22073314	Deletion	45
2R	22074957	22074897	Deletion	60
2R	22074980	22074897	Deletion	83
2R	22074948	22074897	Deletion	51
2R	22075000	22074897	Deletion	103
2R	22074947	22074897	Deletion	50
2R	22081742	22081621	Deletion	121
2R	22081742	22081630	Deletion	112
2R	22081742	22081672	Deletion	70
2R	22081741	22081673	Deletion	68
2R	22081862	22081805	Deletion	57
2R	22081913	22081805	Deletion	108
2R	22081861	22081805	Deletion	56
2R	22084924	22084812	Deletion	112
2R	22084924	22084814	Deletion	110
2R	22084924	22084818	Deletion	106
2R	22084924	22084829	Deletion	95
2R	22084924	22084893	Deletion	31
2R	22086691	22086596	Deletion	95
2R	22086627	22086596	Deletion	31
2R	22086717	22086596	Deletion	121
2R	22086702	22086596	Deletion	106
2R	22086712	22086596	Deletion	116
2R	22086709	22086596	Deletion	113
2R	22088712	22088591	Deletion	121
2R	22107826	22107757	Deletion	69
2R	22107826	22107760	Deletion	66
2R	22110661	22110552	Deletion	109
2R	22110657	22110552	Deletion	105
2R	22110610	22110552	Deletion	58
2R	22110613	22110552	Deletion	61
2R	22110665	22110552	Deletion	113
2R	22120939	22120863	Deletion	76
2R	22120939	22120875	Deletion	64
2R	22129322	22129271	Deletion	51
2R	22129334	22129271	Deletion	63
2R	22129381	22129271	Deletion	110
2R	22129385	22129271	Deletion	114
2R	22134517	22134404	Deletion	113
2R	22134517	22134424	Deletion	93
2R	22134517	22134457	Deletion	60
2R	22135221	22135166	Deletion	55
2R	22135286	22135166	Deletion	120
2R	22135258	22135166	Deletion	92
2R	22135282	22135166	Deletion	116
2R	22138473	22138353	Deletion	120
2R	22138473	22138371	Deletion	102
2R	22138473	22138432	Deletion	41
2R	22138473	22138443	Deletion	30
2R	22138726	22138641	Deletion	85
2R	22138737	22138641	Deletion	96
2R	22140220	22140104	Deletion	116
2R	22140220	22140112	Deletion	108
2R	22140220	22140118	Deletion	102
2R	22140220	22140159	Deletion	61
2R	22140220	22140161	Deletion	59
2R	22140220	22140164	Deletion	56
2R	22145571	22145501	Deletion	70
2R	22145568	22145501	Deletion	67
2R	22145566	22145501	Deletion	65
2R	22169510	22169387	Deletion	123
2R	22169510	22169393	Deletion	117
2R	22169510	22169431	Deletion	79
2R	22169510	22169431	Deletion	79
2R	22169823	22169708	Deletion	115
2R	22169828	22169708	Deletion	120
2R	22169755	22169708	Deletion	47
2R	22169755	22169708	Deletion	47
2R	22169813	22169708	Deletion	105
2R	22169806	22169708	Deletion	98
2R	22169820	22169708	Deletion	112
2R	22175418	22175312	Deletion	106
2R	22175418	22175333	Deletion	85
2R	22175418	22175338	Deletion	80
2R	22175418	22175362	Deletion	56
2R	22180229	22180181	Deletion	48
2R	22180304	22180181	Deletion	123
2R	22180280	22180181	Deletion	99
2R	22180253	22180181	Deletion	72
2R	22180224	22180181	Deletion	43
2R	22226321	22226198	Deletion	123
2R	22246442	22246340	Deletion	102
2R	22246442	22246360	Deletion	82
2R	22246442	22246392	Deletion	50
2R	22246442	22246401	Deletion	41
2R	22247949	22247905	Deletion	44
2R	22248006	22247905	Deletion	101
2R	22247990	22247905	Deletion	85
2R	22247981	22247905	Deletion	76
2R	22251385	22251262	Deletion	123
2R	22253889	22253769	Deletion	120
2R	22253889	22253803	Deletion	86
2R	22253889	22253825	Deletion	64
2R	22253889	22253827	Deletion	62
2R	22261234	22261171	Deletion	63
2R	22261236	22261171	Deletion	65
2R	22261212	22261171	Deletion	41
2R	22263770	22263697	Deletion	73
2R	22263770	22263712	Deletion	58
2R	22265802	22265734	Deletion	68
2R	22265787	22265734	Deletion	53
2R	22290335	22290211	Deletion	124
2R	22311245	22311144	Deletion	101
2R	22311245	22311146	Deletion	99
2R	22311245	22311147	Deletion	98
2R	22311245	22311165	Deletion	80
2R	22311245	22311173	Deletion	72
2R	22311245	22311200	Deletion	45
2R	22311242	22311201	Deletion	41
2R	22311245	22311205	Deletion	40
2R	22318661	22318563	Deletion	98
2R	22318645	22318563	Deletion	82
2R	22318666	22318563	Deletion	103
2R	22318649	22318563	Deletion	86
2R	22318617	22318563	Deletion	54
2R	22318609	22318563	Deletion	46
2R	22318681	22318563	Deletion	118
2R	22318644	22318563	Deletion	81
2R	22331999	22331890	Deletion	109
2R	22331999	22331900	Deletion	99
2R	22331999	22331901	Deletion	98
2R	22331999	22331915	Deletion	84
2R	22331999	22331946	Deletion	53
2R	22331999	22331959	Deletion	40
2R	22331999	22331969	Deletion	30
2R	22339390	22339274	Deletion	116
2R	22339370	22339274	Deletion	96
2R	22339360	22339274	Deletion	86
2R	22339316	22339274	Deletion	42
2R	22339347	22339274	Deletion	73
2R	22339813	22339696	Deletion	117
2R	22339813	22339702	Deletion	111
2R	22339813	22339712	Deletion	101
2R	22339813	22339739	Deletion	74
2R	22339813	22339741	Deletion	72
2R	22339951	22339895	Deletion	56
2R	22340001	22339895	Deletion	106
2R	22339953	22339895	Deletion	58
2R	22349886	22349777	Deletion	109
2R	22368245	22368134	Deletion	111
2R	22368245	22368140	Deletion	105
2R	22368245	22368177	Deletion	68
2R	22368245	22368184	Deletion	61
2R	22368245	22368207	Deletion	38
2R	22368871	22368804	Deletion	67
2R	22368864	22368804	Deletion	60
2R	22368894	22368804	Deletion	90
2R	22372915	22372819	Deletion	96
2R	22372915	22372822	Deletion	93
2R	22372915	22372844	Deletion	71
2R	22372915	22372847	Deletion	68
2R	22372915	22372850	Deletion	65
2R	22372915	22372852	Deletion	63
2R	22372915	22372866	Deletion	49
2R	22372915	22372872	Deletion	43
2R	22373012	22372976	Deletion	36
2R	22373083	22372976	Deletion	107
2R	22373099	22372976	Deletion	123
2R	22373042	22372976	Deletion	66
2R	22373034	22372976	Deletion	58
2R	22373091	22372976	Deletion	115
2R	22373037	22372976	Deletion	61
2R	22373056	22372976	Deletion	80
2R	22373009	22372976	Deletion	33
2R	22373079	22372976	Deletion	103
2R	22373040	22372976	Deletion	64
2R	22373062	22372976	Deletion	86
2R	22373980	22373866	Deletion	114
2R	22373980	22373871	Deletion	109
2R	22373980	22373947	Deletion	33
2R	22376240	22376147	Deletion	93
2R	22376264	22376147	Deletion	117
2R	22417758	22417635	Deletion	123
2R	22420434	22420330	Deletion	104
2R	22420434	22420338	Deletion	96
2R	22420434	22420354	Deletion	80
2R	22420434	22420356	Deletion	78
2R	22420434	22420364	Deletion	70
2R	22420434	22420366	Deletion	68
2R	22420434	22420367	Deletion	67
2R	22420434	22420392	Deletion	42
2R	22429891	22429775	Deletion	116
2R	22429831	22429775	Deletion	56
2R	22429859	22429775	Deletion	84
2R	22429834	22429775	Deletion	59
2R	22429823	22429775	Deletion	48
2R	22429833	22429775	Deletion	58
2R	22429805	22429775	Deletion	30
2R	22429821	22429775	Deletion	46
2R	22429965	22429841	Deletion	124
2R	22429965	22429845	Deletion	120
2R	22429965	22429847	Deletion	118
2R	22429965	22429852	Deletion	113
2R	22429965	22429858	Deletion	107
2R	22429965	22429921	Deletion	44
2R	22430623	22430516	Deletion	107
2R	22430631	22430516	Deletion	115
2R	22430598	22430516	Deletion	82
2R	22430630	22430516	Deletion	114
2R	22434846	22434760	Deletion	86
2R	22434846	22434763	Deletion	83
2R	22439272	22439228	Deletion	44
2R	22439343	22439228	Deletion	115
2R	22439332	22439228	Deletion	104
2R	22439269	22439228	Deletion	41
2R	22455492	22455394	Deletion	98
2R	22455492	22455396	Deletion	96
2R	22455492	22455425	Deletion	67
2R	22455492	22455435	Deletion	57
2R	22455492	22455462	Deletion	30
2R	22460212	22460116	Deletion	96
2R	22460146	22460116	Deletion	30
2R	22460185	22460116	Deletion	69
2R	22460175	22460116	Deletion	59
2R	22517906	22517797	Deletion	109
2R	22517906	22517820	Deletion	86
2R	22517906	22517820	Deletion	86
2R	22518328	22518288	Deletion	40
2R	22518328	22518288	Deletion	40
2R	22518381	22518288	Deletion	93
2R	22518404	22518288	Deletion	116
2R	22518388	22518288	Deletion	100
2R	22518398	22518288	Deletion	110
2R	22519721	22519662	Deletion	59
2R	22519721	22519673	Deletion	48
2R	22519721	22519682	Deletion	39
2R	22520528	22520441	Deletion	87
2R	22520519	22520441	Deletion	78
2R	22520508	22520441	Deletion	67
2R	22520563	22520441	Deletion	122
2R	22520545	22520441	Deletion	104
2R	22527853	22527756	Deletion	97
2R	22527935	22527857	Deletion	78
2R	22533259	22533138	Deletion	121
2R	22537198	22537102	Deletion	96
2R	22537198	22537129	Deletion	69
2R	22537198	22537136	Deletion	62
2R	22537198	22537146	Deletion	52
2R	22537198	22537149	Deletion	49
2R	22537656	22537556	Deletion	100
2R	22537673	22537556	Deletion	117
2R	22537621	22537556	Deletion	65
2R	22537631	22537556	Deletion	75
2R	22537634	22537556	Deletion	78
2R	22537587	22537556	Deletion	31
2R	22537614	22537556	Deletion	58
2R	22538604	22538484	Deletion	120
2R	22538604	22538489	Deletion	115
2R	22538604	22538494	Deletion	110
2R	22538604	22538541	Deletion	63
2R	22538604	22538551	Deletion	53
2R	22538604	22538552	Deletion	52
2R	22538604	22538559	Deletion	45
2R	22538604	22538561	Deletion	43
2R	22548456	22548372	Deletion	84
2R	22548436	22548372	Deletion	64
2R	22548454	22548372	Deletion	82
2R	22548446	22548372	Deletion	74
2R	22548447	22548372	Deletion	75
2R	22548492	22548373	Deletion	119
2R	22557051	22556930	Deletion	121
2R	22557051	22556954	Deletion	97
2R	22559343	22559228	Deletion	115
2R	22559346	22559228	Deletion	118
2R	22559340	22559228	Deletion	112
2R	22559258	22559228	Deletion	30
2R	22561256	22561142	Deletion	114
2R	22561256	22561168	Deletion	88
2R	22563716	22563595	Deletion	121
2R	22563633	22563595	Deletion	38
2R	22564589	22564466	Deletion	123
2R	22572901	22572788	Deletion	113
2R	22572901	22572827	Deletion	74
2R	22572901	22572839	Deletion	62
2R	22573484	22573420	Deletion	64
2R	22573472	22573420	Deletion	52
2R	22580947	22580901	Deletion	46
2R	22581418	22581331	Deletion	87
2R	22581744	22581670	Deletion	74
2R	22582347	22582310	Deletion	37
2R	22583210	22583121	Deletion	89
2R	22583236	22583121	Deletion	115
2R	22587617	22587495	Deletion	122
2R	22593113	22593009	Deletion	104
2R	22593113	22593022	Deletion	91
2R	22593113	22593027	Deletion	86
2R	22593113	22593073	Deletion	40
2R	22602414	22602306	Deletion	108
2R	22602394	22602306	Deletion	88
2R	22602348	22602306	Deletion	42
2R	22602343	22602306	Deletion	37
2R	22616498	22616400	Deletion	98
2R	22616666	22616547	Deletion	119
2R	22620144	22620020	Deletion	124
2R	22620144	22620076	Deletion	68
2R	22620144	22620078	Deletion	66
2R	22620144	22620085	Deletion	59
2R	22620144	22620095	Deletion	49
2R	22620144	22620105	Deletion	39
2R	22622938	22622850	Deletion	88
2R	22622918	22622850	Deletion	68
2R	22622909	22622850	Deletion	59
2R	22622969	22622850	Deletion	119
2R	22622911	22622850	Deletion	61
2R	22622968	22622850	Deletion	118
2R	22622928	22622850	Deletion	78
2R	22639161	22639065	Deletion	96
2R	22639161	22639076	Deletion	85
2R	22639161	22639098	Deletion	63
2R	22639161	22639131	Deletion	30
2R	22647450	22647353	Deletion	97
2R	22647395	22647353	Deletion	42
2R	22647417	22647353	Deletion	64
2R	22647470	22647353	Deletion	117
2R	22650187	22650066	Deletion	121
2R	22674324	22674207	Deletion	117
2R	22674324	22674212	Deletion	112
2R	22674324	22674213	Deletion	111
2R	22674324	22674214	Deletion	110
2R	22674324	22674234	Deletion	90
2R	22674324	22674235	Deletion	89
2R	22674324	22674243	Deletion	81
2R	22674324	22674271	Deletion	53
2R	22676054	22675935	Deletion	119
2R	22675980	22675935	Deletion	45
2R	22676046	22675935	Deletion	111
2R	22676041	22675935	Deletion	106
2R	22676008	22675935	Deletion	73
2R	22676053	22675935	Deletion	118
2R	22675971	22675935	Deletion	36
2R	22695805	22695716	Deletion	89
2R	22695805	22695719	Deletion	86
2R	22695805	22695749	Deletion	56
2R	22695805	22695770	Deletion	35
2R	22695910	22695872	Deletion	38
2R	22695943	22695872	Deletion	71
2R	22695913	22695872	Deletion	41
2R	22695964	22695872	Deletion	92
2R	22701851	22701735	Deletion	116
2R	22701851	22701749	Deletion	102
2R	22701851	22701753	Deletion	98
2R	22701851	22701774	Deletion	77
2R	22701851	22701786	Deletion	65
2R	22704038	22703989	Deletion	49
2R	22704050	22703989	Deletion	61
2R	22713934	22713821	Deletion	113
2R	22713934	22713856	Deletion	78
2R	22713934	22713857	Deletion	77
2R	22713934	22713859	Deletion	75
2R	22713934	22713876	Deletion	58
2R	22713934	22713894	Deletion	40
2R	22715141	22715093	Deletion	48
2R	22715214	22715093	Deletion	121
2R	22715179	22715093	Deletion	86
2R	22715206	22715093	Deletion	113
2R	22715161	22715093	Deletion	68
2R	22715142	22715093	Deletion	49
2R	22715144	22715093	Deletion	51
2R	22722338	22722220	Deletion	118
2R	22722338	22722224	Deletion	114
2R	22722338	22722258	Deletion	80
2R	22722338	22722282	Deletion	56
2R	22722338	22722298	Deletion	40
2R	22722338	22722301	Deletion	37
2R	22722338	22722306	Deletion	32
2R	22729708	22729584	Deletion	124
2R	22729706	22729584	Deletion	122
2R	22729630	22729584	Deletion	46
2R	22729670	22729584	Deletion	86
2R	22729654	22729584	Deletion	70
2R	22729673	22729584	Deletion	89
2R	22729678	22729584	Deletion	94
2R	22738081	22737957	Deletion	124
2R	22738934	22738868	Deletion	66
2R	22738934	22738871	Deletion	63
2R	22738934	22738886	Deletion	48
2R	22738934	22738890	Deletion	44
2R	22739575	22739462	Deletion	113
2R	22739525	22739462	Deletion	63
2R	22739544	22739462	Deletion	82
2R	22739540	22739462	Deletion	78
2R	22739522	22739462	Deletion	60
2R	22764173	22764066	Deletion	107
2R	22764173	22764075	Deletion	98
2R	22764173	22764086	Deletion	87
2R	22764173	22764095	Deletion	78
2R	22764173	22764103	Deletion	70
2R	22764173	22764134	Deletion	39
2R	22764173	22764140	Deletion	33
2R	22768030	22767937	Deletion	93
2R	22768024	22767937	Deletion	87
2R	22767985	22767937	Deletion	48
2R	22767976	22767937	Deletion	39
2R	22767993	22767937	Deletion	56
2R	22793534	22793414	Deletion	120
2R	22793534	22793439	Deletion	95
2R	22793534	22793455	Deletion	79
2R	22793534	22793491	Deletion	43
2R	22793534	22793495	Deletion	39
2R	22794829	22794739	Deletion	90
2R	22794789	22794739	Deletion	50
2R	22794851	22794739	Deletion	112
2R	22794825	22794739	Deletion	86
2R	22794773	22794739	Deletion	34
2R	22795818	22795711	Deletion	107
2R	22795818	22795725	Deletion	93
2R	22795818	22795743	Deletion	75
2R	22795818	22795763	Deletion	55
2R	22795818	22795776	Deletion	42
2R	22795818	22795786	Deletion	32
2R	22796069	22795975	Deletion	94
2R	22796008	22795975	Deletion	33
2R	22796059	22795975	Deletion	84
2R	22796046	22795975	Deletion	71
2R	22796026	22795975	Deletion	51
2R	22800760	22800650	Deletion	110
2R	22800760	22800680	Deletion	80
2R	22800760	22800681	Deletion	79
2R	22800760	22800688	Deletion	72
2R	22800760	22800698	Deletion	62
2R	22800760	22800726	Deletion	34
2R	22800760	22800728	Deletion	32
2R	22801755	22801706	Deletion	49
2R	22801830	22801706	Deletion	124
2R	22801801	22801706	Deletion	95
2R	22801763	22801706	Deletion	57
2R	22801756	22801706	Deletion	50
2R	22801773	22801706	Deletion	67
2R	22801803	22801706	Deletion	97
2R	22802263	22802158	Deletion	105
2R	22802263	22802190	Deletion	73
2R	22802405	22802351	Deletion	54
2R	22802459	22802351	Deletion	108
2R	22802454	22802351	Deletion	103
2R	22802459	22802360	Deletion	99
2R	22802459	22802362	Deletion	97
2R	22802459	22802362	Deletion	97
2R	22802459	22802377	Deletion	82
2R	22802459	22802391	Deletion	68
2R	22802459	22802398	Deletion	61
2R	22802459	22802428	Deletion	31
2R	22803934	22803904	Deletion	30
2R	22804018	22803904	Deletion	114
2R	22803934	22803904	Deletion	30
2R	22803970	22803904	Deletion	66
2R	22804000	22803904	Deletion	96
2R	22804015	22803904	Deletion	111
2R	22803963	22803904	Deletion	59
2R	22803949	22803904	Deletion	45
2R	22804195	22804074	Deletion	121
2R	22814818	22814706	Deletion	112
2R	22814818	22814713	Deletion	105
2R	22814818	22814742	Deletion	76
2R	22814818	22814767	Deletion	51
2R	22814948	22814871	Deletion	77
2R	22814988	22814871	Deletion	117
2R	22814978	22814871	Deletion	107
2R	22814923	22814871	Deletion	52
2R	22820107	22820017	Deletion	90
2R	22820107	22820046	Deletion	61
2R	22823292	22823256	Deletion	36
2R	22823375	22823256	Deletion	119
2R	22823366	22823256	Deletion	110
2R	22823321	22823256	Deletion	65
2R	22835004	22834971	Deletion	33
2R	22837734	22837613	Deletion	121
2R	22837734	22837618	Deletion	116
2R	22837734	22837670	Deletion	64
2R	22837734	22837688	Deletion	46
2R	22842774	22842712	Deletion	62
2R	22842792	22842712	Deletion	80
2R	22842805	22842712	Deletion	93
2R	22843661	22843559	Deletion	102
2R	22845371	22845247	Deletion	124
2R	22845493	22845372	Deletion	121
2R	22845874	22845762	Deletion	112
2R	22845874	22845779	Deletion	95
2R	22845874	22845783	Deletion	91
2R	22845874	22845795	Deletion	79
2R	22845874	22845802	Deletion	72
2R	22845874	22845803	Deletion	71
2R	22845874	22845821	Deletion	53
2R	22845874	22845840	Deletion	34
2R	22846210	22846113	Deletion	97
2R	22846148	22846113	Deletion	35
2R	22846186	22846113	Deletion	73
2R	22846144	22846113	Deletion	31
2R	22846168	22846113	Deletion	55
2R	22846225	22846113	Deletion	112
2R	22846233	22846113	Deletion	120
2R	22846167	22846113	Deletion	54
2R	22846213	22846113	Deletion	100
2R	22846205	22846113	Deletion	92
2R	22846160	22846113	Deletion	47
2R	22854011	22853887	Deletion	124
2R	22865234	22865140	Deletion	94
2R	22865234	22865151	Deletion	83
2R	22865234	22865154	Deletion	80
2R	22865234	22865172	Deletion	62
2R	22865234	22865185	Deletion	49
2R	22876345	22876225	Deletion	120
2R	22876332	22876225	Deletion	107
2R	22876258	22876225	Deletion	33
2R	22876269	22876225	Deletion	44
2R	22876272	22876225	Deletion	47
2R	22876290	22876225	Deletion	65
2R	22876303	22876225	Deletion	78
2R	22882782	22882660	Deletion	122
2R	22882782	22882672	Deletion	110
2R	22882782	22882688	Deletion	94
2R	22882782	22882719	Deletion	63
2R	22891719	22891687	Deletion	32
2R	22891750	22891687	Deletion	63
2R	22898235	22898124	Deletion	111
2R	22898235	22898193	Deletion	42
2R	22898235	22898205	Deletion	30
2R	22898235	22898205	Deletion	30
2R	22910959	22910874	Deletion	85
2R	22910978	22910874	Deletion	104
2R	22910971	22910874	Deletion	97
2R	22910971	22910874	Deletion	97
2R	22930416	22930301	Deletion	115
2R	22930416	22930314	Deletion	102
2R	22930416	22930322	Deletion	94
2R	22930416	22930333	Deletion	83
2R	22930416	22930352	Deletion	64
2R	22930416	22930352	Deletion	64
2R	22930616	22930572	Deletion	44
2R	22930635	22930572	Deletion	63
2R	22930635	22930572	Deletion	63
2R	22930605	22930572	Deletion	33
2R	22930689	22930572	Deletion	117
2R	22935234	22935112	Deletion	122
2R	22946313	22946212	Deletion	101
2R	22946313	22946253	Deletion	60
2R	22946313	22946264	Deletion	49
2R	22946546	22946469	Deletion	77
2R	22946535	22946469	Deletion	66
2R	22949973	22949916	Deletion	57
2R	22950393	22950273	Deletion	120
2R	22950342	22950273	Deletion	69
2R	22954882	22954787	Deletion	95
2R	22954882	22954787	Deletion	95
2R	22954877	22954791	Deletion	86
2R	22954882	22954801	Deletion	81
2R	22954882	22954822	Deletion	60
2R	22954882	22954837	Deletion	45
2R	22955037	22955002	Deletion	35
2R	22955033	22955002	Deletion	31
2R	22955101	22955002	Deletion	99
2R	22955113	22955002	Deletion	111
2R	22955047	22955002	Deletion	45
2R	22955083	22955002	Deletion	81
2R	22955033	22955002	Deletion	31
2R	22955102	22955002	Deletion	100
2R	22955068	22955002	Deletion	66
2R	22959275	22959212	Deletion	63
2R	22960916	22960867	Deletion	49
2R	22961476	22961435	Deletion	41
2R	22961699	22961593	Deletion	106
2R	22961699	22961664	Deletion	35
2R	22962614	22962497	Deletion	117
2R	22962614	22962569	Deletion	45
2R	22969435	22969370	Deletion	65
2R	22969405	22969370	Deletion	35
2R	22969427	22969370	Deletion	57
2R	22969446	22969370	Deletion	76
2R	22969407	22969370	Deletion	37
2R	22970278	22970162	Deletion	116
2R	22970278	22970173	Deletion	105
2R	22970278	22970202	Deletion	76
2R	22970278	22970230	Deletion	48
2R	22970278	22970238	Deletion	40
2R	22972895	22972809	Deletion	86
2R	22972912	22972809	Deletion	103
2R	22972859	22972809	Deletion	50
2R	22972887	22972809	Deletion	78
2R	22980681	22980566	Deletion	115
2R	22980681	22980570	Deletion	111
2R	22980681	22980627	Deletion	54
2R	22980681	22980637	Deletion	44
2R	22981687	22981615	Deletion	72
2R	22981697	22981615	Deletion	82
2R	22983072	22982948	Deletion	124
2R	22983072	22982964	Deletion	108
2R	22983072	22983008	Deletion	64
2R	22983072	22983022	Deletion	50
2R	22983072	22983040	Deletion	32
2R	22983521	22983445	Deletion	76
2R	22983507	22983445	Deletion	62
2R	22983539	22983445	Deletion	94
2R	22998171	22998051	Deletion	120
2R	22998172	22998053	Deletion	119
2R	22998172	22998059	Deletion	113
2R	22998172	22998073	Deletion	99
2R	22998172	22998112	Deletion	60
2R	22998172	22998118	Deletion	54
2R	22998172	22998123	Deletion	49
2R	22998172	22998137	Deletion	35
2R	23003593	23003516	Deletion	77
2R	23003607	23003516	Deletion	91
2R	23003632	23003516	Deletion	116
2R	23003582	23003516	Deletion	66
2R	23003588	23003516	Deletion	72
2R	23007984	23007860	Deletion	124
2R	23012041	23011928	Deletion	113
2R	23012041	23011959	Deletion	82
2R	23012041	23011965	Deletion	76
2R	23012887	23012777	Deletion	110
2R	23012821	23012777	Deletion	44
2R	23012827	23012777	Deletion	50
2R	23012876	23012777	Deletion	99
2R	23015676	23015555	Deletion	121
2R	23034994	23034874	Deletion	120
2R	23035470	23035349	Deletion	121
2R	23035470	23035351	Deletion	119
2R	23035470	23035372	Deletion	98
2R	23035470	23035390	Deletion	80
2R	23035470	23035427	Deletion	43
2R	23038330	23038284	Deletion	46
2R	23038367	23038284	Deletion	83
2R	23046334	23046211	Deletion	123
2R	23046334	23046218	Deletion	116
2R	23046334	23046241	Deletion	93
2R	23046334	23046261	Deletion	73
2R	23046334	23046278	Deletion	56
2R	23068590	23068489	Deletion	101
2R	23068602	23068489	Deletion	113
2R	23068600	23068489	Deletion	111
2R	23068524	23068489	Deletion	35
2R	23068561	23068489	Deletion	72
2R	23068544	23068489	Deletion	55
2R	23078404	23078320	Deletion	84
2R	23078404	23078326	Deletion	78
2R	23078980	23078875	Deletion	105
2R	23078923	23078875	Deletion	48
2R	23078917	23078880	Deletion	37
2R	23089280	23089179	Deletion	101
2R	23089280	23089184	Deletion	96
2R	23089280	23089213	Deletion	67
2R	23089280	23089218	Deletion	62
2R	23092528	23092464	Deletion	64
2R	23092523	23092464	Deletion	59
2R	23092494	23092464	Deletion	30
2R	23093165	23093044	Deletion	121
2R	23093165	23093088	Deletion	77
2R	23093165	23093093	Deletion	72
2R	23093165	23093099	Deletion	66
2R	23093415	23093316	Deletion	99
2R	23093376	23093316	Deletion	60
2R	23093370	23093316	Deletion	54
2R	23093365	23093316	Deletion	49
2R	23095337	23095216	Deletion	121
2R	23104705	23104645	Deletion	60
2R	23104705	23104663	Deletion	42
2R	23104705	23104673	Deletion	32
2R	23123700	23123606	Deletion	94
2R	23123703	23123606	Deletion	97
2R	23123690	23123606	Deletion	84
2R	23123672	23123606	Deletion	66
2R	23123716	23123606	Deletion	110
2R	23123699	23123606	Deletion	93
2R	23136234	23136120	Deletion	114
2R	23136234	23136135	Deletion	99
2R	23136234	23136160	Deletion	74
2R	23136234	23136168	Deletion	66
2R	23136234	23136176	Deletion	58
2R	23136915	23136815	Deletion	100
2R	23136875	23136815	Deletion	60
2R	23136867	23136815	Deletion	52
2R	23136883	23136815	Deletion	68
2R	23139697	23139579	Deletion	118
2R	23139697	23139599	Deletion	98
2R	23139697	23139615	Deletion	82
2R	23139697	23139619	Deletion	78
2R	23139697	23139667	Deletion	30
2R	23154049	23153953	Deletion	96
2R	23154001	23153953	Deletion	48
2R	23153997	23153953	Deletion	44
2R	23162633	23162509	Deletion	124
2R	23164058	23163945	Deletion	113
2R	23164058	23163947	Deletion	111
2R	23164058	23163956	Deletion	102
2R	23164058	23163974	Deletion	84
2R	23164058	23164009	Deletion	49
2R	23164058	23164013	Deletion	45
2R	23164058	23164027	Deletion	31
2R	23164980	23164899	Deletion	81
2R	23164941	23164899	Deletion	42
2R	23164976	23164899	Deletion	77
2R	23164994	23164901	Deletion	93
2R	23175792	23175721	Deletion	71
2R	23175792	23175760	Deletion	32
2R	23178035	23177916	Deletion	119
2R	23178021	23177916	Deletion	105
2R	23178011	23177916	Deletion	95
2R	23177972	23177916	Deletion	56
2R	23184764	23184671	Deletion	93
2R	23184764	23184672	Deletion	92
2R	23184764	23184677	Deletion	87
2R	23184764	23184709	Deletion	55
2R	23184764	23184715	Deletion	49
2R	23184764	23184723	Deletion	41
2R	23189231	23189124	Deletion	107
2R	23189160	23189124	Deletion	36
2R	23189203	23189124	Deletion	79
2R	23189165	23189124	Deletion	41
2R	23189235	23189124	Deletion	111
2R	23189197	23189124	Deletion	73
2R	23189211	23189124	Deletion	87
2R	23189159	23189124	Deletion	35
2R	23192104	23191987	Deletion	117
2R	23192104	23191992	Deletion	112
2R	23192104	23191996	Deletion	108
2R	23192104	23192034	Deletion	70
2R	23194102	23194046	Deletion	56
2R	23224484	23224378	Deletion	106
2R	23224484	23224395	Deletion	89
2R	23224484	23224446	Deletion	38
2R	23224484	23224451	Deletion	33
2R	23224484	23224453	Deletion	31
2R	23225061	23225024	Deletion	37
2R	23225117	23225024	Deletion	93
2R	23225112	23225024	Deletion	88
2R	23225119	23225024	Deletion	95
2R	23225247	23225158	Deletion	89
2R	23225247	23225180	Deletion	67
2R	23225247	23225181	Deletion	66
2R	23225247	23225185	Deletion	62
2R	23225247	23225195	Deletion	52
2R	23225247	23225215	Deletion	32
2R	23233153	23233093	Deletion	60
2R	23233158	23233093	Deletion	65
2R	23233188	23233093	Deletion	95
2R	23233168	23233093	Deletion	75
2R	23233131	23233093	Deletion	38
2R	23233154	23233093	Deletion	61
2R	23233714	23233599	Deletion	115
2R	23233714	23233610	Deletion	104
2R	23233714	23233614	Deletion	100
2R	23233714	23233619	Deletion	95
2R	23234485	23234368	Deletion	117
2R	23234400	23234368	Deletion	32
2R	23234405	23234368	Deletion	37
2R	23237598	23237477	Deletion	121
2R	23237598	23237478	Deletion	120
2R	23237598	23237491	Deletion	107
2R	23237598	23237509	Deletion	89
2R	23237598	23237560	Deletion	38
2R	23237737	23237649	Deletion	88
2R	23237686	23237649	Deletion	37
2R	23249604	23249495	Deletion	109
2R	23249604	23249507	Deletion	97
2R	23249604	23249568	Deletion	36
2R	23249947	23249857	Deletion	90
2R	23249976	23249857	Deletion	119
2R	23250795	23250688	Deletion	107
2R	23250795	23250712	Deletion	83
2R	23250795	23250713	Deletion	82
2R	23250795	23250729	Deletion	66
2R	23250795	23250731	Deletion	64
2R	23251043	23250980	Deletion	63
2R	23251025	23250980	Deletion	45
2R	23251087	23250980	Deletion	107
2R	23251024	23250980	Deletion	44
2R	23251041	23250980	Deletion	61
2R	23251080	23250980	Deletion	100
2R	23273871	23273769	Deletion	102
2R	23273871	23273791	Deletion	80
2R	23273871	23273793	Deletion	78
2R	23273871	23273794	Deletion	77
2R	23273871	23273805	Deletion	66
2R	23273871	23273806	Deletion	65
2R	23275079	23274973	Deletion	106
2R	23275021	23274973	Deletion	48
2R	23275073	23274973	Deletion	100
2R	23275034	23274973	Deletion	61
2R	23275033	23274973	Deletion	60
2R	23275022	23274973	Deletion	49
2R	23275019	23274976	Deletion	43
2R	23285499	23285384	Deletion	115
2R	23285499	23285387	Deletion	112
2R	23285499	23285400	Deletion	99
2R	23285499	23285434	Deletion	65
2R	23285499	23285438	Deletion	61
2R	23285499	23285455	Deletion	44
2R	23285499	23285459	Deletion	40
2R	23286207	23286125	Deletion	82
2R	23286190	23286125	Deletion	65
2R	23286230	23286125	Deletion	105
2R	23286211	23286125	Deletion	86
2R	23286235	23286125	Deletion	110
2R	23286186	23286125	Deletion	61
2R	23288337	23288223	Deletion	114
2R	23288337	23288239	Deletion	98
2R	23288337	23288256	Deletion	81
2R	23288337	23288262	Deletion	75
2R	23288337	23288282	Deletion	55
2R	23288337	23288291	Deletion	46
2R	23288337	23288299	Deletion	38
2R	23289350	23289299	Deletion	51
2R	23289370	23289299	Deletion	71
2R	23289416	23289299	Deletion	117
2R	23289388	23289299	Deletion	89
2R	23289379	23289299	Deletion	80
2R	23289417	23289299	Deletion	118
2R	23289344	23289299	Deletion	45
2R	23289402	23289299	Deletion	103
2R	23299466	23299369	Deletion	97
2R	23299466	23299402	Deletion	64
2R	23299466	23299411	Deletion	55
2R	23306252	23306150	Deletion	102
2R	23306222	23306150	Deletion	72
2R	23306213	23306150	Deletion	63
2R	23306180	23306150	Deletion	30
2R	23311251	23311131	Deletion	120
2R	23311251	23311153	Deletion	98
2R	23311251	23311161	Deletion	90
2R	23311251	23311202	Deletion	49
2R	23311547	23311511	Deletion	36
2R	23311634	23311511	Deletion	123
2R	23311588	23311511	Deletion	77
2R	23325555	23325431	Deletion	124
2R	23332460	23332349	Deletion	111
2R	23332460	23332350	Deletion	110
2R	23332460	23332363	Deletion	97
2R	23332460	23332368	Deletion	92
2R	23332460	23332390	Deletion	70
2R	23332460	23332413	Deletion	47
2R	23332460	23332428	Deletion	32
2R	23336508	23336429	Deletion	79
2R	23336485	23336429	Deletion	56
2R	23336539	23336429	Deletion	110
2R	23336529	23336429	Deletion	100
2R	23336523	23336429	Deletion	94
2R	23336463	23336429	Deletion	34
2R	23341423	23341302	Deletion	121
2R	23341423	23341334	Deletion	89
2R	23341423	23341351	Deletion	72
2R	23341423	23341355	Deletion	68
2R	23341423	23341357	Deletion	66
2R	23341423	23341381	Deletion	42
2R	23341423	23341388	Deletion	35
2R	23341423	23341389	Deletion	34
2R	23343963	23343872	Deletion	91
2R	23343956	23343872	Deletion	84
2R	23343930	23343872	Deletion	58
2R	23343932	23343872	Deletion	60
2R	23343909	23343872	Deletion	37
2R	23343988	23343872	Deletion	116
2R	23343926	23343872	Deletion	54
2R	23343964	23343872	Deletion	92
2R	23347668	23347547	Deletion	121
2R	23371354	23371257	Deletion	97
2R	23371354	23371266	Deletion	88
2R	23371354	23371275	Deletion	79
2R	23371354	23371289	Deletion	65
2R	23371354	23371293	Deletion	61
2R	23371350	23371316	Deletion	34
2R	23372053	23371987	Deletion	66
2R	23372017	23371987	Deletion	30
2R	23372076	23371987	Deletion	89
2R	23372049	23371987	Deletion	62
2R	23372035	23371987	Deletion	48
2R	23372087	23371987	Deletion	100
2R	23372026	23371987	Deletion	39
2R	23372161	23372055	Deletion	106
2R	23372161	23372061	Deletion	100
2R	23372161	23372069	Deletion	92
2R	23372161	23372119	Deletion	42
2R	23373641	23373607	Deletion	34
2R	23373728	23373607	Deletion	121
2R	23373691	23373607	Deletion	84
2R	23374571	23374452	Deletion	119
2R	23374571	23374473	Deletion	98
2R	23374571	23374474	Deletion	97
2R	23374571	23374476	Deletion	95
2R	23374571	23374484	Deletion	87
2R	23374571	23374488	Deletion	83
2R	23374571	23374498	Deletion	73
2R	23374571	23374499	Deletion	72
2R	23374571	23374519	Deletion	52
2R	23374571	23374523	Deletion	48
2R	23378278	23378154	Deletion	124
2R	23378232	23378154	Deletion	78
2R	23378228	23378154	Deletion	74
2R	23378197	23378154	Deletion	43
2R	23378185	23378154	Deletion	31
2R	23378208	23378154	Deletion	54
2R	23378273	23378154	Deletion	119
2R	23378193	23378154	Deletion	39
2R	23378207	23378154	Deletion	53
2R	23380065	23379945	Deletion	120
2R	23380065	23379983	Deletion	82
2R	23380065	23379993	Deletion	72
2R	23380065	23380012	Deletion	53
2R	23380285	23380212	Deletion	73
2R	23380266	23380212	Deletion	54
2R	23380256	23380212	Deletion	44
2R	23380325	23380212	Deletion	113
2R	23380317	23380212	Deletion	105
2R	23385518	23385398	Deletion	120
2R	23385518	23385449	Deletion	69
2R	23403099	23403006	Deletion	93
2R	23403094	23403047	Deletion	47
2R	23404047	23403988	Deletion	59
2R	23404657	23404596	Deletion	61
2R	23404668	23404596	Deletion	72
2R	23405523	23405483	Deletion	40
2R	23405523	23405493	Deletion	30
2R	23405670	23405574	Deletion	96
2R	23405702	23405633	Deletion	69
2R	23405734	23405636	Deletion	98
2R	23440247	23440148	Deletion	99
2R	23440247	23440150	Deletion	97
2R	23440247	23440197	Deletion	50
2R	23448563	23448487	Deletion	76
2R	23448597	23448490	Deletion	107
2R	23462974	23462851	Deletion	123
2R	23463656	23463548	Deletion	108
2R	23463656	23463549	Deletion	107
2R	23463656	23463550	Deletion	106
2R	23463656	23463561	Deletion	95
2R	23463656	23463564	Deletion	92
2R	23463656	23463591	Deletion	65
2R	23463656	23463592	Deletion	64
2R	23464433	23464372	Deletion	61
2R	23464403	23464372	Deletion	31
2R	23464434	23464372	Deletion	62
2R	23464406	23464372	Deletion	34
2R	23465944	23465826	Deletion	118
2R	23465944	23465848	Deletion	96
2R	23465944	23465854	Deletion	90
2R	23467387	23467356	Deletion	31
2R	23467393	23467356	Deletion	37
2R	23467475	23467356	Deletion	119
2R	23488431	23488332	Deletion	99
2R	23488431	23488350	Deletion	81
2R	23488431	23488391	Deletion	40
2R	23488431	23488392	Deletion	39
2R	23488431	23488400	Deletion	31
2R	23488957	23488871	Deletion	86
2R	23488958	23488871	Deletion	87
2R	23488966	23488871	Deletion	95
2R	23488916	23488871	Deletion	45
2R	23495911	23495871	Deletion	40
2R	23513102	23512979	Deletion	123
2R	23513065	23512979	Deletion	86
2R	23530272	23530167	Deletion	105
2R	23533100	23533012	Deletion	88
2R	23533548	23533466	Deletion	82
2R	23534031	23533974	Deletion	57
2R	23535510	23535459	Deletion	51
2R	23547622	23547531	Deletion	91
2R	23547623	23547531	Deletion	92
2R	23550844	23550782	Deletion	62
2R	23550844	23550813	Deletion	31
2R	23554421	23554357	Deletion	64
2R	23554452	23554357	Deletion	95
2R	23561474	23561365	Deletion	109
2R	23561474	23561367	Deletion	107
2R	23561474	23561404	Deletion	70
2R	23561474	23561422	Deletion	52
2R	23561474	23561423	Deletion	51
2R	23561474	23561443	Deletion	31
2R	23563142	23563030	Deletion	112
2R	23563126	23563030	Deletion	96
2R	23563106	23563030	Deletion	76
2R	23563105	23563030	Deletion	75
2R	23563087	23563030	Deletion	57
2R	23564558	23564441	Deletion	117
2R	23575659	23575559	Deletion	100
2R	23575659	23575566	Deletion	93
2R	23575659	23575569	Deletion	90
2R	23575659	23575595	Deletion	64
2R	23575659	23575610	Deletion	49
2R	23575657	23575611	Deletion	46
2R	23579176	23579143	Deletion	33
2R	23579179	23579143	Deletion	36
2R	23579265	23579143	Deletion	122
2R	23579220	23579143	Deletion	77
2R	23579246	23579143	Deletion	103
2R	23579246	23579143	Deletion	103
2R	23579205	23579143	Deletion	62
2R	23579221	23579143	Deletion	78
2R	23596944	23596823	Deletion	121
2R	23596944	23596826	Deletion	118
2R	23596944	23596837	Deletion	107
2R	23596944	23596855	Deletion	89
2R	23596944	23596858	Deletion	86
2R	23596944	23596861	Deletion	83
2R	23596944	23596880	Deletion	64
2R	23596944	23596888	Deletion	56
2R	23596944	23596891	Deletion	53
2R	23596944	23596914	Deletion	30
2R	23599201	23599127	Deletion	74
2R	23599171	23599127	Deletion	44
2R	23599168	23599127	Deletion	41
2R	23599230	23599127	Deletion	103
2R	23599198	23599127	Deletion	71
2R	23599190	23599127	Deletion	63
2R	23599238	23599127	Deletion	111
2R	23599224	23599127	Deletion	97
2R	23599165	23599127	Deletion	38
2R	23599267	23599145	Deletion	122
2R	23599267	23599157	Deletion	110
2R	23599267	23599177	Deletion	90
2R	23609132	23609027	Deletion	105
2R	23609063	23609027	Deletion	36
2R	23619124	23619007	Deletion	117
2R	23619129	23619018	Deletion	111
2R	23619129	23619021	Deletion	108
2R	23619129	23619027	Deletion	102
2R	23619129	23619053	Deletion	76
2R	23619129	23619062	Deletion	67
2R	23619129	23619062	Deletion	67
2R	23619129	23619099	Deletion	30
2R	23620446	23620340	Deletion	106
2R	23620448	23620340	Deletion	108
2R	23620400	23620340	Deletion	60
2R	23620391	23620340	Deletion	51
2R	23620400	23620340	Deletion	60
2R	23620442	23620340	Deletion	102
2R	23620437	23620340	Deletion	97
2R	23621917	23621827	Deletion	90
2R	23621917	23621859	Deletion	58
2R	23621917	23621878	Deletion	39
2R	23622411	23622323	Deletion	88
2R	23622392	23622323	Deletion	69
2R	23622360	23622323	Deletion	37
2R	23631002	23630897	Deletion	105
2R	23631002	23630900	Deletion	102
2R	23631002	23630904	Deletion	98
2R	23631002	23630930	Deletion	72
2R	23631002	23630954	Deletion	48
2R	23634397	23634342	Deletion	55
2R	23634421	23634342	Deletion	79
2R	23634440	23634342	Deletion	98
2R	23634462	23634342	Deletion	120
2R	23634443	23634342	Deletion	101
2R	23640990	23640870	Deletion	120
2R	23640990	23640883	Deletion	107
2R	23640990	23640891	Deletion	99
2R	23640990	23640897	Deletion	93
2R	23640990	23640924	Deletion	66
2R	23640990	23640926	Deletion	64
2R	23640990	23640930	Deletion	60
2R	23640990	23640934	Deletion	56
2R	23640990	23640936	Deletion	54
2R	23640990	23640941	Deletion	49
2R	23640990	23640958	Deletion	32
2R	23642014	23641937	Deletion	77
2R	23642009	23641937	Deletion	72
2R	23642045	23641937	Deletion	108
2R	23641970	23641937	Deletion	33
2R	23641999	23641937	Deletion	62
2R	23642007	23641937	Deletion	70
2R	23642003	23641937	Deletion	66
2R	23642031	23641937	Deletion	94
2R	23642050	23641937	Deletion	113
2R	23641997	23641937	Deletion	60
2R	23642920	23642804	Deletion	116
2R	23642920	23642810	Deletion	110
2R	23642920	23642827	Deletion	93
2R	23642920	23642833	Deletion	87
2R	23642920	23642854	Deletion	66
2R	23643051	23643018	Deletion	33
2R	23643138	23643018	Deletion	120
2R	23643057	23643018	Deletion	39
2R	23643078	23643018	Deletion	60
2R	23643115	23643018	Deletion	97
2R	23648901	23648786	Deletion	115
2R	23648901	23648802	Deletion	99
2R	23648901	23648815	Deletion	86
2R	23648991	23648950	Deletion	41
2R	23649066	23648950	Deletion	116
2R	23652686	23652562	Deletion	124
2R	23652686	23652564	Deletion	122
2R	23652686	23652569	Deletion	117
2R	23652686	23652619	Deletion	67
2R	23652686	23652631	Deletion	55
2R	23652686	23652634	Deletion	52
2R	23671880	23671818	Deletion	62
2R	23671892	23671818	Deletion	74
2R	23671895	23671818	Deletion	77
2R	23677408	23677285	Deletion	123
2R	23683155	23683031	Deletion	124
2R	23688518	23688414	Deletion	104
2R	23688518	23688431	Deletion	87
2R	23688518	23688434	Deletion	84
2R	23688518	23688449	Deletion	69
2R	23688518	23688454	Deletion	64
2R	23688518	23688479	Deletion	39
2R	23688518	23688484	Deletion	34
2R	23697443	23697321	Deletion	122
2R	23697408	23697321	Deletion	87
2R	23697378	23697321	Deletion	57
2R	23697360	23697321	Deletion	39
2R	23697363	23697321	Deletion	42
2R	23697413	23697321	Deletion	92
2R	23697383	23697321	Deletion	62
2R	23718203	23718081	Deletion	122
2R	23720898	23720787	Deletion	111
2R	23720898	23720844	Deletion	54
2R	23720898	23720868	Deletion	30
2R	23724809	23724713	Deletion	96
2R	23724785	23724713	Deletion	72
2R	23727343	23727281	Deletion	62
2R	23727343	23727282	Deletion	61
2R	23727932	23727829	Deletion	103
2R	23727895	23727829	Deletion	66
2R	23727894	23727829	Deletion	65
2R	23734206	23734092	Deletion	114
2R	23734206	23734129	Deletion	77
2R	23734206	23734142	Deletion	64
2R	23734206	23734144	Deletion	62
2R	23734206	23734147	Deletion	59
2R	23736123	23736073	Deletion	50
2R	23736138	23736073	Deletion	65
2R	23736136	23736073	Deletion	63
2R	23736192	23736073	Deletion	119
2R	23736174	23736073	Deletion	101
2R	23736141	23736073	Deletion	68
2R	23740508	23740424	Deletion	84
2R	23740508	23740437	Deletion	71
2R	23740508	23740441	Deletion	67
2R	23741061	23741006	Deletion	55
2R	23741065	23741006	Deletion	59
2R	23741117	23741006	Deletion	111
2R	23741048	23741006	Deletion	42
2R	23758277	23758155	Deletion	122
2R	23760420	23760299	Deletion	121
2R	23765522	23765423	Deletion	99
2R	23765522	23765445	Deletion	77
2R	23766932	23766883	Deletion	49
2R	23778323	23778199	Deletion	124
2R	23795449	23795342	Deletion	107
2R	23795449	23795360	Deletion	89
2R	23795449	23795399	Deletion	50
2R	23795449	23795402	Deletion	47
2R	23795449	23795416	Deletion	33
2R	23795720	23795644	Deletion	76
2R	23795737	23795644	Deletion	93
2R	23795681	23795644	Deletion	37
2R	23795723	23795644	Deletion	79
2R	23809503	23809384	Deletion	119
2R	23809503	23809397	Deletion	106
2R	23809503	23809431	Deletion	72
2R	23809503	23809442	Deletion	61
2R	23809503	23809445	Deletion	58
2R	23809503	23809456	Deletion	47
2R	23809503	23809466	Deletion	37
2R	23811086	23811019	Deletion	67
2R	23811100	23811019	Deletion	81
2R	23811124	23811019	Deletion	105
2R	23811110	23811019	Deletion	91
2R	23811075	23811019	Deletion	56
2R	23811089	23811019	Deletion	70
2R	23812350	23812227	Deletion	123
2R	23812350	23812254	Deletion	96
2R	23812350	23812294	Deletion	56
2R	23812350	23812313	Deletion	37
2R	23812629	23812596	Deletion	33
2R	23812688	23812596	Deletion	92
2R	23812669	23812596	Deletion	73
2R	23817301	23817182	Deletion	119
2R	23835509	23835415	Deletion	94
2R	23835509	23835419	Deletion	90
2R	23835509	23835422	Deletion	87
2R	23835509	23835439	Deletion	70
2R	23835509	23835477	Deletion	32
2R	23841750	23841692	Deletion	58
2R	23841788	23841692	Deletion	96
2R	23841726	23841692	Deletion	34
2R	23841730	23841692	Deletion	38
2R	23841808	23841692	Deletion	116
2R	23841733	23841692	Deletion	41
2R	23842926	23842858	Deletion	68
2R	23842926	23842887	Deletion	39
2R	23847938	23847823	Deletion	115
2R	23847881	23847823	Deletion	58
2R	23847937	23847823	Deletion	114
2R	23847910	23847823	Deletion	87
2R	23858847	23858723	Deletion	124
2R	23867218	23867096	Deletion	122
2R	23867218	23867123	Deletion	95
2R	23867218	23867123	Deletion	95
2R	23867218	23867138	Deletion	80
2R	23867218	23867144	Deletion	74
2R	23867218	23867168	Deletion	50
2R	23869281	23869203	Deletion	78
2R	23869316	23869203	Deletion	113
2R	23869251	23869203	Deletion	48
2R	23869257	23869203	Deletion	54
2R	23869236	23869203	Deletion	33
2R	23869236	23869203	Deletion	33
2R	23870984	23870864	Deletion	120
2R	23870984	23870873	Deletion	111
2R	23870984	23870893	Deletion	91
2R	23870984	23870893	Deletion	91
2R	23870984	23870937	Deletion	47
2R	23870984	23870944	Deletion	40
2R	23871564	23871453	Deletion	111
2R	23871534	23871453	Deletion	81
2R	23871490	23871453	Deletion	37
2R	23871541	23871453	Deletion	88
2R	23871490	23871453	Deletion	37
2R	23878027	23877923	Deletion	104
2R	23878027	23877928	Deletion	99
2R	23878034	23877968	Deletion	66
2R	23878398	23878305	Deletion	93
2R	23878374	23878305	Deletion	69
2R	23878377	23878305	Deletion	72
2R	23878365	23878305	Deletion	60
2R	23898574	23898453	Deletion	121
2R	23898574	23898469	Deletion	105
2R	23898574	23898486	Deletion	88
2R	23898574	23898544	Deletion	30
2R	23898868	23898772	Deletion	96
2R	23898810	23898772	Deletion	38
2R	23904708	23904587	Deletion	121
2R	23909369	23909248	Deletion	121
2R	23909370	23909252	Deletion	118
2R	23909370	23909264	Deletion	106
2R	23909370	23909273	Deletion	97
2R	23909370	23909334	Deletion	36
2R	23909595	23909505	Deletion	90
2R	23909602	23909505	Deletion	97
2R	23915147	23915090	Deletion	57
2R	23917710	23917654	Deletion	56
2R	23917693	23917654	Deletion	39
2R	23918178	23918060	Deletion	118
2R	23918601	23918554	Deletion	47
2R	23918818	23918732	Deletion	86
2R	23919092	23919017	Deletion	75
2R	23919092	23919039	Deletion	53
2R	23921131	23921017	Deletion	114
2R	23921741	23921693	Deletion	48
2R	23937206	23937109	Deletion	97
2R	23937194	23937109	Deletion	85
2R	23937228	23937109	Deletion	119
2R	23937172	23937109	Deletion	63
2R	23937157	23937109	Deletion	48
2R	23942958	23942835	Deletion	123
2R	23942958	23942843	Deletion	115
2R	23942958	23942872	Deletion	86
2R	23942958	23942888	Deletion	70
2R	23969947	23969891	Deletion	56
2R	23969989	23969891	Deletion	98
2R	23969931	23969891	Deletion	40
2R	23970011	23969891	Deletion	120
2R	24017466	24017381	Deletion	85
2R	24017466	24017406	Deletion	60
2R	24017466	24017408	Deletion	58
2R	24019451	24019383	Deletion	68
2R	24019449	24019383	Deletion	66
2R	24019497	24019383	Deletion	114
2R	24019496	24019383	Deletion	113
2R	24019489	24019383	Deletion	106
2R	24019424	24019383	Deletion	41
2R	24019487	24019383	Deletion	104
2R	24027007	24026891	Deletion	116
2R	24027007	24026911	Deletion	96
2R	24027007	24026961	Deletion	46
2R	24038190	24038073	Deletion	117
2R	24038105	24038073	Deletion	32
2R	24038155	24038073	Deletion	82
2R	24047732	24047618	Deletion	114
2R	24047732	24047624	Deletion	108
2R	24047732	24047629	Deletion	103
2R	24047732	24047636	Deletion	96
2R	24047732	24047692	Deletion	40
2R	24049300	24049214	Deletion	86
2R	24049335	24049214	Deletion	121
2R	24049317	24049214	Deletion	103
2R	24049244	24049214	Deletion	30
2R	24053626	24053552	Deletion	74
2R	24053626	24053569	Deletion	57
2R	24057076	24057003	Deletion	73
2R	24057059	24057003	Deletion	56
2R	24064294	24064212	Deletion	82
2R	24064294	24064215	Deletion	79
2R	24064294	24064249	Deletion	45
2R	24066452	24066353	Deletion	99
2R	24066456	24066353	Deletion	103
2R	24066397	24066353	Deletion	44
2R	24066400	24066353	Deletion	47
2R	24066434	24066353	Deletion	81
2R	24068963	24068843	Deletion	120
2R	24068963	24068844	Deletion	119
2R	24068963	24068869	Deletion	94
2R	24068963	24068870	Deletion	93
2R	24068963	24068906	Deletion	57
2R	24069120	24069087	Deletion	33
2R	24069156	24069087	Deletion	69
2R	24069119	24069087	Deletion	32
2R	24084482	24084371	Deletion	111
2R	24084482	24084416	Deletion	66
2R	24084482	24084438	Deletion	44
2R	24085502	24085418	Deletion	84
2R	24085518	24085418	Deletion	100
2R	24085532	24085418	Deletion	114
2R	24085539	24085418	Deletion	121
2R	24085480	24085418	Deletion	62
2R	24086177	24086055	Deletion	122
2R	24115235	24115174	Deletion	61
2R	24115235	24115175	Deletion	60
2R	24115235	24115179	Deletion	56
2R	24120301	24120231	Deletion	70
2R	24120297	24120231	Deletion	66
2R	24120296	24120231	Deletion	65
2R	24124318	24124194	Deletion	124
2R	24124318	24124262	Deletion	56
2R	24124318	24124270	Deletion	48
2R	24124318	24124271	Deletion	47
2R	24124318	24124274	Deletion	44
2R	24124318	24124274	Deletion	44
2R	24124318	24124278	Deletion	40
2R	24124318	24124284	Deletion	34
2R	24128286	24128227	Deletion	59
2R	24128293	24128227	Deletion	66
2R	24128285	24128227	Deletion	58
2R	24128289	24128227	Deletion	62
2R	24128319	24128227	Deletion	92
2R	24128299	24128227	Deletion	72
2R	24128289	24128227	Deletion	62
2R	24128309	24128227	Deletion	82
2R	24128277	24128227	Deletion	50
2R	24146207	24146086	Deletion	121
2R	24147294	24147206	Deletion	88
2R	24147931	24147828	Deletion	103
2R	24150546	24150509	Deletion	37
2R	24150554	24150509	Deletion	45
2R	24150917	24150839	Deletion	78
2R	24153081	24152959	Deletion	122
2R	24153885	24153767	Deletion	118
2R	24154122	24154069	Deletion	53
2R	24155506	24155468	Deletion	38
2R	24155547	24155468	Deletion	79
2R	24155579	24155468	Deletion	111
2R	24155529	24155468	Deletion	61
2R	24162296	24162181	Deletion	115
2R	24162296	24162211	Deletion	85
2R	24162296	24162219	Deletion	77
2R	24162296	24162253	Deletion	43
2R	24162296	24162262	Deletion	34
2R	24163178	24163055	Deletion	123
2R	24163138	24163055	Deletion	83
2R	24163163	24163055	Deletion	108
2R	24163096	24163055	Deletion	41
2R	24163154	24163055	Deletion	99
2R	24163147	24163055	Deletion	92
2R	24163162	24163055	Deletion	107
2R	24163104	24163055	Deletion	49
2R	24164599	24164480	Deletion	119
2R	24164599	24164513	Deletion	86
2R	24164599	24164514	Deletion	85
2R	24164599	24164522	Deletion	77
2R	24164599	24164555	Deletion	44
2R	24164599	24164568	Deletion	31
2R	24165621	24165578	Deletion	43
2R	24165620	24165578	Deletion	42
2R	24165662	24165578	Deletion	84
2R	24165675	24165578	Deletion	97
2R	24165629	24165578	Deletion	51
2R	24175202	24175080	Deletion	122
2R	24175202	24175089	Deletion	113
2R	24175202	24175091	Deletion	111
2R	24175202	24175136	Deletion	66
2R	24175202	24175144	Deletion	58
2R	24175202	24175157	Deletion	45
2R	24175202	24175162	Deletion	40
2R	24175202	24175165	Deletion	37
2R	24178062	24177994	Deletion	68
2R	24179134	24179035	Deletion	99
2R	24183961	24183844	Deletion	117
2R	24186381	24186286	Deletion	95
2R	24186381	24186330	Deletion	51
2R	24186381	24186334	Deletion	47
2R	24189504	24189425	Deletion	79
2R	24189456	24189425	Deletion	31
2R	24189500	24189425	Deletion	75
2R	24195967	24195853	Deletion	114
2R	24195967	24195886	Deletion	81
2R	24195967	24195891	Deletion	76
2R	24196068	24196018	Deletion	50
2R	24196119	24196018	Deletion	101
2R	24196063	24196018	Deletion	45
2R	24196136	24196018	Deletion	118
2R	24197128	24197022	Deletion	106
2R	24197128	24197055	Deletion	73
2R	24197128	24197073	Deletion	55
2R	24204871	24204800	Deletion	71
2R	24204904	24204800	Deletion	104
2R	24204853	24204800	Deletion	53
2R	24210072	24209974	Deletion	98
2R	24210072	24209977	Deletion	95
2R	24210072	24209984	Deletion	88
2R	24210072	24210041	Deletion	31
2R	24210886	24210848	Deletion	38
2R	24210879	24210848	Deletion	31
2R	24210964	24210848	Deletion	116
2R	24210943	24210848	Deletion	95
2R	24242490	24242379	Deletion	111
2R	24242490	24242448	Deletion	42
2R	24243241	24243156	Deletion	85
2R	24243268	24243156	Deletion	112
2R	24243265	24243156	Deletion	109
2R	24259856	24259752	Deletion	104
2R	24259856	24259785	Deletion	71
2R	24259856	24259806	Deletion	50
2R	24259856	24259821	Deletion	35
2R	24260004	24259910	Deletion	94
2R	24259989	24259910	Deletion	79
2R	24259968	24259910	Deletion	58
2R	24276304	24276200	Deletion	104
2R	24276304	24276209	Deletion	95
2R	24276304	24276233	Deletion	71
2R	24276304	24276236	Deletion	68
2R	24280196	24280138	Deletion	58
2R	24280169	24280138	Deletion	31
2R	24280261	24280138	Deletion	123
2R	24280193	24280138	Deletion	55
2R	24291062	24290948	Deletion	114
2R	24291062	24290991	Deletion	71
2R	24291062	24291010	Deletion	52
2R	24291062	24291026	Deletion	36
2R	24308201	24308078	Deletion	123
2R	24308133	24308078	Deletion	55
2R	24308168	24308078	Deletion	90
2R	24308152	24308082	Deletion	70
2R	24311012	24310888	Deletion	124
2R	24320020	24319923	Deletion	97
2R	24320020	24319938	Deletion	82
2R	24320020	24319953	Deletion	67
2R	24320020	24319974	Deletion	46
2R	24325849	24325819	Deletion	30
2R	24325900	24325819	Deletion	81
2R	24325927	24325819	Deletion	108
2R	24325879	24325819	Deletion	60
2R	24325864	24325819	Deletion	45
2R	24325931	24325819	Deletion	112
2R	24335772	24335649	Deletion	123
2R	24340696	24340578	Deletion	118
2R	24340696	24340585	Deletion	111
2R	24340696	24340586	Deletion	110
2R	24340696	24340608	Deletion	88
2R	24340696	24340657	Deletion	39
2R	24341089	24341051	Deletion	38
2R	24341171	24341051	Deletion	120
2R	24341138	24341051	Deletion	87
2R	24341155	24341051	Deletion	104
2R	24341147	24341051	Deletion	96
2R	24354230	24354191	Deletion	39
2R	24355470	24355348	Deletion	122
2R	24356685	24356600	Deletion	85
2R	24357785	24357663	Deletion	122
2R	24359320	24359249	Deletion	71
2R	24359505	24359456	Deletion	49
2R	24376057	24375936	Deletion	121
2R	24376057	24375961	Deletion	96
2R	24376057	24375972	Deletion	85
2R	24376057	24376007	Deletion	50
2R	24376057	24376019	Deletion	38
2R	24376057	24376026	Deletion	31
2R	24376464	24376369	Deletion	95
2R	24376410	24376369	Deletion	41
2R	24376457	24376369	Deletion	88
2R	24376399	24376369	Deletion	30
2R	24376445	24376369	Deletion	76
2R	24381548	24381424	Deletion	124
2R	24381548	24381427	Deletion	121
2R	24381548	24381431	Deletion	117
2R	24381548	24381444	Deletion	104
2R	24381548	24381463	Deletion	85
2R	24381548	24381477	Deletion	71
2R	24381548	24381497	Deletion	51
2R	24381548	24381510	Deletion	38
2R	24381725	24381636	Deletion	89
2R	24381678	24381636	Deletion	42
2R	24381745	24381636	Deletion	109
2R	24381692	24381636	Deletion	56
2R	24381712	24381636	Deletion	76
2R	24405463	24405372	Deletion	91
2R	24408525	24408428	Deletion	97
2R	24408463	24408428	Deletion	35
2R	24408546	24408428	Deletion	118
2R	24410419	24410298	Deletion	121
2R	24420933	24420811	Deletion	122
2R	24423064	24422943	Deletion	121
2R	24428510	24428386	Deletion	124
2R	24428510	24428386	Deletion	124
2R	24428510	24428387	Deletion	123
2R	24428510	24428410	Deletion	100
2R	24428510	24428425	Deletion	85
2R	24428510	24428445	Deletion	65
2R	24431487	24431376	Deletion	111
2R	24431417	24431376	Deletion	41
2R	24431437	24431376	Deletion	61
2R	24452385	24452263	Deletion	122
2R	24453402	24453281	Deletion	121
2R	24453402	24453311	Deletion	91
2R	24453402	24453338	Deletion	64
2R	24453402	24453367	Deletion	35
2R	24453402	24453372	Deletion	30
2R	24469724	24469689	Deletion	35
2R	24469780	24469689	Deletion	91
2R	24469785	24469689	Deletion	96
2R	24469751	24469689	Deletion	62
2R	24476545	24476439	Deletion	106
2R	24476545	24476457	Deletion	88
2R	24476545	24476467	Deletion	78
2R	24476802	24476762	Deletion	40
2R	24476868	24476762	Deletion	106
2R	24476812	24476766	Deletion	46
2R	24477369	24477250	Deletion	119
2R	24477369	24477313	Deletion	56
2R	24482172	24482048	Deletion	124
2R	24482155	24482048	Deletion	107
2R	24482118	24482048	Deletion	70
2R	24491063	24490951	Deletion	112
2R	24491063	24490953	Deletion	110
2R	24491063	24490959	Deletion	104
2R	24491063	24490988	Deletion	75
2R	24491063	24490988	Deletion	75
2R	24491063	24491016	Deletion	47
2R	24502873	24502822	Deletion	51
2R	24502873	24502822	Deletion	51
2R	24502901	24502822	Deletion	79
2R	24507949	24507846	Deletion	103
2R	24507949	24507848	Deletion	101
2R	24507949	24507854	Deletion	95
2R	24507949	24507874	Deletion	75
2R	24507949	24507893	Deletion	56
2R	24507949	24507901	Deletion	48
2R	24507949	24507902	Deletion	47
2R	24507949	24507907	Deletion	42
2R	24516362	24516310	Deletion	52
2R	24516395	24516310	Deletion	85
2R	24516381	24516310	Deletion	71
2R	24516342	24516310	Deletion	32
2R	24516389	24516310	Deletion	79
2R	24516390	24516310	Deletion	80
2R	24516426	24516310	Deletion	116
2R	24518525	24518402	Deletion	123
2R	24518525	24518425	Deletion	100
2R	24518525	24518440	Deletion	85
2R	24518525	24518491	Deletion	34
2R	24519241	24519119	Deletion	122
2R	24519212	24519119	Deletion	93
2R	24519240	24519119	Deletion	121
2R	24519161	24519119	Deletion	42
2R	24520569	24520447	Deletion	122
2R	24521089	24520970	Deletion	119
2R	24521137	24521017	Deletion	120
2R	24521137	24521020	Deletion	117
2R	24521137	24521061	Deletion	76
2R	24521137	24521070	Deletion	67
2R	24521305	24521246	Deletion	59
2R	24521349	24521246	Deletion	103
2R	24521296	24521246	Deletion	50
2R	24523076	24522965	Deletion	111
2R	24523076	24523023	Deletion	53
2R	24523076	24523025	Deletion	51
2R	24523076	24523040	Deletion	36
2R	24528088	24528015	Deletion	73
2R	24528105	24528015	Deletion	90
2R	24528128	24528015	Deletion	113
2R	24528090	24528015	Deletion	75
2R	24532582	24532465	Deletion	117
2R	24535512	24535408	Deletion	104
2R	24535512	24535460	Deletion	52
2R	24535637	24535563	Deletion	74
2R	24570655	24570537	Deletion	118
2R	24570655	24570549	Deletion	106
2R	24570655	24570570	Deletion	85
2R	24570655	24570601	Deletion	54
2R	24571872	24571798	Deletion	74
2R	24571841	24571798	Deletion	43
2R	24597399	24597281	Deletion	118
2R	24597399	24597291	Deletion	108
2R	24597399	24597293	Deletion	106
2R	24597399	24597348	Deletion	51
2R	24597399	24597368	Deletion	31
2R	24607997	24607922	Deletion	75
2R	24608017	24607922	Deletion	95
2R	24608027	24607922	Deletion	105
2R	24624432	24624309	Deletion	123
2R	24624498	24624377	Deletion	121
2R	24630917	24630794	Deletion	123
2R	24630917	24630797	Deletion	120
2R	24630917	24630803	Deletion	114
2R	24630917	24630846	Deletion	71
2R	24630917	24630866	Deletion	51
2R	24630917	24630870	Deletion	47
2R	24633156	24633057	Deletion	99
2R	24633136	24633057	Deletion	79
2R	24633132	24633057	Deletion	75
2R	24633112	24633057	Deletion	55
2R	24633157	24633057	Deletion	100
2R	24646015	24645946	Deletion	69
2R	24646015	24645979	Deletion	36
2R	24648420	24648347	Deletion	73
2R	24651075	24651027	Deletion	48
2R	24652349	24652310	Deletion	39
2R	24654387	24654336	Deletion	51
2R	24655681	24655557	Deletion	124
2R	24655616	24655557	Deletion	59
2R	24655680	24655557	Deletion	123
2R	24655649	24655557	Deletion	92
2R	24667703	24667588	Deletion	115
2R	24667703	24667588	Deletion	115
2R	24667703	24667594	Deletion	109
2R	24667703	24667599	Deletion	104
2R	24667703	24667600	Deletion	103
2R	24667703	24667662	Deletion	41
2R	24668866	24668753	Deletion	113
2R	24668841	24668753	Deletion	88
2R	24669207	24669086	Deletion	121
2R	24669207	24669101	Deletion	106
2R	24669207	24669111	Deletion	96
2R	24669207	24669130	Deletion	77
2R	24669207	24669142	Deletion	65
2R	24669207	24669150	Deletion	57
2R	24669207	24669162	Deletion	45
2R	24678735	24678674	Deletion	61
2R	24678743	24678674	Deletion	69
2R	24678786	24678674	Deletion	112
2R	24678794	24678674	Deletion	120
2R	24678723	24678674	Deletion	49
2R	24678704	24678674	Deletion	30
2R	24678755	24678674	Deletion	81
2R	24678772	24678674	Deletion	98
2R	24683264	24683149	Deletion	115
2R	24683264	24683151	Deletion	113
2R	24683264	24683168	Deletion	96
2R	24683264	24683171	Deletion	93
2R	24683264	24683172	Deletion	92
2R	24683264	24683180	Deletion	84
2R	24683264	24683195	Deletion	69
2R	24683264	24683199	Deletion	65
2R	24683264	24683210	Deletion	54
2R	24683264	24683217	Deletion	47
2R	24683429	24683348	Deletion	81
2R	24683392	24683348	Deletion	44
2R	24683422	24683348	Deletion	74
2R	24683470	24683348	Deletion	122
2R	24683384	24683348	Deletion	36
2R	24683383	24683348	Deletion	35
2R	24683411	24683348	Deletion	63
2R	24683380	24683348	Deletion	32
2R	24683407	24683348	Deletion	59
2R	24687576	24687452	Deletion	124
2R	24687576	24687456	Deletion	120
2R	24687576	24687472	Deletion	104
2R	24687576	24687513	Deletion	63
2R	24687576	24687536	Deletion	40
2R	24687576	24687538	Deletion	38
2R	24698481	24698393	Deletion	88
2R	24698456	24698393	Deletion	63
2R	24698479	24698393	Deletion	86
2R	24699763	24699657	Deletion	106
2R	24699763	24699661	Deletion	102
2R	24699763	24699679	Deletion	84
2R	24699763	24699687	Deletion	76
2R	24699763	24699698	Deletion	65
2R	24699763	24699702	Deletion	61
2R	24699763	24699707	Deletion	56
2R	24699763	24699712	Deletion	51
2R	24701532	24701471	Deletion	61
2R	24701577	24701471	Deletion	106
2R	24701521	24701471	Deletion	50
2R	24701536	24701471	Deletion	65
2R	24701573	24701471	Deletion	102
2R	24701541	24701471	Deletion	70
2R	24701546	24701471	Deletion	75
2R	24701513	24701471	Deletion	42
2R	24728725	24728633	Deletion	92
2R	24731706	24731629	Deletion	77
2R	24731926	24731878	Deletion	48
2R	24732437	24732401	Deletion	36
2R	24732694	24732654	Deletion	40
2R	24733663	24733575	Deletion	88
2R	24733829	24733721	Deletion	108
2R	24738581	24738457	Deletion	124
2R	24738580	24738483	Deletion	97
2R	24738581	24738507	Deletion	74
2R	24738581	24738520	Deletion	61
2R	24738581	24738522	Deletion	59
2R	24738581	24738523	Deletion	58
2R	24738581	24738527	Deletion	54
2R	24738581	24738537	Deletion	44
2R	24738862	24738780	Deletion	82
2R	24738845	24738780	Deletion	65
2R	24738898	24738780	Deletion	118
2R	24738852	24738780	Deletion	72
2R	24738848	24738780	Deletion	68
2R	24738847	24738780	Deletion	67
2R	24738832	24738780	Deletion	52
2R	24741611	24741491	Deletion	120
2R	24741611	24741528	Deletion	83
2R	24741611	24741538	Deletion	73
2R	24741611	24741553	Deletion	58
2R	24741611	24741560	Deletion	51
2R	24741611	24741571	Deletion	40
2R	24742540	24742454	Deletion	86
2R	24742571	24742454	Deletion	117
2R	24742529	24742454	Deletion	75
2R	24742522	24742454	Deletion	68
2R	24742507	24742454	Deletion	53
2R	24742497	24742454	Deletion	43
2R	24753969	24753854	Deletion	115
2R	24753969	24753855	Deletion	114
2R	24753969	24753863	Deletion	106
2R	24753969	24753867	Deletion	102
2R	24753969	24753875	Deletion	94
2R	24753969	24753878	Deletion	91
2R	24753969	24753878	Deletion	91
2R	24753969	24753878	Deletion	91
2R	24753969	24753889	Deletion	80
2R	24753969	24753904	Deletion	65
2R	24753969	24753909	Deletion	60
2R	24753969	24753909	Deletion	60
2R	24753969	24753911	Deletion	58
2R	24780476	24780408	Deletion	68
2R	24780454	24780408	Deletion	46
2R	24780443	24780408	Deletion	35
2R	24780469	24780408	Deletion	61
2R	24780474	24780408	Deletion	66
2R	24780443	24780408	Deletion	35
2R	24780443	24780408	Deletion	35
2R	24780474	24780408	Deletion	66
2R	24830683	24830563	Deletion	120
2R	24851247	24851133	Deletion	114
2R	24851247	24851160	Deletion	87
2R	24851247	24851212	Deletion	35
2R	24856639	24856599	Deletion	40
2R	24856706	24856599	Deletion	107
2R	24856697	24856599	Deletion	98
2R	24856691	24856599	Deletion	92
2R	24872113	24872039	Deletion	74
2R	24872113	24872059	Deletion	54
2R	24874575	24874502	Deletion	73
2R	24874624	24874502	Deletion	122
2R	24874555	24874502	Deletion	53
2R	24874691	24874661	Deletion	30
2R	24902450	24902334	Deletion	116
2R	24902431	24902334	Deletion	97
2R	24902441	24902334	Deletion	107
2R	24907077	24906970	Deletion	107
2R	24907077	24906986	Deletion	91
2R	24907077	24906994	Deletion	83
2R	24907077	24906997	Deletion	80
2R	24907077	24906999	Deletion	78
2R	24907077	24907034	Deletion	43
2R	24922908	24922862	Deletion	46
2R	24922977	24922862	Deletion	115
2R	24922973	24922862	Deletion	111
2R	24922962	24922862	Deletion	100
2R	24922897	24922862	Deletion	35
2R	24922910	24922862	Deletion	48
2R	24922945	24922862	Deletion	83
2R	24922905	24922862	Deletion	43
2R	24983340	24983218	Deletion	122
2R	24988718	24988626	Deletion	92
2R	24988718	24988655	Deletion	63
2R	24988718	24988656	Deletion	62
2R	24988718	24988658	Deletion	60
2R	24988718	24988661	Deletion	57
2R	24989690	24989656	Deletion	34
2R	24989719	24989656	Deletion	63
2R	24989720	24989656	Deletion	64
2R	24989722	24989656	Deletion	66
2R	24989725	24989656	Deletion	69
2R	24989890	24989782	Deletion	108
2R	24989890	24989794	Deletion	96
2R	24989890	24989817	Deletion	73
2R	24989890	24989836	Deletion	54
2R	24990085	24989975	Deletion	110
2R	24990047	24989975	Deletion	72
2R	24990083	24989975	Deletion	108
2R	24990028	24989975	Deletion	53
2R	24990090	24989975	Deletion	115
2R	24990082	24989975	Deletion	107
2R	24993026	24992946	Deletion	80
2R	24993026	24992955	Deletion	71
2R	24993410	24993295	Deletion	115
2R	24993350	24993295	Deletion	55
2R	24993395	24993295	Deletion	100
2R	24993341	24993295	Deletion	46
2R	24993416	24993295	Deletion	121
2R	24995545	24995421	Deletion	124
2R	24995545	24995434	Deletion	111
2R	24995545	24995459	Deletion	86
2R	24995545	24995460	Deletion	85
2R	24995545	24995466	Deletion	79
2R	25000670	25000628	Deletion	42
2R	25000731	25000628	Deletion	103
2R	25000669	25000628	Deletion	41
2R	25000676	25000628	Deletion	48
2R	25000741	25000628	Deletion	113
2R	25018787	25018668	Deletion	119
2R	25018787	25018672	Deletion	115
2R	25018787	25018677	Deletion	110
2R	25018787	25018687	Deletion	100
2R	25018787	25018693	Deletion	94
2R	25018787	25018726	Deletion	61
2R	25018787	25018732	Deletion	55
2R	25018787	25018738	Deletion	49
2R	25019490	25019418	Deletion	72
2R	25019484	25019418	Deletion	66
2R	25019496	25019418	Deletion	78
2R	25019451	25019418	Deletion	33
2R	25019522	25019418	Deletion	104
2R	25024540	25024419	Deletion	121
2R	25024540	25024438	Deletion	102
2R	25024540	25024441	Deletion	99
2R	25024540	25024459	Deletion	81
2R	25024540	25024463	Deletion	77
2R	25024540	25024466	Deletion	74
2R	25024540	25024490	Deletion	50
2R	25024540	25024494	Deletion	46
2R	25024673	25024597	Deletion	76
2R	25024646	25024597	Deletion	49
2R	25024649	25024597	Deletion	52
2R	25024677	25024597	Deletion	80
2R	25024642	25024597	Deletion	45
2R	25025347	25025233	Deletion	114
2R	25025347	25025239	Deletion	108
2R	25025347	25025249	Deletion	98
2R	25025347	25025259	Deletion	88
2R	25025347	25025273	Deletion	74
2R	25025347	25025287	Deletion	60
2R	25025347	25025304	Deletion	43
2R	25028820	25028751	Deletion	69
2R	25028837	25028751	Deletion	86
2R	25028806	25028751	Deletion	55
2R	25028792	25028751	Deletion	41
2R	25105652	25105550	Deletion	102
2R	25105652	25105581	Deletion	71
2R	25109923	25109868	Deletion	55
2R	25123569	25123478	Deletion	91
2R	25123569	25123481	Deletion	88
2R	25123569	25123501	Deletion	68
2R	25123569	25123514	Deletion	55
2R	25124711	25124611	Deletion	100
2R	25124650	25124611	Deletion	39
2R	25124683	25124611	Deletion	72
2R	25124670	25124611	Deletion	59
2R	25124647	25124611	Deletion	36
2R	25135536	25135429	Deletion	107
2R	25135536	25135460	Deletion	76
2R	25135536	25135468	Deletion	68
2R	25135536	25135471	Deletion	65
2R	25136888	25136827	Deletion	61
2R	25136928	25136827	Deletion	101
2R	25136937	25136827	Deletion	110
2R	25136945	25136827	Deletion	118
2R	25136941	25136827	Deletion	114
2R	25136885	25136827	Deletion	58
2R	25136877	25136827	Deletion	50
2R	25136936	25136827	Deletion	109
2R	25144697	25144632	Deletion	65
2R	25145282	25145162	Deletion	120
2R	25145575	25145524	Deletion	51
2R	25146423	25146386	Deletion	37
2R	25151950	25151882	Deletion	68
2R	25152230	25152109	Deletion	121
2R	25153019	25152945	Deletion	74
2R	25153418	25153310	Deletion	108
2R	25156567	25156463	Deletion	104
2R	25156899	25156796	Deletion	103
2R	25157219	25157188	Deletion	31
2R	25159486	25159385	Deletion	101
2R	25159486	25159392	Deletion	94
2R	25159486	25159397	Deletion	89
2R	25159486	25159412	Deletion	74
2R	25159486	25159426	Deletion	60
2R	25159486	25159434	Deletion	52
2R	25159486	25159450	Deletion	36
2R	25159486	25159456	Deletion	30
2R	25172424	25172350	Deletion	74
2R	25172382	25172350	Deletion	32
2R	25172416	25172350	Deletion	66
2R	25172402	25172350	Deletion	52
2R	25172440	25172350	Deletion	90
2R	25172387	25172350	Deletion	37
2R	25172446	25172350	Deletion	96
2R	25178382	25178268	Deletion	114
2R	25178321	25178290	Deletion	31
2R	25178382	25178338	Deletion	44
2R	25183816	25183703	Deletion	113
2R	25183786	25183703	Deletion	83
2R	25184590	25184469	Deletion	121
2R	25185548	25185434	Deletion	114
2R	25185548	25185436	Deletion	112
2R	25185548	25185442	Deletion	106
2R	25185548	25185496	Deletion	52
2R	25185548	25185512	Deletion	36
2R	25188210	25188135	Deletion	75
2R	25188236	25188135	Deletion	101
2R	25188226	25188135	Deletion	91
2R	25192073	25191949	Deletion	124
2R	25209327	25209240	Deletion	87
2R	25209327	25209278	Deletion	49
2R	25209327	25209287	Deletion	40
2R	25212128	25212017	Deletion	111
2R	25212095	25212017	Deletion	78
2R	25212057	25212017	Deletion	40
2R	25212104	25212017	Deletion	87
2R	25212129	25212017	Deletion	112
2R	25238109	25238002	Deletion	107
2R	25238109	25238005	Deletion	104
2R	25238109	25238024	Deletion	85
2R	25238109	25238029	Deletion	80
2R	25238109	25238076	Deletion	33
2R	25262653	25262589	Deletion	64
2R	25263144	25263044	Deletion	100
2R	25265829	25265799	Deletion	30
2R	25271355	25271242	Deletion	113
2R	25271355	25271275	Deletion	80
2R	25271355	25271282	Deletion	73
2R	25271355	25271303	Deletion	52
2R	25271355	25271322	Deletion	33
2R	25271355	25271323	Deletion	32
2R	25271625	25271571	Deletion	54
2R	25271686	25271571	Deletion	115
2R	25271618	25271571	Deletion	47
2R	25279291	25279174	Deletion	117
2R	25279510	25279388	Deletion	122
2R	25279511	25279388	Deletion	123
2R	25282879	25282756	Deletion	123
2R	25282930	25282841	Deletion	89
2R	25282930	25282856	Deletion	74
2R	25282930	25282899	Deletion	31
2R	25284820	25284702	Deletion	118
3L	215	149	Deletion	66
3L	664	607	Deletion	57
3L	2968	2893	Deletion	75
3L	3131	3026	Deletion	105
3L	3131	3070	Deletion	61
3L	3454	3351	Deletion	103
3L	3843	3809	Deletion	34
3L	4505	4384	Deletion	121
3L	6791	6739	Deletion	52
3L	7707	7623	Deletion	84
3L	8165	8104	Deletion	61
3L	10305	10213	Deletion	92
3L	10714	10671	Deletion	43
3L	11698	11587	Deletion	111
3L	12279	12186	Deletion	93
3L	15027	14962	Deletion	65
3L	15939	15869	Deletion	70
3L	18511	18449	Deletion	62
3L	19142	19069	Deletion	73
3L	19142	19107	Deletion	35
3L	39439	39347	Deletion	92
3L	39439	39387	Deletion	52
3L	39439	39400	Deletion	39
3L	47174	47056	Deletion	118
3L	47130	47056	Deletion	74
3L	47143	47056	Deletion	87
3L	47090	47056	Deletion	34
3L	47412	47315	Deletion	97
3L	47412	47341	Deletion	71
3L	47412	47349	Deletion	63
3L	47412	47361	Deletion	51
3L	47412	47375	Deletion	37
3L	47412	47379	Deletion	33
3L	47647	47571	Deletion	76
3L	47601	47571	Deletion	30
3L	47661	47571	Deletion	90
3L	47627	47571	Deletion	56
3L	47665	47571	Deletion	94
3L	47635	47571	Deletion	64
3L	48983	48887	Deletion	96
3L	48983	48902	Deletion	81
3L	48983	48920	Deletion	63
3L	48983	48937	Deletion	46
3L	49737	49689	Deletion	48
3L	49722	49689	Deletion	33
3L	49797	49689	Deletion	108
3L	49772	49689	Deletion	83
3L	49755	49689	Deletion	66
3L	69031	68929	Deletion	102
3L	69031	68957	Deletion	74
3L	69031	68973	Deletion	58
3L	69031	68994	Deletion	37
3L	69031	68999	Deletion	32
3L	69176	69124	Deletion	52
3L	69222	69124	Deletion	98
3L	69213	69124	Deletion	89
3L	69237	69124	Deletion	113
3L	69218	69124	Deletion	94
3L	69192	69124	Deletion	68
3L	85046	84967	Deletion	79
3L	85046	84994	Deletion	52
3L	85046	84996	Deletion	50
3L	86630	86582	Deletion	48
3L	86657	86582	Deletion	75
3L	86659	86582	Deletion	77
3L	87128	87016	Deletion	112
3L	87128	87030	Deletion	98
3L	87128	87031	Deletion	97
3L	87128	87056	Deletion	72
3L	100464	100341	Deletion	123
3L	100395	100341	Deletion	54
3L	103500	103407	Deletion	93
3L	103500	103424	Deletion	76
3L	103500	103447	Deletion	53
3L	104809	104736	Deletion	73
3L	104769	104736	Deletion	33
3L	104786	104736	Deletion	50
3L	104858	104737	Deletion	121
3L	107224	107130	Deletion	94
3L	107224	107159	Deletion	65
3L	107224	107176	Deletion	48
3L	107224	107181	Deletion	43
3L	110580	110531	Deletion	49
3L	111314	111274	Deletion	40
3L	112559	112482	Deletion	77
3L	113284	113221	Deletion	63
3L	114609	114568	Deletion	41
3L	115012	114932	Deletion	80
3L	115354	115291	Deletion	63
3L	115949	115831	Deletion	118
3L	116802	116721	Deletion	81
3L	118838	118792	Deletion	46
3L	120555	120432	Deletion	123
3L	124195	124087	Deletion	108
3L	124195	124119	Deletion	76
3L	128313	128199	Deletion	114
3L	128312	128199	Deletion	113
3L	128249	128199	Deletion	50
3L	128323	128199	Deletion	124
3L	128974	128850	Deletion	124
3L	128974	128856	Deletion	118
3L	128974	128870	Deletion	104
3L	128974	128876	Deletion	98
3L	129289	129181	Deletion	108
3L	129300	129181	Deletion	119
3L	136286	136169	Deletion	117
3L	136286	136240	Deletion	46
3L	136498	136395	Deletion	103
3L	136514	136395	Deletion	119
3L	136497	136395	Deletion	102
3L	136496	136395	Deletion	101
3L	136493	136395	Deletion	98
3L	136475	136395	Deletion	80
3L	139837	139715	Deletion	122
3L	150297	150209	Deletion	88
3L	150297	150218	Deletion	79
3L	150297	150226	Deletion	71
3L	150297	150230	Deletion	67
3L	150828	150781	Deletion	47
3L	150898	150781	Deletion	117
3L	150819	150781	Deletion	38
3L	150840	150781	Deletion	59
3L	150836	150781	Deletion	55
3L	170593	170485	Deletion	108
3L	170593	170507	Deletion	86
3L	170593	170533	Deletion	60
3L	170593	170536	Deletion	57
3L	170593	170554	Deletion	39
3L	177496	177426	Deletion	70
3L	177493	177426	Deletion	67
3L	177514	177426	Deletion	88
3L	177467	177426	Deletion	41
3L	177544	177426	Deletion	118
3L	177530	177426	Deletion	104
3L	181986	181864	Deletion	122
3L	181986	181865	Deletion	121
3L	181986	181886	Deletion	100
3L	181986	181888	Deletion	98
3L	181986	181913	Deletion	73
3L	181986	181914	Deletion	72
3L	181986	181927	Deletion	59
3L	181986	181940	Deletion	46
3L	181986	181943	Deletion	43
3L	181986	181948	Deletion	38
3L	181986	181950	Deletion	36
3L	185804	185700	Deletion	104
3L	185791	185700	Deletion	91
3L	185781	185700	Deletion	81
3L	185789	185700	Deletion	89
3L	185768	185700	Deletion	68
3L	185754	185700	Deletion	54
3L	185784	185700	Deletion	84
3L	185755	185700	Deletion	55
3L	198954	198900	Deletion	54
3L	199317	199244	Deletion	73
3L	199346	199244	Deletion	102
3L	199356	199244	Deletion	112
3L	205395	205301	Deletion	94
3L	205395	205312	Deletion	83
3L	205395	205323	Deletion	72
3L	205395	205326	Deletion	69
3L	205395	205354	Deletion	41
3L	205395	205359	Deletion	36
3L	205600	205546	Deletion	54
3L	205636	205546	Deletion	90
3L	205644	205546	Deletion	98
3L	205670	205546	Deletion	124
3L	205603	205546	Deletion	57
3L	205631	205546	Deletion	85
3L	205578	205546	Deletion	32
3L	205589	205546	Deletion	43
3L	206849	206730	Deletion	119
3L	206849	206735	Deletion	114
3L	206849	206761	Deletion	88
3L	206849	206792	Deletion	57
3L	206849	206808	Deletion	41
3L	206849	206811	Deletion	38
3L	206849	206814	Deletion	35
3L	206849	206816	Deletion	33
3L	210185	210092	Deletion	93
3L	210177	210092	Deletion	85
3L	210180	210092	Deletion	88
3L	210161	210092	Deletion	69
3L	210183	210092	Deletion	91
3L	210203	210092	Deletion	111
3L	210130	210092	Deletion	38
3L	219249	219127	Deletion	122
3L	222094	221973	Deletion	121
3L	231829	231744	Deletion	85
3L	231920	231879	Deletion	41
3L	235063	234941	Deletion	122
3L	235063	234964	Deletion	99
3L	235063	234972	Deletion	91
3L	235063	235007	Deletion	56
3L	235063	235026	Deletion	37
3L	235930	235858	Deletion	72
3L	235982	235858	Deletion	124
3L	235957	235858	Deletion	99
3L	235895	235858	Deletion	37
3L	235949	235858	Deletion	91
3L	235957	235858	Deletion	99
3L	235975	235858	Deletion	117
3L	237454	237349	Deletion	105
3L	237464	237349	Deletion	115
3L	250496	250403	Deletion	93
3L	250496	250410	Deletion	86
3L	250496	250410	Deletion	86
3L	250496	250438	Deletion	58
3L	250496	250463	Deletion	33
3L	250496	250466	Deletion	30
3L	253235	253194	Deletion	41
3L	253291	253194	Deletion	97
3L	253288	253194	Deletion	94
3L	253263	253194	Deletion	69
3L	253228	253194	Deletion	34
3L	253300	253194	Deletion	106
3L	253235	253194	Deletion	41
3L	261587	261471	Deletion	116
3L	261586	261501	Deletion	85
3L	261587	261507	Deletion	80
3L	261867	261817	Deletion	50
3L	261928	261817	Deletion	111
3L	261861	261821	Deletion	40
3L	271879	271756	Deletion	123
3L	282917	282799	Deletion	118
3L	282917	282814	Deletion	103
3L	282917	282826	Deletion	91
3L	282917	282834	Deletion	83
3L	282917	282835	Deletion	82
3L	282917	282840	Deletion	77
3L	282917	282842	Deletion	75
3L	282917	282850	Deletion	67
3L	285681	285629	Deletion	52
3L	285673	285629	Deletion	44
3L	285674	285629	Deletion	45
3L	285735	285629	Deletion	106
3L	285679	285629	Deletion	50
3L	285689	285629	Deletion	60
3L	285665	285629	Deletion	36
3L	292213	292117	Deletion	96
3L	292213	292145	Deletion	68
3L	292213	292150	Deletion	63
3L	292213	292163	Deletion	50
3L	292379	292303	Deletion	76
3L	292401	292303	Deletion	98
3L	292366	292303	Deletion	63
3L	292424	292303	Deletion	121
3L	292333	292303	Deletion	30
3L	292361	292303	Deletion	58
3L	300462	300340	Deletion	122
3L	314565	314461	Deletion	104
3L	314565	314468	Deletion	97
3L	314565	314507	Deletion	58
3L	314565	314511	Deletion	54
3L	314565	314530	Deletion	35
3L	320671	320599	Deletion	72
3L	320667	320599	Deletion	68
3L	320690	320599	Deletion	91
3L	339479	339390	Deletion	89
3L	339482	339393	Deletion	89
3L	339482	339398	Deletion	84
3L	339482	339425	Deletion	57
3L	339482	339425	Deletion	57
3L	362508	362405	Deletion	103
3L	362474	362405	Deletion	69
3L	362474	362405	Deletion	69
3L	362447	362405	Deletion	42
3L	362442	362405	Deletion	37
3L	362439	362405	Deletion	34
3L	362624	362509	Deletion	115
3L	362624	362511	Deletion	113
3L	362624	362534	Deletion	90
3L	362624	362553	Deletion	71
3L	362624	362562	Deletion	62
3L	362624	362566	Deletion	58
3L	362624	362594	Deletion	30
3L	373045	372989	Deletion	56
3L	373054	372989	Deletion	65
3L	373058	372989	Deletion	69
3L	373091	372989	Deletion	102
3L	373086	372989	Deletion	97
3L	373026	372989	Deletion	37
3L	382731	382667	Deletion	64
3L	382731	382669	Deletion	62
3L	382731	382677	Deletion	54
3L	403179	403058	Deletion	121
3L	404561	404450	Deletion	111
3L	405411	405316	Deletion	95
3L	407057	406968	Deletion	89
3L	408982	408918	Deletion	64
3L	409237	409184	Deletion	53
3L	409984	409862	Deletion	122
3L	409944	409862	Deletion	82
3L	409945	409862	Deletion	83
3L	409964	409862	Deletion	102
3L	409902	409862	Deletion	40
3L	415247	415179	Deletion	68
3L	415247	415194	Deletion	53
3L	435771	435698	Deletion	73
3L	435756	435698	Deletion	58
3L	435796	435698	Deletion	98
3L	435799	435698	Deletion	101
3L	435798	435698	Deletion	100
3L	444757	444639	Deletion	118
3L	444757	444727	Deletion	30
3L	454605	454507	Deletion	98
3L	454619	454507	Deletion	112
3L	454621	454507	Deletion	114
3L	454607	454507	Deletion	100
3L	471002	470925	Deletion	77
3L	471002	470927	Deletion	75
3L	471002	470952	Deletion	50
3L	475786	475667	Deletion	119
3L	475719	475667	Deletion	52
3L	475717	475667	Deletion	50
3L	475744	475667	Deletion	77
3L	503824	503749	Deletion	75
3L	503824	503766	Deletion	58
3L	503824	503780	Deletion	44
3L	503824	503791	Deletion	33
3L	504599	504497	Deletion	102
3L	504549	504497	Deletion	52
3L	504591	504497	Deletion	94
3L	504616	504497	Deletion	119
3L	504566	504497	Deletion	69
3L	504580	504500	Deletion	80
3L	509157	509034	Deletion	123
3L	526981	526861	Deletion	120
3L	530895	530778	Deletion	117
3L	542411	542324	Deletion	87
3L	542411	542335	Deletion	76
3L	542409	542342	Deletion	67
3L	542411	542368	Deletion	43
3L	542629	542545	Deletion	84
3L	542585	542545	Deletion	40
3L	542596	542545	Deletion	51
3L	542603	542545	Deletion	58
3L	542647	542545	Deletion	102
3L	543607	543484	Deletion	123
3L	551687	551579	Deletion	108
3L	551687	551613	Deletion	74
3L	560827	560713	Deletion	114
3L	560765	560713	Deletion	52
3L	565636	565515	Deletion	121
3L	569982	569864	Deletion	118
3L	569979	569864	Deletion	115
3L	580547	580431	Deletion	116
3L	580547	580439	Deletion	108
3L	580547	580457	Deletion	90
3L	580547	580484	Deletion	63
3L	580960	580922	Deletion	38
3L	580987	580922	Deletion	65
3L	581593	581479	Deletion	114
3L	581593	581502	Deletion	91
3L	581593	581542	Deletion	51
3L	581593	581553	Deletion	40
3L	581593	581561	Deletion	32
3L	583084	582998	Deletion	86
3L	583073	582998	Deletion	75
3L	583033	582998	Deletion	35
3L	583118	582998	Deletion	120
3L	583092	582998	Deletion	94
3L	584964	584847	Deletion	117
3L	584964	584857	Deletion	107
3L	584964	584870	Deletion	94
3L	584964	584896	Deletion	68
3L	590423	590316	Deletion	107
3L	590374	590316	Deletion	58
3L	590348	590316	Deletion	32
3L	598762	598638	Deletion	124
3L	599463	599359	Deletion	104
3L	599463	599374	Deletion	89
3L	599463	599386	Deletion	77
3L	599463	599386	Deletion	77
3L	599463	599414	Deletion	49
3L	599463	599424	Deletion	39
3L	599463	599429	Deletion	34
3L	599887	599836	Deletion	51
3L	599915	599836	Deletion	79
3L	599875	599836	Deletion	39
3L	599887	599836	Deletion	51
3L	599925	599836	Deletion	89
3L	599930	599836	Deletion	94
3L	599954	599836	Deletion	118
3L	611331	611248	Deletion	83
3L	611331	611251	Deletion	80
3L	611331	611259	Deletion	72
3L	611331	611292	Deletion	39
3L	611331	611294	Deletion	37
3L	612601	612554	Deletion	47
3L	612642	612554	Deletion	88
3L	612609	612554	Deletion	55
3L	612598	612554	Deletion	44
3L	612644	612554	Deletion	90
3L	616225	616125	Deletion	100
3L	616223	616125	Deletion	98
3L	642798	642676	Deletion	122
3L	649680	649559	Deletion	121
3L	656920	656798	Deletion	122
3L	659425	659309	Deletion	116
3L	694511	694388	Deletion	123
3L	694511	694421	Deletion	90
3L	694511	694438	Deletion	73
3L	694511	694465	Deletion	46
3L	695958	695878	Deletion	80
3L	695981	695878	Deletion	103
3L	695914	695878	Deletion	36
3L	695931	695878	Deletion	53
3L	696556	696439	Deletion	117
3L	696556	696440	Deletion	116
3L	696556	696441	Deletion	115
3L	696556	696469	Deletion	87
3L	696556	696473	Deletion	83
3L	696556	696475	Deletion	81
3L	696556	696482	Deletion	74
3L	696556	696517	Deletion	39
3L	700510	700469	Deletion	41
3L	700558	700469	Deletion	89
3L	700516	700469	Deletion	47
3L	700514	700469	Deletion	45
3L	700523	700469	Deletion	54
3L	716929	716805	Deletion	124
3L	716929	716809	Deletion	120
3L	716929	716884	Deletion	45
3L	721040	720932	Deletion	108
3L	721014	720932	Deletion	82
3L	735662	735544	Deletion	118
3L	735662	735554	Deletion	108
3L	735662	735626	Deletion	36
3L	735821	735714	Deletion	107
3L	735804	735714	Deletion	90
3L	735835	735714	Deletion	121
3L	737872	737751	Deletion	121
3L	747164	747044	Deletion	120
3L	747164	747078	Deletion	86
3L	747164	747110	Deletion	54
3L	752185	752086	Deletion	99
3L	752189	752086	Deletion	103
3L	752200	752086	Deletion	114
3L	752127	752086	Deletion	41
3L	752159	752086	Deletion	73
3L	752193	752086	Deletion	107
3L	754455	754345	Deletion	110
3L	754455	754392	Deletion	63
3L	754966	754903	Deletion	63
3L	755009	754903	Deletion	106
3L	755006	754903	Deletion	103
3L	784918	784804	Deletion	114
3L	784918	784804	Deletion	114
3L	784918	784805	Deletion	113
3L	784918	784835	Deletion	83
3L	784918	784871	Deletion	47
3L	786213	786170	Deletion	43
3L	786249	786170	Deletion	79
3L	786280	786170	Deletion	110
3L	786290	786170	Deletion	120
3L	789687	789578	Deletion	109
3L	789687	789625	Deletion	62
3L	789687	789626	Deletion	61
3L	789687	789630	Deletion	57
3L	790398	790277	Deletion	121
3L	795067	794958	Deletion	109
3L	795024	794958	Deletion	66
3L	795023	794958	Deletion	65
3L	795028	794958	Deletion	70
3L	795080	794958	Deletion	122
3L	803651	803529	Deletion	122
3L	804550	804442	Deletion	108
3L	804555	804500	Deletion	55
3L	804555	804504	Deletion	51
3L	812855	812784	Deletion	71
3L	812859	812784	Deletion	75
3L	815671	815627	Deletion	44
3L	817814	817730	Deletion	84
3L	817831	817730	Deletion	101
3L	826070	825960	Deletion	110
3L	826070	825967	Deletion	103
3L	826070	825979	Deletion	91
3L	826070	826004	Deletion	66
3L	826070	826022	Deletion	48
3L	826070	826030	Deletion	40
3L	829017	828896	Deletion	121
3L	828959	828896	Deletion	63
3L	828985	828896	Deletion	89
3L	829005	828896	Deletion	109
3L	828934	828896	Deletion	38
3L	828977	828896	Deletion	81
3L	832003	831879	Deletion	124
3L	841108	840993	Deletion	115
3L	841108	840996	Deletion	112
3L	841108	841001	Deletion	107
3L	841108	841020	Deletion	88
3L	841108	841062	Deletion	46
3L	842510	842430	Deletion	80
3L	842529	842430	Deletion	99
3L	842468	842430	Deletion	38
3L	852273	852156	Deletion	117
3L	858474	858411	Deletion	63
3L	860196	860163	Deletion	33
3L	863202	863147	Deletion	55
3L	865009	864886	Deletion	123
3L	865431	865315	Deletion	116
3L	877534	877479	Deletion	55
3L	877589	877479	Deletion	110
3L	877534	877479	Deletion	55
3L	880903	880787	Deletion	116
3L	880903	880798	Deletion	105
3L	880903	880849	Deletion	54
3L	880903	880858	Deletion	45
3L	882385	882263	Deletion	122
3L	882336	882263	Deletion	73
3L	882345	882263	Deletion	82
3L	888552	888430	Deletion	122
3L	893417	893292	Deletion	125
3L	914455	914333	Deletion	122
3L	914455	914344	Deletion	111
3L	914455	914358	Deletion	97
3L	914455	914368	Deletion	87
3L	914455	914375	Deletion	80
3L	914455	914386	Deletion	69
3L	914455	914393	Deletion	62
3L	914894	914855	Deletion	39
3L	914901	914855	Deletion	46
3L	914978	914855	Deletion	123
3L	914912	914855	Deletion	57
3L	914920	914855	Deletion	65
3L	927210	927162	Deletion	48
3L	930025	929971	Deletion	54
3L	931126	931024	Deletion	102
3L	940115	940000	Deletion	115
3L	950476	950358	Deletion	118
3L	950422	950358	Deletion	64
3L	950460	950358	Deletion	102
3L	950409	950358	Deletion	51
3L	950470	950358	Deletion	112
3L	950394	950358	Deletion	36
3L	950422	950358	Deletion	64
3L	959237	959119	Deletion	118
3L	959416	959296	Deletion	120
3L	964538	964417	Deletion	121
3L	964538	964417	Deletion	121
3L	964538	964430	Deletion	108
3L	964538	964462	Deletion	76
3L	976223	976172	Deletion	51
3L	976291	976172	Deletion	119
3L	978816	978710	Deletion	106
3L	978816	978736	Deletion	80
3L	978816	978747	Deletion	69
3L	978816	978764	Deletion	52
3L	983760	983702	Deletion	58
3L	983749	983702	Deletion	47
3L	983777	983702	Deletion	75
3L	983821	983702	Deletion	119
3L	983819	983705	Deletion	114
3L	986188	986067	Deletion	121
3L	989318	989196	Deletion	122
3L	1003617	1003495	Deletion	122
3L	1007441	1007319	Deletion	122
3L	1012225	1012126	Deletion	99
3L	1012225	1012140	Deletion	85
3L	1012225	1012143	Deletion	82
3L	1012225	1012169	Deletion	56
3L	1012225	1012183	Deletion	42
3L	1012225	1012185	Deletion	40
3L	1012225	1012189	Deletion	36
3L	1020068	1019978	Deletion	90
3L	1020062	1019978	Deletion	84
3L	1020019	1019978	Deletion	41
3L	1020048	1019978	Deletion	70
3L	1020022	1019978	Deletion	44
3L	1020064	1019978	Deletion	86
3L	1048097	1048016	Deletion	81
3L	1048399	1048349	Deletion	50
3L	1057467	1057419	Deletion	48
3L	1057452	1057419	Deletion	33
3L	1057513	1057419	Deletion	94
3L	1068850	1068728	Deletion	122
3L	1068850	1068743	Deletion	107
3L	1068849	1068751	Deletion	98
3L	1068850	1068761	Deletion	89
3L	1068850	1068762	Deletion	88
3L	1068850	1068767	Deletion	83
3L	1068850	1068770	Deletion	80
3L	1068850	1068799	Deletion	51
3L	1068850	1068800	Deletion	50
3L	1068850	1068806	Deletion	44
3L	1068850	1068809	Deletion	41
3L	1068850	1068810	Deletion	40
3L	1070759	1070713	Deletion	46
3L	1070795	1070713	Deletion	82
3L	1070751	1070713	Deletion	38
3L	1070833	1070713	Deletion	120
3L	1070798	1070713	Deletion	85
3L	1070750	1070713	Deletion	37
3L	1070756	1070713	Deletion	43
3L	1070799	1070713	Deletion	86
3L	1070788	1070713	Deletion	75
3L	1070789	1070713	Deletion	76
3L	1083392	1083271	Deletion	121
3L	1091475	1091368	Deletion	107
3L	1091475	1091426	Deletion	49
3L	1091475	1091436	Deletion	39
3L	1091475	1091442	Deletion	33
3L	1091708	1091631	Deletion	77
3L	1091746	1091631	Deletion	115
3L	1091724	1091631	Deletion	93
3L	1091732	1091631	Deletion	101
3L	1091718	1091631	Deletion	87
3L	1091743	1091631	Deletion	112
3L	1100808	1100693	Deletion	115
3L	1100808	1100700	Deletion	108
3L	1100808	1100713	Deletion	95
3L	1100808	1100736	Deletion	72
3L	1100808	1100746	Deletion	62
3L	1100808	1100749	Deletion	59
3L	1100808	1100774	Deletion	34
3L	1109208	1109140	Deletion	68
3L	1109205	1109140	Deletion	65
3L	1109172	1109140	Deletion	32
3L	1109233	1109140	Deletion	93
3L	1109195	1109140	Deletion	55
3L	1109249	1109140	Deletion	109
3L	1125624	1125525	Deletion	99
3L	1125624	1125541	Deletion	83
3L	1125624	1125566	Deletion	58
3L	1125624	1125587	Deletion	37
3L	1125835	1125766	Deletion	69
3L	1125873	1125766	Deletion	107
3L	1125810	1125766	Deletion	44
3L	1125856	1125766	Deletion	90
3L	1127347	1127225	Deletion	122
3L	1132302	1132185	Deletion	117
3L	1132302	1132194	Deletion	108
3L	1132302	1132234	Deletion	68
3L	1132302	1132246	Deletion	56
3L	1132302	1132248	Deletion	54
3L	1132302	1132266	Deletion	36
3L	1132302	1132268	Deletion	34
3L	1139852	1139762	Deletion	90
3L	1139834	1139762	Deletion	72
3L	1139832	1139762	Deletion	70
3L	1139854	1139762	Deletion	92
3L	1139820	1139762	Deletion	58
3L	1139874	1139762	Deletion	112
3L	1144172	1144055	Deletion	117
3L	1144172	1144068	Deletion	104
3L	1144172	1144082	Deletion	90
3L	1144172	1144116	Deletion	56
3L	1144172	1144121	Deletion	51
3L	1144172	1144123	Deletion	49
3L	1144172	1144136	Deletion	36
3L	1146219	1146183	Deletion	36
3L	1146260	1146183	Deletion	77
3L	1146258	1146183	Deletion	75
3L	1146285	1146183	Deletion	102
3L	1146273	1146183	Deletion	90
3L	1146253	1146183	Deletion	70
3L	1146284	1146183	Deletion	101
3L	1152791	1152677	Deletion	114
3L	1152791	1152711	Deletion	80
3L	1152791	1152714	Deletion	77
3L	1152791	1152753	Deletion	38
3L	1157545	1157499	Deletion	46
3L	1158478	1158400	Deletion	78
3L	1159803	1159680	Deletion	123
3L	1160668	1160602	Deletion	66
3L	1160636	1160602	Deletion	34
3L	1172747	1172680	Deletion	67
3L	1172747	1172701	Deletion	46
3L	1172747	1172709	Deletion	38
3L	1172747	1172710	Deletion	37
3L	1176771	1176691	Deletion	80
3L	1176750	1176691	Deletion	59
3L	1176779	1176691	Deletion	88
3L	1176780	1176691	Deletion	89
3L	1188482	1188359	Deletion	123
3L	1203641	1203529	Deletion	112
3L	1203641	1203563	Deletion	78
3L	1213187	1213084	Deletion	103
3L	1213132	1213084	Deletion	48
3L	1213399	1213273	Deletion	126
3L	1214262	1214141	Deletion	121
3L	1218412	1218296	Deletion	116
3L	1218412	1218327	Deletion	85
3L	1218412	1218331	Deletion	81
3L	1218412	1218346	Deletion	66
3L	1218412	1218348	Deletion	64
3L	1218412	1218357	Deletion	55
3L	1218412	1218357	Deletion	55
3L	1218412	1218366	Deletion	46
3L	1221422	1221328	Deletion	94
3L	1222179	1222070	Deletion	109
3L	1222623	1222530	Deletion	93
3L	1223398	1223352	Deletion	46
3L	1225427	1225392	Deletion	35
3L	1226419	1226336	Deletion	83
3L	1227907	1227790	Deletion	117
3L	1227907	1227800	Deletion	107
3L	1227907	1227801	Deletion	106
3L	1227907	1227818	Deletion	89
3L	1227907	1227836	Deletion	71
3L	1227905	1227853	Deletion	52
3L	1227907	1227860	Deletion	47
3L	1230568	1230495	Deletion	73
3L	1230551	1230495	Deletion	56
3L	1230575	1230495	Deletion	80
3L	1230533	1230495	Deletion	38
3L	1230599	1230497	Deletion	102
3L	1230626	1230508	Deletion	118
3L	1230626	1230509	Deletion	117
3L	1230626	1230528	Deletion	98
3L	1230626	1230532	Deletion	94
3L	1230626	1230533	Deletion	93
3L	1230626	1230540	Deletion	86
3L	1230626	1230542	Deletion	84
3L	1230626	1230561	Deletion	65
3L	1230626	1230584	Deletion	42
3L	1237641	1237601	Deletion	40
3L	1237633	1237601	Deletion	32
3L	1237643	1237601	Deletion	42
3L	1237685	1237601	Deletion	84
3L	1237662	1237601	Deletion	61
3L	1237634	1237601	Deletion	33
3L	1240993	1240875	Deletion	118
3L	1240993	1240908	Deletion	85
3L	1240993	1240908	Deletion	85
3L	1240993	1240919	Deletion	74
3L	1242354	1242311	Deletion	43
3L	1242365	1242311	Deletion	54
3L	1242354	1242311	Deletion	43
3L	1274533	1274422	Deletion	111
3L	1274533	1274437	Deletion	96
3L	1274533	1274442	Deletion	91
3L	1274533	1274471	Deletion	62
3L	1274533	1274488	Deletion	45
3L	1274533	1274491	Deletion	42
3L	1280013	1279945	Deletion	68
3L	1280030	1279945	Deletion	85
3L	1279984	1279945	Deletion	39
3L	1279979	1279945	Deletion	34
3L	1280065	1279945	Deletion	120
3L	1280033	1279945	Deletion	88
3L	1286794	1286676	Deletion	118
3L	1286794	1286676	Deletion	118
3L	1286794	1286701	Deletion	93
3L	1286794	1286708	Deletion	86
3L	1286794	1286737	Deletion	57
3L	1286794	1286750	Deletion	44
3L	1287864	1287831	Deletion	33
3L	1287900	1287831	Deletion	69
3L	1287913	1287831	Deletion	82
3L	1287871	1287831	Deletion	40
3L	1297789	1297668	Deletion	121
3L	1301259	1301145	Deletion	114
3L	1301259	1301164	Deletion	95
3L	1301259	1301178	Deletion	81
3L	1303588	1303484	Deletion	104
3L	1303529	1303484	Deletion	45
3L	1303515	1303484	Deletion	31
3L	1303585	1303484	Deletion	101
3L	1310993	1310930	Deletion	63
3L	1311644	1311537	Deletion	107
3L	1311600	1311537	Deletion	63
3L	1311657	1311537	Deletion	120
3L	1319459	1319372	Deletion	87
3L	1319459	1319385	Deletion	74
3L	1319459	1319399	Deletion	60
3L	1319459	1319410	Deletion	49
3L	1319459	1319425	Deletion	34
3L	1319459	1319427	Deletion	32
3L	1319459	1319427	Deletion	32
3L	1321050	1320956	Deletion	94
3L	1321008	1320956	Deletion	52
3L	1321077	1320956	Deletion	121
3L	1321022	1320956	Deletion	66
3L	1321033	1320956	Deletion	77
3L	1321048	1320956	Deletion	92
3L	1321050	1320956	Deletion	94
3L	1320995	1320956	Deletion	39
3L	1327635	1327514	Deletion	121
3L	1331766	1331643	Deletion	123
3L	1333152	1333030	Deletion	122
3L	1345835	1345718	Deletion	117
3L	1345835	1345749	Deletion	86
3L	1345835	1345753	Deletion	82
3L	1345835	1345773	Deletion	62
3L	1345835	1345773	Deletion	62
3L	1345835	1345794	Deletion	41
3L	1345835	1345800	Deletion	35
3L	1348224	1348138	Deletion	86
3L	1348183	1348138	Deletion	45
3L	1348203	1348138	Deletion	65
3L	1348179	1348138	Deletion	41
3L	1348230	1348138	Deletion	92
3L	1348242	1348138	Deletion	104
3L	1348203	1348138	Deletion	65
3L	1367011	1366895	Deletion	116
3L	1367011	1366911	Deletion	100
3L	1367011	1366941	Deletion	70
3L	1367011	1366961	Deletion	50
3L	1367011	1366967	Deletion	44
3L	1367011	1366973	Deletion	38
3L	1370727	1370644	Deletion	83
3L	1370763	1370644	Deletion	119
3L	1370768	1370644	Deletion	124
3L	1370733	1370644	Deletion	89
3L	1370721	1370644	Deletion	77
3L	1370701	1370644	Deletion	57
3L	1370751	1370644	Deletion	107
3L	1370748	1370644	Deletion	104
3L	1391056	1390947	Deletion	109
3L	1391060	1390955	Deletion	105
3L	1391060	1390959	Deletion	101
3L	1391060	1390975	Deletion	85
3L	1391060	1390984	Deletion	76
3L	1391060	1391010	Deletion	50
3L	1391060	1391022	Deletion	38
3L	1391060	1391022	Deletion	38
3L	1391060	1391026	Deletion	34
3L	1404529	1404479	Deletion	50
3L	1404520	1404479	Deletion	41
3L	1404576	1404479	Deletion	97
3L	1404567	1404479	Deletion	88
3L	1404555	1404479	Deletion	76
3L	1404571	1404479	Deletion	92
3L	1404567	1404479	Deletion	88
3L	1408239	1408117	Deletion	122
3L	1408239	1408136	Deletion	103
3L	1408239	1408156	Deletion	83
3L	1408239	1408165	Deletion	74
3L	1408524	1408481	Deletion	43
3L	1408533	1408481	Deletion	52
3L	1418311	1418188	Deletion	123
3L	1419864	1419743	Deletion	121
3L	1426599	1426555	Deletion	44
3L	1426700	1426627	Deletion	73
3L	1426947	1426859	Deletion	88
3L	1427698	1427606	Deletion	92
3L	1428086	1428007	Deletion	79
3L	1429501	1429451	Deletion	50
3L	1435540	1435431	Deletion	109
3L	1435540	1435444	Deletion	96
3L	1435540	1435458	Deletion	82
3L	1435540	1435500	Deletion	40
3L	1436324	1436237	Deletion	87
3L	1436268	1436237	Deletion	31
3L	1436356	1436237	Deletion	119
3L	1436282	1436237	Deletion	45
3L	1439262	1439140	Deletion	122
3L	1445843	1445721	Deletion	122
3L	1461329	1461215	Deletion	114
3L	1461329	1461224	Deletion	105
3L	1461329	1461224	Deletion	105
3L	1461329	1461238	Deletion	91
3L	1461329	1461260	Deletion	69
3L	1461329	1461278	Deletion	51
3L	1464938	1464815	Deletion	123
3L	1464890	1464815	Deletion	75
3L	1464913	1464815	Deletion	98
3L	1464872	1464815	Deletion	57
3L	1464850	1464815	Deletion	35
3L	1464923	1464815	Deletion	108
3L	1483933	1483810	Deletion	123
3L	1483933	1483839	Deletion	94
3L	1483933	1483861	Deletion	72
3L	1483933	1483868	Deletion	65
3L	1483933	1483872	Deletion	61
3L	1483933	1483893	Deletion	40
3L	1483933	1483897	Deletion	36
3L	1483933	1483899	Deletion	34
3L	1509105	1509029	Deletion	76
3L	1514796	1514764	Deletion	32
3L	1514818	1514764	Deletion	54
3L	1514825	1514764	Deletion	61
3L	1514856	1514764	Deletion	92
3L	1514829	1514764	Deletion	65
3L	1514869	1514764	Deletion	105
3L	1514869	1514764	Deletion	105
3L	1514850	1514764	Deletion	86
3L	1514854	1514764	Deletion	90
3L	1518117	1517995	Deletion	122
3L	1521836	1521724	Deletion	112
3L	1521836	1521726	Deletion	110
3L	1521836	1521743	Deletion	93
3L	1521836	1521753	Deletion	83
3L	1521836	1521762	Deletion	74
3L	1524373	1524340	Deletion	33
3L	1524392	1524340	Deletion	52
3L	1524447	1524340	Deletion	107
3L	1524383	1524340	Deletion	43
3L	1541407	1541291	Deletion	116
3L	1541407	1541338	Deletion	69
3L	1541407	1541347	Deletion	60
3L	1541407	1541355	Deletion	52
3L	1550796	1550679	Deletion	117
3L	1550746	1550679	Deletion	67
3L	1550737	1550679	Deletion	58
3L	1550754	1550683	Deletion	71
3L	1560826	1560702	Deletion	124
3L	1560826	1560748	Deletion	78
3L	1560826	1560783	Deletion	43
3L	1579832	1579784	Deletion	48
3L	1579867	1579784	Deletion	83
3L	1588699	1588578	Deletion	121
3L	1588845	1588747	Deletion	98
3L	1588845	1588760	Deletion	85
3L	1588845	1588764	Deletion	81
3L	1588845	1588767	Deletion	78
3L	1588845	1588796	Deletion	49
3L	1588845	1588807	Deletion	38
3L	1588845	1588813	Deletion	32
3L	1588845	1588815	Deletion	30
3L	1590448	1590360	Deletion	88
3L	1590437	1590360	Deletion	77
3L	1590401	1590360	Deletion	41
3L	1590454	1590360	Deletion	94
3L	1590408	1590360	Deletion	48
3L	1590405	1590360	Deletion	45
3L	1590456	1590360	Deletion	96
3L	1594370	1594316	Deletion	54
3L	1601900	1601780	Deletion	120
3L	1601894	1601780	Deletion	114
3L	1601852	1601780	Deletion	72
3L	1604387	1604265	Deletion	122
3L	1604387	1604290	Deletion	97
3L	1604387	1604299	Deletion	88
3L	1613910	1613872	Deletion	38
3L	1616594	1616475	Deletion	119
3L	1616594	1616487	Deletion	107
3L	1616594	1616500	Deletion	94
3L	1616594	1616505	Deletion	89
3L	1616594	1616506	Deletion	88
3L	1616594	1616514	Deletion	80
3L	1616594	1616517	Deletion	77
3L	1616594	1616537	Deletion	57
3L	1616594	1616544	Deletion	50
3L	1616594	1616554	Deletion	40
3L	1616594	1616556	Deletion	38
3L	1616594	1616563	Deletion	31
3L	1627498	1627465	Deletion	33
3L	1627561	1627465	Deletion	96
3L	1627512	1627465	Deletion	47
3L	1627504	1627465	Deletion	39
3L	1627552	1627465	Deletion	87
3L	1627503	1627465	Deletion	38
3L	1627542	1627465	Deletion	77
3L	1627515	1627465	Deletion	50
3L	1627554	1627465	Deletion	89
3L	1627535	1627465	Deletion	70
3L	1643750	1643627	Deletion	123
3L	1645675	1645554	Deletion	121
3L	1662208	1662084	Deletion	124
3L	1674516	1674396	Deletion	120
3L	1674516	1674410	Deletion	106
3L	1674516	1674425	Deletion	91
3L	1674516	1674461	Deletion	55
3L	1674516	1674463	Deletion	53
3L	1674516	1674483	Deletion	33
3L	1674516	1674485	Deletion	31
3L	1675777	1675682	Deletion	95
3L	1675755	1675682	Deletion	73
3L	1675801	1675682	Deletion	119
3L	1675717	1675682	Deletion	35
3L	1675753	1675682	Deletion	71
3L	1675805	1675682	Deletion	123
3L	1675775	1675682	Deletion	93
3L	1680154	1680076	Deletion	78
3L	1680154	1680079	Deletion	75
3L	1680154	1680085	Deletion	69
3L	1680154	1680109	Deletion	45
3L	1680154	1680116	Deletion	38
3L	1680154	1680117	Deletion	37
3L	1680447	1680357	Deletion	90
3L	1680439	1680357	Deletion	82
3L	1680409	1680357	Deletion	52
3L	1680446	1680357	Deletion	89
3L	1680406	1680357	Deletion	49
3L	1680415	1680357	Deletion	58
3L	1680471	1680363	Deletion	108
3L	1683842	1683763	Deletion	79
3L	1683842	1683775	Deletion	67
3L	1683842	1683778	Deletion	64
3L	1683842	1683781	Deletion	61
3L	1683842	1683786	Deletion	56
3L	1683842	1683797	Deletion	45
3L	1683842	1683803	Deletion	39
3L	1690728	1690669	Deletion	59
3L	1690756	1690669	Deletion	87
3L	1690775	1690669	Deletion	106
3L	1690739	1690669	Deletion	70
3L	1690716	1690669	Deletion	47
3L	1690750	1690669	Deletion	81
3L	1690784	1690669	Deletion	115
3L	1690731	1690669	Deletion	62
3L	1690734	1690669	Deletion	65
3L	1695363	1695262	Deletion	101
3L	1695363	1695262	Deletion	101
3L	1695363	1695264	Deletion	99
3L	1695363	1695272	Deletion	91
3L	1695363	1695276	Deletion	87
3L	1695363	1695292	Deletion	71
3L	1695363	1695306	Deletion	57
3L	1695363	1695313	Deletion	50
3L	1696979	1696944	Deletion	35
3L	1697049	1696944	Deletion	105
3L	1696999	1696944	Deletion	55
3L	1697020	1696944	Deletion	76
3L	1697062	1696944	Deletion	118
3L	1697042	1696944	Deletion	98
3L	1697013	1696944	Deletion	69
3L	1696983	1696944	Deletion	39
3L	1697044	1696944	Deletion	100
3L	1703368	1703262	Deletion	106
3L	1703364	1703285	Deletion	79
3L	1703368	1703294	Deletion	74
3L	1703368	1703301	Deletion	67
3L	1703368	1703311	Deletion	57
3L	1703368	1703315	Deletion	53
3L	1703368	1703329	Deletion	39
3L	1703368	1703334	Deletion	34
3L	1703368	1703335	Deletion	33
3L	1703368	1703336	Deletion	32
3L	1705094	1705001	Deletion	93
3L	1705095	1705001	Deletion	94
3L	1705060	1705001	Deletion	59
3L	1705044	1705001	Deletion	43
3L	1705070	1705001	Deletion	69
3L	1705099	1705001	Deletion	98
3L	1705053	1705001	Deletion	52
3L	1705093	1705001	Deletion	92
3L	1705074	1705001	Deletion	73
3L	1705088	1705001	Deletion	87
3L	1705560	1705483	Deletion	77
3L	1705560	1705483	Deletion	77
3L	1719141	1719089	Deletion	52
3L	1719141	1719089	Deletion	52
3L	1719194	1719089	Deletion	105
3L	1723061	1722951	Deletion	110
3L	1730350	1730239	Deletion	111
3L	1730350	1730282	Deletion	68
3L	1730350	1730319	Deletion	31
3L	1730700	1730641	Deletion	59
3L	1730737	1730641	Deletion	96
3L	1749291	1749171	Deletion	120
3L	1767916	1767797	Deletion	119
3L	1767916	1767821	Deletion	95
3L	1767916	1767840	Deletion	76
3L	1767916	1767847	Deletion	69
3L	1767916	1767849	Deletion	67
3L	1767916	1767853	Deletion	63
3L	1767916	1767856	Deletion	60
3L	1767916	1767857	Deletion	59
3L	1767916	1767866	Deletion	50
3L	1767916	1767869	Deletion	47
3L	1767916	1767875	Deletion	41
3L	1768596	1768546	Deletion	50
3L	1768613	1768546	Deletion	67
3L	1768603	1768546	Deletion	57
3L	1768605	1768546	Deletion	59
3L	1768652	1768546	Deletion	106
3L	1768625	1768546	Deletion	79
3L	1768577	1768546	Deletion	31
3L	1768622	1768546	Deletion	76
3L	1768631	1768546	Deletion	85
3L	1768609	1768546	Deletion	63
3L	1768612	1768547	Deletion	65
3L	1784615	1784493	Deletion	122
3L	1784615	1784530	Deletion	85
3L	1784615	1784554	Deletion	61
3L	1789035	1788936	Deletion	99
3L	1788977	1788936	Deletion	41
3L	1789034	1788936	Deletion	98
3L	1789001	1788936	Deletion	65
3L	1798536	1798472	Deletion	64
3L	1798536	1798505	Deletion	31
3L	1798696	1798600	Deletion	96
3L	1798663	1798600	Deletion	63
3L	1798710	1798600	Deletion	110
3L	1800180	1800056	Deletion	124
3L	1805736	1805633	Deletion	103
3L	1805736	1805634	Deletion	102
3L	1805736	1805668	Deletion	68
3L	1805736	1805675	Deletion	61
3L	1805736	1805676	Deletion	60
3L	1805736	1805698	Deletion	38
3L	1805736	1805703	Deletion	33
3L	1807201	1807107	Deletion	94
3L	1807173	1807107	Deletion	66
3L	1807166	1807107	Deletion	59
3L	1807196	1807107	Deletion	89
3L	1807174	1807107	Deletion	67
3L	1807226	1807107	Deletion	119
3L	1809490	1809369	Deletion	121
3L	1818207	1818084	Deletion	123
3L	1831384	1831261	Deletion	123
3L	1851966	1851844	Deletion	122
3L	1854371	1854247	Deletion	124
3L	1854371	1854251	Deletion	120
3L	1854371	1854252	Deletion	119
3L	1854371	1854258	Deletion	113
3L	1854371	1854262	Deletion	109
3L	1854371	1854273	Deletion	98
3L	1854371	1854289	Deletion	82
3L	1854371	1854291	Deletion	80
3L	1854371	1854294	Deletion	77
3L	1854371	1854300	Deletion	71
3L	1854465	1854421	Deletion	44
3L	1854467	1854421	Deletion	46
3L	1854470	1854421	Deletion	49
3L	1854532	1854421	Deletion	111
3L	1854476	1854421	Deletion	55
3L	1865970	1865850	Deletion	120
3L	1865969	1865857	Deletion	112
3L	1865970	1865862	Deletion	108
3L	1865970	1865867	Deletion	103
3L	1865970	1865889	Deletion	81
3L	1865970	1865895	Deletion	75
3L	1865970	1865896	Deletion	74
3L	1866313	1866210	Deletion	103
3L	1866331	1866210	Deletion	121
3L	1866324	1866210	Deletion	114
3L	1866261	1866210	Deletion	51
3L	1866255	1866210	Deletion	45
3L	1866262	1866210	Deletion	52
3L	1866331	1866210	Deletion	121
3L	1866318	1866210	Deletion	108
3L	1868272	1868148	Deletion	124
3L	1868272	1868172	Deletion	100
3L	1868272	1868178	Deletion	94
3L	1868272	1868202	Deletion	70
3L	1868272	1868233	Deletion	39
3L	1868272	1868241	Deletion	31
3L	1879858	1879825	Deletion	33
3L	1879921	1879825	Deletion	96
3L	1879923	1879825	Deletion	98
3L	1879913	1879825	Deletion	88
3L	1879882	1879825	Deletion	57
3L	1883461	1883347	Deletion	114
3L	1883461	1883404	Deletion	57
3L	1883461	1883416	Deletion	45
3L	1883643	1883530	Deletion	113
3L	1883613	1883530	Deletion	83
3L	1883648	1883530	Deletion	118
3L	1883601	1883530	Deletion	71
3L	1884615	1884493	Deletion	122
3L	1884615	1884518	Deletion	97
3L	1884615	1884536	Deletion	79
3L	1884615	1884542	Deletion	73
3L	1884615	1884550	Deletion	65
3L	1884615	1884569	Deletion	46
3L	1884615	1884569	Deletion	46
3L	1887399	1887319	Deletion	80
3L	1887372	1887319	Deletion	53
3L	1887399	1887319	Deletion	80
3L	1887380	1887319	Deletion	61
3L	1887366	1887319	Deletion	47
3L	1903622	1903508	Deletion	114
3L	1903622	1903508	Deletion	114
3L	1903622	1903517	Deletion	105
3L	1903622	1903525	Deletion	97
3L	1903622	1903543	Deletion	79
3L	1903622	1903564	Deletion	58
3L	1904032	1903916	Deletion	116
3L	1903963	1903916	Deletion	47
3L	1903984	1903916	Deletion	68
3L	1904033	1903916	Deletion	117
3L	1904582	1904467	Deletion	115
3L	1904582	1904505	Deletion	77
3L	1904582	1904522	Deletion	60
3L	1909303	1909237	Deletion	66
3L	1909286	1909237	Deletion	49
3L	1909348	1909237	Deletion	111
3L	1912577	1912455	Deletion	122
3L	1912577	1912472	Deletion	105
3L	1912577	1912491	Deletion	86
3L	1912577	1912507	Deletion	70
3L	1912577	1912517	Deletion	60
3L	1912577	1912534	Deletion	43
3L	1918612	1918555	Deletion	57
3L	1918596	1918555	Deletion	41
3L	1918639	1918555	Deletion	84
3L	1918622	1918555	Deletion	67
3L	1918657	1918555	Deletion	102
3L	1924933	1924810	Deletion	123
3L	1924933	1924859	Deletion	74
3L	1926989	1926936	Deletion	53
3L	1927056	1926936	Deletion	120
3L	1936825	1936709	Deletion	116
3L	1936825	1936725	Deletion	100
3L	1936825	1936741	Deletion	84
3L	1936825	1936762	Deletion	63
3L	1936825	1936766	Deletion	59
3L	1936825	1936775	Deletion	50
3L	1936825	1936778	Deletion	47
3L	1939645	1939522	Deletion	123
3L	1939625	1939522	Deletion	103
3L	1939598	1939522	Deletion	76
3L	1939585	1939522	Deletion	63
3L	1939601	1939522	Deletion	79
3L	1939589	1939522	Deletion	67
3L	1939564	1939522	Deletion	42
3L	1957850	1957732	Deletion	118
3L	1964531	1964439	Deletion	92
3L	1964531	1964439	Deletion	92
3L	1964531	1964449	Deletion	82
3L	1964531	1964464	Deletion	67
3L	1964531	1964470	Deletion	61
3L	1964531	1964483	Deletion	48
3L	1964531	1964501	Deletion	30
3L	1964724	1964645	Deletion	79
3L	1964711	1964645	Deletion	66
3L	1964705	1964645	Deletion	60
3L	1964690	1964645	Deletion	45
3L	1964680	1964645	Deletion	35
3L	1964742	1964645	Deletion	97
3L	1964680	1964645	Deletion	35
3L	1967062	1966938	Deletion	124
3L	1967062	1966939	Deletion	123
3L	1967062	1967018	Deletion	44
3L	1977756	1977635	Deletion	121
3L	1977734	1977635	Deletion	99
3L	1977718	1977635	Deletion	83
3L	1978639	1978521	Deletion	118
3L	1978877	1978759	Deletion	118
3L	1978877	1978771	Deletion	106
3L	1978877	1978798	Deletion	79
3L	1978877	1978800	Deletion	77
3L	1978877	1978829	Deletion	48
3L	1979047	1978927	Deletion	120
3L	1979048	1978927	Deletion	121
3L	1978976	1978927	Deletion	49
3L	1979005	1978927	Deletion	78
3L	1978974	1978927	Deletion	47
3L	1982971	1982853	Deletion	118
3L	1982971	1982855	Deletion	116
3L	1982971	1982856	Deletion	115
3L	1982971	1982859	Deletion	112
3L	1982971	1982906	Deletion	65
3L	1982971	1982909	Deletion	62
3L	1982971	1982915	Deletion	56
3L	1983385	1983321	Deletion	64
3L	1983382	1983321	Deletion	61
3L	1983436	1983321	Deletion	115
3L	1983391	1983321	Deletion	70
3L	1986383	1986259	Deletion	124
3L	1999317	1999202	Deletion	115
3L	1999317	1999203	Deletion	114
3L	1999317	1999207	Deletion	110
3L	1999317	1999234	Deletion	83
3L	1999317	1999269	Deletion	48
3L	1999989	1999879	Deletion	110
3L	1999923	1999879	Deletion	44
3L	2000001	1999879	Deletion	122
3L	1999958	1999879	Deletion	79
3L	2000799	2000690	Deletion	109
3L	2000797	2000694	Deletion	103
3L	2000797	2000703	Deletion	94
3L	2000797	2000710	Deletion	87
3L	2000797	2000733	Deletion	64
3L	2000797	2000752	Deletion	45
3L	2000797	2000756	Deletion	41
3L	2003990	2003909	Deletion	81
3L	2003948	2003909	Deletion	39
3L	2003994	2003909	Deletion	85
3L	2004008	2003909	Deletion	99
3L	2003941	2003909	Deletion	32
3L	2003971	2003909	Deletion	62
3L	2008491	2008407	Deletion	84
3L	2008491	2008420	Deletion	71
3L	2008491	2008425	Deletion	66
3L	2008491	2008448	Deletion	43
3L	2008491	2008454	Deletion	37
3L	2022032	2021942	Deletion	90
3L	2022003	2021942	Deletion	61
3L	2022026	2021942	Deletion	84
3L	2021998	2021942	Deletion	56
3L	2021985	2021942	Deletion	43
3L	2025384	2025302	Deletion	82
3L	2025384	2025312	Deletion	72
3L	2025384	2025344	Deletion	40
3L	2025384	2025346	Deletion	38
3L	2060280	2060226	Deletion	54
3L	2060314	2060226	Deletion	88
3L	2060334	2060226	Deletion	108
3L	2060312	2060226	Deletion	86
3L	2060270	2060226	Deletion	44
3L	2082856	2082750	Deletion	106
3L	2082856	2082756	Deletion	100
3L	2082856	2082799	Deletion	57
3L	2083008	2082939	Deletion	69
3L	2083052	2082939	Deletion	113
3L	2086640	2086560	Deletion	80
3L	2086640	2086596	Deletion	44
3L	2086640	2086604	Deletion	36
3L	2086640	2086606	Deletion	34
3L	2107611	2107565	Deletion	46
3L	2107655	2107565	Deletion	90
3L	2107657	2107565	Deletion	92
3L	2107647	2107565	Deletion	82
3L	2109081	2109011	Deletion	70
3L	2113437	2113347	Deletion	90
3L	2124710	2124653	Deletion	57
3L	2124760	2124653	Deletion	107
3L	2124754	2124653	Deletion	101
3L	2124713	2124653	Deletion	60
3L	2138543	2138436	Deletion	107
3L	2138543	2138472	Deletion	71
3L	2138543	2138474	Deletion	69
3L	2138543	2138495	Deletion	48
3L	2138543	2138501	Deletion	42
3L	2138543	2138501	Deletion	42
3L	2140573	2140495	Deletion	78
3L	2140550	2140495	Deletion	55
3L	2140618	2140495	Deletion	123
3L	2140552	2140495	Deletion	57
3L	2140579	2140495	Deletion	84
3L	2140579	2140497	Deletion	82
3L	2140968	2140852	Deletion	116
3L	2140968	2140870	Deletion	98
3L	2140968	2140874	Deletion	94
3L	2140968	2140906	Deletion	62
3L	2140968	2140918	Deletion	50
3L	2140968	2140924	Deletion	44
3L	2140968	2140931	Deletion	37
3L	2143721	2143689	Deletion	32
3L	2143753	2143689	Deletion	64
3L	2143765	2143689	Deletion	76
3L	2143778	2143689	Deletion	89
3L	2143771	2143689	Deletion	82
3L	2145141	2145026	Deletion	115
3L	2145141	2145036	Deletion	105
3L	2145141	2145049	Deletion	92
3L	2145141	2145081	Deletion	60
3L	2145141	2145085	Deletion	56
3L	2158808	2158737	Deletion	71
3L	2158804	2158737	Deletion	67
3L	2158772	2158737	Deletion	35
3L	2158845	2158737	Deletion	108
3L	2158858	2158737	Deletion	121
3L	2158847	2158737	Deletion	110
3L	2161871	2161750	Deletion	121
3L	2164323	2164205	Deletion	118
3L	2164323	2164213	Deletion	110
3L	2164323	2164217	Deletion	106
3L	2164323	2164230	Deletion	93
3L	2164323	2164234	Deletion	89
3L	2164323	2164237	Deletion	86
3L	2164323	2164265	Deletion	58
3L	2166671	2166574	Deletion	97
3L	2166684	2166574	Deletion	110
3L	2166614	2166574	Deletion	40
3L	2166675	2166574	Deletion	101
3L	2166687	2166574	Deletion	113
3L	2166642	2166574	Deletion	68
3L	2166611	2166574	Deletion	37
3L	2166607	2166574	Deletion	33
3L	2173997	2173877	Deletion	120
3L	2178324	2178204	Deletion	120
3L	2178324	2178219	Deletion	105
3L	2178324	2178226	Deletion	98
3L	2179338	2179227	Deletion	111
3L	2179345	2179227	Deletion	118
3L	2179347	2179227	Deletion	120
3L	2200976	2200860	Deletion	116
3L	2200976	2200887	Deletion	89
3L	2200976	2200927	Deletion	49
3L	2200976	2200929	Deletion	47
3L	2200976	2200935	Deletion	41
3L	2201140	2201057	Deletion	83
3L	2201098	2201057	Deletion	41
3L	2201174	2201057	Deletion	117
3L	2201146	2201057	Deletion	89
3L	2201175	2201057	Deletion	118
3L	2201175	2201057	Deletion	118
3L	2201138	2201057	Deletion	81
3L	2201164	2201057	Deletion	107
3L	2217315	2217208	Deletion	107
3L	2217315	2217210	Deletion	105
3L	2217315	2217221	Deletion	94
3L	2217554	2217446	Deletion	108
3L	2217480	2217446	Deletion	34
3L	2217579	2217469	Deletion	110
3L	2217579	2217485	Deletion	94
3L	2217579	2217537	Deletion	42
3L	2217579	2217538	Deletion	41
3L	2218977	2218865	Deletion	112
3L	2218952	2218865	Deletion	87
3L	2218951	2218865	Deletion	86
3L	2218977	2218865	Deletion	112
3L	2218899	2218865	Deletion	34
3L	2225338	2225222	Deletion	116
3L	2225338	2225240	Deletion	98
3L	2225338	2225254	Deletion	84
3L	2225338	2225267	Deletion	71
3L	2225338	2225272	Deletion	66
3L	2225338	2225277	Deletion	61
3L	2228129	2228087	Deletion	42
3L	2228142	2228087	Deletion	55
3L	2228152	2228087	Deletion	65
3L	2228147	2228087	Deletion	60
3L	2228464	2228378	Deletion	86
3L	2228464	2228404	Deletion	60
3L	2228464	2228414	Deletion	50
3L	2228464	2228420	Deletion	44
3L	2230948	2230871	Deletion	77
3L	2230912	2230871	Deletion	41
3L	2230954	2230871	Deletion	83
3L	2230938	2230871	Deletion	67
3L	2233753	2233636	Deletion	117
3L	2233753	2233640	Deletion	113
3L	2233753	2233664	Deletion	89
3L	2233753	2233664	Deletion	89
3L	2233753	2233679	Deletion	74
3L	2233753	2233703	Deletion	50
3L	2235009	2234956	Deletion	53
3L	2234994	2234956	Deletion	38
3L	2235072	2234956	Deletion	116
3L	2235033	2234956	Deletion	77
3L	2234994	2234956	Deletion	38
3L	2235063	2234956	Deletion	107
3L	2261368	2261249	Deletion	119
3L	2269370	2269251	Deletion	119
3L	2269370	2269256	Deletion	114
3L	2269366	2269260	Deletion	106
3L	2269370	2269278	Deletion	92
3L	2269370	2269291	Deletion	79
3L	2269370	2269323	Deletion	47
3L	2271924	2271814	Deletion	110
3L	2271861	2271814	Deletion	47
3L	2271893	2271814	Deletion	79
3L	2271925	2271814	Deletion	111
3L	2271924	2271814	Deletion	110
3L	2271848	2271814	Deletion	34
3L	2277965	2277842	Deletion	123
3L	2277965	2277909	Deletion	56
3L	2278096	2278026	Deletion	70
3L	2281887	2281818	Deletion	69
3L	2281887	2281819	Deletion	68
3L	2281887	2281825	Deletion	62
3L	2281882	2281831	Deletion	51
3L	2283995	2283930	Deletion	65
3L	2284040	2283930	Deletion	110
3L	2283988	2283930	Deletion	58
3L	2283989	2283930	Deletion	59
3L	2284001	2283930	Deletion	71
3L	2289660	2289537	Deletion	123
3L	2334094	2333980	Deletion	114
3L	2334094	2333999	Deletion	95
3L	2334094	2334029	Deletion	65
3L	2334094	2334036	Deletion	58
3L	2334094	2334045	Deletion	49
3L	2337913	2337836	Deletion	77
3L	2337897	2337836	Deletion	61
3L	2337904	2337836	Deletion	68
3L	2337867	2337836	Deletion	31
3L	2370123	2370001	Deletion	122
3L	2370123	2370002	Deletion	121
3L	2370123	2370031	Deletion	92
3L	2370123	2370033	Deletion	90
3L	2370123	2370057	Deletion	66
3L	2373745	2373670	Deletion	75
3L	2373707	2373670	Deletion	37
3L	2373731	2373670	Deletion	61
3L	2373705	2373670	Deletion	35
3L	2373745	2373670	Deletion	75
3L	2373745	2373670	Deletion	75
3L	2373745	2373670	Deletion	75
3L	2373745	2373679	Deletion	66
3L	2373745	2373706	Deletion	39
3L	2376190	2376082	Deletion	108
3L	2376169	2376082	Deletion	87
3L	2376120	2376082	Deletion	38
3L	2376120	2376082	Deletion	38
3L	2376123	2376082	Deletion	41
3L	2376142	2376082	Deletion	60
3L	2376129	2376082	Deletion	47
3L	2376181	2376082	Deletion	99
3L	2377151	2377091	Deletion	60
3L	2379079	2378961	Deletion	118
3L	2379029	2378961	Deletion	68
3L	2388345	2388237	Deletion	108
3L	2388345	2388250	Deletion	95
3L	2388345	2388261	Deletion	84
3L	2388345	2388264	Deletion	81
3L	2388345	2388267	Deletion	78
3L	2388345	2388292	Deletion	53
3L	2388345	2388300	Deletion	45
3L	2388345	2388310	Deletion	35
3L	2388345	2388315	Deletion	30
3L	2392516	2392434	Deletion	82
3L	2392480	2392434	Deletion	46
3L	2392466	2392434	Deletion	32
3L	2392531	2392434	Deletion	97
3L	2392526	2392434	Deletion	92
3L	2392508	2392434	Deletion	74
3L	2392483	2392434	Deletion	49
3L	2392477	2392434	Deletion	43
3L	2403488	2403377	Deletion	111
3L	2403488	2403381	Deletion	107
3L	2403488	2403384	Deletion	104
3L	2403488	2403412	Deletion	76
3L	2403488	2403449	Deletion	39
3L	2403488	2403452	Deletion	36
3L	2405302	2405202	Deletion	100
3L	2405290	2405202	Deletion	88
3L	2405293	2405202	Deletion	91
3L	2405314	2405202	Deletion	112
3L	2405253	2405202	Deletion	51
3L	2414237	2414121	Deletion	116
3L	2436110	2435996	Deletion	114
3L	2436110	2436028	Deletion	82
3L	2436110	2436061	Deletion	49
3L	2436110	2436077	Deletion	33
3L	2438351	2438258	Deletion	93
3L	2438302	2438258	Deletion	44
3L	2438335	2438258	Deletion	77
3L	2446194	2446120	Deletion	74
3L	2446194	2446123	Deletion	71
3L	2446194	2446134	Deletion	60
3L	2446194	2446146	Deletion	48
3L	2446194	2446150	Deletion	44
3L	2446194	2446158	Deletion	36
3L	2446194	2446160	Deletion	34
3L	2446194	2446164	Deletion	30
3L	2451376	2451303	Deletion	73
3L	2451684	2451566	Deletion	118
3L	2458159	2458067	Deletion	92
3L	2458149	2458067	Deletion	82
3L	2458163	2458067	Deletion	96
3L	2458122	2458067	Deletion	55
3L	2458145	2458067	Deletion	78
3L	2458157	2458067	Deletion	90
3L	2458119	2458067	Deletion	52
3L	2458133	2458068	Deletion	65
3L	2462691	2462568	Deletion	123
3L	2467389	2467268	Deletion	121
3L	2467389	2467317	Deletion	72
3L	2468741	2468619	Deletion	122
3L	2468673	2468619	Deletion	54
3L	2470308	2470187	Deletion	121
3L	2495418	2495319	Deletion	99
3L	2495418	2495332	Deletion	86
3L	2495418	2495336	Deletion	82
3L	2495418	2495361	Deletion	57
3L	2495418	2495379	Deletion	39
3L	2498139	2498070	Deletion	69
3L	2498110	2498070	Deletion	40
3L	2498114	2498070	Deletion	44
3L	2498157	2498070	Deletion	87
3L	2503911	2503817	Deletion	94
3L	2503911	2503819	Deletion	92
3L	2503911	2503843	Deletion	68
3L	2503911	2503867	Deletion	44
3L	2520061	2520029	Deletion	32
3L	2520111	2520029	Deletion	82
3L	2520137	2520029	Deletion	108
3L	2520130	2520029	Deletion	101
3L	2520063	2520029	Deletion	34
3L	2520087	2520029	Deletion	58
3L	2527652	2527530	Deletion	122
3L	2528359	2528290	Deletion	69
3L	2528359	2528301	Deletion	58
3L	2528359	2528314	Deletion	45
3L	2528359	2528319	Deletion	40
3L	2528359	2528320	Deletion	39
3L	2540112	2540055	Deletion	57
3L	2540141	2540055	Deletion	86
3L	2540142	2540055	Deletion	87
3L	2540156	2540055	Deletion	101
3L	2540165	2540055	Deletion	110
3L	2540136	2540055	Deletion	81
3L	2540169	2540055	Deletion	114
3L	2540175	2540055	Deletion	120
3L	2540167	2540055	Deletion	112
3L	2540123	2540055	Deletion	68
3L	2546207	2546130	Deletion	77
3L	2546207	2546152	Deletion	55
3L	2546207	2546168	Deletion	39
3L	2546207	2546176	Deletion	31
3L	2551917	2551868	Deletion	49
3L	2551963	2551868	Deletion	95
3L	2551955	2551868	Deletion	87
3L	2551978	2551868	Deletion	110
3L	2551987	2551868	Deletion	119
3L	2551965	2551868	Deletion	97
3L	2551939	2551868	Deletion	71
3L	2554868	2554770	Deletion	98
3L	2554868	2554772	Deletion	96
3L	2554868	2554786	Deletion	82
3L	2554868	2554790	Deletion	78
3L	2554868	2554814	Deletion	54
3L	2574442	2574411	Deletion	31
3L	2574484	2574411	Deletion	73
3L	2574524	2574411	Deletion	113
3L	2574460	2574411	Deletion	49
3L	2574456	2574411	Deletion	45
3L	2577696	2577574	Deletion	122
3L	2578387	2578271	Deletion	116
3L	2578387	2578298	Deletion	89
3L	2578387	2578307	Deletion	80
3L	2578387	2578327	Deletion	60
3L	2578387	2578332	Deletion	55
3L	2578387	2578350	Deletion	37
3L	2585116	2585050	Deletion	66
3L	2585087	2585050	Deletion	37
3L	2585139	2585050	Deletion	89
3L	2585096	2585050	Deletion	46
3L	2585121	2585050	Deletion	71
3L	2587136	2587016	Deletion	120
3L	2587136	2587024	Deletion	112
3L	2587136	2587059	Deletion	77
3L	2587136	2587090	Deletion	46
3L	2587656	2587575	Deletion	81
3L	2587697	2587575	Deletion	122
3L	2587680	2587575	Deletion	105
3L	2587673	2587575	Deletion	98
3L	2587676	2587577	Deletion	99
3L	2587626	2587583	Deletion	43
3L	2601554	2601444	Deletion	110
3L	2601554	2601477	Deletion	77
3L	2601554	2601483	Deletion	71
3L	2601554	2601507	Deletion	47
3L	2601844	2601789	Deletion	55
3L	2601868	2601789	Deletion	79
3L	2601838	2601789	Deletion	49
3L	2601899	2601789	Deletion	110
3L	2606366	2606254	Deletion	112
3L	2606366	2606271	Deletion	95
3L	2606366	2606285	Deletion	81
3L	2606462	2606415	Deletion	47
3L	2606448	2606415	Deletion	33
3L	2606523	2606415	Deletion	108
3L	2615025	2614921	Deletion	104
3L	2615025	2614925	Deletion	100
3L	2615025	2614954	Deletion	71
3L	2615025	2614992	Deletion	33
3L	2617506	2617451	Deletion	55
3L	2617544	2617451	Deletion	93
3L	2650638	2650523	Deletion	115
3L	2650638	2650560	Deletion	78
3L	2650638	2650565	Deletion	73
3L	2650638	2650570	Deletion	68
3L	2653054	2652995	Deletion	59
3L	2653044	2652995	Deletion	49
3L	2653049	2652995	Deletion	54
3L	2660181	2660067	Deletion	114
3L	2660181	2660070	Deletion	111
3L	2660181	2660070	Deletion	111
3L	2660181	2660132	Deletion	49
3L	2667596	2667519	Deletion	77
3L	2667617	2667519	Deletion	98
3L	2674907	2674786	Deletion	121
3L	2677598	2677477	Deletion	121
3L	2686669	2686547	Deletion	122
3L	2699700	2699576	Deletion	124
3L	2699700	2699580	Deletion	120
3L	2699700	2699603	Deletion	97
3L	2699700	2699609	Deletion	91
3L	2699700	2699617	Deletion	83
3L	2699700	2699633	Deletion	67
3L	2699700	2699653	Deletion	47
3L	2699700	2699654	Deletion	46
3L	2699700	2699665	Deletion	35
3L	2708758	2708697	Deletion	61
3L	2708728	2708697	Deletion	31
3L	2708779	2708697	Deletion	82
3L	2708742	2708697	Deletion	45
3L	2708821	2708697	Deletion	124
3L	2708734	2708697	Deletion	37
3L	2708790	2708697	Deletion	93
3L	2708778	2708697	Deletion	81
3L	2712855	2712739	Deletion	116
3L	2712855	2712741	Deletion	114
3L	2712855	2712750	Deletion	105
3L	2712855	2712751	Deletion	104
3L	2712855	2712772	Deletion	83
3L	2712855	2712791	Deletion	64
3L	2712855	2712799	Deletion	56
3L	2712855	2712825	Deletion	30
3L	2719650	2719588	Deletion	62
3L	2719658	2719588	Deletion	70
3L	2719684	2719588	Deletion	96
3L	2719631	2719588	Deletion	43
3L	2722185	2722067	Deletion	118
3L	2722185	2722084	Deletion	101
3L	2722185	2722085	Deletion	100
3L	2722185	2722087	Deletion	98
3L	2722185	2722088	Deletion	97
3L	2722185	2722092	Deletion	93
3L	2722185	2722107	Deletion	78
3L	2722185	2722122	Deletion	63
3L	2722185	2722134	Deletion	51
3L	2722185	2722144	Deletion	41
3L	2722510	2722410	Deletion	100
3L	2722498	2722410	Deletion	88
3L	2722446	2722410	Deletion	36
3L	2722488	2722410	Deletion	78
3L	2722461	2722410	Deletion	51
3L	2722441	2722410	Deletion	31
3L	2722476	2722410	Deletion	66
3L	2722442	2722410	Deletion	32
3L	2741559	2741493	Deletion	66
3L	2741559	2741514	Deletion	45
3L	2743162	2743042	Deletion	120
3L	2743123	2743042	Deletion	81
3L	2743102	2743042	Deletion	60
3L	2757867	2757744	Deletion	123
3L	2763110	2763009	Deletion	101
3L	2763110	2763011	Deletion	99
3L	2763110	2763013	Deletion	97
3L	2767219	2767116	Deletion	103
3L	2769040	2768919	Deletion	121
3L	2769040	2768930	Deletion	110
3L	2769040	2768945	Deletion	95
3L	2769040	2768956	Deletion	84
3L	2769040	2768975	Deletion	65
3L	2769040	2769001	Deletion	39
3L	2769040	2769002	Deletion	38
3L	2803531	2803500	Deletion	31
3L	2803561	2803500	Deletion	61
3L	2803542	2803500	Deletion	42
3L	2803587	2803500	Deletion	87
3L	2803588	2803503	Deletion	85
3L	2805146	2805022	Deletion	124
3L	2805146	2805036	Deletion	110
3L	2805146	2805083	Deletion	63
3L	2808057	2807994	Deletion	63
3L	2808099	2807994	Deletion	105
3L	2820231	2820122	Deletion	109
3L	2820231	2820179	Deletion	52
3L	2820231	2820188	Deletion	43
3L	2820231	2820191	Deletion	40
3L	2820232	2820194	Deletion	38
3L	2820414	2820295	Deletion	119
3L	2820382	2820295	Deletion	87
3L	2820404	2820295	Deletion	109
3L	2820370	2820295	Deletion	75
3L	2820379	2820295	Deletion	84
3L	2820411	2820295	Deletion	116
3L	2820385	2820297	Deletion	88
3L	2820985	2820870	Deletion	115
3L	2820985	2820906	Deletion	79
3L	2820985	2820939	Deletion	46
3L	2825685	2825576	Deletion	109
3L	2825658	2825576	Deletion	82
3L	2825675	2825576	Deletion	99
3L	2825625	2825576	Deletion	49
3L	2831899	2831775	Deletion	124
3L	2835396	2835293	Deletion	103
3L	2835396	2835318	Deletion	78
3L	2835396	2835321	Deletion	75
3L	2835396	2835326	Deletion	70
3L	2835396	2835340	Deletion	56
3L	2839343	2839235	Deletion	108
3L	2839283	2839235	Deletion	48
3L	2839291	2839235	Deletion	56
3L	2839286	2839235	Deletion	51
3L	2839305	2839235	Deletion	70
3L	2839352	2839235	Deletion	117
3L	2847592	2847505	Deletion	87
3L	2847592	2847511	Deletion	81
3L	2847592	2847548	Deletion	44
3L	2847796	2847757	Deletion	39
3L	2847802	2847757	Deletion	45
3L	2847839	2847757	Deletion	82
3L	2852880	2852757	Deletion	123
3L	2852880	2852771	Deletion	109
3L	2852880	2852784	Deletion	96
3L	2856485	2856387	Deletion	98
3L	2856418	2856387	Deletion	31
3L	2856492	2856387	Deletion	105
3L	2856493	2856387	Deletion	106
3L	2856511	2856387	Deletion	124
3L	2879881	2879763	Deletion	118
3L	2879881	2879767	Deletion	114
3L	2879881	2879773	Deletion	108
3L	2879881	2879786	Deletion	95
3L	2879881	2879806	Deletion	75
3L	2879881	2879819	Deletion	62
3L	2890293	2890242	Deletion	51
3L	2890306	2890242	Deletion	64
3L	2890273	2890242	Deletion	31
3L	2890346	2890242	Deletion	104
3L	2896360	2896246	Deletion	114
3L	2896360	2896281	Deletion	79
3L	2896360	2896297	Deletion	63
3L	2896360	2896315	Deletion	45
3L	2896360	2896321	Deletion	39
3L	2896360	2896321	Deletion	39
3L	2896360	2896328	Deletion	32
3L	2896360	2896328	Deletion	32
3L	2902673	2902556	Deletion	117
3L	2902650	2902556	Deletion	94
3L	2902637	2902556	Deletion	81
3L	2902643	2902556	Deletion	87
3L	2902676	2902556	Deletion	120
3L	2902643	2902556	Deletion	87
3L	2902650	2902556	Deletion	94
3L	2902603	2902556	Deletion	47
3L	2902619	2902556	Deletion	63
3L	2904923	2904817	Deletion	106
3L	2904923	2904878	Deletion	45
3L	2905277	2905170	Deletion	107
3L	2905270	2905170	Deletion	100
3L	2905252	2905170	Deletion	82
3L	2906051	2905954	Deletion	97
3L	2906051	2905968	Deletion	83
3L	2921919	2921888	Deletion	31
3L	2921989	2921888	Deletion	101
3L	2922001	2921888	Deletion	113
3L	2921933	2921888	Deletion	45
3L	2930110	2930003	Deletion	107
3L	2930498	2930435	Deletion	63
3L	2930830	2930746	Deletion	84
3L	2934780	2934698	Deletion	82
3L	2936008	2935958	Deletion	50
3L	2936077	2935958	Deletion	119
3L	2940195	2940159	Deletion	36
3L	2940725	2940602	Deletion	123
3L	2940725	2940609	Deletion	116
3L	2940725	2940638	Deletion	87
3L	2940725	2940649	Deletion	76
3L	2940725	2940655	Deletion	70
3L	2940725	2940675	Deletion	50
3L	2940725	2940687	Deletion	38
3L	2943510	2943453	Deletion	57
3L	2943516	2943453	Deletion	63
3L	2943536	2943453	Deletion	83
3L	2943548	2943453	Deletion	95
3L	2943499	2943453	Deletion	46
3L	2949241	2949141	Deletion	100
3L	2949241	2949161	Deletion	80
3L	2949241	2949166	Deletion	75
3L	2949241	2949192	Deletion	49
3L	2949345	2949299	Deletion	46
3L	2949350	2949299	Deletion	51
3L	2949421	2949299	Deletion	122
3L	2949376	2949299	Deletion	77
3L	2950772	2950684	Deletion	88
3L	2950772	2950686	Deletion	86
3L	2950772	2950708	Deletion	64
3L	2950772	2950731	Deletion	41
3L	2950772	2950738	Deletion	34
3L	2950772	2950739	Deletion	33
3L	2969702	2969613	Deletion	89
3L	2971603	2971519	Deletion	84
3L	2972543	2972426	Deletion	117
3L	2974497	2974376	Deletion	121
3L	2974469	2974376	Deletion	93
3L	2974461	2974376	Deletion	85
3L	2974414	2974376	Deletion	38
3L	2974468	2974376	Deletion	92
3L	2974438	2974376	Deletion	62
3L	2974416	2974376	Deletion	40
3L	2975803	2975720	Deletion	83
3L	2975803	2975721	Deletion	82
3L	2975803	2975727	Deletion	76
3L	2975803	2975727	Deletion	76
3L	2975803	2975737	Deletion	66
3L	2975803	2975759	Deletion	44
3L	2975803	2975761	Deletion	42
3L	2975803	2975767	Deletion	36
3L	2976035	2975974	Deletion	61
3L	2976059	2975974	Deletion	85
3L	2976018	2975974	Deletion	44
3L	2976025	2975974	Deletion	51
3L	2976057	2975974	Deletion	83
3L	2976065	2975974	Deletion	91
3L	2976019	2975974	Deletion	45
3L	2976025	2975974	Deletion	51
3L	2976086	2975974	Deletion	112
3L	2982882	2982758	Deletion	124
3L	2982882	2982771	Deletion	111
3L	2982882	2982786	Deletion	96
3L	2982882	2982786	Deletion	96
3L	2982882	2982805	Deletion	77
3L	2982882	2982814	Deletion	68
3L	2982882	2982819	Deletion	63
3L	2982882	2982846	Deletion	36
3L	2996931	2996840	Deletion	91
3L	2996904	2996840	Deletion	64
3L	2996944	2996840	Deletion	104
3L	2996890	2996840	Deletion	50
3L	2996899	2996840	Deletion	59
3L	2996950	2996840	Deletion	110
3L	2996871	2996840	Deletion	31
3L	2996871	2996840	Deletion	31
3L	3001287	3001198	Deletion	89
3L	3001287	3001229	Deletion	58
3L	3001287	3001257	Deletion	30
3L	3003474	3003435	Deletion	39
3L	3003505	3003435	Deletion	70
3L	3003533	3003435	Deletion	98
3L	3003554	3003435	Deletion	119
3L	3020388	3020275	Deletion	113
3L	3020388	3020330	Deletion	58
3L	3020388	3020331	Deletion	57
3L	3020388	3020331	Deletion	57
3L	3020388	3020341	Deletion	47
3L	3026678	3026608	Deletion	70
3L	3026688	3026608	Deletion	80
3L	3026677	3026608	Deletion	69
3L	3026678	3026608	Deletion	70
3L	3027258	3027148	Deletion	110
3L	3027258	3027149	Deletion	109
3L	3027258	3027159	Deletion	99
3L	3027258	3027181	Deletion	77
3L	3027258	3027187	Deletion	71
3L	3027258	3027217	Deletion	41
3L	3031227	3031178	Deletion	49
3L	3031233	3031178	Deletion	55
3L	3031263	3031178	Deletion	85
3L	3031283	3031178	Deletion	105
3L	3031279	3031178	Deletion	101
3L	3038306	3038195	Deletion	111
3L	3038306	3038206	Deletion	100
3L	3038306	3038213	Deletion	93
3L	3038306	3038274	Deletion	32
3L	3038512	3038418	Deletion	94
3L	3038451	3038418	Deletion	33
3L	3040563	3040466	Deletion	97
3L	3042534	3042413	Deletion	121
3L	3057178	3057065	Deletion	113
3L	3057178	3057066	Deletion	112
3L	3057178	3057085	Deletion	93
3L	3057178	3057107	Deletion	71
3L	3062602	3062509	Deletion	93
3L	3062602	3062558	Deletion	44
3L	3063832	3063791	Deletion	41
3L	3066960	3066927	Deletion	33
3L	3067830	3067743	Deletion	87
3L	3068734	3068647	Deletion	87
3L	3069506	3069394	Deletion	112
3L	3076524	3076468	Deletion	56
3L	3076502	3076468	Deletion	34
3L	3076587	3076468	Deletion	119
3L	3092611	3092505	Deletion	106
3L	3092611	3092523	Deletion	88
3L	3092611	3092531	Deletion	80
3L	3092611	3092545	Deletion	66
3L	3092611	3092559	Deletion	52
3L	3092611	3092562	Deletion	49
3L	3092611	3092568	Deletion	43
3L	3093018	3092972	Deletion	46
3L	3093017	3092972	Deletion	45
3L	3093017	3092972	Deletion	45
3L	3093010	3092972	Deletion	38
3L	3093017	3092972	Deletion	45
3L	3093017	3092972	Deletion	45
3L	3093017	3092972	Deletion	45
3L	3100820	3100786	Deletion	34
3L	3100841	3100786	Deletion	55
3L	3100826	3100786	Deletion	40
3L	3100817	3100786	Deletion	31
3L	3124166	3124135	Deletion	31
3L	3126401	3126278	Deletion	123
3L	3126374	3126278	Deletion	96
3L	3126402	3126278	Deletion	124
3L	3131673	3131562	Deletion	111
3L	3131673	3131594	Deletion	79
3L	3131673	3131615	Deletion	58
3L	3151634	3151566	Deletion	68
3L	3151613	3151566	Deletion	47
3L	3158382	3158287	Deletion	95
3L	3158382	3158287	Deletion	95
3L	3158382	3158289	Deletion	93
3L	3158382	3158292	Deletion	90
3L	3158382	3158306	Deletion	76
3L	3158382	3158347	Deletion	35
3L	3158659	3158546	Deletion	113
3L	3158582	3158546	Deletion	36
3L	3158637	3158546	Deletion	91
3L	3158596	3158546	Deletion	50
3L	3158577	3158546	Deletion	31
3L	3158640	3158546	Deletion	94
3L	3158577	3158546	Deletion	31
3L	3158645	3158546	Deletion	99
3L	3158579	3158549	Deletion	30
3L	3160269	3160166	Deletion	103
3L	3160269	3160215	Deletion	54
3L	3160269	3160225	Deletion	44
3L	3160269	3160237	Deletion	32
3L	3184676	3184604	Deletion	72
3L	3184716	3184604	Deletion	112
3L	3184698	3184604	Deletion	94
3L	3184686	3184604	Deletion	82
3L	3198876	3198766	Deletion	110
3L	3198876	3198783	Deletion	93
3L	3198876	3198784	Deletion	92
3L	3198876	3198803	Deletion	73
3L	3198876	3198815	Deletion	61
3L	3198876	3198828	Deletion	48
3L	3203358	3203290	Deletion	68
3L	3203326	3203290	Deletion	36
3L	3203371	3203290	Deletion	81
3L	3203346	3203290	Deletion	56
3L	3203391	3203290	Deletion	101
3L	3203327	3203290	Deletion	37
3L	3204491	3204375	Deletion	116
3L	3204491	3204385	Deletion	106
3L	3217784	3217676	Deletion	108
3L	3217784	3217677	Deletion	107
3L	3217784	3217703	Deletion	81
3L	3217784	3217736	Deletion	48
3L	3217784	3217736	Deletion	48
3L	3220997	3220919	Deletion	78
3L	3221031	3220919	Deletion	112
3L	3220997	3220919	Deletion	78
3L	3221037	3220919	Deletion	118
3L	3220964	3220919	Deletion	45
3L	3230465	3230389	Deletion	76
3L	3230465	3230393	Deletion	72
3L	3230569	3230518	Deletion	51
3L	3230573	3230518	Deletion	55
3L	3231241	3231154	Deletion	87
3L	3231241	3231200	Deletion	41
3L	3231241	3231206	Deletion	35
3L	3231388	3231289	Deletion	99
3L	3231401	3231289	Deletion	112
3L	3231376	3231289	Deletion	87
3L	3231330	3231289	Deletion	41
3L	3231382	3231289	Deletion	93
3L	3246572	3246456	Deletion	116
3L	3256256	3256148	Deletion	108
3L	3256257	3256148	Deletion	109
3L	3270922	3270841	Deletion	81
3L	3270922	3270858	Deletion	64
3L	3270922	3270885	Deletion	37
3L	3270922	3270890	Deletion	32
3L	3271934	3271871	Deletion	63
3L	3271965	3271871	Deletion	94
3L	3271960	3271871	Deletion	89
3L	3271916	3271871	Deletion	45
3L	3274603	3274508	Deletion	95
3L	3274603	3274513	Deletion	90
3L	3274603	3274513	Deletion	90
3L	3274603	3274521	Deletion	82
3L	3274603	3274535	Deletion	68
3L	3274603	3274550	Deletion	53
3L	3274603	3274550	Deletion	53
3L	3281761	3281637	Deletion	124
3L	3315713	3315676	Deletion	37
3L	3315750	3315676	Deletion	74
3L	3315750	3315676	Deletion	74
3L	3315785	3315676	Deletion	109
3L	3315713	3315676	Deletion	37
3L	3315708	3315676	Deletion	32
3L	3315735	3315676	Deletion	59
3L	3315721	3315681	Deletion	40
3L	3325563	3325440	Deletion	123
3L	3325563	3325458	Deletion	105
3L	3325563	3325484	Deletion	79
3L	3325563	3325489	Deletion	74
3L	3325762	3325657	Deletion	105
3L	3325709	3325657	Deletion	52
3L	3325704	3325657	Deletion	47
3L	3329799	3329680	Deletion	119
3L	3330588	3330472	Deletion	116
3L	3330588	3330533	Deletion	55
3L	3330588	3330555	Deletion	33
3L	3337492	3337421	Deletion	71
3L	3337514	3337421	Deletion	93
3L	3342718	3342621	Deletion	97
3L	3342718	3342623	Deletion	95
3L	3342718	3342631	Deletion	87
3L	3342830	3342799	Deletion	31
3L	3342838	3342799	Deletion	39
3L	3349636	3349538	Deletion	98
3L	3349636	3349547	Deletion	89
3L	3349636	3349554	Deletion	82
3L	3349636	3349567	Deletion	69
3L	3349636	3349576	Deletion	60
3L	3349636	3349580	Deletion	56
3L	3354362	3354317	Deletion	45
3L	3354388	3354317	Deletion	71
3L	3354375	3354317	Deletion	58
3L	3354355	3354317	Deletion	38
3L	3354384	3354317	Deletion	67
3L	3362665	3362568	Deletion	97
3L	3362665	3362583	Deletion	82
3L	3362665	3362601	Deletion	64
3L	3362665	3362615	Deletion	50
3L	3362665	3362621	Deletion	44
3L	3362665	3362632	Deletion	33
3L	3374167	3374061	Deletion	106
3L	3374156	3374061	Deletion	95
3L	3374145	3374061	Deletion	84
3L	3374107	3374061	Deletion	46
3L	3374125	3374061	Deletion	64
3L	3374139	3374061	Deletion	78
3L	3374092	3374061	Deletion	31
3L	3380477	3380364	Deletion	113
3L	3380477	3380365	Deletion	112
3L	3380477	3380378	Deletion	99
3L	3380477	3380392	Deletion	85
3L	3380477	3380430	Deletion	47
3L	3380477	3380435	Deletion	42
3L	3380477	3380442	Deletion	35
3L	3389790	3389699	Deletion	91
3L	3389783	3389699	Deletion	84
3L	3389740	3389699	Deletion	41
3L	3389778	3389699	Deletion	79
3L	3391350	3391229	Deletion	121
3L	3391350	3391250	Deletion	100
3L	3391350	3391273	Deletion	77
3L	3391350	3391291	Deletion	59
3L	3391350	3391301	Deletion	49
3L	3394851	3394773	Deletion	78
3L	3394841	3394773	Deletion	68
3L	3394823	3394773	Deletion	50
3L	3402414	3402292	Deletion	122
3L	3408430	3408308	Deletion	122
3L	3409930	3409811	Deletion	119
3L	3428219	3428099	Deletion	120
3L	3428219	3428105	Deletion	114
3L	3428219	3428111	Deletion	108
3L	3428219	3428111	Deletion	108
3L	3428219	3428112	Deletion	107
3L	3428219	3428120	Deletion	99
3L	3428219	3428173	Deletion	46
3L	3428219	3428189	Deletion	30
3L	3429107	3429027	Deletion	80
3L	3429123	3429027	Deletion	96
3L	3461470	3461384	Deletion	86
3L	3461470	3461387	Deletion	83
3L	3461470	3461433	Deletion	37
3L	3461994	3461948	Deletion	46
3L	3462040	3461948	Deletion	92
3L	3461991	3461948	Deletion	43
3L	3462052	3461948	Deletion	104
3L	3470252	3470135	Deletion	117
3L	3470252	3470136	Deletion	116
3L	3470252	3470143	Deletion	109
3L	3470252	3470203	Deletion	49
3L	3470252	3470208	Deletion	44
3L	3471188	3471110	Deletion	78
3L	3471227	3471110	Deletion	117
3L	3471193	3471110	Deletion	83
3L	3471223	3471110	Deletion	113
3L	3481086	3480965	Deletion	121
3L	3483346	3483241	Deletion	105
3L	3483346	3483262	Deletion	84
3L	3483346	3483286	Deletion	60
3L	3483346	3483289	Deletion	57
3L	3483346	3483311	Deletion	35
3L	3485908	3485842	Deletion	66
3L	3485911	3485842	Deletion	69
3L	3485942	3485842	Deletion	100
3L	3485956	3485842	Deletion	114
3L	3485884	3485842	Deletion	42
3L	3485946	3485842	Deletion	104
3L	3485933	3485842	Deletion	91
3L	3485960	3485842	Deletion	118
3L	3485962	3485842	Deletion	120
3L	3487087	3486977	Deletion	110
3L	3487087	3486993	Deletion	94
3L	3487087	3486999	Deletion	88
3L	3487087	3487007	Deletion	80
3L	3487087	3487007	Deletion	80
3L	3495590	3495558	Deletion	32
3L	3495604	3495558	Deletion	46
3L	3495658	3495558	Deletion	100
3L	3495604	3495558	Deletion	46
3L	3495596	3495558	Deletion	38
3L	3495677	3495558	Deletion	119
3L	3498355	3498236	Deletion	119
3L	3532077	3531974	Deletion	103
3L	3532077	3531976	Deletion	101
3L	3532077	3531993	Deletion	84
3L	3532077	3531993	Deletion	84
3L	3532077	3532029	Deletion	48
3L	3532488	3532446	Deletion	42
3L	3532488	3532446	Deletion	42
3L	3532524	3532446	Deletion	78
3L	3532563	3532446	Deletion	117
3L	3539545	3539426	Deletion	119
3L	3552631	3552509	Deletion	122
3L	3553607	3553521	Deletion	86
3L	3553607	3553526	Deletion	81
3L	3553795	3553749	Deletion	46
3L	3553866	3553749	Deletion	117
3L	3553790	3553749	Deletion	41
3L	3554048	3553932	Deletion	116
3L	3554048	3553953	Deletion	95
3L	3554048	3553966	Deletion	82
3L	3554048	3553968	Deletion	80
3L	3554048	3553971	Deletion	77
3L	3554048	3553981	Deletion	67
3L	3554048	3553986	Deletion	62
3L	3554048	3554009	Deletion	39
3L	3554318	3554209	Deletion	109
3L	3554255	3554209	Deletion	46
3L	3554242	3554209	Deletion	33
3L	3554260	3554209	Deletion	51
3L	3554275	3554209	Deletion	66
3L	3554322	3554209	Deletion	113
3L	3554257	3554209	Deletion	48
3L	3554270	3554209	Deletion	61
3L	3554298	3554209	Deletion	89
3L	3567597	3567476	Deletion	121
3L	3571524	3571409	Deletion	115
3L	3571524	3571465	Deletion	59
3L	3571524	3571469	Deletion	55
3L	3579301	3579234	Deletion	67
3L	3579305	3579234	Deletion	71
3L	3593226	3593123	Deletion	103
3L	3593226	3593127	Deletion	99
3L	3593226	3593134	Deletion	92
3L	3593226	3593164	Deletion	62
3L	3597944	3597831	Deletion	113
3L	3597869	3597831	Deletion	38
3L	3597862	3597831	Deletion	31
3L	3597955	3597831	Deletion	124
3L	3597899	3597831	Deletion	68
3L	3611972	3611851	Deletion	121
3L	3611972	3611898	Deletion	74
3L	3611972	3611923	Deletion	49
3L	3611972	3611930	Deletion	42
3L	3611972	3611932	Deletion	40
3L	3612240	3612153	Deletion	87
3L	3612260	3612153	Deletion	107
3L	3612206	3612153	Deletion	53
3L	3612267	3612153	Deletion	114
3L	3612254	3612153	Deletion	101
3L	3612231	3612153	Deletion	78
3L	3612261	3612153	Deletion	108
3L	3612238	3612153	Deletion	85
3L	3633960	3633851	Deletion	109
3L	3633960	3633887	Deletion	73
3L	3633960	3633890	Deletion	70
3L	3633960	3633912	Deletion	48
3L	3643236	3643131	Deletion	105
3L	3643209	3643131	Deletion	78
3L	3643187	3643131	Deletion	56
3L	3643184	3643131	Deletion	53
3L	3643816	3643709	Deletion	107
3L	3643816	3643713	Deletion	103
3L	3643816	3643721	Deletion	95
3L	3643816	3643733	Deletion	83
3L	3643816	3643743	Deletion	73
3L	3643816	3643747	Deletion	69
3L	3643816	3643768	Deletion	48
3L	3650395	3650316	Deletion	79
3L	3650425	3650316	Deletion	109
3L	3650360	3650316	Deletion	44
3L	3650348	3650316	Deletion	32
3L	3650370	3650316	Deletion	54
3L	3650374	3650316	Deletion	58
3L	3650444	3650322	Deletion	122
3L	3650444	3650331	Deletion	113
3L	3650444	3650396	Deletion	48
3L	3650444	3650401	Deletion	43
3L	3650444	3650407	Deletion	37
3L	3651312	3651229	Deletion	83
3L	3651351	3651229	Deletion	122
3L	3651307	3651229	Deletion	78
3L	3651318	3651229	Deletion	89
3L	3651336	3651229	Deletion	107
3L	3661431	3661310	Deletion	121
3L	3661431	3661320	Deletion	111
3L	3661431	3661339	Deletion	92
3L	3661431	3661341	Deletion	90
3L	3661431	3661358	Deletion	73
3L	3661431	3661361	Deletion	70
3L	3661431	3661367	Deletion	64
3L	3661431	3661395	Deletion	36
3L	3675654	3675601	Deletion	53
3L	3675637	3675601	Deletion	36
3L	3675635	3675601	Deletion	34
3L	3675657	3675601	Deletion	56
3L	3675702	3675601	Deletion	101
3L	3675663	3675601	Deletion	62
3L	3675691	3675601	Deletion	90
3L	3678070	3677950	Deletion	120
3L	3678070	3677973	Deletion	97
3L	3678070	3677978	Deletion	92
3L	3678070	3677996	Deletion	74
3L	3678070	3678000	Deletion	70
3L	3678547	3678512	Deletion	35
3L	3678542	3678512	Deletion	30
3L	3678565	3678512	Deletion	53
3L	3678569	3678512	Deletion	57
3L	3678610	3678512	Deletion	98
3L	3684843	3684720	Deletion	123
3L	3684843	3684743	Deletion	100
3L	3684843	3684749	Deletion	94
3L	3684843	3684756	Deletion	87
3L	3684843	3684776	Deletion	67
3L	3684843	3684788	Deletion	55
3L	3689022	3688950	Deletion	72
3L	3688983	3688950	Deletion	33
3L	3689010	3688950	Deletion	60
3L	3688990	3688950	Deletion	40
3L	3697234	3697111	Deletion	123
3L	3697234	3697120	Deletion	114
3L	3697234	3697178	Deletion	56
3L	3697232	3697184	Deletion	48
3L	3716806	3716736	Deletion	70
3L	3716807	3716736	Deletion	71
3L	3733973	3733849	Deletion	124
3L	3733973	3733859	Deletion	114
3L	3733973	3733872	Deletion	101
3L	3733973	3733882	Deletion	91
3L	3733973	3733906	Deletion	67
3L	3733973	3733916	Deletion	57
3L	3733973	3733919	Deletion	54
3L	3733973	3733934	Deletion	39
3L	3733973	3733939	Deletion	34
3L	3739118	3739026	Deletion	92
3L	3739123	3739026	Deletion	97
3L	3739056	3739026	Deletion	30
3L	3739066	3739026	Deletion	40
3L	3739103	3739026	Deletion	77
3L	3739090	3739026	Deletion	64
3L	3739100	3739026	Deletion	74
3L	3739805	3739682	Deletion	123
3L	3739805	3739728	Deletion	77
3L	3739805	3739729	Deletion	76
3L	3739805	3739731	Deletion	74
3L	3739805	3739734	Deletion	71
3L	3739805	3739766	Deletion	39
3L	3750110	3750058	Deletion	52
3L	3750147	3750058	Deletion	89
3L	3750167	3750058	Deletion	109
3L	3750109	3750058	Deletion	51
3L	3750115	3750058	Deletion	57
3L	3750112	3750058	Deletion	54
3L	3750893	3750838	Deletion	55
3L	3750893	3750862	Deletion	31
3L	3754276	3754203	Deletion	73
3L	3754300	3754203	Deletion	97
3L	3755628	3755506	Deletion	122
3L	3755628	3755507	Deletion	121
3L	3755628	3755569	Deletion	59
3L	3755628	3755576	Deletion	52
3L	3755628	3755595	Deletion	33
3L	3757018	3756943	Deletion	75
3L	3757037	3756943	Deletion	94
3L	3757048	3756943	Deletion	105
3L	3757060	3756943	Deletion	117
3L	3757011	3756943	Deletion	68
3L	3757606	3757497	Deletion	109
3L	3757606	3757507	Deletion	99
3L	3757606	3757524	Deletion	82
3L	3759691	3759647	Deletion	44
3L	3774034	3773938	Deletion	96
3L	3774034	3773960	Deletion	74
3L	3774034	3773982	Deletion	52
3L	3774034	3774000	Deletion	34
3L	3774182	3774088	Deletion	94
3L	3774142	3774088	Deletion	54
3L	3774164	3774088	Deletion	76
3L	3774120	3774088	Deletion	32
3L	3774208	3774090	Deletion	118
3L	3777412	3777287	Deletion	125
3L	3801676	3801561	Deletion	115
3L	3801676	3801601	Deletion	75
3L	3801676	3801627	Deletion	49
3L	3806034	3805957	Deletion	77
3L	3806071	3805957	Deletion	114
3L	3806008	3805957	Deletion	51
3L	3815859	3815735	Deletion	124
3L	3821732	3821611	Deletion	121
3L	3821732	3821620	Deletion	112
3L	3821732	3821626	Deletion	106
3L	3821732	3821632	Deletion	100
3L	3821732	3821648	Deletion	84
3L	3821732	3821664	Deletion	68
3L	3821732	3821680	Deletion	52
3L	3821732	3821683	Deletion	49
3L	3822412	3822288	Deletion	124
3L	3822333	3822288	Deletion	45
3L	3822390	3822288	Deletion	102
3L	3822348	3822288	Deletion	60
3L	3822402	3822288	Deletion	114
3L	3822367	3822288	Deletion	79
3L	3822403	3822288	Deletion	115
3L	3822364	3822288	Deletion	76
3L	3822411	3822288	Deletion	123
3L	3827223	3827101	Deletion	122
3L	3827223	3827125	Deletion	98
3L	3827223	3827135	Deletion	88
3L	3827223	3827141	Deletion	82
3L	3827223	3827142	Deletion	81
3L	3827223	3827176	Deletion	47
3L	3829383	3829339	Deletion	44
3L	3829377	3829339	Deletion	38
3L	3829418	3829339	Deletion	79
3L	3836809	3836685	Deletion	124
3L	3836807	3836687	Deletion	120
3L	3836809	3836707	Deletion	102
3L	3836809	3836754	Deletion	55
3L	3836809	3836760	Deletion	49
3L	3841192	3841121	Deletion	71
3L	3841228	3841121	Deletion	107
3L	3841198	3841121	Deletion	77
3L	3846424	3846324	Deletion	100
3L	3846424	3846327	Deletion	97
3L	3846424	3846377	Deletion	47
3L	3850356	3850326	Deletion	30
3L	3850406	3850326	Deletion	80
3L	3850436	3850326	Deletion	110
3L	3855345	3855262	Deletion	83
3L	3855345	3855288	Deletion	57
3L	3855345	3855290	Deletion	55
3L	3858184	3858066	Deletion	118
3L	3858181	3858066	Deletion	115
3L	3858109	3858066	Deletion	43
3L	3858137	3858066	Deletion	71
3L	3858135	3858066	Deletion	69
3L	3882487	3882374	Deletion	113
3L	3890382	3890258	Deletion	124
3L	3890382	3890262	Deletion	120
3L	3890382	3890268	Deletion	114
3L	3890382	3890270	Deletion	112
3L	3890382	3890283	Deletion	99
3L	3890382	3890296	Deletion	86
3L	3890382	3890298	Deletion	84
3L	3890382	3890310	Deletion	72
3L	3890382	3890313	Deletion	69
3L	3890933	3890877	Deletion	56
3L	3890919	3890877	Deletion	42
3L	3890936	3890877	Deletion	59
3L	3890921	3890877	Deletion	44
3L	3890987	3890877	Deletion	110
3L	3890982	3890877	Deletion	105
3L	3891830	3891708	Deletion	122
3L	3893345	3893246	Deletion	99
3L	3893345	3893251	Deletion	94
3L	3893345	3893311	Deletion	34
3L	3902198	3902165	Deletion	33
3L	3902258	3902165	Deletion	93
3L	3903564	3903507	Deletion	57
3L	3903564	3903514	Deletion	50
3L	3903564	3903528	Deletion	36
3L	3903564	3903532	Deletion	32
3L	3917357	3917267	Deletion	90
3L	3917336	3917267	Deletion	69
3L	3917361	3917267	Deletion	94
3L	3917343	3917267	Deletion	76
3L	4003022	4002912	Deletion	110
3L	4003027	4002912	Deletion	115
3L	4003017	4002912	Deletion	105
3L	4004345	4004224	Deletion	121
3L	4009484	4009385	Deletion	99
3L	4009484	4009436	Deletion	48
3L	4009484	4009439	Deletion	45
3L	4013271	4013148	Deletion	123
3L	4013229	4013148	Deletion	81
3L	4013226	4013148	Deletion	78
3L	4015703	4015581	Deletion	122
3L	4019002	4018911	Deletion	91
3L	4019002	4018922	Deletion	80
3L	4019002	4018971	Deletion	31
3L	4028403	4028368	Deletion	35
3L	4028414	4028368	Deletion	46
3L	4028470	4028368	Deletion	102
3L	4028463	4028368	Deletion	95
3L	4030793	4030676	Deletion	117
3L	4030791	4030690	Deletion	101
3L	4030793	4030700	Deletion	93
3L	4030793	4030709	Deletion	84
3L	4030793	4030712	Deletion	81
3L	4030793	4030725	Deletion	68
3L	4030793	4030763	Deletion	30
3L	4046998	4046901	Deletion	97
3L	4046944	4046901	Deletion	43
3L	4047002	4046901	Deletion	101
3L	4046935	4046901	Deletion	34
3L	4046947	4046901	Deletion	46
3L	4047000	4046901	Deletion	99
3L	4046960	4046901	Deletion	59
3L	4050346	4050224	Deletion	122
3L	4063092	4062973	Deletion	119
3L	4063092	4062981	Deletion	111
3L	4063092	4063001	Deletion	91
3L	4069732	4069696	Deletion	36
3L	4069813	4069696	Deletion	117
3L	4069817	4069696	Deletion	121
3L	4107110	4106986	Deletion	124
3L	4107110	4107047	Deletion	63
3L	4107110	4107075	Deletion	35
3L	4110695	4110587	Deletion	108
3L	4110689	4110587	Deletion	102
3L	4110651	4110587	Deletion	64
3L	4110679	4110587	Deletion	92
3L	4112517	4112402	Deletion	115
3L	4112517	4112415	Deletion	102
3L	4112517	4112418	Deletion	99
3L	4119602	4119494	Deletion	108
3L	4119602	4119494	Deletion	108
3L	4119607	4119494	Deletion	113
3L	4119618	4119494	Deletion	124
3L	4119609	4119494	Deletion	115
3L	4122180	4122063	Deletion	117
3L	4122180	4122070	Deletion	110
3L	4122180	4122079	Deletion	101
3L	4122714	4122614	Deletion	100
3L	4122924	4122822	Deletion	102
3L	4122924	4122873	Deletion	51
3L	4122924	4122881	Deletion	43
3L	4123079	4122976	Deletion	103
3L	4123059	4122976	Deletion	83
3L	4123051	4122976	Deletion	75
3L	4131021	4130916	Deletion	105
3L	4131021	4130932	Deletion	89
3L	4131021	4130934	Deletion	87
3L	4131021	4130934	Deletion	87
3L	4131021	4130942	Deletion	79
3L	4131021	4130952	Deletion	69
3L	4131021	4130990	Deletion	31
3L	4143116	4143057	Deletion	59
3L	4143167	4143057	Deletion	110
3L	4143098	4143057	Deletion	41
3L	4143098	4143057	Deletion	41
3L	4143168	4143057	Deletion	111
3L	4143106	4143057	Deletion	49
3L	4143175	4143057	Deletion	118
3L	4143096	4143057	Deletion	39
3L	4143154	4143057	Deletion	97
3L	4153171	4153054	Deletion	117
3L	4153171	4153099	Deletion	72
3L	4153171	4153119	Deletion	52
3L	4153171	4153136	Deletion	35
3L	4153171	4153140	Deletion	31
3L	4158946	4158890	Deletion	56
3L	4158966	4158890	Deletion	76
3L	4158987	4158890	Deletion	97
3L	4158983	4158890	Deletion	93
3L	4159212	4159091	Deletion	121
3L	4160652	4160530	Deletion	122
3L	4165615	4165494	Deletion	121
3L	4165615	4165508	Deletion	107
3L	4165615	4165514	Deletion	101
3L	4165615	4165565	Deletion	50
3L	4165615	4165584	Deletion	31
3L	4168113	4168037	Deletion	76
3L	4168132	4168037	Deletion	95
3L	4168142	4168037	Deletion	105
3L	4168149	4168037	Deletion	112
3L	4170455	4170370	Deletion	85
3L	4170455	4170389	Deletion	66
3L	4170455	4170401	Deletion	54
3L	4170616	4170556	Deletion	60
3L	4170676	4170556	Deletion	120
3L	4170628	4170556	Deletion	72
3L	4170597	4170556	Deletion	41
3L	4176459	4176338	Deletion	121
3L	4177019	4176898	Deletion	121
3L	4181291	4181183	Deletion	108
3L	4181291	4181246	Deletion	45
3L	4181291	4181259	Deletion	32
3L	4184610	4184507	Deletion	103
3L	4184622	4184507	Deletion	115
3L	4184588	4184507	Deletion	81
3L	4184612	4184507	Deletion	105
3L	4184601	4184507	Deletion	94
3L	4200413	4200346	Deletion	67
3L	4200413	4200381	Deletion	32
3L	4201233	4201174	Deletion	59
3L	4201268	4201174	Deletion	94
3L	4206902	4206778	Deletion	124
3L	4208987	4208866	Deletion	121
3L	4208987	4208895	Deletion	92
3L	4208987	4208908	Deletion	79
3L	4208987	4208916	Deletion	71
3L	4208987	4208945	Deletion	42
3L	4216151	4216066	Deletion	85
3L	4216122	4216066	Deletion	56
3L	4216177	4216066	Deletion	111
3L	4216101	4216066	Deletion	35
3L	4216114	4216066	Deletion	48
3L	4225824	4225702	Deletion	122
3L	4225824	4225718	Deletion	106
3L	4225824	4225722	Deletion	102
3L	4225824	4225732	Deletion	92
3L	4225824	4225750	Deletion	74
3L	4225824	4225759	Deletion	65
3L	4225824	4225768	Deletion	56
3L	4225824	4225786	Deletion	38
3L	4226696	4226644	Deletion	52
3L	4226757	4226644	Deletion	113
3L	4226714	4226644	Deletion	70
3L	4226678	4226644	Deletion	34
3L	4226705	4226644	Deletion	61
3L	4226732	4226644	Deletion	88
3L	4231412	4231300	Deletion	112
3L	4231407	4231322	Deletion	85
3L	4231412	4231352	Deletion	60
3L	4231412	4231357	Deletion	55
3L	4231412	4231367	Deletion	45
3L	4233019	4232983	Deletion	36
3L	4233054	4232983	Deletion	71
3L	4233049	4232983	Deletion	66
3L	4233064	4232983	Deletion	81
3L	4255894	4255795	Deletion	99
3L	4255899	4255795	Deletion	104
3L	4262649	4262534	Deletion	115
3L	4262649	4262539	Deletion	110
3L	4262649	4262545	Deletion	104
3L	4262649	4262557	Deletion	92
3L	4262649	4262581	Deletion	68
3L	4262649	4262594	Deletion	55
3L	4267652	4267578	Deletion	74
3L	4267639	4267578	Deletion	61
3L	4267615	4267578	Deletion	37
3L	4267686	4267578	Deletion	108
3L	4267878	4267755	Deletion	123
3L	4274073	4273958	Deletion	115
3L	4274073	4273962	Deletion	111
3L	4274073	4273962	Deletion	111
3L	4274073	4273974	Deletion	99
3L	4274073	4274018	Deletion	55
3L	4274073	4274039	Deletion	34
3L	4274073	4274041	Deletion	32
3L	4274560	4274444	Deletion	116
3L	4274517	4274444	Deletion	73
3L	4274566	4274444	Deletion	122
3L	4274538	4274444	Deletion	94
3L	4274545	4274444	Deletion	101
3L	4274540	4274444	Deletion	96
3L	4276640	4276516	Deletion	124
3L	4280834	4280713	Deletion	121
3L	4286129	4286034	Deletion	95
3L	4286129	4286054	Deletion	75
3L	4286129	4286080	Deletion	49
3L	4286129	4286086	Deletion	43
3L	4286996	4286898	Deletion	98
3L	4286982	4286898	Deletion	84
3L	4286950	4286898	Deletion	52
3L	4286976	4286898	Deletion	78
3L	4292162	4292128	Deletion	34
3L	4293879	4293765	Deletion	114
3L	4293859	4293765	Deletion	94
3L	4307308	4307197	Deletion	111
3L	4307308	4307207	Deletion	101
3L	4307308	4307274	Deletion	34
3L	4307450	4307358	Deletion	92
3L	4307456	4307358	Deletion	98
3L	4308504	4308414	Deletion	90
3L	4309994	4309874	Deletion	120
3L	4309986	4309874	Deletion	112
3L	4309914	4309874	Deletion	40
3L	4326778	4326673	Deletion	105
3L	4326778	4326703	Deletion	75
3L	4326778	4326704	Deletion	74
3L	4326778	4326733	Deletion	45
3L	4326778	4326735	Deletion	43
3L	4326778	4326748	Deletion	30
3L	4327551	4327498	Deletion	53
3L	4327596	4327498	Deletion	98
3L	4327581	4327498	Deletion	83
3L	4327605	4327498	Deletion	107
3L	4327552	4327498	Deletion	54
3L	4327583	4327498	Deletion	85
3L	4330227	4330190	Deletion	37
3L	4344521	4344436	Deletion	85
3L	4344518	4344436	Deletion	82
3L	4344529	4344436	Deletion	93
3L	4344478	4344436	Deletion	42
3L	4344542	4344436	Deletion	106
3L	4344478	4344436	Deletion	42
3L	4363293	4363172	Deletion	121
3L	4363288	4363182	Deletion	106
3L	4363293	4363186	Deletion	107
3L	4363293	4363229	Deletion	64
3L	4363293	4363240	Deletion	53
3L	4367560	4367498	Deletion	62
3L	4367571	4367498	Deletion	73
3L	4371568	4371452	Deletion	116
3L	4371568	4371463	Deletion	105
3L	4371568	4371496	Deletion	72
3L	4371568	4371502	Deletion	66
3L	4371568	4371502	Deletion	66
3L	4371568	4371520	Deletion	48
3L	4372747	4372691	Deletion	56
3L	4372753	4372691	Deletion	62
3L	4372771	4372691	Deletion	80
3L	4372814	4372691	Deletion	123
3L	4372753	4372691	Deletion	62
3L	4374554	4374455	Deletion	99
3L	4374554	4374466	Deletion	88
3L	4374554	4374508	Deletion	46
3L	4374554	4374519	Deletion	35
3L	4374710	4374618	Deletion	92
3L	4374657	4374618	Deletion	39
3L	4374699	4374618	Deletion	81
3L	4374734	4374618	Deletion	116
3L	4374729	4374618	Deletion	111
3L	4374716	4374618	Deletion	98
3L	4376018	4375908	Deletion	110
3L	4376018	4375970	Deletion	48
3L	4376018	4375975	Deletion	43
3L	4391881	4391803	Deletion	78
3L	4391886	4391803	Deletion	83
3L	4396050	4395932	Deletion	118
3L	4396050	4395942	Deletion	108
3L	4422057	4421959	Deletion	98
3L	4422057	4421974	Deletion	83
3L	4422057	4421987	Deletion	70
3L	4422057	4422000	Deletion	57
3L	4422057	4422017	Deletion	40
3L	4422277	4422191	Deletion	86
3L	4422247	4422191	Deletion	56
3L	4422260	4422191	Deletion	69
3L	4422234	4422191	Deletion	43
3L	4423410	4423289	Deletion	121
3L	4430538	4430426	Deletion	112
3L	4430539	4430442	Deletion	97
3L	4430539	4430447	Deletion	92
3L	4430539	4430454	Deletion	85
3L	4430539	4430493	Deletion	46
3L	4430539	4430499	Deletion	40
3L	4430539	4430504	Deletion	35
3L	4431084	4431054	Deletion	30
3L	4431146	4431054	Deletion	92
3L	4431089	4431054	Deletion	35
3L	4431096	4431054	Deletion	42
3L	4431141	4431054	Deletion	87
3L	4431135	4431054	Deletion	81
3L	4439866	4439748	Deletion	118
3L	4447964	4447855	Deletion	109
3L	4447959	4447869	Deletion	90
3L	4447964	4447893	Deletion	71
3L	4447964	4447899	Deletion	65
3L	4449850	4449749	Deletion	101
3L	4449812	4449749	Deletion	63
3L	4449854	4449749	Deletion	105
3L	4449858	4449749	Deletion	109
3L	4451559	4451502	Deletion	57
3L	4451535	4451502	Deletion	33
3L	4454855	4454784	Deletion	71
3L	4454894	4454784	Deletion	110
3L	4454853	4454793	Deletion	60
3L	4490002	4489878	Deletion	124
3L	4490002	4489891	Deletion	111
3L	4490002	4489895	Deletion	107
3L	4490002	4489930	Deletion	72
3L	4490002	4489937	Deletion	65
3L	4490002	4489945	Deletion	57
3L	4490002	4489961	Deletion	41
3L	4490002	4489962	Deletion	40
3L	4492352	4492281	Deletion	71
3L	4492337	4492281	Deletion	56
3L	4492368	4492281	Deletion	87
3L	4492344	4492281	Deletion	63
3L	4492378	4492281	Deletion	97
3L	4492369	4492281	Deletion	88
3L	4502030	4501919	Deletion	111
3L	4502030	4501953	Deletion	77
3L	4502030	4501981	Deletion	49
3L	4502030	4501987	Deletion	43
3L	4502164	4502087	Deletion	77
3L	4502170	4502087	Deletion	83
3L	4502136	4502087	Deletion	49
3L	4512531	4512412	Deletion	119
3L	4512531	4512416	Deletion	115
3L	4512531	4512422	Deletion	109
3L	4512531	4512430	Deletion	101
3L	4512531	4512466	Deletion	65
3L	4512531	4512468	Deletion	63
3L	4512531	4512476	Deletion	55
3L	4513556	4513448	Deletion	108
3L	4513519	4513448	Deletion	71
3L	4513553	4513448	Deletion	105
3L	4513509	4513448	Deletion	61
3L	4513553	4513448	Deletion	105
3L	4513511	4513448	Deletion	63
3L	4521426	4521303	Deletion	123
3L	4521426	4521306	Deletion	120
3L	4521426	4521310	Deletion	116
3L	4521426	4521379	Deletion	47
3L	4521426	4521385	Deletion	41
3L	4521426	4521389	Deletion	37
3L	4525422	4525333	Deletion	89
3L	4525440	4525333	Deletion	107
3L	4525442	4525333	Deletion	109
3L	4525418	4525333	Deletion	85
3L	4525412	4525333	Deletion	79
3L	4525433	4525333	Deletion	100
3L	4530132	4530009	Deletion	123
3L	4530132	4530024	Deletion	108
3L	4530132	4530024	Deletion	108
3L	4530132	4530034	Deletion	98
3L	4530132	4530043	Deletion	89
3L	4530132	4530066	Deletion	66
3L	4530132	4530098	Deletion	34
3L	4533646	4533527	Deletion	119
3L	4533634	4533527	Deletion	107
3L	4533620	4533527	Deletion	93
3L	4533639	4533527	Deletion	112
3L	4533588	4533527	Deletion	61
3L	4533565	4533527	Deletion	38
3L	4542362	4542260	Deletion	102
3L	4542362	4542287	Deletion	75
3L	4542362	4542316	Deletion	46
3L	4542780	4542698	Deletion	82
3L	4542751	4542698	Deletion	53
3L	4543156	4543040	Deletion	116
3L	4543156	4543051	Deletion	105
3L	4543156	4543063	Deletion	93
3L	4543156	4543079	Deletion	77
3L	4543156	4543084	Deletion	72
3L	4543156	4543120	Deletion	36
3L	4544359	4544268	Deletion	91
3L	4544318	4544268	Deletion	50
3L	4544302	4544268	Deletion	34
3L	4544323	4544268	Deletion	55
3L	4548119	4548021	Deletion	98
3L	4548119	4548029	Deletion	90
3L	4548119	4548062	Deletion	57
3L	4548119	4548077	Deletion	42
3L	4548628	4548572	Deletion	56
3L	4548628	4548572	Deletion	56
3L	4548603	4548572	Deletion	31
3L	4548628	4548572	Deletion	56
3L	4548611	4548572	Deletion	39
3L	4548628	4548588	Deletion	40
3L	4558490	4558459	Deletion	31
3L	4558575	4558459	Deletion	116
3L	4558513	4558459	Deletion	54
3L	4558545	4558459	Deletion	86
3L	4587862	4587739	Deletion	123
3L	4587862	4587760	Deletion	102
3L	4587862	4587775	Deletion	87
3L	4587862	4587789	Deletion	73
3L	4587862	4587820	Deletion	42
3L	4591459	4591374	Deletion	85
3L	4591428	4591374	Deletion	54
3L	4591414	4591374	Deletion	40
3L	4592241	4592145	Deletion	96
3L	4592241	4592170	Deletion	71
3L	4592241	4592174	Deletion	67
3L	4592241	4592189	Deletion	52
3L	4592241	4592190	Deletion	51
3L	4593695	4593588	Deletion	107
3L	4593663	4593588	Deletion	75
3L	4593648	4593588	Deletion	60
3L	4593619	4593588	Deletion	31
3L	4593664	4593588	Deletion	76
3L	4593711	4593588	Deletion	123
3L	4593644	4593588	Deletion	56
3L	4597516	4597439	Deletion	77
3L	4597516	4597463	Deletion	53
3L	4597516	4597468	Deletion	48
3L	4597516	4597472	Deletion	44
3L	4597516	4597479	Deletion	37
3L	4597516	4597480	Deletion	36
3L	4597516	4597480	Deletion	36
3L	4600759	4600650	Deletion	109
3L	4600740	4600650	Deletion	90
3L	4600769	4600650	Deletion	119
3L	4600765	4600650	Deletion	115
3L	4600739	4600650	Deletion	89
3L	4600699	4600650	Deletion	49
3L	4600751	4600650	Deletion	101
3L	4600728	4600650	Deletion	78
3L	4600732	4600650	Deletion	82
3L	4600740	4600650	Deletion	90
3L	4600723	4600650	Deletion	73
3L	4603659	4603537	Deletion	122
3L	4619816	4619736	Deletion	80
3L	4619816	4619749	Deletion	67
3L	4619816	4619766	Deletion	50
3L	4624992	4624946	Deletion	46
3L	4625068	4624946	Deletion	122
3L	4625005	4624946	Deletion	59
3L	4625044	4624946	Deletion	98
3L	4625022	4624946	Deletion	76
3L	4625063	4624946	Deletion	117
3L	4625060	4624946	Deletion	114
3L	4634485	4634362	Deletion	123
3L	4666542	4666427	Deletion	115
3L	4666542	4666432	Deletion	110
3L	4666542	4666434	Deletion	108
3L	4666542	4666440	Deletion	102
3L	4666542	4666458	Deletion	84
3L	4666542	4666461	Deletion	81
3L	4666542	4666504	Deletion	38
3L	4666868	4666823	Deletion	45
3L	4666865	4666823	Deletion	42
3L	4666911	4666823	Deletion	88
3L	4669691	4669575	Deletion	116
3L	4669691	4669589	Deletion	102
3L	4669691	4669605	Deletion	86
3L	4669691	4669608	Deletion	83
3L	4669691	4669615	Deletion	76
3L	4679095	4679052	Deletion	43
3L	4679102	4679052	Deletion	50
3L	4679092	4679052	Deletion	40
3L	4722433	4722315	Deletion	118
3L	4722433	4722320	Deletion	113
3L	4722433	4722324	Deletion	109
3L	4722433	4722326	Deletion	107
3L	4722433	4722345	Deletion	88
3L	4722433	4722389	Deletion	44
3L	4756843	4756733	Deletion	110
3L	4756771	4756733	Deletion	38
3L	4756815	4756733	Deletion	82
3L	4758409	4758290	Deletion	119
3L	4758409	4758319	Deletion	90
3L	4758409	4758320	Deletion	89
3L	4758409	4758340	Deletion	69
3L	4758409	4758340	Deletion	69
3L	4758409	4758350	Deletion	59
3L	4759752	4759690	Deletion	62
3L	4759762	4759690	Deletion	72
3L	4759752	4759690	Deletion	62
3L	4759731	4759690	Deletion	41
3L	4759732	4759690	Deletion	42
3L	4765775	4765654	Deletion	121
3L	4773115	4772993	Deletion	122
3L	4775575	4775453	Deletion	122
3L	4777486	4777399	Deletion	87
3L	4777486	4777453	Deletion	33
3L	4777712	4777600	Deletion	112
3L	4777694	4777600	Deletion	94
3L	4777640	4777600	Deletion	40
3L	4777717	4777600	Deletion	117
3L	4797223	4797100	Deletion	123
3L	4799473	4799353	Deletion	120
3L	4799473	4799366	Deletion	107
3L	4799473	4799386	Deletion	87
3L	4799473	4799430	Deletion	43
3L	4799473	4799438	Deletion	35
3L	4806531	4806421	Deletion	110
3L	4806529	4806421	Deletion	108
3L	4806461	4806421	Deletion	40
3L	4806505	4806421	Deletion	84
3L	4806513	4806421	Deletion	92
3L	4819576	4819467	Deletion	109
3L	4819576	4819493	Deletion	83
3L	4819576	4819496	Deletion	80
3L	4819576	4819508	Deletion	68
3L	4819576	4819509	Deletion	67
3L	4819576	4819514	Deletion	62
3L	4828813	4828770	Deletion	43
3L	4828816	4828770	Deletion	46
3L	4828828	4828770	Deletion	58
3L	4828834	4828770	Deletion	64
3L	4828885	4828770	Deletion	115
3L	4828829	4828770	Deletion	59
3L	4828876	4828770	Deletion	106
3L	4828891	4828770	Deletion	121
3L	4828892	4828770	Deletion	122
3L	4833696	4833580	Deletion	116
3L	4833696	4833661	Deletion	35
3L	4836079	4835968	Deletion	111
3L	4836060	4835968	Deletion	92
3L	4836067	4835968	Deletion	99
3L	4836078	4835968	Deletion	110
3L	4851177	4851060	Deletion	117
3L	4851177	4851068	Deletion	109
3L	4851177	4851075	Deletion	102
3L	4851177	4851081	Deletion	96
3L	4851177	4851108	Deletion	69
3L	4851177	4851110	Deletion	67
3L	4852006	4851924	Deletion	82
3L	4851983	4851924	Deletion	59
3L	4851968	4851924	Deletion	44
3L	4852027	4851924	Deletion	103
3L	4851981	4851924	Deletion	57
3L	4852048	4851924	Deletion	124
3L	4852005	4851924	Deletion	81
3L	4852017	4851935	Deletion	82
3L	4852017	4851972	Deletion	45
3L	4852017	4851973	Deletion	44
3L	4864658	4864571	Deletion	87
3L	4864658	4864586	Deletion	72
3L	4864658	4864626	Deletion	32
3L	4865144	4865090	Deletion	54
3L	4865184	4865090	Deletion	94
3L	4865129	4865090	Deletion	39
3L	4865192	4865090	Deletion	102
3L	4878449	4878327	Deletion	122
3L	4878449	4878375	Deletion	74
3L	4878449	4878376	Deletion	73
3L	4878449	4878396	Deletion	53
3L	4878449	4878406	Deletion	43
3L	4878449	4878406	Deletion	43
3L	4878574	4878519	Deletion	55
3L	4878605	4878519	Deletion	86
3L	4878575	4878519	Deletion	56
3L	4878595	4878519	Deletion	76
3L	4878605	4878519	Deletion	86
3L	4898927	4898809	Deletion	118
3L	4898927	4898822	Deletion	105
3L	4898927	4898822	Deletion	105
3L	4898927	4898826	Deletion	101
3L	4898927	4898843	Deletion	84
3L	4898927	4898858	Deletion	69
3L	4898927	4898888	Deletion	39
3L	4902170	4902049	Deletion	121
3L	4902170	4902103	Deletion	67
3L	4902444	4902385	Deletion	59
3L	4904550	4904520	Deletion	30
3L	4905094	4905004	Deletion	90
3L	4905738	4905706	Deletion	32
3L	4910132	4910018	Deletion	114
3L	4910132	4910023	Deletion	109
3L	4910132	4910029	Deletion	103
3L	4910132	4910031	Deletion	101
3L	4910132	4910035	Deletion	97
3L	4910132	4910052	Deletion	80
3L	4910132	4910087	Deletion	45
3L	4910132	4910092	Deletion	40
3L	4910132	4910100	Deletion	32
3L	4911670	4911574	Deletion	96
3L	4911657	4911574	Deletion	83
3L	4911692	4911574	Deletion	118
3L	4911686	4911574	Deletion	112
3L	4911622	4911574	Deletion	48
3L	4911605	4911574	Deletion	31
3L	4911696	4911574	Deletion	122
3L	4911673	4911574	Deletion	99
3L	4911662	4911574	Deletion	88
3L	4920086	4919977	Deletion	109
3L	4920086	4919993	Deletion	93
3L	4920086	4919995	Deletion	91
3L	4920086	4920053	Deletion	33
3L	4929174	4929139	Deletion	35
3L	4929172	4929139	Deletion	33
3L	4929251	4929139	Deletion	112
3L	4929249	4929139	Deletion	110
3L	4929232	4929139	Deletion	93
3L	4929256	4929139	Deletion	117
3L	4932866	4932747	Deletion	119
3L	4932866	4932755	Deletion	111
3L	4932866	4932774	Deletion	92
3L	4932866	4932779	Deletion	87
3L	4932966	4932927	Deletion	39
3L	4932961	4932927	Deletion	34
3L	4935556	4935434	Deletion	122
3L	4948856	4948744	Deletion	112
3L	4948856	4948749	Deletion	107
3L	4948856	4948750	Deletion	106
3L	4948856	4948762	Deletion	94
3L	4948856	4948780	Deletion	76
3L	4948856	4948805	Deletion	51
3L	4948856	4948807	Deletion	49
3L	4949125	4949050	Deletion	75
3L	4949171	4949050	Deletion	121
3L	4949100	4949050	Deletion	50
3L	4949127	4949050	Deletion	77
3L	4949167	4949050	Deletion	117
3L	4949157	4949050	Deletion	107
3L	4970900	4970796	Deletion	104
3L	4970900	4970841	Deletion	59
3L	4970900	4970864	Deletion	36
3L	4970900	4970865	Deletion	35
3L	4983012	4982904	Deletion	108
3L	4983007	4982904	Deletion	103
3L	4982994	4982904	Deletion	90
3L	4983007	4982904	Deletion	103
3L	4983027	4982904	Deletion	123
3L	4982971	4982904	Deletion	67
3L	4982995	4982904	Deletion	91
3L	4983015	4982904	Deletion	111
3L	4983017	4982904	Deletion	113
3L	4983541	4983442	Deletion	99
3L	4983541	4983484	Deletion	57
3L	4983541	4983488	Deletion	53
3L	4983541	4983496	Deletion	45
3L	4983541	4983499	Deletion	42
3L	4983541	4983509	Deletion	32
3L	4984469	4984399	Deletion	70
3L	4984473	4984399	Deletion	74
3L	4984494	4984399	Deletion	95
3L	4984484	4984399	Deletion	85
3L	4984481	4984399	Deletion	82
3L	5000487	5000366	Deletion	121
3L	5006312	5006189	Deletion	123
3L	5006312	5006219	Deletion	93
3L	5006312	5006239	Deletion	73
3L	5006312	5006255	Deletion	57
3L	5006312	5006282	Deletion	30
3L	5010520	5010451	Deletion	69
3L	5010484	5010451	Deletion	33
3L	5010504	5010451	Deletion	53
3L	5010547	5010451	Deletion	96
3L	5010572	5010451	Deletion	121
3L	5016524	5016402	Deletion	122
3L	5029404	5029320	Deletion	84
3L	5029500	5029457	Deletion	43
3L	5035843	5035740	Deletion	103
3L	5036149	5036103	Deletion	46
3L	5036808	5036687	Deletion	121
3L	5042090	5042014	Deletion	76
3L	5045925	5045824	Deletion	101
3L	5045930	5045832	Deletion	98
3L	5046847	5046727	Deletion	120
3L	5048078	5047981	Deletion	97
3L	5055212	5055092	Deletion	120
3L	5055213	5055092	Deletion	121
3L	5055186	5055092	Deletion	94
3L	5064201	5064079	Deletion	122
3L	5066816	5066694	Deletion	122
3L	5069246	5069135	Deletion	111
3L	5069246	5069147	Deletion	99
3L	5069246	5069158	Deletion	88
3L	5069246	5069171	Deletion	75
3L	5069246	5069175	Deletion	71
3L	5069246	5069200	Deletion	46
3L	5077983	5077875	Deletion	108
3L	5077956	5077875	Deletion	81
3L	5077914	5077875	Deletion	39
3L	5077931	5077875	Deletion	56
3L	5077927	5077875	Deletion	52
3L	5084548	5084427	Deletion	121
3L	5088609	5088498	Deletion	111
3L	5088609	5088498	Deletion	111
3L	5088609	5088501	Deletion	108
3L	5088609	5088512	Deletion	97
3L	5088609	5088533	Deletion	76
3L	5088609	5088547	Deletion	62
3L	5089211	5089096	Deletion	115
3L	5089146	5089096	Deletion	50
3L	5089160	5089096	Deletion	64
3L	5092572	5092451	Deletion	121
3L	5095537	5095418	Deletion	119
3L	5095537	5095425	Deletion	112
3L	5095537	5095434	Deletion	103
3L	5095537	5095451	Deletion	86
3L	5095537	5095458	Deletion	79
3L	5095537	5095468	Deletion	69
3L	5095537	5095482	Deletion	55
3L	5095537	5095495	Deletion	42
3L	5095537	5095507	Deletion	30
3L	5095642	5095601	Deletion	41
3L	5095686	5095601	Deletion	85
3L	5095649	5095601	Deletion	48
3L	5095673	5095601	Deletion	72
3L	5095715	5095601	Deletion	114
3L	5095698	5095601	Deletion	97
3L	5095659	5095601	Deletion	58
3L	5096697	5096577	Deletion	120
3L	5104830	5104783	Deletion	47
3L	5107476	5107432	Deletion	44
3L	5107766	5107693	Deletion	73
3L	5114828	5114766	Deletion	62
3L	5115350	5115310	Deletion	40
3L	5116260	5116144	Deletion	116
3L	5116260	5116147	Deletion	113
3L	5116273	5116165	Deletion	108
3L	5116273	5116172	Deletion	101
3L	5116395	5116369	Deletion	26
3L	5116776	5116659	Deletion	117
3L	5120307	5120261	Deletion	46
3L	5121968	5121887	Deletion	81
3L	5123797	5123726	Deletion	71
3L	5124384	5124265	Deletion	119
3L	5124334	5124265	Deletion	69
3L	5133902	5133795	Deletion	107
3L	5133902	5133803	Deletion	99
3L	5133902	5133827	Deletion	75
3L	5133902	5133853	Deletion	49
3L	5133902	5133859	Deletion	43
3L	5133902	5133867	Deletion	35
3L	5134043	5133952	Deletion	91
3L	5134029	5133952	Deletion	77
3L	5134003	5133952	Deletion	51
3L	5134035	5133952	Deletion	83
3L	5134058	5133952	Deletion	106
3L	5139616	5139496	Deletion	120
3L	5142259	5142141	Deletion	118
3L	5142259	5142157	Deletion	102
3L	5142259	5142167	Deletion	92
3L	5142259	5142173	Deletion	86
3L	5142259	5142174	Deletion	85
3L	5142259	5142182	Deletion	77
3L	5142259	5142209	Deletion	50
3L	5142259	5142227	Deletion	32
3L	5147022	5146922	Deletion	100
3L	5146963	5146922	Deletion	41
3L	5146972	5146922	Deletion	50
3L	5146957	5146922	Deletion	35
3L	5147017	5146922	Deletion	95
3L	5147041	5146922	Deletion	119
3L	5146999	5146922	Deletion	77
3L	5146964	5146922	Deletion	42
3L	5171391	5171322	Deletion	69
3L	5171391	5171344	Deletion	47
3L	5171391	5171359	Deletion	32
3L	5174053	5173952	Deletion	101
3L	5174032	5173952	Deletion	80
3L	5174047	5173952	Deletion	95
3L	5174071	5173952	Deletion	119
3L	5174058	5173952	Deletion	106
3L	5174010	5173952	Deletion	58
3L	5174067	5173952	Deletion	115
3L	5186785	5186684	Deletion	101
3L	5186785	5186690	Deletion	95
3L	5186785	5186692	Deletion	93
3L	5186785	5186702	Deletion	83
3L	5186785	5186724	Deletion	61
3L	5187748	5187704	Deletion	44
3L	5187816	5187704	Deletion	112
3L	5187738	5187704	Deletion	34
3L	5187770	5187704	Deletion	66
3L	5187736	5187704	Deletion	32
3L	5192565	5192446	Deletion	119
3L	5192565	5192455	Deletion	110
3L	5192565	5192520	Deletion	45
3L	5192565	5192530	Deletion	35
3L	5196789	5196694	Deletion	95
3L	5196779	5196694	Deletion	85
3L	5200900	5200779	Deletion	121
3L	5200900	5200822	Deletion	78
3L	5200900	5200835	Deletion	65
3L	5200900	5200845	Deletion	55
3L	5200896	5200850	Deletion	46
3L	5200900	5200855	Deletion	45
3L	5201414	5201365	Deletion	49
3L	5201475	5201365	Deletion	110
3L	5201484	5201365	Deletion	119
3L	5201437	5201365	Deletion	72
3L	5201427	5201365	Deletion	62
3L	5201481	5201365	Deletion	116
3L	5201442	5201365	Deletion	77
3L	5201447	5201365	Deletion	82
3L	5205228	5205105	Deletion	123
3L	5221734	5221613	Deletion	121
3L	5242700	5242577	Deletion	123
3L	5242700	5242587	Deletion	113
3L	5242700	5242620	Deletion	80
3L	5242700	5242630	Deletion	70
3L	5242700	5242630	Deletion	70
3L	5242700	5242649	Deletion	51
3L	5246273	5246198	Deletion	75
3L	5246298	5246198	Deletion	100
3L	5246314	5246198	Deletion	116
3L	5246244	5246198	Deletion	46
3L	5246254	5246198	Deletion	56
3L	5246320	5246198	Deletion	122
3L	5246254	5246198	Deletion	56
3L	5246298	5246198	Deletion	100
3L	5250972	5250866	Deletion	106
3L	5250972	5250881	Deletion	91
3L	5250972	5250892	Deletion	80
3L	5250972	5250936	Deletion	36
3L	5250972	5250941	Deletion	31
3L	5253792	5253745	Deletion	47
3L	5253856	5253745	Deletion	111
3L	5253852	5253745	Deletion	107
3L	5253781	5253745	Deletion	36
3L	5253841	5253745	Deletion	96
3L	5253851	5253745	Deletion	106
3L	5253836	5253745	Deletion	91
3L	5256248	5256125	Deletion	123
3L	5256248	5256138	Deletion	110
3L	5256248	5256197	Deletion	51
3L	5256248	5256213	Deletion	35
3L	5261600	5261508	Deletion	92
3L	5261584	5261508	Deletion	76
3L	5261607	5261508	Deletion	99
3L	5263368	5263318	Deletion	50
3L	5267267	5267155	Deletion	112
3L	5267232	5267155	Deletion	77
3L	5267253	5267155	Deletion	98
3L	5269633	5269515	Deletion	118
3L	5275470	5275347	Deletion	123
3L	5275470	5275381	Deletion	89
3L	5275470	5275381	Deletion	89
3L	5275470	5275384	Deletion	86
3L	5275470	5275391	Deletion	79
3L	5275470	5275398	Deletion	72
3L	5275467	5275404	Deletion	63
3L	5275470	5275414	Deletion	56
3L	5275470	5275426	Deletion	44
3L	5289660	5289605	Deletion	55
3L	5289688	5289605	Deletion	83
3L	5289643	5289605	Deletion	38
3L	5289646	5289605	Deletion	41
3L	5289643	5289605	Deletion	38
3L	5289653	5289605	Deletion	48
3L	5289666	5289605	Deletion	61
3L	5289676	5289608	Deletion	68
3L	5293308	5293191	Deletion	117
3L	5293308	5293197	Deletion	111
3L	5293308	5293201	Deletion	107
3L	5300601	5300553	Deletion	48
3L	5300719	5300680	Deletion	39
3L	5302539	5302416	Deletion	123
3L	5306277	5306247	Deletion	30
3L	5306426	5306347	Deletion	79
3L	5306530	5306415	Deletion	115
3L	5308258	5308171	Deletion	87
3L	5308258	5308186	Deletion	72
3L	5308258	5308187	Deletion	71
3L	5308258	5308207	Deletion	51
3L	5308258	5308208	Deletion	50
3L	5308258	5308220	Deletion	38
3L	5308258	5308221	Deletion	37
3L	5325398	5325344	Deletion	54
3L	5325459	5325344	Deletion	115
3L	5325432	5325344	Deletion	88
3L	5325433	5325344	Deletion	89
3L	5325446	5325344	Deletion	102
3L	5325420	5325344	Deletion	76
3L	5325383	5325344	Deletion	39
3L	5325455	5325344	Deletion	111
3L	5325419	5325344	Deletion	75
3L	5325399	5325344	Deletion	55
3L	5330014	5329895	Deletion	119
3L	5333748	5333632	Deletion	116
3L	5333748	5333653	Deletion	95
3L	5333748	5333661	Deletion	87
3L	5333748	5333672	Deletion	76
3L	5333748	5333684	Deletion	64
3L	5333748	5333694	Deletion	54
3L	5333748	5333697	Deletion	51
3L	5333748	5333700	Deletion	48
3L	5335724	5335649	Deletion	75
3L	5335680	5335649	Deletion	31
3L	5335727	5335649	Deletion	78
3L	5335699	5335649	Deletion	50
3L	5335765	5335649	Deletion	116
3L	5335748	5335649	Deletion	99
3L	5335752	5335649	Deletion	103
3L	5335711	5335649	Deletion	62
3L	5335688	5335649	Deletion	39
3L	5335721	5335649	Deletion	72
3L	5347461	5347348	Deletion	113
3L	5347461	5347373	Deletion	88
3L	5347461	5347418	Deletion	43
3L	5347461	5347422	Deletion	39
3L	5347461	5347422	Deletion	39
3L	5347596	5347556	Deletion	40
3L	5347641	5347556	Deletion	85
3L	5347674	5347556	Deletion	118
3L	5347645	5347556	Deletion	89
3L	5347645	5347556	Deletion	89
3L	5349592	5349474	Deletion	118
3L	5349592	5349496	Deletion	96
3L	5349592	5349531	Deletion	61
3L	5349590	5349539	Deletion	51
3L	5352260	5352195	Deletion	65
3L	5352225	5352195	Deletion	30
3L	5352268	5352195	Deletion	73
3L	5358999	5358880	Deletion	119
3L	5358999	5358884	Deletion	115
3L	5358999	5358895	Deletion	104
3L	5358999	5358900	Deletion	99
3L	5358999	5358903	Deletion	96
3L	5358999	5358938	Deletion	61
3L	5358999	5358947	Deletion	52
3L	5358999	5358963	Deletion	36
3L	5373486	5373421	Deletion	65
3L	5373451	5373421	Deletion	30
3L	5373531	5373421	Deletion	110
3L	5373511	5373421	Deletion	90
3L	5373495	5373421	Deletion	74
3L	5373518	5373421	Deletion	97
3L	5391032	5390914	Deletion	118
3L	5391032	5390933	Deletion	99
3L	5391032	5390939	Deletion	93
3L	5391032	5390942	Deletion	90
3L	5391032	5390955	Deletion	77
3L	5391032	5390998	Deletion	34
3L	5418443	5418405	Deletion	38
3L	5418440	5418405	Deletion	35
3L	5418499	5418405	Deletion	94
3L	5418521	5418405	Deletion	116
3L	5418513	5418405	Deletion	108
3L	5418456	5418405	Deletion	51
3L	5418512	5418405	Deletion	107
3L	5423800	5423685	Deletion	115
3L	5423800	5423726	Deletion	74
3L	5423800	5423741	Deletion	59
3L	5423800	5423745	Deletion	55
3L	5423800	5423751	Deletion	49
3L	5423800	5423759	Deletion	41
3L	5423800	5423760	Deletion	40
3L	5425585	5425508	Deletion	77
3L	5425575	5425508	Deletion	67
3L	5425579	5425508	Deletion	71
3L	5425630	5425508	Deletion	122
3L	5425560	5425508	Deletion	52
3L	5425627	5425508	Deletion	119
3L	5425593	5425508	Deletion	85
3L	5425594	5425508	Deletion	86
3L	5430810	5430688	Deletion	122
3L	5447145	5447022	Deletion	123
3L	5449797	5449682	Deletion	115
3L	5449797	5449710	Deletion	87
3L	5449797	5449739	Deletion	58
3L	5449797	5449757	Deletion	40
3L	5449797	5449763	Deletion	34
3L	5456351	5456259	Deletion	92
3L	5456345	5456259	Deletion	86
3L	5456327	5456259	Deletion	68
3L	5456372	5456259	Deletion	113
3L	5456298	5456259	Deletion	39
3L	5456377	5456259	Deletion	118
3L	5458455	5458355	Deletion	100
3L	5458455	5458387	Deletion	68
3L	5458452	5458394	Deletion	58
3L	5461602	5461517	Deletion	85
3L	5466509	5466447	Deletion	62
3L	5466523	5466476	Deletion	47
3L	5467382	5467302	Deletion	80
3L	5467389	5467302	Deletion	87
3L	5467357	5467302	Deletion	55
3L	5467535	5467413	Deletion	122
3L	5468386	5468264	Deletion	122
3L	5480469	5480357	Deletion	112
3L	5480469	5480377	Deletion	92
3L	5480469	5480382	Deletion	87
3L	5489170	5489130	Deletion	40
3L	5489165	5489130	Deletion	35
3L	5489239	5489130	Deletion	109
3L	5493398	5493282	Deletion	116
3L	5493398	5493283	Deletion	115
3L	5493398	5493285	Deletion	113
3L	5493398	5493307	Deletion	91
3L	5493398	5493326	Deletion	72
3L	5493398	5493337	Deletion	61
3L	5493398	5493346	Deletion	52
3L	5493398	5493362	Deletion	36
3L	5494311	5494245	Deletion	66
3L	5494320	5494245	Deletion	75
3L	5494300	5494245	Deletion	55
3L	5494281	5494245	Deletion	36
3L	5494336	5494245	Deletion	91
3L	5497205	5497083	Deletion	122
3L	5499420	5499304	Deletion	116
3L	5499420	5499306	Deletion	114
3L	5499420	5499307	Deletion	113
3L	5499420	5499325	Deletion	95
3L	5499420	5499329	Deletion	91
3L	5499420	5499339	Deletion	81
3L	5499420	5499345	Deletion	75
3L	5499420	5499359	Deletion	61
3L	5499420	5499372	Deletion	48
3L	5499420	5499385	Deletion	35
3L	5500055	5500009	Deletion	46
3L	5500088	5500009	Deletion	79
3L	5500045	5500009	Deletion	36
3L	5500075	5500009	Deletion	66
3L	5500061	5500009	Deletion	52
3L	5500129	5500009	Deletion	120
3L	5500041	5500009	Deletion	32
3L	5500101	5500009	Deletion	92
3L	5502548	5502434	Deletion	114
3L	5502548	5502461	Deletion	87
3L	5502548	5502465	Deletion	83
3L	5502548	5502489	Deletion	59
3L	5502548	5502514	Deletion	34
3L	5508241	5508202	Deletion	39
3L	5508311	5508202	Deletion	109
3L	5508245	5508202	Deletion	43
3L	5508326	5508202	Deletion	124
3L	5508269	5508202	Deletion	67
3L	5508314	5508202	Deletion	112
3L	5508294	5508202	Deletion	92
3L	5512215	5512096	Deletion	119
3L	5517636	5517515	Deletion	121
3L	5537926	5537809	Deletion	117
3L	5549548	5549437	Deletion	111
3L	5549548	5549439	Deletion	109
3L	5549548	5549449	Deletion	99
3L	5549548	5549463	Deletion	85
3L	5549548	5549468	Deletion	80
3L	5549548	5549496	Deletion	52
3L	5549548	5549501	Deletion	47
3L	5549548	5549513	Deletion	35
3L	5549548	5549516	Deletion	32
3L	5550256	5550214	Deletion	42
3L	5550261	5550214	Deletion	47
3L	5550289	5550214	Deletion	75
3L	5550320	5550214	Deletion	106
3L	5550306	5550214	Deletion	92
3L	5550294	5550214	Deletion	80
3L	5550325	5550214	Deletion	111
3L	5550309	5550214	Deletion	95
3L	5576379	5576280	Deletion	99
3L	5576379	5576281	Deletion	98
3L	5576379	5576282	Deletion	97
3L	5576379	5576294	Deletion	85
3L	5576379	5576324	Deletion	55
3L	5576379	5576325	Deletion	54
3L	5587063	5586991	Deletion	72
3L	5587064	5586991	Deletion	73
3L	5587021	5586991	Deletion	30
3L	5587103	5586991	Deletion	112
3L	5587033	5586991	Deletion	42
3L	5602734	5602617	Deletion	117
3L	5602734	5602658	Deletion	76
3L	5602734	5602671	Deletion	63
3L	5602734	5602703	Deletion	31
3L	5607034	5606983	Deletion	51
3L	5607079	5606983	Deletion	96
3L	5607047	5606983	Deletion	64
3L	5634406	5634285	Deletion	121
3L	5634406	5634295	Deletion	111
3L	5634406	5634295	Deletion	111
3L	5634406	5634300	Deletion	106
3L	5634406	5634318	Deletion	88
3L	5634406	5634337	Deletion	69
3L	5634406	5634337	Deletion	69
3L	5634406	5634344	Deletion	62
3L	5634406	5634359	Deletion	47
3L	5640923	5640808	Deletion	115
3L	5640874	5640808	Deletion	66
3L	5640867	5640808	Deletion	59
3L	5640867	5640808	Deletion	59
3L	5640848	5640808	Deletion	40
3L	5640908	5640808	Deletion	100
3L	5640889	5640808	Deletion	81
3L	5645209	5645087	Deletion	122
3L	5645209	5645109	Deletion	100
3L	5645209	5645109	Deletion	100
3L	5645209	5645121	Deletion	88
3L	5645209	5645151	Deletion	58
3L	5660150	5660112	Deletion	38
3L	5660180	5660112	Deletion	68
3L	5661158	5661040	Deletion	118
3L	5666387	5666292	Deletion	95
3L	5666387	5666337	Deletion	50
3L	5666387	5666341	Deletion	46
3L	5666894	5666776	Deletion	118
3L	5666808	5666776	Deletion	32
3L	5666853	5666776	Deletion	77
3L	5666857	5666776	Deletion	81
3L	5667164	5667053	Deletion	111
3L	5667164	5667086	Deletion	78
3L	5667164	5667116	Deletion	48
3L	5667164	5667121	Deletion	43
3L	5667164	5667125	Deletion	39
3L	5667164	5667131	Deletion	33
3L	5674219	5674133	Deletion	86
3L	5674223	5674133	Deletion	90
3L	5674229	5674133	Deletion	96
3L	5674239	5674133	Deletion	106
3L	5674214	5674133	Deletion	81
3L	5674244	5674133	Deletion	111
3L	5674184	5674133	Deletion	51
3L	5695435	5695314	Deletion	121
3L	5700318	5700197	Deletion	121
3L	5703004	5702913	Deletion	91
3L	5703004	5702929	Deletion	75
3L	5703004	5702930	Deletion	74
3L	5703004	5702957	Deletion	47
3L	5704885	5704833	Deletion	52
3L	5704913	5704833	Deletion	80
3L	5704869	5704833	Deletion	36
3L	5704942	5704833	Deletion	109
3L	5704886	5704833	Deletion	53
3L	5720490	5720378	Deletion	112
3L	5720490	5720448	Deletion	42
3L	5720983	5720899	Deletion	84
3L	5722841	5722717	Deletion	124
3L	5722841	5722728	Deletion	113
3L	5722841	5722744	Deletion	97
3L	5722841	5722754	Deletion	87
3L	5722841	5722754	Deletion	87
3L	5722841	5722785	Deletion	56
3L	5724811	5724711	Deletion	100
3L	5724750	5724711	Deletion	39
3L	5724750	5724711	Deletion	39
3L	5724814	5724711	Deletion	103
3L	5724781	5724711	Deletion	70
3L	5730820	5730702	Deletion	118
3L	5730820	5730709	Deletion	111
3L	5730820	5730732	Deletion	88
3L	5730820	5730751	Deletion	69
3L	5730820	5730760	Deletion	60
3L	5730820	5730769	Deletion	51
3L	5730820	5730777	Deletion	43
3L	5730820	5730778	Deletion	42
3L	5730945	5730878	Deletion	67
3L	5730936	5730878	Deletion	58
3L	5730917	5730878	Deletion	39
3L	5730963	5730878	Deletion	85
3L	5730997	5730878	Deletion	119
3L	5730962	5730878	Deletion	84
3L	5730954	5730878	Deletion	76
3L	5730993	5730878	Deletion	115
3L	5732967	5732848	Deletion	119
3L	5732967	5732857	Deletion	110
3L	5732967	5732867	Deletion	100
3L	5732967	5732870	Deletion	97
3L	5732967	5732870	Deletion	97
3L	5732967	5732879	Deletion	88
3L	5732962	5732915	Deletion	47
3L	5734556	5734444	Deletion	112
3L	5734518	5734444	Deletion	74
3L	5734568	5734444	Deletion	124
3L	5734482	5734444	Deletion	38
3L	5734545	5734444	Deletion	101
3L	5743104	5742985	Deletion	119
3L	5743104	5743007	Deletion	97
3L	5743104	5743024	Deletion	80
3L	5743104	5743030	Deletion	74
3L	5743104	5743043	Deletion	61
3L	5743104	5743060	Deletion	44
3L	5743104	5743063	Deletion	41
3L	5745802	5745756	Deletion	46
3L	5745841	5745756	Deletion	85
3L	5745838	5745756	Deletion	82
3L	5745821	5745756	Deletion	65
3L	5745808	5745756	Deletion	52
3L	5750011	5749978	Deletion	33
3L	5750195	5750101	Deletion	94
3L	5750224	5750101	Deletion	123
3L	5779767	5779656	Deletion	111
3L	5779767	5779663	Deletion	104
3L	5779767	5779675	Deletion	92
3L	5779767	5779720	Deletion	47
3L	5779767	5779730	Deletion	37
3L	5783808	5783774	Deletion	34
3L	5783863	5783774	Deletion	89
3L	5783853	5783774	Deletion	79
3L	5783892	5783774	Deletion	118
3L	5783880	5783774	Deletion	106
3L	5783875	5783774	Deletion	101
3L	5796035	5795913	Deletion	122
3L	5800209	5800139	Deletion	70
3L	5807268	5807163	Deletion	105
3L	5807219	5807163	Deletion	56
3L	5810363	5810243	Deletion	120
3L	5810363	5810249	Deletion	114
3L	5810363	5810252	Deletion	111
3L	5810363	5810283	Deletion	80
3L	5810363	5810298	Deletion	65
3L	5810363	5810308	Deletion	55
3L	5815204	5815142	Deletion	62
3L	5815189	5815142	Deletion	47
3L	5815242	5815142	Deletion	100
3L	5815214	5815142	Deletion	72
3L	5823602	5823481	Deletion	121
3L	5838085	5838034	Deletion	51
3L	5844086	5843976	Deletion	110
3L	5844051	5843976	Deletion	75
3L	5844076	5843976	Deletion	100
3L	5852570	5852467	Deletion	103
3L	5852570	5852474	Deletion	96
3L	5852570	5852486	Deletion	84
3L	5852570	5852489	Deletion	81
3L	5852570	5852527	Deletion	43
3L	5859663	5859633	Deletion	30
3L	5859745	5859633	Deletion	112
3L	5859716	5859633	Deletion	83
3L	5859675	5859633	Deletion	42
3L	5859678	5859633	Deletion	45
3L	5865241	5865142	Deletion	99
3L	5865241	5865147	Deletion	94
3L	5865241	5865166	Deletion	75
3L	5865241	5865171	Deletion	70
3L	5865241	5865182	Deletion	59
3L	5865241	5865187	Deletion	54
3L	5865241	5865202	Deletion	39
3L	5867469	5867382	Deletion	87
3L	5867414	5867382	Deletion	32
3L	5867485	5867382	Deletion	103
3L	5867433	5867382	Deletion	51
3L	5867449	5867382	Deletion	67
3L	5867454	5867382	Deletion	72
3L	5867438	5867382	Deletion	56
3L	5872928	5872835	Deletion	93
3L	5872928	5872865	Deletion	63
3L	5872928	5872878	Deletion	50
3L	5872928	5872881	Deletion	47
3L	5895190	5895157	Deletion	33
3L	5895236	5895157	Deletion	79
3L	5895220	5895157	Deletion	63
3L	5895233	5895157	Deletion	76
3L	5897587	5897464	Deletion	123
3L	5897587	5897485	Deletion	102
3L	5899111	5898993	Deletion	118
3L	5899113	5898993	Deletion	120
3L	5899117	5898993	Deletion	124
3L	5899100	5898993	Deletion	107
3L	5899525	5899425	Deletion	100
3L	5899525	5899443	Deletion	82
3L	5899525	5899448	Deletion	77
3L	5899525	5899452	Deletion	73
3L	5901232	5901178	Deletion	54
3L	5901223	5901178	Deletion	45
3L	5901228	5901178	Deletion	50
3L	5905679	5905557	Deletion	122
3L	5905679	5905565	Deletion	114
3L	5905679	5905642	Deletion	37
3L	5905679	5905646	Deletion	33
3L	5907577	5907486	Deletion	91
3L	5907581	5907486	Deletion	95
3L	5912213	5912095	Deletion	118
3L	5912213	5912113	Deletion	100
3L	5912213	5912120	Deletion	93
3L	5912213	5912126	Deletion	87
3L	5912213	5912133	Deletion	80
3L	5912213	5912134	Deletion	79
3L	5912213	5912153	Deletion	60
3L	5912213	5912158	Deletion	55
3L	5912213	5912167	Deletion	46
3L	5912213	5912177	Deletion	36
3L	5912564	5912462	Deletion	102
3L	5912501	5912462	Deletion	39
3L	5912556	5912462	Deletion	94
3L	5912533	5912462	Deletion	71
3L	5912585	5912462	Deletion	123
3L	5912528	5912462	Deletion	66
3L	5912562	5912462	Deletion	100
3L	5912542	5912462	Deletion	80
3L	5912552	5912462	Deletion	90
3L	5912509	5912462	Deletion	47
3L	5912508	5912462	Deletion	46
3L	5912495	5912462	Deletion	33
3L	5919367	5919326	Deletion	41
3L	5933523	5933411	Deletion	112
3L	5933535	5933411	Deletion	124
3L	5933496	5933411	Deletion	85
3L	5933516	5933411	Deletion	105
3L	5947709	5947588	Deletion	121
3L	5964997	5964874	Deletion	123
3L	5964997	5964877	Deletion	120
3L	5964997	5964879	Deletion	118
3L	5964997	5964881	Deletion	116
3L	5964997	5964895	Deletion	102
3L	5964997	5964900	Deletion	97
3L	5964997	5964919	Deletion	78
3L	5964997	5964936	Deletion	61
3L	5964997	5964939	Deletion	58
3L	5964997	5964940	Deletion	57
3L	5964997	5964947	Deletion	50
3L	5964997	5964949	Deletion	48
3L	5964997	5964953	Deletion	44
3L	5966627	5966548	Deletion	79
3L	5966631	5966548	Deletion	83
3L	5966625	5966548	Deletion	77
3L	5966617	5966548	Deletion	69
3L	5966597	5966548	Deletion	49
3L	5966618	5966548	Deletion	70
3L	5966614	5966548	Deletion	66
3L	5966578	5966548	Deletion	30
3L	5978330	5978209	Deletion	121
3L	5978330	5978268	Deletion	62
3L	5978330	5978270	Deletion	60
3L	5978330	5978273	Deletion	57
3L	5978330	5978283	Deletion	47
3L	5978330	5978290	Deletion	40
3L	5982101	5982037	Deletion	64
3L	5982116	5982037	Deletion	79
3L	5982123	5982037	Deletion	86
3L	5982106	5982037	Deletion	69
3L	5982138	5982037	Deletion	101
3L	5982157	5982037	Deletion	120
3L	5982103	5982037	Deletion	66
3L	5987347	5987226	Deletion	121
3L	5989687	5989594	Deletion	93
3L	5989687	5989640	Deletion	47
3L	5989687	5989652	Deletion	35
3L	5999592	5999469	Deletion	123
3L	5999560	5999469	Deletion	91
3L	5999502	5999469	Deletion	33
3L	5999548	5999469	Deletion	79
3L	6001870	6001794	Deletion	76
3L	6002847	6002775	Deletion	72
3L	6030917	6030796	Deletion	121
3L	6042592	6042501	Deletion	91
3L	6050442	6050320	Deletion	122
3L	6056909	6056785	Deletion	124
3L	6056909	6056851	Deletion	58
3L	6065288	6065180	Deletion	108
3L	6065290	6065180	Deletion	110
3L	6065248	6065180	Deletion	68
3L	6065286	6065180	Deletion	106
3L	6065303	6065180	Deletion	123
3L	6065280	6065180	Deletion	100
3L	6072409	6072340	Deletion	69
3L	6072409	6072346	Deletion	63
3L	6072409	6072363	Deletion	46
3L	6072409	6072369	Deletion	40
3L	6072409	6072370	Deletion	39
3L	6072813	6072694	Deletion	119
3L	6072757	6072694	Deletion	63
3L	6072781	6072694	Deletion	87
3L	6072774	6072694	Deletion	80
3L	6072795	6072694	Deletion	101
3L	6072801	6072694	Deletion	107
3L	6072751	6072694	Deletion	57
3L	6072804	6072694	Deletion	110
3L	6072815	6072694	Deletion	121
3L	6072803	6072694	Deletion	109
3L	6072780	6072694	Deletion	86
3L	6075630	6075535	Deletion	95
3L	6075630	6075565	Deletion	65
3L	6075630	6075593	Deletion	37
3L	6084305	6084189	Deletion	116
3L	6084251	6084189	Deletion	62
3L	6084311	6084189	Deletion	122
3L	6084221	6084189	Deletion	32
3L	6084291	6084189	Deletion	102
3L	6084279	6084189	Deletion	90
3L	6090833	6090724	Deletion	109
3L	6090833	6090746	Deletion	87
3L	6095423	6095323	Deletion	100
3L	6095424	6095323	Deletion	101
3L	6095446	6095323	Deletion	123
3L	6095364	6095323	Deletion	41
3L	6099906	6099791	Deletion	115
3L	6099906	6099800	Deletion	106
3L	6099906	6099866	Deletion	40
3L	6103639	6103553	Deletion	86
3L	6103663	6103553	Deletion	110
3L	6103653	6103553	Deletion	100
3L	6109998	6109918	Deletion	80
3L	6109998	6109930	Deletion	68
3L	6109998	6109940	Deletion	58
3L	6110306	6110258	Deletion	48
3L	6110318	6110258	Deletion	60
3L	6110328	6110258	Deletion	70
3L	6110357	6110258	Deletion	99
3L	6117929	6117811	Deletion	118
3L	6117929	6117860	Deletion	69
3L	6117929	6117866	Deletion	63
3L	6117929	6117893	Deletion	36
3L	6120549	6120450	Deletion	99
3L	6120513	6120450	Deletion	63
3L	6120540	6120450	Deletion	90
3L	6120561	6120450	Deletion	111
3L	6120507	6120450	Deletion	57
3L	6129865	6129743	Deletion	122
3L	6137894	6137775	Deletion	119
3L	6143562	6143463	Deletion	99
3L	6143562	6143482	Deletion	80
3L	6143562	6143483	Deletion	79
3L	6143562	6143525	Deletion	37
3L	6143558	6143528	Deletion	30
3L	6143562	6143528	Deletion	34
3L	6145230	6145182	Deletion	48
3L	6145287	6145182	Deletion	105
3L	6145229	6145182	Deletion	47
3L	6145275	6145182	Deletion	93
3L	6145275	6145182	Deletion	93
3L	6145272	6145182	Deletion	90
3L	6159193	6159071	Deletion	122
3L	6159193	6159128	Deletion	65
3L	6159193	6159141	Deletion	52
3L	6159193	6159145	Deletion	48
3L	6159193	6159150	Deletion	43
3L	6159922	6159848	Deletion	74
3L	6159909	6159848	Deletion	61
3L	6159931	6159848	Deletion	83
3L	6159926	6159848	Deletion	78
3L	6159966	6159850	Deletion	116
3L	6160275	6160152	Deletion	123
3L	6160275	6160155	Deletion	120
3L	6160275	6160161	Deletion	114
3L	6160275	6160183	Deletion	92
3L	6160275	6160200	Deletion	75
3L	6160275	6160206	Deletion	69
3L	6160275	6160214	Deletion	61
3L	6160275	6160222	Deletion	53
3L	6160275	6160232	Deletion	43
3L	6160772	6160707	Deletion	65
3L	6160741	6160707	Deletion	34
3L	6160804	6160707	Deletion	97
3L	6160780	6160707	Deletion	73
3L	6160764	6160707	Deletion	57
3L	6160790	6160707	Deletion	83
3L	6160804	6160707	Deletion	97
3L	6160758	6160707	Deletion	51
3L	6169940	6169817	Deletion	123
3L	6169940	6169828	Deletion	112
3L	6169940	6169862	Deletion	78
3L	6169940	6169866	Deletion	74
3L	6169940	6169898	Deletion	42
3L	6170169	6170062	Deletion	107
3L	6170119	6170062	Deletion	57
3L	6170165	6170062	Deletion	103
3L	6170167	6170062	Deletion	105
3L	6170115	6170062	Deletion	53
3L	6170151	6170062	Deletion	89
3L	6170166	6170062	Deletion	104
3L	6198762	6198637	Deletion	125
3L	6198762	6198665	Deletion	97
3L	6198762	6198666	Deletion	96
3L	6198762	6198698	Deletion	64
3L	6198762	6198699	Deletion	63
3L	6198762	6198700	Deletion	62
3L	6198758	6198711	Deletion	47
3L	6198762	6198730	Deletion	32
3L	6199335	6199272	Deletion	63
3L	6199305	6199272	Deletion	33
3L	6199335	6199272	Deletion	63
3L	6199335	6199272	Deletion	63
3L	6199335	6199272	Deletion	63
3L	6199304	6199272	Deletion	32
3L	6199335	6199272	Deletion	63
3L	6199335	6199273	Deletion	62
3L	6201663	6201599	Deletion	64
3L	6201633	6201599	Deletion	34
3L	6201708	6201599	Deletion	109
3L	6213398	6213300	Deletion	98
3L	6213398	6213312	Deletion	86
3L	6213398	6213314	Deletion	84
3L	6213398	6213330	Deletion	68
3L	6213398	6213337	Deletion	61
3L	6213398	6213340	Deletion	58
3L	6213398	6213346	Deletion	52
3L	6213398	6213351	Deletion	47
3L	6213398	6213352	Deletion	46
3L	6213398	6213352	Deletion	46
3L	6213398	6213356	Deletion	42
3L	6214871	6214831	Deletion	40
3L	6214873	6214831	Deletion	42
3L	6214899	6214831	Deletion	68
3L	6214889	6214831	Deletion	58
3L	6214911	6214831	Deletion	80
3L	6214911	6214831	Deletion	80
3L	6214905	6214831	Deletion	74
3L	6214915	6214831	Deletion	84
3L	6214910	6214831	Deletion	79
3L	6214896	6214831	Deletion	65
3L	6218998	6218895	Deletion	103
3L	6218998	6218907	Deletion	91
3L	6218998	6218929	Deletion	69
3L	6218998	6218933	Deletion	65
3L	6218998	6218940	Deletion	58
3L	6219157	6219100	Deletion	57
3L	6219168	6219100	Deletion	68
3L	6219161	6219100	Deletion	61
3L	6219135	6219100	Deletion	35
3L	6219262	6219138	Deletion	124
3L	6219262	6219184	Deletion	78
3L	6219262	6219224	Deletion	38
3L	6222624	6222544	Deletion	80
3L	6225046	6224984	Deletion	62
3L	6233426	6233314	Deletion	112
3L	6233426	6233370	Deletion	56
3L	6233426	6233388	Deletion	38
3L	6233426	6233390	Deletion	36
3L	6233641	6233550	Deletion	91
3L	6233621	6233550	Deletion	71
3L	6233639	6233550	Deletion	89
3L	6233671	6233550	Deletion	121
3L	6233673	6233550	Deletion	123
3L	6237305	6237211	Deletion	94
3L	6237305	6237235	Deletion	70
3L	6240219	6240109	Deletion	110
3L	6240142	6240109	Deletion	33
3L	6240166	6240109	Deletion	57
3L	6240211	6240109	Deletion	102
3L	6241047	6240927	Deletion	120
3L	6241047	6240939	Deletion	108
3L	6241047	6240956	Deletion	91
3L	6241047	6240983	Deletion	64
3L	6241047	6240994	Deletion	53
3L	6242854	6242781	Deletion	73
3L	6242886	6242781	Deletion	105
3L	6242843	6242781	Deletion	62
3L	6242816	6242781	Deletion	35
3L	6244000	6243908	Deletion	92
3L	6244000	6243915	Deletion	85
3L	6244000	6243946	Deletion	54
3L	6244000	6243956	Deletion	44
3L	6247657	6247585	Deletion	72
3L	6247667	6247585	Deletion	82
3L	6247626	6247585	Deletion	41
3L	6247619	6247585	Deletion	34
3L	6247695	6247585	Deletion	110
3L	6276027	6275909	Deletion	118
3L	6276027	6275927	Deletion	100
3L	6276027	6275957	Deletion	70
3L	6276027	6275996	Deletion	31
3L	6276863	6276807	Deletion	56
3L	6276902	6276807	Deletion	95
3L	6276914	6276807	Deletion	107
3L	6290570	6290453	Deletion	117
3L	6290570	6290477	Deletion	93
3L	6290570	6290502	Deletion	68
3L	6290570	6290505	Deletion	65
3L	6290570	6290532	Deletion	38
3L	6290830	6290742	Deletion	88
3L	6290775	6290742	Deletion	33
3L	6290803	6290742	Deletion	61
3L	6290800	6290742	Deletion	58
3L	6290930	6290823	Deletion	107
3L	6290930	6290837	Deletion	93
3L	6290930	6290839	Deletion	91
3L	6290930	6290862	Deletion	68
3L	6290930	6290897	Deletion	33
3L	6291076	6290982	Deletion	94
3L	6291041	6290982	Deletion	59
3L	6291016	6290982	Deletion	34
3L	6291018	6290982	Deletion	36
3L	6291104	6290982	Deletion	122
3L	6296892	6296805	Deletion	87
3L	6296892	6296828	Deletion	64
3L	6296892	6296834	Deletion	58
3L	6298303	6298182	Deletion	121
3L	6298244	6298182	Deletion	62
3L	6298221	6298182	Deletion	39
3L	6298251	6298182	Deletion	69
3L	6315687	6315562	Deletion	125
3L	6317836	6317737	Deletion	99
3L	6317836	6317756	Deletion	80
3L	6317836	6317769	Deletion	67
3L	6317836	6317776	Deletion	60
3L	6317836	6317779	Deletion	57
3L	6317836	6317790	Deletion	46
3L	6317836	6317796	Deletion	40
3L	6318406	6318318	Deletion	88
3L	6318386	6318318	Deletion	68
3L	6318434	6318318	Deletion	116
3L	6318379	6318318	Deletion	61
3L	6318400	6318318	Deletion	82
3L	6318389	6318318	Deletion	71
3L	6318420	6318318	Deletion	102
3L	6318439	6318318	Deletion	121
3L	6318436	6318318	Deletion	118
3L	6318366	6318318	Deletion	48
3L	6320123	6320021	Deletion	102
3L	6320123	6320028	Deletion	95
3L	6320123	6320034	Deletion	89
3L	6320123	6320050	Deletion	73
3L	6320123	6320063	Deletion	60
3L	6320123	6320076	Deletion	47
3L	6320123	6320089	Deletion	34
3L	6321864	6321772	Deletion	92
3L	6321889	6321772	Deletion	117
3L	6321887	6321772	Deletion	115
3L	6321838	6321772	Deletion	66
3L	6321825	6321772	Deletion	53
3L	6321809	6321772	Deletion	37
3L	6321851	6321772	Deletion	79
3L	6321880	6321772	Deletion	108
3L	6321990	6321924	Deletion	66
3L	6321990	6321958	Deletion	32
3L	6333121	6333010	Deletion	111
3L	6333104	6333010	Deletion	94
3L	6333122	6333010	Deletion	112
3L	6333123	6333010	Deletion	113
3L	6333070	6333010	Deletion	60
3L	6333128	6333015	Deletion	113
3L	6346306	6346184	Deletion	122
3L	6354060	6353938	Deletion	122
3L	6378570	6378471	Deletion	99
3L	6378570	6378484	Deletion	86
3L	6378570	6378502	Deletion	68
3L	6378570	6378526	Deletion	44
3L	6378570	6378530	Deletion	40
3L	6382929	6382870	Deletion	59
3L	6382981	6382870	Deletion	111
3L	6382957	6382870	Deletion	87
3L	6382911	6382870	Deletion	41
3L	6382953	6382870	Deletion	83
3L	6382987	6382870	Deletion	117
3L	6391710	6391590	Deletion	120
3L	6391710	6391617	Deletion	93
3L	6391710	6391640	Deletion	70
3L	6391710	6391642	Deletion	68
3L	6391710	6391642	Deletion	68
3L	6391710	6391654	Deletion	56
3L	6391710	6391655	Deletion	55
3L	6391710	6391662	Deletion	48
3L	6393540	6393470	Deletion	70
3L	6393526	6393470	Deletion	56
3L	6393503	6393470	Deletion	33
3L	6393541	6393470	Deletion	71
3L	6393528	6393470	Deletion	58
3L	6393578	6393470	Deletion	108
3L	6393548	6393470	Deletion	78
3L	6393528	6393470	Deletion	58
3L	6407099	6406974	Deletion	125
3L	6408019	6407932	Deletion	87
3L	6410415	6410344	Deletion	71
3L	6412804	6412748	Deletion	56
3L	6416112	6416008	Deletion	104
3L	6417041	6416958	Deletion	83
3L	6418296	6418240	Deletion	56
3L	6419747	6419711	Deletion	36
3L	6420875	6420838	Deletion	37
3L	6424588	6424500	Deletion	88
3L	6425841	6425740	Deletion	101
3L	6428602	6428487	Deletion	115
3L	6428608	6428516	Deletion	92
3L	6430593	6430529	Deletion	64
3L	6430689	6430595	Deletion	94
3L	6430781	6430665	Deletion	116
3L	6431446	6431349	Deletion	97
3L	6431890	6431793	Deletion	97
3L	6436283	6436161	Deletion	122
3L	6436250	6436161	Deletion	89
3L	6436236	6436161	Deletion	75
3L	6436242	6436161	Deletion	81
3L	6436200	6436161	Deletion	39
3L	6436193	6436161	Deletion	32
3L	6436275	6436161	Deletion	114
3L	6439089	6438993	Deletion	96
3L	6439089	6439010	Deletion	79
3L	6439089	6439034	Deletion	55
3L	6440552	6440444	Deletion	108
3L	6440557	6440444	Deletion	113
3L	6440474	6440444	Deletion	30
3L	6440515	6440444	Deletion	71
3L	6440553	6440444	Deletion	109
3L	6440491	6440446	Deletion	45
3L	6446454	6446347	Deletion	107
3L	6446454	6446363	Deletion	91
3L	6446454	6446375	Deletion	79
3L	6446451	6446376	Deletion	75
3L	6446454	6446376	Deletion	78
3L	6446454	6446377	Deletion	77
3L	6446539	6446504	Deletion	35
3L	6446625	6446504	Deletion	121
3L	6446607	6446504	Deletion	103
3L	6446552	6446504	Deletion	48
3L	6446553	6446504	Deletion	49
3L	6446551	6446504	Deletion	47
3L	6446552	6446504	Deletion	48
3L	6450664	6450575	Deletion	89
3L	6450664	6450590	Deletion	74
3L	6453363	6453310	Deletion	53
3L	6453426	6453310	Deletion	116
3L	6453348	6453310	Deletion	38
3L	6453414	6453310	Deletion	104
3L	6453427	6453312	Deletion	115
3L	6463613	6463502	Deletion	111
3L	6463613	6463517	Deletion	96
3L	6463613	6463531	Deletion	82
3L	6463613	6463557	Deletion	56
3L	6463613	6463559	Deletion	54
3L	6463613	6463559	Deletion	54
3L	6463827	6463726	Deletion	101
3L	6463798	6463726	Deletion	72
3L	6463772	6463726	Deletion	46
3L	6463800	6463726	Deletion	74
3L	6463758	6463726	Deletion	32
3L	6463800	6463726	Deletion	74
3L	6479037	6478931	Deletion	106
3L	6479037	6478937	Deletion	100
3L	6479037	6478994	Deletion	43
3L	6479037	6479002	Deletion	35
3L	6479037	6479007	Deletion	30
3L	6482618	6482526	Deletion	92
3L	6482623	6482526	Deletion	97
3L	6482632	6482526	Deletion	106
3L	6482610	6482526	Deletion	84
3L	6482627	6482526	Deletion	101
3L	6506385	6506261	Deletion	124
3L	6507751	6507628	Deletion	123
3L	6515700	6515589	Deletion	111
3L	6515700	6515602	Deletion	98
3L	6515700	6515631	Deletion	69
3L	6515700	6515636	Deletion	64
3L	6515700	6515649	Deletion	51
3L	6515700	6515658	Deletion	42
3L	6515700	6515663	Deletion	37
3L	6516333	6516216	Deletion	117
3L	6516275	6516216	Deletion	59
3L	6516280	6516216	Deletion	64
3L	6516302	6516216	Deletion	86
3L	6516307	6516216	Deletion	91
3L	6516337	6516216	Deletion	121
3L	6516293	6516216	Deletion	77
3L	6516246	6516216	Deletion	30
3L	6517185	6517077	Deletion	108
3L	6517185	6517092	Deletion	93
3L	6517185	6517115	Deletion	70
3L	6518323	6518202	Deletion	121
3L	6518236	6518202	Deletion	34
3L	6518259	6518202	Deletion	57
3L	6521925	6521827	Deletion	98
3L	6521925	6521830	Deletion	95
3L	6521925	6521856	Deletion	69
3L	6521925	6521856	Deletion	69
3L	6521925	6521885	Deletion	40
3L	6529120	6529062	Deletion	58
3L	6529094	6529062	Deletion	32
3L	6529120	6529062	Deletion	58
3L	6529149	6529062	Deletion	87
3L	6529185	6529062	Deletion	123
3L	6533294	6533171	Deletion	123
3L	6533294	6533206	Deletion	88
3L	6533294	6533219	Deletion	75
3L	6533294	6533227	Deletion	67
3L	6533294	6533228	Deletion	66
3L	6533294	6533231	Deletion	63
3L	6533412	6533361	Deletion	51
3L	6533424	6533361	Deletion	63
3L	6533399	6533361	Deletion	38
3L	6533420	6533361	Deletion	59
3L	6533421	6533361	Deletion	60
3L	6543518	6543430	Deletion	88
3L	6543518	6543441	Deletion	77
3L	6543518	6543483	Deletion	35
3L	6543661	6543570	Deletion	91
3L	6543619	6543570	Deletion	49
3L	6543676	6543570	Deletion	106
3L	6543608	6543570	Deletion	38
3L	6552403	6552293	Deletion	110
3L	6552403	6552360	Deletion	43
3L	6552752	6552669	Deletion	83
3L	6552770	6552669	Deletion	101
3L	6552782	6552674	Deletion	108
3L	6559186	6559083	Deletion	103
3L	6559186	6559150	Deletion	36
3L	6559329	6559234	Deletion	95
3L	6564354	6564242	Deletion	112
3L	6564354	6564256	Deletion	98
3L	6564354	6564287	Deletion	67
3L	6564354	6564312	Deletion	42
3L	6564354	6564321	Deletion	33
3L	6566429	6566320	Deletion	109
3L	6566379	6566320	Deletion	59
3L	6566439	6566320	Deletion	119
3L	6566404	6566320	Deletion	84
3L	6566413	6566320	Deletion	93
3L	6566420	6566320	Deletion	100
3L	6566439	6566320	Deletion	119
3L	6566418	6566320	Deletion	98
3L	6566441	6566320	Deletion	121
3L	6567567	6567459	Deletion	108
3L	6567567	6567467	Deletion	100
3L	6567567	6567473	Deletion	94
3L	6567567	6567479	Deletion	88
3L	6567567	6567497	Deletion	70
3L	6567567	6567515	Deletion	52
3L	6567567	6567524	Deletion	43
3L	6567743	6567668	Deletion	75
3L	6567707	6567668	Deletion	39
3L	6567791	6567668	Deletion	123
3L	6567752	6567668	Deletion	84
3L	6567701	6567668	Deletion	33
3L	6567725	6567668	Deletion	57
3L	6570666	6570545	Deletion	121
3L	6578136	6578060	Deletion	76
3L	6578136	6578061	Deletion	75
3L	6578135	6578068	Deletion	67
3L	6579183	6579059	Deletion	124
3L	6579109	6579059	Deletion	50
3L	6579117	6579059	Deletion	58
3L	6579110	6579059	Deletion	51
3L	6579172	6579059	Deletion	113
3L	6579170	6579059	Deletion	111
3L	6580134	6580011	Deletion	123
3L	6580134	6580017	Deletion	117
3L	6580134	6580028	Deletion	106
3L	6580134	6580051	Deletion	83
3L	6580134	6580063	Deletion	71
3L	6580134	6580078	Deletion	56
3L	6583575	6583473	Deletion	102
3L	6583592	6583473	Deletion	119
3L	6583531	6583473	Deletion	58
3L	6583519	6583473	Deletion	46
3L	6583546	6583473	Deletion	73
3L	6583591	6583477	Deletion	114
3L	6589615	6589493	Deletion	122
3L	6593864	6593740	Deletion	124
3L	6627153	6627040	Deletion	113
3L	6627153	6627062	Deletion	91
3L	6627153	6627077	Deletion	76
3L	6627153	6627116	Deletion	37
3L	6633163	6633128	Deletion	35
3L	6633232	6633128	Deletion	104
3L	6633235	6633128	Deletion	107
3L	6633236	6633128	Deletion	108
3L	6633230	6633128	Deletion	102
3L	6633217	6633128	Deletion	89
3L	6633178	6633128	Deletion	50
3L	6634100	6634018	Deletion	82
3L	6634100	6634032	Deletion	68
3L	6634100	6634038	Deletion	62
3L	6634100	6634045	Deletion	55
3L	6634100	6634052	Deletion	48
3L	6634100	6634068	Deletion	32
3L	6636656	6636577	Deletion	79
3L	6636678	6636577	Deletion	101
3L	6636678	6636577	Deletion	101
3L	6636642	6636577	Deletion	65
3L	6636672	6636577	Deletion	95
3L	6636649	6636577	Deletion	72
3L	6636622	6636577	Deletion	45
3L	6636636	6636577	Deletion	59
3L	6644567	6644469	Deletion	98
3L	6644567	6644477	Deletion	90
3L	6644567	6644513	Deletion	54
3L	6644567	6644513	Deletion	54
3L	6644567	6644528	Deletion	39
3L	6652899	6652862	Deletion	37
3L	6652935	6652862	Deletion	73
3L	6652950	6652862	Deletion	88
3L	6652935	6652862	Deletion	73
3L	6653030	6652907	Deletion	123
3L	6656376	6656262	Deletion	114
3L	6656376	6656265	Deletion	111
3L	6656376	6656277	Deletion	99
3L	6656376	6656281	Deletion	95
3L	6656376	6656312	Deletion	64
3L	6656376	6656326	Deletion	50
3L	6656376	6656336	Deletion	40
3L	6656376	6656338	Deletion	38
3L	6656376	6656338	Deletion	38
3L	6656376	6656342	Deletion	34
3L	6656376	6656344	Deletion	32
3L	6657360	6657274	Deletion	86
3L	6657386	6657274	Deletion	112
3L	6657366	6657274	Deletion	92
3L	6657336	6657274	Deletion	62
3L	6657368	6657274	Deletion	94
3L	6657350	6657274	Deletion	76
3L	6657362	6657274	Deletion	88
3L	6657362	6657274	Deletion	88
3L	6657305	6657274	Deletion	31
3L	6658617	6658498	Deletion	119
3L	6658617	6658505	Deletion	112
3L	6658617	6658515	Deletion	102
3L	6658617	6658536	Deletion	81
3L	6658617	6658547	Deletion	70
3L	6658617	6658564	Deletion	53
3L	6661126	6661024	Deletion	102
3L	6661138	6661024	Deletion	114
3L	6661070	6661024	Deletion	46
3L	6661098	6661024	Deletion	74
3L	6661081	6661024	Deletion	57
3L	6671285	6671161	Deletion	124
3L	6671285	6671176	Deletion	109
3L	6671520	6671409	Deletion	111
3L	6671520	6671409	Deletion	111
3L	6672245	6672121	Deletion	124
3L	6672245	6672149	Deletion	96
3L	6672245	6672152	Deletion	93
3L	6672245	6672195	Deletion	50
3L	6672245	6672206	Deletion	39
3L	6679336	6679248	Deletion	88
3L	6679325	6679248	Deletion	77
3L	6679279	6679248	Deletion	31
3L	6679368	6679248	Deletion	120
3L	6679360	6679248	Deletion	112
3L	6679368	6679248	Deletion	120
3L	6679369	6679248	Deletion	121
3L	6679282	6679248	Deletion	34
3L	6680053	6679935	Deletion	118
3L	6680053	6679940	Deletion	113
3L	6680053	6679947	Deletion	106
3L	6680053	6680011	Deletion	42
3L	6680218	6680103	Deletion	115
3L	6680206	6680103	Deletion	103
3L	6680187	6680103	Deletion	84
3L	6680194	6680105	Deletion	89
3L	6687086	6686963	Deletion	123
3L	6697744	6697637	Deletion	107
3L	6697744	6697657	Deletion	87
3L	6697744	6697698	Deletion	46
3L	6697744	6697702	Deletion	42
3L	6709554	6709450	Deletion	104
3L	6709490	6709450	Deletion	40
3L	6709531	6709450	Deletion	81
3L	6709564	6709450	Deletion	114
3L	6709535	6709450	Deletion	85
3L	6709556	6709450	Deletion	106
3L	6713985	6713867	Deletion	118
3L	6713985	6713874	Deletion	111
3L	6713985	6713879	Deletion	106
3L	6713985	6713900	Deletion	85
3L	6713985	6713903	Deletion	82
3L	6713985	6713912	Deletion	73
3L	6713985	6713922	Deletion	63
3L	6725697	6725586	Deletion	111
3L	6725706	6725586	Deletion	120
3L	6725649	6725586	Deletion	63
3L	6725627	6725586	Deletion	41
3L	6725685	6725586	Deletion	99
3L	6725639	6725586	Deletion	53
3L	6725630	6725586	Deletion	44
3L	6731609	6731487	Deletion	122
3L	6731609	6731496	Deletion	113
3L	6731609	6731510	Deletion	99
3L	6731609	6731553	Deletion	56
3L	6731609	6731568	Deletion	41
3L	6731609	6731568	Deletion	41
3L	6736388	6736318	Deletion	70
3L	6736403	6736318	Deletion	85
3L	6736403	6736318	Deletion	85
3L	6736436	6736318	Deletion	118
3L	6738568	6738447	Deletion	121
3L	6743611	6743487	Deletion	124
3L	6743612	6743502	Deletion	110
3L	6743612	6743518	Deletion	94
3L	6743612	6743566	Deletion	46
3L	6745286	6745254	Deletion	32
3L	6745373	6745254	Deletion	119
3L	6745334	6745254	Deletion	80
3L	6781323	6781200	Deletion	123
3L	6781992	6781909	Deletion	83
3L	6782661	6782619	Deletion	42
3L	6787412	6787298	Deletion	114
3L	6787412	6787308	Deletion	104
3L	6787412	6787324	Deletion	88
3L	6787412	6787345	Deletion	67
3L	6787412	6787380	Deletion	32
3L	6788069	6787974	Deletion	95
3L	6788034	6787974	Deletion	60
3L	6788013	6787974	Deletion	39
3L	6797979	6797909	Deletion	70
3L	6797979	6797924	Deletion	55
3L	6797979	6797941	Deletion	38
3L	6799800	6799767	Deletion	33
3L	6799800	6799767	Deletion	33
3L	6799800	6799767	Deletion	33
3L	6799800	6799767	Deletion	33
3L	6799800	6799767	Deletion	33
3L	6802119	6802061	Deletion	58
3L	6802151	6802061	Deletion	90
3L	6802102	6802061	Deletion	41
3L	6802147	6802061	Deletion	86
3L	6802183	6802061	Deletion	122
3L	6802177	6802061	Deletion	116
3L	6802178	6802066	Deletion	112
3L	6805590	6805487	Deletion	103
3L	6805590	6805492	Deletion	98
3L	6805590	6805497	Deletion	93
3L	6805590	6805526	Deletion	64
3L	6805590	6805531	Deletion	59
3L	6805590	6805554	Deletion	36
3L	6805590	6805555	Deletion	35
3L	6811463	6811372	Deletion	91
3L	6811440	6811372	Deletion	68
3L	6811435	6811372	Deletion	63
3L	6811406	6811372	Deletion	34
3L	6811464	6811372	Deletion	92
3L	6811485	6811372	Deletion	113
3L	6812938	6812818	Deletion	120
3L	6812938	6812820	Deletion	118
3L	6812938	6812824	Deletion	114
3L	6812938	6812842	Deletion	96
3L	6812938	6812885	Deletion	53
3L	6813600	6813478	Deletion	122
3L	6813601	6813478	Deletion	123
3L	6813508	6813478	Deletion	30
3L	6813551	6813478	Deletion	73
3L	6815454	6815332	Deletion	122
3L	6815454	6815349	Deletion	105
3L	6815454	6815373	Deletion	81
3L	6815454	6815377	Deletion	77
3L	6815454	6815401	Deletion	53
3L	6815454	6815407	Deletion	47
3L	6815454	6815419	Deletion	35
3L	6816619	6816574	Deletion	45
3L	6816647	6816574	Deletion	73
3L	6816681	6816574	Deletion	107
3L	6816653	6816574	Deletion	79
3L	6816665	6816574	Deletion	91
3L	6816623	6816574	Deletion	49
3L	6819637	6819525	Deletion	112
3L	6819637	6819548	Deletion	89
3L	6819637	6819552	Deletion	85
3L	6820506	6820465	Deletion	41
3L	6820502	6820465	Deletion	37
3L	6832004	6831881	Deletion	123
3L	6832004	6831929	Deletion	75
3L	6832004	6831949	Deletion	55
3L	6832004	6831950	Deletion	54
3L	6832004	6831954	Deletion	50
3L	6832004	6831966	Deletion	38
3L	6832004	6831967	Deletion	37
3L	6848483	6848394	Deletion	89
3L	6848515	6848394	Deletion	121
3L	6848466	6848394	Deletion	72
3L	6848465	6848394	Deletion	71
3L	6848482	6848394	Deletion	88
3L	6848470	6848394	Deletion	76
3L	6848445	6848394	Deletion	51
3L	6855396	6855276	Deletion	120
3L	6855396	6855285	Deletion	111
3L	6855396	6855307	Deletion	89
3L	6855396	6855310	Deletion	86
3L	6855396	6855335	Deletion	61
3L	6855396	6855337	Deletion	59
3L	6855555	6855488	Deletion	67
3L	6855525	6855488	Deletion	37
3L	6855528	6855488	Deletion	40
3L	6855553	6855488	Deletion	65
3L	6856502	6856418	Deletion	84
3L	6857366	6857333	Deletion	33
3L	6857890	6857768	Deletion	122
3L	6873830	6873707	Deletion	123
3L	6874198	6874081	Deletion	117
3L	6881592	6881471	Deletion	121
3L	6888584	6888497	Deletion	87
3L	6889434	6889318	Deletion	116
3L	6890944	6890843	Deletion	101
3L	6891529	6891411	Deletion	118
3L	6891873	6891779	Deletion	94
3L	6891900	6891803	Deletion	97
3L	6892373	6892279	Deletion	94
3L	6899554	6899449	Deletion	105
3L	6899554	6899469	Deletion	85
3L	6899554	6899513	Deletion	41
3L	6900278	6900237	Deletion	41
3L	6900342	6900237	Deletion	105
3L	6900322	6900237	Deletion	85
3L	6901955	6901837	Deletion	118
3L	6901955	6901838	Deletion	117
3L	6901955	6901844	Deletion	111
3L	6901955	6901863	Deletion	92
3L	6901955	6901884	Deletion	71
3L	6901955	6901906	Deletion	49
3L	6902196	6902141	Deletion	55
3L	6902218	6902141	Deletion	77
3L	6902175	6902141	Deletion	34
3L	6941126	6941013	Deletion	113
3L	6950802	6950760	Deletion	42
3L	6950802	6950769	Deletion	33
3L	6958436	6958352	Deletion	84
3L	6958445	6958352	Deletion	93
3L	6978370	6978261	Deletion	109
3L	6978370	6978321	Deletion	49
3L	6978612	6978535	Deletion	77
3L	6978649	6978535	Deletion	114
3L	6983813	6983697	Deletion	116
3L	7003012	7002892	Deletion	120
3L	7003012	7002912	Deletion	100
3L	7003012	7002935	Deletion	77
3L	7003012	7002966	Deletion	46
3L	7003012	7002967	Deletion	45
3L	7003012	7002967	Deletion	45
3L	7003012	7002969	Deletion	43
3L	7003012	7002981	Deletion	31
3L	7003167	7003071	Deletion	96
3L	7003153	7003071	Deletion	82
3L	7003155	7003071	Deletion	84
3L	7003121	7003071	Deletion	50
3L	7003153	7003071	Deletion	82
3L	7003152	7003071	Deletion	81
3L	7016665	7016562	Deletion	103
3L	7016665	7016601	Deletion	64
3L	7016665	7016625	Deletion	40
3L	7016889	7016792	Deletion	97
3L	7016854	7016792	Deletion	62
3L	7016898	7016792	Deletion	106
3L	7016878	7016792	Deletion	86
3L	7016910	7016792	Deletion	118
3L	7027140	7027019	Deletion	121
3L	7030749	7030640	Deletion	109
3L	7030749	7030658	Deletion	91
3L	7030749	7030690	Deletion	59
3L	7030749	7030706	Deletion	43
3L	7035366	7035255	Deletion	111
3L	7035338	7035255	Deletion	83
3L	7035290	7035255	Deletion	35
3L	7035322	7035255	Deletion	67
3L	7035361	7035255	Deletion	106
3L	7035376	7035255	Deletion	121
3L	7040243	7040157	Deletion	86
3L	7040243	7040161	Deletion	82
3L	7040243	7040162	Deletion	81
3L	7040243	7040164	Deletion	79
3L	7040243	7040199	Deletion	44
3L	7046478	7046433	Deletion	45
3L	7046530	7046433	Deletion	97
3L	7046515	7046433	Deletion	82
3L	7046473	7046433	Deletion	40
3L	7046477	7046433	Deletion	44
3L	7046480	7046433	Deletion	47
3L	7046965	7046849	Deletion	116
3L	7048294	7048194	Deletion	100
3L	7048294	7048238	Deletion	56
3L	7048294	7048255	Deletion	39
3L	7050268	7050197	Deletion	71
3L	7050317	7050197	Deletion	120
3L	7050285	7050197	Deletion	88
3L	7051704	7051597	Deletion	107
3L	7051704	7051604	Deletion	100
3L	7051704	7051626	Deletion	78
3L	7051704	7051630	Deletion	74
3L	7051704	7051644	Deletion	60
3L	7051704	7051657	Deletion	47
3L	7051704	7051666	Deletion	38
3L	7051704	7051673	Deletion	31
3L	7055872	7055805	Deletion	67
3L	7055858	7055805	Deletion	53
3L	7055914	7055805	Deletion	109
3L	7055885	7055805	Deletion	80
3L	7055854	7055805	Deletion	49
3L	7055894	7055805	Deletion	89
3L	7055901	7055805	Deletion	96
3L	7075732	7075654	Deletion	78
3L	7075732	7075661	Deletion	71
3L	7075732	7075693	Deletion	39
3L	7076071	7075984	Deletion	87
3L	7076095	7075984	Deletion	111
3L	7076032	7075984	Deletion	48
3L	7076039	7075984	Deletion	55
3L	7081009	7080889	Deletion	120
3L	7081009	7080910	Deletion	99
3L	7081009	7080935	Deletion	74
3L	7081009	7080939	Deletion	70
3L	7081009	7080956	Deletion	53
3L	7081009	7080959	Deletion	50
3L	7081009	7080963	Deletion	46
3L	7081009	7080963	Deletion	46
3L	7081009	7080977	Deletion	32
3L	7081696	7081623	Deletion	73
3L	7081699	7081623	Deletion	76
3L	7081703	7081623	Deletion	80
3L	7081679	7081623	Deletion	56
3L	7081717	7081623	Deletion	94
3L	7081675	7081623	Deletion	52
3L	7081704	7081627	Deletion	77
3L	7093629	7093507	Deletion	122
3L	7121748	7121625	Deletion	123
3L	7121748	7121674	Deletion	74
3L	7121748	7121702	Deletion	46
3L	7121748	7121715	Deletion	33
3L	7129511	7129418	Deletion	93
3L	7129498	7129418	Deletion	80
3L	7129470	7129418	Deletion	52
3L	7129516	7129418	Deletion	98
3L	7134708	7134605	Deletion	103
3L	7134708	7134618	Deletion	90
3L	7134708	7134675	Deletion	33
3L	7156863	7156825	Deletion	38
3L	7156920	7156825	Deletion	95
3L	7158360	7158237	Deletion	123
3L	7173932	7173808	Deletion	124
3L	7183723	7183600	Deletion	123
3L	7183723	7183607	Deletion	116
3L	7183723	7183609	Deletion	114
3L	7183723	7183627	Deletion	96
3L	7183723	7183637	Deletion	86
3L	7183723	7183655	Deletion	68
3L	7183723	7183657	Deletion	66
3L	7183723	7183689	Deletion	34
3L	7197040	7197000	Deletion	40
3L	7197058	7197000	Deletion	58
3L	7197030	7197000	Deletion	30
3L	7197092	7197000	Deletion	92
3L	7197099	7197000	Deletion	99
3L	7197060	7197000	Deletion	60
3L	7223317	7223196	Deletion	121
3L	7224677	7224565	Deletion	112
3L	7224677	7224624	Deletion	53
3L	7224677	7224640	Deletion	37
3L	7224677	7224646	Deletion	31
3L	7227744	7227643	Deletion	101
3L	7227740	7227643	Deletion	97
3L	7227755	7227643	Deletion	112
3L	7227732	7227643	Deletion	89
3L	7227738	7227643	Deletion	95
3L	7227716	7227643	Deletion	73
3L	7227754	7227643	Deletion	111
3L	7229212	7229090	Deletion	122
3L	7229212	7229124	Deletion	88
3L	7229212	7229140	Deletion	72
3L	7229212	7229157	Deletion	55
3L	7229212	7229163	Deletion	49
3L	7229212	7229168	Deletion	44
3L	7229212	7229178	Deletion	34
3L	7235142	7235065	Deletion	77
3L	7235157	7235065	Deletion	92
3L	7235119	7235065	Deletion	54
3L	7235136	7235065	Deletion	71
3L	7235104	7235065	Deletion	39
3L	7235147	7235065	Deletion	82
3L	7235498	7235376	Deletion	122
3L	7235498	7235388	Deletion	110
3L	7235498	7235419	Deletion	79
3L	7235498	7235436	Deletion	62
3L	7235498	7235454	Deletion	44
3L	7250987	7250905	Deletion	82
3L	7250952	7250905	Deletion	47
3L	7251015	7250905	Deletion	110
3L	7250969	7250905	Deletion	64
3L	7260461	7260339	Deletion	122
3L	7267111	7267022	Deletion	89
3L	7267111	7267038	Deletion	73
3L	7267111	7267051	Deletion	60
3L	7273084	7272984	Deletion	100
3L	7273050	7272984	Deletion	66
3L	7273037	7272984	Deletion	53
3L	7273021	7272986	Deletion	35
3L	7284550	7284424	Deletion	126
3L	7285600	7285477	Deletion	123
3L	7285600	7285511	Deletion	89
3L	7285600	7285547	Deletion	53
3L	7285600	7285555	Deletion	45
3L	7285600	7285561	Deletion	39
3L	7285600	7285566	Deletion	34
3L	7291810	7291772	Deletion	38
3L	7291854	7291772	Deletion	82
3L	7291872	7291772	Deletion	100
3L	7291846	7291772	Deletion	74
3L	7291875	7291772	Deletion	103
3L	7291860	7291772	Deletion	88
3L	7291875	7291772	Deletion	103
3L	7291865	7291772	Deletion	93
3L	7313930	7313812	Deletion	118
3L	7313930	7313841	Deletion	89
3L	7313930	7313887	Deletion	43
3L	7316744	7316661	Deletion	83
3L	7316698	7316661	Deletion	37
3L	7322178	7322056	Deletion	122
3L	7322178	7322059	Deletion	119
3L	7322178	7322099	Deletion	79
3L	7322178	7322122	Deletion	56
3L	7322178	7322132	Deletion	46
3L	7322178	7322132	Deletion	46
3L	7329069	7328964	Deletion	105
3L	7329034	7328964	Deletion	70
3L	7329044	7328964	Deletion	80
3L	7329086	7328964	Deletion	122
3L	7329044	7328964	Deletion	80
3L	7329011	7328964	Deletion	47
3L	7331927	7331829	Deletion	98
3L	7331927	7331831	Deletion	96
3L	7331927	7331831	Deletion	96
3L	7331927	7331843	Deletion	84
3L	7331927	7331861	Deletion	66
3L	7331927	7331888	Deletion	39
3L	7335858	7335798	Deletion	60
3L	7335885	7335798	Deletion	87
3L	7335840	7335798	Deletion	42
3L	7335828	7335798	Deletion	30
3L	7336204	7336094	Deletion	110
3L	7336204	7336098	Deletion	106
3L	7336204	7336102	Deletion	102
3L	7336204	7336104	Deletion	100
3L	7336204	7336121	Deletion	83
3L	7336204	7336152	Deletion	52
3L	7337632	7337558	Deletion	74
3L	7337601	7337558	Deletion	43
3L	7351255	7351184	Deletion	71
3L	7351255	7351186	Deletion	69
3L	7351759	7351700	Deletion	59
3L	7351819	7351700	Deletion	119
3L	7351802	7351700	Deletion	102
3L	7351757	7351700	Deletion	57
3L	7362503	7362384	Deletion	119
3L	7362503	7362399	Deletion	104
3L	7362503	7362462	Deletion	41
3L	7362503	7362470	Deletion	33
3L	7362638	7362552	Deletion	86
3L	7362646	7362552	Deletion	94
3L	7363642	7363522	Deletion	120
3L	7363642	7363547	Deletion	95
3L	7363642	7363547	Deletion	95
3L	7363642	7363561	Deletion	81
3L	7363642	7363562	Deletion	80
3L	7363642	7363565	Deletion	77
3L	7363642	7363567	Deletion	75
3L	7363642	7363604	Deletion	38
3L	7363793	7363689	Deletion	104
3L	7363737	7363689	Deletion	48
3L	7363738	7363689	Deletion	49
3L	7363741	7363689	Deletion	52
3L	7363723	7363689	Deletion	34
3L	7363780	7363689	Deletion	91
3L	7363723	7363689	Deletion	34
3L	7363743	7363689	Deletion	54
3L	7371734	7371614	Deletion	120
3L	7372119	7372058	Deletion	61
3L	7374811	7374746	Deletion	65
3L	7374829	7374746	Deletion	83
3L	7376147	7376038	Deletion	109
3L	7376147	7376044	Deletion	103
3L	7376147	7376051	Deletion	96
3L	7376147	7376059	Deletion	88
3L	7376147	7376060	Deletion	87
3L	7376147	7376079	Deletion	68
3L	7376147	7376109	Deletion	38
3L	7376147	7376115	Deletion	32
3L	7379538	7379436	Deletion	102
3L	7379560	7379436	Deletion	124
3L	7380122	7380028	Deletion	94
3L	7381332	7381238	Deletion	94
3L	7381338	7381238	Deletion	100
3L	7381276	7381238	Deletion	38
3L	7381277	7381238	Deletion	39
3L	7381326	7381238	Deletion	88
3L	7381296	7381238	Deletion	58
3L	7381268	7381238	Deletion	30
3L	7387335	7387218	Deletion	117
3L	7387335	7387238	Deletion	97
3L	7387335	7387242	Deletion	93
3L	7387335	7387257	Deletion	78
3L	7387335	7387261	Deletion	74
3L	7387335	7387301	Deletion	34
3L	7387765	7387731	Deletion	34
3L	7387784	7387731	Deletion	53
3L	7387780	7387731	Deletion	49
3L	7387824	7387731	Deletion	93
3L	7387761	7387731	Deletion	30
3L	7399459	7399415	Deletion	44
3L	7400013	7399913	Deletion	100
3L	7399995	7399913	Deletion	82
3L	7414463	7414342	Deletion	121
3L	7423993	7423904	Deletion	89
3L	7423993	7423906	Deletion	87
3L	7423993	7423910	Deletion	83
3L	7423993	7423955	Deletion	38
3L	7423993	7423962	Deletion	31
3L	7427115	7427075	Deletion	40
3L	7427191	7427075	Deletion	116
3L	7427171	7427075	Deletion	96
3L	7427119	7427075	Deletion	44
3L	7427113	7427075	Deletion	38
3L	7427164	7427075	Deletion	89
3L	7429086	7429003	Deletion	83
3L	7429086	7429013	Deletion	73
3L	7429086	7429033	Deletion	53
3L	7438421	7438367	Deletion	54
3L	7438411	7438367	Deletion	44
3L	7438441	7438367	Deletion	74
3L	7455394	7455297	Deletion	97
3L	7455394	7455299	Deletion	95
3L	7455394	7455311	Deletion	83
3L	7455394	7455347	Deletion	47
3L	7455771	7455691	Deletion	80
3L	7455735	7455691	Deletion	44
3L	7455801	7455691	Deletion	110
3L	7455721	7455691	Deletion	30
3L	7455723	7455691	Deletion	32
3L	7467183	7467102	Deletion	81
3L	7467183	7467129	Deletion	54
3L	7467183	7467152	Deletion	31
3L	7467279	7467232	Deletion	47
3L	7467329	7467232	Deletion	97
3L	7467352	7467232	Deletion	120
3L	7467306	7467232	Deletion	74
3L	7467332	7467232	Deletion	100
3L	7484223	7484106	Deletion	117
3L	7484223	7484112	Deletion	111
3L	7484223	7484124	Deletion	99
3L	7484223	7484126	Deletion	97
3L	7484223	7484137	Deletion	86
3L	7484223	7484145	Deletion	78
3L	7484223	7484154	Deletion	69
3L	7484223	7484156	Deletion	67
3L	7484223	7484163	Deletion	60
3L	7484223	7484174	Deletion	49
3L	7484223	7484184	Deletion	39
3L	7484223	7484193	Deletion	30
3L	7487349	7487301	Deletion	48
3L	7487367	7487301	Deletion	66
3L	7487388	7487301	Deletion	87
3L	7487397	7487301	Deletion	96
3L	7487360	7487301	Deletion	59
3L	7487341	7487301	Deletion	40
3L	7487378	7487301	Deletion	77
3L	7487358	7487301	Deletion	57
3L	7491928	7491811	Deletion	117
3L	7491928	7491814	Deletion	114
3L	7491928	7491817	Deletion	111
3L	7491928	7491854	Deletion	74
3L	7491928	7491857	Deletion	71
3L	7491928	7491865	Deletion	63
3L	7491928	7491894	Deletion	34
3L	7491928	7491896	Deletion	32
3L	7499881	7499797	Deletion	84
3L	7500563	7500525	Deletion	38
3L	7501199	7501160	Deletion	39
3L	7517909	7517848	Deletion	61
3L	7517900	7517848	Deletion	52
3L	7517903	7517848	Deletion	55
3L	7517909	7517848	Deletion	61
3L	7517909	7517848	Deletion	61
3L	7517909	7517854	Deletion	55
3L	7517909	7517863	Deletion	46
3L	7517909	7517871	Deletion	38
3L	7519518	7519487	Deletion	31
3L	7519567	7519487	Deletion	80
3L	7519558	7519487	Deletion	71
3L	7519520	7519487	Deletion	33
3L	7519602	7519487	Deletion	115
3L	7519575	7519487	Deletion	88
3L	7534007	7533885	Deletion	122
3L	7534007	7533894	Deletion	113
3L	7534007	7533922	Deletion	85
3L	7534007	7533948	Deletion	59
3L	7534007	7533952	Deletion	55
3L	7534007	7533953	Deletion	54
3L	7534007	7533973	Deletion	34
3L	7535850	7535776	Deletion	74
3L	7535819	7535776	Deletion	43
3L	7535878	7535776	Deletion	102
3L	7535845	7535776	Deletion	69
3L	7535870	7535776	Deletion	94
3L	7535849	7535776	Deletion	73
3L	7536714	7536636	Deletion	78
3L	7536714	7536669	Deletion	45
3L	7537302	7537221	Deletion	81
3L	7537318	7537221	Deletion	97
3L	7537269	7537221	Deletion	48
3L	7538023	7537902	Deletion	121
3L	7551134	7551040	Deletion	94
3L	7551134	7551058	Deletion	76
3L	7551134	7551079	Deletion	55
3L	7551134	7551079	Deletion	55
3L	7552473	7552401	Deletion	72
3L	7552451	7552401	Deletion	50
3L	7552472	7552401	Deletion	71
3L	7552519	7552401	Deletion	118
3L	7552433	7552401	Deletion	32
3L	7572469	7572374	Deletion	95
3L	7572469	7572405	Deletion	64
3L	7572469	7572414	Deletion	55
3L	7572469	7572429	Deletion	40
3L	7574411	7574322	Deletion	89
3L	7574439	7574322	Deletion	117
3L	7574356	7574322	Deletion	34
3L	7574387	7574322	Deletion	65
3L	7574396	7574322	Deletion	74
3L	7583160	7583087	Deletion	73
3L	7583160	7583110	Deletion	50
3L	7583310	7583256	Deletion	54
3L	7583362	7583256	Deletion	106
3L	7583333	7583256	Deletion	77
3L	7583361	7583256	Deletion	105
3L	7583365	7583256	Deletion	109
3L	7583362	7583256	Deletion	106
3L	7584913	7584821	Deletion	92
3L	7584913	7584825	Deletion	88
3L	7584913	7584853	Deletion	60
3L	7584913	7584882	Deletion	31
3L	7593260	7593193	Deletion	67
3L	7593296	7593193	Deletion	103
3L	7593232	7593193	Deletion	39
3L	7593301	7593193	Deletion	108
3L	7593228	7593193	Deletion	35
3L	7593289	7593193	Deletion	96
3L	7599500	7599377	Deletion	123
3L	7604150	7604069	Deletion	81
3L	7604150	7604103	Deletion	47
3L	7604150	7604117	Deletion	33
3L	7604517	7604437	Deletion	80
3L	7604531	7604437	Deletion	94
3L	7604483	7604437	Deletion	46
3L	7618868	7618747	Deletion	121
3L	7621093	7620977	Deletion	116
3L	7621093	7620985	Deletion	108
3L	7621093	7621010	Deletion	83
3L	7621282	7621166	Deletion	116
3L	7621209	7621166	Deletion	43
3L	7621266	7621166	Deletion	100
3L	7621550	7621427	Deletion	123
3L	7621550	7621461	Deletion	89
3L	7621550	7621464	Deletion	86
3L	7621550	7621479	Deletion	71
3L	7623205	7623149	Deletion	56
3L	7623187	7623149	Deletion	38
3L	7623190	7623149	Deletion	41
3L	7629948	7629852	Deletion	96
3L	7629948	7629866	Deletion	82
3L	7629948	7629867	Deletion	81
3L	7629948	7629868	Deletion	80
3L	7629948	7629873	Deletion	75
3L	7629948	7629907	Deletion	41
3L	7629948	7629915	Deletion	33
3L	7631719	7631600	Deletion	119
3L	7631644	7631600	Deletion	44
3L	7631645	7631600	Deletion	45
3L	7631685	7631600	Deletion	85
3L	7631693	7631600	Deletion	93
3L	7631651	7631600	Deletion	51
3L	7631646	7631600	Deletion	46
3L	7632916	7632861	Deletion	55
3L	7632916	7632885	Deletion	31
3L	7632916	7632885	Deletion	31
3L	7641050	7640979	Deletion	71
3L	7641074	7640979	Deletion	95
3L	7641074	7640979	Deletion	95
3L	7641090	7640979	Deletion	111
3L	7643491	7643377	Deletion	114
3L	7643491	7643378	Deletion	113
3L	7643491	7643410	Deletion	81
3L	7643491	7643416	Deletion	75
3L	7643491	7643438	Deletion	53
3L	7648266	7648159	Deletion	107
3L	7648204	7648159	Deletion	45
3L	7648232	7648159	Deletion	73
3L	7648256	7648159	Deletion	97
3L	7648282	7648159	Deletion	123
3L	7648210	7648159	Deletion	51
3L	7661422	7661317	Deletion	105
3L	7661422	7661328	Deletion	94
3L	7661422	7661345	Deletion	77
3L	7661422	7661373	Deletion	49
3L	7661422	7661381	Deletion	41
3L	7661422	7661388	Deletion	34
3L	7674324	7674204	Deletion	120
3L	7674236	7674204	Deletion	32
3L	7674281	7674204	Deletion	77
3L	7675429	7675344	Deletion	85
3L	7675436	7675344	Deletion	92
3L	7675449	7675344	Deletion	105
3L	7675449	7675344	Deletion	105
3L	7678183	7678134	Deletion	49
3L	7681229	7681105	Deletion	124
3L	7688862	7688768	Deletion	94
3L	7690458	7690395	Deletion	63
3L	7695313	7695207	Deletion	106
3L	7695329	7695207	Deletion	122
3L	7695270	7695207	Deletion	63
3L	7695239	7695207	Deletion	32
3L	7696699	7696575	Deletion	124
3L	7696699	7696652	Deletion	47
3L	7698033	7697919	Deletion	114
3L	7698026	7697919	Deletion	107
3L	7697999	7697919	Deletion	80
3L	7698029	7697919	Deletion	110
3L	7724075	7723987	Deletion	88
3L	7724075	7723988	Deletion	87
3L	7724075	7723995	Deletion	80
3L	7724075	7723998	Deletion	77
3L	7724075	7724028	Deletion	47
3L	7724172	7724125	Deletion	47
3L	7724205	7724125	Deletion	80
3L	7724232	7724125	Deletion	107
3L	7724229	7724125	Deletion	104
3L	7724164	7724125	Deletion	39
3L	7724221	7724125	Deletion	96
3L	7724175	7724125	Deletion	50
3L	7724165	7724125	Deletion	40
3L	7751388	7751285	Deletion	103
3L	7751388	7751289	Deletion	99
3L	7759639	7759533	Deletion	106
3L	7759645	7759533	Deletion	112
3L	7762079	7761955	Deletion	124
3L	7762501	7762385	Deletion	116
3L	7762501	7762389	Deletion	112
3L	7762501	7762393	Deletion	108
3L	7762501	7762411	Deletion	90
3L	7762501	7762430	Deletion	71
3L	7762501	7762432	Deletion	69
3L	7762501	7762436	Deletion	65
3L	7762501	7762441	Deletion	60
3L	7762501	7762460	Deletion	41
3L	7772706	7772640	Deletion	66
3L	7772697	7772640	Deletion	57
3L	7772725	7772640	Deletion	85
3L	7772676	7772640	Deletion	36
3L	7772739	7772640	Deletion	99
3L	7772701	7772640	Deletion	61
3L	7772695	7772640	Deletion	55
3L	7787784	7787692	Deletion	92
3L	7787784	7787698	Deletion	86
3L	7787784	7787703	Deletion	81
3L	7787784	7787716	Deletion	68
3L	7787784	7787721	Deletion	63
3L	7787784	7787729	Deletion	55
3L	7787784	7787752	Deletion	32
3L	7787784	7787754	Deletion	30
3L	7788000	7787903	Deletion	97
3L	7787938	7787903	Deletion	35
3L	7787949	7787903	Deletion	46
3L	7787975	7787903	Deletion	72
3L	7787967	7787903	Deletion	64
3L	7787998	7787903	Deletion	95
3L	7787962	7787903	Deletion	59
3L	7787944	7787903	Deletion	41
3L	7794798	7794744	Deletion	54
3L	7795876	7795783	Deletion	93
3L	7796443	7796333	Deletion	110
3L	7796960	7796923	Deletion	37
3L	7798036	7797994	Deletion	42
3L	7800739	7800666	Deletion	73
3L	7833306	7833215	Deletion	91
3L	7833319	7833215	Deletion	104
3L	7833287	7833215	Deletion	72
3L	7833269	7833215	Deletion	54
3L	7833309	7833215	Deletion	94
3L	7833269	7833215	Deletion	54
3L	7833300	7833215	Deletion	85
3L	7833247	7833215	Deletion	32
3L	7833311	7833215	Deletion	96
3L	7837177	7837093	Deletion	84
3L	7837177	7837097	Deletion	80
3L	7837177	7837118	Deletion	59
3L	7837177	7837124	Deletion	53
3L	7837177	7837142	Deletion	35
3L	7842199	7842108	Deletion	91
3L	7842226	7842108	Deletion	118
3L	7842154	7842108	Deletion	46
3L	7842181	7842108	Deletion	73
3L	7842150	7842108	Deletion	42
3L	7842175	7842108	Deletion	67
3L	7845348	7845227	Deletion	121
3L	7845348	7845246	Deletion	102
3L	7845348	7845261	Deletion	87
3L	7845348	7845277	Deletion	71
3L	7864798	7864685	Deletion	113
3L	7864801	7864685	Deletion	116
3L	7864725	7864685	Deletion	40
3L	7864741	7864685	Deletion	56
3L	7875535	7875428	Deletion	107
3L	7875535	7875451	Deletion	84
3L	7875535	7875491	Deletion	44
3L	7877949	7877833	Deletion	116
3L	7877917	7877833	Deletion	84
3L	7877949	7877833	Deletion	116
3L	7877877	7877833	Deletion	44
3L	7886761	7886661	Deletion	100
3L	7889801	7889752	Deletion	49
3L	7889802	7889752	Deletion	50
3L	7889826	7889752	Deletion	74
3L	7889853	7889752	Deletion	101
3L	7889833	7889752	Deletion	81
3L	7889794	7889752	Deletion	42
3L	7889793	7889752	Deletion	41
3L	7889870	7889752	Deletion	118
3L	7889803	7889752	Deletion	51
3L	7890306	7890189	Deletion	117
3L	7905507	7905427	Deletion	80
3L	7905507	7905455	Deletion	52
3L	7905507	7905459	Deletion	48
3L	7905507	7905467	Deletion	40
3L	7907632	7907585	Deletion	47
3L	7907660	7907585	Deletion	75
3L	7907672	7907585	Deletion	87
3L	7907692	7907585	Deletion	107
3L	7907664	7907585	Deletion	79
3L	7912096	7911976	Deletion	120
3L	7912096	7912003	Deletion	93
3L	7912096	7912012	Deletion	84
3L	7912096	7912040	Deletion	56
3L	7912096	7912065	Deletion	31
3L	7912433	7912361	Deletion	72
3L	7912472	7912361	Deletion	111
3L	7912396	7912361	Deletion	35
3L	7912405	7912361	Deletion	44
3L	7912458	7912361	Deletion	97
3L	7918064	7917979	Deletion	85
3L	7923259	7923155	Deletion	104
3L	7923414	7923340	Deletion	74
3L	7923404	7923340	Deletion	64
3L	7929629	7929506	Deletion	123
3L	7936916	7936817	Deletion	99
3L	7936916	7936829	Deletion	87
3L	7936916	7936847	Deletion	69
3L	7936916	7936850	Deletion	66
3L	7937320	7937281	Deletion	39
3L	7937388	7937281	Deletion	107
3L	7937341	7937281	Deletion	60
3L	7937400	7937281	Deletion	119
3L	7937388	7937281	Deletion	107
3L	7937338	7937281	Deletion	57
3L	7942127	7942041	Deletion	86
3L	7942127	7942048	Deletion	79
3L	7942127	7942082	Deletion	45
3L	7942127	7942087	Deletion	40
3L	7942295	7942207	Deletion	88
3L	7942249	7942207	Deletion	42
3L	7942290	7942207	Deletion	83
3L	7942310	7942207	Deletion	103
3L	7942256	7942207	Deletion	49
3L	7979251	7979129	Deletion	122
3L	7979251	7979137	Deletion	114
3L	7979251	7979148	Deletion	103
3L	7979251	7979153	Deletion	98
3L	7979251	7979160	Deletion	91
3L	7979251	7979180	Deletion	71
3L	7979251	7979201	Deletion	50
3L	7979251	7979217	Deletion	34
3L	7979381	7979330	Deletion	51
3L	7979365	7979330	Deletion	35
3L	7979381	7979330	Deletion	51
3L	7979381	7979330	Deletion	51
3L	7979381	7979330	Deletion	51
3L	7979381	7979330	Deletion	51
3L	7979381	7979330	Deletion	51
3L	7979381	7979332	Deletion	49
3L	7979381	7979338	Deletion	43
3L	7979533	7979450	Deletion	83
3L	7979491	7979450	Deletion	41
3L	7979527	7979450	Deletion	77
3L	7979515	7979450	Deletion	65
3L	7979570	7979450	Deletion	120
3L	7979499	7979450	Deletion	49
3L	7979520	7979450	Deletion	70
3L	7979573	7979450	Deletion	123
3L	7985605	7985496	Deletion	109
3L	7995139	7995039	Deletion	100
3L	8004511	8004390	Deletion	121
3L	8017362	8017276	Deletion	86
3L	8017986	8017946	Deletion	40
3L	8018052	8017946	Deletion	106
3L	8029227	8029116	Deletion	111
3L	8029227	8029122	Deletion	105
3L	8029227	8029134	Deletion	93
3L	8029227	8029146	Deletion	81
3L	8029227	8029195	Deletion	32
3L	8029396	8029363	Deletion	33
3L	8029408	8029363	Deletion	45
3L	8029457	8029363	Deletion	94
3L	8035504	8035383	Deletion	121
3L	8035504	8035414	Deletion	90
3L	8035504	8035448	Deletion	56
3L	8035504	8035452	Deletion	52
3L	8035504	8035473	Deletion	31
3L	8052337	8052263	Deletion	74
3L	8052369	8052263	Deletion	106
3L	8052299	8052263	Deletion	36
3L	8052357	8052263	Deletion	94
3L	8052333	8052263	Deletion	70
3L	8071972	8071855	Deletion	117
3L	8071972	8071865	Deletion	107
3L	8071972	8071866	Deletion	106
3L	8071972	8071906	Deletion	66
3L	8071972	8071932	Deletion	40
3L	8071972	8071938	Deletion	34
3L	8072166	8072050	Deletion	116
3L	8072136	8072050	Deletion	86
3L	8072110	8072050	Deletion	60
3L	8072142	8072050	Deletion	92
3L	8080721	8080610	Deletion	111
3L	8080721	8080615	Deletion	106
3L	8080721	8080672	Deletion	49
3L	8082764	8082667	Deletion	97
3L	8082744	8082667	Deletion	77
3L	8082789	8082667	Deletion	122
3L	8082780	8082671	Deletion	109
3L	8090929	8090807	Deletion	122
3L	8090929	8090833	Deletion	96
3L	8092720	8092622	Deletion	98
3L	8092729	8092622	Deletion	107
3L	8097704	8097580	Deletion	124
3L	8097704	8097586	Deletion	118
3L	8097704	8097652	Deletion	52
3L	8097704	8097655	Deletion	49
3L	8099668	8099564	Deletion	104
3L	8099642	8099564	Deletion	78
3L	8099639	8099564	Deletion	75
3L	8106937	8106824	Deletion	113
3L	8106937	8106826	Deletion	111
3L	8106937	8106874	Deletion	63
3L	8106937	8106878	Deletion	59
3L	8106937	8106879	Deletion	58
3L	8113360	8113296	Deletion	64
3L	8113364	8113296	Deletion	68
3L	8113365	8113296	Deletion	69
3L	8124333	8124216	Deletion	117
3L	8124333	8124254	Deletion	79
3L	8124333	8124258	Deletion	75
3L	8124333	8124263	Deletion	70
3L	8124333	8124275	Deletion	58
3L	8124333	8124276	Deletion	57
3L	8124333	8124289	Deletion	44
3L	8124333	8124294	Deletion	39
3L	8124333	8124300	Deletion	33
3L	8131429	8131373	Deletion	56
3L	8131420	8131373	Deletion	47
3L	8131455	8131373	Deletion	82
3L	8131442	8131373	Deletion	69
3L	8131424	8131373	Deletion	51
3L	8131466	8131373	Deletion	93
3L	8131482	8131373	Deletion	109
3L	8131441	8131373	Deletion	68
3L	8131460	8131373	Deletion	87
3L	8131473	8131373	Deletion	100
3L	8134495	8134372	Deletion	123
3L	8138623	8138502	Deletion	121
3L	8147842	8147741	Deletion	101
3L	8147842	8147744	Deletion	98
3L	8147842	8147766	Deletion	76
3L	8147842	8147777	Deletion	65
3L	8147842	8147807	Deletion	35
3L	8160097	8160047	Deletion	50
3L	8160138	8160047	Deletion	91
3L	8160146	8160047	Deletion	99
3L	8160108	8160047	Deletion	61
3L	8160811	8160688	Deletion	123
3L	8160811	8160703	Deletion	108
3L	8160811	8160706	Deletion	105
3L	8160811	8160713	Deletion	98
3L	8160811	8160738	Deletion	73
3L	8160811	8160752	Deletion	59
3L	8160811	8160761	Deletion	50
3L	8160811	8160765	Deletion	46
3L	8169415	8169307	Deletion	108
3L	8169388	8169308	Deletion	80
3L	8169415	8169308	Deletion	107
3L	8169361	8169308	Deletion	53
3L	8169375	8169308	Deletion	67
3L	8169384	8169308	Deletion	76
3L	8169415	8169348	Deletion	67
3L	8169415	8169362	Deletion	53
3L	8170561	8170500	Deletion	61
3L	8170575	8170500	Deletion	75
3L	8170617	8170500	Deletion	117
3L	8180560	8180437	Deletion	123
3L	8200280	8200156	Deletion	124
3L	8227383	8227307	Deletion	76
3L	8227383	8227307	Deletion	76
3L	8227487	8227437	Deletion	50
3L	8227540	8227437	Deletion	103
3L	8227551	8227437	Deletion	114
3L	8227487	8227437	Deletion	50
3L	8232836	8232714	Deletion	122
3L	8234172	8234083	Deletion	89
3L	8235628	8235534	Deletion	94
3L	8235597	8235537	Deletion	60
3L	8235894	8235793	Deletion	101
3L	8236952	8236922	Deletion	30
3L	8238542	8238503	Deletion	39
3L	8244522	8244400	Deletion	122
3L	8255024	8254910	Deletion	114
3L	8255024	8254965	Deletion	59
3L	8255024	8254991	Deletion	33
3L	8258117	8258024	Deletion	93
3L	8258125	8258024	Deletion	101
3L	8258091	8258024	Deletion	67
3L	8271040	8270918	Deletion	122
3L	8271040	8270920	Deletion	120
3L	8271040	8270968	Deletion	72
3L	8271040	8270974	Deletion	66
3L	8271040	8270977	Deletion	63
3L	8273321	8273258	Deletion	63
3L	8273373	8273258	Deletion	115
3L	8273376	8273258	Deletion	118
3L	8273312	8273258	Deletion	54
3L	8273318	8273258	Deletion	60
3L	8282575	8282453	Deletion	122
3L	8288410	8288290	Deletion	120
3L	8288410	8288295	Deletion	115
3L	8288410	8288300	Deletion	110
3L	8288410	8288316	Deletion	94
3L	8288410	8288334	Deletion	76
3L	8288410	8288359	Deletion	51
3L	8288410	8288367	Deletion	43
3L	8291458	8291373	Deletion	85
3L	8291450	8291373	Deletion	77
3L	8291484	8291373	Deletion	111
3L	8291407	8291373	Deletion	34
3L	8291484	8291373	Deletion	111
3L	8291425	8291373	Deletion	52
3L	8305497	8305380	Deletion	117
3L	8305497	8305432	Deletion	65
3L	8305497	8305441	Deletion	56
3L	8309079	8308980	Deletion	99
3L	8309042	8308980	Deletion	62
3L	8309051	8308980	Deletion	71
3L	8309103	8308980	Deletion	123
3L	8311393	8311272	Deletion	121
3L	8311393	8311290	Deletion	103
3L	8311393	8311293	Deletion	100
3L	8311393	8311332	Deletion	61
3L	8311393	8311343	Deletion	50
3L	8311393	8311360	Deletion	33
3L	8321924	8321802	Deletion	122
3L	8321879	8321802	Deletion	77
3L	8321896	8321802	Deletion	94
3L	8321868	8321802	Deletion	66
3L	8321915	8321802	Deletion	113
3L	8324238	8324119	Deletion	119
3L	8324238	8324121	Deletion	117
3L	8324238	8324137	Deletion	101
3L	8324238	8324191	Deletion	47
3L	8324420	8324341	Deletion	79
3L	8324438	8324341	Deletion	97
3L	8332756	8332632	Deletion	124
3L	8332756	8332661	Deletion	95
3L	8332756	8332686	Deletion	70
3L	8332756	8332687	Deletion	69
3L	8333282	8333223	Deletion	59
3L	8333323	8333223	Deletion	100
3L	8333326	8333223	Deletion	103
3L	8333257	8333223	Deletion	34
3L	8333283	8333223	Deletion	60
3L	8344133	8344019	Deletion	114
3L	8352879	8352757	Deletion	122
3L	8354843	8354726	Deletion	117
3L	8354843	8354729	Deletion	114
3L	8354843	8354732	Deletion	111
3L	8359455	8359342	Deletion	113
3L	8366689	8366593	Deletion	96
3L	8366689	8366599	Deletion	90
3L	8366689	8366601	Deletion	88
3L	8366689	8366619	Deletion	70
3L	8366689	8366640	Deletion	49
3L	8366689	8366645	Deletion	44
3L	8371281	8371199	Deletion	82
3L	8371229	8371199	Deletion	30
3L	8371235	8371199	Deletion	36
3L	8371237	8371199	Deletion	38
3L	8371276	8371199	Deletion	77
3L	8371255	8371199	Deletion	56
3L	8382063	8382004	Deletion	59
3L	8400533	8400436	Deletion	97
3L	8400534	8400436	Deletion	98
3L	8400503	8400436	Deletion	67
3L	8410080	8410003	Deletion	77
3L	8410080	8410034	Deletion	46
3L	8411571	8411522	Deletion	49
3L	8411602	8411522	Deletion	80
3L	8411631	8411522	Deletion	109
3L	8428067	8427979	Deletion	88
3L	8428067	8428009	Deletion	58
3L	8428067	8428025	Deletion	42
3L	8428067	8428031	Deletion	36
3L	8431987	8431919	Deletion	68
3L	8431957	8431919	Deletion	38
3L	8432026	8431919	Deletion	107
3L	8432003	8431919	Deletion	84
3L	8432009	8431919	Deletion	90
3L	8432022	8431919	Deletion	103
3L	8435996	8435874	Deletion	122
3L	8435996	8435896	Deletion	100
3L	8435996	8435899	Deletion	97
3L	8435996	8435916	Deletion	80
3L	8435996	8435923	Deletion	73
3L	8435996	8435957	Deletion	39
3L	8436247	8436216	Deletion	31
3L	8436333	8436216	Deletion	117
3L	8436271	8436216	Deletion	55
3L	8436329	8436216	Deletion	113
3L	8436329	8436216	Deletion	113
3L	8436305	8436216	Deletion	89
3L	8436264	8436216	Deletion	48
3L	8436299	8436220	Deletion	79
3L	8440892	8440809	Deletion	83
3L	8440892	8440847	Deletion	45
3L	8440892	8440861	Deletion	31
3L	8447441	8447328	Deletion	113
3L	8447424	8447328	Deletion	96
3L	8447431	8447328	Deletion	103
3L	8447410	8447328	Deletion	82
3L	8447372	8447328	Deletion	44
3L	8447447	8447328	Deletion	119
3L	8453827	8453730	Deletion	97
3L	8453827	8453771	Deletion	56
3L	8453827	8453793	Deletion	34
3L	8486911	8486826	Deletion	85
3L	8487717	8487668	Deletion	49
3L	8489399	8489305	Deletion	94
3L	8490098	8490061	Deletion	37
3L	8497387	8497286	Deletion	101
3L	8497377	8497286	Deletion	91
3L	8497366	8497286	Deletion	80
3L	8497369	8497286	Deletion	83
3L	8497366	8497286	Deletion	80
3L	8497344	8497286	Deletion	58
3L	8501579	8501530	Deletion	49
3L	8502705	8502595	Deletion	110
3L	8502815	8502740	Deletion	75
3L	8503104	8503042	Deletion	62
3L	8503542	8503510	Deletion	32
3L	8504598	8504492	Deletion	106
3L	8505411	8505293	Deletion	118
3L	8505411	8505305	Deletion	106
3L	8505971	8505852	Deletion	119
3L	8505925	8505852	Deletion	73
3L	8505951	8505852	Deletion	99
3L	8505957	8505852	Deletion	105
3L	8505912	8505852	Deletion	60
3L	8505967	8505852	Deletion	115
3L	8505947	8505852	Deletion	95
3L	8505942	8505852	Deletion	90
3L	8506785	8506663	Deletion	122
3L	8536092	8535971	Deletion	121
3L	8536092	8535982	Deletion	110
3L	8536092	8535985	Deletion	107
3L	8536092	8535994	Deletion	98
3L	8536092	8535997	Deletion	95
3L	8536092	8536014	Deletion	78
3L	8536092	8536032	Deletion	60
3L	8537790	8537742	Deletion	48
3L	8537845	8537742	Deletion	103
3L	8537773	8537742	Deletion	31
3L	8537808	8537742	Deletion	66
3L	8538314	8538207	Deletion	107
3L	8538314	8538229	Deletion	85
3L	8538314	8538232	Deletion	82
3L	8538314	8538234	Deletion	80
3L	8538314	8538240	Deletion	74
3L	8538314	8538258	Deletion	56
3L	8538314	8538261	Deletion	53
3L	8539754	8539708	Deletion	46
3L	8539749	8539708	Deletion	41
3L	8539778	8539708	Deletion	70
3L	8539781	8539708	Deletion	73
3L	8539752	8539708	Deletion	44
3L	8539760	8539708	Deletion	52
3L	8553312	8553191	Deletion	121
3L	8558571	8558452	Deletion	119
3L	8558571	8558455	Deletion	116
3L	8558571	8558465	Deletion	106
3L	8558571	8558473	Deletion	98
3L	8558571	8558501	Deletion	70
3L	8558571	8558530	Deletion	41
3L	8558571	8558531	Deletion	40
3L	8581202	8581146	Deletion	56
3L	8581231	8581146	Deletion	85
3L	8581232	8581146	Deletion	86
3L	8583958	8583865	Deletion	93
3L	8583958	8583916	Deletion	42
3L	8583958	8583926	Deletion	32
3L	8583958	8583926	Deletion	32
3L	8584431	8584398	Deletion	33
3L	8584492	8584398	Deletion	94
3L	8584517	8584398	Deletion	119
3L	8584492	8584398	Deletion	94
3L	8584521	8584398	Deletion	123
3L	8584482	8584398	Deletion	84
3L	8604231	8604118	Deletion	113
3L	8604231	8604145	Deletion	86
3L	8604231	8604158	Deletion	73
3L	8604231	8604179	Deletion	52
3L	8605089	8604978	Deletion	111
3L	8605053	8604978	Deletion	75
3L	8605019	8604978	Deletion	41
3L	8605032	8604978	Deletion	54
3L	8611480	8611364	Deletion	116
3L	8611480	8611405	Deletion	75
3L	8611480	8611439	Deletion	41
3L	8622990	8622882	Deletion	108
3L	8622933	8622882	Deletion	51
3L	8622983	8622882	Deletion	101
3L	8622967	8622882	Deletion	85
3L	8631434	8631344	Deletion	90
3L	8631434	8631386	Deletion	48
3L	8637629	8637593	Deletion	36
3L	8637704	8637593	Deletion	111
3L	8637698	8637593	Deletion	105
3L	8637671	8637593	Deletion	78
3L	8640513	8640406	Deletion	107
3L	8640513	8640407	Deletion	106
3L	8640513	8640446	Deletion	67
3L	8645382	8645322	Deletion	60
3L	8645436	8645322	Deletion	114
3L	8663367	8663245	Deletion	122
3L	8663367	8663267	Deletion	100
3L	8663367	8663267	Deletion	100
3L	8663367	8663278	Deletion	89
3L	8663367	8663329	Deletion	38
3L	8663533	8663421	Deletion	112
3L	8663458	8663421	Deletion	37
3L	8663509	8663421	Deletion	88
3L	8663525	8663421	Deletion	104
3L	8663536	8663421	Deletion	115
3L	8666737	8666624	Deletion	113
3L	8666737	8666639	Deletion	98
3L	8666737	8666660	Deletion	77
3L	8667590	8667469	Deletion	121
3L	8667585	8667469	Deletion	116
3L	8667499	8667469	Deletion	30
3L	8667520	8667469	Deletion	51
3L	8681053	8680930	Deletion	123
3L	8687393	8687269	Deletion	124
3L	8687393	8687290	Deletion	103
3L	8687393	8687311	Deletion	82
3L	8687393	8687330	Deletion	63
3L	8687393	8687344	Deletion	49
3L	8691567	8691503	Deletion	64
3L	8691581	8691503	Deletion	78
3L	8691548	8691503	Deletion	45
3L	8691606	8691503	Deletion	103
3L	8701161	8701061	Deletion	100
3L	8701161	8701071	Deletion	90
3L	8701161	8701103	Deletion	58
3L	8701161	8701114	Deletion	47
3L	8701161	8701117	Deletion	44
3L	8701161	8701131	Deletion	30
3L	8714347	8714262	Deletion	85
3L	8714361	8714262	Deletion	99
3L	8714333	8714262	Deletion	71
3L	8714301	8714262	Deletion	39
3L	8714344	8714262	Deletion	82
3L	8714371	8714262	Deletion	109
3L	8714544	8714424	Deletion	120
3L	8714544	8714433	Deletion	111
3L	8714544	8714468	Deletion	76
3L	8714544	8714479	Deletion	65
3L	8714544	8714503	Deletion	41
3L	8720809	8720700	Deletion	109
3L	8720786	8720700	Deletion	86
3L	8720751	8720700	Deletion	51
3L	8720762	8720700	Deletion	62
3L	8721374	8721271	Deletion	103
3L	8721374	8721278	Deletion	96
3L	8721374	8721289	Deletion	85
3L	8721374	8721294	Deletion	80
3L	8721374	8721309	Deletion	65
3L	8721374	8721334	Deletion	40
3L	8721583	8721553	Deletion	30
3L	8721614	8721553	Deletion	61
3L	8721599	8721553	Deletion	46
3L	8721639	8721553	Deletion	86
3L	8721594	8721553	Deletion	41
3L	8721661	8721553	Deletion	108
3L	8728262	8728142	Deletion	120
3L	8730517	8730395	Deletion	122
3L	8739277	8739192	Deletion	85
3L	8739277	8739216	Deletion	61
3L	8739277	8739226	Deletion	51
3L	8739277	8739242	Deletion	35
3L	8739277	8739242	Deletion	35
3L	8747007	8746942	Deletion	65
3L	8746983	8746942	Deletion	41
3L	8747033	8746942	Deletion	91
3L	8747033	8746942	Deletion	91
3L	8747017	8746942	Deletion	75
3L	8775506	8775383	Deletion	123
3L	8775506	8775386	Deletion	120
3L	8775506	8775449	Deletion	57
3L	8775506	8775461	Deletion	45
3L	8775798	8775686	Deletion	112
3L	8775767	8775686	Deletion	81
3L	8775755	8775686	Deletion	69
3L	8782526	8782434	Deletion	92
3L	8782526	8782449	Deletion	77
3L	8782526	8782482	Deletion	44
3L	8787192	8787072	Deletion	120
3L	8787124	8787072	Deletion	52
3L	8787157	8787072	Deletion	85
3L	8787109	8787072	Deletion	37
3L	8787189	8787072	Deletion	117
3L	8787173	8787072	Deletion	101
3L	8789235	8789113	Deletion	122
3L	8792285	8792235	Deletion	50
3L	8793791	8793723	Deletion	68
3L	8795140	8795059	Deletion	81
3L	8795555	8795452	Deletion	103
3L	8795868	8795792	Deletion	76
3L	8795868	8795825	Deletion	43
3L	8796051	8795928	Deletion	123
3L	8803082	8802963	Deletion	119
3L	8803082	8802971	Deletion	111
3L	8803082	8802978	Deletion	104
3L	8803082	8802981	Deletion	101
3L	8803082	8802990	Deletion	92
3L	8803082	8802997	Deletion	85
3L	8803082	8803008	Deletion	74
3L	8803082	8803036	Deletion	46
3L	8803082	8803040	Deletion	42
3L	8803082	8803048	Deletion	34
3L	8805254	8805212	Deletion	42
3L	8805297	8805212	Deletion	85
3L	8805293	8805212	Deletion	81
3L	8805324	8805212	Deletion	112
3L	8805314	8805212	Deletion	102
3L	8805305	8805212	Deletion	93
3L	8805247	8805212	Deletion	35
3L	8805265	8805212	Deletion	53
3L	8812703	8812589	Deletion	114
3L	8812703	8812602	Deletion	101
3L	8812703	8812606	Deletion	97
3L	8812703	8812613	Deletion	90
3L	8812703	8812632	Deletion	71
3L	8812703	8812639	Deletion	64
3L	8812703	8812647	Deletion	56
3L	8817880	8817844	Deletion	36
3L	8817914	8817844	Deletion	70
3L	8817967	8817844	Deletion	123
3L	8817899	8817844	Deletion	55
3L	8817957	8817844	Deletion	113
3L	8817906	8817844	Deletion	62
3L	8817965	8817844	Deletion	121
3L	8828626	8828523	Deletion	103
3L	8828626	8828571	Deletion	55
3L	8828626	8828584	Deletion	42
3L	8834401	8834296	Deletion	105
3L	8834380	8834296	Deletion	84
3L	8834367	8834296	Deletion	71
3L	8839362	8839240	Deletion	122
3L	8842215	8842093	Deletion	122
3L	8842215	8842111	Deletion	104
3L	8842215	8842145	Deletion	70
3L	8842215	8842158	Deletion	57
3L	8842407	8842337	Deletion	70
3L	8842394	8842337	Deletion	57
3L	8843756	8843638	Deletion	118
3L	8843756	8843658	Deletion	98
3L	8843756	8843665	Deletion	91
3L	8843756	8843674	Deletion	82
3L	8843756	8843706	Deletion	50
3L	8843866	8843821	Deletion	45
3L	8843857	8843821	Deletion	36
3L	8843898	8843821	Deletion	77
3L	8845586	8845471	Deletion	115
3L	8845586	8845479	Deletion	107
3L	8845586	8845537	Deletion	49
3L	8847489	8847412	Deletion	77
3L	8853277	8853182	Deletion	95
3L	8853277	8853192	Deletion	85
3L	8853277	8853209	Deletion	68
3L	8853277	8853225	Deletion	52
3L	8853277	8853236	Deletion	41
3L	8853277	8853239	Deletion	38
3L	8854388	8854346	Deletion	42
3L	8854455	8854346	Deletion	109
3L	8854434	8854346	Deletion	88
3L	8854377	8854346	Deletion	31
3L	8854431	8854346	Deletion	85
3L	8854420	8854346	Deletion	74
3L	8854460	8854346	Deletion	114
3L	8854404	8854346	Deletion	58
3L	8861201	8861102	Deletion	99
3L	8861201	8861141	Deletion	60
3L	8861201	8861165	Deletion	36
3L	8873299	8873185	Deletion	114
3L	8873276	8873185	Deletion	91
3L	8873252	8873185	Deletion	67
3L	8873771	8873663	Deletion	108
3L	8873771	8873674	Deletion	97
3L	8873771	8873703	Deletion	68
3L	8873771	8873726	Deletion	45
3L	8873771	8873733	Deletion	38
3L	8873938	8873908	Deletion	30
3L	8874014	8873908	Deletion	106
3L	8873997	8873908	Deletion	89
3L	8874011	8873908	Deletion	103
3L	8873967	8873908	Deletion	59
3L	8873990	8873908	Deletion	82
3L	8876039	8875930	Deletion	109
3L	8876039	8875949	Deletion	90
3L	8876039	8875958	Deletion	81
3L	8876039	8875975	Deletion	64
3L	8876039	8875993	Deletion	46
3L	8881804	8881742	Deletion	62
3L	8881787	8881742	Deletion	45
3L	8881851	8881742	Deletion	109
3L	8881841	8881742	Deletion	99
3L	8881857	8881742	Deletion	115
3L	8881778	8881742	Deletion	36
3L	8881853	8881742	Deletion	111
3L	8881863	8881742	Deletion	121
3L	8881855	8881742	Deletion	113
3L	8881822	8881742	Deletion	80
3L	8888556	8888442	Deletion	114
3L	8888556	8888446	Deletion	110
3L	8888556	8888467	Deletion	89
3L	8888556	8888472	Deletion	84
3L	8888556	8888480	Deletion	76
3L	8888556	8888481	Deletion	75
3L	8888556	8888484	Deletion	72
3L	8888556	8888486	Deletion	70
3L	8888556	8888487	Deletion	69
3L	8888556	8888515	Deletion	41
3L	8889369	8889327	Deletion	42
3L	8889384	8889327	Deletion	57
3L	8889412	8889327	Deletion	85
3L	8889378	8889327	Deletion	51
3L	8889443	8889327	Deletion	116
3L	8889377	8889327	Deletion	50
3L	8889420	8889327	Deletion	93
3L	8889364	8889327	Deletion	37
3L	8889381	8889327	Deletion	54
3L	8889383	8889327	Deletion	56
3L	8894006	8893885	Deletion	121
3L	8895607	8895513	Deletion	94
3L	8895607	8895534	Deletion	73
3L	8895607	8895538	Deletion	69
3L	8895607	8895545	Deletion	62
3L	8895607	8895551	Deletion	56
3L	8895607	8895561	Deletion	46
3L	8895607	8895564	Deletion	43
3L	8895746	8895665	Deletion	81
3L	8895723	8895665	Deletion	58
3L	8895719	8895665	Deletion	54
3L	8895736	8895665	Deletion	71
3L	8895698	8895665	Deletion	33
3L	8895730	8895665	Deletion	65
3L	8895749	8895665	Deletion	84
3L	8904661	8904539	Deletion	122
3L	8907842	8907720	Deletion	122
3L	8919136	8919016	Deletion	120
3L	8919136	8919039	Deletion	97
3L	8919136	8919048	Deletion	88
3L	8919136	8919089	Deletion	47
3L	8919136	8919090	Deletion	46
3L	8919136	8919104	Deletion	32
3L	8921085	8921006	Deletion	79
3L	8921044	8921006	Deletion	38
3L	8921086	8921006	Deletion	80
3L	8921100	8921006	Deletion	94
3L	8921749	8921635	Deletion	114
3L	8921749	8921638	Deletion	111
3L	8921749	8921646	Deletion	103
3L	8921749	8921667	Deletion	82
3L	8921749	8921669	Deletion	80
3L	8921749	8921674	Deletion	75
3L	8921749	8921676	Deletion	73
3L	8921749	8921704	Deletion	45
3L	8921749	8921707	Deletion	42
3L	8922002	8921915	Deletion	87
3L	8921970	8921915	Deletion	55
3L	8921968	8921915	Deletion	53
3L	8921998	8921915	Deletion	83
3L	8921961	8921915	Deletion	46
3L	8921963	8921915	Deletion	48
3L	8925952	8925841	Deletion	111
3L	8925952	8925843	Deletion	109
3L	8925952	8925844	Deletion	108
3L	8925952	8925846	Deletion	106
3L	8925952	8925884	Deletion	68
3L	8925952	8925885	Deletion	67
3L	8925952	8925912	Deletion	40
3L	8925952	8925919	Deletion	33
3L	8926704	8926618	Deletion	86
3L	8926676	8926618	Deletion	58
3L	8926711	8926618	Deletion	93
3L	8926725	8926618	Deletion	107
3L	8926678	8926618	Deletion	60
3L	8930705	8930660	Deletion	45
3L	8934541	8934458	Deletion	83
3L	8934579	8934458	Deletion	121
3L	8944293	8944169	Deletion	124
3L	8951445	8951346	Deletion	99
3L	8951445	8951348	Deletion	97
3L	8951445	8951350	Deletion	95
3L	8951445	8951375	Deletion	70
3L	8951445	8951377	Deletion	68
3L	8951445	8951389	Deletion	56
3L	8951445	8951407	Deletion	38
3L	8951800	8951728	Deletion	72
3L	8951818	8951728	Deletion	90
3L	8951759	8951728	Deletion	31
3L	8951786	8951728	Deletion	58
3L	8951833	8951728	Deletion	105
3L	8951788	8951728	Deletion	60
3L	8951761	8951728	Deletion	33
3L	8953783	8953669	Deletion	114
3L	8953783	8953673	Deletion	110
3L	8953783	8953677	Deletion	106
3L	8953783	8953679	Deletion	104
3L	8953783	8953682	Deletion	101
3L	8953783	8953697	Deletion	86
3L	8953783	8953714	Deletion	69
3L	8953783	8953717	Deletion	66
3L	8953783	8953719	Deletion	64
3L	8953783	8953727	Deletion	56
3L	8953783	8953742	Deletion	41
3L	8955586	8955522	Deletion	64
3L	8955611	8955522	Deletion	89
3L	8955630	8955522	Deletion	108
3L	8955588	8955522	Deletion	66
3L	8955566	8955522	Deletion	44
3L	8955583	8955522	Deletion	61
3L	8955596	8955522	Deletion	74
3L	8959285	8959164	Deletion	121
3L	8963137	8963048	Deletion	89
3L	8963137	8963075	Deletion	62
3L	8963354	8963232	Deletion	122
3L	8963335	8963232	Deletion	103
3L	8963296	8963232	Deletion	64
3L	8963269	8963232	Deletion	37
3L	8963331	8963232	Deletion	99
3L	8978546	8978427	Deletion	119
3L	8978546	8978440	Deletion	106
3L	8978546	8978468	Deletion	78
3L	8979271	8979147	Deletion	124
3L	8979195	8979147	Deletion	48
3L	8984362	8984241	Deletion	121
3L	8984362	8984249	Deletion	113
3L	8984362	8984302	Deletion	60
3L	8984362	8984322	Deletion	40
3L	8984362	8984328	Deletion	34
3L	8988229	8988137	Deletion	92
3L	8988249	8988137	Deletion	112
3L	8988203	8988137	Deletion	66
3L	8988223	8988137	Deletion	86
3L	8993757	8993653	Deletion	104
3L	8993757	8993702	Deletion	55
3L	8993757	8993711	Deletion	46
3L	8993757	8993720	Deletion	37
3L	8994592	8994512	Deletion	80
3L	8994601	8994512	Deletion	89
3L	8994583	8994512	Deletion	71
3L	9000634	9000550	Deletion	84
3L	9000634	9000566	Deletion	68
3L	9000634	9000604	Deletion	30
3L	9006977	9006860	Deletion	117
3L	9006903	9006860	Deletion	43
3L	9006970	9006860	Deletion	110
3L	9006919	9006860	Deletion	59
3L	9006959	9006860	Deletion	99
3L	9006974	9006860	Deletion	114
3L	9006957	9006860	Deletion	97
3L	9006967	9006860	Deletion	107
3L	9011164	9011048	Deletion	116
3L	9011164	9011063	Deletion	101
3L	9011164	9011079	Deletion	85
3L	9011164	9011082	Deletion	82
3L	9011164	9011106	Deletion	58
3L	9011164	9011119	Deletion	45
3L	9013668	9013598	Deletion	70
3L	9013720	9013598	Deletion	122
3L	9013681	9013598	Deletion	83
3L	9013644	9013598	Deletion	46
3L	9013641	9013598	Deletion	43
3L	9021245	9021186	Deletion	59
3L	9026124	9026056	Deletion	68
3L	9026162	9026056	Deletion	106
3L	9028940	9028820	Deletion	120
3L	9028940	9028837	Deletion	103
3L	9028940	9028862	Deletion	78
3L	9028940	9028868	Deletion	72
3L	9028940	9028901	Deletion	39
3L	9028940	9028906	Deletion	34
3L	9030428	9030305	Deletion	123
3L	9030359	9030305	Deletion	54
3L	9030397	9030305	Deletion	92
3L	9030392	9030305	Deletion	87
3L	9030353	9030305	Deletion	48
3L	9039340	9039217	Deletion	123
3L	9050932	9050810	Deletion	122
3L	9050932	9050873	Deletion	59
3L	9050932	9050879	Deletion	53
3L	9050932	9050879	Deletion	53
3L	9050932	9050880	Deletion	52
3L	9050932	9050893	Deletion	39
3L	9050932	9050894	Deletion	38
3L	9052413	9052293	Deletion	120
3L	9052401	9052293	Deletion	108
3L	9052383	9052293	Deletion	90
3L	9052382	9052293	Deletion	89
3L	9052368	9052293	Deletion	75
3L	9052368	9052293	Deletion	75
3L	9052362	9052293	Deletion	69
3L	9052369	9052293	Deletion	76
3L	9066370	9066250	Deletion	120
3L	9066370	9066321	Deletion	49
3L	9066370	9066326	Deletion	44
3L	9071961	9071841	Deletion	120
3L	9071923	9071841	Deletion	82
3L	9071918	9071841	Deletion	77
3L	9071944	9071841	Deletion	103
3L	9071953	9071841	Deletion	112
3L	9078638	9078595	Deletion	43
3L	9079457	9079338	Deletion	119
3L	9083027	9082919	Deletion	108
3L	9095080	9094959	Deletion	121
3L	9106401	9106280	Deletion	121
3L	9106401	9106303	Deletion	98
3L	9106401	9106354	Deletion	47
3L	9106401	9106358	Deletion	43
3L	9106537	9106457	Deletion	80
3L	9106541	9106457	Deletion	84
3L	9112549	9112427	Deletion	122
3L	9113441	9113318	Deletion	123
3L	9113441	9113321	Deletion	120
3L	9113441	9113324	Deletion	117
3L	9113441	9113327	Deletion	114
3L	9113441	9113346	Deletion	95
3L	9113441	9113354	Deletion	87
3L	9113441	9113376	Deletion	65
3L	9113441	9113389	Deletion	52
3L	9113441	9113397	Deletion	44
3L	9113441	9113401	Deletion	40
3L	9116513	9116416	Deletion	97
3L	9116537	9116416	Deletion	121
3L	9116498	9116416	Deletion	82
3L	9116502	9116416	Deletion	86
3L	9116490	9116416	Deletion	74
3L	9116447	9116416	Deletion	31
3L	9116455	9116416	Deletion	39
3L	9116477	9116416	Deletion	61
3L	9116978	9116875	Deletion	103
3L	9116978	9116931	Deletion	47
3L	9116978	9116940	Deletion	38
3L	9118028	9117947	Deletion	81
3L	9118037	9117947	Deletion	90
3L	9118053	9117947	Deletion	106
3L	9139747	9139624	Deletion	123
3L	9146635	9146538	Deletion	97
3L	9146635	9146541	Deletion	94
3L	9146635	9146601	Deletion	34
3L	9147516	9147483	Deletion	33
3L	9147576	9147483	Deletion	93
3L	9147592	9147483	Deletion	109
3L	9147513	9147483	Deletion	30
3L	9147904	9147793	Deletion	111
3L	9147904	9147848	Deletion	56
3L	9148047	9147974	Deletion	73
3L	9165328	9165226	Deletion	102
3L	9183660	9183536	Deletion	124
3L	9193895	9193779	Deletion	116
3L	9193895	9193791	Deletion	104
3L	9193895	9193805	Deletion	90
3L	9193895	9193818	Deletion	77
3L	9193895	9193826	Deletion	69
3L	9193895	9193859	Deletion	36
3L	9195196	9195089	Deletion	107
3L	9195206	9195089	Deletion	117
3L	9195125	9195089	Deletion	36
3L	9195138	9195089	Deletion	49
3L	9195146	9195089	Deletion	57
3L	9195179	9195089	Deletion	90
3L	9196386	9196273	Deletion	113
3L	9196386	9196275	Deletion	111
3L	9196386	9196280	Deletion	106
3L	9196386	9196287	Deletion	99
3L	9196386	9196290	Deletion	96
3L	9196386	9196300	Deletion	86
3L	9196386	9196310	Deletion	76
3L	9196386	9196326	Deletion	60
3L	9196386	9196333	Deletion	53
3L	9196386	9196336	Deletion	50
3L	9196386	9196337	Deletion	49
3L	9196386	9196344	Deletion	42
3L	9196386	9196347	Deletion	39
3L	9196386	9196354	Deletion	32
3L	9199792	9199715	Deletion	77
3L	9199803	9199715	Deletion	88
3L	9199782	9199715	Deletion	67
3L	9199810	9199715	Deletion	95
3L	9199800	9199715	Deletion	85
3L	9199746	9199715	Deletion	31
3L	9199814	9199715	Deletion	99
3L	9199756	9199715	Deletion	41
3L	9199766	9199715	Deletion	51
3L	9199789	9199715	Deletion	74
3L	9199793	9199715	Deletion	78
3L	9212027	9211904	Deletion	123
3L	9212027	9211930	Deletion	97
3L	9212027	9211950	Deletion	77
3L	9212027	9211965	Deletion	62
3L	9212027	9211972	Deletion	55
3L	9212027	9211975	Deletion	52
3L	9212027	9211988	Deletion	39
3L	9212027	9211990	Deletion	37
3L	9212027	9211993	Deletion	34
3L	9214147	9214060	Deletion	87
3L	9214182	9214060	Deletion	122
3L	9214131	9214060	Deletion	71
3L	9214152	9214060	Deletion	92
3L	9214134	9214060	Deletion	74
3L	9214149	9214060	Deletion	89
3L	9214124	9214060	Deletion	64
3L	9214109	9214060	Deletion	49
3L	9219047	9218926	Deletion	121
3L	9219138	9219016	Deletion	122
3L	9219471	9219350	Deletion	121
3L	9219768	9219646	Deletion	122
3L	9220742	9220621	Deletion	121
3L	9235686	9235583	Deletion	103
3L	9235686	9235585	Deletion	101
3L	9235686	9235587	Deletion	99
3L	9235686	9235593	Deletion	93
3L	9235686	9235596	Deletion	90
3L	9235686	9235606	Deletion	80
3L	9235686	9235639	Deletion	47
3L	9237893	9237860	Deletion	33
3L	9237906	9237860	Deletion	46
3L	9237957	9237860	Deletion	97
3L	9237896	9237860	Deletion	36
3L	9237939	9237860	Deletion	79
3L	9254075	9253978	Deletion	97
3L	9254075	9253981	Deletion	94
3L	9254075	9253986	Deletion	89
3L	9254075	9253992	Deletion	83
3L	9254075	9254013	Deletion	62
3L	9254075	9254035	Deletion	40
3L	9255219	9255180	Deletion	39
3L	9255211	9255180	Deletion	31
3L	9255246	9255180	Deletion	66
3L	9255214	9255180	Deletion	34
3L	9255268	9255180	Deletion	88
3L	9255225	9255183	Deletion	42
3L	9260363	9260246	Deletion	117
3L	9260363	9260290	Deletion	73
3L	9261942	9261828	Deletion	114
3L	9261949	9261828	Deletion	121
3L	9261932	9261828	Deletion	104
3L	9261882	9261828	Deletion	54
3L	9273389	9273354	Deletion	35
3L	9276503	9276427	Deletion	76
3L	9291361	9291245	Deletion	116
3L	9292272	9292162	Deletion	110
3L	9297155	9297031	Deletion	124
3L	9297155	9297069	Deletion	86
3L	9297155	9297122	Deletion	33
3L	9301347	9301307	Deletion	40
3L	9301400	9301307	Deletion	93
3L	9301414	9301307	Deletion	107
3L	9315875	9315795	Deletion	80
3L	9319736	9319690	Deletion	46
3L	9320254	9320144	Deletion	110
3L	9320263	9320144	Deletion	119
3L	9328168	9328055	Deletion	113
3L	9328168	9328058	Deletion	110
3L	9328168	9328120	Deletion	48
3L	9328168	9328122	Deletion	46
3L	9328168	9328124	Deletion	44
3L	9328334	9328251	Deletion	83
3L	9328330	9328251	Deletion	79
3L	9328332	9328251	Deletion	81
3L	9334324	9334207	Deletion	117
3L	9334324	9334232	Deletion	92
3L	9334324	9334244	Deletion	80
3L	9334324	9334253	Deletion	71
3L	9334324	9334266	Deletion	58
3L	9334324	9334267	Deletion	57
3L	9334324	9334292	Deletion	32
3L	9334457	9334388	Deletion	69
3L	9334422	9334388	Deletion	34
3L	9334443	9334388	Deletion	55
3L	9334434	9334388	Deletion	46
3L	9334456	9334388	Deletion	68
3L	9334482	9334388	Deletion	94
3L	9345127	9345004	Deletion	123
3L	9356545	9356436	Deletion	109
3L	9356545	9356439	Deletion	106
3L	9356545	9356445	Deletion	100
3L	9356545	9356466	Deletion	79
3L	9356545	9356495	Deletion	50
3L	9356545	9356495	Deletion	50
3L	9356545	9356514	Deletion	31
3L	9357426	9357329	Deletion	97
3L	9357444	9357329	Deletion	115
3L	9357407	9357329	Deletion	78
3L	9357407	9357329	Deletion	78
3L	9357378	9357329	Deletion	49
3L	9364487	9364368	Deletion	119
3L	9364487	9364370	Deletion	117
3L	9364487	9364375	Deletion	112
3L	9364487	9364422	Deletion	65
3L	9364487	9364454	Deletion	33
3L	9384649	9384555	Deletion	94
3L	9384672	9384555	Deletion	117
3L	9384617	9384555	Deletion	62
3L	9394103	9394067	Deletion	36
3L	9394131	9394095	Deletion	36
3L	9394757	9394709	Deletion	48
3L	9394988	9394920	Deletion	68
3L	9406875	9406781	Deletion	94
3L	9406876	9406817	Deletion	59
3L	9406876	9406819	Deletion	57
3L	9406876	9406828	Deletion	48
3L	9411067	9410965	Deletion	102
3L	9411032	9410965	Deletion	67
3L	9411034	9410965	Deletion	69
3L	9410996	9410965	Deletion	31
3L	9411043	9410965	Deletion	78
3L	9411200	9411087	Deletion	113
3L	9411200	9411092	Deletion	108
3L	9411200	9411103	Deletion	97
3L	9411200	9411114	Deletion	86
3L	9411200	9411119	Deletion	81
3L	9411200	9411149	Deletion	51
3L	9411200	9411153	Deletion	47
3L	9411200	9411154	Deletion	46
3L	9411200	9411164	Deletion	36
3L	9411200	9411166	Deletion	34
3L	9411559	9411467	Deletion	92
3L	9411557	9411467	Deletion	90
3L	9411578	9411467	Deletion	111
3L	9411546	9411467	Deletion	79
3L	9411512	9411467	Deletion	45
3L	9411542	9411467	Deletion	75
3L	9411568	9411467	Deletion	101
3L	9411507	9411467	Deletion	40
3L	9411547	9411467	Deletion	80
3L	9411578	9411467	Deletion	111
3L	9423870	9423745	Deletion	125
3L	9425730	9425655	Deletion	75
3L	9425730	9425683	Deletion	47
3L	9432909	9432857	Deletion	52
3L	9432937	9432857	Deletion	80
3L	9437325	9437208	Deletion	117
3L	9438514	9438408	Deletion	106
3L	9438514	9438410	Deletion	104
3L	9438514	9438411	Deletion	103
3L	9438514	9438444	Deletion	70
3L	9438514	9438480	Deletion	34
3L	9444745	9444678	Deletion	67
3L	9450092	9449998	Deletion	94
3L	9450121	9449998	Deletion	123
3L	9450056	9449998	Deletion	58
3L	9452460	9452359	Deletion	101
3L	9452460	9452384	Deletion	76
3L	9456255	9456225	Deletion	30
3L	9456335	9456225	Deletion	110
3L	9456280	9456225	Deletion	55
3L	9456342	9456225	Deletion	117
3L	9466519	9466408	Deletion	111
3L	9466519	9466409	Deletion	110
3L	9466519	9466435	Deletion	84
3L	9466519	9466448	Deletion	71
3L	9466519	9466450	Deletion	69
3L	9466519	9466452	Deletion	67
3L	9468982	9468940	Deletion	42
3L	9468995	9468940	Deletion	55
3L	9468999	9468940	Deletion	59
3L	9468997	9468940	Deletion	57
3L	9470405	9470294	Deletion	111
3L	9470405	9470296	Deletion	109
3L	9470405	9470337	Deletion	68
3L	9470403	9470348	Deletion	55
3L	9470405	9470354	Deletion	51
3L	9470405	9470368	Deletion	37
3L	9470405	9470374	Deletion	31
3L	9472269	9472198	Deletion	71
3L	9472275	9472199	Deletion	76
3L	9472258	9472199	Deletion	59
3L	9472289	9472199	Deletion	90
3L	9472314	9472199	Deletion	115
3L	9472295	9472199	Deletion	96
3L	9478423	9478302	Deletion	121
3L	9485058	9484949	Deletion	109
3L	9485058	9484961	Deletion	97
3L	9485058	9485011	Deletion	47
3L	9486089	9486059	Deletion	30
3L	9486139	9486059	Deletion	80
3L	9486168	9486059	Deletion	109
3L	9498852	9498730	Deletion	122
3L	9504813	9504715	Deletion	98
3L	9504813	9504736	Deletion	77
3L	9504813	9504739	Deletion	74
3L	9504813	9504758	Deletion	55
3L	9504813	9504760	Deletion	53
3L	9505000	9504894	Deletion	106
3L	9504965	9504894	Deletion	71
3L	9504943	9504894	Deletion	49
3L	9504946	9504894	Deletion	52
3L	9504967	9504894	Deletion	73
3L	9508047	9507926	Deletion	121
3L	9508047	9507931	Deletion	116
3L	9508047	9507934	Deletion	113
3L	9508047	9507937	Deletion	110
3L	9508047	9507942	Deletion	105
3L	9508047	9507944	Deletion	103
3L	9508047	9507945	Deletion	102
3L	9508047	9507966	Deletion	81
3L	9508047	9507967	Deletion	80
3L	9508045	9507998	Deletion	47
3L	9531292	9531214	Deletion	78
3L	9531320	9531214	Deletion	106
3L	9531260	9531214	Deletion	46
3L	9531261	9531214	Deletion	47
3L	9559557	9559468	Deletion	89
3L	9559557	9559476	Deletion	81
3L	9559557	9559489	Deletion	68
3L	9559557	9559522	Deletion	35
3L	9583164	9583042	Deletion	122
3L	9583164	9583057	Deletion	107
3L	9583164	9583058	Deletion	106
3L	9583164	9583063	Deletion	101
3L	9583164	9583067	Deletion	97
3L	9583164	9583070	Deletion	94
3L	9583164	9583093	Deletion	71
3L	9583164	9583108	Deletion	56
3L	9583164	9583114	Deletion	50
3L	9583164	9583115	Deletion	49
3L	9583427	9583306	Deletion	121
3L	9583376	9583306	Deletion	70
3L	9583382	9583306	Deletion	76
3L	9583383	9583306	Deletion	77
3L	9583361	9583306	Deletion	55
3L	9583338	9583306	Deletion	32
3L	9583981	9583904	Deletion	77
3L	9583981	9583916	Deletion	65
3L	9583981	9583921	Deletion	60
3L	9583981	9583929	Deletion	52
3L	9645767	9645693	Deletion	74
3L	9645810	9645693	Deletion	117
3L	9645759	9645693	Deletion	66
3L	9645742	9645693	Deletion	49
3L	9645805	9645693	Deletion	112
3L	9645754	9645693	Deletion	61
3L	9662190	9662084	Deletion	106
3L	9662190	9662084	Deletion	106
3L	9662190	9662088	Deletion	102
3L	9662190	9662107	Deletion	83
3L	9662190	9662130	Deletion	60
3L	9662190	9662135	Deletion	55
3L	9662190	9662136	Deletion	54
3L	9662190	9662152	Deletion	38
3L	9663214	9663142	Deletion	72
3L	9663186	9663142	Deletion	44
3L	9663244	9663142	Deletion	102
3L	9663215	9663142	Deletion	73
3L	9663231	9663142	Deletion	89
3L	9663209	9663142	Deletion	67
3L	9669871	9669758	Deletion	113
3L	9690818	9690710	Deletion	108
3L	9690818	9690718	Deletion	100
3L	9690818	9690720	Deletion	98
3L	9690818	9690745	Deletion	73
3L	9690818	9690753	Deletion	65
3L	9690818	9690758	Deletion	60
3L	9691532	9691466	Deletion	66
3L	9691565	9691466	Deletion	99
3L	9691519	9691466	Deletion	53
3L	9691527	9691466	Deletion	61
3L	9698538	9698423	Deletion	115
3L	9698538	9698440	Deletion	98
3L	9698538	9698442	Deletion	96
3L	9698538	9698446	Deletion	92
3L	9698538	9698467	Deletion	71
3L	9698538	9698467	Deletion	71
3L	9698538	9698478	Deletion	60
3L	9698538	9698484	Deletion	54
3L	9698538	9698491	Deletion	47
3L	9698741	9698674	Deletion	67
3L	9698754	9698674	Deletion	80
3L	9698709	9698674	Deletion	35
3L	9698730	9698674	Deletion	56
3L	9698747	9698674	Deletion	73
3L	9698705	9698674	Deletion	31
3L	9698730	9698674	Deletion	56
3L	9698789	9698676	Deletion	113
3L	9700517	9700419	Deletion	98
3L	9702734	9702610	Deletion	124
3L	9702708	9702610	Deletion	98
3L	9709781	9709717	Deletion	64
3L	9709781	9709745	Deletion	36
3L	9716111	9716000	Deletion	111
3L	9716062	9716000	Deletion	62
3L	9716102	9716000	Deletion	102
3L	9716090	9716000	Deletion	90
3L	9724539	9724444	Deletion	95
3L	9724539	9724448	Deletion	91
3L	9724539	9724508	Deletion	31
3L	9727935	9727836	Deletion	99
3L	9727875	9727836	Deletion	39
3L	9727871	9727836	Deletion	35
3L	9733400	9733300	Deletion	100
3L	9733400	9733303	Deletion	97
3L	9733400	9733312	Deletion	88
3L	9733400	9733314	Deletion	86
3L	9733400	9733360	Deletion	40
3L	9733502	9733462	Deletion	40
3L	9733573	9733462	Deletion	111
3L	9733500	9733462	Deletion	38
3L	9733548	9733462	Deletion	86
3L	9733559	9733462	Deletion	97
3L	9733567	9733462	Deletion	105
3L	9745507	9745389	Deletion	118
3L	9745507	9745439	Deletion	68
3L	9745507	9745461	Deletion	46
3L	9745507	9745471	Deletion	36
3L	9749258	9749200	Deletion	58
3L	9749290	9749200	Deletion	90
3L	9749280	9749200	Deletion	80
3L	9749314	9749200	Deletion	114
3L	9749305	9749200	Deletion	105
3L	9769267	9769144	Deletion	123
3L	9777911	9777797	Deletion	114
3L	9777911	9777816	Deletion	95
3L	9777911	9777828	Deletion	83
3L	9777911	9777836	Deletion	75
3L	9777911	9777840	Deletion	71
3L	9777911	9777844	Deletion	67
3L	9777911	9777851	Deletion	60
3L	9777910	9777857	Deletion	53
3L	9777911	9777857	Deletion	54
3L	9777911	9777871	Deletion	40
3L	9781641	9781568	Deletion	73
3L	9781674	9781569	Deletion	105
3L	9781624	9781569	Deletion	55
3L	9781655	9781569	Deletion	86
3L	9781620	9781569	Deletion	51
3L	9781600	9781569	Deletion	31
3L	9781635	9781569	Deletion	66
3L	9781641	9781569	Deletion	72
3L	9781628	9781569	Deletion	59
3L	9781612	9781569	Deletion	43
3L	9783488	9783383	Deletion	105
3L	9783488	9783389	Deletion	99
3L	9783488	9783400	Deletion	88
3L	9783488	9783414	Deletion	74
3L	9791349	9791296	Deletion	53
3L	9791415	9791296	Deletion	119
3L	9791396	9791296	Deletion	100
3L	9791335	9791296	Deletion	39
3L	9791420	9791296	Deletion	124
3L	9791526	9791436	Deletion	90
3L	9793019	9792982	Deletion	37
3L	9793091	9792982	Deletion	109
3L	9795479	9795358	Deletion	121
3L	9811855	9811750	Deletion	105
3L	9811855	9811750	Deletion	105
3L	9811860	9811750	Deletion	110
3L	9811853	9811750	Deletion	103
3L	9822342	9822291	Deletion	51
3L	9823018	9822899	Deletion	119
3L	9823014	9822899	Deletion	115
3L	9822977	9822899	Deletion	78
3L	9823007	9822899	Deletion	108
3L	9838337	9838216	Deletion	121
3L	9841157	9841039	Deletion	118
3L	9841157	9841046	Deletion	111
3L	9841157	9841059	Deletion	98
3L	9841157	9841064	Deletion	93
3L	9841157	9841079	Deletion	78
3L	9850846	9850790	Deletion	56
3L	9850902	9850790	Deletion	112
3L	9850826	9850790	Deletion	36
3L	9850831	9850790	Deletion	41
3L	9850913	9850790	Deletion	123
3L	9852483	9852364	Deletion	119
3L	9852483	9852365	Deletion	118
3L	9852483	9852385	Deletion	98
3L	9852483	9852392	Deletion	91
3L	9852483	9852415	Deletion	68
3L	9852483	9852417	Deletion	66
3L	9852483	9852427	Deletion	56
3L	9852990	9852955	Deletion	35
3L	9853015	9852955	Deletion	60
3L	9853025	9852955	Deletion	70
3L	9853013	9852955	Deletion	58
3L	9853077	9852955	Deletion	122
3L	9853189	9853068	Deletion	121
3L	9859860	9859767	Deletion	93
3L	9859860	9859774	Deletion	86
3L	9859860	9859776	Deletion	84
3L	9859860	9859778	Deletion	82
3L	9859860	9859820	Deletion	40
3L	9859860	9859829	Deletion	31
3L	9862944	9862857	Deletion	87
3L	9862900	9862857	Deletion	43
3L	9862974	9862857	Deletion	117
3L	9862953	9862857	Deletion	96
3L	9862981	9862857	Deletion	124
3L	9862902	9862857	Deletion	45
3L	9862891	9862857	Deletion	34
3L	9862898	9862857	Deletion	41
3L	9874528	9874405	Deletion	123
3L	9874528	9874410	Deletion	118
3L	9874528	9874420	Deletion	108
3L	9874528	9874439	Deletion	89
3L	9874528	9874443	Deletion	85
3L	9874528	9874461	Deletion	67
3L	9874528	9874474	Deletion	54
3L	9874528	9874476	Deletion	52
3L	9874528	9874482	Deletion	46
3L	9874528	9874497	Deletion	31
3L	9880508	9880470	Deletion	38
3L	9880582	9880470	Deletion	112
3L	9880512	9880470	Deletion	42
3L	9880545	9880470	Deletion	75
3L	9880551	9880470	Deletion	81
3L	9880530	9880470	Deletion	60
3L	9880566	9880470	Deletion	96
3L	9880543	9880470	Deletion	73
3L	9882008	9881941	Deletion	67
3L	9882008	9881954	Deletion	54
3L	9882008	9881968	Deletion	40
3L	9882008	9881970	Deletion	38
3L	9882005	9881973	Deletion	32
3L	9886563	9886445	Deletion	118
3L	9886517	9886445	Deletion	72
3L	9886531	9886445	Deletion	86
3L	9886533	9886445	Deletion	88
3L	9886548	9886445	Deletion	103
3L	9886504	9886445	Deletion	59
3L	9886536	9886449	Deletion	87
3L	9888577	9888462	Deletion	115
3L	9888577	9888487	Deletion	90
3L	9888577	9888498	Deletion	79
3L	9888577	9888503	Deletion	74
3L	9888577	9888530	Deletion	47
3L	9888577	9888547	Deletion	30
3L	9888746	9888625	Deletion	121
3L	9888675	9888625	Deletion	50
3L	9888680	9888625	Deletion	55
3L	9888724	9888625	Deletion	99
3L	9888707	9888625	Deletion	82
3L	9888664	9888625	Deletion	39
3L	9894819	9894716	Deletion	103
3L	9894819	9894740	Deletion	79
3L	9894819	9894746	Deletion	73
3L	9894819	9894753	Deletion	66
3L	9894819	9894762	Deletion	57
3L	9894819	9894769	Deletion	50
3L	9896849	9896773	Deletion	76
3L	9896842	9896773	Deletion	69
3L	9896826	9896773	Deletion	53
3L	9896820	9896773	Deletion	47
3L	9896833	9896773	Deletion	60
3L	9904776	9904653	Deletion	123
3L	9912279	9912157	Deletion	122
3L	9912279	9912192	Deletion	87
3L	9912279	9912195	Deletion	84
3L	9913080	9913037	Deletion	43
3L	9913077	9913037	Deletion	40
3L	9913150	9913037	Deletion	113
3L	9927740	9927618	Deletion	122
3L	9930482	9930440	Deletion	42
3L	9931236	9931114	Deletion	122
3L	9931284	9931177	Deletion	107
3L	9932018	9931907	Deletion	111
3L	9933245	9933182	Deletion	63
3L	9933808	9933761	Deletion	47
3L	9937820	9937775	Deletion	45
3L	9939865	9939749	Deletion	116
3L	9939865	9939824	Deletion	41
3L	9940176	9940062	Deletion	114
3L	9940174	9940062	Deletion	112
3L	9940167	9940062	Deletion	105
3L	9940147	9940062	Deletion	85
3L	9940176	9940062	Deletion	114
3L	9941697	9941580	Deletion	117
3L	9941697	9941606	Deletion	91
3L	9941697	9941635	Deletion	62
3L	9941697	9941646	Deletion	51
3L	9956958	9956893	Deletion	65
3L	9956929	9956893	Deletion	36
3L	9956969	9956893	Deletion	76
3L	9957015	9956893	Deletion	122
3L	9963415	9963308	Deletion	107
3L	9963415	9963316	Deletion	99
3L	9964681	9964574	Deletion	107
3L	9964691	9964574	Deletion	117
3L	9970964	9970845	Deletion	119
3L	9970964	9970852	Deletion	112
3L	9970964	9970884	Deletion	80
3L	9970964	9970934	Deletion	30
3L	9984401	9984295	Deletion	106
3L	9984391	9984295	Deletion	96
3L	9984341	9984295	Deletion	46
3L	9991605	9991483	Deletion	122
3L	9991605	9991505	Deletion	100
3L	9991605	9991513	Deletion	92
3L	9991605	9991519	Deletion	86
3L	9991605	9991523	Deletion	82
3L	9991605	9991555	Deletion	50
3L	9993017	9992983	Deletion	34
3L	9993023	9992983	Deletion	40
3L	9993059	9992983	Deletion	76
3L	9993027	9992983	Deletion	44
3L	9993086	9992983	Deletion	103
3L	9996556	9996463	Deletion	93
3L	9996556	9996469	Deletion	87
3L	9996556	9996475	Deletion	81
3L	9996556	9996493	Deletion	63
3L	9997906	9997843	Deletion	63
3L	9997882	9997843	Deletion	39
3L	9997876	9997843	Deletion	33
3L	9997888	9997843	Deletion	45
3L	10010323	10010201	Deletion	122
3L	10010323	10010204	Deletion	119
3L	10010323	10010209	Deletion	114
3L	10010323	10010210	Deletion	113
3L	10010323	10010262	Deletion	61
3L	10010323	10010284	Deletion	39
3L	10026547	10026460	Deletion	87
3L	10026525	10026460	Deletion	65
3L	10026560	10026460	Deletion	100
3L	10026578	10026460	Deletion	118
3L	10026584	10026460	Deletion	124
3L	10026568	10026460	Deletion	108
3L	10042625	10042518	Deletion	107
3L	10042625	10042535	Deletion	90
3L	10042625	10042544	Deletion	81
3L	10042625	10042579	Deletion	46
3L	10042625	10042580	Deletion	45
3L	10043055	10042933	Deletion	122
3L	10043014	10042933	Deletion	81
3L	10042969	10042933	Deletion	36
3L	10042978	10042933	Deletion	45
3L	10043013	10042933	Deletion	80
3L	10063522	10063468	Deletion	54
3L	10063555	10063468	Deletion	87
3L	10063586	10063468	Deletion	118
3L	10063565	10063468	Deletion	97
3L	10065679	10065637	Deletion	42
3L	10066830	10066707	Deletion	123
3L	10066851	10066737	Deletion	114
3L	10066851	10066784	Deletion	67
3L	10066851	10066803	Deletion	48
3L	10072398	10072295	Deletion	103
3L	10072398	10072296	Deletion	102
3L	10072398	10072335	Deletion	63
3L	10072396	10072337	Deletion	59
3L	10072398	10072346	Deletion	52
3L	10075318	10075202	Deletion	116
3L	10075267	10075202	Deletion	65
3L	10075278	10075202	Deletion	76
3L	10075269	10075203	Deletion	66
3L	10078304	10078181	Deletion	123
3L	10078304	10078247	Deletion	57
3L	10078304	10078265	Deletion	39
3L	10078301	10078270	Deletion	31
3L	10078304	10078273	Deletion	31
3L	10079283	10079214	Deletion	69
3L	10079309	10079214	Deletion	95
3L	10079322	10079214	Deletion	108
3L	10079306	10079214	Deletion	92
3L	10079301	10079214	Deletion	87
3L	10079328	10079214	Deletion	114
3L	10079318	10079214	Deletion	104
3L	10092077	10091955	Deletion	122
3L	10099614	10099524	Deletion	90
3L	10099614	10099583	Deletion	31
3L	10101129	10101019	Deletion	110
3L	10101056	10101019	Deletion	37
3L	10101114	10101019	Deletion	95
3L	10116722	10116601	Deletion	121
3L	10116722	10116601	Deletion	121
3L	10116722	10116606	Deletion	116
3L	10116722	10116635	Deletion	87
3L	10116722	10116664	Deletion	58
3L	10116722	10116679	Deletion	43
3L	10117696	10117628	Deletion	68
3L	10117745	10117628	Deletion	117
3L	10117711	10117628	Deletion	83
3L	10117667	10117628	Deletion	39
3L	10135762	10135639	Deletion	123
3L	10143484	10143372	Deletion	112
3L	10143488	10143376	Deletion	112
3L	10143488	10143398	Deletion	90
3L	10143488	10143399	Deletion	89
3L	10143488	10143441	Deletion	47
3L	10144812	10144732	Deletion	80
3L	10144770	10144732	Deletion	38
3L	10144832	10144732	Deletion	100
3L	10144769	10144732	Deletion	37
3L	10149270	10149175	Deletion	95
3L	10149270	10149229	Deletion	41
3L	10159584	10159553	Deletion	31
3L	10159638	10159553	Deletion	85
3L	10172592	10172530	Deletion	62
3L	10172592	10172556	Deletion	36
3L	10174460	10174396	Deletion	64
3L	10174486	10174396	Deletion	90
3L	10174519	10174396	Deletion	123
3L	10174505	10174396	Deletion	109
3L	10182354	10182232	Deletion	122
3L	10183240	10183179	Deletion	61
3L	10183240	10183187	Deletion	53
3L	10190274	10190200	Deletion	74
3L	10190266	10190200	Deletion	66
3L	10203237	10203116	Deletion	121
3L	10204737	10204615	Deletion	122
3L	10223136	10223013	Deletion	123
3L	10223136	10223037	Deletion	99
3L	10223136	10223041	Deletion	95
3L	10223136	10223048	Deletion	88
3L	10223136	10223057	Deletion	79
3L	10223136	10223064	Deletion	72
3L	10223136	10223074	Deletion	62
3L	10223136	10223094	Deletion	42
3L	10227155	10227101	Deletion	54
3L	10227139	10227101	Deletion	38
3L	10227165	10227101	Deletion	64
3L	10227148	10227101	Deletion	47
3L	10227132	10227101	Deletion	31
3L	10227215	10227101	Deletion	114
3L	10227185	10227101	Deletion	84
3L	10227204	10227101	Deletion	103
3L	10227208	10227101	Deletion	107
3L	10227223	10227101	Deletion	122
3L	10244290	10244168	Deletion	122
3L	10245648	10245544	Deletion	104
3L	10245648	10245569	Deletion	79
3L	10245648	10245604	Deletion	44
3L	10254735	10254628	Deletion	107
3L	10254710	10254628	Deletion	82
3L	10254675	10254628	Deletion	47
3L	10257025	10256937	Deletion	88
3L	10257025	10256953	Deletion	72
3L	10257025	10256975	Deletion	50
3L	10270185	10270086	Deletion	99
3L	10270163	10270086	Deletion	77
3L	10270141	10270086	Deletion	55
3L	10270125	10270086	Deletion	39
3L	10270846	10270751	Deletion	95
3L	10270846	10270775	Deletion	71
3L	10270846	10270782	Deletion	64
3L	10270846	10270786	Deletion	60
3L	10286900	10286867	Deletion	33
3L	10286935	10286867	Deletion	68
3L	10286924	10286867	Deletion	57
3L	10286931	10286867	Deletion	64
3L	10305429	10305306	Deletion	123
3L	10319631	10319567	Deletion	64
3L	10333643	10333581	Deletion	62
3L	10333687	10333581	Deletion	106
3L	10333678	10333581	Deletion	97
3L	10337701	10337580	Deletion	121
3L	10337701	10337614	Deletion	87
3L	10337701	10337619	Deletion	82
3L	10337701	10337621	Deletion	80
3L	10337701	10337648	Deletion	53
3L	10339421	10339348	Deletion	73
3L	10339387	10339348	Deletion	39
3L	10339392	10339348	Deletion	44
3L	10339448	10339348	Deletion	100
3L	10339394	10339348	Deletion	46
3L	10339450	10339348	Deletion	102
3L	10349450	10349329	Deletion	121
3L	10351236	10351113	Deletion	123
3L	10364154	10364031	Deletion	123
3L	10373125	10373019	Deletion	106
3L	10373125	10373084	Deletion	41
3L	10375197	10375111	Deletion	86
3L	10384473	10384362	Deletion	111
3L	10384473	10384376	Deletion	97
3L	10384473	10384386	Deletion	87
3L	10384473	10384429	Deletion	44
3L	10386478	10386377	Deletion	101
3L	10386478	10386377	Deletion	101
3L	10386462	10386377	Deletion	85
3L	10386409	10386377	Deletion	32
3L	10386419	10386377	Deletion	42
3L	10407373	10407252	Deletion	121
3L	10419418	10419297	Deletion	121
3L	10427547	10427424	Deletion	123
3L	10428275	10428153	Deletion	122
3L	10428275	10428167	Deletion	108
3L	10428275	10428202	Deletion	73
3L	10428275	10428224	Deletion	51
3L	10428275	10428230	Deletion	45
3L	10428998	10428945	Deletion	53
3L	10429026	10428945	Deletion	81
3L	10429020	10428945	Deletion	75
3L	10429051	10428945	Deletion	106
3L	10429049	10428945	Deletion	104
3L	10457308	10457200	Deletion	108
3L	10457308	10457207	Deletion	101
3L	10457308	10457251	Deletion	57
3L	10463607	10463487	Deletion	120
3L	10463586	10463487	Deletion	99
3L	10463556	10463487	Deletion	69
3L	10463608	10463487	Deletion	121
3L	10464792	10464673	Deletion	119
3L	10464792	10464674	Deletion	118
3L	10464792	10464697	Deletion	95
3L	10464792	10464738	Deletion	54
3L	10467197	10467125	Deletion	72
3L	10467156	10467125	Deletion	31
3L	10467243	10467125	Deletion	118
3L	10467237	10467125	Deletion	112
3L	10472670	10472569	Deletion	101
3L	10472670	10472569	Deletion	101
3L	10472670	10472593	Deletion	77
3L	10472670	10472604	Deletion	66
3L	10481245	10481182	Deletion	63
3L	10481234	10481182	Deletion	52
3L	10481293	10481182	Deletion	111
3L	10481299	10481182	Deletion	117
3L	10484761	10484667	Deletion	94
3L	10484761	10484717	Deletion	44
3L	10484761	10484727	Deletion	34
3L	10484991	10484878	Deletion	113
3L	10484961	10484878	Deletion	83
3L	10484983	10484878	Deletion	105
3L	10484971	10484878	Deletion	93
3L	10484979	10484878	Deletion	101
3L	10484911	10484878	Deletion	33
3L	10492782	10492684	Deletion	98
3L	10492782	10492688	Deletion	94
3L	10492782	10492692	Deletion	90
3L	10492782	10492693	Deletion	89
3L	10492782	10492709	Deletion	73
3L	10492782	10492741	Deletion	41
3L	10492782	10492748	Deletion	34
3L	10498121	10498084	Deletion	37
3L	10498188	10498084	Deletion	104
3L	10498120	10498084	Deletion	36
3L	10498137	10498084	Deletion	53
3L	10498169	10498084	Deletion	85
3L	10498176	10498084	Deletion	92
3L	10498116	10498084	Deletion	32
3L	10498203	10498084	Deletion	119
3L	10509090	10508975	Deletion	115
3L	10509090	10508976	Deletion	114
3L	10509090	10509030	Deletion	60
3L	10509090	10509041	Deletion	49
3L	10510269	10510165	Deletion	104
3L	10510274	10510165	Deletion	109
3L	10510242	10510165	Deletion	77
3L	10510231	10510165	Deletion	66
3L	10510265	10510165	Deletion	100
3L	10516980	10516871	Deletion	109
3L	10516980	10516883	Deletion	97
3L	10516980	10516885	Deletion	95
3L	10517067	10517035	Deletion	32
3L	10520489	10520408	Deletion	81
3L	10520489	10520437	Deletion	52
3L	10520489	10520446	Deletion	43
3L	10540996	10540922	Deletion	74
3L	10541046	10540922	Deletion	124
3L	10540967	10540922	Deletion	45
3L	10541039	10540922	Deletion	117
3L	10541005	10540922	Deletion	83
3L	10552320	10552197	Deletion	123
3L	10555278	10555179	Deletion	99
3L	10555278	10555191	Deletion	87
3L	10555278	10555202	Deletion	76
3L	10555278	10555228	Deletion	50
3L	10555278	10555234	Deletion	44
3L	10557941	10557865	Deletion	76
3L	10557975	10557865	Deletion	110
3L	10557904	10557865	Deletion	39
3L	10557947	10557865	Deletion	82
3L	10557915	10557865	Deletion	50
3L	10563279	10563173	Deletion	106
3L	10563279	10563197	Deletion	82
3L	10563279	10563232	Deletion	47
3L	10563562	10563511	Deletion	51
3L	10563612	10563511	Deletion	101
3L	10563597	10563511	Deletion	86
3L	10582002	10581881	Deletion	121
3L	10587630	10587531	Deletion	99
3L	10587630	10587540	Deletion	90
3L	10587630	10587555	Deletion	75
3L	10587630	10587587	Deletion	43
3L	10592759	10592722	Deletion	37
3L	10592806	10592722	Deletion	84
3L	10592838	10592722	Deletion	116
3L	10592774	10592722	Deletion	52
3L	10592835	10592723	Deletion	112
3L	10593830	10593711	Deletion	119
3L	10593830	10593728	Deletion	102
3L	10593830	10593739	Deletion	91
3L	10593830	10593747	Deletion	83
3L	10593830	10593758	Deletion	72
3L	10593830	10593761	Deletion	69
3L	10593830	10593781	Deletion	49
3L	10594132	10594055	Deletion	77
3L	10594090	10594055	Deletion	35
3L	10594098	10594055	Deletion	43
3L	10594112	10594055	Deletion	57
3L	10594109	10594055	Deletion	54
3L	10604303	10604182	Deletion	121
3L	10623035	10622913	Deletion	122
3L	10631854	10631786	Deletion	68
3L	10631854	10631786	Deletion	68
3L	10631854	10631799	Deletion	55
3L	10631854	10631807	Deletion	47
3L	10631854	10631824	Deletion	30
3L	10632103	10632024	Deletion	79
3L	10632095	10632024	Deletion	71
3L	10632122	10632024	Deletion	98
3L	10632120	10632024	Deletion	96
3L	10632082	10632024	Deletion	58
3L	10632082	10632024	Deletion	58
3L	10646940	10646839	Deletion	101
3L	10646940	10646849	Deletion	91
3L	10646940	10646856	Deletion	84
3L	10647033	10646991	Deletion	42
3L	10647111	10646991	Deletion	120
3L	10647026	10646991	Deletion	35
3L	10647110	10646991	Deletion	119
3L	10647093	10646991	Deletion	102
3L	10647114	10646991	Deletion	123
3L	10649049	10648928	Deletion	121
3L	10657699	10657583	Deletion	116
3L	10661560	10661441	Deletion	119
3L	10661560	10661442	Deletion	118
3L	10661560	10661523	Deletion	37
3L	10661560	10661528	Deletion	32
3L	10661560	10661528	Deletion	32
3L	10664821	10664718	Deletion	103
3L	10664807	10664718	Deletion	89
3L	10664812	10664718	Deletion	94
3L	10664812	10664718	Deletion	94
3L	10668924	10668815	Deletion	109
3L	10668924	10668817	Deletion	107
3L	10668924	10668822	Deletion	102
3L	10668924	10668824	Deletion	100
3L	10668924	10668829	Deletion	95
3L	10671862	10671831	Deletion	31
3L	10673090	10673012	Deletion	78
3L	10673090	10673012	Deletion	78
3L	10673090	10673043	Deletion	47
3L	10673578	10673498	Deletion	80
3L	10673547	10673498	Deletion	49
3L	10673547	10673498	Deletion	49
3L	10685965	10685842	Deletion	123
3L	10685965	10685898	Deletion	67
3L	10687252	10687130	Deletion	122
3L	10687189	10687130	Deletion	59
3L	10694145	10694023	Deletion	122
3L	10694145	10694027	Deletion	118
3L	10694145	10694032	Deletion	113
3L	10694145	10694088	Deletion	57
3L	10694145	10694105	Deletion	40
3L	10694651	10694564	Deletion	87
3L	10694673	10694564	Deletion	109
3L	10694634	10694564	Deletion	70
3L	10708448	10708326	Deletion	122
3L	10708448	10708366	Deletion	82
3L	10708448	10708368	Deletion	80
3L	10708448	10708389	Deletion	59
3L	10708448	10708394	Deletion	54
3L	10708448	10708405	Deletion	43
3L	10728377	10728267	Deletion	110
3L	10728342	10728267	Deletion	75
3L	10728337	10728267	Deletion	70
3L	10728316	10728267	Deletion	49
3L	10728353	10728267	Deletion	86
3L	10728314	10728267	Deletion	47
3L	10750600	10750488	Deletion	112
3L	10750600	10750499	Deletion	101
3L	10750600	10750504	Deletion	96
3L	10750600	10750506	Deletion	94
3L	10750600	10750548	Deletion	52
3L	10750600	10750555	Deletion	45
3L	10750600	10750556	Deletion	44
3L	10750600	10750568	Deletion	32
3L	10753859	10753828	Deletion	31
3L	10753946	10753828	Deletion	118
3L	10753911	10753828	Deletion	83
3L	10753861	10753828	Deletion	33
3L	10753926	10753828	Deletion	98
3L	10753910	10753828	Deletion	82
3L	10753903	10753828	Deletion	75
3L	10753923	10753828	Deletion	95
3L	10756357	10756269	Deletion	88
3L	10756357	10756271	Deletion	86
3L	10756357	10756311	Deletion	46
3L	10756357	10756316	Deletion	41
3L	10756357	10756319	Deletion	38
3L	10758362	10758277	Deletion	85
3L	10758317	10758277	Deletion	40
3L	10758381	10758277	Deletion	104
3L	10758357	10758277	Deletion	80
3L	10758365	10758277	Deletion	88
3L	10758315	10758277	Deletion	38
3L	10758387	10758277	Deletion	110
3L	10794914	10794790	Deletion	124
3L	10794914	10794809	Deletion	105
3L	10794914	10794818	Deletion	96
3L	10794914	10794864	Deletion	50
3L	10794914	10794871	Deletion	43
3L	10794914	10794874	Deletion	40
3L	10798541	10798457	Deletion	84
3L	10798544	10798457	Deletion	87
3L	10798572	10798457	Deletion	115
3L	10798534	10798457	Deletion	77
3L	10798488	10798457	Deletion	31
3L	10825289	10825170	Deletion	119
3L	10850310	10850208	Deletion	102
3L	10850310	10850265	Deletion	45
3L	10859678	10859574	Deletion	104
3L	10859657	10859574	Deletion	83
3L	10875887	10875772	Deletion	115
3L	10875887	10875799	Deletion	88
3L	10875887	10875812	Deletion	75
3L	10876704	10876665	Deletion	39
3L	10876717	10876665	Deletion	52
3L	10876781	10876665	Deletion	116
3L	10876777	10876665	Deletion	112
3L	10879940	10879820	Deletion	120
3L	10879940	10879823	Deletion	117
3L	10879940	10879874	Deletion	66
3L	10879940	10879891	Deletion	49
3L	10879940	10879897	Deletion	43
3L	10880285	10880222	Deletion	63
3L	10880302	10880222	Deletion	80
3L	10880341	10880222	Deletion	119
3L	10880308	10880222	Deletion	86
3L	10893243	10893122	Deletion	121
3L	10898089	10897966	Deletion	123
3L	10899222	10899102	Deletion	120
3L	10899222	10899133	Deletion	89
3L	10899222	10899137	Deletion	85
3L	10899222	10899138	Deletion	84
3L	10900047	10899929	Deletion	118
3L	10900035	10899929	Deletion	106
3L	10899968	10899929	Deletion	39
3L	10899973	10899929	Deletion	44
3L	10899972	10899929	Deletion	43
3L	10900046	10899929	Deletion	117
3L	10904208	10904111	Deletion	97
3L	10907337	10907223	Deletion	114
3L	10934171	10934129	Deletion	42
3L	10935447	10935360	Deletion	87
3L	10935456	10935360	Deletion	96
3L	10937846	10937749	Deletion	97
3L	10937846	10937751	Deletion	95
3L	10937846	10937757	Deletion	89
3L	10937846	10937781	Deletion	65
3L	10937846	10937797	Deletion	49
3L	10937846	10937800	Deletion	46
3L	10940462	10940399	Deletion	63
3L	10940481	10940399	Deletion	82
3L	10940432	10940399	Deletion	33
3L	10940430	10940399	Deletion	31
3L	10940478	10940399	Deletion	79
3L	10940438	10940403	Deletion	35
3L	10943498	10943384	Deletion	114
3L	10943498	10943404	Deletion	94
3L	10943498	10943423	Deletion	75
3L	10943498	10943460	Deletion	38
3L	10943498	10943462	Deletion	36
3L	10944372	10944264	Deletion	108
3L	10944296	10944264	Deletion	32
3L	10944366	10944264	Deletion	102
3L	10944354	10944264	Deletion	90
3L	10944352	10944264	Deletion	88
3L	10944315	10944264	Deletion	51
3L	10944377	10944264	Deletion	113
3L	10953708	10953599	Deletion	109
3L	10954776	10954659	Deletion	117
3L	10957812	10957689	Deletion	123
3L	10957812	10957705	Deletion	107
3L	10957812	10957715	Deletion	97
3L	10957812	10957753	Deletion	59
3L	10957812	10957768	Deletion	44
3L	10970537	10970455	Deletion	82
3L	10970522	10970455	Deletion	67
3L	10970567	10970455	Deletion	112
3L	10982426	10982302	Deletion	124
3L	10982426	10982304	Deletion	122
3L	10982426	10982319	Deletion	107
3L	10982426	10982320	Deletion	106
3L	10982426	10982330	Deletion	96
3L	10982426	10982348	Deletion	78
3L	10982426	10982374	Deletion	52
3L	10982426	10982379	Deletion	47
3L	10990326	10990276	Deletion	50
3L	10990352	10990276	Deletion	76
3L	10990308	10990276	Deletion	32
3L	10990357	10990276	Deletion	81
3L	10995751	10995671	Deletion	80
3L	10995751	10995706	Deletion	45
3L	10995751	10995707	Deletion	44
3L	10995751	10995709	Deletion	42
3L	10995931	10995822	Deletion	109
3L	10995905	10995822	Deletion	83
3L	10995869	10995822	Deletion	47
3L	10995907	10995822	Deletion	85
3L	10995904	10995822	Deletion	82
3L	10995943	10995822	Deletion	121
3L	10995935	10995822	Deletion	113
3L	11019324	11019204	Deletion	120
3L	11026265	11026161	Deletion	104
3L	11026265	11026190	Deletion	75
3L	11026970	11026858	Deletion	112
3L	11026910	11026858	Deletion	52
3L	11026958	11026858	Deletion	100
3L	11026971	11026858	Deletion	113
3L	11026968	11026858	Deletion	110
3L	11033460	11033385	Deletion	75
3L	11033460	11033386	Deletion	74
3L	11033460	11033411	Deletion	49
3L	11033460	11033424	Deletion	36
3L	11034304	11034253	Deletion	51
3L	11034305	11034253	Deletion	52
3L	11034343	11034253	Deletion	90
3L	11034377	11034253	Deletion	124
3L	11034352	11034253	Deletion	99
3L	11034375	11034253	Deletion	122
3L	11034330	11034253	Deletion	77
3L	11036049	11035928	Deletion	121
3L	11036059	11035956	Deletion	103
3L	11036056	11035970	Deletion	86
3L	11036059	11035993	Deletion	66
3L	11036059	11036019	Deletion	40
3L	11036059	11036021	Deletion	38
3L	11037265	11037227	Deletion	38
3L	11037316	11037227	Deletion	89
3L	11037314	11037227	Deletion	87
3L	11037328	11037227	Deletion	101
3L	11037288	11037227	Deletion	61
3L	11048507	11048389	Deletion	118
3L	11050327	11050242	Deletion	85
3L	11050327	11050264	Deletion	63
3L	11050327	11050283	Deletion	44
3L	11050327	11050294	Deletion	33
3L	11050327	11050297	Deletion	30
3L	11063658	11063595	Deletion	63
3L	11063691	11063595	Deletion	96
3L	11063677	11063595	Deletion	82
3L	11063702	11063595	Deletion	107
3L	11063708	11063595	Deletion	113
3L	11063636	11063595	Deletion	41
3L	11063688	11063596	Deletion	92
3L	11085403	11085284	Deletion	119
3L	11086858	11086790	Deletion	68
3L	11086858	11086796	Deletion	62
3L	11086858	11086824	Deletion	34
3L	11096624	11096532	Deletion	92
3L	11096596	11096532	Deletion	64
3L	11096590	11096532	Deletion	58
3L	11108238	11108116	Deletion	122
3L	11126819	11126708	Deletion	111
3L	11126819	11126718	Deletion	101
3L	11126819	11126733	Deletion	86
3L	11126819	11126749	Deletion	70
3L	11132542	11132443	Deletion	99
3L	11132485	11132443	Deletion	42
3L	11132501	11132443	Deletion	58
3L	11132562	11132443	Deletion	119
3L	11137727	11137627	Deletion	100
3L	11137727	11137652	Deletion	75
3L	11137727	11137655	Deletion	72
3L	11137727	11137683	Deletion	44
3L	11137955	11137901	Deletion	54
3L	11137983	11137901	Deletion	82
3L	11137952	11137906	Deletion	46
3L	11140539	11140428	Deletion	111
3L	11140539	11140431	Deletion	108
3L	11140539	11140440	Deletion	99
3L	11151291	11151175	Deletion	116
3L	11151291	11151177	Deletion	114
3L	11151291	11151201	Deletion	90
3L	11151291	11151218	Deletion	73
3L	11151291	11151218	Deletion	73
3L	11151379	11151341	Deletion	38
3L	11151396	11151341	Deletion	55
3L	11151396	11151341	Deletion	55
3L	11158253	11158159	Deletion	94
3L	11158253	11158172	Deletion	81
3L	11158253	11158181	Deletion	72
3L	11158253	11158214	Deletion	39
3L	11158253	11158220	Deletion	33
3L	11158501	11158400	Deletion	101
3L	11158447	11158400	Deletion	47
3L	11158495	11158400	Deletion	95
3L	11158456	11158400	Deletion	56
3L	11158434	11158400	Deletion	34
3L	11158489	11158400	Deletion	89
3L	11170502	11170395	Deletion	107
3L	11170502	11170465	Deletion	37
3L	11175443	11175354	Deletion	89
3L	11175464	11175354	Deletion	110
3L	11180444	11180345	Deletion	99
3L	11180444	11180364	Deletion	80
3L	11180444	11180385	Deletion	59
3L	11183453	11183407	Deletion	46
3L	11183508	11183407	Deletion	101
3L	11183474	11183407	Deletion	67
3L	11183525	11183407	Deletion	118
3L	11192605	11192491	Deletion	114
3L	11192605	11192515	Deletion	90
3L	11192605	11192529	Deletion	76
3L	11192605	11192574	Deletion	31
3L	11192605	11192574	Deletion	31
3L	11196643	11196546	Deletion	97
3L	11196643	11196546	Deletion	97
3L	11196584	11196546	Deletion	38
3L	11196598	11196546	Deletion	52
3L	11198101	11197977	Deletion	124
3L	11198101	11197978	Deletion	123
3L	11198101	11198027	Deletion	74
3L	11198101	11198037	Deletion	64
3L	11198101	11198043	Deletion	58
3L	11198101	11198044	Deletion	57
3L	11198101	11198054	Deletion	47
3L	11198101	11198063	Deletion	38
3L	11199950	11199880	Deletion	70
3L	11199933	11199880	Deletion	53
3L	11199960	11199880	Deletion	80
3L	11199969	11199880	Deletion	89
3L	11199943	11199880	Deletion	63
3L	11199949	11199880	Deletion	69
3L	11201114	11201001	Deletion	113
3L	11201114	11201016	Deletion	98
3L	11201114	11201036	Deletion	78
3L	11201114	11201072	Deletion	42
3L	11201114	11201072	Deletion	42
3L	11202523	11202438	Deletion	85
3L	11202523	11202438	Deletion	85
3L	11202487	11202438	Deletion	49
3L	11202559	11202438	Deletion	121
3L	11209462	11209341	Deletion	121
3L	11210096	11209997	Deletion	99
3L	11210096	11210016	Deletion	80
3L	11210096	11210018	Deletion	78
3L	11210096	11210040	Deletion	56
3L	11212120	11212074	Deletion	46
3L	11212176	11212074	Deletion	102
3L	11212122	11212074	Deletion	48
3L	11212144	11212074	Deletion	70
3L	11212184	11212074	Deletion	110
3L	11239114	11238999	Deletion	115
3L	11239114	11239051	Deletion	63
3L	11239114	11239058	Deletion	56
3L	11239114	11239069	Deletion	45
3L	11239237	11239174	Deletion	63
3L	11239255	11239174	Deletion	81
3L	11239244	11239174	Deletion	70
3L	11251020	11250908	Deletion	112
3L	11251020	11250926	Deletion	94
3L	11251020	11250931	Deletion	89
3L	11251020	11250932	Deletion	88
3L	11254460	11254422	Deletion	38
3L	11254459	11254422	Deletion	37
3L	11254454	11254422	Deletion	32
3L	11255107	11255014	Deletion	93
3L	11255107	11255018	Deletion	89
3L	11255107	11255028	Deletion	79
3L	11255107	11255041	Deletion	66
3L	11255107	11255055	Deletion	52
3L	11255107	11255060	Deletion	47
3L	11255107	11255064	Deletion	43
3L	11259780	11259704	Deletion	76
3L	11259785	11259704	Deletion	81
3L	11259766	11259704	Deletion	62
3L	11259789	11259704	Deletion	85
3L	11259739	11259704	Deletion	35
3L	11259753	11259704	Deletion	49
3L	11259808	11259704	Deletion	104
3L	11259743	11259704	Deletion	39
3L	11264692	11264590	Deletion	102
3L	11264765	11264642	Deletion	123
3L	11267645	11267602	Deletion	43
3L	11267811	11267728	Deletion	83
3L	11277195	11277073	Deletion	122
3L	11280220	11280146	Deletion	74
3L	11280220	11280147	Deletion	73
3L	11280220	11280170	Deletion	50
3L	11280220	11280187	Deletion	33
3L	11280390	11280295	Deletion	95
3L	11280350	11280295	Deletion	55
3L	11280349	11280295	Deletion	54
3L	11280373	11280295	Deletion	78
3L	11280408	11280295	Deletion	113
3L	11282094	11281971	Deletion	123
3L	11282094	11281973	Deletion	121
3L	11282094	11282002	Deletion	92
3L	11287952	11287829	Deletion	123
3L	11287863	11287830	Deletion	33
3L	11290193	11290114	Deletion	79
3L	11290193	11290124	Deletion	69
3L	11290193	11290161	Deletion	32
3L	11310758	11310701	Deletion	57
3L	11310808	11310701	Deletion	107
3L	11310795	11310701	Deletion	94
3L	11310748	11310701	Deletion	47
3L	11312119	11312004	Deletion	115
3L	11312119	11312083	Deletion	36
3L	11312282	11312174	Deletion	108
3L	11312291	11312174	Deletion	117
3L	11312265	11312174	Deletion	91
3L	11324913	11324807	Deletion	106
3L	11324913	11324837	Deletion	76
3L	11324913	11324858	Deletion	55
3L	11324913	11324865	Deletion	48
3L	11328274	11328196	Deletion	78
3L	11328246	11328196	Deletion	50
3L	11328267	11328196	Deletion	71
3L	11334737	11334639	Deletion	98
3L	11334737	11334644	Deletion	93
3L	11334737	11334648	Deletion	89
3L	11334737	11334665	Deletion	72
3L	11334737	11334701	Deletion	36
3L	11335709	11335595	Deletion	114
3L	11335628	11335595	Deletion	33
3L	11335692	11335595	Deletion	97
3L	11335685	11335595	Deletion	90
3L	11335632	11335595	Deletion	37
3L	11335649	11335595	Deletion	54
3L	11335696	11335595	Deletion	101
3L	11353783	11353676	Deletion	107
3L	11353783	11353689	Deletion	94
3L	11353783	11353694	Deletion	89
3L	11353783	11353698	Deletion	85
3L	11353783	11353726	Deletion	57
3L	11353783	11353729	Deletion	54
3L	11355083	11355042	Deletion	41
3L	11355146	11355042	Deletion	104
3L	11355087	11355042	Deletion	45
3L	11355078	11355042	Deletion	36
3L	11355118	11355042	Deletion	76
3L	11355115	11355042	Deletion	73
3L	11355426	11355307	Deletion	119
3L	11355426	11355310	Deletion	116
3L	11355426	11355333	Deletion	93
3L	11355426	11355335	Deletion	91
3L	11355426	11355361	Deletion	65
3L	11355426	11355382	Deletion	44
3L	11355426	11355391	Deletion	35
3L	11355612	11355521	Deletion	91
3L	11355603	11355521	Deletion	82
3L	11355554	11355521	Deletion	33
3L	11355556	11355521	Deletion	35
3L	11355582	11355521	Deletion	61
3L	11383242	11383123	Deletion	119
3L	11383242	11383175	Deletion	67
3L	11383242	11383183	Deletion	59
3L	11383242	11383185	Deletion	57
3L	11385925	11385855	Deletion	70
3L	11385977	11385855	Deletion	122
3L	11385927	11385855	Deletion	72
3L	11385965	11385855	Deletion	110
3L	11385917	11385855	Deletion	62
3L	11385957	11385855	Deletion	102
3L	11391402	11391286	Deletion	116
3L	11391402	11391322	Deletion	80
3L	11391402	11391339	Deletion	63
3L	11391402	11391345	Deletion	57
3L	11391402	11391355	Deletion	47
3L	11391402	11391361	Deletion	41
3L	11391402	11391367	Deletion	35
3L	11399399	11399290	Deletion	109
3L	11399356	11399290	Deletion	66
3L	11399372	11399290	Deletion	82
3L	11399384	11399290	Deletion	94
3L	11399339	11399290	Deletion	49
3L	11399378	11399290	Deletion	88
3L	11399410	11399290	Deletion	120
3L	11399407	11399290	Deletion	117
3L	11399391	11399290	Deletion	101
3L	11399362	11399290	Deletion	72
3L	11408726	11408604	Deletion	122
3L	11408726	11408625	Deletion	101
3L	11408726	11408630	Deletion	96
3L	11408726	11408642	Deletion	84
3L	11408726	11408643	Deletion	83
3L	11408726	11408652	Deletion	74
3L	11408726	11408666	Deletion	60
3L	11408726	11408671	Deletion	55
3L	11408726	11408672	Deletion	54
3L	11408726	11408673	Deletion	53
3L	11408864	11408790	Deletion	74
3L	11408891	11408790	Deletion	101
3L	11408821	11408790	Deletion	31
3L	11408833	11408790	Deletion	43
3L	11408888	11408790	Deletion	98
3L	11408834	11408790	Deletion	44
3L	11408843	11408790	Deletion	53
3L	11408906	11408790	Deletion	116
3L	11408857	11408790	Deletion	67
3L	11408862	11408790	Deletion	72
3L	11408863	11408790	Deletion	73
3L	11420273	11420160	Deletion	113
3L	11420273	11420167	Deletion	106
3L	11420273	11420179	Deletion	94
3L	11420273	11420184	Deletion	89
3L	11420273	11420216	Deletion	57
3L	11420273	11420222	Deletion	51
3L	11420273	11420227	Deletion	46
3L	11429572	11429490	Deletion	82
3L	11429593	11429490	Deletion	103
3L	11429561	11429490	Deletion	71
3L	11429529	11429490	Deletion	39
3L	11429604	11429490	Deletion	114
3L	11429524	11429490	Deletion	34
3L	11429567	11429490	Deletion	77
3L	11441659	11441563	Deletion	96
3L	11441659	11441590	Deletion	69
3L	11445802	11445772	Deletion	30
3L	11445875	11445772	Deletion	103
3L	11445829	11445772	Deletion	57
3L	11445880	11445772	Deletion	108
3L	11453933	11453816	Deletion	117
3L	11461815	11461729	Deletion	86
3L	11461815	11461764	Deletion	51
3L	11462282	11462207	Deletion	75
3L	11462247	11462207	Deletion	40
3L	11462328	11462207	Deletion	121
3L	11462320	11462207	Deletion	113
3L	11465921	11465833	Deletion	88
3L	11465921	11465851	Deletion	70
3L	11465921	11465869	Deletion	52
3L	11465921	11465891	Deletion	30
3L	11466409	11466312	Deletion	97
3L	11466369	11466312	Deletion	57
3L	11466410	11466312	Deletion	98
3L	11466387	11466312	Deletion	75
3L	11466351	11466312	Deletion	39
3L	11469967	11469848	Deletion	119
3L	11469967	11469909	Deletion	58
3L	11469967	11469921	Deletion	46
3L	11469967	11469925	Deletion	42
3L	11479314	11479232	Deletion	82
3L	11479302	11479232	Deletion	70
3L	11479318	11479232	Deletion	86
3L	11501664	11501550	Deletion	114
3L	11501767	11501673	Deletion	94
3L	11502294	11502199	Deletion	95
3L	11502321	11502199	Deletion	122
3L	11502319	11502199	Deletion	120
3L	11502263	11502199	Deletion	64
3L	11502743	11502660	Deletion	83
3L	11504239	11504148	Deletion	91
3L	11506356	11506270	Deletion	86
3L	11506705	11506642	Deletion	63
3L	11506992	11506923	Deletion	69
3L	11520902	11520778	Deletion	124
3L	11520902	11520790	Deletion	112
3L	11520902	11520797	Deletion	105
3L	11520902	11520817	Deletion	85
3L	11520902	11520833	Deletion	69
3L	11520902	11520836	Deletion	66
3L	11520902	11520865	Deletion	37
3L	11523548	11523435	Deletion	113
3L	11523476	11523435	Deletion	41
3L	11523524	11523435	Deletion	89
3L	11523541	11523435	Deletion	106
3L	11523492	11523435	Deletion	57
3L	11523495	11523435	Deletion	60
3L	11523551	11523435	Deletion	116
3L	11530972	11530861	Deletion	111
3L	11530972	11530901	Deletion	71
3L	11530972	11530939	Deletion	33
3L	11568539	11568451	Deletion	88
3L	11571552	11571453	Deletion	99
3L	11571801	11571725	Deletion	76
3L	11571877	11571804	Deletion	73
3L	11582384	11582290	Deletion	94
3L	11582389	11582290	Deletion	99
3L	11582346	11582290	Deletion	56
3L	11582388	11582290	Deletion	98
3L	11584951	11584878	Deletion	73
3L	11584951	11584880	Deletion	71
3L	11584951	11584883	Deletion	68
3L	11584951	11584887	Deletion	64
3L	11584951	11584897	Deletion	54
3L	11584951	11584911	Deletion	40
3L	11589386	11589300	Deletion	86
3L	11589355	11589300	Deletion	55
3L	11589362	11589300	Deletion	62
3L	11589358	11589300	Deletion	58
3L	11589372	11589300	Deletion	72
3L	11589412	11589300	Deletion	112
3L	11589353	11589300	Deletion	53
3L	11601473	11601357	Deletion	116
3L	11601473	11601375	Deletion	98
3L	11601473	11601381	Deletion	92
3L	11601473	11601395	Deletion	78
3L	11601473	11601415	Deletion	58
3L	11601473	11601424	Deletion	49
3L	11601473	11601424	Deletion	49
3L	11601473	11601430	Deletion	43
3L	11601473	11601440	Deletion	33
3L	11604254	11604148	Deletion	106
3L	11604225	11604148	Deletion	77
3L	11604231	11604148	Deletion	83
3L	11604272	11604148	Deletion	124
3L	11604196	11604148	Deletion	48
3L	11604216	11604148	Deletion	68
3L	11604225	11604148	Deletion	77
3L	11604182	11604148	Deletion	34
3L	11604255	11604148	Deletion	107
3L	11604241	11604148	Deletion	93
3L	11608318	11608202	Deletion	116
3L	11621298	11621197	Deletion	101
3L	11621298	11621225	Deletion	73
3L	11621298	11621232	Deletion	66
3L	11621298	11621245	Deletion	53
3L	11622032	11621933	Deletion	99
3L	11621994	11621933	Deletion	61
3L	11622055	11621933	Deletion	122
3L	11622049	11621933	Deletion	116
3L	11622034	11621933	Deletion	101
3L	11622007	11621933	Deletion	74
3L	11621987	11621933	Deletion	54
3L	11622046	11621933	Deletion	113
3L	11626877	11626755	Deletion	122
3L	11626877	11626780	Deletion	97
3L	11626877	11626810	Deletion	67
3L	11635038	11634979	Deletion	59
3L	11635082	11634979	Deletion	103
3L	11635076	11634979	Deletion	97
3L	11635099	11634979	Deletion	120
3L	11649249	11649127	Deletion	122
3L	11655731	11655636	Deletion	95
3L	11655731	11655655	Deletion	76
3L	11655731	11655687	Deletion	44
3L	11656411	11656287	Deletion	124
3L	11656370	11656287	Deletion	83
3L	11656319	11656287	Deletion	32
3L	11656399	11656287	Deletion	112
3L	11656338	11656291	Deletion	47
3L	11667073	11666961	Deletion	112
3L	11667073	11667005	Deletion	68
3L	11667073	11667009	Deletion	64
3L	11667073	11667034	Deletion	39
3L	11696321	11696234	Deletion	87
3L	11696297	11696234	Deletion	63
3L	11696342	11696234	Deletion	108
3L	11696292	11696234	Deletion	58
3L	11711194	11711073	Deletion	121
3L	11718542	11718422	Deletion	120
3L	11718542	11718435	Deletion	107
3L	11718542	11718449	Deletion	93
3L	11718542	11718458	Deletion	84
3L	11721816	11721782	Deletion	34
3L	11721825	11721782	Deletion	43
3L	11725152	11725041	Deletion	111
3L	11727141	11727071	Deletion	70
3L	11727589	11727490	Deletion	99
3L	11728283	11728213	Deletion	70
3L	11728283	11728225	Deletion	58
3L	11728283	11728246	Deletion	37
3L	11728469	11728380	Deletion	89
3L	11728480	11728380	Deletion	100
3L	11728448	11728380	Deletion	68
3L	11728436	11728382	Deletion	54
3L	11746351	11746232	Deletion	119
3L	11746342	11746273	Deletion	69
3L	11746351	11746304	Deletion	47
3L	11747156	11747049	Deletion	107
3L	11747153	11747049	Deletion	104
3L	11747153	11747049	Deletion	104
3L	11747097	11747049	Deletion	48
3L	11747128	11747049	Deletion	79
3L	11747170	11747049	Deletion	121
3L	11748222	11748102	Deletion	120
3L	11748222	11748110	Deletion	112
3L	11748222	11748131	Deletion	91
3L	11748222	11748167	Deletion	55
3L	11748388	11748283	Deletion	105
3L	11748319	11748283	Deletion	36
3L	11748355	11748283	Deletion	72
3L	11748407	11748283	Deletion	124
3L	11748398	11748283	Deletion	115
3L	11762428	11762315	Deletion	113
3L	11762428	11762340	Deletion	88
3L	11762428	11762356	Deletion	72
3L	11762428	11762358	Deletion	70
3L	11762428	11762360	Deletion	68
3L	11762428	11762385	Deletion	43
3L	11762428	11762391	Deletion	37
3L	11775030	11774947	Deletion	83
3L	11775001	11774947	Deletion	54
3L	11774985	11774947	Deletion	38
3L	11775036	11774947	Deletion	89
3L	11775003	11774947	Deletion	56
3L	11775005	11774947	Deletion	58
3L	11778707	11778646	Deletion	61
3L	11778707	11778648	Deletion	59
3L	11783166	11783096	Deletion	70
3L	11783164	11783096	Deletion	68
3L	11783196	11783096	Deletion	100
3L	11797428	11797310	Deletion	118
3L	11797428	11797326	Deletion	102
3L	11797428	11797331	Deletion	97
3L	11797428	11797335	Deletion	93
3L	11797428	11797351	Deletion	77
3L	11797428	11797357	Deletion	71
3L	11797428	11797394	Deletion	34
3L	11798224	11798194	Deletion	30
3L	11798287	11798194	Deletion	93
3L	11798250	11798194	Deletion	56
3L	11798228	11798194	Deletion	34
3L	11798244	11798197	Deletion	47
3L	11806138	11806032	Deletion	106
3L	11806138	11806058	Deletion	80
3L	11806138	11806061	Deletion	77
3L	11806138	11806067	Deletion	71
3L	11806138	11806085	Deletion	53
3L	11806138	11806093	Deletion	45
3L	11806138	11806094	Deletion	44
3L	11834967	11834885	Deletion	82
3L	11834931	11834885	Deletion	46
3L	11834940	11834885	Deletion	55
3L	11834966	11834885	Deletion	81
3L	11834985	11834885	Deletion	100
3L	11834934	11834885	Deletion	49
3L	11834958	11834885	Deletion	73
3L	11844561	11844456	Deletion	105
3L	11868864	11868741	Deletion	123
3L	11870604	11870507	Deletion	97
3L	11870604	11870508	Deletion	96
3L	11870604	11870531	Deletion	73
3L	11870604	11870551	Deletion	53
3L	11870686	11870652	Deletion	34
3L	11870754	11870652	Deletion	102
3L	11870685	11870652	Deletion	33
3L	11870773	11870652	Deletion	121
3L	11870729	11870652	Deletion	77
3L	11870709	11870652	Deletion	57
3L	11873018	11872934	Deletion	84
3L	11873018	11872947	Deletion	71
3L	11873018	11872948	Deletion	70
3L	11873018	11872951	Deletion	67
3L	11873018	11872975	Deletion	43
3L	11874017	11873975	Deletion	42
3L	11874031	11873975	Deletion	56
3L	11874031	11873975	Deletion	56
3L	11874058	11873975	Deletion	83
3L	11874034	11873975	Deletion	59
3L	11885630	11885514	Deletion	116
3L	11885630	11885525	Deletion	105
3L	11885630	11885526	Deletion	104
3L	11885629	11885561	Deletion	68
3L	11885630	11885566	Deletion	64
3L	11885630	11885599	Deletion	31
3L	11887368	11887273	Deletion	95
3L	11887330	11887273	Deletion	57
3L	11887335	11887273	Deletion	62
3L	11890775	11890678	Deletion	97
3L	11890775	11890705	Deletion	70
3L	11891748	11891647	Deletion	101
3L	11891677	11891647	Deletion	30
3L	11891704	11891647	Deletion	57
3L	11915722	11915610	Deletion	112
3L	11915722	11915644	Deletion	78
3L	11915722	11915658	Deletion	64
3L	11918086	11918038	Deletion	48
3L	11918100	11918038	Deletion	62
3L	11922269	11922164	Deletion	105
3L	11922269	11922177	Deletion	92
3L	11922269	11922212	Deletion	57
3L	11922356	11922322	Deletion	34
3L	11922391	11922322	Deletion	69
3L	11922435	11922322	Deletion	113
3L	11922823	11922707	Deletion	116
3L	11922823	11922710	Deletion	113
3L	11922823	11922717	Deletion	106
3L	11922823	11922743	Deletion	80
3L	11922823	11922748	Deletion	75
3L	11922823	11922752	Deletion	71
3L	11922823	11922758	Deletion	65
3L	11922823	11922793	Deletion	30
3L	11923785	11923688	Deletion	97
3L	11923749	11923688	Deletion	61
3L	11923734	11923688	Deletion	46
3L	11923739	11923688	Deletion	51
3L	11923784	11923688	Deletion	96
3L	11923743	11923688	Deletion	55
3L	11923994	11923871	Deletion	123
3L	11923994	11923872	Deletion	122
3L	11923994	11923876	Deletion	118
3L	11923994	11923882	Deletion	112
3L	11923994	11923906	Deletion	88
3L	11923994	11923907	Deletion	87
3L	11923994	11923927	Deletion	67
3L	11923994	11923942	Deletion	52
3L	11924957	11924919	Deletion	38
3L	11924993	11924919	Deletion	74
3L	11924958	11924919	Deletion	39
3L	11925040	11924919	Deletion	121
3L	11924978	11924919	Deletion	59
3L	11936850	11936744	Deletion	106
3L	11936851	11936750	Deletion	101
3L	11936851	11936797	Deletion	54
3L	11936851	11936805	Deletion	46
3L	11944898	11944787	Deletion	111
3L	11944868	11944787	Deletion	81
3L	11944860	11944787	Deletion	73
3L	11944893	11944787	Deletion	106
3L	11946065	11945966	Deletion	99
3L	11946065	11946014	Deletion	51
3L	11946065	11946018	Deletion	47
3L	11946198	11946119	Deletion	79
3L	11946194	11946119	Deletion	75
3L	11946239	11946119	Deletion	120
3L	11947948	11947824	Deletion	124
3L	11947948	11947840	Deletion	108
3L	11947948	11947852	Deletion	96
3L	11947948	11947857	Deletion	91
3L	11947948	11947872	Deletion	76
3L	11947948	11947910	Deletion	38
3L	11947948	11947912	Deletion	36
3L	11948582	11948494	Deletion	88
3L	11948544	11948494	Deletion	50
3L	11948529	11948494	Deletion	35
3L	11948524	11948494	Deletion	30
3L	11948584	11948494	Deletion	90
3L	11948607	11948494	Deletion	113
3L	11948602	11948494	Deletion	108
3L	11950575	11950503	Deletion	72
3L	11951211	11951121	Deletion	90
3L	11951837	11951729	Deletion	108
3L	11951784	11951729	Deletion	55
3L	11951766	11951729	Deletion	37
3L	11966230	11966179	Deletion	51
3L	11966230	11966196	Deletion	34
3L	11968520	11968444	Deletion	76
3L	11968564	11968444	Deletion	120
3L	11968550	11968444	Deletion	106
3L	11968559	11968444	Deletion	115
3L	11968537	11968444	Deletion	93
3L	11968545	11968444	Deletion	101
3L	11977109	11976985	Deletion	124
3L	11977109	11977005	Deletion	104
3L	11977109	11977013	Deletion	96
3L	11977109	11977014	Deletion	95
3L	11977109	11977022	Deletion	87
3L	11977109	11977032	Deletion	77
3L	11977109	11977071	Deletion	38
3L	11989896	11989791	Deletion	105
3L	11989821	11989791	Deletion	30
3L	11989822	11989791	Deletion	31
3L	11989900	11989791	Deletion	109
3L	11989830	11989791	Deletion	39
3L	11989879	11989791	Deletion	88
3L	11989840	11989791	Deletion	49
3L	11993005	11992882	Deletion	123
3L	11993005	11992886	Deletion	119
3L	11993005	11992894	Deletion	111
3L	11993005	11992907	Deletion	98
3L	11993005	11992913	Deletion	92
3L	11993005	11992928	Deletion	77
3L	11993005	11992955	Deletion	50
3L	11993005	11992957	Deletion	48
3L	11993005	11992963	Deletion	42
3L	11993139	11993055	Deletion	84
3L	11993179	11993055	Deletion	124
3L	11993131	11993055	Deletion	76
3L	11993104	11993055	Deletion	49
3L	11993089	11993055	Deletion	34
3L	11993133	11993059	Deletion	74
3L	11994455	11994363	Deletion	92
3L	11994455	11994366	Deletion	89
3L	11994455	11994387	Deletion	68
3L	11994455	11994389	Deletion	66
3L	11994455	11994395	Deletion	60
3L	11994455	11994404	Deletion	51
3L	11994455	11994406	Deletion	49
3L	11994455	11994422	Deletion	33
3L	11995049	11994954	Deletion	95
3L	11995022	11994954	Deletion	68
3L	11995014	11994954	Deletion	60
3L	11994993	11994954	Deletion	39
3L	11994990	11994954	Deletion	36
3L	11995059	11994954	Deletion	105
3L	11995031	11994954	Deletion	77
3L	11995016	11994954	Deletion	62
3L	11995033	11994954	Deletion	79
3L	12006045	12005937	Deletion	108
3L	12006242	12006125	Deletion	117
3L	12006225	12006125	Deletion	100
3L	12006231	12006125	Deletion	106
3L	12026440	12026320	Deletion	120
3L	12026440	12026398	Deletion	42
3L	12026440	12026402	Deletion	38
3L	12026440	12026406	Deletion	34
3L	12027949	12027865	Deletion	84
3L	12027953	12027865	Deletion	88
3L	12027973	12027865	Deletion	108
3L	12027957	12027865	Deletion	92
3L	12027978	12027865	Deletion	113
3L	12042542	12042421	Deletion	121
3L	12042542	12042439	Deletion	103
3L	12042542	12042462	Deletion	80
3L	12042542	12042486	Deletion	56
3L	12042727	12042681	Deletion	46
3L	12042783	12042681	Deletion	102
3L	12042751	12042681	Deletion	70
3L	12042802	12042681	Deletion	121
3L	12043112	12043006	Deletion	106
3L	12043112	12043007	Deletion	105
3L	12043112	12043009	Deletion	103
3L	12043112	12043023	Deletion	89
3L	12043112	12043042	Deletion	70
3L	12051001	12050964	Deletion	37
3L	12051020	12050964	Deletion	56
3L	12051191	12051095	Deletion	96
3L	12051191	12051104	Deletion	87
3L	12051191	12051141	Deletion	50
3L	12051191	12051143	Deletion	48
3L	12051191	12051160	Deletion	31
3L	12051191	12051160	Deletion	31
3L	12062587	12062492	Deletion	95
3L	12062585	12062492	Deletion	93
3L	12062522	12062492	Deletion	30
3L	12062531	12062492	Deletion	39
3L	12062587	12062492	Deletion	95
3L	12062570	12062492	Deletion	78
3L	12062568	12062492	Deletion	76
3L	12062611	12062492	Deletion	119
3L	12075348	12075226	Deletion	122
3L	12079278	12079184	Deletion	94
3L	12079278	12079230	Deletion	48
3L	12079278	12079235	Deletion	43
3L	12084462	12084384	Deletion	78
3L	12084481	12084384	Deletion	97
3L	12084467	12084384	Deletion	83
3L	12084416	12084384	Deletion	32
3L	12084485	12084384	Deletion	101
3L	12095701	12095600	Deletion	101
3L	12095701	12095607	Deletion	94
3L	12095701	12095618	Deletion	83
3L	12095701	12095644	Deletion	57
3L	12095701	12095671	Deletion	30
3L	12095942	12095910	Deletion	32
3L	12096028	12095910	Deletion	118
3L	12096006	12095910	Deletion	96
3L	12095953	12095910	Deletion	43
3L	12096008	12095910	Deletion	98
3L	12096021	12095910	Deletion	111
3L	12096031	12095910	Deletion	121
3L	12095979	12095910	Deletion	69
3L	12096328	12096204	Deletion	124
3L	12096328	12096207	Deletion	121
3L	12096328	12096214	Deletion	114
3L	12096328	12096215	Deletion	113
3L	12096328	12096235	Deletion	93
3L	12096328	12096249	Deletion	79
3L	12096328	12096253	Deletion	75
3L	12096328	12096298	Deletion	30
3L	12101524	12101426	Deletion	98
3L	12101461	12101426	Deletion	35
3L	12101479	12101426	Deletion	53
3L	12101475	12101426	Deletion	49
3L	12109604	12109483	Deletion	121
3L	12111323	12111201	Deletion	122
3L	12111323	12111232	Deletion	91
3L	12111323	12111269	Deletion	54
3L	12111323	12111277	Deletion	46
3L	12111323	12111282	Deletion	41
3L	12115909	12115804	Deletion	105
3L	12115840	12115804	Deletion	36
3L	12115876	12115804	Deletion	72
3L	12115889	12115804	Deletion	85
3L	12115884	12115804	Deletion	80
3L	12115914	12115804	Deletion	110
3L	12115996	12115875	Deletion	121
3L	12128819	12128723	Deletion	96
3L	12128819	12128770	Deletion	49
3L	12128819	12128772	Deletion	47
3L	12128819	12128789	Deletion	30
3L	12129717	12129613	Deletion	104
3L	12129732	12129613	Deletion	119
3L	12129692	12129613	Deletion	79
3L	12129643	12129613	Deletion	30
3L	12129690	12129613	Deletion	77
3L	12129721	12129613	Deletion	108
3L	12129709	12129613	Deletion	96
3L	12129735	12129613	Deletion	122
3L	12154420	12154309	Deletion	111
3L	12154420	12154319	Deletion	101
3L	12154420	12154365	Deletion	55
3L	12154766	12154655	Deletion	111
3L	12154764	12154655	Deletion	109
3L	12154726	12154655	Deletion	71
3L	12179491	12179368	Deletion	123
3L	12184407	12184317	Deletion	90
3L	12184407	12184322	Deletion	85
3L	12184407	12184338	Deletion	69
3L	12184407	12184352	Deletion	55
3L	12184402	12184365	Deletion	37
3L	12184407	12184374	Deletion	33
3L	12184518	12184461	Deletion	57
3L	12184532	12184461	Deletion	71
3L	12184567	12184461	Deletion	106
3L	12184545	12184461	Deletion	84
3L	12184502	12184461	Deletion	41
3L	12184497	12184461	Deletion	36
3L	12184554	12184461	Deletion	93
3L	12189190	12189069	Deletion	121
3L	12189190	12189088	Deletion	102
3L	12189190	12189139	Deletion	51
3L	12189190	12189148	Deletion	42
3L	12189190	12189157	Deletion	33
3L	12193351	12193236	Deletion	115
3L	12193331	12193236	Deletion	95
3L	12193313	12193236	Deletion	77
3L	12193322	12193236	Deletion	86
3L	12194548	12194511	Deletion	37
3L	12197507	12197401	Deletion	106
3L	12197491	12197401	Deletion	90
3L	12197517	12197401	Deletion	116
3L	12205755	12205640	Deletion	115
3L	12205755	12205648	Deletion	107
3L	12205755	12205652	Deletion	103
3L	12205755	12205687	Deletion	68
3L	12220980	12220872	Deletion	108
3L	12220931	12220872	Deletion	59
3L	12234982	12234860	Deletion	122
3L	12234982	12234904	Deletion	78
3L	12234982	12234941	Deletion	41
3L	12235135	12235086	Deletion	49
3L	12235172	12235086	Deletion	86
3L	12235205	12235086	Deletion	119
3L	12269236	12269114	Deletion	122
3L	12269236	12269132	Deletion	104
3L	12269236	12269143	Deletion	93
3L	12269236	12269150	Deletion	86
3L	12269236	12269154	Deletion	82
3L	12269236	12269168	Deletion	68
3L	12269236	12269172	Deletion	64
3L	12273793	12273688	Deletion	105
3L	12273795	12273688	Deletion	107
3L	12273746	12273688	Deletion	58
3L	12273793	12273688	Deletion	105
3L	12273721	12273688	Deletion	33
3L	12273786	12273688	Deletion	98
3L	12273728	12273688	Deletion	40
3L	12273732	12273688	Deletion	44
3L	12273750	12273688	Deletion	62
3L	12289747	12289630	Deletion	117
3L	12294192	12294068	Deletion	124
3L	12308538	12308417	Deletion	121
3L	12308538	12308424	Deletion	114
3L	12308538	12308429	Deletion	109
3L	12308538	12308431	Deletion	107
3L	12308538	12308441	Deletion	97
3L	12308538	12308464	Deletion	74
3L	12308538	12308467	Deletion	71
3L	12314391	12314286	Deletion	105
3L	12314338	12314286	Deletion	52
3L	12314385	12314286	Deletion	99
3L	12314341	12314286	Deletion	55
3L	12337617	12337533	Deletion	84
3L	12337617	12337533	Deletion	84
3L	12337617	12337556	Deletion	61
3L	12338783	12338717	Deletion	66
3L	12338832	12338717	Deletion	115
3L	12338760	12338717	Deletion	43
3L	12338760	12338717	Deletion	43
3L	12347458	12347360	Deletion	98
3L	12347458	12347366	Deletion	92
3L	12347542	12347506	Deletion	36
3L	12347536	12347506	Deletion	30
3L	12347619	12347507	Deletion	112
3L	12360416	12360385	Deletion	31
3L	12360587	12360466	Deletion	121
3L	12360565	12360466	Deletion	99
3L	12360581	12360466	Deletion	115
3L	12360583	12360466	Deletion	117
3L	12362951	12362830	Deletion	121
3L	12364812	12364732	Deletion	80
3L	12364812	12364740	Deletion	72
3L	12364812	12364768	Deletion	44
3L	12367452	12367396	Deletion	56
3L	12367480	12367396	Deletion	84
3L	12367444	12367396	Deletion	48
3L	12367508	12367396	Deletion	112
3L	12367863	12367744	Deletion	119
3L	12367863	12367749	Deletion	114
3L	12367863	12367777	Deletion	86
3L	12369118	12368999	Deletion	119
3L	12369100	12368999	Deletion	101
3L	12369039	12368999	Deletion	40
3L	12372425	12372307	Deletion	118
3L	12372425	12372338	Deletion	87
3L	12372425	12372379	Deletion	46
3L	12374302	12374221	Deletion	81
3L	12374261	12374221	Deletion	40
3L	12393037	12392953	Deletion	84
3L	12393037	12392976	Deletion	61
3L	12393037	12392988	Deletion	49
3L	12393171	12393106	Deletion	65
3L	12393148	12393106	Deletion	42
3L	12393213	12393106	Deletion	107
3L	12393226	12393106	Deletion	120
3L	12393183	12393106	Deletion	77
3L	12396882	12396771	Deletion	111
3L	12396882	12396797	Deletion	85
3L	12396882	12396816	Deletion	66
3L	12396882	12396821	Deletion	61
3L	12396882	12396847	Deletion	35
3L	12397940	12397899	Deletion	41
3L	12397964	12397899	Deletion	65
3L	12397959	12397899	Deletion	60
3L	12397990	12397899	Deletion	91
3L	12408176	12408090	Deletion	86
3L	12408176	12408129	Deletion	47
3L	12409262	12409182	Deletion	80
3L	12409304	12409182	Deletion	122
3L	12409294	12409182	Deletion	112
3L	12417556	12417444	Deletion	112
3L	12417556	12417451	Deletion	105
3L	12417556	12417457	Deletion	99
3L	12417556	12417477	Deletion	79
3L	12417556	12417487	Deletion	69
3L	12417556	12417488	Deletion	68
3L	12417913	12417806	Deletion	107
3L	12417864	12417806	Deletion	58
3L	12417927	12417806	Deletion	121
3L	12417863	12417806	Deletion	57
3L	12417853	12417806	Deletion	47
3L	12435716	12435593	Deletion	123
3L	12435716	12435618	Deletion	98
3L	12435716	12435636	Deletion	80
3L	12435716	12435647	Deletion	69
3L	12435716	12435674	Deletion	42
3L	12440554	12440434	Deletion	120
3L	12440519	12440434	Deletion	85
3L	12440492	12440434	Deletion	58
3L	12440481	12440434	Deletion	47
3L	12445967	12445874	Deletion	93
3L	12445967	12445913	Deletion	54
3L	12451045	12450972	Deletion	73
3L	12451006	12450972	Deletion	34
3L	12451091	12450972	Deletion	119
3L	12459063	12458967	Deletion	96
3L	12472691	12472575	Deletion	116
3L	12472605	12472575	Deletion	30
3L	12479212	12479101	Deletion	111
3L	12479212	12479160	Deletion	52
3L	12479212	12479167	Deletion	45
3L	12479212	12479175	Deletion	37
3L	12479212	12479175	Deletion	37
3L	12481347	12481257	Deletion	90
3L	12481372	12481257	Deletion	115
3L	12481363	12481257	Deletion	106
3L	12481347	12481257	Deletion	90
3L	12481332	12481257	Deletion	75
3L	12481339	12481257	Deletion	82
3L	12507832	12507719	Deletion	113
3L	12507832	12507735	Deletion	97
3L	12507832	12507744	Deletion	88
3L	12507832	12507764	Deletion	68
3L	12507832	12507798	Deletion	34
3L	12522203	12522090	Deletion	113
3L	12522131	12522090	Deletion	41
3L	12522198	12522090	Deletion	108
3L	12522185	12522090	Deletion	95
3L	12522151	12522090	Deletion	61
3L	12522191	12522090	Deletion	101
3L	12522122	12522090	Deletion	32
3L	12534890	12534784	Deletion	106
3L	12534890	12534786	Deletion	104
3L	12534890	12534809	Deletion	81
3L	12534890	12534816	Deletion	74
3L	12534890	12534841	Deletion	49
3L	12534890	12534856	Deletion	34
3L	12535111	12535058	Deletion	53
3L	12535136	12535058	Deletion	78
3L	12535104	12535058	Deletion	46
3L	12535151	12535058	Deletion	93
3L	12539517	12539469	Deletion	48
3L	12542157	12542077	Deletion	80
3L	12542196	12542077	Deletion	119
3L	12549029	12548908	Deletion	121
3L	12557722	12557613	Deletion	109
3L	12557722	12557643	Deletion	79
3L	12557722	12557691	Deletion	31
3L	12566048	12565951	Deletion	97
3L	12566000	12565951	Deletion	49
3L	12566058	12565951	Deletion	107
3L	12566069	12565951	Deletion	118
3L	12589736	12589613	Deletion	123
3L	12589736	12589614	Deletion	122
3L	12589736	12589640	Deletion	96
3L	12589736	12589667	Deletion	69
3L	12589736	12589690	Deletion	46
3L	12592411	12592353	Deletion	58
3L	12592434	12592353	Deletion	81
3L	12592465	12592353	Deletion	112
3L	12592384	12592353	Deletion	31
3L	12597098	12596982	Deletion	116
3L	12597098	12596983	Deletion	115
3L	12597098	12597013	Deletion	85
3L	12597098	12597017	Deletion	81
3L	12597098	12597018	Deletion	80
3L	12597098	12597022	Deletion	76
3L	12597098	12597052	Deletion	46
3L	12597098	12597059	Deletion	39
3L	12598949	12598868	Deletion	81
3L	12598981	12598868	Deletion	113
3L	12598915	12598868	Deletion	47
3L	12598969	12598868	Deletion	101
3L	12598919	12598868	Deletion	51
3L	12598914	12598868	Deletion	46
3L	12598956	12598868	Deletion	88
3L	12598910	12598868	Deletion	42
3L	12604317	12604201	Deletion	116
3L	12604317	12604230	Deletion	87
3L	12604317	12604243	Deletion	74
3L	12604584	12604530	Deletion	54
3L	12604641	12604530	Deletion	111
3L	12604630	12604530	Deletion	100
3L	12604570	12604530	Deletion	40
3L	12604632	12604530	Deletion	102
3L	12605460	12605340	Deletion	120
3L	12605460	12605352	Deletion	108
3L	12605460	12605354	Deletion	106
3L	12605460	12605357	Deletion	103
3L	12605460	12605373	Deletion	87
3L	12605460	12605387	Deletion	73
3L	12606105	12606066	Deletion	39
3L	12606119	12606066	Deletion	53
3L	12646426	12646302	Deletion	124
3L	12646426	12646309	Deletion	117
3L	12646426	12646315	Deletion	111
3L	12646426	12646341	Deletion	85
3L	12646426	12646347	Deletion	79
3L	12646426	12646357	Deletion	69
3L	12646426	12646369	Deletion	57
3L	12660622	12660581	Deletion	41
3L	12660697	12660581	Deletion	116
3L	12660638	12660581	Deletion	57
3L	12660650	12660581	Deletion	69
3L	12660628	12660581	Deletion	47
3L	12661101	12661006	Deletion	95
3L	12661101	12661009	Deletion	92
3L	12661101	12661012	Deletion	89
3L	12661101	12661047	Deletion	54
3L	12661101	12661063	Deletion	38
3L	12670101	12670005	Deletion	96
3L	12670044	12670012	Deletion	32
3L	12670050	12670012	Deletion	38
3L	12670085	12670012	Deletion	73
3L	12670047	12670012	Deletion	35
3L	12692207	12692088	Deletion	119
3L	12692207	12692103	Deletion	104
3L	12692207	12692151	Deletion	56
3L	12692207	12692163	Deletion	44
3L	12692207	12692165	Deletion	42
3L	12692207	12692172	Deletion	35
3L	12695534	12695452	Deletion	82
3L	12695522	12695452	Deletion	70
3L	12695543	12695452	Deletion	91
3L	12695536	12695452	Deletion	84
3L	12700267	12700158	Deletion	109
3L	12700267	12700161	Deletion	106
3L	12700267	12700187	Deletion	80
3L	12700267	12700202	Deletion	65
3L	12700267	12700220	Deletion	47
3L	12700267	12700231	Deletion	36
3L	12711034	12710964	Deletion	70
3L	12711088	12710964	Deletion	124
3L	12711080	12710964	Deletion	116
3L	12711019	12710964	Deletion	55
3L	12711063	12710964	Deletion	99
3L	12711052	12710964	Deletion	88
3L	12711080	12710964	Deletion	116
3L	12732841	12732717	Deletion	124
3L	12732841	12732749	Deletion	92
3L	12732841	12732787	Deletion	54
3L	12732841	12732803	Deletion	38
3L	12743209	12743121	Deletion	88
3L	12743155	12743121	Deletion	34
3L	12743193	12743121	Deletion	72
3L	12770072	12769990	Deletion	82
3L	12770072	12769992	Deletion	80
3L	12770072	12769997	Deletion	75
3L	12770072	12770030	Deletion	42
3L	12770072	12770033	Deletion	39
3L	12770369	12770285	Deletion	84
3L	12770372	12770285	Deletion	87
3L	12770406	12770285	Deletion	121
3L	12770336	12770285	Deletion	51
3L	12770383	12770285	Deletion	98
3L	12770329	12770285	Deletion	44
3L	12770331	12770285	Deletion	46
3L	12774904	12774831	Deletion	73
3L	12774904	12774837	Deletion	67
3L	12774904	12774847	Deletion	57
3L	12774904	12774851	Deletion	53
3L	12776110	12776055	Deletion	55
3L	12776126	12776055	Deletion	71
3L	12776130	12776055	Deletion	75
3L	12776116	12776055	Deletion	61
3L	12778859	12778739	Deletion	120
3L	12778859	12778768	Deletion	91
3L	12778859	12778799	Deletion	60
3L	12778859	12778804	Deletion	55
3L	12778859	12778823	Deletion	36
3L	12791840	12791768	Deletion	72
3L	12791835	12791768	Deletion	67
3L	12791886	12791768	Deletion	118
3L	12791804	12791768	Deletion	36
3L	12791859	12791768	Deletion	91
3L	12798140	12798028	Deletion	112
3L	12799926	12799810	Deletion	116
3L	12799926	12799824	Deletion	102
3L	12800151	12800027	Deletion	124
3L	12806054	12805940	Deletion	114
3L	12806054	12805950	Deletion	104
3L	12806054	12805959	Deletion	95
3L	12806054	12805976	Deletion	78
3L	12806054	12805977	Deletion	77
3L	12806054	12805983	Deletion	71
3L	12806054	12805992	Deletion	62
3L	12806054	12805993	Deletion	61
3L	12806054	12805994	Deletion	60
3L	12806054	12805999	Deletion	55
3L	12806054	12806010	Deletion	44
3L	12806054	12806013	Deletion	41
3L	12806054	12806016	Deletion	38
3L	12809280	12809218	Deletion	62
3L	12809291	12809218	Deletion	73
3L	12809256	12809218	Deletion	38
3L	12809310	12809218	Deletion	92
3L	12809296	12809218	Deletion	78
3L	12809289	12809218	Deletion	71
3L	12809274	12809218	Deletion	56
3L	12809307	12809218	Deletion	89
3L	12809313	12809218	Deletion	95
3L	12809290	12809218	Deletion	72
3L	12809273	12809218	Deletion	55
3L	12819223	12819101	Deletion	122
3L	12845409	12845328	Deletion	81
3L	12845409	12845355	Deletion	54
3L	12846735	12846613	Deletion	122
3L	12846685	12846613	Deletion	72
3L	12846658	12846613	Deletion	45
3L	12846723	12846613	Deletion	110
3L	12870102	12870038	Deletion	64
3L	12870102	12870044	Deletion	58
3L	12870102	12870057	Deletion	45
3L	12871291	12871174	Deletion	117
3L	12871272	12871174	Deletion	98
3L	12871242	12871174	Deletion	68
3L	12871236	12871174	Deletion	62
3L	12871256	12871180	Deletion	76
3L	12875302	12875240	Deletion	62
3L	12878393	12878277	Deletion	116
3L	12878393	12878300	Deletion	93
3L	12878393	12878303	Deletion	90
3L	12878393	12878311	Deletion	82
3L	12878393	12878347	Deletion	46
3L	12884022	12883989	Deletion	33
3L	12884033	12883989	Deletion	44
3L	12884025	12883989	Deletion	36
3L	12884092	12883989	Deletion	103
3L	12884069	12883989	Deletion	80
3L	12884447	12884351	Deletion	96
3L	12884447	12884370	Deletion	77
3L	12884447	12884402	Deletion	45
3L	12884609	12884528	Deletion	81
3L	12884558	12884528	Deletion	30
3L	12884577	12884528	Deletion	49
3L	12884638	12884528	Deletion	110
3L	12887504	12887390	Deletion	114
3L	12887504	12887411	Deletion	93
3L	12887504	12887412	Deletion	92
3L	12887504	12887440	Deletion	64
3L	12887504	12887443	Deletion	61
3L	12887504	12887457	Deletion	47
3L	12888219	12888157	Deletion	62
3L	12888222	12888157	Deletion	65
3L	12888260	12888157	Deletion	103
3L	12888190	12888157	Deletion	33
3L	12888236	12888157	Deletion	79
3L	12895207	12895110	Deletion	97
3L	12895734	12895634	Deletion	100
3L	12895664	12895634	Deletion	30
3L	12898389	12898267	Deletion	122
3L	12924383	12924272	Deletion	111
3L	12924475	12924422	Deletion	53
3L	12926979	12926858	Deletion	121
3L	12940936	12940814	Deletion	122
3L	12948071	12947949	Deletion	122
3L	12959807	12959713	Deletion	94
3L	12962121	12962083	Deletion	38
3L	12970429	12970322	Deletion	107
3L	12970429	12970328	Deletion	101
3L	12970427	12970387	Deletion	40
3L	12972989	12972904	Deletion	85
3L	12974382	12974261	Deletion	121
3L	12977915	12977814	Deletion	101
3L	12977915	12977816	Deletion	99
3L	12977915	12977816	Deletion	99
3L	12977915	12977849	Deletion	66
3L	12977915	12977878	Deletion	37
3L	12978248	12978145	Deletion	103
3L	12978252	12978145	Deletion	107
3L	12978175	12978145	Deletion	30
3L	12978175	12978145	Deletion	30
3L	12978208	12978145	Deletion	63
3L	12978237	12978145	Deletion	92
3L	12983785	12983705	Deletion	80
3L	12983785	12983716	Deletion	69
3L	12983785	12983732	Deletion	53
3L	12983785	12983753	Deletion	32
3L	12984259	12984165	Deletion	94
3L	12984211	12984165	Deletion	46
3L	12984238	12984165	Deletion	73
3L	12984271	12984165	Deletion	106
3L	12984222	12984165	Deletion	57
3L	12987805	12987700	Deletion	105
3L	12987805	12987742	Deletion	63
3L	12987805	12987748	Deletion	57
3L	12987805	12987761	Deletion	44
3L	12988023	12987960	Deletion	63
3L	12988071	12987960	Deletion	111
3L	12988029	12987960	Deletion	69
3L	12988042	12987960	Deletion	82
3L	12994272	12994173	Deletion	99
3L	12994272	12994220	Deletion	52
3L	12994547	12994431	Deletion	116
3L	12994536	12994431	Deletion	105
3L	12994505	12994431	Deletion	74
3L	13000189	13000069	Deletion	120
3L	13000189	13000082	Deletion	107
3L	13000189	13000088	Deletion	101
3L	13000189	13000090	Deletion	99
3L	13000189	13000098	Deletion	91
3L	13000189	13000110	Deletion	79
3L	13000189	13000127	Deletion	62
3L	13000189	13000145	Deletion	44
3L	13000189	13000150	Deletion	39
3L	13015942	13015857	Deletion	85
3L	13015887	13015857	Deletion	30
3L	13015947	13015857	Deletion	90
3L	13015895	13015857	Deletion	38
3L	13015907	13015857	Deletion	50
3L	13015969	13015857	Deletion	112
3L	13015924	13015857	Deletion	67
3L	13022853	13022731	Deletion	122
3L	13023630	13023506	Deletion	124
3L	13024624	13024524	Deletion	100
3L	13024624	13024545	Deletion	79
3L	13024624	13024581	Deletion	43
3L	13024624	13024585	Deletion	39
3L	13025706	13025659	Deletion	47
3L	13025742	13025659	Deletion	83
3L	13025746	13025659	Deletion	87
3L	13025770	13025659	Deletion	111
3L	13027863	13027742	Deletion	121
3L	13028883	13028762	Deletion	121
3L	13028883	13028814	Deletion	69
3L	13028883	13028814	Deletion	69
3L	13028883	13028827	Deletion	56
3L	13029364	13029293	Deletion	71
3L	13029351	13029293	Deletion	58
3L	13029351	13029293	Deletion	58
3L	13029397	13029293	Deletion	104
3L	13029395	13029293	Deletion	102
3L	13033001	13032883	Deletion	118
3L	13033001	13032900	Deletion	101
3L	13033001	13032921	Deletion	80
3L	13033001	13032933	Deletion	68
3L	13033001	13032947	Deletion	54
3L	13041542	13041496	Deletion	46
3L	13041600	13041496	Deletion	104
3L	13041568	13041496	Deletion	72
3L	13041554	13041496	Deletion	58
3L	13043637	13043523	Deletion	114
3L	13043637	13043529	Deletion	108
3L	13043637	13043537	Deletion	100
3L	13043637	13043555	Deletion	82
3L	13050446	13050401	Deletion	45
3L	13050505	13050401	Deletion	104
3L	13051921	13051803	Deletion	118
3L	13051921	13051812	Deletion	109
3L	13051921	13051815	Deletion	106
3L	13051921	13051830	Deletion	91
3L	13051921	13051857	Deletion	64
3L	13051921	13051891	Deletion	30
3L	13055263	13055224	Deletion	39
3L	13055333	13055224	Deletion	109
3L	13055340	13055224	Deletion	116
3L	13055290	13055224	Deletion	66
3L	13055324	13055224	Deletion	100
3L	13061139	13061018	Deletion	121
3L	13061139	13061020	Deletion	119
3L	13061139	13061026	Deletion	113
3L	13061139	13061070	Deletion	69
3L	13061139	13061105	Deletion	34
3L	13061139	13061109	Deletion	30
3L	13065798	13065702	Deletion	96
3L	13065813	13065702	Deletion	111
3L	13065794	13065702	Deletion	92
3L	13065759	13065702	Deletion	57
3L	13065825	13065702	Deletion	123
3L	13065825	13065702	Deletion	123
3L	13066571	13066448	Deletion	123
3L	13068638	13068525	Deletion	113
3L	13068638	13068537	Deletion	101
3L	13068638	13068556	Deletion	82
3L	13068638	13068557	Deletion	81
3L	13068638	13068577	Deletion	61
3L	13068638	13068585	Deletion	53
3L	13068638	13068607	Deletion	31
3L	13068985	13068887	Deletion	98
3L	13068955	13068887	Deletion	68
3L	13068963	13068887	Deletion	76
3L	13068995	13068887	Deletion	108
3L	13068996	13068887	Deletion	109
3L	13068935	13068887	Deletion	48
3L	13068994	13068887	Deletion	107
3L	13068934	13068887	Deletion	47
3L	13072723	13072609	Deletion	114
3L	13072723	13072612	Deletion	111
3L	13072723	13072656	Deletion	67
3L	13072723	13072661	Deletion	62
3L	13075558	13075494	Deletion	64
3L	13075553	13075494	Deletion	59
3L	13096697	13096575	Deletion	122
3L	13097058	13096972	Deletion	86
3L	13097058	13096972	Deletion	86
3L	13097058	13096974	Deletion	84
3L	13097058	13096984	Deletion	74
3L	13097058	13097021	Deletion	37
3L	13097677	13097625	Deletion	52
3L	13097743	13097625	Deletion	118
3L	13097665	13097625	Deletion	40
3L	13097734	13097625	Deletion	109
3L	13097665	13097625	Deletion	40
3L	13097714	13097625	Deletion	89
3L	13097667	13097625	Deletion	42
3L	13099357	13099250	Deletion	107
3L	13099357	13099257	Deletion	100
3L	13099357	13099314	Deletion	43
3L	13099357	13099316	Deletion	41
3L	13099357	13099319	Deletion	38
3L	13099357	13099325	Deletion	32
3L	13108492	13108404	Deletion	88
3L	13108489	13108404	Deletion	85
3L	13108498	13108404	Deletion	94
3L	13108517	13108404	Deletion	113
3L	13108487	13108404	Deletion	83
3L	13110356	13110251	Deletion	105
3L	13110356	13110262	Deletion	94
3L	13110356	13110282	Deletion	74
3L	13110356	13110319	Deletion	37
3L	13110356	13110323	Deletion	33
3L	13129990	13129882	Deletion	108
3L	13129937	13129882	Deletion	55
3L	13129978	13129882	Deletion	96
3L	13129917	13129882	Deletion	35
3L	13129974	13129882	Deletion	92
3L	13136205	13136086	Deletion	119
3L	13136205	13136095	Deletion	110
3L	13136205	13136098	Deletion	107
3L	13136205	13136121	Deletion	84
3L	13136205	13136123	Deletion	82
3L	13137955	13137911	Deletion	44
3L	13137957	13137911	Deletion	46
3L	13138011	13137911	Deletion	100
3L	13138031	13137911	Deletion	120
3L	13138035	13137911	Deletion	124
3L	13143452	13143346	Deletion	106
3L	13143452	13143366	Deletion	86
3L	13143452	13143366	Deletion	86
3L	13143452	13143375	Deletion	77
3L	13143452	13143382	Deletion	70
3L	13143452	13143407	Deletion	45
3L	13143452	13143412	Deletion	40
3L	13150840	13150752	Deletion	88
3L	13150803	13150752	Deletion	51
3L	13150810	13150752	Deletion	58
3L	13150835	13150752	Deletion	83
3L	13150794	13150752	Deletion	42
3L	13150794	13150752	Deletion	42
3L	13155773	13155672	Deletion	101
3L	13155773	13155720	Deletion	53
3L	13157323	13157249	Deletion	74
3L	13157370	13157249	Deletion	121
3L	13157369	13157249	Deletion	120
3L	13157349	13157249	Deletion	100
3L	13160892	13160768	Deletion	124
3L	13160892	13160808	Deletion	84
3L	13160892	13160826	Deletion	66
3L	13160892	13160831	Deletion	61
3L	13160892	13160842	Deletion	50
3L	13161130	13161070	Deletion	60
3L	13161173	13161070	Deletion	103
3L	13161135	13161070	Deletion	65
3L	13161112	13161070	Deletion	42
3L	13161172	13161070	Deletion	102
3L	13161184	13161070	Deletion	114
3L	13161146	13161070	Deletion	76
3L	13161369	13161250	Deletion	119
3L	13161369	13161260	Deletion	109
3L	13161369	13161267	Deletion	102
3L	13161369	13161270	Deletion	99
3L	13161369	13161303	Deletion	66
3L	13161369	13161314	Deletion	55
3L	13161369	13161315	Deletion	54
3L	13171361	13171287	Deletion	74
3L	13171360	13171287	Deletion	73
3L	13171349	13171287	Deletion	62
3L	13193800	13193689	Deletion	111
3L	13193800	13193705	Deletion	95
3L	13193800	13193705	Deletion	95
3L	13193800	13193751	Deletion	49
3L	13193800	13193753	Deletion	47
3L	13193800	13193763	Deletion	37
3L	13200448	13200346	Deletion	102
3L	13200378	13200346	Deletion	32
3L	13200468	13200346	Deletion	122
3L	13200378	13200346	Deletion	32
3L	13200424	13200346	Deletion	78
3L	13200426	13200346	Deletion	80
3L	13200444	13200346	Deletion	98
3L	13200436	13200346	Deletion	90
3L	13200835	13200764	Deletion	71
3L	13200835	13200775	Deletion	60
3L	13213763	13213706	Deletion	57
3L	13213774	13213706	Deletion	68
3L	13213800	13213720	Deletion	80
3L	13213800	13213738	Deletion	62
3L	13213800	13213764	Deletion	36
3L	13214092	13214028	Deletion	64
3L	13214118	13214028	Deletion	90
3L	13214074	13214028	Deletion	46
3L	13215636	13215536	Deletion	100
3L	13225254	13225144	Deletion	110
3L	13239225	13239102	Deletion	123
3L	13242326	13242202	Deletion	124
3L	13249063	13248941	Deletion	122
3L	13249252	13249153	Deletion	99
3L	13249252	13249154	Deletion	98
3L	13249252	13249154	Deletion	98
3L	13249252	13249198	Deletion	54
3L	13249252	13249204	Deletion	48
3L	13249252	13249216	Deletion	36
3L	13254672	13254582	Deletion	90
3L	13254654	13254582	Deletion	72
3L	13254693	13254582	Deletion	111
3L	13254660	13254582	Deletion	78
3L	13284090	13283980	Deletion	110
3L	13284090	13283995	Deletion	95
3L	13284090	13284021	Deletion	69
3L	13284086	13284042	Deletion	44
3L	13284710	13284679	Deletion	31
3L	13284736	13284679	Deletion	57
3L	13284757	13284679	Deletion	78
3L	13294580	13294452	Deletion	128
3L	13295178	13295057	Deletion	121
3L	13295178	13295087	Deletion	91
3L	13295178	13295087	Deletion	91
3L	13295178	13295114	Deletion	64
3L	13296521	13296486	Deletion	35
3L	13296521	13296486	Deletion	35
3L	13296548	13296486	Deletion	62
3L	13296609	13296486	Deletion	123
3L	13296588	13296486	Deletion	102
3L	13296599	13296486	Deletion	113
3L	13308381	13308270	Deletion	111
3L	13308381	13308287	Deletion	94
3L	13308381	13308302	Deletion	79
3L	13308381	13308307	Deletion	74
3L	13308381	13308325	Deletion	56
3L	13308381	13308344	Deletion	37
3L	13309109	13309060	Deletion	49
3L	13309094	13309060	Deletion	34
3L	13309151	13309060	Deletion	91
3L	13309114	13309060	Deletion	54
3L	13309132	13309060	Deletion	72
3L	13317035	13316924	Deletion	111
3L	13317035	13316935	Deletion	100
3L	13317035	13316935	Deletion	100
3L	13317035	13316941	Deletion	94
3L	13317035	13316985	Deletion	50
3L	13317035	13316989	Deletion	46
3L	13326789	13326676	Deletion	113
3L	13326752	13326676	Deletion	76
3L	13326756	13326676	Deletion	80
3L	13326708	13326676	Deletion	32
3L	13331544	13331423	Deletion	121
3L	13331892	13331780	Deletion	112
3L	13331892	13331844	Deletion	48
3L	13332769	13332690	Deletion	79
3L	13332814	13332690	Deletion	124
3L	13332794	13332690	Deletion	104
3L	13349827	13349710	Deletion	117
3L	13349827	13349739	Deletion	88
3L	13349827	13349743	Deletion	84
3L	13349827	13349750	Deletion	77
3L	13349827	13349763	Deletion	64
3L	13376376	13376266	Deletion	110
3L	13376330	13376266	Deletion	64
3L	13376306	13376266	Deletion	40
3L	13376310	13376266	Deletion	44
3L	13376317	13376266	Deletion	51
3L	13377444	13377321	Deletion	123
3L	13377444	13377366	Deletion	78
3L	13377444	13377378	Deletion	66
3L	13377444	13377398	Deletion	46
3L	13377444	13377413	Deletion	31
3L	13383969	13383889	Deletion	80
3L	13384008	13383889	Deletion	119
3L	13383949	13383889	Deletion	60
3L	13384010	13383889	Deletion	121
3L	13383937	13383889	Deletion	48
3L	13383984	13383889	Deletion	95
3L	13384423	13384300	Deletion	123
3L	13384539	13384434	Deletion	105
3L	13384539	13384466	Deletion	73
3L	13384539	13384473	Deletion	66
3L	13384539	13384495	Deletion	44
3L	13384539	13384506	Deletion	33
3L	13388182	13388100	Deletion	82
3L	13388160	13388100	Deletion	60
3L	13388153	13388100	Deletion	53
3L	13388193	13388100	Deletion	93
3L	13395495	13395381	Deletion	114
3L	13395495	13395395	Deletion	100
3L	13395495	13395414	Deletion	81
3L	13395495	13395415	Deletion	80
3L	13395495	13395423	Deletion	72
3L	13395495	13395442	Deletion	53
3L	13395495	13395443	Deletion	52
3L	13395495	13395445	Deletion	50
3L	13395495	13395447	Deletion	48
3L	13395495	13395448	Deletion	47
3L	13395495	13395464	Deletion	31
3L	13395495	13395464	Deletion	31
3L	13395632	13395556	Deletion	76
3L	13395653	13395556	Deletion	97
3L	13395604	13395556	Deletion	48
3L	13395636	13395556	Deletion	80
3L	13395637	13395556	Deletion	81
3L	13395634	13395556	Deletion	78
3L	13395673	13395556	Deletion	117
3L	13395653	13395556	Deletion	97
3L	13395612	13395556	Deletion	56
3L	13395603	13395556	Deletion	47
3L	13395631	13395556	Deletion	75
3L	13418516	13418403	Deletion	113
3L	13418516	13418434	Deletion	82
3L	13418516	13418441	Deletion	75
3L	13420103	13420059	Deletion	44
3L	13420110	13420059	Deletion	51
3L	13420177	13420060	Deletion	117
3L	13424007	13423918	Deletion	89
3L	13426684	13426565	Deletion	119
3L	13426602	13426565	Deletion	37
3L	13426675	13426565	Deletion	110
3L	13454454	13454354	Deletion	100
3L	13454454	13454366	Deletion	88
3L	13454454	13454371	Deletion	83
3L	13466626	13466588	Deletion	38
3L	13466688	13466588	Deletion	100
3L	13466697	13466588	Deletion	109
3L	13466631	13466588	Deletion	43
3L	13469286	13469200	Deletion	86
3L	13469286	13469211	Deletion	75
3L	13469286	13469228	Deletion	58
3L	13471951	13471844	Deletion	107
3L	13471914	13471844	Deletion	70
3L	13471944	13471844	Deletion	100
3L	13471886	13471844	Deletion	42
3L	13471897	13471844	Deletion	53
3L	13489587	13489502	Deletion	85
3L	13489587	13489503	Deletion	84
3L	13489587	13489507	Deletion	80
3L	13489587	13489538	Deletion	49
3L	13489587	13489539	Deletion	48
3L	13489587	13489547	Deletion	40
3L	13490524	13490476	Deletion	48
3L	13490520	13490476	Deletion	44
3L	13490519	13490476	Deletion	43
3L	13490564	13490476	Deletion	88
3L	13490555	13490476	Deletion	79
3L	13490556	13490476	Deletion	80
3L	13491860	13491744	Deletion	116
3L	13491860	13491751	Deletion	109
3L	13491860	13491755	Deletion	105
3L	13491860	13491795	Deletion	65
3L	13491860	13491814	Deletion	46
3L	13494083	13494022	Deletion	61
3L	13494137	13494022	Deletion	115
3L	13494102	13494022	Deletion	80
3L	13511295	13511171	Deletion	124
3L	13511305	13511185	Deletion	120
3L	13511300	13511192	Deletion	108
3L	13511305	13511199	Deletion	106
3L	13511305	13511208	Deletion	97
3L	13511305	13511209	Deletion	96
3L	13511305	13511212	Deletion	93
3L	13511305	13511227	Deletion	78
3L	13511305	13511228	Deletion	77
3L	13511305	13511257	Deletion	48
3L	13511578	13511548	Deletion	30
3L	13511597	13511548	Deletion	49
3L	13511581	13511548	Deletion	33
3L	13511596	13511548	Deletion	48
3L	13511626	13511548	Deletion	78
3L	13511664	13511548	Deletion	116
3L	13519179	13519092	Deletion	87
3L	13519179	13519138	Deletion	41
3L	13525146	13525028	Deletion	118
3L	13525133	13525028	Deletion	105
3L	13525067	13525028	Deletion	39
3L	13525126	13525028	Deletion	98
3L	13525113	13525028	Deletion	85
3L	13526360	13526281	Deletion	79
3L	13527618	13527543	Deletion	75
3L	13528080	13527986	Deletion	94
3L	13528492	13528424	Deletion	68
3L	13530315	13530222	Deletion	93
3L	13531049	13530970	Deletion	79
3L	13531697	13531622	Deletion	75
3L	13531693	13531622	Deletion	71
3L	13535947	13535912	Deletion	35
3L	13537248	13537126	Deletion	122
3L	13537218	13537126	Deletion	92
3L	13537942	13537820	Deletion	122
3L	13537942	13537832	Deletion	110
3L	13537942	13537834	Deletion	108
3L	13537942	13537841	Deletion	101
3L	13537942	13537851	Deletion	91
3L	13537942	13537851	Deletion	91
3L	13537942	13537887	Deletion	55
3L	13537942	13537890	Deletion	52
3L	13539073	13539001	Deletion	72
3L	13539076	13539001	Deletion	75
3L	13539037	13539001	Deletion	36
3L	13539099	13539001	Deletion	98
3L	13539037	13539001	Deletion	36
3L	13548500	13548379	Deletion	121
3L	13548512	13548405	Deletion	107
3L	13550591	13550478	Deletion	113
3L	13550599	13550478	Deletion	121
3L	13553327	13553208	Deletion	119
3L	13553327	13553222	Deletion	105
3L	13553327	13553237	Deletion	90
3L	13553327	13553251	Deletion	76
3L	13553327	13553264	Deletion	63
3L	13553327	13553284	Deletion	43
3L	13553419	13553383	Deletion	36
3L	13553433	13553383	Deletion	50
3L	13553466	13553383	Deletion	83
3L	13553446	13553383	Deletion	63
3L	13553487	13553383	Deletion	104
3L	13555764	13555656	Deletion	108
3L	13555764	13555660	Deletion	104
3L	13555764	13555670	Deletion	94
3L	13555764	13555672	Deletion	92
3L	13555764	13555684	Deletion	80
3L	13555764	13555696	Deletion	68
3L	13555764	13555700	Deletion	64
3L	13560133	13560069	Deletion	64
3L	13560170	13560069	Deletion	101
3L	13560117	13560069	Deletion	48
3L	13560103	13560069	Deletion	34
3L	13560105	13560069	Deletion	36
3L	13560129	13560069	Deletion	60
3L	13574834	13574803	Deletion	31
3L	13574993	13574879	Deletion	114
3L	13574993	13574900	Deletion	93
3L	13574993	13574912	Deletion	81
3L	13574993	13574919	Deletion	74
3L	13574993	13574931	Deletion	62
3L	13574993	13574935	Deletion	58
3L	13575125	13575032	Deletion	93
3L	13576353	13576275	Deletion	78
3L	13584524	13584431	Deletion	93
3L	13584524	13584431	Deletion	93
3L	13584515	13584431	Deletion	84
3L	13584517	13584431	Deletion	86
3L	13584501	13584431	Deletion	70
3L	13584478	13584431	Deletion	47
3L	13584497	13584431	Deletion	66
3L	13584485	13584431	Deletion	54
3L	13584546	13584431	Deletion	115
3L	13584506	13584431	Deletion	75
3L	13584466	13584431	Deletion	35
3L	13584539	13584431	Deletion	108
3L	13586459	13586342	Deletion	117
3L	13586459	13586354	Deletion	105
3L	13586459	13586381	Deletion	78
3L	13586459	13586393	Deletion	66
3L	13586459	13586404	Deletion	55
3L	13586459	13586421	Deletion	38
3L	13590423	13590352	Deletion	71
3L	13590400	13590352	Deletion	48
3L	13590412	13590352	Deletion	60
3L	13590440	13590352	Deletion	88
3L	13621245	13621123	Deletion	122
3L	13641575	13641453	Deletion	122
3L	13641570	13641469	Deletion	101
3L	13641575	13641470	Deletion	105
3L	13641575	13641472	Deletion	103
3L	13641575	13641523	Deletion	52
3L	13642082	13642007	Deletion	75
3L	13660249	13660125	Deletion	124
3L	13668318	13668195	Deletion	123
3L	13668318	13668215	Deletion	103
3L	13668318	13668254	Deletion	64
3L	13668318	13668257	Deletion	61
3L	13668318	13668260	Deletion	58
3L	13668318	13668265	Deletion	53
3L	13668318	13668281	Deletion	37
3L	13668318	13668285	Deletion	33
3L	13668508	13668417	Deletion	91
3L	13668484	13668417	Deletion	67
3L	13668512	13668417	Deletion	95
3L	13668487	13668417	Deletion	70
3L	13668481	13668417	Deletion	64
3L	13668492	13668417	Deletion	75
3L	13670213	13670098	Deletion	115
3L	13670213	13670109	Deletion	104
3L	13670213	13670115	Deletion	98
3L	13670213	13670137	Deletion	76
3L	13670213	13670151	Deletion	62
3L	13671504	13671452	Deletion	52
3L	13671518	13671452	Deletion	66
3L	13671576	13671452	Deletion	124
3L	13671482	13671452	Deletion	30
3L	13676057	13675970	Deletion	87
3L	13676057	13675985	Deletion	72
3L	13676057	13676008	Deletion	49
3L	13676057	13676024	Deletion	33
3L	13677517	13677406	Deletion	111
3L	13677499	13677406	Deletion	93
3L	13677460	13677406	Deletion	54
3L	13677522	13677406	Deletion	116
3L	13677445	13677406	Deletion	39
3L	13677483	13677411	Deletion	72
3L	13686848	13686730	Deletion	118
3L	13686848	13686753	Deletion	95
3L	13686848	13686808	Deletion	40
3L	13686848	13686809	Deletion	39
3L	13686848	13686817	Deletion	31
3L	13716901	13716815	Deletion	86
3L	13716918	13716815	Deletion	103
3L	13716846	13716815	Deletion	31
3L	13716902	13716815	Deletion	87
3L	13716910	13716815	Deletion	95
3L	13723516	13723395	Deletion	121
3L	13723516	13723400	Deletion	116
3L	13723516	13723401	Deletion	115
3L	13723516	13723456	Deletion	60
3L	13723516	13723461	Deletion	55
3L	13723516	13723470	Deletion	46
3L	13726862	13726746	Deletion	116
3L	13726861	13726746	Deletion	115
3L	13726815	13726746	Deletion	69
3L	13726820	13726746	Deletion	74
3L	13726829	13726746	Deletion	83
3L	13726862	13726746	Deletion	116
3L	13733469	13733349	Deletion	120
3L	13733469	13733360	Deletion	109
3L	13733469	13733363	Deletion	106
3L	13733469	13733410	Deletion	59
3L	13733720	13733608	Deletion	112
3L	13733675	13733608	Deletion	67
3L	13734368	13734289	Deletion	79
3L	13734368	13734310	Deletion	58
3L	13734368	13734312	Deletion	56
3L	13734368	13734320	Deletion	48
3L	13734368	13734324	Deletion	44
3L	13734868	13734750	Deletion	118
3L	13734818	13734750	Deletion	68
3L	13734820	13734750	Deletion	70
3L	13734828	13734750	Deletion	78
3L	13734874	13734750	Deletion	124
3L	13734832	13734750	Deletion	82
3L	13734867	13734750	Deletion	117
3L	13734797	13734750	Deletion	47
3L	13744586	13744481	Deletion	105
3L	13744586	13744482	Deletion	104
3L	13744586	13744491	Deletion	95
3L	13744586	13744493	Deletion	93
3L	13744586	13744522	Deletion	64
3L	13744586	13744543	Deletion	43
3L	13744586	13744549	Deletion	37
3L	13744586	13744550	Deletion	36
3L	13744801	13744767	Deletion	34
3L	13744889	13744767	Deletion	122
3L	13744857	13744767	Deletion	90
3L	13744858	13744767	Deletion	91
3L	13744888	13744767	Deletion	121
3L	13744830	13744767	Deletion	63
3L	13744851	13744767	Deletion	84
3L	13744799	13744767	Deletion	32
3L	13747445	13747321	Deletion	124
3L	13747792	13747673	Deletion	119
3L	13747792	13747679	Deletion	113
3L	13747792	13747696	Deletion	96
3L	13747792	13747703	Deletion	89
3L	13747792	13747721	Deletion	71
3L	13747792	13747724	Deletion	68
3L	13747792	13747725	Deletion	67
3L	13747792	13747726	Deletion	66
3L	13747792	13747746	Deletion	46
3L	13763499	13763441	Deletion	58
3L	13763556	13763441	Deletion	115
3L	13763496	13763441	Deletion	55
3L	13763471	13763441	Deletion	30
3L	13763521	13763441	Deletion	80
3L	13763549	13763441	Deletion	108
3L	13763561	13763441	Deletion	120
3L	13763500	13763441	Deletion	59
3L	13763478	13763441	Deletion	37
3L	13763501	13763441	Deletion	60
3L	13808158	13808062	Deletion	96
3L	13808704	13808581	Deletion	123
3L	13808961	13808889	Deletion	72
3L	13810634	13810565	Deletion	69
3L	13813920	13813823	Deletion	97
3L	13814320	13814239	Deletion	81
3L	13816513	13816449	Deletion	64
3L	13818276	13818167	Deletion	109
3L	13818611	13818538	Deletion	73
3L	13818874	13818765	Deletion	109
3L	13821041	13820919	Deletion	122
3L	13821242	13821192	Deletion	50
3L	13821715	13821656	Deletion	59
3L	13831539	13831422	Deletion	117
3L	13831539	13831426	Deletion	113
3L	13831539	13831442	Deletion	97
3L	13831539	13831456	Deletion	83
3L	13831539	13831481	Deletion	58
3L	13831539	13831502	Deletion	37
3L	13832351	13832276	Deletion	75
3L	13832319	13832276	Deletion	43
3L	13832351	13832276	Deletion	75
3L	13832351	13832276	Deletion	75
3L	13832344	13832276	Deletion	68
3L	13832351	13832277	Deletion	74
3L	13832351	13832301	Deletion	50
3L	13838299	13838247	Deletion	52
3L	13838283	13838247	Deletion	36
3L	13838294	13838247	Deletion	47
3L	13838323	13838247	Deletion	76
3L	13838394	13838290	Deletion	104
3L	13838394	13838299	Deletion	95
3L	13838394	13838309	Deletion	85
3L	13838394	13838333	Deletion	61
3L	13838394	13838344	Deletion	50
3L	13841881	13841804	Deletion	77
3L	13841846	13841804	Deletion	42
3L	13841870	13841804	Deletion	66
3L	13841836	13841804	Deletion	32
3L	13851141	13851017	Deletion	124
3L	13853731	13853610	Deletion	121
3L	13880337	13880223	Deletion	114
3L	13880332	13880226	Deletion	106
3L	13880337	13880254	Deletion	83
3L	13880337	13880263	Deletion	74
3L	13880337	13880271	Deletion	66
3L	13880337	13880280	Deletion	57
3L	13880337	13880287	Deletion	50
3L	13880337	13880306	Deletion	31
3L	13882258	13882196	Deletion	62
3L	13882241	13882196	Deletion	45
3L	13882267	13882196	Deletion	71
3L	13882293	13882196	Deletion	97
3L	13882250	13882196	Deletion	54
3L	13882320	13882196	Deletion	124
3L	13882306	13882196	Deletion	110
3L	13882274	13882196	Deletion	78
3L	13882986	13882899	Deletion	87
3L	13882986	13882906	Deletion	80
3L	13882986	13882939	Deletion	47
3L	13887507	13887461	Deletion	46
3L	13887540	13887461	Deletion	79
3L	13887500	13887461	Deletion	39
3L	13887558	13887461	Deletion	97
3L	13929322	13929201	Deletion	121
3L	13950256	13950149	Deletion	107
3L	13950256	13950158	Deletion	98
3L	13950256	13950176	Deletion	80
3L	13950256	13950213	Deletion	43
3L	13950256	13950218	Deletion	38
3L	13950256	13950223	Deletion	33
3L	13950256	13950226	Deletion	30
3L	13951117	13951034	Deletion	83
3L	13951127	13951034	Deletion	93
3L	13951130	13951034	Deletion	96
3L	13951122	13951034	Deletion	88
3L	13951080	13951034	Deletion	46
3L	13970568	13970446	Deletion	122
3L	13970568	13970516	Deletion	52
3L	13970568	13970519	Deletion	49
3L	13972467	13972393	Deletion	74
3L	13972470	13972393	Deletion	77
3L	13975625	13975533	Deletion	92
3L	13975625	13975544	Deletion	81
3L	13975625	13975552	Deletion	73
3L	13993422	13993377	Deletion	45
3L	13993411	13993377	Deletion	34
3L	13993430	13993379	Deletion	51
3L	14009273	14009150	Deletion	123
3L	14038721	14038609	Deletion	112
3L	14038723	14038630	Deletion	93
3L	14038723	14038640	Deletion	83
3L	14038723	14038644	Deletion	79
3L	14038723	14038673	Deletion	50
3L	14038723	14038674	Deletion	49
3L	14038723	14038691	Deletion	32
3L	14040585	14040552	Deletion	33
3L	14040628	14040552	Deletion	76
3L	14040599	14040552	Deletion	47
3L	14040646	14040552	Deletion	94
3L	14040661	14040552	Deletion	109
3L	14040657	14040552	Deletion	105
3L	14040629	14040552	Deletion	77
3L	14040595	14040552	Deletion	43
3L	14040667	14040552	Deletion	115
3L	14040664	14040552	Deletion	112
3L	14043628	14043505	Deletion	123
3L	14046669	14046577	Deletion	92
3L	14046669	14046579	Deletion	90
3L	14046669	14046635	Deletion	34
3L	14048063	14048028	Deletion	35
3L	14048151	14048028	Deletion	123
3L	14048144	14048028	Deletion	116
3L	14048065	14048028	Deletion	37
3L	14048121	14048028	Deletion	93
3L	14048130	14048028	Deletion	102
3L	14049164	14049074	Deletion	90
3L	14049164	14049080	Deletion	84
3L	14049164	14049132	Deletion	32
3L	14049164	14049133	Deletion	31
3L	14051861	14051819	Deletion	42
3L	14051914	14051819	Deletion	95
3L	14051912	14051819	Deletion	93
3L	14051855	14051819	Deletion	36
3L	14051913	14051819	Deletion	94
3L	14051917	14051819	Deletion	98
3L	14054990	14054886	Deletion	104
3L	14054990	14054896	Deletion	94
3L	14054990	14054896	Deletion	94
3L	14054990	14054912	Deletion	78
3L	14054990	14054915	Deletion	75
3L	14054990	14054919	Deletion	71
3L	14054990	14054920	Deletion	70
3L	14054990	14054936	Deletion	54
3L	14054990	14054957	Deletion	33
3L	14055354	14055282	Deletion	72
3L	14055337	14055282	Deletion	55
3L	14055333	14055282	Deletion	51
3L	14055330	14055282	Deletion	48
3L	14055314	14055282	Deletion	32
3L	14055375	14055282	Deletion	93
3L	14055338	14055282	Deletion	56
3L	14055314	14055282	Deletion	32
3L	14055379	14055282	Deletion	97
3L	14059086	14058981	Deletion	105
3L	14059086	14058995	Deletion	91
3L	14059086	14059037	Deletion	49
3L	14059086	14059048	Deletion	38
3L	14062237	14062159	Deletion	78
3L	14062262	14062159	Deletion	103
3L	14062280	14062159	Deletion	121
3L	14062195	14062159	Deletion	36
3L	14062248	14062159	Deletion	89
3L	14062975	14062851	Deletion	124
3L	14062975	14062866	Deletion	109
3L	14062975	14062869	Deletion	106
3L	14062971	14062876	Deletion	95
3L	14062975	14062878	Deletion	97
3L	14062975	14062891	Deletion	84
3L	14062975	14062915	Deletion	60
3L	14063810	14063711	Deletion	99
3L	14063819	14063711	Deletion	108
3L	14063753	14063711	Deletion	42
3L	14063777	14063711	Deletion	66
3L	14064602	14064545	Deletion	57
3L	14064602	14064546	Deletion	56
3L	14064602	14064561	Deletion	41
3L	14064602	14064567	Deletion	35
3L	14078432	14078360	Deletion	72
3L	14078454	14078360	Deletion	94
3L	14078433	14078360	Deletion	73
3L	14078448	14078360	Deletion	88
3L	14094782	14094658	Deletion	124
3L	14096858	14096747	Deletion	111
3L	14096858	14096770	Deletion	88
3L	14096858	14096822	Deletion	36
3L	14097851	14097735	Deletion	116
3L	14097773	14097735	Deletion	38
3L	14097825	14097735	Deletion	90
3L	14103065	14102944	Deletion	121
3L	14122545	14122429	Deletion	116
3L	14125436	14125317	Deletion	119
3L	14125436	14125345	Deletion	91
3L	14125436	14125348	Deletion	88
3L	14125436	14125389	Deletion	47
3L	14138312	14138276	Deletion	36
3L	14138356	14138276	Deletion	80
3L	14138315	14138276	Deletion	39
3L	14138381	14138276	Deletion	105
3L	14146851	14146732	Deletion	119
3L	14149590	14149473	Deletion	117
3L	14156779	14156668	Deletion	111
3L	14156779	14156676	Deletion	103
3L	14156779	14156695	Deletion	84
3L	14156779	14156703	Deletion	76
3L	14156779	14156706	Deletion	73
3L	14156779	14156717	Deletion	62
3L	14161064	14161011	Deletion	53
3L	14161078	14161011	Deletion	67
3L	14161120	14161011	Deletion	109
3L	14161056	14161011	Deletion	45
3L	14161067	14161011	Deletion	56
3L	14161111	14161011	Deletion	100
3L	14167379	14167258	Deletion	121
3L	14176311	14176192	Deletion	119
3L	14176311	14176239	Deletion	72
3L	14176311	14176256	Deletion	55
3L	14176311	14176271	Deletion	40
3L	14176311	14176276	Deletion	35
3L	14176480	14176388	Deletion	92
3L	14176460	14176388	Deletion	72
3L	14176486	14176388	Deletion	98
3L	14176475	14176388	Deletion	87
3L	14176443	14176388	Deletion	55
3L	14180651	14180529	Deletion	122
3L	14191516	14191409	Deletion	107
3L	14191516	14191447	Deletion	69
3L	14191516	14191454	Deletion	62
3L	14191516	14191467	Deletion	49
3L	14193624	14193560	Deletion	64
3L	14193637	14193560	Deletion	77
3L	14193617	14193560	Deletion	57
3L	14193674	14193560	Deletion	114
3L	14198178	14198105	Deletion	73
3L	14198178	14198125	Deletion	53
3L	14211691	14211617	Deletion	74
3L	14211671	14211617	Deletion	54
3L	14211727	14211617	Deletion	110
3L	14219091	14219021	Deletion	70
3L	14223550	14223434	Deletion	116
3L	14223554	14223434	Deletion	120
3L	14223490	14223434	Deletion	56
3L	14232546	14232425	Deletion	121
3L	14242633	14242511	Deletion	122
3L	14242633	14242515	Deletion	118
3L	14242633	14242534	Deletion	99
3L	14242633	14242569	Deletion	64
3L	14243107	14243000	Deletion	107
3L	14243123	14243000	Deletion	123
3L	14243064	14243000	Deletion	64
3L	14243116	14243000	Deletion	116
3L	14248391	14248267	Deletion	124
3L	14269142	14269060	Deletion	82
3L	14269555	14269478	Deletion	77
3L	14272206	14272111	Deletion	95
3L	14272206	14272125	Deletion	81
3L	14272429	14272384	Deletion	45
3L	14272487	14272384	Deletion	103
3L	14272499	14272384	Deletion	115
3L	14272415	14272384	Deletion	31
3L	14291631	14291533	Deletion	98
3L	14291631	14291562	Deletion	69
3L	14291631	14291563	Deletion	68
3L	14291631	14291576	Deletion	55
3L	14291631	14291588	Deletion	43
3L	14294688	14294630	Deletion	58
3L	14294701	14294630	Deletion	71
3L	14294687	14294630	Deletion	57
3L	14294713	14294630	Deletion	83
3L	14308104	14307990	Deletion	114
3L	14308104	14308024	Deletion	80
3L	14308104	14308039	Deletion	65
3L	14308104	14308050	Deletion	54
3L	14309184	14309061	Deletion	123
3L	14309182	14309061	Deletion	121
3L	14309177	14309061	Deletion	116
3L	14309169	14309061	Deletion	108
3L	14309178	14309061	Deletion	117
3L	14309134	14309061	Deletion	73
3L	14309123	14309061	Deletion	62
3L	14309108	14309061	Deletion	47
3L	14314009	14313919	Deletion	90
3L	14314283	14314161	Deletion	122
3L	14314607	14314506	Deletion	101
3L	14342312	14342222	Deletion	90
3L	14342277	14342224	Deletion	53
3L	14355665	14355545	Deletion	120
3L	14355665	14355588	Deletion	77
3L	14355665	14355602	Deletion	63
3L	14355665	14355603	Deletion	62
3L	14355665	14355633	Deletion	32
3L	14357609	14357513	Deletion	96
3L	14357578	14357513	Deletion	65
3L	14357564	14357513	Deletion	51
3L	14357579	14357513	Deletion	66
3L	14368243	14368136	Deletion	107
3L	14368243	14368137	Deletion	106
3L	14368243	14368137	Deletion	106
3L	14368243	14368149	Deletion	94
3L	14368243	14368157	Deletion	86
3L	14368243	14368158	Deletion	85
3L	14368243	14368190	Deletion	53
3L	14369081	14369041	Deletion	40
3L	14369082	14369041	Deletion	41
3L	14369073	14369041	Deletion	32
3L	14369114	14369041	Deletion	73
3L	14374105	14373984	Deletion	121
3L	14384043	14383984	Deletion	59
3L	14384043	14383986	Deletion	57
3L	14384043	14383990	Deletion	53
3L	14384043	14384001	Deletion	42
3L	14384043	14384011	Deletion	32
3L	14384043	14384013	Deletion	30
3L	14385285	14385216	Deletion	69
3L	14385312	14385216	Deletion	96
3L	14385287	14385216	Deletion	71
3L	14385302	14385216	Deletion	86
3L	14385314	14385216	Deletion	98
3L	14385291	14385216	Deletion	75
3L	14399370	14399272	Deletion	98
3L	14399370	14399327	Deletion	43
3L	14401881	14401783	Deletion	98
3L	14401896	14401783	Deletion	113
3L	14401867	14401783	Deletion	84
3L	14413539	14413417	Deletion	122
3L	14414699	14414609	Deletion	90
3L	14414699	14414615	Deletion	84
3L	14414931	14414887	Deletion	44
3L	14415009	14414887	Deletion	122
3L	14414925	14414887	Deletion	38
3L	14424201	14424077	Deletion	124
3L	14424335	14424233	Deletion	102
3L	14424335	14424233	Deletion	102
3L	14424335	14424245	Deletion	90
3L	14424335	14424264	Deletion	71
3L	14424335	14424272	Deletion	63
3L	14424335	14424287	Deletion	48
3L	14424335	14424294	Deletion	41
3L	14424634	14424526	Deletion	108
3L	14424581	14424526	Deletion	55
3L	14424611	14424526	Deletion	85
3L	14424624	14424526	Deletion	98
3L	14424562	14424526	Deletion	36
3L	14424604	14424526	Deletion	78
3L	14424589	14424526	Deletion	63
3L	14424638	14424526	Deletion	112
3L	14424705	14424582	Deletion	123
3L	14425390	14425301	Deletion	89
3L	14425390	14425339	Deletion	51
3L	14425390	14425341	Deletion	49
3L	14425390	14425346	Deletion	44
3L	14427263	14427148	Deletion	115
3L	14427225	14427148	Deletion	77
3L	14427223	14427148	Deletion	75
3L	14427230	14427148	Deletion	82
3L	14427256	14427148	Deletion	108
3L	14427185	14427148	Deletion	37
3L	14428408	14428305	Deletion	103
3L	14428408	14428311	Deletion	97
3L	14428408	14428319	Deletion	89
3L	14428408	14428336	Deletion	72
3L	14428408	14428346	Deletion	62
3L	14435671	14435617	Deletion	54
3L	14435681	14435617	Deletion	64
3L	14436640	14436533	Deletion	107
3L	14436640	14436561	Deletion	79
3L	14436640	14436575	Deletion	65
3L	14436640	14436588	Deletion	52
3L	14441090	14440970	Deletion	120
3L	14441044	14440970	Deletion	74
3L	14441031	14440970	Deletion	61
3L	14441067	14440970	Deletion	97
3L	14441017	14440970	Deletion	47
3L	14441072	14440970	Deletion	102
3L	14441861	14441738	Deletion	123
3L	14441861	14441786	Deletion	75
3L	14441861	14441809	Deletion	52
3L	14442711	14442590	Deletion	121
3L	14442664	14442590	Deletion	74
3L	14442641	14442590	Deletion	51
3L	14442714	14442590	Deletion	124
3L	14444277	14444169	Deletion	108
3L	14444277	14444173	Deletion	104
3L	14444277	14444207	Deletion	70
3L	14444277	14444209	Deletion	68
3L	14444277	14444237	Deletion	40
3L	14458027	14457969	Deletion	58
3L	14458025	14457969	Deletion	56
3L	14458055	14457969	Deletion	86
3L	14458068	14457969	Deletion	99
3L	14469318	14469196	Deletion	122
3L	14469477	14469388	Deletion	89
3L	14470398	14470353	Deletion	45
3L	14471341	14471272	Deletion	69
3L	14482459	14482351	Deletion	108
3L	14482459	14482394	Deletion	65
3L	14482459	14482402	Deletion	57
3L	14482459	14482423	Deletion	36
3L	14484435	14484313	Deletion	122
3L	14484383	14484313	Deletion	70
3L	14484375	14484313	Deletion	62
3L	14484404	14484313	Deletion	91
3L	14497018	14496894	Deletion	124
3L	14497018	14496905	Deletion	113
3L	14497018	14496985	Deletion	33
3L	14497413	14497340	Deletion	73
3L	14497433	14497340	Deletion	93
3L	14514412	14514310	Deletion	102
3L	14514412	14514339	Deletion	73
3L	14519190	14519136	Deletion	54
3L	14519254	14519136	Deletion	118
3L	14527069	14526951	Deletion	118
3L	14527229	14527170	Deletion	59
3L	14533642	14533527	Deletion	115
3L	14533642	14533572	Deletion	70
3L	14533642	14533579	Deletion	63
3L	14533642	14533599	Deletion	43
3L	14533642	14533610	Deletion	32
3L	14549656	14549599	Deletion	57
3L	14549663	14549599	Deletion	64
3L	14549714	14549599	Deletion	115
3L	14549710	14549599	Deletion	111
3L	14549717	14549599	Deletion	118
3L	14549694	14549599	Deletion	95
3L	14549683	14549599	Deletion	84
3L	14554607	14554485	Deletion	122
3L	14561443	14561355	Deletion	88
3L	14561443	14561368	Deletion	75
3L	14561443	14561385	Deletion	58
3L	14561443	14561391	Deletion	52
3L	14561954	14561884	Deletion	70
3L	14561937	14561884	Deletion	53
3L	14561924	14561884	Deletion	40
3L	14561960	14561884	Deletion	76
3L	14570607	14570485	Deletion	122
3L	14578765	14578669	Deletion	96
3L	14578765	14578689	Deletion	76
3L	14578765	14578705	Deletion	60
3L	14578765	14578714	Deletion	51
3L	14578765	14578728	Deletion	37
3L	14578765	14578729	Deletion	36
3L	14579249	14579199	Deletion	50
3L	14579274	14579199	Deletion	75
3L	14579308	14579199	Deletion	109
3L	14579289	14579199	Deletion	90
3L	14579265	14579199	Deletion	66
3L	14579229	14579199	Deletion	30
3L	14579288	14579204	Deletion	84
3L	14579362	14579240	Deletion	122
3L	14595704	14595589	Deletion	115
3L	14595701	14595591	Deletion	110
3L	14595704	14595641	Deletion	63
3L	14595704	14595643	Deletion	61
3L	14595704	14595644	Deletion	60
3L	14595704	14595645	Deletion	59
3L	14595704	14595660	Deletion	44
3L	14599258	14599157	Deletion	101
3L	14599223	14599157	Deletion	66
3L	14599274	14599157	Deletion	117
3L	14599224	14599157	Deletion	67
3L	14599222	14599157	Deletion	65
3L	14599220	14599157	Deletion	63
3L	14599239	14599157	Deletion	82
3L	14609155	14609044	Deletion	111
3L	14609155	14609074	Deletion	81
3L	14609155	14609080	Deletion	75
3L	14609155	14609093	Deletion	62
3L	14609155	14609095	Deletion	60
3L	14617211	14617147	Deletion	64
3L	14617198	14617147	Deletion	51
3L	14617244	14617147	Deletion	97
3L	14617192	14617147	Deletion	45
3L	14617213	14617147	Deletion	66
3L	14624986	14624865	Deletion	121
3L	14624986	14624894	Deletion	92
3L	14624986	14624932	Deletion	54
3L	14624986	14624944	Deletion	42
3L	14631583	14631498	Deletion	85
3L	14631571	14631498	Deletion	73
3L	14631533	14631498	Deletion	35
3L	14649139	14649022	Deletion	117
3L	14657184	14657062	Deletion	122
3L	14665938	14665814	Deletion	124
3L	14665938	14665818	Deletion	120
3L	14665938	14665830	Deletion	108
3L	14665938	14665831	Deletion	107
3L	14665938	14665834	Deletion	104
3L	14665938	14665836	Deletion	102
3L	14665938	14665840	Deletion	98
3L	14665938	14665846	Deletion	92
3L	14665938	14665889	Deletion	49
3L	14665938	14665893	Deletion	45
3L	14666143	14666041	Deletion	102
3L	14666075	14666041	Deletion	34
3L	14666155	14666041	Deletion	114
3L	14666122	14666041	Deletion	81
3L	14666118	14666041	Deletion	77
3L	14666150	14666041	Deletion	109
3L	14667488	14667372	Deletion	116
3L	14702502	14702398	Deletion	104
3L	14702502	14702404	Deletion	98
3L	14702502	14702410	Deletion	92
3L	14702502	14702412	Deletion	90
3L	14702502	14702444	Deletion	58
3L	14702502	14702462	Deletion	40
3L	14703693	14703656	Deletion	37
3L	14703691	14703656	Deletion	35
3L	14703743	14703656	Deletion	87
3L	14703725	14703656	Deletion	69
3L	14703762	14703656	Deletion	106
3L	14710280	14710158	Deletion	122
3L	14711863	14711741	Deletion	122
3L	14727206	14727159	Deletion	47
3L	14728219	14728118	Deletion	101
3L	14737275	14737156	Deletion	119
3L	14740070	14739947	Deletion	123
3L	14746335	14746220	Deletion	115
3L	14746335	14746222	Deletion	113
3L	14746335	14746223	Deletion	112
3L	14746335	14746228	Deletion	107
3L	14746335	14746253	Deletion	82
3L	14746335	14746284	Deletion	51
3L	14746335	14746289	Deletion	46
3L	14746335	14746292	Deletion	43
3L	14747355	14747311	Deletion	44
3L	14747413	14747311	Deletion	102
3L	14747414	14747311	Deletion	103
3L	14747386	14747311	Deletion	75
3L	14747394	14747311	Deletion	83
3L	14747412	14747311	Deletion	101
3L	14747409	14747311	Deletion	98
3L	14747391	14747311	Deletion	80
3L	14771581	14771458	Deletion	123
3L	14777217	14777095	Deletion	122
3L	14797825	14797707	Deletion	118
3L	14797825	14797736	Deletion	89
3L	14797825	14797752	Deletion	73
3L	14797825	14797779	Deletion	46
3L	14797825	14797782	Deletion	43
3L	14801726	14801643	Deletion	83
3L	14801723	14801643	Deletion	80
3L	14801765	14801643	Deletion	122
3L	14801680	14801643	Deletion	37
3L	14801696	14801643	Deletion	53
3L	14811004	14810885	Deletion	119
3L	14811004	14810969	Deletion	35
3L	14813898	14813807	Deletion	91
3L	14825286	14825218	Deletion	68
3L	14825255	14825218	Deletion	37
3L	14825312	14825218	Deletion	94
3L	14825576	14825526	Deletion	50
3L	14827347	14827223	Deletion	124
3L	14828374	14828266	Deletion	108
3L	14828354	14828266	Deletion	88
3L	14843333	14843245	Deletion	88
3L	14843333	14843256	Deletion	77
3L	14843333	14843259	Deletion	74
3L	14843333	14843284	Deletion	49
3L	14843438	14843386	Deletion	52
3L	14843463	14843386	Deletion	77
3L	14843424	14843386	Deletion	38
3L	14843435	14843386	Deletion	49
3L	14846317	14846206	Deletion	111
3L	14846317	14846249	Deletion	68
3L	14846317	14846251	Deletion	66
3L	14846317	14846257	Deletion	60
3L	14846998	14846938	Deletion	60
3L	14847004	14846938	Deletion	66
3L	14846996	14846938	Deletion	58
3L	14847040	14846938	Deletion	102
3L	14849969	14849862	Deletion	107
3L	14849969	14849868	Deletion	101
3L	14849968	14849887	Deletion	81
3L	14849969	14849913	Deletion	56
3L	14849969	14849914	Deletion	55
3L	14851014	14850970	Deletion	44
3L	14851040	14850970	Deletion	70
3L	14851041	14850970	Deletion	71
3L	14851094	14850973	Deletion	121
3L	14854175	14854059	Deletion	116
3L	14854175	14854062	Deletion	113
3L	14854175	14854069	Deletion	106
3L	14854175	14854069	Deletion	106
3L	14854175	14854077	Deletion	98
3L	14854175	14854096	Deletion	79
3L	14854175	14854109	Deletion	66
3L	14854175	14854110	Deletion	65
3L	14854175	14854121	Deletion	54
3L	14854175	14854126	Deletion	49
3L	14856467	14856419	Deletion	48
3L	14856497	14856419	Deletion	78
3L	14856533	14856419	Deletion	114
3L	14856481	14856419	Deletion	62
3L	14856480	14856419	Deletion	61
3L	14856536	14856419	Deletion	117
3L	14856492	14856419	Deletion	73
3L	14856512	14856419	Deletion	93
3L	14857209	14857092	Deletion	117
3L	14876618	14876505	Deletion	113
3L	14876618	14876506	Deletion	112
3L	14876618	14876516	Deletion	102
3L	14876618	14876557	Deletion	61
3L	14876618	14876557	Deletion	61
3L	14877457	14877345	Deletion	112
3L	14877411	14877345	Deletion	66
3L	14877411	14877345	Deletion	66
3L	14877468	14877345	Deletion	123
3L	14877461	14877345	Deletion	116
3L	14883120	14883052	Deletion	68
3L	14883120	14883052	Deletion	68
3L	14883120	14883084	Deletion	36
3L	14883594	14883503	Deletion	91
3L	14883562	14883503	Deletion	59
3L	14883614	14883503	Deletion	111
3L	14883562	14883503	Deletion	59
3L	14884089	14883965	Deletion	124
3L	14884977	14884863	Deletion	114
3L	14884977	14884878	Deletion	99
3L	14884977	14884918	Deletion	59
3L	14884977	14884931	Deletion	46
3L	14891288	14891171	Deletion	117
3L	14891238	14891171	Deletion	67
3L	14891251	14891171	Deletion	80
3L	14892861	14892753	Deletion	108
3L	14892861	14892773	Deletion	88
3L	14892861	14892782	Deletion	79
3L	14892861	14892798	Deletion	63
3L	14892861	14892824	Deletion	37
3L	14892861	14892827	Deletion	34
3L	14892861	14892829	Deletion	32
3L	14894786	14894722	Deletion	64
3L	14894815	14894722	Deletion	93
3L	14894838	14894722	Deletion	116
3L	14894761	14894722	Deletion	39
3L	14894770	14894722	Deletion	48
3L	14894817	14894722	Deletion	95
3L	14894812	14894722	Deletion	90
3L	14895612	14895500	Deletion	112
3L	14895612	14895576	Deletion	36
3L	14896005	14895915	Deletion	90
3L	14909543	14909424	Deletion	119
3L	14909543	14909435	Deletion	108
3L	14909543	14909449	Deletion	94
3L	14909543	14909491	Deletion	52
3L	14909543	14909502	Deletion	41
3L	14909543	14909512	Deletion	31
3L	14909665	14909633	Deletion	32
3L	14909728	14909633	Deletion	95
3L	14909718	14909633	Deletion	85
3L	14909707	14909633	Deletion	74
3L	14921285	14921173	Deletion	112
3L	14921285	14921174	Deletion	111
3L	14921285	14921208	Deletion	77
3L	14921285	14921232	Deletion	53
3L	14921285	14921245	Deletion	40
3L	14924289	14924235	Deletion	54
3L	14924326	14924235	Deletion	91
3L	14924352	14924235	Deletion	117
3L	14924313	14924235	Deletion	78
3L	14924337	14924235	Deletion	102
3L	14924346	14924235	Deletion	111
3L	14929262	14929186	Deletion	76
3L	14929262	14929193	Deletion	69
3L	14929262	14929209	Deletion	53
3L	14929262	14929228	Deletion	34
3L	14935502	14935452	Deletion	50
3L	14935525	14935452	Deletion	73
3L	14935509	14935452	Deletion	57
3L	14935544	14935452	Deletion	92
3L	14937586	14937466	Deletion	120
3L	14937586	14937512	Deletion	74
3L	14937586	14937520	Deletion	66
3L	14937586	14937526	Deletion	60
3L	14937586	14937541	Deletion	45
3L	14940777	14940661	Deletion	116
3L	14940742	14940661	Deletion	81
3L	14940721	14940661	Deletion	60
3L	14940727	14940661	Deletion	66
3L	14940713	14940663	Deletion	50
3L	14943150	14943052	Deletion	98
3L	14943150	14943060	Deletion	90
3L	14943150	14943063	Deletion	87
3L	14949478	14949438	Deletion	40
3L	14949475	14949438	Deletion	37
3L	14952673	14952552	Deletion	121
3L	14952673	14952552	Deletion	121
3L	14952673	14952573	Deletion	100
3L	14952673	14952589	Deletion	84
3L	14952673	14952613	Deletion	60
3L	14952669	14952617	Deletion	52
3L	14952673	14952636	Deletion	37
3L	14952673	14952643	Deletion	30
3L	14954734	14954656	Deletion	78
3L	14955045	14954990	Deletion	55
3L	14955054	14954990	Deletion	64
3L	14955080	14954990	Deletion	90
3L	14994725	14994636	Deletion	89
3L	14994732	14994636	Deletion	96
3L	14994678	14994636	Deletion	42
3L	14994702	14994636	Deletion	66
3L	14994706	14994636	Deletion	70
3L	14995580	14995475	Deletion	105
3L	14995580	14995492	Deletion	88
3L	14995580	14995498	Deletion	82
3L	14995580	14995526	Deletion	54
3L	14995580	14995537	Deletion	43
3L	14999792	14999754	Deletion	38
3L	14999837	14999754	Deletion	83
3L	14999826	14999754	Deletion	72
3L	14999798	14999754	Deletion	44
3L	14999871	14999754	Deletion	117
3L	15000170	15000058	Deletion	112
3L	15000170	15000071	Deletion	99
3L	15000170	15000118	Deletion	52
3L	15013736	15013629	Deletion	107
3L	15013661	15013629	Deletion	32
3L	15013735	15013629	Deletion	106
3L	15013744	15013629	Deletion	115
3L	15013746	15013629	Deletion	117
3L	15013708	15013629	Deletion	79
3L	15023068	15022944	Deletion	124
3L	15023068	15022969	Deletion	99
3L	15023068	15022997	Deletion	71
3L	15023068	15023009	Deletion	59
3L	15023068	15023015	Deletion	53
3L	15023068	15023029	Deletion	39
3L	15023068	15023031	Deletion	37
3L	15023068	15023034	Deletion	34
3L	15043183	15043067	Deletion	116
3L	15043154	15043067	Deletion	87
3L	15043140	15043067	Deletion	73
3L	15043176	15043067	Deletion	109
3L	15043134	15043067	Deletion	67
3L	15043122	15043067	Deletion	55
3L	15043159	15043067	Deletion	92
3L	15043156	15043067	Deletion	89
3L	15069940	15069828	Deletion	112
3L	15069940	15069836	Deletion	104
3L	15069940	15069883	Deletion	57
3L	15069940	15069897	Deletion	43
3L	15078693	15078571	Deletion	122
3L	15078654	15078571	Deletion	83
3L	15078640	15078571	Deletion	69
3L	15084088	15083965	Deletion	123
3L	15090186	15090065	Deletion	121
3L	15104457	15104334	Deletion	123
3L	15105298	15105183	Deletion	115
3L	15105298	15105190	Deletion	108
3L	15105298	15105212	Deletion	86
3L	15105298	15105231	Deletion	67
3L	15105298	15105242	Deletion	56
3L	15105298	15105253	Deletion	45
3L	15113546	15113487	Deletion	59
3L	15113610	15113487	Deletion	123
3L	15113557	15113487	Deletion	70
3L	15113527	15113487	Deletion	40
3L	15113606	15113487	Deletion	119
3L	15113568	15113487	Deletion	81
3L	15113586	15113487	Deletion	99
3L	15135928	15135807	Deletion	121
3L	15135928	15135830	Deletion	98
3L	15135928	15135846	Deletion	82
3L	15135928	15135857	Deletion	71
3L	15135928	15135872	Deletion	56
3L	15136510	15136466	Deletion	44
3L	15136587	15136466	Deletion	121
3L	15136521	15136466	Deletion	55
3L	15136536	15136466	Deletion	70
3L	15136586	15136466	Deletion	120
3L	15141276	15141154	Deletion	122
3L	15145678	15145564	Deletion	114
3L	15145678	15145580	Deletion	98
3L	15145678	15145623	Deletion	55
3L	15145886	15145813	Deletion	73
3L	15145915	15145813	Deletion	102
3L	15145918	15145813	Deletion	105
3L	15145933	15145813	Deletion	120
3L	15145914	15145813	Deletion	101
3L	15145843	15145813	Deletion	30
3L	15181154	15181053	Deletion	101
3L	15181154	15181102	Deletion	52
3L	15181154	15181119	Deletion	35
3L	15181637	15181545	Deletion	92
3L	15181667	15181545	Deletion	122
3L	15181620	15181545	Deletion	75
3L	15201167	15201094	Deletion	73
3L	15201167	15201098	Deletion	69
3L	15202720	15202614	Deletion	106
3L	15202667	15202614	Deletion	53
3L	15202722	15202614	Deletion	108
3L	15202671	15202614	Deletion	57
3L	15203229	15203151	Deletion	78
3L	15203229	15203155	Deletion	74
3L	15203229	15203180	Deletion	49
3L	15203229	15203189	Deletion	40
3L	15203229	15203192	Deletion	37
3L	15205032	15204919	Deletion	113
3L	15205005	15204919	Deletion	86
3L	15204971	15204919	Deletion	52
3L	15204967	15204919	Deletion	48
3L	15205008	15204919	Deletion	89
3L	15204996	15204919	Deletion	77
3L	15219146	15219043	Deletion	103
3L	15219146	15219096	Deletion	50
3L	15219146	15219099	Deletion	47
3L	15219146	15219101	Deletion	45
3L	15219272	15219196	Deletion	76
3L	15219275	15219196	Deletion	79
3L	15219277	15219196	Deletion	81
3L	15226575	15226453	Deletion	122
3L	15238959	15238845	Deletion	114
3L	15238959	15238868	Deletion	91
3L	15238956	15238888	Deletion	68
3L	15238959	15238906	Deletion	53
3L	15238959	15238921	Deletion	38
3L	15242995	15242921	Deletion	74
3L	15243010	15242921	Deletion	89
3L	15242957	15242921	Deletion	36
3L	15242977	15242921	Deletion	56
3L	15243027	15242921	Deletion	106
3L	15248136	15248013	Deletion	123
3L	15248136	15248016	Deletion	120
3L	15248136	15248026	Deletion	110
3L	15248136	15248029	Deletion	107
3L	15248136	15248039	Deletion	97
3L	15248136	15248046	Deletion	90
3L	15248136	15248075	Deletion	61
3L	15248136	15248098	Deletion	38
3L	15274944	15274911	Deletion	33
3L	15274996	15274911	Deletion	85
3L	15275008	15274911	Deletion	97
3L	15274973	15274911	Deletion	62
3L	15275026	15274911	Deletion	115
3L	15277205	15277096	Deletion	109
3L	15277205	15277128	Deletion	77
3L	15277205	15277137	Deletion	68
3L	15277205	15277145	Deletion	60
3L	15278083	15278017	Deletion	66
3L	15278066	15278017	Deletion	49
3L	15278075	15278017	Deletion	58
3L	15278135	15278017	Deletion	118
3L	15289843	15289719	Deletion	124
3L	15297838	15297807	Deletion	31
3L	15297941	15297889	Deletion	52
3L	15317230	15317106	Deletion	124
3L	15327698	15327586	Deletion	112
3L	15327698	15327604	Deletion	94
3L	15327698	15327616	Deletion	82
3L	15327698	15327627	Deletion	71
3L	15327698	15327638	Deletion	60
3L	15327698	15327643	Deletion	55
3L	15327698	15327644	Deletion	54
3L	15327698	15327655	Deletion	43
3L	15327698	15327656	Deletion	42
3L	15327698	15327659	Deletion	39
3L	15330776	15330721	Deletion	55
3L	15330808	15330721	Deletion	87
3L	15330793	15330721	Deletion	72
3L	15330792	15330721	Deletion	71
3L	15330787	15330721	Deletion	66
3L	15330804	15330721	Deletion	83
3L	15330840	15330721	Deletion	119
3L	15330805	15330721	Deletion	84
3L	15330753	15330721	Deletion	32
3L	15330765	15330721	Deletion	44
3L	15340203	15340082	Deletion	121
3L	15340334	15340210	Deletion	124
3L	15345746	15345631	Deletion	115
3L	15345746	15345633	Deletion	113
3L	15345746	15345643	Deletion	103
3L	15345746	15345648	Deletion	98
3L	15345746	15345648	Deletion	98
3L	15345746	15345662	Deletion	84
3L	15345746	15345678	Deletion	68
3L	15345746	15345679	Deletion	67
3L	15350359	15350255	Deletion	104
3L	15350313	15350255	Deletion	58
3L	15350314	15350255	Deletion	59
3L	15350357	15350255	Deletion	102
3L	15350297	15350255	Deletion	42
3L	15350356	15350255	Deletion	101
3L	15350354	15350255	Deletion	99
3L	15370119	15369995	Deletion	124
3L	15375296	15375177	Deletion	119
3L	15375296	15375205	Deletion	91
3L	15375296	15375222	Deletion	74
3L	15375296	15375262	Deletion	34
3L	15375988	15375936	Deletion	52
3L	15376028	15375936	Deletion	92
3L	15376039	15375936	Deletion	103
3L	15375971	15375936	Deletion	35
3L	15381858	15381739	Deletion	119
3L	15381858	15381739	Deletion	119
3L	15381858	15381741	Deletion	117
3L	15381858	15381793	Deletion	65
3L	15381858	15381821	Deletion	37
3L	15391667	15391568	Deletion	99
3L	15391668	15391568	Deletion	100
3L	15391657	15391568	Deletion	89
3L	15391629	15391568	Deletion	61
3L	15391679	15391568	Deletion	111
3L	15392462	15392343	Deletion	119
3L	15392462	15392362	Deletion	100
3L	15392462	15392389	Deletion	73
3L	15392462	15392400	Deletion	62
3L	15392462	15392407	Deletion	55
3L	15392876	15392804	Deletion	72
3L	15392869	15392804	Deletion	65
3L	15392909	15392804	Deletion	105
3L	15392928	15392804	Deletion	124
3L	15392909	15392804	Deletion	105
3L	15392858	15392804	Deletion	54
3L	15392910	15392804	Deletion	106
3L	15406353	15406259	Deletion	94
3L	15406353	15406291	Deletion	62
3L	15406353	15406315	Deletion	38
3L	15409072	15409008	Deletion	64
3L	15409040	15409008	Deletion	32
3L	15409122	15409008	Deletion	114
3L	15409096	15409008	Deletion	88
3L	15414247	15414159	Deletion	88
3L	15414247	15414177	Deletion	70
3L	15423624	15423568	Deletion	56
3L	15423606	15423568	Deletion	38
3L	15424569	15424449	Deletion	120
3L	15425981	15425877	Deletion	104
3L	15425981	15425880	Deletion	101
3L	15425981	15425884	Deletion	97
3L	15426600	15426510	Deletion	90
3L	15426746	15426624	Deletion	122
3L	15426681	15426624	Deletion	57
3L	15426731	15426624	Deletion	107
3L	15431689	15431596	Deletion	93
3L	15431689	15431629	Deletion	60
3L	15431689	15431636	Deletion	53
3L	15431689	15431658	Deletion	31
3L	15447144	15447048	Deletion	96
3L	15447115	15447048	Deletion	67
3L	15447122	15447048	Deletion	74
3L	15447082	15447048	Deletion	34
3L	15447154	15447048	Deletion	106
3L	15456115	15456014	Deletion	101
3L	15456115	15456022	Deletion	93
3L	15456115	15456027	Deletion	88
3L	15456115	15456029	Deletion	86
3L	15456115	15456036	Deletion	79
3L	15456973	15456926	Deletion	47
3L	15456964	15456926	Deletion	38
3L	15456966	15456926	Deletion	40
3L	15456959	15456926	Deletion	33
3L	15460543	15460426	Deletion	117
3L	15460543	15460430	Deletion	113
3L	15460543	15460434	Deletion	109
3L	15460543	15460442	Deletion	101
3L	15460543	15460467	Deletion	76
3L	15460543	15460496	Deletion	47
3L	15463199	15463120	Deletion	79
3L	15463170	15463120	Deletion	50
3L	15469986	15469882	Deletion	104
3L	15469986	15469883	Deletion	103
3L	15469986	15469901	Deletion	85
3L	15469986	15469919	Deletion	67
3L	15472694	15472653	Deletion	41
3L	15472757	15472653	Deletion	104
3L	15472712	15472653	Deletion	59
3L	15472763	15472653	Deletion	110
3L	15472761	15472653	Deletion	108
3L	15474075	15473955	Deletion	120
3L	15474075	15473959	Deletion	116
3L	15474075	15473989	Deletion	86
3L	15474075	15473999	Deletion	76
3L	15474075	15473999	Deletion	76
3L	15474068	15474022	Deletion	46
3L	15474075	15474025	Deletion	50
3L	15474075	15474033	Deletion	42
3L	15474075	15474034	Deletion	41
3L	15474612	15474562	Deletion	50
3L	15474636	15474562	Deletion	74
3L	15474612	15474562	Deletion	50
3L	15474647	15474562	Deletion	85
3L	15474602	15474562	Deletion	40
3L	15474638	15474562	Deletion	76
3L	15474660	15474562	Deletion	98
3L	15474646	15474562	Deletion	84
3L	15476309	15476204	Deletion	105
3L	15476309	15476255	Deletion	54
3L	15476309	15476260	Deletion	49
3L	15476309	15476265	Deletion	44
3L	15476309	15476275	Deletion	34
3L	15476563	15476481	Deletion	82
3L	15476553	15476481	Deletion	72
3L	15476558	15476481	Deletion	77
3L	15476573	15476481	Deletion	92
3L	15491299	15491184	Deletion	115
3L	15491299	15491187	Deletion	112
3L	15491299	15491220	Deletion	79
3L	15491299	15491229	Deletion	70
3L	15495302	15495198	Deletion	104
3L	15495254	15495198	Deletion	56
3L	15495245	15495198	Deletion	47
3L	15502174	15502053	Deletion	121
3L	15502174	15502057	Deletion	117
3L	15502174	15502133	Deletion	41
3L	15502174	15502135	Deletion	39
3L	15502174	15502140	Deletion	34
3L	15502653	15502561	Deletion	92
3L	15502646	15502561	Deletion	85
3L	15502648	15502561	Deletion	87
3L	15506305	15506197	Deletion	108
3L	15506305	15506215	Deletion	90
3L	15506305	15506223	Deletion	82
3L	15506305	15506227	Deletion	78
3L	15506305	15506229	Deletion	76
3L	15506305	15506241	Deletion	64
3L	15506499	15506437	Deletion	62
3L	15506545	15506437	Deletion	108
3L	15506481	15506437	Deletion	44
3L	15506487	15506437	Deletion	50
3L	15506553	15506437	Deletion	116
3L	15506485	15506437	Deletion	48
3L	15506473	15506437	Deletion	36
3L	15523746	15523627	Deletion	119
3L	15523746	15523641	Deletion	105
3L	15523746	15523657	Deletion	89
3L	15523746	15523658	Deletion	88
3L	15523746	15523673	Deletion	73
3L	15523746	15523686	Deletion	60
3L	15530195	15530080	Deletion	115
3L	15530118	15530080	Deletion	38
3L	15530147	15530080	Deletion	67
3L	15530134	15530080	Deletion	54
3L	15530119	15530080	Deletion	39
3L	15531843	15531735	Deletion	108
3L	15531843	15531756	Deletion	87
3L	15531843	15531762	Deletion	81
3L	15531843	15531768	Deletion	75
3L	15531843	15531797	Deletion	46
3L	15531843	15531800	Deletion	43
3L	15531843	15531807	Deletion	36
3L	15531843	15531809	Deletion	34
3L	15531843	15531812	Deletion	31
3L	15533676	15533577	Deletion	99
3L	15533628	15533577	Deletion	51
3L	15533616	15533577	Deletion	39
3L	15533672	15533577	Deletion	95
3L	15533667	15533577	Deletion	90
3L	15533622	15533577	Deletion	45
3L	15533657	15533577	Deletion	80
3L	15533669	15533577	Deletion	92
3L	15533660	15533577	Deletion	83
3L	15536548	15536462	Deletion	86
3L	15537526	15537485	Deletion	41
3L	15537586	15537485	Deletion	101
3L	15537587	15537485	Deletion	102
3L	15537601	15537489	Deletion	112
3L	15538219	15538096	Deletion	123
3L	15542493	15542375	Deletion	118
3L	15542493	15542400	Deletion	93
3L	15542493	15542419	Deletion	74
3L	15542493	15542462	Deletion	31
3L	15544620	15544524	Deletion	96
3L	15544558	15544524	Deletion	34
3L	15544577	15544524	Deletion	53
3L	15546939	15546832	Deletion	107
3L	15546939	15546838	Deletion	101
3L	15546939	15546841	Deletion	98
3L	15546939	15546860	Deletion	79
3L	15550246	15550132	Deletion	114
3L	15550180	15550132	Deletion	48
3L	15550230	15550132	Deletion	98
3L	15558891	15558772	Deletion	119
3L	15558891	15558784	Deletion	107
3L	15558891	15558811	Deletion	80
3L	15558891	15558831	Deletion	60
3L	15560428	15560312	Deletion	116
3L	15560379	15560312	Deletion	67
3L	15560359	15560312	Deletion	47
3L	15560420	15560312	Deletion	108
3L	15564348	15564224	Deletion	124
3L	15567556	15567435	Deletion	121
3L	15588887	15588771	Deletion	116
3L	15590833	15590738	Deletion	95
3L	15590833	15590738	Deletion	95
3L	15590833	15590766	Deletion	67
3L	15590833	15590768	Deletion	65
3L	15590833	15590789	Deletion	44
3L	15590833	15590794	Deletion	39
3L	15590833	15590797	Deletion	36
3L	15591085	15591054	Deletion	31
3L	15591175	15591054	Deletion	121
3L	15591113	15591054	Deletion	59
3L	15591144	15591054	Deletion	90
3L	15591136	15591054	Deletion	82
3L	15591115	15591054	Deletion	61
3L	15591161	15591054	Deletion	107
3L	15591141	15591054	Deletion	87
3L	15591597	15591508	Deletion	89
3L	15591597	15591533	Deletion	64
3L	15591597	15591534	Deletion	63
3L	15591728	15591666	Deletion	62
3L	15591729	15591666	Deletion	63
3L	15591703	15591666	Deletion	37
3L	15591778	15591666	Deletion	112
3L	15616905	15616782	Deletion	123
3L	15630786	15630677	Deletion	109
3L	15630786	15630707	Deletion	79
3L	15630786	15630712	Deletion	74
3L	15630786	15630736	Deletion	50
3L	15630786	15630744	Deletion	42
3L	15630888	15630836	Deletion	52
3L	15630912	15630836	Deletion	76
3L	15630883	15630836	Deletion	47
3L	15630920	15630836	Deletion	84
3L	15640369	15640248	Deletion	121
3L	15644486	15644364	Deletion	122
3L	15646899	15646792	Deletion	107
3L	15646899	15646799	Deletion	100
3L	15646899	15646812	Deletion	87
3L	15646899	15646825	Deletion	74
3L	15646899	15646834	Deletion	65
3L	15646899	15646858	Deletion	41
3L	15650470	15650408	Deletion	62
3L	15650461	15650408	Deletion	53
3L	15650448	15650408	Deletion	40
3L	15650494	15650408	Deletion	86
3L	15651551	15651448	Deletion	103
3L	15651551	15651448	Deletion	103
3L	15651551	15651463	Deletion	88
3L	15651551	15651472	Deletion	79
3L	15651551	15651507	Deletion	44
3L	15651551	15651509	Deletion	42
3L	15651551	15651516	Deletion	35
3L	15652783	15652664	Deletion	119
3L	15652746	15652664	Deletion	82
3L	15652778	15652664	Deletion	114
3L	15652755	15652664	Deletion	91
3L	15652748	15652664	Deletion	84
3L	15652702	15652664	Deletion	38
3L	15652711	15652664	Deletion	47
3L	15678206	15678088	Deletion	118
3L	15681971	15681856	Deletion	115
3L	15681971	15681873	Deletion	98
3L	15681971	15681880	Deletion	91
3L	15681971	15681897	Deletion	74
3L	15681971	15681900	Deletion	71
3L	15681971	15681903	Deletion	68
3L	15687294	15687259	Deletion	35
3L	15687311	15687259	Deletion	52
3L	15687317	15687259	Deletion	58
3L	15687314	15687259	Deletion	55
3L	15700983	15700861	Deletion	122
3L	15707420	15707298	Deletion	122
3L	15714709	15714590	Deletion	119
3L	15714709	15714598	Deletion	111
3L	15714709	15714614	Deletion	95
3L	15714709	15714618	Deletion	91
3L	15714709	15714621	Deletion	88
3L	15714709	15714624	Deletion	85
3L	15714709	15714634	Deletion	75
3L	15714709	15714641	Deletion	68
3L	15714709	15714643	Deletion	66
3L	15714709	15714678	Deletion	31
3L	15730339	15730231	Deletion	108
3L	15730269	15730231	Deletion	38
3L	15730326	15730231	Deletion	95
3L	15730289	15730231	Deletion	58
3L	15730291	15730231	Deletion	60
3L	15730272	15730231	Deletion	41
3L	15730282	15730231	Deletion	51
3L	15730267	15730231	Deletion	36
3L	15730335	15730231	Deletion	104
3L	15730262	15730231	Deletion	31
3L	15734516	15734396	Deletion	120
3L	15734516	15734453	Deletion	63
3L	15734516	15734472	Deletion	44
3L	15734516	15734478	Deletion	38
3L	15735401	15735313	Deletion	88
3L	15735416	15735313	Deletion	103
3L	15735376	15735313	Deletion	63
3L	15735395	15735313	Deletion	82
3L	15735418	15735313	Deletion	105
3L	15740819	15740695	Deletion	124
3L	15740819	15740711	Deletion	108
3L	15740819	15740722	Deletion	97
3L	15740819	15740762	Deletion	57
3L	15740986	15740954	Deletion	32
3L	15741026	15740954	Deletion	72
3L	15741063	15740954	Deletion	109
3L	15743507	15743405	Deletion	102
3L	15743507	15743407	Deletion	100
3L	15743507	15743419	Deletion	88
3L	15743507	15743421	Deletion	86
3L	15743507	15743433	Deletion	74
3L	15743507	15743469	Deletion	38
3L	15743507	15743474	Deletion	33
3L	15743686	15743568	Deletion	118
3L	15743661	15743568	Deletion	93
3L	15743684	15743568	Deletion	116
3L	15743606	15743568	Deletion	38
3L	15743692	15743568	Deletion	124
3L	15743620	15743568	Deletion	52
3L	15743686	15743568	Deletion	118
3L	15743608	15743568	Deletion	40
3L	15743656	15743568	Deletion	88
3L	15746105	15745982	Deletion	123
3L	15769074	15768992	Deletion	82
3L	15769074	15768994	Deletion	80
3L	15769684	15769637	Deletion	47
3L	15769749	15769637	Deletion	112
3L	15769682	15769637	Deletion	45
3L	15790532	15790447	Deletion	85
3L	15790532	15790458	Deletion	74
3L	15792787	15792735	Deletion	52
3L	15792837	15792735	Deletion	102
3L	15792776	15792735	Deletion	41
3L	15810261	15810142	Deletion	119
3L	15810261	15810151	Deletion	110
3L	15810261	15810195	Deletion	66
3L	15810261	15810224	Deletion	37
3L	15810261	15810226	Deletion	35
3L	15810648	15810559	Deletion	89
3L	15810650	15810559	Deletion	91
3L	15810619	15810559	Deletion	60
3L	15810678	15810562	Deletion	116
3L	15814114	15813992	Deletion	122
3L	15814114	15813993	Deletion	121
3L	15814114	15813995	Deletion	119
3L	15814114	15814001	Deletion	113
3L	15814114	15814006	Deletion	108
3L	15814114	15814019	Deletion	95
3L	15814114	15814072	Deletion	42
3L	15814202	15814169	Deletion	33
3L	15814276	15814169	Deletion	107
3L	15814255	15814169	Deletion	86
3L	15814280	15814171	Deletion	109
3L	15817013	15816917	Deletion	96
3L	15817013	15816919	Deletion	94
3L	15817013	15816922	Deletion	91
3L	15817013	15816935	Deletion	78
3L	15822730	15822694	Deletion	36
3L	15822743	15822694	Deletion	49
3L	15822725	15822694	Deletion	31
3L	15822727	15822694	Deletion	33
3L	15822799	15822694	Deletion	105
3L	15831454	15831378	Deletion	76
3L	15831454	15831382	Deletion	72
3L	15831454	15831385	Deletion	69
3L	15831454	15831424	Deletion	30
3L	15842003	15841946	Deletion	57
3L	15841996	15841946	Deletion	50
3L	15842042	15841946	Deletion	96
3L	15842000	15841946	Deletion	54
3L	15866636	15866525	Deletion	111
3L	15866636	15866544	Deletion	92
3L	15866636	15866564	Deletion	72
3L	15866637	15866573	Deletion	64
3L	15866636	15866573	Deletion	63
3L	15866636	15866575	Deletion	61
3L	15866636	15866594	Deletion	42
3L	15873094	15873040	Deletion	54
3L	15873103	15873040	Deletion	63
3L	15873124	15873040	Deletion	84
3L	15873105	15873040	Deletion	65
3L	15873074	15873040	Deletion	34
3L	15873103	15873041	Deletion	62
3L	15905998	15905930	Deletion	68
3L	15919850	15919791	Deletion	59
3L	15921359	15921242	Deletion	117
3L	15921359	15921255	Deletion	104
3L	15921359	15921263	Deletion	96
3L	15921359	15921281	Deletion	78
3L	15921359	15921302	Deletion	57
3L	15921359	15921324	Deletion	35
3L	15929368	15929264	Deletion	104
3L	15929314	15929264	Deletion	50
3L	15933325	15933231	Deletion	94
3L	15936065	15936033	Deletion	32
3L	15937142	15937052	Deletion	90
3L	15943663	15943626	Deletion	37
3L	15943732	15943626	Deletion	106
3L	15943681	15943626	Deletion	55
3L	15943743	15943626	Deletion	117
3L	15943689	15943626	Deletion	63
3L	15943664	15943626	Deletion	38
3L	15943742	15943633	Deletion	109
3L	15948148	15948032	Deletion	116
3L	15948148	15948036	Deletion	112
3L	15948148	15948055	Deletion	93
3L	15948148	15948057	Deletion	91
3L	15948148	15948058	Deletion	90
3L	15948148	15948064	Deletion	84
3L	15948148	15948077	Deletion	71
3L	15948148	15948095	Deletion	53
3L	15961853	15961816	Deletion	37
3L	15961891	15961816	Deletion	75
3L	15961854	15961816	Deletion	38
3L	15961921	15961816	Deletion	105
3L	15961873	15961816	Deletion	57
3L	15961920	15961816	Deletion	104
3L	15961851	15961816	Deletion	35
3L	15961860	15961816	Deletion	44
3L	15969989	15969881	Deletion	108
3L	15969989	15969898	Deletion	91
3L	15969989	15969943	Deletion	46
3L	15969989	15969959	Deletion	30
3L	15974068	15973972	Deletion	96
3L	15974083	15973972	Deletion	111
3L	15974052	15973972	Deletion	80
3L	15974085	15973972	Deletion	113
3L	15974007	15973972	Deletion	35
3L	16025913	16025785	Deletion	128
3L	16039509	16039401	Deletion	108
3L	16039509	16039403	Deletion	106
3L	16039509	16039410	Deletion	99
3L	16039509	16039416	Deletion	93
3L	16039509	16039445	Deletion	64
3L	16039509	16039447	Deletion	62
3L	16039792	16039687	Deletion	105
3L	16039751	16039687	Deletion	64
3L	16039807	16039687	Deletion	120
3L	16039799	16039687	Deletion	112
3L	16039749	16039687	Deletion	62
3L	16039787	16039687	Deletion	100
3L	16039720	16039687	Deletion	33
3L	16051591	16051469	Deletion	122
3L	16051591	16051512	Deletion	79
3L	16051591	16051517	Deletion	74
3L	16051591	16051550	Deletion	41
3L	16051591	16051552	Deletion	39
3L	16061418	16061333	Deletion	85
3L	16061385	16061333	Deletion	52
3L	16061420	16061333	Deletion	87
3L	16061380	16061333	Deletion	47
3L	16061456	16061333	Deletion	123
3L	16065826	16065706	Deletion	120
3L	16065826	16065712	Deletion	114
3L	16065826	16065719	Deletion	107
3L	16065826	16065727	Deletion	99
3L	16065826	16065731	Deletion	95
3L	16065826	16065741	Deletion	85
3L	16065826	16065741	Deletion	85
3L	16065826	16065767	Deletion	59
3L	16068363	16068294	Deletion	69
3L	16068327	16068294	Deletion	33
3L	16068337	16068294	Deletion	43
3L	16068337	16068294	Deletion	43
3L	16086647	16086525	Deletion	122
3L	16089474	16089371	Deletion	103
3L	16089474	16089375	Deletion	99
3L	16089474	16089381	Deletion	93
3L	16089474	16089386	Deletion	88
3L	16089474	16089443	Deletion	31
3L	16089704	16089607	Deletion	97
3L	16089642	16089607	Deletion	35
3L	16089647	16089607	Deletion	40
3L	16089719	16089607	Deletion	112
3L	16093345	16093228	Deletion	117
3L	16093345	16093261	Deletion	84
3L	16093345	16093291	Deletion	54
3L	16093345	16093295	Deletion	50
3L	16093653	16093548	Deletion	105
3L	16093620	16093548	Deletion	72
3L	16093624	16093548	Deletion	76
3L	16093590	16093548	Deletion	42
3L	16095000	16094889	Deletion	111
3L	16095000	16094910	Deletion	90
3L	16095000	16094926	Deletion	74
3L	16095000	16094935	Deletion	65
3L	16095000	16094940	Deletion	60
3L	16095000	16094950	Deletion	50
3L	16095000	16094963	Deletion	37
3L	16095494	16095417	Deletion	77
3L	16095484	16095417	Deletion	67
3L	16095507	16095417	Deletion	90
3L	16095454	16095417	Deletion	37
3L	16095470	16095417	Deletion	53
3L	16095479	16095417	Deletion	62
3L	16102744	16102630	Deletion	114
3L	16102744	16102633	Deletion	111
3L	16102744	16102668	Deletion	76
3L	16103608	16103560	Deletion	48
3L	16105535	16105447	Deletion	88
3L	16105535	16105465	Deletion	70
3L	16105535	16105472	Deletion	63
3L	16105535	16105504	Deletion	31
3L	16115183	16115120	Deletion	63
3L	16115158	16115120	Deletion	38
3L	16115176	16115120	Deletion	56
3L	16115228	16115120	Deletion	108
3L	16115215	16115120	Deletion	95
3L	16117981	16117860	Deletion	121
3L	16124790	16124733	Deletion	57
3L	16124790	16124734	Deletion	56
3L	16124790	16124736	Deletion	54
3L	16125580	16125510	Deletion	70
3L	16125582	16125510	Deletion	72
3L	16125579	16125510	Deletion	69
3L	16132853	16132730	Deletion	123
3L	16141231	16141167	Deletion	64
3L	16141231	16141168	Deletion	63
3L	16141231	16141175	Deletion	56
3L	16141231	16141180	Deletion	51
3L	16141231	16141180	Deletion	51
3L	16141231	16141200	Deletion	31
3L	16141492	16141427	Deletion	65
3L	16141504	16141427	Deletion	77
3L	16141524	16141427	Deletion	97
3L	16141504	16141427	Deletion	77
3L	16141533	16141427	Deletion	106
3L	16141499	16141427	Deletion	72
3L	16141491	16141427	Deletion	64
3L	16141526	16141427	Deletion	99
3L	16152633	16152522	Deletion	111
3L	16152633	16152529	Deletion	104
3L	16152633	16152534	Deletion	99
3L	16152633	16152552	Deletion	81
3L	16152633	16152566	Deletion	67
3L	16152807	16152748	Deletion	59
3L	16152793	16152748	Deletion	45
3L	16163881	16163760	Deletion	121
3L	16200929	16200808	Deletion	121
3L	16206099	16205978	Deletion	121
3L	16230557	16230440	Deletion	117
3L	16230557	16230455	Deletion	102
3L	16230557	16230457	Deletion	100
3L	16230552	16230473	Deletion	79
3L	16230557	16230480	Deletion	77
3L	16246357	16246316	Deletion	41
3L	16246365	16246316	Deletion	49
3L	16246648	16246530	Deletion	118
3L	16246648	16246542	Deletion	106
3L	16246648	16246574	Deletion	74
3L	16246868	16246816	Deletion	52
3L	16259269	16259204	Deletion	65
3L	16259269	16259214	Deletion	55
3L	16259269	16259216	Deletion	53
3L	16259269	16259218	Deletion	51
3L	16259269	16259224	Deletion	45
3L	16259269	16259226	Deletion	43
3L	16259452	16259331	Deletion	121
3L	16259412	16259331	Deletion	81
3L	16259404	16259331	Deletion	73
3L	16259414	16259331	Deletion	83
3L	16259392	16259331	Deletion	61
3L	16259402	16259331	Deletion	71
3L	16259406	16259331	Deletion	75
3L	16269875	16269753	Deletion	122
3L	16270670	16270581	Deletion	89
3L	16271871	16271750	Deletion	121
3L	16271849	16271750	Deletion	99
3L	16271851	16271750	Deletion	101
3L	16271788	16271750	Deletion	38
3L	16291232	16291114	Deletion	118
3L	16291232	16291128	Deletion	104
3L	16291232	16291131	Deletion	101
3L	16291232	16291136	Deletion	96
3L	16291232	16291149	Deletion	83
3L	16291232	16291150	Deletion	82
3L	16291232	16291176	Deletion	56
3L	16291232	16291177	Deletion	55
3L	16293989	16293956	Deletion	33
3L	16294003	16293956	Deletion	47
3L	16294073	16293956	Deletion	117
3L	16294029	16293956	Deletion	73
3L	16294071	16293956	Deletion	115
3L	16294002	16293956	Deletion	46
3L	16294030	16293956	Deletion	74
3L	16294066	16293956	Deletion	110
3L	16297672	16297586	Deletion	86
3L	16297672	16297602	Deletion	70
3L	16297672	16297609	Deletion	63
3L	16297800	16297743	Deletion	57
3L	16297850	16297743	Deletion	107
3L	16297859	16297743	Deletion	116
3L	16297784	16297743	Deletion	41
3L	16297807	16297743	Deletion	64
3L	16297844	16297743	Deletion	101
3L	16297848	16297743	Deletion	105
3L	16301983	16301879	Deletion	104
3L	16301983	16301883	Deletion	100
3L	16301983	16301891	Deletion	92
3L	16301983	16301905	Deletion	78
3L	16301983	16301907	Deletion	76
3L	16301983	16301919	Deletion	64
3L	16301983	16301928	Deletion	55
3L	16302664	16302560	Deletion	104
3L	16302683	16302560	Deletion	123
3L	16302594	16302560	Deletion	34
3L	16302608	16302560	Deletion	48
3L	16302610	16302560	Deletion	50
3L	16302631	16302560	Deletion	71
3L	16302622	16302560	Deletion	62
3L	16312961	16312840	Deletion	121
3L	16314743	16314620	Deletion	123
3L	16314825	16314755	Deletion	70
3L	16314825	16314761	Deletion	64
3L	16314825	16314771	Deletion	54
3L	16314825	16314787	Deletion	38
3L	16315803	16315693	Deletion	110
3L	16315749	16315693	Deletion	56
3L	16315755	16315693	Deletion	62
3L	16315765	16315693	Deletion	72
3L	16315781	16315698	Deletion	83
3L	16322299	16322177	Deletion	122
3L	16322299	16322181	Deletion	118
3L	16322299	16322192	Deletion	107
3L	16322299	16322204	Deletion	95
3L	16322299	16322207	Deletion	92
3L	16322299	16322233	Deletion	66
3L	16322299	16322247	Deletion	52
3L	16322299	16322251	Deletion	48
3L	16322299	16322251	Deletion	48
3L	16322299	16322254	Deletion	45
3L	16322415	16322375	Deletion	40
3L	16322459	16322375	Deletion	84
3L	16322412	16322375	Deletion	37
3L	16322455	16322375	Deletion	80
3L	16322462	16322375	Deletion	87
3L	16322459	16322375	Deletion	84
3L	16322441	16322375	Deletion	66
3L	16355244	16355130	Deletion	114
3L	16355244	16355154	Deletion	90
3L	16355244	16355168	Deletion	76
3L	16356990	16356954	Deletion	36
3L	16357004	16356954	Deletion	50
3L	16369985	16369862	Deletion	123
3L	16378676	16378554	Deletion	122
3L	16383055	16382944	Deletion	111
3L	16383055	16382945	Deletion	110
3L	16383055	16382947	Deletion	108
3L	16383055	16382948	Deletion	107
3L	16383055	16382954	Deletion	101
3L	16383055	16382993	Deletion	62
3L	16384616	16384552	Deletion	64
3L	16388208	16388119	Deletion	89
3L	16388208	16388123	Deletion	85
3L	16388208	16388142	Deletion	66
3L	16392155	16392033	Deletion	122
3L	16392094	16392033	Deletion	61
3L	16392075	16392033	Deletion	42
3L	16392144	16392033	Deletion	111
3L	16392071	16392033	Deletion	38
3L	16399319	16399212	Deletion	107
3L	16399319	16399218	Deletion	101
3L	16399319	16399219	Deletion	100
3L	16399319	16399244	Deletion	75
3L	16399319	16399279	Deletion	40
3L	16399319	16399282	Deletion	37
3L	16399482	16399392	Deletion	90
3L	16399479	16399392	Deletion	87
3L	16399444	16399392	Deletion	52
3L	16420447	16420339	Deletion	108
3L	16420447	16420349	Deletion	98
3L	16420447	16420365	Deletion	82
3L	16420447	16420374	Deletion	73
3L	16420447	16420382	Deletion	65
3L	16420447	16420382	Deletion	65
3L	16421971	16421909	Deletion	62
3L	16421971	16421909	Deletion	62
3L	16421954	16421909	Deletion	45
3L	16422009	16421909	Deletion	100
3L	16421963	16421909	Deletion	54
3L	16422892	16422768	Deletion	124
3L	16422892	16422770	Deletion	122
3L	16422892	16422791	Deletion	101
3L	16422892	16422801	Deletion	91
3L	16426136	16426101	Deletion	35
3L	16439938	16439842	Deletion	96
3L	16439938	16439851	Deletion	87
3L	16439938	16439887	Deletion	51
3L	16439938	16439896	Deletion	42
3L	16439938	16439896	Deletion	42
3L	16439938	16439905	Deletion	33
3L	16441480	16441449	Deletion	31
3L	16441489	16441449	Deletion	40
3L	16441568	16441449	Deletion	119
3L	16441534	16441449	Deletion	85
3L	16441534	16441449	Deletion	85
3L	16441543	16441449	Deletion	94
3L	16441525	16441449	Deletion	76
3L	16441548	16441449	Deletion	99
3L	16444543	16444425	Deletion	118
3L	16444543	16444441	Deletion	102
3L	16444543	16444449	Deletion	94
3L	16444543	16444450	Deletion	93
3L	16444543	16444454	Deletion	89
3L	16444543	16444456	Deletion	87
3L	16444543	16444460	Deletion	83
3L	16444543	16444462	Deletion	81
3L	16444543	16444480	Deletion	63
3L	16444543	16444484	Deletion	59
3L	16444543	16444485	Deletion	58
3L	16444543	16444487	Deletion	56
3L	16444543	16444489	Deletion	54
3L	16444543	16444512	Deletion	31
3L	16444999	16444960	Deletion	39
3L	16445950	16445916	Deletion	34
3L	16446016	16445982	Deletion	34
3L	16466741	16466677	Deletion	64
3L	16466715	16466677	Deletion	38
3L	16466787	16466677	Deletion	110
3L	16466773	16466677	Deletion	96
3L	16466723	16466677	Deletion	46
3L	16466721	16466677	Deletion	44
3L	16466748	16466677	Deletion	71
3L	16466745	16466677	Deletion	68
3L	16466746	16466677	Deletion	69
3L	16466717	16466677	Deletion	40
3L	16466711	16466677	Deletion	34
3L	16466710	16466677	Deletion	33
3L	16466750	16466677	Deletion	73
3L	16466775	16466677	Deletion	98
3L	16484506	16484400	Deletion	106
3L	16484506	16484401	Deletion	105
3L	16484506	16484443	Deletion	63
3L	16484506	16484450	Deletion	56
3L	16484506	16484450	Deletion	56
3L	16484506	16484460	Deletion	46
3L	16484506	16484473	Deletion	33
3L	16484660	16484565	Deletion	95
3L	16484666	16484565	Deletion	101
3L	16484647	16484565	Deletion	82
3L	16484680	16484565	Deletion	115
3L	16484679	16484565	Deletion	114
3L	16484637	16484565	Deletion	72
3L	16484637	16484565	Deletion	72
3L	16484630	16484565	Deletion	65
3L	16486820	16486728	Deletion	92
3L	16486820	16486742	Deletion	78
3L	16486820	16486756	Deletion	64
3L	16486820	16486772	Deletion	48
3L	16486820	16486780	Deletion	40
3L	16495455	16495392	Deletion	63
3L	16495427	16495392	Deletion	35
3L	16495479	16495392	Deletion	87
3L	16495471	16495392	Deletion	79
3L	16495441	16495392	Deletion	49
3L	16501706	16501606	Deletion	100
3L	16501706	16501669	Deletion	37
3L	16504177	16504088	Deletion	89
3L	16506815	16506694	Deletion	121
3L	16507546	16507425	Deletion	121
3L	16507546	16507429	Deletion	117
3L	16507546	16507435	Deletion	111
3L	16507546	16507442	Deletion	104
3L	16507546	16507491	Deletion	55
3L	16507546	16507500	Deletion	46
3L	16507546	16507505	Deletion	41
3L	16524904	16524806	Deletion	98
3L	16524886	16524806	Deletion	80
3L	16530001	16529904	Deletion	97
3L	16530005	16529914	Deletion	91
3L	16530005	16529933	Deletion	72
3L	16530005	16529954	Deletion	51
3L	16530005	16529974	Deletion	31
3L	16530168	16530114	Deletion	54
3L	16530209	16530114	Deletion	95
3L	16530214	16530114	Deletion	100
3L	16530149	16530114	Deletion	35
3L	16530189	16530114	Deletion	75
3L	16543327	16543211	Deletion	116
3L	16543327	16543230	Deletion	97
3L	16543327	16543240	Deletion	87
3L	16543327	16543250	Deletion	77
3L	16543327	16543257	Deletion	70
3L	16543327	16543292	Deletion	35
3L	16543327	16543296	Deletion	31
3L	16543327	16543297	Deletion	30
3L	16543327	16543297	Deletion	30
3L	16544150	16544059	Deletion	91
3L	16544108	16544059	Deletion	49
3L	16544154	16544059	Deletion	95
3L	16544098	16544059	Deletion	39
3L	16544115	16544059	Deletion	56
3L	16544181	16544059	Deletion	122
3L	16544155	16544059	Deletion	96
3L	16544155	16544061	Deletion	94
3L	16548475	16548361	Deletion	114
3L	16548475	16548364	Deletion	111
3L	16548475	16548381	Deletion	94
3L	16548475	16548381	Deletion	94
3L	16548475	16548403	Deletion	72
3L	16548475	16548408	Deletion	67
3L	16548475	16548409	Deletion	66
3L	16548475	16548431	Deletion	44
3L	16563855	16563773	Deletion	82
3L	16563827	16563773	Deletion	54
3L	16563805	16563773	Deletion	32
3L	16563805	16563773	Deletion	32
3L	16563870	16563773	Deletion	97
3L	16563833	16563773	Deletion	60
3L	16563874	16563773	Deletion	101
3L	16563874	16563773	Deletion	101
3L	16563832	16563773	Deletion	59
3L	16564462	16564341	Deletion	121
3L	16564462	16564348	Deletion	114
3L	16564462	16564373	Deletion	89
3L	16564462	16564417	Deletion	45
3L	16564621	16564513	Deletion	108
3L	16564550	16564513	Deletion	37
3L	16564594	16564513	Deletion	81
3L	16564622	16564513	Deletion	109
3L	16564630	16564513	Deletion	117
3L	16567444	16567326	Deletion	118
3L	16567444	16567326	Deletion	118
3L	16567444	16567337	Deletion	107
3L	16567444	16567348	Deletion	96
3L	16567444	16567361	Deletion	83
3L	16567444	16567377	Deletion	67
3L	16567444	16567413	Deletion	31
3L	16586429	16586383	Deletion	46
3L	16586416	16586383	Deletion	33
3L	16586481	16586383	Deletion	98
3L	16586445	16586383	Deletion	62
3L	16597531	16597440	Deletion	91
3L	16597531	16597483	Deletion	48
3L	16602439	16602340	Deletion	99
3L	16602439	16602352	Deletion	87
3L	16602439	16602358	Deletion	81
3L	16602439	16602383	Deletion	56
3L	16602439	16602387	Deletion	52
3L	16602439	16602397	Deletion	42
3L	16602596	16602526	Deletion	70
3L	16602565	16602526	Deletion	39
3L	16602600	16602526	Deletion	74
3L	16602571	16602526	Deletion	45
3L	16602610	16602526	Deletion	84
3L	16605218	16605105	Deletion	113
3L	16605218	16605158	Deletion	60
3L	16605218	16605169	Deletion	49
3L	16605218	16605180	Deletion	38
3L	16612568	16612490	Deletion	78
3L	16612567	16612490	Deletion	77
3L	16612556	16612490	Deletion	66
3L	16612587	16612490	Deletion	97
3L	16612602	16612490	Deletion	112
3L	16612525	16612490	Deletion	35
3L	16612578	16612490	Deletion	88
3L	16613997	16613873	Deletion	124
3L	16618220	16618166	Deletion	54
3L	16619289	16619259	Deletion	30
3L	16619455	16619333	Deletion	122
3L	16622464	16622340	Deletion	124
3L	16622464	16622341	Deletion	123
3L	16622464	16622359	Deletion	105
3L	16622464	16622363	Deletion	101
3L	16622464	16622377	Deletion	87
3L	16622464	16622405	Deletion	59
3L	16622464	16622411	Deletion	53
3L	16622464	16622414	Deletion	50
3L	16622464	16622420	Deletion	44
3L	16622464	16622426	Deletion	38
3L	16622902	16622832	Deletion	70
3L	16622874	16622832	Deletion	42
3L	16622908	16622832	Deletion	76
3L	16622911	16622832	Deletion	79
3L	16622923	16622832	Deletion	91
3L	16622917	16622832	Deletion	85
3L	16624913	16624821	Deletion	92
3L	16624913	16624828	Deletion	85
3L	16624913	16624843	Deletion	70
3L	16624913	16624857	Deletion	56
3L	16624913	16624866	Deletion	47
3L	16625171	16625060	Deletion	111
3L	16625139	16625060	Deletion	79
3L	16625101	16625060	Deletion	41
3L	16625130	16625060	Deletion	70
3L	16625094	16625060	Deletion	34
3L	16625161	16625060	Deletion	101
3L	16625116	16625060	Deletion	56
3L	16650858	16650749	Deletion	109
3L	16650858	16650753	Deletion	105
3L	16650858	16650759	Deletion	99
3L	16650858	16650767	Deletion	91
3L	16650858	16650778	Deletion	80
3L	16650858	16650808	Deletion	50
3L	16650858	16650824	Deletion	34
3L	16654439	16654346	Deletion	93
3L	16654393	16654346	Deletion	47
3L	16654382	16654346	Deletion	36
3L	16654423	16654346	Deletion	77
3L	16654466	16654346	Deletion	120
3L	16655691	16655568	Deletion	123
3L	16658990	16658868	Deletion	122
3L	16662333	16662210	Deletion	123
3L	16662333	16662241	Deletion	92
3L	16662333	16662252	Deletion	81
3L	16662333	16662271	Deletion	62
3L	16662333	16662281	Deletion	52
3L	16664108	16664005	Deletion	103
3L	16664050	16664005	Deletion	45
3L	16664129	16664005	Deletion	124
3L	16664039	16664005	Deletion	34
3L	16664069	16664005	Deletion	64
3L	16664079	16664005	Deletion	74
3L	16672101	16671980	Deletion	121
3L	16680233	16680113	Deletion	120
3L	16680233	16680165	Deletion	68
3L	16680233	16680170	Deletion	63
3L	16680233	16680173	Deletion	60
3L	16680233	16680182	Deletion	51
3L	16680233	16680194	Deletion	39
3L	16684800	16684716	Deletion	84
3L	16685647	16685561	Deletion	86
3L	16687681	16687567	Deletion	114
3L	16687607	16687567	Deletion	40
3L	16689057	16689002	Deletion	55
3L	16692385	16692262	Deletion	123
3L	16692369	16692262	Deletion	107
3L	16692372	16692262	Deletion	110
3L	16692350	16692262	Deletion	88
3L	16692329	16692262	Deletion	67
3L	16692321	16692262	Deletion	59
3L	16692326	16692262	Deletion	64
3L	16692338	16692262	Deletion	76
3L	16695137	16695035	Deletion	102
3L	16695137	16695048	Deletion	89
3L	16697039	16696930	Deletion	109
3L	16697041	16696930	Deletion	111
3L	16696971	16696930	Deletion	41
3L	16702090	16701967	Deletion	123
3L	16702090	16701987	Deletion	103
3L	16702090	16702012	Deletion	78
3L	16702090	16702031	Deletion	59
3L	16702090	16702048	Deletion	42
3L	16703123	16703039	Deletion	84
3L	16703087	16703039	Deletion	48
3L	16703106	16703039	Deletion	67
3L	16713933	16713824	Deletion	109
3L	16713933	16713831	Deletion	102
3L	16713933	16713842	Deletion	91
3L	16713933	16713888	Deletion	45
3L	16713933	16713895	Deletion	38
3L	16714071	16713983	Deletion	88
3L	16714100	16713983	Deletion	117
3L	16714064	16713983	Deletion	81
3L	16714018	16713983	Deletion	35
3L	16716050	16715928	Deletion	122
3L	16721327	16721203	Deletion	124
3L	16721327	16721226	Deletion	101
3L	16721327	16721239	Deletion	88
3L	16721327	16721262	Deletion	65
3L	16721327	16721291	Deletion	36
3L	16721327	16721297	Deletion	30
3L	16730548	16730451	Deletion	97
3L	16730490	16730451	Deletion	39
3L	16730542	16730451	Deletion	91
3L	16730513	16730451	Deletion	62
3L	16734721	16734612	Deletion	109
3L	16734721	16734625	Deletion	96
3L	16734721	16734635	Deletion	86
3L	16734721	16734639	Deletion	82
3L	16734721	16734668	Deletion	53
3L	16734721	16734671	Deletion	50
3L	16734721	16734685	Deletion	36
3L	16744657	16744539	Deletion	118
3L	16744584	16744539	Deletion	45
3L	16744651	16744539	Deletion	112
3L	16744640	16744539	Deletion	101
3L	16744630	16744539	Deletion	91
3L	16744570	16744539	Deletion	31
3L	16744580	16744539	Deletion	41
3L	16744616	16744539	Deletion	77
3L	16744613	16744539	Deletion	74
3L	16744654	16744539	Deletion	115
3L	16765216	16765117	Deletion	99
3L	16765216	16765123	Deletion	93
3L	16773365	16773266	Deletion	99
3L	16773368	16773266	Deletion	102
3L	16773301	16773266	Deletion	35
3L	16778255	16778133	Deletion	122
3L	16785077	16784960	Deletion	117
3L	16785077	16784976	Deletion	101
3L	16785077	16784997	Deletion	80
3L	16785077	16785009	Deletion	68
3L	16785077	16785022	Deletion	55
3L	16785077	16785028	Deletion	49
3L	16785253	16785207	Deletion	46
3L	16785265	16785207	Deletion	58
3L	16785278	16785207	Deletion	71
3L	16785319	16785207	Deletion	112
3L	16785284	16785207	Deletion	77
3L	16794512	16794390	Deletion	122
3L	16794639	16794528	Deletion	111
3L	16794639	16794532	Deletion	107
3L	16794639	16794536	Deletion	103
3L	16794639	16794557	Deletion	82
3L	16794639	16794596	Deletion	43
3L	16794639	16794605	Deletion	34
3L	16794639	16794607	Deletion	32
3L	16806017	16805923	Deletion	94
3L	16806015	16805923	Deletion	92
3L	16805967	16805923	Deletion	44
3L	16806006	16805923	Deletion	83
3L	16830522	16830401	Deletion	121
3L	16840421	16840302	Deletion	119
3L	16840421	16840306	Deletion	115
3L	16840421	16840323	Deletion	98
3L	16840421	16840327	Deletion	94
3L	16840421	16840327	Deletion	94
3L	16841648	16841616	Deletion	32
3L	16841648	16841616	Deletion	32
3L	16850297	16850204	Deletion	93
3L	16850297	16850253	Deletion	44
3L	16850297	16850265	Deletion	32
3L	16850297	16850266	Deletion	31
3L	16864576	16864460	Deletion	116
3L	16864554	16864460	Deletion	94
3L	16864493	16864460	Deletion	33
3L	16864542	16864460	Deletion	82
3L	16864555	16864460	Deletion	95
3L	16867541	16867420	Deletion	121
3L	16867541	16867421	Deletion	120
3L	16867541	16867433	Deletion	108
3L	16867541	16867435	Deletion	106
3L	16867541	16867441	Deletion	100
3L	16867541	16867475	Deletion	66
3L	16870062	16869943	Deletion	119
3L	16870004	16869943	Deletion	61
3L	16870053	16869943	Deletion	110
3L	16870045	16869943	Deletion	102
3L	16877711	16877599	Deletion	112
3L	16877711	16877599	Deletion	112
3L	16877711	16877601	Deletion	110
3L	16877711	16877652	Deletion	59
3L	16877711	16877652	Deletion	59
3L	16877711	16877674	Deletion	37
3L	16878833	16878744	Deletion	89
3L	16878811	16878744	Deletion	67
3L	16878853	16878744	Deletion	109
3L	16878811	16878744	Deletion	67
3L	16880874	16880773	Deletion	101
3L	16880874	16880781	Deletion	93
3L	16880874	16880783	Deletion	91
3L	16880874	16880788	Deletion	86
3L	16880874	16880818	Deletion	56
3L	16881035	16880929	Deletion	106
3L	16880964	16880929	Deletion	35
3L	16880969	16880929	Deletion	40
3L	16880999	16880929	Deletion	70
3L	16880962	16880929	Deletion	33
3L	16913901	16913820	Deletion	81
3L	16913901	16913827	Deletion	74
3L	16913901	16913840	Deletion	61
3L	16913901	16913847	Deletion	54
3L	16913901	16913853	Deletion	48
3L	16913901	16913854	Deletion	47
3L	16913901	16913863	Deletion	38
3L	16913901	16913870	Deletion	31
3L	16922608	16922536	Deletion	72
3L	16922601	16922536	Deletion	65
3L	16922624	16922536	Deletion	88
3L	16922588	16922536	Deletion	52
3L	16922615	16922536	Deletion	79
3L	16922581	16922536	Deletion	45
3L	16922652	16922536	Deletion	116
3L	16922614	16922536	Deletion	78
3L	16922631	16922536	Deletion	95
3L	16925386	16925290	Deletion	96
3L	16925386	16925290	Deletion	96
3L	16925998	16925968	Deletion	30
3L	16925999	16925968	Deletion	31
3L	16948151	16948114	Deletion	37
3L	16949810	16949725	Deletion	85
3L	16949887	16949799	Deletion	88
3L	16951726	16951624	Deletion	102
3L	16952879	16952801	Deletion	78
3L	16953369	16953253	Deletion	116
3L	16969858	16969758	Deletion	100
3L	16969858	16969761	Deletion	97
3L	16969858	16969774	Deletion	84
3L	16969953	16969911	Deletion	42
3L	16970016	16969911	Deletion	105
3L	16989325	16989204	Deletion	121
3L	17013355	17013232	Deletion	123
3L	17025040	17024919	Deletion	121
3L	17035414	17035303	Deletion	111
3L	17035414	17035350	Deletion	64
3L	17035414	17035365	Deletion	49
3L	17039196	17039119	Deletion	77
3L	17039181	17039119	Deletion	62
3L	17039227	17039119	Deletion	108
3L	17039883	17039762	Deletion	121
3L	17039883	17039762	Deletion	121
3L	17039882	17039784	Deletion	98
3L	17039883	17039827	Deletion	56
3L	17039883	17039829	Deletion	54
3L	17041997	17041924	Deletion	73
3L	17041995	17041924	Deletion	71
3L	17042130	17042023	Deletion	107
3L	17042130	17042069	Deletion	61
3L	17042130	17042072	Deletion	58
3L	17042866	17042798	Deletion	68
3L	17042917	17042798	Deletion	119
3L	17042905	17042798	Deletion	107
3L	17042863	17042798	Deletion	65
3L	17042921	17042798	Deletion	123
3L	17052236	17052112	Deletion	124
3L	17052236	17052152	Deletion	84
3L	17052236	17052168	Deletion	68
3L	17059196	17059077	Deletion	119
3L	17059119	17059077	Deletion	42
3L	17059135	17059077	Deletion	58
3L	17066880	17066758	Deletion	122
3L	17067188	17067081	Deletion	107
3L	17067188	17067083	Deletion	105
3L	17067188	17067087	Deletion	101
3L	17067188	17067099	Deletion	89
3L	17067188	17067107	Deletion	81
3L	17067188	17067117	Deletion	71
3L	17073768	17073712	Deletion	56
3L	17073758	17073712	Deletion	46
3L	17073815	17073712	Deletion	103
3L	17073750	17073712	Deletion	38
3L	17073817	17073715	Deletion	102
3L	17077915	17077800	Deletion	115
3L	17077915	17077815	Deletion	100
3L	17077915	17077819	Deletion	96
3L	17081068	17080954	Deletion	114
3L	17081068	17080954	Deletion	114
3L	17080987	17080954	Deletion	33
3L	17082654	17082594	Deletion	60
3L	17082654	17082612	Deletion	42
3L	17083866	17083799	Deletion	67
3L	17083884	17083799	Deletion	85
3L	17083910	17083799	Deletion	111
3L	17083897	17083799	Deletion	98
3L	17083918	17083799	Deletion	119
3L	17083906	17083799	Deletion	107
3L	17086225	17086134	Deletion	91
3L	17089343	17089306	Deletion	37
3L	17090425	17090338	Deletion	87
3L	17090895	17090834	Deletion	61
3L	17094932	17094878	Deletion	54
3L	17094919	17094878	Deletion	41
3L	17094967	17094878	Deletion	89
3L	17094929	17094878	Deletion	51
3L	17094999	17094878	Deletion	121
3L	17094966	17094878	Deletion	88
3L	17094979	17094878	Deletion	101
3L	17094939	17094878	Deletion	61
3L	17094990	17094878	Deletion	112
3L	17118940	17118823	Deletion	117
3L	17118941	17118831	Deletion	110
3L	17118941	17118839	Deletion	102
3L	17118941	17118841	Deletion	100
3L	17118941	17118849	Deletion	92
3L	17118941	17118885	Deletion	56
3L	17119488	17119452	Deletion	36
3L	17119524	17119452	Deletion	72
3L	17119562	17119452	Deletion	110
3L	17128593	17128472	Deletion	121
3L	17128593	17128491	Deletion	102
3L	17128593	17128514	Deletion	79
3L	17128593	17128528	Deletion	65
3L	17128593	17128537	Deletion	56
3L	17128593	17128553	Deletion	40
3L	17128593	17128559	Deletion	34
3L	17128808	17128715	Deletion	93
3L	17128777	17128715	Deletion	62
3L	17128802	17128715	Deletion	87
3L	17128763	17128715	Deletion	48
3L	17128786	17128715	Deletion	71
3L	17128823	17128715	Deletion	108
3L	17131813	17131695	Deletion	118
3L	17131813	17131712	Deletion	101
3L	17131813	17131714	Deletion	99
3L	17131813	17131746	Deletion	67
3L	17131813	17131769	Deletion	44
3L	17131813	17131777	Deletion	36
3L	17156058	17155943	Deletion	115
3L	17156002	17155943	Deletion	59
3L	17156049	17155943	Deletion	106
3L	17156040	17155943	Deletion	97
3L	17156064	17155943	Deletion	121
3L	17156033	17155943	Deletion	90
3L	17156025	17155943	Deletion	82
3L	17157211	17157088	Deletion	123
3L	17157211	17157103	Deletion	108
3L	17157211	17157135	Deletion	76
3L	17157211	17157174	Deletion	37
3L	17161695	17161578	Deletion	117
3L	17161667	17161578	Deletion	89
3L	17161701	17161578	Deletion	123
3L	17161628	17161578	Deletion	50
3L	17163276	17163227	Deletion	49
3L	17163276	17163233	Deletion	43
3L	17163574	17163450	Deletion	124
3L	17163527	17163450	Deletion	77
3L	17163563	17163450	Deletion	113
3L	17163533	17163450	Deletion	83
3L	17196245	17196123	Deletion	122
3L	17205001	17204895	Deletion	106
3L	17205001	17204918	Deletion	83
3L	17205001	17204923	Deletion	78
3L	17205001	17204925	Deletion	76
3L	17205001	17204944	Deletion	57
3L	17208134	17208086	Deletion	48
3L	17208184	17208086	Deletion	98
3L	17208136	17208086	Deletion	50
3L	17208155	17208086	Deletion	69
3L	17208129	17208086	Deletion	43
3L	17208200	17208086	Deletion	114
3L	17211940	17211822	Deletion	118
3L	17211940	17211844	Deletion	96
3L	17211940	17211855	Deletion	85
3L	17211940	17211869	Deletion	71
3L	17211940	17211907	Deletion	33
3L	17222954	17222913	Deletion	41
3L	17222968	17222913	Deletion	55
3L	17223016	17222913	Deletion	103
3L	17222943	17222913	Deletion	30
3L	17223006	17222913	Deletion	93
3L	17223010	17222913	Deletion	97
3L	17240995	17240884	Deletion	111
3L	17240995	17240888	Deletion	107
3L	17246848	17246731	Deletion	117
3L	17246836	17246731	Deletion	105
3L	17265171	17265050	Deletion	121
3L	17265758	17265650	Deletion	108
3L	17265758	17265691	Deletion	67
3L	17265758	17265716	Deletion	42
3L	17265758	17265716	Deletion	42
3L	17265758	17265726	Deletion	32
3L	17273285	17273226	Deletion	59
3L	17273310	17273226	Deletion	84
3L	17273310	17273226	Deletion	84
3L	17273320	17273226	Deletion	94
3L	17273338	17273226	Deletion	112
3L	17286472	17286351	Deletion	121
3L	17290089	17289987	Deletion	102
3L	17290089	17290020	Deletion	69
3L	17290089	17290050	Deletion	39
3L	17292684	17292573	Deletion	111
3L	17292661	17292573	Deletion	88
3L	17292631	17292573	Deletion	58
3L	17296019	17295918	Deletion	101
3L	17296019	17295940	Deletion	79
3L	17296019	17295965	Deletion	54
3L	17296586	17296527	Deletion	59
3L	17296574	17296527	Deletion	47
3L	17296586	17296553	Deletion	33
3L	17296758	17296650	Deletion	108
3L	17296761	17296650	Deletion	111
3L	17296759	17296650	Deletion	109
3L	17296743	17296650	Deletion	93
3L	17313922	17313835	Deletion	87
3L	17313922	17313856	Deletion	66
3L	17313922	17313876	Deletion	46
3L	17313922	17313882	Deletion	40
3L	17333355	17333272	Deletion	83
3L	17333335	17333272	Deletion	63
3L	17333385	17333272	Deletion	113
3L	17333361	17333272	Deletion	89
3L	17333314	17333272	Deletion	42
3L	17338604	17338543	Deletion	61
3L	17338604	17338564	Deletion	40
3L	17338604	17338567	Deletion	37
3L	17345006	17344939	Deletion	67
3L	17345027	17344939	Deletion	88
3L	17345053	17344939	Deletion	114
3L	17345030	17344939	Deletion	91
3L	17349698	17349579	Deletion	119
3L	17362090	17361994	Deletion	96
3L	17362090	17361998	Deletion	92
3L	17362090	17362008	Deletion	82
3L	17362090	17362025	Deletion	65
3L	17376880	17376846	Deletion	34
3L	17376876	17376846	Deletion	30
3L	17376890	17376846	Deletion	44
3L	17376907	17376846	Deletion	61
3L	17398626	17398505	Deletion	121
3L	17400374	17400252	Deletion	122
3L	17406964	17406864	Deletion	100
3L	17406964	17406868	Deletion	96
3L	17406964	17406877	Deletion	87
3L	17406964	17406919	Deletion	45
3L	17406964	17406925	Deletion	39
3L	17408288	17408201	Deletion	87
3L	17408299	17408201	Deletion	98
3L	17408231	17408201	Deletion	30
3L	17408282	17408201	Deletion	81
3L	17408240	17408201	Deletion	39
3L	17427537	17427465	Deletion	72
3L	17427537	17427467	Deletion	70
3L	17427537	17427473	Deletion	64
3L	17427530	17427475	Deletion	55
3L	17427537	17427490	Deletion	47
3L	17440984	17440905	Deletion	79
3L	17440959	17440905	Deletion	54
3L	17440969	17440905	Deletion	64
3L	17440961	17440905	Deletion	56
3L	17441018	17440905	Deletion	113
3L	17440967	17440905	Deletion	62
3L	17441029	17440905	Deletion	124
3L	17452800	17452679	Deletion	121
3L	17453043	17452922	Deletion	121
3L	17458598	17458476	Deletion	122
3L	17481953	17481842	Deletion	111
3L	17481953	17481858	Deletion	95
3L	17481953	17481858	Deletion	95
3L	17481953	17481883	Deletion	70
3L	17483988	17483956	Deletion	32
3L	17484013	17483956	Deletion	57
3L	17483988	17483956	Deletion	32
3L	17484066	17483956	Deletion	110
3L	17497423	17497300	Deletion	123
3L	17501151	17501053	Deletion	98
3L	17501151	17501059	Deletion	92
3L	17501151	17501072	Deletion	79
3L	17502819	17502770	Deletion	49
3L	17502806	17502770	Deletion	36
3L	17502800	17502770	Deletion	30
3L	17502886	17502770	Deletion	116
3L	17502889	17502770	Deletion	119
3L	17508452	17508328	Deletion	124
3L	17508452	17508366	Deletion	86
3L	17508452	17508420	Deletion	32
3L	17508545	17508505	Deletion	40
3L	17508599	17508505	Deletion	94
3L	17512041	17511918	Deletion	123
3L	17518213	17518099	Deletion	114
3L	17525357	17525280	Deletion	77
3L	17525357	17525293	Deletion	64
3L	17525357	17525304	Deletion	53
3L	17525357	17525308	Deletion	49
3L	17525357	17525322	Deletion	35
3L	17530744	17530626	Deletion	118
3L	17530719	17530626	Deletion	93
3L	17530701	17530626	Deletion	75
3L	17530690	17530626	Deletion	64
3L	17530705	17530626	Deletion	79
3L	17530677	17530626	Deletion	51
3L	17530961	17530852	Deletion	109
3L	17530961	17530874	Deletion	87
3L	17530961	17530906	Deletion	55
3L	17530961	17530907	Deletion	54
3L	17530961	17530914	Deletion	47
3L	17530961	17530916	Deletion	45
3L	17530961	17530920	Deletion	41
3L	17530961	17530922	Deletion	39
3L	17554962	17554847	Deletion	115
3L	17554935	17554847	Deletion	88
3L	17554929	17554847	Deletion	82
3L	17554963	17554847	Deletion	116
3L	17554927	17554847	Deletion	80
3L	17554920	17554847	Deletion	73
3L	17554887	17554847	Deletion	40
3L	17554933	17554847	Deletion	86
3L	17554919	17554847	Deletion	72
3L	17556906	17556784	Deletion	122
3L	17558934	17558815	Deletion	119
3L	17558934	17558825	Deletion	109
3L	17558934	17558836	Deletion	98
3L	17558934	17558839	Deletion	95
3L	17558934	17558850	Deletion	84
3L	17558934	17558850	Deletion	84
3L	17558934	17558851	Deletion	83
3L	17558934	17558867	Deletion	67
3L	17558929	17558890	Deletion	39
3L	17559037	17558993	Deletion	44
3L	17559088	17558993	Deletion	95
3L	17559025	17558993	Deletion	32
3L	17559112	17558993	Deletion	119
3L	17559036	17558993	Deletion	43
3L	17559095	17558993	Deletion	102
3L	17559053	17558993	Deletion	60
3L	17559076	17558993	Deletion	83
3L	17559036	17558993	Deletion	43
3L	17566051	17565958	Deletion	93
3L	17566051	17565977	Deletion	74
3L	17566051	17565989	Deletion	62
3L	17566051	17566008	Deletion	43
3L	17566281	17566229	Deletion	52
3L	17566312	17566229	Deletion	83
3L	17566262	17566229	Deletion	33
3L	17566293	17566229	Deletion	64
3L	17575625	17575531	Deletion	94
3L	17575625	17575558	Deletion	67
3L	17575625	17575588	Deletion	37
3L	17575625	17575590	Deletion	35
3L	17577334	17577274	Deletion	60
3L	17577366	17577274	Deletion	92
3L	17577307	17577274	Deletion	33
3L	17577364	17577274	Deletion	90
3L	17577387	17577274	Deletion	113
3L	17592705	17592584	Deletion	121
3L	17592705	17592590	Deletion	115
3L	17592705	17592595	Deletion	110
3L	17592705	17592603	Deletion	102
3L	17592705	17592611	Deletion	94
3L	17592705	17592616	Deletion	89
3L	17592705	17592647	Deletion	58
3L	17592705	17592653	Deletion	52
3L	17592705	17592656	Deletion	49
3L	17592705	17592670	Deletion	35
3L	17592878	17592763	Deletion	115
3L	17592876	17592763	Deletion	113
3L	17592799	17592763	Deletion	36
3L	17592841	17592763	Deletion	78
3L	17592886	17592763	Deletion	123
3L	17592858	17592763	Deletion	95
3L	17592804	17592763	Deletion	41
3L	17592844	17592763	Deletion	81
3L	17592835	17592763	Deletion	72
3L	17610476	17610372	Deletion	104
3L	17610476	17610401	Deletion	75
3L	17610476	17610401	Deletion	75
3L	17610476	17610426	Deletion	50
3L	17610476	17610431	Deletion	45
3L	17624656	17624546	Deletion	110
3L	17624627	17624546	Deletion	81
3L	17624651	17624546	Deletion	105
3L	17624597	17624546	Deletion	51
3L	17624597	17624546	Deletion	51
3L	17624622	17624546	Deletion	76
3L	17630016	17629929	Deletion	87
3L	17630016	17629957	Deletion	59
3L	17630016	17629965	Deletion	51
3L	17634032	17633962	Deletion	70
3L	17634040	17633962	Deletion	78
3L	17634004	17633962	Deletion	42
3L	17645585	17645482	Deletion	103
3L	17645585	17645527	Deletion	58
3L	17645585	17645545	Deletion	40
3L	17646647	17646578	Deletion	69
3L	17646679	17646578	Deletion	101
3L	17646665	17646578	Deletion	87
3L	17646690	17646578	Deletion	112
3L	17648657	17648557	Deletion	100
3L	17648657	17648581	Deletion	76
3L	17655229	17655129	Deletion	100
3L	17655180	17655129	Deletion	51
3L	17661770	17661675	Deletion	95
3L	17661775	17661698	Deletion	77
3L	17661775	17661711	Deletion	64
3L	17661775	17661728	Deletion	47
3L	17663892	17663793	Deletion	99
3L	17663843	17663793	Deletion	50
3L	17663903	17663793	Deletion	110
3L	17663873	17663793	Deletion	80
3L	17663856	17663793	Deletion	63
3L	17670347	17670239	Deletion	108
3L	17670347	17670240	Deletion	107
3L	17670347	17670309	Deletion	38
3L	17674014	17673926	Deletion	88
3L	17686599	17686492	Deletion	107
3L	17686594	17686495	Deletion	99
3L	17686599	17686496	Deletion	103
3L	17686599	17686513	Deletion	86
3L	17686599	17686547	Deletion	52
3L	17686599	17686554	Deletion	45
3L	17686599	17686558	Deletion	41
3L	17702730	17702645	Deletion	85
3L	17702685	17702645	Deletion	40
3L	17702750	17702645	Deletion	105
3L	17702749	17702645	Deletion	104
3L	17702719	17702645	Deletion	74
3L	17702726	17702645	Deletion	81
3L	17703041	17702933	Deletion	108
3L	17703041	17702940	Deletion	101
3L	17703041	17702949	Deletion	92
3L	17703208	17703090	Deletion	118
3L	17703125	17703090	Deletion	35
3L	17706183	17706069	Deletion	114
3L	17706183	17706077	Deletion	106
3L	17706183	17706077	Deletion	106
3L	17706183	17706077	Deletion	106
3L	17706183	17706105	Deletion	78
3L	17706183	17706125	Deletion	58
3L	17708930	17708881	Deletion	49
3L	17708950	17708881	Deletion	69
3L	17708987	17708881	Deletion	106
3L	17713215	17713107	Deletion	108
3L	17719284	17719166	Deletion	118
3L	17721174	17721051	Deletion	123
3L	17721174	17721066	Deletion	108
3L	17721174	17721080	Deletion	94
3L	17721174	17721116	Deletion	58
3L	17721174	17721139	Deletion	35
3L	17721423	17721320	Deletion	103
3L	17721388	17721320	Deletion	68
3L	17721411	17721320	Deletion	91
3L	17721352	17721320	Deletion	32
3L	17726480	17726361	Deletion	119
3L	17734046	17733923	Deletion	123
3L	17734046	17733948	Deletion	98
3L	17735691	17735584	Deletion	107
3L	17735805	17735771	Deletion	34
3L	17736060	17735951	Deletion	109
3L	17737062	17736993	Deletion	69
3L	17737032	17736993	Deletion	39
3L	17737096	17736993	Deletion	103
3L	17746134	17746020	Deletion	114
3L	17746134	17746026	Deletion	108
3L	17746134	17746047	Deletion	87
3L	17746134	17746070	Deletion	64
3L	17746134	17746094	Deletion	40
3L	17746391	17746305	Deletion	86
3L	17746344	17746305	Deletion	39
3L	17746367	17746305	Deletion	62
3L	17746403	17746305	Deletion	98
3L	17753360	17753240	Deletion	120
3L	17760677	17760563	Deletion	114
3L	17760677	17760584	Deletion	93
3L	17760675	17760597	Deletion	78
3L	17760677	17760625	Deletion	52
3L	17760764	17760727	Deletion	37
3L	17760839	17760727	Deletion	112
3L	17760805	17760727	Deletion	78
3L	17760777	17760730	Deletion	47
3L	17778018	17777920	Deletion	98
3L	17786422	17786324	Deletion	98
3L	17786422	17786376	Deletion	46
3L	17788145	17788065	Deletion	80
3L	17788167	17788065	Deletion	102
3L	17788186	17788065	Deletion	121
3L	17813950	17813863	Deletion	87
3L	17813950	17813873	Deletion	77
3L	17813950	17813920	Deletion	30
3L	17814051	17814001	Deletion	50
3L	17814116	17814001	Deletion	115
3L	17814041	17814001	Deletion	40
3L	17814098	17814001	Deletion	97
3L	17814120	17814001	Deletion	119
3L	17816359	17816249	Deletion	110
3L	17816359	17816250	Deletion	109
3L	17816359	17816306	Deletion	53
3L	17816484	17816411	Deletion	73
3L	17821363	17821305	Deletion	58
3L	17821363	17821306	Deletion	57
3L	17821363	17821311	Deletion	52
3L	17842802	17842733	Deletion	69
3L	17842840	17842733	Deletion	107
3L	17842851	17842733	Deletion	118
3L	17842807	17842733	Deletion	74
3L	17842801	17842733	Deletion	68
3L	17844258	17844140	Deletion	118
3L	17844258	17844227	Deletion	31
3L	17844877	17844781	Deletion	96
3L	17844886	17844781	Deletion	105
3L	17844887	17844781	Deletion	106
3L	17844898	17844781	Deletion	117
3L	17852751	17852629	Deletion	122
3L	17864119	17864038	Deletion	81
3L	17864931	17864834	Deletion	97
3L	17866467	17866382	Deletion	85
3L	17870702	17870579	Deletion	123
3L	17870702	17870605	Deletion	97
3L	17870702	17870639	Deletion	63
3L	17870702	17870669	Deletion	33
3L	17880928	17880863	Deletion	65
3L	17880894	17880863	Deletion	31
3L	17880984	17880863	Deletion	121
3L	17880958	17880863	Deletion	95
3L	17884987	17884927	Deletion	60
3L	17884987	17884936	Deletion	51
3L	17893993	17893917	Deletion	76
3L	17894029	17893917	Deletion	112
3L	17894027	17893917	Deletion	110
3L	17893984	17893917	Deletion	67
3L	17894039	17893917	Deletion	122
3L	17894020	17893917	Deletion	103
3L	17903155	17903053	Deletion	102
3L	17903155	17903070	Deletion	85
3L	17903155	17903071	Deletion	84
3L	17903155	17903074	Deletion	81
3L	17903155	17903098	Deletion	57
3L	17903155	17903099	Deletion	56
3L	17908493	17908451	Deletion	42
3L	17908497	17908451	Deletion	46
3L	17908494	17908451	Deletion	43
3L	17908522	17908451	Deletion	71
3L	17908521	17908451	Deletion	70
3L	17910351	17910252	Deletion	99
3L	17910351	17910263	Deletion	88
3L	17910351	17910265	Deletion	86
3L	17910351	17910312	Deletion	39
3L	17912927	17912889	Deletion	38
3L	17912929	17912889	Deletion	40
3L	17912976	17912889	Deletion	87
3L	17913002	17912889	Deletion	113
3L	17917810	17917734	Deletion	76
3L	17917810	17917749	Deletion	61
3L	17919595	17919521	Deletion	74
3L	17920344	17920307	Deletion	37
3L	17920902	17920836	Deletion	66
3L	17920887	17920836	Deletion	51
3L	17923241	17923119	Deletion	122
3L	17923423	17923347	Deletion	76
3L	17923423	17923349	Deletion	74
3L	17923962	17923912	Deletion	50
3L	17923964	17923912	Deletion	52
3L	17925439	17925318	Deletion	121
3L	17925439	17925328	Deletion	111
3L	17925439	17925352	Deletion	87
3L	17925439	17925355	Deletion	84
3L	17925439	17925367	Deletion	72
3L	17925439	17925369	Deletion	70
3L	17925439	17925391	Deletion	48
3L	17925439	17925394	Deletion	45
3L	17927113	17927034	Deletion	79
3L	17927146	17927034	Deletion	112
3L	17927091	17927034	Deletion	57
3L	17927074	17927034	Deletion	40
3L	17927077	17927034	Deletion	43
3L	17927132	17927034	Deletion	98
3L	17927134	17927034	Deletion	100
3L	17927116	17927034	Deletion	82
3L	17927140	17927034	Deletion	106
3L	17927089	17927034	Deletion	55
3L	17942723	17942606	Deletion	117
3L	17942723	17942638	Deletion	85
3L	17942723	17942643	Deletion	80
3L	17942723	17942643	Deletion	80
3L	17942723	17942650	Deletion	73
3L	17943066	17943013	Deletion	53
3L	17943054	17943013	Deletion	41
3L	17943059	17943013	Deletion	46
3L	17943059	17943013	Deletion	46
3L	17954197	17954120	Deletion	77
3L	17958960	17958851	Deletion	109
3L	17958968	17958851	Deletion	117
3L	17958972	17958851	Deletion	121
3L	17958901	17958851	Deletion	50
3L	17958949	17958851	Deletion	98
3L	17965745	17965682	Deletion	63
3L	17965745	17965704	Deletion	41
3L	17965745	17965712	Deletion	33
3L	17969913	17969850	Deletion	63
3L	17969943	17969850	Deletion	93
3L	17969935	17969850	Deletion	85
3L	17980060	17979939	Deletion	121
3L	17980060	17979963	Deletion	97
3L	17980060	17979990	Deletion	70
3L	17980564	17980508	Deletion	56
3L	17980618	17980508	Deletion	110
3L	17984118	17984017	Deletion	101
3L	17984118	17984066	Deletion	52
3L	17984118	17984088	Deletion	30
3L	17984719	17984623	Deletion	96
3L	17984728	17984623	Deletion	105
3L	17984697	17984623	Deletion	74
3L	17989513	17989405	Deletion	108
3L	17989513	17989408	Deletion	105
3L	17989513	17989423	Deletion	90
3L	17989513	17989444	Deletion	69
3L	17989513	17989451	Deletion	62
3L	17991741	17991639	Deletion	102
3L	17991762	17991639	Deletion	123
3L	17991696	17991639	Deletion	57
3L	17991748	17991639	Deletion	109
3L	17991675	17991639	Deletion	36
3L	17991703	17991639	Deletion	64
3L	17991746	17991639	Deletion	107
3L	18007878	18007757	Deletion	121
3L	18011860	18011751	Deletion	109
3L	18011860	18011791	Deletion	69
3L	18011860	18011797	Deletion	63
3L	18012104	18012046	Deletion	58
3L	18012110	18012046	Deletion	64
3L	18012144	18012046	Deletion	98
3L	18012385	18012262	Deletion	123
3L	18012385	18012271	Deletion	114
3L	18012385	18012289	Deletion	96
3L	18012385	18012316	Deletion	69
3L	18012385	18012331	Deletion	54
3L	18012385	18012348	Deletion	37
3L	18019916	18019859	Deletion	57
3L	18019931	18019859	Deletion	72
3L	18019889	18019859	Deletion	30
3L	18019948	18019859	Deletion	89
3L	18024206	18024096	Deletion	110
3L	18024206	18024096	Deletion	110
3L	18024206	18024120	Deletion	86
3L	18024206	18024142	Deletion	64
3L	18024206	18024157	Deletion	49
3L	18024206	18024174	Deletion	32
3L	18024206	18024174	Deletion	32
3L	18033767	18033671	Deletion	96
3L	18033767	18033671	Deletion	96
3L	18033713	18033671	Deletion	42
3L	18033735	18033671	Deletion	64
3L	18033750	18033671	Deletion	79
3L	18041024	18040907	Deletion	117
3L	18041024	18040956	Deletion	68
3L	18041024	18040958	Deletion	66
3L	18041024	18040982	Deletion	42
3L	18041024	18040984	Deletion	40
3L	18044856	18044796	Deletion	60
3L	18044854	18044796	Deletion	58
3L	18044904	18044796	Deletion	108
3L	18044882	18044796	Deletion	86
3L	18044880	18044796	Deletion	84
3L	18051574	18051528	Deletion	46
3L	18056098	18056058	Deletion	40
3L	18072654	18072587	Deletion	67
3L	18072639	18072587	Deletion	52
3L	18072697	18072587	Deletion	110
3L	18072666	18072587	Deletion	79
3L	18081050	18080941	Deletion	109
3L	18081050	18080943	Deletion	107
3L	18081050	18080975	Deletion	75
3L	18081050	18080982	Deletion	68
3L	18081050	18080988	Deletion	62
3L	18081811	18081698	Deletion	113
3L	18081757	18081698	Deletion	59
3L	18081763	18081698	Deletion	65
3L	18081750	18081698	Deletion	52
3L	18081796	18081698	Deletion	98
3L	18083653	18083534	Deletion	119
3L	18083653	18083586	Deletion	67
3L	18083653	18083605	Deletion	48
3L	18091428	18091368	Deletion	60
3L	18091488	18091368	Deletion	120
3L	18091486	18091368	Deletion	118
3L	18091447	18091368	Deletion	79
3L	18103693	18103571	Deletion	122
3L	18103693	18103586	Deletion	107
3L	18103693	18103605	Deletion	88
3L	18103693	18103617	Deletion	76
3L	18103693	18103626	Deletion	67
3L	18103693	18103648	Deletion	45
3L	18106461	18106360	Deletion	101
3L	18106410	18106360	Deletion	50
3L	18106483	18106360	Deletion	123
3L	18106441	18106360	Deletion	81
3L	18106419	18106360	Deletion	59
3L	18106398	18106360	Deletion	38
3L	18107385	18107311	Deletion	74
3L	18107385	18107326	Deletion	59
3L	18110568	18110453	Deletion	115
3L	18110505	18110453	Deletion	52
3L	18110520	18110453	Deletion	67
3L	18128978	18128892	Deletion	86
3L	18128978	18128897	Deletion	81
3L	18128978	18128904	Deletion	74
3L	18149861	18149820	Deletion	41
3L	18149873	18149820	Deletion	53
3L	18149866	18149820	Deletion	46
3L	18168139	18168015	Deletion	124
3L	18168211	18168090	Deletion	121
3L	18169093	18168972	Deletion	121
3L	18169093	18168974	Deletion	119
3L	18169093	18168982	Deletion	111
3L	18169093	18168989	Deletion	104
3L	18169093	18169015	Deletion	78
3L	18169191	18169142	Deletion	49
3L	18170234	18170125	Deletion	109
3L	18170234	18170126	Deletion	108
3L	18170234	18170133	Deletion	101
3L	18170234	18170183	Deletion	51
3L	18183681	18183605	Deletion	76
3L	18184786	18184665	Deletion	121
3L	18184786	18184687	Deletion	99
3L	18184786	18184693	Deletion	93
3L	18184786	18184705	Deletion	81
3L	18184786	18184710	Deletion	76
3L	18184786	18184729	Deletion	57
3L	18184786	18184737	Deletion	49
3L	18184987	18184940	Deletion	47
3L	18185043	18184940	Deletion	103
3L	18185019	18184940	Deletion	79
3L	18185060	18184940	Deletion	120
3L	18184975	18184940	Deletion	35
3L	18185057	18184940	Deletion	117
3L	18184992	18184940	Deletion	52
3L	18185011	18184940	Deletion	71
3L	18192902	18192798	Deletion	104
3L	18192902	18192801	Deletion	101
3L	18192902	18192851	Deletion	51
3L	18192902	18192856	Deletion	46
3L	18192902	18192858	Deletion	44
3L	18192902	18192859	Deletion	43
3L	18192902	18192862	Deletion	40
3L	18210995	18210912	Deletion	83
3L	18210998	18210912	Deletion	86
3L	18210992	18210912	Deletion	80
3L	18210994	18210912	Deletion	82
3L	18210987	18210912	Deletion	75
3L	18218867	18218750	Deletion	117
3L	18218867	18218785	Deletion	82
3L	18218867	18218814	Deletion	53
3L	18225173	18225128	Deletion	45
3L	18225202	18225128	Deletion	74
3L	18226399	18226285	Deletion	114
3L	18226399	18226339	Deletion	60
3L	18226399	18226345	Deletion	54
3L	18226399	18226353	Deletion	46
3L	18226927	18226854	Deletion	73
3L	18226921	18226854	Deletion	67
3L	18226935	18226854	Deletion	81
3L	18229502	18229404	Deletion	98
3L	18229502	18229427	Deletion	75
3L	18229502	18229427	Deletion	75
3L	18229605	18229554	Deletion	51
3L	18229605	18229554	Deletion	51
3L	18229677	18229554	Deletion	123
3L	18250936	18250821	Deletion	115
3L	18250936	18250827	Deletion	109
3L	18250936	18250879	Deletion	57
3L	18250936	18250888	Deletion	48
3L	18250936	18250890	Deletion	46
3L	18250936	18250892	Deletion	44
3L	18250936	18250895	Deletion	41
3L	18254973	18254890	Deletion	83
3L	18254960	18254890	Deletion	70
3L	18254971	18254890	Deletion	81
3L	18254976	18254890	Deletion	86
3L	18254969	18254890	Deletion	79
3L	18258375	18258292	Deletion	83
3L	18258375	18258308	Deletion	67
3L	18258375	18258321	Deletion	54
3L	18258375	18258327	Deletion	48
3L	18261296	18261182	Deletion	114
3L	18261260	18261182	Deletion	78
3L	18261241	18261182	Deletion	59
3L	18261254	18261182	Deletion	72
3L	18261279	18261182	Deletion	97
3L	18261225	18261182	Deletion	43
3L	18261341	18261231	Deletion	110
3L	18261341	18261235	Deletion	106
3L	18261341	18261239	Deletion	102
3L	18261341	18261260	Deletion	81
3L	18261341	18261281	Deletion	60
3L	18261341	18261292	Deletion	49
3L	18262000	18261922	Deletion	78
3L	18261989	18261922	Deletion	67
3L	18261968	18261922	Deletion	46
3L	18262033	18261922	Deletion	111
3L	18275001	18274895	Deletion	106
3L	18275001	18274905	Deletion	96
3L	18275001	18274925	Deletion	76
3L	18275001	18274929	Deletion	72
3L	18275001	18274944	Deletion	57
3L	18275001	18274951	Deletion	50
3L	18275001	18274960	Deletion	41
3L	18285031	18284962	Deletion	69
3L	18285067	18284962	Deletion	105
3L	18285059	18284962	Deletion	97
3L	18285012	18284962	Deletion	50
3L	18285016	18284962	Deletion	54
3L	18285038	18284962	Deletion	76
3L	18285078	18284962	Deletion	116
3L	18285047	18284962	Deletion	85
3L	18284992	18284962	Deletion	30
3L	18285081	18284962	Deletion	119
3L	18288559	18288466	Deletion	93
3L	18288559	18288523	Deletion	36
3L	18288559	18288526	Deletion	33
3L	18292013	18291978	Deletion	35
3L	18292070	18291978	Deletion	92
3L	18292073	18291978	Deletion	95
3L	18294844	18294764	Deletion	80
3L	18294844	18294798	Deletion	46
3L	18294844	18294807	Deletion	37
3L	18295230	18295130	Deletion	100
3L	18295211	18295130	Deletion	81
3L	18295220	18295130	Deletion	90
3L	18295177	18295130	Deletion	47
3L	18295253	18295130	Deletion	123
3L	18316413	18316291	Deletion	122
3L	18316413	18316313	Deletion	100
3L	18316413	18316321	Deletion	92
3L	18316413	18316345	Deletion	68
3L	18316413	18316345	Deletion	68
3L	18316413	18316350	Deletion	63
3L	18316413	18316354	Deletion	59
3L	18316413	18316358	Deletion	55
3L	18316413	18316369	Deletion	44
3L	18322144	18322110	Deletion	34
3L	18322177	18322110	Deletion	67
3L	18322181	18322110	Deletion	71
3L	18322173	18322110	Deletion	63
3L	18322168	18322110	Deletion	58
3L	18322192	18322110	Deletion	82
3L	18322168	18322110	Deletion	58
3L	18337144	18337026	Deletion	118
3L	18344389	18344266	Deletion	123
3L	18358039	18357929	Deletion	110
3L	18358039	18357953	Deletion	86
3L	18358039	18357981	Deletion	58
3L	18358039	18357983	Deletion	56
3L	18358039	18358007	Deletion	32
3L	18361705	18361635	Deletion	70
3L	18361703	18361635	Deletion	68
3L	18361729	18361635	Deletion	94
3L	18361675	18361635	Deletion	40
3L	18370798	18370693	Deletion	105
3L	18370798	18370695	Deletion	103
3L	18370798	18370696	Deletion	102
3L	18370798	18370712	Deletion	86
3L	18370970	18370862	Deletion	108
3L	18370969	18370862	Deletion	107
3L	18370902	18370862	Deletion	40
3L	18370982	18370862	Deletion	120
3L	18375708	18375609	Deletion	99
3L	18375708	18375610	Deletion	98
3L	18375708	18375641	Deletion	67
3L	18375708	18375647	Deletion	61
3L	18375708	18375665	Deletion	43
3L	18394233	18394168	Deletion	65
3L	18394269	18394168	Deletion	101
3L	18394227	18394168	Deletion	59
3L	18394251	18394168	Deletion	83
3L	18403963	18403839	Deletion	124
3L	18406305	18406186	Deletion	119
3L	18406305	18406197	Deletion	108
3L	18406305	18406213	Deletion	92
3L	18406305	18406236	Deletion	69
3L	18406307	18406236	Deletion	71
3L	18406424	18406365	Deletion	59
3L	18406401	18406365	Deletion	36
3L	18406468	18406365	Deletion	103
3L	18406471	18406365	Deletion	106
3L	18406424	18406368	Deletion	56
3L	18409801	18409687	Deletion	114
3L	18409801	18409700	Deletion	101
3L	18409801	18409705	Deletion	96
3L	18409801	18409746	Deletion	55
3L	18409801	18409753	Deletion	48
3L	18419109	18419076	Deletion	33
3L	18419157	18419076	Deletion	81
3L	18419150	18419076	Deletion	74
3L	18419180	18419076	Deletion	104
3L	18431609	18431550	Deletion	59
3L	18431609	18431551	Deletion	58
3L	18432328	18432230	Deletion	98
3L	18432299	18432230	Deletion	69
3L	18432298	18432230	Deletion	68
3L	18439908	18439807	Deletion	101
3L	18439908	18439826	Deletion	82
3L	18439908	18439830	Deletion	78
3L	18439908	18439876	Deletion	32
3L	18445407	18445311	Deletion	96
3L	18445361	18445311	Deletion	50
3L	18445357	18445311	Deletion	46
3L	18448524	18448402	Deletion	122
3L	18448524	18448413	Deletion	111
3L	18448524	18448448	Deletion	76
3L	18448524	18448451	Deletion	73
3L	18454286	18454233	Deletion	53
3L	18454283	18454233	Deletion	50
3L	18458614	18458492	Deletion	122
3L	18461298	18461177	Deletion	121
3L	18461298	18461188	Deletion	110
3L	18461298	18461209	Deletion	89
3L	18461298	18461220	Deletion	78
3L	18461298	18461230	Deletion	68
3L	18461298	18461259	Deletion	39
3L	18470573	18470536	Deletion	37
3L	18470594	18470536	Deletion	58
3L	18470658	18470536	Deletion	122
3L	18470584	18470536	Deletion	48
3L	18470623	18470536	Deletion	87
3L	18471475	18471362	Deletion	113
3L	18471475	18471388	Deletion	87
3L	18471475	18471396	Deletion	79
3L	18471475	18471403	Deletion	72
3L	18471475	18471409	Deletion	66
3L	18471475	18471424	Deletion	51
3L	18471475	18471438	Deletion	37
3L	18471475	18471440	Deletion	35
3L	18471475	18471440	Deletion	35
3L	18487762	18487687	Deletion	75
3L	18487778	18487687	Deletion	91
3L	18487741	18487687	Deletion	54
3L	18487776	18487687	Deletion	89
3L	18487747	18487687	Deletion	60
3L	18487726	18487687	Deletion	39
3L	18487734	18487687	Deletion	47
3L	18487809	18487687	Deletion	122
3L	18487778	18487687	Deletion	91
3L	18491398	18491281	Deletion	117
3L	18491398	18491327	Deletion	71
3L	18491398	18491359	Deletion	39
3L	18500425	18500370	Deletion	55
3L	18500478	18500370	Deletion	108
3L	18500457	18500370	Deletion	87
3L	18513128	18513041	Deletion	87
3L	18513774	18513658	Deletion	116
3L	18513776	18513658	Deletion	118
3L	18513697	18513658	Deletion	39
3L	18513766	18513658	Deletion	108
3L	18515587	18515554	Deletion	33
3L	18517638	18517592	Deletion	46
3L	18518732	18518697	Deletion	35
3L	18518747	18518697	Deletion	50
3L	18526021	18525938	Deletion	83
3L	18526021	18525953	Deletion	68
3L	18526021	18525959	Deletion	62
3L	18526021	18525965	Deletion	56
3L	18527358	18527300	Deletion	58
3L	18527370	18527300	Deletion	70
3L	18527364	18527300	Deletion	64
3L	18527343	18527300	Deletion	43
3L	18527402	18527300	Deletion	102
3L	18528949	18528858	Deletion	91
3L	18528952	18528909	Deletion	43
3L	18529782	18529691	Deletion	91
3L	18530976	18530897	Deletion	79
3L	18533477	18533425	Deletion	52
3L	18533587	18533500	Deletion	87
3L	18535716	18535616	Deletion	100
3L	18562242	18562134	Deletion	108
3L	18562242	18562173	Deletion	69
3L	18562242	18562180	Deletion	62
3L	18562242	18562181	Deletion	61
3L	18565789	18565732	Deletion	57
3L	18565797	18565732	Deletion	65
3L	18565796	18565732	Deletion	64
3L	18575601	18575477	Deletion	124
3L	18577079	18576964	Deletion	115
3L	18577079	18576990	Deletion	89
3L	18577079	18576999	Deletion	80
3L	18577079	18577015	Deletion	64
3L	18577487	18577437	Deletion	50
3L	18577478	18577437	Deletion	41
3L	18577503	18577437	Deletion	66
3L	18582595	18582488	Deletion	107
3L	18582595	18582497	Deletion	98
3L	18582595	18582501	Deletion	94
3L	18582595	18582528	Deletion	67
3L	18582595	18582547	Deletion	48
3L	18582686	18582654	Deletion	32
3L	18582713	18582654	Deletion	59
3L	18582732	18582654	Deletion	78
3L	18582774	18582654	Deletion	120
3L	18583897	18583773	Deletion	124
3L	18594775	18594728	Deletion	47
3L	18600736	18600613	Deletion	123
3L	18600736	18600664	Deletion	72
3L	18606028	18605922	Deletion	106
3L	18605976	18605922	Deletion	54
3L	18607214	18607093	Deletion	121
3L	18618255	18618140	Deletion	115
3L	18618255	18618163	Deletion	92
3L	18618255	18618184	Deletion	71
3L	18618255	18618189	Deletion	66
3L	18618255	18618196	Deletion	59
3L	18618255	18618203	Deletion	52
3L	18618255	18618203	Deletion	52
3L	18618255	18618203	Deletion	52
3L	18618832	18618775	Deletion	57
3L	18618811	18618775	Deletion	36
3L	18618844	18618775	Deletion	69
3L	18618851	18618775	Deletion	76
3L	18618891	18618775	Deletion	116
3L	18618851	18618775	Deletion	76
3L	18618837	18618775	Deletion	62
3L	18618851	18618775	Deletion	76
3L	18629624	18629512	Deletion	112
3L	18629624	18629518	Deletion	106
3L	18629624	18629518	Deletion	106
3L	18629624	18629526	Deletion	98
3L	18629624	18629527	Deletion	97
3L	18629624	18629529	Deletion	95
3L	18629624	18629540	Deletion	84
3L	18629624	18629585	Deletion	39
3L	18629762	18629674	Deletion	88
3L	18629717	18629674	Deletion	43
3L	18629706	18629674	Deletion	32
3L	18629704	18629674	Deletion	30
3L	18668787	18668664	Deletion	123
3L	18668787	18668677	Deletion	110
3L	18668787	18668696	Deletion	91
3L	18668787	18668734	Deletion	53
3L	18677728	18677653	Deletion	75
3L	18677752	18677653	Deletion	99
3L	18677690	18677653	Deletion	37
3L	18689876	18689754	Deletion	122
3L	18689876	18689765	Deletion	111
3L	18689876	18689769	Deletion	107
3L	18689876	18689782	Deletion	94
3L	18689876	18689786	Deletion	90
3L	18689876	18689803	Deletion	73
3L	18689876	18689806	Deletion	70
3L	18689876	18689811	Deletion	65
3L	18690000	18689963	Deletion	37
3L	18690025	18689963	Deletion	62
3L	18690020	18689963	Deletion	57
3L	18690017	18689963	Deletion	54
3L	18689996	18689963	Deletion	33
3L	18691568	18691447	Deletion	121
3L	18711218	18711133	Deletion	85
3L	18713057	18712983	Deletion	74
3L	18713057	18712997	Deletion	60
3L	18714049	18713994	Deletion	55
3L	18718670	18718580	Deletion	90
3L	18718651	18718603	Deletion	48
3L	18747744	18747624	Deletion	120
3L	18747744	18747635	Deletion	109
3L	18747744	18747641	Deletion	103
3L	18747744	18747654	Deletion	90
3L	18747744	18747680	Deletion	64
3L	18747744	18747689	Deletion	55
3L	18748628	18748516	Deletion	112
3L	18748588	18748516	Deletion	72
3L	18748579	18748516	Deletion	63
3L	18748553	18748516	Deletion	37
3L	18750639	18750517	Deletion	122
3L	18752100	18751978	Deletion	122
3L	18759137	18759014	Deletion	123
3L	18764345	18764222	Deletion	123
3L	18764345	18764227	Deletion	118
3L	18764345	18764238	Deletion	107
3L	18764345	18764238	Deletion	107
3L	18764345	18764270	Deletion	75
3L	18764345	18764286	Deletion	59
3L	18764345	18764298	Deletion	47
3L	18764345	18764310	Deletion	35
3L	18767798	18767695	Deletion	103
3L	18767775	18767695	Deletion	80
3L	18767763	18767695	Deletion	68
3L	18767747	18767695	Deletion	52
3L	18767787	18767695	Deletion	92
3L	18767795	18767695	Deletion	100
3L	18768645	18768580	Deletion	65
3L	18769467	18769406	Deletion	61
3L	18771177	18771058	Deletion	119
3L	18771177	18771067	Deletion	110
3L	18771177	18771100	Deletion	77
3L	18771177	18771130	Deletion	47
3L	18773207	18773087	Deletion	120
3L	18782547	18782495	Deletion	52
3L	18782577	18782495	Deletion	82
3L	18807091	18806970	Deletion	121
3L	18827467	18827352	Deletion	115
3L	18827467	18827386	Deletion	81
3L	18827467	18827405	Deletion	62
3L	18827467	18827408	Deletion	59
3L	18827467	18827416	Deletion	51
3L	18827644	18827569	Deletion	75
3L	18827614	18827569	Deletion	45
3L	18827636	18827569	Deletion	67
3L	18827633	18827569	Deletion	64
3L	18830251	18830176	Deletion	75
3L	18830251	18830182	Deletion	69
3L	18830251	18830192	Deletion	59
3L	18830251	18830200	Deletion	51
3L	18830251	18830210	Deletion	41
3L	18830470	18830403	Deletion	67
3L	18830460	18830403	Deletion	57
3L	18830488	18830403	Deletion	85
3L	18830478	18830403	Deletion	75
3L	18830454	18830403	Deletion	51
3L	18830495	18830403	Deletion	92
3L	18838041	18837919	Deletion	122
3L	18838041	18837924	Deletion	117
3L	18838041	18837931	Deletion	110
3L	18838041	18837947	Deletion	94
3L	18838041	18837954	Deletion	87
3L	18838041	18837966	Deletion	75
3L	18838041	18837971	Deletion	70
3L	18838041	18837982	Deletion	59
3L	18838041	18838000	Deletion	41
3L	18838041	18838005	Deletion	36
3L	18838865	18838747	Deletion	118
3L	18838832	18838747	Deletion	85
3L	18838779	18838747	Deletion	32
3L	18838786	18838747	Deletion	39
3L	18838798	18838747	Deletion	51
3L	18838859	18838747	Deletion	112
3L	18838837	18838747	Deletion	90
3L	18838814	18838747	Deletion	67
3L	18838869	18838747	Deletion	122
3L	18838803	18838747	Deletion	56
3L	18847802	18847679	Deletion	123
3L	18858135	18858013	Deletion	122
3L	18867043	18866961	Deletion	82
3L	18867043	18866962	Deletion	81
3L	18867043	18866978	Deletion	65
3L	18867043	18867001	Deletion	42
3L	18867514	18867453	Deletion	61
3L	18867497	18867453	Deletion	44
3L	18867537	18867453	Deletion	84
3L	18867569	18867453	Deletion	116
3L	18867498	18867453	Deletion	45
3L	18870535	18870430	Deletion	105
3L	18870535	18870434	Deletion	101
3L	18870535	18870443	Deletion	92
3L	18870535	18870460	Deletion	75
3L	18870535	18870491	Deletion	44
3L	18870535	18870501	Deletion	34
3L	18871424	18871319	Deletion	105
3L	18871353	18871319	Deletion	34
3L	18871370	18871319	Deletion	51
3L	18871411	18871319	Deletion	92
3L	18871401	18871319	Deletion	82
3L	18871434	18871319	Deletion	115
3L	18908346	18908228	Deletion	118
3L	18908346	18908240	Deletion	106
3L	18908346	18908276	Deletion	70
3L	18908346	18908308	Deletion	38
3L	18913546	18913427	Deletion	119
3L	18913531	18913427	Deletion	104
3L	18913483	18913427	Deletion	56
3L	18913515	18913427	Deletion	88
3L	18926253	18926157	Deletion	96
3L	18926253	18926159	Deletion	94
3L	18926253	18926162	Deletion	91
3L	18926253	18926172	Deletion	81
3L	18926253	18926173	Deletion	80
3L	18926253	18926187	Deletion	66
3L	18926253	18926202	Deletion	51
3L	18926253	18926217	Deletion	36
3L	18931419	18931328	Deletion	91
3L	18931404	18931328	Deletion	76
3L	18931389	18931328	Deletion	61
3L	18931361	18931328	Deletion	33
3L	18931364	18931328	Deletion	36
3L	18931359	18931328	Deletion	31
3L	18931374	18931328	Deletion	46
3L	18931375	18931328	Deletion	47
3L	18931952	18931829	Deletion	123
3L	18934227	18934106	Deletion	121
3L	18935215	18935105	Deletion	110
3L	18935215	18935106	Deletion	109
3L	18935215	18935146	Deletion	69
3L	18935215	18935158	Deletion	57
3L	18935215	18935169	Deletion	46
3L	18935215	18935173	Deletion	42
3L	18935358	18935301	Deletion	57
3L	18935411	18935301	Deletion	110
3L	18935385	18935301	Deletion	84
3L	18935381	18935301	Deletion	80
3L	18935370	18935301	Deletion	69
3L	18954215	18954104	Deletion	111
3L	18954215	18954105	Deletion	110
3L	18954215	18954135	Deletion	80
3L	18954215	18954142	Deletion	73
3L	18954215	18954147	Deletion	68
3L	18954215	18954165	Deletion	50
3L	18954215	18954168	Deletion	47
3L	18954215	18954184	Deletion	31
3L	18956734	18956675	Deletion	59
3L	18956752	18956675	Deletion	77
3L	18956788	18956675	Deletion	113
3L	18956795	18956675	Deletion	120
3L	18956771	18956675	Deletion	96
3L	18956729	18956675	Deletion	54
3L	18956755	18956675	Deletion	80
3L	18956722	18956675	Deletion	47
3L	18991997	18991874	Deletion	123
3L	18991997	18991917	Deletion	80
3L	18991997	18991919	Deletion	78
3L	18991997	18991925	Deletion	72
3L	18991997	18991935	Deletion	62
3L	18997423	18997375	Deletion	48
3L	18997439	18997375	Deletion	64
3L	18997498	18997375	Deletion	123
3L	18997429	18997375	Deletion	54
3L	18997421	18997375	Deletion	46
3L	19008380	19008284	Deletion	96
3L	19008380	19008291	Deletion	89
3L	19008380	19008318	Deletion	62
3L	19008380	19008332	Deletion	48
3L	19012275	19012197	Deletion	78
3L	19012227	19012197	Deletion	30
3L	19012261	19012197	Deletion	64
3L	19012234	19012197	Deletion	37
3L	19012882	19012761	Deletion	121
3L	19013021	19012899	Deletion	122
3L	19013021	19012902	Deletion	119
3L	19013021	19012918	Deletion	103
3L	19013021	19012975	Deletion	46
3L	19013021	19012976	Deletion	45
3L	19014865	19014783	Deletion	82
3L	19014866	19014783	Deletion	83
3L	19014896	19014783	Deletion	113
3L	19015338	19015260	Deletion	78
3L	19015338	19015286	Deletion	52
3L	19015338	19015289	Deletion	49
3L	19015338	19015290	Deletion	48
3L	19015572	19015495	Deletion	77
3L	19015573	19015495	Deletion	78
3L	19015543	19015495	Deletion	48
3L	19015569	19015495	Deletion	74
3L	19018892	19018830	Deletion	62
3L	19018892	19018855	Deletion	37
3L	19018892	19018859	Deletion	33
3L	19018892	19018861	Deletion	31
3L	19020111	19020016	Deletion	95
3L	19020109	19020016	Deletion	93
3L	19020105	19020016	Deletion	89
3L	19020080	19020016	Deletion	64
3L	19036190	19036084	Deletion	106
3L	19036190	19036084	Deletion	106
3L	19036190	19036087	Deletion	103
3L	19036190	19036118	Deletion	72
3L	19036190	19036122	Deletion	68
3L	19036190	19036122	Deletion	68
3L	19036190	19036139	Deletion	51
3L	19036847	19036728	Deletion	119
3L	19036786	19036728	Deletion	58
3L	19036803	19036728	Deletion	75
3L	19036782	19036728	Deletion	54
3L	19036786	19036728	Deletion	58
3L	19056938	19056857	Deletion	81
3L	19056938	19056874	Deletion	64
3L	19056938	19056886	Deletion	52
3L	19056938	19056886	Deletion	52
3L	19057134	19057028	Deletion	106
3L	19057102	19057028	Deletion	74
3L	19057102	19057028	Deletion	74
3L	19057073	19057028	Deletion	45
3L	19057090	19057029	Deletion	61
3L	19061109	19060995	Deletion	114
3L	19072603	19072482	Deletion	121
3L	19072603	19072487	Deletion	116
3L	19087795	19087702	Deletion	93
3L	19087795	19087702	Deletion	93
3L	19087795	19087705	Deletion	90
3L	19087795	19087706	Deletion	89
3L	19087795	19087746	Deletion	49
3L	19087795	19087752	Deletion	43
3L	19091274	19091234	Deletion	40
3L	19091315	19091234	Deletion	81
3L	19091358	19091234	Deletion	124
3L	19091271	19091234	Deletion	37
3L	19091340	19091234	Deletion	106
3L	19091271	19091234	Deletion	37
3L	19091321	19091234	Deletion	87
3L	19091275	19091234	Deletion	41
3L	19095829	19095722	Deletion	107
3L	19095829	19095743	Deletion	86
3L	19095829	19095756	Deletion	73
3L	19095829	19095764	Deletion	65
3L	19095829	19095786	Deletion	43
3L	19095829	19095795	Deletion	34
3L	19095829	19095799	Deletion	30
3L	19096675	19096579	Deletion	96
3L	19096619	19096579	Deletion	40
3L	19096632	19096579	Deletion	53
3L	19096662	19096579	Deletion	83
3L	19096640	19096579	Deletion	61
3L	19096671	19096579	Deletion	92
3L	19098763	19098660	Deletion	103
3L	19098763	19098688	Deletion	75
3L	19098763	19098698	Deletion	65
3L	19098763	19098704	Deletion	59
3L	19098982	19098885	Deletion	97
3L	19098936	19098885	Deletion	51
3L	19098952	19098885	Deletion	67
3L	19099009	19098885	Deletion	124
3L	19098946	19098885	Deletion	61
3L	19099008	19098885	Deletion	123
3L	19099134	19099065	Deletion	69
3L	19099896	19099796	Deletion	100
3L	19099854	19099796	Deletion	58
3L	19102084	19102038	Deletion	46
3L	19102084	19102044	Deletion	40
3L	19103545	19103464	Deletion	81
3L	19103551	19103464	Deletion	87
3L	19104046	19103925	Deletion	121
3L	19119760	19119670	Deletion	90
3L	19120035	19119912	Deletion	123
3L	19120277	19120240	Deletion	37
3L	19122607	19122498	Deletion	109
3L	19122607	19122563	Deletion	44
3L	19122847	19122804	Deletion	43
3L	19123180	19123074	Deletion	106
3L	19129363	19129242	Deletion	121
3L	19132356	19132266	Deletion	90
3L	19132356	19132276	Deletion	80
3L	19132356	19132292	Deletion	64
3L	19132356	19132293	Deletion	63
3L	19132580	19132534	Deletion	46
3L	19132627	19132534	Deletion	93
3L	19132627	19132534	Deletion	93
3L	19132596	19132534	Deletion	62
3L	19132597	19132534	Deletion	63
3L	19132627	19132534	Deletion	93
3L	19132570	19132538	Deletion	32
3L	19132627	19132566	Deletion	61
3L	19136997	19136885	Deletion	112
3L	19136950	19136885	Deletion	65
3L	19137022	19136984	Deletion	38
3L	19144472	19144383	Deletion	89
3L	19149225	19149102	Deletion	123
3L	19151518	19151410	Deletion	108
3L	19151518	19151427	Deletion	91
3L	19151518	19151459	Deletion	59
3L	19151518	19151462	Deletion	56
3L	19151518	19151468	Deletion	50
3L	19154156	19154086	Deletion	70
3L	19154153	19154086	Deletion	67
3L	19154162	19154086	Deletion	76
3L	19154121	19154086	Deletion	35
3L	19154199	19154086	Deletion	113
3L	19164565	19164442	Deletion	123
3L	19173682	19173559	Deletion	123
3L	19173682	19173564	Deletion	118
3L	19173682	19173570	Deletion	112
3L	19173682	19173578	Deletion	104
3L	19173682	19173582	Deletion	100
3L	19173682	19173586	Deletion	96
3L	19173682	19173597	Deletion	85
3L	19173682	19173601	Deletion	81
3L	19173682	19173610	Deletion	72
3L	19173682	19173640	Deletion	42
3L	19173682	19173645	Deletion	37
3L	19173872	19173788	Deletion	84
3L	19173894	19173788	Deletion	106
3L	19173842	19173788	Deletion	54
3L	19173877	19173788	Deletion	89
3L	19173833	19173788	Deletion	45
3L	19173829	19173788	Deletion	41
3L	19173818	19173788	Deletion	30
3L	19179143	19179028	Deletion	115
3L	19179143	19179091	Deletion	52
3L	19179143	19179105	Deletion	38
3L	19179587	19179505	Deletion	82
3L	19179601	19179505	Deletion	96
3L	19179626	19179505	Deletion	121
3L	19183000	19182879	Deletion	121
3L	19183000	19182905	Deletion	95
3L	19183000	19182952	Deletion	48
3L	19184596	19184474	Deletion	122
3L	19184552	19184474	Deletion	78
3L	19184505	19184474	Deletion	31
3L	19184688	19184601	Deletion	87
3L	19184688	19184635	Deletion	53
3L	19199144	19199071	Deletion	73
3L	19199110	19199071	Deletion	39
3L	19200638	19200526	Deletion	112
3L	19200638	19200557	Deletion	81
3L	19200748	19200702	Deletion	46
3L	19200803	19200702	Deletion	101
3L	19200823	19200702	Deletion	121
3L	19202385	19202294	Deletion	91
3L	19208693	19208625	Deletion	68
3L	19224955	19224920	Deletion	35
3L	19237634	19237537	Deletion	97
3L	19237634	19237544	Deletion	90
3L	19237634	19237550	Deletion	84
3L	19237634	19237575	Deletion	59
3L	19237634	19237577	Deletion	57
3L	19237634	19237602	Deletion	32
3L	19244143	19244106	Deletion	37
3L	19244174	19244106	Deletion	68
3L	19244176	19244106	Deletion	70
3L	19244221	19244106	Deletion	115
3L	19244201	19244106	Deletion	95
3L	19244149	19244106	Deletion	43
3L	19249224	19249104	Deletion	120
3L	19249224	19249117	Deletion	107
3L	19249224	19249121	Deletion	103
3L	19249224	19249122	Deletion	102
3L	19249224	19249145	Deletion	79
3L	19249224	19249169	Deletion	55
3L	19249224	19249194	Deletion	30
3L	19249750	19249653	Deletion	97
3L	19249754	19249653	Deletion	101
3L	19249775	19249653	Deletion	122
3L	19249725	19249653	Deletion	72
3L	19249701	19249653	Deletion	48
3L	19254126	19254007	Deletion	119
3L	19254126	19254043	Deletion	83
3L	19254126	19254061	Deletion	65
3L	19254121	19254070	Deletion	51
3L	19254126	19254082	Deletion	44
3L	19254126	19254086	Deletion	40
3L	19259559	19259516	Deletion	43
3L	19259602	19259516	Deletion	86
3L	19259577	19259516	Deletion	61
3L	19259586	19259516	Deletion	70
3L	19259598	19259516	Deletion	82
3L	19276532	19276412	Deletion	120
3L	19276532	19276429	Deletion	103
3L	19276532	19276473	Deletion	59
3L	19276532	19276473	Deletion	59
3L	19276532	19276477	Deletion	55
3L	19276532	19276487	Deletion	45
3L	19277085	19277016	Deletion	69
3L	19277085	19277016	Deletion	69
3L	19277125	19277016	Deletion	109
3L	19277099	19277016	Deletion	83
3L	19277089	19277016	Deletion	73
3L	19283553	19283431	Deletion	122
3L	19300738	19300623	Deletion	115
3L	19300738	19300630	Deletion	108
3L	19300738	19300648	Deletion	90
3L	19300738	19300662	Deletion	76
3L	19300738	19300682	Deletion	56
3L	19300738	19300689	Deletion	49
3L	19300738	19300703	Deletion	35
3L	19300917	19300840	Deletion	77
3L	19300931	19300840	Deletion	91
3L	19300910	19300840	Deletion	70
3L	19300944	19300840	Deletion	104
3L	19300890	19300840	Deletion	50
3L	19300958	19300840	Deletion	118
3L	19300876	19300840	Deletion	36
3L	19300960	19300840	Deletion	120
3L	19304527	19304419	Deletion	108
3L	19304527	19304437	Deletion	90
3L	19304527	19304450	Deletion	77
3L	19308949	19308845	Deletion	104
3L	19308882	19308845	Deletion	37
3L	19308895	19308845	Deletion	50
3L	19316059	19315969	Deletion	90
3L	19316059	19315974	Deletion	85
3L	19316059	19315986	Deletion	73
3L	19320870	19320767	Deletion	103
3L	19320803	19320767	Deletion	36
3L	19320881	19320767	Deletion	114
3L	19320874	19320767	Deletion	107
3L	19320820	19320767	Deletion	53
3L	19320808	19320767	Deletion	41
3L	19329985	19329886	Deletion	99
3L	19329985	19329920	Deletion	65
3L	19330163	19330043	Deletion	120
3L	19330106	19330043	Deletion	63
3L	19336683	19336559	Deletion	124
3L	19336683	19336575	Deletion	108
3L	19336683	19336593	Deletion	90
3L	19336683	19336622	Deletion	61
3L	19336683	19336642	Deletion	41
3L	19337020	19336911	Deletion	109
3L	19336978	19336911	Deletion	67
3L	19337015	19336911	Deletion	104
3L	19337028	19336911	Deletion	117
3L	19336949	19336911	Deletion	38
3L	19336998	19336911	Deletion	87
3L	19350835	19350714	Deletion	121
3L	19350835	19350731	Deletion	104
3L	19350835	19350769	Deletion	66
3L	19350835	19350798	Deletion	37
3L	19350835	19350801	Deletion	34
3L	19351019	19350927	Deletion	92
3L	19351031	19350927	Deletion	104
3L	19350987	19350927	Deletion	60
3L	19351016	19350927	Deletion	89
3L	19359090	19359012	Deletion	78
3L	19359090	19359014	Deletion	76
3L	19359090	19359028	Deletion	62
3L	19359090	19359057	Deletion	33
3L	19400441	19400325	Deletion	116
3L	19403001	19402881	Deletion	120
3L	19410431	19410343	Deletion	88
3L	19410407	19410343	Deletion	64
3L	19410427	19410343	Deletion	84
3L	19410432	19410343	Deletion	89
3L	19440339	19440249	Deletion	90
3L	19440339	19440273	Deletion	66
3L	19440339	19440300	Deletion	39
3L	19440339	19440302	Deletion	37
3L	19440904	19440815	Deletion	89
3L	19440906	19440815	Deletion	91
3L	19440914	19440815	Deletion	99
3L	19440923	19440815	Deletion	108
3L	19440853	19440815	Deletion	38
3L	19440877	19440815	Deletion	62
3L	19454208	19454087	Deletion	121
3L	19454208	19454097	Deletion	111
3L	19454208	19454110	Deletion	98
3L	19454208	19454141	Deletion	67
3L	19454208	19454158	Deletion	50
3L	19454208	19454171	Deletion	37
3L	19455944	19455853	Deletion	91
3L	19455883	19455853	Deletion	30
3L	19455931	19455853	Deletion	78
3L	19455953	19455853	Deletion	100
3L	19455914	19455853	Deletion	61
3L	19455977	19455853	Deletion	124
3L	19455964	19455853	Deletion	111
3L	19456711	19456595	Deletion	116
3L	19456711	19456601	Deletion	110
3L	19456711	19456602	Deletion	109
3L	19456890	19456766	Deletion	124
3L	19456874	19456766	Deletion	108
3L	19458916	19458800	Deletion	116
3L	19458916	19458810	Deletion	106
3L	19458916	19458835	Deletion	81
3L	19458916	19458852	Deletion	64
3L	19458916	19458857	Deletion	59
3L	19458916	19458858	Deletion	58
3L	19458916	19458879	Deletion	37
3L	19484026	19483923	Deletion	103
3L	19484034	19483923	Deletion	111
3L	19483985	19483923	Deletion	62
3L	19483991	19483923	Deletion	68
3L	19483990	19483923	Deletion	67
3L	19483968	19483923	Deletion	45
3L	19484012	19483923	Deletion	89
3L	19492717	19492609	Deletion	108
3L	19492717	19492664	Deletion	53
3L	19492842	19492769	Deletion	73
3L	19492891	19492769	Deletion	122
3L	19518603	19518482	Deletion	121
3L	19518603	19518496	Deletion	107
3L	19518603	19518512	Deletion	91
3L	19518603	19518546	Deletion	57
3L	19518603	19518568	Deletion	35
3L	19518603	19518570	Deletion	33
3L	19528112	19528076	Deletion	36
3L	19528182	19528076	Deletion	106
3L	19528146	19528076	Deletion	70
3L	19528170	19528076	Deletion	94
3L	19528168	19528076	Deletion	92
3L	19528190	19528076	Deletion	114
3L	19528175	19528076	Deletion	99
3L	19535911	19535800	Deletion	111
3L	19535911	19535813	Deletion	98
3L	19535911	19535823	Deletion	88
3L	19535911	19535857	Deletion	54
3L	19538899	19538860	Deletion	39
3L	19538964	19538860	Deletion	104
3L	19538961	19538860	Deletion	101
3L	19538934	19538860	Deletion	74
3L	19538973	19538860	Deletion	113
3L	19552787	19552668	Deletion	119
3L	19552787	19552693	Deletion	94
3L	19552787	19552708	Deletion	79
3L	19552787	19552749	Deletion	38
3L	19552787	19552753	Deletion	34
3L	19563751	19563628	Deletion	123
3L	19563716	19563628	Deletion	88
3L	19563675	19563628	Deletion	47
3L	19563720	19563628	Deletion	92
3L	19563728	19563628	Deletion	100
3L	19563660	19563628	Deletion	32
3L	19568002	19567880	Deletion	122
3L	19568071	19567953	Deletion	118
3L	19568071	19568016	Deletion	55
3L	19568071	19568018	Deletion	53
3L	19568071	19568025	Deletion	46
3L	19569627	19569544	Deletion	83
3L	19569618	19569544	Deletion	74
3L	19569620	19569544	Deletion	76
3L	19570066	19569945	Deletion	121
3L	19570068	19569957	Deletion	111
3L	19570068	19569964	Deletion	104
3L	19570068	19569991	Deletion	77
3L	19570068	19570009	Deletion	59
3L	19570068	19570032	Deletion	36
3L	19575673	19575582	Deletion	91
3L	19575632	19575582	Deletion	50
3L	19575650	19575582	Deletion	68
3L	19577004	19576883	Deletion	121
3L	19577004	19576899	Deletion	105
3L	19577004	19576931	Deletion	73
3L	19577004	19576942	Deletion	62
3L	19577004	19576954	Deletion	50
3L	19586307	19586252	Deletion	55
3L	19586318	19586252	Deletion	66
3L	19586362	19586252	Deletion	110
3L	19586330	19586252	Deletion	78
3L	19596239	19596138	Deletion	101
3L	19596239	19596144	Deletion	95
3L	19596239	19596158	Deletion	81
3L	19596239	19596163	Deletion	76
3L	19596239	19596178	Deletion	61
3L	19596239	19596179	Deletion	60
3L	19626117	19626067	Deletion	50
3L	19626112	19626067	Deletion	45
3L	19626132	19626067	Deletion	65
3L	19626133	19626067	Deletion	66
3L	19626098	19626067	Deletion	31
3L	19626184	19626067	Deletion	117
3L	19633060	19632960	Deletion	100
3L	19633065	19632989	Deletion	76
3L	19633065	19633034	Deletion	31
3L	19633065	19633035	Deletion	30
3L	19637650	19637554	Deletion	96
3L	19637649	19637554	Deletion	95
3L	19637604	19637554	Deletion	50
3L	19638699	19638579	Deletion	120
3L	19638699	19638592	Deletion	107
3L	19638699	19638598	Deletion	101
3L	19638699	19638600	Deletion	99
3L	19638699	19638627	Deletion	72
3L	19638699	19638631	Deletion	68
3L	19638699	19638654	Deletion	45
3L	19639524	19639413	Deletion	111
3L	19639530	19639413	Deletion	117
3L	19639531	19639413	Deletion	118
3L	19639478	19639413	Deletion	65
3L	19639501	19639413	Deletion	88
3L	19639474	19639413	Deletion	61
3L	19659004	19658903	Deletion	101
3L	19659004	19658926	Deletion	78
3L	19659004	19658936	Deletion	68
3L	19659004	19658958	Deletion	46
3L	19660026	19659917	Deletion	109
3L	19659997	19659917	Deletion	80
3L	19659965	19659917	Deletion	48
3L	19659975	19659917	Deletion	58
3L	19686800	19686677	Deletion	123
3L	19692231	19692147	Deletion	84
3L	19692231	19692188	Deletion	43
3L	19692231	19692199	Deletion	32
3L	19699499	19699416	Deletion	83
3L	19699458	19699416	Deletion	42
3L	19699510	19699416	Deletion	94
3L	19699508	19699416	Deletion	92
3L	19705523	19705403	Deletion	120
3L	19705523	19705419	Deletion	104
3L	19705523	19705425	Deletion	98
3L	19705523	19705430	Deletion	93
3L	19705523	19705431	Deletion	92
3L	19705523	19705458	Deletion	65
3L	19705523	19705468	Deletion	55
3L	19705523	19705481	Deletion	42
3L	19705523	19705492	Deletion	31
3L	19706528	19706427	Deletion	101
3L	19706504	19706427	Deletion	77
3L	19706466	19706427	Deletion	39
3L	19706494	19706427	Deletion	67
3L	19706517	19706427	Deletion	90
3L	19706467	19706427	Deletion	40
3L	19706461	19706427	Deletion	34
3L	19709580	19709513	Deletion	67
3L	19709733	19709614	Deletion	119
3L	19710770	19710657	Deletion	113
3L	19712861	19712826	Deletion	35
3L	19716873	19716791	Deletion	82
3L	19716873	19716822	Deletion	51
3L	19716873	19716835	Deletion	38
3L	19717050	19716943	Deletion	107
3L	19717053	19716943	Deletion	110
3L	19717032	19716943	Deletion	89
3L	19717019	19716943	Deletion	76
3L	19717109	19716987	Deletion	122
3L	19726340	19726217	Deletion	123
3L	19726595	19726472	Deletion	123
3L	19728094	19727995	Deletion	99
3L	19728094	19728025	Deletion	69
3L	19728094	19728027	Deletion	67
3L	19740018	19739994	Deletion	24
3L	19744430	19744323	Deletion	107
3L	19744459	19744372	Deletion	87
3L	19748289	19748190	Deletion	99
3L	19748404	19748359	Deletion	45
3L	19748476	19748359	Deletion	117
3L	19758883	19758760	Deletion	123
3L	19759509	19759392	Deletion	117
3L	19759509	19759424	Deletion	85
3L	19759509	19759428	Deletion	81
3L	19759509	19759452	Deletion	57
3L	19759509	19759453	Deletion	56
3L	19759509	19759462	Deletion	47
3L	19775279	19775181	Deletion	98
3L	19781597	19781551	Deletion	46
3L	19781622	19781551	Deletion	71
3L	19781611	19781551	Deletion	60
3L	19781621	19781551	Deletion	70
3L	19781586	19781551	Deletion	35
3L	19781609	19781551	Deletion	58
3L	19781631	19781551	Deletion	80
3L	19782277	19782168	Deletion	109
3L	19782277	19782203	Deletion	74
3L	19782277	19782214	Deletion	63
3L	19782277	19782214	Deletion	63
3L	19782277	19782219	Deletion	58
3L	19782277	19782230	Deletion	47
3L	19782277	19782242	Deletion	35
3L	19782277	19782244	Deletion	33
3L	19783880	19783817	Deletion	63
3L	19783908	19783817	Deletion	91
3L	19783926	19783817	Deletion	109
3L	19783885	19783817	Deletion	68
3L	19783880	19783817	Deletion	63
3L	19783910	19783817	Deletion	93
3L	19783923	19783817	Deletion	106
3L	19783896	19783817	Deletion	79
3L	19783869	19783817	Deletion	52
3L	19783935	19783817	Deletion	118
3L	19791260	19791138	Deletion	122
3L	19791747	19791632	Deletion	115
3L	19791747	19791633	Deletion	114
3L	19791747	19791651	Deletion	96
3L	19791747	19791653	Deletion	94
3L	19791747	19791661	Deletion	86
3L	19791747	19791686	Deletion	61
3L	19791747	19791690	Deletion	57
3L	19791747	19791690	Deletion	57
3L	19791743	19791695	Deletion	48
3L	19791747	19791703	Deletion	44
3L	19791747	19791716	Deletion	31
3L	19800514	19800404	Deletion	110
3L	19800501	19800404	Deletion	97
3L	19800488	19800404	Deletion	84
3L	19800475	19800404	Deletion	71
3L	19800511	19800404	Deletion	107
3L	19800446	19800404	Deletion	42
3L	19800480	19800404	Deletion	76
3L	19800471	19800404	Deletion	67
3L	19800475	19800404	Deletion	71
3L	19800438	19800404	Deletion	34
3L	19800436	19800404	Deletion	32
3L	19801576	19801453	Deletion	123
3L	19807184	19807063	Deletion	121
3L	19809509	19809393	Deletion	116
3L	19809509	19809412	Deletion	97
3L	19809509	19809417	Deletion	92
3L	19809509	19809463	Deletion	46
3L	19809509	19809472	Deletion	37
3L	19810387	19810305	Deletion	82
3L	19810396	19810305	Deletion	91
3L	19810341	19810305	Deletion	36
3L	19817874	19817759	Deletion	115
3L	19817874	19817768	Deletion	106
3L	19817874	19817791	Deletion	83
3L	19817874	19817792	Deletion	82
3L	19817968	19817924	Deletion	44
3L	19817969	19817924	Deletion	45
3L	19820665	19820627	Deletion	38
3L	19824722	19824686	Deletion	36
3L	19824905	19824810	Deletion	95
3L	19827090	19826979	Deletion	111
3L	19832886	19832766	Deletion	120
3L	19832886	19832774	Deletion	112
3L	19832886	19832808	Deletion	78
3L	19832886	19832849	Deletion	37
3L	19833782	19833734	Deletion	48
3L	19833823	19833734	Deletion	89
3L	19840465	19840347	Deletion	118
3L	19840465	19840372	Deletion	93
3L	19840465	19840373	Deletion	92
3L	19840465	19840378	Deletion	87
3L	19840465	19840408	Deletion	57
3L	19840465	19840412	Deletion	53
3L	19840465	19840422	Deletion	43
3L	19840465	19840422	Deletion	43
3L	19843266	19843148	Deletion	118
3L	19843221	19843148	Deletion	73
3L	19843217	19843148	Deletion	69
3L	19843231	19843148	Deletion	83
3L	19843182	19843148	Deletion	34
3L	19843263	19843148	Deletion	115
3L	19843187	19843148	Deletion	39
3L	19843181	19843148	Deletion	33
3L	19843231	19843148	Deletion	83
3L	19850503	19850394	Deletion	109
3L	19850991	19850898	Deletion	93
3L	19851109	19851036	Deletion	73
3L	19851109	19851056	Deletion	53
3L	19852059	19852006	Deletion	53
3L	19853241	19853191	Deletion	50
3L	19855217	19855175	Deletion	42
3L	19858374	19858258	Deletion	116
3L	19858374	19858273	Deletion	101
3L	19858374	19858286	Deletion	88
3L	19858374	19858288	Deletion	86
3L	19858374	19858324	Deletion	50
3L	19861707	19861591	Deletion	116
3L	19861668	19861591	Deletion	77
3L	19861630	19861591	Deletion	39
3L	19861632	19861591	Deletion	41
3L	19871520	19871415	Deletion	105
3L	19871520	19871443	Deletion	77
3L	19871520	19871465	Deletion	55
3L	19871520	19871466	Deletion	54
3L	19873532	19873461	Deletion	71
3L	19873510	19873461	Deletion	49
3L	19873563	19873461	Deletion	102
3L	19873533	19873461	Deletion	72
3L	19876665	19876543	Deletion	122
3L	19885432	19885311	Deletion	121
3L	19891987	19891879	Deletion	108
3L	19891987	19891895	Deletion	92
3L	19891987	19891901	Deletion	86
3L	19891987	19891905	Deletion	82
3L	19891987	19891925	Deletion	62
3L	19891987	19891927	Deletion	60
3L	19891987	19891951	Deletion	36
3L	19891987	19891951	Deletion	36
3L	19892203	19892135	Deletion	68
3L	19892227	19892135	Deletion	92
3L	19892227	19892135	Deletion	92
3L	19892201	19892135	Deletion	66
3L	19892181	19892135	Deletion	46
3L	19892177	19892135	Deletion	42
3L	19892171	19892135	Deletion	36
3L	19892246	19892139	Deletion	107
3L	19897063	19896944	Deletion	119
3L	19897063	19896955	Deletion	108
3L	19897063	19896960	Deletion	103
3L	19897063	19897008	Deletion	55
3L	19897063	19897018	Deletion	45
3L	19897063	19897031	Deletion	32
3L	19897795	19897712	Deletion	83
3L	19897808	19897712	Deletion	96
3L	19897813	19897712	Deletion	101
3L	19897816	19897712	Deletion	104
3L	19897785	19897712	Deletion	73
3L	19897828	19897712	Deletion	116
3L	19908444	19908322	Deletion	122
3L	19908985	19908869	Deletion	116
3L	19908985	19908869	Deletion	116
3L	19908985	19908892	Deletion	93
3L	19908985	19908927	Deletion	58
3L	19908985	19908935	Deletion	50
3L	19913857	19913823	Deletion	34
3L	19913927	19913823	Deletion	104
3L	19913900	19913823	Deletion	77
3L	19913892	19913823	Deletion	69
3L	19915783	19915664	Deletion	119
3L	19915783	19915670	Deletion	113
3L	19915783	19915701	Deletion	82
3L	19915783	19915721	Deletion	62
3L	19915783	19915728	Deletion	55
3L	19917723	19917679	Deletion	44
3L	19917743	19917679	Deletion	64
3L	19917750	19917679	Deletion	71
3L	19919534	19919411	Deletion	123
3L	19924422	19924300	Deletion	122
3L	19929164	19929043	Deletion	121
3L	19951681	19951558	Deletion	123
3L	19951681	19951571	Deletion	110
3L	19951681	19951622	Deletion	59
3L	19951681	19951638	Deletion	43
3L	19952773	19952706	Deletion	67
3L	19952789	19952706	Deletion	83
3L	19955913	19955803	Deletion	110
3L	19955913	19955803	Deletion	110
3L	19955913	19955820	Deletion	93
3L	19955913	19955833	Deletion	80
3L	19960378	19960345	Deletion	33
3L	19960391	19960345	Deletion	46
3L	19960456	19960345	Deletion	111
3L	19960454	19960345	Deletion	109
3L	19962081	19961960	Deletion	121
3L	19964436	19964327	Deletion	109
3L	19964436	19964366	Deletion	70
3L	19964436	19964370	Deletion	66
3L	19964436	19964374	Deletion	62
3L	19964436	19964406	Deletion	30
3L	19966478	19966381	Deletion	97
3L	19966446	19966381	Deletion	65
3L	19966479	19966381	Deletion	98
3L	19966442	19966381	Deletion	61
3L	19966438	19966381	Deletion	57
3L	19966591	19966472	Deletion	119
3L	19966591	19966475	Deletion	116
3L	19966591	19966497	Deletion	94
3L	19966591	19966515	Deletion	76
3L	19966591	19966516	Deletion	75
3L	19966591	19966528	Deletion	63
3L	19966591	19966532	Deletion	59
3L	19966794	19966760	Deletion	34
3L	19966825	19966760	Deletion	65
3L	19966812	19966760	Deletion	52
3L	19966861	19966760	Deletion	101
3L	19966813	19966760	Deletion	53
3L	19966829	19966760	Deletion	69
3L	19967810	19967691	Deletion	119
3L	19967810	19967699	Deletion	111
3L	19967810	19967699	Deletion	111
3L	19967810	19967713	Deletion	97
3L	19967810	19967729	Deletion	81
3L	19967810	19967749	Deletion	61
3L	19967810	19967760	Deletion	50
3L	19974394	19974349	Deletion	45
3L	19974451	19974349	Deletion	102
3L	19974425	19974349	Deletion	76
3L	19974414	19974349	Deletion	65
3L	20005209	20005096	Deletion	113
3L	20005209	20005098	Deletion	111
3L	20005209	20005105	Deletion	104
3L	20005209	20005144	Deletion	65
3L	20005209	20005149	Deletion	60
3L	20005209	20005154	Deletion	55
3L	20005209	20005155	Deletion	54
3L	20005209	20005159	Deletion	50
3L	20005209	20005162	Deletion	47
3L	20005209	20005178	Deletion	31
3L	20018055	20017991	Deletion	64
3L	20018089	20017991	Deletion	98
3L	20018066	20017991	Deletion	75
3L	20018065	20017991	Deletion	74
3L	20018060	20017991	Deletion	69
3L	20018073	20017991	Deletion	82
3L	20018070	20017991	Deletion	79
3L	20024047	20023945	Deletion	102
3L	20024047	20023979	Deletion	68
3L	20024047	20023981	Deletion	66
3L	20024047	20023992	Deletion	55
3L	20024047	20024007	Deletion	40
3L	20024196	20024108	Deletion	88
3L	20024208	20024108	Deletion	100
3L	20024170	20024108	Deletion	62
3L	20024181	20024108	Deletion	73
3L	20024168	20024108	Deletion	60
3L	20024207	20024108	Deletion	99
3L	20024666	20024550	Deletion	116
3L	20024666	20024579	Deletion	87
3L	20024775	20024735	Deletion	40
3L	20024849	20024735	Deletion	114
3L	20024851	20024735	Deletion	116
3L	20024838	20024735	Deletion	103
3L	20033967	20033848	Deletion	119
3L	20033967	20033863	Deletion	104
3L	20033967	20033904	Deletion	63
3L	20033967	20033928	Deletion	39
3L	20038566	20038479	Deletion	87
3L	20038542	20038479	Deletion	63
3L	20041150	20041029	Deletion	121
3L	20042436	20042314	Deletion	122
3L	20055548	20055424	Deletion	124
3L	20055548	20055438	Deletion	110
3L	20055548	20055440	Deletion	108
3L	20055548	20055445	Deletion	103
3L	20055548	20055465	Deletion	83
3L	20055548	20055505	Deletion	43
3L	20057703	20057660	Deletion	43
3L	20057743	20057660	Deletion	83
3L	20059793	20059671	Deletion	122
3L	20067460	20067352	Deletion	108
3L	20067460	20067376	Deletion	84
3L	20067460	20067411	Deletion	49
3L	20067627	20067510	Deletion	117
3L	20067587	20067510	Deletion	77
3L	20067552	20067510	Deletion	42
3L	20083568	20083480	Deletion	88
3L	20083568	20083502	Deletion	66
3L	20083568	20083522	Deletion	46
3L	20083568	20083525	Deletion	43
3L	20083568	20083528	Deletion	40
3L	20085029	20084943	Deletion	86
3L	20085026	20084943	Deletion	83
3L	20085039	20084943	Deletion	96
3L	20085023	20084943	Deletion	80
3L	20084981	20084943	Deletion	38
3L	20085003	20084943	Deletion	60
3L	20087573	20087450	Deletion	123
3L	20091412	20091300	Deletion	112
3L	20091412	20091302	Deletion	110
3L	20091412	20091320	Deletion	92
3L	20091412	20091337	Deletion	75
3L	20091412	20091353	Deletion	59
3L	20091412	20091355	Deletion	57
3L	20091412	20091378	Deletion	34
3L	20091412	20091380	Deletion	32
3L	20091598	20091528	Deletion	70
3L	20091644	20091528	Deletion	116
3L	20091637	20091528	Deletion	109
3L	20091580	20091528	Deletion	52
3L	20091641	20091528	Deletion	113
3L	20091563	20091528	Deletion	35
3L	20091621	20091528	Deletion	93
3L	20091623	20091528	Deletion	95
3L	20091596	20091528	Deletion	68
3L	20098658	20098570	Deletion	88
3L	20098658	20098584	Deletion	74
3L	20107389	20107351	Deletion	38
3L	20107469	20107351	Deletion	118
3L	20107471	20107351	Deletion	120
3L	20107462	20107351	Deletion	111
3L	20107403	20107351	Deletion	52
3L	20114213	20114127	Deletion	86
3L	20114435	20114336	Deletion	99
3L	20118132	20118087	Deletion	45
3L	20120681	20120646	Deletion	35
3L	20124092	20124046	Deletion	46
3L	20124087	20124046	Deletion	41
3L	20124169	20124046	Deletion	123
3L	20124094	20124046	Deletion	48
3L	20124109	20124046	Deletion	63
3L	20124122	20124046	Deletion	76
3L	20124150	20124046	Deletion	104
3L	20126287	20126207	Deletion	80
3L	20126287	20126216	Deletion	71
3L	20126287	20126217	Deletion	70
3L	20126287	20126228	Deletion	59
3L	20126538	20126471	Deletion	67
3L	20126517	20126471	Deletion	46
3L	20126527	20126471	Deletion	56
3L	20126526	20126471	Deletion	55
3L	20134916	20134796	Deletion	120
3L	20134916	20134797	Deletion	119
3L	20134916	20134820	Deletion	96
3L	20134916	20134825	Deletion	91
3L	20134916	20134833	Deletion	83
3L	20134916	20134837	Deletion	79
3L	20134916	20134881	Deletion	35
3L	20135144	20135101	Deletion	43
3L	20135136	20135101	Deletion	35
3L	20135192	20135101	Deletion	91
3L	20135148	20135101	Deletion	47
3L	20135221	20135101	Deletion	120
3L	20135430	20135307	Deletion	123
3L	20135430	20135368	Deletion	62
3L	20135430	20135390	Deletion	40
3L	20135430	20135398	Deletion	32
3L	20136683	20136579	Deletion	104
3L	20136676	20136579	Deletion	97
3L	20136694	20136579	Deletion	115
3L	20136665	20136579	Deletion	86
3L	20136700	20136579	Deletion	121
3L	20136680	20136579	Deletion	101
3L	20136643	20136579	Deletion	64
3L	20136673	20136579	Deletion	94
3L	20139769	20139645	Deletion	124
3L	20149715	20149620	Deletion	95
3L	20152468	20152365	Deletion	103
3L	20152397	20152365	Deletion	32
3L	20170041	20169930	Deletion	111
3L	20170041	20169938	Deletion	103
3L	20170041	20169965	Deletion	76
3L	20170041	20169972	Deletion	69
3L	20170041	20169983	Deletion	58
3L	20170041	20169994	Deletion	47
3L	20170041	20169996	Deletion	45
3L	20170041	20169998	Deletion	43
3L	20174508	20174451	Deletion	57
3L	20174519	20174451	Deletion	68
3L	20174530	20174451	Deletion	79
3L	20174501	20174451	Deletion	50
3L	20174534	20174451	Deletion	83
3L	20174532	20174455	Deletion	77
3L	20181557	20181434	Deletion	123
3L	20195915	20195801	Deletion	114
3L	20195915	20195805	Deletion	110
3L	20195915	20195822	Deletion	93
3L	20195915	20195823	Deletion	92
3L	20195915	20195844	Deletion	71
3L	20195915	20195861	Deletion	54
3L	20195915	20195873	Deletion	42
3L	20213127	20213004	Deletion	123
3L	20213913	20213795	Deletion	118
3L	20220433	20220360	Deletion	73
3L	20220433	20220380	Deletion	53
3L	20220433	20220382	Deletion	51
3L	20220433	20220398	Deletion	35
3L	20221163	20221109	Deletion	54
3L	20221185	20221109	Deletion	76
3L	20221201	20221109	Deletion	92
3L	20221183	20221109	Deletion	74
3L	20223989	20223883	Deletion	106
3L	20223997	20223883	Deletion	114
3L	20225626	20225525	Deletion	101
3L	20225626	20225541	Deletion	85
3L	20225626	20225550	Deletion	76
3L	20225626	20225569	Deletion	57
3L	20225626	20225587	Deletion	39
3L	20233014	20232927	Deletion	87
3L	20233042	20232927	Deletion	115
3L	20232977	20232927	Deletion	50
3L	20232968	20232927	Deletion	41
3L	20232996	20232927	Deletion	69
3L	20234847	20234727	Deletion	120
3L	20234847	20234729	Deletion	118
3L	20234847	20234740	Deletion	107
3L	20234847	20234742	Deletion	105
3L	20234847	20234744	Deletion	103
3L	20234847	20234748	Deletion	99
3L	20234847	20234750	Deletion	97
3L	20234847	20234757	Deletion	90
3L	20234847	20234812	Deletion	35
3L	20235829	20235793	Deletion	36
3L	20235884	20235793	Deletion	91
3L	20235914	20235793	Deletion	121
3L	20237820	20237719	Deletion	101
3L	20237820	20237729	Deletion	91
3L	20237820	20237741	Deletion	79
3L	20239520	20239484	Deletion	36
3L	20239532	20239484	Deletion	48
3L	20241835	20241719	Deletion	116
3L	20241835	20241726	Deletion	109
3L	20241835	20241733	Deletion	102
3L	20241835	20241757	Deletion	78
3L	20241835	20241759	Deletion	76
3L	20241835	20241787	Deletion	48
3L	20241835	20241802	Deletion	33
3L	20255925	20255804	Deletion	121
3L	20255882	20255804	Deletion	78
3L	20255854	20255804	Deletion	50
3L	20255852	20255804	Deletion	48
3L	20255897	20255804	Deletion	93
3L	20259092	20258972	Deletion	120
3L	20260403	20260325	Deletion	78
3L	20260403	20260325	Deletion	78
3L	20260403	20260349	Deletion	54
3L	20260403	20260356	Deletion	47
3L	20260403	20260372	Deletion	31
3L	20282515	20282467	Deletion	48
3L	20282562	20282467	Deletion	95
3L	20282539	20282467	Deletion	72
3L	20282515	20282467	Deletion	48
3L	20282566	20282467	Deletion	99
3L	20282546	20282467	Deletion	79
3L	20282793	20282671	Deletion	122
3L	20283001	20282883	Deletion	118
3L	20283001	20282924	Deletion	77
3L	20283001	20282945	Deletion	56
3L	20283001	20282949	Deletion	52
3L	20283001	20282954	Deletion	47
3L	20285170	20285100	Deletion	70
3L	20285174	20285100	Deletion	74
3L	20285217	20285100	Deletion	117
3L	20285179	20285100	Deletion	79
3L	20285149	20285100	Deletion	49
3L	20285194	20285100	Deletion	94
3L	20301909	20301793	Deletion	116
3L	20301909	20301857	Deletion	52
3L	20310618	20310495	Deletion	123
3L	20310569	20310495	Deletion	74
3L	20312444	20312343	Deletion	101
3L	20312444	20312353	Deletion	91
3L	20312444	20312368	Deletion	76
3L	20312444	20312371	Deletion	73
3L	20312444	20312384	Deletion	60
3L	20312444	20312388	Deletion	56
3L	20312444	20312396	Deletion	48
3L	20312444	20312404	Deletion	40
3L	20312444	20312406	Deletion	38
3L	20316831	20316780	Deletion	51
3L	20316847	20316780	Deletion	67
3L	20316867	20316780	Deletion	87
3L	20316816	20316780	Deletion	36
3L	20316851	20316780	Deletion	71
3L	20316859	20316780	Deletion	79
3L	20316834	20316780	Deletion	54
3L	20316869	20316780	Deletion	89
3L	20317154	20317041	Deletion	113
3L	20317154	20317052	Deletion	102
3L	20317154	20317095	Deletion	59
3L	20317669	20317557	Deletion	112
3L	20317679	20317557	Deletion	122
3L	20317625	20317557	Deletion	68
3L	20317680	20317557	Deletion	123
3L	20331511	20331429	Deletion	82
3L	20331746	20331653	Deletion	93
3L	20331746	20331689	Deletion	57
3L	20332747	20332629	Deletion	118
3L	20332682	20332629	Deletion	53
3L	20332882	20332776	Deletion	106
3L	20332880	20332776	Deletion	104
3L	20332884	20332776	Deletion	108
3L	20338163	20338130	Deletion	33
3L	20338163	20338130	Deletion	33
3L	20339033	20338961	Deletion	72
3L	20339033	20338963	Deletion	70
3L	20344844	20344723	Deletion	121
3L	20349495	20349398	Deletion	97
3L	20349495	20349405	Deletion	90
3L	20349495	20349406	Deletion	89
3L	20349495	20349411	Deletion	84
3L	20349495	20349464	Deletion	31
3L	20351390	20351358	Deletion	32
3L	20351456	20351358	Deletion	98
3L	20351397	20351358	Deletion	39
3L	20351398	20351358	Deletion	40
3L	20351403	20351358	Deletion	45
3L	20378461	20378340	Deletion	121
3L	20387820	20387731	Deletion	89
3L	20387816	20387739	Deletion	77
3L	20387820	20387766	Deletion	54
3L	20387820	20387769	Deletion	51
3L	20388971	20388899	Deletion	72
3L	20388998	20388899	Deletion	99
3L	20388974	20388899	Deletion	75
3L	20388944	20388899	Deletion	45
3L	20388936	20388899	Deletion	37
3L	20390141	20390046	Deletion	95
3L	20390141	20390056	Deletion	85
3L	20390141	20390101	Deletion	40
3L	20392625	20392539	Deletion	86
3L	20392580	20392539	Deletion	41
3L	20392570	20392539	Deletion	31
3L	20401641	20401518	Deletion	123
3L	20407351	20407289	Deletion	62
3L	20407351	20407293	Deletion	58
3L	20407351	20407297	Deletion	54
3L	20407351	20407305	Deletion	46
3L	20413491	20413420	Deletion	71
3L	20413495	20413420	Deletion	75
3L	20413487	20413420	Deletion	67
3L	20413526	20413420	Deletion	106
3L	20413503	20413420	Deletion	83
3L	20429315	20429193	Deletion	122
3L	20429315	20429204	Deletion	111
3L	20429315	20429216	Deletion	99
3L	20429315	20429229	Deletion	86
3L	20429315	20429234	Deletion	81
3L	20429315	20429240	Deletion	75
3L	20429315	20429244	Deletion	71
3L	20429610	20429564	Deletion	46
3L	20429605	20429564	Deletion	41
3L	20429620	20429564	Deletion	56
3L	20429664	20429564	Deletion	100
3L	20429612	20429567	Deletion	45
3L	20429985	20429871	Deletion	114
3L	20429985	20429890	Deletion	95
3L	20429985	20429947	Deletion	38
3L	20429985	20429948	Deletion	37
3L	20430864	20430831	Deletion	33
3L	20430950	20430831	Deletion	119
3L	20430921	20430831	Deletion	90
3L	20430922	20430831	Deletion	91
3L	20430935	20430831	Deletion	104
3L	20431765	20431667	Deletion	98
3L	20431765	20431671	Deletion	94
3L	20431765	20431680	Deletion	85
3L	20431765	20431694	Deletion	71
3L	20431765	20431699	Deletion	66
3L	20431765	20431706	Deletion	59
3L	20431765	20431731	Deletion	34
3L	20431765	20431731	Deletion	34
3L	20450150	20450027	Deletion	123
3L	20450060	20450027	Deletion	33
3L	20450069	20450027	Deletion	42
3L	20450083	20450027	Deletion	56
3L	20450088	20450027	Deletion	61
3L	20450120	20450027	Deletion	93
3L	20450095	20450027	Deletion	68
3L	20450120	20450027	Deletion	93
3L	20453954	20453834	Deletion	120
3L	20454424	20454318	Deletion	106
3L	20454424	20454372	Deletion	52
3L	20454424	20454373	Deletion	51
3L	20454636	20454561	Deletion	75
3L	20454668	20454561	Deletion	107
3L	20454637	20454561	Deletion	76
3L	20456519	20456409	Deletion	110
3L	20456519	20456412	Deletion	107
3L	20456519	20456415	Deletion	104
3L	20456519	20456427	Deletion	92
3L	20456519	20456478	Deletion	41
3L	20456519	20456488	Deletion	31
3L	20457178	20457074	Deletion	104
3L	20457159	20457074	Deletion	85
3L	20457169	20457074	Deletion	95
3L	20457172	20457074	Deletion	98
3L	20457192	20457074	Deletion	118
3L	20457108	20457074	Deletion	34
3L	20466753	20466686	Deletion	67
3L	20466753	20466693	Deletion	60
3L	20466753	20466698	Deletion	55
3L	20466753	20466723	Deletion	30
3L	20466955	20466888	Deletion	67
3L	20466960	20466888	Deletion	72
3L	20466948	20466888	Deletion	60
3L	20466985	20466888	Deletion	97
3L	20466992	20466888	Deletion	104
3L	20473419	20473329	Deletion	90
3L	20473419	20473332	Deletion	87
3L	20473419	20473357	Deletion	62
3L	20473419	20473357	Deletion	62
3L	20473419	20473379	Deletion	40
3L	20473419	20473381	Deletion	38
3L	20473419	20473387	Deletion	32
3L	20473538	20473499	Deletion	39
3L	20473566	20473499	Deletion	67
3L	20473588	20473499	Deletion	89
3L	20473590	20473499	Deletion	91
3L	20473610	20473499	Deletion	111
3L	20473566	20473499	Deletion	67
3L	20473614	20473499	Deletion	115
3L	20473541	20473499	Deletion	42
3L	20473596	20473499	Deletion	97
3L	20473618	20473499	Deletion	119
3L	20477242	20477158	Deletion	84
3L	20478889	20478818	Deletion	71
3L	20479003	20478887	Deletion	116
3L	20480978	20480943	Deletion	35
3L	20499903	20499861	Deletion	42
3L	20502225	20502102	Deletion	123
3L	20504217	20504104	Deletion	113
3L	20504217	20504149	Deletion	68
3L	20506945	20506860	Deletion	85
3L	20506919	20506860	Deletion	59
3L	20506969	20506860	Deletion	109
3L	20521004	20520938	Deletion	66
3L	20521004	20520964	Deletion	40
3L	20532487	20532381	Deletion	106
3L	20532467	20532381	Deletion	86
3L	20532480	20532381	Deletion	99
3L	20532441	20532381	Deletion	60
3L	20532480	20532381	Deletion	99
3L	20547262	20547141	Deletion	121
3L	20547262	20547159	Deletion	103
3L	20547262	20547176	Deletion	86
3L	20547262	20547220	Deletion	42
3L	20547262	20547232	Deletion	30
3L	20547936	20547839	Deletion	97
3L	20547880	20547839	Deletion	41
3L	20547924	20547839	Deletion	85
3L	20550691	20550567	Deletion	124
3L	20550691	20550577	Deletion	114
3L	20550691	20550595	Deletion	96
3L	20550691	20550660	Deletion	31
3L	20552572	20552541	Deletion	31
3L	20552637	20552541	Deletion	96
3L	20553832	20553708	Deletion	124
3L	20553832	20553731	Deletion	101
3L	20553832	20553741	Deletion	91
3L	20553832	20553754	Deletion	78
3L	20553832	20553764	Deletion	68
3L	20553832	20553771	Deletion	61
3L	20553832	20553797	Deletion	35
3L	20553832	20553800	Deletion	32
3L	20554206	20554111	Deletion	95
3L	20554214	20554111	Deletion	103
3L	20554160	20554111	Deletion	49
3L	20554203	20554111	Deletion	92
3L	20554170	20554111	Deletion	59
3L	20554147	20554111	Deletion	36
3L	20554177	20554111	Deletion	66
3L	20561613	20561513	Deletion	100
3L	20561613	20561517	Deletion	96
3L	20561613	20561547	Deletion	66
3L	20561613	20561561	Deletion	52
3L	20561613	20561561	Deletion	52
3L	20561613	20561576	Deletion	37
3L	20566123	20566047	Deletion	76
3L	20566109	20566047	Deletion	62
3L	20566138	20566047	Deletion	91
3L	20566079	20566047	Deletion	32
3L	20566123	20566047	Deletion	76
3L	20575119	20574998	Deletion	121
3L	20577299	20577180	Deletion	119
3L	20577757	20577652	Deletion	105
3L	20577757	20577662	Deletion	95
3L	20577757	20577700	Deletion	57
3L	20577757	20577711	Deletion	46
3L	20582501	20582432	Deletion	69
3L	20582512	20582432	Deletion	80
3L	20592740	20592617	Deletion	123
3L	20592740	20592641	Deletion	99
3L	20592740	20592646	Deletion	94
3L	20592740	20592648	Deletion	92
3L	20593472	20593372	Deletion	100
3L	20593404	20593372	Deletion	32
3L	20593493	20593372	Deletion	121
3L	20593406	20593372	Deletion	34
3L	20593496	20593375	Deletion	121
3L	20609392	20609306	Deletion	86
3L	20609392	20609315	Deletion	77
3L	20609392	20609318	Deletion	74
3L	20609392	20609326	Deletion	66
3L	20609392	20609362	Deletion	30
3L	20611556	20611496	Deletion	60
3L	20611545	20611496	Deletion	49
3L	20611592	20611496	Deletion	96
3L	20611548	20611496	Deletion	52
3L	20611536	20611496	Deletion	40
3L	20611597	20611496	Deletion	101
3L	20615160	20615070	Deletion	90
3L	20615160	20615129	Deletion	31
3L	20615251	20615214	Deletion	37
3L	20615310	20615214	Deletion	96
3L	20616166	20616047	Deletion	119
3L	20616166	20616052	Deletion	114
3L	20616166	20616053	Deletion	113
3L	20616166	20616058	Deletion	108
3L	20616166	20616085	Deletion	81
3L	20617774	20617670	Deletion	104
3L	20617786	20617670	Deletion	116
3L	20617719	20617670	Deletion	49
3L	20636071	20635965	Deletion	106
3L	20640276	20640170	Deletion	106
3L	20640276	20640184	Deletion	92
3L	20640276	20640198	Deletion	78
3L	20640276	20640226	Deletion	50
3L	20640276	20640245	Deletion	31
3L	20641422	20641302	Deletion	120
3L	20641379	20641302	Deletion	77
3L	20641337	20641302	Deletion	35
3L	20641403	20641302	Deletion	101
3L	20641398	20641302	Deletion	96
3L	20641351	20641302	Deletion	49
3L	20641406	20641302	Deletion	104
3L	20641952	20641828	Deletion	124
3L	20641952	20641828	Deletion	124
3L	20641952	20641839	Deletion	113
3L	20641952	20641846	Deletion	106
3L	20641952	20641886	Deletion	66
3L	20641952	20641910	Deletion	42
3L	20641952	20641914	Deletion	38
3L	20649552	20649491	Deletion	61
3L	20649614	20649491	Deletion	123
3L	20649594	20649491	Deletion	103
3L	20649580	20649491	Deletion	89
3L	20649576	20649491	Deletion	85
3L	20649598	20649491	Deletion	107
3L	20649605	20649491	Deletion	114
3L	20649777	20649670	Deletion	107
3L	20649777	20649677	Deletion	100
3L	20654755	20654647	Deletion	108
3L	20656736	20656613	Deletion	123
3L	20656736	20656625	Deletion	111
3L	20656736	20656648	Deletion	88
3L	20656736	20656654	Deletion	82
3L	20656736	20656688	Deletion	48
3L	20658063	20657964	Deletion	99
3L	20658009	20657964	Deletion	45
3L	20658003	20657964	Deletion	39
3L	20658043	20657964	Deletion	79
3L	20659912	20659812	Deletion	100
3L	20659912	20659827	Deletion	85
3L	20659912	20659851	Deletion	61
3L	20659912	20659871	Deletion	41
3L	20667997	20667910	Deletion	87
3L	20667953	20667910	Deletion	43
3L	20667977	20667910	Deletion	67
3L	20694051	20693937	Deletion	114
3L	20694051	20693957	Deletion	94
3L	20694051	20694016	Deletion	35
3L	20698303	20698270	Deletion	33
3L	20698387	20698270	Deletion	117
3L	20698373	20698270	Deletion	103
3L	20698362	20698270	Deletion	92
3L	20701732	20701618	Deletion	114
3L	20701732	20701656	Deletion	76
3L	20701732	20701678	Deletion	54
3L	20701993	20701943	Deletion	50
3L	20702015	20701943	Deletion	72
3L	20702065	20701943	Deletion	122
3L	20702048	20701943	Deletion	105
3L	20703755	20703639	Deletion	116
3L	20703755	20703662	Deletion	93
3L	20703755	20703684	Deletion	71
3L	20703755	20703723	Deletion	32
3L	20704418	20704363	Deletion	55
3L	20704396	20704363	Deletion	33
3L	20704460	20704363	Deletion	97
3L	20704464	20704363	Deletion	101
3L	20704457	20704363	Deletion	94
3L	20704595	20704491	Deletion	104
3L	20704595	20704504	Deletion	91
3L	20704595	20704512	Deletion	83
3L	20704595	20704520	Deletion	75
3L	20704595	20704543	Deletion	52
3L	20704595	20704543	Deletion	52
3L	20704595	20704549	Deletion	46
3L	20705619	20705584	Deletion	35
3L	20705664	20705584	Deletion	80
3L	20705635	20705584	Deletion	51
3L	20705658	20705584	Deletion	74
3L	20705703	20705584	Deletion	119
3L	20705658	20705584	Deletion	74
3L	20705627	20705584	Deletion	43
3L	20708630	20708506	Deletion	124
3L	20708667	20708604	Deletion	63
3L	20708667	20708624	Deletion	43
3L	20708667	20708627	Deletion	40
3L	20708972	20708869	Deletion	103
3L	20708952	20708869	Deletion	83
3L	20708955	20708869	Deletion	86
3L	20708932	20708869	Deletion	63
3L	20721328	20721207	Deletion	121
3L	20721328	20721219	Deletion	109
3L	20721328	20721248	Deletion	80
3L	20721328	20721271	Deletion	57
3L	20721328	20721274	Deletion	54
3L	20721328	20721291	Deletion	37
3L	20722330	20722282	Deletion	48
3L	20722356	20722282	Deletion	74
3L	20722386	20722282	Deletion	104
3L	20722353	20722282	Deletion	71
3L	20722373	20722282	Deletion	91
3L	20732488	20732365	Deletion	123
3L	20747062	20746938	Deletion	124
3L	20747062	20746953	Deletion	109
3L	20747062	20746963	Deletion	99
3L	20747062	20747009	Deletion	53
3L	20747062	20747018	Deletion	44
3L	20747246	20747143	Deletion	103
3L	20747243	20747143	Deletion	100
3L	20747217	20747143	Deletion	74
3L	20747226	20747143	Deletion	83
3L	20758826	20758707	Deletion	119
3L	20758826	20758750	Deletion	76
3L	20770357	20770305	Deletion	52
3L	20772136	20772017	Deletion	119
3L	20783970	20783850	Deletion	120
3L	20783970	20783893	Deletion	77
3L	20786941	20786892	Deletion	49
3L	20787001	20786892	Deletion	109
3L	20796869	20796747	Deletion	122
3L	20821381	20821343	Deletion	38
3L	20828304	20828186	Deletion	118
3L	20828928	20828807	Deletion	121
3L	20846662	20846556	Deletion	106
3L	20846662	20846568	Deletion	94
3L	20846662	20846605	Deletion	57
3L	20846662	20846611	Deletion	51
3L	20846662	20846616	Deletion	46
3L	20846792	20846712	Deletion	80
3L	20846781	20846712	Deletion	69
3L	20846787	20846712	Deletion	75
3L	20846744	20846712	Deletion	32
3L	20846816	20846712	Deletion	104
3L	20846831	20846712	Deletion	119
3L	20846834	20846712	Deletion	122
3L	20847862	20847764	Deletion	98
3L	20847862	20847765	Deletion	97
3L	20847862	20847777	Deletion	85
3L	20847862	20847814	Deletion	48
3L	20847862	20847823	Deletion	39
3L	20848308	20848267	Deletion	41
3L	20848372	20848267	Deletion	105
3L	20848345	20848267	Deletion	78
3L	20848354	20848267	Deletion	87
3L	20872106	20871985	Deletion	121
3L	20877711	20877611	Deletion	100
3L	20877711	20877613	Deletion	98
3L	20877711	20877616	Deletion	95
3L	20877711	20877618	Deletion	93
3L	20877711	20877619	Deletion	92
3L	20877711	20877628	Deletion	83
3L	20877711	20877643	Deletion	68
3L	20879797	20879697	Deletion	100
3L	20879819	20879697	Deletion	122
3L	20879756	20879697	Deletion	59
3L	20879732	20879697	Deletion	35
3L	20879731	20879697	Deletion	34
3L	20879729	20879697	Deletion	32
3L	20879741	20879697	Deletion	44
3L	20911562	20911461	Deletion	101
3L	20911562	20911464	Deletion	98
3L	20911562	20911471	Deletion	91
3L	20911562	20911495	Deletion	67
3L	20911562	20911508	Deletion	54
3L	20911562	20911509	Deletion	53
3L	20911562	20911527	Deletion	35
3L	20912667	20912594	Deletion	73
3L	20912686	20912594	Deletion	92
3L	20912630	20912594	Deletion	36
3L	20912654	20912594	Deletion	60
3L	20912668	20912594	Deletion	74
3L	20912692	20912594	Deletion	98
3L	20922992	20922875	Deletion	117
3L	20922992	20922889	Deletion	103
3L	20922992	20922895	Deletion	97
3L	20922992	20922940	Deletion	52
3L	20923276	20923246	Deletion	30
3L	20923346	20923246	Deletion	100
3L	20923321	20923246	Deletion	75
3L	20923344	20923246	Deletion	98
3L	20934864	20934765	Deletion	99
3L	20934864	20934766	Deletion	98
3L	20934864	20934777	Deletion	87
3L	20934864	20934780	Deletion	84
3L	20934864	20934790	Deletion	74
3L	20934859	20934819	Deletion	40
3L	20937163	20937133	Deletion	30
3L	20937174	20937133	Deletion	41
3L	20937187	20937133	Deletion	54
3L	20937177	20937133	Deletion	44
3L	20937216	20937134	Deletion	82
3L	20939375	20939277	Deletion	98
3L	20939375	20939289	Deletion	86
3L	20939375	20939291	Deletion	84
3L	20939375	20939293	Deletion	82
3L	20939375	20939296	Deletion	79
3L	20939375	20939317	Deletion	58
3L	20939375	20939331	Deletion	44
3L	20939375	20939337	Deletion	38
3L	20939375	20939343	Deletion	32
3L	20956671	20956624	Deletion	47
3L	20956664	20956624	Deletion	40
3L	20956718	20956624	Deletion	94
3L	20956706	20956624	Deletion	82
3L	20956692	20956624	Deletion	68
3L	20956666	20956624	Deletion	42
3L	20956712	20956624	Deletion	88
3L	20956747	20956624	Deletion	123
3L	20956668	20956624	Deletion	44
3L	20957257	20957134	Deletion	123
3L	20957983	20957889	Deletion	94
3L	20957983	20957891	Deletion	92
3L	20957983	20957926	Deletion	57
3L	20957983	20957942	Deletion	41
3L	20965332	20965235	Deletion	97
3L	20965304	20965235	Deletion	69
3L	20965269	20965235	Deletion	34
3L	20965356	20965235	Deletion	121
3L	20965354	20965235	Deletion	119
3L	20965320	20965235	Deletion	85
3L	20965267	20965235	Deletion	32
3L	20966656	20966532	Deletion	124
3L	20966656	20966545	Deletion	111
3L	20966656	20966545	Deletion	111
3L	20966656	20966553	Deletion	103
3L	20966656	20966560	Deletion	96
3L	20966656	20966615	Deletion	41
3L	20969288	20969168	Deletion	120
3L	20969198	20969168	Deletion	30
3L	20969286	20969168	Deletion	118
3L	20969253	20969168	Deletion	85
3L	20969279	20969168	Deletion	111
3L	20969276	20969168	Deletion	108
3L	20987666	20987553	Deletion	113
3L	20987666	20987617	Deletion	49
3L	21005877	21005758	Deletion	119
3L	21005862	21005758	Deletion	104
3L	21005877	21005758	Deletion	119
3L	21005859	21005758	Deletion	101
3L	21005837	21005758	Deletion	79
3L	21006948	21006827	Deletion	121
3L	21006948	21006830	Deletion	118
3L	21006948	21006835	Deletion	113
3L	21006948	21006874	Deletion	74
3L	21006948	21006875	Deletion	73
3L	21006948	21006877	Deletion	71
3L	21006948	21006880	Deletion	68
3L	21006948	21006898	Deletion	50
3L	21006948	21006903	Deletion	45
3L	21007257	21007197	Deletion	60
3L	21007280	21007197	Deletion	83
3L	21007251	21007197	Deletion	54
3L	21007301	21007197	Deletion	104
3L	21007320	21007197	Deletion	123
3L	21007275	21007197	Deletion	78
3L	21007252	21007197	Deletion	55
3L	21007254	21007197	Deletion	57
3L	21015501	21015428	Deletion	73
3L	21015947	21015869	Deletion	78
3L	21015965	21015869	Deletion	96
3L	21021223	21021128	Deletion	95
3L	21023035	21022992	Deletion	43
3L	21025203	21025088	Deletion	115
3L	21025203	21025088	Deletion	115
3L	21025203	21025091	Deletion	112
3L	21025203	21025129	Deletion	74
3L	21025203	21025155	Deletion	48
3L	21025203	21025172	Deletion	31
3L	21026171	21026092	Deletion	79
3L	21026202	21026092	Deletion	110
3L	21026145	21026092	Deletion	53
3L	21026194	21026092	Deletion	102
3L	21026188	21026092	Deletion	96
3L	21034818	21034699	Deletion	119
3L	21047806	21047683	Deletion	123
3L	21052511	21052393	Deletion	118
3L	21052511	21052407	Deletion	104
3L	21074356	21074233	Deletion	123
3L	21074340	21074233	Deletion	107
3L	21088974	21088851	Deletion	123
3L	21088974	21088851	Deletion	123
3L	21088974	21088919	Deletion	55
3L	21088974	21088935	Deletion	39
3L	21088974	21088943	Deletion	31
3L	21089150	21089039	Deletion	111
3L	21089158	21089039	Deletion	119
3L	21089134	21089039	Deletion	95
3L	21089110	21089039	Deletion	71
3L	21089126	21089039	Deletion	87
3L	21096426	21096367	Deletion	59
3L	21096426	21096370	Deletion	56
3L	21096426	21096375	Deletion	51
3L	21096426	21096392	Deletion	34
3L	21100544	21100452	Deletion	92
3L	21100527	21100452	Deletion	75
3L	21100519	21100452	Deletion	67
3L	21100554	21100452	Deletion	102
3L	21100522	21100452	Deletion	70
3L	21101144	21101061	Deletion	83
3L	21101144	21101081	Deletion	63
3L	21101843	21101780	Deletion	63
3L	21101899	21101780	Deletion	119
3L	21101823	21101780	Deletion	43
3L	21101877	21101780	Deletion	97
3L	21101881	21101780	Deletion	101
3L	21120287	21120202	Deletion	85
3L	21120287	21120203	Deletion	84
3L	21120287	21120212	Deletion	75
3L	21120287	21120225	Deletion	62
3L	21120287	21120226	Deletion	61
3L	21120287	21120245	Deletion	42
3L	21123481	21123368	Deletion	113
3L	21123435	21123368	Deletion	67
3L	21123421	21123368	Deletion	53
3L	21123412	21123368	Deletion	44
3L	21123454	21123368	Deletion	86
3L	21123474	21123368	Deletion	106
3L	21123475	21123368	Deletion	107
3L	21123411	21123368	Deletion	43
3L	21123434	21123368	Deletion	66
3L	21127476	21127358	Deletion	118
3L	21138383	21138264	Deletion	119
3L	21143027	21142899	Deletion	128
3L	21146175	21146058	Deletion	117
3L	21146175	21146127	Deletion	48
3L	21147623	21147544	Deletion	79
3L	21147666	21147544	Deletion	122
3L	21152053	21151929	Deletion	124
3L	21152053	21151968	Deletion	85
3L	21153272	21153218	Deletion	54
3L	21154394	21154339	Deletion	55
3L	21156906	21156853	Deletion	53
3L	21174774	21174676	Deletion	98
3L	21174774	21174691	Deletion	83
3L	21174774	21174696	Deletion	78
3L	21174774	21174700	Deletion	74
3L	21174774	21174700	Deletion	74
3L	21174774	21174707	Deletion	67
3L	21174774	21174712	Deletion	62
3L	21174774	21174734	Deletion	40
3L	21174774	21174738	Deletion	36
3L	21177910	21177824	Deletion	86
3L	21177938	21177824	Deletion	114
3L	21177914	21177824	Deletion	90
3L	21177872	21177824	Deletion	48
3L	21177876	21177824	Deletion	52
3L	21177867	21177824	Deletion	43
3L	21177883	21177824	Deletion	59
3L	21177876	21177824	Deletion	52
3L	21177888	21177824	Deletion	64
3L	21180757	21180662	Deletion	95
3L	21180752	21180666	Deletion	86
3L	21180757	21180696	Deletion	61
3L	21186630	21186595	Deletion	35
3L	21186626	21186595	Deletion	31
3L	21186704	21186595	Deletion	109
3L	21186660	21186595	Deletion	65
3L	21186713	21186595	Deletion	118
3L	21187102	21187060	Deletion	42
3L	21187293	21187191	Deletion	102
3L	21187314	21187191	Deletion	123
3L	21187277	21187191	Deletion	86
3L	21188064	21187951	Deletion	113
3L	21188064	21187956	Deletion	108
3L	21188064	21187958	Deletion	106
3L	21188064	21187990	Deletion	74
3L	21188064	21188031	Deletion	33
3L	21188248	21188153	Deletion	95
3L	21188207	21188153	Deletion	54
3L	21190047	21189924	Deletion	123
3L	21193426	21193305	Deletion	121
3L	21193509	21193421	Deletion	88
3L	21193509	21193424	Deletion	85
3L	21193509	21193466	Deletion	43
3L	21193509	21193474	Deletion	35
3L	21193667	21193584	Deletion	83
3L	21193622	21193584	Deletion	38
3L	21193675	21193584	Deletion	91
3L	21193625	21193584	Deletion	41
3L	21222871	21222757	Deletion	114
3L	21222871	21222790	Deletion	81
3L	21222871	21222839	Deletion	32
3L	21223636	21223590	Deletion	46
3L	21223685	21223590	Deletion	95
3L	21231486	21231385	Deletion	101
3L	21231486	21231387	Deletion	99
3L	21231486	21231444	Deletion	42
3L	21235855	21235770	Deletion	85
3L	21235877	21235770	Deletion	107
3L	21238791	21238675	Deletion	116
3L	21238791	21238702	Deletion	89
3L	21238791	21238747	Deletion	44
3L	21238791	21238748	Deletion	43
3L	21238791	21238750	Deletion	41
3L	21239235	21239149	Deletion	86
3L	21239232	21239149	Deletion	83
3L	21239187	21239149	Deletion	38
3L	21239233	21239149	Deletion	84
3L	21246505	21246406	Deletion	99
3L	21247162	21247089	Deletion	73
3L	21247171	21247089	Deletion	82
3L	21247466	21247412	Deletion	54
3L	21249171	21249096	Deletion	75
3L	21249880	21249767	Deletion	113
3L	21250703	21250660	Deletion	43
3L	21250739	21250660	Deletion	79
3L	21270636	21270515	Deletion	121
3L	21270636	21270522	Deletion	114
3L	21270636	21270526	Deletion	110
3L	21270636	21270538	Deletion	98
3L	21270636	21270559	Deletion	77
3L	21270800	21270687	Deletion	113
3L	21270804	21270687	Deletion	117
3L	21270737	21270687	Deletion	50
3L	21272002	21271883	Deletion	119
3L	21272002	21271901	Deletion	101
3L	21272002	21271930	Deletion	72
3L	21272002	21271959	Deletion	43
3L	21272002	21271963	Deletion	39
3L	21272555	21272451	Deletion	104
3L	21272559	21272451	Deletion	108
3L	21272506	21272451	Deletion	55
3L	21272553	21272451	Deletion	102
3L	21272535	21272451	Deletion	84
3L	21272539	21272451	Deletion	88
3L	21281442	21281320	Deletion	122
3L	21288563	21288447	Deletion	116
3L	21296439	21296328	Deletion	111
3L	21296439	21296334	Deletion	105
3L	21296439	21296343	Deletion	96
3L	21296439	21296383	Deletion	56
3L	21296439	21296409	Deletion	30
3L	21297048	21297018	Deletion	30
3L	21297139	21297018	Deletion	121
3L	21297088	21297018	Deletion	70
3L	21297139	21297018	Deletion	121
3L	21297127	21297018	Deletion	109
3L	21297114	21297018	Deletion	96
3L	21299256	21299134	Deletion	122
3L	21301818	21301729	Deletion	89
3L	21301818	21301768	Deletion	50
3L	21301818	21301788	Deletion	30
3L	21303134	21303011	Deletion	123
3L	21303133	21303011	Deletion	122
3L	21303089	21303011	Deletion	78
3L	21303050	21303011	Deletion	39
3L	21303109	21303011	Deletion	98
3L	21308157	21308091	Deletion	66
3L	21310362	21310280	Deletion	82
3L	21312069	21311979	Deletion	90
3L	21312164	21312053	Deletion	111
3L	21313977	21313906	Deletion	71
3L	21322678	21322635	Deletion	43
3L	21322721	21322635	Deletion	86
3L	21329477	21329393	Deletion	84
3L	21329477	21329403	Deletion	74
3L	21329477	21329421	Deletion	56
3L	21329477	21329432	Deletion	45
3L	21329477	21329446	Deletion	31
3L	21338698	21338656	Deletion	42
3L	21338708	21338656	Deletion	52
3L	21338726	21338656	Deletion	70
3L	21338737	21338656	Deletion	81
3L	21338751	21338656	Deletion	95
3L	21339906	21339788	Deletion	118
3L	21346597	21346554	Deletion	43
3L	21347230	21347117	Deletion	113
3L	21347222	21347117	Deletion	105
3L	21347201	21347117	Deletion	84
3L	21351987	21351866	Deletion	121
3L	21353004	21352894	Deletion	110
3L	21353004	21352895	Deletion	109
3L	21353004	21352909	Deletion	95
3L	21358149	21358118	Deletion	31
3L	21358216	21358118	Deletion	98
3L	21360266	21360143	Deletion	123
3L	21362164	21362131	Deletion	33
3L	21362559	21362467	Deletion	92
3L	21366582	21366499	Deletion	83
3L	21368905	21368803	Deletion	102
3L	21368905	21368825	Deletion	80
3L	21368941	21368835	Deletion	106
3L	21368905	21368856	Deletion	49
3L	21370110	21370052	Deletion	58
3L	21374877	21374786	Deletion	91
3L	21375773	21375685	Deletion	88
3L	21375773	21375715	Deletion	58
3L	21376019	21375937	Deletion	82
3L	21376391	21376313	Deletion	78
3L	21378519	21378468	Deletion	51
3L	21379349	21379311	Deletion	38
3L	21379368	21379311	Deletion	57
3L	21379345	21379311	Deletion	34
3L	21379411	21379311	Deletion	100
3L	21379379	21379311	Deletion	68
3L	21379427	21379311	Deletion	116
3L	21379401	21379311	Deletion	90
3L	21380974	21380874	Deletion	100
3L	21380974	21380905	Deletion	69
3L	21394367	21394307	Deletion	60
3L	21394428	21394307	Deletion	121
3L	21394421	21394307	Deletion	114
3L	21394426	21394307	Deletion	119
3L	21395548	21395442	Deletion	106
3L	21395548	21395456	Deletion	92
3L	21395548	21395497	Deletion	51
3L	21402101	21401982	Deletion	119
3L	21402016	21401982	Deletion	34
3L	21402081	21401982	Deletion	99
3L	21402057	21401982	Deletion	75
3L	21412519	21412397	Deletion	122
3L	21425723	21425603	Deletion	120
3L	21425723	21425625	Deletion	98
3L	21425723	21425630	Deletion	93
3L	21425723	21425670	Deletion	53
3L	21425723	21425675	Deletion	48
3L	21426018	21425898	Deletion	120
3L	21425932	21425898	Deletion	34
3L	21425972	21425898	Deletion	74
3L	21426001	21425898	Deletion	103
3L	21425977	21425898	Deletion	79
3L	21437320	21437241	Deletion	79
3L	21437320	21437241	Deletion	79
3L	21437320	21437253	Deletion	67
3L	21437320	21437260	Deletion	60
3L	21437320	21437272	Deletion	48
3L	21440987	21440939	Deletion	48
3L	21441050	21440939	Deletion	111
3L	21441018	21440939	Deletion	79
3L	21440987	21440939	Deletion	48
3L	21441006	21440939	Deletion	67
3L	21440999	21440939	Deletion	60
3L	21444603	21444480	Deletion	123
3L	21446051	21445942	Deletion	109
3L	21446051	21445983	Deletion	68
3L	21449908	21449849	Deletion	59
3L	21463631	21463529	Deletion	102
3L	21463631	21463541	Deletion	90
3L	21463631	21463548	Deletion	83
3L	21463631	21463553	Deletion	78
3L	21463631	21463571	Deletion	60
3L	21463631	21463582	Deletion	49
3L	21468085	21467970	Deletion	115
3L	21468006	21467970	Deletion	36
3L	21468047	21467970	Deletion	77
3L	21468018	21467970	Deletion	48
3L	21468087	21467970	Deletion	117
3L	21468036	21467970	Deletion	66
3L	21468074	21467970	Deletion	104
3L	21468013	21467970	Deletion	43
3L	21472553	21472433	Deletion	120
3L	21472553	21472438	Deletion	115
3L	21472553	21472459	Deletion	94
3L	21472553	21472478	Deletion	75
3L	21472553	21472515	Deletion	38
3L	21472746	21472680	Deletion	66
3L	21472715	21472680	Deletion	35
3L	21472746	21472680	Deletion	66
3L	21472734	21472680	Deletion	54
3L	21472746	21472692	Deletion	54
3L	21472746	21472695	Deletion	51
3L	21472746	21472707	Deletion	39
3L	21472746	21472707	Deletion	39
3L	21472746	21472715	Deletion	31
3L	21473684	21473619	Deletion	65
3L	21473711	21473619	Deletion	92
3L	21473711	21473619	Deletion	92
3L	21473699	21473619	Deletion	80
3L	21473719	21473619	Deletion	100
3L	21473696	21473619	Deletion	77
3L	21478606	21478484	Deletion	122
3L	21484040	21483974	Deletion	66
3L	21484040	21483977	Deletion	63
3L	21484040	21483978	Deletion	62
3L	21484040	21483996	Deletion	44
3L	21484040	21484004	Deletion	36
3L	21484420	21484357	Deletion	63
3L	21484465	21484357	Deletion	108
3L	21484417	21484357	Deletion	60
3L	21484467	21484357	Deletion	110
3L	21484439	21484357	Deletion	82
3L	21484421	21484357	Deletion	64
3L	21484447	21484357	Deletion	90
3L	21484984	21484912	Deletion	72
3L	21484984	21484930	Deletion	54
3L	21489052	21488930	Deletion	122
3L	21490347	21490225	Deletion	122
3L	21498622	21498499	Deletion	123
3L	21498622	21498500	Deletion	122
3L	21498622	21498501	Deletion	121
3L	21498622	21498506	Deletion	116
3L	21498622	21498537	Deletion	85
3L	21526605	21526487	Deletion	118
3L	21526580	21526487	Deletion	93
3L	21526528	21526487	Deletion	41
3L	21528611	21528500	Deletion	111
3L	21528611	21528509	Deletion	102
3L	21528611	21528513	Deletion	98
3L	21528611	21528536	Deletion	75
3L	21528611	21528556	Deletion	55
3L	21528611	21528558	Deletion	53
3L	21528611	21528559	Deletion	52
3L	21528611	21528568	Deletion	43
3L	21538624	21538511	Deletion	113
3L	21538562	21538511	Deletion	51
3L	21538616	21538511	Deletion	105
3L	21538584	21538511	Deletion	73
3L	21538582	21538511	Deletion	71
3L	21538594	21538511	Deletion	83
3L	21538585	21538511	Deletion	74
3L	21539728	21539624	Deletion	104
3L	21539728	21539651	Deletion	77
3L	21539728	21539661	Deletion	67
3L	21539728	21539670	Deletion	58
3L	21540221	21540161	Deletion	60
3L	21540266	21540161	Deletion	105
3L	21540230	21540161	Deletion	69
3L	21540211	21540161	Deletion	50
3L	21546766	21546649	Deletion	117
3L	21546766	21546651	Deletion	115
3L	21546766	21546659	Deletion	107
3L	21546766	21546683	Deletion	83
3L	21546766	21546720	Deletion	46
3L	21546766	21546733	Deletion	33
3L	21548082	21547989	Deletion	93
3L	21548100	21547989	Deletion	111
3L	21548032	21547989	Deletion	43
3L	21548069	21547989	Deletion	80
3L	21551729	21551629	Deletion	100
3L	21551729	21551643	Deletion	86
3L	21551729	21551649	Deletion	80
3L	21551729	21551652	Deletion	77
3L	21551729	21551653	Deletion	76
3L	21551729	21551653	Deletion	76
3L	21551729	21551660	Deletion	69
3L	21551729	21551675	Deletion	54
3L	21551729	21551695	Deletion	34
3L	21556073	21556024	Deletion	49
3L	21556074	21556024	Deletion	50
3L	21556096	21556024	Deletion	72
3L	21556081	21556024	Deletion	57
3L	21556074	21556024	Deletion	50
3L	21556070	21556024	Deletion	46
3L	21556064	21556024	Deletion	40
3L	21556116	21556024	Deletion	92
3L	21556121	21556024	Deletion	97
3L	21586877	21586756	Deletion	121
3L	21593773	21593669	Deletion	104
3L	21593773	21593722	Deletion	51
3L	21593773	21593724	Deletion	49
3L	21593773	21593740	Deletion	33
3L	21604381	21604304	Deletion	77
3L	21604379	21604304	Deletion	75
3L	21604397	21604304	Deletion	93
3L	21606766	21606643	Deletion	123
3L	21607880	21607762	Deletion	118
3L	21607880	21607788	Deletion	92
3L	21607880	21607791	Deletion	89
3L	21607880	21607827	Deletion	53
3L	21607880	21607850	Deletion	30
3L	21608053	21608019	Deletion	34
3L	21608141	21608019	Deletion	122
3L	21608056	21608019	Deletion	37
3L	21608092	21608019	Deletion	73
3L	21608115	21608019	Deletion	96
3L	21608898	21608779	Deletion	119
3L	21608898	21608787	Deletion	111
3L	21608898	21608790	Deletion	108
3L	21608898	21608817	Deletion	81
3L	21608898	21608857	Deletion	41
3L	21609102	21608980	Deletion	122
3L	21609067	21608980	Deletion	87
3L	21609027	21608980	Deletion	47
3L	21609100	21608980	Deletion	120
3L	21611368	21611260	Deletion	108
3L	21611373	21611325	Deletion	48
3L	21615036	21614935	Deletion	101
3L	21615013	21614935	Deletion	78
3L	21618103	21617983	Deletion	120
3L	21618103	21617997	Deletion	106
3L	21618103	21618022	Deletion	81
3L	21618103	21618037	Deletion	66
3L	21618103	21618047	Deletion	56
3L	21618103	21618072	Deletion	31
3L	21636738	21636627	Deletion	111
3L	21636727	21636627	Deletion	100
3L	21636687	21636627	Deletion	60
3L	21636672	21636627	Deletion	45
3L	21636697	21636627	Deletion	70
3L	21636750	21636627	Deletion	123
3L	21636722	21636627	Deletion	95
3L	21644132	21644068	Deletion	64
3L	21644132	21644073	Deletion	59
3L	21644132	21644078	Deletion	54
3L	21644132	21644098	Deletion	34
3L	21644132	21644099	Deletion	33
3L	21680432	21680339	Deletion	93
3L	21680411	21680339	Deletion	72
3L	21680406	21680339	Deletion	67
3L	21680401	21680339	Deletion	62
3L	21680431	21680339	Deletion	92
3L	21680460	21680339	Deletion	121
3L	21691387	21691264	Deletion	123
3L	21691387	21691294	Deletion	93
3L	21691387	21691301	Deletion	86
3L	21691387	21691326	Deletion	61
3L	21691387	21691342	Deletion	45
3L	21691387	21691355	Deletion	32
3L	21695505	21695410	Deletion	95
3L	21695451	21695410	Deletion	41
3L	21695444	21695410	Deletion	34
3L	21695476	21695410	Deletion	66
3L	21695514	21695410	Deletion	104
3L	21695492	21695410	Deletion	82
3L	21705341	21705276	Deletion	65
3L	21705341	21705278	Deletion	63
3L	21711377	21711316	Deletion	61
3L	21711425	21711316	Deletion	109
3L	21711379	21711316	Deletion	63
3L	21715364	21715252	Deletion	112
3L	21715364	21715265	Deletion	99
3L	21715364	21715275	Deletion	89
3L	21715364	21715275	Deletion	89
3L	21715364	21715297	Deletion	67
3L	21715364	21715305	Deletion	59
3L	21715364	21715306	Deletion	58
3L	21731297	21731237	Deletion	60
3L	21731275	21731237	Deletion	38
3L	21731275	21731237	Deletion	38
3L	21731305	21731237	Deletion	68
3L	21731306	21731237	Deletion	69
3L	21731338	21731256	Deletion	82
3L	21731338	21731263	Deletion	75
3L	21731338	21731276	Deletion	62
3L	21731338	21731277	Deletion	61
3L	21731338	21731303	Deletion	35
3L	21733719	21733627	Deletion	92
3L	21733693	21733627	Deletion	66
3L	21733747	21733627	Deletion	120
3L	21733751	21733627	Deletion	124
3L	21733679	21733627	Deletion	52
3L	21733739	21733627	Deletion	112
3L	21733746	21733627	Deletion	119
3L	21733692	21733627	Deletion	65
3L	21733672	21733627	Deletion	45
3L	21737231	21737145	Deletion	86
3L	21737231	21737196	Deletion	35
3L	21738509	21738403	Deletion	106
3L	21738496	21738403	Deletion	93
3L	21738445	21738403	Deletion	42
3L	21742771	21742651	Deletion	120
3L	21742771	21742662	Deletion	109
3L	21742771	21742669	Deletion	102
3L	21742768	21742673	Deletion	95
3L	21742771	21742678	Deletion	93
3L	21742771	21742681	Deletion	90
3L	21742771	21742683	Deletion	88
3L	21742771	21742734	Deletion	37
3L	21742771	21742734	Deletion	37
3L	21751463	21751358	Deletion	105
3L	21751809	21751777	Deletion	32
3L	21751984	21751866	Deletion	118
3L	21752879	21752820	Deletion	59
3L	21753186	21753105	Deletion	81
3L	21757385	21757280	Deletion	105
3L	21757313	21757280	Deletion	33
3L	21757369	21757280	Deletion	89
3L	21757369	21757280	Deletion	89
3L	21757316	21757280	Deletion	36
3L	21757318	21757280	Deletion	38
3L	21757381	21757280	Deletion	101
3L	21758021	21757897	Deletion	124
3L	21758021	21757925	Deletion	96
3L	21758021	21757930	Deletion	91
3L	21758021	21757958	Deletion	63
3L	21758021	21757965	Deletion	56
3L	21758766	21758695	Deletion	71
3L	21758811	21758695	Deletion	116
3L	21758726	21758695	Deletion	31
3L	21758797	21758695	Deletion	102
3L	21758731	21758695	Deletion	36
3L	21758817	21758695	Deletion	122
3L	21758758	21758695	Deletion	63
3L	21766458	21766336	Deletion	122
3L	21769466	21769343	Deletion	123
3L	21769466	21769346	Deletion	120
3L	21769466	21769350	Deletion	116
3L	21769466	21769352	Deletion	114
3L	21769466	21769392	Deletion	74
3L	21776982	21776864	Deletion	118
3L	21776917	21776864	Deletion	53
3L	21780289	21780173	Deletion	116
3L	21780289	21780174	Deletion	115
3L	21780289	21780174	Deletion	115
3L	21780289	21780183	Deletion	106
3L	21780289	21780234	Deletion	55
3L	21800194	21800123	Deletion	71
3L	21802592	21802489	Deletion	103
3L	21802592	21802492	Deletion	100
3L	21802592	21802499	Deletion	93
3L	21802592	21802505	Deletion	87
3L	21802592	21802534	Deletion	58
3L	21802592	21802537	Deletion	55
3L	21804162	21804089	Deletion	73
3L	21804124	21804089	Deletion	35
3L	21804159	21804089	Deletion	70
3L	21804130	21804089	Deletion	41
3L	21814679	21814583	Deletion	96
3L	21814679	21814603	Deletion	76
3L	21814679	21814611	Deletion	68
3L	21814679	21814638	Deletion	41
3L	21814679	21814639	Deletion	40
3L	21814679	21814648	Deletion	31
3L	21815404	21815318	Deletion	86
3L	21815376	21815318	Deletion	58
3L	21815403	21815318	Deletion	85
3L	21815348	21815318	Deletion	30
3L	21815436	21815318	Deletion	118
3L	21815368	21815318	Deletion	50
3L	21815413	21815318	Deletion	95
3L	21826798	21826675	Deletion	123
3L	21826798	21826676	Deletion	122
3L	21826798	21826680	Deletion	118
3L	21826798	21826682	Deletion	116
3L	21826798	21826698	Deletion	100
3L	21826798	21826712	Deletion	86
3L	21826798	21826715	Deletion	83
3L	21826798	21826717	Deletion	81
3L	21826796	21826730	Deletion	66
3L	21826798	21826740	Deletion	58
3L	21826798	21826764	Deletion	34
3L	21826957	21826858	Deletion	99
3L	21826905	21826858	Deletion	47
3L	21826900	21826858	Deletion	42
3L	21826961	21826858	Deletion	103
3L	21826928	21826858	Deletion	70
3L	21826952	21826858	Deletion	94
3L	21826903	21826858	Deletion	45
3L	21826969	21826858	Deletion	111
3L	21826918	21826859	Deletion	59
3L	21832315	21832279	Deletion	36
3L	21833666	21833576	Deletion	90
3L	21877326	21877205	Deletion	121
3L	21877326	21877215	Deletion	111
3L	21877326	21877244	Deletion	82
3L	21877326	21877252	Deletion	74
3L	21877326	21877259	Deletion	67
3L	21877326	21877261	Deletion	65
3L	21877326	21877288	Deletion	38
3L	21879446	21879384	Deletion	62
3L	21879473	21879384	Deletion	89
3L	21879444	21879384	Deletion	60
3L	21879429	21879384	Deletion	45
3L	21879437	21879384	Deletion	53
3L	21879485	21879386	Deletion	99
3L	21885393	21885269	Deletion	124
3L	21885393	21885270	Deletion	123
3L	21885393	21885277	Deletion	116
3L	21885388	21885303	Deletion	85
3L	21885393	21885306	Deletion	87
3L	21885393	21885326	Deletion	67
3L	21885393	21885327	Deletion	66
3L	21885393	21885337	Deletion	56
3L	21885393	21885346	Deletion	47
3L	21885748	21885668	Deletion	80
3L	21885705	21885668	Deletion	37
3L	21885739	21885668	Deletion	71
3L	21885708	21885668	Deletion	40
3L	21885729	21885668	Deletion	61
3L	21885728	21885673	Deletion	55
3L	21886470	21886347	Deletion	123
3L	21886470	21886352	Deletion	118
3L	21886470	21886378	Deletion	92
3L	21886470	21886384	Deletion	86
3L	21886470	21886414	Deletion	56
3L	21886470	21886440	Deletion	30
3L	21891240	21891133	Deletion	107
3L	21891176	21891133	Deletion	43
3L	21891250	21891133	Deletion	117
3L	21891170	21891133	Deletion	37
3L	21891206	21891133	Deletion	73
3L	21891232	21891133	Deletion	99
3L	21893058	21892974	Deletion	84
3L	21893058	21892983	Deletion	75
3L	21893058	21892987	Deletion	71
3L	21893058	21892992	Deletion	66
3L	21896283	21896183	Deletion	100
3L	21896227	21896183	Deletion	44
3L	21896245	21896183	Deletion	62
3L	21896294	21896183	Deletion	111
3L	21896236	21896183	Deletion	53
3L	21896240	21896183	Deletion	57
3L	21900001	21899879	Deletion	122
3L	21900001	21899899	Deletion	102
3L	21900001	21899945	Deletion	56
3L	21900001	21899962	Deletion	39
3L	21900001	21899967	Deletion	34
3L	21900001	21899967	Deletion	34
3L	21903583	21903490	Deletion	93
3L	21903614	21903490	Deletion	124
3L	21903578	21903490	Deletion	88
3L	21903561	21903490	Deletion	71
3L	21903583	21903490	Deletion	93
3L	21911620	21911498	Deletion	122
3L	21912029	21911916	Deletion	113
3L	21912029	21911927	Deletion	102
3L	21912029	21911933	Deletion	96
3L	21912029	21911939	Deletion	90
3L	21912029	21911951	Deletion	78
3L	21912029	21911976	Deletion	53
3L	21912029	21911986	Deletion	43
3L	21915919	21915833	Deletion	86
3L	21915866	21915833	Deletion	33
3L	21915909	21915833	Deletion	76
3L	21915884	21915833	Deletion	51
3L	21915872	21915833	Deletion	39
3L	21925108	21924987	Deletion	121
3L	21933662	21933549	Deletion	113
3L	21933662	21933560	Deletion	102
3L	21933662	21933588	Deletion	74
3L	21933662	21933598	Deletion	64
3L	21933662	21933611	Deletion	51
3L	21957906	21957797	Deletion	109
3L	21957899	21957797	Deletion	102
3L	21957860	21957797	Deletion	63
3L	21957850	21957797	Deletion	53
3L	21960336	21960259	Deletion	77
3L	21960372	21960259	Deletion	113
3L	21966530	21966425	Deletion	105
3L	21972745	21972645	Deletion	100
3L	21973127	21973004	Deletion	123
3L	22000562	22000446	Deletion	116
3L	22000562	22000454	Deletion	108
3L	22000562	22000477	Deletion	85
3L	22000562	22000489	Deletion	73
3L	22000562	22000513	Deletion	49
3L	22000562	22000526	Deletion	36
3L	22000562	22000528	Deletion	34
3L	22002230	22002138	Deletion	92
3L	22002215	22002138	Deletion	77
3L	22002251	22002138	Deletion	113
3L	22002191	22002138	Deletion	53
3L	22002179	22002138	Deletion	41
3L	22002228	22002138	Deletion	90
3L	22002261	22002138	Deletion	123
3L	22022004	22021881	Deletion	123
3L	22022004	22021884	Deletion	120
3L	22022004	22021890	Deletion	114
3L	22022004	22021909	Deletion	95
3L	22022004	22021917	Deletion	87
3L	22022004	22021930	Deletion	74
3L	22022004	22021952	Deletion	52
3L	22022004	22021974	Deletion	30
3L	22025293	22025261	Deletion	32
3L	22025314	22025261	Deletion	53
3L	22025301	22025261	Deletion	40
3L	22025336	22025261	Deletion	75
3L	22025358	22025261	Deletion	97
3L	22029963	22029843	Deletion	120
3L	22029963	22029857	Deletion	106
3L	22029963	22029857	Deletion	106
3L	22029963	22029864	Deletion	99
3L	22029963	22029881	Deletion	82
3L	22029963	22029885	Deletion	78
3L	22030434	22030313	Deletion	121
3L	22030362	22030313	Deletion	49
3L	22030358	22030313	Deletion	45
3L	22042168	22042058	Deletion	110
3L	22042168	22042060	Deletion	108
3L	22042168	22042129	Deletion	39
3L	22042319	22042217	Deletion	102
3L	22042305	22042217	Deletion	88
3L	22042337	22042217	Deletion	120
3L	22046321	22046225	Deletion	96
3L	22046321	22046230	Deletion	91
3L	22046321	22046250	Deletion	71
3L	22046321	22046267	Deletion	54
3L	22046321	22046284	Deletion	37
3L	22061688	22061597	Deletion	91
3L	22061654	22061597	Deletion	57
3L	22061634	22061597	Deletion	37
3L	22061699	22061597	Deletion	102
3L	22061671	22061597	Deletion	74
3L	22061629	22061597	Deletion	32
3L	22062513	22062396	Deletion	117
3L	22062513	22062413	Deletion	100
3L	22062513	22062431	Deletion	82
3L	22062513	22062432	Deletion	81
3L	22062513	22062447	Deletion	66
3L	22062513	22062470	Deletion	43
3L	22063333	22063287	Deletion	46
3L	22063403	22063287	Deletion	116
3L	22063332	22063287	Deletion	45
3L	22063398	22063287	Deletion	111
3L	22063348	22063287	Deletion	61
3L	22063371	22063287	Deletion	84
3L	22063824	22063702	Deletion	122
3L	22063824	22063709	Deletion	115
3L	22063824	22063740	Deletion	84
3L	22063824	22063762	Deletion	62
3L	22063824	22063777	Deletion	47
3L	22063824	22063783	Deletion	41
3L	22072934	22072868	Deletion	66
3L	22072975	22072868	Deletion	107
3L	22072955	22072868	Deletion	87
3L	22072912	22072868	Deletion	44
3L	22072949	22072868	Deletion	81
3L	22074498	22074402	Deletion	96
3L	22074498	22074415	Deletion	83
3L	22074498	22074420	Deletion	78
3L	22074498	22074444	Deletion	54
3L	22074498	22074456	Deletion	42
3L	22074920	22074836	Deletion	84
3L	22074936	22074836	Deletion	100
3L	22074879	22074836	Deletion	43
3L	22074934	22074836	Deletion	98
3L	22074866	22074836	Deletion	30
3L	22074957	22074836	Deletion	121
3L	22074884	22074836	Deletion	48
3L	22074908	22074836	Deletion	72
3L	22079443	22079323	Deletion	120
3L	22079443	22079323	Deletion	120
3L	22079443	22079334	Deletion	109
3L	22079443	22079338	Deletion	105
3L	22079443	22079344	Deletion	99
3L	22079443	22079365	Deletion	78
3L	22079443	22079392	Deletion	51
3L	22084340	22084292	Deletion	48
3L	22084395	22084292	Deletion	103
3L	22084398	22084292	Deletion	106
3L	22084399	22084292	Deletion	107
3L	22084367	22084292	Deletion	75
3L	22084411	22084292	Deletion	119
3L	22085185	22085083	Deletion	102
3L	22085185	22085097	Deletion	88
3L	22085185	22085105	Deletion	80
3L	22085185	22085118	Deletion	67
3L	22085185	22085150	Deletion	35
3L	22093739	22093615	Deletion	124
3L	22093675	22093615	Deletion	60
3L	22093707	22093615	Deletion	92
3L	22093715	22093615	Deletion	100
3L	22093662	22093615	Deletion	47
3L	22093731	22093615	Deletion	116
3L	22093654	22093615	Deletion	39
3L	22093731	22093615	Deletion	116
3L	22097645	22097540	Deletion	105
3L	22097645	22097561	Deletion	84
3L	22097645	22097564	Deletion	81
3L	22097645	22097589	Deletion	56
3L	22097645	22097591	Deletion	54
3L	22104856	22104779	Deletion	77
3L	22104856	22104822	Deletion	34
3L	22105023	22104952	Deletion	71
3L	22105025	22104952	Deletion	73
3L	22105047	22104965	Deletion	82
3L	22108280	22108162	Deletion	118
3L	22108280	22108192	Deletion	88
3L	22110820	22110782	Deletion	38
3L	22112661	22112540	Deletion	121
3L	22118802	22118689	Deletion	113
3L	22118802	22118759	Deletion	43
3L	22118802	22118759	Deletion	43
3L	22119365	22119282	Deletion	83
3L	22119384	22119282	Deletion	102
3L	22119386	22119282	Deletion	104
3L	22119365	22119282	Deletion	83
3L	22119390	22119282	Deletion	108
3L	22147156	22147066	Deletion	90
3L	22147156	22147108	Deletion	48
3L	22155780	22155702	Deletion	78
3L	22155738	22155702	Deletion	36
3L	22155820	22155702	Deletion	118
3L	22159368	22159315	Deletion	53
3L	22159368	22159317	Deletion	51
3L	22159368	22159324	Deletion	44
3L	22174115	22174001	Deletion	114
3L	22174076	22174001	Deletion	75
3L	22174074	22174001	Deletion	73
3L	22174115	22174001	Deletion	114
3L	22174118	22174001	Deletion	117
3L	22174083	22174001	Deletion	82
3L	22177100	22176984	Deletion	116
3L	22177100	22177048	Deletion	52
3L	22180647	22180573	Deletion	74
3L	22181352	22181230	Deletion	122
3L	22181355	22181259	Deletion	96
3L	22181355	22181265	Deletion	90
3L	22181355	22181277	Deletion	78
3L	22181355	22181288	Deletion	67
3L	22181355	22181289	Deletion	66
3L	22181355	22181298	Deletion	57
3L	22181355	22181311	Deletion	44
3L	22181355	22181324	Deletion	31
3L	22181452	22181422	Deletion	30
3L	22181504	22181422	Deletion	82
3L	22181458	22181422	Deletion	36
3L	22181470	22181422	Deletion	48
3L	22181517	22181422	Deletion	95
3L	22181481	22181422	Deletion	59
3L	22181491	22181422	Deletion	69
3L	22181526	22181422	Deletion	104
3L	22181523	22181422	Deletion	101
3L	22181482	22181422	Deletion	60
3L	22193281	22193159	Deletion	122
3L	22207258	22207154	Deletion	104
3L	22207258	22207174	Deletion	84
3L	22207258	22207216	Deletion	42
3L	22207258	22207223	Deletion	35
3L	22207995	22207909	Deletion	86
3L	22208027	22207909	Deletion	118
3L	22208013	22207909	Deletion	104
3L	22208001	22207909	Deletion	92
3L	22207952	22207909	Deletion	43
3L	22209689	22209577	Deletion	112
3L	22209689	22209583	Deletion	106
3L	22209689	22209621	Deletion	68
3L	22209689	22209624	Deletion	65
3L	22217876	22217769	Deletion	107
3L	22217830	22217769	Deletion	61
3L	22217827	22217769	Deletion	58
3L	22221343	22221233	Deletion	110
3L	22221343	22221258	Deletion	85
3L	22221343	22221273	Deletion	70
3L	22229999	22229943	Deletion	56
3L	22230049	22229943	Deletion	106
3L	22229984	22229943	Deletion	41
3L	22236066	22235949	Deletion	117
3L	22236066	22235950	Deletion	116
3L	22236066	22235969	Deletion	97
3L	22236066	22235971	Deletion	95
3L	22236066	22236016	Deletion	50
3L	22236066	22236027	Deletion	39
3L	22236308	22236221	Deletion	87
3L	22236297	22236221	Deletion	76
3L	22236326	22236221	Deletion	105
3L	22239102	22238984	Deletion	118
3L	22239102	22238985	Deletion	117
3L	22239099	22239009	Deletion	90
3L	22239102	22239067	Deletion	35
3L	22239262	22239170	Deletion	92
3L	22239287	22239170	Deletion	117
3L	22239277	22239170	Deletion	107
3L	22239279	22239170	Deletion	109
3L	22239293	22239170	Deletion	123
3L	22239204	22239170	Deletion	34
3L	22239450	22239336	Deletion	114
3L	22239450	22239352	Deletion	98
3L	22239450	22239378	Deletion	72
3L	22239450	22239394	Deletion	56
3L	22239450	22239397	Deletion	53
3L	22239450	22239397	Deletion	53
3L	22239450	22239402	Deletion	48
3L	22239612	22239533	Deletion	79
3L	22239652	22239533	Deletion	119
3L	22239634	22239533	Deletion	101
3L	22239607	22239533	Deletion	74
3L	22239607	22239533	Deletion	74
3L	22239639	22239533	Deletion	106
3L	22239588	22239533	Deletion	55
3L	22239604	22239533	Deletion	71
3L	22240783	22240661	Deletion	122
3L	22251033	22250927	Deletion	106
3L	22251033	22250939	Deletion	94
3L	22259370	22259336	Deletion	34
3L	22259453	22259336	Deletion	117
3L	22260940	22260842	Deletion	98
3L	22260940	22260872	Deletion	68
3L	22260940	22260878	Deletion	62
3L	22271549	22271483	Deletion	66
3L	22271513	22271483	Deletion	30
3L	22271588	22271483	Deletion	105
3L	22271543	22271483	Deletion	60
3L	22274534	22274413	Deletion	121
3L	22277999	22277878	Deletion	121
3L	22286032	22285915	Deletion	117
3L	22286032	22285917	Deletion	115
3L	22286032	22285920	Deletion	112
3L	22286032	22285934	Deletion	98
3L	22286032	22285992	Deletion	40
3L	22286032	22285993	Deletion	39
3L	22286032	22286001	Deletion	31
3L	22301171	22301070	Deletion	101
3L	22301157	22301070	Deletion	87
3L	22301156	22301070	Deletion	86
3L	22301165	22301070	Deletion	95
3L	22309481	22309364	Deletion	117
3L	22309480	22309384	Deletion	96
3L	22309481	22309385	Deletion	96
3L	22309481	22309407	Deletion	74
3L	22309481	22309414	Deletion	67
3L	22309481	22309435	Deletion	46
3L	22310679	22310627	Deletion	52
3L	22310657	22310627	Deletion	30
3L	22310707	22310627	Deletion	80
3L	22310727	22310627	Deletion	100
3L	22310686	22310627	Deletion	59
3L	22310657	22310627	Deletion	30
3L	22315851	22315749	Deletion	102
3L	22315851	22315807	Deletion	44
3L	22315851	22315813	Deletion	38
3L	22315851	22315820	Deletion	31
3L	22320407	22320311	Deletion	96
3L	22320400	22320311	Deletion	89
3L	22320425	22320311	Deletion	114
3L	22320423	22320311	Deletion	112
3L	22320427	22320311	Deletion	116
3L	22320394	22320311	Deletion	83
3L	22328437	22328317	Deletion	120
3L	22333986	22333864	Deletion	122
3L	22345024	22344981	Deletion	43
3L	22347974	22347890	Deletion	84
3L	22363710	22363626	Deletion	84
3L	22363710	22363632	Deletion	78
3L	22363710	22363636	Deletion	74
3L	22363710	22363646	Deletion	64
3L	22363710	22363675	Deletion	35
3L	22368086	22368034	Deletion	52
3L	22368155	22368034	Deletion	121
3L	22368076	22368034	Deletion	42
3L	22368082	22368034	Deletion	48
3L	22368096	22368034	Deletion	62
3L	22368145	22368034	Deletion	111
3L	22368150	22368034	Deletion	116
3L	22368125	22368037	Deletion	88
3L	22371998	22371884	Deletion	114
3L	22371998	22371951	Deletion	47
3L	22373182	22373073	Deletion	109
3L	22373153	22373078	Deletion	75
3L	22375835	22375715	Deletion	120
3L	22375835	22375716	Deletion	119
3L	22375835	22375783	Deletion	52
3L	22376256	22376181	Deletion	75
3L	22376291	22376181	Deletion	110
3L	22376276	22376181	Deletion	95
3L	22376298	22376181	Deletion	117
3L	22427050	22426980	Deletion	70
3L	22427050	22427009	Deletion	41
3L	22434693	22434606	Deletion	87
3L	22434664	22434606	Deletion	58
3L	22434719	22434606	Deletion	113
3L	22435200	22435078	Deletion	122
3L	22435200	22435096	Deletion	104
3L	22435200	22435099	Deletion	101
3L	22435200	22435101	Deletion	99
3L	22435200	22435114	Deletion	86
3L	22435200	22435127	Deletion	73
3L	22435200	22435135	Deletion	65
3L	22444704	22444663	Deletion	41
3L	22444761	22444663	Deletion	98
3L	22444725	22444663	Deletion	62
3L	22444717	22444663	Deletion	54
3L	22468274	22468160	Deletion	114
3L	22468269	22468162	Deletion	107
3L	22468274	22468198	Deletion	76
3L	22468274	22468198	Deletion	76
3L	22468269	22468229	Deletion	40
3L	22468387	22468337	Deletion	50
3L	22468387	22468337	Deletion	50
3L	22468418	22468337	Deletion	81
3L	22468458	22468337	Deletion	121
3L	22477952	22477831	Deletion	121
3L	22477952	22477837	Deletion	115
3L	22477952	22477837	Deletion	115
3L	22477952	22477850	Deletion	102
3L	22477952	22477854	Deletion	98
3L	22477952	22477900	Deletion	52
3L	22481269	22481188	Deletion	81
3L	22481219	22481188	Deletion	31
3L	22481223	22481188	Deletion	35
3L	22482922	22482850	Deletion	72
3L	22482922	22482887	Deletion	35
3L	22482922	22482889	Deletion	33
3L	22483069	22482976	Deletion	93
3L	22483067	22482976	Deletion	91
3L	22483030	22482976	Deletion	54
3L	22483092	22482976	Deletion	116
3L	22483097	22482976	Deletion	121
3L	22483080	22482976	Deletion	104
3L	22496321	22496214	Deletion	107
3L	22496321	22496240	Deletion	81
3L	22496321	22496259	Deletion	62
3L	22496321	22496274	Deletion	47
3L	22496321	22496288	Deletion	33
3L	22497789	22497688	Deletion	101
3L	22497810	22497688	Deletion	122
3L	22497767	22497688	Deletion	79
3L	22497733	22497688	Deletion	45
3L	22497781	22497688	Deletion	93
3L	22497752	22497688	Deletion	64
3L	22503766	22503687	Deletion	79
3L	22503766	22503700	Deletion	66
3L	22503901	22503840	Deletion	61
3L	22503888	22503840	Deletion	48
3L	22513241	22513140	Deletion	101
3L	22513241	22513152	Deletion	89
3L	22513241	22513177	Deletion	64
3L	22513241	22513181	Deletion	60
3L	22515908	22515845	Deletion	63
3L	22515883	22515845	Deletion	38
3L	22515912	22515845	Deletion	67
3L	22515945	22515845	Deletion	100
3L	22520469	22520358	Deletion	111
3L	22520469	22520397	Deletion	72
3L	22520469	22520398	Deletion	71
3L	22520469	22520422	Deletion	47
3L	22522120	22522041	Deletion	79
3L	22522095	22522041	Deletion	54
3L	22522096	22522041	Deletion	55
3L	22522140	22522041	Deletion	99
3L	22522141	22522041	Deletion	100
3L	22523525	22523404	Deletion	121
3L	22551832	22551709	Deletion	123
3L	22557754	22557636	Deletion	118
3L	22557754	22557698	Deletion	56
3L	22559957	22559911	Deletion	46
3L	22560623	22560521	Deletion	102
3L	22560977	22560879	Deletion	98
3L	22576027	22575934	Deletion	93
3L	22575986	22575934	Deletion	52
3L	22575980	22575934	Deletion	46
3L	22576005	22575934	Deletion	71
3L	22576009	22575934	Deletion	75
3L	22576046	22575934	Deletion	112
3L	22577797	22577675	Deletion	122
3L	22580955	22580831	Deletion	124
3L	22612295	22612227	Deletion	68
3L	22612295	22612235	Deletion	60
3L	22612813	22612705	Deletion	108
3L	22612772	22612705	Deletion	67
3L	22612764	22612705	Deletion	59
3L	22615781	22615665	Deletion	116
3L	22615781	22615665	Deletion	116
3L	22615781	22615668	Deletion	113
3L	22615781	22615689	Deletion	92
3L	22615781	22615697	Deletion	84
3L	22615781	22615714	Deletion	67
3L	22615781	22615715	Deletion	66
3L	22616496	22616454	Deletion	42
3L	22616514	22616454	Deletion	60
3L	22616488	22616454	Deletion	34
3L	22616567	22616454	Deletion	113
3L	22616513	22616454	Deletion	59
3L	22622665	22622611	Deletion	54
3L	22622778	22622726	Deletion	52
3L	22625032	22624964	Deletion	68
3L	22625032	22624975	Deletion	57
3L	22626780	22626722	Deletion	58
3L	22626791	22626722	Deletion	69
3L	22626826	22626722	Deletion	104
3L	22632201	22632090	Deletion	111
3L	22632201	22632104	Deletion	97
3L	22632201	22632123	Deletion	78
3L	22632201	22632139	Deletion	62
3L	22632201	22632145	Deletion	56
3L	22632201	22632147	Deletion	54
3L	22632201	22632161	Deletion	40
3L	22632201	22632168	Deletion	33
3L	22639297	22639211	Deletion	86
3L	22639304	22639211	Deletion	93
3L	22639275	22639211	Deletion	64
3L	22639283	22639211	Deletion	72
3L	22639317	22639211	Deletion	106
3L	22639324	22639211	Deletion	113
3L	22639259	22639211	Deletion	48
3L	22639281	22639211	Deletion	70
3L	22642748	22642643	Deletion	105
3L	22642748	22642680	Deletion	68
3L	22642748	22642691	Deletion	57
3L	22642748	22642712	Deletion	36
3L	22643069	22642945	Deletion	124
3L	22643035	22642945	Deletion	90
3L	22643003	22642945	Deletion	58
3L	22643014	22642945	Deletion	69
3L	22651575	22651465	Deletion	110
3L	22651575	22651474	Deletion	101
3L	22651575	22651513	Deletion	62
3L	22651575	22651526	Deletion	49
3L	22659800	22659736	Deletion	64
3L	22659813	22659736	Deletion	77
3L	22663404	22663282	Deletion	122
3L	22685167	22685072	Deletion	95
3L	22685167	22685088	Deletion	79
3L	22685167	22685130	Deletion	37
3L	22685167	22685133	Deletion	34
3L	22690391	22690281	Deletion	110
3L	22690370	22690281	Deletion	89
3L	22690373	22690281	Deletion	92
3L	22690312	22690281	Deletion	31
3L	22690328	22690281	Deletion	47
3L	22690387	22690281	Deletion	106
3L	22702395	22702276	Deletion	119
3L	22716507	22716383	Deletion	124
3L	22730172	22730102	Deletion	70
3L	22730172	22730113	Deletion	59
3L	22743487	22743366	Deletion	121
3L	22743433	22743366	Deletion	67
3L	22743422	22743366	Deletion	56
3L	22743471	22743366	Deletion	105
3L	22752692	22752570	Deletion	122
3L	22752692	22752580	Deletion	112
3L	22752692	22752655	Deletion	37
3L	22752692	22752662	Deletion	30
3L	22753124	22753027	Deletion	97
3L	22753117	22753027	Deletion	90
3L	22758460	22758353	Deletion	107
3L	22758460	22758378	Deletion	82
3L	22758460	22758423	Deletion	37
3L	22760942	22760837	Deletion	105
3L	22760881	22760837	Deletion	44
3L	22760926	22760837	Deletion	89
3L	22762315	22762245	Deletion	70
3L	22765271	22765152	Deletion	119
3L	22765271	22765218	Deletion	53
3L	22765784	22765706	Deletion	78
3L	22765886	22765837	Deletion	49
3L	22766412	22766351	Deletion	61
3L	22776891	22776794	Deletion	97
3L	22776891	22776824	Deletion	67
3L	22776891	22776847	Deletion	44
3L	22776891	22776850	Deletion	41
3L	22782089	22782007	Deletion	82
3L	22782066	22782007	Deletion	59
3L	22782092	22782007	Deletion	85
3L	22782123	22782007	Deletion	116
3L	22782794	22782703	Deletion	91
3L	22782794	22782713	Deletion	81
3L	22782794	22782743	Deletion	51
3L	22782794	22782746	Deletion	48
3L	22782794	22782754	Deletion	40
3L	22784705	22784619	Deletion	86
3L	22784697	22784619	Deletion	78
3L	22784654	22784619	Deletion	35
3L	22784694	22784619	Deletion	75
3L	22784664	22784619	Deletion	45
3L	22792670	22792557	Deletion	113
3L	22792670	22792567	Deletion	103
3L	22792670	22792586	Deletion	84
3L	22792670	22792592	Deletion	78
3L	22793643	22793594	Deletion	49
3L	22793637	22793594	Deletion	43
3L	22800181	22800065	Deletion	116
3L	22800181	22800069	Deletion	112
3L	22800181	22800090	Deletion	91
3L	22800181	22800098	Deletion	83
3L	22800181	22800122	Deletion	59
3L	22800181	22800135	Deletion	46
3L	22800181	22800137	Deletion	44
3L	22800181	22800145	Deletion	36
3L	22800181	22800151	Deletion	30
3L	22803928	22803891	Deletion	37
3L	22804071	22803981	Deletion	90
3L	22804031	22803981	Deletion	50
3L	22805743	22805686	Deletion	57
3L	22812569	22812512	Deletion	57
3L	22812743	22812623	Deletion	120
3L	22815283	22815164	Deletion	119
3L	22819305	22819226	Deletion	79
3L	22822769	22822658	Deletion	111
3L	22822769	22822683	Deletion	86
3L	22822769	22822719	Deletion	50
3L	22822769	22822722	Deletion	47
3L	22822769	22822722	Deletion	47
3L	22833962	22833883	Deletion	79
3L	22833959	22833883	Deletion	76
3L	22833923	22833883	Deletion	40
3L	22833962	22833883	Deletion	79
3L	22833983	22833883	Deletion	100
3L	22834007	22833883	Deletion	124
3L	22835329	22835218	Deletion	111
3L	22835334	22835248	Deletion	86
3L	22835329	22835252	Deletion	77
3L	22835334	22835270	Deletion	64
3L	22835334	22835271	Deletion	63
3L	22835334	22835280	Deletion	54
3L	22835334	22835292	Deletion	42
3L	22836952	22836867	Deletion	85
3L	22836986	22836867	Deletion	119
3L	22836931	22836867	Deletion	64
3L	22836912	22836867	Deletion	45
3L	22836908	22836867	Deletion	41
3L	22836930	22836867	Deletion	63
3L	22836982	22836867	Deletion	115
3L	22836940	22836867	Deletion	73
3L	22838482	22838377	Deletion	105
3L	22838482	22838389	Deletion	93
3L	22853934	22853833	Deletion	101
3L	22853940	22853833	Deletion	107
3L	22853867	22853833	Deletion	34
3L	22853947	22853833	Deletion	114
3L	22853945	22853833	Deletion	112
3L	22866501	22866405	Deletion	96
3L	22890802	22890684	Deletion	118
3L	22890802	22890685	Deletion	117
3L	22890802	22890693	Deletion	109
3L	22890802	22890711	Deletion	91
3L	22890802	22890727	Deletion	75
3L	22890802	22890752	Deletion	50
3L	22890802	22890754	Deletion	48
3L	22897042	22897006	Deletion	36
3L	22897085	22897006	Deletion	79
3L	22897058	22897006	Deletion	52
3L	22897083	22897006	Deletion	77
3L	22897106	22897006	Deletion	100
3L	22902656	22902538	Deletion	118
3L	22902656	22902561	Deletion	95
3L	22902656	22902561	Deletion	95
3L	22902656	22902570	Deletion	86
3L	22902656	22902571	Deletion	85
3L	22902656	22902571	Deletion	85
3L	22902656	22902580	Deletion	76
3L	22902656	22902584	Deletion	72
3L	22902656	22902602	Deletion	54
3L	22902656	22902620	Deletion	36
3L	22903594	22903544	Deletion	50
3L	22903634	22903544	Deletion	90
3L	22903575	22903544	Deletion	31
3L	22903598	22903544	Deletion	54
3L	22903616	22903544	Deletion	72
3L	22903584	22903544	Deletion	40
3L	22903585	22903544	Deletion	41
3L	22903653	22903544	Deletion	109
3L	22903575	22903544	Deletion	31
3L	22903585	22903544	Deletion	41
3L	22903643	22903544	Deletion	99
3L	22914319	22914220	Deletion	99
3L	22914319	22914232	Deletion	87
3L	22914319	22914233	Deletion	86
3L	22914319	22914244	Deletion	75
3L	22919484	22919444	Deletion	40
3L	22919483	22919444	Deletion	39
3L	22919566	22919444	Deletion	122
3L	22919495	22919444	Deletion	51
3L	22924709	22924611	Deletion	98
3L	22924709	22924612	Deletion	97
3L	22924709	22924637	Deletion	72
3L	22924709	22924662	Deletion	47
3L	22924708	22924676	Deletion	32
3L	22924709	22924677	Deletion	32
3L	22929047	22928954	Deletion	93
3L	22929048	22928954	Deletion	94
3L	22929008	22928954	Deletion	54
3L	22929033	22928954	Deletion	79
3L	22930694	22930603	Deletion	91
3L	22930694	22930608	Deletion	86
3L	22930694	22930647	Deletion	47
3L	22932963	22932859	Deletion	104
3L	22932899	22932859	Deletion	40
3L	22932938	22932859	Deletion	79
3L	22932894	22932859	Deletion	35
3L	22994025	22993919	Deletion	106
3L	22994345	22994281	Deletion	64
3L	23002149	23002069	Deletion	80
3L	23002132	23002069	Deletion	63
3L	23002143	23002069	Deletion	74
3L	23002684	23002579	Deletion	105
3L	23002684	23002618	Deletion	66
3L	23002684	23002622	Deletion	62
3L	23002684	23002636	Deletion	48
3L	23002684	23002654	Deletion	30
3L	23005158	23005037	Deletion	121
3L	23005135	23005037	Deletion	98
3L	23005099	23005037	Deletion	62
3L	23005117	23005037	Deletion	80
3L	23005103	23005037	Deletion	66
3L	23025486	23025365	Deletion	121
3L	23025503	23025387	Deletion	116
3L	23025503	23025388	Deletion	115
3L	23025503	23025389	Deletion	114
3L	23025503	23025418	Deletion	85
3L	23025503	23025437	Deletion	66
3L	23025503	23025438	Deletion	65
3L	23025503	23025447	Deletion	56
3L	23027221	23027179	Deletion	42
3L	23027250	23027179	Deletion	71
3L	23027241	23027179	Deletion	62
3L	23027283	23027179	Deletion	104
3L	23027240	23027179	Deletion	61
3L	23043735	23043702	Deletion	33
3L	23046087	23045975	Deletion	112
3L	23046806	23046695	Deletion	111
3L	23046806	23046703	Deletion	103
3L	23046806	23046724	Deletion	82
3L	23046806	23046736	Deletion	70
3L	23046806	23046740	Deletion	66
3L	23046877	23046854	Deletion	23
3L	23047934	23047899	Deletion	35
3L	23056288	23056164	Deletion	124
3L	23060231	23060110	Deletion	121
3L	23071631	23071519	Deletion	112
3L	23071631	23071547	Deletion	84
3L	23071631	23071553	Deletion	78
3L	23071631	23071566	Deletion	65
3L	23071631	23071575	Deletion	56
3L	23071631	23071595	Deletion	36
3L	23072527	23072408	Deletion	119
3L	23077756	23077693	Deletion	63
3L	23079202	23079091	Deletion	111
3L	23082918	23082818	Deletion	100
3L	23082918	23082851	Deletion	67
3L	23082918	23082872	Deletion	46
3L	23083287	23083228	Deletion	59
3L	23083308	23083228	Deletion	80
3L	23084246	23084213	Deletion	33
3L	23086915	23086801	Deletion	114
3L	23086915	23086807	Deletion	108
3L	23086915	23086808	Deletion	107
3L	23086915	23086828	Deletion	87
3L	23086915	23086838	Deletion	77
3L	23086915	23086858	Deletion	57
3L	23086915	23086859	Deletion	56
3L	23086915	23086860	Deletion	55
3L	23086915	23086865	Deletion	50
3L	23087220	23087144	Deletion	76
3L	23087214	23087144	Deletion	70
3L	23087213	23087144	Deletion	69
3L	23087215	23087144	Deletion	71
3L	23087193	23087144	Deletion	49
3L	23087183	23087144	Deletion	39
3L	23087248	23087144	Deletion	104
3L	23093487	23093370	Deletion	117
3L	23093487	23093372	Deletion	115
3L	23093487	23093393	Deletion	94
3L	23093487	23093394	Deletion	93
3L	23093483	23093415	Deletion	68
3L	23093487	23093437	Deletion	50
3L	23093487	23093456	Deletion	31
3L	23093652	23093576	Deletion	76
3L	23093676	23093576	Deletion	100
3L	23093630	23093576	Deletion	54
3L	23093678	23093576	Deletion	102
3L	23093671	23093576	Deletion	95
3L	23093608	23093576	Deletion	32
3L	23093609	23093576	Deletion	33
3L	23096021	23095900	Deletion	121
3L	23096021	23095900	Deletion	121
3L	23096021	23095970	Deletion	51
3L	23096021	23095980	Deletion	41
3L	23098676	23098640	Deletion	36
3L	23109843	23109768	Deletion	75
3L	23109853	23109768	Deletion	85
3L	23124590	23124500	Deletion	90
3L	23124585	23124503	Deletion	82
3L	23124590	23124534	Deletion	56
3L	23124590	23124536	Deletion	54
3L	23167558	23167438	Deletion	120
3L	23170691	23170569	Deletion	122
3L	23172037	23171999	Deletion	38
3L	23172510	23172469	Deletion	41
3L	23173053	23173013	Deletion	40
3L	23177549	23177427	Deletion	122
3L	23180863	23180823	Deletion	40
3L	23180879	23180823	Deletion	56
3L	23185608	23185502	Deletion	106
3L	23185608	23185520	Deletion	88
3L	23185608	23185532	Deletion	76
3L	23185608	23185573	Deletion	35
3L	23186769	23186646	Deletion	123
3L	23186696	23186646	Deletion	50
3L	23186737	23186646	Deletion	91
3L	23186684	23186646	Deletion	38
3L	23190481	23190387	Deletion	94
3L	23190481	23190426	Deletion	55
3L	23190481	23190431	Deletion	50
3L	23196921	23196834	Deletion	87
3L	23196921	23196866	Deletion	55
3L	23197910	23197835	Deletion	75
3L	23197878	23197835	Deletion	43
3L	23223640	23223516	Deletion	124
3L	23223600	23223516	Deletion	84
3L	23223638	23223516	Deletion	122
3L	23223587	23223516	Deletion	71
3L	23223609	23223516	Deletion	93
3L	23223626	23223516	Deletion	110
3L	23229348	23229241	Deletion	107
3L	23229348	23229256	Deletion	92
3L	23229348	23229258	Deletion	90
3L	23229348	23229262	Deletion	86
3L	23229348	23229275	Deletion	73
3L	23233936	23233839	Deletion	97
3L	23233875	23233839	Deletion	36
3L	23233892	23233839	Deletion	53
3L	23233939	23233839	Deletion	100
3L	23233879	23233839	Deletion	40
3L	23246971	23246855	Deletion	116
3L	23246971	23246889	Deletion	82
3L	23246971	23246895	Deletion	76
3L	23246971	23246897	Deletion	74
3L	23246971	23246905	Deletion	66
3L	23246971	23246920	Deletion	51
3L	23248597	23248483	Deletion	114
3L	23248535	23248483	Deletion	52
3L	23248527	23248483	Deletion	44
3L	23248533	23248483	Deletion	50
3L	23248543	23248483	Deletion	60
3L	23248577	23248483	Deletion	94
3L	23248595	23248483	Deletion	112
3L	23248558	23248483	Deletion	75
3L	23248587	23248483	Deletion	104
3L	23261716	23261593	Deletion	123
3L	23261716	23261604	Deletion	112
3L	23261716	23261614	Deletion	102
3L	23261716	23261625	Deletion	91
3L	23261716	23261649	Deletion	67
3L	23261716	23261679	Deletion	37
3L	23261975	23261875	Deletion	100
3L	23261964	23261875	Deletion	89
3L	23261934	23261875	Deletion	59
3L	23261982	23261875	Deletion	107
3L	23261910	23261875	Deletion	35
3L	23261980	23261875	Deletion	105
3L	23272937	23272838	Deletion	99
3L	23273115	23273010	Deletion	105
3L	23274303	23274235	Deletion	68
3L	23275511	23275465	Deletion	46
3L	23281798	23281713	Deletion	85
3L	23281798	23281756	Deletion	42
3L	23281798	23281767	Deletion	31
3L	23283811	23283726	Deletion	85
3L	23283822	23283726	Deletion	96
3L	23283768	23283726	Deletion	42
3L	23285368	23285276	Deletion	92
3L	23285368	23285279	Deletion	89
3L	23285368	23285287	Deletion	81
3L	23285368	23285303	Deletion	65
3L	23285368	23285306	Deletion	62
3L	23285368	23285323	Deletion	45
3L	23285368	23285331	Deletion	37
3L	23285368	23285331	Deletion	37
3L	23293424	23293388	Deletion	36
3L	23301813	23301690	Deletion	123
3L	23328199	23328130	Deletion	69
3L	23328199	23328155	Deletion	44
3L	23328199	23328155	Deletion	44
3L	23328924	23328824	Deletion	100
3L	23328906	23328824	Deletion	82
3L	23328881	23328824	Deletion	57
3L	23328931	23328824	Deletion	107
3L	23328906	23328824	Deletion	82
3L	23329205	23329118	Deletion	87
3L	23329205	23329134	Deletion	71
3L	23329205	23329148	Deletion	57
3L	23330547	23330477	Deletion	70
3L	23330593	23330477	Deletion	116
3L	23330516	23330477	Deletion	39
3L	23330578	23330477	Deletion	101
3L	23330575	23330477	Deletion	98
3L	23330533	23330477	Deletion	56
3L	23330593	23330477	Deletion	116
3L	23335220	23335114	Deletion	106
3L	23335220	23335117	Deletion	103
3L	23335220	23335118	Deletion	102
3L	23335220	23335123	Deletion	97
3L	23335220	23335149	Deletion	71
3L	23335220	23335157	Deletion	63
3L	23335220	23335175	Deletion	45
3L	23335220	23335186	Deletion	34
3L	23335220	23335189	Deletion	31
3L	23335406	23335351	Deletion	55
3L	23335452	23335351	Deletion	101
3L	23335432	23335351	Deletion	81
3L	23335414	23335351	Deletion	63
3L	23335446	23335351	Deletion	95
3L	23335443	23335351	Deletion	92
3L	23355939	23355826	Deletion	113
3L	23356256	23356162	Deletion	94
3L	23357418	23357311	Deletion	107
3L	23365274	23365187	Deletion	87
3L	23370218	23370095	Deletion	123
3L	23371043	23370964	Deletion	79
3L	23371053	23370964	Deletion	89
3L	23371078	23370964	Deletion	114
3L	23371032	23370964	Deletion	68
3L	23371655	23371535	Deletion	120
3L	23371655	23371607	Deletion	48
3L	23371790	23371719	Deletion	71
3L	23371799	23371719	Deletion	80
3L	23371796	23371719	Deletion	77
3L	23371771	23371719	Deletion	52
3L	23371819	23371719	Deletion	100
3L	23371810	23371719	Deletion	91
3L	23371797	23371719	Deletion	78
3L	23371817	23371719	Deletion	98
3L	23372367	23372290	Deletion	77
3L	23373073	23372999	Deletion	74
3L	23373141	23373020	Deletion	121
3L	23373135	23373020	Deletion	115
3L	23374157	23374126	Deletion	31
3L	23377352	23377286	Deletion	66
3L	23378758	23378656	Deletion	102
3L	23388248	23388137	Deletion	111
3L	23388248	23388212	Deletion	36
3L	23392043	23391936	Deletion	107
3L	23397183	23397088	Deletion	95
3L	23397183	23397090	Deletion	93
3L	23397183	23397106	Deletion	77
3L	23397183	23397112	Deletion	71
3L	23397183	23397127	Deletion	56
3L	23397183	23397147	Deletion	36
3L	23397337	23397245	Deletion	92
3L	23397280	23397245	Deletion	35
3L	23397302	23397245	Deletion	57
3L	23397296	23397245	Deletion	51
3L	23397346	23397245	Deletion	101
3L	23397278	23397245	Deletion	33
3L	23397317	23397245	Deletion	72
3L	23405687	23405562	Deletion	125
3L	23431809	23431697	Deletion	112
3L	23431809	23431779	Deletion	30
3L	23435446	23435350	Deletion	96
3L	23435472	23435350	Deletion	122
3L	23452356	23452263	Deletion	93
3L	23452356	23452287	Deletion	69
3L	23452356	23452303	Deletion	53
3L	23452356	23452317	Deletion	39
3L	23454943	23454907	Deletion	36
3L	23454967	23454907	Deletion	60
3L	23454997	23454907	Deletion	90
3L	23455012	23454907	Deletion	105
3L	23455018	23454907	Deletion	111
3L	23454983	23454907	Deletion	76
3L	23462712	23462590	Deletion	122
3L	23462712	23462613	Deletion	99
3L	23462712	23462652	Deletion	60
3L	23462712	23462656	Deletion	56
3L	23462712	23462677	Deletion	35
3L	23463486	23463389	Deletion	97
3L	23463480	23463389	Deletion	91
3L	23463484	23463389	Deletion	95
3L	23463504	23463389	Deletion	115
3L	23463498	23463389	Deletion	109
3L	23463459	23463389	Deletion	70
3L	23463480	23463389	Deletion	91
3L	23463492	23463389	Deletion	103
3L	23463455	23463396	Deletion	59
3L	23463490	23463439	Deletion	51
3L	23476754	23476630	Deletion	124
3L	23476754	23476633	Deletion	121
3L	23476754	23476657	Deletion	97
3L	23476754	23476658	Deletion	96
3L	23476754	23476670	Deletion	84
3L	23476754	23476676	Deletion	78
3L	23478070	23477962	Deletion	108
3L	23478053	23477962	Deletion	91
3L	23477992	23477962	Deletion	30
3L	23478065	23477962	Deletion	103
3L	23478010	23477962	Deletion	48
3L	23478004	23477962	Deletion	42
3L	23484128	23484013	Deletion	115
3L	23484128	23484025	Deletion	103
3L	23488729	23488651	Deletion	78
3L	23498753	23498707	Deletion	46
3L	23499603	23499570	Deletion	33
3L	23506869	23506784	Deletion	85
3L	23506815	23506784	Deletion	31
3L	23518064	23517958	Deletion	106
3L	23518064	23517966	Deletion	98
3L	23518940	23518880	Deletion	60
3L	23521045	23520965	Deletion	80
3L	23535958	23535835	Deletion	123
3L	23542677	23542562	Deletion	115
3L	23542677	23542602	Deletion	75
3L	23542677	23542635	Deletion	42
3L	23542677	23542644	Deletion	33
3L	23548285	23548163	Deletion	122
3L	23549162	23549048	Deletion	114
3L	23549162	23549113	Deletion	49
3L	23550157	23550076	Deletion	81
3L	23551055	23550957	Deletion	98
3L	23551055	23551005	Deletion	50
3L	23556577	23556501	Deletion	76
3L	23556599	23556501	Deletion	98
3L	23571992	23571944	Deletion	48
3L	23573919	23573814	Deletion	105
3L	23580378	23580257	Deletion	121
3L	23590710	23590614	Deletion	96
3L	23590710	23590650	Deletion	60
3L	23590710	23590653	Deletion	57
3L	23590710	23590679	Deletion	31
3L	23595916	23595849	Deletion	67
3L	23595919	23595849	Deletion	70
3L	23595880	23595849	Deletion	31
3L	23595949	23595849	Deletion	100
3L	23597493	23597371	Deletion	122
3L	23597493	23597418	Deletion	75
3L	23597493	23597418	Deletion	75
3L	23604504	23604472	Deletion	32
3L	23604594	23604560	Deletion	34
3L	23605623	23605564	Deletion	59
3L	23605716	23605655	Deletion	61
3L	23606691	23606569	Deletion	122
3L	23606885	23606841	Deletion	44
3L	23613241	23613135	Deletion	106
3L	23613241	23613137	Deletion	104
3L	23613241	23613166	Deletion	75
3L	23613241	23613182	Deletion	59
3L	23614311	23614191	Deletion	120
3L	23614243	23614191	Deletion	52
3L	23614304	23614191	Deletion	113
3L	23614292	23614191	Deletion	101
3L	23614259	23614191	Deletion	68
3L	23614315	23614191	Deletion	124
3L	23620821	23620740	Deletion	81
3L	23623907	23623839	Deletion	68
3L	23642652	23642530	Deletion	122
3L	23642652	23642575	Deletion	77
3L	23642652	23642591	Deletion	61
3L	23642652	23642622	Deletion	30
3L	23643609	23643542	Deletion	67
3L	23643593	23643542	Deletion	51
3L	23643640	23643542	Deletion	98
3L	23645647	23645539	Deletion	108
3L	23645647	23645576	Deletion	71
3L	23645647	23645586	Deletion	61
3L	23645647	23645607	Deletion	40
3L	23646912	23646795	Deletion	117
3L	23646860	23646795	Deletion	65
3L	23646881	23646795	Deletion	86
3L	23646897	23646795	Deletion	102
3L	23646850	23646795	Deletion	55
3L	23648056	23647986	Deletion	70
3L	23651472	23651380	Deletion	92
3L	23651472	23651414	Deletion	58
3L	23651472	23651426	Deletion	46
3L	23652763	23652697	Deletion	66
3L	23652739	23652697	Deletion	42
3L	23652774	23652697	Deletion	77
3L	23652765	23652697	Deletion	68
3L	23652754	23652697	Deletion	57
3L	23652774	23652697	Deletion	77
3L	23652774	23652697	Deletion	77
3L	23652731	23652697	Deletion	34
3L	23652774	23652701	Deletion	73
3L	23652774	23652702	Deletion	72
3L	23652774	23652741	Deletion	33
3L	23652922	23652829	Deletion	93
3L	23652883	23652829	Deletion	54
3L	23652882	23652829	Deletion	53
3L	23652932	23652834	Deletion	98
3L	23667583	23667529	Deletion	54
3L	23667583	23667539	Deletion	44
3L	23671576	23671501	Deletion	75
3L	23671582	23671537	Deletion	45
3L	23672496	23672420	Deletion	76
3L	23672496	23672444	Deletion	52
3L	23672496	23672444	Deletion	52
3L	23685216	23685113	Deletion	103
3L	23685216	23685134	Deletion	82
3L	23685216	23685169	Deletion	47
3L	23685772	23685693	Deletion	79
3L	23685737	23685693	Deletion	44
3L	23687304	23687219	Deletion	85
3L	23690615	23690511	Deletion	104
3L	23690615	23690556	Deletion	59
3L	23690615	23690562	Deletion	53
3L	23690615	23690572	Deletion	43
3L	23690834	23690761	Deletion	73
3L	23690828	23690761	Deletion	67
3L	23690844	23690761	Deletion	83
3L	23690865	23690761	Deletion	104
3L	23692361	23692316	Deletion	45
3L	23718817	23718694	Deletion	123
3L	23718735	23718694	Deletion	41
3L	23718801	23718694	Deletion	107
3L	23718775	23718694	Deletion	81
3L	23724333	23724210	Deletion	123
3L	23727786	23727661	Deletion	125
3L	23733013	23732923	Deletion	90
3L	23735219	23735109	Deletion	110
3L	23735175	23735109	Deletion	66
3L	23736753	23736636	Deletion	117
3L	23736753	23736648	Deletion	105
3L	23736753	23736657	Deletion	96
3L	23742891	23742773	Deletion	118
3L	23751127	23751004	Deletion	123
3L	23751290	23751174	Deletion	116
3L	23752582	23752462	Deletion	120
3L	23752582	23752513	Deletion	69
3L	23752867	23752760	Deletion	107
3L	23752863	23752760	Deletion	103
3L	23752820	23752760	Deletion	60
3L	23760381	23760257	Deletion	124
3L	23771144	23771056	Deletion	88
3L	23771144	23771057	Deletion	87
3L	23771144	23771061	Deletion	83
3L	23771144	23771069	Deletion	75
3L	23771144	23771101	Deletion	43
3L	23771327	23771243	Deletion	84
3L	23771282	23771243	Deletion	39
3L	23771295	23771243	Deletion	52
3L	23771356	23771243	Deletion	113
3L	23771283	23771243	Deletion	40
3L	23771287	23771243	Deletion	44
3L	23791245	23791143	Deletion	102
3L	23800306	23800207	Deletion	99
3L	23800278	23800207	Deletion	71
3L	23800298	23800207	Deletion	91
3L	23806477	23806356	Deletion	121
3L	23806477	23806365	Deletion	112
3L	23806477	23806377	Deletion	100
3L	23808209	23808104	Deletion	105
3L	23811087	23810981	Deletion	106
3L	23811087	23810990	Deletion	97
3L	23811087	23810997	Deletion	90
3L	23811087	23811056	Deletion	31
3L	23811166	23811135	Deletion	31
3L	23811173	23811135	Deletion	38
3L	23811232	23811135	Deletion	97
3L	23813941	23813820	Deletion	121
3L	23814702	23814600	Deletion	102
3L	23814702	23814660	Deletion	42
3L	23825034	23824913	Deletion	121
3L	23836171	23836063	Deletion	108
3L	23836171	23836102	Deletion	69
3L	23836479	23836432	Deletion	47
3L	23837143	23837046	Deletion	97
3L	23837629	23837564	Deletion	65
3L	23842467	23842365	Deletion	102
3L	23842467	23842374	Deletion	93
3L	23844005	23843970	Deletion	35
3L	23847174	23847058	Deletion	116
3L	23857462	23857405	Deletion	57
3L	23858339	23858267	Deletion	72
3L	23858385	23858267	Deletion	118
3L	23860626	23860502	Deletion	124
3L	23860626	23860511	Deletion	115
3L	23860626	23860545	Deletion	81
3L	23865711	23865639	Deletion	72
3L	23865711	23865648	Deletion	63
3L	23866432	23866346	Deletion	86
3L	23866454	23866346	Deletion	108
3L	23866401	23866346	Deletion	55
3L	23866410	23866346	Deletion	64
3L	23867613	23867545	Deletion	68
3L	23887637	23887513	Deletion	124
3L	23888199	23888082	Deletion	117
3L	23894467	23894345	Deletion	122
3L	23899202	23899100	Deletion	102
3L	23899202	23899107	Deletion	95
3L	23899202	23899109	Deletion	93
3L	23899202	23899117	Deletion	85
3L	23906831	23906759	Deletion	72
3L	23906821	23906759	Deletion	62
3L	23906792	23906759	Deletion	33
3L	23906815	23906759	Deletion	56
3L	23906880	23906759	Deletion	121
3L	23906800	23906759	Deletion	41
3L	23906790	23906759	Deletion	31
3L	23906877	23906759	Deletion	118
3L	23915466	23915342	Deletion	124
3L	23915466	23915356	Deletion	110
3L	23915640	23915523	Deletion	117
3L	23916435	23916312	Deletion	123
3L	23917731	23917686	Deletion	45
3L	23918207	23918093	Deletion	114
3L	23922502	23922416	Deletion	86
3L	23923506	23923436	Deletion	70
3L	23923539	23923436	Deletion	103
3L	23923490	23923436	Deletion	54
3L	23923500	23923436	Deletion	64
3L	23930015	23929894	Deletion	121
3L	23930505	23930397	Deletion	108
3L	23930505	23930439	Deletion	66
3L	23930791	23930754	Deletion	37
3L	23930816	23930754	Deletion	62
3L	23930870	23930754	Deletion	116
3L	23930811	23930754	Deletion	57
3L	23944794	23944677	Deletion	117
3L	23945897	23945800	Deletion	97
3L	23945897	23945835	Deletion	62
3L	23946150	23946083	Deletion	67
3L	23970460	23970350	Deletion	110
3L	23970460	23970353	Deletion	107
3L	23970460	23970412	Deletion	48
3L	23970460	23970415	Deletion	45
3L	23970662	23970557	Deletion	105
3L	23970635	23970557	Deletion	78
3L	23970638	23970557	Deletion	81
3L	23971910	23971796	Deletion	114
3L	23971910	23971813	Deletion	97
3L	23971910	23971823	Deletion	87
3L	23971910	23971826	Deletion	84
3L	23971910	23971842	Deletion	68
3L	23972126	23972068	Deletion	58
3L	23972171	23972068	Deletion	103
3L	23972110	23972068	Deletion	42
3L	23972107	23972069	Deletion	38
3L	23981625	23981572	Deletion	53
3L	23981804	23981709	Deletion	95
3L	23983899	23983819	Deletion	80
3L	23984273	23984150	Deletion	123
3L	23992479	23992438	Deletion	41
3L	23993441	23993408	Deletion	33
3L	23993439	23993408	Deletion	31
3L	24011819	24011708	Deletion	111
3L	24011819	24011715	Deletion	104
3L	24011819	24011734	Deletion	85
3L	24011819	24011769	Deletion	50
3L	24014093	24014049	Deletion	44
3L	24016064	24015940	Deletion	124
3L	24016729	24016682	Deletion	47
3L	24018024	24017907	Deletion	117
3L	24020120	24019997	Deletion	123
3L	24021309	24021196	Deletion	113
3L	24021272	24021196	Deletion	76
3L	24021237	24021196	Deletion	41
3L	24024679	24024609	Deletion	70
3L	24046061	24045984	Deletion	77
3L	24047236	24047120	Deletion	116
3L	24047341	24047243	Deletion	98
3L	24048246	24048148	Deletion	98
3L	24050663	24050628	Deletion	35
3L	24050683	24050628	Deletion	55
3L	24050674	24050628	Deletion	46
3L	24050677	24050628	Deletion	49
3L	24050702	24050628	Deletion	74
3L	24057373	24057252	Deletion	121
3L	24062108	24061986	Deletion	122
3L	24068596	24068528	Deletion	68
3L	24068781	24068711	Deletion	70
3L	24068781	24068747	Deletion	34
3L	24076298	24076193	Deletion	105
3L	24076298	24076200	Deletion	98
3L	24076296	24076206	Deletion	90
3L	24076298	24076237	Deletion	61
3L	24076298	24076255	Deletion	43
3L	24085775	24085690	Deletion	85
3L	24085757	24085690	Deletion	67
3L	24085720	24085690	Deletion	30
3L	24085793	24085690	Deletion	103
3L	24085726	24085691	Deletion	35
3L	24086290	24086174	Deletion	116
3L	24086290	24086224	Deletion	66
3L	24089682	24089622	Deletion	60
3L	24089664	24089622	Deletion	42
3L	24089686	24089622	Deletion	64
3L	24089669	24089622	Deletion	47
3L	24089683	24089622	Deletion	61
3L	24092728	24092692	Deletion	36
3L	24103379	24103292	Deletion	87
3L	24106196	24106073	Deletion	123
3L	24106196	24106119	Deletion	77
3L	24106196	24106126	Deletion	70
3L	24106196	24106146	Deletion	50
3L	24106196	24106155	Deletion	41
3L	24107528	24107471	Deletion	57
3L	24107548	24107471	Deletion	77
3L	24107557	24107471	Deletion	86
3L	24107521	24107471	Deletion	50
3L	24109026	24108977	Deletion	49
3L	24110513	24110391	Deletion	122
3L	24110513	24110407	Deletion	106
3L	24110513	24110416	Deletion	97
3L	24110513	24110423	Deletion	90
3L	24110513	24110444	Deletion	69
3L	24114499	24114441	Deletion	58
3L	24117467	24117409	Deletion	58
3L	24118416	24118385	Deletion	31
3L	24118854	24118731	Deletion	123
3L	24118854	24118754	Deletion	100
3L	24118854	24118775	Deletion	79
3L	24118854	24118784	Deletion	70
3L	24118854	24118811	Deletion	43
3L	24122458	24122337	Deletion	121
3L	24122384	24122337	Deletion	47
3L	24122444	24122337	Deletion	107
3L	24122428	24122337	Deletion	91
3L	24122393	24122337	Deletion	56
3L	24122420	24122339	Deletion	81
3L	24127291	24127180	Deletion	111
3L	24127291	24127203	Deletion	88
3L	24127291	24127208	Deletion	83
3L	24127291	24127210	Deletion	81
3L	24127291	24127223	Deletion	68
3L	24127291	24127226	Deletion	65
3L	24127291	24127233	Deletion	58
3L	24127291	24127237	Deletion	54
3L	24127291	24127247	Deletion	44
3L	24127291	24127251	Deletion	40
3L	24127631	24127586	Deletion	45
3L	24127624	24127586	Deletion	38
3L	24127629	24127586	Deletion	43
3L	24127658	24127586	Deletion	72
3L	24127668	24127586	Deletion	82
3L	24127672	24127586	Deletion	86
3L	24127647	24127586	Deletion	61
3L	24127644	24127586	Deletion	58
3L	24127702	24127586	Deletion	116
3L	24127654	24127586	Deletion	68
3L	24129225	24129119	Deletion	106
3L	24129225	24129144	Deletion	81
3L	24129225	24129146	Deletion	79
3L	24129225	24129172	Deletion	53
3L	24129225	24129195	Deletion	30
3L	24129349	24129273	Deletion	76
3L	24129374	24129273	Deletion	101
3L	24129395	24129273	Deletion	122
3L	24129386	24129273	Deletion	113
3L	24129321	24129273	Deletion	48
3L	24129372	24129273	Deletion	99
3L	24129393	24129273	Deletion	120
3L	24129323	24129273	Deletion	50
3L	24129382	24129273	Deletion	109
3L	24136023	24135950	Deletion	73
3L	24141723	24141686	Deletion	37
3L	24147092	24147008	Deletion	84
3L	24147092	24147024	Deletion	68
3L	24147092	24147028	Deletion	64
3L	24147092	24147050	Deletion	42
3L	24147092	24147056	Deletion	36
3L	24147092	24147057	Deletion	35
3L	24147233	24147149	Deletion	84
3L	24147267	24147149	Deletion	118
3L	24147239	24147149	Deletion	90
3L	24147239	24147149	Deletion	90
3L	24147207	24147149	Deletion	58
3L	24147240	24147149	Deletion	91
3L	24147211	24147149	Deletion	62
3L	24147191	24147149	Deletion	42
3L	24149872	24149762	Deletion	110
3L	24149872	24149774	Deletion	98
3L	24149872	24149803	Deletion	69
3L	24149872	24149803	Deletion	69
3L	24149872	24149824	Deletion	48
3L	24149872	24149833	Deletion	39
3L	24149872	24149840	Deletion	32
3L	24150277	24150190	Deletion	87
3L	24150268	24150190	Deletion	78
3L	24150247	24150190	Deletion	57
3L	24150284	24150190	Deletion	94
3L	24150247	24150190	Deletion	57
3L	24156846	24156742	Deletion	104
3L	24156846	24156747	Deletion	99
3L	24156846	24156750	Deletion	96
3L	24156846	24156752	Deletion	94
3L	24156846	24156754	Deletion	92
3L	24156846	24156757	Deletion	89
3L	24156846	24156793	Deletion	53
3L	24156846	24156814	Deletion	32
3L	24173636	24173563	Deletion	73
3L	24173657	24173563	Deletion	94
3L	24173600	24173563	Deletion	37
3L	24173666	24173563	Deletion	103
3L	24191199	24191078	Deletion	121
3L	24191199	24191099	Deletion	100
3L	24191199	24191127	Deletion	72
3L	24191577	24191522	Deletion	55
3L	24195778	24195699	Deletion	79
3L	24195778	24195701	Deletion	77
3L	24195778	24195731	Deletion	47
3L	24196959	24196850	Deletion	109
3L	24196959	24196865	Deletion	94
3L	24196959	24196875	Deletion	84
3L	24198173	24198054	Deletion	119
3L	24199180	24199108	Deletion	72
3L	24201913	24201793	Deletion	120
3L	24202653	24202603	Deletion	50
3L	24203162	24203092	Deletion	70
3L	24203447	24203324	Deletion	123
3L	24215427	24215363	Deletion	64
3L	24215421	24215363	Deletion	58
3L	24217699	24217588	Deletion	111
3L	24223509	24223411	Deletion	98
3L	24229983	24229921	Deletion	62
3L	24229986	24229921	Deletion	65
3L	24230637	24230579	Deletion	58
3L	24230637	24230594	Deletion	43
3L	24230637	24230607	Deletion	30
3L	24242654	24242550	Deletion	104
3L	24244482	24244377	Deletion	105
3L	24246772	24246657	Deletion	115
3L	24247604	24247484	Deletion	120
3L	24257711	24257643	Deletion	68
3L	24257739	24257643	Deletion	96
3L	24257726	24257643	Deletion	83
3L	24257754	24257643	Deletion	111
3L	24257753	24257643	Deletion	110
3L	24257766	24257643	Deletion	123
3L	24261204	24261151	Deletion	53
3L	24262228	24262139	Deletion	89
3L	24262228	24262144	Deletion	84
3L	24262228	24262156	Deletion	72
3L	24262228	24262180	Deletion	48
3L	24263696	24263617	Deletion	79
3L	24263672	24263617	Deletion	55
3L	24263727	24263617	Deletion	110
3L	24263738	24263617	Deletion	121
3L	24263728	24263617	Deletion	111
3L	24265434	24265380	Deletion	54
3L	24265434	24265392	Deletion	42
3L	24265434	24265398	Deletion	36
3L	24265434	24265402	Deletion	32
3L	24270918	24270846	Deletion	72
3L	24270930	24270846	Deletion	84
3L	24270940	24270846	Deletion	94
3L	24270936	24270846	Deletion	90
3L	24270951	24270846	Deletion	105
3L	24270964	24270846	Deletion	118
3L	24270951	24270846	Deletion	105
3L	24272663	24272556	Deletion	107
3L	24273014	24272948	Deletion	66
3L	24277649	24277597	Deletion	52
3L	24279499	24279409	Deletion	90
3L	24292267	24292151	Deletion	116
3L	24292267	24292152	Deletion	115
3L	24292267	24292202	Deletion	65
3L	24303312	24303251	Deletion	61
3L	24303375	24303251	Deletion	124
3L	24303343	24303251	Deletion	92
3L	24303364	24303251	Deletion	113
3L	24322487	24322368	Deletion	119
3L	24322487	24322378	Deletion	109
3L	24322487	24322386	Deletion	101
3L	24322487	24322387	Deletion	100
3L	24322487	24322417	Deletion	70
3L	24322487	24322418	Deletion	69
3L	24322487	24322430	Deletion	57
3L	24322487	24322451	Deletion	36
3L	24322487	24322453	Deletion	34
3L	24322609	24322552	Deletion	57
3L	24322621	24322552	Deletion	69
3L	24322608	24322552	Deletion	56
3L	24322669	24322552	Deletion	117
3L	24322642	24322552	Deletion	90
3L	24322644	24322552	Deletion	92
3L	24330885	24330805	Deletion	80
3L	24331888	24331767	Deletion	121
3L	24331888	24331797	Deletion	91
3L	24331888	24331839	Deletion	49
3L	24331888	24331848	Deletion	40
3L	24332450	24332336	Deletion	114
3L	24333401	24333346	Deletion	55
3L	24333435	24333346	Deletion	89
3L	24333426	24333346	Deletion	80
3L	24333894	24333771	Deletion	123
3L	24333885	24333771	Deletion	114
3L	24335455	24335387	Deletion	68
3L	24335482	24335387	Deletion	95
3L	24335486	24335387	Deletion	99
3L	24335508	24335387	Deletion	121
3L	24342136	24342043	Deletion	93
3L	24342993	24342946	Deletion	47
3L	24354515	24354413	Deletion	102
3L	24354506	24354413	Deletion	93
3L	24354519	24354413	Deletion	106
3L	24371755	24371691	Deletion	64
3L	24374339	24374233	Deletion	106
3L	24374339	24374263	Deletion	76
3L	24374339	24374295	Deletion	44
3L	24374846	24374762	Deletion	84
3L	24374877	24374762	Deletion	115
3L	24374814	24374762	Deletion	52
3L	24377981	24377939	Deletion	42
3L	24383261	24383139	Deletion	122
3L	24383261	24383147	Deletion	114
3L	24383261	24383160	Deletion	101
3L	24383261	24383223	Deletion	38
3L	24384224	24384157	Deletion	67
3L	24384277	24384157	Deletion	120
3L	24384829	24384719	Deletion	110
3L	24384836	24384719	Deletion	117
3L	24388730	24388697	Deletion	33
3L	24393682	24393560	Deletion	122
3L	24394314	24394230	Deletion	84
3L	24394309	24394230	Deletion	79
3L	24407348	24407291	Deletion	57
3L	24407348	24407303	Deletion	45
3L	24407575	24407472	Deletion	103
3L	24407541	24407472	Deletion	69
3L	24407553	24407472	Deletion	81
3L	24409607	24409500	Deletion	107
3L	24420427	24420345	Deletion	82
3L	24420427	24420355	Deletion	72
3L	24420625	24420567	Deletion	58
3L	24420662	24420567	Deletion	95
3L	24422212	24422171	Deletion	41
3L	24425199	24425145	Deletion	54
3L	24425249	24425145	Deletion	104
3L	24425189	24425145	Deletion	44
3L	24425195	24425145	Deletion	50
3L	24425259	24425145	Deletion	114
3L	24430490	24430369	Deletion	121
3L	24430490	24430382	Deletion	108
3L	24430490	24430410	Deletion	80
3L	24430490	24430417	Deletion	73
3L	24430490	24430433	Deletion	57
3L	24434797	24434742	Deletion	55
3L	24434850	24434742	Deletion	108
3L	24434813	24434742	Deletion	71
3L	24435582	24435459	Deletion	123
3L	24438716	24438668	Deletion	48
3L	24438738	24438668	Deletion	70
3L	24449434	24449340	Deletion	94
3L	24449433	24449381	Deletion	52
3L	24449516	24449483	Deletion	33
3L	24453482	24453371	Deletion	111
3L	24453429	24453371	Deletion	58
3L	24457151	24457108	Deletion	43
3L	24457304	24457268	Deletion	36
3L	24458944	24458889	Deletion	55
3L	24467475	24467374	Deletion	101
3L	24471232	24471171	Deletion	61
3L	24475923	24475880	Deletion	43
3L	24477487	24477429	Deletion	58
3L	24482860	24482743	Deletion	117
3L	24482860	24482760	Deletion	100
3L	24487439	24487332	Deletion	107
3L	24487439	24487335	Deletion	104
3L	24487439	24487375	Deletion	64
3L	24487439	24487382	Deletion	57
3L	24487655	24487579	Deletion	76
3L	24487682	24487579	Deletion	103
3L	24487687	24487582	Deletion	105
3L	24488649	24488543	Deletion	106
3L	24488649	24488549	Deletion	100
3L	24488649	24488554	Deletion	95
3L	24488649	24488616	Deletion	33
3L	24489074	24488976	Deletion	98
3L	24489069	24488976	Deletion	93
3L	24489089	24488976	Deletion	113
3L	24489076	24488976	Deletion	100
3L	24489073	24488976	Deletion	97
3L	24498234	24498189	Deletion	45
3L	24499865	24499820	Deletion	45
3L	24504841	24504737	Deletion	104
3L	24504841	24504751	Deletion	90
3L	24504841	24504760	Deletion	81
3L	24521086	24521031	Deletion	55
3L	24521719	24521637	Deletion	82
3L	24521713	24521637	Deletion	76
3L	24521743	24521637	Deletion	106
3L	24521745	24521637	Deletion	108
3L	24521734	24521637	Deletion	97
3L	24522771	24522683	Deletion	88
3L	24522757	24522683	Deletion	74
3L	24523115	24523083	Deletion	32
3L	24523766	24523679	Deletion	87
3L	24523958	24523896	Deletion	62
3L	24524053	24523962	Deletion	91
3L	24524067	24523962	Deletion	105
3L	24524046	24523962	Deletion	84
3L	24524081	24523962	Deletion	119
3L	24524036	24523962	Deletion	74
3L	24524080	24523962	Deletion	118
3L	24529136	24529056	Deletion	80
3L	24529106	24529056	Deletion	50
3L	24529136	24529095	Deletion	41
3L	24532182	24532097	Deletion	85
3L	24532506	24532394	Deletion	112
3L	24532495	24532394	Deletion	101
3L	24532436	24532394	Deletion	42
3L	24532493	24532394	Deletion	99
3L	24539119	24539084	Deletion	35
3L	24543366	24543301	Deletion	65
3L	24543584	24543514	Deletion	70
3L	24543595	24543514	Deletion	81
3L	24544230	24544154	Deletion	76
3L	24545545	24545476	Deletion	69
3L	24546355	24546310	Deletion	45
3L	24546862	24546806	Deletion	56
3L	24546900	24546826	Deletion	74
3L	24546900	24546844	Deletion	56
3L	24547109	24547012	Deletion	97
3L	24547723	24547652	Deletion	71
3L	24549074	24548974	Deletion	100
3L	24549853	24549731	Deletion	122
3L	24549853	24549797	Deletion	56
3L	24550398	24550297	Deletion	101
3L	24551203	24551150	Deletion	53
3L	24553351	24553246	Deletion	105
3L	24553351	24553304	Deletion	47
3L	24553896	24553845	Deletion	51
3L	24554087	24554008	Deletion	79
3L	24556701	24556601	Deletion	100
3L	24556701	24556627	Deletion	74
3L	24556701	24556649	Deletion	52
3L	24556701	24556670	Deletion	31
3L	24556897	24556801	Deletion	96
3L	24556907	24556801	Deletion	106
3L	24556865	24556801	Deletion	64
3L	24556861	24556801	Deletion	60
3L	24556854	24556801	Deletion	53
3L	24556876	24556801	Deletion	75
3L	24556858	24556801	Deletion	57
3L	24557797	24557693	Deletion	104
3L	24557797	24557699	Deletion	98
3L	24557797	24557700	Deletion	97
3L	24557797	24557747	Deletion	50
3L	24557797	24557751	Deletion	46
3L	24557797	24557754	Deletion	43
3L	24557797	24557765	Deletion	32
3L	24562970	24562908	Deletion	62
3L	24563407	24563323	Deletion	84
3L	24563404	24563323	Deletion	81
3L	24563400	24563323	Deletion	77
3L	24563418	24563323	Deletion	95
3L	24565051	24564951	Deletion	100
3L	24565051	24564982	Deletion	69
3L	24565051	24565005	Deletion	46
3L	24568678	24568596	Deletion	82
3L	24568655	24568596	Deletion	59
3L	24568710	24568596	Deletion	114
3L	24573633	24573519	Deletion	114
3L	24573633	24573534	Deletion	99
3L	24573633	24573553	Deletion	80
3L	24573633	24573559	Deletion	74
3L	24573633	24573568	Deletion	65
3L	24573633	24573585	Deletion	48
3L	24573633	24573587	Deletion	46
3L	24573633	24573588	Deletion	45
3L	24574067	24573986	Deletion	81
3L	24574088	24573986	Deletion	102
3L	24574066	24573986	Deletion	80
3L	24574032	24573986	Deletion	46
3L	24574064	24573986	Deletion	78
3L	24574038	24573986	Deletion	52
3L	24574047	24573986	Deletion	61
3L	24574092	24573986	Deletion	106
3L	24575409	24575309	Deletion	100
3L	24576812	24576719	Deletion	93
3L	24576828	24576720	Deletion	108
3L	24577369	24577294	Deletion	75
3L	24578487	24578380	Deletion	107
3L	24578487	24578387	Deletion	100
3L	24578487	24578439	Deletion	48
3L	24578487	24578440	Deletion	47
3L	24579171	24579063	Deletion	108
3L	24579240	24579161	Deletion	79
3L	24579260	24579182	Deletion	78
3L	24579328	24579224	Deletion	104
3L	24584643	24584591	Deletion	52
3L	24584625	24584591	Deletion	34
3L	24586539	24586483	Deletion	56
3L	24586592	24586483	Deletion	109
3L	24591312	24591262	Deletion	50
3L	24591515	24591420	Deletion	95
3L	24591592	24591516	Deletion	76
3L	24592984	24592866	Deletion	118
3L	24592984	24592885	Deletion	99
3L	24592984	24592893	Deletion	91
3L	24593128	24593084	Deletion	44
3L	24593109	24593084	Deletion	25
3L	24593122	24593084	Deletion	38
3L	24593103	24593084	Deletion	19
3L	24594162	24594073	Deletion	89
3L	24594162	24594086	Deletion	76
3L	24594162	24594095	Deletion	67
3L	24594162	24594119	Deletion	43
3L	24594162	24594132	Deletion	30
3L	24594829	24594745	Deletion	84
3L	24594831	24594745	Deletion	86
3L	24594842	24594745	Deletion	97
3L	24594796	24594745	Deletion	51
3L	24595728	24595698	Deletion	30
3L	24596523	24596485	Deletion	38
3L	24599184	24599072	Deletion	112
3L	24599959	24599870	Deletion	89
3L	24599951	24599870	Deletion	81
3L	24599931	24599870	Deletion	61
3L	24599984	24599870	Deletion	114
3L	24603724	24603664	Deletion	60
3L	24604051	24603946	Deletion	105
3L	24604051	24603952	Deletion	99
3L	24604051	24603952	Deletion	99
3L	24604051	24603957	Deletion	94
3L	24604051	24603962	Deletion	89
3L	24604051	24603976	Deletion	75
3L	24604051	24604002	Deletion	49
3L	24604662	24604540	Deletion	122
3L	24604647	24604540	Deletion	107
3L	24604618	24604540	Deletion	78
3L	24604652	24604540	Deletion	112
3L	24604577	24604540	Deletion	37
3L	24604573	24604540	Deletion	33
3L	24604591	24604540	Deletion	51
3L	24606614	24606531	Deletion	83
3L	24607966	24607843	Deletion	123
3L	24608363	24608247	Deletion	116
3L	24608363	24608273	Deletion	90
3L	24608363	24608311	Deletion	52
3L	24609391	24609279	Deletion	112
3L	24611491	24611370	Deletion	121
3L	24611445	24611370	Deletion	75
3L	24611469	24611370	Deletion	99
3L	24613846	24613802	Deletion	44
3L	24621759	24621722	Deletion	37
3L	24626036	24625912	Deletion	124
3L	24627741	24627622	Deletion	119
3L	24627741	24627660	Deletion	81
3L	24627741	24627671	Deletion	70
3L	24630749	24630703	Deletion	46
3L	24631095	24631038	Deletion	57
3L	24631135	24631038	Deletion	97
3L	24632121	24632068	Deletion	53
3L	24633495	24633380	Deletion	115
3L	24633495	24633382	Deletion	113
3L	24633495	24633415	Deletion	80
3L	24633495	24633423	Deletion	72
3L	24634537	24634464	Deletion	73
3L	24634881	24634808	Deletion	73
3L	24634862	24634808	Deletion	54
3L	24634861	24634808	Deletion	53
3L	24636481	24636450	Deletion	31
3L	24636798	24636752	Deletion	46
3L	24636847	24636752	Deletion	95
3L	24637105	24636993	Deletion	112
3L	24637105	24637037	Deletion	68
3L	24637105	24637065	Deletion	40
3L	24637105	24637086	Deletion	19
3L	24637302	24637205	Deletion	97
3L	24637231	24637205	Deletion	26
3L	24637277	24637205	Deletion	72
3L	24637227	24637205	Deletion	22
3L	24639755	24639631	Deletion	124
3L	24639817	24639787	Deletion	30
3L	24643382	24643287	Deletion	95
3L	24644039	24643883	Deletion	156
3L	24643949	24643918	Deletion	31
3L	24645350	24645236	Deletion	114
3L	24646192	24646079	Deletion	113
3L	24646319	24646195	Deletion	124
3L	24646742	24646646	Deletion	96
3L	24650715	24650594	Deletion	121
3L	24651770	24651718	Deletion	52
3L	24652864	24652742	Deletion	122
3L	24653648	24653617	Deletion	31
3L	24654125	24654054	Deletion	71
3L	24654509	24654464	Deletion	45
3L	24655039	24654946	Deletion	93
3L	24661069	24660991	Deletion	78
3L	24661051	24660991	Deletion	60
3L	24661137	24661040	Deletion	97
3L	24661305	24661268	Deletion	37
3L	24666325	24666256	Deletion	69
3L	24666641	24666608	Deletion	33
3L	24671910	24671815	Deletion	95
3L	24671910	24671824	Deletion	86
3L	24676183	24676116	Deletion	67
3L	24679130	24679044	Deletion	86
3L	24680057	24679996	Deletion	61
3L	24682533	24682496	Deletion	37
3L	24683159	24683056	Deletion	103
3L	24692294	24692189	Deletion	105
3L	24692230	24692189	Deletion	41
3L	24693876	24693843	Deletion	33
3L	24706579	24706538	Deletion	41
3L	24706579	24706543	Deletion	36
3L	24710520	24710428	Deletion	92
3L	24710515	24710428	Deletion	87
3L	24722382	24722351	Deletion	31
3L	24736980	24736869	Deletion	111
3L	24736980	24736910	Deletion	70
3L	24738984	24738928	Deletion	56
3L	24740278	24740169	Deletion	109
3L	24740278	24740171	Deletion	107
3L	24740278	24740173	Deletion	105
3L	24740278	24740193	Deletion	85
3L	24740278	24740209	Deletion	69
3L	24747911	24747870	Deletion	41
3L	24747927	24747870	Deletion	57
3L	24750049	24749925	Deletion	124
3L	24750049	24749957	Deletion	92
3L	24750049	24749957	Deletion	92
3L	24750049	24749965	Deletion	84
3L	24750049	24749966	Deletion	83
3L	24750049	24749969	Deletion	80
3L	24750049	24749976	Deletion	73
3L	24750511	24750477	Deletion	34
3L	24750579	24750477	Deletion	102
3L	24750519	24750477	Deletion	42
3L	24750530	24750477	Deletion	53
3L	24750520	24750477	Deletion	43
3L	24750511	24750477	Deletion	34
3L	24750523	24750481	Deletion	42
3L	24760382	24760320	Deletion	62
3L	24760382	24760333	Deletion	49
3L	24760382	24760347	Deletion	35
3L	24766479	24766388	Deletion	91
3L	24766452	24766388	Deletion	64
3L	24766465	24766388	Deletion	77
3L	24777389	24777268	Deletion	121
3L	24777389	24777287	Deletion	102
3L	24777389	24777295	Deletion	94
3L	24777389	24777325	Deletion	64
3L	24777731	24777632	Deletion	99
3L	24777747	24777632	Deletion	115
3L	24781393	24781342	Deletion	51
3L	24784375	24784297	Deletion	78
3L	24792231	24792144	Deletion	87
3L	24793014	24792977	Deletion	37
3L	24806255	24806134	Deletion	121
3L	24811745	24811694	Deletion	51
3L	24815380	24815256	Deletion	124
3L	24815380	24815293	Deletion	87
3L	24815525	24815434	Deletion	91
3L	24815526	24815434	Deletion	92
3L	24815542	24815434	Deletion	108
3L	24824633	24824591	Deletion	42
3L	24826644	24826529	Deletion	115
3L	24826644	24826541	Deletion	103
3L	24826644	24826564	Deletion	80
3L	24826752	24826630	Deletion	122
3L	24826741	24826695	Deletion	46
3L	24826770	24826695	Deletion	75
3L	24827219	24827160	Deletion	59
3L	24833874	24833776	Deletion	98
3L	24834868	24834785	Deletion	83
3L	24841612	24841573	Deletion	39
3L	24853832	24853772	Deletion	60
3L	24856339	24856244	Deletion	95
3L	24856698	24856606	Deletion	92
3L	24856898	24856862	Deletion	36
3L	24857522	24857400	Deletion	122
3L	24857637	24857596	Deletion	41
3L	24857822	24857758	Deletion	64
3L	24858907	24858850	Deletion	57
3L	24860289	24860185	Deletion	104
3L	24861395	24861351	Deletion	44
3L	24861998	24861882	Deletion	116
3L	24861961	24861882	Deletion	79
3L	24861958	24861882	Deletion	76
3L	24861940	24861882	Deletion	58
3L	24863472	24863379	Deletion	93
3L	24863472	24863421	Deletion	51
3L	24863472	24863439	Deletion	33
3L	24863472	24863439	Deletion	33
3L	24864263	24864220	Deletion	43
3L	24869033	24868940	Deletion	93
3L	24869015	24868940	Deletion	75
3L	24869030	24868940	Deletion	90
3L	24868973	24868940	Deletion	33
3L	24868976	24868940	Deletion	36
3L	24869033	24868940	Deletion	93
3L	24868981	24868940	Deletion	41
3L	24869015	24868940	Deletion	75
3L	24869022	24868940	Deletion	82
3L	24871165	24871044	Deletion	121
3L	24871165	24871050	Deletion	115
3L	24871165	24871070	Deletion	95
3L	24871165	24871082	Deletion	83
3L	24871165	24871087	Deletion	78
3L	24871165	24871103	Deletion	62
3L	24871165	24871108	Deletion	57
3L	24871165	24871112	Deletion	53
3L	24878944	24878858	Deletion	86
3L	24885417	24885369	Deletion	48
3L	24885433	24885369	Deletion	64
3L	24885412	24885369	Deletion	43
3L	24885442	24885369	Deletion	73
3L	24885474	24885369	Deletion	105
3L	24885400	24885369	Deletion	31
3L	24885438	24885369	Deletion	69
3L	24885466	24885369	Deletion	97
3L	24891957	24891868	Deletion	89
3L	24891957	24891896	Deletion	61
3L	24891957	24891896	Deletion	61
3L	24893317	24893252	Deletion	65
3L	24893375	24893252	Deletion	123
3L	24893289	24893252	Deletion	37
3L	24893317	24893252	Deletion	65
3L	24893367	24893252	Deletion	115
3L	24899296	24899185	Deletion	111
3L	24899296	24899240	Deletion	56
3L	24899296	24899253	Deletion	43
3L	24899296	24899255	Deletion	41
3L	24899296	24899264	Deletion	32
3L	24900398	24900313	Deletion	85
3L	24900429	24900313	Deletion	116
3L	24900396	24900313	Deletion	83
3L	24900383	24900313	Deletion	70
3L	24900407	24900313	Deletion	94
3L	24911458	24911342	Deletion	116
3L	24911458	24911347	Deletion	111
3L	24911458	24911350	Deletion	108
3L	24911458	24911402	Deletion	56
3L	24911458	24911407	Deletion	51
3L	24911456	24911409	Deletion	47
3L	24911638	24911560	Deletion	78
3L	24911630	24911560	Deletion	70
3L	24911635	24911560	Deletion	75
3L	24913061	24912948	Deletion	113
3L	24913061	24912961	Deletion	100
3L	24913061	24913023	Deletion	38
3L	24913454	24913413	Deletion	41
3L	24913480	24913413	Deletion	67
3L	24913496	24913413	Deletion	83
3L	24937445	24937336	Deletion	109
3L	24937441	24937336	Deletion	105
3L	24937377	24937336	Deletion	41
3L	24937425	24937336	Deletion	89
3L	24945022	24944930	Deletion	92
3L	24945022	24944940	Deletion	82
3L	24948404	24948294	Deletion	110
3L	24948328	24948294	Deletion	34
3L	24948379	24948294	Deletion	85
3L	24948353	24948294	Deletion	59
3L	24948337	24948294	Deletion	43
3L	24950686	24950562	Deletion	124
3L	24950686	24950590	Deletion	96
3L	24950686	24950591	Deletion	95
3L	24950686	24950615	Deletion	71
3L	24950686	24950618	Deletion	68
3L	24950686	24950624	Deletion	62
3L	24950686	24950631	Deletion	55
3L	24950686	24950650	Deletion	36
3L	24951028	24950998	Deletion	30
3L	24951069	24950998	Deletion	71
3L	24951089	24951003	Deletion	86
3L	24952635	24952541	Deletion	94
3L	24952635	24952567	Deletion	68
3L	24952827	24952795	Deletion	32
3L	24955389	24955277	Deletion	112
3L	24955389	24955340	Deletion	49
3L	24956385	24956287	Deletion	98
3L	24956385	24956324	Deletion	61
3L	24956385	24956334	Deletion	51
3L	24957434	24957368	Deletion	66
3L	24957518	24957445	Deletion	73
3L	24957563	24957445	Deletion	118
3L	24957551	24957445	Deletion	106
3L	24962432	24962334	Deletion	98
3L	24962432	24962342	Deletion	90
3L	24963415	24963308	Deletion	107
3L	24963349	24963308	Deletion	41
3L	24963362	24963308	Deletion	54
3L	24963346	24963308	Deletion	38
3L	24964311	24964211	Deletion	100
3L	24964311	24964236	Deletion	75
3L	24964311	24964273	Deletion	38
3L	24967292	24967223	Deletion	69
3L	24969872	24969764	Deletion	108
3L	24969872	24969785	Deletion	87
3L	24969872	24969798	Deletion	74
3L	24977557	24977505	Deletion	52
3L	24977592	24977505	Deletion	87
3L	24988814	24988774	Deletion	40
3L	24988814	24988782	Deletion	32
3L	24988814	24988784	Deletion	30
3L	24991200	24991164	Deletion	36
3L	25000573	25000485	Deletion	88
3L	25000583	25000485	Deletion	98
3L	25000597	25000485	Deletion	112
3L	25000582	25000485	Deletion	97
3L	25000734	25000629	Deletion	105
3L	25000734	25000658	Deletion	76
3L	25000734	25000663	Deletion	71
3L	25000734	25000667	Deletion	67
3L	25000734	25000680	Deletion	54
3L	25000734	25000680	Deletion	54
3L	25000734	25000695	Deletion	39
3L	25016256	25016158	Deletion	98
3L	25016390	25016284	Deletion	106
3L	25016795	25016708	Deletion	87
3L	25020407	25020311	Deletion	96
3L	25027887	25027799	Deletion	88
3L	25030132	25030040	Deletion	92
3L	25031223	25031186	Deletion	37
3L	25031960	25031837	Deletion	123
3L	25033460	25033347	Deletion	113
3L	25033438	25033347	Deletion	91
3L	25035287	25035172	Deletion	115
3L	25035287	25035173	Deletion	114
3L	25035287	25035187	Deletion	100
3L	25035287	25035218	Deletion	69
3L	25035287	25035251	Deletion	36
3L	25036410	25036309	Deletion	101
3L	25037387	25037316	Deletion	71
3L	25038639	25038597	Deletion	42
3L	25040159	25040110	Deletion	49
3L	25040492	25040449	Deletion	43
3L	25043744	25043654	Deletion	90
3L	25043762	25043654	Deletion	108
3L	25043711	25043654	Deletion	57
3L	25043747	25043654	Deletion	93
3L	25044975	25044861	Deletion	114
3L	25045434	25045330	Deletion	104
3L	25046285	25046193	Deletion	92
3L	25050012	25049915	Deletion	97
3L	25050012	25049927	Deletion	85
3L	25050798	25050682	Deletion	116
3L	25050798	25050753	Deletion	45
3L	25051058	25050984	Deletion	74
3L	25051701	25051620	Deletion	81
3L	25052826	25052786	Deletion	40
3L	25054953	25054874	Deletion	79
3L	25054953	25054879	Deletion	74
3L	25063475	25063354	Deletion	121
3L	25065537	25065505	Deletion	32
3L	25070816	25070699	Deletion	117
3L	25071030	25070908	Deletion	122
3L	25074360	25074260	Deletion	100
3L	25074360	25074308	Deletion	52
3L	25074491	25074416	Deletion	75
3L	25075729	25075636	Deletion	93
3L	25078113	25078061	Deletion	52
3L	25080898	25080855	Deletion	43
3L	25082267	25082144	Deletion	123
3L	25082270	25082165	Deletion	105
3L	25088521	25088433	Deletion	88
3L	25099617	25099525	Deletion	92
3L	25099617	25099528	Deletion	89
3L	25099617	25099541	Deletion	76
3L	25099617	25099553	Deletion	64
3L	25101439	25101332	Deletion	107
3L	25103598	25103543	Deletion	55
3L	25106141	25106026	Deletion	115
3L	25106141	25106027	Deletion	114
3L	25106141	25106030	Deletion	111
3L	25106141	25106032	Deletion	109
3L	25106141	25106042	Deletion	99
3L	25106141	25106073	Deletion	68
3L	25106141	25106081	Deletion	60
3L	25106141	25106085	Deletion	56
3L	25106141	25106091	Deletion	50
3L	25108373	25108297	Deletion	76
3L	25108367	25108297	Deletion	70
3L	25108355	25108297	Deletion	58
3L	25108363	25108297	Deletion	66
3L	25112506	25112387	Deletion	119
3L	25114071	25113949	Deletion	122
3L	25135779	25135716	Deletion	63
3L	25138692	25138658	Deletion	34
3L	25139102	25139029	Deletion	73
3L	25139536	25139427	Deletion	109
3L	25139536	25139442	Deletion	94
3L	25139736	25139617	Deletion	119
3L	25147713	25147591	Deletion	122
3L	25147713	25147598	Deletion	115
3L	25147713	25147599	Deletion	114
3L	25147713	25147614	Deletion	99
3L	25147713	25147657	Deletion	56
3L	25155052	25154980	Deletion	72
3L	25156427	25156386	Deletion	41
3L	25158567	25158465	Deletion	102
3L	25166036	25166000	Deletion	36
3L	25166079	25166000	Deletion	79
3L	25166128	25166093	Deletion	35
3L	25169065	25168976	Deletion	89
3L	25169483	25169419	Deletion	64
3L	25171850	25171740	Deletion	110
3L	25172303	25172212	Deletion	91
3L	25172622	25172574	Deletion	48
3L	25172688	25172574	Deletion	114
3L	25174480	25174381	Deletion	99
3L	25178011	25177931	Deletion	80
3L	25178011	25177953	Deletion	58
3L	25181815	25181769	Deletion	46
3L	25182724	25182603	Deletion	121
3L	25184388	25184304	Deletion	84
3L	25186236	25186180	Deletion	56
3L	25189719	25189595	Deletion	124
3L	25189647	25189595	Deletion	52
3L	25189632	25189595	Deletion	37
3L	25189659	25189595	Deletion	64
3L	25189699	25189595	Deletion	104
3L	25189656	25189595	Deletion	61
3L	25189696	25189595	Deletion	101
3L	25196063	25195991	Deletion	72
3L	25196033	25195991	Deletion	42
3L	25211502	25211384	Deletion	118
3L	25211502	25211439	Deletion	63
3L	25228366	25228277	Deletion	89
3L	25231347	25231231	Deletion	116
3L	25231347	25231287	Deletion	60
3L	25231347	25231309	Deletion	38
3L	25231762	25231695	Deletion	67
3L	25231784	25231695	Deletion	89
3L	25241341	25241288	Deletion	53
3L	25241341	25241311	Deletion	30
3L	25248786	25248713	Deletion	73
3L	25248809	25248713	Deletion	96
3L	25248824	25248713	Deletion	111
3L	25251567	25251443	Deletion	124
3L	25253134	25253099	Deletion	35
3L	25253158	25253099	Deletion	59
3L	25258900	25258776	Deletion	124
3L	25264418	25264302	Deletion	116
3L	25264418	25264314	Deletion	104
3L	25264418	25264325	Deletion	93
3L	25264418	25264365	Deletion	53
3L	25264544	25264471	Deletion	73
3L	25264579	25264471	Deletion	108
3L	25264504	25264471	Deletion	33
3L	25287622	25287498	Deletion	124
3L	25292262	25292139	Deletion	123
3L	25292262	25292164	Deletion	98
3L	25292262	25292188	Deletion	74
3L	25292262	25292194	Deletion	68
3L	25292289	25292205	Deletion	84
3L	25292262	25292219	Deletion	43
3L	25292289	25292233	Deletion	56
3L	25293768	25293702	Deletion	66
3L	25313100	25313013	Deletion	87
3L	25321776	25321678	Deletion	98
3L	25321776	25321716	Deletion	60
3L	25322029	25321953	Deletion	76
3L	25322021	25321954	Deletion	67
3L	25322029	25321955	Deletion	74
3L	25322029	25321958	Deletion	71
3L	25322029	25321972	Deletion	57
3L	25322029	25321993	Deletion	36
3L	25327994	25327931	Deletion	63
3L	25329261	25329195	Deletion	66
3L	25334583	25334529	Deletion	54
3L	25334588	25334529	Deletion	59
3L	25334623	25334529	Deletion	94
3L	25334585	25334529	Deletion	56
3L	25334602	25334529	Deletion	73
3L	25336849	25336727	Deletion	122
3L	25336849	25336746	Deletion	103
3L	25336849	25336746	Deletion	103
3L	25336849	25336770	Deletion	79
3L	25336849	25336774	Deletion	75
3L	25336849	25336777	Deletion	72
3L	25336849	25336779	Deletion	70
3L	25336849	25336817	Deletion	32
3L	25346651	25346537	Deletion	114
3L	25346584	25346537	Deletion	47
3L	25346636	25346537	Deletion	99
3L	25346593	25346537	Deletion	56
3L	25346645	25346537	Deletion	108
3L	25346591	25346537	Deletion	54
3L	25346631	25346537	Deletion	94
3L	25346588	25346537	Deletion	51
3L	25348384	25348354	Deletion	30
3L	25349013	25348890	Deletion	123
3L	25360612	25360571	Deletion	41
3L	25361470	25361349	Deletion	121
3L	25366185	25366091	Deletion	94
3L	25370534	25370437	Deletion	97
3L	25370534	25370455	Deletion	79
3L	25374854	25374780	Deletion	74
3L	25374854	25374816	Deletion	38
3L	25378892	25378777	Deletion	115
3L	25378892	25378777	Deletion	115
3L	25378892	25378816	Deletion	76
3L	25378892	25378821	Deletion	71
3L	25378892	25378831	Deletion	61
3L	25378892	25378860	Deletion	32
3L	25379370	25379267	Deletion	103
3L	25379318	25379267	Deletion	51
3L	25379323	25379267	Deletion	56
3L	25379373	25379267	Deletion	106
3L	25379374	25379267	Deletion	107
3L	25379383	25379267	Deletion	116
3L	25379380	25379267	Deletion	113
3L	25379333	25379267	Deletion	66
3L	25379362	25379267	Deletion	95
3L	25385183	25385097	Deletion	86
3L	25388004	25387909	Deletion	95
3L	25389273	25389157	Deletion	116
3L	25390226	25390106	Deletion	120
3L	25390226	25390145	Deletion	81
3L	25390226	25390164	Deletion	62
3L	25390226	25390177	Deletion	49
3L	25390226	25390178	Deletion	48
3L	25390226	25390188	Deletion	38
3L	25390226	25390196	Deletion	30
3L	25392913	25392823	Deletion	90
3L	25394439	25394401	Deletion	38
3L	25396886	25396797	Deletion	89
3L	25396875	25396797	Deletion	78
3L	25396894	25396797	Deletion	97
3L	25396876	25396797	Deletion	79
3L	25396862	25396797	Deletion	65
3L	25396843	25396797	Deletion	46
3L	25398073	25398011	Deletion	62
3L	25398073	25398038	Deletion	35
3L	25398073	25398040	Deletion	33
3L	25399226	25399132	Deletion	94
3L	25399255	25399132	Deletion	123
3L	25399224	25399132	Deletion	92
3L	25399327	25399283	Deletion	44
3L	25407232	25407168	Deletion	64
3L	25407846	25407804	Deletion	42
3L	25410891	25410818	Deletion	73
3L	25410891	25410818	Deletion	73
3L	25413057	25412952	Deletion	105
3L	25413057	25412957	Deletion	100
3L	25413057	25412962	Deletion	95
3L	25413057	25412965	Deletion	92
3L	25413057	25412978	Deletion	79
3L	25413057	25413000	Deletion	57
3L	25413057	25413012	Deletion	45
3L	25413057	25413024	Deletion	33
3L	25413183	25413135	Deletion	48
3L	25413229	25413135	Deletion	94
3L	25413170	25413135	Deletion	35
3L	25413167	25413135	Deletion	32
3L	25413217	25413135	Deletion	82
3L	25413205	25413135	Deletion	70
3L	25415527	25415408	Deletion	119
3L	25415513	25415408	Deletion	105
3L	25416637	25416515	Deletion	122
3L	25428943	25428913	Deletion	30
3L	25429655	25429606	Deletion	49
3L	25430365	25430313	Deletion	52
3L	25430390	25430313	Deletion	77
3L	25430437	25430313	Deletion	124
3L	25430413	25430313	Deletion	100
3L	25430401	25430313	Deletion	88
3L	25430372	25430313	Deletion	59
3L	25430494	25430443	Deletion	51
3L	25432337	25432269	Deletion	68
3L	25441291	25441209	Deletion	82
3L	25441274	25441209	Deletion	65
3L	25441323	25441209	Deletion	114
3L	25447005	25446912	Deletion	93
3L	25447007	25446912	Deletion	95
3L	25447014	25446912	Deletion	102
3L	25447041	25446928	Deletion	113
3L	25447041	25446951	Deletion	90
3L	25447041	25446957	Deletion	84
3L	25447041	25446986	Deletion	55
3L	25447041	25446993	Deletion	48
3L	25447754	25447670	Deletion	84
3L	25448794	25448747	Deletion	47
3L	25450712	25450646	Deletion	66
3L	25456284	25456177	Deletion	107
3L	25456295	25456177	Deletion	118
3L	25456296	25456177	Deletion	119
3L	25456280	25456177	Deletion	103
3L	25456249	25456177	Deletion	72
3L	25456214	25456177	Deletion	37
3L	25456220	25456177	Deletion	43
3L	25456256	25456177	Deletion	79
3L	25456992	25456869	Deletion	123
3L	25458677	25458614	Deletion	63
3L	25458681	25458614	Deletion	67
3L	25458684	25458614	Deletion	70
3L	25459124	25459003	Deletion	121
3L	25466067	25465952	Deletion	115
3L	25465987	25465952	Deletion	35
3L	25473469	25473384	Deletion	85
3L	25473469	25473411	Deletion	58
3L	25474772	25474662	Deletion	110
3L	25474703	25474662	Deletion	41
3L	25475593	25475479	Deletion	114
3L	25493868	25493763	Deletion	105
3L	25493868	25493765	Deletion	103
3L	25493868	25493774	Deletion	94
3L	25493868	25493779	Deletion	89
3L	25493868	25493783	Deletion	85
3L	25493868	25493792	Deletion	76
3L	25493868	25493828	Deletion	40
3L	25502430	25502388	Deletion	42
3L	25502497	25502388	Deletion	109
3L	25502426	25502388	Deletion	38
3L	25502506	25502388	Deletion	118
3L	25502421	25502388	Deletion	33
3L	25502475	25502388	Deletion	87
3L	25502439	25502388	Deletion	51
3L	25519475	25519354	Deletion	121
3L	25526585	25526482	Deletion	103
3L	25526585	25526484	Deletion	101
3L	25526585	25526509	Deletion	76
3L	25526585	25526519	Deletion	66
3L	25526585	25526532	Deletion	53
3L	25532313	25532228	Deletion	85
3L	25539541	25539420	Deletion	121
3L	25545774	25545723	Deletion	51
3L	25545784	25545723	Deletion	61
3L	25561915	25561879	Deletion	36
3L	25563814	25563719	Deletion	95
3L	25563769	25563719	Deletion	50
3L	25576359	25576315	Deletion	44
3L	25577273	25577211	Deletion	62
3L	25579183	25579059	Deletion	124
3L	25579609	25579498	Deletion	111
3L	25580358	25580279	Deletion	79
3L	25580332	25580288	Deletion	44
3L	25586827	25586703	Deletion	124
3L	25586827	25586735	Deletion	92
3L	25590321	25590256	Deletion	65
3L	25591360	25591236	Deletion	124
3L	25592167	25592084	Deletion	83
3L	25592156	25592097	Deletion	59
3L	25592167	25592131	Deletion	36
3L	25593092	25593060	Deletion	32
3L	25593107	25593060	Deletion	47
3L	25593483	25593360	Deletion	123
3L	25593403	25593360	Deletion	43
3L	25593450	25593360	Deletion	90
3L	25593611	25593508	Deletion	103
3L	25594399	25594281	Deletion	118
3L	25595506	25595475	Deletion	31
3L	25601877	25601754	Deletion	123
3L	25601877	25601767	Deletion	110
3L	25601877	25601800	Deletion	77
3L	25602332	25602228	Deletion	104
3L	25602280	25602228	Deletion	52
3L	25602327	25602228	Deletion	99
3L	25602295	25602228	Deletion	67
3L	25602286	25602228	Deletion	58
3L	25613788	25613664	Deletion	124
3L	25613788	25613676	Deletion	112
3L	25613788	25613681	Deletion	107
3L	25613788	25613689	Deletion	99
3L	25613788	25613699	Deletion	89
3L	25613788	25613749	Deletion	39
3L	25615026	25614984	Deletion	42
3L	25615668	25615550	Deletion	118
3L	25616394	25616357	Deletion	37
3L	25624734	25624686	Deletion	48
3L	25624734	25624697	Deletion	37
3L	25631470	25631351	Deletion	119
3L	25632170	25632048	Deletion	122
3L	25633611	25633533	Deletion	78
3L	25633622	25633533	Deletion	89
3L	25633637	25633533	Deletion	104
3L	25633652	25633533	Deletion	119
3L	25635240	25635118	Deletion	122
3L	25640314	25640243	Deletion	71
3L	25641486	25641454	Deletion	32
3L	25645588	25645541	Deletion	47
3L	25648821	25648724	Deletion	97
3L	25650280	25650164	Deletion	116
3L	25658961	25658838	Deletion	123
3L	25658959	25658838	Deletion	121
3L	25658950	25658838	Deletion	112
3L	25658900	25658838	Deletion	62
3L	25672800	25672706	Deletion	94
3L	25672800	25672707	Deletion	93
3L	25677436	25677333	Deletion	103
3L	25677367	25677333	Deletion	34
3L	25677366	25677333	Deletion	33
3L	25679617	25679493	Deletion	124
3L	25679617	25679533	Deletion	84
3L	25679617	25679571	Deletion	46
3L	25679617	25679585	Deletion	32
3L	25688545	25688503	Deletion	42
3L	25688583	25688503	Deletion	80
3L	25688597	25688503	Deletion	94
3L	25692350	25692297	Deletion	53
3L	25699802	25699714	Deletion	88
3L	25701599	25701525	Deletion	74
3L	25703157	25703040	Deletion	117
3L	25703311	25703211	Deletion	100
3L	25707060	25706936	Deletion	124
3L	25712822	25712715	Deletion	107
3L	25712822	25712715	Deletion	107
3L	25727466	25727344	Deletion	122
3L	25727466	25727366	Deletion	100
3L	25728134	25728047	Deletion	87
3L	25728151	25728047	Deletion	104
3L	25728154	25728047	Deletion	107
3L	25733230	25733158	Deletion	72
3L	25733829	25733730	Deletion	99
3L	25735707	25735628	Deletion	79
3L	25735704	25735628	Deletion	76
3L	25737786	25737756	Deletion	30
3L	25738514	25738456	Deletion	58
3L	25741299	25741266	Deletion	33
3L	25743545	25743455	Deletion	90
3L	25746735	25746641	Deletion	94
3L	25765166	25765096	Deletion	70
3L	25765204	25765096	Deletion	108
3L	25765213	25765096	Deletion	117
3L	25765200	25765096	Deletion	104
3L	25766718	25766603	Deletion	115
3L	25766718	25766633	Deletion	85
3L	25766718	25766650	Deletion	68
3L	25766718	25766651	Deletion	67
3L	25766718	25766651	Deletion	67
3L	25766718	25766662	Deletion	56
3L	25770840	25770781	Deletion	59
3L	25770822	25770781	Deletion	41
3L	25770882	25770781	Deletion	101
3L	25770839	25770781	Deletion	58
3L	25770840	25770781	Deletion	59
3L	25770851	25770781	Deletion	70
3L	25773154	25773124	Deletion	30
3L	25775202	25775155	Deletion	47
3L	25779637	25779564	Deletion	73
3L	25780688	25780587	Deletion	101
3L	25780745	25780697	Deletion	48
3L	25781235	25781203	Deletion	32
3L	25781332	25781242	Deletion	90
3L	25781326	25781242	Deletion	84
3L	25781314	25781242	Deletion	72
3L	25782320	25782216	Deletion	104
3L	25782311	25782216	Deletion	95
3L	25788481	25788366	Deletion	115
3L	25788481	25788428	Deletion	53
3L	25788743	25788615	Deletion	128
3L	25788992	25788958	Deletion	34
3L	25792253	25792144	Deletion	109
3L	25792205	25792144	Deletion	61
3L	25792185	25792144	Deletion	41
3L	25792205	25792144	Deletion	61
3L	25792261	25792144	Deletion	117
3L	25792200	25792144	Deletion	56
3L	25794117	25794028	Deletion	89
3L	25794117	25794041	Deletion	76
3L	25796551	25796442	Deletion	109
3L	25796551	25796446	Deletion	105
3L	25796551	25796448	Deletion	103
3L	25796551	25796488	Deletion	63
3L	25796764	25796653	Deletion	111
3L	25796731	25796653	Deletion	78
3L	25796732	25796653	Deletion	79
3L	25796766	25796653	Deletion	113
3L	25796732	25796653	Deletion	79
3L	25796757	25796653	Deletion	104
3L	25796727	25796653	Deletion	74
3L	25798979	25798858	Deletion	121
3L	25804596	25804544	Deletion	52
3L	25805187	25805092	Deletion	95
3L	25806710	25806586	Deletion	124
3L	25815280	25815198	Deletion	82
3L	25816386	25816351	Deletion	35
3L	25824684	25824609	Deletion	75
3L	25834491	25834429	Deletion	62
3L	25835964	25835928	Deletion	36
3L	25844669	25844598	Deletion	71
3L	25844669	25844625	Deletion	44
3L	25844669	25844630	Deletion	39
3L	25859448	25859363	Deletion	85
3L	25860314	25860250	Deletion	64
3L	25860907	25860813	Deletion	94
3L	25860907	25860840	Deletion	67
3L	25866712	25866625	Deletion	87
3L	25866680	25866625	Deletion	55
3L	25866743	25866625	Deletion	118
3L	25866731	25866625	Deletion	106
3L	25866724	25866625	Deletion	99
3L	25866707	25866625	Deletion	82
3L	25866944	25866830	Deletion	114
3L	25866944	25866851	Deletion	93
3L	25867315	25867215	Deletion	100
3L	25868424	25868387	Deletion	37
3L	25880229	25880137	Deletion	92
3L	25880229	25880146	Deletion	83
3L	25880229	25880148	Deletion	81
3L	25880229	25880159	Deletion	70
3L	25880229	25880169	Deletion	60
3L	25880229	25880176	Deletion	53
3L	25883066	25882993	Deletion	73
3L	25883059	25882993	Deletion	66
3L	25883036	25882993	Deletion	43
3L	25883038	25882993	Deletion	45
3L	25883049	25882993	Deletion	56
3L	25883027	25882993	Deletion	34
3L	25891626	25891505	Deletion	121
3L	25891626	25891565	Deletion	61
3L	25891806	25891706	Deletion	100
3L	25891789	25891706	Deletion	83
3L	25891772	25891706	Deletion	66
3L	25891799	25891706	Deletion	93
3L	25891802	25891706	Deletion	96
3L	25906390	25906323	Deletion	67
3L	25910050	25909931	Deletion	119
3L	25910050	25909945	Deletion	105
3L	25910050	25909974	Deletion	76
3L	25910050	25909981	Deletion	69
3L	25910050	25909997	Deletion	53
3L	25910050	25910020	Deletion	30
3L	25917229	25917120	Deletion	109
3L	25923143	25923069	Deletion	74
3L	25923120	25923069	Deletion	51
3L	25923167	25923069	Deletion	98
3L	25923191	25923069	Deletion	122
3L	25923183	25923069	Deletion	114
3L	25923127	25923069	Deletion	58
3L	25923166	25923069	Deletion	97
3L	25924941	25924821	Deletion	120
3L	25924941	25924828	Deletion	113
3L	25924941	25924832	Deletion	109
3L	25924941	25924867	Deletion	74
3L	25924941	25924907	Deletion	34
3L	25925104	25925012	Deletion	92
3L	25925082	25925012	Deletion	70
3L	25925064	25925012	Deletion	52
3L	25944912	25944841	Deletion	71
3L	25944912	25944880	Deletion	32
3L	25954027	25953951	Deletion	76
3L	25954027	25953994	Deletion	33
3L	25954663	25954570	Deletion	93
3L	25954620	25954570	Deletion	50
3L	25963039	25962986	Deletion	53
3L	25963435	25963383	Deletion	52
3L	25963716	25963604	Deletion	112
3L	25964110	25964032	Deletion	78
3L	25964264	25964199	Deletion	65
3L	25964379	25964275	Deletion	104
3L	25964600	25964500	Deletion	100
3L	25968126	25968007	Deletion	119
3L	25974308	25974194	Deletion	114
3L	25974308	25974198	Deletion	110
3L	25974552	25974454	Deletion	98
3L	25974557	25974454	Deletion	103
3L	25977344	25977310	Deletion	34
3L	25992438	25992391	Deletion	47
3L	25992580	25992517	Deletion	63
3L	25993220	25993096	Deletion	124
3L	25993861	25993768	Deletion	93
3L	25994632	25994561	Deletion	71
3L	26006616	26006582	Deletion	34
3L	26006626	26006582	Deletion	44
3L	26006704	26006582	Deletion	122
3L	26010494	26010375	Deletion	119
3L	26013760	26013639	Deletion	121
3L	26013760	26013723	Deletion	37
3L	26015112	26015022	Deletion	90
3L	26015139	26015022	Deletion	117
3L	26024096	26024006	Deletion	90
3L	26024096	26024027	Deletion	69
3L	26024096	26024033	Deletion	63
3L	26024230	26024186	Deletion	44
3L	26024219	26024186	Deletion	33
3L	26024235	26024186	Deletion	49
3L	26024231	26024186	Deletion	45
3L	26024230	26024186	Deletion	44
3L	26024240	26024186	Deletion	54
3L	26026486	26026436	Deletion	50
3L	26026486	26026449	Deletion	37
3L	26034382	26034296	Deletion	86
3L	26034382	26034332	Deletion	50
3L	26034623	26034539	Deletion	84
3L	26034625	26034539	Deletion	86
3L	26034615	26034539	Deletion	76
3L	26034601	26034539	Deletion	62
3L	26038979	26038915	Deletion	64
3L	26038979	26038937	Deletion	42
3L	26038979	26038939	Deletion	40
3L	26039245	26039127	Deletion	118
3L	26039167	26039127	Deletion	40
3L	26044539	26044445	Deletion	94
3L	26044539	26044484	Deletion	55
3L	26057834	26057713	Deletion	121
3L	26057834	26057716	Deletion	118
3L	26057834	26057729	Deletion	105
3L	26057834	26057744	Deletion	90
3L	26057834	26057775	Deletion	59
3L	26057834	26057797	Deletion	37
3L	26057834	26057803	Deletion	31
3L	26065472	26065439	Deletion	33
3L	26066464	26066387	Deletion	77
3L	26067048	26066935	Deletion	113
3L	26067579	26067484	Deletion	95
3L	26067551	26067484	Deletion	67
3L	26068295	26068191	Deletion	104
3L	26071556	26071487	Deletion	69
3L	26073882	26073843	Deletion	39
3L	26074099	26074029	Deletion	70
3L	26074074	26074029	Deletion	45
3L	26075638	26075557	Deletion	81
3L	26076198	26076074	Deletion	124
3L	26076886	26076790	Deletion	96
3L	26076886	26076808	Deletion	78
3L	26079927	26079856	Deletion	71
3L	26081818	26081696	Deletion	122
3L	26082885	26082836	Deletion	49
3L	26083929	26083868	Deletion	61
3L	26084482	26084393	Deletion	89
3L	26084501	26084393	Deletion	108
3L	26084826	26084771	Deletion	55
3L	26089226	26089192	Deletion	34
3L	26089283	26089192	Deletion	91
3L	26092630	26092538	Deletion	92
3L	26094624	26094521	Deletion	103
3L	26094624	26094539	Deletion	85
3L	26094624	26094565	Deletion	59
3L	26094624	26094568	Deletion	56
3L	26095871	26095795	Deletion	76
3L	26095871	26095801	Deletion	70
3L	26098171	26098080	Deletion	91
3L	26098139	26098080	Deletion	59
3L	26101515	26101428	Deletion	87
3L	26102046	26101939	Deletion	107
3L	26102052	26101939	Deletion	113
3L	26102056	26101939	Deletion	117
3L	26103509	26103416	Deletion	93
3L	26104060	26103945	Deletion	115
3L	26104756	26104654	Deletion	102
3L	26108244	26108203	Deletion	41
3L	26109242	26109126	Deletion	116
3L	26109242	26109149	Deletion	93
3L	26109242	26109150	Deletion	92
3L	26109238	26109173	Deletion	65
3L	26109242	26109201	Deletion	41
3L	26110808	26110722	Deletion	86
3L	26110944	26110849	Deletion	95
3L	26114844	26114722	Deletion	122
3L	26117332	26117260	Deletion	72
3L	26117298	26117260	Deletion	38
3L	26117318	26117260	Deletion	58
3L	26119541	26119452	Deletion	89
3L	26120263	26120172	Deletion	91
3L	26122578	26122472	Deletion	106
3L	26122793	26122670	Deletion	123
3L	26123611	26123507	Deletion	104
3L	26123611	26123522	Deletion	89
3L	26123611	26123523	Deletion	88
3L	26123611	26123527	Deletion	84
3L	26123611	26123556	Deletion	55
3L	26125905	26125862	Deletion	43
3L	26125965	26125862	Deletion	103
3L	26125977	26125862	Deletion	115
3L	26126089	26126048	Deletion	41
3L	26126115	26126048	Deletion	67
3L	26138523	26138453	Deletion	70
3L	26138523	26138460	Deletion	63
3L	26142145	26142048	Deletion	97
3L	26142189	26142126	Deletion	63
3L	26143600	26143487	Deletion	113
3L	26143600	26143494	Deletion	106
3L	26144078	26143964	Deletion	114
3L	26144056	26143964	Deletion	92
3L	26147419	26147317	Deletion	102
3L	26148020	26147900	Deletion	120
3L	26148496	26148385	Deletion	111
3L	26152665	26152571	Deletion	94
3L	26152665	26152599	Deletion	66
3L	26152873	26152839	Deletion	34
3L	26152901	26152839	Deletion	62
3L	26154158	26154071	Deletion	87
3L	26154284	26154229	Deletion	55
3L	26154268	26154229	Deletion	39
3L	26154277	26154229	Deletion	48
3L	26154330	26154229	Deletion	101
3L	26154279	26154229	Deletion	50
3L	26154316	26154229	Deletion	87
3L	26154323	26154234	Deletion	89
3L	26154654	26154553	Deletion	101
3L	26154654	26154558	Deletion	96
3L	26154654	26154566	Deletion	88
3L	26156690	26156592	Deletion	98
3L	26160434	26160319	Deletion	115
3L	26169945	26169846	Deletion	99
3L	26169945	26169852	Deletion	93
3L	26169945	26169874	Deletion	71
3L	26169945	26169876	Deletion	69
3L	26169945	26169885	Deletion	60
3L	26169945	26169912	Deletion	33
3L	26176482	26176450	Deletion	32
3L	26176694	26176573	Deletion	121
3L	26183393	26183273	Deletion	120
3L	26183698	26183625	Deletion	73
3L	26183698	26183663	Deletion	35
3L	26188187	26188109	Deletion	78
3L	26193502	26193436	Deletion	66
3L	26193529	26193436	Deletion	93
3L	26193469	26193436	Deletion	33
3L	26193493	26193436	Deletion	57
3L	26193536	26193436	Deletion	100
3L	26193491	26193436	Deletion	55
3L	26193544	26193436	Deletion	108
3L	26195128	26195022	Deletion	106
3L	26195141	26195022	Deletion	119
3L	26195143	26195022	Deletion	121
3L	26195129	26195022	Deletion	107
3L	26195125	26195022	Deletion	103
3L	26195122	26195022	Deletion	100
3L	26198644	26198542	Deletion	102
3L	26198813	26198692	Deletion	121
3L	26204297	26204180	Deletion	117
3L	26204297	26204215	Deletion	82
3L	26205550	26205458	Deletion	92
3L	26205512	26205458	Deletion	54
3L	26205647	26205562	Deletion	85
3L	26208797	26208718	Deletion	79
3L	26208760	26208718	Deletion	42
3L	26210973	26210942	Deletion	31
3L	26212474	26212404	Deletion	70
3L	26214503	26214428	Deletion	75
3L	26214503	26214453	Deletion	50
3L	26214804	26214691	Deletion	113
3L	26214804	26214695	Deletion	109
3L	26214804	26214705	Deletion	99
3L	26214804	26214770	Deletion	34
3L	26216692	26216652	Deletion	40
3L	26220636	26220520	Deletion	116
3L	26220636	26220562	Deletion	74
3L	26220636	26220563	Deletion	73
3L	26220937	26220828	Deletion	109
3L	26220937	26220849	Deletion	88
3L	26222871	26222777	Deletion	94
3L	26222885	26222777	Deletion	108
3L	26229628	26229507	Deletion	121
3L	26229561	26229507	Deletion	54
3L	26229560	26229507	Deletion	53
3L	26229559	26229507	Deletion	52
3L	26229600	26229507	Deletion	93
3L	26229584	26229507	Deletion	77
3L	26236462	26236338	Deletion	124
3L	26238058	26238009	Deletion	49
3L	26246996	26246916	Deletion	80
3L	26256300	26256178	Deletion	122
3L	26262875	26262828	Deletion	47
3L	26299365	26299294	Deletion	71
3L	26301742	26301687	Deletion	55
3L	26301796	26301687	Deletion	109
3L	26301767	26301687	Deletion	80
3L	26301732	26301687	Deletion	45
3L	26301734	26301687	Deletion	47
3L	26301792	26301687	Deletion	105
3L	26301794	26301687	Deletion	107
3L	26303638	26303514	Deletion	124
3L	26310812	26310728	Deletion	84
3L	26310762	26310728	Deletion	34
3L	26317153	26317031	Deletion	122
3L	26322539	26322465	Deletion	74
3L	26324484	26324440	Deletion	44
3L	26329814	26329716	Deletion	98
3L	26334029	26333913	Deletion	116
3L	26334029	26333914	Deletion	115
3L	26334574	26334496	Deletion	78
3L	26334831	26334756	Deletion	75
3L	26335861	26335733	Deletion	128
3L	26339693	26339572	Deletion	121
3L	26340237	26340188	Deletion	49
3L	26340293	26340242	Deletion	51
3L	26340526	26340467	Deletion	59
3L	26340732	26340622	Deletion	110
3L	26340732	26340631	Deletion	101
3L	26340730	26340632	Deletion	98
3L	26341289	26341199	Deletion	90
3L	26341263	26341199	Deletion	64
3L	26341279	26341199	Deletion	80
3L	26341296	26341199	Deletion	97
3L	26342069	26341962	Deletion	107
3L	26343176	26343131	Deletion	45
3L	26348931	26348892	Deletion	39
3L	26352749	26352638	Deletion	111
3L	26355050	26354969	Deletion	81
3L	26355050	26354971	Deletion	79
3L	26355050	26355004	Deletion	46
3L	26360662	26360541	Deletion	121
3L	26361082	26361042	Deletion	40
3L	26373959	26373857	Deletion	102
3L	26373964	26373866	Deletion	98
3L	26373964	26373892	Deletion	72
3L	26373964	26373894	Deletion	70
3L	26373964	26373914	Deletion	50
3L	26374105	26374045	Deletion	60
3L	26374125	26374045	Deletion	80
3L	26374077	26374045	Deletion	32
3L	26374103	26374045	Deletion	58
3L	26376698	26376574	Deletion	124
3L	26376698	26376590	Deletion	108
3L	26376698	26376602	Deletion	96
3L	26376698	26376611	Deletion	87
3L	26384787	26384683	Deletion	104
3L	26384788	26384683	Deletion	105
3L	26388923	26388875	Deletion	48
3L	26390289	26390203	Deletion	86
3L	26394554	26394454	Deletion	100
3L	26395517	26395447	Deletion	70
3L	26396138	26396065	Deletion	73
3L	26396267	26396184	Deletion	83
3L	26396896	26396780	Deletion	116
3L	26397041	26397001	Deletion	40
3L	26399914	26399870	Deletion	44
3L	26400378	26400292	Deletion	86
3L	26400914	26400800	Deletion	114
3L	26400914	26400834	Deletion	80
3L	26400914	26400874	Deletion	40
3L	26401089	26401014	Deletion	75
3L	26401066	26401014	Deletion	52
3L	26401119	26401014	Deletion	105
3L	26401133	26401014	Deletion	119
3L	26401040	26401014	Deletion	26
3L	26401082	26401014	Deletion	68
3L	26401081	26401014	Deletion	67
3L	26403999	26403883	Deletion	116
3L	26403999	26403886	Deletion	113
3L	26403999	26403899	Deletion	100
3L	26403999	26403971	Deletion	28
3L	26407034	26406999	Deletion	35
3L	26407543	26407513	Deletion	30
3L	26409033	26408940	Deletion	93
3L	26411806	26411685	Deletion	121
3L	26412051	26412021	Deletion	30
3L	26414138	26414034	Deletion	104
3L	26414138	26414040	Deletion	98
3L	26419023	26418906	Deletion	117
3L	26421036	26420951	Deletion	85
3L	26424317	26424246	Deletion	71
3L	26428828	26428725	Deletion	103
3L	26428828	26428773	Deletion	55
3L	26431952	26431884	Deletion	68
3L	26434128	26434008	Deletion	120
3L	26434128	26434041	Deletion	87
3L	26435390	26435286	Deletion	104
3L	26435471	26435383	Deletion	88
3L	26435471	26435398	Deletion	73
3L	26435471	26435423	Deletion	48
3L	26436937	26436836	Deletion	101
3L	26437382	26437287	Deletion	95
3L	26440094	26440030	Deletion	64
3L	26440424	26440309	Deletion	115
3L	26445741	26445678	Deletion	63
3L	26450756	26450677	Deletion	79
3L	26455476	26455454	Deletion	22
3L	26455733	26455697	Deletion	36
3L	26456604	26456539	Deletion	65
3L	26456700	26456634	Deletion	66
3L	26457965	26457905	Deletion	60
3L	26458002	26457905	Deletion	97
3L	26458017	26457905	Deletion	112
3L	26457962	26457905	Deletion	57
3L	26457976	26457905	Deletion	71
3L	26458285	26458217	Deletion	68
3L	26458759	26458635	Deletion	124
3L	26458746	26458635	Deletion	111
3L	26458694	26458635	Deletion	59
3L	26458757	26458635	Deletion	122
3L	26458758	26458635	Deletion	123
3L	26458675	26458635	Deletion	40
3L	26459880	26459785	Deletion	95
3L	26461473	26461351	Deletion	122
3L	26463426	26463303	Deletion	123
3L	26463800	26463733	Deletion	67
3L	26472195	26472083	Deletion	112
3L	26472200	26472083	Deletion	117
3L	26472178	26472083	Deletion	95
3L	26479702	26479597	Deletion	105
3L	26479702	26479615	Deletion	87
3L	26479702	26479641	Deletion	61
3L	26479702	26479654	Deletion	48
3L	26479702	26479660	Deletion	42
3L	26479846	26479805	Deletion	41
3L	26479911	26479805	Deletion	106
3L	26479872	26479805	Deletion	67
3L	26479885	26479805	Deletion	80
3L	26479891	26479805	Deletion	86
3L	26483028	26482943	Deletion	85
3L	26483738	26483692	Deletion	46
3L	26483738	26483694	Deletion	44
3L	26491131	26491034	Deletion	97
3L	26492169	26492101	Deletion	68
3L	26497130	26497022	Deletion	108
3L	26497314	26497265	Deletion	49
3L	26500161	26500103	Deletion	58
3L	26502588	26502528	Deletion	60
3L	26502612	26502528	Deletion	84
3L	26514524	26514436	Deletion	88
3L	26514524	26514443	Deletion	81
3L	26514524	26514449	Deletion	75
3L	26514524	26514452	Deletion	72
3L	26514524	26514456	Deletion	68
3L	26514524	26514458	Deletion	66
3L	26514524	26514461	Deletion	63
3L	26516646	26516529	Deletion	117
3L	26516594	26516529	Deletion	65
3L	26516582	26516529	Deletion	53
3L	26516591	26516529	Deletion	62
3L	26516631	26516529	Deletion	102
3L	26524644	26524522	Deletion	122
3L	26527776	26527680	Deletion	96
3L	26527776	26527699	Deletion	77
3L	26527776	26527705	Deletion	71
3L	26528088	26528031	Deletion	57
3L	26528082	26528031	Deletion	51
3L	26528143	26528031	Deletion	112
3L	26528175	26528051	Deletion	124
3L	26528175	26528065	Deletion	110
3L	26534740	26534704	Deletion	36
3L	26534764	26534704	Deletion	60
3L	26535993	26535868	Deletion	125
3L	26537407	26537286	Deletion	121
3L	26537762	26537662	Deletion	100
3L	26537694	26537662	Deletion	32
3L	26543064	26543025	Deletion	39
3L	26556812	26556734	Deletion	78
3L	26560556	26560493	Deletion	63
3L	26564597	26564476	Deletion	121
3L	26574947	26574825	Deletion	122
3L	26575387	26575293	Deletion	94
3L	26577784	26577709	Deletion	75
3L	26588880	26588761	Deletion	119
3L	26589764	26589668	Deletion	96
3L	26589764	26589686	Deletion	78
3L	26589764	26589695	Deletion	69
3L	26589764	26589707	Deletion	57
3L	26595439	26595393	Deletion	46
3L	26607914	26607793	Deletion	121
3L	26614008	26613887	Deletion	121
3L	26614199	26614165	Deletion	34
3L	26633193	26633136	Deletion	57
3L	26639136	26639023	Deletion	113
3L	26641017	26640958	Deletion	59
3L	26654695	26654573	Deletion	122
3L	26666197	26666083	Deletion	114
3L	26666197	26666114	Deletion	83
3L	26667737	26667703	Deletion	34
3L	26667876	26667818	Deletion	58
3L	26675997	26675940	Deletion	57
3L	26676680	26676637	Deletion	43
3L	26680077	26680027	Deletion	50
3L	26680930	26680846	Deletion	84
3L	26681989	26681908	Deletion	81
3L	26684899	26684826	Deletion	73
3L	26685624	26685509	Deletion	115
3L	26689648	26689577	Deletion	71
3L	26694421	26694366	Deletion	55
3L	26698903	26698784	Deletion	119
3L	26698903	26698784	Deletion	119
3L	26698903	26698784	Deletion	119
3L	26698903	26698789	Deletion	114
3L	26698903	26698800	Deletion	103
3L	26698903	26698848	Deletion	55
3L	26698903	26698863	Deletion	40
3L	26698903	26698864	Deletion	39
3L	26698903	26698867	Deletion	36
3L	26701555	26701442	Deletion	113
3L	26701514	26701442	Deletion	72
3L	26701529	26701442	Deletion	87
3L	26701565	26701442	Deletion	123
3L	26701530	26701442	Deletion	88
3L	26701533	26701442	Deletion	91
3L	26702321	26702291	Deletion	30
3L	26707164	26707132	Deletion	32
3L	26709318	26709200	Deletion	118
3L	26709318	26709237	Deletion	81
3L	26733300	26733181	Deletion	119
3L	26733300	26733185	Deletion	115
3L	26733300	26733193	Deletion	107
3L	26733300	26733211	Deletion	89
3L	26733300	26733217	Deletion	83
3L	26733300	26733218	Deletion	82
3L	26734213	26734164	Deletion	49
3L	26738118	26738081	Deletion	37
3L	26738180	26738081	Deletion	99
3L	26738125	26738081	Deletion	44
3L	26738124	26738081	Deletion	43
3L	26738180	26738081	Deletion	99
3L	26738201	26738081	Deletion	120
3L	26740429	26740307	Deletion	122
3L	26740586	26740500	Deletion	86
3L	26740586	26740517	Deletion	69
3L	26740586	26740531	Deletion	55
3L	26740586	26740535	Deletion	51
3L	26740586	26740539	Deletion	47
3L	26740586	26740549	Deletion	37
3L	26742607	26742518	Deletion	89
3L	26742558	26742518	Deletion	40
3L	26742589	26742518	Deletion	71
3L	26742575	26742518	Deletion	57
3L	26742593	26742518	Deletion	75
3L	26742597	26742522	Deletion	75
3L	26747998	26747876	Deletion	122
3L	26750166	26750044	Deletion	122
3L	26754635	26754514	Deletion	121
3L	26754812	26754702	Deletion	110
3L	26754812	26754708	Deletion	104
3L	26754812	26754717	Deletion	95
3L	26754812	26754721	Deletion	91
3L	26754812	26754742	Deletion	70
3L	26754812	26754746	Deletion	66
3L	26754812	26754751	Deletion	61
3L	26754812	26754777	Deletion	35
3L	26756527	26756481	Deletion	46
3L	26764655	26764547	Deletion	108
3L	26764579	26764547	Deletion	32
3L	26764613	26764547	Deletion	66
3L	26764608	26764547	Deletion	61
3L	26764639	26764547	Deletion	92
3L	26764583	26764547	Deletion	36
3L	26764604	26764552	Deletion	52
3L	26770299	26770268	Deletion	31
3L	26772692	26772634	Deletion	58
3L	26775235	26775184	Deletion	51
3L	26775235	26775199	Deletion	36
3L	26775807	26775732	Deletion	75
3L	26776143	26776057	Deletion	86
3L	26779047	26778950	Deletion	97
3L	26779038	26778950	Deletion	88
3L	26778999	26778950	Deletion	49
3L	26783243	26783203	Deletion	40
3L	26792500	26792390	Deletion	110
3L	26793678	26793556	Deletion	122
3L	26796595	26796530	Deletion	65
3L	26797857	26797780	Deletion	77
3L	26797857	26797826	Deletion	31
3L	26797982	26797907	Deletion	75
3L	26798021	26797907	Deletion	114
3L	26798027	26797907	Deletion	120
3L	26798020	26797907	Deletion	113
3L	26799498	26799375	Deletion	123
3L	26809662	26809543	Deletion	119
3L	26809662	26809562	Deletion	100
3L	26809662	26809562	Deletion	100
3L	26809662	26809571	Deletion	91
3L	26809662	26809571	Deletion	91
3L	26811186	26811072	Deletion	114
3L	26811168	26811072	Deletion	96
3L	26812547	26812504	Deletion	43
3L	26812571	26812532	Deletion	39
3L	26812984	26812904	Deletion	80
3L	26813165	26813134	Deletion	31
3L	26819470	26819372	Deletion	98
3L	26819470	26819384	Deletion	86
3L	26819470	26819385	Deletion	85
3L	26819470	26819398	Deletion	72
3L	26819470	26819402	Deletion	68
3L	26819470	26819435	Deletion	35
3L	26820856	26820801	Deletion	55
3L	26820914	26820801	Deletion	113
3L	26825438	26825344	Deletion	94
3L	26825808	26825758	Deletion	50
3L	26827629	26827547	Deletion	82
3L	26827634	26827547	Deletion	87
3L	26830666	26830570	Deletion	96
3L	26830666	26830570	Deletion	96
3L	26830666	26830578	Deletion	88
3L	26830666	26830580	Deletion	86
3L	26830666	26830582	Deletion	84
3L	26830666	26830602	Deletion	64
3L	26830666	26830608	Deletion	58
3L	26830666	26830635	Deletion	31
3L	26831013	26830971	Deletion	42
3L	26831066	26830971	Deletion	95
3L	26831001	26830971	Deletion	30
3L	26831011	26830971	Deletion	40
3L	26831001	26830971	Deletion	30
3L	26831039	26830971	Deletion	68
3L	26831009	26830971	Deletion	38
3L	26831033	26830971	Deletion	62
3L	26831689	26831567	Deletion	122
3L	26835650	26835549	Deletion	101
3L	26835650	26835585	Deletion	65
3L	26835650	26835593	Deletion	57
3L	26836003	26835934	Deletion	69
3L	26835995	26835934	Deletion	61
3L	26836041	26835934	Deletion	107
3L	26837027	26836949	Deletion	78
3L	26840010	26839923	Deletion	87
3L	26841118	26841018	Deletion	100
3L	26854763	26854729	Deletion	34
3L	26855735	26855687	Deletion	48
3L	26855771	26855687	Deletion	84
3L	26856633	26856510	Deletion	123
3L	26858515	26858475	Deletion	40
3L	26859231	26859139	Deletion	92
3L	26859667	26859553	Deletion	114
3L	26860300	26860189	Deletion	111
3L	26860325	26860209	Deletion	116
3L	26861875	26861754	Deletion	121
3L	26867868	26867745	Deletion	123
3L	26875579	26875475	Deletion	104
3L	26875593	26875475	Deletion	118
3L	26875535	26875475	Deletion	60
3L	26875592	26875475	Deletion	117
3L	26875560	26875475	Deletion	85
3L	26877493	26877473	Deletion	20
3L	26877564	26877473	Deletion	91
3L	26877521	26877473	Deletion	48
3L	26877659	26877539	Deletion	120
3L	26877868	26877748	Deletion	120
3L	26877868	26877756	Deletion	112
3L	26877868	26877813	Deletion	55
3L	26880105	26880052	Deletion	53
3L	26881394	26881313	Deletion	81
3L	26881394	26881356	Deletion	38
3L	26881772	26881740	Deletion	32
3L	26882321	26882227	Deletion	94
3L	26882321	26882246	Deletion	75
3L	26936176	26936121	Deletion	55
3L	26936204	26936121	Deletion	83
3L	26936171	26936121	Deletion	50
3L	26936178	26936125	Deletion	53
3L	26936516	26936471	Deletion	45
3L	26938139	26938024	Deletion	115
3L	26938096	26938024	Deletion	72
3L	26938106	26938024	Deletion	82
3L	26941829	26941769	Deletion	60
3L	26944634	26944581	Deletion	53
3L	26944634	26944592	Deletion	42
3L	26944736	26944628	Deletion	108
3L	26944724	26944628	Deletion	96
3L	26947455	26947338	Deletion	117
3L	26952525	26952420	Deletion	105
3L	26952525	26952494	Deletion	31
3L	27006406	27006385	Deletion	21
3L	27007823	27007711	Deletion	112
3L	27007823	27007766	Deletion	57
3L	27010089	27010011	Deletion	78
3L	27011500	27011428	Deletion	72
3L	27011518	27011455	Deletion	63
3L	27011518	27011462	Deletion	56
3L	27016550	27016518	Deletion	32
3L	27019076	27018983	Deletion	93
3L	27019076	27019002	Deletion	74
3L	27019076	27019004	Deletion	72
3L	27020872	27020759	Deletion	113
3L	27020811	27020759	Deletion	52
3L	27021450	27021398	Deletion	52
3L	27021452	27021398	Deletion	54
3L	27023956	27023905	Deletion	51
3L	27038310	27038186	Deletion	124
3L	27038310	27038194	Deletion	116
3L	27038310	27038199	Deletion	111
3L	27038310	27038226	Deletion	84
3L	27038310	27038232	Deletion	78
3L	27038310	27038255	Deletion	55
3L	27038310	27038260	Deletion	50
3L	27042898	27042827	Deletion	71
3L	27045239	27045200	Deletion	39
3L	27048739	27048699	Deletion	40
3L	27061326	27061202	Deletion	124
3L	27073646	27073534	Deletion	112
3L	27073646	27073547	Deletion	99
3L	27073646	27073593	Deletion	53
3L	27073646	27073602	Deletion	44
3L	27073646	27073616	Deletion	30
3L	27074622	27074516	Deletion	106
3L	27074635	27074516	Deletion	119
3L	27074615	27074516	Deletion	99
3L	27077823	27077758	Deletion	65
3L	27078730	27078657	Deletion	73
3L	27078753	27078657	Deletion	96
3L	27078718	27078657	Deletion	61
3L	27078739	27078657	Deletion	82
3L	27092749	27092666	Deletion	83
3L	27092749	27092671	Deletion	78
3L	27092749	27092682	Deletion	67
3L	27092749	27092688	Deletion	61
3L	27092749	27092702	Deletion	47
3L	27093272	27093159	Deletion	113
3L	27093208	27093159	Deletion	49
3L	27093239	27093159	Deletion	80
3L	27093203	27093159	Deletion	44
3L	27093225	27093159	Deletion	66
3L	27093219	27093159	Deletion	60
3L	27097192	27097104	Deletion	88
3L	27097192	27097149	Deletion	43
3L	27098249	27098127	Deletion	122
3L	27098718	27098627	Deletion	91
3L	27101117	27101080	Deletion	37
3L	27101935	27101873	Deletion	62
3L	27107900	27107776	Deletion	124
3L	27107900	27107854	Deletion	46
3L	27107900	27107856	Deletion	44
3L	27107900	27107858	Deletion	42
3L	27107900	27107868	Deletion	32
3L	27109174	27109092	Deletion	82
3L	27109188	27109092	Deletion	96
3L	27109178	27109092	Deletion	86
3L	27109176	27109092	Deletion	84
3L	27109198	27109092	Deletion	106
3L	27109210	27109092	Deletion	118
3L	27121990	27121913	Deletion	77
3L	27121990	27121950	Deletion	40
3L	27123491	27123405	Deletion	86
3L	27132155	27132098	Deletion	57
3L	27140518	27140458	Deletion	60
3L	27140518	27140459	Deletion	59
3L	27140518	27140479	Deletion	39
3L	27145428	27145361	Deletion	67
3L	27145429	27145361	Deletion	68
3L	27145470	27145361	Deletion	109
3L	27153569	27153467	Deletion	102
3L	27153555	27153467	Deletion	88
3L	27155589	27155477	Deletion	112
3L	27155842	27155772	Deletion	70
3L	27155844	27155772	Deletion	72
3L	27155890	27155772	Deletion	118
3L	27158782	27158664	Deletion	118
3L	27165236	27165113	Deletion	123
3L	27165231	27165135	Deletion	96
3L	27165236	27165135	Deletion	101
3L	27165236	27165137	Deletion	99
3L	27165236	27165144	Deletion	92
3L	27165236	27165152	Deletion	84
3L	27165236	27165155	Deletion	81
3L	27165236	27165169	Deletion	67
3L	27165236	27165192	Deletion	44
3L	27165236	27165200	Deletion	36
3L	27170425	27170364	Deletion	61
3L	27170448	27170364	Deletion	84
3L	27170456	27170364	Deletion	92
3L	27170408	27170364	Deletion	44
3L	27170411	27170364	Deletion	47
3L	27170400	27170364	Deletion	36
3L	27174908	27174787	Deletion	121
3L	27178688	27178642	Deletion	46
3L	27178688	27178654	Deletion	34
3L	27184094	27184038	Deletion	56
3L	27187989	27187959	Deletion	30
3L	27188717	27188613	Deletion	104
3L	27188710	27188613	Deletion	97
3L	27189588	27189532	Deletion	56
3L	27189577	27189532	Deletion	45
3L	27208817	27208761	Deletion	56
3L	27208803	27208766	Deletion	37
3L	27209867	27209746	Deletion	121
3L	27209867	27209761	Deletion	106
3L	27209867	27209778	Deletion	89
3L	27209867	27209806	Deletion	61
3L	27209867	27209821	Deletion	46
3L	27213358	27213280	Deletion	78
3L	27215324	27215217	Deletion	107
3L	27215335	27215217	Deletion	118
3L	27215325	27215217	Deletion	108
3L	27219647	27219562	Deletion	85
3L	27219923	27219821	Deletion	102
3L	27221591	27221481	Deletion	110
3L	27226667	27226572	Deletion	95
3L	27227087	27227011	Deletion	76
3L	27228977	27228895	Deletion	82
3L	27231791	27231755	Deletion	36
3L	27234032	27233911	Deletion	121
3L	27234032	27233915	Deletion	117
3L	27235694	27235605	Deletion	89
3L	27235658	27235605	Deletion	53
3L	27235700	27235605	Deletion	95
3L	27235672	27235605	Deletion	67
3L	27235675	27235605	Deletion	70
3L	27239741	27239675	Deletion	66
3L	27239807	27239705	Deletion	102
3L	27239807	27239715	Deletion	92
3L	27239807	27239716	Deletion	91
3L	27239807	27239727	Deletion	80
3L	27239807	27239732	Deletion	75
3L	27239807	27239734	Deletion	73
3L	27239807	27239755	Deletion	52
3L	27239807	27239769	Deletion	38
3L	27241436	27241360	Deletion	76
3L	27242435	27242396	Deletion	39
3L	27242812	27242758	Deletion	54
3L	27249855	27249802	Deletion	53
3L	27250550	27250452	Deletion	98
3L	27251129	27251083	Deletion	46
3L	27258533	27258414	Deletion	119
3L	27262720	27262597	Deletion	123
3L	27262720	27262609	Deletion	111
3L	27262720	27262626	Deletion	94
3L	27262720	27262630	Deletion	90
3L	27262720	27262632	Deletion	88
3L	27262720	27262635	Deletion	85
3L	27262720	27262652	Deletion	68
3L	27262720	27262670	Deletion	50
3L	27262720	27262670	Deletion	50
3L	27273483	27273451	Deletion	32
3L	27273487	27273451	Deletion	36
3L	27273527	27273451	Deletion	76
3L	27273527	27273451	Deletion	76
3L	27273509	27273451	Deletion	58
3L	27273492	27273451	Deletion	41
3L	27273489	27273451	Deletion	38
3L	27273756	27273659	Deletion	97
3L	27273756	27273677	Deletion	79
3L	27273756	27273692	Deletion	64
3L	27274769	27274722	Deletion	47
3L	27274842	27274722	Deletion	120
3L	27274784	27274722	Deletion	62
3L	27276066	27275956	Deletion	110
3L	27282999	27282878	Deletion	121
3L	27285845	27285726	Deletion	119
3L	27285845	27285732	Deletion	113
3L	27285845	27285732	Deletion	113
3L	27285845	27285733	Deletion	112
3L	27285845	27285756	Deletion	89
3L	27285845	27285764	Deletion	81
3L	27285845	27285776	Deletion	69
3L	27285845	27285784	Deletion	61
3L	27285845	27285809	Deletion	36
3L	27285845	27285814	Deletion	31
3L	27288605	27288487	Deletion	118
3L	27288680	27288562	Deletion	118
3L	27289790	27289723	Deletion	67
3L	27294783	27294693	Deletion	90
3L	27294783	27294696	Deletion	87
3L	27294783	27294727	Deletion	56
3L	27299192	27299079	Deletion	113
3L	27299239	27299180	Deletion	59
3L	27302117	27302081	Deletion	36
3L	27302923	27302859	Deletion	64
3L	27303040	27302960	Deletion	80
3L	27304101	27304011	Deletion	90
3L	27305897	27305839	Deletion	58
3L	27306036	27305943	Deletion	93
3L	27306036	27305976	Deletion	60
3L	27307110	27307055	Deletion	55
3L	27309404	27309332	Deletion	72
3L	27309707	27309585	Deletion	122
3L	27309753	27309705	Deletion	48
3L	27309788	27309739	Deletion	49
3L	27310476	27310410	Deletion	66
3L	27313153	27313112	Deletion	41
3L	27313213	27313112	Deletion	101
3L	27313568	27313447	Deletion	121
3L	27313568	27313464	Deletion	104
3L	27313587	27313483	Deletion	104
3L	27313573	27313485	Deletion	88
3L	27314271	27314181	Deletion	90
3L	27314249	27314181	Deletion	68
3L	27314258	27314181	Deletion	77
3L	27314240	27314185	Deletion	55
3L	27314348	27314282	Deletion	66
3L	27314661	27314601	Deletion	60
3L	27315423	27315344	Deletion	79
3L	27317238	27317135	Deletion	103
3L	27317238	27317150	Deletion	88
3L	27317219	27317157	Deletion	62
3L	27317339	27317241	Deletion	98
3L	27320777	27320663	Deletion	114
3L	27320965	27320916	Deletion	49
3L	27320997	27320916	Deletion	81
3L	27320999	27320932	Deletion	67
3L	27320999	27320939	Deletion	60
3L	27321018	27320951	Deletion	67
3L	27326802	27326753	Deletion	49
3L	27333130	27333033	Deletion	97
3L	27333130	27333070	Deletion	60
3L	27333130	27333077	Deletion	53
3L	27334185	27334079	Deletion	106
3L	27334190	27334079	Deletion	111
3L	27334153	27334079	Deletion	74
3L	27334191	27334079	Deletion	112
3L	27334146	27334079	Deletion	67
3L	27334786	27334719	Deletion	67
3L	27334786	27334731	Deletion	55
3L	27339550	27339491	Deletion	59
3L	27339562	27339491	Deletion	71
3L	27341835	27341755	Deletion	80
3L	27341835	27341781	Deletion	54
3L	27345800	27345728	Deletion	72
3L	27345839	27345728	Deletion	111
3L	27345774	27345728	Deletion	46
3L	27345843	27345728	Deletion	115
3L	27360055	27359933	Deletion	122
3L	27371947	27371825	Deletion	122
3L	27371947	27371829	Deletion	118
3L	27371938	27371864	Deletion	74
3L	27371947	27371874	Deletion	73
3L	27371947	27371881	Deletion	66
3L	27371947	27371882	Deletion	65
3L	27374690	27374639	Deletion	51
3L	27374713	27374639	Deletion	74
3L	27375941	27375847	Deletion	94
3L	27375930	27375847	Deletion	83
3L	27375908	27375847	Deletion	61
3L	27375922	27375847	Deletion	75
3L	27377315	27377237	Deletion	78
3L	27377315	27377261	Deletion	54
3L	27378670	27378564	Deletion	106
3L	27378680	27378564	Deletion	116
3L	27378631	27378564	Deletion	67
3L	27378659	27378564	Deletion	95
3L	27378647	27378564	Deletion	83
3L	27378636	27378564	Deletion	72
3L	27378612	27378564	Deletion	48
3L	27381064	27380967	Deletion	97
3L	27381064	27380999	Deletion	65
3L	27381064	27381009	Deletion	55
3L	27381064	27381010	Deletion	54
3L	27381156	27381126	Deletion	30
3L	27381198	27381126	Deletion	72
3L	27381199	27381126	Deletion	73
3L	27381248	27381126	Deletion	122
3L	27381188	27381126	Deletion	62
3L	27386938	27386870	Deletion	68
3L	27394584	27394497	Deletion	87
3L	27394607	27394501	Deletion	106
3L	27394607	27394556	Deletion	51
3L	27398363	27398257	Deletion	106
3L	27398365	27398257	Deletion	108
3L	27398317	27398257	Deletion	60
3L	27398358	27398257	Deletion	101
3L	27399876	27399840	Deletion	36
3L	27403521	27403427	Deletion	94
3L	27403746	27403633	Deletion	113
3L	27404289	27404218	Deletion	71
3L	27408472	27408436	Deletion	36
3L	27409846	27409791	Deletion	55
3L	27419117	27419001	Deletion	116
3L	27419117	27419017	Deletion	100
3L	27419117	27419023	Deletion	94
3L	27419117	27419028	Deletion	89
3L	27419117	27419028	Deletion	89
3L	27419117	27419035	Deletion	82
3L	27419117	27419038	Deletion	79
3L	27419117	27419055	Deletion	62
3L	27420815	27420777	Deletion	38
3L	27420815	27420777	Deletion	38
3L	27420891	27420777	Deletion	114
3L	27420825	27420777	Deletion	48
3L	27420822	27420777	Deletion	45
3L	27420842	27420777	Deletion	65
3L	27425311	27425232	Deletion	79
3L	27427883	27427801	Deletion	82
3L	27434428	27434381	Deletion	47
3L	27436421	27436361	Deletion	60
3L	27436727	27436692	Deletion	35
3L	27437384	27437271	Deletion	113
3L	27437384	27437290	Deletion	94
3L	27437384	27437300	Deletion	84
3L	27438472	27438416	Deletion	56
3L	27439842	27439767	Deletion	75
3L	27440748	27440672	Deletion	76
3L	27444628	27444544	Deletion	84
3L	27444981	27444869	Deletion	112
3L	27450638	27450578	Deletion	60
3L	27453898	27453775	Deletion	123
3L	27453817	27453775	Deletion	42
3L	27453869	27453775	Deletion	94
3L	27453869	27453775	Deletion	94
3L	27453807	27453775	Deletion	32
3L	27455101	27454980	Deletion	121
3L	27456661	27456589	Deletion	72
3L	27457843	27457725	Deletion	118
3L	27457910	27457867	Deletion	43
3L	27460164	27460119	Deletion	45
3L	27460495	27460403	Deletion	92
3L	27460469	27460403	Deletion	66
3L	27469768	27469680	Deletion	88
3L	27470545	27470498	Deletion	47
3L	27474498	27474395	Deletion	103
3L	27477175	27477088	Deletion	87
3L	27477144	27477097	Deletion	47
3L	27477218	27477097	Deletion	121
3L	27482766	27482671	Deletion	95
3L	27482766	27482682	Deletion	84
3L	27482766	27482695	Deletion	71
3L	27482766	27482700	Deletion	66
3L	27482861	27482815	Deletion	46
3L	27482861	27482815	Deletion	46
3L	27482861	27482815	Deletion	46
3L	27483196	27483139	Deletion	57
3L	27485038	27484957	Deletion	81
3L	27488500	27488455	Deletion	45
3L	27493101	27492980	Deletion	121
3L	27493063	27493027	Deletion	36
3L	27494210	27494155	Deletion	55
3L	27496592	27496494	Deletion	98
3L	27496797	27496696	Deletion	101
3L	27496797	27496711	Deletion	86
3L	27496797	27496741	Deletion	56
3L	27496797	27496753	Deletion	44
3L	27496797	27496759	Deletion	38
3L	27496953	27496854	Deletion	99
3L	27496911	27496854	Deletion	57
3L	27496896	27496854	Deletion	42
3L	27497460	27497342	Deletion	118
3L	27500105	27500049	Deletion	56
3L	27500173	27500049	Deletion	124
3L	27501542	27501462	Deletion	80
3L	27504112	27504037	Deletion	75
3L	27504112	27504037	Deletion	75
3L	27510840	27510767	Deletion	73
3L	27516275	27516190	Deletion	85
3L	27516275	27516200	Deletion	75
3L	27516659	27516615	Deletion	44
3L	27518763	27518703	Deletion	60
3L	27519051	27519009	Deletion	42
3L	27520492	27520407	Deletion	85
3L	27520492	27520414	Deletion	78
3L	27520492	27520415	Deletion	77
3L	27520626	27520554	Deletion	72
3L	27521786	27521722	Deletion	64
3L	27523711	27523610	Deletion	101
3L	27524631	27524544	Deletion	87
3L	27524620	27524544	Deletion	76
3L	27528556	27528519	Deletion	37
3L	27528566	27528536	Deletion	30
3L	27528809	27528771	Deletion	38
3L	27530587	27530502	Deletion	85
3L	27530587	27530537	Deletion	50
3L	27531394	27531356	Deletion	38
3L	27536229	27536178	Deletion	51
3L	27536851	27536740	Deletion	111
3L	27536809	27536740	Deletion	69
3L	27536816	27536740	Deletion	76
3L	27536775	27536740	Deletion	35
3L	27539194	27539084	Deletion	110
3L	27539163	27539084	Deletion	79
3L	27546160	27546054	Deletion	106
3L	27546154	27546054	Deletion	100
3L	27546161	27546054	Deletion	107
3L	27546092	27546054	Deletion	38
3L	27549160	27549048	Deletion	112
3L	27549160	27549082	Deletion	78
3L	27549160	27549101	Deletion	59
3L	27549160	27549112	Deletion	48
3L	27549361	27549260	Deletion	101
3L	27549299	27549260	Deletion	39
3L	27551268	27551145	Deletion	123
3L	27554938	27554819	Deletion	119
3L	27555033	27554986	Deletion	47
3L	27555030	27554987	Deletion	43
3L	27555019	27554987	Deletion	32
3L	27555363	27555311	Deletion	52
3L	27557210	27557164	Deletion	46
3L	27557931	27557884	Deletion	47
3L	27561202	27561081	Deletion	121
3L	27561182	27561081	Deletion	101
3L	27567563	27567511	Deletion	52
3L	27567586	27567553	Deletion	33
3L	27568764	27568694	Deletion	70
3L	27568969	27568897	Deletion	72
3L	27568969	27568898	Deletion	71
3L	27569083	27569026	Deletion	57
3L	27569148	27569026	Deletion	122
3L	27569461	27569397	Deletion	64
3L	27569632	27569511	Deletion	121
3L	27576284	27576200	Deletion	84
3L	27582659	27582566	Deletion	93
3L	27582619	27582566	Deletion	53
3L	27589203	27589080	Deletion	123
3L	27595419	27595299	Deletion	120
3L	27595419	27595324	Deletion	95
3L	27595419	27595332	Deletion	87
3L	27595419	27595350	Deletion	69
3L	27595419	27595384	Deletion	35
3L	27598534	27598429	Deletion	105
3L	27603557	27603442	Deletion	115
3L	27603565	27603442	Deletion	123
3L	27603536	27603442	Deletion	94
3L	27605061	27605016	Deletion	45
3L	27607764	27607651	Deletion	113
3L	27609440	27609342	Deletion	98
3L	27609440	27609360	Deletion	80
3L	27611501	27611425	Deletion	76
3L	27611486	27611425	Deletion	61
3L	27611532	27611434	Deletion	98
3L	27611512	27611434	Deletion	78
3L	27617052	27616955	Deletion	97
3L	27617147	27617101	Deletion	46
3L	27617147	27617101	Deletion	46
3L	27617131	27617101	Deletion	30
3L	27617147	27617101	Deletion	46
3L	27617496	27617425	Deletion	71
3L	27617479	27617425	Deletion	54
3L	27617483	27617425	Deletion	58
3L	27618019	27617985	Deletion	34
3L	27621641	27621590	Deletion	51
3L	27623793	27623741	Deletion	52
3L	27624403	27624358	Deletion	45
3L	27626571	27626513	Deletion	58
3L	27629877	27629822	Deletion	55
3L	27630115	27629994	Deletion	121
3L	27630115	27629994	Deletion	121
3L	27630059	27629994	Deletion	65
3L	27633307	27633257	Deletion	50
3L	27633307	27633268	Deletion	39
3L	27635451	27635339	Deletion	112
3L	27638646	27638603	Deletion	43
3L	27643129	27643095	Deletion	34
3L	27643259	27643151	Deletion	108
3L	27643248	27643151	Deletion	97
3L	27643206	27643151	Deletion	55
3L	27643263	27643151	Deletion	112
3L	27643271	27643151	Deletion	120
3L	27643261	27643151	Deletion	110
3L	27653498	27653401	Deletion	97
3L	27663776	27663696	Deletion	80
3L	27663780	27663696	Deletion	84
3L	27663769	27663696	Deletion	73
3L	27667909	27667793	Deletion	116
3L	27667909	27667795	Deletion	114
3L	27667909	27667808	Deletion	101
3L	27667909	27667834	Deletion	75
3L	27667909	27667844	Deletion	65
3L	27667909	27667851	Deletion	58
3L	27667909	27667872	Deletion	37
3L	27682659	27682597	Deletion	62
3L	27682659	27682607	Deletion	52
3L	27690387	27690275	Deletion	112
3L	27690387	27690297	Deletion	90
3L	27695619	27695571	Deletion	48
3L	27695619	27695575	Deletion	44
3L	27697093	27697028	Deletion	65
3L	27707728	27707659	Deletion	69
3L	27709163	27709054	Deletion	109
3L	27709163	27709088	Deletion	75
3L	27709163	27709102	Deletion	61
3L	27712635	27712584	Deletion	51
3L	27718325	27718215	Deletion	110
3L	27718325	27718241	Deletion	84
3L	27718325	27718255	Deletion	70
3L	27718325	27718257	Deletion	68
3L	27718325	27718266	Deletion	59
3L	27718325	27718290	Deletion	35
3L	27719830	27719774	Deletion	56
3L	27719865	27719774	Deletion	91
3L	27719841	27719774	Deletion	67
3L	27719832	27719774	Deletion	58
3L	27719873	27719774	Deletion	99
3L	27719816	27719774	Deletion	42
3L	27727221	27727093	Deletion	128
3L	27730718	27730686	Deletion	32
3L	27734953	27734838	Deletion	115
3L	27739269	27739181	Deletion	88
3L	27740167	27740106	Deletion	61
3L	27749310	27749262	Deletion	48
3L	27749311	27749262	Deletion	49
3L	27771039	27770921	Deletion	118
3L	27771039	27770961	Deletion	78
3L	27771039	27770962	Deletion	77
3L	27772610	27772498	Deletion	112
3L	27772601	27772498	Deletion	103
3L	27772620	27772498	Deletion	122
3L	27778099	27778005	Deletion	94
3L	27778099	27778006	Deletion	93
3L	27778099	27778017	Deletion	82
3L	27778099	27778031	Deletion	68
3L	27782259	27782201	Deletion	58
3L	27783013	27782892	Deletion	121
3L	27787637	27787580	Deletion	57
3L	27790456	27790405	Deletion	51
3L	27790521	27790405	Deletion	116
3L	27794632	27794590	Deletion	42
3L	27794970	27794860	Deletion	110
3L	27798781	27798706	Deletion	75
3L	27798738	27798706	Deletion	32
3L	27798764	27798706	Deletion	58
3L	27798828	27798706	Deletion	122
3L	27798823	27798706	Deletion	117
3L	27798789	27798706	Deletion	83
3L	27798811	27798706	Deletion	105
3L	27798739	27798706	Deletion	33
3L	27798750	27798706	Deletion	44
3L	27813296	27813233	Deletion	63
3L	27813296	27813241	Deletion	55
3L	27813296	27813248	Deletion	48
3L	27817954	27817919	Deletion	35
3L	27820088	27819997	Deletion	91
3L	27820929	27820849	Deletion	80
3L	27824060	27823935	Deletion	125
3L	27829072	27828999	Deletion	73
3L	27829707	27829643	Deletion	64
3L	27830875	27830770	Deletion	105
3L	27830875	27830773	Deletion	102
3L	27832779	27832699	Deletion	80
3L	27839676	27839578	Deletion	98
3L	27840197	27840104	Deletion	93
3L	27840483	27840450	Deletion	33
3L	27845318	27845204	Deletion	114
3L	27845318	27845204	Deletion	114
3L	27845318	27845225	Deletion	93
3L	27845318	27845259	Deletion	59
3L	27845318	27845266	Deletion	52
3L	27845906	27845829	Deletion	77
3L	27845926	27845829	Deletion	97
3L	27845936	27845829	Deletion	107
3L	27845936	27845829	Deletion	107
3L	27848217	27848173	Deletion	44
3L	27848273	27848173	Deletion	100
3L	27848204	27848173	Deletion	31
3L	27855023	27854935	Deletion	88
3L	27858249	27858145	Deletion	104
3L	27858249	27858170	Deletion	79
3L	27858249	27858185	Deletion	64
3L	27866997	27866912	Deletion	85
3L	27869951	27869912	Deletion	39
3L	27873076	27873046	Deletion	30
3L	27876026	27875905	Deletion	121
3L	27878569	27878511	Deletion	58
3L	27878558	27878511	Deletion	47
3L	27880721	27880680	Deletion	41
3L	27886327	27886269	Deletion	58
3L	27904176	27904056	Deletion	120
3L	27904176	27904097	Deletion	79
3L	27904176	27904133	Deletion	43
3L	27904176	27904142	Deletion	34
3L	27905012	27904918	Deletion	94
3L	27912368	27912260	Deletion	108
3L	27912368	27912292	Deletion	76
3L	27912368	27912310	Deletion	58
3L	27912808	27912693	Deletion	115
3L	27912743	27912693	Deletion	50
3L	27912761	27912693	Deletion	68
3L	27912786	27912693	Deletion	93
3L	27912799	27912693	Deletion	106
3L	27914555	27914469	Deletion	86
3L	27914555	27914474	Deletion	81
3L	27914555	27914512	Deletion	43
3L	27924736	27924679	Deletion	57
3L	27925574	27925533	Deletion	41
3L	27929711	27929627	Deletion	84
3L	27931625	27931559	Deletion	66
3L	27933743	27933693	Deletion	50
3L	27933829	27933786	Deletion	43
3L	27934493	27934426	Deletion	67
3L	27937596	27937561	Deletion	35
3L	27938460	27938414	Deletion	46
3L	27938796	27938699	Deletion	97
3L	27938796	27938705	Deletion	91
3L	27938796	27938727	Deletion	69
3L	27940283	27940242	Deletion	41
3L	27941749	27941649	Deletion	100
3L	27943007	27942904	Deletion	103
3L	27944100	27943979	Deletion	121
3L	27944371	27944324	Deletion	47
3L	27944371	27944328	Deletion	43
3L	27948321	27948268	Deletion	53
3L	27952399	27952357	Deletion	42
3L	27955198	27955099	Deletion	99
3L	27955198	27955125	Deletion	73
3L	27960389	27960323	Deletion	66
3L	27963048	27962964	Deletion	84
3L	27967441	27967324	Deletion	117
3L	27967384	27967324	Deletion	60
3L	27967425	27967324	Deletion	101
3L	27967407	27967324	Deletion	83
3L	27967403	27967324	Deletion	79
3L	27967409	27967324	Deletion	85
3L	27971883	27971777	Deletion	106
3L	27971883	27971793	Deletion	90
3L	27971883	27971817	Deletion	66
3L	27971883	27971820	Deletion	63
3L	27996851	27996815	Deletion	36
3L	27998425	27998301	Deletion	124
3L	28011070	28011014	Deletion	56
3L	28011070	28011017	Deletion	53
3L	28011070	28011024	Deletion	46
3L	28011070	28011034	Deletion	36
3L	28011070	28011038	Deletion	32
3L	28014125	28014031	Deletion	94
3L	28014131	28014031	Deletion	100
3L	28014121	28014031	Deletion	90
3L	28014135	28014031	Deletion	104
3L	28014149	28014031	Deletion	118
3L	28014111	28014031	Deletion	80
3L	28014101	28014031	Deletion	70
3L	28014104	28014031	Deletion	73
3L	28014711	28014611	Deletion	100
3L	28014711	28014635	Deletion	76
3L	28014711	28014642	Deletion	69
3L	28014711	28014646	Deletion	65
3L	28014711	28014651	Deletion	60
3L	28014711	28014655	Deletion	56
3L	28014711	28014660	Deletion	51
3L	28016794	28016727	Deletion	67
3L	28016798	28016727	Deletion	71
3L	28016850	28016727	Deletion	123
3L	28016803	28016727	Deletion	76
3L	28016789	28016727	Deletion	62
3L	28016778	28016727	Deletion	51
3L	28016838	28016727	Deletion	111
3L	28019809	28019766	Deletion	43
3L	28021129	28021071	Deletion	58
3L	28022650	28022566	Deletion	84
3L	28023276	28023183	Deletion	93
3L	28023276	28023205	Deletion	71
3L	28023276	28023213	Deletion	63
3L	28023431	28023310	Deletion	121
3L	28027969	28027864	Deletion	105
3L	28035514	28035441	Deletion	73
3L	28040258	28040183	Deletion	75
3L	28043007	28042955	Deletion	52
3L	28043630	28043531	Deletion	99
3L	28043785	28043689	Deletion	96
3L	28043785	28043736	Deletion	49
3L	28044393	28044360	Deletion	33
3L	28044404	28044360	Deletion	44
3L	28044415	28044360	Deletion	55
3L	28044474	28044360	Deletion	114
3L	28044426	28044360	Deletion	66
3L	28044469	28044360	Deletion	109
3L	28044423	28044360	Deletion	63
3L	28047636	28047557	Deletion	79
3L	28048419	28048366	Deletion	53
3L	28048413	28048366	Deletion	47
3L	28051941	28051859	Deletion	82
3L	28051941	28051881	Deletion	60
3L	28061469	28061433	Deletion	36
3L	28065167	28065087	Deletion	80
3L	28065167	28065096	Deletion	71
3L	28065167	28065096	Deletion	71
3L	28071700	28071608	Deletion	92
3L	28073172	28073124	Deletion	48
3L	28073207	28073124	Deletion	83
3L	28073181	28073124	Deletion	57
3L	28073212	28073124	Deletion	88
3L	28073222	28073124	Deletion	98
3L	28073181	28073124	Deletion	57
3L	28076163	28076045	Deletion	118
3L	28077516	28077408	Deletion	108
3L	28084032	28083918	Deletion	114
3L	28084943	28084892	Deletion	51
3L	28084943	28084900	Deletion	43
3L	28092436	28092309	Deletion	127
3L	28095686	28095628	Deletion	58
3L	28096812	28096700	Deletion	112
3L	28096812	28096708	Deletion	104
3L	28097568	28097520	Deletion	48
3L	28098033	28097991	Deletion	42
3L	28098317	28098234	Deletion	83
3L	28099528	28099454	Deletion	74
3L	28099543	28099474	Deletion	69
3L	28104480	28104404	Deletion	76
3L	28104533	28104507	Deletion	26
3L	28104781	28104659	Deletion	122
3L	28108468	28108347	Deletion	121
3R	6346	6232	Deletion	114
3R	6346	6245	Deletion	101
3R	6346	6269	Deletion	77
3R	8318	8220	Deletion	98
3R	8331	8220	Deletion	111
3R	8341	8225	Deletion	116
3R	8632	8514	Deletion	118
3R	8703	8561	Deletion	142
3R	9601	9556	Deletion	45
3R	10413	10332	Deletion	81
3R	10449	10332	Deletion	117
3R	10427	10332	Deletion	95
3R	14849	14736	Deletion	113
3R	15958	15825	Deletion	133
3R	15958	15829	Deletion	129
3R	19762	19643	Deletion	119
3R	20146	20085	Deletion	61
3R	22381	22265	Deletion	116
3R	22481	22361	Deletion	120
3R	22481	22430	Deletion	51
3R	23052	22997	Deletion	55
3R	24635	24544	Deletion	91
3R	26590	26472	Deletion	118
3R	26997	26889	Deletion	108
3R	27455	27370	Deletion	85
3R	27428	27370	Deletion	58
3R	27491	27370	Deletion	121
3R	27427	27370	Deletion	57
3R	29199	29177	Deletion	22
3R	29398	29378	Deletion	20
3R	30824	30744	Deletion	80
3R	30824	30748	Deletion	76
3R	30824	30753	Deletion	71
3R	30824	30791	Deletion	33
3R	30824	30799	Deletion	25
3R	31036	30924	Deletion	112
3R	31031	30924	Deletion	107
3R	31014	30924	Deletion	90
3R	31039	30924	Deletion	115
3R	30966	30924	Deletion	42
3R	33184	33149	Deletion	35
3R	37136	37105	Deletion	31
3R	44499	44380	Deletion	119
3R	44499	44454	Deletion	45
3R	50340	50290	Deletion	50
3R	50381	50290	Deletion	91
3R	50315	50290	Deletion	25
3R	50411	50290	Deletion	121
3R	52042	52005	Deletion	37
3R	52282	52231	Deletion	51
3R	52441	52420	Deletion	21
3R	52533	52511	Deletion	22
3R	52604	52522	Deletion	82
3R	52604	52527	Deletion	77
3R	52604	52533	Deletion	71
3R	52604	52541	Deletion	63
3R	52775	52704	Deletion	71
3R	52770	52704	Deletion	66
3R	52789	52704	Deletion	85
3R	52741	52704	Deletion	37
3R	52749	52704	Deletion	45
3R	52782	52704	Deletion	78
3R	52788	52704	Deletion	84
3R	52772	52704	Deletion	68
3R	52787	52744	Deletion	43
3R	58265	58156	Deletion	109
3R	60060	60034	Deletion	26
3R	61314	61253	Deletion	61
3R	69249	69123	Deletion	126
3R	70177	70057	Deletion	120
3R	70188	70062	Deletion	126
3R	72732	72647	Deletion	85
3R	73696	73612	Deletion	84
3R	74674	74559	Deletion	115
3R	82617	82567	Deletion	50
3R	88766	88703	Deletion	63
3R	88766	88713	Deletion	53
3R	88766	88718	Deletion	48
3R	94220	94119	Deletion	101
3R	94227	94119	Deletion	108
3R	94193	94119	Deletion	74
3R	94233	94119	Deletion	114
3R	94183	94119	Deletion	64
3R	94198	94119	Deletion	79
3R	104655	104539	Deletion	116
3R	104655	104547	Deletion	108
3R	104655	104548	Deletion	107
3R	104655	104573	Deletion	82
3R	104655	104598	Deletion	57
3R	104655	104601	Deletion	54
3R	104655	104601	Deletion	54
3R	104655	104602	Deletion	53
3R	104817	104747	Deletion	70
3R	104792	104747	Deletion	45
3R	104865	104747	Deletion	118
3R	111142	111069	Deletion	73
3R	113088	113015	Deletion	73
3R	114053	113943	Deletion	110
3R	114331	114208	Deletion	123
3R	116937	116863	Deletion	74
3R	118465	118432	Deletion	33
3R	119674	119565	Deletion	109
3R	122625	122508	Deletion	117
3R	122625	122590	Deletion	35
3R	122802	122725	Deletion	77
3R	122827	122725	Deletion	102
3R	122787	122725	Deletion	62
3R	122759	122725	Deletion	34
3R	123773	123669	Deletion	104
3R	123773	123672	Deletion	101
3R	123773	123683	Deletion	90
3R	123823	123696	Deletion	127
3R	127400	127329	Deletion	71
3R	127780	127715	Deletion	65
3R	130472	130393	Deletion	79
3R	130472	130422	Deletion	50
3R	136891	136766	Deletion	125
3R	142964	142928	Deletion	36
3R	143092	142999	Deletion	93
3R	143297	143249	Deletion	48
3R	144560	144529	Deletion	31
3R	149704	149659	Deletion	45
3R	152358	152253	Deletion	105
3R	159399	159299	Deletion	100
3R	159384	159299	Deletion	85
3R	159391	159299	Deletion	92
3R	159412	159299	Deletion	113
3R	160350	160234	Deletion	116
3R	162394	162306	Deletion	88
3R	164427	164347	Deletion	80
3R	165064	164992	Deletion	72
3R	165370	165244	Deletion	126
3R	165674	165610	Deletion	64
3R	167284	167163	Deletion	121
3R	168639	168553	Deletion	86
3R	168639	168581	Deletion	58
3R	168823	168739	Deletion	84
3R	169033	168920	Deletion	113
3R	169033	168926	Deletion	107
3R	169033	168928	Deletion	105
3R	172576	172514	Deletion	62
3R	172572	172514	Deletion	58
3R	172597	172514	Deletion	83
3R	175236	175199	Deletion	37
3R	176030	175909	Deletion	121
3R	177257	177140	Deletion	117
3R	177257	177219	Deletion	38
3R	177257	177219	Deletion	38
3R	177257	177220	Deletion	37
3R	177257	177222	Deletion	35
3R	179308	179205	Deletion	103
3R	179308	179238	Deletion	70
3R	179308	179273	Deletion	35
3R	182777	182688	Deletion	89
3R	183789	183743	Deletion	46
3R	188965	188909	Deletion	56
3R	189145	189025	Deletion	120
3R	189145	189037	Deletion	108
3R	189145	189087	Deletion	58
3R	189145	189089	Deletion	56
3R	189356	189245	Deletion	111
3R	189360	189245	Deletion	115
3R	189673	189574	Deletion	99
3R	189673	189629	Deletion	44
3R	199054	199016	Deletion	38
3R	199737	199636	Deletion	101
3R	203296	203245	Deletion	51
3R	208292	208216	Deletion	76
3R	212696	212606	Deletion	90
3R	224464	224350	Deletion	114
3R	255652	255552	Deletion	100
3R	256602	256482	Deletion	120
3R	258184	258154	Deletion	30
3R	258279	258165	Deletion	114
3R	258281	258165	Deletion	116
3R	258258	258165	Deletion	93
3R	260560	260436	Deletion	124
3R	267427	267371	Deletion	56
3R	268538	268456	Deletion	82
3R	268538	268464	Deletion	74
3R	268712	268638	Deletion	74
3R	268748	268638	Deletion	110
3R	268696	268638	Deletion	58
3R	268729	268639	Deletion	90
3R	270767	270680	Deletion	87
3R	270764	270680	Deletion	84
3R	282983	282906	Deletion	77
3R	289100	288985	Deletion	115
3R	289100	289014	Deletion	86
3R	289134	289026	Deletion	108
3R	289100	289030	Deletion	70
3R	289100	289047	Deletion	53
3R	292511	292383	Deletion	128
3R	292514	292386	Deletion	128
3R	292926	292832	Deletion	94
3R	294962	294836	Deletion	126
3R	295016	294892	Deletion	124
3R	295932	295902	Deletion	30
3R	301485	301391	Deletion	94
3R	301991	301862	Deletion	129
3R	302001	301883	Deletion	118
3R	302179	302048	Deletion	131
3R	302201	302095	Deletion	106
3R	302192	302095	Deletion	97
3R	304823	304737	Deletion	86
3R	304856	304738	Deletion	118
3R	304856	304739	Deletion	117
3R	304889	304774	Deletion	115
3R	304856	304814	Deletion	42
3R	304878	304830	Deletion	48
3R	305047	304989	Deletion	58
3R	305753	305712	Deletion	41
3R	309770	309685	Deletion	85
3R	309770	309697	Deletion	73
3R	312432	312393	Deletion	39
3R	323788	323740	Deletion	48
3R	337418	337301	Deletion	117
3R	337418	337336	Deletion	82
3R	337768	337672	Deletion	96
3R	337769	337672	Deletion	97
3R	339909	339844	Deletion	65
3R	341809	341740	Deletion	69
3R	348584	348463	Deletion	121
3R	352716	352598	Deletion	118
3R	353670	353558	Deletion	112
3R	356236	356176	Deletion	60
3R	359558	359441	Deletion	117
3R	359558	359485	Deletion	73
3R	371595	371516	Deletion	79
3R	372059	372001	Deletion	58
3R	377580	377522	Deletion	58
3R	379515	379458	Deletion	57
3R	380805	380698	Deletion	107
3R	382188	382106	Deletion	82
3R	383105	383001	Deletion	104
3R	386615	386502	Deletion	113
3R	387523	387462	Deletion	61
3R	387537	387462	Deletion	75
3R	387527	387462	Deletion	65
3R	390096	389977	Deletion	119
3R	394839	394779	Deletion	60
3R	395326	395259	Deletion	67
3R	395981	395937	Deletion	44
3R	399206	399128	Deletion	78
3R	399283	399162	Deletion	121
3R	406519	406397	Deletion	122
3R	407148	407094	Deletion	54
3R	410770	410728	Deletion	42
3R	418577	418526	Deletion	51
3R	427061	427000	Deletion	61
3R	428061	428017	Deletion	44
3R	428461	428397	Deletion	64
3R	428721	428627	Deletion	94
3R	430504	430422	Deletion	82
3R	432136	432101	Deletion	35
3R	440389	440345	Deletion	44
3R	441028	440942	Deletion	86
3R	441026	440944	Deletion	82
3R	441028	440969	Deletion	59
3R	442206	442140	Deletion	66
3R	442219	442140	Deletion	79
3R	449830	449710	Deletion	120
3R	458687	458625	Deletion	62
3R	459378	459337	Deletion	41
3R	461304	461187	Deletion	117
3R	461304	461235	Deletion	69
3R	461304	461260	Deletion	44
3R	461698	461654	Deletion	44
3R	468400	468343	Deletion	57
3R	468425	468343	Deletion	82
3R	468373	468343	Deletion	30
3R	476276	476210	Deletion	66
3R	485507	485436	Deletion	71
3R	486762	486648	Deletion	114
3R	486754	486649	Deletion	105
3R	486709	486649	Deletion	60
3R	487105	486981	Deletion	124
3R	488963	488876	Deletion	87
3R	488987	488876	Deletion	111
3R	492133	492075	Deletion	58
3R	492333	492280	Deletion	53
3R	492333	492292	Deletion	41
3R	497979	497943	Deletion	36
3R	498452	498369	Deletion	83
3R	498459	498369	Deletion	90
3R	498487	498369	Deletion	118
3R	498450	498369	Deletion	81
3R	498405	498369	Deletion	36
3R	500057	499973	Deletion	84
3R	500057	499995	Deletion	62
3R	500057	500009	Deletion	48
3R	500057	500013	Deletion	44
3R	500057	500016	Deletion	41
3R	508591	508471	Deletion	120
3R	508895	508811	Deletion	84
3R	508926	508811	Deletion	115
3R	522006	521893	Deletion	113
3R	522408	522326	Deletion	82
3R	522495	522447	Deletion	48
3R	522743	522629	Deletion	114
3R	526240	526167	Deletion	73
3R	526581	526462	Deletion	119
3R	526492	526462	Deletion	30
3R	526545	526462	Deletion	83
3R	527924	527865	Deletion	59
3R	529908	529867	Deletion	41
3R	530585	530553	Deletion	32
3R	530872	530793	Deletion	79
3R	531096	530989	Deletion	107
3R	531343	531285	Deletion	58
3R	533252	533199	Deletion	53
3R	545095	545028	Deletion	67
3R	545559	545438	Deletion	121
3R	545559	545445	Deletion	114
3R	545559	545461	Deletion	98
3R	545559	545509	Deletion	50
3R	545559	545509	Deletion	50
3R	550912	550796	Deletion	116
3R	561109	561076	Deletion	33
3R	561859	561783	Deletion	76
3R	561859	561816	Deletion	43
3R	563018	562946	Deletion	72
3R	570511	570460	Deletion	51
3R	571037	570949	Deletion	88
3R	571037	570985	Deletion	52
3R	571188	571146	Deletion	42
3R	574843	574757	Deletion	86
3R	575334	575259	Deletion	75
3R	575498	575443	Deletion	55
3R	579137	579053	Deletion	84
3R	579630	579571	Deletion	59
3R	579630	579575	Deletion	55
3R	579817	579739	Deletion	78
3R	579814	579739	Deletion	75
3R	579820	579739	Deletion	81
3R	579810	579739	Deletion	71
3R	583928	583879	Deletion	49
3R	588875	588799	Deletion	76
3R	588875	588825	Deletion	50
3R	591708	591631	Deletion	77
3R	591743	591631	Deletion	112
3R	591753	591631	Deletion	122
3R	591682	591631	Deletion	51
3R	591956	591836	Deletion	120
3R	591956	591853	Deletion	103
3R	591956	591882	Deletion	74
3R	591956	591883	Deletion	73
3R	592155	592033	Deletion	122
3R	592086	592033	Deletion	53
3R	592085	592033	Deletion	52
3R	596973	596864	Deletion	109
3R	596973	596870	Deletion	103
3R	596973	596871	Deletion	102
3R	596973	596916	Deletion	57
3R	596973	596935	Deletion	38
3R	600013	599954	Deletion	59
3R	610412	610290	Deletion	122
3R	613449	613352	Deletion	97
3R	613397	613352	Deletion	45
3R	613460	613352	Deletion	108
3R	621691	621623	Deletion	68
3R	624055	623953	Deletion	102
3R	624600	624554	Deletion	46
3R	624663	624571	Deletion	92
3R	624682	624571	Deletion	111
3R	624659	624615	Deletion	44
3R	626641	626607	Deletion	34
3R	626641	626610	Deletion	31
3R	630648	630610	Deletion	38
3R	632943	632909	Deletion	34
3R	650525	650471	Deletion	54
3R	664562	664441	Deletion	121
3R	665414	665342	Deletion	72
3R	667730	667634	Deletion	96
3R	667730	667648	Deletion	82
3R	680360	680291	Deletion	69
3R	683937	683815	Deletion	122
3R	685601	685483	Deletion	118
3R	694605	694483	Deletion	122
3R	705192	705141	Deletion	51
3R	705291	705261	Deletion	30
3R	705318	705261	Deletion	57
3R	711648	711529	Deletion	119
3R	711648	711553	Deletion	95
3R	711648	711600	Deletion	48
3R	711795	711717	Deletion	78
3R	716857	716819	Deletion	38
3R	716879	716819	Deletion	60
3R	716903	716819	Deletion	84
3R	716888	716821	Deletion	67
3R	718102	718006	Deletion	96
3R	718250	718171	Deletion	79
3R	718202	718171	Deletion	31
3R	718246	718171	Deletion	75
3R	725975	725936	Deletion	39
3R	731095	731048	Deletion	47
3R	735099	735033	Deletion	66
3R	736341	736272	Deletion	69
3R	739270	739184	Deletion	86
3R	746001	745882	Deletion	119
3R	746001	745952	Deletion	49
3R	746001	745955	Deletion	46
3R	747930	747853	Deletion	77
3R	747933	747853	Deletion	80
3R	750957	750852	Deletion	105
3R	751824	751702	Deletion	122
3R	769705	769664	Deletion	41
3R	772266	772232	Deletion	34
3R	778675	778555	Deletion	120
3R	778675	778568	Deletion	107
3R	778675	778613	Deletion	62
3R	778675	778618	Deletion	57
3R	778675	778631	Deletion	44
3R	781406	781324	Deletion	82
3R	781434	781324	Deletion	110
3R	781393	781324	Deletion	69
3R	781388	781324	Deletion	64
3R	787012	786961	Deletion	51
3R	787315	787242	Deletion	73
3R	803694	803663	Deletion	31
3R	806469	806380	Deletion	89
3R	808366	808316	Deletion	50
3R	809801	809708	Deletion	93
3R	814032	813910	Deletion	122
3R	814032	813994	Deletion	38
3R	827761	827673	Deletion	88
3R	827771	827673	Deletion	98
3R	827774	827673	Deletion	101
3R	827783	827673	Deletion	110
3R	827779	827673	Deletion	106
3R	838845	838746	Deletion	99
3R	838845	838778	Deletion	67
3R	840307	840209	Deletion	98
3R	840318	840209	Deletion	109
3R	855057	854961	Deletion	96
3R	856258	856151	Deletion	107
3R	877821	877790	Deletion	31
3R	882941	882819	Deletion	122
3R	885595	885518	Deletion	77
3R	892016	891922	Deletion	94
3R	892016	891931	Deletion	85
3R	892016	891939	Deletion	77
3R	892016	891952	Deletion	64
3R	892016	891960	Deletion	56
3R	892016	891979	Deletion	37
3R	893908	893785	Deletion	123
3R	893847	893785	Deletion	62
3R	893817	893785	Deletion	32
3R	893855	893785	Deletion	70
3R	893874	893785	Deletion	89
3R	893826	893785	Deletion	41
3R	893834	893785	Deletion	49
3R	893888	893785	Deletion	103
3R	893882	893785	Deletion	97
3R	894975	894865	Deletion	110
3R	894975	894871	Deletion	104
3R	894975	894873	Deletion	102
3R	894975	894887	Deletion	88
3R	894975	894892	Deletion	83
3R	894975	894898	Deletion	77
3R	894975	894913	Deletion	62
3R	894975	894917	Deletion	58
3R	894975	894927	Deletion	48
3R	904414	904346	Deletion	68
3R	904410	904346	Deletion	64
3R	904389	904346	Deletion	43
3R	904395	904346	Deletion	49
3R	904384	904346	Deletion	38
3R	904424	904346	Deletion	78
3R	913501	913441	Deletion	60
3R	913828	913724	Deletion	104
3R	913823	913724	Deletion	99
3R	920470	920369	Deletion	101
3R	920767	920653	Deletion	114
3R	920771	920658	Deletion	113
3R	920771	920693	Deletion	78
3R	921742	921624	Deletion	118
3R	921672	921624	Deletion	48
3R	921685	921624	Deletion	61
3R	927097	927013	Deletion	84
3R	934082	933958	Deletion	124
3R	939479	939362	Deletion	117
3R	939479	939365	Deletion	114
3R	939479	939425	Deletion	54
3R	943983	943891	Deletion	92
3R	943975	943891	Deletion	84
3R	943967	943891	Deletion	76
3R	945272	945206	Deletion	66
3R	955308	955262	Deletion	46
3R	955308	955270	Deletion	38
3R	956169	956048	Deletion	121
3R	965720	965607	Deletion	113
3R	965680	965639	Deletion	41
3R	965758	965639	Deletion	119
3R	969899	969859	Deletion	40
3R	969909	969859	Deletion	50
3R	969954	969859	Deletion	95
3R	970518	970432	Deletion	86
3R	973502	973381	Deletion	121
3R	973502	973389	Deletion	113
3R	973502	973413	Deletion	89
3R	973502	973429	Deletion	73
3R	973502	973452	Deletion	50
3R	973910	973856	Deletion	54
3R	973964	973856	Deletion	108
3R	973894	973856	Deletion	38
3R	973964	973856	Deletion	108
3R	973933	973856	Deletion	77
3R	978410	978314	Deletion	96
3R	984077	984030	Deletion	47
3R	984176	984137	Deletion	39
3R	984196	984137	Deletion	59
3R	984241	984137	Deletion	104
3R	984229	984137	Deletion	92
3R	984167	984137	Deletion	30
3R	984230	984137	Deletion	93
3R	984216	984137	Deletion	79
3R	990434	990312	Deletion	122
3R	992783	992659	Deletion	124
3R	992942	992866	Deletion	76
3R	992973	992866	Deletion	107
3R	993357	993276	Deletion	81
3R	993472	993435	Deletion	37
3R	995969	995909	Deletion	60
3R	996548	996428	Deletion	120
3R	996548	996430	Deletion	118
3R	996548	996439	Deletion	109
3R	998654	998554	Deletion	100
3R	999195	999076	Deletion	119
3R	999260	999216	Deletion	44
3R	999397	999310	Deletion	87
3R	999796	999733	Deletion	63
3R	1000339	1000307	Deletion	32
3R	1005460	1005393	Deletion	67
3R	1005459	1005393	Deletion	66
3R	1005437	1005393	Deletion	44
3R	1008666	1008544	Deletion	122
3R	1016422	1016316	Deletion	106
3R	1017655	1017554	Deletion	101
3R	1017655	1017556	Deletion	99
3R	1017655	1017557	Deletion	98
3R	1017684	1017598	Deletion	86
3R	1018599	1018486	Deletion	113
3R	1020876	1020828	Deletion	48
3R	1020898	1020828	Deletion	70
3R	1020886	1020828	Deletion	58
3R	1020869	1020828	Deletion	41
3R	1020938	1020831	Deletion	107
3R	1039310	1039280	Deletion	30
3R	1039357	1039280	Deletion	77
3R	1041360	1041249	Deletion	111
3R	1041363	1041249	Deletion	114
3R	1041768	1041736	Deletion	32
3R	1042894	1042849	Deletion	45
3R	1044274	1044174	Deletion	100
3R	1044274	1044236	Deletion	38
3R	1053996	1053919	Deletion	77
3R	1054188	1054109	Deletion	79
3R	1057552	1057428	Deletion	124
3R	1057552	1057430	Deletion	122
3R	1060321	1060253	Deletion	68
3R	1060371	1060253	Deletion	118
3R	1060362	1060253	Deletion	109
3R	1060337	1060253	Deletion	84
3R	1066178	1066072	Deletion	106
3R	1066178	1066075	Deletion	103
3R	1066178	1066103	Deletion	75
3R	1066178	1066105	Deletion	73
3R	1066178	1066107	Deletion	71
3R	1066178	1066136	Deletion	42
3R	1067372	1067324	Deletion	48
3R	1067392	1067324	Deletion	68
3R	1071662	1071588	Deletion	74
3R	1071700	1071588	Deletion	112
3R	1080193	1080099	Deletion	94
3R	1080154	1080099	Deletion	55
3R	1080152	1080099	Deletion	53
3R	1083304	1083245	Deletion	59
3R	1085331	1085266	Deletion	65
3R	1087502	1087430	Deletion	72
3R	1089448	1089341	Deletion	107
3R	1090078	1089984	Deletion	94
3R	1092885	1092796	Deletion	89
3R	1092889	1092803	Deletion	86
3R	1092889	1092827	Deletion	62
3R	1094689	1094613	Deletion	76
3R	1094848	1094776	Deletion	72
3R	1094848	1094818	Deletion	30
3R	1096722	1096611	Deletion	111
3R	1096683	1096611	Deletion	72
3R	1097955	1097905	Deletion	50
3R	1097971	1097905	Deletion	66
3R	1101624	1101539	Deletion	85
3R	1101624	1101561	Deletion	63
3R	1101690	1101650	Deletion	40
3R	1101783	1101727	Deletion	56
3R	1101783	1101728	Deletion	55
3R	1101943	1101847	Deletion	96
3R	1104903	1104840	Deletion	63
3R	1104881	1104840	Deletion	41
3R	1108149	1108030	Deletion	119
3R	1108432	1108374	Deletion	58
3R	1115272	1115221	Deletion	51
3R	1117843	1117729	Deletion	114
3R	1117843	1117731	Deletion	112
3R	1120115	1120051	Deletion	64
3R	1120184	1120134	Deletion	50
3R	1120324	1120248	Deletion	76
3R	1120302	1120248	Deletion	54
3R	1120319	1120248	Deletion	71
3R	1120318	1120248	Deletion	70
3R	1127262	1127184	Deletion	78
3R	1127262	1127197	Deletion	65
3R	1127611	1127489	Deletion	122
3R	1129263	1129223	Deletion	40
3R	1129645	1129524	Deletion	121
3R	1136716	1136594	Deletion	122
3R	1136716	1136629	Deletion	87
3R	1136716	1136629	Deletion	87
3R	1136716	1136641	Deletion	75
3R	1136716	1136649	Deletion	67
3R	1136716	1136650	Deletion	66
3R	1136814	1136775	Deletion	39
3R	1136814	1136775	Deletion	39
3R	1136835	1136775	Deletion	60
3R	1136826	1136775	Deletion	51
3R	1136834	1136775	Deletion	59
3R	1137040	1136919	Deletion	121
3R	1137040	1136952	Deletion	88
3R	1137040	1136975	Deletion	65
3R	1137040	1136993	Deletion	47
3R	1137040	1137005	Deletion	35
3R	1137040	1137007	Deletion	33
3R	1149398	1149278	Deletion	120
3R	1149358	1149278	Deletion	80
3R	1149370	1149278	Deletion	92
3R	1156727	1156604	Deletion	123
3R	1156727	1156618	Deletion	109
3R	1156727	1156619	Deletion	108
3R	1156727	1156626	Deletion	101
3R	1156727	1156670	Deletion	57
3R	1156727	1156680	Deletion	47
3R	1163296	1163199	Deletion	97
3R	1163268	1163199	Deletion	69
3R	1163278	1163199	Deletion	79
3R	1163305	1163199	Deletion	106
3R	1168002	1167917	Deletion	85
3R	1168002	1167920	Deletion	82
3R	1168002	1167928	Deletion	74
3R	1168002	1167935	Deletion	67
3R	1168002	1167946	Deletion	56
3R	1168002	1167952	Deletion	50
3R	1168967	1168891	Deletion	76
3R	1168943	1168891	Deletion	52
3R	1168998	1168891	Deletion	107
3R	1173244	1173174	Deletion	70
3R	1173218	1173174	Deletion	44
3R	1173233	1173174	Deletion	59
3R	1177617	1177530	Deletion	87
3R	1177617	1177548	Deletion	69
3R	1181127	1181006	Deletion	121
3R	1181127	1181009	Deletion	118
3R	1183790	1183751	Deletion	39
3R	1183808	1183751	Deletion	57
3R	1183855	1183751	Deletion	104
3R	1184485	1184364	Deletion	121
3R	1189077	1188953	Deletion	124
3R	1199186	1199065	Deletion	121
3R	1199186	1199069	Deletion	117
3R	1199186	1199074	Deletion	112
3R	1199186	1199076	Deletion	110
3R	1199186	1199092	Deletion	94
3R	1199186	1199100	Deletion	86
3R	1199186	1199115	Deletion	71
3R	1199186	1199120	Deletion	66
3R	1202431	1202391	Deletion	40
3R	1202446	1202391	Deletion	55
3R	1202501	1202391	Deletion	110
3R	1202423	1202391	Deletion	32
3R	1202451	1202391	Deletion	60
3R	1202485	1202391	Deletion	94
3R	1215897	1215864	Deletion	33
3R	1220340	1220218	Deletion	122
3R	1220340	1220238	Deletion	102
3R	1220340	1220259	Deletion	81
3R	1220340	1220283	Deletion	57
3R	1224233	1224114	Deletion	119
3R	1224232	1224114	Deletion	118
3R	1224222	1224114	Deletion	108
3R	1224184	1224114	Deletion	70
3R	1224160	1224114	Deletion	46
3R	1226874	1226767	Deletion	107
3R	1226874	1226781	Deletion	93
3R	1226874	1226804	Deletion	70
3R	1226874	1226817	Deletion	57
3R	1227011	1226976	Deletion	35
3R	1227047	1226976	Deletion	71
3R	1227034	1226976	Deletion	58
3R	1242331	1242210	Deletion	121
3R	1248767	1248689	Deletion	78
3R	1248767	1248713	Deletion	54
3R	1248767	1248717	Deletion	50
3R	1248767	1248736	Deletion	31
3R	1249779	1249684	Deletion	95
3R	1249732	1249684	Deletion	48
3R	1249760	1249684	Deletion	76
3R	1249756	1249684	Deletion	72
3R	1251325	1251222	Deletion	103
3R	1251325	1251238	Deletion	87
3R	1251325	1251245	Deletion	80
3R	1251325	1251254	Deletion	71
3R	1251325	1251254	Deletion	71
3R	1251325	1251273	Deletion	52
3R	1251325	1251278	Deletion	47
3R	1251325	1251286	Deletion	39
3R	1259481	1259389	Deletion	92
3R	1260076	1260020	Deletion	56
3R	1260078	1260029	Deletion	49
3R	1260502	1260449	Deletion	53
3R	1261170	1261074	Deletion	96
3R	1261725	1261624	Deletion	101
3R	1265389	1265325	Deletion	64
3R	1274583	1274532	Deletion	51
3R	1274628	1274532	Deletion	96
3R	1274590	1274532	Deletion	58
3R	1274633	1274532	Deletion	101
3R	1275412	1275293	Deletion	119
3R	1277128	1277086	Deletion	42
3R	1283956	1283912	Deletion	44
3R	1289871	1289809	Deletion	62
3R	1299934	1299872	Deletion	62
3R	1303333	1303262	Deletion	71
3R	1304059	1303937	Deletion	122
3R	1304054	1303937	Deletion	117
3R	1304280	1304192	Deletion	88
3R	1308212	1308096	Deletion	116
3R	1317206	1317120	Deletion	86
3R	1317342	1317272	Deletion	70
3R	1317314	1317272	Deletion	42
3R	1317307	1317272	Deletion	35
3R	1317305	1317272	Deletion	33
3R	1319686	1319575	Deletion	111
3R	1319686	1319577	Deletion	109
3R	1319686	1319610	Deletion	76
3R	1319686	1319611	Deletion	75
3R	1319686	1319652	Deletion	34
3R	1319686	1319654	Deletion	32
3R	1319686	1319655	Deletion	31
3R	1325078	1325043	Deletion	35
3R	1325197	1325118	Deletion	79
3R	1328904	1328853	Deletion	51
3R	1328948	1328853	Deletion	95
3R	1328945	1328853	Deletion	92
3R	1328950	1328853	Deletion	97
3R	1328947	1328853	Deletion	94
3R	1328903	1328853	Deletion	50
3R	1328993	1328933	Deletion	60
3R	1334178	1334057	Deletion	121
3R	1337103	1337065	Deletion	38
3R	1338213	1338134	Deletion	79
3R	1338213	1338146	Deletion	67
3R	1341412	1341368	Deletion	44
3R	1344456	1344383	Deletion	73
3R	1344442	1344383	Deletion	59
3R	1353800	1353709	Deletion	91
3R	1353800	1353711	Deletion	89
3R	1353800	1353727	Deletion	73
3R	1353800	1353751	Deletion	49
3R	1361002	1360972	Deletion	30
3R	1361096	1360981	Deletion	115
3R	1361080	1360981	Deletion	99
3R	1361555	1361493	Deletion	62
3R	1361810	1361687	Deletion	123
3R	1365634	1365536	Deletion	98
3R	1366702	1366591	Deletion	111
3R	1366712	1366591	Deletion	121
3R	1368797	1368673	Deletion	124
3R	1369332	1369209	Deletion	123
3R	1370253	1370167	Deletion	86
3R	1370253	1370177	Deletion	76
3R	1372591	1372537	Deletion	54
3R	1373649	1373577	Deletion	72
3R	1377804	1377752	Deletion	52
3R	1381157	1381051	Deletion	106
3R	1383987	1383949	Deletion	38
3R	1385987	1385865	Deletion	122
3R	1390064	1389964	Deletion	100
3R	1390064	1389970	Deletion	94
3R	1390064	1389972	Deletion	92
3R	1390064	1389979	Deletion	85
3R	1390064	1389987	Deletion	77
3R	1390064	1390007	Deletion	57
3R	1390171	1390130	Deletion	41
3R	1392508	1392386	Deletion	122
3R	1395178	1395058	Deletion	120
3R	1395510	1395387	Deletion	123
3R	1395446	1395399	Deletion	47
3R	1408072	1408029	Deletion	43
3R	1422960	1422839	Deletion	121
3R	1429377	1429256	Deletion	121
3R	1440411	1440288	Deletion	123
3R	1442968	1442852	Deletion	116
3R	1442968	1442884	Deletion	84
3R	1442968	1442891	Deletion	77
3R	1442968	1442892	Deletion	76
3R	1442968	1442918	Deletion	50
3R	1455178	1455079	Deletion	99
3R	1455121	1455079	Deletion	42
3R	1455128	1455079	Deletion	49
3R	1455193	1455079	Deletion	114
3R	1455155	1455079	Deletion	76
3R	1455129	1455079	Deletion	50
3R	1461765	1461649	Deletion	116
3R	1461765	1461678	Deletion	87
3R	1461765	1461701	Deletion	64
3R	1461765	1461735	Deletion	30
3R	1461765	1461739	Deletion	26
3R	1461914	1461865	Deletion	49
3R	1461986	1461865	Deletion	121
3R	1461944	1461865	Deletion	79
3R	1468865	1468759	Deletion	106
3R	1469015	1468916	Deletion	99
3R	1474618	1474580	Deletion	38
3R	1474680	1474580	Deletion	100
3R	1474636	1474580	Deletion	56
3R	1476353	1476322	Deletion	31
3R	1478660	1478538	Deletion	122
3R	1479313	1479202	Deletion	111
3R	1481334	1481284	Deletion	50
3R	1487048	1486959	Deletion	89
3R	1487048	1486978	Deletion	70
3R	1493200	1493115	Deletion	85
3R	1493198	1493128	Deletion	70
3R	1494657	1494547	Deletion	110
3R	1494588	1494547	Deletion	41
3R	1494637	1494547	Deletion	90
3R	1494631	1494547	Deletion	84
3R	1495679	1495569	Deletion	110
3R	1495679	1495597	Deletion	82
3R	1495679	1495598	Deletion	81
3R	1495679	1495610	Deletion	69
3R	1495679	1495617	Deletion	62
3R	1499928	1499845	Deletion	83
3R	1499928	1499874	Deletion	54
3R	1501514	1501470	Deletion	44
3R	1501515	1501470	Deletion	45
3R	1501527	1501470	Deletion	57
3R	1503783	1503660	Deletion	123
3R	1503783	1503686	Deletion	97
3R	1503783	1503721	Deletion	62
3R	1506891	1506859	Deletion	32
3R	1509084	1508987	Deletion	97
3R	1509084	1509003	Deletion	81
3R	1509084	1509004	Deletion	80
3R	1509181	1509134	Deletion	47
3R	1509271	1509147	Deletion	124
3R	1509271	1509148	Deletion	123
3R	1516172	1516077	Deletion	95
3R	1516172	1516092	Deletion	80
3R	1516172	1516114	Deletion	58
3R	1516172	1516123	Deletion	49
3R	1516172	1516126	Deletion	46
3R	1516172	1516133	Deletion	39
3R	1520358	1520328	Deletion	30
3R	1523023	1522992	Deletion	31
3R	1523072	1522992	Deletion	80
3R	1523093	1522992	Deletion	101
3R	1523060	1522992	Deletion	68
3R	1523069	1522992	Deletion	77
3R	1523038	1522992	Deletion	46
3R	1523079	1522992	Deletion	87
3R	1525578	1525461	Deletion	117
3R	1526655	1526591	Deletion	64
3R	1535084	1534993	Deletion	91
3R	1535084	1535012	Deletion	72
3R	1535347	1535295	Deletion	52
3R	1535625	1535517	Deletion	108
3R	1548229	1548117	Deletion	112
3R	1555594	1555476	Deletion	118
3R	1555594	1555501	Deletion	93
3R	1555594	1555506	Deletion	88
3R	1555594	1555531	Deletion	63
3R	1559248	1559209	Deletion	39
3R	1559331	1559209	Deletion	122
3R	1559281	1559209	Deletion	72
3R	1559273	1559209	Deletion	64
3R	1564440	1564355	Deletion	85
3R	1564440	1564382	Deletion	58
3R	1564440	1564407	Deletion	33
3R	1564941	1564871	Deletion	70
3R	1564966	1564871	Deletion	95
3R	1564988	1564871	Deletion	117
3R	1564914	1564871	Deletion	43
3R	1567708	1567594	Deletion	114
3R	1567708	1567602	Deletion	106
3R	1567708	1567632	Deletion	76
3R	1568812	1568778	Deletion	34
3R	1572087	1572021	Deletion	66
3R	1572685	1572621	Deletion	64
3R	1572685	1572648	Deletion	37
3R	1578250	1578151	Deletion	99
3R	1578250	1578195	Deletion	55
3R	1579782	1579681	Deletion	101
3R	1580936	1580826	Deletion	110
3R	1586505	1586433	Deletion	72
3R	1586505	1586445	Deletion	60
3R	1586505	1586446	Deletion	59
3R	1586505	1586448	Deletion	57
3R	1586505	1586449	Deletion	56
3R	1586505	1586470	Deletion	35
3R	1587141	1587074	Deletion	67
3R	1587143	1587074	Deletion	69
3R	1587181	1587074	Deletion	107
3R	1587171	1587074	Deletion	97
3R	1587128	1587074	Deletion	54
3R	1587144	1587074	Deletion	70
3R	1587188	1587074	Deletion	114
3R	1587165	1587074	Deletion	91
3R	1587140	1587074	Deletion	66
3R	1589415	1589292	Deletion	123
3R	1593403	1593284	Deletion	119
3R	1593403	1593372	Deletion	31
3R	1593662	1593554	Deletion	108
3R	1593662	1593630	Deletion	32
3R	1593839	1593719	Deletion	120
3R	1596582	1596489	Deletion	93
3R	1596588	1596489	Deletion	99
3R	1596584	1596489	Deletion	95
3R	1597463	1597412	Deletion	51
3R	1601589	1601546	Deletion	43
3R	1602250	1602184	Deletion	66
3R	1602468	1602372	Deletion	96
3R	1603235	1603129	Deletion	106
3R	1606219	1606116	Deletion	103
3R	1606753	1606667	Deletion	86
3R	1614837	1614728	Deletion	109
3R	1614837	1614753	Deletion	84
3R	1614837	1614781	Deletion	56
3R	1615044	1614974	Deletion	70
3R	1615016	1614974	Deletion	42
3R	1619716	1619611	Deletion	105
3R	1621079	1620956	Deletion	123
3R	1621079	1620960	Deletion	119
3R	1621079	1620990	Deletion	89
3R	1621079	1620998	Deletion	81
3R	1621079	1621043	Deletion	36
3R	1621277	1621187	Deletion	90
3R	1621224	1621187	Deletion	37
3R	1621284	1621187	Deletion	97
3R	1621232	1621187	Deletion	45
3R	1621287	1621193	Deletion	94
3R	1622865	1622833	Deletion	32
3R	1625402	1625318	Deletion	84
3R	1625386	1625318	Deletion	68
3R	1625435	1625318	Deletion	117
3R	1625599	1625532	Deletion	67
3R	1626292	1626180	Deletion	112
3R	1626292	1626192	Deletion	100
3R	1626292	1626220	Deletion	72
3R	1626292	1626239	Deletion	53
3R	1627366	1627315	Deletion	51
3R	1627596	1627475	Deletion	121
3R	1628842	1628720	Deletion	122
3R	1634975	1634851	Deletion	124
3R	1635438	1635350	Deletion	88
3R	1636496	1636425	Deletion	71
3R	1637969	1637853	Deletion	116
3R	1637944	1637853	Deletion	91
3R	1637965	1637853	Deletion	112
3R	1643519	1643473	Deletion	46
3R	1645324	1645205	Deletion	119
3R	1645327	1645205	Deletion	122
3R	1645288	1645207	Deletion	81
3R	1655405	1655320	Deletion	85
3R	1656336	1656213	Deletion	123
3R	1659289	1659241	Deletion	48
3R	1660064	1659996	Deletion	68
3R	1661095	1660995	Deletion	100
3R	1662324	1662268	Deletion	56
3R	1679578	1679497	Deletion	81
3R	1679578	1679508	Deletion	70
3R	1679578	1679514	Deletion	64
3R	1679578	1679529	Deletion	49
3R	1684466	1684404	Deletion	62
3R	1684481	1684404	Deletion	77
3R	1684460	1684404	Deletion	56
3R	1684449	1684404	Deletion	45
3R	1687772	1687705	Deletion	67
3R	1687772	1687736	Deletion	36
3R	1690649	1690600	Deletion	49
3R	1695104	1695063	Deletion	41
3R	1697622	1697559	Deletion	63
3R	1699503	1699401	Deletion	102
3R	1699503	1699416	Deletion	87
3R	1700971	1700910	Deletion	61
3R	1702016	1701917	Deletion	99
3R	1702423	1702380	Deletion	43
3R	1702496	1702380	Deletion	116
3R	1721680	1721636	Deletion	44
3R	1721680	1721650	Deletion	30
3R	1724578	1724520	Deletion	58
3R	1727825	1727715	Deletion	110
3R	1727825	1727729	Deletion	96
3R	1727825	1727753	Deletion	72
3R	1728197	1728134	Deletion	63
3R	1728177	1728134	Deletion	43
3R	1729944	1729852	Deletion	92
3R	1729907	1729852	Deletion	55
3R	1729942	1729852	Deletion	90
3R	1738025	1737964	Deletion	61
3R	1741422	1741383	Deletion	39
3R	1745864	1745744	Deletion	120
3R	1746648	1746602	Deletion	46
3R	1748597	1748550	Deletion	47
3R	1751237	1751147	Deletion	90
3R	1752072	1752023	Deletion	49
3R	1753379	1753329	Deletion	50
3R	1754852	1754814	Deletion	38
3R	1759593	1759530	Deletion	63
3R	1760274	1760178	Deletion	96
3R	1760368	1760295	Deletion	73
3R	1762866	1762753	Deletion	113
3R	1762908	1762812	Deletion	96
3R	1763462	1763429	Deletion	33
3R	1763569	1763521	Deletion	48
3R	1766100	1765995	Deletion	105
3R	1766742	1766632	Deletion	110
3R	1766704	1766651	Deletion	53
3R	1768723	1768692	Deletion	31
3R	1772225	1772192	Deletion	33
3R	1772347	1772280	Deletion	67
3R	1772901	1772823	Deletion	78
3R	1772939	1772831	Deletion	108
3R	1772901	1772838	Deletion	63
3R	1773256	1773168	Deletion	88
3R	1773267	1773168	Deletion	99
3R	1773265	1773168	Deletion	97
3R	1778696	1778625	Deletion	71
3R	1779334	1779251	Deletion	83
3R	1779683	1779600	Deletion	83
3R	1780213	1780173	Deletion	40
3R	1785367	1785279	Deletion	88
3R	1785367	1785321	Deletion	46
3R	1786693	1786595	Deletion	98
3R	1790765	1790735	Deletion	30
3R	1791189	1791150	Deletion	39
3R	1792072	1791990	Deletion	82
3R	1792087	1791991	Deletion	96
3R	1796157	1796104	Deletion	53
3R	1797489	1797382	Deletion	107
3R	1797670	1797611	Deletion	59
3R	1800745	1800625	Deletion	120
3R	1800897	1800804	Deletion	93
3R	1800923	1800804	Deletion	119
3R	1801660	1801585	Deletion	75
3R	1801844	1801814	Deletion	30
3R	1806370	1806306	Deletion	64
3R	1809292	1809237	Deletion	55
3R	1811386	1811337	Deletion	49
3R	1812756	1812639	Deletion	117
3R	1813157	1813115	Deletion	42
3R	1816353	1816322	Deletion	31
3R	1816378	1816322	Deletion	56
3R	1818980	1818859	Deletion	121
3R	1821017	1820985	Deletion	32
3R	1823294	1823184	Deletion	110
3R	1823294	1823215	Deletion	79
3R	1823294	1823219	Deletion	75
3R	1823294	1823223	Deletion	71
3R	1828639	1828548	Deletion	91
3R	1828639	1828567	Deletion	72
3R	1828639	1828574	Deletion	65
3R	1829491	1829444	Deletion	47
3R	1829495	1829444	Deletion	51
3R	1829499	1829444	Deletion	55
3R	1829521	1829444	Deletion	77
3R	1833271	1833234	Deletion	37
3R	1833271	1833236	Deletion	35
3R	1833588	1833510	Deletion	78
3R	1833588	1833537	Deletion	51
3R	1833588	1833546	Deletion	42
3R	1839937	1839862	Deletion	75
3R	1839910	1839862	Deletion	48
3R	1839946	1839862	Deletion	84
3R	1840483	1840399	Deletion	84
3R	1840496	1840399	Deletion	97
3R	1844504	1844434	Deletion	70
3R	1844504	1844474	Deletion	30
3R	1844733	1844677	Deletion	56
3R	1844775	1844677	Deletion	98
3R	1844773	1844677	Deletion	96
3R	1844731	1844677	Deletion	54
3R	1844738	1844677	Deletion	61
3R	1846461	1846431	Deletion	30
3R	1856941	1856834	Deletion	107
3R	1856941	1856868	Deletion	73
3R	1856941	1856871	Deletion	70
3R	1856941	1856884	Deletion	57
3R	1856941	1856885	Deletion	56
3R	1857099	1857045	Deletion	54
3R	1857115	1857045	Deletion	70
3R	1857102	1857045	Deletion	57
3R	1857116	1857045	Deletion	71
3R	1858533	1858411	Deletion	122
3R	1864421	1864303	Deletion	118
3R	1864421	1864347	Deletion	74
3R	1864421	1864350	Deletion	71
3R	1864421	1864368	Deletion	53
3R	1864421	1864379	Deletion	42
3R	1864421	1864385	Deletion	36
3R	1865361	1865306	Deletion	55
3R	1865390	1865306	Deletion	84
3R	1865379	1865306	Deletion	73
3R	1865358	1865306	Deletion	52
3R	1865396	1865316	Deletion	80
3R	1869372	1869307	Deletion	65
3R	1869372	1869326	Deletion	46
3R	1869372	1869331	Deletion	41
3R	1874582	1874519	Deletion	63
3R	1874601	1874519	Deletion	82
3R	1874606	1874519	Deletion	87
3R	1874632	1874519	Deletion	113
3R	1874642	1874519	Deletion	123
3R	1874627	1874519	Deletion	108
3R	1882461	1882367	Deletion	94
3R	1882461	1882417	Deletion	44
3R	1882461	1882418	Deletion	43
3R	1884336	1884303	Deletion	33
3R	1884355	1884303	Deletion	52
3R	1885858	1885790	Deletion	68
3R	1886043	1885989	Deletion	54
3R	1886043	1886013	Deletion	30
3R	1886356	1886254	Deletion	102
3R	1886330	1886254	Deletion	76
3R	1886367	1886254	Deletion	113
3R	1886350	1886254	Deletion	96
3R	1886328	1886254	Deletion	74
3R	1890819	1890763	Deletion	56
3R	1891193	1891159	Deletion	34
3R	1892713	1892661	Deletion	52
3R	1892713	1892661	Deletion	52
3R	1892713	1892661	Deletion	52
3R	1892769	1892679	Deletion	90
3R	1892786	1892679	Deletion	107
3R	1894269	1894148	Deletion	121
3R	1894670	1894612	Deletion	58
3R	1897193	1897071	Deletion	122
3R	1899180	1899087	Deletion	93
3R	1899565	1899520	Deletion	45
3R	1901072	1901020	Deletion	52
3R	1906590	1906490	Deletion	100
3R	1907312	1907208	Deletion	104
3R	1921269	1921239	Deletion	30
3R	1923370	1923264	Deletion	106
3R	1923370	1923299	Deletion	71
3R	1923370	1923336	Deletion	34
3R	1927873	1927769	Deletion	104
3R	1927824	1927769	Deletion	55
3R	1927861	1927769	Deletion	92
3R	1927813	1927769	Deletion	44
3R	1927811	1927769	Deletion	42
3R	1929272	1929189	Deletion	83
3R	1929266	1929189	Deletion	77
3R	1934781	1934725	Deletion	56
3R	1936060	1935986	Deletion	74
3R	1940315	1940272	Deletion	43
3R	1940321	1940272	Deletion	49
3R	1940342	1940272	Deletion	70
3R	1940348	1940272	Deletion	76
3R	1954771	1954647	Deletion	124
3R	1954771	1954660	Deletion	111
3R	1954771	1954663	Deletion	108
3R	1954771	1954733	Deletion	38
3R	1954771	1954736	Deletion	35
3R	1954771	1954738	Deletion	33
3R	1967897	1967864	Deletion	33
3R	1975821	1975781	Deletion	40
3R	1975827	1975781	Deletion	46
3R	1991604	1991499	Deletion	105
3R	1991571	1991538	Deletion	33
3R	1992232	1992154	Deletion	78
3R	1996705	1996584	Deletion	121
3R	1996750	1996625	Deletion	125
3R	1999316	1999266	Deletion	50
3R	2003258	2003170	Deletion	88
3R	2003263	2003170	Deletion	93
3R	2003268	2003170	Deletion	98
3R	2003271	2003170	Deletion	101
3R	2003261	2003170	Deletion	91
3R	2005584	2005493	Deletion	91
3R	2007855	2007758	Deletion	97
3R	2008701	2008629	Deletion	72
3R	2008697	2008629	Deletion	68
3R	2011954	2011847	Deletion	107
3R	2019940	2019834	Deletion	106
3R	2019940	2019878	Deletion	62
3R	2019940	2019880	Deletion	60
3R	2020511	2020477	Deletion	34
3R	2021409	2021285	Deletion	124
3R	2024235	2024112	Deletion	123
3R	2024207	2024152	Deletion	55
3R	2027332	2027271	Deletion	61
3R	2027332	2027276	Deletion	56
3R	2028743	2028677	Deletion	66
3R	2033943	2033823	Deletion	120
3R	2034525	2034407	Deletion	118
3R	2036746	2036687	Deletion	59
3R	2039682	2039615	Deletion	67
3R	2040156	2040064	Deletion	92
3R	2043860	2043791	Deletion	69
3R	2043863	2043791	Deletion	72
3R	2045988	2045938	Deletion	50
3R	2046614	2046542	Deletion	72
3R	2048176	2048080	Deletion	96
3R	2048176	2048083	Deletion	93
3R	2048176	2048121	Deletion	55
3R	2048176	2048146	Deletion	30
3R	2050296	2050257	Deletion	39
3R	2051110	2051074	Deletion	36
3R	2052179	2052085	Deletion	94
3R	2054144	2054068	Deletion	76
3R	2054797	2054743	Deletion	54
3R	2056206	2056085	Deletion	121
3R	2056206	2056091	Deletion	115
3R	2056206	2056115	Deletion	91
3R	2057260	2057161	Deletion	99
3R	2057267	2057161	Deletion	106
3R	2057258	2057161	Deletion	97
3R	2057249	2057161	Deletion	88
3R	2057280	2057161	Deletion	119
3R	2057197	2057161	Deletion	36
3R	2057233	2057161	Deletion	72
3R	2058450	2058332	Deletion	118
3R	2058593	2058504	Deletion	89
3R	2059279	2059165	Deletion	114
3R	2059235	2059166	Deletion	69
3R	2059372	2059256	Deletion	116
3R	2063099	2062983	Deletion	116
3R	2063099	2062990	Deletion	109
3R	2063099	2063000	Deletion	99
3R	2063099	2063055	Deletion	44
3R	2063099	2063062	Deletion	37
3R	2063297	2063185	Deletion	112
3R	2063275	2063185	Deletion	90
3R	2063296	2063185	Deletion	111
3R	2067996	2067899	Deletion	97
3R	2067996	2067958	Deletion	38
3R	2068183	2068082	Deletion	101
3R	2070673	2070628	Deletion	45
3R	2073160	2073102	Deletion	58
3R	2073329	2073246	Deletion	83
3R	2073335	2073246	Deletion	89
3R	2073314	2073246	Deletion	68
3R	2075150	2075067	Deletion	83
3R	2088304	2088271	Deletion	33
3R	2099420	2099330	Deletion	90
3R	2099420	2099355	Deletion	65
3R	2099420	2099364	Deletion	56
3R	2100732	2100671	Deletion	61
3R	2100741	2100671	Deletion	70
3R	2100707	2100671	Deletion	36
3R	2105256	2105180	Deletion	76
3R	2105763	2105709	Deletion	54
3R	2107474	2107439	Deletion	35
3R	2110578	2110534	Deletion	44
3R	2110820	2110706	Deletion	114
3R	2110820	2110708	Deletion	112
3R	2110820	2110740	Deletion	80
3R	2110818	2110745	Deletion	73
3R	2110820	2110758	Deletion	62
3R	2110820	2110772	Deletion	48
3R	2111121	2111075	Deletion	46
3R	2111126	2111075	Deletion	51
3R	2111153	2111075	Deletion	78
3R	2111136	2111075	Deletion	61
3R	2111184	2111075	Deletion	109
3R	2111180	2111075	Deletion	105
3R	2111139	2111080	Deletion	59
3R	2116085	2115989	Deletion	96
3R	2116125	2116076	Deletion	49
3R	2122245	2122148	Deletion	97
3R	2122245	2122161	Deletion	84
3R	2122245	2122163	Deletion	82
3R	2122245	2122181	Deletion	64
3R	2122245	2122205	Deletion	40
3R	2126677	2126607	Deletion	70
3R	2132602	2132520	Deletion	82
3R	2141609	2141570	Deletion	39
3R	2144342	2144301	Deletion	41
3R	2147367	2147275	Deletion	92
3R	2147367	2147298	Deletion	69
3R	2148255	2148157	Deletion	98
3R	2149396	2149353	Deletion	43
3R	2153016	2152945	Deletion	71
3R	2154168	2154093	Deletion	75
3R	2154477	2154436	Deletion	41
3R	2156401	2156321	Deletion	80
3R	2156407	2156321	Deletion	86
3R	2156414	2156321	Deletion	93
3R	2156416	2156321	Deletion	95
3R	2158238	2158138	Deletion	100
3R	2158238	2158138	Deletion	100
3R	2158238	2158199	Deletion	39
3R	2159518	2159400	Deletion	118
3R	2159487	2159400	Deletion	87
3R	2177652	2177541	Deletion	111
3R	2177652	2177564	Deletion	88
3R	2177652	2177609	Deletion	43
3R	2177859	2177750	Deletion	109
3R	2177862	2177750	Deletion	112
3R	2177833	2177750	Deletion	83
3R	2178157	2178113	Deletion	44
3R	2178202	2178113	Deletion	89
3R	2178181	2178113	Deletion	68
3R	2180752	2180629	Deletion	123
3R	2182362	2182319	Deletion	43
3R	2183712	2183622	Deletion	90
3R	2183712	2183646	Deletion	66
3R	2191111	2191003	Deletion	108
3R	2191111	2191018	Deletion	93
3R	2191111	2191072	Deletion	39
3R	2193034	2192948	Deletion	86
3R	2193004	2192948	Deletion	56
3R	2193025	2192948	Deletion	77
3R	2193016	2192948	Deletion	68
3R	2193024	2192948	Deletion	76
3R	2193036	2192948	Deletion	88
3R	2193056	2192948	Deletion	108
3R	2193072	2192948	Deletion	124
3R	2194154	2194030	Deletion	124
3R	2205727	2205645	Deletion	82
3R	2205724	2205649	Deletion	75
3R	2206538	2206456	Deletion	82
3R	2206506	2206456	Deletion	50
3R	2206502	2206456	Deletion	46
3R	2215194	2215164	Deletion	30
3R	2222648	2222525	Deletion	123
3R	2223293	2223214	Deletion	79
3R	2223282	2223214	Deletion	68
3R	2224464	2224342	Deletion	122
3R	2230704	2230670	Deletion	34
3R	2233846	2233728	Deletion	118
3R	2233846	2233745	Deletion	101
3R	2238502	2238410	Deletion	92
3R	2241451	2241411	Deletion	40
3R	2245962	2245866	Deletion	96
3R	2245962	2245886	Deletion	76
3R	2246087	2246057	Deletion	30
3R	2246107	2246057	Deletion	50
3R	2247739	2247656	Deletion	83
3R	2247712	2247656	Deletion	56
3R	2247686	2247656	Deletion	30
3R	2247740	2247656	Deletion	84
3R	2251844	2251736	Deletion	108
3R	2251844	2251739	Deletion	105
3R	2251844	2251762	Deletion	82
3R	2251844	2251774	Deletion	70
3R	2251844	2251804	Deletion	40
3R	2257445	2257352	Deletion	93
3R	2258398	2258312	Deletion	86
3R	2258987	2258881	Deletion	106
3R	2261551	2261427	Deletion	124
3R	2261551	2261441	Deletion	110
3R	2261551	2261482	Deletion	69
3R	2261551	2261484	Deletion	67
3R	2261817	2261757	Deletion	60
3R	2261869	2261757	Deletion	112
3R	2261858	2261757	Deletion	101
3R	2269765	2269712	Deletion	53
3R	2288962	2288839	Deletion	123
3R	2289397	2289278	Deletion	119
3R	2307314	2307219	Deletion	95
3R	2307314	2307220	Deletion	94
3R	2307314	2307227	Deletion	87
3R	2307314	2307243	Deletion	71
3R	2307314	2307251	Deletion	63
3R	2307314	2307276	Deletion	38
3R	2312260	2312172	Deletion	88
3R	2312204	2312172	Deletion	32
3R	2312278	2312172	Deletion	106
3R	2312235	2312172	Deletion	63
3R	2315196	2315075	Deletion	121
3R	2317187	2317148	Deletion	39
3R	2317203	2317148	Deletion	55
3R	2317258	2317148	Deletion	110
3R	2323734	2323650	Deletion	84
3R	2323714	2323650	Deletion	64
3R	2323703	2323650	Deletion	53
3R	2325506	2325394	Deletion	112
3R	2332204	2332122	Deletion	82
3R	2332204	2332126	Deletion	78
3R	2332204	2332161	Deletion	43
3R	2332204	2332164	Deletion	40
3R	2332204	2332165	Deletion	39
3R	2332204	2332169	Deletion	35
3R	2332661	2332575	Deletion	86
3R	2332691	2332575	Deletion	116
3R	2332658	2332575	Deletion	83
3R	2332666	2332575	Deletion	91
3R	2332662	2332575	Deletion	87
3R	2339844	2339793	Deletion	51
3R	2340085	2339973	Deletion	112
3R	2340249	2340175	Deletion	74
3R	2340249	2340215	Deletion	34
3R	2340249	2340219	Deletion	30
3R	2341602	2341538	Deletion	64
3R	2342892	2342798	Deletion	94
3R	2344613	2344562	Deletion	51
3R	2346062	2345981	Deletion	81
3R	2346062	2346015	Deletion	47
3R	2346226	2346137	Deletion	89
3R	2346226	2346141	Deletion	85
3R	2348181	2348145	Deletion	36
3R	2350278	2350186	Deletion	92
3R	2353366	2353242	Deletion	124
3R	2353366	2353253	Deletion	113
3R	2353366	2353278	Deletion	88
3R	2353530	2353415	Deletion	115
3R	2353530	2353434	Deletion	96
3R	2361462	2361380	Deletion	82
3R	2362476	2362414	Deletion	62
3R	2364766	2364713	Deletion	53
3R	2365879	2365761	Deletion	118
3R	2365867	2365779	Deletion	88
3R	2366993	2366928	Deletion	65
3R	2367284	2367165	Deletion	119
3R	2367284	2367173	Deletion	111
3R	2367284	2367179	Deletion	105
3R	2367284	2367187	Deletion	97
3R	2367284	2367191	Deletion	93
3R	2367284	2367191	Deletion	93
3R	2367284	2367195	Deletion	89
3R	2367284	2367215	Deletion	69
3R	2367284	2367218	Deletion	66
3R	2370169	2370049	Deletion	120
3R	2370610	2370502	Deletion	108
3R	2370722	2370660	Deletion	62
3R	2371308	2371202	Deletion	106
3R	2371395	2371349	Deletion	46
3R	2374188	2374064	Deletion	124
3R	2375628	2375590	Deletion	38
3R	2375620	2375590	Deletion	30
3R	2375624	2375590	Deletion	34
3R	2375696	2375608	Deletion	88
3R	2378341	2378233	Deletion	108
3R	2378353	2378233	Deletion	120
3R	2381671	2381614	Deletion	57
3R	2381738	2381675	Deletion	63
3R	2382106	2382063	Deletion	43
3R	2385767	2385702	Deletion	65
3R	2385807	2385702	Deletion	105
3R	2385777	2385702	Deletion	75
3R	2385825	2385702	Deletion	123
3R	2385775	2385702	Deletion	73
3R	2385813	2385702	Deletion	111
3R	2400243	2400138	Deletion	105
3R	2400243	2400141	Deletion	102
3R	2400243	2400149	Deletion	94
3R	2400243	2400171	Deletion	72
3R	2400243	2400212	Deletion	31
3R	2400243	2400213	Deletion	30
3R	2400520	2400423	Deletion	97
3R	2400479	2400423	Deletion	56
3R	2400521	2400423	Deletion	98
3R	2400457	2400423	Deletion	34
3R	2400542	2400423	Deletion	119
3R	2409376	2409352	Deletion	24
3R	2409541	2409422	Deletion	119
3R	2409541	2409450	Deletion	91
3R	2409541	2409455	Deletion	86
3R	2409660	2409641	Deletion	19
3R	2439523	2439458	Deletion	65
3R	2443071	2442974	Deletion	97
3R	2445272	2445168	Deletion	104
3R	2445272	2445189	Deletion	83
3R	2445272	2445206	Deletion	66
3R	2445272	2445210	Deletion	62
3R	2445272	2445220	Deletion	52
3R	2445568	2445457	Deletion	111
3R	2445562	2445457	Deletion	105
3R	2446426	2446333	Deletion	93
3R	2446426	2446333	Deletion	93
3R	2446426	2446343	Deletion	83
3R	2446426	2446350	Deletion	76
3R	2446426	2446350	Deletion	76
3R	2446426	2446374	Deletion	52
3R	2446572	2446526	Deletion	46
3R	2446573	2446526	Deletion	47
3R	2446604	2446526	Deletion	78
3R	2446638	2446526	Deletion	112
3R	2446624	2446526	Deletion	98
3R	2446611	2446526	Deletion	85
3R	2446936	2446812	Deletion	124
3R	2446936	2446818	Deletion	118
3R	2446936	2446824	Deletion	112
3R	2446936	2446839	Deletion	97
3R	2446936	2446848	Deletion	88
3R	2446936	2446849	Deletion	87
3R	2446936	2446862	Deletion	74
3R	2446936	2446884	Deletion	52
3R	2447331	2447270	Deletion	61
3R	2447345	2447270	Deletion	75
3R	2447367	2447270	Deletion	97
3R	2449198	2449162	Deletion	36
3R	2449199	2449162	Deletion	37
3R	2456154	2456115	Deletion	39
3R	2456167	2456115	Deletion	52
3R	2456222	2456115	Deletion	107
3R	2456214	2456115	Deletion	99
3R	2456153	2456115	Deletion	38
3R	2456189	2456115	Deletion	74
3R	2458003	2457937	Deletion	66
3R	2458688	2458653	Deletion	35
3R	2473362	2473238	Deletion	124
3R	2473362	2473321	Deletion	41
3R	2473362	2473329	Deletion	33
3R	2474857	2474827	Deletion	30
3R	2477893	2477787	Deletion	106
3R	2481383	2481259	Deletion	124
3R	2481369	2481259	Deletion	110
3R	2482941	2482853	Deletion	88
3R	2486612	2486539	Deletion	73
3R	2486627	2486539	Deletion	88
3R	2486984	2486861	Deletion	123
3R	2488683	2488567	Deletion	116
3R	2488683	2488587	Deletion	96
3R	2488683	2488592	Deletion	91
3R	2488807	2488783	Deletion	24
3R	2488878	2488783	Deletion	95
3R	2488866	2488783	Deletion	83
3R	2488859	2488783	Deletion	76
3R	2488829	2488783	Deletion	46
3R	2488839	2488783	Deletion	56
3R	2492820	2492722	Deletion	98
3R	2492820	2492796	Deletion	24
3R	2492820	2492800	Deletion	20
3R	2494832	2494720	Deletion	112
3R	2498072	2497954	Deletion	118
3R	2498072	2497993	Deletion	79
3R	2498072	2498034	Deletion	38
3R	2500013	2499972	Deletion	41
3R	2500023	2499972	Deletion	51
3R	2504360	2504315	Deletion	45
3R	2511873	2511817	Deletion	56
3R	2513241	2513117	Deletion	124
3R	2515632	2515613	Deletion	19
3R	2516701	2516632	Deletion	69
3R	2516717	2516632	Deletion	85
3R	2519338	2519256	Deletion	82
3R	2519338	2519294	Deletion	44
3R	2519338	2519308	Deletion	30
3R	2519338	2519308	Deletion	30
3R	2519338	2519318	Deletion	20
3R	2520413	2520338	Deletion	75
3R	2520430	2520338	Deletion	92
3R	2520405	2520338	Deletion	67
3R	2520381	2520338	Deletion	43
3R	2520429	2520338	Deletion	91
3R	2522591	2522478	Deletion	113
3R	2522591	2522494	Deletion	97
3R	2522591	2522501	Deletion	90
3R	2522591	2522521	Deletion	70
3R	2522591	2522542	Deletion	49
3R	2522762	2522691	Deletion	71
3R	2523144	2523086	Deletion	58
3R	2523235	2523127	Deletion	108
3R	2527791	2527713	Deletion	78
3R	2527791	2527726	Deletion	65
3R	2527791	2527744	Deletion	47
3R	2527791	2527749	Deletion	42
3R	2527791	2527752	Deletion	39
3R	2527791	2527770	Deletion	21
3R	2530138	2530091	Deletion	47
3R	2530186	2530091	Deletion	95
3R	2530189	2530091	Deletion	98
3R	2530198	2530091	Deletion	107
3R	2536031	2535918	Deletion	113
3R	2536031	2535919	Deletion	112
3R	2536031	2536004	Deletion	27
3R	2536031	2536006	Deletion	25
3R	2539521	2539430	Deletion	91
3R	2539551	2539431	Deletion	120
3R	2539550	2539431	Deletion	119
3R	2539466	2539431	Deletion	35
3R	2539503	2539431	Deletion	72
3R	2543862	2543751	Deletion	111
3R	2543862	2543757	Deletion	105
3R	2543862	2543808	Deletion	54
3R	2543862	2543816	Deletion	46
3R	2543862	2543843	Deletion	19
3R	2544042	2543962	Deletion	80
3R	2544063	2543962	Deletion	101
3R	2544027	2543962	Deletion	65
3R	2544060	2543962	Deletion	98
3R	2544001	2543962	Deletion	39
3R	2544050	2543962	Deletion	88
3R	2548962	2548885	Deletion	77
3R	2548916	2548885	Deletion	31
3R	2555170	2555048	Deletion	122
3R	2564904	2564786	Deletion	118
3R	2564904	2564793	Deletion	111
3R	2564904	2564799	Deletion	105
3R	2568875	2568763	Deletion	112
3R	2568875	2568779	Deletion	96
3R	2568875	2568804	Deletion	71
3R	2570957	2570868	Deletion	89
3R	2570943	2570868	Deletion	75
3R	2570966	2570868	Deletion	98
3R	2575703	2575630	Deletion	73
3R	2575750	2575630	Deletion	120
3R	2576487	2576365	Deletion	122
3R	2576487	2576369	Deletion	118
3R	2576487	2576397	Deletion	90
3R	2576487	2576419	Deletion	68
3R	2576487	2576450	Deletion	37
3R	2576487	2576453	Deletion	34
3R	2578572	2578479	Deletion	93
3R	2578673	2578553	Deletion	120
3R	2579249	2579136	Deletion	113
3R	2582629	2582539	Deletion	90
3R	2582658	2582539	Deletion	119
3R	2582576	2582539	Deletion	37
3R	2582632	2582539	Deletion	93
3R	2584203	2584127	Deletion	76
3R	2587741	2587619	Deletion	122
3R	2592252	2592141	Deletion	111
3R	2592252	2592144	Deletion	108
3R	2592252	2592185	Deletion	67
3R	2592252	2592204	Deletion	48
3R	2592252	2592222	Deletion	30
3R	2593759	2593666	Deletion	93
3R	2595678	2595582	Deletion	96
3R	2595641	2595582	Deletion	59
3R	2596277	2596160	Deletion	117
3R	2619067	2618946	Deletion	121
3R	2621449	2621403	Deletion	46
3R	2634724	2634643	Deletion	81
3R	2636803	2636752	Deletion	51
3R	2665942	2665850	Deletion	92
3R	2667655	2667531	Deletion	124
3R	2667655	2667532	Deletion	123
3R	2676269	2676176	Deletion	93
3R	2676269	2676202	Deletion	67
3R	2676269	2676213	Deletion	56
3R	2676269	2676217	Deletion	52
3R	2676480	2676446	Deletion	34
3R	2676517	2676446	Deletion	71
3R	2676521	2676446	Deletion	75
3R	2676506	2676446	Deletion	60
3R	2678870	2678746	Deletion	124
3R	2693270	2693177	Deletion	93
3R	2693270	2693190	Deletion	80
3R	2693270	2693191	Deletion	79
3R	2693270	2693220	Deletion	50
3R	2693674	2693570	Deletion	104
3R	2693617	2693570	Deletion	47
3R	2693647	2693570	Deletion	77
3R	2693618	2693570	Deletion	48
3R	2695626	2695509	Deletion	117
3R	2695626	2695530	Deletion	96
3R	2695626	2695534	Deletion	92
3R	2695961	2695863	Deletion	98
3R	2698004	2697917	Deletion	87
3R	2705984	2705950	Deletion	34
3R	2705980	2705950	Deletion	30
3R	2706070	2705950	Deletion	120
3R	2708066	2708004	Deletion	62
3R	2708125	2708016	Deletion	109
3R	2708125	2708081	Deletion	44
3R	2708411	2708297	Deletion	114
3R	2708380	2708297	Deletion	83
3R	2723710	2723605	Deletion	105
3R	2723710	2723615	Deletion	95
3R	2723710	2723628	Deletion	82
3R	2723710	2723631	Deletion	79
3R	2723710	2723641	Deletion	69
3R	2723710	2723668	Deletion	42
3R	2723710	2723677	Deletion	33
3R	2727472	2727441	Deletion	31
3R	2727498	2727441	Deletion	57
3R	2727485	2727441	Deletion	44
3R	2727488	2727441	Deletion	47
3R	2728161	2728126	Deletion	35
3R	2728402	2728299	Deletion	103
3R	2739047	2738944	Deletion	103
3R	2738992	2738944	Deletion	48
3R	2739327	2739200	Deletion	127
3R	2740853	2740738	Deletion	115
3R	2740853	2740796	Deletion	57
3R	2740853	2740796	Deletion	57
3R	2742155	2742125	Deletion	30
3R	2747244	2747177	Deletion	67
3R	2747271	2747177	Deletion	94
3R	2747292	2747177	Deletion	115
3R	2747264	2747177	Deletion	87
3R	2750302	2750209	Deletion	93
3R	2750293	2750209	Deletion	84
3R	2750318	2750209	Deletion	109
3R	2760475	2760364	Deletion	111
3R	2760475	2760397	Deletion	78
3R	2760475	2760403	Deletion	72
3R	2764136	2764029	Deletion	107
3R	2766301	2766247	Deletion	54
3R	2766368	2766247	Deletion	121
3R	2768164	2768067	Deletion	97
3R	2768164	2768093	Deletion	71
3R	2768164	2768114	Deletion	50
3R	2769564	2769452	Deletion	112
3R	2769560	2769452	Deletion	108
3R	2769508	2769452	Deletion	56
3R	2769522	2769452	Deletion	70
3R	2769522	2769452	Deletion	70
3R	2769529	2769452	Deletion	77
3R	2771851	2771746	Deletion	105
3R	2771851	2771748	Deletion	103
3R	2775902	2775779	Deletion	123
3R	2775902	2775789	Deletion	113
3R	2775902	2775842	Deletion	60
3R	2778519	2778403	Deletion	116
3R	2779622	2779582	Deletion	40
3R	2779926	2779808	Deletion	118
3R	2784274	2784154	Deletion	120
3R	2784274	2784164	Deletion	110
3R	2784274	2784186	Deletion	88
3R	2784274	2784239	Deletion	35
3R	2784365	2784327	Deletion	38
3R	2784418	2784327	Deletion	91
3R	2787568	2787474	Deletion	94
3R	2788573	2788537	Deletion	36
3R	2795187	2795106	Deletion	81
3R	2795187	2795113	Deletion	74
3R	2795591	2795541	Deletion	50
3R	2799031	2798955	Deletion	76
3R	2799472	2799385	Deletion	87
3R	2799450	2799385	Deletion	65
3R	2802876	2802766	Deletion	110
3R	2802876	2802769	Deletion	107
3R	2802876	2802815	Deletion	61
3R	2802876	2802835	Deletion	41
3R	2803014	2802971	Deletion	43
3R	2803351	2803230	Deletion	121
3R	2803282	2803230	Deletion	52
3R	2803315	2803230	Deletion	85
3R	2803344	2803230	Deletion	114
3R	2806860	2806809	Deletion	51
3R	2807932	2807885	Deletion	47
3R	2810576	2810537	Deletion	39
3R	2824698	2824651	Deletion	47
3R	2824913	2824815	Deletion	98
3R	2825503	2825465	Deletion	38
3R	2835959	2835844	Deletion	115
3R	2835959	2835846	Deletion	113
3R	2835959	2835865	Deletion	94
3R	2836813	2836781	Deletion	32
3R	2839087	2838980	Deletion	107
3R	2841351	2841291	Deletion	60
3R	2842204	2842163	Deletion	41
3R	2842396	2842340	Deletion	56
3R	2847569	2847465	Deletion	104
3R	2848852	2848740	Deletion	112
3R	2848852	2848758	Deletion	94
3R	2848852	2848795	Deletion	57
3R	2852885	2852764	Deletion	121
3R	2852885	2852850	Deletion	35
3R	2854672	2854640	Deletion	32
3R	2865108	2865068	Deletion	40
3R	2867839	2867800	Deletion	39
3R	2874731	2874699	Deletion	32
3R	2874768	2874699	Deletion	69
3R	2875498	2875456	Deletion	42
3R	2876817	2876695	Deletion	122
3R	2876817	2876705	Deletion	112
3R	2876817	2876722	Deletion	95
3R	2876817	2876730	Deletion	87
3R	2876817	2876745	Deletion	72
3R	2876817	2876771	Deletion	46
3R	2877863	2877823	Deletion	40
3R	2877922	2877823	Deletion	99
3R	2877904	2877823	Deletion	81
3R	2877878	2877823	Deletion	55
3R	2877855	2877823	Deletion	32
3R	2888233	2888130	Deletion	103
3R	2888233	2888130	Deletion	103
3R	2889979	2889914	Deletion	65
3R	2895714	2895591	Deletion	123
3R	2906771	2906665	Deletion	106
3R	2906771	2906693	Deletion	78
3R	2906771	2906702	Deletion	69
3R	2906771	2906703	Deletion	68
3R	2906771	2906703	Deletion	68
3R	2906771	2906713	Deletion	58
3R	2912405	2912336	Deletion	69
3R	2912395	2912336	Deletion	59
3R	2912385	2912336	Deletion	49
3R	2912395	2912336	Deletion	59
3R	2912440	2912336	Deletion	104
3R	2912394	2912336	Deletion	58
3R	2914237	2914196	Deletion	41
3R	2914237	2914200	Deletion	37
3R	2915565	2915444	Deletion	121
3R	2915533	2915444	Deletion	89
3R	2915529	2915444	Deletion	85
3R	2920381	2920303	Deletion	78
3R	2920650	2920578	Deletion	72
3R	2923769	2923648	Deletion	121
3R	2927674	2927634	Deletion	40
3R	2927740	2927708	Deletion	32
3R	2930168	2930126	Deletion	42
3R	2930767	2930733	Deletion	34
3R	2936668	2936568	Deletion	100
3R	2936689	2936568	Deletion	121
3R	2938928	2938809	Deletion	119
3R	2938928	2938810	Deletion	118
3R	2938928	2938831	Deletion	97
3R	2938928	2938864	Deletion	64
3R	2938928	2938882	Deletion	46
3R	2945523	2945443	Deletion	80
3R	2945505	2945443	Deletion	62
3R	2946444	2946344	Deletion	100
3R	2946444	2946352	Deletion	92
3R	2946444	2946354	Deletion	90
3R	2946444	2946361	Deletion	83
3R	2946444	2946398	Deletion	46
3R	2946444	2946413	Deletion	31
3R	2969134	2969018	Deletion	116
3R	2970811	2970774	Deletion	37
3R	2972005	2971881	Deletion	124
3R	2978825	2978754	Deletion	71
3R	2978825	2978763	Deletion	62
3R	2978825	2978785	Deletion	40
3R	2979397	2979311	Deletion	86
3R	2979375	2979311	Deletion	64
3R	2979366	2979311	Deletion	55
3R	2980799	2980676	Deletion	123
3R	2985751	2985663	Deletion	88
3R	2985751	2985676	Deletion	75
3R	2985751	2985696	Deletion	55
3R	2985751	2985704	Deletion	47
3R	2985751	2985711	Deletion	40
3R	2985922	2985842	Deletion	80
3R	2985914	2985842	Deletion	72
3R	2985894	2985842	Deletion	52
3R	2985929	2985842	Deletion	87
3R	2990289	2990185	Deletion	104
3R	3003768	3003646	Deletion	122
3R	3017387	3017288	Deletion	99
3R	3017387	3017344	Deletion	43
3R	3017387	3017346	Deletion	41
3R	3021141	3021075	Deletion	66
3R	3032539	3032453	Deletion	86
3R	3032537	3032453	Deletion	84
3R	3033768	3033692	Deletion	76
3R	3033720	3033697	Deletion	23
3R	3033914	3033874	Deletion	40
3R	3033924	3033874	Deletion	50
3R	3033911	3033874	Deletion	37
3R	3043944	3043884	Deletion	60
3R	3051845	3051775	Deletion	70
3R	3052059	3051996	Deletion	63
3R	3052899	3052865	Deletion	34
3R	3055299	3055182	Deletion	117
3R	3057226	3057183	Deletion	43
3R	3063145	3063036	Deletion	109
3R	3063145	3063041	Deletion	104
3R	3063145	3063056	Deletion	89
3R	3063679	3063642	Deletion	37
3R	3063746	3063642	Deletion	104
3R	3063766	3063642	Deletion	124
3R	3065398	3065311	Deletion	87
3R	3067542	3067415	Deletion	127
3R	3082651	3082552	Deletion	99
3R	3082621	3082552	Deletion	69
3R	3082608	3082552	Deletion	56
3R	3082591	3082552	Deletion	39
3R	3082664	3082552	Deletion	112
3R	3097652	3097612	Deletion	40
3R	3104054	3104012	Deletion	42
3R	3104174	3104107	Deletion	67
3R	3104621	3104522	Deletion	99
3R	3104646	3104522	Deletion	124
3R	3104642	3104522	Deletion	120
3R	3104636	3104522	Deletion	114
3R	3105098	3105028	Deletion	70
3R	3106504	3106437	Deletion	67
3R	3107317	3107202	Deletion	115
3R	3110391	3110282	Deletion	109
3R	3110391	3110343	Deletion	48
3R	3110391	3110344	Deletion	47
3R	3115500	3115443	Deletion	57
3R	3117447	3117377	Deletion	70
3R	3118887	3118772	Deletion	115
3R	3119349	3119233	Deletion	116
3R	3119302	3119233	Deletion	69
3R	3119353	3119233	Deletion	120
3R	3119313	3119233	Deletion	80
3R	3122614	3122491	Deletion	123
3R	3130574	3130454	Deletion	120
3R	3131238	3131176	Deletion	62
3R	3132951	3132860	Deletion	91
3R	3133245	3133172	Deletion	73
3R	3133595	3133530	Deletion	65
3R	3135225	3135179	Deletion	46
3R	3147111	3147056	Deletion	55
3R	3147111	3147068	Deletion	43
3R	3151521	3151399	Deletion	122
3R	3151722	3151607	Deletion	115
3R	3151722	3151643	Deletion	79
3R	3151722	3151649	Deletion	73
3R	3151722	3151657	Deletion	65
3R	3156762	3156654	Deletion	108
3R	3156715	3156654	Deletion	61
3R	3156768	3156654	Deletion	114
3R	3156725	3156654	Deletion	71
3R	3156737	3156654	Deletion	83
3R	3156763	3156654	Deletion	109
3R	3156707	3156654	Deletion	53
3R	3160268	3160220	Deletion	48
3R	3169914	3169798	Deletion	116
3R	3169914	3169816	Deletion	98
3R	3170182	3170099	Deletion	83
3R	3170215	3170142	Deletion	73
3R	3170264	3170169	Deletion	95
3R	3170265	3170220	Deletion	45
3R	3170305	3170231	Deletion	74
3R	3170367	3170249	Deletion	118
3R	3170373	3170279	Deletion	94
3R	3170327	3170304	Deletion	23
3R	3172510	3172393	Deletion	117
3R	3172510	3172406	Deletion	104
3R	3172510	3172425	Deletion	85
3R	3172510	3172442	Deletion	68
3R	3172510	3172447	Deletion	63
3R	3177036	3176978	Deletion	58
3R	3177041	3176978	Deletion	63
3R	3177019	3176978	Deletion	41
3R	3177071	3176978	Deletion	93
3R	3202544	3202423	Deletion	121
3R	3208812	3208741	Deletion	71
3R	3209846	3209770	Deletion	76
3R	3210618	3210567	Deletion	51
3R	3210617	3210567	Deletion	50
3R	3212045	3211958	Deletion	87
3R	3212045	3211960	Deletion	85
3R	3212045	3211968	Deletion	77
3R	3212045	3211979	Deletion	66
3R	3212045	3211990	Deletion	55
3R	3214436	3214320	Deletion	116
3R	3214359	3214320	Deletion	39
3R	3214369	3214320	Deletion	49
3R	3214425	3214320	Deletion	105
3R	3214967	3214846	Deletion	121
3R	3214967	3214854	Deletion	113
3R	3214967	3214859	Deletion	108
3R	3214967	3214899	Deletion	68
3R	3214967	3214904	Deletion	63
3R	3214967	3214908	Deletion	59
3R	3216307	3216240	Deletion	67
3R	3216303	3216240	Deletion	63
3R	3216360	3216240	Deletion	120
3R	3216598	3216487	Deletion	111
3R	3216598	3216503	Deletion	95
3R	3216691	3216648	Deletion	43
3R	3216745	3216648	Deletion	97
3R	3216735	3216648	Deletion	87
3R	3216745	3216648	Deletion	97
3R	3221993	3221882	Deletion	111
3R	3221993	3221882	Deletion	111
3R	3221993	3221905	Deletion	88
3R	3221993	3221931	Deletion	62
3R	3221993	3221938	Deletion	55
3R	3223641	3223600	Deletion	41
3R	3223671	3223600	Deletion	71
3R	3227053	3226935	Deletion	118
3R	3227053	3226938	Deletion	115
3R	3227882	3227827	Deletion	55
3R	3227875	3227827	Deletion	48
3R	3227949	3227827	Deletion	122
3R	3228112	3227991	Deletion	121
3R	3232171	3232103	Deletion	68
3R	3232935	3232903	Deletion	32
3R	3245351	3245227	Deletion	124
3R	3250124	3250062	Deletion	62
3R	3256217	3256109	Deletion	108
3R	3256217	3256143	Deletion	74
3R	3256217	3256152	Deletion	65
3R	3256217	3256172	Deletion	45
3R	3265359	3265247	Deletion	112
3R	3265370	3265247	Deletion	123
3R	3265332	3265247	Deletion	85
3R	3265309	3265247	Deletion	62
3R	3265329	3265247	Deletion	82
3R	3265350	3265247	Deletion	103
3R	3265300	3265247	Deletion	53
3R	3273810	3273703	Deletion	107
3R	3273744	3273703	Deletion	41
3R	3274350	3274269	Deletion	81
3R	3275972	3275849	Deletion	123
3R	3275972	3275889	Deletion	83
3R	3275972	3275933	Deletion	39
3R	3276053	3276022	Deletion	31
3R	3277248	3277150	Deletion	98
3R	3277248	3277152	Deletion	96
3R	3277248	3277163	Deletion	85
3R	3277248	3277204	Deletion	44
3R	3278938	3278856	Deletion	82
3R	3278894	3278856	Deletion	38
3R	3278960	3278856	Deletion	104
3R	3278920	3278856	Deletion	64
3R	3298176	3298065	Deletion	111
3R	3298176	3298113	Deletion	63
3R	3298176	3298127	Deletion	49
3R	3298226	3298160	Deletion	66
3R	3298433	3298319	Deletion	114
3R	3298396	3298319	Deletion	77
3R	3298422	3298319	Deletion	103
3R	3298427	3298319	Deletion	108
3R	3298438	3298319	Deletion	119
3R	3298933	3298846	Deletion	87
3R	3303859	3303781	Deletion	78
3R	3306318	3306199	Deletion	119
3R	3310471	3310366	Deletion	105
3R	3310471	3310393	Deletion	78
3R	3310471	3310418	Deletion	53
3R	3310471	3310423	Deletion	48
3R	3314526	3314477	Deletion	49
3R	3316754	3316709	Deletion	45
3R	3316754	3316717	Deletion	37
3R	3317810	3317741	Deletion	69
3R	3317967	3317904	Deletion	63
3R	3328391	3328318	Deletion	73
3R	3328399	3328318	Deletion	81
3R	3328396	3328318	Deletion	78
3R	3328440	3328318	Deletion	122
3R	3328366	3328318	Deletion	48
3R	3328431	3328318	Deletion	113
3R	3328407	3328318	Deletion	89
3R	3329002	3328930	Deletion	72
3R	3329002	3328938	Deletion	64
3R	3329002	3328952	Deletion	50
3R	3329922	3329818	Deletion	104
3R	3329924	3329818	Deletion	106
3R	3329898	3329818	Deletion	80
3R	3329929	3329818	Deletion	111
3R	3351877	3351772	Deletion	105
3R	3362242	3362129	Deletion	113
3R	3363067	3362996	Deletion	71
3R	3363067	3363007	Deletion	60
3R	3366012	3365943	Deletion	69
3R	3368818	3368762	Deletion	56
3R	3370252	3370144	Deletion	108
3R	3370254	3370150	Deletion	104
3R	3370254	3370156	Deletion	98
3R	3370254	3370165	Deletion	89
3R	3370254	3370224	Deletion	30
3R	3370500	3370389	Deletion	111
3R	3374304	3374266	Deletion	38
3R	3374382	3374266	Deletion	116
3R	3374363	3374266	Deletion	97
3R	3377053	3376969	Deletion	84
3R	3377053	3376980	Deletion	73
3R	3377053	3377006	Deletion	47
3R	3379490	3379391	Deletion	99
3R	3379445	3379391	Deletion	54
3R	3379434	3379391	Deletion	43
3R	3379471	3379391	Deletion	80
3R	3382084	3381977	Deletion	107
3R	3382084	3381978	Deletion	106
3R	3382084	3381980	Deletion	104
3R	3382084	3381999	Deletion	85
3R	3382084	3382019	Deletion	65
3R	3382084	3382024	Deletion	60
3R	3382084	3382052	Deletion	32
3R	3383541	3383440	Deletion	101
3R	3383481	3383440	Deletion	41
3R	3383501	3383440	Deletion	61
3R	3383534	3383440	Deletion	94
3R	3383543	3383440	Deletion	103
3R	3383506	3383440	Deletion	66
3R	3383552	3383445	Deletion	107
3R	3387054	3387013	Deletion	41
3R	3390710	3390615	Deletion	95
3R	3390710	3390617	Deletion	93
3R	3391845	3391802	Deletion	43
3R	3394480	3394446	Deletion	34
3R	3394478	3394446	Deletion	32
3R	3402254	3402130	Deletion	124
3R	3403362	3403316	Deletion	46
3R	3411051	3410996	Deletion	55
3R	3411207	3411088	Deletion	119
3R	3411207	3411139	Deletion	68
3R	3411207	3411151	Deletion	56
3R	3411207	3411171	Deletion	36
3R	3414065	3413997	Deletion	68
3R	3414065	3414003	Deletion	62
3R	3416304	3416191	Deletion	113
3R	3416270	3416191	Deletion	79
3R	3416249	3416191	Deletion	58
3R	3416254	3416191	Deletion	63
3R	3416281	3416191	Deletion	90
3R	3416261	3416191	Deletion	70
3R	3417059	3417013	Deletion	46
3R	3417758	3417645	Deletion	113
3R	3417706	3417645	Deletion	61
3R	3418809	3418686	Deletion	123
3R	3418798	3418745	Deletion	53
3R	3424649	3424541	Deletion	108
3R	3424649	3424578	Deletion	71
3R	3428831	3428774	Deletion	57
3R	3430259	3430139	Deletion	120
3R	3430263	3430139	Deletion	124
3R	3430181	3430139	Deletion	42
3R	3430171	3430139	Deletion	32
3R	3430350	3430234	Deletion	116
3R	3430350	3430265	Deletion	85
3R	3430350	3430269	Deletion	81
3R	3430350	3430287	Deletion	63
3R	3430350	3430300	Deletion	50
3R	3430350	3430303	Deletion	47
3R	3430350	3430315	Deletion	35
3R	3433395	3433274	Deletion	121
3R	3435404	3435369	Deletion	35
3R	3435404	3435370	Deletion	34
3R	3435691	3435582	Deletion	109
3R	3437546	3437494	Deletion	52
3R	3438147	3438048	Deletion	99
3R	3438614	3438561	Deletion	53
3R	3440697	3440595	Deletion	102
3R	3440697	3440603	Deletion	94
3R	3440697	3440615	Deletion	82
3R	3440697	3440628	Deletion	69
3R	3442868	3442792	Deletion	76
3R	3442837	3442792	Deletion	45
3R	3442833	3442792	Deletion	41
3R	3442883	3442792	Deletion	91
3R	3445413	3445344	Deletion	69
3R	3448054	3447948	Deletion	106
3R	3448012	3447948	Deletion	64
3R	3451204	3451110	Deletion	94
3R	3451204	3451120	Deletion	84
3R	3465461	3465354	Deletion	107
3R	3465461	3465364	Deletion	97
3R	3465461	3465368	Deletion	93
3R	3465461	3465376	Deletion	85
3R	3465461	3465397	Deletion	64
3R	3474917	3474869	Deletion	48
3R	3474948	3474907	Deletion	41
3R	3474969	3474907	Deletion	62
3R	3475018	3474907	Deletion	111
3R	3477686	3477582	Deletion	104
3R	3477686	3477584	Deletion	102
3R	3477686	3477586	Deletion	100
3R	3487124	3487018	Deletion	106
3R	3488822	3488700	Deletion	122
3R	3491581	3491518	Deletion	63
3R	3494705	3494586	Deletion	119
3R	3494705	3494590	Deletion	115
3R	3494705	3494622	Deletion	83
3R	3494825	3494782	Deletion	43
3R	3498163	3498043	Deletion	120
3R	3498163	3498058	Deletion	105
3R	3498163	3498062	Deletion	101
3R	3498163	3498073	Deletion	90
3R	3498163	3498090	Deletion	73
3R	3498163	3498091	Deletion	72
3R	3498163	3498101	Deletion	62
3R	3498163	3498114	Deletion	49
3R	3498163	3498118	Deletion	45
3R	3498163	3498119	Deletion	44
3R	3498163	3498120	Deletion	43
3R	3500566	3500445	Deletion	121
3R	3502617	3502505	Deletion	112
3R	3502704	3502613	Deletion	91
3R	3503023	3502904	Deletion	119
3R	3503023	3502949	Deletion	74
3R	3503023	3502974	Deletion	49
3R	3503023	3502989	Deletion	34
3R	3503319	3503254	Deletion	65
3R	3505628	3505599	Deletion	29
3R	3513069	3512993	Deletion	76
3R	3513069	3513018	Deletion	51
3R	3513356	3513310	Deletion	46
3R	3523337	3523245	Deletion	92
3R	3523337	3523251	Deletion	86
3R	3523337	3523266	Deletion	71
3R	3523337	3523268	Deletion	69
3R	3523337	3523282	Deletion	55
3R	3523337	3523284	Deletion	53
3R	3523337	3523297	Deletion	40
3R	3523337	3523307	Deletion	30
3R	3529853	3529735	Deletion	118
3R	3532317	3532285	Deletion	32
3R	3532448	3532411	Deletion	37
3R	3535039	3535004	Deletion	35
3R	3535098	3535004	Deletion	94
3R	3535112	3535004	Deletion	108
3R	3535557	3535499	Deletion	58
3R	3535573	3535499	Deletion	74
3R	3536520	3536398	Deletion	122
3R	3537008	3536890	Deletion	118
3R	3541335	3541248	Deletion	87
3R	3543727	3543638	Deletion	89
3R	3543814	3543723	Deletion	91
3R	3544183	3544063	Deletion	120
3R	3549615	3549582	Deletion	33
3R	3550410	3550289	Deletion	121
3R	3552435	3552350	Deletion	85
3R	3552441	3552350	Deletion	91
3R	3552384	3552350	Deletion	34
3R	3552936	3552839	Deletion	97
3R	3552874	3552839	Deletion	35
3R	3555323	3555248	Deletion	75
3R	3555410	3555299	Deletion	111
3R	3555410	3555318	Deletion	92
3R	3555410	3555369	Deletion	41
3R	3555410	3555375	Deletion	35
3R	3558648	3558607	Deletion	41
3R	3560905	3560781	Deletion	124
3R	3561092	3561056	Deletion	36
3R	3563416	3563386	Deletion	30
3R	3563479	3563386	Deletion	93
3R	3563937	3563881	Deletion	56
3R	3566337	3566218	Deletion	119
3R	3566337	3566233	Deletion	104
3R	3566337	3566250	Deletion	87
3R	3566424	3566328	Deletion	96
3R	3566608	3566518	Deletion	90
3R	3566557	3566518	Deletion	39
3R	3566569	3566518	Deletion	51
3R	3569165	3569093	Deletion	72
3R	3576529	3576407	Deletion	122
3R	3576529	3576414	Deletion	115
3R	3576529	3576454	Deletion	75
3R	3576529	3576475	Deletion	54
3R	3576529	3576486	Deletion	43
3R	3576529	3576497	Deletion	32
3R	3581284	3581200	Deletion	84
3R	3581252	3581200	Deletion	52
3R	3581295	3581200	Deletion	95
3R	3581273	3581203	Deletion	70
3R	3581922	3581840	Deletion	82
3R	3581922	3581844	Deletion	78
3R	3581922	3581891	Deletion	31
3R	3601619	3601583	Deletion	36
3R	3603273	3603159	Deletion	114
3R	3603273	3603177	Deletion	96
3R	3603273	3603195	Deletion	78
3R	3603437	3603329	Deletion	108
3R	3603424	3603329	Deletion	95
3R	3603429	3603329	Deletion	100
3R	3603359	3603329	Deletion	30
3R	3603377	3603329	Deletion	48
3R	3617288	3617165	Deletion	123
3R	3618780	3618678	Deletion	102
3R	3618755	3618678	Deletion	77
3R	3618795	3618678	Deletion	117
3R	3618800	3618681	Deletion	119
3R	3622928	3622804	Deletion	124
3R	3622928	3622849	Deletion	79
3R	3622928	3622855	Deletion	73
3R	3622928	3622889	Deletion	39
3R	3632189	3632081	Deletion	108
3R	3632169	3632081	Deletion	88
3R	3632135	3632081	Deletion	54
3R	3632129	3632081	Deletion	48
3R	3632194	3632081	Deletion	113
3R	3633218	3633105	Deletion	113
3R	3633218	3633120	Deletion	98
3R	3633218	3633138	Deletion	80
3R	3633218	3633151	Deletion	67
3R	3633218	3633153	Deletion	65
3R	3633218	3633173	Deletion	45
3R	3633395	3633303	Deletion	92
3R	3633362	3633303	Deletion	59
3R	3633364	3633303	Deletion	61
3R	3633383	3633303	Deletion	80
3R	3633384	3633303	Deletion	81
3R	3633416	3633303	Deletion	113
3R	3633349	3633303	Deletion	46
3R	3633417	3633303	Deletion	114
3R	3633423	3633303	Deletion	120
3R	3634649	3634599	Deletion	50
3R	3639340	3639234	Deletion	106
3R	3639340	3639240	Deletion	100
3R	3639340	3639249	Deletion	91
3R	3639340	3639267	Deletion	73
3R	3639340	3639267	Deletion	73
3R	3643493	3643440	Deletion	53
3R	3643508	3643440	Deletion	68
3R	3643559	3643440	Deletion	119
3R	3643475	3643440	Deletion	35
3R	3643563	3643440	Deletion	123
3R	3643493	3643440	Deletion	53
3R	3643499	3643441	Deletion	58
3R	3646272	3646172	Deletion	100
3R	3646375	3646296	Deletion	79
3R	3646876	3646795	Deletion	81
3R	3650176	3650055	Deletion	121
3R	3650176	3650061	Deletion	115
3R	3650176	3650067	Deletion	109
3R	3650176	3650100	Deletion	76
3R	3651535	3651504	Deletion	31
3R	3651556	3651504	Deletion	52
3R	3652084	3651976	Deletion	108
3R	3652084	3651980	Deletion	104
3R	3654520	3654412	Deletion	108
3R	3655384	3655326	Deletion	58
3R	3655384	3655339	Deletion	45
3R	3656688	3656609	Deletion	79
3R	3656762	3656712	Deletion	50
3R	3656856	3656745	Deletion	111
3R	3656792	3656745	Deletion	47
3R	3659606	3659537	Deletion	69
3R	3659606	3659549	Deletion	57
3R	3661511	3661399	Deletion	112
3R	3661511	3661416	Deletion	95
3R	3662294	3662195	Deletion	99
3R	3662252	3662195	Deletion	57
3R	3662264	3662195	Deletion	69
3R	3662939	3662858	Deletion	81
3R	3667024	3666978	Deletion	46
3R	3667946	3667872	Deletion	74
3R	3667946	3667899	Deletion	47
3R	3669247	3669123	Deletion	124
3R	3669247	3669131	Deletion	116
3R	3669339	3669271	Deletion	68
3R	3673616	3673491	Deletion	125
3R	3674275	3674153	Deletion	122
3R	3674275	3674173	Deletion	102
3R	3675035	3674931	Deletion	104
3R	3675238	3675139	Deletion	99
3R	3679526	3679486	Deletion	40
3R	3682917	3682884	Deletion	33
3R	3683099	3683006	Deletion	93
3R	3689223	3689142	Deletion	81
3R	3691118	3691084	Deletion	34
3R	3696777	3696666	Deletion	111
3R	3696777	3696736	Deletion	41
3R	3698042	3697955	Deletion	87
3R	3698834	3698713	Deletion	121
3R	3700000	3699965	Deletion	35
3R	3700421	3700361	Deletion	60
3R	3701131	3701067	Deletion	64
3R	3701887	3701857	Deletion	30
3R	3705427	3705370	Deletion	57
3R	3706815	3706691	Deletion	124
3R	3706815	3706708	Deletion	107
3R	3706815	3706766	Deletion	49
3R	3706815	3706783	Deletion	32
3R	3713485	3713361	Deletion	124
3R	3713455	3713361	Deletion	94
3R	3713438	3713361	Deletion	77
3R	3717467	3717432	Deletion	35
3R	3717521	3717432	Deletion	89
3R	3717475	3717432	Deletion	43
3R	3717654	3717571	Deletion	83
3R	3717654	3717617	Deletion	37
3R	3717927	3717804	Deletion	123
3R	3720785	3720674	Deletion	111
3R	3721085	3720967	Deletion	118
3R	3721198	3721095	Deletion	103
3R	3721198	3721102	Deletion	96
3R	3725187	3725083	Deletion	104
3R	3725204	3725083	Deletion	121
3R	3726472	3726365	Deletion	107
3R	3726472	3726381	Deletion	91
3R	3729531	3729492	Deletion	39
3R	3730016	3729928	Deletion	88
3R	3730720	3730659	Deletion	61
3R	3730881	3730816	Deletion	65
3R	3739961	3739848	Deletion	113
3R	3739961	3739853	Deletion	108
3R	3747923	3747836	Deletion	87
3R	3747916	3747836	Deletion	80
3R	3747874	3747836	Deletion	38
3R	3747888	3747836	Deletion	52
3R	3748210	3748098	Deletion	112
3R	3748210	3748102	Deletion	108
3R	3748210	3748108	Deletion	102
3R	3748210	3748109	Deletion	101
3R	3748210	3748110	Deletion	100
3R	3748210	3748146	Deletion	64
3R	3748210	3748169	Deletion	41
3R	3748210	3748179	Deletion	31
3R	3750400	3750305	Deletion	95
3R	3750367	3750305	Deletion	62
3R	3750425	3750305	Deletion	120
3R	3750426	3750305	Deletion	121
3R	3750427	3750305	Deletion	122
3R	3750390	3750305	Deletion	85
3R	3750403	3750305	Deletion	98
3R	3750466	3750344	Deletion	122
3R	3750464	3750356	Deletion	108
3R	3750466	3750382	Deletion	84
3R	3750466	3750412	Deletion	54
3R	3750466	3750413	Deletion	53
3R	3755193	3755132	Deletion	61
3R	3755193	3755134	Deletion	59
3R	3755193	3755145	Deletion	48
3R	3755316	3755203	Deletion	113
3R	3755319	3755203	Deletion	116
3R	3755306	3755203	Deletion	103
3R	3755275	3755203	Deletion	72
3R	3755276	3755203	Deletion	73
3R	3761433	3761336	Deletion	97
3R	3761433	3761337	Deletion	96
3R	3761433	3761337	Deletion	96
3R	3761433	3761376	Deletion	57
3R	3761433	3761385	Deletion	48
3R	3761433	3761387	Deletion	46
3R	3761433	3761391	Deletion	42
3R	3761996	3761918	Deletion	78
3R	3761987	3761918	Deletion	69
3R	3766882	3766847	Deletion	35
3R	3768243	3768207	Deletion	36
3R	3771491	3771370	Deletion	121
3R	3771491	3771432	Deletion	59
3R	3773646	3773578	Deletion	68
3R	3773648	3773578	Deletion	70
3R	3783857	3783815	Deletion	42
3R	3800408	3800299	Deletion	109
3R	3800408	3800329	Deletion	79
3R	3800408	3800368	Deletion	40
3R	3800408	3800371	Deletion	37
3R	3803805	3803694	Deletion	111
3R	3803765	3803694	Deletion	71
3R	3805501	3805456	Deletion	45
3R	3805932	3805838	Deletion	94
3R	3812322	3812283	Deletion	39
3R	3812482	3812361	Deletion	121
3R	3816052	3815959	Deletion	93
3R	3819342	3819235	Deletion	107
3R	3819342	3819286	Deletion	56
3R	3819342	3819297	Deletion	45
3R	3822253	3822139	Deletion	114
3R	3825944	3825851	Deletion	93
3R	3826785	3826715	Deletion	70
3R	3826785	3826746	Deletion	39
3R	3827294	3827262	Deletion	32
3R	3828184	3828143	Deletion	41
3R	3829883	3829847	Deletion	36
3R	3831609	3831515	Deletion	94
3R	3832064	3831986	Deletion	78
3R	3832306	3832269	Deletion	37
3R	3835615	3835492	Deletion	123
3R	3835606	3835542	Deletion	64
3R	3841275	3841231	Deletion	44
3R	3856994	3856871	Deletion	123
3R	3860585	3860464	Deletion	121
3R	3861893	3861851	Deletion	42
3R	3875127	3875094	Deletion	33
3R	3875444	3875349	Deletion	95
3R	3875444	3875360	Deletion	84
3R	3875444	3875390	Deletion	54
3R	3875444	3875394	Deletion	50
3R	3891308	3891272	Deletion	36
3R	3892459	3892398	Deletion	61
3R	3892493	3892398	Deletion	95
3R	3894906	3894795	Deletion	111
3R	3895543	3895500	Deletion	43
3R	3895722	3895688	Deletion	34
3R	3896439	3896328	Deletion	111
3R	3896439	3896334	Deletion	105
3R	3896439	3896399	Deletion	40
3R	3896609	3896512	Deletion	97
3R	3896634	3896512	Deletion	122
3R	3896942	3896852	Deletion	90
3R	3903372	3903250	Deletion	122
3R	3904337	3904216	Deletion	121
3R	3908710	3908588	Deletion	122
3R	3908710	3908609	Deletion	101
3R	3908710	3908612	Deletion	98
3R	3908710	3908621	Deletion	89
3R	3908710	3908646	Deletion	64
3R	3923678	3923583	Deletion	95
3R	3924512	3924427	Deletion	85
3R	3924528	3924427	Deletion	101
3R	3924509	3924427	Deletion	82
3R	3927969	3927847	Deletion	122
3R	3930757	3930713	Deletion	44
3R	3931473	3931395	Deletion	78
3R	3935190	3935117	Deletion	73
3R	3935190	3935143	Deletion	47
3R	3935190	3935145	Deletion	45
3R	3935984	3935954	Deletion	30
3R	3936038	3935954	Deletion	84
3R	3936034	3935954	Deletion	80
3R	3942784	3942738	Deletion	46
3R	3951407	3951353	Deletion	54
3R	3952498	3952383	Deletion	115
3R	3952498	3952412	Deletion	86
3R	3952498	3952419	Deletion	79
3R	3953857	3953733	Deletion	124
3R	3953783	3953736	Deletion	47
3R	3953789	3953736	Deletion	53
3R	3953857	3953736	Deletion	121
3R	3958777	3958727	Deletion	50
3R	3959701	3959609	Deletion	92
3R	3964549	3964509	Deletion	40
3R	3967403	3967335	Deletion	68
3R	3967455	3967335	Deletion	120
3R	3969002	3968966	Deletion	36
3R	3971634	3971554	Deletion	80
3R	3973523	3973457	Deletion	66
3R	3975187	3975122	Deletion	65
3R	3976050	3975936	Deletion	114
3R	3976050	3975960	Deletion	90
3R	3976050	3975963	Deletion	87
3R	3976050	3975963	Deletion	87
3R	3976050	3975964	Deletion	86
3R	3979509	3979439	Deletion	70
3R	3983073	3983042	Deletion	31
3R	3985156	3985083	Deletion	73
3R	3988006	3987952	Deletion	54
3R	4001390	4001318	Deletion	72
3R	4001390	4001338	Deletion	52
3R	4001390	4001350	Deletion	40
3R	4003845	4003783	Deletion	62
3R	4003850	4003809	Deletion	41
3R	4003849	4003809	Deletion	40
3R	4004189	4004114	Deletion	75
3R	4004189	4004154	Deletion	35
3R	4005665	4005545	Deletion	120
3R	4007824	4007787	Deletion	37
3R	4009644	4009548	Deletion	96
3R	4009644	4009602	Deletion	42
3R	4011727	4011644	Deletion	83
3R	4011736	4011644	Deletion	92
3R	4011732	4011644	Deletion	88
3R	4012019	4011960	Deletion	59
3R	4012143	4012124	Deletion	19
3R	4012165	4012124	Deletion	41
3R	4012166	4012124	Deletion	42
3R	4012219	4012124	Deletion	95
3R	4012175	4012124	Deletion	51
3R	4020506	4020385	Deletion	121
3R	4021130	4021008	Deletion	122
3R	4022354	4022288	Deletion	66
3R	4022410	4022288	Deletion	122
3R	4022372	4022288	Deletion	84
3R	4024026	4023905	Deletion	121
3R	4024026	4023924	Deletion	102
3R	4024026	4023940	Deletion	86
3R	4024026	4023973	Deletion	53
3R	4024026	4023990	Deletion	36
3R	4026911	4026869	Deletion	42
3R	4033480	4033389	Deletion	91
3R	4033463	4033389	Deletion	74
3R	4033430	4033389	Deletion	41
3R	4036278	4036158	Deletion	120
3R	4036278	4036219	Deletion	59
3R	4037526	4037449	Deletion	77
3R	4037516	4037449	Deletion	67
3R	4037549	4037449	Deletion	100
3R	4037566	4037449	Deletion	117
3R	4037529	4037449	Deletion	80
3R	4038850	4038754	Deletion	96
3R	4038850	4038762	Deletion	88
3R	4038850	4038777	Deletion	73
3R	4038850	4038817	Deletion	33
3R	4039130	4039076	Deletion	54
3R	4039170	4039076	Deletion	94
3R	4039115	4039076	Deletion	39
3R	4039107	4039076	Deletion	31
3R	4040109	4039992	Deletion	117
3R	4040113	4039995	Deletion	118
3R	4040113	4040009	Deletion	104
3R	4040113	4040010	Deletion	103
3R	4040113	4040012	Deletion	101
3R	4046085	4045979	Deletion	106
3R	4054366	4054282	Deletion	84
3R	4054873	4054754	Deletion	119
3R	4054864	4054754	Deletion	110
3R	4054798	4054754	Deletion	44
3R	4056453	4056410	Deletion	43
3R	4058029	4057949	Deletion	80
3R	4075954	4075830	Deletion	124
3R	4075954	4075834	Deletion	120
3R	4075954	4075838	Deletion	116
3R	4075954	4075862	Deletion	92
3R	4075954	4075921	Deletion	33
3R	4076109	4076004	Deletion	105
3R	4076038	4076004	Deletion	34
3R	4076097	4076004	Deletion	93
3R	4081344	4081231	Deletion	113
3R	4081344	4081241	Deletion	103
3R	4081344	4081252	Deletion	92
3R	4081344	4081260	Deletion	84
3R	4081344	4081262	Deletion	82
3R	4081344	4081265	Deletion	79
3R	4081344	4081282	Deletion	62
3R	4081344	4081307	Deletion	37
3R	4081581	4081539	Deletion	42
3R	4081583	4081539	Deletion	44
3R	4081628	4081539	Deletion	89
3R	4081647	4081539	Deletion	108
3R	4081604	4081539	Deletion	65
3R	4081586	4081539	Deletion	47
3R	4081573	4081539	Deletion	34
3R	4084022	4083909	Deletion	113
3R	4084022	4083912	Deletion	110
3R	4084022	4083915	Deletion	107
3R	4084022	4083935	Deletion	87
3R	4084022	4083950	Deletion	72
3R	4084022	4083960	Deletion	62
3R	4084022	4083967	Deletion	55
3R	4084022	4083979	Deletion	43
3R	4089438	4089373	Deletion	65
3R	4089486	4089373	Deletion	113
3R	4089445	4089373	Deletion	72
3R	4093561	4093483	Deletion	78
3R	4093561	4093504	Deletion	57
3R	4105324	4105236	Deletion	88
3R	4105397	4105283	Deletion	114
3R	4105641	4105561	Deletion	80
3R	4106051	4105998	Deletion	53
3R	4108330	4108271	Deletion	59
3R	4108304	4108271	Deletion	33
3R	4113120	4112998	Deletion	122
3R	4113120	4113022	Deletion	98
3R	4113120	4113042	Deletion	78
3R	4116425	4116352	Deletion	73
3R	4119521	4119472	Deletion	49
3R	4120312	4120215	Deletion	97
3R	4122621	4122549	Deletion	72
3R	4123490	4123373	Deletion	117
3R	4125953	4125900	Deletion	53
3R	4126139	4126092	Deletion	47
3R	4126142	4126092	Deletion	50
3R	4135250	4135130	Deletion	120
3R	4136787	4136680	Deletion	107
3R	4136787	4136736	Deletion	51
3R	4136787	4136755	Deletion	32
3R	4142631	4142547	Deletion	84
3R	4142631	4142576	Deletion	55
3R	4142988	4142944	Deletion	44
3R	4143134	4143084	Deletion	50
3R	4143198	4143084	Deletion	114
3R	4143141	4143084	Deletion	57
3R	4143203	4143084	Deletion	119
3R	4143115	4143084	Deletion	31
3R	4154592	4154488	Deletion	104
3R	4154592	4154530	Deletion	62
3R	4157595	4157474	Deletion	121
3R	4161794	4161670	Deletion	124
3R	4161794	4161680	Deletion	114
3R	4161794	4161724	Deletion	70
3R	4161794	4161735	Deletion	59
3R	4161794	4161738	Deletion	56
3R	4161794	4161741	Deletion	53
3R	4161794	4161747	Deletion	47
3R	4161794	4161756	Deletion	38
3R	4167319	4167251	Deletion	68
3R	4167331	4167251	Deletion	80
3R	4167365	4167251	Deletion	114
3R	4167325	4167251	Deletion	74
3R	4167308	4167251	Deletion	57
3R	4167322	4167251	Deletion	71
3R	4167340	4167251	Deletion	89
3R	4174148	4174060	Deletion	88
3R	4174168	4174080	Deletion	88
3R	4174168	4174126	Deletion	42
3R	4174158	4174133	Deletion	25
3R	4174393	4174278	Deletion	115
3R	4174366	4174278	Deletion	88
3R	4176920	4176807	Deletion	113
3R	4176920	4176828	Deletion	92
3R	4176920	4176828	Deletion	92
3R	4176920	4176834	Deletion	86
3R	4176920	4176852	Deletion	68
3R	4176920	4176878	Deletion	42
3R	4177237	4177153	Deletion	84
3R	4177187	4177153	Deletion	34
3R	4177187	4177153	Deletion	34
3R	4177193	4177153	Deletion	40
3R	4177211	4177153	Deletion	58
3R	4192740	4192638	Deletion	102
3R	4192740	4192639	Deletion	101
3R	4192740	4192644	Deletion	96
3R	4192740	4192644	Deletion	96
3R	4192740	4192691	Deletion	49
3R	4192740	4192701	Deletion	39
3R	4192740	4192702	Deletion	38
3R	4192740	4192703	Deletion	37
3R	4192921	4192834	Deletion	87
3R	4192911	4192834	Deletion	77
3R	4192956	4192834	Deletion	122
3R	4192864	4192834	Deletion	30
3R	4192922	4192834	Deletion	88
3R	4192923	4192834	Deletion	89
3R	4192864	4192834	Deletion	30
3R	4193252	4193141	Deletion	111
3R	4193252	4193180	Deletion	72
3R	4193252	4193187	Deletion	65
3R	4193252	4193207	Deletion	45
3R	4193252	4193215	Deletion	37
3R	4193252	4193217	Deletion	35
3R	4196675	4196552	Deletion	123
3R	4196663	4196552	Deletion	111
3R	4196616	4196552	Deletion	64
3R	4196636	4196552	Deletion	84
3R	4196609	4196552	Deletion	57
3R	4196646	4196552	Deletion	94
3R	4196644	4196552	Deletion	92
3R	4203900	4203803	Deletion	97
3R	4203900	4203818	Deletion	82
3R	4203900	4203837	Deletion	63
3R	4203900	4203852	Deletion	48
3R	4203900	4203870	Deletion	30
3R	4204084	4204054	Deletion	30
3R	4204162	4204054	Deletion	108
3R	4204151	4204054	Deletion	97
3R	4204099	4204054	Deletion	45
3R	4204177	4204054	Deletion	123
3R	4204118	4204054	Deletion	64
3R	4204133	4204054	Deletion	79
3R	4205513	4205414	Deletion	99
3R	4205513	4205416	Deletion	97
3R	4206006	4205975	Deletion	31
3R	4206099	4205975	Deletion	124
3R	4206085	4205975	Deletion	110
3R	4207414	4207359	Deletion	55
3R	4207401	4207359	Deletion	42
3R	4207428	4207359	Deletion	69
3R	4210563	4210462	Deletion	101
3R	4211129	4211008	Deletion	121
3R	4217875	4217753	Deletion	122
3R	4217875	4217772	Deletion	103
3R	4217875	4217780	Deletion	95
3R	4217875	4217802	Deletion	73
3R	4217875	4217811	Deletion	64
3R	4217872	4217823	Deletion	49
3R	4219310	4219257	Deletion	53
3R	4219332	4219257	Deletion	75
3R	4219367	4219257	Deletion	110
3R	4219367	4219257	Deletion	110
3R	4219319	4219257	Deletion	62
3R	4219288	4219257	Deletion	31
3R	4241132	4241041	Deletion	91
3R	4241132	4241060	Deletion	72
3R	4241132	4241074	Deletion	58
3R	4241132	4241075	Deletion	57
3R	4241132	4241076	Deletion	56
3R	4241132	4241077	Deletion	55
3R	4241132	4241088	Deletion	44
3R	4242096	4241977	Deletion	119
3R	4242080	4241977	Deletion	103
3R	4242045	4241977	Deletion	68
3R	4242031	4241977	Deletion	54
3R	4242047	4241977	Deletion	70
3R	4242059	4241977	Deletion	82
3R	4242048	4241977	Deletion	71
3R	4242046	4241977	Deletion	69
3R	4242012	4241977	Deletion	35
3R	4258901	4258870	Deletion	31
3R	4259966	4259877	Deletion	89
3R	4261426	4261363	Deletion	63
3R	4262889	4262808	Deletion	81
3R	4267837	4267739	Deletion	98
3R	4267837	4267775	Deletion	62
3R	4267837	4267804	Deletion	33
3R	4276658	4276542	Deletion	116
3R	4276617	4276551	Deletion	66
3R	4294787	4294665	Deletion	122
3R	4298931	4298821	Deletion	110
3R	4298931	4298825	Deletion	106
3R	4298931	4298839	Deletion	92
3R	4298931	4298864	Deletion	67
3R	4298931	4298882	Deletion	49
3R	4298931	4298888	Deletion	43
3R	4298931	4298899	Deletion	32
3R	4305673	4305564	Deletion	109
3R	4305641	4305564	Deletion	77
3R	4305598	4305564	Deletion	34
3R	4305683	4305564	Deletion	119
3R	4305658	4305564	Deletion	94
3R	4305623	4305564	Deletion	59
3R	4305647	4305564	Deletion	83
3R	4305687	4305564	Deletion	123
3R	4310057	4309978	Deletion	79
3R	4310057	4310004	Deletion	53
3R	4310057	4310012	Deletion	45
3R	4310057	4310025	Deletion	32
3R	4310698	4310604	Deletion	94
3R	4310718	4310604	Deletion	114
3R	4310713	4310604	Deletion	109
3R	4310685	4310604	Deletion	81
3R	4310677	4310604	Deletion	73
3R	4310651	4310604	Deletion	47
3R	4310706	4310604	Deletion	102
3R	4322059	4321965	Deletion	94
3R	4322059	4322020	Deletion	39
3R	4322059	4322028	Deletion	31
3R	4322832	4322742	Deletion	90
3R	4322777	4322742	Deletion	35
3R	4322840	4322742	Deletion	98
3R	4324799	4324678	Deletion	121
3R	4329602	4329485	Deletion	117
3R	4329602	4329528	Deletion	74
3R	4330703	4330602	Deletion	101
3R	4330655	4330602	Deletion	53
3R	4330701	4330602	Deletion	99
3R	4342621	4342499	Deletion	122
3R	4346414	4346292	Deletion	122
3R	4359430	4359309	Deletion	121
3R	4359430	4359318	Deletion	112
3R	4359430	4359356	Deletion	74
3R	4359430	4359384	Deletion	46
3R	4359974	4359894	Deletion	80
3R	4360009	4359894	Deletion	115
3R	4359991	4359894	Deletion	97
3R	4359946	4359894	Deletion	52
3R	4364301	4364180	Deletion	121
3R	4369793	4369739	Deletion	54
3R	4372289	4372167	Deletion	122
3R	4375227	4375106	Deletion	121
3R	4375227	4375110	Deletion	117
3R	4385064	4384955	Deletion	109
3R	4385071	4384955	Deletion	116
3R	4385070	4384955	Deletion	115
3R	4385370	4385286	Deletion	84
3R	4385370	4385287	Deletion	83
3R	4385370	4385288	Deletion	82
3R	4385370	4385304	Deletion	66
3R	4385370	4385308	Deletion	62
3R	4385370	4385309	Deletion	61
3R	4385370	4385334	Deletion	36
3R	4392465	4392435	Deletion	30
3R	4392467	4392435	Deletion	32
3R	4392467	4392435	Deletion	32
3R	4392467	4392435	Deletion	32
3R	4392467	4392435	Deletion	32
3R	4392467	4392435	Deletion	32
3R	4392467	4392435	Deletion	32
3R	4392467	4392435	Deletion	32
3R	4392467	4392435	Deletion	32
3R	4392580	4392546	Deletion	34
3R	4392634	4392546	Deletion	88
3R	4392618	4392546	Deletion	72
3R	4392670	4392546	Deletion	124
3R	4392579	4392546	Deletion	33
3R	4392605	4392546	Deletion	59
3R	4399353	4399269	Deletion	84
3R	4399353	4399296	Deletion	57
3R	4399353	4399305	Deletion	48
3R	4399353	4399320	Deletion	33
3R	4399583	4399511	Deletion	72
3R	4399618	4399511	Deletion	107
3R	4399556	4399511	Deletion	45
3R	4399592	4399511	Deletion	81
3R	4399630	4399511	Deletion	119
3R	4399607	4399511	Deletion	96
3R	4402557	4402521	Deletion	36
3R	4403931	4403821	Deletion	110
3R	4403931	4403826	Deletion	105
3R	4403931	4403845	Deletion	86
3R	4403931	4403862	Deletion	69
3R	4407660	4407619	Deletion	41
3R	4407677	4407619	Deletion	58
3R	4409226	4409122	Deletion	104
3R	4409167	4409122	Deletion	45
3R	4409529	4409406	Deletion	123
3R	4410368	4410249	Deletion	119
3R	4410368	4410267	Deletion	101
3R	4410368	4410281	Deletion	87
3R	4410749	4410719	Deletion	30
3R	4410809	4410732	Deletion	77
3R	4412209	4412117	Deletion	92
3R	4412621	4412527	Deletion	94
3R	4426226	4426103	Deletion	123
3R	4429359	4429255	Deletion	104
3R	4429359	4429264	Deletion	95
3R	4429359	4429268	Deletion	91
3R	4429359	4429299	Deletion	60
3R	4429359	4429316	Deletion	43
3R	4429359	4429324	Deletion	35
3R	4438054	4437963	Deletion	91
3R	4438076	4437963	Deletion	113
3R	4438046	4437963	Deletion	83
3R	4438029	4437963	Deletion	66
3R	4437998	4437963	Deletion	35
3R	4437994	4437964	Deletion	30
3R	4446514	4446406	Deletion	108
3R	4446514	4446407	Deletion	107
3R	4446514	4446409	Deletion	105
3R	4446514	4446416	Deletion	98
3R	4446514	4446428	Deletion	86
3R	4446514	4446434	Deletion	80
3R	4446514	4446469	Deletion	45
3R	4450221	4450190	Deletion	31
3R	4450274	4450190	Deletion	84
3R	4450239	4450190	Deletion	49
3R	4450233	4450190	Deletion	43
3R	4481400	4481278	Deletion	122
3R	4496398	4496281	Deletion	117
3R	4496398	4496283	Deletion	115
3R	4496398	4496298	Deletion	100
3R	4496398	4496313	Deletion	85
3R	4496398	4496318	Deletion	80
3R	4496398	4496348	Deletion	50
3R	4500135	4500094	Deletion	41
3R	4500170	4500094	Deletion	76
3R	4500191	4500094	Deletion	97
3R	4500140	4500094	Deletion	46
3R	4500199	4500094	Deletion	105
3R	4500215	4500097	Deletion	118
3R	4514004	4513881	Deletion	123
3R	4527149	4527026	Deletion	123
3R	4527149	4527029	Deletion	120
3R	4527149	4527044	Deletion	105
3R	4527149	4527079	Deletion	70
3R	4527149	4527097	Deletion	52
3R	4527149	4527100	Deletion	49
3R	4527149	4527105	Deletion	44
3R	4527566	4527484	Deletion	82
3R	4527558	4527484	Deletion	74
3R	4527540	4527484	Deletion	56
3R	4527561	4527484	Deletion	77
3R	4527605	4527484	Deletion	121
3R	4527606	4527484	Deletion	122
3R	4527589	4527484	Deletion	105
3R	4536319	4536196	Deletion	123
3R	4536974	4536852	Deletion	122
3R	4556070	4555949	Deletion	121
3R	4556070	4555956	Deletion	114
3R	4556070	4555965	Deletion	105
3R	4556070	4555983	Deletion	87
3R	4556070	4556040	Deletion	30
3R	4556270	4556172	Deletion	98
3R	4556274	4556172	Deletion	102
3R	4556213	4556172	Deletion	41
3R	4569764	4569648	Deletion	116
3R	4569764	4569656	Deletion	108
3R	4569764	4569664	Deletion	100
3R	4569764	4569702	Deletion	62
3R	4569764	4569727	Deletion	37
3R	4570349	4570284	Deletion	65
3R	4570374	4570284	Deletion	90
3R	4571371	4571248	Deletion	123
3R	4572833	4572797	Deletion	36
3R	4576902	4576811	Deletion	91
3R	4576918	4576811	Deletion	107
3R	4595826	4595704	Deletion	122
3R	4601219	4601108	Deletion	111
3R	4601219	4601120	Deletion	99
3R	4601219	4601140	Deletion	79
3R	4606039	4605916	Deletion	123
3R	4605964	4605916	Deletion	48
3R	4610566	4610489	Deletion	77
3R	4610566	4610520	Deletion	46
3R	4610566	4610527	Deletion	39
3R	4611672	4611554	Deletion	118
3R	4611672	4611591	Deletion	81
3R	4611672	4611610	Deletion	62
3R	4619624	4619576	Deletion	48
3R	4619643	4619576	Deletion	67
3R	4624881	4624757	Deletion	124
3R	4624881	4624768	Deletion	113
3R	4624881	4624813	Deletion	68
3R	4624881	4624815	Deletion	66
3R	4627655	4627597	Deletion	58
3R	4627657	4627597	Deletion	60
3R	4637157	4637069	Deletion	88
3R	4637157	4637110	Deletion	47
3R	4638127	4638048	Deletion	79
3R	4638086	4638048	Deletion	38
3R	4638146	4638048	Deletion	98
3R	4638146	4638048	Deletion	98
3R	4638169	4638048	Deletion	121
3R	4638146	4638048	Deletion	98
3R	4639264	4639161	Deletion	103
3R	4639264	4639214	Deletion	50
3R	4639264	4639216	Deletion	48
3R	4639264	4639218	Deletion	46
3R	4639426	4639315	Deletion	111
3R	4639396	4639315	Deletion	81
3R	4639394	4639315	Deletion	79
3R	4639425	4639315	Deletion	110
3R	4639392	4639315	Deletion	77
3R	4642081	4641967	Deletion	114
3R	4642081	4642002	Deletion	79
3R	4642081	4642034	Deletion	47
3R	4642081	4642038	Deletion	43
3R	4642081	4642045	Deletion	36
3R	4646497	4646412	Deletion	85
3R	4646504	4646412	Deletion	92
3R	4646493	4646412	Deletion	81
3R	4646461	4646412	Deletion	49
3R	4662639	4662517	Deletion	122
3R	4669186	4669063	Deletion	123
3R	4683434	4683356	Deletion	78
3R	4686300	4686199	Deletion	101
3R	4686300	4686213	Deletion	87
3R	4686300	4686225	Deletion	75
3R	4686300	4686252	Deletion	48
3R	4686300	4686259	Deletion	41
3R	4686300	4686263	Deletion	37
3R	4686300	4686270	Deletion	30
3R	4687255	4687138	Deletion	117
3R	4687223	4687138	Deletion	85
3R	4687216	4687138	Deletion	78
3R	4687189	4687138	Deletion	51
3R	4687227	4687138	Deletion	89
3R	4687177	4687138	Deletion	39
3R	4687234	4687138	Deletion	96
3R	4719968	4719894	Deletion	74
3R	4719968	4719903	Deletion	65
3R	4722764	4722710	Deletion	54
3R	4722773	4722710	Deletion	63
3R	4733845	4733723	Deletion	122
3R	4733845	4733737	Deletion	108
3R	4733845	4733751	Deletion	94
3R	4733845	4733776	Deletion	69
3R	4733845	4733799	Deletion	46
3R	4733845	4733810	Deletion	35
3R	4739806	4739687	Deletion	119
3R	4739788	4739687	Deletion	101
3R	4739746	4739687	Deletion	59
3R	4739769	4739687	Deletion	82
3R	4739780	4739687	Deletion	93
3R	4739795	4739687	Deletion	108
3R	4739721	4739687	Deletion	34
3R	4746428	4746308	Deletion	120
3R	4746428	4746310	Deletion	118
3R	4746428	4746310	Deletion	118
3R	4746428	4746326	Deletion	102
3R	4746428	4746338	Deletion	90
3R	4746428	4746350	Deletion	78
3R	4747415	4747318	Deletion	97
3R	4747426	4747318	Deletion	108
3R	4747366	4747318	Deletion	48
3R	4747354	4747318	Deletion	36
3R	4749852	4749732	Deletion	120
3R	4754575	4754513	Deletion	62
3R	4757171	4757056	Deletion	115
3R	4757171	4757057	Deletion	114
3R	4757171	4757069	Deletion	102
3R	4757422	4757298	Deletion	124
3R	4758237	4758141	Deletion	96
3R	4758189	4758141	Deletion	48
3R	4758248	4758141	Deletion	107
3R	4758182	4758141	Deletion	41
3R	4760805	4760712	Deletion	93
3R	4783162	4783096	Deletion	66
3R	4783533	4783423	Deletion	110
3R	4783485	4783423	Deletion	62
3R	4787107	4786986	Deletion	121
3R	4792366	4792242	Deletion	124
3R	4792366	4792243	Deletion	123
3R	4792366	4792270	Deletion	96
3R	4792366	4792313	Deletion	53
3R	4792366	4792320	Deletion	46
3R	4792366	4792326	Deletion	40
3R	4797028	4796948	Deletion	80
3R	4796978	4796948	Deletion	30
3R	4797034	4796948	Deletion	86
3R	4797021	4796948	Deletion	73
3R	4802272	4802153	Deletion	119
3R	4802272	4802157	Deletion	115
3R	4802272	4802167	Deletion	105
3R	4802272	4802227	Deletion	45
3R	4803912	4803831	Deletion	81
3R	4806980	4806872	Deletion	108
3R	4806980	4806929	Deletion	51
3R	4806982	4806934	Deletion	48
3R	4821618	4821500	Deletion	118
3R	4821617	4821500	Deletion	117
3R	4821575	4821500	Deletion	75
3R	4821604	4821500	Deletion	104
3R	4821580	4821501	Deletion	79
3R	4822640	4822521	Deletion	119
3R	4829663	4829545	Deletion	118
3R	4829663	4829551	Deletion	112
3R	4829663	4829560	Deletion	103
3R	4829663	4829580	Deletion	83
3R	4829660	4829587	Deletion	73
3R	4829663	4829603	Deletion	60
3R	4829663	4829610	Deletion	53
3R	4829663	4829616	Deletion	47
3R	4838490	4838424	Deletion	66
3R	4838474	4838424	Deletion	50
3R	4838503	4838424	Deletion	79
3R	4838538	4838424	Deletion	114
3R	4838534	4838424	Deletion	110
3R	4838497	4838424	Deletion	73
3R	4838467	4838424	Deletion	43
3R	4844262	4844185	Deletion	77
3R	4844262	4844190	Deletion	72
3R	4844262	4844219	Deletion	43
3R	4844262	4844232	Deletion	30
3R	4844643	4844526	Deletion	117
3R	4844623	4844526	Deletion	97
3R	4844610	4844526	Deletion	84
3R	4844650	4844526	Deletion	124
3R	4844576	4844526	Deletion	50
3R	4844581	4844526	Deletion	55
3R	4844643	4844526	Deletion	117
3R	4861885	4861782	Deletion	103
3R	4861885	4861800	Deletion	85
3R	4861885	4861808	Deletion	77
3R	4861885	4861837	Deletion	48
3R	4862243	4862193	Deletion	50
3R	4862292	4862193	Deletion	99
3R	4862235	4862193	Deletion	42
3R	4862272	4862193	Deletion	79
3R	4868716	4868594	Deletion	122
3R	4892742	4892685	Deletion	57
3R	4893299	4893212	Deletion	87
3R	4894471	4894377	Deletion	94
3R	4894493	4894377	Deletion	116
3R	4894437	4894377	Deletion	60
3R	4894491	4894377	Deletion	114
3R	4894421	4894377	Deletion	44
3R	4896009	4895896	Deletion	113
3R	4896009	4895917	Deletion	92
3R	4896009	4895917	Deletion	92
3R	4896009	4895954	Deletion	55
3R	4896009	4895964	Deletion	45
3R	4896009	4895972	Deletion	37
3R	4896306	4896271	Deletion	35
3R	4896394	4896271	Deletion	123
3R	4896343	4896271	Deletion	72
3R	4896379	4896271	Deletion	108
3R	4896361	4896271	Deletion	90
3R	4896353	4896271	Deletion	82
3R	4896306	4896271	Deletion	35
3R	4897321	4897197	Deletion	124
3R	4897321	4897235	Deletion	86
3R	4897321	4897267	Deletion	54
3R	4897321	4897271	Deletion	50
3R	4897321	4897272	Deletion	49
3R	4899375	4899334	Deletion	41
3R	4899411	4899334	Deletion	77
3R	4899407	4899334	Deletion	73
3R	4899411	4899334	Deletion	77
3R	4906704	4906585	Deletion	119
3R	4906704	4906621	Deletion	83
3R	4906704	4906644	Deletion	60
3R	4906990	4906947	Deletion	43
3R	4907013	4906947	Deletion	66
3R	4908925	4908823	Deletion	102
3R	4908925	4908838	Deletion	87
3R	4908925	4908853	Deletion	72
3R	4908925	4908869	Deletion	56
3R	4909375	4909251	Deletion	124
3R	4909290	4909251	Deletion	39
3R	4909305	4909251	Deletion	54
3R	4909321	4909251	Deletion	70
3R	4911632	4911513	Deletion	119
3R	4916075	4915957	Deletion	118
3R	4916075	4915996	Deletion	79
3R	4916075	4916026	Deletion	49
3R	4916075	4916029	Deletion	46
3R	4929903	4929823	Deletion	80
3R	4929941	4929823	Deletion	118
3R	4929900	4929823	Deletion	77
3R	4929870	4929823	Deletion	47
3R	4938917	4938831	Deletion	86
3R	4938917	4938836	Deletion	81
3R	4938917	4938850	Deletion	67
3R	4938917	4938852	Deletion	65
3R	4938917	4938859	Deletion	58
3R	4938917	4938860	Deletion	57
3R	4938917	4938874	Deletion	43
3R	4952360	4952299	Deletion	61
3R	4952368	4952299	Deletion	69
3R	4952358	4952299	Deletion	59
3R	4952416	4952299	Deletion	117
3R	4952344	4952299	Deletion	45
3R	4952367	4952299	Deletion	68
3R	4952339	4952299	Deletion	40
3R	4952382	4952299	Deletion	83
3R	4952401	4952299	Deletion	102
3R	4959714	4959597	Deletion	117
3R	4959714	4959628	Deletion	86
3R	4959714	4959630	Deletion	84
3R	4959714	4959657	Deletion	57
3R	4963734	4963694	Deletion	40
3R	4963763	4963694	Deletion	69
3R	4963736	4963694	Deletion	42
3R	4972282	4972179	Deletion	103
3R	4972282	4972210	Deletion	72
3R	4972282	4972221	Deletion	61
3R	4972282	4972228	Deletion	54
3R	4972282	4972230	Deletion	52
3R	4973324	4973249	Deletion	75
3R	4973315	4973249	Deletion	66
3R	4973304	4973249	Deletion	55
3R	4973322	4973249	Deletion	73
3R	4980689	4980565	Deletion	124
3R	4980689	4980565	Deletion	124
3R	4980689	4980605	Deletion	84
3R	4980689	4980637	Deletion	52
3R	4980689	4980650	Deletion	39
3R	4980814	4980738	Deletion	76
3R	4980782	4980738	Deletion	44
3R	4980827	4980738	Deletion	89
3R	4989645	4989521	Deletion	124
3R	4991102	4990980	Deletion	122
3R	4993723	4993607	Deletion	116
3R	4993723	4993621	Deletion	102
3R	4993723	4993646	Deletion	77
3R	4993723	4993647	Deletion	76
3R	4993723	4993663	Deletion	60
3R	4993723	4993673	Deletion	50
3R	4996152	4996101	Deletion	51
3R	4996176	4996101	Deletion	75
3R	4996151	4996101	Deletion	50
3R	4996168	4996101	Deletion	67
3R	5002246	5002144	Deletion	102
3R	5002246	5002148	Deletion	98
3R	5002246	5002182	Deletion	64
3R	5002246	5002202	Deletion	44
3R	5005344	5005233	Deletion	111
3R	5005330	5005233	Deletion	97
3R	5007128	5007076	Deletion	52
3R	5007128	5007088	Deletion	40
3R	5008301	5008177	Deletion	124
3R	5008301	5008224	Deletion	77
3R	5008749	5008679	Deletion	70
3R	5020770	5020648	Deletion	122
3R	5020770	5020701	Deletion	69
3R	5023162	5023054	Deletion	108
3R	5023158	5023054	Deletion	104
3R	5023111	5023054	Deletion	57
3R	5023174	5023054	Deletion	120
3R	5032484	5032361	Deletion	123
3R	5037589	5037471	Deletion	118
3R	5037589	5037475	Deletion	114
3R	5037589	5037503	Deletion	86
3R	5037589	5037538	Deletion	51
3R	5037589	5037550	Deletion	39
3R	5041000	5040925	Deletion	75
3R	5041032	5040925	Deletion	107
3R	5040965	5040925	Deletion	40
3R	5041012	5040925	Deletion	87
3R	5048285	5048247	Deletion	38
3R	5048402	5048365	Deletion	37
3R	5048755	5048711	Deletion	44
3R	5049208	5049133	Deletion	75
3R	5050101	5049979	Deletion	122
3R	5050855	5050731	Deletion	124
3R	5051502	5051391	Deletion	111
3R	5051797	5051714	Deletion	83
3R	5052426	5052350	Deletion	76
3R	5052876	5052793	Deletion	83
3R	5065433	5065403	Deletion	30
3R	5065434	5065403	Deletion	31
3R	5065448	5065403	Deletion	45
3R	5065455	5065403	Deletion	52
3R	5065495	5065403	Deletion	92
3R	5065469	5065403	Deletion	66
3R	5065502	5065403	Deletion	99
3R	5065449	5065403	Deletion	46
3R	5068700	5068645	Deletion	55
3R	5072260	5072143	Deletion	117
3R	5098337	5098225	Deletion	112
3R	5098337	5098227	Deletion	110
3R	5098337	5098228	Deletion	109
3R	5098337	5098250	Deletion	87
3R	5098337	5098297	Deletion	40
3R	5100210	5100105	Deletion	105
3R	5100144	5100105	Deletion	39
3R	5100209	5100105	Deletion	104
3R	5100225	5100105	Deletion	120
3R	5100191	5100105	Deletion	86
3R	5119048	5118956	Deletion	92
3R	5119048	5118975	Deletion	73
3R	5135952	5135897	Deletion	55
3R	5135933	5135897	Deletion	36
3R	5139180	5139057	Deletion	123
3R	5139180	5139088	Deletion	92
3R	5139180	5139094	Deletion	86
3R	5139180	5139094	Deletion	86
3R	5139180	5139127	Deletion	53
3R	5144884	5144783	Deletion	101
3R	5144880	5144783	Deletion	97
3R	5144895	5144783	Deletion	112
3R	5144907	5144783	Deletion	124
3R	5144823	5144783	Deletion	40
3R	5144817	5144783	Deletion	34
3R	5144823	5144783	Deletion	40
3R	5144856	5144783	Deletion	73
3R	5158778	5158654	Deletion	124
3R	5177831	5177731	Deletion	100
3R	5177831	5177744	Deletion	87
3R	5177831	5177759	Deletion	72
3R	5177831	5177759	Deletion	72
3R	5177831	5177768	Deletion	63
3R	5178081	5178026	Deletion	55
3R	5178066	5178026	Deletion	40
3R	5178081	5178026	Deletion	55
3R	5178150	5178026	Deletion	124
3R	5178090	5178026	Deletion	64
3R	5178135	5178026	Deletion	109
3R	5203461	5203339	Deletion	122
3R	5206703	5206586	Deletion	117
3R	5206703	5206655	Deletion	48
3R	5206703	5206672	Deletion	31
3R	5207159	5207081	Deletion	78
3R	5207176	5207081	Deletion	95
3R	5214451	5214327	Deletion	124
3R	5214451	5214342	Deletion	109
3R	5214451	5214378	Deletion	73
3R	5218090	5218037	Deletion	53
3R	5218143	5218037	Deletion	106
3R	5218146	5218037	Deletion	109
3R	5218147	5218037	Deletion	110
3R	5234123	5234006	Deletion	117
3R	5234123	5234057	Deletion	66
3R	5234123	5234092	Deletion	31
3R	5240505	5240444	Deletion	61
3R	5240540	5240444	Deletion	96
3R	5241784	5241662	Deletion	122
3R	5266774	5266653	Deletion	121
3R	5266774	5266662	Deletion	112
3R	5266774	5266688	Deletion	86
3R	5266774	5266699	Deletion	75
3R	5266774	5266710	Deletion	64
3R	5266774	5266715	Deletion	59
3R	5266774	5266727	Deletion	47
3R	5266774	5266736	Deletion	38
3R	5294345	5294305	Deletion	40
3R	5294408	5294305	Deletion	103
3R	5294356	5294305	Deletion	51
3R	5294410	5294305	Deletion	105
3R	5294384	5294305	Deletion	79
3R	5294421	5294305	Deletion	116
3R	5294367	5294305	Deletion	62
3R	5294393	5294305	Deletion	88
3R	5294372	5294305	Deletion	67
3R	5319138	5319027	Deletion	111
3R	5319138	5319051	Deletion	87
3R	5319138	5319065	Deletion	73
3R	5319138	5319079	Deletion	59
3R	5319138	5319090	Deletion	48
3R	5319138	5319104	Deletion	34
3R	5319138	5319108	Deletion	30
3R	5330084	5329992	Deletion	92
3R	5330070	5329992	Deletion	78
3R	5330088	5329992	Deletion	96
3R	5330059	5329992	Deletion	67
3R	5330031	5329992	Deletion	39
3R	5330045	5329992	Deletion	53
3R	5334080	5333964	Deletion	116
3R	5334080	5334003	Deletion	77
3R	5336000	5335950	Deletion	50
3R	5336053	5335950	Deletion	103
3R	5342253	5342154	Deletion	99
3R	5362986	5362917	Deletion	69
3R	5366600	5366541	Deletion	59
3R	5366646	5366541	Deletion	105
3R	5402446	5402326	Deletion	120
3R	5402446	5402342	Deletion	104
3R	5402446	5402400	Deletion	46
3R	5402446	5402406	Deletion	40
3R	5402446	5402414	Deletion	32
3R	5403001	5402907	Deletion	94
3R	5402987	5402907	Deletion	80
3R	5402993	5402907	Deletion	86
3R	5405830	5405727	Deletion	103
3R	5405830	5405727	Deletion	103
3R	5405830	5405739	Deletion	91
3R	5405830	5405759	Deletion	71
3R	5405830	5405761	Deletion	69
3R	5405830	5405772	Deletion	58
3R	5405830	5405784	Deletion	46
3R	5409134	5409018	Deletion	116
3R	5409099	5409018	Deletion	81
3R	5409074	5409018	Deletion	56
3R	5409076	5409018	Deletion	58
3R	5409054	5409018	Deletion	36
3R	5409125	5409018	Deletion	107
3R	5409121	5409018	Deletion	103
3R	5409087	5409018	Deletion	69
3R	5409134	5409018	Deletion	116
3R	5411978	5411884	Deletion	94
3R	5411978	5411915	Deletion	63
3R	5411978	5411924	Deletion	54
3R	5411978	5411943	Deletion	35
3R	5419510	5419419	Deletion	91
3R	5419482	5419419	Deletion	63
3R	5419491	5419419	Deletion	72
3R	5419451	5419419	Deletion	32
3R	5419518	5419419	Deletion	99
3R	5428749	5428644	Deletion	105
3R	5428749	5428661	Deletion	88
3R	5428749	5428662	Deletion	87
3R	5428749	5428699	Deletion	50
3R	5428749	5428707	Deletion	42
3R	5428749	5428707	Deletion	42
3R	5433544	5433460	Deletion	84
3R	5433498	5433460	Deletion	38
3R	5433536	5433460	Deletion	76
3R	5433499	5433460	Deletion	39
3R	5433544	5433460	Deletion	84
3R	5435072	5434949	Deletion	123
3R	5435072	5434963	Deletion	109
3R	5435072	5435004	Deletion	68
3R	5438799	5438740	Deletion	59
3R	5438887	5438798	Deletion	89
3R	5438887	5438807	Deletion	80
3R	5440241	5440135	Deletion	106
3R	5440172	5440135	Deletion	37
3R	5440181	5440135	Deletion	46
3R	5442443	5442347	Deletion	96
3R	5442443	5442354	Deletion	89
3R	5443997	5443967	Deletion	30
3R	5444068	5443967	Deletion	101
3R	5444004	5443967	Deletion	37
3R	5444067	5443967	Deletion	100
3R	5446412	5446288	Deletion	124
3R	5446666	5446592	Deletion	74
3R	5451167	5451080	Deletion	87
3R	5482452	5482335	Deletion	117
3R	5492600	5492479	Deletion	121
3R	5497867	5497751	Deletion	116
3R	5497867	5497770	Deletion	97
3R	5497867	5497778	Deletion	89
3R	5497867	5497821	Deletion	46
3R	5498385	5498304	Deletion	81
3R	5498342	5498304	Deletion	38
3R	5498334	5498304	Deletion	30
3R	5498798	5498750	Deletion	48
3R	5498798	5498755	Deletion	43
3R	5498798	5498756	Deletion	42
3R	5499729	5499645	Deletion	84
3R	5499723	5499645	Deletion	78
3R	5499754	5499645	Deletion	109
3R	5499728	5499645	Deletion	83
3R	5499751	5499645	Deletion	106
3R	5503235	5503111	Deletion	124
3R	5503235	5503114	Deletion	121
3R	5503235	5503126	Deletion	109
3R	5503235	5503142	Deletion	93
3R	5503235	5503153	Deletion	82
3R	5503235	5503155	Deletion	80
3R	5503235	5503190	Deletion	45
3R	5509127	5509081	Deletion	46
3R	5509129	5509081	Deletion	48
3R	5509116	5509081	Deletion	35
3R	5509164	5509081	Deletion	83
3R	5520579	5520466	Deletion	113
3R	5520579	5520549	Deletion	30
3R	5520889	5520784	Deletion	105
3R	5520882	5520784	Deletion	98
3R	5523941	5523824	Deletion	117
3R	5523941	5523834	Deletion	107
3R	5523941	5523837	Deletion	104
3R	5523941	5523865	Deletion	76
3R	5523941	5523905	Deletion	36
3R	5523941	5523907	Deletion	34
3R	5557234	5557180	Deletion	54
3R	5557286	5557180	Deletion	106
3R	5557274	5557180	Deletion	94
3R	5557301	5557180	Deletion	121
3R	5557281	5557180	Deletion	101
3R	5557276	5557180	Deletion	96
3R	5570250	5570134	Deletion	116
3R	5570250	5570146	Deletion	104
3R	5570250	5570185	Deletion	65
3R	5570250	5570192	Deletion	58
3R	5570250	5570214	Deletion	36
3R	5571009	5570947	Deletion	62
3R	5571054	5570947	Deletion	107
3R	5571038	5570947	Deletion	91
3R	5571053	5570947	Deletion	106
3R	5571016	5570947	Deletion	69
3R	5609571	5609485	Deletion	86
3R	5609571	5609513	Deletion	58
3R	5609571	5609531	Deletion	40
3R	5609751	5609636	Deletion	115
3R	5609676	5609636	Deletion	40
3R	5609722	5609636	Deletion	86
3R	5609704	5609636	Deletion	68
3R	5609731	5609636	Deletion	95
3R	5614735	5614613	Deletion	122
3R	5614735	5614627	Deletion	108
3R	5614735	5614639	Deletion	96
3R	5614735	5614649	Deletion	86
3R	5614735	5614667	Deletion	68
3R	5614735	5614679	Deletion	56
3R	5614735	5614682	Deletion	53
3R	5626039	5625968	Deletion	71
3R	5626073	5625968	Deletion	105
3R	5626027	5625968	Deletion	59
3R	5626009	5625968	Deletion	41
3R	5626079	5625968	Deletion	111
3R	5626070	5625968	Deletion	102
3R	5626042	5625968	Deletion	74
3R	5637288	5637168	Deletion	120
3R	5637638	5637518	Deletion	120
3R	5666063	5665944	Deletion	119
3R	5666063	5665948	Deletion	115
3R	5666063	5665977	Deletion	86
3R	5666063	5665984	Deletion	79
3R	5666063	5665993	Deletion	70
3R	5666063	5666003	Deletion	60
3R	5666063	5666008	Deletion	55
3R	5666063	5666020	Deletion	43
3R	5666063	5666024	Deletion	39
3R	5681716	5681674	Deletion	42
3R	5681747	5681674	Deletion	73
3R	5681732	5681674	Deletion	58
3R	5681785	5681674	Deletion	111
3R	5681763	5681674	Deletion	89
3R	5681742	5681674	Deletion	68
3R	5681723	5681674	Deletion	49
3R	5681759	5681674	Deletion	85
3R	5682210	5682102	Deletion	108
3R	5683066	5682970	Deletion	96
3R	5683066	5682980	Deletion	86
3R	5683066	5682986	Deletion	80
3R	5689806	5689707	Deletion	99
3R	5689753	5689707	Deletion	46
3R	5689747	5689707	Deletion	40
3R	5689818	5689707	Deletion	111
3R	5695412	5695351	Deletion	61
3R	5695412	5695369	Deletion	43
3R	5695412	5695375	Deletion	37
3R	5695885	5695796	Deletion	89
3R	5695861	5695796	Deletion	65
3R	5695879	5695796	Deletion	83
3R	5708037	5707924	Deletion	113
3R	5712939	5712854	Deletion	85
3R	5712939	5712855	Deletion	84
3R	5712939	5712857	Deletion	82
3R	5712939	5712871	Deletion	68
3R	5712939	5712888	Deletion	51
3R	5715800	5715725	Deletion	75
3R	5715769	5715725	Deletion	44
3R	5715766	5715725	Deletion	41
3R	5715783	5715725	Deletion	58
3R	5715843	5715725	Deletion	118
3R	5715767	5715725	Deletion	42
3R	5747551	5747466	Deletion	85
3R	5747551	5747486	Deletion	65
3R	5747779	5747674	Deletion	105
3R	5748098	5747986	Deletion	112
3R	5748951	5748863	Deletion	88
3R	5750955	5750893	Deletion	62
3R	5750998	5750893	Deletion	105
3R	5764733	5764629	Deletion	104
3R	5764733	5764630	Deletion	103
3R	5764733	5764637	Deletion	96
3R	5764733	5764646	Deletion	87
3R	5764733	5764672	Deletion	61
3R	5764733	5764673	Deletion	60
3R	5764733	5764675	Deletion	58
3R	5764733	5764701	Deletion	32
3R	5768812	5768773	Deletion	39
3R	5768838	5768773	Deletion	65
3R	5768887	5768773	Deletion	114
3R	5768841	5768773	Deletion	68
3R	5768803	5768773	Deletion	30
3R	5768839	5768773	Deletion	66
3R	5768867	5768773	Deletion	94
3R	5771938	5771824	Deletion	114
3R	5771938	5771839	Deletion	99
3R	5771938	5771860	Deletion	78
3R	5771938	5771862	Deletion	76
3R	5771938	5771864	Deletion	74
3R	5771936	5771880	Deletion	56
3R	5771938	5771905	Deletion	33
3R	5774380	5774286	Deletion	94
3R	5774335	5774286	Deletion	49
3R	5774355	5774286	Deletion	69
3R	5774337	5774286	Deletion	51
3R	5774339	5774286	Deletion	53
3R	5778305	5778192	Deletion	113
3R	5778305	5778193	Deletion	112
3R	5778305	5778267	Deletion	38
3R	5778305	5778272	Deletion	33
3R	5778305	5778274	Deletion	31
3R	5779135	5779045	Deletion	90
3R	5779140	5779045	Deletion	95
3R	5779142	5779045	Deletion	97
3R	5783991	5783867	Deletion	124
3R	5783991	5783887	Deletion	104
3R	5783991	5783892	Deletion	99
3R	5783991	5783893	Deletion	98
3R	5783991	5783907	Deletion	84
3R	5783991	5783923	Deletion	68
3R	5783991	5783941	Deletion	50
3R	5784444	5784368	Deletion	76
3R	5784410	5784368	Deletion	42
3R	5784481	5784368	Deletion	113
3R	5784426	5784368	Deletion	58
3R	5784469	5784368	Deletion	101
3R	5795456	5795332	Deletion	124
3R	5802746	5802657	Deletion	89
3R	5802746	5802680	Deletion	66
3R	5802746	5802686	Deletion	60
3R	5802746	5802696	Deletion	50
3R	5820737	5820677	Deletion	60
3R	5820791	5820677	Deletion	114
3R	5820753	5820677	Deletion	76
3R	5820743	5820677	Deletion	66
3R	5820714	5820677	Deletion	37
3R	5821280	5821157	Deletion	123
3R	5821280	5821170	Deletion	110
3R	5821280	5821213	Deletion	67
3R	5821280	5821219	Deletion	61
3R	5821280	5821220	Deletion	60
3R	5823131	5823076	Deletion	55
3R	5833118	5833003	Deletion	115
3R	5833069	5833003	Deletion	66
3R	5833106	5833003	Deletion	103
3R	5833063	5833003	Deletion	60
3R	5833111	5833003	Deletion	108
3R	5833070	5833003	Deletion	67
3R	5836777	5836658	Deletion	119
3R	5836777	5836668	Deletion	109
3R	5836777	5836670	Deletion	107
3R	5836777	5836671	Deletion	106
3R	5836777	5836705	Deletion	72
3R	5837954	5837899	Deletion	55
3R	5844554	5844431	Deletion	123
3R	5848467	5848348	Deletion	119
3R	5848467	5848358	Deletion	109
3R	5848467	5848391	Deletion	76
3R	5849353	5849303	Deletion	50
3R	5849421	5849303	Deletion	118
3R	5849402	5849303	Deletion	99
3R	5874515	5874409	Deletion	106
3R	5874515	5874418	Deletion	97
3R	5874515	5874465	Deletion	50
3R	5874515	5874466	Deletion	49
3R	5874515	5874466	Deletion	49
3R	5874515	5874467	Deletion	48
3R	5874515	5874484	Deletion	31
3R	5874643	5874565	Deletion	78
3R	5874660	5874565	Deletion	95
3R	5874642	5874565	Deletion	77
3R	5874659	5874565	Deletion	94
3R	5874664	5874565	Deletion	99
3R	5874679	5874565	Deletion	114
3R	5874641	5874565	Deletion	76
3R	5874642	5874565	Deletion	77
3R	5874662	5874565	Deletion	97
3R	5883489	5883370	Deletion	119
3R	5883486	5883370	Deletion	116
3R	5883468	5883370	Deletion	98
3R	5890459	5890426	Deletion	33
3R	5901219	5901095	Deletion	124
3R	5901188	5901095	Deletion	93
3R	5901194	5901095	Deletion	99
3R	5903613	5903571	Deletion	42
3R	5903613	5903576	Deletion	37
3R	5904760	5904676	Deletion	84
3R	5904765	5904676	Deletion	89
3R	5922316	5922197	Deletion	119
3R	5922316	5922216	Deletion	100
3R	5922316	5922221	Deletion	95
3R	5922316	5922222	Deletion	94
3R	5922316	5922228	Deletion	88
3R	5922316	5922229	Deletion	87
3R	5922316	5922242	Deletion	74
3R	5922316	5922243	Deletion	73
3R	5922316	5922277	Deletion	39
3R	5922316	5922283	Deletion	33
3R	5933825	5933793	Deletion	32
3R	5933845	5933793	Deletion	52
3R	5933886	5933793	Deletion	93
3R	5933895	5933793	Deletion	102
3R	5933831	5933793	Deletion	38
3R	5933846	5933793	Deletion	53
3R	5933906	5933793	Deletion	113
3R	5933901	5933793	Deletion	108
3R	5933832	5933793	Deletion	39
3R	5933880	5933793	Deletion	87
3R	5933824	5933793	Deletion	31
3R	5936886	5936782	Deletion	104
3R	5936886	5936783	Deletion	103
3R	5936886	5936814	Deletion	72
3R	5940411	5940302	Deletion	109
3R	5940359	5940302	Deletion	57
3R	5956456	5956332	Deletion	124
3R	5956456	5956342	Deletion	114
3R	5956456	5956357	Deletion	99
3R	5956456	5956366	Deletion	90
3R	5956456	5956402	Deletion	54
3R	5961154	5961039	Deletion	115
3R	5961153	5961039	Deletion	114
3R	5961111	5961039	Deletion	72
3R	5961075	5961039	Deletion	36
3R	5961137	5961039	Deletion	98
3R	5961654	5961539	Deletion	115
3R	5961654	5961541	Deletion	113
3R	5961654	5961543	Deletion	111
3R	5961654	5961551	Deletion	103
3R	5961654	5961564	Deletion	90
3R	5961654	5961570	Deletion	84
3R	5961654	5961589	Deletion	65
3R	5961654	5961598	Deletion	56
3R	5967189	5967147	Deletion	42
3R	5967217	5967147	Deletion	70
3R	5967252	5967147	Deletion	105
3R	5967258	5967147	Deletion	111
3R	5967183	5967147	Deletion	36
3R	5967268	5967147	Deletion	121
3R	5967208	5967147	Deletion	61
3R	5967261	5967147	Deletion	114
3R	5967248	5967147	Deletion	101
3R	5967686	5967564	Deletion	122
3R	5970567	5970457	Deletion	110
3R	5970567	5970467	Deletion	100
3R	5970567	5970498	Deletion	69
3R	5973297	5973198	Deletion	99
3R	5973256	5973198	Deletion	58
3R	5976832	5976710	Deletion	122
3R	5980950	5980830	Deletion	120
3R	5982523	5982405	Deletion	118
3R	5982523	5982425	Deletion	98
3R	5982523	5982427	Deletion	96
3R	5982523	5982448	Deletion	75
3R	5982523	5982450	Deletion	73
3R	5982523	5982451	Deletion	72
3R	5982523	5982457	Deletion	66
3R	5982523	5982487	Deletion	36
3R	5982687	5982626	Deletion	61
3R	5982732	5982626	Deletion	106
3R	5982657	5982626	Deletion	31
3R	5982681	5982626	Deletion	55
3R	5982680	5982626	Deletion	54
3R	5982717	5982626	Deletion	91
3R	5982678	5982626	Deletion	52
3R	5993068	5992957	Deletion	111
3R	5993068	5993010	Deletion	58
3R	5993924	5993856	Deletion	68
3R	5993962	5993856	Deletion	106
3R	5997974	5997853	Deletion	121
3R	5997974	5997871	Deletion	103
3R	5997974	5997944	Deletion	30
3R	5997974	5997944	Deletion	30
3R	6002073	6001977	Deletion	96
3R	6002073	6001977	Deletion	96
3R	6002111	6001987	Deletion	124
3R	6017233	6017142	Deletion	91
3R	6022081	6022048	Deletion	33
3R	6023373	6023333	Deletion	40
3R	6031435	6031373	Deletion	62
3R	6031435	6031374	Deletion	61
3R	6031435	6031375	Deletion	60
3R	6031435	6031382	Deletion	53
3R	6031435	6031401	Deletion	34
3R	6038297	6038205	Deletion	92
3R	6038271	6038205	Deletion	66
3R	6038270	6038205	Deletion	65
3R	6038278	6038205	Deletion	73
3R	6038269	6038205	Deletion	64
3R	6038315	6038205	Deletion	110
3R	6039898	6039775	Deletion	123
3R	6039898	6039789	Deletion	109
3R	6039898	6039804	Deletion	94
3R	6039898	6039811	Deletion	87
3R	6039898	6039857	Deletion	41
3R	6039898	6039861	Deletion	37
3R	6040171	6040082	Deletion	89
3R	6040121	6040082	Deletion	39
3R	6040167	6040082	Deletion	85
3R	6040114	6040082	Deletion	32
3R	6041298	6041179	Deletion	119
3R	6041298	6041191	Deletion	107
3R	6041298	6041197	Deletion	101
3R	6041298	6041262	Deletion	36
3R	6051702	6051598	Deletion	104
3R	6051689	6051598	Deletion	91
3R	6053189	6053104	Deletion	85
3R	6053189	6053127	Deletion	62
3R	6054189	6054144	Deletion	45
3R	6054212	6054144	Deletion	68
3R	6059082	6058963	Deletion	119
3R	6059082	6058974	Deletion	108
3R	6059082	6058974	Deletion	108
3R	6059082	6059004	Deletion	78
3R	6059082	6059012	Deletion	70
3R	6059082	6059043	Deletion	39
3R	6061351	6061303	Deletion	48
3R	6061359	6061303	Deletion	56
3R	6061390	6061303	Deletion	87
3R	6073068	6072949	Deletion	119
3R	6073068	6072974	Deletion	94
3R	6073068	6073003	Deletion	65
3R	6073068	6073021	Deletion	47
3R	6073068	6073025	Deletion	43
3R	6073068	6073025	Deletion	43
3R	6073068	6073038	Deletion	30
3R	6077019	6076987	Deletion	32
3R	6077099	6076987	Deletion	112
3R	6077048	6076987	Deletion	61
3R	6077070	6076987	Deletion	83
3R	6077070	6076987	Deletion	83
3R	6077083	6076987	Deletion	96
3R	6077066	6076987	Deletion	79
3R	6077181	6077085	Deletion	96
3R	6077181	6077100	Deletion	81
3R	6077181	6077128	Deletion	53
3R	6077181	6077131	Deletion	50
3R	6077181	6077149	Deletion	32
3R	6077507	6077462	Deletion	45
3R	6077492	6077462	Deletion	30
3R	6077561	6077462	Deletion	99
3R	6077538	6077462	Deletion	76
3R	6077556	6077462	Deletion	94
3R	6077535	6077462	Deletion	73
3R	6091086	6090982	Deletion	104
3R	6091086	6090990	Deletion	96
3R	6091086	6091020	Deletion	66
3R	6091086	6091046	Deletion	40
3R	6091086	6091053	Deletion	33
3R	6092078	6091982	Deletion	96
3R	6092100	6091982	Deletion	118
3R	6092015	6091982	Deletion	33
3R	6092071	6091982	Deletion	89
3R	6092101	6091982	Deletion	119
3R	6092103	6091982	Deletion	121
3R	6092045	6091982	Deletion	63
3R	6097149	6097042	Deletion	107
3R	6097149	6097063	Deletion	86
3R	6097149	6097091	Deletion	58
3R	6097149	6097096	Deletion	53
3R	6097149	6097103	Deletion	46
3R	6097149	6097105	Deletion	44
3R	6097806	6097726	Deletion	80
3R	6097845	6097726	Deletion	119
3R	6097808	6097726	Deletion	82
3R	6097766	6097726	Deletion	40
3R	6097799	6097726	Deletion	73
3R	6097794	6097726	Deletion	68
3R	6116915	6116804	Deletion	111
3R	6127999	6127898	Deletion	101
3R	6127999	6127938	Deletion	61
3R	6129580	6129460	Deletion	120
3R	6129571	6129460	Deletion	111
3R	6129525	6129460	Deletion	65
3R	6129581	6129460	Deletion	121
3R	6129565	6129460	Deletion	105
3R	6144872	6144753	Deletion	119
3R	6144872	6144769	Deletion	103
3R	6144872	6144771	Deletion	101
3R	6144872	6144788	Deletion	84
3R	6144872	6144793	Deletion	79
3R	6144872	6144831	Deletion	41
3R	6145054	6145006	Deletion	48
3R	6145105	6145006	Deletion	99
3R	6145125	6145006	Deletion	119
3R	6145118	6145006	Deletion	112
3R	6145049	6145006	Deletion	43
3R	6145092	6145006	Deletion	86
3R	6145313	6145209	Deletion	104
3R	6145313	6145228	Deletion	85
3R	6145313	6145233	Deletion	80
3R	6145313	6145245	Deletion	68
3R	6145313	6145270	Deletion	43
3R	6149793	6149747	Deletion	46
3R	6149788	6149747	Deletion	41
3R	6149830	6149747	Deletion	83
3R	6149857	6149747	Deletion	110
3R	6149850	6149747	Deletion	103
3R	6149805	6149747	Deletion	58
3R	6149851	6149747	Deletion	104
3R	6159664	6159634	Deletion	30
3R	6165057	6164968	Deletion	89
3R	6165908	6165872	Deletion	36
3R	6166341	6166233	Deletion	108
3R	6166731	6166646	Deletion	85
3R	6183138	6183016	Deletion	122
3R	6183138	6183018	Deletion	120
3R	6183138	6183028	Deletion	110
3R	6183138	6183054	Deletion	84
3R	6183138	6183054	Deletion	84
3R	6183138	6183064	Deletion	74
3R	6183138	6183067	Deletion	71
3R	6183138	6183086	Deletion	52
3R	6183138	6183097	Deletion	41
3R	6183138	6183098	Deletion	40
3R	6183138	6183099	Deletion	39
3R	6183558	6183515	Deletion	43
3R	6183603	6183515	Deletion	88
3R	6183590	6183515	Deletion	75
3R	6183630	6183515	Deletion	115
3R	6183616	6183515	Deletion	101
3R	6183571	6183515	Deletion	56
3R	6183601	6183515	Deletion	86
3R	6183558	6183515	Deletion	43
3R	6183602	6183515	Deletion	87
3R	6183568	6183515	Deletion	53
3R	6184127	6184020	Deletion	107
3R	6184127	6184035	Deletion	92
3R	6184127	6184062	Deletion	65
3R	6184127	6184071	Deletion	56
3R	6184127	6184090	Deletion	37
3R	6189532	6189442	Deletion	90
3R	6189547	6189442	Deletion	105
3R	6189513	6189442	Deletion	71
3R	6189504	6189442	Deletion	62
3R	6189477	6189442	Deletion	35
3R	6189559	6189442	Deletion	117
3R	6190988	6190865	Deletion	123
3R	6190988	6190870	Deletion	118
3R	6190988	6190889	Deletion	99
3R	6190988	6190900	Deletion	88
3R	6190988	6190918	Deletion	70
3R	6190988	6190946	Deletion	42
3R	6190988	6190947	Deletion	41
3R	6190988	6190955	Deletion	33
3R	6199506	6199404	Deletion	102
3R	6199497	6199404	Deletion	93
3R	6199489	6199404	Deletion	85
3R	6199521	6199404	Deletion	117
3R	6199513	6199404	Deletion	109
3R	6199442	6199404	Deletion	38
3R	6199461	6199404	Deletion	57
3R	6199488	6199404	Deletion	84
3R	6199497	6199404	Deletion	93
3R	6200848	6200732	Deletion	116
3R	6212503	6212435	Deletion	68
3R	6212503	6212435	Deletion	68
3R	6212503	6212439	Deletion	64
3R	6212807	6212691	Deletion	116
3R	6212751	6212691	Deletion	60
3R	6212755	6212691	Deletion	64
3R	6212800	6212691	Deletion	109
3R	6212815	6212691	Deletion	124
3R	6212790	6212691	Deletion	99
3R	6212751	6212691	Deletion	60
3R	6224324	6224227	Deletion	97
3R	6224324	6224263	Deletion	61
3R	6224324	6224277	Deletion	47
3R	6224324	6224288	Deletion	36
3R	6224835	6224768	Deletion	67
3R	6224860	6224768	Deletion	92
3R	6224873	6224768	Deletion	105
3R	6224799	6224768	Deletion	31
3R	6224849	6224768	Deletion	81
3R	6241190	6241085	Deletion	105
3R	6241190	6241124	Deletion	66
3R	6241190	6241132	Deletion	58
3R	6241190	6241151	Deletion	39
3R	6241774	6241656	Deletion	118
3R	6241717	6241656	Deletion	61
3R	6241744	6241656	Deletion	88
3R	6241725	6241656	Deletion	69
3R	6241762	6241656	Deletion	106
3R	6244376	6244263	Deletion	113
3R	6244376	6244266	Deletion	110
3R	6244376	6244301	Deletion	75
3R	6244376	6244309	Deletion	67
3R	6244376	6244346	Deletion	30
3R	6244724	6244628	Deletion	96
3R	6244687	6244628	Deletion	59
3R	6244725	6244628	Deletion	97
3R	6244679	6244628	Deletion	51
3R	6254168	6254085	Deletion	83
3R	6254168	6254092	Deletion	76
3R	6254168	6254113	Deletion	55
3R	6254360	6254309	Deletion	51
3R	6254402	6254309	Deletion	93
3R	6254353	6254309	Deletion	44
3R	6254381	6254309	Deletion	72
3R	6254416	6254309	Deletion	107
3R	6265147	6265049	Deletion	98
3R	6265147	6265085	Deletion	62
3R	6265147	6265115	Deletion	32
3R	6274031	6273967	Deletion	64
3R	6274086	6273967	Deletion	119
3R	6274081	6273967	Deletion	114
3R	6274061	6273967	Deletion	94
3R	6279138	6279032	Deletion	106
3R	6279138	6279070	Deletion	68
3R	6279138	6279096	Deletion	42
3R	6280958	6280897	Deletion	61
3R	6280984	6280897	Deletion	87
3R	6281013	6280897	Deletion	116
3R	6280997	6280897	Deletion	100
3R	6281682	6281573	Deletion	109
3R	6281682	6281573	Deletion	109
3R	6281682	6281574	Deletion	108
3R	6281682	6281578	Deletion	104
3R	6281682	6281596	Deletion	86
3R	6281682	6281615	Deletion	67
3R	6281682	6281616	Deletion	66
3R	6281682	6281630	Deletion	52
3R	6281682	6281649	Deletion	33
3R	6281682	6281649	Deletion	33
3R	6291065	6290971	Deletion	94
3R	6291012	6290971	Deletion	41
3R	6291065	6290971	Deletion	94
3R	6291046	6290971	Deletion	75
3R	6291031	6290971	Deletion	60
3R	6291032	6290971	Deletion	61
3R	6321329	6321208	Deletion	121
3R	6321956	6321835	Deletion	121
3R	6322471	6322347	Deletion	124
3R	6327833	6327711	Deletion	122
3R	6327833	6327720	Deletion	113
3R	6327833	6327723	Deletion	110
3R	6327833	6327750	Deletion	83
3R	6327833	6327776	Deletion	57
3R	6327833	6327793	Deletion	40
3R	6327833	6327800	Deletion	33
3R	6328010	6327886	Deletion	124
3R	6327995	6327886	Deletion	109
3R	6327931	6327886	Deletion	45
3R	6327974	6327886	Deletion	88
3R	6327957	6327886	Deletion	71
3R	6328010	6327886	Deletion	124
3R	6327981	6327886	Deletion	95
3R	6340222	6340101	Deletion	121
3R	6357138	6357014	Deletion	124
3R	6360591	6360483	Deletion	108
3R	6360591	6360495	Deletion	96
3R	6360591	6360556	Deletion	35
3R	6360850	6360820	Deletion	30
3R	6360911	6360820	Deletion	91
3R	6368895	6368803	Deletion	92
3R	6368895	6368812	Deletion	83
3R	6368895	6368817	Deletion	78
3R	6368895	6368820	Deletion	75
3R	6375085	6375048	Deletion	37
3R	6375102	6375048	Deletion	54
3R	6375094	6375048	Deletion	46
3R	6375099	6375048	Deletion	51
3R	6381334	6381213	Deletion	121
3R	6384667	6384634	Deletion	33
3R	6385267	6385172	Deletion	95
3R	6385286	6385174	Deletion	112
3R	6393874	6393780	Deletion	94
3R	6393874	6393809	Deletion	65
3R	6395045	6394925	Deletion	120
3R	6394958	6394925	Deletion	33
3R	6394987	6394925	Deletion	62
3R	6409935	6409833	Deletion	102
3R	6409935	6409839	Deletion	96
3R	6409935	6409849	Deletion	86
3R	6409935	6409884	Deletion	51
3R	6411301	6411224	Deletion	77
3R	6411266	6411224	Deletion	42
3R	6411256	6411224	Deletion	32
3R	6417763	6417682	Deletion	81
3R	6417954	6417835	Deletion	119
3R	6418732	6418690	Deletion	42
3R	6420837	6420774	Deletion	63
3R	6420837	6420800	Deletion	37
3R	6421329	6421239	Deletion	90
3R	6421303	6421239	Deletion	64
3R	6431817	6431703	Deletion	114
3R	6431817	6431707	Deletion	110
3R	6431817	6431736	Deletion	81
3R	6431817	6431754	Deletion	63
3R	6431817	6431769	Deletion	48
3R	6431817	6431771	Deletion	46
3R	6432350	6432247	Deletion	103
3R	6432294	6432247	Deletion	47
3R	6432327	6432247	Deletion	80
3R	6432329	6432247	Deletion	82
3R	6432312	6432247	Deletion	65
3R	6472890	6472847	Deletion	43
3R	6476564	6476479	Deletion	85
3R	6482353	6482230	Deletion	123
3R	6483322	6483277	Deletion	45
3R	6483454	6483370	Deletion	84
3R	6483479	6483370	Deletion	109
3R	6483470	6483370	Deletion	100
3R	6483486	6483370	Deletion	116
3R	6483471	6483371	Deletion	100
3R	6485782	6485661	Deletion	121
3R	6494901	6494802	Deletion	99
3R	6494901	6494802	Deletion	99
3R	6494901	6494807	Deletion	94
3R	6494901	6494811	Deletion	90
3R	6494901	6494823	Deletion	78
3R	6494901	6494851	Deletion	50
3R	6495291	6495260	Deletion	31
3R	6495296	6495260	Deletion	36
3R	6495291	6495260	Deletion	31
3R	6495340	6495260	Deletion	80
3R	6495300	6495260	Deletion	40
3R	6495312	6495260	Deletion	52
3R	6496700	6496579	Deletion	121
3R	6496700	6496580	Deletion	120
3R	6496700	6496654	Deletion	46
3R	6504657	6504546	Deletion	111
3R	6504628	6504546	Deletion	82
3R	6505173	6505060	Deletion	113
3R	6505173	6505068	Deletion	105
3R	6505173	6505075	Deletion	98
3R	6505173	6505085	Deletion	88
3R	6505173	6505118	Deletion	55
3R	6505173	6505119	Deletion	54
3R	6511682	6511647	Deletion	35
3R	6531027	6530915	Deletion	112
3R	6530988	6530915	Deletion	73
3R	6530954	6530915	Deletion	39
3R	6530987	6530915	Deletion	72
3R	6531770	6531662	Deletion	108
3R	6531770	6531740	Deletion	30
3R	6536454	6536342	Deletion	112
3R	6536448	6536342	Deletion	106
3R	6536438	6536342	Deletion	96
3R	6554149	6554026	Deletion	123
3R	6559562	6559441	Deletion	121
3R	6559562	6559446	Deletion	116
3R	6559562	6559449	Deletion	113
3R	6559562	6559473	Deletion	89
3R	6559562	6559474	Deletion	88
3R	6559562	6559490	Deletion	72
3R	6559562	6559494	Deletion	68
3R	6559562	6559514	Deletion	48
3R	6559562	6559520	Deletion	42
3R	6561728	6561690	Deletion	38
3R	6561790	6561690	Deletion	100
3R	6561744	6561690	Deletion	54
3R	6561727	6561690	Deletion	37
3R	6561774	6561690	Deletion	84
3R	6561748	6561690	Deletion	58
3R	6561768	6561690	Deletion	78
3R	6570632	6570536	Deletion	96
3R	6570632	6570579	Deletion	53
3R	6570632	6570581	Deletion	51
3R	6570632	6570586	Deletion	46
3R	6585972	6585892	Deletion	80
3R	6586015	6585892	Deletion	123
3R	6585922	6585892	Deletion	30
3R	6585965	6585892	Deletion	73
3R	6585967	6585892	Deletion	75
3R	6590461	6590356	Deletion	105
3R	6590461	6590383	Deletion	78
3R	6590633	6590516	Deletion	117
3R	6590564	6590516	Deletion	48
3R	6594849	6594727	Deletion	122
3R	6597931	6597809	Deletion	122
3R	6597931	6597883	Deletion	48
3R	6603659	6603573	Deletion	86
3R	6610772	6610686	Deletion	86
3R	6610772	6610730	Deletion	42
3R	6622127	6622086	Deletion	41
3R	6622186	6622086	Deletion	100
3R	6622171	6622086	Deletion	85
3R	6622184	6622086	Deletion	98
3R	6636715	6636600	Deletion	115
3R	6636715	6636602	Deletion	113
3R	6636715	6636657	Deletion	58
3R	6636715	6636666	Deletion	49
3R	6636927	6636808	Deletion	119
3R	6636885	6636808	Deletion	77
3R	6636876	6636808	Deletion	68
3R	6637023	6636913	Deletion	110
3R	6637023	6636916	Deletion	107
3R	6637023	6636933	Deletion	90
3R	6645659	6645622	Deletion	37
3R	6645726	6645622	Deletion	104
3R	6645721	6645622	Deletion	99
3R	6646156	6646087	Deletion	69
3R	6646156	6646118	Deletion	38
3R	6646156	6646121	Deletion	35
3R	6653763	6653661	Deletion	102
3R	6653749	6653661	Deletion	88
3R	6653752	6653661	Deletion	91
3R	6653718	6653661	Deletion	57
3R	6657655	6657533	Deletion	122
3R	6657655	6657550	Deletion	105
3R	6657655	6657577	Deletion	78
3R	6661621	6661513	Deletion	108
3R	6661636	6661513	Deletion	123
3R	6661637	6661513	Deletion	124
3R	6661561	6661513	Deletion	48
3R	6672621	6672498	Deletion	123
3R	6678641	6678520	Deletion	121
3R	6682062	6681939	Deletion	123
3R	6682062	6681965	Deletion	97
3R	6682062	6682004	Deletion	58
3R	6682062	6682017	Deletion	45
3R	6682062	6682020	Deletion	42
3R	6682616	6682532	Deletion	84
3R	6682643	6682532	Deletion	111
3R	6682613	6682532	Deletion	81
3R	6682634	6682532	Deletion	102
3R	6682600	6682532	Deletion	68
3R	6684029	6683913	Deletion	116
3R	6684349	6684291	Deletion	58
3R	6684753	6684652	Deletion	101
3R	6684763	6684652	Deletion	111
3R	6684721	6684652	Deletion	69
3R	6684762	6684652	Deletion	110
3R	6684765	6684652	Deletion	113
3R	6689778	6689656	Deletion	122
3R	6715649	6715535	Deletion	114
3R	6715649	6715537	Deletion	112
3R	6715649	6715552	Deletion	97
3R	6715649	6715572	Deletion	77
3R	6715649	6715591	Deletion	58
3R	6717175	6717107	Deletion	68
3R	6717156	6717109	Deletion	47
3R	6718815	6718697	Deletion	118
3R	6718815	6718706	Deletion	109
3R	6718815	6718710	Deletion	105
3R	6718815	6718717	Deletion	98
3R	6718815	6718744	Deletion	71
3R	6718815	6718753	Deletion	62
3R	6718815	6718765	Deletion	50
3R	6718815	6718769	Deletion	46
3R	6718815	6718771	Deletion	44
3R	6718815	6718779	Deletion	36
3R	6719291	6719209	Deletion	82
3R	6719299	6719209	Deletion	90
3R	6719327	6719209	Deletion	118
3R	6719273	6719209	Deletion	64
3R	6719289	6719209	Deletion	80
3R	6719285	6719209	Deletion	76
3R	6719264	6719209	Deletion	55
3R	6732147	6732024	Deletion	123
3R	6741056	6740933	Deletion	123
3R	6772605	6772482	Deletion	123
3R	6772605	6772491	Deletion	114
3R	6772605	6772509	Deletion	96
3R	6772605	6772529	Deletion	76
3R	6772605	6772550	Deletion	55
3R	6772605	6772553	Deletion	52
3R	6774688	6774646	Deletion	42
3R	6774676	6774646	Deletion	30
3R	6774688	6774646	Deletion	42
3R	6774688	6774646	Deletion	42
3R	6774688	6774646	Deletion	42
3R	6774688	6774646	Deletion	42
3R	6774869	6774837	Deletion	32
3R	6774902	6774837	Deletion	65
3R	6774955	6774837	Deletion	118
3R	6774905	6774837	Deletion	68
3R	6776089	6775990	Deletion	99
3R	6776089	6776001	Deletion	88
3R	6776089	6776005	Deletion	84
3R	6776267	6776225	Deletion	42
3R	6776271	6776225	Deletion	46
3R	6776256	6776225	Deletion	31
3R	6778400	6778338	Deletion	62
3R	6778400	6778362	Deletion	38
3R	6778702	6778579	Deletion	123
3R	6778667	6778579	Deletion	88
3R	6778643	6778579	Deletion	64
3R	6778687	6778579	Deletion	108
3R	6782788	6782668	Deletion	120
3R	6784336	6784250	Deletion	86
3R	6784336	6784275	Deletion	61
3R	6784336	6784286	Deletion	50
3R	6784336	6784294	Deletion	42
3R	6784659	6784582	Deletion	77
3R	6784648	6784582	Deletion	66
3R	6784667	6784582	Deletion	85
3R	6784623	6784582	Deletion	41
3R	6787910	6787793	Deletion	117
3R	6789499	6789384	Deletion	115
3R	6789482	6789384	Deletion	98
3R	6789507	6789384	Deletion	123
3R	6789494	6789384	Deletion	110
3R	6790437	6790355	Deletion	82
3R	6791330	6791208	Deletion	122
3R	6791253	6791208	Deletion	45
3R	6807886	6807797	Deletion	89
3R	6807886	6807797	Deletion	89
3R	6807886	6807820	Deletion	66
3R	6807886	6807847	Deletion	39
3R	6809241	6809203	Deletion	38
3R	6809291	6809203	Deletion	88
3R	6809264	6809203	Deletion	61
3R	6809241	6809203	Deletion	38
3R	6812613	6812492	Deletion	121
3R	6827503	6827423	Deletion	80
3R	6827503	6827428	Deletion	75
3R	6827503	6827435	Deletion	68
3R	6827503	6827466	Deletion	37
3R	6846022	6845962	Deletion	60
3R	6846066	6845962	Deletion	104
3R	6846010	6845962	Deletion	48
3R	6846015	6845962	Deletion	53
3R	6846053	6845962	Deletion	91
3R	6860937	6860842	Deletion	95
3R	6860937	6860853	Deletion	84
3R	6860937	6860863	Deletion	74
3R	6860937	6860875	Deletion	62
3R	6860937	6860881	Deletion	56
3R	6860937	6860906	Deletion	31
3R	6868453	6868383	Deletion	70
3R	6868414	6868383	Deletion	31
3R	6868435	6868383	Deletion	52
3R	6868447	6868383	Deletion	64
3R	6868478	6868383	Deletion	95
3R	6868425	6868383	Deletion	42
3R	6868502	6868383	Deletion	119
3R	6870409	6870287	Deletion	122
3R	6878864	6878746	Deletion	118
3R	6878864	6878769	Deletion	95
3R	6878864	6878777	Deletion	87
3R	6878864	6878781	Deletion	83
3R	6878864	6878825	Deletion	39
3R	6879087	6879000	Deletion	87
3R	6879031	6879000	Deletion	31
3R	6879117	6879000	Deletion	117
3R	6879105	6879000	Deletion	105
3R	6879043	6879000	Deletion	43
3R	6879039	6879000	Deletion	39
3R	6879111	6879000	Deletion	111
3R	6882671	6882556	Deletion	115
3R	6882671	6882584	Deletion	87
3R	6882671	6882591	Deletion	80
3R	6882671	6882608	Deletion	63
3R	6882671	6882611	Deletion	60
3R	6882671	6882612	Deletion	59
3R	6898576	6898470	Deletion	106
3R	6898536	6898470	Deletion	66
3R	6898533	6898470	Deletion	63
3R	6898516	6898470	Deletion	46
3R	6898537	6898470	Deletion	67
3R	6898509	6898470	Deletion	39
3R	6904090	6903971	Deletion	119
3R	6904090	6903987	Deletion	103
3R	6904090	6903988	Deletion	102
3R	6904090	6904020	Deletion	70
3R	6904090	6904026	Deletion	64
3R	6904090	6904055	Deletion	35
3R	6904090	6904057	Deletion	33
3R	6911569	6911450	Deletion	119
3R	6911544	6911450	Deletion	94
3R	6911542	6911450	Deletion	92
3R	6911513	6911450	Deletion	63
3R	6911571	6911450	Deletion	121
3R	6911507	6911450	Deletion	57
3R	6911691	6911571	Deletion	120
3R	6911691	6911576	Deletion	115
3R	6911691	6911599	Deletion	92
3R	6911691	6911599	Deletion	92
3R	6911691	6911648	Deletion	43
3R	6913129	6913046	Deletion	83
3R	6913165	6913046	Deletion	119
3R	6913147	6913046	Deletion	101
3R	6913164	6913046	Deletion	118
3R	6913080	6913046	Deletion	34
3R	6913080	6913046	Deletion	34
3R	6942565	6942446	Deletion	119
3R	6951942	6951820	Deletion	122
3R	6966068	6965951	Deletion	117
3R	6966068	6965952	Deletion	116
3R	6966068	6965974	Deletion	94
3R	6966068	6965986	Deletion	82
3R	6966068	6966035	Deletion	33
3R	6967791	6967674	Deletion	117
3R	6967797	6967674	Deletion	123
3R	6967706	6967674	Deletion	32
3R	6967781	6967674	Deletion	107
3R	6967718	6967674	Deletion	44
3R	6967768	6967678	Deletion	90
3R	6974961	6974839	Deletion	122
3R	6976685	6976578	Deletion	107
3R	6976685	6976591	Deletion	94
3R	6976685	6976627	Deletion	58
3R	6976685	6976643	Deletion	42
3R	6976685	6976654	Deletion	31
3R	6979662	6979630	Deletion	32
3R	6979698	6979630	Deletion	68
3R	6979714	6979630	Deletion	84
3R	6979725	6979630	Deletion	95
3R	6988306	6988236	Deletion	70
3R	6988306	6988253	Deletion	53
3R	6988306	6988268	Deletion	38
3R	6998512	6998436	Deletion	76
3R	6998527	6998436	Deletion	91
3R	6998553	6998436	Deletion	117
3R	6998495	6998436	Deletion	59
3R	7002976	7002891	Deletion	85
3R	7002976	7002914	Deletion	62
3R	7002976	7002937	Deletion	39
3R	7002976	7002944	Deletion	32
3R	7003418	7003300	Deletion	118
3R	7003394	7003300	Deletion	94
3R	7003341	7003300	Deletion	41
3R	7003364	7003300	Deletion	64
3R	7003387	7003300	Deletion	87
3R	7021071	7020956	Deletion	115
3R	7021071	7020978	Deletion	93
3R	7021071	7021018	Deletion	53
3R	7021071	7021022	Deletion	49
3R	7023112	7023077	Deletion	35
3R	7023180	7023077	Deletion	103
3R	7023183	7023077	Deletion	106
3R	7023152	7023077	Deletion	75
3R	7023156	7023077	Deletion	79
3R	7023436	7023317	Deletion	119
3R	7023436	7023332	Deletion	104
3R	7023436	7023334	Deletion	102
3R	7023436	7023340	Deletion	96
3R	7023692	7023585	Deletion	107
3R	7023617	7023585	Deletion	32
3R	7023689	7023585	Deletion	104
3R	7028723	7028609	Deletion	114
3R	7028723	7028620	Deletion	103
3R	7028723	7028682	Deletion	41
3R	7030700	7030591	Deletion	109
3R	7030677	7030591	Deletion	86
3R	7036002	7035880	Deletion	122
3R	7036424	7036302	Deletion	122
3R	7046228	7046105	Deletion	123
3R	7052665	7052542	Deletion	123
3R	7053427	7053316	Deletion	111
3R	7053427	7053335	Deletion	92
3R	7053427	7053370	Deletion	57
3R	7053427	7053384	Deletion	43
3R	7053427	7053391	Deletion	36
3R	7060008	7059918	Deletion	90
3R	7059987	7059918	Deletion	69
3R	7060001	7059918	Deletion	83
3R	7060006	7059972	Deletion	34
3R	7079090	7078966	Deletion	124
3R	7086476	7086376	Deletion	100
3R	7086476	7086386	Deletion	90
3R	7086476	7086444	Deletion	32
3R	7092786	7092687	Deletion	99
3R	7092718	7092687	Deletion	31
3R	7092728	7092687	Deletion	41
3R	7092799	7092687	Deletion	112
3R	7092931	7092835	Deletion	96
3R	7092931	7092869	Deletion	62
3R	7092931	7092871	Deletion	60
3R	7092931	7092893	Deletion	38
3R	7098622	7098555	Deletion	67
3R	7098586	7098555	Deletion	31
3R	7098644	7098555	Deletion	89
3R	7098620	7098555	Deletion	65
3R	7105132	7105043	Deletion	89
3R	7105132	7105061	Deletion	71
3R	7107649	7107594	Deletion	55
3R	7107695	7107594	Deletion	101
3R	7107631	7107594	Deletion	37
3R	7117172	7117077	Deletion	95
3R	7117172	7117100	Deletion	72
3R	7117172	7117107	Deletion	65
3R	7117172	7117134	Deletion	38
3R	7117837	7117780	Deletion	57
3R	7117844	7117780	Deletion	64
3R	7117871	7117780	Deletion	91
3R	7117814	7117780	Deletion	34
3R	7117882	7117780	Deletion	102
3R	7117903	7117780	Deletion	123
3R	7117898	7117783	Deletion	115
3R	7118495	7118429	Deletion	66
3R	7118500	7118433	Deletion	67
3R	7118500	7118456	Deletion	44
3R	7118500	7118468	Deletion	32
3R	7119612	7119552	Deletion	60
3R	7119635	7119552	Deletion	83
3R	7119647	7119552	Deletion	95
3R	7119647	7119552	Deletion	95
3R	7119604	7119552	Deletion	52
3R	7141456	7141335	Deletion	121
3R	7162706	7162583	Deletion	123
3R	7162706	7162628	Deletion	78
3R	7162706	7162631	Deletion	75
3R	7162706	7162634	Deletion	72
3R	7162706	7162656	Deletion	50
3R	7164831	7164783	Deletion	48
3R	7164837	7164783	Deletion	54
3R	7164859	7164783	Deletion	76
3R	7164834	7164783	Deletion	51
3R	7166166	7166045	Deletion	121
3R	7166166	7166060	Deletion	106
3R	7166166	7166072	Deletion	94
3R	7166166	7166090	Deletion	76
3R	7166340	7166289	Deletion	51
3R	7166411	7166299	Deletion	112
3R	7166411	7166311	Deletion	100
3R	7166411	7166355	Deletion	56
3R	7170641	7170571	Deletion	70
3R	7170684	7170571	Deletion	113
3R	7179590	7179472	Deletion	118
3R	7179590	7179480	Deletion	110
3R	7179590	7179489	Deletion	101
3R	7179590	7179543	Deletion	47
3R	7199638	7199531	Deletion	107
3R	7199634	7199531	Deletion	103
3R	7199638	7199531	Deletion	107
3R	7199610	7199531	Deletion	79
3R	7212617	7212496	Deletion	121
3R	7221011	7220889	Deletion	122
3R	7227894	7227794	Deletion	100
3R	7227894	7227796	Deletion	98
3R	7227894	7227808	Deletion	86
3R	7227894	7227811	Deletion	83
3R	7227894	7227827	Deletion	67
3R	7227894	7227852	Deletion	42
3R	7227894	7227858	Deletion	36
3R	7231408	7231317	Deletion	91
3R	7231361	7231317	Deletion	44
3R	7231402	7231317	Deletion	85
3R	7231377	7231317	Deletion	60
3R	7231358	7231317	Deletion	41
3R	7231419	7231317	Deletion	102
3R	7231423	7231317	Deletion	106
3R	7247107	7246999	Deletion	108
3R	7247107	7247012	Deletion	95
3R	7247107	7247016	Deletion	91
3R	7247107	7247029	Deletion	78
3R	7247107	7247034	Deletion	73
3R	7247107	7247037	Deletion	70
3R	7247107	7247041	Deletion	66
3R	7247107	7247066	Deletion	41
3R	7247107	7247071	Deletion	36
3R	7247107	7247077	Deletion	30
3R	7256397	7256279	Deletion	118
3R	7256365	7256279	Deletion	86
3R	7256401	7256279	Deletion	122
3R	7256340	7256279	Deletion	61
3R	7256378	7256279	Deletion	99
3R	7256311	7256279	Deletion	32
3R	7256328	7256279	Deletion	49
3R	7256370	7256279	Deletion	91
3R	7256336	7256279	Deletion	57
3R	7256315	7256279	Deletion	36
3R	7256392	7256279	Deletion	113
3R	7256376	7256279	Deletion	97
3R	7256333	7256279	Deletion	54
3R	7266993	7266878	Deletion	115
3R	7266993	7266878	Deletion	115
3R	7266993	7266886	Deletion	107
3R	7266993	7266891	Deletion	102
3R	7266993	7266895	Deletion	98
3R	7266993	7266910	Deletion	83
3R	7266993	7266944	Deletion	49
3R	7266988	7266954	Deletion	34
3R	7280060	7279960	Deletion	100
3R	7280037	7279960	Deletion	77
3R	7280071	7279960	Deletion	111
3R	7280047	7279960	Deletion	87
3R	7280003	7279960	Deletion	43
3R	7289172	7289097	Deletion	75
3R	7289172	7289122	Deletion	50
3R	7289172	7289126	Deletion	46
3R	7289172	7289126	Deletion	46
3R	7289172	7289128	Deletion	44
3R	7289172	7289130	Deletion	42
3R	7289172	7289138	Deletion	34
3R	7289172	7289140	Deletion	32
3R	7289331	7289227	Deletion	104
3R	7289303	7289227	Deletion	76
3R	7289278	7289227	Deletion	51
3R	7289311	7289227	Deletion	84
3R	7289319	7289227	Deletion	92
3R	7289321	7289227	Deletion	94
3R	7289307	7289227	Deletion	80
3R	7289309	7289227	Deletion	82
3R	7289307	7289227	Deletion	80
3R	7298071	7297961	Deletion	110
3R	7298071	7297989	Deletion	82
3R	7298071	7298009	Deletion	62
3R	7298071	7298029	Deletion	42
3R	7298071	7298039	Deletion	32
3R	7298425	7298357	Deletion	68
3R	7298405	7298357	Deletion	48
3R	7298445	7298357	Deletion	88
3R	7298455	7298357	Deletion	98
3R	7298472	7298357	Deletion	115
3R	7298478	7298357	Deletion	121
3R	7298770	7298690	Deletion	80
3R	7298770	7298692	Deletion	78
3R	7298770	7298698	Deletion	72
3R	7299116	7299016	Deletion	100
3R	7299126	7299016	Deletion	110
3R	7299063	7299016	Deletion	47
3R	7299065	7299016	Deletion	49
3R	7299071	7299016	Deletion	55
3R	7307287	7307166	Deletion	121
3R	7312295	7312171	Deletion	124
3R	7312295	7312181	Deletion	114
3R	7312295	7312187	Deletion	108
3R	7312295	7312189	Deletion	106
3R	7312295	7312261	Deletion	34
3R	7323047	7322955	Deletion	92
3R	7323078	7322955	Deletion	123
3R	7323072	7322955	Deletion	117
3R	7323070	7322955	Deletion	115
3R	7340203	7340102	Deletion	101
3R	7340203	7340109	Deletion	94
3R	7340203	7340115	Deletion	88
3R	7340203	7340145	Deletion	58
3R	7341660	7341620	Deletion	40
3R	7341690	7341620	Deletion	70
3R	7341654	7341620	Deletion	34
3R	7341728	7341620	Deletion	108
3R	7343658	7343544	Deletion	114
3R	7343658	7343558	Deletion	100
3R	7343658	7343566	Deletion	92
3R	7343658	7343598	Deletion	60
3R	7343658	7343616	Deletion	42
3R	7344658	7344574	Deletion	84
3R	7344674	7344574	Deletion	100
3R	7344608	7344574	Deletion	34
3R	7344640	7344574	Deletion	66
3R	7344696	7344574	Deletion	122
3R	7346584	7346514	Deletion	70
3R	7346584	7346518	Deletion	66
3R	7346584	7346536	Deletion	48
3R	7346883	7346827	Deletion	56
3R	7346887	7346827	Deletion	60
3R	7346905	7346827	Deletion	78
3R	7350563	7350498	Deletion	65
3R	7354705	7354632	Deletion	73
3R	7364918	7364794	Deletion	124
3R	7364918	7364873	Deletion	45
3R	7364918	7364883	Deletion	35
3R	7374502	7374389	Deletion	113
3R	7374480	7374389	Deletion	91
3R	7374510	7374389	Deletion	121
3R	7374470	7374389	Deletion	81
3R	7380918	7380795	Deletion	123
3R	7380918	7380804	Deletion	114
3R	7380918	7380809	Deletion	109
3R	7380918	7380823	Deletion	95
3R	7380918	7380826	Deletion	92
3R	7380918	7380845	Deletion	73
3R	7380918	7380848	Deletion	70
3R	7380918	7380853	Deletion	65
3R	7380918	7380870	Deletion	48
3R	7394571	7394537	Deletion	34
3R	7394590	7394537	Deletion	53
3R	7394652	7394537	Deletion	115
3R	7394593	7394537	Deletion	56
3R	7394598	7394537	Deletion	61
3R	7394568	7394537	Deletion	31
3R	7394615	7394537	Deletion	78
3R	7400418	7400330	Deletion	88
3R	7400418	7400357	Deletion	61
3R	7400418	7400372	Deletion	46
3R	7400418	7400382	Deletion	36
3R	7402688	7402598	Deletion	90
3R	7402663	7402598	Deletion	65
3R	7402678	7402598	Deletion	80
3R	7402636	7402598	Deletion	38
3R	7402702	7402598	Deletion	104
3R	7415567	7415451	Deletion	116
3R	7415567	7415494	Deletion	73
3R	7415567	7415518	Deletion	49
3R	7415924	7415809	Deletion	115
3R	7415863	7415809	Deletion	54
3R	7415887	7415809	Deletion	78
3R	7434397	7434276	Deletion	121
3R	7440624	7440507	Deletion	117
3R	7440624	7440556	Deletion	68
3R	7441285	7441162	Deletion	123
3R	7441221	7441162	Deletion	59
3R	7441280	7441162	Deletion	118
3R	7441283	7441162	Deletion	121
3R	7457576	7457455	Deletion	121
3R	7471954	7471833	Deletion	121
3R	7486753	7486631	Deletion	122
3R	7494178	7494074	Deletion	104
3R	7500216	7500119	Deletion	97
3R	7500233	7500119	Deletion	114
3R	7500216	7500119	Deletion	97
3R	7500236	7500119	Deletion	117
3R	7500219	7500119	Deletion	100
3R	7510630	7510513	Deletion	117
3R	7510630	7510543	Deletion	87
3R	7510630	7510556	Deletion	74
3R	7512150	7512029	Deletion	121
3R	7512068	7512029	Deletion	39
3R	7512081	7512029	Deletion	52
3R	7512135	7512029	Deletion	106
3R	7516047	7515925	Deletion	122
3R	7541972	7541861	Deletion	111
3R	7541972	7541887	Deletion	85
3R	7541972	7541893	Deletion	79
3R	7541972	7541910	Deletion	62
3R	7541972	7541939	Deletion	33
3R	7542117	7542052	Deletion	65
3R	7542094	7542052	Deletion	42
3R	7542146	7542052	Deletion	94
3R	7542100	7542052	Deletion	48
3R	7544122	7544011	Deletion	111
3R	7544122	7544025	Deletion	97
3R	7544122	7544028	Deletion	94
3R	7544122	7544057	Deletion	65
3R	7544122	7544073	Deletion	49
3R	7544122	7544076	Deletion	46
3R	7544981	7544947	Deletion	34
3R	7545010	7544947	Deletion	63
3R	7544978	7544947	Deletion	31
3R	7545051	7544947	Deletion	104
3R	7545029	7544947	Deletion	82
3R	7545026	7544947	Deletion	79
3R	7556608	7556525	Deletion	83
3R	7556608	7556536	Deletion	72
3R	7556608	7556552	Deletion	56
3R	7556919	7556807	Deletion	112
3R	7556861	7556807	Deletion	54
3R	7556850	7556807	Deletion	43
3R	7556877	7556807	Deletion	70
3R	7556923	7556807	Deletion	116
3R	7559471	7559355	Deletion	116
3R	7561204	7561081	Deletion	123
3R	7572939	7572817	Deletion	122
3R	7572939	7572844	Deletion	95
3R	7572939	7572858	Deletion	81
3R	7572939	7572860	Deletion	79
3R	7572939	7572886	Deletion	53
3R	7572939	7572896	Deletion	43
3R	7572939	7572906	Deletion	33
3R	7579649	7579575	Deletion	74
3R	7579659	7579575	Deletion	84
3R	7579676	7579575	Deletion	101
3R	7579669	7579575	Deletion	94
3R	7579623	7579575	Deletion	48
3R	7579607	7579575	Deletion	32
3R	7579621	7579575	Deletion	46
3R	7598576	7598455	Deletion	121
3R	7598576	7598458	Deletion	118
3R	7598576	7598468	Deletion	108
3R	7598576	7598469	Deletion	107
3R	7598576	7598479	Deletion	97
3R	7598576	7598481	Deletion	95
3R	7598576	7598485	Deletion	91
3R	7598576	7598494	Deletion	82
3R	7604243	7604211	Deletion	32
3R	7604241	7604211	Deletion	30
3R	7604247	7604211	Deletion	36
3R	7604256	7604211	Deletion	45
3R	7607203	7607115	Deletion	88
3R	7607203	7607131	Deletion	72
3R	7607203	7607144	Deletion	59
3R	7607203	7607172	Deletion	31
3R	7609973	7609878	Deletion	95
3R	7609932	7609878	Deletion	54
3R	7609945	7609878	Deletion	67
3R	7609916	7609878	Deletion	38
3R	7610838	7610717	Deletion	121
3R	7610838	7610764	Deletion	74
3R	7610838	7610797	Deletion	41
3R	7620834	7620782	Deletion	52
3R	7620867	7620782	Deletion	85
3R	7625434	7625323	Deletion	111
3R	7625434	7625338	Deletion	96
3R	7625434	7625358	Deletion	76
3R	7625434	7625358	Deletion	76
3R	7625434	7625368	Deletion	66
3R	7625434	7625378	Deletion	56
3R	7625434	7625391	Deletion	43
3R	7625434	7625402	Deletion	32
3R	7637355	7637259	Deletion	96
3R	7637311	7637259	Deletion	52
3R	7637331	7637259	Deletion	72
3R	7637321	7637259	Deletion	62
3R	7637344	7637259	Deletion	85
3R	7637311	7637259	Deletion	52
3R	7654152	7654032	Deletion	120
3R	7667996	7667921	Deletion	75
3R	7667996	7667927	Deletion	69
3R	7674013	7673955	Deletion	58
3R	7674007	7673955	Deletion	52
3R	7682060	7681942	Deletion	118
3R	7682060	7681947	Deletion	113
3R	7682060	7681967	Deletion	93
3R	7682060	7681971	Deletion	89
3R	7682060	7681981	Deletion	79
3R	7682060	7681992	Deletion	68
3R	7682060	7682026	Deletion	34
3R	7685008	7684915	Deletion	93
3R	7684953	7684915	Deletion	38
3R	7684974	7684915	Deletion	59
3R	7684963	7684915	Deletion	48
3R	7684949	7684915	Deletion	34
3R	7685900	7685781	Deletion	119
3R	7685900	7685790	Deletion	110
3R	7685900	7685811	Deletion	89
3R	7685900	7685824	Deletion	76
3R	7685900	7685826	Deletion	74
3R	7685895	7685834	Deletion	61
3R	7685900	7685850	Deletion	50
3R	7685900	7685868	Deletion	32
3R	7687871	7687834	Deletion	37
3R	7687939	7687834	Deletion	105
3R	7687886	7687834	Deletion	52
3R	7687894	7687834	Deletion	60
3R	7687910	7687834	Deletion	76
3R	7687942	7687834	Deletion	108
3R	7687884	7687834	Deletion	50
3R	7687928	7687834	Deletion	94
3R	7689107	7688995	Deletion	112
3R	7689107	7689036	Deletion	71
3R	7689107	7689074	Deletion	33
3R	7696029	7695987	Deletion	42
3R	7700423	7700318	Deletion	105
3R	7700350	7700318	Deletion	32
3R	7703702	7703627	Deletion	75
3R	7703726	7703627	Deletion	99
3R	7704101	7704027	Deletion	74
3R	7705475	7705417	Deletion	58
3R	7706555	7706524	Deletion	31
3R	7707507	7707385	Deletion	122
3R	7707971	7707864	Deletion	107
3R	7709518	7709431	Deletion	87
3R	7709886	7709831	Deletion	55
3R	7710993	7710892	Deletion	101
3R	7721933	7721827	Deletion	106
3R	7721933	7721832	Deletion	101
3R	7721933	7721845	Deletion	88
3R	7721933	7721878	Deletion	55
3R	7721933	7721889	Deletion	44
3R	7722074	7721992	Deletion	82
3R	7722063	7721992	Deletion	71
3R	7722030	7721992	Deletion	38
3R	7722115	7721992	Deletion	123
3R	7727274	7727168	Deletion	106
3R	7727274	7727174	Deletion	100
3R	7727274	7727183	Deletion	91
3R	7727274	7727206	Deletion	68
3R	7727270	7727214	Deletion	56
3R	7727274	7727236	Deletion	38
3R	7727274	7727240	Deletion	34
3R	7735207	7735163	Deletion	44
3R	7737082	7737018	Deletion	64
3R	7743956	7743833	Deletion	123
3R	7743956	7743868	Deletion	88
3R	7743956	7743882	Deletion	74
3R	7746161	7746106	Deletion	55
3R	7746147	7746106	Deletion	41
3R	7746212	7746106	Deletion	106
3R	7746230	7746106	Deletion	124
3R	7765173	7765091	Deletion	82
3R	7765173	7765119	Deletion	54
3R	7765173	7765127	Deletion	46
3R	7768893	7768812	Deletion	81
3R	7768885	7768812	Deletion	73
3R	7768857	7768817	Deletion	40
3R	7785356	7785232	Deletion	124
3R	7785356	7785267	Deletion	89
3R	7785356	7785284	Deletion	72
3R	7785356	7785293	Deletion	63
3R	7785356	7785303	Deletion	53
3R	7785356	7785312	Deletion	44
3R	7785356	7785312	Deletion	44
3R	7785354	7785324	Deletion	30
3R	7785485	7785410	Deletion	75
3R	7785466	7785410	Deletion	56
3R	7785494	7785410	Deletion	84
3R	7785475	7785410	Deletion	65
3R	7785449	7785410	Deletion	39
3R	7785530	7785410	Deletion	120
3R	7785494	7785410	Deletion	84
3R	7785506	7785411	Deletion	95
3R	7802828	7802717	Deletion	111
3R	7802828	7802740	Deletion	88
3R	7802828	7802741	Deletion	87
3R	7802828	7802747	Deletion	81
3R	7802828	7802771	Deletion	57
3R	7802828	7802794	Deletion	34
3R	7804262	7804163	Deletion	99
3R	7804232	7804163	Deletion	69
3R	7804255	7804163	Deletion	92
3R	7804202	7804163	Deletion	39
3R	7804201	7804163	Deletion	38
3R	7804208	7804168	Deletion	40
3R	7806914	7806817	Deletion	97
3R	7806914	7806841	Deletion	73
3R	7806914	7806845	Deletion	69
3R	7806914	7806848	Deletion	66
3R	7806914	7806857	Deletion	57
3R	7806914	7806873	Deletion	41
3R	7806914	7806880	Deletion	34
3R	7809545	7809487	Deletion	58
3R	7809603	7809487	Deletion	116
3R	7809595	7809487	Deletion	108
3R	7809517	7809487	Deletion	30
3R	7809573	7809487	Deletion	86
3R	7809580	7809487	Deletion	93
3R	7809541	7809487	Deletion	54
3R	7809548	7809487	Deletion	61
3R	7809557	7809487	Deletion	70
3R	7823356	7823240	Deletion	116
3R	7836335	7836231	Deletion	104
3R	7836335	7836259	Deletion	76
3R	7836335	7836280	Deletion	55
3R	7841537	7841485	Deletion	52
3R	7841558	7841485	Deletion	73
3R	7843717	7843603	Deletion	114
3R	7843717	7843613	Deletion	104
3R	7843717	7843660	Deletion	57
3R	7848994	7848877	Deletion	117
3R	7848947	7848877	Deletion	70
3R	7848980	7848877	Deletion	103
3R	7850544	7850444	Deletion	100
3R	7856482	7856360	Deletion	122
3R	7858538	7858423	Deletion	115
3R	7858540	7858462	Deletion	78
3R	7858540	7858488	Deletion	52
3R	7858540	7858492	Deletion	48
3R	7858540	7858493	Deletion	47
3R	7858540	7858497	Deletion	43
3R	7862001	7861922	Deletion	79
3R	7861996	7861922	Deletion	74
3R	7862031	7861922	Deletion	109
3R	7862000	7861922	Deletion	78
3R	7862005	7861922	Deletion	83
3R	7861970	7861922	Deletion	48
3R	7862034	7861922	Deletion	112
3R	7865220	7865176	Deletion	44
3R	7865220	7865179	Deletion	41
3R	7869398	7869313	Deletion	85
3R	7869395	7869313	Deletion	82
3R	7870083	7869977	Deletion	106
3R	7870083	7870042	Deletion	41
3R	7870083	7870043	Deletion	40
3R	7870083	7870047	Deletion	36
3R	7873725	7873638	Deletion	87
3R	7873724	7873638	Deletion	86
3R	7873729	7873638	Deletion	91
3R	7882427	7882350	Deletion	77
3R	7882427	7882354	Deletion	73
3R	7882427	7882357	Deletion	70
3R	7882427	7882390	Deletion	37
3R	7883604	7883548	Deletion	56
3R	7883601	7883548	Deletion	53
3R	7883597	7883548	Deletion	49
3R	7883659	7883548	Deletion	111
3R	7883637	7883548	Deletion	89
3R	7890839	7890730	Deletion	109
3R	7890839	7890790	Deletion	49
3R	7893211	7893096	Deletion	115
3R	7893173	7893096	Deletion	77
3R	7893193	7893096	Deletion	97
3R	7901268	7901190	Deletion	78
3R	7901268	7901205	Deletion	63
3R	7901268	7901214	Deletion	54
3R	7901268	7901234	Deletion	34
3R	7908203	7908131	Deletion	72
3R	7908194	7908131	Deletion	63
3R	7908223	7908131	Deletion	92
3R	7908179	7908131	Deletion	48
3R	7935422	7935300	Deletion	122
3R	7945069	7944957	Deletion	112
3R	7945069	7944960	Deletion	109
3R	7945069	7945015	Deletion	54
3R	7945069	7945017	Deletion	52
3R	7945069	7945022	Deletion	47
3R	7945069	7945024	Deletion	45
3R	7945205	7945124	Deletion	81
3R	7945196	7945124	Deletion	72
3R	7945203	7945124	Deletion	79
3R	7945198	7945124	Deletion	74
3R	7945238	7945124	Deletion	114
3R	7948276	7948199	Deletion	77
3R	7948276	7948205	Deletion	71
3R	7948276	7948208	Deletion	68
3R	7948276	7948226	Deletion	50
3R	7948276	7948236	Deletion	40
3R	7956373	7956323	Deletion	50
3R	7956410	7956323	Deletion	87
3R	7956379	7956323	Deletion	56
3R	7956400	7956323	Deletion	77
3R	7956382	7956323	Deletion	59
3R	7960349	7960232	Deletion	117
3R	7960349	7960251	Deletion	98
3R	7960349	7960292	Deletion	57
3R	7964060	7963950	Deletion	110
3R	7964019	7963950	Deletion	69
3R	7975250	7975150	Deletion	100
3R	7975250	7975181	Deletion	69
3R	7975250	7975187	Deletion	63
3R	7975250	7975200	Deletion	50
3R	7975961	7975898	Deletion	63
3R	7976001	7975898	Deletion	103
3R	7976013	7975898	Deletion	115
3R	7975955	7975898	Deletion	57
3R	7975974	7975898	Deletion	76
3R	7977478	7977379	Deletion	99
3R	7977478	7977391	Deletion	87
3R	7977478	7977414	Deletion	64
3R	7977478	7977415	Deletion	63
3R	7981603	7981540	Deletion	63
3R	7981602	7981540	Deletion	62
3R	7981579	7981540	Deletion	39
3R	7985281	7985163	Deletion	118
3R	7985441	7985335	Deletion	106
3R	7985448	7985335	Deletion	113
3R	8001606	8001488	Deletion	118
3R	8001606	8001491	Deletion	115
3R	8001606	8001503	Deletion	103
3R	8001606	8001521	Deletion	85
3R	8001606	8001523	Deletion	83
3R	8001606	8001558	Deletion	48
3R	8001606	8001566	Deletion	40
3R	8001606	8001567	Deletion	39
3R	8001606	8001570	Deletion	36
3R	8001606	8001570	Deletion	36
3R	8004920	8004834	Deletion	86
3R	8004932	8004834	Deletion	98
3R	8004924	8004834	Deletion	90
3R	8004921	8004834	Deletion	87
3R	8004875	8004834	Deletion	41
3R	8004912	8004834	Deletion	78
3R	8004924	8004834	Deletion	90
3R	8004877	8004834	Deletion	43
3R	8005801	8005684	Deletion	117
3R	8005801	8005693	Deletion	108
3R	8005801	8005702	Deletion	99
3R	8005801	8005708	Deletion	93
3R	8005801	8005727	Deletion	74
3R	8005801	8005732	Deletion	69
3R	8007325	8007225	Deletion	100
3R	8007259	8007225	Deletion	34
3R	8007333	8007225	Deletion	108
3R	8007328	8007225	Deletion	103
3R	8007283	8007225	Deletion	58
3R	8007278	8007225	Deletion	53
3R	8007561	8007438	Deletion	123
3R	8011295	8011173	Deletion	122
3R	8017307	8017217	Deletion	90
3R	8017307	8017247	Deletion	60
3R	8017307	8017261	Deletion	46
3R	8024517	8024413	Deletion	104
3R	8024481	8024413	Deletion	68
3R	8024495	8024413	Deletion	82
3R	8024451	8024413	Deletion	38
3R	8027140	8027019	Deletion	121
3R	8027140	8027032	Deletion	108
3R	8027140	8027063	Deletion	77
3R	8027140	8027069	Deletion	71
3R	8027140	8027073	Deletion	67
3R	8027140	8027081	Deletion	59
3R	8027435	8027373	Deletion	62
3R	8027443	8027373	Deletion	70
3R	8027496	8027373	Deletion	123
3R	8027490	8027373	Deletion	117
3R	8027425	8027373	Deletion	52
3R	8027431	8027382	Deletion	49
3R	8045108	8045029	Deletion	79
3R	8045063	8045029	Deletion	34
3R	8045529	8045408	Deletion	121
3R	8045529	8045414	Deletion	115
3R	8047514	8047429	Deletion	85
3R	8047514	8047443	Deletion	71
3R	8047655	8047562	Deletion	93
3R	8047611	8047562	Deletion	49
3R	8053814	8053695	Deletion	119
3R	8064366	8064249	Deletion	117
3R	8064366	8064257	Deletion	109
3R	8064366	8064261	Deletion	105
3R	8064366	8064278	Deletion	88
3R	8064366	8064291	Deletion	75
3R	8064366	8064296	Deletion	70
3R	8064366	8064296	Deletion	70
3R	8064543	8064427	Deletion	116
3R	8064483	8064427	Deletion	56
3R	8064465	8064427	Deletion	38
3R	8064483	8064427	Deletion	56
3R	8064478	8064427	Deletion	51
3R	8087679	8087571	Deletion	108
3R	8087679	8087591	Deletion	88
3R	8087679	8087618	Deletion	61
3R	8096911	8096812	Deletion	99
3R	8097513	8097459	Deletion	54
3R	8100935	8100870	Deletion	65
3R	8100984	8100870	Deletion	114
3R	8100908	8100870	Deletion	38
3R	8104246	8104169	Deletion	77
3R	8104246	8104172	Deletion	74
3R	8106761	8106675	Deletion	86
3R	8106728	8106675	Deletion	53
3R	8106789	8106675	Deletion	114
3R	8106770	8106675	Deletion	95
3R	8106781	8106675	Deletion	106
3R	8106762	8106675	Deletion	87
3R	8106725	8106675	Deletion	50
3R	8106717	8106675	Deletion	42
3R	8106754	8106675	Deletion	79
3R	8106722	8106675	Deletion	47
3R	8117475	8117354	Deletion	121
3R	8117475	8117356	Deletion	119
3R	8117475	8117385	Deletion	90
3R	8117475	8117408	Deletion	67
3R	8117475	8117441	Deletion	34
3R	8119810	8119774	Deletion	36
3R	8119882	8119774	Deletion	108
3R	8119833	8119774	Deletion	59
3R	8119866	8119774	Deletion	92
3R	8122302	8122186	Deletion	116
3R	8122302	8122188	Deletion	114
3R	8122302	8122190	Deletion	112
3R	8122302	8122212	Deletion	90
3R	8122302	8122223	Deletion	79
3R	8122302	8122239	Deletion	63
3R	8122302	8122255	Deletion	47
3R	8122299	8122255	Deletion	44
3R	8122302	8122262	Deletion	40
3R	8122302	8122272	Deletion	30
3R	8125076	8124990	Deletion	86
3R	8125026	8124990	Deletion	36
3R	8125091	8124990	Deletion	101
3R	8125054	8124990	Deletion	64
3R	8125037	8124990	Deletion	47
3R	8125086	8124990	Deletion	96
3R	8125069	8124990	Deletion	79
3R	8125069	8124990	Deletion	79
3R	8155938	8155819	Deletion	119
3R	8155938	8155837	Deletion	101
3R	8155938	8155844	Deletion	94
3R	8155938	8155856	Deletion	82
3R	8175115	8175071	Deletion	44
3R	8175103	8175071	Deletion	32
3R	8175649	8175578	Deletion	71
3R	8176660	8176605	Deletion	55
3R	8194117	8193996	Deletion	121
3R	8194117	8193997	Deletion	120
3R	8194117	8194011	Deletion	106
3R	8194117	8194011	Deletion	106
3R	8194117	8194062	Deletion	55
3R	8194254	8194181	Deletion	73
3R	8194281	8194181	Deletion	100
3R	8194284	8194181	Deletion	103
3R	8274382	8274305	Deletion	77
3R	8274382	8274308	Deletion	74
3R	8274382	8274324	Deletion	58
3R	8274493	8274441	Deletion	52
3R	8274490	8274441	Deletion	49
3R	8274509	8274441	Deletion	68
3R	8274539	8274441	Deletion	98
3R	8284534	8284474	Deletion	60
3R	8284534	8284490	Deletion	44
3R	8284534	8284503	Deletion	31
3R	8285991	8285872	Deletion	119
3R	8285990	8285872	Deletion	118
3R	8285955	8285872	Deletion	83
3R	8285986	8285872	Deletion	114
3R	8285968	8285872	Deletion	96
3R	8285939	8285872	Deletion	67
3R	8289282	8289217	Deletion	65
3R	8289282	8289225	Deletion	57
3R	8295713	8295589	Deletion	124
3R	8295659	8295589	Deletion	70
3R	8295651	8295592	Deletion	59
3R	8298922	8298809	Deletion	113
3R	8298922	8298828	Deletion	94
3R	8298922	8298843	Deletion	79
3R	8298922	8298851	Deletion	71
3R	8298922	8298853	Deletion	69
3R	8299361	8299305	Deletion	56
3R	8299353	8299305	Deletion	48
3R	8299363	8299305	Deletion	58
3R	8299338	8299305	Deletion	33
3R	8310036	8309928	Deletion	108
3R	8310036	8309942	Deletion	94
3R	8310036	8309958	Deletion	78
3R	8310036	8309964	Deletion	72
3R	8310036	8309969	Deletion	67
3R	8310036	8309978	Deletion	58
3R	8310036	8309989	Deletion	47
3R	8310036	8309990	Deletion	46
3R	8310036	8309996	Deletion	40
3R	8310319	8310265	Deletion	54
3R	8310324	8310265	Deletion	59
3R	8310344	8310265	Deletion	79
3R	8310345	8310265	Deletion	80
3R	8310313	8310265	Deletion	48
3R	8310333	8310265	Deletion	68
3R	8310297	8310265	Deletion	32
3R	8310351	8310265	Deletion	86
3R	8313925	8313826	Deletion	99
3R	8313925	8313832	Deletion	93
3R	8313925	8313835	Deletion	90
3R	8313925	8313836	Deletion	89
3R	8313925	8313852	Deletion	73
3R	8313925	8313862	Deletion	63
3R	8322929	8322891	Deletion	38
3R	8322945	8322891	Deletion	54
3R	8322925	8322891	Deletion	34
3R	8322928	8322891	Deletion	37
3R	8322955	8322891	Deletion	64
3R	8325980	8325871	Deletion	109
3R	8325980	8325885	Deletion	95
3R	8325980	8325910	Deletion	70
3R	8325980	8325915	Deletion	65
3R	8325980	8325921	Deletion	59
3R	8325980	8325941	Deletion	39
3R	8326113	8326051	Deletion	62
3R	8326083	8326051	Deletion	32
3R	8326175	8326051	Deletion	124
3R	8326119	8326051	Deletion	68
3R	8326155	8326051	Deletion	104
3R	8326149	8326051	Deletion	98
3R	8326108	8326051	Deletion	57
3R	8326139	8326051	Deletion	88
3R	8328358	8328281	Deletion	77
3R	8328358	8328293	Deletion	65
3R	8328358	8328300	Deletion	58
3R	8353303	8353198	Deletion	105
3R	8353259	8353198	Deletion	61
3R	8353314	8353198	Deletion	116
3R	8353247	8353198	Deletion	49
3R	8353266	8353198	Deletion	68
3R	8355546	8355424	Deletion	122
3R	8355546	8355424	Deletion	122
3R	8355546	8355428	Deletion	118
3R	8355546	8355504	Deletion	42
3R	8355546	8355508	Deletion	38
3R	8361277	8361193	Deletion	84
3R	8361281	8361193	Deletion	88
3R	8362759	8362638	Deletion	121
3R	8362759	8362642	Deletion	117
3R	8362759	8362680	Deletion	79
3R	8362759	8362712	Deletion	47
3R	8385907	8385792	Deletion	115
3R	8385871	8385792	Deletion	79
3R	8385903	8385792	Deletion	111
3R	8385905	8385792	Deletion	113
3R	8385897	8385792	Deletion	105
3R	8385839	8385792	Deletion	47
3R	8386871	8386750	Deletion	121
3R	8386891	8386782	Deletion	109
3R	8386891	8386786	Deletion	105
3R	8386891	8386791	Deletion	100
3R	8386891	8386801	Deletion	90
3R	8386891	8386811	Deletion	80
3R	8386891	8386813	Deletion	78
3R	8386891	8386837	Deletion	54
3R	8386891	8386844	Deletion	47
3R	8386891	8386850	Deletion	41
3R	8386891	8386850	Deletion	41
3R	8394701	8394665	Deletion	36
3R	8394711	8394665	Deletion	46
3R	8394713	8394665	Deletion	48
3R	8394750	8394665	Deletion	85
3R	8394737	8394665	Deletion	72
3R	8394750	8394665	Deletion	85
3R	8394744	8394665	Deletion	79
3R	8405408	8405362	Deletion	46
3R	8405589	8405509	Deletion	80
3R	8410939	8410876	Deletion	63
3R	8411470	8411391	Deletion	79
3R	8411704	8411670	Deletion	34
3R	8425097	8425002	Deletion	95
3R	8425097	8425007	Deletion	90
3R	8425097	8425015	Deletion	82
3R	8425940	8425895	Deletion	45
3R	8426009	8425895	Deletion	114
3R	8425927	8425895	Deletion	32
3R	8425932	8425895	Deletion	37
3R	8429969	8429890	Deletion	79
3R	8429969	8429938	Deletion	31
3R	8430986	8430874	Deletion	112
3R	8430969	8430874	Deletion	95
3R	8430921	8430874	Deletion	47
3R	8430989	8430874	Deletion	115
3R	8430988	8430874	Deletion	114
3R	8433227	8433106	Deletion	121
3R	8433676	8433583	Deletion	93
3R	8433676	8433583	Deletion	93
3R	8433676	8433614	Deletion	62
3R	8433676	8433622	Deletion	54
3R	8433676	8433639	Deletion	37
3R	8454106	8454072	Deletion	34
3R	8454106	8454072	Deletion	34
3R	8454162	8454072	Deletion	90
3R	8454145	8454072	Deletion	73
3R	8454137	8454072	Deletion	65
3R	8456615	8456502	Deletion	113
3R	8456615	8456533	Deletion	82
3R	8456615	8456537	Deletion	78
3R	8456615	8456568	Deletion	47
3R	8460840	8460794	Deletion	46
3R	8460844	8460794	Deletion	50
3R	8460875	8460794	Deletion	81
3R	8460910	8460794	Deletion	116
3R	8470394	8470275	Deletion	119
3R	8470394	8470283	Deletion	111
3R	8470394	8470300	Deletion	94
3R	8470394	8470319	Deletion	75
3R	8470394	8470328	Deletion	66
3R	8470394	8470348	Deletion	46
3R	8472671	8472557	Deletion	114
3R	8472608	8472557	Deletion	51
3R	8472589	8472557	Deletion	32
3R	8472617	8472557	Deletion	60
3R	8472637	8472557	Deletion	80
3R	8479226	8479127	Deletion	99
3R	8479226	8479158	Deletion	68
3R	8491068	8491008	Deletion	60
3R	8500083	8499959	Deletion	124
3R	8501201	8501096	Deletion	105
3R	8501201	8501113	Deletion	88
3R	8547536	8547498	Deletion	38
3R	8554373	8554252	Deletion	121
3R	8554373	8554284	Deletion	89
3R	8554373	8554285	Deletion	88
3R	8554373	8554309	Deletion	64
3R	8554373	8554322	Deletion	51
3R	8554373	8554323	Deletion	50
3R	8554373	8554325	Deletion	48
3R	8556141	8556063	Deletion	78
3R	8556101	8556063	Deletion	38
3R	8556139	8556063	Deletion	76
3R	8556138	8556063	Deletion	75
3R	8556100	8556063	Deletion	37
3R	8556125	8556063	Deletion	62
3R	8556538	8556419	Deletion	119
3R	8556538	8556437	Deletion	101
3R	8556538	8556458	Deletion	80
3R	8556538	8556470	Deletion	68
3R	8556538	8556503	Deletion	35
3R	8558723	8558602	Deletion	121
3R	8558648	8558602	Deletion	46
3R	8558707	8558602	Deletion	105
3R	8558660	8558602	Deletion	58
3R	8558693	8558602	Deletion	91
3R	8562017	8561895	Deletion	122
3R	8562017	8561947	Deletion	70
3R	8562017	8561950	Deletion	67
3R	8567593	8567536	Deletion	57
3R	8567596	8567536	Deletion	60
3R	8567660	8567536	Deletion	124
3R	8571762	8571648	Deletion	114
3R	8572091	8572037	Deletion	54
3R	8573091	8573003	Deletion	88
3R	8587274	8587176	Deletion	98
3R	8587274	8587210	Deletion	64
3R	8587274	8587239	Deletion	35
3R	8587837	8587717	Deletion	120
3R	8587809	8587717	Deletion	92
3R	8587780	8587717	Deletion	63
3R	8587837	8587717	Deletion	120
3R	8587835	8587717	Deletion	118
3R	8587969	8587890	Deletion	79
3R	8587969	8587902	Deletion	67
3R	8587969	8587914	Deletion	55
3R	8587969	8587931	Deletion	38
3R	8598046	8597958	Deletion	88
3R	8598029	8597958	Deletion	71
3R	8598065	8597958	Deletion	107
3R	8598067	8597958	Deletion	109
3R	8598005	8597958	Deletion	47
3R	8598017	8597958	Deletion	59
3R	8598651	8598529	Deletion	122
3R	8603323	8603244	Deletion	79
3R	8604107	8604032	Deletion	75
3R	8604403	8604311	Deletion	92
3R	8605597	8605556	Deletion	41
3R	8606777	8606676	Deletion	101
3R	8608324	8608277	Deletion	47
3R	8609186	8609140	Deletion	46
3R	8609384	8609264	Deletion	120
3R	8609840	8609790	Deletion	50
3R	8613191	8613073	Deletion	118
3R	8613191	8613107	Deletion	84
3R	8613191	8613109	Deletion	82
3R	8616865	8616821	Deletion	44
3R	8616863	8616821	Deletion	42
3R	8616995	8616873	Deletion	122
3R	8616995	8616893	Deletion	102
3R	8617163	8617046	Deletion	117
3R	8617747	8617641	Deletion	106
3R	8617747	8617660	Deletion	87
3R	8617747	8617699	Deletion	48
3R	8635185	8635071	Deletion	114
3R	8635149	8635071	Deletion	78
3R	8635188	8635071	Deletion	117
3R	8635185	8635071	Deletion	114
3R	8635110	8635071	Deletion	39
3R	8635172	8635071	Deletion	101
3R	8636364	8636256	Deletion	108
3R	8636364	8636260	Deletion	104
3R	8636568	8636470	Deletion	98
3R	8637700	8637578	Deletion	122
3R	8645992	8645869	Deletion	123
3R	8645992	8645877	Deletion	115
3R	8645992	8645904	Deletion	88
3R	8645992	8645938	Deletion	54
3R	8645992	8645955	Deletion	37
3R	8646356	8646317	Deletion	39
3R	8646407	8646317	Deletion	90
3R	8646429	8646317	Deletion	112
3R	8646390	8646321	Deletion	69
3R	8655088	8654971	Deletion	117
3R	8655088	8655053	Deletion	35
3R	8655234	8655142	Deletion	92
3R	8655262	8655142	Deletion	120
3R	8655249	8655142	Deletion	107
3R	8660761	8660644	Deletion	117
3R	8661793	8661671	Deletion	122
3R	8661793	8661679	Deletion	114
3R	8661793	8661681	Deletion	112
3R	8661793	8661705	Deletion	88
3R	8661793	8661718	Deletion	75
3R	8661793	8661760	Deletion	33
3R	8661793	8661760	Deletion	33
3R	8662171	8662064	Deletion	107
3R	8662157	8662064	Deletion	93
3R	8662115	8662064	Deletion	51
3R	8662102	8662064	Deletion	38
3R	8662157	8662064	Deletion	93
3R	8695381	8695259	Deletion	122
3R	8700761	8700679	Deletion	82
3R	8700761	8700681	Deletion	80
3R	8700761	8700719	Deletion	42
3R	8700761	8700722	Deletion	39
3R	8700761	8700729	Deletion	32
3R	8701900	8701856	Deletion	44
3R	8701943	8701856	Deletion	87
3R	8701902	8701856	Deletion	46
3R	8701940	8701856	Deletion	84
3R	8701950	8701856	Deletion	94
3R	8701972	8701856	Deletion	116
3R	8701964	8701856	Deletion	108
3R	8703163	8703042	Deletion	121
3R	8703306	8703234	Deletion	72
3R	8703306	8703238	Deletion	68
3R	8703306	8703261	Deletion	45
3R	8703306	8703264	Deletion	42
3R	8705092	8704988	Deletion	104
3R	8705095	8704988	Deletion	107
3R	8705069	8704988	Deletion	81
3R	8705042	8704988	Deletion	54
3R	8705046	8704988	Deletion	58
3R	8705072	8704988	Deletion	84
3R	8706198	8706103	Deletion	95
3R	8706198	8706105	Deletion	93
3R	8708531	8708408	Deletion	123
3R	8709240	8709119	Deletion	121
3R	8709232	8709119	Deletion	113
3R	8709236	8709119	Deletion	117
3R	8709152	8709119	Deletion	33
3R	8728186	8728085	Deletion	101
3R	8728186	8728092	Deletion	94
3R	8728186	8728103	Deletion	83
3R	8728186	8728108	Deletion	78
3R	8728186	8728113	Deletion	73
3R	8728186	8728133	Deletion	53
3R	8728186	8728150	Deletion	36
3R	8729523	8729468	Deletion	55
3R	8729569	8729468	Deletion	101
3R	8729543	8729468	Deletion	75
3R	8729513	8729468	Deletion	45
3R	8729575	8729468	Deletion	107
3R	8729518	8729468	Deletion	50
3R	8729571	8729468	Deletion	103
3R	8729502	8729468	Deletion	34
3R	8729560	8729468	Deletion	92
3R	8738809	8738686	Deletion	123
3R	8738809	8738713	Deletion	96
3R	8738809	8738745	Deletion	64
3R	8738809	8738764	Deletion	45
3R	8738809	8738773	Deletion	36
3R	8738964	8738873	Deletion	91
3R	8738936	8738873	Deletion	63
3R	8738904	8738873	Deletion	31
3R	8738979	8738873	Deletion	106
3R	8738955	8738873	Deletion	82
3R	8786126	8786008	Deletion	118
3R	8786126	8786033	Deletion	93
3R	8786126	8786066	Deletion	60
3R	8791914	8791881	Deletion	33
3R	8791947	8791881	Deletion	66
3R	8812283	8812161	Deletion	122
3R	8817416	8817295	Deletion	121
3R	8821794	8821693	Deletion	101
3R	8821794	8821755	Deletion	39
3R	8823163	8823042	Deletion	121
3R	8823158	8823042	Deletion	116
3R	8823129	8823042	Deletion	87
3R	8823164	8823042	Deletion	122
3R	8823997	8823892	Deletion	105
3R	8823997	8823911	Deletion	86
3R	8823997	8823926	Deletion	71
3R	8823997	8823930	Deletion	67
3R	8832575	8832466	Deletion	109
3R	8832506	8832466	Deletion	40
3R	8832581	8832466	Deletion	115
3R	8832521	8832466	Deletion	55
3R	8832525	8832466	Deletion	59
3R	8845398	8845332	Deletion	66
3R	8845398	8845337	Deletion	61
3R	8845398	8845344	Deletion	54
3R	8846180	8846068	Deletion	112
3R	8846188	8846068	Deletion	120
3R	8846128	8846068	Deletion	60
3R	8846140	8846068	Deletion	72
3R	8846133	8846068	Deletion	65
3R	8852116	8851993	Deletion	123
3R	8852116	8852016	Deletion	100
3R	8852116	8852020	Deletion	96
3R	8852116	8852026	Deletion	90
3R	8852116	8852029	Deletion	87
3R	8852116	8852052	Deletion	64
3R	8853916	8853805	Deletion	111
3R	8853867	8853805	Deletion	62
3R	8853844	8853805	Deletion	39
3R	8853909	8853805	Deletion	104
3R	8853841	8853805	Deletion	36
3R	8855488	8855371	Deletion	117
3R	8855488	8855374	Deletion	114
3R	8855488	8855401	Deletion	87
3R	8855488	8855406	Deletion	82
3R	8855488	8855436	Deletion	52
3R	8855488	8855452	Deletion	36
3R	8855488	8855456	Deletion	32
3R	8862268	8862149	Deletion	119
3R	8862194	8862149	Deletion	45
3R	8862189	8862149	Deletion	40
3R	8862224	8862149	Deletion	75
3R	8862240	8862149	Deletion	91
3R	8862244	8862149	Deletion	95
3R	8862267	8862153	Deletion	114
3R	8862354	8862234	Deletion	120
3R	8862354	8862244	Deletion	110
3R	8862354	8862256	Deletion	98
3R	8862354	8862263	Deletion	91
3R	8862354	8862294	Deletion	60
3R	8862354	8862320	Deletion	34
3R	8870508	8870441	Deletion	67
3R	8871747	8871654	Deletion	93
3R	8872467	8872413	Deletion	54
3R	8885978	8885943	Deletion	35
3R	8886035	8885943	Deletion	92
3R	8886009	8885943	Deletion	66
3R	8886055	8885943	Deletion	112
3R	8890874	8890764	Deletion	110
3R	8890874	8890806	Deletion	68
3R	8890874	8890819	Deletion	55
3R	8894815	8894743	Deletion	72
3R	8894802	8894743	Deletion	59
3R	8897205	8897126	Deletion	79
3R	8898361	8898282	Deletion	79
3R	8900899	8900857	Deletion	42
3R	8903170	8903085	Deletion	85
3R	8906712	8906667	Deletion	45
3R	8912209	8912150	Deletion	59
3R	8922210	8922093	Deletion	117
3R	8922210	8922138	Deletion	72
3R	8922210	8922143	Deletion	67
3R	8922210	8922144	Deletion	66
3R	8922210	8922153	Deletion	57
3R	8922210	8922174	Deletion	36
3R	8922210	8922177	Deletion	33
3R	8926979	8926867	Deletion	112
3R	8926927	8926867	Deletion	60
3R	8926922	8926867	Deletion	55
3R	8926928	8926867	Deletion	61
3R	8926958	8926867	Deletion	91
3R	8926989	8926867	Deletion	122
3R	8926961	8926867	Deletion	94
3R	8926937	8926867	Deletion	70
3R	8927348	8927226	Deletion	122
3R	8930328	8930207	Deletion	121
3R	8931090	8930969	Deletion	121
3R	8932439	8932316	Deletion	123
3R	8932457	8932336	Deletion	121
3R	8939825	8939703	Deletion	122
3R	8940022	8939909	Deletion	113
3R	8940022	8939967	Deletion	55
3R	8940022	8939971	Deletion	51
3R	8940022	8939983	Deletion	39
3R	8940267	8940191	Deletion	76
3R	8940279	8940191	Deletion	88
3R	8940263	8940191	Deletion	72
3R	8940305	8940191	Deletion	114
3R	8940301	8940191	Deletion	110
3R	8940667	8940546	Deletion	121
3R	8958420	8958297	Deletion	123
3R	8962464	8962340	Deletion	124
3R	8962464	8962360	Deletion	104
3R	8962464	8962363	Deletion	101
3R	8962464	8962367	Deletion	97
3R	8962464	8962370	Deletion	94
3R	8962464	8962377	Deletion	87
3R	8962464	8962407	Deletion	57
3R	8962464	8962430	Deletion	34
3R	8962464	8962432	Deletion	32
3R	8988225	8988131	Deletion	94
3R	8988163	8988131	Deletion	32
3R	8988223	8988131	Deletion	92
3R	8988200	8988131	Deletion	69
3R	8988170	8988131	Deletion	39
3R	8989911	8989790	Deletion	121
3R	8997235	8997116	Deletion	119
3R	8997235	8997129	Deletion	106
3R	8997235	8997158	Deletion	77
3R	8997235	8997165	Deletion	70
3R	8997235	8997170	Deletion	65
3R	8997235	8997176	Deletion	59
3R	8997235	8997177	Deletion	58
3R	8997235	8997181	Deletion	54
3R	8997235	8997194	Deletion	41
3R	8997235	8997203	Deletion	32
3R	8997235	8997205	Deletion	30
3R	9000872	9000804	Deletion	68
3R	9000871	9000804	Deletion	67
3R	9000865	9000804	Deletion	61
3R	9000872	9000804	Deletion	68
3R	9000872	9000804	Deletion	68
3R	9000872	9000804	Deletion	68
3R	9000872	9000804	Deletion	68
3R	9000853	9000804	Deletion	49
3R	9000860	9000804	Deletion	56
3R	9000872	9000825	Deletion	47
3R	9000872	9000836	Deletion	36
3R	9000872	9000842	Deletion	30
3R	9008243	9008164	Deletion	79
3R	9008260	9008164	Deletion	96
3R	9008254	9008164	Deletion	90
3R	9011166	9011074	Deletion	92
3R	9011166	9011100	Deletion	66
3R	9011166	9011114	Deletion	52
3R	9011166	9011132	Deletion	34
3R	9011691	9011656	Deletion	35
3R	9011749	9011656	Deletion	93
3R	9011766	9011656	Deletion	110
3R	9011717	9011656	Deletion	61
3R	9011731	9011656	Deletion	75
3R	9018235	9018115	Deletion	120
3R	9018235	9018145	Deletion	90
3R	9018235	9018160	Deletion	75
3R	9018235	9018163	Deletion	72
3R	9018235	9018186	Deletion	49
3R	9018607	9018505	Deletion	102
3R	9018559	9018505	Deletion	54
3R	9018556	9018505	Deletion	51
3R	9018612	9018505	Deletion	107
3R	9018541	9018505	Deletion	36
3R	9018582	9018505	Deletion	77
3R	9024593	9024469	Deletion	124
3R	9053783	9053665	Deletion	118
3R	9053783	9053741	Deletion	42
3R	9056156	9056036	Deletion	120
3R	9056140	9056036	Deletion	104
3R	9056120	9056036	Deletion	84
3R	9063394	9063270	Deletion	124
3R	9063488	9063381	Deletion	107
3R	9063488	9063383	Deletion	105
3R	9063488	9063430	Deletion	58
3R	9063488	9063440	Deletion	48
3R	9063488	9063454	Deletion	34
3R	9063733	9063615	Deletion	118
3R	9063707	9063615	Deletion	92
3R	9063693	9063615	Deletion	78
3R	9063739	9063615	Deletion	124
3R	9063683	9063615	Deletion	68
3R	9064167	9064045	Deletion	122
3R	9074350	9074311	Deletion	39
3R	9074516	9074395	Deletion	121
3R	9074514	9074395	Deletion	119
3R	9074504	9074395	Deletion	109
3R	9074487	9074395	Deletion	92
3R	9086968	9086847	Deletion	121
3R	9088221	9088103	Deletion	118
3R	9090061	9089937	Deletion	124
3R	9095927	9095829	Deletion	98
3R	9095927	9095831	Deletion	96
3R	9095927	9095834	Deletion	93
3R	9095927	9095842	Deletion	85
3R	9095927	9095845	Deletion	82
3R	9095927	9095847	Deletion	80
3R	9095927	9095854	Deletion	73
3R	9095927	9095885	Deletion	42
3R	9115265	9115224	Deletion	41
3R	9115308	9115224	Deletion	84
3R	9115343	9115224	Deletion	119
3R	9115277	9115224	Deletion	53
3R	9115270	9115224	Deletion	46
3R	9115268	9115224	Deletion	44
3R	9115257	9115224	Deletion	33
3R	9115254	9115224	Deletion	30
3R	9115608	9115486	Deletion	122
3R	9115608	9115500	Deletion	108
3R	9115608	9115514	Deletion	94
3R	9115608	9115524	Deletion	84
3R	9115608	9115545	Deletion	63
3R	9115608	9115549	Deletion	59
3R	9115734	9115701	Deletion	33
3R	9115766	9115701	Deletion	65
3R	9115810	9115701	Deletion	109
3R	9115769	9115701	Deletion	68
3R	9115744	9115701	Deletion	43
3R	9115809	9115701	Deletion	108
3R	9116112	9116061	Deletion	51
3R	9116112	9116076	Deletion	36
3R	9116433	9116333	Deletion	100
3R	9116438	9116333	Deletion	105
3R	9116424	9116333	Deletion	91
3R	9116409	9116333	Deletion	76
3R	9116570	9116460	Deletion	110
3R	9116570	9116466	Deletion	104
3R	9116570	9116509	Deletion	61
3R	9116570	9116534	Deletion	36
3R	9116849	9116759	Deletion	90
3R	9116824	9116759	Deletion	65
3R	9120433	9120314	Deletion	119
3R	9127171	9127060	Deletion	111
3R	9127171	9127080	Deletion	91
3R	9127171	9127093	Deletion	78
3R	9127171	9127129	Deletion	42
3R	9130674	9130625	Deletion	49
3R	9130661	9130625	Deletion	36
3R	9130742	9130625	Deletion	117
3R	9130710	9130625	Deletion	85
3R	9137498	9137375	Deletion	123
3R	9137498	9137386	Deletion	112
3R	9137498	9137390	Deletion	108
3R	9137498	9137392	Deletion	106
3R	9137498	9137418	Deletion	80
3R	9137498	9137427	Deletion	71
3R	9137498	9137428	Deletion	70
3R	9137494	9137450	Deletion	44
3R	9142247	9142190	Deletion	57
3R	9142302	9142190	Deletion	112
3R	9142296	9142190	Deletion	106
3R	9142237	9142190	Deletion	47
3R	9142311	9142190	Deletion	121
3R	9142269	9142190	Deletion	79
3R	9142246	9142190	Deletion	56
3R	9150983	9150866	Deletion	117
3R	9150983	9150874	Deletion	109
3R	9150983	9150900	Deletion	83
3R	9150983	9150909	Deletion	74
3R	9150983	9150937	Deletion	46
3R	9154230	9154178	Deletion	52
3R	9154258	9154178	Deletion	80
3R	9154221	9154178	Deletion	43
3R	9154291	9154178	Deletion	113
3R	9154282	9154178	Deletion	104
3R	9156420	9156299	Deletion	121
3R	9177480	9177359	Deletion	121
3R	9194276	9194214	Deletion	62
3R	9194716	9194602	Deletion	114
3R	9194666	9194602	Deletion	64
3R	9194721	9194602	Deletion	119
3R	9194715	9194602	Deletion	113
3R	9194726	9194602	Deletion	124
3R	9195324	9195204	Deletion	120
3R	9195324	9195206	Deletion	118
3R	9195324	9195206	Deletion	118
3R	9195324	9195224	Deletion	100
3R	9195324	9195224	Deletion	100
3R	9195324	9195251	Deletion	73
3R	9195324	9195293	Deletion	31
3R	9204292	9204196	Deletion	96
3R	9204302	9204196	Deletion	106
3R	9204298	9204196	Deletion	102
3R	9204308	9204196	Deletion	112
3R	9204250	9204196	Deletion	54
3R	9211924	9211814	Deletion	110
3R	9211924	9211819	Deletion	105
3R	9211924	9211852	Deletion	72
3R	9211924	9211856	Deletion	68
3R	9211924	9211859	Deletion	65
3R	9211924	9211859	Deletion	65
3R	9211924	9211867	Deletion	57
3R	9211924	9211876	Deletion	48
3R	9239130	9239075	Deletion	55
3R	9239145	9239075	Deletion	70
3R	9239137	9239075	Deletion	62
3R	9239137	9239075	Deletion	62
3R	9239154	9239075	Deletion	79
3R	9239134	9239075	Deletion	59
3R	9259445	9259341	Deletion	104
3R	9259445	9259384	Deletion	61
3R	9259445	9259385	Deletion	60
3R	9259445	9259386	Deletion	59
3R	9259445	9259393	Deletion	52
3R	9259445	9259406	Deletion	39
3R	9263298	9263232	Deletion	66
3R	9263320	9263232	Deletion	88
3R	9263307	9263232	Deletion	75
3R	9263300	9263232	Deletion	68
3R	9263299	9263232	Deletion	67
3R	9263339	9263232	Deletion	107
3R	9265318	9265197	Deletion	121
3R	9265318	9265212	Deletion	106
3R	9265318	9265245	Deletion	73
3R	9265318	9265255	Deletion	63
3R	9265318	9265279	Deletion	39
3R	9267490	9267374	Deletion	116
3R	9267461	9267374	Deletion	87
3R	9267427	9267374	Deletion	53
3R	9267487	9267374	Deletion	113
3R	9267437	9267374	Deletion	63
3R	9279375	9279306	Deletion	69
3R	9279341	9279306	Deletion	35
3R	9281055	9280933	Deletion	122
3R	9281241	9281197	Deletion	44
3R	9281625	9281542	Deletion	83
3R	9281618	9281542	Deletion	76
3R	9281603	9281542	Deletion	61
3R	9282220	9282147	Deletion	73
3R	9282289	9282248	Deletion	41
3R	9282309	9282248	Deletion	61
3R	9283829	9283727	Deletion	102
3R	9283813	9283727	Deletion	86
3R	9284946	9284845	Deletion	101
3R	9284946	9284879	Deletion	67
3R	9284946	9284900	Deletion	46
3R	9284946	9284900	Deletion	46
3R	9295085	9295004	Deletion	81
3R	9295085	9295004	Deletion	81
3R	9295064	9295004	Deletion	60
3R	9296840	9296716	Deletion	124
3R	9302308	9302186	Deletion	122
3R	9304470	9304365	Deletion	105
3R	9304693	9304615	Deletion	78
3R	9305010	9304941	Deletion	69
3R	9306969	9306853	Deletion	116
3R	9306969	9306853	Deletion	116
3R	9308701	9308623	Deletion	78
3R	9309146	9309087	Deletion	59
3R	9309337	9309293	Deletion	44
3R	9310849	9310758	Deletion	91
3R	9311063	9311021	Deletion	42
3R	9311272	9311182	Deletion	90
3R	9311916	9311802	Deletion	114
3R	9311916	9311812	Deletion	104
3R	9311916	9311823	Deletion	93
3R	9311916	9311847	Deletion	69
3R	9311916	9311849	Deletion	67
3R	9311916	9311855	Deletion	61
3R	9313032	9312972	Deletion	60
3R	9313030	9312972	Deletion	58
3R	9313006	9312972	Deletion	34
3R	9313038	9312977	Deletion	61
3R	9329231	9329109	Deletion	122
3R	9329233	9329179	Deletion	54
3R	9329233	9329182	Deletion	51
3R	9329233	9329189	Deletion	44
3R	9329373	9329288	Deletion	85
3R	9329363	9329288	Deletion	75
3R	9329366	9329288	Deletion	78
3R	9330838	9330736	Deletion	102
3R	9330838	9330744	Deletion	94
3R	9330838	9330754	Deletion	84
3R	9330838	9330760	Deletion	78
3R	9330838	9330767	Deletion	71
3R	9345475	9345442	Deletion	33
3R	9345491	9345442	Deletion	49
3R	9345498	9345442	Deletion	56
3R	9345485	9345447	Deletion	38
3R	9360888	9360764	Deletion	124
3R	9360888	9360785	Deletion	103
3R	9360888	9360827	Deletion	61
3R	9360888	9360832	Deletion	56
3R	9360888	9360839	Deletion	49
3R	9360888	9360841	Deletion	47
3R	9360888	9360851	Deletion	37
3R	9360888	9360855	Deletion	33
3R	9361373	9361293	Deletion	80
3R	9361387	9361293	Deletion	94
3R	9361364	9361293	Deletion	71
3R	9361399	9361293	Deletion	106
3R	9361371	9361293	Deletion	78
3R	9361383	9361293	Deletion	90
3R	9361359	9361293	Deletion	66
3R	9363905	9363784	Deletion	121
3R	9364466	9364393	Deletion	73
3R	9364466	9364400	Deletion	66
3R	9364466	9364408	Deletion	58
3R	9364466	9364411	Deletion	55
3R	9364466	9364426	Deletion	40
3R	9372163	9372075	Deletion	88
3R	9372179	9372075	Deletion	104
3R	9372179	9372075	Deletion	104
3R	9372145	9372075	Deletion	70
3R	9372130	9372075	Deletion	55
3R	9372148	9372075	Deletion	73
3R	9372137	9372075	Deletion	62
3R	9384306	9384191	Deletion	115
3R	9384306	9384261	Deletion	45
3R	9384306	9384264	Deletion	42
3R	9384306	9384267	Deletion	39
3R	9405493	9405404	Deletion	89
3R	9405490	9405404	Deletion	86
3R	9405487	9405404	Deletion	83
3R	9421304	9421208	Deletion	96
3R	9421304	9421208	Deletion	96
3R	9421304	9421224	Deletion	80
3R	9421304	9421228	Deletion	76
3R	9421304	9421240	Deletion	64
3R	9421304	9421253	Deletion	51
3R	9421304	9421267	Deletion	37
3R	9435818	9435697	Deletion	121
3R	9435727	9435697	Deletion	30
3R	9435743	9435697	Deletion	46
3R	9435759	9435697	Deletion	62
3R	9435727	9435697	Deletion	30
3R	9435747	9435697	Deletion	50
3R	9435772	9435697	Deletion	75
3R	9435794	9435697	Deletion	97
3R	9435786	9435697	Deletion	89
3R	9440139	9440032	Deletion	107
3R	9440139	9440033	Deletion	106
3R	9440139	9440057	Deletion	82
3R	9440139	9440058	Deletion	81
3R	9440139	9440065	Deletion	74
3R	9440139	9440096	Deletion	43
3R	9450172	9450051	Deletion	121
3R	9450173	9450051	Deletion	122
3R	9450104	9450051	Deletion	53
3R	9450097	9450051	Deletion	46
3R	9450135	9450051	Deletion	84
3R	9450096	9450051	Deletion	45
3R	9451857	9451764	Deletion	93
3R	9451857	9451782	Deletion	75
3R	9451857	9451785	Deletion	72
3R	9451857	9451817	Deletion	40
3R	9452564	9452512	Deletion	52
3R	9452567	9452512	Deletion	55
3R	9452599	9452512	Deletion	87
3R	9455702	9455605	Deletion	97
3R	9455702	9455628	Deletion	74
3R	9455702	9455633	Deletion	69
3R	9455702	9455637	Deletion	65
3R	9455702	9455656	Deletion	46
3R	9456731	9456670	Deletion	61
3R	9456727	9456670	Deletion	57
3R	9456750	9456670	Deletion	80
3R	9456772	9456670	Deletion	102
3R	9456722	9456670	Deletion	52
3R	9457762	9457681	Deletion	81
3R	9457762	9457695	Deletion	67
3R	9457762	9457701	Deletion	61
3R	9457762	9457720	Deletion	42
3R	9457762	9457723	Deletion	39
3R	9460541	9460454	Deletion	87
3R	9460513	9460454	Deletion	59
3R	9460519	9460454	Deletion	65
3R	9460538	9460454	Deletion	84
3R	9460499	9460454	Deletion	45
3R	9460557	9460454	Deletion	103
3R	9460568	9460454	Deletion	114
3R	9471838	9471725	Deletion	113
3R	9471838	9471730	Deletion	108
3R	9471838	9471751	Deletion	87
3R	9471838	9471777	Deletion	61
3R	9471838	9471808	Deletion	30
3R	9472797	9472758	Deletion	39
3R	9472823	9472758	Deletion	65
3R	9472869	9472758	Deletion	111
3R	9472854	9472758	Deletion	96
3R	9487401	9487278	Deletion	123
3R	9529900	9529778	Deletion	122
3R	9542294	9542185	Deletion	109
3R	9542294	9542198	Deletion	96
3R	9542294	9542203	Deletion	91
3R	9542294	9542217	Deletion	77
3R	9542294	9542224	Deletion	70
3R	9542294	9542254	Deletion	40
3R	9543413	9543364	Deletion	49
3R	9543420	9543364	Deletion	56
3R	9543450	9543364	Deletion	86
3R	9543394	9543364	Deletion	30
3R	9543399	9543364	Deletion	35
3R	9545581	9545467	Deletion	114
3R	9545581	9545477	Deletion	104
3R	9545581	9545486	Deletion	95
3R	9545581	9545515	Deletion	66
3R	9545581	9545536	Deletion	45
3R	9545581	9545542	Deletion	39
3R	9546246	9546158	Deletion	88
3R	9546219	9546158	Deletion	61
3R	9546278	9546158	Deletion	120
3R	9546190	9546158	Deletion	32
3R	9546240	9546158	Deletion	82
3R	9609533	9609420	Deletion	113
3R	9609533	9609426	Deletion	107
3R	9609533	9609426	Deletion	107
3R	9609533	9609428	Deletion	105
3R	9609533	9609445	Deletion	88
3R	9609533	9609457	Deletion	76
3R	9609533	9609494	Deletion	39
3R	9609533	9609500	Deletion	33
3R	9614523	9614427	Deletion	96
3R	9614517	9614427	Deletion	90
3R	9614469	9614427	Deletion	42
3R	9614480	9614427	Deletion	53
3R	9616764	9616649	Deletion	115
3R	9616764	9616675	Deletion	89
3R	9616764	9616717	Deletion	47
3R	9616764	9616726	Deletion	38
3R	9616764	9616729	Deletion	35
3R	9616764	9616732	Deletion	32
3R	9629198	9629161	Deletion	37
3R	9629255	9629161	Deletion	94
3R	9629252	9629161	Deletion	91
3R	9629264	9629161	Deletion	103
3R	9629240	9629161	Deletion	79
3R	9629249	9629161	Deletion	88
3R	9637953	9637834	Deletion	119
3R	9637953	9637851	Deletion	102
3R	9637953	9637867	Deletion	86
3R	9637953	9637889	Deletion	64
3R	9637953	9637904	Deletion	49
3R	9637953	9637915	Deletion	38
3R	9637953	9637920	Deletion	33
3R	9640919	9640823	Deletion	96
3R	9640914	9640823	Deletion	91
3R	9640866	9640823	Deletion	43
3R	9640888	9640823	Deletion	65
3R	9640946	9640823	Deletion	123
3R	9640903	9640823	Deletion	80
3R	9640932	9640823	Deletion	109
3R	9650326	9650206	Deletion	120
3R	9650326	9650259	Deletion	67
3R	9650326	9650269	Deletion	57
3R	9650326	9650275	Deletion	51
3R	9653598	9653523	Deletion	75
3R	9653592	9653523	Deletion	69
3R	9653582	9653523	Deletion	59
3R	9653632	9653523	Deletion	109
3R	9658493	9658394	Deletion	99
3R	9658493	9658399	Deletion	94
3R	9658493	9658418	Deletion	75
3R	9658493	9658429	Deletion	64
3R	9658493	9658437	Deletion	56
3R	9658493	9658449	Deletion	44
3R	9658615	9658582	Deletion	33
3R	9658645	9658582	Deletion	63
3R	9658634	9658582	Deletion	52
3R	9658665	9658582	Deletion	83
3R	9658653	9658582	Deletion	71
3R	9658705	9658582	Deletion	123
3R	9661101	9660985	Deletion	116
3R	9661101	9661033	Deletion	68
3R	9661101	9661035	Deletion	66
3R	9661101	9661038	Deletion	63
3R	9661101	9661050	Deletion	51
3R	9662577	9662478	Deletion	99
3R	9662539	9662478	Deletion	61
3R	9662585	9662478	Deletion	107
3R	9662537	9662478	Deletion	59
3R	9662554	9662478	Deletion	76
3R	9662542	9662478	Deletion	64
3R	9679594	9679471	Deletion	123
3R	9679594	9679483	Deletion	111
3R	9679594	9679505	Deletion	89
3R	9679594	9679514	Deletion	80
3R	9679594	9679533	Deletion	61
3R	9679594	9679545	Deletion	49
3R	9679594	9679556	Deletion	38
3R	9680522	9680412	Deletion	110
3R	9680501	9680412	Deletion	89
3R	9680527	9680412	Deletion	115
3R	9680518	9680412	Deletion	106
3R	9680459	9680412	Deletion	47
3R	9680490	9680412	Deletion	78
3R	9680450	9680412	Deletion	38
3R	9680515	9680412	Deletion	103
3R	9680478	9680412	Deletion	66
3R	9680535	9680412	Deletion	123
3R	9680527	9680412	Deletion	115
3R	9683171	9683047	Deletion	124
3R	9683171	9683047	Deletion	124
3R	9683171	9683071	Deletion	100
3R	9683171	9683085	Deletion	86
3R	9683171	9683090	Deletion	81
3R	9683171	9683095	Deletion	76
3R	9683171	9683123	Deletion	48
3R	9683267	9683222	Deletion	45
3R	9683272	9683222	Deletion	50
3R	9683326	9683222	Deletion	104
3R	9683300	9683222	Deletion	78
3R	9683262	9683222	Deletion	40
3R	9683333	9683222	Deletion	111
3R	9686549	9686429	Deletion	120
3R	9686520	9686429	Deletion	91
3R	9686478	9686429	Deletion	49
3R	9686550	9686429	Deletion	121
3R	9693831	9693749	Deletion	82
3R	9693866	9693749	Deletion	117
3R	9693861	9693749	Deletion	112
3R	9693839	9693749	Deletion	90
3R	9696121	9696044	Deletion	77
3R	9696121	9696077	Deletion	44
3R	9696121	9696085	Deletion	36
3R	9696121	9696087	Deletion	34
3R	9718038	9717916	Deletion	122
3R	9731485	9731390	Deletion	95
3R	9731485	9731445	Deletion	40
3R	9768632	9768512	Deletion	120
3R	9768601	9768512	Deletion	89
3R	9768546	9768512	Deletion	34
3R	9777101	9777007	Deletion	94
3R	9777101	9777013	Deletion	88
3R	9777101	9777018	Deletion	83
3R	9777101	9777018	Deletion	83
3R	9777101	9777068	Deletion	33
3R	9800606	9800563	Deletion	43
3R	9800595	9800563	Deletion	32
3R	9800606	9800563	Deletion	43
3R	9800601	9800563	Deletion	38
3R	9800656	9800563	Deletion	93
3R	9800676	9800563	Deletion	113
3R	9800665	9800563	Deletion	102
3R	9807226	9807128	Deletion	98
3R	9807226	9807132	Deletion	94
3R	9807225	9807142	Deletion	83
3R	9807226	9807148	Deletion	78
3R	9807226	9807150	Deletion	76
3R	9807226	9807165	Deletion	61
3R	9807226	9807189	Deletion	37
3R	9809319	9809221	Deletion	98
3R	9809253	9809221	Deletion	32
3R	9809269	9809221	Deletion	48
3R	9809310	9809221	Deletion	89
3R	9809271	9809221	Deletion	50
3R	9809263	9809221	Deletion	42
3R	9809286	9809221	Deletion	65
3R	9809331	9809221	Deletion	110
3R	9811717	9811599	Deletion	118
3R	9840804	9840754	Deletion	50
3R	9841102	9840983	Deletion	119
3R	9842180	9842108	Deletion	72
3R	9842454	9842388	Deletion	66
3R	9843001	9842919	Deletion	82
3R	9843981	9843865	Deletion	116
3R	9847802	9847757	Deletion	45
3R	9847997	9847882	Deletion	115
3R	9848612	9848516	Deletion	96
3R	9864250	9864131	Deletion	119
3R	9864250	9864149	Deletion	101
3R	9864250	9864178	Deletion	72
3R	9864250	9864182	Deletion	68
3R	9864250	9864187	Deletion	63
3R	9864250	9864219	Deletion	31
3R	9864250	9864220	Deletion	30
3R	9873343	9873284	Deletion	59
3R	9873381	9873284	Deletion	97
3R	9873348	9873284	Deletion	64
3R	9873398	9873284	Deletion	114
3R	9873380	9873284	Deletion	96
3R	9873339	9873284	Deletion	55
3R	9885496	9885381	Deletion	115
3R	9885496	9885420	Deletion	76
3R	9885496	9885440	Deletion	56
3R	9895690	9895620	Deletion	70
3R	9895670	9895620	Deletion	50
3R	9895735	9895620	Deletion	115
3R	9904134	9904015	Deletion	119
3R	9904134	9904033	Deletion	101
3R	9904134	9904092	Deletion	42
3R	9905082	9904997	Deletion	85
3R	9905108	9904997	Deletion	111
3R	9915132	9915032	Deletion	100
3R	9915132	9915042	Deletion	90
3R	9915132	9915059	Deletion	73
3R	9915132	9915085	Deletion	47
3R	9915132	9915092	Deletion	40
3R	9915820	9915741	Deletion	79
3R	9915794	9915741	Deletion	53
3R	9915777	9915741	Deletion	36
3R	9915827	9915741	Deletion	86
3R	9915841	9915741	Deletion	100
3R	9925761	9925654	Deletion	107
3R	9925761	9925666	Deletion	95
3R	9925761	9925686	Deletion	75
3R	9926043	9925992	Deletion	51
3R	9926102	9925992	Deletion	110
3R	9926023	9925992	Deletion	31
3R	9926101	9925992	Deletion	109
3R	9926806	9926736	Deletion	70
3R	9926806	9926741	Deletion	65
3R	9926806	9926775	Deletion	31
3R	9930426	9930369	Deletion	57
3R	9930489	9930369	Deletion	120
3R	9930431	9930369	Deletion	62
3R	9930474	9930369	Deletion	105
3R	9930465	9930369	Deletion	96
3R	9930482	9930369	Deletion	113
3R	9930481	9930369	Deletion	112
3R	9930467	9930369	Deletion	98
3R	9943418	9943298	Deletion	120
3R	9943418	9943304	Deletion	114
3R	9943418	9943357	Deletion	61
3R	9950179	9950112	Deletion	67
3R	9950230	9950112	Deletion	118
3R	9957089	9957013	Deletion	76
3R	9957089	9957032	Deletion	57
3R	9957089	9957034	Deletion	55
3R	9959950	9959899	Deletion	51
3R	9959969	9959899	Deletion	70
3R	9960018	9959899	Deletion	119
3R	9959971	9959899	Deletion	72
3R	9960002	9959899	Deletion	103
3R	9961374	9961251	Deletion	123
3R	9961374	9961257	Deletion	117
3R	9961374	9961267	Deletion	107
3R	9961374	9961278	Deletion	96
3R	9961374	9961282	Deletion	92
3R	9961374	9961289	Deletion	85
3R	9961374	9961289	Deletion	85
3R	9961374	9961304	Deletion	70
3R	9961374	9961326	Deletion	48
3R	9961459	9961424	Deletion	35
3R	9961538	9961424	Deletion	114
3R	9961455	9961424	Deletion	31
3R	9961537	9961424	Deletion	113
3R	9961481	9961424	Deletion	57
3R	9961503	9961424	Deletion	79
3R	9961466	9961424	Deletion	42
3R	9961466	9961424	Deletion	42
3R	9965584	9965460	Deletion	124
3R	9967111	9966999	Deletion	112
3R	9967111	9967021	Deletion	90
3R	9967111	9967035	Deletion	76
3R	9967111	9967045	Deletion	66
3R	9967111	9967056	Deletion	55
3R	9967111	9967059	Deletion	52
3R	9969056	9968981	Deletion	75
3R	9969053	9968981	Deletion	72
3R	9969032	9968981	Deletion	51
3R	9969018	9968981	Deletion	37
3R	9969042	9968981	Deletion	61
3R	9981449	9981328	Deletion	121
3R	9981449	9981377	Deletion	72
3R	9981449	9981382	Deletion	67
3R	9981449	9981397	Deletion	52
3R	9981449	9981409	Deletion	40
3R	9986350	9986275	Deletion	75
3R	9986335	9986275	Deletion	60
3R	9986362	9986275	Deletion	87
3R	9986330	9986275	Deletion	55
3R	9989184	9989078	Deletion	106
3R	9989184	9989117	Deletion	67
3R	9989184	9989135	Deletion	49
3R	9989367	9989307	Deletion	60
3R	9989427	9989307	Deletion	120
3R	9989385	9989307	Deletion	78
3R	10001132	10001011	Deletion	121
3R	10001132	10001021	Deletion	111
3R	10001132	10001022	Deletion	110
3R	10001132	10001051	Deletion	81
3R	10001132	10001073	Deletion	59
3R	10001132	10001099	Deletion	33
3R	10002948	10002903	Deletion	45
3R	10002996	10002903	Deletion	93
3R	10002970	10002903	Deletion	67
3R	10020181	10020070	Deletion	111
3R	10020181	10020098	Deletion	83
3R	10020181	10020141	Deletion	40
3R	10027151	10027065	Deletion	86
3R	10027108	10027065	Deletion	43
3R	10027169	10027065	Deletion	104
3R	10027169	10027065	Deletion	104
3R	10029098	10028979	Deletion	119
3R	10029098	10028982	Deletion	116
3R	10029098	10029058	Deletion	40
3R	10030528	10030442	Deletion	86
3R	10033970	10033865	Deletion	105
3R	10033970	10033874	Deletion	96
3R	10033970	10033893	Deletion	77
3R	10033970	10033922	Deletion	48
3R	10033970	10033939	Deletion	31
3R	10034401	10034306	Deletion	95
3R	10034336	10034306	Deletion	30
3R	10034384	10034306	Deletion	78
3R	10034355	10034306	Deletion	49
3R	10041453	10041343	Deletion	110
3R	10043486	10043363	Deletion	123
3R	10044010	10043907	Deletion	103
3R	10044010	10043925	Deletion	85
3R	10044010	10043926	Deletion	84
3R	10044010	10043960	Deletion	50
3R	10044010	10043972	Deletion	38
3R	10058024	10057920	Deletion	104
3R	10058009	10057920	Deletion	89
3R	10057962	10057920	Deletion	42
3R	10057963	10057920	Deletion	43
3R	10058027	10057920	Deletion	107
3R	10057997	10057920	Deletion	77
3R	10064009	10063885	Deletion	124
3R	10064682	10064573	Deletion	109
3R	10064682	10064590	Deletion	92
3R	10064682	10064605	Deletion	77
3R	10069484	10069373	Deletion	111
3R	10069408	10069373	Deletion	35
3R	10069495	10069373	Deletion	122
3R	10069423	10069373	Deletion	50
3R	10073696	10073665	Deletion	31
3R	10073845	10073747	Deletion	98
3R	10073862	10073747	Deletion	115
3R	10073855	10073747	Deletion	108
3R	10073860	10073747	Deletion	113
3R	10073842	10073747	Deletion	95
3R	10084892	10084769	Deletion	123
3R	10084892	10084813	Deletion	79
3R	10090081	10089978	Deletion	103
3R	10090025	10089978	Deletion	47
3R	10093224	10093141	Deletion	83
3R	10093224	10093160	Deletion	64
3R	10093224	10093179	Deletion	45
3R	10093224	10093181	Deletion	43
3R	10093224	10093182	Deletion	42
3R	10093224	10093183	Deletion	41
3R	10102212	10102129	Deletion	83
3R	10102214	10102129	Deletion	85
3R	10102232	10102129	Deletion	103
3R	10102191	10102129	Deletion	62
3R	10102253	10102129	Deletion	124
3R	10102210	10102129	Deletion	81
3R	10102213	10102129	Deletion	84
3R	10102171	10102129	Deletion	42
3R	10107141	10107018	Deletion	123
3R	10107141	10107021	Deletion	120
3R	10107141	10107032	Deletion	109
3R	10107141	10107042	Deletion	99
3R	10107141	10107049	Deletion	92
3R	10107141	10107082	Deletion	59
3R	10107141	10107084	Deletion	57
3R	10107141	10107085	Deletion	56
3R	10107141	10107086	Deletion	55
3R	10108892	10108769	Deletion	123
3R	10108838	10108769	Deletion	69
3R	10108836	10108769	Deletion	67
3R	10108866	10108769	Deletion	97
3R	10108871	10108769	Deletion	102
3R	10108840	10108769	Deletion	71
3R	10108884	10108769	Deletion	115
3R	10108803	10108769	Deletion	34
3R	10108839	10108769	Deletion	70
3R	10112887	10112780	Deletion	107
3R	10112887	10112832	Deletion	55
3R	10113929	10113857	Deletion	72
3R	10113970	10113857	Deletion	113
3R	10134518	10134395	Deletion	123
3R	10136890	10136784	Deletion	106
3R	10136890	10136860	Deletion	30
3R	10148085	10147989	Deletion	96
3R	10159038	10158927	Deletion	111
3R	10159038	10158955	Deletion	83
3R	10159038	10158957	Deletion	81
3R	10159038	10158959	Deletion	79
3R	10159038	10158998	Deletion	40
3R	10165372	10165250	Deletion	122
3R	10165295	10165250	Deletion	45
3R	10165336	10165250	Deletion	86
3R	10165293	10165250	Deletion	43
3R	10165297	10165250	Deletion	47
3R	10165373	10165250	Deletion	123
3R	10167502	10167379	Deletion	123
3R	10172460	10172339	Deletion	121
3R	10174031	10173912	Deletion	119
3R	10174031	10173944	Deletion	87
3R	10174031	10173997	Deletion	34
3R	10174212	10174120	Deletion	92
3R	10174160	10174120	Deletion	40
3R	10174352	10174278	Deletion	74
3R	10174352	10174299	Deletion	53
3R	10177767	10177645	Deletion	122
3R	10177767	10177645	Deletion	122
3R	10177718	10177645	Deletion	73
3R	10177697	10177645	Deletion	52
3R	10177748	10177645	Deletion	103
3R	10189482	10189362	Deletion	120
3R	10189482	10189363	Deletion	119
3R	10189482	10189367	Deletion	115
3R	10189482	10189368	Deletion	114
3R	10189482	10189380	Deletion	102
3R	10189482	10189388	Deletion	94
3R	10189482	10189425	Deletion	57
3R	10189482	10189425	Deletion	57
3R	10189482	10189447	Deletion	35
3R	10189752	10189719	Deletion	33
3R	10189820	10189719	Deletion	101
3R	10189811	10189719	Deletion	92
3R	10189789	10189719	Deletion	70
3R	10189842	10189719	Deletion	123
3R	10189789	10189719	Deletion	70
3R	10199944	10199871	Deletion	73
3R	10202024	10201954	Deletion	70
3R	10202767	10202734	Deletion	33
3R	10227129	10227006	Deletion	123
3R	10227129	10227008	Deletion	121
3R	10227129	10227012	Deletion	117
3R	10227129	10227031	Deletion	98
3R	10227129	10227048	Deletion	81
3R	10227129	10227051	Deletion	78
3R	10227129	10227056	Deletion	73
3R	10227129	10227059	Deletion	70
3R	10227129	10227073	Deletion	56
3R	10227129	10227091	Deletion	38
3R	10227129	10227097	Deletion	32
3R	10227348	10227295	Deletion	53
3R	10227340	10227295	Deletion	45
3R	10227389	10227295	Deletion	94
3R	10227351	10227295	Deletion	56
3R	10227383	10227295	Deletion	88
3R	10227398	10227295	Deletion	103
3R	10227365	10227295	Deletion	70
3R	10227343	10227295	Deletion	48
3R	10227735	10227613	Deletion	122
3R	10228295	10228199	Deletion	96
3R	10228295	10228214	Deletion	81
3R	10228295	10228242	Deletion	53
3R	10232988	10232917	Deletion	71
3R	10233403	10233356	Deletion	47
3R	10237863	10237833	Deletion	30
3R	10237878	10237833	Deletion	45
3R	10237906	10237833	Deletion	73
3R	10245119	10244996	Deletion	123
3R	10245119	10245000	Deletion	119
3R	10245119	10245005	Deletion	114
3R	10245119	10245022	Deletion	97
3R	10245119	10245040	Deletion	79
3R	10245119	10245050	Deletion	69
3R	10245119	10245054	Deletion	65
3R	10251182	10251135	Deletion	47
3R	10251196	10251135	Deletion	61
3R	10251192	10251135	Deletion	57
3R	10251244	10251135	Deletion	109
3R	10251248	10251135	Deletion	113
3R	10256247	10256134	Deletion	113
3R	10256247	10256139	Deletion	108
3R	10256247	10256146	Deletion	101
3R	10257824	10257748	Deletion	76
3R	10259116	10259057	Deletion	59
3R	10259987	10259900	Deletion	87
3R	10260170	10260118	Deletion	52
3R	10260170	10260118	Deletion	52
3R	10262485	10262438	Deletion	47
3R	10262534	10262438	Deletion	96
3R	10262548	10262438	Deletion	110
3R	10262476	10262438	Deletion	38
3R	10262507	10262438	Deletion	69
3R	10262550	10262438	Deletion	112
3R	10262470	10262438	Deletion	32
3R	10262517	10262438	Deletion	79
3R	10262478	10262438	Deletion	40
3R	10262562	10262438	Deletion	124
3R	10263732	10263621	Deletion	111
3R	10263732	10263671	Deletion	61
3R	10263732	10263689	Deletion	43
3R	10263732	10263693	Deletion	39
3R	10270065	10269965	Deletion	100
3R	10270073	10269965	Deletion	108
3R	10270066	10269965	Deletion	101
3R	10270052	10269965	Deletion	87
3R	10270085	10269965	Deletion	120
3R	10270048	10269965	Deletion	83
3R	10270030	10269965	Deletion	65
3R	10305837	10305744	Deletion	93
3R	10305837	10305752	Deletion	85
3R	10305837	10305753	Deletion	84
3R	10305837	10305768	Deletion	69
3R	10305837	10305773	Deletion	64
3R	10305837	10305774	Deletion	63
3R	10305837	10305795	Deletion	42
3R	10306296	10306233	Deletion	63
3R	10306316	10306233	Deletion	83
3R	10306266	10306233	Deletion	33
3R	10306274	10306233	Deletion	41
3R	10306295	10306233	Deletion	62
3R	10306339	10306233	Deletion	106
3R	10306290	10306233	Deletion	57
3R	10306275	10306233	Deletion	42
3R	10323747	10323631	Deletion	116
3R	10332326	10332260	Deletion	66
3R	10336465	10336356	Deletion	109
3R	10336465	10336376	Deletion	89
3R	10336465	10336402	Deletion	63
3R	10336465	10336402	Deletion	63
3R	10336465	10336430	Deletion	35
3R	10337198	10337078	Deletion	120
3R	10337202	10337078	Deletion	124
3R	10337140	10337078	Deletion	62
3R	10337220	10337146	Deletion	74
3R	10337372	10337320	Deletion	52
3R	10337424	10337320	Deletion	104
3R	10339448	10339345	Deletion	103
3R	10342054	10341939	Deletion	115
3R	10342093	10341983	Deletion	110
3R	10343402	10343297	Deletion	105
3R	10347893	10347855	Deletion	38
3R	10347968	10347855	Deletion	113
3R	10348084	10348042	Deletion	42
3R	10348376	10348276	Deletion	100
3R	10348558	10348455	Deletion	103
3R	10348527	10348487	Deletion	40
3R	10350097	10350035	Deletion	62
3R	10350072	10350035	Deletion	37
3R	10350146	10350035	Deletion	111
3R	10350067	10350035	Deletion	32
3R	10350068	10350035	Deletion	33
3R	10351825	10351703	Deletion	122
3R	10351825	10351731	Deletion	94
3R	10351825	10351738	Deletion	87
3R	10351825	10351744	Deletion	81
3R	10351825	10351761	Deletion	64
3R	10351825	10351777	Deletion	48
3R	10351825	10351782	Deletion	43
3R	10360505	10360459	Deletion	46
3R	10360538	10360459	Deletion	79
3R	10360492	10360459	Deletion	33
3R	10360499	10360459	Deletion	40
3R	10360522	10360459	Deletion	63
3R	10360543	10360459	Deletion	84
3R	10361280	10361158	Deletion	122
3R	10362459	10362342	Deletion	117
3R	10362459	10362343	Deletion	116
3R	10362459	10362371	Deletion	88
3R	10362459	10362374	Deletion	85
3R	10362459	10362382	Deletion	77
3R	10363833	10363784	Deletion	49
3R	10363884	10363784	Deletion	100
3R	10363822	10363784	Deletion	38
3R	10363825	10363784	Deletion	41
3R	10371305	10371262	Deletion	43
3R	10371305	10371270	Deletion	35
3R	10371305	10371273	Deletion	32
3R	10372823	10372739	Deletion	84
3R	10372834	10372739	Deletion	95
3R	10372850	10372739	Deletion	111
3R	10372831	10372739	Deletion	92
3R	10372851	10372739	Deletion	112
3R	10374865	10374741	Deletion	124
3R	10374865	10374752	Deletion	113
3R	10374865	10374764	Deletion	101
3R	10374865	10374764	Deletion	101
3R	10374865	10374810	Deletion	55
3R	10378110	10378039	Deletion	71
3R	10383606	10383574	Deletion	32
3R	10387216	10387121	Deletion	95
3R	10387216	10387124	Deletion	92
3R	10387216	10387157	Deletion	59
3R	10387216	10387184	Deletion	32
3R	10390934	10390820	Deletion	114
3R	10390914	10390820	Deletion	94
3R	10390887	10390820	Deletion	67
3R	10390854	10390820	Deletion	34
3R	10390914	10390820	Deletion	94
3R	10390939	10390820	Deletion	119
3R	10390851	10390820	Deletion	31
3R	10390921	10390820	Deletion	101
3R	10391639	10391515	Deletion	124
3R	10391639	10391521	Deletion	118
3R	10391639	10391525	Deletion	114
3R	10391639	10391557	Deletion	82
3R	10396036	10395992	Deletion	44
3R	10398094	10397968	Deletion	126
3R	10399817	10399717	Deletion	100
3R	10399817	10399730	Deletion	87
3R	10399817	10399746	Deletion	71
3R	10405095	10405055	Deletion	40
3R	10405171	10405055	Deletion	116
3R	10405163	10405055	Deletion	108
3R	10405111	10405055	Deletion	56
3R	10405955	10405834	Deletion	121
3R	10410662	10410550	Deletion	112
3R	10410662	10410551	Deletion	111
3R	10410662	10410553	Deletion	109
3R	10410662	10410556	Deletion	106
3R	10410662	10410572	Deletion	90
3R	10410662	10410624	Deletion	38
3R	10412533	10412412	Deletion	121
3R	10412451	10412412	Deletion	39
3R	10412530	10412412	Deletion	118
3R	10412523	10412412	Deletion	111
3R	10412532	10412412	Deletion	120
3R	10412503	10412412	Deletion	91
3R	10415303	10415186	Deletion	117
3R	10415303	10415188	Deletion	115
3R	10415303	10415192	Deletion	111
3R	10415303	10415214	Deletion	89
3R	10415303	10415228	Deletion	75
3R	10415303	10415270	Deletion	33
3R	10415733	10415611	Deletion	122
3R	10415648	10415611	Deletion	37
3R	10415714	10415611	Deletion	103
3R	10415729	10415611	Deletion	118
3R	10415704	10415611	Deletion	93
3R	10415717	10415611	Deletion	106
3R	10415662	10415611	Deletion	51
3R	10418761	10418640	Deletion	121
3R	10428028	10427916	Deletion	112
3R	10428028	10427938	Deletion	90
3R	10428028	10427943	Deletion	85
3R	10428028	10427955	Deletion	73
3R	10428028	10427980	Deletion	48
3R	10428028	10427980	Deletion	48
3R	10429754	10429717	Deletion	37
3R	10429839	10429717	Deletion	122
3R	10429771	10429717	Deletion	54
3R	10429796	10429717	Deletion	79
3R	10429759	10429717	Deletion	42
3R	10429796	10429717	Deletion	79
3R	10435310	10435227	Deletion	83
3R	10435310	10435239	Deletion	71
3R	10435310	10435258	Deletion	52
3R	10435310	10435260	Deletion	50
3R	10435310	10435261	Deletion	49
3R	10437486	10437409	Deletion	77
3R	10437453	10437409	Deletion	44
3R	10437517	10437409	Deletion	108
3R	10437487	10437409	Deletion	78
3R	10437465	10437409	Deletion	56
3R	10437484	10437409	Deletion	75
3R	10437514	10437409	Deletion	105
3R	10469532	10469430	Deletion	102
3R	10469532	10469444	Deletion	88
3R	10469532	10469457	Deletion	75
3R	10469532	10469462	Deletion	70
3R	10469532	10469471	Deletion	61
3R	10469532	10469480	Deletion	52
3R	10469713	10469675	Deletion	38
3R	10469740	10469675	Deletion	65
3R	10469726	10469675	Deletion	51
3R	10469731	10469675	Deletion	56
3R	10469749	10469675	Deletion	74
3R	10484388	10484269	Deletion	119
3R	10500250	10500136	Deletion	114
3R	10500250	10500148	Deletion	102
3R	10500250	10500161	Deletion	89
3R	10500250	10500164	Deletion	86
3R	10500250	10500189	Deletion	61
3R	10500250	10500191	Deletion	59
3R	10500250	10500215	Deletion	35
3R	10501049	10500945	Deletion	104
3R	10501010	10500945	Deletion	65
3R	10500982	10500945	Deletion	37
3R	10501036	10500945	Deletion	91
3R	10501012	10500945	Deletion	67
3R	10500985	10500945	Deletion	40
3R	10501481	10501358	Deletion	123
3R	10502780	10502667	Deletion	113
3R	10502780	10502692	Deletion	88
3R	10502780	10502693	Deletion	87
3R	10502780	10502723	Deletion	57
3R	10502780	10502735	Deletion	45
3R	10502780	10502746	Deletion	34
3R	10502780	10502747	Deletion	33
3R	10503247	10503154	Deletion	93
3R	10503235	10503154	Deletion	81
3R	10503246	10503154	Deletion	92
3R	10503192	10503154	Deletion	38
3R	10503193	10503154	Deletion	39
3R	10503267	10503154	Deletion	113
3R	10503223	10503154	Deletion	69
3R	10503263	10503154	Deletion	109
3R	10504445	10504321	Deletion	124
3R	10504445	10504323	Deletion	122
3R	10504445	10504386	Deletion	59
3R	10504445	10504394	Deletion	51
3R	10504445	10504402	Deletion	43
3R	10504445	10504404	Deletion	41
3R	10504445	10504410	Deletion	35
3R	10521001	10520926	Deletion	75
3R	10521011	10520926	Deletion	85
3R	10520993	10520926	Deletion	67
3R	10521017	10520926	Deletion	91
3R	10521009	10520926	Deletion	83
3R	10548021	10547910	Deletion	111
3R	10548021	10547912	Deletion	109
3R	10548021	10547925	Deletion	96
3R	10548021	10547948	Deletion	73
3R	10548021	10547988	Deletion	33
3R	10548219	10548126	Deletion	93
3R	10548156	10548126	Deletion	30
3R	10548179	10548126	Deletion	53
3R	10548232	10548126	Deletion	106
3R	10555848	10555737	Deletion	111
3R	10555848	10555756	Deletion	92
3R	10555848	10555759	Deletion	89
3R	10555848	10555786	Deletion	62
3R	10562236	10562197	Deletion	39
3R	10562298	10562197	Deletion	101
3R	10562311	10562197	Deletion	114
3R	10562233	10562197	Deletion	36
3R	10562263	10562197	Deletion	66
3R	10562304	10562197	Deletion	107
3R	10566033	10565946	Deletion	87
3R	10566033	10565948	Deletion	85
3R	10566033	10565950	Deletion	83
3R	10566033	10565950	Deletion	83
3R	10566033	10566002	Deletion	31
3R	10568431	10568392	Deletion	39
3R	10568435	10568392	Deletion	43
3R	10568435	10568392	Deletion	43
3R	10568487	10568392	Deletion	95
3R	10568493	10568392	Deletion	101
3R	10568433	10568392	Deletion	41
3R	10584707	10584607	Deletion	100
3R	10584707	10584609	Deletion	98
3R	10584707	10584659	Deletion	48
3R	10584707	10584661	Deletion	46
3R	10584707	10584676	Deletion	31
3R	10584984	10584906	Deletion	78
3R	10584986	10584906	Deletion	80
3R	10585001	10584906	Deletion	95
3R	10585534	10585424	Deletion	110
3R	10585534	10585442	Deletion	92
3R	10585534	10585444	Deletion	90
3R	10585534	10585463	Deletion	71
3R	10585534	10585494	Deletion	40
3R	10586258	10586155	Deletion	103
3R	10586210	10586155	Deletion	55
3R	10586191	10586155	Deletion	36
3R	10586189	10586155	Deletion	34
3R	10586271	10586155	Deletion	116
3R	10586241	10586155	Deletion	86
3R	10588265	10588167	Deletion	98
3R	10588265	10588210	Deletion	55
3R	10588265	10588224	Deletion	41
3R	10588265	10588231	Deletion	34
3R	10601192	10601107	Deletion	85
3R	10601178	10601107	Deletion	71
3R	10601220	10601107	Deletion	113
3R	10601199	10601111	Deletion	88
3R	10602480	10602356	Deletion	124
3R	10612416	10612385	Deletion	31
3R	10619543	10619427	Deletion	116
3R	10619546	10619427	Deletion	119
3R	10619541	10619427	Deletion	114
3R	10619522	10619427	Deletion	95
3R	10624757	10624637	Deletion	120
3R	10624757	10624652	Deletion	105
3R	10624757	10624662	Deletion	95
3R	10624850	10624819	Deletion	31
3R	10625984	10625880	Deletion	104
3R	10625984	10625913	Deletion	71
3R	10634540	10634485	Deletion	55
3R	10634602	10634485	Deletion	117
3R	10642283	10642167	Deletion	116
3R	10642283	10642172	Deletion	111
3R	10642283	10642179	Deletion	104
3R	10642283	10642230	Deletion	53
3R	10642283	10642242	Deletion	41
3R	10643352	10643238	Deletion	114
3R	10643323	10643238	Deletion	85
3R	10643358	10643238	Deletion	120
3R	10643311	10643238	Deletion	73
3R	10656334	10656260	Deletion	74
3R	10656334	10656267	Deletion	67
3R	10656334	10656278	Deletion	56
3R	10656334	10656286	Deletion	48
3R	10656334	10656287	Deletion	47
3R	10658614	10658562	Deletion	52
3R	10658632	10658562	Deletion	70
3R	10658659	10658562	Deletion	97
3R	10658685	10658562	Deletion	123
3R	10658641	10658562	Deletion	79
3R	10658621	10658562	Deletion	59
3R	10658664	10658562	Deletion	102
3R	10658640	10658562	Deletion	78
3R	10670505	10670413	Deletion	92
3R	10670505	10670450	Deletion	55
3R	10678099	10678065	Deletion	34
3R	10678136	10678065	Deletion	71
3R	10687370	10687252	Deletion	118
3R	10687370	10687293	Deletion	77
3R	10687370	10687305	Deletion	65
3R	10692496	10692446	Deletion	50
3R	10692508	10692446	Deletion	62
3R	10692558	10692446	Deletion	112
3R	10692544	10692446	Deletion	98
3R	10693089	10692976	Deletion	113
3R	10693089	10692988	Deletion	101
3R	10693089	10692993	Deletion	96
3R	10693089	10692998	Deletion	91
3R	10693089	10692999	Deletion	90
3R	10693089	10693012	Deletion	77
3R	10693089	10693023	Deletion	66
3R	10712815	10712779	Deletion	36
3R	10712809	10712779	Deletion	30
3R	10712839	10712779	Deletion	60
3R	10712891	10712779	Deletion	112
3R	10712814	10712779	Deletion	35
3R	10712899	10712779	Deletion	120
3R	10712828	10712779	Deletion	49
3R	10715040	10714925	Deletion	115
3R	10715040	10714948	Deletion	92
3R	10715040	10714955	Deletion	85
3R	10715040	10714974	Deletion	66
3R	10722961	10722920	Deletion	41
3R	10723029	10722920	Deletion	109
3R	10722980	10722920	Deletion	60
3R	10722954	10722920	Deletion	34
3R	10729266	10729164	Deletion	102
3R	10729266	10729168	Deletion	98
3R	10738283	10738183	Deletion	100
3R	10738283	10738201	Deletion	82
3R	10738283	10738209	Deletion	74
3R	10738283	10738222	Deletion	61
3R	10739282	10739238	Deletion	44
3R	10739290	10739238	Deletion	52
3R	10739303	10739238	Deletion	65
3R	10741049	10740928	Deletion	121
3R	10742158	10742051	Deletion	107
3R	10742158	10742053	Deletion	105
3R	10742158	10742127	Deletion	31
3R	10746106	10745991	Deletion	115
3R	10746099	10745991	Deletion	108
3R	10746104	10745991	Deletion	113
3R	10746112	10745991	Deletion	121
3R	10746086	10745991	Deletion	95
3R	10746226	10746141	Deletion	85
3R	10746226	10746182	Deletion	44
3R	10746226	10746195	Deletion	31
3R	10754274	10754170	Deletion	104
3R	10754265	10754170	Deletion	95
3R	10754281	10754170	Deletion	111
3R	10754292	10754170	Deletion	122
3R	10754211	10754170	Deletion	41
3R	10754252	10754170	Deletion	82
3R	10754277	10754173	Deletion	104
3R	10770579	10770469	Deletion	110
3R	10770579	10770498	Deletion	81
3R	10770579	10770501	Deletion	78
3R	10770579	10770533	Deletion	46
3R	10773567	10773522	Deletion	45
3R	10773627	10773522	Deletion	105
3R	10773602	10773522	Deletion	80
3R	10773643	10773522	Deletion	121
3R	10773570	10773522	Deletion	48
3R	10782589	10782502	Deletion	87
3R	10782589	10782538	Deletion	51
3R	10793872	10793828	Deletion	44
3R	10793908	10793828	Deletion	80
3R	10794507	10794413	Deletion	94
3R	10794507	10794418	Deletion	89
3R	10794507	10794423	Deletion	84
3R	10794507	10794424	Deletion	83
3R	10794507	10794437	Deletion	70
3R	10794507	10794440	Deletion	67
3R	10794507	10794441	Deletion	66
3R	10795622	10795579	Deletion	43
3R	10795639	10795579	Deletion	60
3R	10795621	10795579	Deletion	42
3R	10795692	10795579	Deletion	113
3R	10795635	10795579	Deletion	56
3R	10795616	10795579	Deletion	37
3R	10795611	10795579	Deletion	32
3R	10795638	10795579	Deletion	59
3R	10795702	10795579	Deletion	123
3R	10803940	10803822	Deletion	118
3R	10803940	10803823	Deletion	117
3R	10803940	10803859	Deletion	81
3R	10803940	10803881	Deletion	59
3R	10803940	10803883	Deletion	57
3R	10803940	10803885	Deletion	55
3R	10804684	10804636	Deletion	48
3R	10806286	10806221	Deletion	65
3R	10814334	10814211	Deletion	123
3R	10815308	10815219	Deletion	89
3R	10815308	10815230	Deletion	78
3R	10815308	10815262	Deletion	46
3R	10815406	10815355	Deletion	51
3R	10815395	10815355	Deletion	40
3R	10815438	10815355	Deletion	83
3R	10816934	10816821	Deletion	113
3R	10816934	10816829	Deletion	105
3R	10816934	10816829	Deletion	105
3R	10816934	10816875	Deletion	59
3R	10816934	10816877	Deletion	57
3R	10817894	10817784	Deletion	110
3R	10817854	10817784	Deletion	70
3R	10817903	10817784	Deletion	119
3R	10817852	10817784	Deletion	68
3R	10817878	10817784	Deletion	94
3R	10839055	10838938	Deletion	117
3R	10841037	10840912	Deletion	125
3R	10847328	10847220	Deletion	108
3R	10847328	10847235	Deletion	93
3R	10847328	10847235	Deletion	93
3R	10847328	10847244	Deletion	84
3R	10848512	10848479	Deletion	33
3R	10848521	10848479	Deletion	42
3R	10848512	10848479	Deletion	33
3R	10855903	10855782	Deletion	121
3R	10855985	10855863	Deletion	122
3R	10855984	10855867	Deletion	117
3R	10855984	10855874	Deletion	110
3R	10855984	10855945	Deletion	39
3R	10861922	10861831	Deletion	91
3R	10863878	10863769	Deletion	109
3R	10863878	10863778	Deletion	100
3R	10877901	10877789	Deletion	112
3R	10877892	10877789	Deletion	103
3R	10878342	10878234	Deletion	108
3R	10878342	10878258	Deletion	84
3R	10878342	10878268	Deletion	74
3R	10878342	10878276	Deletion	66
3R	10879758	10879698	Deletion	60
3R	10879740	10879698	Deletion	42
3R	10879817	10879698	Deletion	119
3R	10879750	10879698	Deletion	52
3R	10893419	10893303	Deletion	116
3R	10893419	10893306	Deletion	113
3R	10893419	10893309	Deletion	110
3R	10893419	10893336	Deletion	83
3R	10893419	10893343	Deletion	76
3R	10893419	10893346	Deletion	73
3R	10893419	10893359	Deletion	60
3R	10893419	10893369	Deletion	50
3R	10893419	10893371	Deletion	48
3R	10894977	10894934	Deletion	43
3R	10894984	10894934	Deletion	50
3R	10895010	10894934	Deletion	76
3R	10894987	10894934	Deletion	53
3R	10895012	10894934	Deletion	78
3R	10895000	10894934	Deletion	66
3R	10901756	10901633	Deletion	123
3R	10907636	10907514	Deletion	122
3R	10907636	10907517	Deletion	119
3R	10907636	10907525	Deletion	111
3R	10907636	10907531	Deletion	105
3R	10907636	10907552	Deletion	84
3R	10907636	10907554	Deletion	82
3R	10907636	10907573	Deletion	63
3R	10907636	10907591	Deletion	45
3R	10909933	10909852	Deletion	81
3R	10909973	10909852	Deletion	121
3R	10909894	10909852	Deletion	42
3R	10909915	10909852	Deletion	63
3R	10909945	10909852	Deletion	93
3R	10909896	10909852	Deletion	44
3R	10917470	10917348	Deletion	122
3R	10917470	10917359	Deletion	111
3R	10917470	10917363	Deletion	107
3R	10917470	10917363	Deletion	107
3R	10917470	10917393	Deletion	77
3R	10917470	10917398	Deletion	72
3R	10917470	10917415	Deletion	55
3R	10917470	10917421	Deletion	49
3R	10917470	10917422	Deletion	48
3R	10920065	10919988	Deletion	77
3R	10920059	10919988	Deletion	71
3R	10920066	10919988	Deletion	78
3R	10920042	10919988	Deletion	54
3R	10920037	10919988	Deletion	49
3R	10922721	10922607	Deletion	114
3R	10922721	10922619	Deletion	102
3R	10923450	10923352	Deletion	98
3R	10923463	10923352	Deletion	111
3R	10926468	10926346	Deletion	122
3R	10934866	10934745	Deletion	121
3R	10934866	10934767	Deletion	99
3R	10934866	10934780	Deletion	86
3R	10934866	10934828	Deletion	38
3R	10936197	10936156	Deletion	41
3R	10936245	10936156	Deletion	89
3R	10940529	10940405	Deletion	124
3R	10949617	10949537	Deletion	80
3R	10949617	10949553	Deletion	64
3R	10949617	10949554	Deletion	63
3R	10949617	10949557	Deletion	60
3R	10949617	10949586	Deletion	31
3R	10958168	10958133	Deletion	35
3R	10959501	10959451	Deletion	50
3R	10961707	10961602	Deletion	105
3R	10961924	10961873	Deletion	51
3R	10962978	10962881	Deletion	97
3R	10968860	10968798	Deletion	62
3R	10968861	10968798	Deletion	63
3R	10968844	10968798	Deletion	46
3R	10968910	10968798	Deletion	112
3R	10968893	10968798	Deletion	95
3R	10968864	10968798	Deletion	66
3R	10968902	10968798	Deletion	104
3R	11001228	11001109	Deletion	119
3R	11002137	11002013	Deletion	124
3R	11002137	11002038	Deletion	99
3R	11002137	11002070	Deletion	67
3R	11003877	11003765	Deletion	112
3R	11003879	11003765	Deletion	114
3R	11003824	11003765	Deletion	59
3R	11003875	11003765	Deletion	110
3R	11003864	11003765	Deletion	99
3R	11003875	11003765	Deletion	110
3R	11004382	11004280	Deletion	102
3R	11004382	11004280	Deletion	102
3R	11004382	11004293	Deletion	89
3R	11004382	11004337	Deletion	45
3R	11007204	11007099	Deletion	105
3R	11007137	11007099	Deletion	38
3R	11007181	11007099	Deletion	82
3R	11040193	11040101	Deletion	92
3R	11040193	11040107	Deletion	86
3R	11040193	11040120	Deletion	73
3R	11040193	11040122	Deletion	71
3R	11040193	11040127	Deletion	66
3R	11040405	11040348	Deletion	57
3R	11040446	11040348	Deletion	98
3R	11040386	11040348	Deletion	38
3R	11040392	11040348	Deletion	44
3R	11040458	11040348	Deletion	110
3R	11040407	11040348	Deletion	59
3R	11040412	11040348	Deletion	64
3R	11042766	11042663	Deletion	103
3R	11042766	11042687	Deletion	79
3R	11042766	11042701	Deletion	65
3R	11043745	11043639	Deletion	106
3R	11043687	11043639	Deletion	48
3R	11043701	11043639	Deletion	62
3R	11067243	11067132	Deletion	111
3R	11067211	11067132	Deletion	79
3R	11067390	11067278	Deletion	112
3R	11070416	11070326	Deletion	90
3R	11088602	11088478	Deletion	124
3R	11094263	11094150	Deletion	113
3R	11094263	11094150	Deletion	113
3R	11094263	11094177	Deletion	86
3R	11094263	11094196	Deletion	67
3R	11094263	11094199	Deletion	64
3R	11094263	11094209	Deletion	54
3R	11094263	11094210	Deletion	53
3R	11094263	11094223	Deletion	40
3R	11094263	11094223	Deletion	40
3R	11094263	11094224	Deletion	39
3R	11097106	11097034	Deletion	72
3R	11097074	11097034	Deletion	40
3R	11097121	11097034	Deletion	87
3R	11097137	11097034	Deletion	103
3R	11097093	11097034	Deletion	59
3R	11097096	11097034	Deletion	62
3R	11097120	11097034	Deletion	86
3R	11097102	11097034	Deletion	68
3R	11097120	11097034	Deletion	86
3R	11100642	11100531	Deletion	111
3R	11100642	11100603	Deletion	39
3R	11100642	11100608	Deletion	34
3R	11100642	11100612	Deletion	30
3R	11106892	11106796	Deletion	96
3R	11106888	11106796	Deletion	92
3R	11106883	11106796	Deletion	87
3R	11109543	11109419	Deletion	124
3R	11116357	11116246	Deletion	111
3R	11116357	11116262	Deletion	95
3R	11116357	11116275	Deletion	82
3R	11116357	11116284	Deletion	73
3R	11116357	11116301	Deletion	56
3R	11116357	11116321	Deletion	36
3R	11120137	11120047	Deletion	90
3R	11120091	11120047	Deletion	44
3R	11120148	11120047	Deletion	101
3R	11120078	11120047	Deletion	31
3R	11120117	11120047	Deletion	70
3R	11120100	11120047	Deletion	53
3R	11121757	11121636	Deletion	121
3R	11135139	11135032	Deletion	107
3R	11135139	11135052	Deletion	87
3R	11135292	11135189	Deletion	103
3R	11135228	11135189	Deletion	39
3R	11135311	11135189	Deletion	122
3R	11135302	11135189	Deletion	113
3R	11136034	11135912	Deletion	122
3R	11162339	11162238	Deletion	101
3R	11162339	11162257	Deletion	82
3R	11162339	11162264	Deletion	75
3R	11162339	11162273	Deletion	66
3R	11162339	11162273	Deletion	66
3R	11162339	11162283	Deletion	56
3R	11162339	11162288	Deletion	51
3R	11164494	11164448	Deletion	46
3R	11164510	11164448	Deletion	62
3R	11164520	11164448	Deletion	72
3R	11164525	11164448	Deletion	77
3R	11164510	11164448	Deletion	62
3R	11164501	11164448	Deletion	53
3R	11164657	11164627	Deletion	30
3R	11166536	11166441	Deletion	95
3R	11166536	11166469	Deletion	67
3R	11166536	11166493	Deletion	43
3R	11166536	11166506	Deletion	30
3R	11166774	11166715	Deletion	59
3R	11166811	11166715	Deletion	96
3R	11166798	11166715	Deletion	83
3R	11166746	11166715	Deletion	31
3R	11166811	11166715	Deletion	96
3R	11172473	11172354	Deletion	119
3R	11172473	11172363	Deletion	110
3R	11172473	11172368	Deletion	105
3R	11172473	11172375	Deletion	98
3R	11172473	11172387	Deletion	86
3R	11172473	11172423	Deletion	50
3R	11172473	11172436	Deletion	37
3R	11184898	11184789	Deletion	109
3R	11184829	11184789	Deletion	40
3R	11184900	11184789	Deletion	111
3R	11184865	11184789	Deletion	76
3R	11184878	11184789	Deletion	89
3R	11184895	11184789	Deletion	106
3R	11196025	11195910	Deletion	115
3R	11196025	11195910	Deletion	115
3R	11196025	11195927	Deletion	98
3R	11196195	11196077	Deletion	118
3R	11205285	11205164	Deletion	121
3R	11205449	11205326	Deletion	123
3R	11222958	11222900	Deletion	58
3R	11222958	11222921	Deletion	37
3R	11222958	11222924	Deletion	34
3R	11224432	11224342	Deletion	90
3R	11224411	11224342	Deletion	69
3R	11224435	11224342	Deletion	93
3R	11235799	11235676	Deletion	123
3R	11235799	11235697	Deletion	102
3R	11235799	11235713	Deletion	86
3R	11235799	11235718	Deletion	81
3R	11235799	11235743	Deletion	56
3R	11235799	11235761	Deletion	38
3R	11235799	11235768	Deletion	31
3R	11236057	11235987	Deletion	70
3R	11236104	11235987	Deletion	117
3R	11236032	11235987	Deletion	45
3R	11236075	11235987	Deletion	88
3R	11236027	11235987	Deletion	40
3R	11236082	11235987	Deletion	95
3R	11237403	11237289	Deletion	114
3R	11237403	11237312	Deletion	91
3R	11237403	11237317	Deletion	86
3R	11237403	11237317	Deletion	86
3R	11237403	11237340	Deletion	63
3R	11237403	11237351	Deletion	52
3R	11237403	11237373	Deletion	30
3R	11243984	11243921	Deletion	63
3R	11244025	11243921	Deletion	104
3R	11243961	11243921	Deletion	40
3R	11244029	11243921	Deletion	108
3R	11243956	11243921	Deletion	35
3R	11243995	11243921	Deletion	74
3R	11244017	11243924	Deletion	93
3R	11244709	11244588	Deletion	121
3R	11245003	11244891	Deletion	112
3R	11245003	11244893	Deletion	110
3R	11245003	11244901	Deletion	102
3R	11245306	11245187	Deletion	119
3R	11247492	11247416	Deletion	76
3R	11247492	11247422	Deletion	70
3R	11247713	11247657	Deletion	56
3R	11247756	11247657	Deletion	99
3R	11247707	11247657	Deletion	50
3R	11253578	11253468	Deletion	110
3R	11253578	11253483	Deletion	95
3R	11253578	11253492	Deletion	86
3R	11253578	11253507	Deletion	71
3R	11253578	11253507	Deletion	71
3R	11253578	11253509	Deletion	69
3R	11253578	11253513	Deletion	65
3R	11253578	11253517	Deletion	61
3R	11253578	11253520	Deletion	58
3R	11253578	11253548	Deletion	30
3R	11272771	11272647	Deletion	124
3R	11272702	11272647	Deletion	55
3R	11272708	11272647	Deletion	61
3R	11272702	11272647	Deletion	55
3R	11272763	11272647	Deletion	116
3R	11272687	11272647	Deletion	40
3R	11272704	11272647	Deletion	57
3R	11272712	11272647	Deletion	65
3R	11272743	11272647	Deletion	96
3R	11272715	11272647	Deletion	68
3R	11272678	11272647	Deletion	31
3R	11275377	11275305	Deletion	72
3R	11275377	11275309	Deletion	68
3R	11275377	11275312	Deletion	65
3R	11275377	11275319	Deletion	58
3R	11276400	11276345	Deletion	55
3R	11276404	11276345	Deletion	59
3R	11276407	11276345	Deletion	62
3R	11276414	11276345	Deletion	69
3R	11281549	11281450	Deletion	99
3R	11281549	11281451	Deletion	98
3R	11281549	11281463	Deletion	86
3R	11281793	11281691	Deletion	102
3R	11281810	11281691	Deletion	119
3R	11281731	11281691	Deletion	40
3R	11281810	11281691	Deletion	119
3R	11291869	11291750	Deletion	119
3R	11315502	11315411	Deletion	91
3R	11315502	11315439	Deletion	63
3R	11315502	11315452	Deletion	50
3R	11315502	11315453	Deletion	49
3R	11315925	11315847	Deletion	78
3R	11315883	11315847	Deletion	36
3R	11315924	11315847	Deletion	77
3R	11315911	11315847	Deletion	64
3R	11323939	11323816	Deletion	123
3R	11327162	11327045	Deletion	117
3R	11327162	11327051	Deletion	111
3R	11327162	11327053	Deletion	109
3R	11327162	11327080	Deletion	82
3R	11327162	11327090	Deletion	72
3R	11327162	11327114	Deletion	48
3R	11327162	11327130	Deletion	32
3R	11330841	11330746	Deletion	95
3R	11330791	11330746	Deletion	45
3R	11330862	11330746	Deletion	116
3R	11330852	11330746	Deletion	106
3R	11330825	11330746	Deletion	79
3R	11330801	11330746	Deletion	55
3R	11332003	11331884	Deletion	119
3R	11332003	11331886	Deletion	117
3R	11332003	11331890	Deletion	113
3R	11332003	11331895	Deletion	108
3R	11332003	11331901	Deletion	102
3R	11332003	11331931	Deletion	72
3R	11333533	11333426	Deletion	107
3R	11333480	11333426	Deletion	54
3R	11333547	11333426	Deletion	121
3R	11333536	11333426	Deletion	110
3R	11346155	11346050	Deletion	105
3R	11346155	11346085	Deletion	70
3R	11346155	11346123	Deletion	32
3R	11350348	11350291	Deletion	57
3R	11350396	11350291	Deletion	105
3R	11350412	11350291	Deletion	121
3R	11350386	11350291	Deletion	95
3R	11350395	11350291	Deletion	104
3R	11350392	11350291	Deletion	101
3R	11350409	11350291	Deletion	118
3R	11379993	11379904	Deletion	89
3R	11379993	11379904	Deletion	89
3R	11381702	11381664	Deletion	38
3R	11381832	11381752	Deletion	80
3R	11382542	11382497	Deletion	45
3R	11384053	11383976	Deletion	77
3R	11385147	11385025	Deletion	122
3R	11390463	11390343	Deletion	120
3R	11390463	11390364	Deletion	99
3R	11390463	11390372	Deletion	91
3R	11390463	11390388	Deletion	75
3R	11390463	11390432	Deletion	31
3R	11390615	11390518	Deletion	97
3R	11390569	11390518	Deletion	51
3R	11390553	11390518	Deletion	35
3R	11390613	11390518	Deletion	95
3R	11390629	11390518	Deletion	111
3R	11390619	11390518	Deletion	101
3R	11390634	11390518	Deletion	116
3R	11392622	11392500	Deletion	122
3R	11411029	11410906	Deletion	123
3R	11411331	11411207	Deletion	124
3R	11411331	11411211	Deletion	120
3R	11411331	11411215	Deletion	116
3R	11411331	11411219	Deletion	112
3R	11411331	11411224	Deletion	107
3R	11411331	11411247	Deletion	84
3R	11411331	11411270	Deletion	61
3R	11411331	11411271	Deletion	60
3R	11412795	11412729	Deletion	66
3R	11412828	11412729	Deletion	99
3R	11412846	11412729	Deletion	117
3R	11412794	11412729	Deletion	65
3R	11412771	11412729	Deletion	42
3R	11413720	11413619	Deletion	101
3R	11413720	11413631	Deletion	89
3R	11413720	11413633	Deletion	87
3R	11413720	11413640	Deletion	80
3R	11413720	11413640	Deletion	80
3R	11413720	11413649	Deletion	71
3R	11413720	11413662	Deletion	58
3R	11413720	11413664	Deletion	56
3R	11429225	11429186	Deletion	39
3R	11429301	11429186	Deletion	115
3R	11429295	11429186	Deletion	109
3R	11429243	11429186	Deletion	57
3R	11429258	11429186	Deletion	72
3R	11429256	11429186	Deletion	70
3R	11429227	11429186	Deletion	41
3R	11429309	11429186	Deletion	123
3R	11429234	11429186	Deletion	48
3R	11429234	11429191	Deletion	43
3R	11433082	11432959	Deletion	123
3R	11433082	11432968	Deletion	114
3R	11433082	11432971	Deletion	111
3R	11433082	11432971	Deletion	111
3R	11433082	11432973	Deletion	109
3R	11433082	11432980	Deletion	102
3R	11433082	11432993	Deletion	89
3R	11433082	11432998	Deletion	84
3R	11433082	11433050	Deletion	32
3R	11442586	11442490	Deletion	96
3R	11442602	11442490	Deletion	112
3R	11442534	11442490	Deletion	44
3R	11442529	11442490	Deletion	39
3R	11451422	11451323	Deletion	99
3R	11451422	11451327	Deletion	95
3R	11451422	11451341	Deletion	81
3R	11451422	11451351	Deletion	71
3R	11451422	11451362	Deletion	60
3R	11451422	11451371	Deletion	51
3R	11453837	11453771	Deletion	66
3R	11453826	11453771	Deletion	55
3R	11453846	11453771	Deletion	75
3R	11453802	11453771	Deletion	31
3R	11453816	11453771	Deletion	45
3R	11453882	11453771	Deletion	111
3R	11465628	11465524	Deletion	104
3R	11465629	11465541	Deletion	88
3R	11465628	11465553	Deletion	75
3R	11466905	11466854	Deletion	51
3R	11466893	11466855	Deletion	38
3R	11467424	11467305	Deletion	119
3R	11467424	11467312	Deletion	112
3R	11467424	11467340	Deletion	84
3R	11467424	11467362	Deletion	62
3R	11467424	11467363	Deletion	61
3R	11470104	11469995	Deletion	109
3R	11470059	11469995	Deletion	64
3R	11470037	11469995	Deletion	42
3R	11470060	11469995	Deletion	65
3R	11484962	11484849	Deletion	113
3R	11484962	11484867	Deletion	95
3R	11484962	11484867	Deletion	95
3R	11484962	11484873	Deletion	89
3R	11484962	11484873	Deletion	89
3R	11484962	11484914	Deletion	48
3R	11505661	11505543	Deletion	118
3R	11505580	11505543	Deletion	37
3R	11505621	11505543	Deletion	78
3R	11505580	11505543	Deletion	37
3R	11505574	11505543	Deletion	31
3R	11505574	11505543	Deletion	31
3R	11516127	11516029	Deletion	98
3R	11516127	11516036	Deletion	91
3R	11516127	11516058	Deletion	69
3R	11516127	11516097	Deletion	30
3R	11527768	11527670	Deletion	98
3R	11527788	11527670	Deletion	118
3R	11527767	11527670	Deletion	97
3R	11527772	11527670	Deletion	102
3R	11527728	11527670	Deletion	58
3R	11527706	11527670	Deletion	36
3R	11531187	11531130	Deletion	57
3R	11531187	11531136	Deletion	51
3R	11537703	11537633	Deletion	70
3R	11537736	11537633	Deletion	103
3R	11537709	11537633	Deletion	76
3R	11539683	11539561	Deletion	122
3R	11544518	11544398	Deletion	120
3R	11544518	11544430	Deletion	88
3R	11544518	11544448	Deletion	70
3R	11544518	11544482	Deletion	36
3R	11544518	11544483	Deletion	35
3R	11546895	11546804	Deletion	91
3R	11546907	11546804	Deletion	103
3R	11546860	11546804	Deletion	56
3R	11546903	11546804	Deletion	99
3R	11546894	11546804	Deletion	90
3R	11546842	11546804	Deletion	38
3R	11555982	11555891	Deletion	91
3R	11555982	11555906	Deletion	76
3R	11555982	11555916	Deletion	66
3R	11555982	11555927	Deletion	55
3R	11555982	11555931	Deletion	51
3R	11559619	11559547	Deletion	72
3R	11559658	11559547	Deletion	111
3R	11559598	11559547	Deletion	51
3R	11559623	11559547	Deletion	76
3R	11559583	11559547	Deletion	36
3R	11559608	11559547	Deletion	61
3R	11562088	11562015	Deletion	73
3R	11562088	11562016	Deletion	72
3R	11562088	11562039	Deletion	49
3R	11562088	11562043	Deletion	45
3R	11562374	11562271	Deletion	103
3R	11562349	11562271	Deletion	78
3R	11562326	11562271	Deletion	55
3R	11562325	11562271	Deletion	54
3R	11562353	11562271	Deletion	82
3R	11564180	11564073	Deletion	107
3R	11564180	11564079	Deletion	101
3R	11564180	11564096	Deletion	84
3R	11564180	11564099	Deletion	81
3R	11564180	11564103	Deletion	77
3R	11564180	11564103	Deletion	77
3R	11564180	11564121	Deletion	59
3R	11578107	11578058	Deletion	49
3R	11578100	11578058	Deletion	42
3R	11578103	11578058	Deletion	45
3R	11578107	11578058	Deletion	49
3R	11578125	11578058	Deletion	67
3R	11585728	11585612	Deletion	116
3R	11585728	11585619	Deletion	109
3R	11585728	11585620	Deletion	108
3R	11585728	11585623	Deletion	105
3R	11585728	11585653	Deletion	75
3R	11585728	11585656	Deletion	72
3R	11585728	11585662	Deletion	66
3R	11585728	11585697	Deletion	31
3R	11586330	11586234	Deletion	96
3R	11586289	11586234	Deletion	55
3R	11586295	11586234	Deletion	61
3R	11586286	11586234	Deletion	52
3R	11603226	11603146	Deletion	80
3R	11603226	11603152	Deletion	74
3R	11603226	11603180	Deletion	46
3R	11603226	11603183	Deletion	43
3R	11603226	11603188	Deletion	38
3R	11603226	11603195	Deletion	31
3R	11621964	11621881	Deletion	83
3R	11621933	11621881	Deletion	52
3R	11621927	11621881	Deletion	46
3R	11621961	11621881	Deletion	80
3R	11621976	11621881	Deletion	95
3R	11621969	11621881	Deletion	88
3R	11644274	11644159	Deletion	115
3R	11644274	11644185	Deletion	89
3R	11644274	11644195	Deletion	79
3R	11644274	11644207	Deletion	67
3R	11644274	11644220	Deletion	54
3R	11644274	11644222	Deletion	52
3R	11644274	11644243	Deletion	31
3R	11654578	11654480	Deletion	98
3R	11654542	11654480	Deletion	62
3R	11654520	11654480	Deletion	40
3R	11654598	11654480	Deletion	118
3R	11654585	11654480	Deletion	105
3R	11654530	11654480	Deletion	50
3R	11654557	11654480	Deletion	77
3R	11654555	11654480	Deletion	75
3R	11694114	11694050	Deletion	64
3R	11695814	11695700	Deletion	114
3R	11695762	11695700	Deletion	62
3R	11695820	11695700	Deletion	120
3R	11704188	11704065	Deletion	123
3R	11712633	11712514	Deletion	119
3R	11712633	11712515	Deletion	118
3R	11712633	11712532	Deletion	101
3R	11712633	11712544	Deletion	89
3R	11712633	11712549	Deletion	84
3R	11712633	11712578	Deletion	55
3R	11712735	11712693	Deletion	42
3R	11712798	11712693	Deletion	105
3R	11712764	11712693	Deletion	71
3R	11712730	11712693	Deletion	37
3R	11716849	11716737	Deletion	112
3R	11716849	11716739	Deletion	110
3R	11716849	11716746	Deletion	103
3R	11716849	11716786	Deletion	63
3R	11716849	11716813	Deletion	36
3R	11718781	11718718	Deletion	63
3R	11718815	11718718	Deletion	97
3R	11718808	11718718	Deletion	90
3R	11718837	11718718	Deletion	119
3R	11735583	11735472	Deletion	111
3R	11735583	11735487	Deletion	96
3R	11735583	11735496	Deletion	87
3R	11735583	11735526	Deletion	57
3R	11735583	11735551	Deletion	32
3R	11737596	11737527	Deletion	69
3R	11737557	11737527	Deletion	30
3R	11737649	11737527	Deletion	122
3R	11737621	11737527	Deletion	94
3R	11737626	11737527	Deletion	99
3R	11737566	11737527	Deletion	39
3R	11741733	11741612	Deletion	121
3R	11741733	11741614	Deletion	119
3R	11741733	11741615	Deletion	118
3R	11741733	11741644	Deletion	89
3R	11741733	11741649	Deletion	84
3R	11741733	11741656	Deletion	77
3R	11741733	11741666	Deletion	67
3R	11741733	11741684	Deletion	49
3R	11742517	11742474	Deletion	43
3R	11742534	11742474	Deletion	60
3R	11742524	11742474	Deletion	50
3R	11742552	11742474	Deletion	78
3R	11742512	11742474	Deletion	38
3R	11743551	11743436	Deletion	115
3R	11743551	11743468	Deletion	83
3R	11743551	11743485	Deletion	66
3R	11743551	11743516	Deletion	35
3R	11757524	11757464	Deletion	60
3R	11757555	11757464	Deletion	91
3R	11757566	11757464	Deletion	102
3R	11757507	11757464	Deletion	43
3R	11761918	11761807	Deletion	111
3R	11761918	11761841	Deletion	77
3R	11761918	11761858	Deletion	60
3R	11761918	11761884	Deletion	34
3R	11769128	11769061	Deletion	67
3R	11769111	11769061	Deletion	50
3R	11769154	11769061	Deletion	93
3R	11769159	11769062	Deletion	97
3R	11782838	11782716	Deletion	122
3R	11812533	11812421	Deletion	112
3R	11812533	11812430	Deletion	103
3R	11812533	11812438	Deletion	95
3R	11812533	11812440	Deletion	93
3R	11812533	11812442	Deletion	91
3R	11812533	11812482	Deletion	51
3R	11812533	11812496	Deletion	37
3R	11812792	11812717	Deletion	75
3R	11812838	11812717	Deletion	121
3R	11812806	11812717	Deletion	89
3R	11812748	11812717	Deletion	31
3R	11812752	11812717	Deletion	35
3R	11812750	11812717	Deletion	33
3R	11822241	11822120	Deletion	121
3R	11843622	11843573	Deletion	49
3R	11846509	11846415	Deletion	94
3R	11846509	11846437	Deletion	72
3R	11846509	11846438	Deletion	71
3R	11846509	11846466	Deletion	43
3R	11846509	11846475	Deletion	34
3R	11849215	11849160	Deletion	55
3R	11849252	11849160	Deletion	92
3R	11849214	11849160	Deletion	54
3R	11849243	11849160	Deletion	83
3R	11850013	11849891	Deletion	122
3R	11851962	11851839	Deletion	123
3R	11866087	11865963	Deletion	124
3R	11884881	11884761	Deletion	120
3R	11884881	11884794	Deletion	87
3R	11884881	11884818	Deletion	63
3R	11884881	11884830	Deletion	51
3R	11887499	11887385	Deletion	114
3R	11887449	11887385	Deletion	64
3R	11887461	11887385	Deletion	76
3R	11887425	11887385	Deletion	40
3R	11887648	11887599	Deletion	49
3R	11891363	11891239	Deletion	124
3R	11891317	11891239	Deletion	78
3R	11894026	11893907	Deletion	119
3R	11894026	11893910	Deletion	116
3R	11894026	11893915	Deletion	111
3R	11894026	11893929	Deletion	97
3R	11897842	11897737	Deletion	105
3R	11914955	11914833	Deletion	122
3R	11914955	11914850	Deletion	105
3R	11914955	11914865	Deletion	90
3R	11914955	11914879	Deletion	76
3R	11914950	11914888	Deletion	62
3R	11914955	11914900	Deletion	55
3R	11914955	11914917	Deletion	38
3R	11914955	11914917	Deletion	38
3R	11918149	11918089	Deletion	60
3R	11918161	11918089	Deletion	72
3R	11918126	11918089	Deletion	37
3R	11918178	11918089	Deletion	89
3R	11918178	11918089	Deletion	89
3R	11918197	11918089	Deletion	108
3R	11918140	11918089	Deletion	51
3R	11922039	11921929	Deletion	110
3R	11922039	11921946	Deletion	93
3R	11922039	11921948	Deletion	91
3R	11922039	11921976	Deletion	63
3R	11922039	11922000	Deletion	39
3R	11928336	11928301	Deletion	35
3R	11928388	11928301	Deletion	87
3R	11928364	11928301	Deletion	63
3R	11928423	11928301	Deletion	122
3R	11928415	11928301	Deletion	114
3R	11928334	11928301	Deletion	33
3R	11935068	11934957	Deletion	111
3R	11935064	11934964	Deletion	100
3R	11935065	11934995	Deletion	70
3R	11935068	11935025	Deletion	43
3R	11935068	11935033	Deletion	35
3R	11955313	11955274	Deletion	39
3R	11955442	11955358	Deletion	84
3R	11959689	11959635	Deletion	54
3R	11959727	11959635	Deletion	92
3R	11961317	11961232	Deletion	85
3R	11961439	11961396	Deletion	43
3R	11962567	11962463	Deletion	104
3R	11962567	11962467	Deletion	100
3R	11962567	11962472	Deletion	95
3R	11962567	11962486	Deletion	81
3R	11962567	11962500	Deletion	67
3R	11962567	11962500	Deletion	67
3R	11962567	11962506	Deletion	61
3R	11962567	11962517	Deletion	50
3R	11962567	11962517	Deletion	50
3R	11962567	11962535	Deletion	32
3R	11964674	11964613	Deletion	61
3R	11964680	11964613	Deletion	67
3R	11964660	11964613	Deletion	47
3R	11964691	11964613	Deletion	78
3R	11964646	11964613	Deletion	33
3R	11964691	11964613	Deletion	78
3R	11964709	11964613	Deletion	96
3R	11964674	11964613	Deletion	61
3R	11999878	11999822	Deletion	56
3R	11999878	11999825	Deletion	53
3R	12000289	12000166	Deletion	123
3R	12000237	12000166	Deletion	71
3R	12000270	12000166	Deletion	104
3R	12000240	12000166	Deletion	74
3R	12008711	12008611	Deletion	100
3R	12008711	12008653	Deletion	58
3R	12011326	12011258	Deletion	68
3R	12011355	12011258	Deletion	97
3R	12035355	12035252	Deletion	103
3R	12035355	12035291	Deletion	64
3R	12035355	12035295	Deletion	60
3R	12035355	12035304	Deletion	51
3R	12035355	12035316	Deletion	39
3R	12035355	12035321	Deletion	34
3R	12035355	12035324	Deletion	31
3R	12038090	12038015	Deletion	75
3R	12038110	12038015	Deletion	95
3R	12038102	12038015	Deletion	87
3R	12038077	12038015	Deletion	62
3R	12038121	12038015	Deletion	106
3R	12038107	12038015	Deletion	92
3R	12038081	12038015	Deletion	66
3R	12049647	12049556	Deletion	91
3R	12049647	12049587	Deletion	60
3R	12050643	12050577	Deletion	66
3R	12050675	12050577	Deletion	98
3R	12050612	12050577	Deletion	35
3R	12050678	12050582	Deletion	96
3R	12050894	12050774	Deletion	120
3R	12050894	12050801	Deletion	93
3R	12050894	12050811	Deletion	83
3R	12051004	12050957	Deletion	47
3R	12050994	12050957	Deletion	37
3R	12058867	12058746	Deletion	121
3R	12071631	12071548	Deletion	83
3R	12071631	12071553	Deletion	78
3R	12071631	12071579	Deletion	52
3R	12072173	12072076	Deletion	97
3R	12072197	12072076	Deletion	121
3R	12072119	12072076	Deletion	43
3R	12072193	12072076	Deletion	117
3R	12072150	12072076	Deletion	74
3R	12072124	12072076	Deletion	48
3R	12073741	12073693	Deletion	48
3R	12073741	12073694	Deletion	47
3R	12073741	12073697	Deletion	44
3R	12073741	12073698	Deletion	43
3R	12107114	12107012	Deletion	102
3R	12107073	12107012	Deletion	61
3R	12107103	12107012	Deletion	91
3R	12107074	12107012	Deletion	62
3R	12107128	12107012	Deletion	116
3R	12107122	12107012	Deletion	110
3R	12107077	12107012	Deletion	65
3R	12107102	12107012	Deletion	90
3R	12107078	12107012	Deletion	66
3R	12116198	12116074	Deletion	124
3R	12117511	12117402	Deletion	109
3R	12117511	12117405	Deletion	106
3R	12117511	12117410	Deletion	101
3R	12117511	12117421	Deletion	90
3R	12117511	12117440	Deletion	71
3R	12117511	12117448	Deletion	63
3R	12137091	12136982	Deletion	109
3R	12137037	12136982	Deletion	55
3R	12137018	12136982	Deletion	36
3R	12137045	12136982	Deletion	63
3R	12137079	12136982	Deletion	97
3R	12151739	12151615	Deletion	124
3R	12154619	12154507	Deletion	112
3R	12154619	12154514	Deletion	105
3R	12154619	12154543	Deletion	76
3R	12156607	12156501	Deletion	106
3R	12156553	12156501	Deletion	52
3R	12163575	12163483	Deletion	92
3R	12163575	12163511	Deletion	64
3R	12163575	12163530	Deletion	45
3R	12163575	12163531	Deletion	44
3R	12166936	12166854	Deletion	82
3R	12166977	12166854	Deletion	123
3R	12166917	12166854	Deletion	63
3R	12166889	12166854	Deletion	35
3R	12166937	12166854	Deletion	83
3R	12166959	12166854	Deletion	105
3R	12184491	12184368	Deletion	123
3R	12184491	12184368	Deletion	123
3R	12184491	12184385	Deletion	106
3R	12184491	12184390	Deletion	101
3R	12184491	12184398	Deletion	93
3R	12184491	12184409	Deletion	82
3R	12184491	12184446	Deletion	45
3R	12184491	12184452	Deletion	39
3R	12184658	12184543	Deletion	115
3R	12184624	12184543	Deletion	81
3R	12184630	12184543	Deletion	87
3R	12184576	12184543	Deletion	33
3R	12184587	12184543	Deletion	44
3R	12200028	12199913	Deletion	115
3R	12200028	12199921	Deletion	107
3R	12200028	12199930	Deletion	98
3R	12200028	12199945	Deletion	83
3R	12200028	12199957	Deletion	71
3R	12200028	12199971	Deletion	57
3R	12202776	12202707	Deletion	69
3R	12202811	12202707	Deletion	104
3R	12202750	12202707	Deletion	43
3R	12202762	12202707	Deletion	55
3R	12211008	12210888	Deletion	120
3R	12211008	12210891	Deletion	117
3R	12211008	12210892	Deletion	116
3R	12211008	12210899	Deletion	109
3R	12211008	12210902	Deletion	106
3R	12211008	12210912	Deletion	96
3R	12211008	12210917	Deletion	91
3R	12211003	12210929	Deletion	74
3R	12211008	12210949	Deletion	59
3R	12211008	12210967	Deletion	41
3R	12211008	12210970	Deletion	38
3R	12212423	12212313	Deletion	110
3R	12212431	12212313	Deletion	118
3R	12212432	12212313	Deletion	119
3R	12212403	12212313	Deletion	90
3R	12212400	12212313	Deletion	87
3R	12212362	12212313	Deletion	49
3R	12212382	12212313	Deletion	69
3R	12212345	12212313	Deletion	32
3R	12212350	12212313	Deletion	37
3R	12216339	12216259	Deletion	80
3R	12216532	12216425	Deletion	107
3R	12216471	12216425	Deletion	46
3R	12216531	12216425	Deletion	106
3R	12218393	12218305	Deletion	88
3R	12218393	12218346	Deletion	47
3R	12218393	12218352	Deletion	41
3R	12254372	12254257	Deletion	115
3R	12254336	12254257	Deletion	79
3R	12254342	12254257	Deletion	85
3R	12254373	12254257	Deletion	116
3R	12254295	12254257	Deletion	38
3R	12254375	12254257	Deletion	118
3R	12258185	12258061	Deletion	124
3R	12260657	12260551	Deletion	106
3R	12287288	12287182	Deletion	106
3R	12287288	12287188	Deletion	100
3R	12287288	12287195	Deletion	93
3R	12287288	12287209	Deletion	79
3R	12287288	12287237	Deletion	51
3R	12287288	12287238	Deletion	50
3R	12287288	12287255	Deletion	33
3R	12288365	12288289	Deletion	76
3R	12288364	12288289	Deletion	75
3R	12288336	12288289	Deletion	47
3R	12288322	12288289	Deletion	33
3R	12288382	12288289	Deletion	93
3R	12297558	12297437	Deletion	121
3R	12304382	12304279	Deletion	103
3R	12304382	12304284	Deletion	98
3R	12304382	12304312	Deletion	70
3R	12304382	12304314	Deletion	68
3R	12304382	12304316	Deletion	66
3R	12304382	12304328	Deletion	54
3R	12304382	12304346	Deletion	36
3R	12311261	12311205	Deletion	56
3R	12311277	12311205	Deletion	72
3R	12311265	12311205	Deletion	60
3R	12311263	12311205	Deletion	58
3R	12311295	12311205	Deletion	90
3R	12346832	12346710	Deletion	122
3R	12365920	12365796	Deletion	124
3R	12376048	12375929	Deletion	119
3R	12376048	12375945	Deletion	103
3R	12376048	12375961	Deletion	87
3R	12376048	12375969	Deletion	79
3R	12376048	12375972	Deletion	76
3R	12376048	12375974	Deletion	74
3R	12376048	12375977	Deletion	71
3R	12376048	12375994	Deletion	54
3R	12379996	12379944	Deletion	52
3R	12380054	12379944	Deletion	110
3R	12380016	12379944	Deletion	72
3R	12380051	12379944	Deletion	107
3R	12379983	12379944	Deletion	39
3R	12380047	12379944	Deletion	103
3R	12379999	12379944	Deletion	55
3R	12379994	12379944	Deletion	50
3R	12380049	12379944	Deletion	105
3R	12379991	12379944	Deletion	47
3R	12381098	12380976	Deletion	122
3R	12399718	12399598	Deletion	120
3R	12399718	12399618	Deletion	100
3R	12399718	12399667	Deletion	51
3R	12399718	12399673	Deletion	45
3R	12399718	12399674	Deletion	44
3R	12399718	12399684	Deletion	34
3R	12399993	12399901	Deletion	92
3R	12399983	12399901	Deletion	82
3R	12399976	12399901	Deletion	75
3R	12399982	12399901	Deletion	81
3R	12402394	12402273	Deletion	121
3R	12415570	12415447	Deletion	123
3R	12423840	12423717	Deletion	123
3R	12438972	12438860	Deletion	112
3R	12438972	12438883	Deletion	89
3R	12439059	12439022	Deletion	37
3R	12439145	12439022	Deletion	123
3R	12439142	12439022	Deletion	120
3R	12439120	12439022	Deletion	98
3R	12439120	12439022	Deletion	98
3R	12443326	12443203	Deletion	123
3R	12459089	12458987	Deletion	102
3R	12459089	12459002	Deletion	87
3R	12459087	12459006	Deletion	81
3R	12459089	12459009	Deletion	80
3R	12459089	12459021	Deletion	68
3R	12459089	12459042	Deletion	47
3R	12459089	12459054	Deletion	35
3R	12459089	12459057	Deletion	32
3R	12465696	12465648	Deletion	48
3R	12465729	12465648	Deletion	81
3R	12465769	12465648	Deletion	121
3R	12466581	12466505	Deletion	76
3R	12472980	12472906	Deletion	74
3R	12474107	12474036	Deletion	71
3R	12474107	12474067	Deletion	40
3R	12475699	12475593	Deletion	106
3R	12476088	12475977	Deletion	111
3R	12476032	12475977	Deletion	55
3R	12476086	12475977	Deletion	109
3R	12476063	12475977	Deletion	86
3R	12477291	12477188	Deletion	103
3R	12479120	12479026	Deletion	94
3R	12481974	12481866	Deletion	108
3R	12484027	12483925	Deletion	102
3R	12485501	12485394	Deletion	107
3R	12486382	12486262	Deletion	120
3R	12489750	12489688	Deletion	62
3R	12491292	12491180	Deletion	112
3R	12491878	12491820	Deletion	58
3R	12491992	12491889	Deletion	103
3R	12499006	12498885	Deletion	121
3R	12498981	12498885	Deletion	96
3R	12503802	12503727	Deletion	75
3R	12504660	12504600	Deletion	60
3R	12506924	12506837	Deletion	87
3R	12506924	12506874	Deletion	50
3R	12507943	12507847	Deletion	96
3R	12507943	12507902	Deletion	41
3R	12510207	12510156	Deletion	51
3R	12511226	12511133	Deletion	93
3R	12511225	12511181	Deletion	44
3R	12513181	12513057	Deletion	124
3R	12513181	12513078	Deletion	103
3R	12513181	12513086	Deletion	95
3R	12513181	12513098	Deletion	83
3R	12513181	12513111	Deletion	70
3R	12513181	12513125	Deletion	56
3R	12513181	12513127	Deletion	54
3R	12513181	12513145	Deletion	36
3R	12519634	12519563	Deletion	71
3R	12519620	12519563	Deletion	57
3R	12519654	12519563	Deletion	91
3R	12519595	12519563	Deletion	32
3R	12519636	12519563	Deletion	73
3R	12519679	12519563	Deletion	116
3R	12519607	12519563	Deletion	44
3R	12521080	12520990	Deletion	90
3R	12521080	12521003	Deletion	77
3R	12521080	12521015	Deletion	65
3R	12521080	12521019	Deletion	61
3R	12521080	12521026	Deletion	54
3R	12521080	12521036	Deletion	44
3R	12523331	12523281	Deletion	50
3R	12523364	12523281	Deletion	83
3R	12523354	12523281	Deletion	73
3R	12523343	12523281	Deletion	62
3R	12523347	12523281	Deletion	66
3R	12523318	12523281	Deletion	37
3R	12528269	12528185	Deletion	84
3R	12528269	12528187	Deletion	82
3R	12528269	12528202	Deletion	67
3R	12528269	12528203	Deletion	66
3R	12528269	12528234	Deletion	35
3R	12528269	12528239	Deletion	30
3R	12528753	12528635	Deletion	118
3R	12528679	12528635	Deletion	44
3R	12528694	12528635	Deletion	59
3R	12528731	12528635	Deletion	96
3R	12528695	12528635	Deletion	60
3R	12528726	12528635	Deletion	91
3R	12528734	12528635	Deletion	99
3R	12528677	12528635	Deletion	42
3R	12535301	12535180	Deletion	121
3R	12535924	12535823	Deletion	101
3R	12535924	12535845	Deletion	79
3R	12535924	12535859	Deletion	65
3R	12536896	12536834	Deletion	62
3R	12536882	12536834	Deletion	48
3R	12536934	12536834	Deletion	100
3R	12536945	12536856	Deletion	89
3R	12536945	12536875	Deletion	70
3R	12536945	12536886	Deletion	59
3R	12536945	12536895	Deletion	50
3R	12536945	12536906	Deletion	39
3R	12536945	12536911	Deletion	34
3R	12536945	12536914	Deletion	31
3R	12541223	12541146	Deletion	77
3R	12541214	12541146	Deletion	68
3R	12541239	12541146	Deletion	93
3R	12541242	12541146	Deletion	96
3R	12541184	12541146	Deletion	38
3R	12541244	12541146	Deletion	98
3R	12541234	12541146	Deletion	88
3R	12541258	12541146	Deletion	112
3R	12541203	12541146	Deletion	57
3R	12541252	12541146	Deletion	106
3R	12544941	12544843	Deletion	98
3R	12544941	12544854	Deletion	87
3R	12544941	12544859	Deletion	82
3R	12544941	12544863	Deletion	78
3R	12544941	12544882	Deletion	59
3R	12544941	12544911	Deletion	30
3R	12545177	12545133	Deletion	44
3R	12545172	12545133	Deletion	39
3R	12545252	12545133	Deletion	119
3R	12545181	12545133	Deletion	48
3R	12545236	12545133	Deletion	103
3R	12545199	12545133	Deletion	66
3R	12545229	12545133	Deletion	96
3R	12552667	12552578	Deletion	89
3R	12555139	12555026	Deletion	113
3R	12555063	12555026	Deletion	37
3R	12555133	12555026	Deletion	107
3R	12560059	12559940	Deletion	119
3R	12569152	12569031	Deletion	121
3R	12570171	12570049	Deletion	122
3R	12571146	12571090	Deletion	56
3R	12574774	12574704	Deletion	70
3R	12574811	12574704	Deletion	107
3R	12574828	12574704	Deletion	124
3R	12574852	12574754	Deletion	98
3R	12574852	12574765	Deletion	87
3R	12574852	12574778	Deletion	74
3R	12574852	12574809	Deletion	43
3R	12574852	12574813	Deletion	39
3R	12578149	12578097	Deletion	52
3R	12578184	12578097	Deletion	87
3R	12578208	12578097	Deletion	111
3R	12578136	12578097	Deletion	39
3R	12578180	12578097	Deletion	83
3R	12579900	12579779	Deletion	121
3R	12587556	12587450	Deletion	106
3R	12587556	12587470	Deletion	86
3R	12587556	12587508	Deletion	48
3R	12587556	12587512	Deletion	44
3R	12587556	12587513	Deletion	43
3R	12588210	12588107	Deletion	103
3R	12588147	12588107	Deletion	40
3R	12588190	12588107	Deletion	83
3R	12588185	12588107	Deletion	78
3R	12588221	12588107	Deletion	114
3R	12588189	12588107	Deletion	82
3R	12599507	12599404	Deletion	103
3R	12599507	12599438	Deletion	69
3R	12603723	12603601	Deletion	122
3R	12603659	12603601	Deletion	58
3R	12603708	12603601	Deletion	107
3R	12606736	12606613	Deletion	123
3R	12610778	12610656	Deletion	122
3R	12610778	12610661	Deletion	117
3R	12610778	12610677	Deletion	101
3R	12610778	12610717	Deletion	61
3R	12616144	12616041	Deletion	103
3R	12616144	12616041	Deletion	103
3R	12616106	12616041	Deletion	65
3R	12622651	12622527	Deletion	124
3R	12622651	12622534	Deletion	117
3R	12622651	12622546	Deletion	105
3R	12622651	12622553	Deletion	98
3R	12622651	12622554	Deletion	97
3R	12622651	12622591	Deletion	60
3R	12622651	12622598	Deletion	53
3R	12622651	12622609	Deletion	42
3R	12622804	12622720	Deletion	84
3R	12622793	12622720	Deletion	73
3R	12622831	12622720	Deletion	111
3R	12622786	12622720	Deletion	66
3R	12623720	12623616	Deletion	104
3R	12623720	12623621	Deletion	99
3R	12623720	12623639	Deletion	81
3R	12623720	12623644	Deletion	76
3R	12623720	12623650	Deletion	70
3R	12623720	12623668	Deletion	52
3R	12629537	12629487	Deletion	50
3R	12629594	12629487	Deletion	107
3R	12629532	12629487	Deletion	45
3R	12629561	12629487	Deletion	74
3R	12629543	12629487	Deletion	56
3R	12629585	12629487	Deletion	98
3R	12652420	12652298	Deletion	122
3R	12660071	12659951	Deletion	120
3R	12660071	12660007	Deletion	64
3R	12660071	12660041	Deletion	30
3R	12660817	12660703	Deletion	114
3R	12660766	12660703	Deletion	63
3R	12660800	12660703	Deletion	97
3R	12660824	12660703	Deletion	121
3R	12662902	12662792	Deletion	110
3R	12662902	12662793	Deletion	109
3R	12662902	12662805	Deletion	97
3R	12662895	12662811	Deletion	84
3R	12662902	12662840	Deletion	62
3R	12662902	12662859	Deletion	43
3R	12671167	12671083	Deletion	84
3R	12671148	12671083	Deletion	65
3R	12671199	12671083	Deletion	116
3R	12671113	12671083	Deletion	30
3R	12673765	12673653	Deletion	112
3R	12673765	12673680	Deletion	85
3R	12673765	12673685	Deletion	80
3R	12673765	12673688	Deletion	77
3R	12673765	12673691	Deletion	74
3R	12673765	12673702	Deletion	63
3R	12673765	12673711	Deletion	54
3R	12673765	12673720	Deletion	45
3R	12673765	12673725	Deletion	40
3R	12673945	12673840	Deletion	105
3R	12673912	12673840	Deletion	72
3R	12673956	12673840	Deletion	116
3R	12673903	12673840	Deletion	63
3R	12673926	12673840	Deletion	86
3R	12673948	12673840	Deletion	108
3R	12673921	12673840	Deletion	81
3R	12673889	12673840	Deletion	49
3R	12673886	12673840	Deletion	46
3R	12673881	12673840	Deletion	41
3R	12673947	12673840	Deletion	107
3R	12673892	12673840	Deletion	52
3R	12674242	12674153	Deletion	89
3R	12674242	12674165	Deletion	77
3R	12674242	12674198	Deletion	44
3R	12674242	12674199	Deletion	43
3R	12674242	12674209	Deletion	33
3R	12685439	12685400	Deletion	39
3R	12685484	12685400	Deletion	84
3R	12685495	12685400	Deletion	95
3R	12685485	12685400	Deletion	85
3R	12685451	12685400	Deletion	51
3R	12690046	12689931	Deletion	115
3R	12690046	12689944	Deletion	102
3R	12690046	12689992	Deletion	54
3R	12692389	12692271	Deletion	118
3R	12692344	12692271	Deletion	73
3R	12692395	12692271	Deletion	124
3R	12692386	12692271	Deletion	115
3R	12692395	12692271	Deletion	124
3R	12697374	12697251	Deletion	123
3R	12697374	12697285	Deletion	89
3R	12697374	12697289	Deletion	85
3R	12697374	12697317	Deletion	57
3R	12697374	12697344	Deletion	30
3R	12697602	12697533	Deletion	69
3R	12697629	12697533	Deletion	96
3R	12697570	12697533	Deletion	37
3R	12697631	12697533	Deletion	98
3R	12697574	12697533	Deletion	41
3R	12707603	12707479	Deletion	124
3R	12715795	12715695	Deletion	100
3R	12715795	12715698	Deletion	97
3R	12715795	12715731	Deletion	64
3R	12715795	12715763	Deletion	32
3R	12715795	12715765	Deletion	30
3R	12732993	12732893	Deletion	100
3R	12732955	12732893	Deletion	62
3R	12732989	12732893	Deletion	96
3R	12732987	12732893	Deletion	94
3R	12733001	12732893	Deletion	108
3R	12732995	12732893	Deletion	102
3R	12745702	12745578	Deletion	124
3R	12745702	12745621	Deletion	81
3R	12745702	12745630	Deletion	72
3R	12745702	12745636	Deletion	66
3R	12745702	12745642	Deletion	60
3R	12745702	12745666	Deletion	36
3R	12745702	12745668	Deletion	34
3R	12745702	12745669	Deletion	33
3R	12745702	12745670	Deletion	32
3R	12750151	12750046	Deletion	105
3R	12750138	12750046	Deletion	92
3R	12750106	12750046	Deletion	60
3R	12750100	12750046	Deletion	54
3R	12750091	12750046	Deletion	45
3R	12750140	12750046	Deletion	94
3R	12750139	12750046	Deletion	93
3R	12750112	12750046	Deletion	66
3R	12750153	12750046	Deletion	107
3R	12750162	12750046	Deletion	116
3R	12750136	12750046	Deletion	90
3R	12771634	12771512	Deletion	122
3R	12771634	12771515	Deletion	119
3R	12771634	12771561	Deletion	73
3R	12771634	12771600	Deletion	34
3R	12775775	12775666	Deletion	109
3R	12775788	12775666	Deletion	122
3R	12775758	12775666	Deletion	92
3R	12775719	12775666	Deletion	53
3R	12779478	12779355	Deletion	123
3R	12803423	12803300	Deletion	123
3R	12811261	12811145	Deletion	116
3R	12811261	12811173	Deletion	88
3R	12811261	12811179	Deletion	82
3R	12811261	12811184	Deletion	77
3R	12811261	12811203	Deletion	58
3R	12812917	12812878	Deletion	39
3R	12812979	12812878	Deletion	101
3R	12812988	12812878	Deletion	110
3R	12812923	12812878	Deletion	45
3R	12812928	12812878	Deletion	50
3R	12812947	12812878	Deletion	69
3R	12831584	12831473	Deletion	111
3R	12831584	12831483	Deletion	101
3R	12831584	12831491	Deletion	93
3R	12831584	12831504	Deletion	80
3R	12831584	12831506	Deletion	78
3R	12831584	12831519	Deletion	65
3R	12831747	12831685	Deletion	62
3R	12831732	12831685	Deletion	47
3R	12831719	12831685	Deletion	34
3R	12831734	12831685	Deletion	49
3R	12838023	12837901	Deletion	122
3R	12854468	12854361	Deletion	107
3R	12854468	12854369	Deletion	99
3R	12854468	12854388	Deletion	80
3R	12865694	12865648	Deletion	46
3R	12866382	12866276	Deletion	106
3R	12866382	12866282	Deletion	100
3R	12866382	12866292	Deletion	90
3R	12866778	12866673	Deletion	105
3R	12866710	12866673	Deletion	37
3R	12866787	12866673	Deletion	114
3R	12866782	12866673	Deletion	109
3R	12871060	12870936	Deletion	124
3R	12871060	12870947	Deletion	113
3R	12871060	12870949	Deletion	111
3R	12871060	12870955	Deletion	105
3R	12871060	12870963	Deletion	97
3R	12871060	12870993	Deletion	67
3R	12871060	12871028	Deletion	32
3R	12871263	12871169	Deletion	94
3R	12871228	12871169	Deletion	59
3R	12871274	12871169	Deletion	105
3R	12885828	12885720	Deletion	108
3R	12885828	12885727	Deletion	101
3R	12885828	12885736	Deletion	92
3R	12885828	12885741	Deletion	87
3R	12885828	12885743	Deletion	85
3R	12885828	12885755	Deletion	73
3R	12885828	12885764	Deletion	64
3R	12885828	12885790	Deletion	38
3R	12892239	12892205	Deletion	34
3R	12892307	12892205	Deletion	102
3R	12892258	12892205	Deletion	53
3R	12892267	12892205	Deletion	62
3R	12892304	12892205	Deletion	99
3R	12892246	12892205	Deletion	41
3R	12892244	12892205	Deletion	39
3R	12892293	12892205	Deletion	88
3R	12892841	12892746	Deletion	95
3R	12892841	12892758	Deletion	83
3R	12892841	12892759	Deletion	82
3R	12892841	12892770	Deletion	71
3R	12892841	12892772	Deletion	69
3R	12892841	12892795	Deletion	46
3R	12892841	12892811	Deletion	30
3R	12897318	12897237	Deletion	81
3R	12897334	12897237	Deletion	97
3R	12897282	12897237	Deletion	45
3R	12897269	12897237	Deletion	32
3R	12897336	12897237	Deletion	99
3R	12897281	12897237	Deletion	44
3R	12897295	12897237	Deletion	58
3R	12897293	12897237	Deletion	56
3R	12897340	12897237	Deletion	103
3R	12897337	12897237	Deletion	100
3R	12898309	12898190	Deletion	119
3R	12898309	12898194	Deletion	115
3R	12898309	12898226	Deletion	83
3R	12898309	12898229	Deletion	80
3R	12898309	12898258	Deletion	51
3R	12898309	12898265	Deletion	44
3R	12898309	12898265	Deletion	44
3R	12898309	12898268	Deletion	41
3R	12898442	12898360	Deletion	82
3R	12898442	12898360	Deletion	82
3R	12898403	12898360	Deletion	43
3R	12898474	12898360	Deletion	114
3R	12898445	12898360	Deletion	85
3R	12898406	12898360	Deletion	46
3R	12898435	12898360	Deletion	75
3R	12920991	12920912	Deletion	79
3R	12924037	12923985	Deletion	52
3R	12924629	12924572	Deletion	57
3R	12931042	12930942	Deletion	100
3R	12931042	12930960	Deletion	82
3R	12931042	12930981	Deletion	61
3R	12931042	12931004	Deletion	38
3R	12931042	12931005	Deletion	37
3R	12933848	12933760	Deletion	88
3R	12933858	12933760	Deletion	98
3R	12933849	12933760	Deletion	89
3R	12933865	12933760	Deletion	105
3R	12933882	12933760	Deletion	122
3R	12933858	12933760	Deletion	98
3R	12933804	12933760	Deletion	44
3R	12933825	12933762	Deletion	63
3R	12938424	12938310	Deletion	114
3R	12938424	12938310	Deletion	114
3R	12938424	12938325	Deletion	99
3R	12938424	12938362	Deletion	62
3R	12938424	12938372	Deletion	52
3R	12946977	12946863	Deletion	114
3R	12946962	12946863	Deletion	99
3R	12946927	12946863	Deletion	64
3R	12946962	12946863	Deletion	99
3R	12946972	12946863	Deletion	109
3R	12946937	12946863	Deletion	74
3R	12946975	12946863	Deletion	112
3R	12950409	12950310	Deletion	99
3R	12950409	12950369	Deletion	40
3R	12950409	12950377	Deletion	32
3R	12951570	12951484	Deletion	86
3R	12951588	12951484	Deletion	104
3R	12951578	12951484	Deletion	94
3R	12951604	12951484	Deletion	120
3R	12995412	12995327	Deletion	85
3R	12995412	12995377	Deletion	35
3R	13000972	13000930	Deletion	42
3R	13001022	13000930	Deletion	92
3R	13002717	13002605	Deletion	112
3R	13002717	13002618	Deletion	99
3R	13002717	13002623	Deletion	94
3R	13002717	13002631	Deletion	86
3R	13002717	13002642	Deletion	75
3R	13002717	13002663	Deletion	54
3R	13005110	13005068	Deletion	42
3R	13005102	13005068	Deletion	34
3R	13005186	13005068	Deletion	118
3R	13005121	13005068	Deletion	53
3R	13005143	13005068	Deletion	75
3R	13016363	13016246	Deletion	117
3R	13016363	13016286	Deletion	77
3R	13016363	13016305	Deletion	58
3R	13016363	13016321	Deletion	42
3R	13016579	13016475	Deletion	104
3R	13016525	13016475	Deletion	50
3R	13016560	13016475	Deletion	85
3R	13016544	13016475	Deletion	69
3R	13024543	13024433	Deletion	110
3R	13024543	13024464	Deletion	79
3R	13024543	13024470	Deletion	73
3R	13024543	13024493	Deletion	50
3R	13033936	13033821	Deletion	115
3R	13033932	13033821	Deletion	111
3R	13033868	13033821	Deletion	47
3R	13033874	13033821	Deletion	53
3R	13033897	13033821	Deletion	76
3R	13033929	13033821	Deletion	108
3R	13033938	13033821	Deletion	117
3R	13036003	13035880	Deletion	123
3R	13042796	13042678	Deletion	118
3R	13042796	13042704	Deletion	92
3R	13042796	13042711	Deletion	85
3R	13042796	13042752	Deletion	44
3R	13052823	13052724	Deletion	99
3R	13052758	13052724	Deletion	34
3R	13052806	13052724	Deletion	82
3R	13052765	13052724	Deletion	41
3R	13054787	13054673	Deletion	114
3R	13054787	13054687	Deletion	100
3R	13054960	13054852	Deletion	108
3R	13054957	13054852	Deletion	105
3R	13054949	13054852	Deletion	97
3R	13054966	13054852	Deletion	114
3R	13054962	13054852	Deletion	110
3R	13059978	13059862	Deletion	116
3R	13059978	13059878	Deletion	100
3R	13059978	13059912	Deletion	66
3R	13059978	13059939	Deletion	39
3R	13065718	13065595	Deletion	123
3R	13065718	13065595	Deletion	123
3R	13065682	13065595	Deletion	87
3R	13065712	13065595	Deletion	117
3R	13065710	13065595	Deletion	115
3R	13065655	13065595	Deletion	60
3R	13067084	13067001	Deletion	83
3R	13067084	13067007	Deletion	77
3R	13067084	13067014	Deletion	70
3R	13067084	13067025	Deletion	59
3R	13067084	13067040	Deletion	44
3R	13070375	13070325	Deletion	50
3R	13070408	13070325	Deletion	83
3R	13070369	13070325	Deletion	44
3R	13070382	13070325	Deletion	57
3R	13070393	13070325	Deletion	68
3R	13078650	13078541	Deletion	109
3R	13078650	13078599	Deletion	51
3R	13080991	13080899	Deletion	92
3R	13081018	13080899	Deletion	119
3R	13080974	13080899	Deletion	75
3R	13094921	13094810	Deletion	111
3R	13094921	13094833	Deletion	88
3R	13096624	13096586	Deletion	38
3R	13096693	13096586	Deletion	107
3R	13096708	13096586	Deletion	122
3R	13101384	13101266	Deletion	118
3R	13101384	13101278	Deletion	106
3R	13101384	13101278	Deletion	106
3R	13101384	13101286	Deletion	98
3R	13101384	13101287	Deletion	97
3R	13101384	13101324	Deletion	60
3R	13101384	13101330	Deletion	54
3R	13101384	13101352	Deletion	32
3R	13101615	13101543	Deletion	72
3R	13101610	13101543	Deletion	67
3R	13101637	13101545	Deletion	92
3R	13102018	13101918	Deletion	100
3R	13102018	13101960	Deletion	58
3R	13102018	13101983	Deletion	35
3R	13104210	13104103	Deletion	107
3R	13104196	13104103	Deletion	93
3R	13104202	13104103	Deletion	99
3R	13104213	13104103	Deletion	110
3R	13104173	13104103	Deletion	70
3R	13124897	13124780	Deletion	117
3R	13124897	13124789	Deletion	108
3R	13124897	13124791	Deletion	106
3R	13124897	13124796	Deletion	101
3R	13124897	13124818	Deletion	79
3R	13124897	13124862	Deletion	35
3R	13128223	13128176	Deletion	47
3R	13128273	13128176	Deletion	97
3R	13128267	13128176	Deletion	91
3R	13129503	13129383	Deletion	120
3R	13129503	13129416	Deletion	87
3R	13129503	13129425	Deletion	78
3R	13129503	13129428	Deletion	75
3R	13129503	13129432	Deletion	71
3R	13129503	13129437	Deletion	66
3R	13129503	13129438	Deletion	65
3R	13129503	13129467	Deletion	36
3R	13130625	13130535	Deletion	90
3R	13130574	13130535	Deletion	39
3R	13130595	13130535	Deletion	60
3R	13130645	13130535	Deletion	110
3R	13130590	13130535	Deletion	55
3R	13130586	13130535	Deletion	51
3R	13130596	13130535	Deletion	61
3R	13130583	13130535	Deletion	48
3R	13169547	13169463	Deletion	84
3R	13169520	13169463	Deletion	57
3R	13169567	13169463	Deletion	104
3R	13169556	13169463	Deletion	93
3R	13169534	13169463	Deletion	71
3R	13169505	13169463	Deletion	42
3R	13173733	13173647	Deletion	86
3R	13173733	13173659	Deletion	74
3R	13173733	13173664	Deletion	69
3R	13173733	13173684	Deletion	49
3R	13173733	13173698	Deletion	35
3R	13174672	13174554	Deletion	118
3R	13174612	13174554	Deletion	58
3R	13174607	13174554	Deletion	53
3R	13174646	13174554	Deletion	92
3R	13174595	13174554	Deletion	41
3R	13174632	13174554	Deletion	78
3R	13180209	13180124	Deletion	85
3R	13180209	13180129	Deletion	80
3R	13180209	13180178	Deletion	31
3R	13190202	13190094	Deletion	108
3R	13190136	13190094	Deletion	42
3R	13190141	13190094	Deletion	47
3R	13190190	13190098	Deletion	92
3R	13191561	13191439	Deletion	122
3R	13204675	13204551	Deletion	124
3R	13204675	13204563	Deletion	112
3R	13204675	13204571	Deletion	104
3R	13204675	13204588	Deletion	87
3R	13204675	13204605	Deletion	70
3R	13204675	13204616	Deletion	59
3R	13208560	13208501	Deletion	59
3R	13208571	13208501	Deletion	70
3R	13208543	13208501	Deletion	42
3R	13208607	13208501	Deletion	106
3R	13222681	13222571	Deletion	110
3R	13222681	13222577	Deletion	104
3R	13222681	13222579	Deletion	102
3R	13222681	13222581	Deletion	100
3R	13222681	13222597	Deletion	84
3R	13222681	13222599	Deletion	82
3R	13222681	13222608	Deletion	73
3R	13222683	13222614	Deletion	69
3R	13222681	13222643	Deletion	38
3R	13222681	13222645	Deletion	36
3R	13227659	13227558	Deletion	101
3R	13227646	13227558	Deletion	88
3R	13227648	13227558	Deletion	90
3R	13227611	13227558	Deletion	53
3R	13227600	13227558	Deletion	42
3R	13227602	13227558	Deletion	44
3R	13227617	13227559	Deletion	58
3R	13232685	13232582	Deletion	103
3R	13232685	13232596	Deletion	89
3R	13232685	13232614	Deletion	71
3R	13232685	13232616	Deletion	69
3R	13232685	13232627	Deletion	58
3R	13233214	13233111	Deletion	103
3R	13233149	13233111	Deletion	38
3R	13233169	13233111	Deletion	58
3R	13233213	13233111	Deletion	102
3R	13233180	13233111	Deletion	69
3R	13233167	13233111	Deletion	56
3R	13257892	13257769	Deletion	123
3R	13266048	13265927	Deletion	121
3R	13271995	13271873	Deletion	122
3R	13271995	13271888	Deletion	107
3R	13271995	13271897	Deletion	98
3R	13271995	13271935	Deletion	60
3R	13271995	13271965	Deletion	30
3R	13272181	13272085	Deletion	96
3R	13272151	13272085	Deletion	66
3R	13276511	13276396	Deletion	115
3R	13276511	13276418	Deletion	93
3R	13276511	13276420	Deletion	91
3R	13276511	13276464	Deletion	47
3R	13276511	13276466	Deletion	45
3R	13283427	13283346	Deletion	81
3R	13283381	13283346	Deletion	35
3R	13283425	13283346	Deletion	79
3R	13283450	13283346	Deletion	104
3R	13283379	13283346	Deletion	33
3R	13284168	13284044	Deletion	124
3R	13314197	13314085	Deletion	112
3R	13314197	13314119	Deletion	78
3R	13314197	13314138	Deletion	59
3R	13314197	13314152	Deletion	45
3R	13318078	13318039	Deletion	39
3R	13321549	13321500	Deletion	49
3R	13321601	13321500	Deletion	101
3R	13321568	13321500	Deletion	68
3R	13321617	13321500	Deletion	117
3R	13321622	13321500	Deletion	122
3R	13321582	13321500	Deletion	82
3R	13331667	13331546	Deletion	121
3R	13340177	13340061	Deletion	116
3R	13356406	13356291	Deletion	115
3R	13356406	13356309	Deletion	97
3R	13356406	13356359	Deletion	47
3R	13364429	13364314	Deletion	115
3R	13364413	13364314	Deletion	99
3R	13364394	13364314	Deletion	80
3R	13364427	13364314	Deletion	113
3R	13364344	13364314	Deletion	30
3R	13383181	13383076	Deletion	105
3R	13383181	13383093	Deletion	88
3R	13395576	13395476	Deletion	100
3R	13395515	13395476	Deletion	39
3R	13403942	13403856	Deletion	86
3R	13403942	13403876	Deletion	66
3R	13403942	13403903	Deletion	39
3R	13405150	13405061	Deletion	89
3R	13405167	13405061	Deletion	106
3R	13405103	13405061	Deletion	42
3R	13405177	13405061	Deletion	116
3R	13405123	13405061	Deletion	62
3R	13405174	13405061	Deletion	113
3R	13406714	13406590	Deletion	124
3R	13406714	13406620	Deletion	94
3R	13406714	13406621	Deletion	93
3R	13406714	13406622	Deletion	92
3R	13406714	13406634	Deletion	80
3R	13406714	13406676	Deletion	38
3R	13424597	13424481	Deletion	116
3R	13424516	13424481	Deletion	35
3R	13424530	13424481	Deletion	49
3R	13424518	13424481	Deletion	37
3R	13424517	13424481	Deletion	36
3R	13424572	13424481	Deletion	91
3R	13441205	13441096	Deletion	109
3R	13441205	13441155	Deletion	50
3R	13441205	13441163	Deletion	42
3R	13441205	13441174	Deletion	31
3R	13446684	13446607	Deletion	77
3R	13446692	13446607	Deletion	85
3R	13446702	13446607	Deletion	95
3R	13447783	13447677	Deletion	106
3R	13447783	13447691	Deletion	92
3R	13447783	13447696	Deletion	87
3R	13447783	13447715	Deletion	68
3R	13447783	13447750	Deletion	33
3R	13457113	13457054	Deletion	59
3R	13457094	13457054	Deletion	40
3R	13457148	13457054	Deletion	94
3R	13457089	13457054	Deletion	35
3R	13457163	13457054	Deletion	109
3R	13471546	13471428	Deletion	118
3R	13471546	13471438	Deletion	108
3R	13471546	13471468	Deletion	78
3R	13471546	13471487	Deletion	59
3R	13471546	13471515	Deletion	31
3R	13481636	13481588	Deletion	48
3R	13481683	13481588	Deletion	95
3R	13481655	13481588	Deletion	67
3R	13488614	13488497	Deletion	117
3R	13488614	13488544	Deletion	70
3R	13488614	13488562	Deletion	52
3R	13488614	13488564	Deletion	50
3R	13488614	13488580	Deletion	34
3R	13493115	13493041	Deletion	74
3R	13493144	13493041	Deletion	103
3R	13493097	13493041	Deletion	56
3R	13493146	13493041	Deletion	105
3R	13493133	13493041	Deletion	92
3R	13493139	13493041	Deletion	98
3R	13493117	13493041	Deletion	76
3R	13499891	13499789	Deletion	102
3R	13499898	13499805	Deletion	93
3R	13499898	13499837	Deletion	61
3R	13499898	13499854	Deletion	44
3R	13517206	13517085	Deletion	121
3R	13517118	13517085	Deletion	33
3R	13517167	13517085	Deletion	82
3R	13517206	13517085	Deletion	121
3R	13517150	13517085	Deletion	65
3R	13519930	13519830	Deletion	100
3R	13539459	13539368	Deletion	91
3R	13539459	13539372	Deletion	87
3R	13539459	13539372	Deletion	87
3R	13539459	13539378	Deletion	81
3R	13539459	13539395	Deletion	64
3R	13539459	13539410	Deletion	49
3R	13540761	13540722	Deletion	39
3R	13540757	13540722	Deletion	35
3R	13540767	13540722	Deletion	45
3R	13540799	13540722	Deletion	77
3R	13540761	13540722	Deletion	39
3R	13540784	13540722	Deletion	62
3R	13540837	13540722	Deletion	115
3R	13550844	13550724	Deletion	120
3R	13550844	13550740	Deletion	104
3R	13550844	13550763	Deletion	81
3R	13550844	13550788	Deletion	56
3R	13550844	13550800	Deletion	44
3R	13550844	13550802	Deletion	42
3R	13554845	13554744	Deletion	101
3R	13554829	13554744	Deletion	85
3R	13554792	13554744	Deletion	48
3R	13554817	13554744	Deletion	73
3R	13554864	13554744	Deletion	120
3R	13554831	13554744	Deletion	87
3R	13557320	13557205	Deletion	115
3R	13557320	13557211	Deletion	109
3R	13557320	13557230	Deletion	90
3R	13557320	13557239	Deletion	81
3R	13557320	13557266	Deletion	54
3R	13561161	13561037	Deletion	124
3R	13561074	13561037	Deletion	37
3R	13561110	13561037	Deletion	73
3R	13561147	13561037	Deletion	110
3R	13561142	13561037	Deletion	105
3R	13561083	13561037	Deletion	46
3R	13561473	13561385	Deletion	88
3R	13561473	13561398	Deletion	75
3R	13561473	13561413	Deletion	60
3R	13561473	13561418	Deletion	55
3R	13561948	13561897	Deletion	51
3R	13561963	13561897	Deletion	66
3R	13561935	13561897	Deletion	38
3R	13562010	13561897	Deletion	113
3R	13561968	13561897	Deletion	71
3R	13575770	13575647	Deletion	123
3R	13578378	13578288	Deletion	90
3R	13578378	13578294	Deletion	84
3R	13578378	13578299	Deletion	79
3R	13578378	13578300	Deletion	78
3R	13578378	13578335	Deletion	43
3R	13596550	13596467	Deletion	83
3R	13596509	13596467	Deletion	42
3R	13596514	13596467	Deletion	47
3R	13596503	13596467	Deletion	36
3R	13596515	13596467	Deletion	48
3R	13608365	13608247	Deletion	118
3R	13608365	13608321	Deletion	44
3R	13609335	13609220	Deletion	115
3R	13609302	13609220	Deletion	82
3R	13615872	13615777	Deletion	95
3R	13615872	13615787	Deletion	85
3R	13615872	13615792	Deletion	80
3R	13615872	13615795	Deletion	77
3R	13615872	13615801	Deletion	71
3R	13615977	13615922	Deletion	55
3R	13616028	13615922	Deletion	106
3R	13615963	13615922	Deletion	41
3R	13615953	13615922	Deletion	31
3R	13615968	13615922	Deletion	46
3R	13615971	13615922	Deletion	49
3R	13616028	13615922	Deletion	106
3R	13635889	13635766	Deletion	123
3R	13639564	13639443	Deletion	121
3R	13667934	13667856	Deletion	78
3R	13667934	13667874	Deletion	60
3R	13667934	13667894	Deletion	40
3R	13668175	13668107	Deletion	68
3R	13668195	13668107	Deletion	88
3R	13668157	13668107	Deletion	50
3R	13669432	13669311	Deletion	121
3R	13670472	13670364	Deletion	108
3R	13670472	13670369	Deletion	103
3R	13670472	13670371	Deletion	101
3R	13670472	13670373	Deletion	99
3R	13670472	13670424	Deletion	48
3R	13672128	13672014	Deletion	114
3R	13672092	13672014	Deletion	78
3R	13672117	13672014	Deletion	103
3R	13672119	13672014	Deletion	105
3R	13673060	13672947	Deletion	113
3R	13673060	13672975	Deletion	85
3R	13673060	13672980	Deletion	80
3R	13673060	13672986	Deletion	74
3R	13673060	13673007	Deletion	53
3R	13673060	13673027	Deletion	33
3R	13673296	13673193	Deletion	103
3R	13673317	13673193	Deletion	124
3R	13673266	13673193	Deletion	73
3R	13673245	13673193	Deletion	52
3R	13673234	13673193	Deletion	41
3R	13673239	13673193	Deletion	46
3R	13673286	13673193	Deletion	93
3R	13680217	13680095	Deletion	122
3R	13681567	13681444	Deletion	123
3R	13685573	13685469	Deletion	104
3R	13685573	13685474	Deletion	99
3R	13685573	13685485	Deletion	88
3R	13687769	13687653	Deletion	116
3R	13687691	13687653	Deletion	38
3R	13689072	13688964	Deletion	108
3R	13689072	13688980	Deletion	92
3R	13689072	13688986	Deletion	86
3R	13689072	13689003	Deletion	69
3R	13689072	13689016	Deletion	56
3R	13689072	13689019	Deletion	53
3R	13689722	13689651	Deletion	71
3R	13689725	13689651	Deletion	74
3R	13689686	13689651	Deletion	35
3R	13689756	13689651	Deletion	105
3R	13689709	13689651	Deletion	58
3R	13689692	13689651	Deletion	41
3R	13692524	13692423	Deletion	101
3R	13692524	13692429	Deletion	95
3R	13692524	13692472	Deletion	52
3R	13692524	13692479	Deletion	45
3R	13692524	13692486	Deletion	38
3R	13717123	13717035	Deletion	88
3R	13717109	13717035	Deletion	74
3R	13717066	13717035	Deletion	31
3R	13717116	13717035	Deletion	81
3R	13732645	13732521	Deletion	124
3R	13735520	13735441	Deletion	79
3R	13735520	13735446	Deletion	74
3R	13735520	13735450	Deletion	70
3R	13735520	13735454	Deletion	66
3R	13735520	13735460	Deletion	60
3R	13761530	13761423	Deletion	107
3R	13761483	13761423	Deletion	60
3R	13761524	13761423	Deletion	101
3R	13761479	13761423	Deletion	56
3R	13761489	13761423	Deletion	66
3R	13761475	13761423	Deletion	52
3R	13761470	13761423	Deletion	47
3R	13776635	13776583	Deletion	52
3R	13776635	13776598	Deletion	37
3R	13776635	13776600	Deletion	35
3R	13778621	13778526	Deletion	95
3R	13778604	13778526	Deletion	78
3R	13778619	13778526	Deletion	93
3R	13781879	13781758	Deletion	121
3R	13785674	13785605	Deletion	69
3R	13785674	13785623	Deletion	51
3R	13785674	13785626	Deletion	48
3R	13785674	13785643	Deletion	31
3R	13785674	13785644	Deletion	30
3R	13790486	13790410	Deletion	76
3R	13790507	13790410	Deletion	97
3R	13790528	13790410	Deletion	118
3R	13790489	13790410	Deletion	79
3R	13790506	13790410	Deletion	96
3R	13790516	13790410	Deletion	106
3R	13790468	13790410	Deletion	58
3R	13790519	13790410	Deletion	109
3R	13790518	13790410	Deletion	108
3R	13798309	13798212	Deletion	97
3R	13798309	13798214	Deletion	95
3R	13798309	13798217	Deletion	92
3R	13798309	13798222	Deletion	87
3R	13798309	13798229	Deletion	80
3R	13798309	13798239	Deletion	70
3R	13798309	13798248	Deletion	61
3R	13806043	13805978	Deletion	65
3R	13806024	13805978	Deletion	46
3R	13806034	13805978	Deletion	56
3R	13806012	13805978	Deletion	34
3R	13806017	13805978	Deletion	39
3R	13806009	13805978	Deletion	31
3R	13806083	13805978	Deletion	105
3R	13806095	13805978	Deletion	117
3R	13810026	13809958	Deletion	68
3R	13810026	13809962	Deletion	64
3R	13811169	13811110	Deletion	59
3R	13811173	13811110	Deletion	63
3R	13811220	13811110	Deletion	110
3R	13811218	13811110	Deletion	108
3R	13815363	13815242	Deletion	121
3R	13825464	13825345	Deletion	119
3R	13825537	13825454	Deletion	83
3R	13825630	13825586	Deletion	44
3R	13825872	13825789	Deletion	83
3R	13825872	13825801	Deletion	71
3R	13825872	13825826	Deletion	46
3R	13829045	13828962	Deletion	83
3R	13829008	13828962	Deletion	46
3R	13829020	13828962	Deletion	58
3R	13829100	13828980	Deletion	120
3R	13829100	13829001	Deletion	99
3R	13829100	13829010	Deletion	90
3R	13829100	13829039	Deletion	61
3R	13829100	13829068	Deletion	32
3R	13852316	13852204	Deletion	112
3R	13852319	13852204	Deletion	115
3R	13852269	13852204	Deletion	65
3R	13852298	13852204	Deletion	94
3R	13852240	13852204	Deletion	36
3R	13853317	13853214	Deletion	103
3R	13853317	13853227	Deletion	90
3R	13853317	13853228	Deletion	89
3R	13853317	13853247	Deletion	70
3R	13853317	13853287	Deletion	30
3R	13855728	13855627	Deletion	101
3R	13855668	13855627	Deletion	41
3R	13855688	13855627	Deletion	61
3R	13855669	13855627	Deletion	42
3R	13862786	13862671	Deletion	115
3R	13862783	13862672	Deletion	111
3R	13862786	13862680	Deletion	106
3R	13862786	13862708	Deletion	78
3R	13862786	13862721	Deletion	65
3R	13862786	13862756	Deletion	30
3R	13868014	13867914	Deletion	100
3R	13867962	13867914	Deletion	48
3R	13867975	13867914	Deletion	61
3R	13868010	13867914	Deletion	96
3R	13876689	13876566	Deletion	123
3R	13876689	13876592	Deletion	97
3R	13876689	13876650	Deletion	39
3R	13876689	13876653	Deletion	36
3R	13880242	13880155	Deletion	87
3R	13880245	13880155	Deletion	90
3R	13903637	13903520	Deletion	117
3R	13903637	13903524	Deletion	113
3R	13903637	13903581	Deletion	56
3R	13903637	13903585	Deletion	52
3R	13903637	13903593	Deletion	44
3R	13903637	13903607	Deletion	30
3R	13903770	13903696	Deletion	74
3R	13903778	13903696	Deletion	82
3R	13903792	13903696	Deletion	96
3R	13903766	13903696	Deletion	70
3R	13906679	13906571	Deletion	108
3R	13906679	13906620	Deletion	59
3R	13906679	13906644	Deletion	35
3R	13926656	13926558	Deletion	98
3R	13926649	13926558	Deletion	91
3R	13926625	13926558	Deletion	67
3R	13927556	13927460	Deletion	96
3R	13927556	13927466	Deletion	90
3R	13927556	13927469	Deletion	87
3R	13927556	13927496	Deletion	60
3R	13927556	13927526	Deletion	30
3R	13932395	13932359	Deletion	36
3R	13932398	13932359	Deletion	39
3R	13932455	13932359	Deletion	96
3R	13932389	13932359	Deletion	30
3R	13932425	13932359	Deletion	66
3R	13936710	13936637	Deletion	73
3R	13936710	13936649	Deletion	61
3R	13936896	13936781	Deletion	115
3R	13936848	13936781	Deletion	67
3R	13936875	13936781	Deletion	94
3R	13936836	13936781	Deletion	55
3R	13937281	13937166	Deletion	115
3R	13937281	13937181	Deletion	100
3R	13937281	13937229	Deletion	52
3R	13937503	13937428	Deletion	75
3R	13945500	13945378	Deletion	122
3R	13950320	13950199	Deletion	121
3R	13950320	13950245	Deletion	75
3R	13950320	13950272	Deletion	48
3R	13950320	13950288	Deletion	32
3R	13954481	13954398	Deletion	83
3R	13954513	13954398	Deletion	115
3R	13954497	13954398	Deletion	99
3R	13954454	13954398	Deletion	56
3R	13957784	13957660	Deletion	124
3R	13972208	13972094	Deletion	114
3R	13972208	13972110	Deletion	98
3R	13972208	13972111	Deletion	97
3R	13972208	13972116	Deletion	92
3R	13972208	13972117	Deletion	91
3R	13972208	13972125	Deletion	83
3R	13972208	13972144	Deletion	64
3R	13972393	13972363	Deletion	30
3R	13972408	13972363	Deletion	45
3R	13972400	13972363	Deletion	37
3R	13972427	13972363	Deletion	64
3R	13972399	13972363	Deletion	36
3R	13975469	13975352	Deletion	117
3R	13975469	13975406	Deletion	63
3R	13975469	13975419	Deletion	50
3R	13975469	13975424	Deletion	45
3R	13975469	13975427	Deletion	42
3R	13978504	13978395	Deletion	109
3R	13978458	13978395	Deletion	63
3R	13978476	13978395	Deletion	81
3R	13978515	13978395	Deletion	120
3R	13978514	13978395	Deletion	119
3R	13978471	13978395	Deletion	76
3R	13978479	13978395	Deletion	84
3R	13981822	13981737	Deletion	85
3R	13981822	13981763	Deletion	59
3R	13981822	13981781	Deletion	41
3R	13985762	13985656	Deletion	106
3R	13985743	13985656	Deletion	87
3R	13985699	13985656	Deletion	43
3R	13985725	13985656	Deletion	69
3R	14000567	14000445	Deletion	122
3R	14004367	14004250	Deletion	117
3R	14004367	14004262	Deletion	105
3R	14004367	14004270	Deletion	97
3R	14004367	14004279	Deletion	88
3R	14004367	14004309	Deletion	58
3R	14004510	14004470	Deletion	40
3R	14004501	14004470	Deletion	31
3R	14004540	14004470	Deletion	70
3R	14010608	14010490	Deletion	118
3R	14010608	14010539	Deletion	69
3R	14010608	14010550	Deletion	58
3R	14010738	14010669	Deletion	69
3R	14010727	14010669	Deletion	58
3R	14022767	14022665	Deletion	102
3R	14028416	14028333	Deletion	83
3R	14028416	14028343	Deletion	73
3R	14028416	14028383	Deletion	33
3R	14028581	14028483	Deletion	98
3R	14028526	14028483	Deletion	43
3R	14028576	14028483	Deletion	93
3R	14028536	14028483	Deletion	53
3R	14028582	14028483	Deletion	99
3R	14044005	14043884	Deletion	121
3R	14061470	14061360	Deletion	110
3R	14061470	14061371	Deletion	99
3R	14061470	14061413	Deletion	57
3R	14061470	14061424	Deletion	46
3R	14062440	14062341	Deletion	99
3R	14062444	14062341	Deletion	103
3R	14062422	14062341	Deletion	81
3R	14062411	14062341	Deletion	70
3R	14062448	14062341	Deletion	107
3R	14063288	14063167	Deletion	121
3R	14070374	14070253	Deletion	121
3R	14081182	14081059	Deletion	123
3R	14081182	14081075	Deletion	107
3R	14081182	14081084	Deletion	98
3R	14081182	14081109	Deletion	73
3R	14081182	14081128	Deletion	54
3R	14081182	14081146	Deletion	36
3R	14090564	14090473	Deletion	91
3R	14090595	14090473	Deletion	122
3R	14090527	14090473	Deletion	54
3R	14090546	14090473	Deletion	73
3R	14107259	14107150	Deletion	109
3R	14107259	14107154	Deletion	105
3R	14107259	14107173	Deletion	86
3R	14107259	14107177	Deletion	82
3R	14107259	14107196	Deletion	63
3R	14107259	14107202	Deletion	57
3R	14107259	14107208	Deletion	51
3R	14107259	14107212	Deletion	47
3R	14107259	14107222	Deletion	37
3R	14114181	14114137	Deletion	44
3R	14114200	14114137	Deletion	63
3R	14114177	14114137	Deletion	40
3R	14114259	14114137	Deletion	122
3R	14114216	14114137	Deletion	79
3R	14114206	14114137	Deletion	69
3R	14114254	14114137	Deletion	117
3R	14114226	14114137	Deletion	89
3R	14114212	14114137	Deletion	75
3R	14117694	14117571	Deletion	123
3R	14117694	14117607	Deletion	87
3R	14117694	14117624	Deletion	70
3R	14121389	14121333	Deletion	56
3R	14121372	14121333	Deletion	39
3R	14123247	14123145	Deletion	102
3R	14123247	14123157	Deletion	90
3R	14123247	14123180	Deletion	67
3R	14154932	14154825	Deletion	107
3R	14154884	14154825	Deletion	59
3R	14154861	14154825	Deletion	36
3R	14156655	14156531	Deletion	124
3R	14174703	14174595	Deletion	108
3R	14174703	14174601	Deletion	102
3R	14174703	14174628	Deletion	75
3R	14174703	14174642	Deletion	61
3R	14174703	14174653	Deletion	50
3R	14174703	14174663	Deletion	40
3R	14174703	14174671	Deletion	32
3R	14177567	14177489	Deletion	78
3R	14177577	14177489	Deletion	88
3R	14177556	14177489	Deletion	67
3R	14177542	14177489	Deletion	53
3R	14177585	14177489	Deletion	96
3R	14179692	14179608	Deletion	84
3R	14179692	14179611	Deletion	81
3R	14179692	14179633	Deletion	59
3R	14181507	14181443	Deletion	64
3R	14183685	14183563	Deletion	122
3R	14185474	14185400	Deletion	74
3R	14185435	14185405	Deletion	30
3R	14192293	14192225	Deletion	68
3R	14192268	14192225	Deletion	43
3R	14192271	14192225	Deletion	46
3R	14194538	14194438	Deletion	100
3R	14194538	14194457	Deletion	81
3R	14195658	14195559	Deletion	99
3R	14196477	14196408	Deletion	69
3R	14196823	14196761	Deletion	62
3R	14198534	14198423	Deletion	111
3R	14198772	14198682	Deletion	90
3R	14202995	14202893	Deletion	102
3R	14203623	14203502	Deletion	121
3R	14203616	14203502	Deletion	114
3R	14208777	14208655	Deletion	122
3R	14212305	14212182	Deletion	123
3R	14214206	14214087	Deletion	119
3R	14214206	14214107	Deletion	99
3R	14214206	14214133	Deletion	73
3R	14223627	14223529	Deletion	98
3R	14223582	14223529	Deletion	53
3R	14237664	14237579	Deletion	85
3R	14239047	14238948	Deletion	99
3R	14240074	14240005	Deletion	69
3R	14240074	14240030	Deletion	44
3R	14240908	14240826	Deletion	82
3R	14242347	14242247	Deletion	100
3R	14242366	14242265	Deletion	101
3R	14242663	14242545	Deletion	118
3R	14242610	14242545	Deletion	65
3R	14245197	14245075	Deletion	122
3R	14245197	14245076	Deletion	121
3R	14245197	14245090	Deletion	107
3R	14245197	14245091	Deletion	106
3R	14245197	14245102	Deletion	95
3R	14245197	14245110	Deletion	87
3R	14245197	14245112	Deletion	85
3R	14245197	14245130	Deletion	67
3R	14245197	14245146	Deletion	51
3R	14245197	14245154	Deletion	43
3R	14249973	14249890	Deletion	83
3R	14249921	14249890	Deletion	31
3R	14249965	14249890	Deletion	75
3R	14249929	14249890	Deletion	39
3R	14249949	14249890	Deletion	59
3R	14260242	14260123	Deletion	119
3R	14269723	14269650	Deletion	73
3R	14269723	14269670	Deletion	53
3R	14269723	14269675	Deletion	48
3R	14269853	14269779	Deletion	74
3R	14269894	14269779	Deletion	115
3R	14269833	14269779	Deletion	54
3R	14269879	14269779	Deletion	100
3R	14269897	14269779	Deletion	118
3R	14269858	14269779	Deletion	79
3R	14286205	14286084	Deletion	121
3R	14299982	14299903	Deletion	79
3R	14299982	14299913	Deletion	69
3R	14299982	14299929	Deletion	53
3R	14302169	14302055	Deletion	114
3R	14302103	14302055	Deletion	48
3R	14302113	14302055	Deletion	58
3R	14302129	14302055	Deletion	74
3R	14305933	14305834	Deletion	99
3R	14305933	14305848	Deletion	85
3R	14305933	14305856	Deletion	77
3R	14305933	14305892	Deletion	41
3R	14314003	14313953	Deletion	50
3R	14313995	14313953	Deletion	42
3R	14314039	14313953	Deletion	86
3R	14317083	14316989	Deletion	94
3R	14317083	14317027	Deletion	56
3R	14317083	14317035	Deletion	48
3R	14328433	14328353	Deletion	80
3R	14328387	14328353	Deletion	34
3R	14328465	14328353	Deletion	112
3R	14328425	14328353	Deletion	72
3R	14332445	14332321	Deletion	124
3R	14336467	14336367	Deletion	100
3R	14336467	14336412	Deletion	55
3R	14336467	14336425	Deletion	42
3R	14336467	14336431	Deletion	36
3R	14338860	14338757	Deletion	103
3R	14338879	14338757	Deletion	122
3R	14338848	14338757	Deletion	91
3R	14338842	14338757	Deletion	85
3R	14338829	14338757	Deletion	72
3R	14341576	14341460	Deletion	116
3R	14341576	14341472	Deletion	104
3R	14341576	14341496	Deletion	80
3R	14341576	14341503	Deletion	73
3R	14341576	14341539	Deletion	37
3R	14341842	14341789	Deletion	53
3R	14341834	14341789	Deletion	45
3R	14341878	14341789	Deletion	89
3R	14348207	14348083	Deletion	124
3R	14348207	14348096	Deletion	111
3R	14348207	14348102	Deletion	105
3R	14348207	14348114	Deletion	93
3R	14348207	14348142	Deletion	65
3R	14348207	14348157	Deletion	50
3R	14348207	14348157	Deletion	50
3R	14348207	14348165	Deletion	42
3R	14348372	14348288	Deletion	84
3R	14348364	14348288	Deletion	76
3R	14348321	14348288	Deletion	33
3R	14348349	14348288	Deletion	61
3R	14348364	14348288	Deletion	76
3R	14368655	14368538	Deletion	117
3R	14368655	14368562	Deletion	93
3R	14368655	14368594	Deletion	61
3R	14368655	14368597	Deletion	58
3R	14368781	14368711	Deletion	70
3R	14368778	14368711	Deletion	67
3R	14374124	14374031	Deletion	93
3R	14374124	14374043	Deletion	81
3R	14374124	14374072	Deletion	52
3R	14374124	14374094	Deletion	30
3R	14376474	14376352	Deletion	122
3R	14376427	14376352	Deletion	75
3R	14376449	14376352	Deletion	97
3R	14376398	14376352	Deletion	46
3R	14376386	14376352	Deletion	34
3R	14380085	14379964	Deletion	121
3R	14380085	14379968	Deletion	117
3R	14380085	14379985	Deletion	100
3R	14380085	14379989	Deletion	96
3R	14380085	14380021	Deletion	64
3R	14380085	14380035	Deletion	50
3R	14380085	14380041	Deletion	44
3R	14390103	14389991	Deletion	112
3R	14390022	14389991	Deletion	31
3R	14390108	14389991	Deletion	117
3R	14390068	14389991	Deletion	77
3R	14390074	14389991	Deletion	83
3R	14390054	14389991	Deletion	63
3R	14407519	14407441	Deletion	78
3R	14407519	14407450	Deletion	69
3R	14407519	14407458	Deletion	61
3R	14407695	14407647	Deletion	48
3R	14407704	14407647	Deletion	57
3R	14407766	14407647	Deletion	119
3R	14407712	14407647	Deletion	65
3R	14410977	14410860	Deletion	117
3R	14410977	14410865	Deletion	112
3R	14410977	14410906	Deletion	71
3R	14410977	14410917	Deletion	60
3R	14410977	14410926	Deletion	51
3R	14413296	14413220	Deletion	76
3R	14413321	14413220	Deletion	101
3R	14413276	14413220	Deletion	56
3R	14413338	14413220	Deletion	118
3R	14413287	14413220	Deletion	67
3R	14413312	14413220	Deletion	92
3R	14414435	14414314	Deletion	121
3R	14414435	14414324	Deletion	111
3R	14414435	14414328	Deletion	107
3R	14414435	14414387	Deletion	48
3R	14431980	14431900	Deletion	80
3R	14436580	14436457	Deletion	123
3R	14455052	14454931	Deletion	121
3R	14455052	14454956	Deletion	96
3R	14455052	14454984	Deletion	68
3R	14455052	14455003	Deletion	49
3R	14455052	14455008	Deletion	44
3R	14457669	14457610	Deletion	59
3R	14457693	14457610	Deletion	83
3R	14457716	14457610	Deletion	106
3R	14457641	14457610	Deletion	31
3R	14457730	14457610	Deletion	120
3R	14457688	14457614	Deletion	74
3R	14459561	14459445	Deletion	116
3R	14459561	14459461	Deletion	100
3R	14459561	14459491	Deletion	70
3R	14459561	14459516	Deletion	45
3R	14459561	14459517	Deletion	44
3R	14462617	14462493	Deletion	124
3R	14462614	14462493	Deletion	121
3R	14462575	14462493	Deletion	82
3R	14462576	14462493	Deletion	83
3R	14462616	14462493	Deletion	123
3R	14462591	14462493	Deletion	98
3R	14462550	14462493	Deletion	57
3R	14462597	14462493	Deletion	104
3R	14472866	14472773	Deletion	93
3R	14472866	14472818	Deletion	48
3R	14472866	14472823	Deletion	43
3R	14485374	14485295	Deletion	79
3R	14485329	14485295	Deletion	34
3R	14485411	14485295	Deletion	116
3R	14485379	14485295	Deletion	84
3R	14490555	14490490	Deletion	65
3R	14490550	14490496	Deletion	54
3R	14490555	14490501	Deletion	54
3R	14490555	14490501	Deletion	54
3R	14490555	14490520	Deletion	35
3R	14501276	14501204	Deletion	72
3R	14501265	14501204	Deletion	61
3R	14501271	14501204	Deletion	67
3R	14501295	14501204	Deletion	91
3R	14501276	14501204	Deletion	72
3R	14501321	14501204	Deletion	117
3R	14503743	14503642	Deletion	101
3R	14503743	14503657	Deletion	86
3R	14503743	14503662	Deletion	81
3R	14503743	14503702	Deletion	41
3R	14516838	14516753	Deletion	85
3R	14516793	14516753	Deletion	40
3R	14516860	14516753	Deletion	107
3R	14516798	14516753	Deletion	45
3R	14516857	14516753	Deletion	104
3R	14520319	14520211	Deletion	108
3R	14520319	14520212	Deletion	107
3R	14520319	14520232	Deletion	87
3R	14520319	14520246	Deletion	73
3R	14520319	14520248	Deletion	71
3R	14520319	14520266	Deletion	53
3R	14521147	14521094	Deletion	53
3R	14521133	14521094	Deletion	39
3R	14521200	14521094	Deletion	106
3R	14521149	14521094	Deletion	55
3R	14521167	14521094	Deletion	73
3R	14536660	14536541	Deletion	119
3R	14536660	14536601	Deletion	59
3R	14536657	14536608	Deletion	49
3R	14536660	14536612	Deletion	48
3R	14536660	14536625	Deletion	35
3R	14538048	14537956	Deletion	92
3R	14538032	14537956	Deletion	76
3R	14538024	14537956	Deletion	68
3R	14538035	14537956	Deletion	79
3R	14543310	14543192	Deletion	118
3R	14543310	14543227	Deletion	83
3R	14543310	14543235	Deletion	75
3R	14543310	14543262	Deletion	48
3R	14543310	14543279	Deletion	31
3R	14552326	14552275	Deletion	51
3R	14552353	14552275	Deletion	78
3R	14552318	14552275	Deletion	43
3R	14552370	14552275	Deletion	95
3R	14560234	14560111	Deletion	123
3R	14560234	14560131	Deletion	103
3R	14560234	14560154	Deletion	80
3R	14563081	14563034	Deletion	47
3R	14563141	14563034	Deletion	107
3R	14570819	14570698	Deletion	121
3R	14571125	14571008	Deletion	117
3R	14571125	14571046	Deletion	79
3R	14571125	14571048	Deletion	77
3R	14571125	14571075	Deletion	50
3R	14571125	14571075	Deletion	50
3R	14588145	14588069	Deletion	76
3R	14588116	14588069	Deletion	47
3R	14588118	14588069	Deletion	49
3R	14588145	14588069	Deletion	76
3R	14588428	14588306	Deletion	122
3R	14588428	14588342	Deletion	86
3R	14588428	14588390	Deletion	38
3R	14588857	14588751	Deletion	106
3R	14588791	14588751	Deletion	40
3R	14588852	14588751	Deletion	101
3R	14588839	14588751	Deletion	88
3R	14591761	14591643	Deletion	118
3R	14591761	14591668	Deletion	93
3R	14591761	14591682	Deletion	79
3R	14591761	14591683	Deletion	78
3R	14591761	14591688	Deletion	73
3R	14591761	14591690	Deletion	71
3R	14591761	14591692	Deletion	69
3R	14591761	14591699	Deletion	62
3R	14591761	14591725	Deletion	36
3R	14591853	14591820	Deletion	33
3R	14591868	14591820	Deletion	48
3R	14591877	14591820	Deletion	57
3R	14591910	14591820	Deletion	90
3R	14591873	14591820	Deletion	53
3R	14591875	14591820	Deletion	55
3R	14591867	14591820	Deletion	47
3R	14591884	14591820	Deletion	64
3R	14604479	14604367	Deletion	112
3R	14604479	14604411	Deletion	68
3R	14604479	14604428	Deletion	51
3R	14604479	14604428	Deletion	51
3R	14604479	14604437	Deletion	42
3R	14616945	14616828	Deletion	117
3R	14616903	14616828	Deletion	75
3R	14616886	14616828	Deletion	58
3R	14616903	14616828	Deletion	75
3R	14616929	14616828	Deletion	101
3R	14616912	14616828	Deletion	84
3R	14628456	14628335	Deletion	121
3R	14630064	14629958	Deletion	106
3R	14642861	14642749	Deletion	112
3R	14646627	14646505	Deletion	122
3R	14649638	14649533	Deletion	105
3R	14649638	14649544	Deletion	94
3R	14649638	14649553	Deletion	85
3R	14649638	14649557	Deletion	81
3R	14649638	14649578	Deletion	60
3R	14649638	14649597	Deletion	41
3R	14652678	14652636	Deletion	42
3R	14652690	14652636	Deletion	54
3R	14652693	14652636	Deletion	57
3R	14652693	14652636	Deletion	57
3R	14652669	14652636	Deletion	33
3R	14652682	14652636	Deletion	46
3R	14652693	14652636	Deletion	57
3R	14653168	14653059	Deletion	109
3R	14653103	14653059	Deletion	44
3R	14653127	14653059	Deletion	68
3R	14657135	14657013	Deletion	122
3R	14657777	14657692	Deletion	85
3R	14657776	14657704	Deletion	72
3R	14657776	14657711	Deletion	65
3R	14657953	14657898	Deletion	55
3R	14657960	14657898	Deletion	62
3R	14658012	14657898	Deletion	114
3R	14657941	14657900	Deletion	41
3R	14671617	14671496	Deletion	121
3R	14684639	14684538	Deletion	101
3R	14684639	14684602	Deletion	37
3R	14684812	14684692	Deletion	120
3R	14684781	14684692	Deletion	89
3R	14690114	14689998	Deletion	116
3R	14690114	14690015	Deletion	99
3R	14690114	14690019	Deletion	95
3R	14690114	14690031	Deletion	83
3R	14690114	14690035	Deletion	79
3R	14702832	14702787	Deletion	45
3R	14702836	14702787	Deletion	49
3R	14702895	14702787	Deletion	108
3R	14702820	14702787	Deletion	33
3R	14721208	14721084	Deletion	124
3R	14721208	14721105	Deletion	103
3R	14721208	14721115	Deletion	93
3R	14721208	14721134	Deletion	74
3R	14721208	14721145	Deletion	63
3R	14721208	14721150	Deletion	58
3R	14721208	14721170	Deletion	38
3R	14725600	14725532	Deletion	68
3R	14725565	14725532	Deletion	33
3R	14725620	14725532	Deletion	88
3R	14725647	14725532	Deletion	115
3R	14725584	14725532	Deletion	52
3R	14725641	14725532	Deletion	109
3R	14725595	14725532	Deletion	63
3R	14725638	14725532	Deletion	106
3R	14725655	14725532	Deletion	123
3R	14728073	14727950	Deletion	123
3R	14728073	14727953	Deletion	120
3R	14728073	14727956	Deletion	117
3R	14728073	14727968	Deletion	105
3R	14728073	14727981	Deletion	92
3R	14728073	14727991	Deletion	82
3R	14729189	14729082	Deletion	107
3R	14729126	14729082	Deletion	44
3R	14729116	14729082	Deletion	34
3R	14729199	14729082	Deletion	117
3R	14729195	14729082	Deletion	113
3R	14730371	14730249	Deletion	122
3R	14730371	14730254	Deletion	117
3R	14730371	14730255	Deletion	116
3R	14730371	14730258	Deletion	113
3R	14730371	14730275	Deletion	96
3R	14730371	14730284	Deletion	87
3R	14730371	14730289	Deletion	82
3R	14730371	14730292	Deletion	79
3R	14730371	14730300	Deletion	71
3R	14730371	14730314	Deletion	57
3R	14740243	14740131	Deletion	112
3R	14740172	14740131	Deletion	41
3R	14740202	14740131	Deletion	71
3R	14740188	14740131	Deletion	57
3R	14740180	14740131	Deletion	49
3R	14740177	14740131	Deletion	46
3R	14740163	14740131	Deletion	32
3R	14742124	14742008	Deletion	116
3R	14742124	14742011	Deletion	113
3R	14742124	14742036	Deletion	88
3R	14742124	14742038	Deletion	86
3R	14742124	14742047	Deletion	77
3R	14742124	14742071	Deletion	53
3R	14742124	14742076	Deletion	48
3R	14760321	14760247	Deletion	74
3R	14760297	14760247	Deletion	50
3R	14760288	14760247	Deletion	41
3R	14760286	14760247	Deletion	39
3R	14760356	14760247	Deletion	109
3R	14760326	14760247	Deletion	79
3R	14761124	14761012	Deletion	112
3R	14761124	14761028	Deletion	96
3R	14761124	14761041	Deletion	83
3R	14761124	14761057	Deletion	67
3R	14763057	14762954	Deletion	103
3R	14762997	14762954	Deletion	43
3R	14763013	14762954	Deletion	59
3R	14763054	14762954	Deletion	100
3R	14762984	14762954	Deletion	30
3R	14763072	14762954	Deletion	118
3R	14802908	14802785	Deletion	123
3R	14809383	14809269	Deletion	114
3R	14809383	14809319	Deletion	64
3R	14809383	14809347	Deletion	36
3R	14809383	14809348	Deletion	35
3R	14809383	14809350	Deletion	33
3R	14811902	14811840	Deletion	62
3R	14811933	14811840	Deletion	93
3R	14811930	14811840	Deletion	90
3R	14811931	14811840	Deletion	91
3R	14833475	14833384	Deletion	91
3R	14833475	14833386	Deletion	89
3R	14833475	14833431	Deletion	44
3R	14833678	14833568	Deletion	110
3R	14833603	14833568	Deletion	35
3R	14833683	14833568	Deletion	115
3R	14833605	14833568	Deletion	37
3R	14833650	14833568	Deletion	82
3R	14855341	14855218	Deletion	123
3R	14855341	14855232	Deletion	109
3R	14855341	14855235	Deletion	106
3R	14855341	14855240	Deletion	101
3R	14855341	14855270	Deletion	71
3R	14855341	14855273	Deletion	68
3R	14855341	14855278	Deletion	63
3R	14855341	14855284	Deletion	57
3R	14855341	14855292	Deletion	49
3R	14855592	14855515	Deletion	77
3R	14855573	14855515	Deletion	58
3R	14855584	14855515	Deletion	69
3R	14855570	14855515	Deletion	55
3R	14855578	14855515	Deletion	63
3R	14855624	14855515	Deletion	109
3R	14864468	14864345	Deletion	123
3R	14864468	14864348	Deletion	120
3R	14864468	14864385	Deletion	83
3R	14864468	14864386	Deletion	82
3R	14864468	14864396	Deletion	72
3R	14864468	14864405	Deletion	63
3R	14864468	14864430	Deletion	38
3R	14864468	14864437	Deletion	31
3R	14864947	14864884	Deletion	63
3R	14864938	14864884	Deletion	54
3R	14864979	14864884	Deletion	95
3R	14864928	14864884	Deletion	44
3R	14864927	14864884	Deletion	43
3R	14864972	14864884	Deletion	88
3R	14864985	14864884	Deletion	101
3R	14871405	14871284	Deletion	121
3R	14871405	14871299	Deletion	106
3R	14871405	14871306	Deletion	99
3R	14871405	14871313	Deletion	92
3R	14871405	14871340	Deletion	65
3R	14871405	14871355	Deletion	50
3R	14879330	14879296	Deletion	34
3R	14879395	14879296	Deletion	99
3R	14879372	14879296	Deletion	76
3R	14879357	14879296	Deletion	61
3R	14906293	14906178	Deletion	115
3R	14906293	14906204	Deletion	89
3R	14906293	14906222	Deletion	71
3R	14912280	14912224	Deletion	56
3R	14912343	14912224	Deletion	119
3R	14912324	14912224	Deletion	100
3R	14912262	14912224	Deletion	38
3R	14912334	14912224	Deletion	110
3R	14915787	14915663	Deletion	124
3R	14923819	14923695	Deletion	124
3R	14936053	14935962	Deletion	91
3R	14936053	14935993	Deletion	60
3R	14936053	14936011	Deletion	42
3R	14937722	14937612	Deletion	110
3R	14937680	14937612	Deletion	68
3R	14937698	14937612	Deletion	86
3R	14937722	14937612	Deletion	110
3R	14937649	14937612	Deletion	37
3R	14938272	14938196	Deletion	76
3R	14938272	14938197	Deletion	75
3R	14938272	14938206	Deletion	66
3R	14938272	14938218	Deletion	54
3R	14938272	14938219	Deletion	53
3R	14938272	14938236	Deletion	36
3R	14940228	14940138	Deletion	90
3R	14940243	14940138	Deletion	105
3R	14940210	14940138	Deletion	72
3R	14940189	14940138	Deletion	51
3R	14940211	14940138	Deletion	73
3R	14940198	14940138	Deletion	60
3R	14940188	14940138	Deletion	50
3R	14946543	14946434	Deletion	109
3R	14946543	14946463	Deletion	80
3R	14946543	14946483	Deletion	60
3R	14946543	14946483	Deletion	60
3R	14959237	14959171	Deletion	66
3R	14959280	14959171	Deletion	109
3R	14959237	14959171	Deletion	66
3R	14959217	14959171	Deletion	46
3R	14959288	14959171	Deletion	117
3R	14988273	14988154	Deletion	119
3R	14988273	14988160	Deletion	113
3R	14988273	14988186	Deletion	87
3R	14988273	14988187	Deletion	86
3R	14990462	14990423	Deletion	39
3R	14990543	14990423	Deletion	120
3R	14990528	14990423	Deletion	105
3R	14990463	14990423	Deletion	40
3R	14990524	14990425	Deletion	99
3R	14993219	14993105	Deletion	114
3R	14993219	14993105	Deletion	114
3R	14993219	14993118	Deletion	101
3R	14993219	14993125	Deletion	94
3R	14993219	14993138	Deletion	81
3R	14993219	14993176	Deletion	43
3R	14993856	14993771	Deletion	85
3R	14993885	14993771	Deletion	114
3R	14993805	14993771	Deletion	34
3R	14993818	14993771	Deletion	47
3R	14993883	14993771	Deletion	112
3R	15001823	15001700	Deletion	123
3R	15008283	15008190	Deletion	93
3R	15008283	15008224	Deletion	59
3R	15008283	15008232	Deletion	51
3R	15028865	15028790	Deletion	75
3R	15028887	15028790	Deletion	97
3R	15028823	15028790	Deletion	33
3R	15028857	15028791	Deletion	66
3R	15033067	15032965	Deletion	102
3R	15033067	15032974	Deletion	93
3R	15033067	15032991	Deletion	76
3R	15033067	15033017	Deletion	50
3R	15033067	15033018	Deletion	49
3R	15033066	15033031	Deletion	35
3R	15033067	15033031	Deletion	36
3R	15033197	15033121	Deletion	76
3R	15033211	15033121	Deletion	90
3R	15033171	15033121	Deletion	50
3R	15033241	15033121	Deletion	120
3R	15033211	15033121	Deletion	90
3R	15033241	15033121	Deletion	120
3R	15033226	15033121	Deletion	105
3R	15033198	15033121	Deletion	77
3R	15033154	15033121	Deletion	33
3R	15042055	15041962	Deletion	93
3R	15043946	15043832	Deletion	114
3R	15044305	15044204	Deletion	101
3R	15049303	15049201	Deletion	102
3R	15049303	15049250	Deletion	53
3R	15060906	15060787	Deletion	119
3R	15060860	15060787	Deletion	73
3R	15088605	15088484	Deletion	121
3R	15088605	15088484	Deletion	121
3R	15088605	15088487	Deletion	118
3R	15088605	15088513	Deletion	92
3R	15088605	15088514	Deletion	91
3R	15088605	15088558	Deletion	47
3R	15088605	15088571	Deletion	34
3R	15088605	15088574	Deletion	31
3R	15088689	15088655	Deletion	34
3R	15088747	15088655	Deletion	92
3R	15088734	15088655	Deletion	79
3R	15088750	15088655	Deletion	95
3R	15088690	15088655	Deletion	35
3R	15102009	15101894	Deletion	115
3R	15102009	15101904	Deletion	105
3R	15102009	15101940	Deletion	69
3R	15102009	15101947	Deletion	62
3R	15102009	15101951	Deletion	58
3R	15102009	15101956	Deletion	53
3R	15104396	15104360	Deletion	36
3R	15106344	15106281	Deletion	63
3R	15128459	15128338	Deletion	121
3R	15128459	15128418	Deletion	41
3R	15129096	15128987	Deletion	109
3R	15129073	15128987	Deletion	86
3R	15133149	15133101	Deletion	48
3R	15133209	15133118	Deletion	91
3R	15143176	15143053	Deletion	123
3R	15148791	15148698	Deletion	93
3R	15148791	15148717	Deletion	74
3R	15148791	15148729	Deletion	62
3R	15148985	15148951	Deletion	34
3R	15149016	15148951	Deletion	65
3R	15149004	15148951	Deletion	53
3R	15152435	15152314	Deletion	121
3R	15154264	15154141	Deletion	123
3R	15154264	15154196	Deletion	68
3R	15154264	15154196	Deletion	68
3R	15154264	15154199	Deletion	65
3R	15154264	15154209	Deletion	55
3R	15158393	15158335	Deletion	58
3R	15158406	15158335	Deletion	71
3R	15158396	15158335	Deletion	61
3R	15158446	15158335	Deletion	111
3R	15158393	15158335	Deletion	58
3R	15163874	15163826	Deletion	48
3R	15164953	15164832	Deletion	121
3R	15165781	15165664	Deletion	117
3R	15166054	15165951	Deletion	103
3R	15169700	15169653	Deletion	47
3R	15169697	15169653	Deletion	44
3R	15169717	15169653	Deletion	64
3R	15169729	15169653	Deletion	76
3R	15169695	15169653	Deletion	42
3R	15169747	15169653	Deletion	94
3R	15169722	15169653	Deletion	69
3R	15195484	15195365	Deletion	119
3R	15195484	15195367	Deletion	117
3R	15195484	15195417	Deletion	67
3R	15195484	15195419	Deletion	65
3R	15204938	15204879	Deletion	59
3R	15204978	15204879	Deletion	99
3R	15204977	15204879	Deletion	98
3R	15204940	15204879	Deletion	61
3R	15204991	15204879	Deletion	112
3R	15205089	15204978	Deletion	111
3R	15205089	15204981	Deletion	108
3R	15205089	15204994	Deletion	95
3R	15205089	15205007	Deletion	82
3R	15205089	15205009	Deletion	80
3R	15205089	15205018	Deletion	71
3R	15205089	15205019	Deletion	70
3R	15205089	15205046	Deletion	43
3R	15205407	15205373	Deletion	34
3R	15205431	15205373	Deletion	58
3R	15205432	15205373	Deletion	59
3R	15205420	15205373	Deletion	47
3R	15205459	15205373	Deletion	86
3R	15205422	15205373	Deletion	49
3R	15206769	15206648	Deletion	121
3R	15206769	15206653	Deletion	116
3R	15206769	15206675	Deletion	94
3R	15206769	15206717	Deletion	52
3R	15209722	15209598	Deletion	124
3R	15209710	15209598	Deletion	112
3R	15209674	15209598	Deletion	76
3R	15209632	15209598	Deletion	34
3R	15213556	15213438	Deletion	118
3R	15213556	15213482	Deletion	74
3R	15213556	15213511	Deletion	45
3R	15213556	15213524	Deletion	32
3R	15226187	15226135	Deletion	52
3R	15226229	15226135	Deletion	94
3R	15226216	15226135	Deletion	81
3R	15226247	15226135	Deletion	112
3R	15229702	15229581	Deletion	121
3R	15242988	15242869	Deletion	119
3R	15242988	15242870	Deletion	118
3R	15242988	15242897	Deletion	91
3R	15242988	15242932	Deletion	56
3R	15242988	15242942	Deletion	46
3R	15242988	15242943	Deletion	45
3R	15243079	15243044	Deletion	35
3R	15243125	15243044	Deletion	81
3R	15243124	15243044	Deletion	80
3R	15243146	15243044	Deletion	102
3R	15243114	15243044	Deletion	70
3R	15243327	15243203	Deletion	124
3R	15243327	15243224	Deletion	103
3R	15243327	15243226	Deletion	101
3R	15243327	15243245	Deletion	82
3R	15243327	15243252	Deletion	75
3R	15243327	15243266	Deletion	61
3R	15243327	15243288	Deletion	39
3R	15244249	15244198	Deletion	51
3R	15244263	15244198	Deletion	65
3R	15244285	15244198	Deletion	87
3R	15244319	15244198	Deletion	121
3R	15244242	15244198	Deletion	44
3R	15244986	15244862	Deletion	124
3R	15244986	15244880	Deletion	106
3R	15244986	15244901	Deletion	85
3R	15244986	15244918	Deletion	68
3R	15244986	15244938	Deletion	48
3R	15245202	15245123	Deletion	79
3R	15245165	15245123	Deletion	42
3R	15245182	15245123	Deletion	59
3R	15245231	15245123	Deletion	108
3R	15245231	15245123	Deletion	108
3R	15249355	15249242	Deletion	113
3R	15249355	15249243	Deletion	112
3R	15249355	15249264	Deletion	91
3R	15249355	15249268	Deletion	87
3R	15249355	15249284	Deletion	71
3R	15249355	15249284	Deletion	71
3R	15249355	15249296	Deletion	59
3R	15249355	15249302	Deletion	53
3R	15249355	15249318	Deletion	37
3R	15249355	15249319	Deletion	36
3R	15249507	15249417	Deletion	90
3R	15249519	15249417	Deletion	102
3R	15249506	15249417	Deletion	89
3R	15249472	15249417	Deletion	55
3R	15249484	15249417	Deletion	67
3R	15249490	15249417	Deletion	73
3R	15249456	15249417	Deletion	39
3R	15249472	15249417	Deletion	55
3R	15249452	15249417	Deletion	35
3R	15253087	15252963	Deletion	124
3R	15256069	15255952	Deletion	117
3R	15266234	15266110	Deletion	124
3R	15268038	15267914	Deletion	124
3R	15268038	15267926	Deletion	112
3R	15268038	15267948	Deletion	90
3R	15268038	15267954	Deletion	84
3R	15268038	15267978	Deletion	60
3R	15268038	15267993	Deletion	45
3R	15268038	15267997	Deletion	41
3R	15268228	15268141	Deletion	87
3R	15268224	15268141	Deletion	83
3R	15268209	15268141	Deletion	68
3R	15268253	15268141	Deletion	112
3R	15268185	15268141	Deletion	44
3R	15268179	15268141	Deletion	38
3R	15269505	15269384	Deletion	121
3R	15272812	15272716	Deletion	96
3R	15272812	15272731	Deletion	81
3R	15272812	15272736	Deletion	76
3R	15272812	15272738	Deletion	74
3R	15276973	15276921	Deletion	52
3R	15277019	15276921	Deletion	98
3R	15276971	15276921	Deletion	50
3R	15276951	15276921	Deletion	30
3R	15276966	15276921	Deletion	45
3R	15277032	15276921	Deletion	111
3R	15279098	15279016	Deletion	82
3R	15279098	15279018	Deletion	80
3R	15280802	15280756	Deletion	46
3R	15280871	15280756	Deletion	115
3R	15280804	15280756	Deletion	48
3R	15280869	15280756	Deletion	113
3R	15282707	15282601	Deletion	106
3R	15282707	15282613	Deletion	94
3R	15282707	15282640	Deletion	67
3R	15282707	15282663	Deletion	44
3R	15282707	15282667	Deletion	40
3R	15282707	15282674	Deletion	33
3R	15284452	15284359	Deletion	93
3R	15284441	15284359	Deletion	82
3R	15284445	15284359	Deletion	86
3R	15284418	15284359	Deletion	59
3R	15284391	15284359	Deletion	32
3R	15284465	15284359	Deletion	106
3R	15289452	15289390	Deletion	62
3R	15289452	15289402	Deletion	50
3R	15289452	15289406	Deletion	46
3R	15300739	15300631	Deletion	108
3R	15300695	15300631	Deletion	64
3R	15300707	15300631	Deletion	76
3R	15300706	15300631	Deletion	75
3R	15300754	15300631	Deletion	123
3R	15301921	15301816	Deletion	105
3R	15301921	15301819	Deletion	102
3R	15301921	15301855	Deletion	66
3R	15301921	15301860	Deletion	61
3R	15301921	15301882	Deletion	39
3R	15304836	15304746	Deletion	90
3R	15304809	15304746	Deletion	63
3R	15304814	15304746	Deletion	68
3R	15308324	15308205	Deletion	119
3R	15308324	15308219	Deletion	105
3R	15308324	15308234	Deletion	90
3R	15308324	15308249	Deletion	75
3R	15308324	15308253	Deletion	71
3R	15308324	15308270	Deletion	54
3R	15308324	15308289	Deletion	35
3R	15311660	15311604	Deletion	56
3R	15311725	15311604	Deletion	121
3R	15311696	15311604	Deletion	92
3R	15311709	15311604	Deletion	105
3R	15311656	15311604	Deletion	52
3R	15311677	15311604	Deletion	73
3R	15311723	15311604	Deletion	119
3R	15311641	15311604	Deletion	37
3R	15313568	15313501	Deletion	67
3R	15313568	15313516	Deletion	52
3R	15324779	15324704	Deletion	75
3R	15324764	15324704	Deletion	60
3R	15328831	15328710	Deletion	121
3R	15328831	15328733	Deletion	98
3R	15328831	15328736	Deletion	95
3R	15328831	15328746	Deletion	85
3R	15328831	15328765	Deletion	66
3R	15328831	15328775	Deletion	56
3R	15328831	15328780	Deletion	51
3R	15328831	15328787	Deletion	44
3R	15329321	15329260	Deletion	61
3R	15329331	15329260	Deletion	71
3R	15329302	15329260	Deletion	42
3R	15329292	15329260	Deletion	32
3R	15329343	15329260	Deletion	83
3R	15329336	15329260	Deletion	76
3R	15329353	15329260	Deletion	93
3R	15340228	15340105	Deletion	123
3R	15340228	15340142	Deletion	86
3R	15340228	15340145	Deletion	83
3R	15340228	15340155	Deletion	73
3R	15340228	15340164	Deletion	64
3R	15340228	15340165	Deletion	63
3R	15340228	15340174	Deletion	54
3R	15341421	15341368	Deletion	53
3R	15341431	15341368	Deletion	63
3R	15341411	15341368	Deletion	43
3R	15341490	15341368	Deletion	122
3R	15341408	15341368	Deletion	40
3R	15341430	15341368	Deletion	62
3R	15341489	15341368	Deletion	121
3R	15341440	15341368	Deletion	72
3R	15349053	15348982	Deletion	71
3R	15349053	15348990	Deletion	63
3R	15349053	15349000	Deletion	53
3R	15349053	15349000	Deletion	53
3R	15349053	15349001	Deletion	52
3R	15357846	15357791	Deletion	55
3R	15357865	15357791	Deletion	74
3R	15357864	15357791	Deletion	73
3R	15357864	15357791	Deletion	73
3R	15357894	15357791	Deletion	103
3R	15357854	15357791	Deletion	63
3R	15360145	15360023	Deletion	122
3R	15360145	15360038	Deletion	107
3R	15360145	15360039	Deletion	106
3R	15360145	15360043	Deletion	102
3R	15360145	15360048	Deletion	97
3R	15360145	15360089	Deletion	56
3R	15360145	15360100	Deletion	45
3R	15360277	15360196	Deletion	81
3R	15360294	15360196	Deletion	98
3R	15360266	15360196	Deletion	70
3R	15368375	15368253	Deletion	122
3R	15368375	15368316	Deletion	59
3R	15384012	15383903	Deletion	109
3R	15383971	15383903	Deletion	68
3R	15387088	15386965	Deletion	123
3R	15390989	15390890	Deletion	99
3R	15390989	15390911	Deletion	78
3R	15390989	15390926	Deletion	63
3R	15390989	15390936	Deletion	53
3R	15390989	15390958	Deletion	31
3R	15393536	15393468	Deletion	68
3R	15393568	15393468	Deletion	100
3R	15393591	15393468	Deletion	123
3R	15393546	15393468	Deletion	78
3R	15393590	15393468	Deletion	122
3R	15393521	15393468	Deletion	53
3R	15393576	15393468	Deletion	108
3R	15393571	15393468	Deletion	103
3R	15393500	15393468	Deletion	32
3R	15396795	15396674	Deletion	121
3R	15450604	15450499	Deletion	105
3R	15450604	15450537	Deletion	67
3R	15450604	15450542	Deletion	62
3R	15450604	15450552	Deletion	52
3R	15450604	15450561	Deletion	43
3R	15450741	15450682	Deletion	59
3R	15450765	15450682	Deletion	83
3R	15450756	15450682	Deletion	74
3R	15450746	15450682	Deletion	64
3R	15450787	15450682	Deletion	105
3R	15450786	15450682	Deletion	104
3R	15452756	15452696	Deletion	60
3R	15452756	15452714	Deletion	42
3R	15453973	15453868	Deletion	105
3R	15453954	15453868	Deletion	86
3R	15453984	15453868	Deletion	116
3R	15453973	15453868	Deletion	105
3R	15453936	15453868	Deletion	68
3R	15453968	15453868	Deletion	100
3R	15458707	15458629	Deletion	78
3R	15458707	15458662	Deletion	45
3R	15458707	15458673	Deletion	34
3R	15466356	15466263	Deletion	93
3R	15466345	15466263	Deletion	82
3R	15466381	15466263	Deletion	118
3R	15466312	15466263	Deletion	49
3R	15471611	15471507	Deletion	104
3R	15471611	15471514	Deletion	97
3R	15471611	15471535	Deletion	76
3R	15471611	15471546	Deletion	65
3R	15471611	15471550	Deletion	61
3R	15475187	15475121	Deletion	66
3R	15475240	15475121	Deletion	119
3R	15475172	15475121	Deletion	51
3R	15475183	15475121	Deletion	62
3R	15475151	15475121	Deletion	30
3R	15480924	15480853	Deletion	71
3R	15480924	15480868	Deletion	56
3R	15480924	15480877	Deletion	47
3R	15480924	15480886	Deletion	38
3R	15480924	15480888	Deletion	36
3R	15480924	15480890	Deletion	34
3R	15481832	15481762	Deletion	70
3R	15481854	15481762	Deletion	92
3R	15481841	15481762	Deletion	79
3R	15481817	15481762	Deletion	55
3R	15481863	15481762	Deletion	101
3R	15481865	15481762	Deletion	103
3R	15481852	15481762	Deletion	90
3R	15481850	15481762	Deletion	88
3R	15482818	15482708	Deletion	110
3R	15482818	15482725	Deletion	93
3R	15482818	15482733	Deletion	85
3R	15482818	15482766	Deletion	52
3R	15482993	15482872	Deletion	121
3R	15482995	15482872	Deletion	123
3R	15482946	15482872	Deletion	74
3R	15482913	15482872	Deletion	41
3R	15482905	15482872	Deletion	33
3R	15500962	15500858	Deletion	104
3R	15500962	15500878	Deletion	84
3R	15500962	15500897	Deletion	65
3R	15500962	15500924	Deletion	38
3R	15500962	15500932	Deletion	30
3R	15501166	15501105	Deletion	61
3R	15501201	15501105	Deletion	96
3R	15501205	15501105	Deletion	100
3R	15501217	15501105	Deletion	112
3R	15501193	15501105	Deletion	88
3R	15501147	15501105	Deletion	42
3R	15509687	15509564	Deletion	123
3R	15509689	15509582	Deletion	107
3R	15509689	15509584	Deletion	105
3R	15509689	15509596	Deletion	93
3R	15509853	15509740	Deletion	113
3R	15509773	15509740	Deletion	33
3R	15511920	15511822	Deletion	98
3R	15511920	15511824	Deletion	96
3R	15511920	15511827	Deletion	93
3R	15511920	15511838	Deletion	82
3R	15511920	15511851	Deletion	69
3R	15511920	15511888	Deletion	32
3R	15523718	15523685	Deletion	33
3R	15523729	15523685	Deletion	44
3R	15523779	15523685	Deletion	94
3R	15523715	15523685	Deletion	30
3R	15523742	15523685	Deletion	57
3R	15527455	15527334	Deletion	121
3R	15534636	15534517	Deletion	119
3R	15534636	15534545	Deletion	91
3R	15534636	15534556	Deletion	80
3R	15534636	15534570	Deletion	66
3R	15534636	15534584	Deletion	52
3R	15534636	15534587	Deletion	49
3R	15534813	15534767	Deletion	46
3R	15534827	15534767	Deletion	60
3R	15534844	15534767	Deletion	77
3R	15534841	15534767	Deletion	74
3R	15549296	15549174	Deletion	122
3R	15563957	15563877	Deletion	80
3R	15563957	15563882	Deletion	75
3R	15563957	15563902	Deletion	55
3R	15577235	15577184	Deletion	51
3R	15577230	15577184	Deletion	46
3R	15577285	15577184	Deletion	101
3R	15577255	15577184	Deletion	71
3R	15582254	15582133	Deletion	121
3R	15582254	15582142	Deletion	112
3R	15582254	15582177	Deletion	77
3R	15582254	15582204	Deletion	50
3R	15585344	15585236	Deletion	108
3R	15585285	15585236	Deletion	49
3R	15585348	15585236	Deletion	112
3R	15585357	15585236	Deletion	121
3R	15585312	15585236	Deletion	76
3R	15585357	15585236	Deletion	121
3R	15585388	15585273	Deletion	115
3R	15585388	15585299	Deletion	89
3R	15585388	15585343	Deletion	45
3R	15585387	15585352	Deletion	35
3R	15586103	15586021	Deletion	82
3R	15586059	15586021	Deletion	38
3R	15586141	15586021	Deletion	120
3R	15586112	15586022	Deletion	90
3R	15588057	15587966	Deletion	91
3R	15588057	15587984	Deletion	73
3R	15588057	15587987	Deletion	70
3R	15588057	15588000	Deletion	57
3R	15588057	15588006	Deletion	51
3R	15588057	15588021	Deletion	36
3R	15588057	15588026	Deletion	31
3R	15588757	15588680	Deletion	77
3R	15588738	15588680	Deletion	58
3R	15588717	15588680	Deletion	37
3R	15588777	15588680	Deletion	97
3R	15588772	15588680	Deletion	92
3R	15588735	15588680	Deletion	55
3R	15588751	15588680	Deletion	71
3R	15601784	15601739	Deletion	45
3R	15602158	15602036	Deletion	122
3R	15605011	15604913	Deletion	98
3R	15605132	15605049	Deletion	83
3R	15605940	15605857	Deletion	83
3R	15607744	15607623	Deletion	121
3R	15609582	15609485	Deletion	97
3R	15609574	15609485	Deletion	89
3R	15609606	15609485	Deletion	121
3R	15609532	15609485	Deletion	47
3R	15618064	15617963	Deletion	101
3R	15618064	15617968	Deletion	96
3R	15618064	15617970	Deletion	94
3R	15618064	15617973	Deletion	91
3R	15618064	15617989	Deletion	75
3R	15618064	15617992	Deletion	72
3R	15618064	15618009	Deletion	55
3R	15618064	15618021	Deletion	43
3R	15618231	15618201	Deletion	30
3R	15618236	15618201	Deletion	35
3R	15618233	15618201	Deletion	32
3R	15618272	15618201	Deletion	71
3R	15618255	15618201	Deletion	54
3R	15618319	15618201	Deletion	118
3R	15618305	15618201	Deletion	104
3R	15618284	15618201	Deletion	83
3R	15618252	15618201	Deletion	51
3R	15626057	15625990	Deletion	67
3R	15626057	15626017	Deletion	40
3R	15630957	15630836	Deletion	121
3R	15630957	15630847	Deletion	110
3R	15630957	15630872	Deletion	85
3R	15630957	15630873	Deletion	84
3R	15630957	15630882	Deletion	75
3R	15630957	15630882	Deletion	75
3R	15630957	15630901	Deletion	56
3R	15630957	15630902	Deletion	55
3R	15630957	15630909	Deletion	48
3R	15636753	15636683	Deletion	70
3R	15636761	15636683	Deletion	78
3R	15636754	15636683	Deletion	71
3R	15636734	15636683	Deletion	51
3R	15636791	15636683	Deletion	108
3R	15636724	15636683	Deletion	41
3R	15636734	15636683	Deletion	51
3R	15636725	15636683	Deletion	42
3R	15641202	15641078	Deletion	124
3R	15641202	15641130	Deletion	72
3R	15644004	15643950	Deletion	54
3R	15644065	15643950	Deletion	115
3R	15644047	15643950	Deletion	97
3R	15650575	15650463	Deletion	112
3R	15650575	15650492	Deletion	83
3R	15650575	15650492	Deletion	83
3R	15650575	15650524	Deletion	51
3R	15650575	15650539	Deletion	36
3R	15652624	15652505	Deletion	119
3R	15652550	15652507	Deletion	43
3R	15652582	15652507	Deletion	75
3R	15652597	15652507	Deletion	90
3R	15652550	15652507	Deletion	43
3R	15652618	15652507	Deletion	111
3R	15655055	15654934	Deletion	121
3R	15658205	15658108	Deletion	97
3R	15658205	15658111	Deletion	94
3R	15658205	15658132	Deletion	73
3R	15658205	15658155	Deletion	50
3R	15660403	15660350	Deletion	53
3R	15660382	15660350	Deletion	32
3R	15660474	15660350	Deletion	124
3R	15660426	15660350	Deletion	76
3R	15665475	15665365	Deletion	110
3R	15665475	15665372	Deletion	103
3R	15665475	15665393	Deletion	82
3R	15665475	15665418	Deletion	57
3R	15665475	15665422	Deletion	53
3R	15665475	15665432	Deletion	43
3R	15665475	15665433	Deletion	42
3R	15675818	15675716	Deletion	102
3R	15675814	15675716	Deletion	98
3R	15675800	15675716	Deletion	84
3R	15675814	15675716	Deletion	98
3R	15675840	15675716	Deletion	124
3R	15675799	15675716	Deletion	83
3R	15675789	15675716	Deletion	73
3R	15675785	15675716	Deletion	69
3R	15675760	15675716	Deletion	44
3R	15686651	15686619	Deletion	32
3R	15686651	15686621	Deletion	30
3R	15686803	15686708	Deletion	95
3R	15686805	15686708	Deletion	97
3R	15692677	15692556	Deletion	121
3R	15694457	15694340	Deletion	117
3R	15694454	15694343	Deletion	111
3R	15694457	15694380	Deletion	77
3R	15694834	15694711	Deletion	123
3R	15694761	15694711	Deletion	50
3R	15697620	15697521	Deletion	99
3R	15697620	15697544	Deletion	76
3R	15697620	15697551	Deletion	69
3R	15697620	15697582	Deletion	38
3R	15697620	15697589	Deletion	31
3R	15702338	15702233	Deletion	105
3R	15702283	15702233	Deletion	50
3R	15702328	15702233	Deletion	95
3R	15702321	15702233	Deletion	88
3R	15702290	15702233	Deletion	57
3R	15714586	15714503	Deletion	83
3R	15714586	15714541	Deletion	45
3R	15715643	15715599	Deletion	44
3R	15715681	15715599	Deletion	82
3R	15737572	15737529	Deletion	43
3R	15737987	15737908	Deletion	79
3R	15738014	15737908	Deletion	106
3R	15742540	15742459	Deletion	81
3R	15742540	15742467	Deletion	73
3R	15742540	15742476	Deletion	64
3R	15742540	15742478	Deletion	62
3R	15742540	15742494	Deletion	46
3R	15745480	15745427	Deletion	53
3R	15745472	15745427	Deletion	45
3R	15745551	15745427	Deletion	124
3R	15745491	15745427	Deletion	64
3R	15745507	15745427	Deletion	80
3R	15745489	15745427	Deletion	62
3R	15748981	15748857	Deletion	124
3R	15769891	15769780	Deletion	111
3R	15782679	15782605	Deletion	74
3R	15831773	15831675	Deletion	98
3R	15831727	15831675	Deletion	52
3R	15857129	15857008	Deletion	121
3R	15857129	15857010	Deletion	119
3R	15857129	15857034	Deletion	95
3R	15857129	15857041	Deletion	88
3R	15857129	15857041	Deletion	88
3R	15857129	15857083	Deletion	46
3R	15857129	15857098	Deletion	31
3R	15857223	15857192	Deletion	31
3R	15857272	15857192	Deletion	80
3R	15857287	15857192	Deletion	95
3R	15857311	15857192	Deletion	119
3R	15857310	15857192	Deletion	118
3R	15857230	15857192	Deletion	38
3R	15857230	15857192	Deletion	38
3R	15867672	15867558	Deletion	114
3R	15867672	15867596	Deletion	76
3R	15867672	15867635	Deletion	37
3R	15867773	15867723	Deletion	50
3R	15867812	15867723	Deletion	89
3R	15867822	15867723	Deletion	99
3R	15877184	15877086	Deletion	98
3R	15877184	15877099	Deletion	85
3R	15877184	15877134	Deletion	50
3R	15877184	15877145	Deletion	39
3R	15877184	15877148	Deletion	36
3R	15877423	15877332	Deletion	91
3R	15877374	15877332	Deletion	42
3R	15877439	15877332	Deletion	107
3R	15877409	15877332	Deletion	77
3R	15877420	15877332	Deletion	88
3R	15878044	15877923	Deletion	121
3R	15878044	15877935	Deletion	109
3R	15878044	15877945	Deletion	99
3R	15878044	15877956	Deletion	88
3R	15878044	15877958	Deletion	86
3R	15878044	15877989	Deletion	55
3R	15878044	15878004	Deletion	40
3R	15878180	15878140	Deletion	40
3R	15878248	15878140	Deletion	108
3R	15878178	15878140	Deletion	38
3R	15878226	15878140	Deletion	86
3R	15878211	15878140	Deletion	71
3R	15892569	15892463	Deletion	106
3R	15892569	15892502	Deletion	67
3R	15892569	15892533	Deletion	36
3R	15892569	15892534	Deletion	35
3R	15895010	15894951	Deletion	59
3R	15895056	15894951	Deletion	105
3R	15895042	15894951	Deletion	91
3R	15895071	15894951	Deletion	120
3R	15895041	15894951	Deletion	90
3R	15895059	15894951	Deletion	108
3R	15903580	15903476	Deletion	104
3R	15903580	15903499	Deletion	81
3R	15907831	15907736	Deletion	95
3R	15907831	15907740	Deletion	91
3R	15907831	15907786	Deletion	45
3R	15907831	15907787	Deletion	44
3R	15907831	15907787	Deletion	44
3R	15907831	15907801	Deletion	30
3R	15910261	15910178	Deletion	83
3R	15910224	15910178	Deletion	46
3R	15910261	15910178	Deletion	83
3R	15910275	15910178	Deletion	97
3R	15910214	15910178	Deletion	36
3R	15910260	15910178	Deletion	82
3R	15910210	15910178	Deletion	32
3R	15917597	15917477	Deletion	120
3R	15917597	15917491	Deletion	106
3R	15917597	15917493	Deletion	104
3R	15917597	15917545	Deletion	52
3R	15917597	15917565	Deletion	32
3R	15917731	15917657	Deletion	74
3R	15917751	15917657	Deletion	94
3R	15921121	15921000	Deletion	121
3R	15925500	15925395	Deletion	105
3R	15925500	15925427	Deletion	73
3R	15925500	15925428	Deletion	72
3R	15925500	15925429	Deletion	71
3R	15932517	15932464	Deletion	53
3R	15932518	15932464	Deletion	54
3R	15932519	15932464	Deletion	55
3R	15934048	15933938	Deletion	110
3R	15934048	15934015	Deletion	33
3R	15934048	15934018	Deletion	30
3R	15934196	15934099	Deletion	97
3R	15934192	15934099	Deletion	93
3R	15934209	15934099	Deletion	110
3R	15934195	15934099	Deletion	96
3R	15948797	15948715	Deletion	82
3R	15948797	15948729	Deletion	68
3R	15948797	15948748	Deletion	49
3R	15948797	15948751	Deletion	46
3R	15948797	15948761	Deletion	36
3R	15951206	15951129	Deletion	77
3R	15951209	15951129	Deletion	80
3R	15951248	15951129	Deletion	119
3R	15951187	15951129	Deletion	58
3R	15951173	15951129	Deletion	44
3R	15951219	15951129	Deletion	90
3R	15959507	15959385	Deletion	122
3R	15960442	15960321	Deletion	121
3R	15960442	15960344	Deletion	98
3R	15960442	15960408	Deletion	34
3R	15961158	15961065	Deletion	93
3R	15961184	15961065	Deletion	119
3R	15961780	15961658	Deletion	122
3R	15967257	15967169	Deletion	88
3R	15967257	15967224	Deletion	33
3R	15973639	15973601	Deletion	38
3R	15973694	15973601	Deletion	93
3R	15974512	15974391	Deletion	121
3R	15974512	15974393	Deletion	119
3R	15974512	15974423	Deletion	89
3R	15974512	15974428	Deletion	84
3R	15974512	15974439	Deletion	73
3R	15974512	15974441	Deletion	71
3R	15974512	15974441	Deletion	71
3R	15974512	15974451	Deletion	61
3R	15974512	15974473	Deletion	39
3R	15974512	15974479	Deletion	33
3R	15990023	15989981	Deletion	42
3R	15990034	15989981	Deletion	53
3R	15990046	15989981	Deletion	65
3R	15990086	15989981	Deletion	105
3R	15990068	15989981	Deletion	87
3R	15990018	15989981	Deletion	37
3R	15990074	15989981	Deletion	93
3R	15990036	15989981	Deletion	55
3R	15990036	15989981	Deletion	55
3R	15994807	15994691	Deletion	116
3R	15994807	15994697	Deletion	110
3R	15994807	15994720	Deletion	87
3R	15994807	15994734	Deletion	73
3R	15994807	15994745	Deletion	62
3R	15994807	15994749	Deletion	58
3R	15994807	15994757	Deletion	50
3R	15996248	15996183	Deletion	65
3R	15996303	15996183	Deletion	120
3R	15996282	15996183	Deletion	99
3R	15996252	15996183	Deletion	69
3R	15996223	15996183	Deletion	40
3R	15996260	15996183	Deletion	77
3R	15996237	15996183	Deletion	54
3R	15999819	15999697	Deletion	122
3R	16006434	16006311	Deletion	123
3R	16010059	16009937	Deletion	122
3R	16018573	16018450	Deletion	123
3R	16018573	16018483	Deletion	90
3R	16018573	16018524	Deletion	49
3R	16018573	16018535	Deletion	38
3R	16023193	16023156	Deletion	37
3R	16023280	16023156	Deletion	124
3R	16023234	16023156	Deletion	78
3R	16023266	16023156	Deletion	110
3R	16023245	16023156	Deletion	89
3R	16023271	16023156	Deletion	115
3R	16030453	16030352	Deletion	101
3R	16030453	16030397	Deletion	56
3R	16030453	16030421	Deletion	32
3R	16034005	16033935	Deletion	70
3R	16034029	16033935	Deletion	94
3R	16054135	16054034	Deletion	101
3R	16054135	16054071	Deletion	64
3R	16054135	16054076	Deletion	59
3R	16054135	16054076	Deletion	59
3R	16054135	16054101	Deletion	34
3R	16058153	16058048	Deletion	105
3R	16058162	16058048	Deletion	114
3R	16058141	16058048	Deletion	93
3R	16058111	16058048	Deletion	63
3R	16058116	16058048	Deletion	68
3R	16058160	16058048	Deletion	112
3R	16058116	16058048	Deletion	68
3R	16069644	16069521	Deletion	123
3R	16069644	16069552	Deletion	92
3R	16077210	16077175	Deletion	35
3R	16080549	16080427	Deletion	122
3R	16080549	16080444	Deletion	105
3R	16080549	16080512	Deletion	37
3R	16090254	16090133	Deletion	121
3R	16090222	16090133	Deletion	89
3R	16090248	16090133	Deletion	115
3R	16092072	16092004	Deletion	68
3R	16092072	16092021	Deletion	51
3R	16092072	16092021	Deletion	51
3R	16092072	16092030	Deletion	42
3R	16092436	16092360	Deletion	76
3R	16092436	16092360	Deletion	76
3R	16092419	16092360	Deletion	59
3R	16092445	16092360	Deletion	85
3R	16097289	16097178	Deletion	111
3R	16097289	16097190	Deletion	99
3R	16097289	16097207	Deletion	82
3R	16097289	16097234	Deletion	55
3R	16097289	16097258	Deletion	31
3R	16097800	16097703	Deletion	97
3R	16097820	16097703	Deletion	117
3R	16097776	16097703	Deletion	73
3R	16097749	16097703	Deletion	46
3R	16103496	16103379	Deletion	117
3R	16106932	16106811	Deletion	121
3R	16123216	16123129	Deletion	87
3R	16123216	16123146	Deletion	70
3R	16123216	16123149	Deletion	67
3R	16123216	16123158	Deletion	58
3R	16123216	16123175	Deletion	41
3R	16123216	16123183	Deletion	33
3R	16123483	16123382	Deletion	101
3R	16123440	16123382	Deletion	58
3R	16123452	16123382	Deletion	70
3R	16123443	16123382	Deletion	61
3R	16123423	16123382	Deletion	41
3R	16123477	16123382	Deletion	95
3R	16123469	16123382	Deletion	87
3R	16124026	16123905	Deletion	121
3R	16124028	16123928	Deletion	100
3R	16124028	16123935	Deletion	93
3R	16124028	16123938	Deletion	90
3R	16124028	16123984	Deletion	44
3R	16124028	16123987	Deletion	41
3R	16124253	16124217	Deletion	36
3R	16124250	16124217	Deletion	33
3R	16124302	16124217	Deletion	85
3R	16124334	16124217	Deletion	117
3R	16124299	16124217	Deletion	82
3R	16124324	16124217	Deletion	107
3R	16160940	16160827	Deletion	113
3R	16160940	16160829	Deletion	111
3R	16160940	16160844	Deletion	96
3R	16160940	16160846	Deletion	94
3R	16160940	16160876	Deletion	64
3R	16160937	16160887	Deletion	50
3R	16160940	16160890	Deletion	50
3R	16169000	16168938	Deletion	62
3R	16169011	16168938	Deletion	73
3R	16169014	16168938	Deletion	76
3R	16169058	16168938	Deletion	120
3R	16169041	16168938	Deletion	103
3R	16168970	16168938	Deletion	32
3R	16171456	16171346	Deletion	110
3R	16171456	16171349	Deletion	107
3R	16171456	16171349	Deletion	107
3R	16171456	16171350	Deletion	106
3R	16171456	16171358	Deletion	98
3R	16171456	16171383	Deletion	73
3R	16171456	16171383	Deletion	73
3R	16171456	16171400	Deletion	56
3R	16171456	16171410	Deletion	46
3R	16171456	16171423	Deletion	33
3R	16186647	16186567	Deletion	80
3R	16186620	16186567	Deletion	53
3R	16186637	16186567	Deletion	70
3R	16186660	16186567	Deletion	93
3R	16186620	16186567	Deletion	53
3R	16188910	16188800	Deletion	110
3R	16188910	16188809	Deletion	101
3R	16188910	16188824	Deletion	86
3R	16188910	16188849	Deletion	61
3R	16188910	16188849	Deletion	61
3R	16188910	16188860	Deletion	50
3R	16188910	16188863	Deletion	47
3R	16188910	16188865	Deletion	45
3R	16196155	16196074	Deletion	81
3R	16196182	16196074	Deletion	108
3R	16196191	16196074	Deletion	117
3R	16196150	16196074	Deletion	76
3R	16196139	16196074	Deletion	65
3R	16196139	16196074	Deletion	65
3R	16196189	16196074	Deletion	115
3R	16196153	16196074	Deletion	79
3R	16196114	16196074	Deletion	40
3R	16201415	16201307	Deletion	108
3R	16201415	16201313	Deletion	102
3R	16201415	16201357	Deletion	58
3R	16206060	16205945	Deletion	115
3R	16206013	16205945	Deletion	68
3R	16208288	16208172	Deletion	116
3R	16208891	16208770	Deletion	121
3R	16223100	16223011	Deletion	89
3R	16232778	16232660	Deletion	118
3R	16232698	16232660	Deletion	38
3R	16246354	16246269	Deletion	85
3R	16246354	16246280	Deletion	74
3R	16246354	16246315	Deletion	39
3R	16246354	16246322	Deletion	32
3R	16255424	16255337	Deletion	87
3R	16255431	16255337	Deletion	94
3R	16255378	16255337	Deletion	41
3R	16255389	16255337	Deletion	52
3R	16272054	16271944	Deletion	110
3R	16272054	16271978	Deletion	76
3R	16272054	16271982	Deletion	72
3R	16277636	16277526	Deletion	110
3R	16277645	16277526	Deletion	119
3R	16277576	16277526	Deletion	50
3R	16277580	16277526	Deletion	54
3R	16278505	16278384	Deletion	121
3R	16279961	16279870	Deletion	91
3R	16279961	16279883	Deletion	78
3R	16279961	16279888	Deletion	73
3R	16281021	16280973	Deletion	48
3R	16281078	16280973	Deletion	105
3R	16281008	16280973	Deletion	35
3R	16281026	16280973	Deletion	53
3R	16286913	16286795	Deletion	118
3R	16286913	16286827	Deletion	86
3R	16286913	16286868	Deletion	45
3R	16287074	16286991	Deletion	83
3R	16287033	16286991	Deletion	42
3R	16287106	16286991	Deletion	115
3R	16298364	16298241	Deletion	123
3R	16298364	16298283	Deletion	81
3R	16298364	16298315	Deletion	49
3R	16298459	16298413	Deletion	46
3R	16298491	16298413	Deletion	78
3R	16303022	16302901	Deletion	121
3R	16303022	16302912	Deletion	110
3R	16303022	16302915	Deletion	107
3R	16303022	16302945	Deletion	77
3R	16303022	16302948	Deletion	74
3R	16303022	16302958	Deletion	64
3R	16317396	16317330	Deletion	66
3R	16317448	16317330	Deletion	118
3R	16317383	16317330	Deletion	53
3R	16317386	16317330	Deletion	56
3R	16317462	16317343	Deletion	119
3R	16317462	16317348	Deletion	114
3R	16317462	16317377	Deletion	85
3R	16317462	16317380	Deletion	82
3R	16317462	16317400	Deletion	62
3R	16317462	16317427	Deletion	35
3R	16318089	16318045	Deletion	44
3R	16318109	16318045	Deletion	64
3R	16318086	16318045	Deletion	41
3R	16318135	16318045	Deletion	90
3R	16318146	16318045	Deletion	101
3R	16319195	16319079	Deletion	116
3R	16319195	16319080	Deletion	115
3R	16319195	16319110	Deletion	85
3R	16319195	16319114	Deletion	81
3R	16319195	16319117	Deletion	78
3R	16319195	16319135	Deletion	60
3R	16319195	16319143	Deletion	52
3R	16319195	16319150	Deletion	45
3R	16319195	16319150	Deletion	45
3R	16319369	16319262	Deletion	107
3R	16319303	16319262	Deletion	41
3R	16319307	16319262	Deletion	45
3R	16319310	16319262	Deletion	48
3R	16319336	16319262	Deletion	74
3R	16319383	16319262	Deletion	121
3R	16319343	16319262	Deletion	81
3R	16319343	16319265	Deletion	78
3R	16319328	16319265	Deletion	63
3R	16329030	16328923	Deletion	107
3R	16329030	16328924	Deletion	106
3R	16329030	16328930	Deletion	100
3R	16329030	16328955	Deletion	75
3R	16329030	16328956	Deletion	74
3R	16329030	16328966	Deletion	64
3R	16329030	16328986	Deletion	44
3R	16329030	16328991	Deletion	39
3R	16336605	16336554	Deletion	51
3R	16336675	16336554	Deletion	121
3R	16336616	16336554	Deletion	62
3R	16336665	16336554	Deletion	111
3R	16336636	16336554	Deletion	82
3R	16336606	16336554	Deletion	52
3R	16336641	16336554	Deletion	87
3R	16339315	16339222	Deletion	93
3R	16339315	16339225	Deletion	90
3R	16339315	16339237	Deletion	78
3R	16339315	16339257	Deletion	58
3R	16339315	16339261	Deletion	54
3R	16339315	16339265	Deletion	50
3R	16339315	16339271	Deletion	44
3R	16339315	16339274	Deletion	41
3R	16339315	16339283	Deletion	32
3R	16339461	16339428	Deletion	33
3R	16339496	16339428	Deletion	68
3R	16339548	16339428	Deletion	120
3R	16339500	16339428	Deletion	72
3R	16339504	16339428	Deletion	76
3R	16339464	16339428	Deletion	36
3R	16339522	16339428	Deletion	94
3R	16339510	16339428	Deletion	82
3R	16339476	16339428	Deletion	48
3R	16339513	16339428	Deletion	85
3R	16339530	16339428	Deletion	102
3R	16358079	16357966	Deletion	113
3R	16358079	16357995	Deletion	84
3R	16358079	16357999	Deletion	80
3R	16358079	16358043	Deletion	36
3R	16359445	16359329	Deletion	116
3R	16359377	16359329	Deletion	48
3R	16359421	16359329	Deletion	92
3R	16359437	16359329	Deletion	108
3R	16359373	16359329	Deletion	44
3R	16360724	16360604	Deletion	120
3R	16360724	16360628	Deletion	96
3R	16360724	16360653	Deletion	71
3R	16360724	16360661	Deletion	63
3R	16360724	16360692	Deletion	32
3R	16361259	16361229	Deletion	30
3R	16361284	16361229	Deletion	55
3R	16361326	16361229	Deletion	97
3R	16361292	16361229	Deletion	63
3R	16361323	16361229	Deletion	94
3R	16368258	16368153	Deletion	105
3R	16368258	16368165	Deletion	93
3R	16368258	16368165	Deletion	93
3R	16368258	16368199	Deletion	59
3R	16368258	16368211	Deletion	47
3R	16368258	16368212	Deletion	46
3R	16370193	16370160	Deletion	33
3R	16370227	16370160	Deletion	67
3R	16370239	16370160	Deletion	79
3R	16370193	16370160	Deletion	33
3R	16370284	16370160	Deletion	124
3R	16370240	16370165	Deletion	75
3R	16370553	16370459	Deletion	94
3R	16390286	16390254	Deletion	32
3R	16390352	16390254	Deletion	98
3R	16390355	16390254	Deletion	101
3R	16390376	16390254	Deletion	122
3R	16415801	16415675	Deletion	126
3R	16441449	16441328	Deletion	121
3R	16441449	16441372	Deletion	77
3R	16441449	16441395	Deletion	54
3R	16441574	16441502	Deletion	72
3R	16441551	16441502	Deletion	49
3R	16441600	16441502	Deletion	98
3R	16445943	16445846	Deletion	97
3R	16445943	16445852	Deletion	91
3R	16445943	16445860	Deletion	83
3R	16446029	16445990	Deletion	39
3R	16446023	16445990	Deletion	33
3R	16446108	16445990	Deletion	118
3R	16446100	16445990	Deletion	110
3R	16446037	16445990	Deletion	47
3R	16446100	16445990	Deletion	110
3R	16446104	16445990	Deletion	114
3R	16446106	16445990	Deletion	116
3R	16463550	16463438	Deletion	112
3R	16464933	16464810	Deletion	123
3R	16464933	16464835	Deletion	98
3R	16464933	16464899	Deletion	34
3R	16468242	16468150	Deletion	92
3R	16468272	16468150	Deletion	122
3R	16472744	16472652	Deletion	92
3R	16472744	16472652	Deletion	92
3R	16472744	16472653	Deletion	91
3R	16472744	16472669	Deletion	75
3R	16472744	16472671	Deletion	73
3R	16472744	16472678	Deletion	66
3R	16472741	16472691	Deletion	50
3R	16473288	16473172	Deletion	116
3R	16473275	16473172	Deletion	103
3R	16473233	16473172	Deletion	61
3R	16473224	16473172	Deletion	52
3R	16473207	16473172	Deletion	35
3R	16473208	16473172	Deletion	36
3R	16473246	16473172	Deletion	74
3R	16473207	16473172	Deletion	35
3R	16473226	16473175	Deletion	51
3R	16492958	16492856	Deletion	102
3R	16492958	16492879	Deletion	79
3R	16492958	16492883	Deletion	75
3R	16492958	16492884	Deletion	74
3R	16492958	16492923	Deletion	35
3R	16495306	16495214	Deletion	92
3R	16495267	16495214	Deletion	53
3R	16495327	16495214	Deletion	113
3R	16495312	16495214	Deletion	98
3R	16495262	16495214	Deletion	48
3R	16495266	16495214	Deletion	52
3R	16498722	16498601	Deletion	121
3R	16498722	16498653	Deletion	69
3R	16498722	16498690	Deletion	32
3R	16498978	16498917	Deletion	61
3R	16499035	16498917	Deletion	118
3R	16499025	16498917	Deletion	108
3R	16499015	16498917	Deletion	98
3R	16511220	16511114	Deletion	106
3R	16511220	16511144	Deletion	76
3R	16511220	16511145	Deletion	75
3R	16511220	16511185	Deletion	35
3R	16511220	16511187	Deletion	33
3R	16516824	16516773	Deletion	51
3R	16516865	16516773	Deletion	92
3R	16516867	16516773	Deletion	94
3R	16516825	16516773	Deletion	52
3R	16518176	16518056	Deletion	120
3R	16518176	16518066	Deletion	110
3R	16518176	16518074	Deletion	102
3R	16518176	16518084	Deletion	92
3R	16518176	16518119	Deletion	57
3R	16532412	16532378	Deletion	34
3R	16532490	16532378	Deletion	112
3R	16532478	16532378	Deletion	100
3R	16532447	16532378	Deletion	69
3R	16532985	16532885	Deletion	100
3R	16532985	16532898	Deletion	87
3R	16532985	16532918	Deletion	67
3R	16532985	16532946	Deletion	39
3R	16534660	16534571	Deletion	89
3R	16534612	16534571	Deletion	41
3R	16534632	16534571	Deletion	61
3R	16554490	16554369	Deletion	121
3R	16555843	16555753	Deletion	90
3R	16555843	16555789	Deletion	54
3R	16555843	16555804	Deletion	39
3R	16562582	16562546	Deletion	36
3R	16562667	16562546	Deletion	121
3R	16562618	16562546	Deletion	72
3R	16562633	16562546	Deletion	87
3R	16591731	16591622	Deletion	109
3R	16591731	16591622	Deletion	109
3R	16591731	16591625	Deletion	106
3R	16591731	16591658	Deletion	73
3R	16591731	16591660	Deletion	71
3R	16591731	16591666	Deletion	65
3R	16591731	16591686	Deletion	45
3R	16591731	16591694	Deletion	37
3R	16591954	16591853	Deletion	101
3R	16591935	16591853	Deletion	82
3R	16591915	16591853	Deletion	62
3R	16591943	16591853	Deletion	90
3R	16591907	16591853	Deletion	54
3R	16591909	16591853	Deletion	56
3R	16614356	16614247	Deletion	109
3R	16614356	16614250	Deletion	106
3R	16614356	16614287	Deletion	69
3R	16614356	16614311	Deletion	45
3R	16629685	16629628	Deletion	57
3R	16629743	16629628	Deletion	115
3R	16629709	16629628	Deletion	81
3R	16630842	16630723	Deletion	119
3R	16630842	16630745	Deletion	97
3R	16630842	16630794	Deletion	48
3R	16630842	16630795	Deletion	47
3R	16631369	16631264	Deletion	105
3R	16631343	16631264	Deletion	79
3R	16631344	16631264	Deletion	80
3R	16638697	16638589	Deletion	108
3R	16638698	16638646	Deletion	52
3R	16638698	16638661	Deletion	37
3R	16652415	16652326	Deletion	89
3R	16652400	16652326	Deletion	74
3R	16670796	16670698	Deletion	98
3R	16670796	16670736	Deletion	60
3R	16670796	16670746	Deletion	50
3R	16670796	16670753	Deletion	43
3R	16670796	16670757	Deletion	39
3R	16670796	16670762	Deletion	34
3R	16678103	16678011	Deletion	92
3R	16678094	16678011	Deletion	83
3R	16678087	16678011	Deletion	76
3R	16678077	16678011	Deletion	66
3R	16678098	16678011	Deletion	87
3R	16683541	16683420	Deletion	121
3R	16683541	16683476	Deletion	65
3R	16683541	16683497	Deletion	44
3R	16686025	16685943	Deletion	82
3R	16686004	16685943	Deletion	61
3R	16724887	16724802	Deletion	85
3R	16724887	16724804	Deletion	83
3R	16724887	16724841	Deletion	46
3R	16724887	16724843	Deletion	44
3R	16724887	16724849	Deletion	38
3R	16734796	16734753	Deletion	43
3R	16734833	16734753	Deletion	80
3R	16734794	16734753	Deletion	41
3R	16734841	16734753	Deletion	88
3R	16734835	16734753	Deletion	82
3R	16745692	16745579	Deletion	113
3R	16745692	16745594	Deletion	98
3R	16745692	16745621	Deletion	71
3R	16745692	16745632	Deletion	60
3R	16745692	16745642	Deletion	50
3R	16748356	16748232	Deletion	124
3R	16748308	16748232	Deletion	76
3R	16748298	16748232	Deletion	66
3R	16748356	16748232	Deletion	124
3R	16748287	16748232	Deletion	55
3R	16750709	16750601	Deletion	108
3R	16750709	16750639	Deletion	70
3R	16750709	16750643	Deletion	66
3R	16750709	16750669	Deletion	40
3R	16750709	16750669	Deletion	40
3R	16755747	16755647	Deletion	100
3R	16755733	16755647	Deletion	86
3R	16755751	16755647	Deletion	104
3R	16755707	16755647	Deletion	60
3R	16755733	16755647	Deletion	86
3R	16755703	16755647	Deletion	56
3R	16755749	16755649	Deletion	100
3R	16755938	16755815	Deletion	123
3R	16758684	16758611	Deletion	73
3R	16758684	16758645	Deletion	39
3R	16759687	16759570	Deletion	117
3R	16760680	16760626	Deletion	54
3R	16761591	16761549	Deletion	42
3R	16761591	16761555	Deletion	36
3R	16761904	16761798	Deletion	106
3R	16768515	16768413	Deletion	102
3R	16768515	16768416	Deletion	99
3R	16768515	16768445	Deletion	70
3R	16768515	16768472	Deletion	43
3R	16769014	16768928	Deletion	86
3R	16768987	16768928	Deletion	59
3R	16768958	16768928	Deletion	30
3R	16769034	16768928	Deletion	106
3R	16769040	16768928	Deletion	112
3R	16769049	16768928	Deletion	121
3R	16786170	16786051	Deletion	119
3R	16786170	16786061	Deletion	109
3R	16786170	16786072	Deletion	98
3R	16786170	16786078	Deletion	92
3R	16786170	16786086	Deletion	84
3R	16786170	16786091	Deletion	79
3R	16786170	16786097	Deletion	73
3R	16786435	16786401	Deletion	34
3R	16786505	16786401	Deletion	104
3R	16786507	16786401	Deletion	106
3R	16786454	16786401	Deletion	53
3R	16786508	16786401	Deletion	107
3R	16786448	16786401	Deletion	47
3R	16786443	16786401	Deletion	42
3R	16786508	16786425	Deletion	83
3R	16786508	16786432	Deletion	76
3R	16786508	16786436	Deletion	72
3R	16786508	16786474	Deletion	34
3R	16794153	16794035	Deletion	118
3R	16794078	16794035	Deletion	43
3R	16794085	16794035	Deletion	50
3R	16794156	16794035	Deletion	121
3R	16794089	16794035	Deletion	54
3R	16794127	16794035	Deletion	92
3R	16794156	16794035	Deletion	121
3R	16796151	16796038	Deletion	113
3R	16796151	16796071	Deletion	80
3R	16796151	16796103	Deletion	48
3R	16798573	16798494	Deletion	79
3R	16798616	16798494	Deletion	122
3R	16798612	16798494	Deletion	118
3R	16798597	16798494	Deletion	103
3R	16798601	16798494	Deletion	107
3R	16798541	16798494	Deletion	47
3R	16798592	16798494	Deletion	98
3R	16807396	16807272	Deletion	124
3R	16811019	16810911	Deletion	108
3R	16811019	16810951	Deletion	68
3R	16815539	16815481	Deletion	58
3R	16817377	16817258	Deletion	119
3R	16817377	16817260	Deletion	117
3R	16817377	16817319	Deletion	58
3R	16817377	16817328	Deletion	49
3R	16817377	16817339	Deletion	38
3R	16818324	16818205	Deletion	119
3R	16818293	16818205	Deletion	88
3R	16818273	16818205	Deletion	68
3R	16818282	16818205	Deletion	77
3R	16830024	16829947	Deletion	77
3R	16830024	16829985	Deletion	39
3R	16830024	16829986	Deletion	38
3R	16851154	16851047	Deletion	107
3R	16851136	16851047	Deletion	89
3R	16851158	16851047	Deletion	111
3R	16851098	16851047	Deletion	51
3R	16851137	16851047	Deletion	90
3R	16851146	16851047	Deletion	99
3R	16851479	16851356	Deletion	123
3R	16852638	16852520	Deletion	118
3R	16852638	16852544	Deletion	94
3R	16852638	16852600	Deletion	38
3R	16858982	16858950	Deletion	32
3R	16859073	16858950	Deletion	123
3R	16859038	16858950	Deletion	88
3R	16872804	16872682	Deletion	122
3R	16893400	16893323	Deletion	77
3R	16893400	16893356	Deletion	44
3R	16893613	16893563	Deletion	50
3R	16893646	16893563	Deletion	83
3R	16905288	16905184	Deletion	104
3R	16905288	16905207	Deletion	81
3R	16905288	16905231	Deletion	57
3R	16905288	16905235	Deletion	53
3R	16905288	16905258	Deletion	30
3R	16906423	16906354	Deletion	69
3R	16906450	16906354	Deletion	96
3R	16906465	16906354	Deletion	111
3R	16906427	16906354	Deletion	73
3R	16906399	16906354	Deletion	45
3R	16911974	16911874	Deletion	100
3R	16911979	16911882	Deletion	97
3R	16911979	16911882	Deletion	97
3R	16911979	16911888	Deletion	91
3R	16911979	16911932	Deletion	47
3R	16911979	16911936	Deletion	43
3R	16911979	16911948	Deletion	31
3R	16914179	16914057	Deletion	122
3R	16914136	16914057	Deletion	79
3R	16914092	16914057	Deletion	35
3R	16914152	16914057	Deletion	95
3R	16914140	16914057	Deletion	83
3R	16920032	16919908	Deletion	124
3R	16931388	16931266	Deletion	122
3R	16934594	16934473	Deletion	121
3R	16945452	16945336	Deletion	116
3R	16945452	16945378	Deletion	74
3R	16945833	16945781	Deletion	52
3R	16951735	16951611	Deletion	124
3R	16951735	16951633	Deletion	102
3R	16951735	16951658	Deletion	77
3R	16951735	16951659	Deletion	76
3R	16951735	16951665	Deletion	70
3R	16951735	16951699	Deletion	36
3R	16954167	16954116	Deletion	51
3R	16954173	16954116	Deletion	57
3R	16954166	16954116	Deletion	50
3R	16954207	16954116	Deletion	91
3R	16963833	16963712	Deletion	121
3R	16963833	16963726	Deletion	107
3R	16963833	16963764	Deletion	69
3R	16963834	16963773	Deletion	61
3R	16963833	16963775	Deletion	58
3R	16963833	16963781	Deletion	52
3R	16963833	16963802	Deletion	31
3R	16963833	16963803	Deletion	30
3R	16964275	16964179	Deletion	96
3R	16964281	16964179	Deletion	102
3R	16964237	16964179	Deletion	58
3R	16964248	16964179	Deletion	69
3R	16964254	16964179	Deletion	75
3R	16964276	16964179	Deletion	97
3R	16964246	16964181	Deletion	65
3R	16964503	16964379	Deletion	124
3R	16974789	16974689	Deletion	100
3R	16974789	16974704	Deletion	85
3R	16974789	16974708	Deletion	81
3R	16978177	16978079	Deletion	98
3R	16978188	16978079	Deletion	109
3R	16978124	16978079	Deletion	45
3R	16978120	16978079	Deletion	41
3R	16991226	16991131	Deletion	95
3R	16991226	16991131	Deletion	95
3R	16991226	16991154	Deletion	72
3R	16991226	16991196	Deletion	30
3R	16995447	16995324	Deletion	123
3R	16995447	16995327	Deletion	120
3R	16995447	16995369	Deletion	78
3R	16995447	16995377	Deletion	70
3R	16995447	16995397	Deletion	50
3R	16995447	16995398	Deletion	49
3R	16996618	16996570	Deletion	48
3R	16996601	16996570	Deletion	31
3R	16996647	16996570	Deletion	77
3R	16996626	16996570	Deletion	56
3R	16996666	16996570	Deletion	96
3R	16996624	16996570	Deletion	54
3R	16996685	16996570	Deletion	115
3R	16996646	16996570	Deletion	76
3R	16996674	16996570	Deletion	104
3R	16996601	16996570	Deletion	31
3R	16997086	16996965	Deletion	121
3R	16997086	16996969	Deletion	117
3R	16997086	16996994	Deletion	92
3R	16997086	16997004	Deletion	82
3R	16997086	16997009	Deletion	77
3R	16997086	16997011	Deletion	75
3R	16997086	16997028	Deletion	58
3R	16997086	16997030	Deletion	56
3R	16997086	16997030	Deletion	56
3R	17008407	17008300	Deletion	107
3R	17008336	17008300	Deletion	36
3R	17008404	17008300	Deletion	104
3R	17008346	17008300	Deletion	46
3R	17008372	17008300	Deletion	72
3R	17008419	17008300	Deletion	119
3R	17008351	17008300	Deletion	51
3R	17008372	17008300	Deletion	72
3R	17008353	17008300	Deletion	53
3R	17008370	17008300	Deletion	70
3R	17025284	17025170	Deletion	114
3R	17025284	17025190	Deletion	94
3R	17025284	17025204	Deletion	80
3R	17025284	17025227	Deletion	57
3R	17025284	17025254	Deletion	30
3R	17029347	17029301	Deletion	46
3R	17029333	17029301	Deletion	32
3R	17029397	17029301	Deletion	96
3R	17029370	17029301	Deletion	69
3R	17029422	17029301	Deletion	121
3R	17038908	17038790	Deletion	118
3R	17038908	17038838	Deletion	70
3R	17038908	17038843	Deletion	65
3R	17038908	17038844	Deletion	64
3R	17038908	17038849	Deletion	59
3R	17044444	17044376	Deletion	68
3R	17044433	17044376	Deletion	57
3R	17044486	17044376	Deletion	110
3R	17044438	17044376	Deletion	62
3R	17044479	17044376	Deletion	103
3R	17044439	17044376	Deletion	63
3R	17059112	17059009	Deletion	103
3R	17059112	17059074	Deletion	38
3R	17066735	17066633	Deletion	102
3R	17066750	17066633	Deletion	117
3R	17066735	17066633	Deletion	102
3R	17066724	17066633	Deletion	91
3R	17067571	17067467	Deletion	104
3R	17067571	17067475	Deletion	96
3R	17067571	17067489	Deletion	82
3R	17067571	17067496	Deletion	75
3R	17067571	17067515	Deletion	56
3R	17070789	17070666	Deletion	123
3R	17070718	17070666	Deletion	52
3R	17070737	17070666	Deletion	71
3R	17070711	17070666	Deletion	45
3R	17070697	17070666	Deletion	31
3R	17085724	17085610	Deletion	114
3R	17085724	17085642	Deletion	82
3R	17085724	17085655	Deletion	69
3R	17085724	17085656	Deletion	68
3R	17085724	17085667	Deletion	57
3R	17085724	17085690	Deletion	34
3R	17087284	17087215	Deletion	69
3R	17087307	17087215	Deletion	92
3R	17087259	17087215	Deletion	44
3R	17087272	17087215	Deletion	57
3R	17087273	17087215	Deletion	58
3R	17094626	17094503	Deletion	123
3R	17121941	17121819	Deletion	122
3R	17121941	17121862	Deletion	79
3R	17121941	17121882	Deletion	59
3R	17121941	17121895	Deletion	46
3R	17129981	17129933	Deletion	48
3R	17130014	17129933	Deletion	81
3R	17130052	17129933	Deletion	119
3R	17130001	17129933	Deletion	68
3R	17133924	17133804	Deletion	120
3R	17163854	17163748	Deletion	106
3R	17163854	17163784	Deletion	70
3R	17163854	17163805	Deletion	49
3R	17163854	17163812	Deletion	42
3R	17174073	17173971	Deletion	102
3R	17174087	17173971	Deletion	116
3R	17174055	17173971	Deletion	84
3R	17174027	17173971	Deletion	56
3R	17174048	17173971	Deletion	77
3R	17176907	17176784	Deletion	123
3R	17177728	17177642	Deletion	86
3R	17177728	17177693	Deletion	35
3R	17178103	17177979	Deletion	124
3R	17178086	17177979	Deletion	107
3R	17178020	17177979	Deletion	41
3R	17178071	17177979	Deletion	92
3R	17192844	17192722	Deletion	122
3R	17215833	17215712	Deletion	121
3R	17230648	17230524	Deletion	124
3R	17230648	17230529	Deletion	119
3R	17230648	17230596	Deletion	52
3R	17238259	17238147	Deletion	112
3R	17238269	17238147	Deletion	122
3R	17238221	17238147	Deletion	74
3R	17238257	17238147	Deletion	110
3R	17241784	17241677	Deletion	107
3R	17241784	17241707	Deletion	77
3R	17241784	17241723	Deletion	61
3R	17241784	17241740	Deletion	44
3R	17241784	17241744	Deletion	40
3R	17243742	17243660	Deletion	82
3R	17243709	17243660	Deletion	49
3R	17243725	17243660	Deletion	65
3R	17243746	17243660	Deletion	86
3R	17244311	17244191	Deletion	120
3R	17244311	17244203	Deletion	108
3R	17244311	17244204	Deletion	107
3R	17244311	17244244	Deletion	67
3R	17244311	17244249	Deletion	62
3R	17244311	17244265	Deletion	46
3R	17244311	17244270	Deletion	41
3R	17244311	17244276	Deletion	35
3R	17244512	17244426	Deletion	86
3R	17244491	17244426	Deletion	65
3R	17244518	17244426	Deletion	92
3R	17244486	17244426	Deletion	60
3R	17244507	17244426	Deletion	81
3R	17244540	17244426	Deletion	114
3R	17258294	17258185	Deletion	109
3R	17258294	17258186	Deletion	108
3R	17258294	17258212	Deletion	82
3R	17258294	17258216	Deletion	78
3R	17258294	17258221	Deletion	73
3R	17258294	17258223	Deletion	71
3R	17258294	17258237	Deletion	57
3R	17259877	17259827	Deletion	50
3R	17259936	17259827	Deletion	109
3R	17259882	17259827	Deletion	55
3R	17259873	17259827	Deletion	46
3R	17259898	17259827	Deletion	71
3R	17259884	17259827	Deletion	57
3R	17262037	17261945	Deletion	92
3R	17262037	17261966	Deletion	71
3R	17262037	17262001	Deletion	36
3R	17265421	17265366	Deletion	55
3R	17265456	17265366	Deletion	90
3R	17265468	17265366	Deletion	102
3R	17265400	17265366	Deletion	34
3R	17265744	17265676	Deletion	68
3R	17265892	17265833	Deletion	59
3R	17277940	17277825	Deletion	115
3R	17277940	17277901	Deletion	39
3R	17278231	17278128	Deletion	103
3R	17278228	17278128	Deletion	100
3R	17278238	17278128	Deletion	110
3R	17278246	17278128	Deletion	118
3R	17278216	17278128	Deletion	88
3R	17289345	17289223	Deletion	122
3R	17289345	17289255	Deletion	90
3R	17289345	17289262	Deletion	83
3R	17289345	17289281	Deletion	64
3R	17289345	17289304	Deletion	41
3R	17289345	17289315	Deletion	30
3R	17295227	17295184	Deletion	43
3R	17295280	17295184	Deletion	96
3R	17295300	17295184	Deletion	116
3R	17295289	17295184	Deletion	105
3R	17295269	17295184	Deletion	85
3R	17295220	17295184	Deletion	36
3R	17295246	17295184	Deletion	62
3R	17302742	17302621	Deletion	121
3R	17304812	17304722	Deletion	90
3R	17304812	17304722	Deletion	90
3R	17304812	17304766	Deletion	46
3R	17327995	17327956	Deletion	39
3R	17328058	17327956	Deletion	102
3R	17327995	17327956	Deletion	39
3R	17328064	17327956	Deletion	108
3R	17328039	17327956	Deletion	83
3R	17331741	17331629	Deletion	112
3R	17331741	17331630	Deletion	111
3R	17331741	17331632	Deletion	109
3R	17331741	17331642	Deletion	99
3R	17331741	17331649	Deletion	92
3R	17331741	17331656	Deletion	85
3R	17331741	17331662	Deletion	79
3R	17331741	17331685	Deletion	56
3R	17331741	17331687	Deletion	54
3R	17331741	17331699	Deletion	42
3R	17332124	17332040	Deletion	84
3R	17332074	17332040	Deletion	34
3R	17332143	17332040	Deletion	103
3R	17332112	17332040	Deletion	72
3R	17332110	17332040	Deletion	70
3R	17332087	17332040	Deletion	47
3R	17332139	17332040	Deletion	99
3R	17332081	17332040	Deletion	41
3R	17335887	17335763	Deletion	124
3R	17335887	17335809	Deletion	78
3R	17335887	17335815	Deletion	72
3R	17335887	17335838	Deletion	49
3R	17335887	17335857	Deletion	30
3R	17345365	17345315	Deletion	50
3R	17345431	17345315	Deletion	116
3R	17345371	17345315	Deletion	56
3R	17345394	17345315	Deletion	79
3R	17345413	17345315	Deletion	98
3R	17347784	17347726	Deletion	58
3R	17358823	17358730	Deletion	93
3R	17358779	17358730	Deletion	49
3R	17358791	17358730	Deletion	61
3R	17358782	17358730	Deletion	52
3R	17358790	17358730	Deletion	60
3R	17358800	17358730	Deletion	70
3R	17358821	17358730	Deletion	91
3R	17377430	17377342	Deletion	88
3R	17377430	17377353	Deletion	77
3R	17377430	17377366	Deletion	64
3R	17377430	17377366	Deletion	64
3R	17377430	17377375	Deletion	55
3R	17377430	17377398	Deletion	32
3R	17377722	17377684	Deletion	38
3R	17377733	17377684	Deletion	49
3R	17377746	17377684	Deletion	62
3R	17377793	17377684	Deletion	109
3R	17377755	17377684	Deletion	71
3R	17377746	17377684	Deletion	62
3R	17377778	17377684	Deletion	94
3R	17379854	17379731	Deletion	123
3R	17384625	17384506	Deletion	119
3R	17387752	17387637	Deletion	115
3R	17387752	17387641	Deletion	111
3R	17387752	17387664	Deletion	88
3R	17387752	17387703	Deletion	49
3R	17389527	17389487	Deletion	40
3R	17389598	17389487	Deletion	111
3R	17389566	17389487	Deletion	79
3R	17392476	17392369	Deletion	107
3R	17392476	17392388	Deletion	88
3R	17392476	17392394	Deletion	82
3R	17392476	17392423	Deletion	53
3R	17398283	17398239	Deletion	44
3R	17398277	17398239	Deletion	38
3R	17398312	17398239	Deletion	73
3R	17425196	17425076	Deletion	120
3R	17425991	17425893	Deletion	98
3R	17425991	17425909	Deletion	82
3R	17425991	17425919	Deletion	72
3R	17425991	17425941	Deletion	50
3R	17425991	17425942	Deletion	49
3R	17425991	17425955	Deletion	36
3R	17435861	17435770	Deletion	91
3R	17435825	17435770	Deletion	55
3R	17435847	17435770	Deletion	77
3R	17435815	17435770	Deletion	45
3R	17435848	17435770	Deletion	78
3R	17437058	17436945	Deletion	113
3R	17437058	17436959	Deletion	99
3R	17437058	17436972	Deletion	86
3R	17437058	17436975	Deletion	83
3R	17437057	17437009	Deletion	48
3R	17437058	17437017	Deletion	41
3R	17439632	17439546	Deletion	86
3R	17439587	17439546	Deletion	41
3R	17439590	17439546	Deletion	44
3R	17439624	17439547	Deletion	77
3R	17443073	17442953	Deletion	120
3R	17443073	17442977	Deletion	96
3R	17443073	17442984	Deletion	89
3R	17443073	17443010	Deletion	63
3R	17443073	17443041	Deletion	32
3R	17443553	17443458	Deletion	95
3R	17443522	17443458	Deletion	64
3R	17443489	17443458	Deletion	31
3R	17443496	17443458	Deletion	38
3R	17446900	17446791	Deletion	109
3R	17446900	17446792	Deletion	108
3R	17446900	17446803	Deletion	97
3R	17446900	17446814	Deletion	86
3R	17446900	17446822	Deletion	78
3R	17446900	17446851	Deletion	49
3R	17446900	17446862	Deletion	38
3R	17471398	17471368	Deletion	30
3R	17471446	17471368	Deletion	78
3R	17471468	17471368	Deletion	100
3R	17471409	17471368	Deletion	41
3R	17471475	17471368	Deletion	107
3R	17471417	17471368	Deletion	49
3R	17471467	17471368	Deletion	99
3R	17471457	17471368	Deletion	89
3R	17510130	17510032	Deletion	98
3R	17513497	17513436	Deletion	61
3R	17515480	17515383	Deletion	97
3R	17518790	17518688	Deletion	102
3R	17518806	17518688	Deletion	118
3R	17518773	17518688	Deletion	85
3R	17518751	17518688	Deletion	63
3R	17518768	17518688	Deletion	80
3R	17518753	17518688	Deletion	65
3R	17522169	17522063	Deletion	106
3R	17522169	17522108	Deletion	61
3R	17522169	17522118	Deletion	51
3R	17522169	17522124	Deletion	45
3R	17522926	17522804	Deletion	122
3R	17522870	17522804	Deletion	66
3R	17522886	17522804	Deletion	82
3R	17522880	17522804	Deletion	76
3R	17543373	17543262	Deletion	111
3R	17543373	17543270	Deletion	103
3R	17543373	17543273	Deletion	100
3R	17543373	17543273	Deletion	100
3R	17543373	17543296	Deletion	77
3R	17543373	17543308	Deletion	65
3R	17543373	17543326	Deletion	47
3R	17547197	17547117	Deletion	80
3R	17547167	17547117	Deletion	50
3R	17547179	17547117	Deletion	62
3R	17551592	17551468	Deletion	124
3R	17555789	17555675	Deletion	114
3R	17555789	17555718	Deletion	71
3R	17555789	17555733	Deletion	56
3R	17555789	17555745	Deletion	44
3R	17563458	17563402	Deletion	56
3R	17563501	17563402	Deletion	99
3R	17563485	17563402	Deletion	83
3R	17563473	17563402	Deletion	71
3R	17563516	17563402	Deletion	114
3R	17575907	17575842	Deletion	65
3R	17579516	17579410	Deletion	106
3R	17579574	17579463	Deletion	111
3R	17581463	17581385	Deletion	78
3R	17599125	17599003	Deletion	122
3R	17599125	17599022	Deletion	103
3R	17599125	17599023	Deletion	102
3R	17599125	17599030	Deletion	95
3R	17599125	17599032	Deletion	93
3R	17599125	17599032	Deletion	93
3R	17599125	17599043	Deletion	82
3R	17599125	17599058	Deletion	67
3R	17599125	17599076	Deletion	49
3R	17600731	17600700	Deletion	31
3R	17600777	17600700	Deletion	77
3R	17600759	17600700	Deletion	59
3R	17600817	17600700	Deletion	117
3R	17600733	17600700	Deletion	33
3R	17600733	17600700	Deletion	33
3R	17600816	17600700	Deletion	116
3R	17600744	17600700	Deletion	44
3R	17618842	17618721	Deletion	121
3R	17618842	17618738	Deletion	104
3R	17618842	17618746	Deletion	96
3R	17618842	17618774	Deletion	68
3R	17618842	17618800	Deletion	42
3R	17619402	17619318	Deletion	84
3R	17619348	17619318	Deletion	30
3R	17619429	17619318	Deletion	111
3R	17619376	17619318	Deletion	58
3R	17619414	17619318	Deletion	96
3R	17619440	17619318	Deletion	122
3R	17619437	17619318	Deletion	119
3R	17636498	17636376	Deletion	122
3R	17636498	17636434	Deletion	64
3R	17637538	17637417	Deletion	121
3R	17637519	17637417	Deletion	102
3R	17637480	17637417	Deletion	63
3R	17641780	17641681	Deletion	99
3R	17641780	17641682	Deletion	98
3R	17641780	17641683	Deletion	97
3R	17641780	17641684	Deletion	96
3R	17641780	17641688	Deletion	92
3R	17641780	17641700	Deletion	80
3R	17666240	17666134	Deletion	106
3R	17666180	17666134	Deletion	46
3R	17666164	17666134	Deletion	30
3R	17681376	17681257	Deletion	119
3R	17681376	17681259	Deletion	117
3R	17681376	17681261	Deletion	115
3R	17681376	17681293	Deletion	83
3R	17681376	17681309	Deletion	67
3R	17681376	17681337	Deletion	39
3R	17681376	17681340	Deletion	36
3R	17681555	17681496	Deletion	59
3R	17681583	17681496	Deletion	87
3R	17681539	17681496	Deletion	43
3R	17681586	17681496	Deletion	90
3R	17684887	17684763	Deletion	124
3R	17686591	17686469	Deletion	122
3R	17704641	17704550	Deletion	91
3R	17704641	17704562	Deletion	79
3R	17704641	17704562	Deletion	79
3R	17704641	17704568	Deletion	73
3R	17704641	17704570	Deletion	71
3R	17704641	17704573	Deletion	68
3R	17704641	17704582	Deletion	59
3R	17704641	17704600	Deletion	41
3R	17708508	17708440	Deletion	68
3R	17708494	17708440	Deletion	54
3R	17708476	17708440	Deletion	36
3R	17708488	17708440	Deletion	48
3R	17708526	17708440	Deletion	86
3R	17708488	17708440	Deletion	48
3R	17708496	17708440	Deletion	56
3R	17708499	17708440	Deletion	59
3R	17711449	17711364	Deletion	85
3R	17711449	17711369	Deletion	80
3R	17711449	17711377	Deletion	72
3R	17711449	17711386	Deletion	63
3R	17711449	17711392	Deletion	57
3R	17711979	17711937	Deletion	42
3R	17712037	17711937	Deletion	100
3R	17712001	17711937	Deletion	64
3R	17712045	17711937	Deletion	108
3R	17712056	17711937	Deletion	119
3R	17712007	17711937	Deletion	70
3R	17712058	17711937	Deletion	121
3R	17711992	17711937	Deletion	55
3R	17711984	17711937	Deletion	47
3R	17713801	17713690	Deletion	111
3R	17713801	17713710	Deletion	91
3R	17713801	17713740	Deletion	61
3R	17713801	17713752	Deletion	49
3R	17713801	17713757	Deletion	44
3R	17713801	17713771	Deletion	30
3R	17725934	17725899	Deletion	35
3R	17725964	17725899	Deletion	65
3R	17726012	17725899	Deletion	113
3R	17726005	17725899	Deletion	106
3R	17725995	17725899	Deletion	96
3R	17725981	17725899	Deletion	82
3R	17725976	17725899	Deletion	77
3R	17729163	17729111	Deletion	52
3R	17729163	17729112	Deletion	51
3R	17757494	17757390	Deletion	104
3R	17757466	17757390	Deletion	76
3R	17757503	17757390	Deletion	113
3R	17757467	17757390	Deletion	77
3R	17762449	17762336	Deletion	113
3R	17762449	17762342	Deletion	107
3R	17762449	17762344	Deletion	105
3R	17762449	17762360	Deletion	89
3R	17762449	17762374	Deletion	75
3R	17762449	17762402	Deletion	47
3R	17762449	17762404	Deletion	45
3R	17762449	17762408	Deletion	41
3R	17762581	17762528	Deletion	53
3R	17762611	17762528	Deletion	83
3R	17762636	17762528	Deletion	108
3R	17762638	17762528	Deletion	110
3R	17762615	17762528	Deletion	87
3R	17762609	17762528	Deletion	81
3R	17762567	17762528	Deletion	39
3R	17775647	17775534	Deletion	113
3R	17775647	17775579	Deletion	68
3R	17775647	17775580	Deletion	67
3R	17786446	17786388	Deletion	58
3R	17786447	17786388	Deletion	59
3R	17789657	17789536	Deletion	121
3R	17790841	17790722	Deletion	119
3R	17802779	17802662	Deletion	117
3R	17802779	17802682	Deletion	97
3R	17802779	17802722	Deletion	57
3R	17804186	17804075	Deletion	111
3R	17804144	17804075	Deletion	69
3R	17804176	17804075	Deletion	101
3R	17804188	17804075	Deletion	113
3R	17804282	17804211	Deletion	71
3R	17804282	17804216	Deletion	66
3R	17818397	17818284	Deletion	113
3R	17818397	17818285	Deletion	112
3R	17818342	17818287	Deletion	55
3R	17818347	17818287	Deletion	60
3R	17818397	17818287	Deletion	110
3R	17818393	17818287	Deletion	106
3R	17818397	17818287	Deletion	110
3R	17818397	17818301	Deletion	96
3R	17818397	17818305	Deletion	92
3R	17818397	17818305	Deletion	92
3R	17818397	17818312	Deletion	85
3R	17818397	17818357	Deletion	40
3R	17819361	17819256	Deletion	105
3R	17819287	17819256	Deletion	31
3R	17819291	17819256	Deletion	35
3R	17819343	17819256	Deletion	87
3R	17819298	17819256	Deletion	42
3R	17819291	17819256	Deletion	35
3R	17845775	17845656	Deletion	119
3R	17845775	17845666	Deletion	109
3R	17845775	17845667	Deletion	108
3R	17845775	17845668	Deletion	107
3R	17845775	17845672	Deletion	103
3R	17845775	17845673	Deletion	102
3R	17845775	17845679	Deletion	96
3R	17845775	17845680	Deletion	95
3R	17845775	17845690	Deletion	85
3R	17845775	17845701	Deletion	74
3R	17846155	17846112	Deletion	43
3R	17846166	17846112	Deletion	54
3R	17846144	17846112	Deletion	32
3R	17846145	17846112	Deletion	33
3R	17848508	17848384	Deletion	124
3R	17849166	17849044	Deletion	122
3R	17878906	17878783	Deletion	123
3R	17884403	17884306	Deletion	97
3R	17884403	17884309	Deletion	94
3R	17884403	17884339	Deletion	64
3R	17884403	17884349	Deletion	54
3R	17884668	17884638	Deletion	30
3R	17884751	17884638	Deletion	113
3R	17884671	17884638	Deletion	33
3R	17884740	17884638	Deletion	102
3R	17884711	17884638	Deletion	73
3R	17884701	17884638	Deletion	63
3R	17885660	17885558	Deletion	102
3R	17885660	17885558	Deletion	102
3R	17885660	17885572	Deletion	88
3R	17885660	17885584	Deletion	76
3R	17885660	17885588	Deletion	72
3R	17885660	17885590	Deletion	70
3R	17885660	17885614	Deletion	46
3R	17885660	17885627	Deletion	33
3R	17885660	17885628	Deletion	32
3R	17888835	17888755	Deletion	80
3R	17888865	17888755	Deletion	110
3R	17888848	17888755	Deletion	93
3R	17888793	17888755	Deletion	38
3R	17888811	17888755	Deletion	56
3R	17888849	17888755	Deletion	94
3R	17888805	17888755	Deletion	50
3R	17888870	17888755	Deletion	115
3R	17888809	17888755	Deletion	54
3R	17908993	17908870	Deletion	123
3R	17918646	17918545	Deletion	101
3R	17918667	17918545	Deletion	122
3R	17920186	17920076	Deletion	110
3R	17920186	17920105	Deletion	81
3R	17920186	17920107	Deletion	79
3R	17920186	17920111	Deletion	75
3R	17920186	17920154	Deletion	32
3R	17920316	17920269	Deletion	47
3R	17920314	17920269	Deletion	45
3R	17920320	17920269	Deletion	51
3R	17920363	17920269	Deletion	94
3R	17927151	17927031	Deletion	120
3R	17927151	17927113	Deletion	38
3R	17927312	17927204	Deletion	108
3R	17930945	17930834	Deletion	111
3R	17930945	17930835	Deletion	110
3R	17930945	17930847	Deletion	98
3R	17930945	17930862	Deletion	83
3R	17930945	17930867	Deletion	78
3R	17930945	17930892	Deletion	53
3R	17935193	17935144	Deletion	49
3R	17935263	17935144	Deletion	119
3R	17935218	17935144	Deletion	74
3R	17935188	17935144	Deletion	44
3R	17935257	17935144	Deletion	113
3R	17942592	17942471	Deletion	121
3R	17943245	17943166	Deletion	79
3R	17943245	17943168	Deletion	77
3R	17943245	17943187	Deletion	58
3R	17943245	17943189	Deletion	56
3R	17943245	17943202	Deletion	43
3R	17946102	17946053	Deletion	49
3R	17946136	17946053	Deletion	83
3R	17946123	17946053	Deletion	70
3R	17946176	17946053	Deletion	123
3R	17946121	17946053	Deletion	68
3R	17946100	17946053	Deletion	47
3R	17946156	17946053	Deletion	103
3R	17960066	17959946	Deletion	120
3R	17965936	17965837	Deletion	99
3R	17965936	17965877	Deletion	59
3R	17965936	17965877	Deletion	59
3R	17965936	17965881	Deletion	55
3R	17965936	17965888	Deletion	48
3R	17965936	17965890	Deletion	46
3R	17965936	17965904	Deletion	32
3R	17966073	17965995	Deletion	78
3R	17966075	17965995	Deletion	80
3R	17966100	17965995	Deletion	105
3R	17966062	17965995	Deletion	67
3R	17966066	17965995	Deletion	71
3R	17966089	17965995	Deletion	94
3R	17966062	17965995	Deletion	67
3R	17966099	17966001	Deletion	98
3R	17972870	17972754	Deletion	116
3R	17972870	17972767	Deletion	103
3R	17972870	17972781	Deletion	89
3R	17972870	17972782	Deletion	88
3R	17972870	17972812	Deletion	58
3R	17972870	17972820	Deletion	50
3R	17972870	17972820	Deletion	50
3R	17972870	17972838	Deletion	32
3R	17973040	17972919	Deletion	121
3R	17972960	17972919	Deletion	41
3R	17972991	17972919	Deletion	72
3R	17972999	17972919	Deletion	80
3R	17973017	17972919	Deletion	98
3R	17972999	17972919	Deletion	80
3R	17972961	17972919	Deletion	42
3R	17976633	17976564	Deletion	69
3R	17976633	17976589	Deletion	44
3R	17977572	17977450	Deletion	122
3R	17977507	17977450	Deletion	57
3R	17977532	17977450	Deletion	82
3R	17977548	17977450	Deletion	98
3R	18005124	18005003	Deletion	121
3R	18025918	18025810	Deletion	108
3R	18031970	18031851	Deletion	119
3R	18032988	18032927	Deletion	61
3R	18033049	18033002	Deletion	47
3R	18033666	18033580	Deletion	86
3R	18033699	18033651	Deletion	48
3R	18038333	18038303	Deletion	30
3R	18038586	18038531	Deletion	55
3R	18048512	18048396	Deletion	116
3R	18048450	18048396	Deletion	54
3R	18048449	18048396	Deletion	53
3R	18048504	18048396	Deletion	108
3R	18048446	18048396	Deletion	50
3R	18048426	18048396	Deletion	30
3R	18048431	18048396	Deletion	35
3R	18051598	18051477	Deletion	121
3R	18054273	18054154	Deletion	119
3R	18054273	18054166	Deletion	107
3R	18054273	18054237	Deletion	36
3R	18054961	18054863	Deletion	98
3R	18054953	18054863	Deletion	90
3R	18054960	18054863	Deletion	97
3R	18059965	18059928	Deletion	37
3R	18060744	18060640	Deletion	104
3R	18060746	18060640	Deletion	106
3R	18060731	18060640	Deletion	91
3R	18060747	18060640	Deletion	107
3R	18061802	18061746	Deletion	56
3R	18065453	18065335	Deletion	118
3R	18065453	18065335	Deletion	118
3R	18065453	18065344	Deletion	109
3R	18065453	18065383	Deletion	70
3R	18065453	18065407	Deletion	46
3R	18067072	18066992	Deletion	80
3R	18067048	18066992	Deletion	56
3R	18067114	18066992	Deletion	122
3R	18086337	18086213	Deletion	124
3R	18086337	18086214	Deletion	123
3R	18086337	18086254	Deletion	83
3R	18086337	18086254	Deletion	83
3R	18086337	18086278	Deletion	59
3R	18088818	18088714	Deletion	104
3R	18088781	18088714	Deletion	67
3R	18088757	18088714	Deletion	43
3R	18088757	18088714	Deletion	43
3R	18094529	18094429	Deletion	100
3R	18094529	18094496	Deletion	33
3R	18096641	18096548	Deletion	93
3R	18099460	18099357	Deletion	103
3R	18099460	18099370	Deletion	90
3R	18099460	18099378	Deletion	82
3R	18099460	18099379	Deletion	81
3R	18099460	18099398	Deletion	62
3R	18099460	18099409	Deletion	51
3R	18099460	18099418	Deletion	42
3R	18099460	18099424	Deletion	36
3R	18099815	18099770	Deletion	45
3R	18099877	18099770	Deletion	107
3R	18099846	18099770	Deletion	76
3R	18099835	18099770	Deletion	65
3R	18099855	18099770	Deletion	85
3R	18099807	18099770	Deletion	37
3R	18099885	18099770	Deletion	115
3R	18099816	18099770	Deletion	46
3R	18099861	18099770	Deletion	91
3R	18099883	18099770	Deletion	113
3R	18100550	18100433	Deletion	117
3R	18100550	18100464	Deletion	86
3R	18101069	18101027	Deletion	42
3R	18101133	18101027	Deletion	106
3R	18101140	18101027	Deletion	113
3R	18101446	18101330	Deletion	116
3R	18101446	18101346	Deletion	100
3R	18101446	18101385	Deletion	61
3R	18101446	18101396	Deletion	50
3R	18101929	18101864	Deletion	65
3R	18101976	18101864	Deletion	112
3R	18101984	18101864	Deletion	120
3R	18101940	18101864	Deletion	76
3R	18132457	18132350	Deletion	107
3R	18132457	18132353	Deletion	104
3R	18137845	18137796	Deletion	49
3R	18137845	18137801	Deletion	44
3R	18137845	18137810	Deletion	35
3R	18139455	18139378	Deletion	77
3R	18139460	18139378	Deletion	82
3R	18139469	18139378	Deletion	91
3R	18144013	18143895	Deletion	118
3R	18144013	18143899	Deletion	114
3R	18144013	18143901	Deletion	112
3R	18144013	18143907	Deletion	106
3R	18144013	18143921	Deletion	92
3R	18144013	18143960	Deletion	53
3R	18144013	18143975	Deletion	38
3R	18144887	18144798	Deletion	89
3R	18144833	18144798	Deletion	35
3R	18144902	18144798	Deletion	104
3R	18144872	18144798	Deletion	74
3R	18178178	18178054	Deletion	124
3R	18178178	18178057	Deletion	121
3R	18178178	18178093	Deletion	85
3R	18178178	18178098	Deletion	80
3R	18180977	18180857	Deletion	120
3R	18180975	18180857	Deletion	118
3R	18180966	18180857	Deletion	109
3R	18180960	18180857	Deletion	103
3R	18180906	18180857	Deletion	49
3R	18180901	18180857	Deletion	44
3R	18184222	18184114	Deletion	108
3R	18184222	18184138	Deletion	84
3R	18184222	18184153	Deletion	69
3R	18184222	18184163	Deletion	59
3R	18184222	18184168	Deletion	54
3R	18189192	18189125	Deletion	67
3R	18189182	18189125	Deletion	57
3R	18189237	18189125	Deletion	112
3R	18189229	18189125	Deletion	104
3R	18189197	18189125	Deletion	72
3R	18189232	18189125	Deletion	107
3R	18189167	18189125	Deletion	42
3R	18190994	18190887	Deletion	107
3R	18190994	18190897	Deletion	97
3R	18190994	18190903	Deletion	91
3R	18190994	18190911	Deletion	83
3R	18191087	18191044	Deletion	43
3R	18191319	18191196	Deletion	123
3R	18191319	18191214	Deletion	105
3R	18191319	18191258	Deletion	61
3R	18191319	18191259	Deletion	60
3R	18191319	18191263	Deletion	56
3R	18197181	18197109	Deletion	72
3R	18197222	18197109	Deletion	113
3R	18197221	18197109	Deletion	112
3R	18197177	18197109	Deletion	68
3R	18197176	18197109	Deletion	67
3R	18200441	18200344	Deletion	97
3R	18200441	18200361	Deletion	80
3R	18200441	18200388	Deletion	53
3R	18200441	18200392	Deletion	49
3R	18200441	18200398	Deletion	43
3R	18207059	18206983	Deletion	76
3R	18207069	18206983	Deletion	86
3R	18207015	18206983	Deletion	32
3R	18207063	18206983	Deletion	80
3R	18207032	18206983	Deletion	49
3R	18211796	18211705	Deletion	91
3R	18211796	18211720	Deletion	76
3R	18211796	18211725	Deletion	71
3R	18212868	18212813	Deletion	55
3R	18212922	18212813	Deletion	109
3R	18212863	18212813	Deletion	50
3R	18212848	18212814	Deletion	34
3R	18217247	18217168	Deletion	79
3R	18218392	18218306	Deletion	86
3R	18218354	18218306	Deletion	48
3R	18218422	18218306	Deletion	116
3R	18243481	18243358	Deletion	123
3R	18243536	18243439	Deletion	97
3R	18243536	18243466	Deletion	70
3R	18243536	18243469	Deletion	67
3R	18243536	18243494	Deletion	42
3R	18243536	18243497	Deletion	39
3R	18243536	18243505	Deletion	31
3R	18244034	18243922	Deletion	112
3R	18243983	18243922	Deletion	61
3R	18244029	18243922	Deletion	107
3R	18243953	18243922	Deletion	31
3R	18243980	18243922	Deletion	58
3R	18244011	18243922	Deletion	89
3R	18244008	18243922	Deletion	86
3R	18244019	18243922	Deletion	97
3R	18244046	18243922	Deletion	124
3R	18244027	18243922	Deletion	105
3R	18244878	18244771	Deletion	107
3R	18244878	18244773	Deletion	105
3R	18244878	18244830	Deletion	48
3R	18244878	18244836	Deletion	42
3R	18244878	18244842	Deletion	36
3R	18266425	18266334	Deletion	91
3R	18266440	18266334	Deletion	106
3R	18266419	18266334	Deletion	85
3R	18266452	18266334	Deletion	118
3R	18266413	18266334	Deletion	79
3R	18266432	18266338	Deletion	94
3R	18276606	18276503	Deletion	103
3R	18276606	18276551	Deletion	55
3R	18276606	18276567	Deletion	39
3R	18277583	18277511	Deletion	72
3R	18277609	18277511	Deletion	98
3R	18277599	18277511	Deletion	88
3R	18277619	18277514	Deletion	105
3R	18279716	18279607	Deletion	109
3R	18279716	18279611	Deletion	105
3R	18279716	18279671	Deletion	45
3R	18284452	18284370	Deletion	82
3R	18284475	18284370	Deletion	105
3R	18284470	18284370	Deletion	100
3R	18286368	18286247	Deletion	121
3R	18286368	18286282	Deletion	86
3R	18286368	18286331	Deletion	37
3R	18286368	18286336	Deletion	32
3R	18290794	18290694	Deletion	100
3R	18290789	18290694	Deletion	95
3R	18290792	18290694	Deletion	98
3R	18290802	18290694	Deletion	108
3R	18290735	18290694	Deletion	41
3R	18290784	18290694	Deletion	90
3R	18293002	18292947	Deletion	55
3R	18293002	18292952	Deletion	50
3R	18293002	18292967	Deletion	35
3R	18293170	18293078	Deletion	92
3R	18293189	18293078	Deletion	111
3R	18293200	18293078	Deletion	122
3R	18293155	18293078	Deletion	77
3R	18293150	18293078	Deletion	72
3R	18293196	18293078	Deletion	118
3R	18299166	18299044	Deletion	122
3R	18306642	18306544	Deletion	98
3R	18306642	18306566	Deletion	76
3R	18306642	18306579	Deletion	63
3R	18306642	18306588	Deletion	54
3R	18306642	18306594	Deletion	48
3R	18306642	18306612	Deletion	30
3R	18306956	18306860	Deletion	96
3R	18306973	18306860	Deletion	113
3R	18306982	18306860	Deletion	122
3R	18306910	18306860	Deletion	50
3R	18306923	18306860	Deletion	63
3R	18306938	18306860	Deletion	78
3R	18306932	18306860	Deletion	72
3R	18312827	18312705	Deletion	122
3R	18323539	18323417	Deletion	122
3R	18323539	18323448	Deletion	91
3R	18323539	18323452	Deletion	87
3R	18323539	18323471	Deletion	68
3R	18323539	18323489	Deletion	50
3R	18323539	18323500	Deletion	39
3R	18331828	18331789	Deletion	39
3R	18331847	18331789	Deletion	58
3R	18331865	18331789	Deletion	76
3R	18331876	18331789	Deletion	87
3R	18331824	18331789	Deletion	35
3R	18332859	18332806	Deletion	53
3R	18343719	18343643	Deletion	76
3R	18343719	18343670	Deletion	49
3R	18343719	18343678	Deletion	41
3R	18343719	18343682	Deletion	37
3R	18344708	18344658	Deletion	50
3R	18344735	18344658	Deletion	77
3R	18344747	18344658	Deletion	89
3R	18344743	18344658	Deletion	85
3R	18344923	18344856	Deletion	67
3R	18344923	18344857	Deletion	66
3R	18344923	18344872	Deletion	51
3R	18352438	18352333	Deletion	105
3R	18352408	18352333	Deletion	75
3R	18352434	18352333	Deletion	101
3R	18352392	18352333	Deletion	59
3R	18352393	18352333	Deletion	60
3R	18381813	18381690	Deletion	123
3R	18389093	18388993	Deletion	100
3R	18389093	18389014	Deletion	79
3R	18389093	18389023	Deletion	70
3R	18394228	18394172	Deletion	56
3R	18394264	18394172	Deletion	92
3R	18394271	18394172	Deletion	99
3R	18394219	18394172	Deletion	47
3R	18394732	18394659	Deletion	73
3R	18394732	18394679	Deletion	53
3R	18394732	18394691	Deletion	41
3R	18397100	18396994	Deletion	106
3R	18397079	18396994	Deletion	85
3R	18397096	18396994	Deletion	102
3R	18397047	18396994	Deletion	53
3R	18397067	18396994	Deletion	73
3R	18411948	18411829	Deletion	119
3R	18411948	18411842	Deletion	106
3R	18411948	18411897	Deletion	51
3R	18412107	18411998	Deletion	109
3R	18412112	18411998	Deletion	114
3R	18412073	18411998	Deletion	75
3R	18414060	18413937	Deletion	123
3R	18424970	18424880	Deletion	90
3R	18424970	18424898	Deletion	72
3R	18424970	18424931	Deletion	39
3R	18428681	18428573	Deletion	108
3R	18428610	18428573	Deletion	37
3R	18428628	18428573	Deletion	55
3R	18428692	18428573	Deletion	119
3R	18428661	18428573	Deletion	88
3R	18436442	18436333	Deletion	109
3R	18436442	18436390	Deletion	52
3R	18438692	18438617	Deletion	75
3R	18441017	18440893	Deletion	124
3R	18454698	18454574	Deletion	124
3R	18461604	18461494	Deletion	110
3R	18461604	18461517	Deletion	87
3R	18461604	18461539	Deletion	65
3R	18461604	18461565	Deletion	39
3R	18461604	18461571	Deletion	33
3R	18461604	18461572	Deletion	32
3R	18471087	18470976	Deletion	111
3R	18471099	18470976	Deletion	123
3R	18471038	18470976	Deletion	62
3R	18471016	18470976	Deletion	40
3R	18471064	18470976	Deletion	88
3R	18471087	18470976	Deletion	111
3R	18471071	18470976	Deletion	95
3R	18471070	18470976	Deletion	94
3R	18489716	18489610	Deletion	106
3R	18489716	18489610	Deletion	106
3R	18489716	18489621	Deletion	95
3R	18489716	18489626	Deletion	90
3R	18489716	18489638	Deletion	78
3R	18499378	18499330	Deletion	48
3R	18499366	18499330	Deletion	36
3R	18499427	18499330	Deletion	97
3R	18499361	18499330	Deletion	31
3R	18499444	18499330	Deletion	114
3R	18500847	18500731	Deletion	116
3R	18503852	18503767	Deletion	85
3R	18503852	18503772	Deletion	80
3R	18503852	18503785	Deletion	67
3R	18503852	18503793	Deletion	59
3R	18503852	18503802	Deletion	50
3R	18503852	18503809	Deletion	43
3R	18512349	18512282	Deletion	67
3R	18512323	18512282	Deletion	41
3R	18512328	18512282	Deletion	46
3R	18512365	18512282	Deletion	83
3R	18512341	18512282	Deletion	59
3R	18512358	18512282	Deletion	76
3R	18517621	18517499	Deletion	122
3R	18517621	18517531	Deletion	90
3R	18517621	18517542	Deletion	79
3R	18517621	18517550	Deletion	71
3R	18517621	18517556	Deletion	65
3R	18517621	18517556	Deletion	65
3R	18517621	18517563	Deletion	58
3R	18520689	18520566	Deletion	123
3R	18520614	18520566	Deletion	48
3R	18520603	18520566	Deletion	37
3R	18520628	18520566	Deletion	62
3R	18520635	18520566	Deletion	69
3R	18520622	18520566	Deletion	56
3R	18520628	18520566	Deletion	62
3R	18528281	18528158	Deletion	123
3R	18542979	18542859	Deletion	120
3R	18542979	18542863	Deletion	116
3R	18542979	18542867	Deletion	112
3R	18542979	18542877	Deletion	102
3R	18542979	18542907	Deletion	72
3R	18542979	18542918	Deletion	61
3R	18543749	18543630	Deletion	119
3R	18543697	18543632	Deletion	65
3R	18543686	18543632	Deletion	54
3R	18556080	18555975	Deletion	105
3R	18556080	18555990	Deletion	90
3R	18556080	18555999	Deletion	81
3R	18557494	18557391	Deletion	103
3R	18557510	18557391	Deletion	119
3R	18557436	18557391	Deletion	45
3R	18557427	18557391	Deletion	36
3R	18557494	18557391	Deletion	103
3R	18557513	18557391	Deletion	122
3R	18562149	18562071	Deletion	78
3R	18562149	18562082	Deletion	67
3R	18562149	18562114	Deletion	35
3R	18562311	18562218	Deletion	93
3R	18562268	18562218	Deletion	50
3R	18562279	18562218	Deletion	61
3R	18562340	18562218	Deletion	122
3R	18565713	18565591	Deletion	122
3R	18580606	18580482	Deletion	124
3R	18580606	18580519	Deletion	87
3R	18580606	18580526	Deletion	80
3R	18580606	18580538	Deletion	68
3R	18580606	18580554	Deletion	52
3R	18580606	18580576	Deletion	30
3R	18581072	18581014	Deletion	58
3R	18581053	18581014	Deletion	39
3R	18581088	18581014	Deletion	74
3R	18581060	18581014	Deletion	46
3R	18581110	18581014	Deletion	96
3R	18581450	18581386	Deletion	64
3R	18581860	18581797	Deletion	63
3R	18586208	18586086	Deletion	122
3R	18606350	18606229	Deletion	121
3R	18609344	18609279	Deletion	65
3R	18609638	18609543	Deletion	95
3R	18620395	18620278	Deletion	117
3R	18620395	18620283	Deletion	112
3R	18620395	18620336	Deletion	59
3R	18620395	18620356	Deletion	39
3R	18622443	18622343	Deletion	100
3R	18622410	18622343	Deletion	67
3R	18622430	18622343	Deletion	87
3R	18622599	18622480	Deletion	119
3R	18624602	18624486	Deletion	116
3R	18624602	18624507	Deletion	95
3R	18624602	18624551	Deletion	51
3R	18625428	18625394	Deletion	34
3R	18625472	18625394	Deletion	78
3R	18632350	18632241	Deletion	109
3R	18632350	18632252	Deletion	98
3R	18632350	18632254	Deletion	96
3R	18632350	18632264	Deletion	86
3R	18632350	18632275	Deletion	75
3R	18632350	18632290	Deletion	60
3R	18632350	18632309	Deletion	41
3R	18632472	18632421	Deletion	51
3R	18632523	18632421	Deletion	102
3R	18632451	18632421	Deletion	30
3R	18632506	18632421	Deletion	85
3R	18632487	18632421	Deletion	66
3R	18632461	18632421	Deletion	40
3R	18632536	18632421	Deletion	115
3R	18636874	18636762	Deletion	112
3R	18636874	18636768	Deletion	106
3R	18636874	18636778	Deletion	96
3R	18636874	18636812	Deletion	62
3R	18636874	18636827	Deletion	47
3R	18636874	18636835	Deletion	39
3R	18636874	18636841	Deletion	33
3R	18639144	18639051	Deletion	93
3R	18639138	18639051	Deletion	87
3R	18639159	18639051	Deletion	108
3R	18639172	18639051	Deletion	121
3R	18639081	18639051	Deletion	30
3R	18639115	18639051	Deletion	64
3R	18639130	18639051	Deletion	79
3R	18639149	18639056	Deletion	93
3R	18662757	18662643	Deletion	114
3R	18662757	18662694	Deletion	63
3R	18662757	18662699	Deletion	58
3R	18662757	18662702	Deletion	55
3R	18662757	18662714	Deletion	43
3R	18668219	18668147	Deletion	72
3R	18668216	18668147	Deletion	69
3R	18668253	18668147	Deletion	106
3R	18668251	18668147	Deletion	104
3R	18668211	18668147	Deletion	64
3R	18668231	18668147	Deletion	84
3R	18680369	18680280	Deletion	89
3R	18680369	18680323	Deletion	46
3R	18680565	18680485	Deletion	80
3R	18680522	18680485	Deletion	37
3R	18680609	18680485	Deletion	124
3R	18680986	18680906	Deletion	80
3R	18680986	18680923	Deletion	63
3R	18680986	18680942	Deletion	44
3R	18680986	18680943	Deletion	43
3R	18683380	18683280	Deletion	100
3R	18683363	18683280	Deletion	83
3R	18683343	18683280	Deletion	63
3R	18683362	18683280	Deletion	82
3R	18683326	18683280	Deletion	46
3R	18683465	18683347	Deletion	118
3R	18683465	18683391	Deletion	74
3R	18683995	18683886	Deletion	109
3R	18683938	18683886	Deletion	52
3R	18703749	18703643	Deletion	106
3R	18703749	18703684	Deletion	65
3R	18703749	18703693	Deletion	56
3R	18709347	18709277	Deletion	70
3R	18709401	18709277	Deletion	124
3R	18709338	18709277	Deletion	61
3R	18715095	18714985	Deletion	110
3R	18715095	18714997	Deletion	98
3R	18715095	18715013	Deletion	82
3R	18715095	18715038	Deletion	57
3R	18715460	18715358	Deletion	102
3R	18715463	18715358	Deletion	105
3R	18715402	18715358	Deletion	44
3R	18715427	18715358	Deletion	69
3R	18721211	18721104	Deletion	107
3R	18721215	18721156	Deletion	59
3R	18721215	18721157	Deletion	58
3R	18721215	18721160	Deletion	55
3R	18721215	18721160	Deletion	55
3R	18721215	18721180	Deletion	35
3R	18735960	18735845	Deletion	115
3R	18735917	18735845	Deletion	72
3R	18735913	18735845	Deletion	68
3R	18735914	18735845	Deletion	69
3R	18735917	18735845	Deletion	72
3R	18735937	18735845	Deletion	92
3R	18735945	18735845	Deletion	100
3R	18741869	18741758	Deletion	111
3R	18741869	18741790	Deletion	79
3R	18745722	18745675	Deletion	47
3R	18750611	18750499	Deletion	112
3R	18750611	18750503	Deletion	108
3R	18750611	18750505	Deletion	106
3R	18750611	18750507	Deletion	104
3R	18750611	18750509	Deletion	102
3R	18750611	18750551	Deletion	60
3R	18750611	18750560	Deletion	51
3R	18750894	18750827	Deletion	67
3R	18750939	18750827	Deletion	112
3R	18750903	18750827	Deletion	76
3R	18755532	18755416	Deletion	116
3R	18755532	18755424	Deletion	108
3R	18755532	18755430	Deletion	102
3R	18755532	18755466	Deletion	66
3R	18755528	18755472	Deletion	56
3R	18755532	18755493	Deletion	39
3R	18755532	18755501	Deletion	31
3R	18757094	18756997	Deletion	97
3R	18757086	18756997	Deletion	89
3R	18757059	18756997	Deletion	62
3R	18757065	18756997	Deletion	68
3R	18760243	18760124	Deletion	119
3R	18760243	18760167	Deletion	76
3R	18760243	18760190	Deletion	53
3R	18760243	18760207	Deletion	36
3R	18760243	18760213	Deletion	30
3R	18760390	18760293	Deletion	97
3R	18760401	18760293	Deletion	108
3R	18760367	18760293	Deletion	74
3R	18760384	18760293	Deletion	91
3R	18760344	18760293	Deletion	51
3R	18760406	18760300	Deletion	106
3R	18768187	18768085	Deletion	102
3R	18768187	18768088	Deletion	99
3R	18768187	18768109	Deletion	78
3R	18768273	18768242	Deletion	31
3R	18768294	18768242	Deletion	52
3R	18768345	18768242	Deletion	103
3R	18769273	18769150	Deletion	123
3R	18801471	18801354	Deletion	117
3R	18801471	18801405	Deletion	66
3R	18801471	18801409	Deletion	62
3R	18801471	18801424	Deletion	47
3R	18804393	18804329	Deletion	64
3R	18804389	18804329	Deletion	60
3R	18804447	18804329	Deletion	118
3R	18804408	18804329	Deletion	79
3R	18808706	18808583	Deletion	123
3R	18811868	18811775	Deletion	93
3R	18811868	18811796	Deletion	72
3R	18812102	18812067	Deletion	35
3R	18812173	18812067	Deletion	106
3R	18812123	18812067	Deletion	56
3R	18822456	18822332	Deletion	124
3R	18836204	18836083	Deletion	121
3R	18848806	18848696	Deletion	110
3R	18848806	18848717	Deletion	89
3R	18848806	18848768	Deletion	38
3R	18848806	18848776	Deletion	30
3R	18853800	18853704	Deletion	96
3R	18853792	18853704	Deletion	88
3R	18853741	18853704	Deletion	37
3R	18859443	18859320	Deletion	123
3R	18860197	18860073	Deletion	124
3R	18860197	18860094	Deletion	103
3R	18860197	18860095	Deletion	102
3R	18860197	18860103	Deletion	94
3R	18860197	18860132	Deletion	65
3R	18860197	18860145	Deletion	52
3R	18860197	18860149	Deletion	48
3R	18867421	18867389	Deletion	32
3R	18867467	18867389	Deletion	78
3R	18867489	18867389	Deletion	100
3R	18867511	18867389	Deletion	122
3R	18867463	18867389	Deletion	74
3R	18867450	18867389	Deletion	61
3R	18867513	18867390	Deletion	123
3R	18887582	18887468	Deletion	114
3R	18887582	18887471	Deletion	111
3R	18887582	18887483	Deletion	99
3R	18887582	18887489	Deletion	93
3R	18887582	18887497	Deletion	85
3R	18887582	18887527	Deletion	55
3R	18887582	18887529	Deletion	53
3R	18887582	18887540	Deletion	42
3R	18887937	18887831	Deletion	106
3R	18887904	18887831	Deletion	73
3R	18887872	18887831	Deletion	41
3R	18887864	18887831	Deletion	33
3R	18887902	18887831	Deletion	71
3R	18887915	18887831	Deletion	84
3R	18890117	18889996	Deletion	121
3R	18890117	18889997	Deletion	120
3R	18890117	18890004	Deletion	113
3R	18890117	18890007	Deletion	110
3R	18890117	18890026	Deletion	91
3R	18890117	18890045	Deletion	72
3R	18890117	18890084	Deletion	33
3R	18890117	18890085	Deletion	32
3R	18914698	18914589	Deletion	109
3R	18914683	18914589	Deletion	94
3R	18914682	18914589	Deletion	93
3R	18914643	18914589	Deletion	54
3R	18914624	18914589	Deletion	35
3R	18914689	18914589	Deletion	100
3R	18921602	18921486	Deletion	116
3R	18921602	18921525	Deletion	77
3R	18921602	18921554	Deletion	48
3R	18922258	18922161	Deletion	97
3R	18922239	18922161	Deletion	78
3R	18922210	18922161	Deletion	49
3R	18943057	18942937	Deletion	120
3R	18943057	18942945	Deletion	112
3R	18943057	18942984	Deletion	73
3R	18943057	18943000	Deletion	57
3R	18943057	18943003	Deletion	54
3R	18947565	18947493	Deletion	72
3R	18947562	18947493	Deletion	69
3R	18947611	18947493	Deletion	118
3R	18947546	18947493	Deletion	53
3R	18947606	18947493	Deletion	113
3R	18961434	18961319	Deletion	115
3R	18961434	18961330	Deletion	104
3R	18961434	18961339	Deletion	95
3R	18961434	18961387	Deletion	47
3R	18961569	18961490	Deletion	79
3R	18961521	18961490	Deletion	31
3R	18963459	18963340	Deletion	119
3R	18985614	18985499	Deletion	115
3R	18987815	18987696	Deletion	119
3R	18995609	18995487	Deletion	122
3R	19016412	19016307	Deletion	105
3R	19016412	19016333	Deletion	79
3R	19016412	19016341	Deletion	71
3R	19016412	19016345	Deletion	67
3R	19016412	19016358	Deletion	54
3R	19016412	19016372	Deletion	40
3R	19019721	19019674	Deletion	47
3R	19019729	19019674	Deletion	55
3R	19019746	19019674	Deletion	72
3R	19019760	19019674	Deletion	86
3R	19019733	19019674	Deletion	59
3R	19024132	19024012	Deletion	120
3R	19024132	19024012	Deletion	120
3R	19024132	19024030	Deletion	102
3R	19024132	19024035	Deletion	97
3R	19024132	19024069	Deletion	63
3R	19024132	19024073	Deletion	59
3R	19025236	19025173	Deletion	63
3R	19025274	19025173	Deletion	101
3R	19025276	19025173	Deletion	103
3R	19025240	19025173	Deletion	67
3R	19041588	19041467	Deletion	121
3R	19041588	19041479	Deletion	109
3R	19041588	19041491	Deletion	97
3R	19041588	19041509	Deletion	79
3R	19041588	19041520	Deletion	68
3R	19041588	19041526	Deletion	62
3R	19041588	19041544	Deletion	44
3R	19041588	19041556	Deletion	32
3R	19043541	19043475	Deletion	66
3R	19043559	19043475	Deletion	84
3R	19043535	19043475	Deletion	60
3R	19043592	19043475	Deletion	117
3R	19043571	19043475	Deletion	96
3R	19043524	19043475	Deletion	49
3R	19043506	19043475	Deletion	31
3R	19043591	19043475	Deletion	116
3R	19052213	19052092	Deletion	121
3R	19052213	19052150	Deletion	63
3R	19052213	19052155	Deletion	58
3R	19052213	19052170	Deletion	43
3R	19052213	19052179	Deletion	34
3R	19052213	19052182	Deletion	31
3R	19055553	19055460	Deletion	93
3R	19055544	19055460	Deletion	84
3R	19055556	19055460	Deletion	96
3R	19055524	19055460	Deletion	64
3R	19055529	19055460	Deletion	69
3R	19056947	19056838	Deletion	109
3R	19056947	19056838	Deletion	109
3R	19056947	19056859	Deletion	88
3R	19056947	19056890	Deletion	57
3R	19082257	19082219	Deletion	38
3R	19082288	19082219	Deletion	69
3R	19091171	19091079	Deletion	92
3R	19091171	19091084	Deletion	87
3R	19091171	19091085	Deletion	86
3R	19091171	19091095	Deletion	76
3R	19091171	19091112	Deletion	59
3R	19091171	19091137	Deletion	34
3R	19091367	19091327	Deletion	40
3R	19091420	19091327	Deletion	93
3R	19091395	19091327	Deletion	68
3R	19091444	19091327	Deletion	117
3R	19091368	19091327	Deletion	41
3R	19091449	19091327	Deletion	122
3R	19091378	19091327	Deletion	51
3R	19091362	19091327	Deletion	35
3R	19095280	19095159	Deletion	121
3R	19100835	19100727	Deletion	108
3R	19100835	19100737	Deletion	98
3R	19100835	19100746	Deletion	89
3R	19100835	19100759	Deletion	76
3R	19100928	19100886	Deletion	42
3R	19100919	19100886	Deletion	33
3R	19100941	19100886	Deletion	55
3R	19101000	19100886	Deletion	114
3R	19105682	19105558	Deletion	124
3R	19138241	19138138	Deletion	103
3R	19140882	19140779	Deletion	103
3R	19140882	19140801	Deletion	81
3R	19140882	19140803	Deletion	79
3R	19140882	19140809	Deletion	73
3R	19140882	19140809	Deletion	73
3R	19140882	19140823	Deletion	59
3R	19140882	19140836	Deletion	46
3R	19152772	19152719	Deletion	53
3R	19152799	19152719	Deletion	80
3R	19152764	19152719	Deletion	45
3R	19152839	19152719	Deletion	120
3R	19152772	19152719	Deletion	53
3R	19152786	19152719	Deletion	67
3R	19152766	19152719	Deletion	47
3R	19152902	19152778	Deletion	124
3R	19152902	19152779	Deletion	123
3R	19152902	19152792	Deletion	110
3R	19152902	19152831	Deletion	71
3R	19152902	19152838	Deletion	64
3R	19152902	19152841	Deletion	61
3R	19152902	19152844	Deletion	58
3R	19152902	19152847	Deletion	55
3R	19152902	19152871	Deletion	31
3R	19160071	19160006	Deletion	65
3R	19160077	19160006	Deletion	71
3R	19160061	19160006	Deletion	55
3R	19160101	19160006	Deletion	95
3R	19160074	19160006	Deletion	68
3R	19160063	19160008	Deletion	55
3R	19162009	19161887	Deletion	122
3R	19175583	19175461	Deletion	122
3R	19175583	19175482	Deletion	101
3R	19175583	19175484	Deletion	99
3R	19175583	19175485	Deletion	98
3R	19175583	19175487	Deletion	96
3R	19175583	19175494	Deletion	89
3R	19175583	19175499	Deletion	84
3R	19175583	19175520	Deletion	63
3R	19175583	19175520	Deletion	63
3R	19175583	19175539	Deletion	44
3R	19175583	19175551	Deletion	32
3R	19179217	19179187	Deletion	30
3R	19179269	19179187	Deletion	82
3R	19179295	19179187	Deletion	108
3R	19179229	19179187	Deletion	42
3R	19179294	19179187	Deletion	107
3R	19179250	19179187	Deletion	63
3R	19179283	19179187	Deletion	96
3R	19179281	19179187	Deletion	94
3R	19179250	19179187	Deletion	63
3R	19179224	19179187	Deletion	37
3R	19179286	19179187	Deletion	99
3R	19179967	19179844	Deletion	123
3R	19185812	19185689	Deletion	123
3R	19197431	19197307	Deletion	124
3R	19197431	19197333	Deletion	98
3R	19197431	19197360	Deletion	71
3R	19197431	19197365	Deletion	66
3R	19197431	19197377	Deletion	54
3R	19197431	19197380	Deletion	51
3R	19197431	19197381	Deletion	50
3R	19218109	19218033	Deletion	76
3R	19218108	19218033	Deletion	75
3R	19218093	19218033	Deletion	60
3R	19218140	19218033	Deletion	107
3R	19218153	19218033	Deletion	120
3R	19218088	19218033	Deletion	55
3R	19218105	19218033	Deletion	72
3R	19232759	19232663	Deletion	96
3R	19232759	19232684	Deletion	75
3R	19233055	19232938	Deletion	117
3R	19232969	19232938	Deletion	31
3R	19232990	19232938	Deletion	52
3R	19239632	19239539	Deletion	93
3R	19239632	19239545	Deletion	87
3R	19239629	19239569	Deletion	60
3R	19239632	19239595	Deletion	37
3R	19242003	19241913	Deletion	90
3R	19241953	19241913	Deletion	40
3R	19242013	19241913	Deletion	100
3R	19241947	19241913	Deletion	34
3R	19241977	19241913	Deletion	64
3R	19251835	19251714	Deletion	121
3R	19270888	19270784	Deletion	104
3R	19270888	19270784	Deletion	104
3R	19270888	19270789	Deletion	99
3R	19302547	19302426	Deletion	121
3R	19302739	19302638	Deletion	101
3R	19302739	19302639	Deletion	100
3R	19302739	19302646	Deletion	93
3R	19302739	19302661	Deletion	78
3R	19302739	19302666	Deletion	73
3R	19302739	19302687	Deletion	52
3R	19311118	19311064	Deletion	54
3R	19311139	19311064	Deletion	75
3R	19311098	19311064	Deletion	34
3R	19311113	19311064	Deletion	49
3R	19311164	19311064	Deletion	100
3R	19311350	19311294	Deletion	56
3R	19311350	19311305	Deletion	45
3R	19312200	19312130	Deletion	70
3R	19312254	19312130	Deletion	124
3R	19312211	19312130	Deletion	81
3R	19314346	19314225	Deletion	121
3R	19315336	19315223	Deletion	113
3R	19315336	19315229	Deletion	107
3R	19315336	19315247	Deletion	89
3R	19315336	19315265	Deletion	71
3R	19315336	19315282	Deletion	54
3R	19315336	19315302	Deletion	34
3R	19318647	19318526	Deletion	121
3R	19318618	19318526	Deletion	92
3R	19318581	19318526	Deletion	55
3R	19318563	19318526	Deletion	37
3R	19318598	19318526	Deletion	72
3R	19325207	19325088	Deletion	119
3R	19325207	19325112	Deletion	95
3R	19325207	19325153	Deletion	54
3R	19325207	19325164	Deletion	43
3R	19325207	19325165	Deletion	42
3R	19325371	19325298	Deletion	73
3R	19325383	19325298	Deletion	85
3R	19325330	19325298	Deletion	32
3R	19325382	19325298	Deletion	84
3R	19335500	19335398	Deletion	102
3R	19335500	19335403	Deletion	97
3R	19335500	19335424	Deletion	76
3R	19335500	19335447	Deletion	53
3R	19335500	19335469	Deletion	31
3R	19336140	19336029	Deletion	111
3R	19336124	19336029	Deletion	95
3R	19336102	19336029	Deletion	73
3R	19336079	19336029	Deletion	50
3R	19345723	19345599	Deletion	124
3R	19345723	19345623	Deletion	100
3R	19345723	19345671	Deletion	52
3R	19345723	19345672	Deletion	51
3R	19345723	19345684	Deletion	39
3R	19345723	19345687	Deletion	36
3R	19347273	19347198	Deletion	75
3R	19347300	19347198	Deletion	102
3R	19347285	19347198	Deletion	87
3R	19347299	19347198	Deletion	101
3R	19347288	19347198	Deletion	90
3R	19347296	19347198	Deletion	98
3R	19347272	19347198	Deletion	74
3R	19347298	19347198	Deletion	100
3R	19347296	19347198	Deletion	98
3R	19347783	19347665	Deletion	118
3R	19347783	19347672	Deletion	111
3R	19347783	19347675	Deletion	108
3R	19347783	19347684	Deletion	99
3R	19347783	19347712	Deletion	71
3R	19347783	19347715	Deletion	68
3R	19347783	19347716	Deletion	67
3R	19347783	19347719	Deletion	64
3R	19347783	19347748	Deletion	35
3R	19348296	19348237	Deletion	59
3R	19348352	19348237	Deletion	115
3R	19348328	19348237	Deletion	91
3R	19348351	19348237	Deletion	114
3R	19348353	19348237	Deletion	116
3R	19348295	19348237	Deletion	58
3R	19348292	19348237	Deletion	55
3R	19348299	19348237	Deletion	62
3R	19349534	19349416	Deletion	118
3R	19351494	19351374	Deletion	120
3R	19351494	19351390	Deletion	104
3R	19351494	19351419	Deletion	75
3R	19351494	19351435	Deletion	59
3R	19351494	19351449	Deletion	45
3R	19351494	19351450	Deletion	44
3R	19360643	19360568	Deletion	75
3R	19360678	19360568	Deletion	110
3R	19360658	19360568	Deletion	90
3R	19360657	19360568	Deletion	89
3R	19360627	19360568	Deletion	59
3R	19366590	19366486	Deletion	104
3R	19366590	19366502	Deletion	88
3R	19366590	19366534	Deletion	56
3R	19383788	19383686	Deletion	102
3R	19383786	19383686	Deletion	100
3R	19383727	19383686	Deletion	41
3R	19383759	19383686	Deletion	73
3R	19383797	19383686	Deletion	111
3R	19398477	19398390	Deletion	87
3R	19398477	19398398	Deletion	79
3R	19398477	19398399	Deletion	78
3R	19411530	19411418	Deletion	112
3R	19411534	19411418	Deletion	116
3R	19411469	19411418	Deletion	51
3R	19411468	19411418	Deletion	50
3R	19411460	19411418	Deletion	42
3R	19415074	19414982	Deletion	92
3R	19415074	19414984	Deletion	90
3R	19415074	19414998	Deletion	76
3R	19415074	19415000	Deletion	74
3R	19415074	19415004	Deletion	70
3R	19415074	19415028	Deletion	46
3R	19415074	19415038	Deletion	36
3R	19416793	19416741	Deletion	52
3R	19416857	19416741	Deletion	116
3R	19416775	19416741	Deletion	34
3R	19416797	19416741	Deletion	56
3R	19416840	19416741	Deletion	99
3R	19416791	19416741	Deletion	50
3R	19416777	19416741	Deletion	36
3R	19416821	19416741	Deletion	80
3R	19416853	19416741	Deletion	112
3R	19416831	19416741	Deletion	90
3R	19416858	19416741	Deletion	117
3R	19419649	19419541	Deletion	108
3R	19419649	19419543	Deletion	106
3R	19419649	19419550	Deletion	99
3R	19419649	19419570	Deletion	79
3R	19419644	19419580	Deletion	64
3R	19419649	19419595	Deletion	54
3R	19419649	19419598	Deletion	51
3R	19419835	19419725	Deletion	110
3R	19419772	19419725	Deletion	47
3R	19419797	19419725	Deletion	72
3R	19419782	19419725	Deletion	57
3R	19419800	19419725	Deletion	75
3R	19422706	19422595	Deletion	111
3R	19422706	19422608	Deletion	98
3R	19422706	19422631	Deletion	75
3R	19422706	19422635	Deletion	71
3R	19422706	19422650	Deletion	56
3R	19422706	19422654	Deletion	52
3R	19422706	19422654	Deletion	52
3R	19440409	19440335	Deletion	74
3R	19440405	19440335	Deletion	70
3R	19440390	19440335	Deletion	55
3R	19440456	19440335	Deletion	121
3R	19440409	19440335	Deletion	74
3R	19440432	19440335	Deletion	97
3R	19440386	19440335	Deletion	51
3R	19441777	19441706	Deletion	71
3R	19443880	19443776	Deletion	104
3R	19445636	19445566	Deletion	70
3R	19445860	19445775	Deletion	85
3R	19454374	19454250	Deletion	124
3R	19454371	19454257	Deletion	114
3R	19454374	19454279	Deletion	95
3R	19454374	19454298	Deletion	76
3R	19454374	19454307	Deletion	67
3R	19454374	19454330	Deletion	44
3R	19454374	19454340	Deletion	34
3R	19454646	19454554	Deletion	92
3R	19454604	19454554	Deletion	50
3R	19454655	19454554	Deletion	101
3R	19454655	19454554	Deletion	101
3R	19454636	19454554	Deletion	82
3R	19454613	19454554	Deletion	59
3R	19454585	19454554	Deletion	31
3R	19465562	19465438	Deletion	124
3R	19465562	19465438	Deletion	124
3R	19465562	19465490	Deletion	72
3R	19465562	19465496	Deletion	66
3R	19465562	19465498	Deletion	64
3R	19465562	19465518	Deletion	44
3R	19465562	19465528	Deletion	34
3R	19465562	19465532	Deletion	30
3R	19487588	19487492	Deletion	96
3R	19487584	19487492	Deletion	92
3R	19487604	19487492	Deletion	112
3R	19487574	19487492	Deletion	82
3R	19487546	19487492	Deletion	54
3R	19487554	19487492	Deletion	62
3R	19487552	19487492	Deletion	60
3R	19494249	19494128	Deletion	121
3R	19507160	19507040	Deletion	120
3R	19510724	19510613	Deletion	111
3R	19510724	19510626	Deletion	98
3R	19516490	19516374	Deletion	116
3R	19516497	19516374	Deletion	123
3R	19534761	19534638	Deletion	123
3R	19535204	19535165	Deletion	39
3R	19538610	19538488	Deletion	122
3R	19538575	19538488	Deletion	87
3R	19552107	19551986	Deletion	121
3R	19557717	19557600	Deletion	117
3R	19557717	19557625	Deletion	92
3R	19557717	19557679	Deletion	38
3R	19557717	19557685	Deletion	32
3R	19560037	19559943	Deletion	94
3R	19560063	19559943	Deletion	120
3R	19559977	19559943	Deletion	34
3R	19560031	19559943	Deletion	88
3R	19565196	19565074	Deletion	122
3R	19578531	19578410	Deletion	121
3R	19581133	19581012	Deletion	121
3R	19596652	19596534	Deletion	118
3R	19596652	19596557	Deletion	95
3R	19596652	19596559	Deletion	93
3R	19596652	19596609	Deletion	43
3R	19606567	19606536	Deletion	31
3R	19606619	19606536	Deletion	83
3R	19606569	19606536	Deletion	33
3R	19606634	19606536	Deletion	98
3R	19614351	19614254	Deletion	97
3R	19614351	19614256	Deletion	95
3R	19614351	19614259	Deletion	92
3R	19614351	19614270	Deletion	81
3R	19614351	19614289	Deletion	62
3R	19614351	19614301	Deletion	50
3R	19627235	19627123	Deletion	112
3R	19627157	19627123	Deletion	34
3R	19627199	19627123	Deletion	76
3R	19627187	19627123	Deletion	64
3R	19627154	19627123	Deletion	31
3R	19627168	19627123	Deletion	45
3R	19627238	19627123	Deletion	115
3R	19629021	19628900	Deletion	121
3R	19630370	19630255	Deletion	115
3R	19630370	19630260	Deletion	110
3R	19630370	19630298	Deletion	72
3R	19630370	19630300	Deletion	70
3R	19630370	19630316	Deletion	54
3R	19632366	19632312	Deletion	54
3R	19632425	19632312	Deletion	113
3R	19632368	19632312	Deletion	56
3R	19632384	19632312	Deletion	72
3R	19634922	19634827	Deletion	95
3R	19634922	19634851	Deletion	71
3R	19634922	19634864	Deletion	58
3R	19659135	19659066	Deletion	69
3R	19659167	19659066	Deletion	101
3R	19659122	19659066	Deletion	56
3R	19659098	19659066	Deletion	32
3R	19659166	19659066	Deletion	100
3R	19661333	19661301	Deletion	32
3R	19661495	19661383	Deletion	112
3R	19661503	19661383	Deletion	120
3R	19661477	19661383	Deletion	94
3R	19661505	19661383	Deletion	122
3R	19669388	19669277	Deletion	111
3R	19669388	19669278	Deletion	110
3R	19669388	19669291	Deletion	97
3R	19669388	19669308	Deletion	80
3R	19669388	19669328	Deletion	60
3R	19669388	19669338	Deletion	50
3R	19670674	19670597	Deletion	77
3R	19670644	19670597	Deletion	47
3R	19670627	19670597	Deletion	30
3R	19670664	19670597	Deletion	67
3R	19673876	19673793	Deletion	83
3R	19674408	19674296	Deletion	112
3R	19674410	19674296	Deletion	114
3R	19674339	19674296	Deletion	43
3R	19678242	19678119	Deletion	123
3R	19696679	19696570	Deletion	109
3R	19696679	19696603	Deletion	76
3R	19696679	19696625	Deletion	54
3R	19696679	19696626	Deletion	53
3R	19699000	19698950	Deletion	50
3R	19699022	19698950	Deletion	72
3R	19699023	19698950	Deletion	73
3R	19702151	19702040	Deletion	111
3R	19702151	19702077	Deletion	74
3R	19702151	19702098	Deletion	53
3R	19702148	19702106	Deletion	42
3R	19702151	19702109	Deletion	42
3R	19702151	19702111	Deletion	40
3R	19702151	19702111	Deletion	40
3R	19704848	19704762	Deletion	86
3R	19706794	19706737	Deletion	57
3R	19707097	19707060	Deletion	37
3R	19707617	19707507	Deletion	110
3R	19713314	19713228	Deletion	86
3R	19713301	19713228	Deletion	73
3R	19713312	19713228	Deletion	84
3R	19713348	19713228	Deletion	120
3R	19713309	19713228	Deletion	81
3R	19713280	19713228	Deletion	52
3R	19713326	19713228	Deletion	98
3R	19716556	19716440	Deletion	116
3R	19716556	19716454	Deletion	102
3R	19716556	19716470	Deletion	86
3R	19716556	19716484	Deletion	72
3R	19719789	19719749	Deletion	40
3R	19719803	19719749	Deletion	54
3R	19721092	19720985	Deletion	107
3R	19721092	19721028	Deletion	64
3R	19721092	19721032	Deletion	60
3R	19721092	19721061	Deletion	31
3R	19737020	19736953	Deletion	67
3R	19737060	19736953	Deletion	107
3R	19737076	19736953	Deletion	123
3R	19737072	19736953	Deletion	119
3R	19737016	19736953	Deletion	63
3R	19737049	19736953	Deletion	96
3R	19744590	19744498	Deletion	92
3R	19744590	19744536	Deletion	54
3R	19746223	19746174	Deletion	49
3R	19746605	19746500	Deletion	105
3R	19746775	19746740	Deletion	35
3R	19750255	19750143	Deletion	112
3R	19750255	19750156	Deletion	99
3R	19766772	19766668	Deletion	104
3R	19766774	19766668	Deletion	106
3R	19766788	19766671	Deletion	117
3R	19792578	19792471	Deletion	107
3R	19792578	19792504	Deletion	74
3R	19798866	19798812	Deletion	54
3R	19806519	19806397	Deletion	122
3R	19806519	19806411	Deletion	108
3R	19806519	19806423	Deletion	96
3R	19806519	19806468	Deletion	51
3R	19806602	19806571	Deletion	31
3R	19806647	19806571	Deletion	76
3R	19812197	19812074	Deletion	123
3R	19819491	19819379	Deletion	112
3R	19819491	19819391	Deletion	100
3R	19819491	19819406	Deletion	85
3R	19819700	19819596	Deletion	104
3R	19819640	19819596	Deletion	44
3R	19819699	19819596	Deletion	103
3R	19820022	19819901	Deletion	121
3R	19820022	19819907	Deletion	115
3R	19820022	19819923	Deletion	99
3R	19820022	19819950	Deletion	72
3R	19820022	19819955	Deletion	67
3R	19820022	19819960	Deletion	62
3R	19838762	19838708	Deletion	54
3R	19838772	19838708	Deletion	64
3R	19838767	19838708	Deletion	59
3R	19849524	19849429	Deletion	95
3R	19852169	19852077	Deletion	92
3R	19852169	19852079	Deletion	90
3R	19852169	19852088	Deletion	81
3R	19852169	19852099	Deletion	70
3R	19852169	19852108	Deletion	61
3R	19852169	19852109	Deletion	60
3R	19852169	19852117	Deletion	52
3R	19852300	19852234	Deletion	66
3R	19852339	19852234	Deletion	105
3R	19852290	19852234	Deletion	56
3R	19852299	19852234	Deletion	65
3R	19852270	19852234	Deletion	36
3R	19852279	19852234	Deletion	45
3R	19852308	19852234	Deletion	74
3R	19858364	19858322	Deletion	42
3R	19858364	19858331	Deletion	33
3R	19861009	19860906	Deletion	103
3R	19860999	19860906	Deletion	93
3R	19860990	19860906	Deletion	84
3R	19865910	19865787	Deletion	123
3R	19865910	19865802	Deletion	108
3R	19865910	19865803	Deletion	107
3R	19865910	19865844	Deletion	66
3R	19865910	19865857	Deletion	53
3R	19865910	19865862	Deletion	48
3R	19875133	19875057	Deletion	76
3R	19875120	19875057	Deletion	63
3R	19875138	19875057	Deletion	81
3R	19875573	19875462	Deletion	111
3R	19875573	19875507	Deletion	66
3R	19879343	19879282	Deletion	61
3R	19887049	19886926	Deletion	123
3R	19887049	19886927	Deletion	122
3R	19887049	19886945	Deletion	104
3R	19887049	19886957	Deletion	92
3R	19887049	19886975	Deletion	74
3R	19887049	19887004	Deletion	45
3R	19887049	19887018	Deletion	31
3R	19902504	19902423	Deletion	81
3R	19902518	19902423	Deletion	95
3R	19902457	19902423	Deletion	34
3R	19902475	19902423	Deletion	52
3R	19902808	19902708	Deletion	100
3R	19902808	19902709	Deletion	99
3R	19902808	19902753	Deletion	55
3R	19902808	19902773	Deletion	35
3R	19909624	19909533	Deletion	91
3R	19909604	19909538	Deletion	66
3R	19910113	19910007	Deletion	106
3R	19915795	19915695	Deletion	100
3R	19921491	19921393	Deletion	98
3R	19921491	19921416	Deletion	75
3R	19921645	19921541	Deletion	104
3R	19921592	19921541	Deletion	51
3R	19921649	19921541	Deletion	108
3R	19961257	19961154	Deletion	103
3R	19961257	19961171	Deletion	86
3R	19961257	19961224	Deletion	33
3R	19964546	19964502	Deletion	44
3R	19964599	19964502	Deletion	97
3R	19995039	19994928	Deletion	111
3R	19995039	19994997	Deletion	42
3R	19996842	19996733	Deletion	109
3R	19996817	19996733	Deletion	84
3R	20002940	20002817	Deletion	123
3R	20002984	20002861	Deletion	123
3R	20007033	20006984	Deletion	49
3R	20007033	20006996	Deletion	37
3R	20007302	20007205	Deletion	97
3R	20007297	20007205	Deletion	92
3R	20007282	20007205	Deletion	77
3R	20007294	20007205	Deletion	89
3R	20011322	20011201	Deletion	121
3R	20017494	20017372	Deletion	122
3R	20029238	20029116	Deletion	122
3R	20030038	20029917	Deletion	121
3R	20031170	20031066	Deletion	104
3R	20031170	20031080	Deletion	90
3R	20031170	20031092	Deletion	78
3R	20031170	20031116	Deletion	54
3R	20031170	20031120	Deletion	50
3R	20038851	20038779	Deletion	72
3R	20038815	20038779	Deletion	36
3R	20038827	20038779	Deletion	48
3R	20038855	20038779	Deletion	76
3R	20038902	20038779	Deletion	123
3R	20038895	20038782	Deletion	113
3R	20040106	20039983	Deletion	123
3R	20044751	20044630	Deletion	121
3R	20044751	20044643	Deletion	108
3R	20044751	20044650	Deletion	101
3R	20045859	20045758	Deletion	101
3R	20045881	20045758	Deletion	123
3R	20054609	20054487	Deletion	122
3R	20054609	20054513	Deletion	96
3R	20054609	20054553	Deletion	56
3R	20054609	20054562	Deletion	47
3R	20054609	20054571	Deletion	38
3R	20068871	20068783	Deletion	88
3R	20068813	20068783	Deletion	30
3R	20068889	20068783	Deletion	106
3R	20068862	20068783	Deletion	79
3R	20068853	20068783	Deletion	70
3R	20072754	20072648	Deletion	106
3R	20072754	20072657	Deletion	97
3R	20072754	20072682	Deletion	72
3R	20072754	20072703	Deletion	51
3R	20072754	20072711	Deletion	43
3R	20072754	20072715	Deletion	39
3R	20072926	20072815	Deletion	111
3R	20072895	20072815	Deletion	80
3R	20072928	20072815	Deletion	113
3R	20072874	20072815	Deletion	59
3R	20072907	20072815	Deletion	92
3R	20072849	20072815	Deletion	34
3R	20072927	20072815	Deletion	112
3R	20072903	20072815	Deletion	88
3R	20074711	20074610	Deletion	101
3R	20074711	20074627	Deletion	84
3R	20074711	20074646	Deletion	65
3R	20074711	20074648	Deletion	63
3R	20074711	20074657	Deletion	54
3R	20074711	20074669	Deletion	42
3R	20074711	20074672	Deletion	39
3R	20074711	20074679	Deletion	32
3R	20080850	20080747	Deletion	103
3R	20080866	20080747	Deletion	119
3R	20080790	20080747	Deletion	43
3R	20080832	20080747	Deletion	85
3R	20080811	20080747	Deletion	64
3R	20080809	20080747	Deletion	62
3R	20080842	20080747	Deletion	95
3R	20080820	20080747	Deletion	73
3R	20080835	20080747	Deletion	88
3R	20087999	20087875	Deletion	124
3R	20096085	20095973	Deletion	112
3R	20096085	20095998	Deletion	87
3R	20096085	20096002	Deletion	83
3R	20096085	20096007	Deletion	78
3R	20096085	20096020	Deletion	65
3R	20096085	20096054	Deletion	31
3R	20108170	20108130	Deletion	40
3R	20108179	20108130	Deletion	49
3R	20108192	20108130	Deletion	62
3R	20108174	20108130	Deletion	44
3R	20108226	20108130	Deletion	96
3R	20108231	20108130	Deletion	101
3R	20112175	20112127	Deletion	48
3R	20112192	20112153	Deletion	39
3R	20119370	20119246	Deletion	124
3R	20119370	20119274	Deletion	96
3R	20119370	20119288	Deletion	82
3R	20119370	20119340	Deletion	30
3R	20123254	20123209	Deletion	45
3R	20123306	20123209	Deletion	97
3R	20123240	20123209	Deletion	31
3R	20132779	20132660	Deletion	119
3R	20132779	20132665	Deletion	114
3R	20132779	20132666	Deletion	113
3R	20132779	20132680	Deletion	99
3R	20132779	20132691	Deletion	88
3R	20132779	20132703	Deletion	76
3R	20132779	20132705	Deletion	74
3R	20132779	20132710	Deletion	69
3R	20132779	20132712	Deletion	67
3R	20132779	20132736	Deletion	43
3R	20132904	20132865	Deletion	39
3R	20132923	20132865	Deletion	58
3R	20132969	20132865	Deletion	104
3R	20132916	20132865	Deletion	51
3R	20132925	20132865	Deletion	60
3R	20132918	20132865	Deletion	53
3R	20132971	20132865	Deletion	106
3R	20132963	20132865	Deletion	98
3R	20132949	20132869	Deletion	80
3R	20143599	20143481	Deletion	118
3R	20143599	20143487	Deletion	112
3R	20143599	20143488	Deletion	111
3R	20143599	20143511	Deletion	88
3R	20143599	20143522	Deletion	77
3R	20143599	20143552	Deletion	47
3R	20155330	20155229	Deletion	101
3R	20155267	20155229	Deletion	38
3R	20155308	20155229	Deletion	79
3R	20155333	20155229	Deletion	104
3R	20155337	20155229	Deletion	108
3R	20155278	20155229	Deletion	49
3R	20157503	20157418	Deletion	85
3R	20157498	20157418	Deletion	80
3R	20160009	20159928	Deletion	81
3R	20160639	20160599	Deletion	40
3R	20161268	20161192	Deletion	76
3R	20161836	20161746	Deletion	90
3R	20162985	20162903	Deletion	82
3R	20162938	20162907	Deletion	31
3R	20162986	20162907	Deletion	79
3R	20163023	20162907	Deletion	116
3R	20162984	20162907	Deletion	77
3R	20162954	20162907	Deletion	47
3R	20162998	20162907	Deletion	91
3R	20162961	20162907	Deletion	54
3R	20163124	20163062	Deletion	62
3R	20164122	20164044	Deletion	78
3R	20174517	20174437	Deletion	80
3R	20174517	20174456	Deletion	61
3R	20174517	20174475	Deletion	42
3R	20174517	20174485	Deletion	32
3R	20174843	20174726	Deletion	117
3R	20174821	20174726	Deletion	95
3R	20174792	20174726	Deletion	66
3R	20174773	20174726	Deletion	47
3R	20174811	20174726	Deletion	85
3R	20188742	20188635	Deletion	107
3R	20188742	20188637	Deletion	105
3R	20188742	20188700	Deletion	42
3R	20188883	20188799	Deletion	84
3R	20188911	20188799	Deletion	112
3R	20192365	20192242	Deletion	123
3R	20192365	20192247	Deletion	118
3R	20192365	20192263	Deletion	102
3R	20197348	20197239	Deletion	109
3R	20197348	20197295	Deletion	53
3R	20197348	20197313	Deletion	35
3R	20207350	20207274	Deletion	76
3R	20207387	20207274	Deletion	113
3R	20207368	20207274	Deletion	94
3R	20207379	20207274	Deletion	105
3R	20214801	20214696	Deletion	105
3R	20214801	20214706	Deletion	95
3R	20214801	20214708	Deletion	93
3R	20214801	20214747	Deletion	54
3R	20215965	20215893	Deletion	72
3R	20215924	20215893	Deletion	31
3R	20215926	20215893	Deletion	33
3R	20216007	20215893	Deletion	114
3R	20215995	20215893	Deletion	102
3R	20216012	20215893	Deletion	119
3R	20215992	20215893	Deletion	99
3R	20225011	20224888	Deletion	123
3R	20225011	20224889	Deletion	122
3R	20225011	20224890	Deletion	121
3R	20225011	20224907	Deletion	104
3R	20225011	20224958	Deletion	53
3R	20225011	20224974	Deletion	37
3R	20225333	20225259	Deletion	74
3R	20225349	20225259	Deletion	90
3R	20236175	20236058	Deletion	117
3R	20236175	20236063	Deletion	112
3R	20236175	20236078	Deletion	97
3R	20236175	20236118	Deletion	57
3R	20236175	20236119	Deletion	56
3R	20236645	20236575	Deletion	70
3R	20236605	20236575	Deletion	30
3R	20236646	20236575	Deletion	71
3R	20239454	20239333	Deletion	121
3R	20243124	20243004	Deletion	120
3R	20243124	20243012	Deletion	112
3R	20243124	20243014	Deletion	110
3R	20243124	20243019	Deletion	105
3R	20243124	20243037	Deletion	87
3R	20243124	20243063	Deletion	61
3R	20243429	20243388	Deletion	41
3R	20243504	20243388	Deletion	116
3R	20243454	20243388	Deletion	66
3R	20243609	20243485	Deletion	124
3R	20243609	20243487	Deletion	122
3R	20243609	20243496	Deletion	113
3R	20243609	20243516	Deletion	93
3R	20245922	20245802	Deletion	120
3R	20248408	20248291	Deletion	117
3R	20265008	20264901	Deletion	107
3R	20264934	20264901	Deletion	33
3R	20265267	20265182	Deletion	85
3R	20265267	20265189	Deletion	78
3R	20265267	20265222	Deletion	45
3R	20268381	20268272	Deletion	109
3R	20283318	20283195	Deletion	123
3R	20292348	20292226	Deletion	122
3R	20292348	20292234	Deletion	114
3R	20292348	20292245	Deletion	103
3R	20292348	20292250	Deletion	98
3R	20292348	20292258	Deletion	90
3R	20292346	20292272	Deletion	74
3R	20292348	20292295	Deletion	53
3R	20309039	20308989	Deletion	50
3R	20309096	20308989	Deletion	107
3R	20309025	20308989	Deletion	36
3R	20309100	20308989	Deletion	111
3R	20309111	20308989	Deletion	122
3R	20309063	20308996	Deletion	67
3R	20310871	20310773	Deletion	98
3R	20310871	20310782	Deletion	89
3R	20310871	20310837	Deletion	34
3R	20316050	20316012	Deletion	38
3R	20316105	20316012	Deletion	93
3R	20316127	20316012	Deletion	115
3R	20321121	20321002	Deletion	119
3R	20321120	20321005	Deletion	115
3R	20321121	20321009	Deletion	112
3R	20321121	20321028	Deletion	93
3R	20321121	20321034	Deletion	87
3R	20321121	20321035	Deletion	86
3R	20321121	20321047	Deletion	74
3R	20321121	20321059	Deletion	62
3R	20321354	20321320	Deletion	34
3R	20321373	20321320	Deletion	53
3R	20321430	20321320	Deletion	110
3R	20321361	20321320	Deletion	41
3R	20321385	20321320	Deletion	65
3R	20321360	20321320	Deletion	40
3R	20321494	20321375	Deletion	119
3R	20321494	20321387	Deletion	107
3R	20321494	20321413	Deletion	81
3R	20321494	20321417	Deletion	77
3R	20325039	20324993	Deletion	46
3R	20325043	20324993	Deletion	50
3R	20325100	20324993	Deletion	107
3R	20343346	20343251	Deletion	95
3R	20343346	20343256	Deletion	90
3R	20343346	20343257	Deletion	89
3R	20343346	20343262	Deletion	84
3R	20343346	20343280	Deletion	66
3R	20343346	20343288	Deletion	58
3R	20343346	20343315	Deletion	31
3R	20357063	20356950	Deletion	113
3R	20356981	20356950	Deletion	31
3R	20357045	20356950	Deletion	95
3R	20356992	20356950	Deletion	42
3R	20357018	20356950	Deletion	68
3R	20357010	20356950	Deletion	60
3R	20356987	20356950	Deletion	37
3R	20356986	20356950	Deletion	36
3R	20357047	20356950	Deletion	97
3R	20368229	20368105	Deletion	124
3R	20368229	20368154	Deletion	75
3R	20368229	20368166	Deletion	63
3R	20368229	20368186	Deletion	43
3R	20374636	20374521	Deletion	115
3R	20374574	20374521	Deletion	53
3R	20374606	20374521	Deletion	85
3R	20374586	20374521	Deletion	65
3R	20379668	20379545	Deletion	123
3R	20379668	20379552	Deletion	116
3R	20379668	20379566	Deletion	102
3R	20379668	20379574	Deletion	94
3R	20379668	20379577	Deletion	91
3R	20379668	20379577	Deletion	91
3R	20379668	20379598	Deletion	70
3R	20379668	20379628	Deletion	40
3R	20379668	20379637	Deletion	31
3R	20387155	20387123	Deletion	32
3R	20387179	20387123	Deletion	56
3R	20387158	20387123	Deletion	35
3R	20387244	20387123	Deletion	121
3R	20387209	20387123	Deletion	86
3R	20387158	20387123	Deletion	35
3R	20387218	20387123	Deletion	95
3R	20387294	20387178	Deletion	116
3R	20387294	20387263	Deletion	31
3R	20387294	20387263	Deletion	31
3R	20392015	20391920	Deletion	95
3R	20392039	20391920	Deletion	119
3R	20392015	20391920	Deletion	95
3R	20392022	20391920	Deletion	102
3R	20397637	20397514	Deletion	123
3R	20397637	20397533	Deletion	104
3R	20397637	20397542	Deletion	95
3R	20397637	20397548	Deletion	89
3R	20397637	20397571	Deletion	66
3R	20397637	20397580	Deletion	57
3R	20397637	20397589	Deletion	48
3R	20398263	20398230	Deletion	33
3R	20398292	20398230	Deletion	62
3R	20398301	20398230	Deletion	71
3R	20398334	20398230	Deletion	104
3R	20398310	20398230	Deletion	80
3R	20398269	20398230	Deletion	39
3R	20398352	20398230	Deletion	122
3R	20398639	20398540	Deletion	99
3R	20398639	20398551	Deletion	88
3R	20398639	20398578	Deletion	61
3R	20398639	20398582	Deletion	57
3R	20398639	20398603	Deletion	36
3R	20398639	20398608	Deletion	31
3R	20403213	20403147	Deletion	66
3R	20403238	20403147	Deletion	91
3R	20403249	20403147	Deletion	102
3R	20403265	20403147	Deletion	118
3R	20403243	20403147	Deletion	96
3R	20403217	20403147	Deletion	70
3R	20403186	20403147	Deletion	39
3R	20403265	20403147	Deletion	118
3R	20408566	20408466	Deletion	100
3R	20408566	20408482	Deletion	84
3R	20408566	20408493	Deletion	73
3R	20408566	20408502	Deletion	64
3R	20408566	20408515	Deletion	51
3R	20408566	20408524	Deletion	42
3R	20414097	20413994	Deletion	103
3R	20414047	20413994	Deletion	53
3R	20414078	20413994	Deletion	84
3R	20414056	20413994	Deletion	62
3R	20414069	20413994	Deletion	75
3R	20414036	20413994	Deletion	42
3R	20417441	20417320	Deletion	121
3R	20417441	20417328	Deletion	113
3R	20417441	20417331	Deletion	110
3R	20417441	20417334	Deletion	107
3R	20417441	20417341	Deletion	100
3R	20417441	20417364	Deletion	77
3R	20417441	20417372	Deletion	69
3R	20417441	20417379	Deletion	62
3R	20417441	20417390	Deletion	51
3R	20417441	20417399	Deletion	42
3R	20417441	20417408	Deletion	33
3R	20421766	20421682	Deletion	84
3R	20421739	20421682	Deletion	57
3R	20421757	20421682	Deletion	75
3R	20421746	20421682	Deletion	64
3R	20421775	20421682	Deletion	93
3R	20421780	20421682	Deletion	98
3R	20421731	20421682	Deletion	49
3R	20440954	20440834	Deletion	120
3R	20440954	20440891	Deletion	63
3R	20440954	20440918	Deletion	36
3R	20442160	20442097	Deletion	63
3R	20442210	20442097	Deletion	113
3R	20442187	20442097	Deletion	90
3R	20442196	20442097	Deletion	99
3R	20445466	20445348	Deletion	118
3R	20445466	20445370	Deletion	96
3R	20445466	20445398	Deletion	68
3R	20445466	20445424	Deletion	42
3R	20463643	20463583	Deletion	60
3R	20463615	20463583	Deletion	32
3R	20463692	20463583	Deletion	109
3R	20463669	20463583	Deletion	86
3R	20463695	20463583	Deletion	112
3R	20474780	20474726	Deletion	54
3R	20481544	20481424	Deletion	120
3R	20481496	20481424	Deletion	72
3R	20491386	20491264	Deletion	122
3R	20500077	20499961	Deletion	116
3R	20500077	20499967	Deletion	110
3R	20500077	20499980	Deletion	97
3R	20500077	20500025	Deletion	52
3R	20500077	20500031	Deletion	46
3R	20502750	20502643	Deletion	107
3R	20502674	20502643	Deletion	31
3R	20502719	20502643	Deletion	76
3R	20502725	20502643	Deletion	82
3R	20503218	20503115	Deletion	103
3R	20503218	20503149	Deletion	69
3R	20503218	20503173	Deletion	45
3R	20503997	20503940	Deletion	57
3R	20504053	20503940	Deletion	113
3R	20504062	20503940	Deletion	122
3R	20504021	20503940	Deletion	81
3R	20505194	20505073	Deletion	121
3R	20515619	20515532	Deletion	87
3R	20515702	20515642	Deletion	60
3R	20521500	20521384	Deletion	116
3R	20521500	20521388	Deletion	112
3R	20521500	20521411	Deletion	89
3R	20521500	20521425	Deletion	75
3R	20521500	20521430	Deletion	70
3R	20521500	20521436	Deletion	64
3R	20521500	20521440	Deletion	60
3R	20521857	20521799	Deletion	58
3R	20521867	20521799	Deletion	68
3R	20521863	20521799	Deletion	64
3R	20521838	20521799	Deletion	39
3R	20521852	20521799	Deletion	53
3R	20524175	20524068	Deletion	107
3R	20536800	20536687	Deletion	113
3R	20536800	20536715	Deletion	85
3R	20536800	20536717	Deletion	83
3R	20536800	20536738	Deletion	62
3R	20536800	20536758	Deletion	42
3R	20541834	20541790	Deletion	44
3R	20541857	20541790	Deletion	67
3R	20541836	20541790	Deletion	46
3R	20541910	20541790	Deletion	120
3R	20541877	20541790	Deletion	87
3R	20541890	20541790	Deletion	100
3R	20545441	20545318	Deletion	123
3R	20556871	20556778	Deletion	93
3R	20556871	20556787	Deletion	84
3R	20556871	20556798	Deletion	73
3R	20556871	20556812	Deletion	59
3R	20556997	20556964	Deletion	33
3R	20557006	20556964	Deletion	42
3R	20557017	20556964	Deletion	53
3R	20557028	20556964	Deletion	64
3R	20557028	20556964	Deletion	64
3R	20557028	20556964	Deletion	64
3R	20563171	20563065	Deletion	106
3R	20563174	20563065	Deletion	109
3R	20563118	20563065	Deletion	53
3R	20563099	20563065	Deletion	34
3R	20564262	20564165	Deletion	97
3R	20564262	20564181	Deletion	81
3R	20564262	20564195	Deletion	67
3R	20564262	20564215	Deletion	47
3R	20568661	20568549	Deletion	112
3R	20568628	20568549	Deletion	79
3R	20568594	20568549	Deletion	45
3R	20568608	20568549	Deletion	59
3R	20573134	20573066	Deletion	68
3R	20573134	20573074	Deletion	60
3R	20573134	20573100	Deletion	34
3R	20581335	20581243	Deletion	92
3R	20581344	20581243	Deletion	101
3R	20581309	20581243	Deletion	66
3R	20581301	20581243	Deletion	58
3R	20581397	20581294	Deletion	103
3R	20581397	20581298	Deletion	99
3R	20581397	20581317	Deletion	80
3R	20581397	20581362	Deletion	35
3R	20586805	20586759	Deletion	46
3R	20586850	20586759	Deletion	91
3R	20589355	20589260	Deletion	95
3R	20589355	20589260	Deletion	95
3R	20589355	20589263	Deletion	92
3R	20589355	20589283	Deletion	72
3R	20589355	20589290	Deletion	65
3R	20589355	20589294	Deletion	61
3R	20597984	20597919	Deletion	65
3R	20597980	20597919	Deletion	61
3R	20597953	20597919	Deletion	34
3R	20597950	20597919	Deletion	31
3R	20597973	20597919	Deletion	54
3R	20597950	20597919	Deletion	31
3R	20598036	20597919	Deletion	117
3R	20600839	20600723	Deletion	116
3R	20600839	20600732	Deletion	107
3R	20600839	20600782	Deletion	57
3R	20600839	20600809	Deletion	30
3R	20605566	20605470	Deletion	96
3R	20605573	20605470	Deletion	103
3R	20605583	20605470	Deletion	113
3R	20605539	20605470	Deletion	69
3R	20618453	20618342	Deletion	111
3R	20618453	20618364	Deletion	89
3R	20618453	20618411	Deletion	42
3R	20618453	20618416	Deletion	37
3R	20628399	20628295	Deletion	104
3R	20628333	20628295	Deletion	38
3R	20628385	20628295	Deletion	90
3R	20628380	20628295	Deletion	85
3R	20628394	20628295	Deletion	99
3R	20631562	20631440	Deletion	122
3R	20647473	20647355	Deletion	118
3R	20647473	20647380	Deletion	93
3R	20647473	20647380	Deletion	93
3R	20647473	20647381	Deletion	92
3R	20647473	20647385	Deletion	88
3R	20647473	20647394	Deletion	79
3R	20647473	20647418	Deletion	55
3R	20647600	20647528	Deletion	72
3R	20647576	20647528	Deletion	48
3R	20647563	20647528	Deletion	35
3R	20647567	20647528	Deletion	39
3R	20647633	20647528	Deletion	105
3R	20647562	20647528	Deletion	34
3R	20647562	20647528	Deletion	34
3R	20652347	20652242	Deletion	105
3R	20652347	20652247	Deletion	100
3R	20652347	20652265	Deletion	82
3R	20652347	20652295	Deletion	52
3R	20652347	20652307	Deletion	40
3R	20652347	20652314	Deletion	33
3R	20653015	20652940	Deletion	75
3R	20653027	20652940	Deletion	87
3R	20652985	20652940	Deletion	45
3R	20653034	20652940	Deletion	94
3R	20657665	20657581	Deletion	84
3R	20657665	20657619	Deletion	46
3R	20657665	20657622	Deletion	43
3R	20657665	20657628	Deletion	37
3R	20662711	20662627	Deletion	84
3R	20662708	20662627	Deletion	81
3R	20662749	20662627	Deletion	122
3R	20662670	20662627	Deletion	43
3R	20662727	20662627	Deletion	100
3R	20662717	20662627	Deletion	90
3R	20663841	20663735	Deletion	106
3R	20663841	20663741	Deletion	100
3R	20663841	20663745	Deletion	96
3R	20663841	20663762	Deletion	79
3R	20663841	20663803	Deletion	38
3R	20664089	20663990	Deletion	99
3R	20664099	20663990	Deletion	109
3R	20664037	20663990	Deletion	47
3R	20664078	20663990	Deletion	88
3R	20664100	20663990	Deletion	110
3R	20680025	20679902	Deletion	123
3R	20685651	20685532	Deletion	119
3R	20685651	20685541	Deletion	110
3R	20685651	20685551	Deletion	100
3R	20685651	20685608	Deletion	43
3R	20685651	20685610	Deletion	41
3R	20685795	20685708	Deletion	87
3R	20685793	20685708	Deletion	85
3R	20691585	20691463	Deletion	122
3R	20714067	20713947	Deletion	120
3R	20714067	20713960	Deletion	107
3R	20714067	20713981	Deletion	86
3R	20714067	20713982	Deletion	85
3R	20714067	20714019	Deletion	48
3R	20714067	20714020	Deletion	47
3R	20718554	20718513	Deletion	41
3R	20718555	20718513	Deletion	42
3R	20718612	20718513	Deletion	99
3R	20718592	20718513	Deletion	79
3R	20718593	20718513	Deletion	80
3R	20726143	20726032	Deletion	111
3R	20726143	20726039	Deletion	104
3R	20726143	20726043	Deletion	100
3R	20726143	20726057	Deletion	86
3R	20726143	20726102	Deletion	41
3R	20726143	20726106	Deletion	37
3R	20726143	20726107	Deletion	36
3R	20726143	20726110	Deletion	33
3R	20727224	20727183	Deletion	41
3R	20727298	20727183	Deletion	115
3R	20727274	20727183	Deletion	91
3R	20727277	20727183	Deletion	94
3R	20727273	20727183	Deletion	90
3R	20727269	20727183	Deletion	86
3R	20727306	20727183	Deletion	123
3R	20727298	20727183	Deletion	115
3R	20732279	20732163	Deletion	116
3R	20732279	20732200	Deletion	79
3R	20732279	20732206	Deletion	73
3R	20732279	20732214	Deletion	65
3R	20732279	20732220	Deletion	59
3R	20732653	20732605	Deletion	48
3R	20732659	20732605	Deletion	54
3R	20732719	20732605	Deletion	114
3R	20732673	20732605	Deletion	68
3R	20732718	20732605	Deletion	113
3R	20732667	20732605	Deletion	62
3R	20732709	20732605	Deletion	104
3R	20744176	20744063	Deletion	113
3R	20744176	20744066	Deletion	110
3R	20744176	20744086	Deletion	90
3R	20744176	20744087	Deletion	89
3R	20744176	20744096	Deletion	80
3R	20744176	20744109	Deletion	67
3R	20744176	20744140	Deletion	36
3R	20744334	20744297	Deletion	37
3R	20744419	20744297	Deletion	122
3R	20744356	20744297	Deletion	59
3R	20744387	20744297	Deletion	90
3R	20744333	20744297	Deletion	36
3R	20744343	20744297	Deletion	46
3R	20747822	20747701	Deletion	121
3R	20748608	20748485	Deletion	123
3R	20751110	20750989	Deletion	121
3R	20762271	20762162	Deletion	109
3R	20762271	20762178	Deletion	93
3R	20762271	20762239	Deletion	32
3R	20762271	20762240	Deletion	31
3R	20789210	20789096	Deletion	114
3R	20789203	20789096	Deletion	107
3R	20789206	20789096	Deletion	110
3R	20789190	20789096	Deletion	94
3R	20789129	20789096	Deletion	33
3R	20789191	20789096	Deletion	95
3R	20789217	20789096	Deletion	121
3R	20790336	20790218	Deletion	118
3R	20796673	20796572	Deletion	101
3R	20810344	20810252	Deletion	92
3R	20810344	20810262	Deletion	82
3R	20810344	20810276	Deletion	68
3R	20823377	20823254	Deletion	123
3R	20823298	20823254	Deletion	44
3R	20823312	20823254	Deletion	58
3R	20823288	20823254	Deletion	34
3R	20823973	20823852	Deletion	121
3R	20831252	20831156	Deletion	96
3R	20831253	20831191	Deletion	62
3R	20831253	20831192	Deletion	61
3R	20831253	20831203	Deletion	50
3R	20831386	20831322	Deletion	64
3R	20831398	20831322	Deletion	76
3R	20831387	20831322	Deletion	65
3R	20831440	20831322	Deletion	118
3R	20831419	20831322	Deletion	97
3R	20843256	20843134	Deletion	122
3R	20843513	20843402	Deletion	111
3R	20843513	20843403	Deletion	110
3R	20843513	20843418	Deletion	95
3R	20843513	20843426	Deletion	87
3R	20843513	20843450	Deletion	63
3R	20843513	20843450	Deletion	63
3R	20843513	20843476	Deletion	37
3R	20846811	20846691	Deletion	120
3R	20846754	20846691	Deletion	63
3R	20846780	20846691	Deletion	89
3R	20846791	20846691	Deletion	100
3R	20846754	20846691	Deletion	63
3R	20846722	20846691	Deletion	31
3R	20846730	20846691	Deletion	39
3R	20854070	20853947	Deletion	123
3R	20857035	20856967	Deletion	68
3R	20858081	20858009	Deletion	72
3R	20858985	20858866	Deletion	119
3R	20859207	20859087	Deletion	120
3R	20860383	20860296	Deletion	87
3R	20860367	20860296	Deletion	71
3R	20860399	20860296	Deletion	103
3R	20860392	20860296	Deletion	96
3R	20860416	20860296	Deletion	120
3R	20861564	20861464	Deletion	100
3R	20861564	20861473	Deletion	91
3R	20861564	20861494	Deletion	70
3R	20861564	20861495	Deletion	69
3R	20861564	20861501	Deletion	63
3R	20861564	20861527	Deletion	37
3R	20861564	20861529	Deletion	35
3R	20871867	20871810	Deletion	57
3R	20871901	20871810	Deletion	91
3R	20871845	20871810	Deletion	35
3R	20871873	20871810	Deletion	63
3R	20871899	20871810	Deletion	89
3R	20871914	20871810	Deletion	104
3R	20871866	20871810	Deletion	56
3R	20876133	20876019	Deletion	114
3R	20876133	20876022	Deletion	111
3R	20876133	20876033	Deletion	100
3R	20876133	20876041	Deletion	92
3R	20876133	20876046	Deletion	87
3R	20878017	20877899	Deletion	118
3R	20877940	20877899	Deletion	41
3R	20878021	20877899	Deletion	122
3R	20877935	20877899	Deletion	36
3R	20880856	20880738	Deletion	118
3R	20880973	20880850	Deletion	123
3R	20887362	20887244	Deletion	118
3R	20887362	20887248	Deletion	114
3R	20887362	20887266	Deletion	96
3R	20887362	20887267	Deletion	95
3R	20887362	20887286	Deletion	76
3R	20887362	20887303	Deletion	59
3R	20887362	20887304	Deletion	58
3R	20887362	20887326	Deletion	36
3R	20892366	20892335	Deletion	31
3R	20892425	20892335	Deletion	90
3R	20892437	20892335	Deletion	102
3R	20892452	20892335	Deletion	117
3R	20892365	20892335	Deletion	30
3R	20892403	20892335	Deletion	68
3R	20892402	20892335	Deletion	67
3R	20892434	20892335	Deletion	99
3R	20892385	20892335	Deletion	50
3R	20894555	20894431	Deletion	124
3R	20901081	20900968	Deletion	113
3R	20901081	20900968	Deletion	113
3R	20901081	20900981	Deletion	100
3R	20901081	20900992	Deletion	89
3R	20901081	20901004	Deletion	77
3R	20901081	20901031	Deletion	50
3R	20901207	20901130	Deletion	77
3R	20901168	20901130	Deletion	38
3R	20901248	20901130	Deletion	118
3R	20901180	20901130	Deletion	50
3R	20918443	20918323	Deletion	120
3R	20918443	20918340	Deletion	103
3R	20918443	20918345	Deletion	98
3R	20918443	20918350	Deletion	93
3R	20918443	20918351	Deletion	92
3R	20918443	20918362	Deletion	81
3R	20918443	20918374	Deletion	69
3R	20918443	20918375	Deletion	68
3R	20924577	20924531	Deletion	46
3R	20924589	20924531	Deletion	58
3R	20924590	20924531	Deletion	59
3R	20924566	20924531	Deletion	35
3R	20924635	20924531	Deletion	104
3R	20924565	20924531	Deletion	34
3R	20942962	20942839	Deletion	123
3R	20942962	20942845	Deletion	117
3R	20942962	20942852	Deletion	110
3R	20942962	20942856	Deletion	106
3R	20942962	20942881	Deletion	81
3R	20942962	20942892	Deletion	70
3R	20942962	20942900	Deletion	62
3R	20942962	20942913	Deletion	49
3R	20948151	20948074	Deletion	77
3R	20948180	20948074	Deletion	106
3R	20948130	20948074	Deletion	56
3R	20948119	20948074	Deletion	45
3R	20948138	20948074	Deletion	64
3R	20954639	20954515	Deletion	124
3R	20976759	20976651	Deletion	108
3R	20976759	20976652	Deletion	107
3R	20976759	20976653	Deletion	106
3R	20976759	20976664	Deletion	95
3R	20976759	20976677	Deletion	82
3R	20976759	20976692	Deletion	67
3R	20996447	20996415	Deletion	32
3R	20996460	20996415	Deletion	45
3R	20996523	20996415	Deletion	108
3R	20996520	20996415	Deletion	105
3R	20996525	20996415	Deletion	110
3R	20996532	20996415	Deletion	117
3R	20996475	20996415	Deletion	60
3R	21003348	21003228	Deletion	120
3R	21003348	21003231	Deletion	117
3R	21003348	21003256	Deletion	92
3R	21003348	21003293	Deletion	55
3R	21003348	21003304	Deletion	44
3R	21003545	21003509	Deletion	36
3R	21003582	21003509	Deletion	73
3R	21003593	21003509	Deletion	84
3R	21015129	21015014	Deletion	115
3R	21015129	21015045	Deletion	84
3R	21015286	21015189	Deletion	97
3R	21015231	21015189	Deletion	42
3R	21020802	21020715	Deletion	87
3R	21020802	21020724	Deletion	78
3R	21021607	21021506	Deletion	101
3R	21021558	21021506	Deletion	52
3R	21021615	21021506	Deletion	109
3R	21021630	21021506	Deletion	124
3R	21021614	21021506	Deletion	108
3R	21021549	21021506	Deletion	43
3R	21027148	21027024	Deletion	124
3R	21027148	21027041	Deletion	107
3R	21027148	21027077	Deletion	71
3R	21027148	21027085	Deletion	63
3R	21027148	21027103	Deletion	45
3R	21033059	21033004	Deletion	55
3R	21033106	21033004	Deletion	102
3R	21033067	21033004	Deletion	63
3R	21033085	21033006	Deletion	79
3R	21038138	21038017	Deletion	121
3R	21038226	21038112	Deletion	114
3R	21040397	21040294	Deletion	103
3R	21040397	21040307	Deletion	90
3R	21040397	21040331	Deletion	66
3R	21040397	21040360	Deletion	37
3R	21040585	21040496	Deletion	89
3R	21040556	21040496	Deletion	60
3R	21040532	21040496	Deletion	36
3R	21042506	21042421	Deletion	85
3R	21042506	21042471	Deletion	35
3R	21042683	21042592	Deletion	91
3R	21042633	21042592	Deletion	41
3R	21046176	21046064	Deletion	112
3R	21046176	21046067	Deletion	109
3R	21046176	21046117	Deletion	59
3R	21046176	21046126	Deletion	50
3R	21055473	21055406	Deletion	67
3R	21055522	21055406	Deletion	116
3R	21055482	21055406	Deletion	76
3R	21059257	21059139	Deletion	118
3R	21059257	21059152	Deletion	105
3R	21059257	21059175	Deletion	82
3R	21059257	21059190	Deletion	67
3R	21059257	21059202	Deletion	55
3R	21059257	21059203	Deletion	54
3R	21064274	21064229	Deletion	45
3R	21064302	21064229	Deletion	73
3R	21064289	21064229	Deletion	60
3R	21064301	21064229	Deletion	72
3R	21076061	21075939	Deletion	122
3R	21076061	21075940	Deletion	121
3R	21076061	21075968	Deletion	93
3R	21076061	21076007	Deletion	54
3R	21076061	21076008	Deletion	53
3R	21080521	21080447	Deletion	74
3R	21080571	21080447	Deletion	124
3R	21080565	21080447	Deletion	118
3R	21080482	21080447	Deletion	35
3R	21080562	21080447	Deletion	115
3R	21080522	21080447	Deletion	75
3R	21091820	21091704	Deletion	116
3R	21091820	21091733	Deletion	87
3R	21091820	21091736	Deletion	84
3R	21091820	21091757	Deletion	63
3R	21091820	21091766	Deletion	54
3R	21091820	21091766	Deletion	54
3R	21091820	21091790	Deletion	30
3R	21097094	21097054	Deletion	40
3R	21097151	21097054	Deletion	97
3R	21097127	21097054	Deletion	73
3R	21097118	21097054	Deletion	64
3R	21097097	21097054	Deletion	43
3R	21097159	21097054	Deletion	105
3R	21097127	21097054	Deletion	73
3R	21097164	21097054	Deletion	110
3R	21108775	21108654	Deletion	121
3R	21143889	21143838	Deletion	51
3R	21144311	21144270	Deletion	41
3R	21146877	21146833	Deletion	44
3R	21149194	21149153	Deletion	41
3R	21149261	21149153	Deletion	108
3R	21150029	21149997	Deletion	32
3R	21150198	21150077	Deletion	121
3R	21150198	21150092	Deletion	106
3R	21150198	21150108	Deletion	90
3R	21150198	21150131	Deletion	67
3R	21150198	21150143	Deletion	55
3R	21150198	21150153	Deletion	45
3R	21160215	21160156	Deletion	59
3R	21160263	21160156	Deletion	107
3R	21160227	21160156	Deletion	71
3R	21160237	21160156	Deletion	81
3R	21160192	21160156	Deletion	36
3R	21166261	21166150	Deletion	111
3R	21166435	21166322	Deletion	113
3R	21168312	21168188	Deletion	124
3R	21193572	21193446	Deletion	126
3R	21198817	21198703	Deletion	114
3R	21198817	21198703	Deletion	114
3R	21198817	21198720	Deletion	97
3R	21198817	21198721	Deletion	96
3R	21198817	21198730	Deletion	87
3R	21198817	21198758	Deletion	59
3R	21198817	21198762	Deletion	55
3R	21198817	21198769	Deletion	48
3R	21198817	21198776	Deletion	41
3R	21199199	21199088	Deletion	111
3R	21199155	21199088	Deletion	67
3R	21199166	21199088	Deletion	78
3R	21199173	21199088	Deletion	85
3R	21199127	21199088	Deletion	39
3R	21199159	21199088	Deletion	71
3R	21199118	21199088	Deletion	30
3R	21201485	21201364	Deletion	121
3R	21203806	21203685	Deletion	121
3R	21204792	21204718	Deletion	74
3R	21204792	21204719	Deletion	73
3R	21204792	21204727	Deletion	65
3R	21204792	21204730	Deletion	62
3R	21205253	21205206	Deletion	47
3R	21205253	21205206	Deletion	47
3R	21205253	21205206	Deletion	47
3R	21205253	21205206	Deletion	47
3R	21205253	21205206	Deletion	47
3R	21207124	21207002	Deletion	122
3R	21207073	21207002	Deletion	71
3R	21208947	21208823	Deletion	124
3R	21240960	21240914	Deletion	46
3R	21240960	21240927	Deletion	33
3R	21241107	21241027	Deletion	80
3R	21241120	21241027	Deletion	93
3R	21241140	21241027	Deletion	113
3R	21249829	21249757	Deletion	72
3R	21249829	21249766	Deletion	63
3R	21249829	21249792	Deletion	37
3R	21250487	21250398	Deletion	89
3R	21250452	21250398	Deletion	54
3R	21250461	21250398	Deletion	63
3R	21250512	21250398	Deletion	114
3R	21261967	21261847	Deletion	120
3R	21261955	21261847	Deletion	108
3R	21261969	21261847	Deletion	122
3R	21271347	21271230	Deletion	117
3R	21271347	21271269	Deletion	78
3R	21271347	21271269	Deletion	78
3R	21271347	21271269	Deletion	78
3R	21271347	21271317	Deletion	30
3R	21279428	21279331	Deletion	97
3R	21279380	21279331	Deletion	49
3R	21279380	21279331	Deletion	49
3R	21279380	21279331	Deletion	49
3R	21279436	21279331	Deletion	105
3R	21286867	21286745	Deletion	122
3R	21286867	21286776	Deletion	91
3R	21286867	21286783	Deletion	84
3R	21286867	21286821	Deletion	46
3R	21286867	21286831	Deletion	36
3R	21287867	21287832	Deletion	35
3R	21287922	21287832	Deletion	90
3R	21287912	21287832	Deletion	80
3R	21287874	21287832	Deletion	42
3R	21297244	21297134	Deletion	110
3R	21297244	21297201	Deletion	43
3R	21297724	21297643	Deletion	81
3R	21299473	21299367	Deletion	106
3R	21299473	21299386	Deletion	87
3R	21299473	21299391	Deletion	82
3R	21299473	21299396	Deletion	77
3R	21299473	21299396	Deletion	77
3R	21299473	21299409	Deletion	64
3R	21299737	21299692	Deletion	45
3R	21299766	21299692	Deletion	74
3R	21299782	21299692	Deletion	90
3R	21299780	21299692	Deletion	88
3R	21299783	21299692	Deletion	91
3R	21299755	21299692	Deletion	63
3R	21300576	21300526	Deletion	50
3R	21300844	21300804	Deletion	40
3R	21300854	21300804	Deletion	50
3R	21303253	21303200	Deletion	53
3R	21304728	21304689	Deletion	39
3R	21304728	21304691	Deletion	37
3R	21304728	21304692	Deletion	36
3R	21318442	21318346	Deletion	96
3R	21318442	21318350	Deletion	92
3R	21318442	21318369	Deletion	73
3R	21318442	21318378	Deletion	64
3R	21318442	21318396	Deletion	46
3R	21318442	21318398	Deletion	44
3R	21318442	21318398	Deletion	44
3R	21318537	21318500	Deletion	37
3R	21318556	21318500	Deletion	56
3R	21318583	21318500	Deletion	83
3R	21318585	21318500	Deletion	85
3R	21318533	21318500	Deletion	33
3R	21318565	21318500	Deletion	65
3R	21318585	21318500	Deletion	85
3R	21334906	21334784	Deletion	122
3R	21362729	21362634	Deletion	95
3R	21362729	21362654	Deletion	75
3R	21362729	21362665	Deletion	64
3R	21362729	21362683	Deletion	46
3R	21362729	21362697	Deletion	32
3R	21369783	21369752	Deletion	31
3R	21369803	21369752	Deletion	51
3R	21369832	21369752	Deletion	80
3R	21369814	21369752	Deletion	62
3R	21369872	21369752	Deletion	120
3R	21369846	21369752	Deletion	94
3R	21369856	21369752	Deletion	104
3R	21384489	21384397	Deletion	92
3R	21384489	21384411	Deletion	78
3R	21386507	21386458	Deletion	49
3R	21386493	21386458	Deletion	35
3R	21390932	21390808	Deletion	124
3R	21399627	21399526	Deletion	101
3R	21399627	21399559	Deletion	68
3R	21399627	21399573	Deletion	54
3R	21421684	21421612	Deletion	72
3R	21421730	21421612	Deletion	118
3R	21421710	21421612	Deletion	98
3R	21421670	21421612	Deletion	58
3R	21421721	21421612	Deletion	109
3R	21423477	21423354	Deletion	123
3R	21423477	21423366	Deletion	111
3R	21423477	21423378	Deletion	99
3R	21423477	21423402	Deletion	75
3R	21426165	21426048	Deletion	117
3R	21426099	21426048	Deletion	51
3R	21435537	21435486	Deletion	51
3R	21435537	21435495	Deletion	42
3R	21435537	21435495	Deletion	42
3R	21435537	21435504	Deletion	33
3R	21435876	21435791	Deletion	85
3R	21435867	21435791	Deletion	76
3R	21435896	21435791	Deletion	105
3R	21435876	21435791	Deletion	85
3R	21435885	21435791	Deletion	94
3R	21447907	21447810	Deletion	97
3R	21447907	21447813	Deletion	94
3R	21447907	21447824	Deletion	83
3R	21447907	21447828	Deletion	79
3R	21447907	21447859	Deletion	48
3R	21448099	21447977	Deletion	122
3R	21448024	21447977	Deletion	47
3R	21448009	21447977	Deletion	32
3R	21448081	21447977	Deletion	104
3R	21448055	21447977	Deletion	78
3R	21448020	21447977	Deletion	43
3R	21448076	21447977	Deletion	99
3R	21449887	21449764	Deletion	123
3R	21449887	21449792	Deletion	95
3R	21449887	21449821	Deletion	66
3R	21451586	21451523	Deletion	63
3R	21451639	21451523	Deletion	116
3R	21451557	21451523	Deletion	34
3R	21454591	21454485	Deletion	106
3R	21459786	21459669	Deletion	117
3R	21464611	21464488	Deletion	123
3R	21464611	21464546	Deletion	65
3R	21464611	21464565	Deletion	46
3R	21464817	21464711	Deletion	106
3R	21464792	21464711	Deletion	81
3R	21464773	21464711	Deletion	62
3R	21474041	21473930	Deletion	111
3R	21474041	21473941	Deletion	100
3R	21474041	21473976	Deletion	65
3R	21474041	21473986	Deletion	55
3R	21474041	21474003	Deletion	38
3R	21489187	21489064	Deletion	123
3R	21489125	21489064	Deletion	61
3R	21489185	21489064	Deletion	121
3R	21489152	21489064	Deletion	88
3R	21489135	21489064	Deletion	71
3R	21495817	21495736	Deletion	81
3R	21495817	21495743	Deletion	74
3R	21497580	21497472	Deletion	108
3R	21497517	21497472	Deletion	45
3R	21497524	21497472	Deletion	52
3R	21501485	21501384	Deletion	101
3R	21501485	21501419	Deletion	66
3R	21501485	21501444	Deletion	41
3R	21502197	21502136	Deletion	61
3R	21502222	21502136	Deletion	86
3R	21502254	21502136	Deletion	118
3R	21510667	21510545	Deletion	122
3R	21514213	21514118	Deletion	95
3R	21514213	21514124	Deletion	89
3R	21514213	21514130	Deletion	83
3R	21514213	21514143	Deletion	70
3R	21514213	21514146	Deletion	67
3R	21514213	21514150	Deletion	63
3R	21514213	21514155	Deletion	58
3R	21514213	21514174	Deletion	39
3R	21514377	21514332	Deletion	45
3R	21514365	21514332	Deletion	33
3R	21514390	21514332	Deletion	58
3R	21514371	21514332	Deletion	39
3R	21514433	21514332	Deletion	101
3R	21514421	21514332	Deletion	89
3R	21514397	21514332	Deletion	65
3R	21514393	21514332	Deletion	61
3R	21514431	21514332	Deletion	99
3R	21514450	21514332	Deletion	118
3R	21514402	21514332	Deletion	70
3R	21519306	21519206	Deletion	100
3R	21519306	21519249	Deletion	57
3R	21519306	21519256	Deletion	50
3R	21519306	21519265	Deletion	41
3R	21527242	21527157	Deletion	85
3R	21527243	21527157	Deletion	86
3R	21527234	21527157	Deletion	77
3R	21527227	21527157	Deletion	70
3R	21527242	21527157	Deletion	85
3R	21527242	21527193	Deletion	49
3R	21530078	21530001	Deletion	77
3R	21530114	21530001	Deletion	113
3R	21530038	21530001	Deletion	37
3R	21569140	21569095	Deletion	45
3R	21569140	21569110	Deletion	30
3R	21569408	21569312	Deletion	96
3R	21569433	21569312	Deletion	121
3R	21569432	21569312	Deletion	120
3R	21569393	21569312	Deletion	81
3R	21569411	21569312	Deletion	99
3R	21573704	21573587	Deletion	117
3R	21573704	21573603	Deletion	101
3R	21573704	21573644	Deletion	60
3R	21573704	21573660	Deletion	44
3R	21582004	21581886	Deletion	118
3R	21581953	21581886	Deletion	67
3R	21581969	21581886	Deletion	83
3R	21585135	21585033	Deletion	102
3R	21585135	21585052	Deletion	83
3R	21585135	21585087	Deletion	48
3R	21591073	21590995	Deletion	78
3R	21591038	21590995	Deletion	43
3R	21591102	21590995	Deletion	107
3R	21591115	21590995	Deletion	120
3R	21591260	21591187	Deletion	73
3R	21591260	21591192	Deletion	68
3R	21591260	21591217	Deletion	43
3R	21591260	21591218	Deletion	42
3R	21592365	21592282	Deletion	83
3R	21592366	21592282	Deletion	84
3R	21592385	21592282	Deletion	103
3R	21592382	21592282	Deletion	100
3R	21592335	21592282	Deletion	53
3R	21592340	21592282	Deletion	58
3R	21620035	21619930	Deletion	105
3R	21620035	21619940	Deletion	95
3R	21620035	21619955	Deletion	80
3R	21620035	21619967	Deletion	68
3R	21624127	21624007	Deletion	120
3R	21624055	21624007	Deletion	48
3R	21624067	21624007	Deletion	60
3R	21624040	21624007	Deletion	33
3R	21624123	21624007	Deletion	116
3R	21632041	21631937	Deletion	104
3R	21632041	21631940	Deletion	101
3R	21632041	21631941	Deletion	100
3R	21638755	21638641	Deletion	114
3R	21638755	21638643	Deletion	112
3R	21638755	21638665	Deletion	90
3R	21638755	21638671	Deletion	84
3R	21638755	21638676	Deletion	79
3R	21638755	21638683	Deletion	72
3R	21638755	21638696	Deletion	59
3R	21639392	21639271	Deletion	121
3R	21639318	21639271	Deletion	47
3R	21639372	21639271	Deletion	101
3R	21639338	21639271	Deletion	67
3R	21639313	21639271	Deletion	42
3R	21639307	21639271	Deletion	36
3R	21640154	21640033	Deletion	121
3R	21645332	21645208	Deletion	124
3R	21645553	21645442	Deletion	111
3R	21645553	21645452	Deletion	101
3R	21645553	21645454	Deletion	99
3R	21645553	21645455	Deletion	98
3R	21645553	21645462	Deletion	91
3R	21645553	21645482	Deletion	71
3R	21645553	21645506	Deletion	47
3R	21645553	21645507	Deletion	46
3R	21645553	21645508	Deletion	45
3R	21647475	21647419	Deletion	56
3R	21647538	21647419	Deletion	119
3R	21647526	21647419	Deletion	107
3R	21647500	21647419	Deletion	81
3R	21647526	21647419	Deletion	107
3R	21647455	21647419	Deletion	36
3R	21647499	21647419	Deletion	80
3R	21647501	21647419	Deletion	82
3R	21647543	21647419	Deletion	124
3R	21672254	21672144	Deletion	110
3R	21672254	21672145	Deletion	109
3R	21672254	21672152	Deletion	102
3R	21672254	21672156	Deletion	98
3R	21672254	21672170	Deletion	84
3R	21672254	21672196	Deletion	58
3R	21677371	21677271	Deletion	100
3R	21677314	21677271	Deletion	43
3R	21677387	21677271	Deletion	116
3R	21677340	21677275	Deletion	65
3R	21677701	21677590	Deletion	111
3R	21677701	21677636	Deletion	65
3R	21677701	21677640	Deletion	61
3R	21677701	21677652	Deletion	49
3R	21678844	21678742	Deletion	102
3R	21678804	21678742	Deletion	62
3R	21678820	21678742	Deletion	78
3R	21678808	21678742	Deletion	66
3R	21679993	21679872	Deletion	121
3R	21679993	21679878	Deletion	115
3R	21679993	21679911	Deletion	82
3R	21679993	21679927	Deletion	66
3R	21679993	21679947	Deletion	46
3R	21679993	21679948	Deletion	45
3R	21679993	21679952	Deletion	41
3R	21681551	21681427	Deletion	124
3R	21681487	21681427	Deletion	60
3R	21681512	21681427	Deletion	85
3R	21681471	21681427	Deletion	44
3R	21681536	21681427	Deletion	109
3R	21681537	21681427	Deletion	110
3R	21681508	21681427	Deletion	81
3R	21681507	21681427	Deletion	80
3R	21698561	21698458	Deletion	103
3R	21698561	21698473	Deletion	88
3R	21698561	21698497	Deletion	64
3R	21698561	21698525	Deletion	36
3R	21703891	21703801	Deletion	90
3R	21703839	21703801	Deletion	38
3R	21703899	21703801	Deletion	98
3R	21703863	21703801	Deletion	62
3R	21705799	21705682	Deletion	117
3R	21705799	21705686	Deletion	113
3R	21705799	21705687	Deletion	112
3R	21705799	21705693	Deletion	106
3R	21705799	21705707	Deletion	92
3R	21705799	21705715	Deletion	84
3R	21705799	21705743	Deletion	56
3R	21705986	21705951	Deletion	35
3R	21706022	21705951	Deletion	71
3R	21705994	21705951	Deletion	43
3R	21724191	21724075	Deletion	116
3R	21724191	21724084	Deletion	107
3R	21724191	21724088	Deletion	103
3R	21724191	21724094	Deletion	97
3R	21724191	21724141	Deletion	50
3R	21724568	21724450	Deletion	118
3R	21724528	21724450	Deletion	78
3R	21724481	21724450	Deletion	31
3R	21736426	21736305	Deletion	121
3R	21736807	21736685	Deletion	122
3R	21764841	21764748	Deletion	93
3R	21767153	21767106	Deletion	47
3R	21770568	21770459	Deletion	109
3R	21770568	21770513	Deletion	55
3R	21770568	21770527	Deletion	41
3R	21770715	21770644	Deletion	71
3R	21770729	21770644	Deletion	85
3R	21771575	21771451	Deletion	124
3R	21772991	21772871	Deletion	120
3R	21772991	21772872	Deletion	119
3R	21772991	21772893	Deletion	98
3R	21772991	21772899	Deletion	92
3R	21772991	21772942	Deletion	49
3R	21772991	21772951	Deletion	40
3R	21784479	21784402	Deletion	77
3R	21784436	21784402	Deletion	34
3R	21784518	21784402	Deletion	116
3R	21784522	21784402	Deletion	120
3R	21784488	21784402	Deletion	86
3R	21787835	21787731	Deletion	104
3R	21787835	21787739	Deletion	96
3R	21787835	21787742	Deletion	93
3R	21787835	21787753	Deletion	82
3R	21787835	21787791	Deletion	44
3R	21787835	21787792	Deletion	43
3R	21787835	21787804	Deletion	31
3R	21792565	21792442	Deletion	123
3R	21792486	21792442	Deletion	44
3R	21792525	21792442	Deletion	83
3R	21792537	21792442	Deletion	95
3R	21792524	21792442	Deletion	82
3R	21792472	21792442	Deletion	30
3R	21792543	21792442	Deletion	101
3R	21792475	21792442	Deletion	33
3R	21793622	21793501	Deletion	121
3R	21800702	21800600	Deletion	102
3R	21800702	21800601	Deletion	101
3R	21800702	21800620	Deletion	82
3R	21800702	21800623	Deletion	79
3R	21800702	21800645	Deletion	57
3R	21800702	21800662	Deletion	40
3R	21801784	21801679	Deletion	105
3R	21801726	21801679	Deletion	47
3R	21801748	21801679	Deletion	69
3R	21801723	21801679	Deletion	44
3R	21801765	21801679	Deletion	86
3R	21802999	21802881	Deletion	118
3R	21802999	21802911	Deletion	88
3R	21802999	21802916	Deletion	83
3R	21802999	21802950	Deletion	49
3R	21807176	21807068	Deletion	108
3R	21807145	21807068	Deletion	77
3R	21807111	21807068	Deletion	43
3R	21807106	21807068	Deletion	38
3R	21823820	21823703	Deletion	117
3R	21823820	21823707	Deletion	113
3R	21823820	21823724	Deletion	96
3R	21831872	21831842	Deletion	30
3R	21840042	21839943	Deletion	99
3R	21840042	21839949	Deletion	93
3R	21840042	21839955	Deletion	87
3R	21840042	21839996	Deletion	46
3R	21840041	21839999	Deletion	42
3R	21840042	21840001	Deletion	41
3R	21842429	21842345	Deletion	84
3R	21842426	21842346	Deletion	80
3R	21842379	21842346	Deletion	33
3R	21842431	21842346	Deletion	85
3R	21843801	21843678	Deletion	123
3R	21882941	21882831	Deletion	110
3R	21882941	21882834	Deletion	107
3R	21882941	21882838	Deletion	103
3R	21882941	21882839	Deletion	102
3R	21882941	21882852	Deletion	89
3R	21882941	21882853	Deletion	88
3R	21882941	21882878	Deletion	63
3R	21882941	21882886	Deletion	55
3R	21882941	21882888	Deletion	53
3R	21882941	21882897	Deletion	44
3R	21885115	21885033	Deletion	82
3R	21885148	21885033	Deletion	115
3R	21885106	21885033	Deletion	73
3R	21885130	21885033	Deletion	97
3R	21885096	21885033	Deletion	63
3R	21885071	21885033	Deletion	38
3R	21885155	21885033	Deletion	122
3R	21885133	21885033	Deletion	100
3R	21885104	21885033	Deletion	71
3R	21885070	21885033	Deletion	37
3R	21890325	21890208	Deletion	117
3R	21890325	21890252	Deletion	73
3R	21900307	21900254	Deletion	53
3R	21904053	21903934	Deletion	119
3R	21904053	21904000	Deletion	53
3R	21904053	21904011	Deletion	42
3R	21904630	21904557	Deletion	73
3R	21904641	21904557	Deletion	84
3R	21904658	21904557	Deletion	101
3R	21917515	21917450	Deletion	65
3R	21917515	21917452	Deletion	63
3R	21917515	21917464	Deletion	51
3R	21920211	21920136	Deletion	75
3R	21920197	21920136	Deletion	61
3R	21920199	21920136	Deletion	63
3R	21920234	21920136	Deletion	98
3R	21920249	21920136	Deletion	113
3R	21921801	21921690	Deletion	111
3R	21921801	21921710	Deletion	91
3R	21921801	21921715	Deletion	86
3R	21921801	21921755	Deletion	46
3R	21929459	21929341	Deletion	118
3R	21929423	21929341	Deletion	82
3R	21929383	21929341	Deletion	42
3R	21929378	21929341	Deletion	37
3R	21929440	21929341	Deletion	99
3R	21929442	21929341	Deletion	101
3R	21937412	21937288	Deletion	124
3R	21937412	21937300	Deletion	112
3R	21937412	21937312	Deletion	100
3R	21937412	21937332	Deletion	80
3R	21937412	21937334	Deletion	78
3R	21944351	21944305	Deletion	46
3R	21944423	21944305	Deletion	118
3R	21944403	21944305	Deletion	98
3R	21944402	21944305	Deletion	97
3R	21944353	21944305	Deletion	48
3R	21944596	21944481	Deletion	115
3R	21944596	21944482	Deletion	114
3R	21944596	21944495	Deletion	101
3R	21944596	21944499	Deletion	97
3R	21944596	21944509	Deletion	87
3R	21944595	21944526	Deletion	69
3R	21944596	21944527	Deletion	69
3R	21944596	21944557	Deletion	39
3R	21946800	21946743	Deletion	57
3R	21946801	21946744	Deletion	57
3R	21946831	21946744	Deletion	87
3R	21946783	21946744	Deletion	39
3R	21946866	21946744	Deletion	122
3R	21946860	21946744	Deletion	116
3R	21946863	21946744	Deletion	119
3R	21974875	21974754	Deletion	121
3R	21983643	21983524	Deletion	119
3R	21983643	21983537	Deletion	106
3R	21983642	21983570	Deletion	72
3R	21983643	21983594	Deletion	49
3R	21983643	21983600	Deletion	43
3R	21984036	21983958	Deletion	78
3R	21984042	21983958	Deletion	84
3R	21984076	21983958	Deletion	118
3R	21984012	21983959	Deletion	53
3R	21987313	21987199	Deletion	114
3R	21987313	21987257	Deletion	56
3R	21988124	21988052	Deletion	72
3R	21988166	21988052	Deletion	114
3R	21991045	21990943	Deletion	102
3R	21991045	21990951	Deletion	94
3R	21991127	21991093	Deletion	34
3R	22000096	21999973	Deletion	123
3R	22000096	21999997	Deletion	99
3R	22000096	22000010	Deletion	86
3R	22000096	22000010	Deletion	86
3R	22000096	22000020	Deletion	76
3R	22000096	22000033	Deletion	63
3R	22000096	22000042	Deletion	54
3R	22000321	22000280	Deletion	41
3R	22000331	22000280	Deletion	51
3R	22000321	22000280	Deletion	41
3R	22000353	22000280	Deletion	73
3R	22000344	22000280	Deletion	64
3R	22009634	22009554	Deletion	80
3R	22017991	22017943	Deletion	48
3R	22022461	22022373	Deletion	88
3R	22022464	22022400	Deletion	64
3R	22025222	22025110	Deletion	112
3R	22025145	22025110	Deletion	35
3R	22025172	22025110	Deletion	62
3R	22025229	22025110	Deletion	119
3R	22025208	22025110	Deletion	98
3R	22039566	22039444	Deletion	122
3R	22039566	22039446	Deletion	120
3R	22039566	22039454	Deletion	112
3R	22039566	22039463	Deletion	103
3R	22039566	22039482	Deletion	84
3R	22039566	22039487	Deletion	79
3R	22039566	22039511	Deletion	55
3R	22039566	22039530	Deletion	36
3R	22039725	22039633	Deletion	92
3R	22039682	22039633	Deletion	49
3R	22039706	22039633	Deletion	73
3R	22039677	22039633	Deletion	44
3R	22043704	22043590	Deletion	114
3R	22043704	22043591	Deletion	113
3R	22043704	22043606	Deletion	98
3R	22043704	22043626	Deletion	78
3R	22043704	22043658	Deletion	46
3R	22043704	22043671	Deletion	33
3R	22043704	22043672	Deletion	32
3R	22050005	22049912	Deletion	93
3R	22050011	22049912	Deletion	99
3R	22050022	22049912	Deletion	110
3R	22050006	22049912	Deletion	94
3R	22049992	22049912	Deletion	80
3R	22049960	22049912	Deletion	48
3R	22058378	22058265	Deletion	113
3R	22058378	22058300	Deletion	78
3R	22058378	22058317	Deletion	61
3R	22075239	22075119	Deletion	120
3R	22075186	22075119	Deletion	67
3R	22075169	22075119	Deletion	50
3R	22081058	22080966	Deletion	92
3R	22081058	22080984	Deletion	74
3R	22081058	22081010	Deletion	48
3R	22081058	22081016	Deletion	42
3R	22082322	22082270	Deletion	52
3R	22082304	22082270	Deletion	34
3R	22082348	22082270	Deletion	78
3R	22082354	22082270	Deletion	84
3R	22082941	22082818	Deletion	123
3R	22082941	22082901	Deletion	40
3R	22091781	22091683	Deletion	98
3R	22091784	22091683	Deletion	101
3R	22091807	22091683	Deletion	124
3R	22091770	22091683	Deletion	87
3R	22091805	22091683	Deletion	122
3R	22103126	22103004	Deletion	122
3R	22103126	22103017	Deletion	109
3R	22103126	22103018	Deletion	108
3R	22103126	22103038	Deletion	88
3R	22103126	22103047	Deletion	79
3R	22103126	22103059	Deletion	67
3R	22103126	22103084	Deletion	42
3R	22103126	22103084	Deletion	42
3R	22103126	22103093	Deletion	33
3R	22103126	22103094	Deletion	32
3R	22107905	22107811	Deletion	94
3R	22107871	22107811	Deletion	60
3R	22107906	22107811	Deletion	95
3R	22107896	22107811	Deletion	85
3R	22107859	22107811	Deletion	48
3R	22107851	22107811	Deletion	40
3R	22107896	22107811	Deletion	85
3R	22111409	22111318	Deletion	91
3R	22111409	22111350	Deletion	59
3R	22111409	22111372	Deletion	37
3R	22111409	22111377	Deletion	32
3R	22112108	22111991	Deletion	117
3R	22112058	22111991	Deletion	67
3R	22112085	22111991	Deletion	94
3R	22112026	22111991	Deletion	35
3R	22112080	22111991	Deletion	89
3R	22114036	22113921	Deletion	115
3R	22114036	22113938	Deletion	98
3R	22114036	22113961	Deletion	75
3R	22114608	22114516	Deletion	92
3R	22114567	22114516	Deletion	51
3R	22114625	22114516	Deletion	109
3R	22114638	22114516	Deletion	122
3R	22114776	22114689	Deletion	87
3R	22114776	22114699	Deletion	77
3R	22114776	22114738	Deletion	38
3R	22114776	22114739	Deletion	37
3R	22114776	22114741	Deletion	35
3R	22132476	22132388	Deletion	88
3R	22132477	22132388	Deletion	89
3R	22132427	22132388	Deletion	39
3R	22132437	22132388	Deletion	49
3R	22132487	22132388	Deletion	99
3R	22132479	22132388	Deletion	91
3R	22137897	22137779	Deletion	118
3R	22137897	22137784	Deletion	113
3R	22137897	22137786	Deletion	111
3R	22137897	22137804	Deletion	93
3R	22137897	22137811	Deletion	86
3R	22137897	22137824	Deletion	73
3R	22137897	22137835	Deletion	62
3R	22137897	22137843	Deletion	54
3R	22137897	22137851	Deletion	46
3R	22137897	22137854	Deletion	43
3R	22138648	22138582	Deletion	66
3R	22138656	22138582	Deletion	74
3R	22138624	22138582	Deletion	42
3R	22138667	22138582	Deletion	85
3R	22138705	22138582	Deletion	123
3R	22138664	22138582	Deletion	82
3R	22138637	22138582	Deletion	55
3R	22138617	22138582	Deletion	35
3R	22138702	22138582	Deletion	120
3R	22139547	22139436	Deletion	111
3R	22139547	22139467	Deletion	80
3R	22139547	22139487	Deletion	60
3R	22139547	22139490	Deletion	57
3R	22152096	22152030	Deletion	66
3R	22152099	22152030	Deletion	69
3R	22152076	22152030	Deletion	46
3R	22152128	22152030	Deletion	98
3R	22154593	22154508	Deletion	85
3R	22154593	22154532	Deletion	61
3R	22154593	22154537	Deletion	56
3R	22154593	22154554	Deletion	39
3R	22154593	22154557	Deletion	36
3R	22155382	22155292	Deletion	90
3R	22155362	22155292	Deletion	70
3R	22155357	22155292	Deletion	65
3R	22155389	22155292	Deletion	97
3R	22155404	22155292	Deletion	112
3R	22155333	22155292	Deletion	41
3R	22155379	22155292	Deletion	87
3R	22157944	22157823	Deletion	121
3R	22158752	22158636	Deletion	116
3R	22162863	22162772	Deletion	91
3R	22162863	22162794	Deletion	69
3R	22162863	22162795	Deletion	68
3R	22162863	22162810	Deletion	53
3R	22162863	22162821	Deletion	42
3R	22163483	22163376	Deletion	107
3R	22163411	22163376	Deletion	35
3R	22163434	22163376	Deletion	58
3R	22163460	22163376	Deletion	84
3R	22163449	22163376	Deletion	73
3R	22163433	22163376	Deletion	57
3R	22163493	22163376	Deletion	117
3R	22173475	22173370	Deletion	105
3R	22173475	22173381	Deletion	94
3R	22173475	22173384	Deletion	91
3R	22173475	22173388	Deletion	87
3R	22173475	22173413	Deletion	62
3R	22173475	22173426	Deletion	49
3R	22173475	22173437	Deletion	38
3R	22175385	22175350	Deletion	35
3R	22175451	22175350	Deletion	101
3R	22175438	22175350	Deletion	88
3R	22175414	22175350	Deletion	64
3R	22175427	22175350	Deletion	77
3R	22175389	22175350	Deletion	39
3R	22175382	22175350	Deletion	32
3R	22177539	22177424	Deletion	115
3R	22177539	22177453	Deletion	86
3R	22177539	22177494	Deletion	45
3R	22177539	22177494	Deletion	45
3R	22177539	22177501	Deletion	38
3R	22177702	22177621	Deletion	81
3R	22177709	22177621	Deletion	88
3R	22177735	22177621	Deletion	114
3R	22177702	22177621	Deletion	81
3R	22177661	22177621	Deletion	40
3R	22236048	22235940	Deletion	108
3R	22240266	22240219	Deletion	47
3R	22242202	22242127	Deletion	75
3R	22243650	22243537	Deletion	113
3R	22246207	22246143	Deletion	64
3R	22247849	22247745	Deletion	104
3R	22247863	22247745	Deletion	118
3R	22253612	22253495	Deletion	117
3R	22253612	22253509	Deletion	103
3R	22253612	22253566	Deletion	46
3R	22253785	22253661	Deletion	124
3R	22253742	22253661	Deletion	81
3R	22253766	22253661	Deletion	105
3R	22253761	22253661	Deletion	100
3R	22253774	22253661	Deletion	113
3R	22255868	22255813	Deletion	55
3R	22255868	22255831	Deletion	37
3R	22258106	22258035	Deletion	71
3R	22258124	22258035	Deletion	89
3R	22276207	22276089	Deletion	118
3R	22276207	22276120	Deletion	87
3R	22276207	22276144	Deletion	63
3R	22293849	22293810	Deletion	39
3R	22293873	22293810	Deletion	63
3R	22293913	22293810	Deletion	103
3R	22315326	22315255	Deletion	71
3R	22315326	22315256	Deletion	70
3R	22315326	22315275	Deletion	51
3R	22315326	22315296	Deletion	30
3R	22329044	22328948	Deletion	96
3R	22329003	22328948	Deletion	55
3R	22329071	22328948	Deletion	123
3R	22329023	22328948	Deletion	75
3R	22329004	22328948	Deletion	56
3R	22332261	22332140	Deletion	121
3R	22334428	22334321	Deletion	107
3R	22334428	22334324	Deletion	104
3R	22334428	22334335	Deletion	93
3R	22334428	22334339	Deletion	89
3R	22334428	22334344	Deletion	84
3R	22334428	22334345	Deletion	83
3R	22334428	22334356	Deletion	72
3R	22334428	22334370	Deletion	58
3R	22335166	22335129	Deletion	37
3R	22335172	22335129	Deletion	43
3R	22335183	22335129	Deletion	54
3R	22335171	22335129	Deletion	42
3R	22335197	22335129	Deletion	68
3R	22335233	22335129	Deletion	104
3R	22335226	22335129	Deletion	97
3R	22335162	22335129	Deletion	33
3R	22344143	22344020	Deletion	123
3R	22344143	22344074	Deletion	69
3R	22344143	22344107	Deletion	36
3R	22352070	22351980	Deletion	90
3R	22352037	22351980	Deletion	57
3R	22352100	22351980	Deletion	120
3R	22356286	22356163	Deletion	123
3R	22361697	22361575	Deletion	122
3R	22384026	22383909	Deletion	117
3R	22384021	22383916	Deletion	105
3R	22384026	22383947	Deletion	79
3R	22385510	22385393	Deletion	117
3R	22385440	22385393	Deletion	47
3R	22389099	22388988	Deletion	111
3R	22389099	22389019	Deletion	80
3R	22389099	22389024	Deletion	75
3R	22389099	22389025	Deletion	74
3R	22389099	22389028	Deletion	71
3R	22392689	22392633	Deletion	56
3R	22392680	22392633	Deletion	47
3R	22392738	22392633	Deletion	105
3R	22392686	22392633	Deletion	53
3R	22392757	22392633	Deletion	124
3R	22392685	22392633	Deletion	52
3R	22397080	22396957	Deletion	123
3R	22397080	22396982	Deletion	98
3R	22397080	22396993	Deletion	87
3R	22397080	22397038	Deletion	42
3R	22397080	22397039	Deletion	41
3R	22409496	22409411	Deletion	85
3R	22409515	22409411	Deletion	104
3R	22409495	22409411	Deletion	84
3R	22413060	22412937	Deletion	123
3R	22413060	22412977	Deletion	83
3R	22413060	22412985	Deletion	75
3R	22413060	22413007	Deletion	53
3R	22423557	22423484	Deletion	73
3R	22423589	22423484	Deletion	105
3R	22423535	22423484	Deletion	51
3R	22423596	22423484	Deletion	112
3R	22423527	22423488	Deletion	39
3R	22432890	22432772	Deletion	118
3R	22432890	22432786	Deletion	104
3R	22432890	22432857	Deletion	33
3R	22433136	22433015	Deletion	121
3R	22433130	22433015	Deletion	115
3R	22433108	22433015	Deletion	93
3R	22442188	22442064	Deletion	124
3R	22450649	22450609	Deletion	40
3R	22453181	22453129	Deletion	52
3R	22458662	22458543	Deletion	119
3R	22458662	22458548	Deletion	114
3R	22458662	22458571	Deletion	91
3R	22458662	22458608	Deletion	54
3R	22458662	22458625	Deletion	37
3R	22458662	22458630	Deletion	32
3R	22458784	22458711	Deletion	73
3R	22458811	22458711	Deletion	100
3R	22458823	22458711	Deletion	112
3R	22458814	22458711	Deletion	103
3R	22458801	22458711	Deletion	90
3R	22458747	22458711	Deletion	36
3R	22458806	22458711	Deletion	95
3R	22473539	22473439	Deletion	100
3R	22473539	22473449	Deletion	90
3R	22473537	22473481	Deletion	56
3R	22473539	22473491	Deletion	48
3R	22473539	22473495	Deletion	44
3R	22473672	22473587	Deletion	85
3R	22473626	22473587	Deletion	39
3R	22473709	22473587	Deletion	122
3R	22473668	22473587	Deletion	81
3R	22473658	22473589	Deletion	69
3R	22473759	22473637	Deletion	122
3R	22474810	22474690	Deletion	120
3R	22474810	22474704	Deletion	106
3R	22474810	22474705	Deletion	105
3R	22474810	22474705	Deletion	105
3R	22474810	22474706	Deletion	104
3R	22474810	22474747	Deletion	63
3R	22474810	22474768	Deletion	42
3R	22504882	22504782	Deletion	100
3R	22504867	22504782	Deletion	85
3R	22504880	22504782	Deletion	98
3R	22504846	22504782	Deletion	64
3R	22504890	22504782	Deletion	108
3R	22506182	22506059	Deletion	123
3R	22513905	22513841	Deletion	64
3R	22513905	22513849	Deletion	56
3R	22513905	22513856	Deletion	49
3R	22513905	22513863	Deletion	42
3R	22513905	22513864	Deletion	41
3R	22513905	22513874	Deletion	31
3R	22525671	22525593	Deletion	78
3R	22525679	22525593	Deletion	86
3R	22525664	22525593	Deletion	71
3R	22525689	22525593	Deletion	96
3R	22525678	22525593	Deletion	85
3R	22525656	22525593	Deletion	63
3R	22534715	22534654	Deletion	61
3R	22534715	22534655	Deletion	60
3R	22545575	22545508	Deletion	67
3R	22545574	22545508	Deletion	66
3R	22547109	22546986	Deletion	123
3R	22547109	22546987	Deletion	122
3R	22547109	22546989	Deletion	120
3R	22547109	22547003	Deletion	106
3R	22547109	22547008	Deletion	101
3R	22547109	22547043	Deletion	66
3R	22547765	22547655	Deletion	110
3R	22547767	22547655	Deletion	112
3R	22547716	22547655	Deletion	61
3R	22547748	22547655	Deletion	93
3R	22551310	22551192	Deletion	118
3R	22551310	22551202	Deletion	108
3R	22551310	22551208	Deletion	102
3R	22551310	22551216	Deletion	94
3R	22551310	22551227	Deletion	83
3R	22557804	22557770	Deletion	34
3R	22557815	22557770	Deletion	45
3R	22557870	22557770	Deletion	100
3R	22558646	22558544	Deletion	102
3R	22558646	22558566	Deletion	80
3R	22558646	22558574	Deletion	72
3R	22558646	22558589	Deletion	57
3R	22558646	22558596	Deletion	50
3R	22558646	22558606	Deletion	40
3R	22563799	22563730	Deletion	69
3R	22563840	22563730	Deletion	110
3R	22563816	22563730	Deletion	86
3R	22563806	22563730	Deletion	76
3R	22563784	22563730	Deletion	54
3R	22563776	22563730	Deletion	46
3R	22563840	22563730	Deletion	110
3R	22563829	22563730	Deletion	99
3R	22566911	22566795	Deletion	116
3R	22580426	22580302	Deletion	124
3R	22592857	22592740	Deletion	117
3R	22592857	22592755	Deletion	102
3R	22592857	22592758	Deletion	99
3R	22592857	22592770	Deletion	87
3R	22592857	22592793	Deletion	64
3R	22592857	22592800	Deletion	57
3R	22592857	22592812	Deletion	45
3R	22593039	22592958	Deletion	81
3R	22593027	22592958	Deletion	69
3R	22593055	22592958	Deletion	97
3R	22593066	22592958	Deletion	108
3R	22593055	22592958	Deletion	97
3R	22592997	22592958	Deletion	39
3R	22593020	22592958	Deletion	62
3R	22593055	22592958	Deletion	97
3R	22593057	22592958	Deletion	99
3R	22608845	22608788	Deletion	57
3R	22608845	22608797	Deletion	48
3R	22609026	22608947	Deletion	79
3R	22609017	22608947	Deletion	70
3R	22609049	22608947	Deletion	102
3R	22611680	22611557	Deletion	123
3R	22611680	22611559	Deletion	121
3R	22611680	22611568	Deletion	112
3R	22611680	22611589	Deletion	91
3R	22611680	22611617	Deletion	63
3R	22611680	22611640	Deletion	40
3R	22619110	22618991	Deletion	119
3R	22619054	22618991	Deletion	63
3R	22619077	22618991	Deletion	86
3R	22619026	22618991	Deletion	35
3R	22619759	22619641	Deletion	118
3R	22619759	22619661	Deletion	98
3R	22619759	22619686	Deletion	73
3R	22619759	22619697	Deletion	62
3R	22627685	22627573	Deletion	112
3R	22627626	22627573	Deletion	53
3R	22627637	22627573	Deletion	64
3R	22627706	22627583	Deletion	123
3R	22627706	22627589	Deletion	117
3R	22627706	22627605	Deletion	101
3R	22627706	22627642	Deletion	64
3R	22627706	22627657	Deletion	49
3R	22628095	22628017	Deletion	78
3R	22628080	22628017	Deletion	63
3R	22628134	22628017	Deletion	117
3R	22633812	22633760	Deletion	52
3R	22633812	22633767	Deletion	45
3R	22633812	22633776	Deletion	36
3R	22657817	22657697	Deletion	120
3R	22657779	22657697	Deletion	82
3R	22657795	22657697	Deletion	98
3R	22657820	22657697	Deletion	123
3R	22657772	22657697	Deletion	75
3R	22657788	22657697	Deletion	91
3R	22681505	22681404	Deletion	101
3R	22681505	22681449	Deletion	56
3R	22684656	22684543	Deletion	113
3R	22684613	22684543	Deletion	70
3R	22684661	22684543	Deletion	118
3R	22707755	22707643	Deletion	112
3R	22707755	22707645	Deletion	110
3R	22707755	22707650	Deletion	105
3R	22707755	22707696	Deletion	59
3R	22707755	22707706	Deletion	49
3R	22707912	22707845	Deletion	67
3R	22707922	22707845	Deletion	77
3R	22707947	22707845	Deletion	102
3R	22716416	22716295	Deletion	121
3R	22722205	22722084	Deletion	121
3R	22728444	22728335	Deletion	109
3R	22728444	22728360	Deletion	84
3R	22728444	22728402	Deletion	42
3R	22728444	22728409	Deletion	35
3R	22728444	22728414	Deletion	30
3R	22729714	22729618	Deletion	96
3R	22729660	22729618	Deletion	42
3R	22729702	22729618	Deletion	84
3R	22729715	22729618	Deletion	97
3R	22729709	22729618	Deletion	91
3R	22743772	22743669	Deletion	103
3R	22743772	22743679	Deletion	93
3R	22743772	22743740	Deletion	32
3R	22744262	22744163	Deletion	99
3R	22744258	22744163	Deletion	95
3R	22744197	22744163	Deletion	34
3R	22747996	22747886	Deletion	110
3R	22747996	22747893	Deletion	103
3R	22747996	22747898	Deletion	98
3R	22747996	22747911	Deletion	85
3R	22756933	22756823	Deletion	110
3R	22756934	22756823	Deletion	111
3R	22756934	22756823	Deletion	111
3R	22756923	22756823	Deletion	100
3R	22756864	22756823	Deletion	41
3R	22763709	22763597	Deletion	112
3R	22763720	22763597	Deletion	123
3R	22785357	22785268	Deletion	89
3R	22785357	22785269	Deletion	88
3R	22785357	22785275	Deletion	82
3R	22785357	22785277	Deletion	80
3R	22785357	22785291	Deletion	66
3R	22785357	22785299	Deletion	58
3R	22785543	22785441	Deletion	102
3R	22785558	22785441	Deletion	117
3R	22785487	22785441	Deletion	46
3R	22785479	22785441	Deletion	38
3R	22785506	22785441	Deletion	65
3R	22785485	22785441	Deletion	44
3R	22785478	22785441	Deletion	37
3R	22785501	22785441	Deletion	60
3R	22785540	22785441	Deletion	99
3R	22787078	22786967	Deletion	111
3R	22787078	22786977	Deletion	101
3R	22787078	22786992	Deletion	86
3R	22787078	22787008	Deletion	70
3R	22787078	22787033	Deletion	45
3R	22789852	22789734	Deletion	118
3R	22789816	22789734	Deletion	82
3R	22789775	22789734	Deletion	41
3R	22789791	22789734	Deletion	57
3R	22794103	22793980	Deletion	123
3R	22802874	22802752	Deletion	122
3R	22803186	22803084	Deletion	102
3R	22803186	22803101	Deletion	85
3R	22807181	22807140	Deletion	41
3R	22807241	22807140	Deletion	101
3R	22807239	22807140	Deletion	99
3R	22814421	22814298	Deletion	123
3R	22815514	22815390	Deletion	124
3R	22820570	22820446	Deletion	124
3R	22836238	22836117	Deletion	121
3R	22841280	22841172	Deletion	108
3R	22841280	22841176	Deletion	104
3R	22841280	22841213	Deletion	67
3R	22842963	22842865	Deletion	98
3R	22842924	22842865	Deletion	59
3R	22842974	22842865	Deletion	109
3R	22850825	22850735	Deletion	90
3R	22850829	22850739	Deletion	90
3R	22850829	22850743	Deletion	86
3R	22850829	22850744	Deletion	85
3R	22850829	22850752	Deletion	77
3R	22850829	22850779	Deletion	50
3R	22850829	22850782	Deletion	47
3R	22850829	22850785	Deletion	44
3R	22850829	22850792	Deletion	37
3R	22850931	22850882	Deletion	49
3R	22850964	22850882	Deletion	82
3R	22850914	22850882	Deletion	32
3R	22850971	22850882	Deletion	89
3R	22850922	22850882	Deletion	40
3R	22850923	22850882	Deletion	41
3R	22850958	22850882	Deletion	76
3R	22850961	22850882	Deletion	79
3R	22850918	22850882	Deletion	36
3R	22881541	22881504	Deletion	37
3R	22882008	22881909	Deletion	99
3R	22882099	22882048	Deletion	51
3R	22883270	22883170	Deletion	100
3R	22886479	22886432	Deletion	47
3R	22886522	22886432	Deletion	90
3R	22886478	22886432	Deletion	46
3R	22895296	22895175	Deletion	121
3R	22895296	22895175	Deletion	121
3R	22895296	22895182	Deletion	114
3R	22895296	22895198	Deletion	98
3R	22895296	22895217	Deletion	79
3R	22895296	22895253	Deletion	43
3R	22895419	22895371	Deletion	48
3R	22895455	22895371	Deletion	84
3R	22895487	22895371	Deletion	116
3R	22914256	22914155	Deletion	101
3R	22915601	22915481	Deletion	120
3R	22915601	22915481	Deletion	120
3R	22918453	22918360	Deletion	93
3R	22918453	22918373	Deletion	80
3R	22918453	22918400	Deletion	53
3R	22939749	22939696	Deletion	53
3R	22939796	22939696	Deletion	100
3R	22939817	22939696	Deletion	121
3R	22939773	22939696	Deletion	77
3R	22945256	22945156	Deletion	100
3R	22945269	22945156	Deletion	113
3R	22945263	22945156	Deletion	107
3R	22947219	22947095	Deletion	124
3R	22947219	22947102	Deletion	117
3R	22947219	22947102	Deletion	117
3R	22947219	22947111	Deletion	108
3R	22947219	22947112	Deletion	107
3R	22947219	22947141	Deletion	78
3R	22948823	22948775	Deletion	48
3R	22948893	22948775	Deletion	118
3R	22956252	22956129	Deletion	123
3R	22956252	22956209	Deletion	43
3R	22956252	22956213	Deletion	39
3R	22956252	22956213	Deletion	39
3R	22956640	22956550	Deletion	90
3R	22956640	22956550	Deletion	90
3R	22956636	22956550	Deletion	86
3R	22962799	22962694	Deletion	105
3R	22962799	22962709	Deletion	90
3R	22962799	22962715	Deletion	84
3R	22965749	22965707	Deletion	42
3R	22965743	22965707	Deletion	36
3R	22966643	22966543	Deletion	100
3R	22966643	22966549	Deletion	94
3R	22966643	22966582	Deletion	61
3R	22966643	22966587	Deletion	56
3R	22969992	22969891	Deletion	101
3R	22969957	22969891	Deletion	66
3R	22970015	22969891	Deletion	124
3R	22969924	22969891	Deletion	33
3R	22969962	22969891	Deletion	71
3R	22970003	22969891	Deletion	112
3R	22975666	22975560	Deletion	106
3R	22975666	22975593	Deletion	73
3R	22983704	22983651	Deletion	53
3R	22998678	22998585	Deletion	93
3R	22998678	22998595	Deletion	83
3R	22998678	22998608	Deletion	70
3R	22998678	22998634	Deletion	44
3R	22998678	22998641	Deletion	37
3R	22998956	22998867	Deletion	89
3R	22998900	22998867	Deletion	33
3R	22998988	22998867	Deletion	121
3R	22998910	22998867	Deletion	43
3R	22998923	22998867	Deletion	56
3R	22998988	22998867	Deletion	121
3R	22998949	22998867	Deletion	82
3R	23006516	23006419	Deletion	97
3R	23006516	23006471	Deletion	45
3R	23021509	23021427	Deletion	82
3R	23021548	23021427	Deletion	121
3R	23021457	23021427	Deletion	30
3R	23031593	23031481	Deletion	112
3R	23031593	23031497	Deletion	96
3R	23031593	23031499	Deletion	94
3R	23031593	23031519	Deletion	74
3R	23031593	23031546	Deletion	47
3R	23031593	23031549	Deletion	44
3R	23032302	23032203	Deletion	99
3R	23032255	23032203	Deletion	52
3R	23032235	23032203	Deletion	32
3R	23032320	23032203	Deletion	117
3R	23032285	23032203	Deletion	82
3R	23032282	23032203	Deletion	79
3R	23032302	23032203	Deletion	99
3R	23032233	23032203	Deletion	30
3R	23032311	23032203	Deletion	108
3R	23034982	23034881	Deletion	101
3R	23034982	23034912	Deletion	70
3R	23034982	23034912	Deletion	70
3R	23034982	23034925	Deletion	57
3R	23034982	23034948	Deletion	34
3R	23035564	23035449	Deletion	115
3R	23035559	23035449	Deletion	110
3R	23035506	23035449	Deletion	57
3R	23035506	23035449	Deletion	57
3R	23035519	23035449	Deletion	70
3R	23035542	23035449	Deletion	93
3R	23035555	23035451	Deletion	104
3R	23043135	23043031	Deletion	104
3R	23043135	23043040	Deletion	95
3R	23043135	23043058	Deletion	77
3R	23043135	23043068	Deletion	67
3R	23043135	23043094	Deletion	41
3R	23044452	23044402	Deletion	50
3R	23044462	23044402	Deletion	60
3R	23044434	23044402	Deletion	32
3R	23044488	23044402	Deletion	86
3R	23049875	23049777	Deletion	98
3R	23049875	23049822	Deletion	53
3R	23049875	23049835	Deletion	40
3R	23049875	23049844	Deletion	31
3R	23050668	23050572	Deletion	96
3R	23050659	23050572	Deletion	87
3R	23050646	23050572	Deletion	74
3R	23050679	23050572	Deletion	107
3R	23054058	23053938	Deletion	120
3R	23054058	23053945	Deletion	113
3R	23054058	23053955	Deletion	103
3R	23054058	23053956	Deletion	102
3R	23054058	23054001	Deletion	57
3R	23054058	23054022	Deletion	36
3R	23057309	23057219	Deletion	90
3R	23057288	23057219	Deletion	69
3R	23061566	23061453	Deletion	113
3R	23061566	23061465	Deletion	101
3R	23061566	23061507	Deletion	59
3R	23063905	23063787	Deletion	118
3R	23063855	23063787	Deletion	68
3R	23063899	23063787	Deletion	112
3R	23068797	23068680	Deletion	117
3R	23068797	23068710	Deletion	87
3R	23068797	23068725	Deletion	72
3R	23068797	23068730	Deletion	67
3R	23068797	23068764	Deletion	33
3R	23071812	23071753	Deletion	59
3R	23071846	23071753	Deletion	93
3R	23071851	23071753	Deletion	98
3R	23071870	23071753	Deletion	117
3R	23071792	23071753	Deletion	39
3R	23071807	23071753	Deletion	54
3R	23071856	23071753	Deletion	103
3R	23076326	23076238	Deletion	88
3R	23076326	23076251	Deletion	75
3R	23076326	23076274	Deletion	52
3R	23076326	23076286	Deletion	40
3R	23076326	23076286	Deletion	40
3R	23087244	23087193	Deletion	51
3R	23087279	23087193	Deletion	86
3R	23087293	23087193	Deletion	100
3R	23087267	23087193	Deletion	74
3R	23087279	23087193	Deletion	86
3R	23087231	23087193	Deletion	38
3R	23094032	23093956	Deletion	76
3R	23094032	23093961	Deletion	71
3R	23094032	23093974	Deletion	58
3R	23094222	23094154	Deletion	68
3R	23094275	23094154	Deletion	121
3R	23094204	23094154	Deletion	50
3R	23094210	23094154	Deletion	56
3R	23098560	23098464	Deletion	96
3R	23098560	23098467	Deletion	93
3R	23098560	23098477	Deletion	83
3R	23105697	23105665	Deletion	32
3R	23105710	23105665	Deletion	45
3R	23105700	23105665	Deletion	35
3R	23114892	23114788	Deletion	104
3R	23114892	23114847	Deletion	45
3R	23115309	23115191	Deletion	118
3R	23115272	23115191	Deletion	81
3R	23115312	23115191	Deletion	121
3R	23121545	23121421	Deletion	124
3R	23121545	23121448	Deletion	97
3R	23121545	23121457	Deletion	88
3R	23121545	23121469	Deletion	76
3R	23121545	23121471	Deletion	74
3R	23121545	23121484	Deletion	61
3R	23121545	23121488	Deletion	57
3R	23126877	23126812	Deletion	65
3R	23126850	23126812	Deletion	38
3R	23126881	23126812	Deletion	69
3R	23126927	23126812	Deletion	115
3R	23126921	23126812	Deletion	109
3R	23126864	23126812	Deletion	52
3R	23128798	23128687	Deletion	111
3R	23128798	23128692	Deletion	106
3R	23128798	23128694	Deletion	104
3R	23128798	23128694	Deletion	104
3R	23128798	23128745	Deletion	53
3R	23128798	23128752	Deletion	46
3R	23144167	23144087	Deletion	80
3R	23144190	23144087	Deletion	103
3R	23144174	23144087	Deletion	87
3R	23144201	23144087	Deletion	114
3R	23144187	23144087	Deletion	100
3R	23145487	23145368	Deletion	119
3R	23145487	23145398	Deletion	89
3R	23145487	23145412	Deletion	75
3R	23145487	23145439	Deletion	48
3R	23145487	23145444	Deletion	43
3R	23146446	23146365	Deletion	81
3R	23146419	23146365	Deletion	54
3R	23146451	23146365	Deletion	86
3R	23146405	23146365	Deletion	40
3R	23146476	23146365	Deletion	111
3R	23154988	23154867	Deletion	121
3R	23169119	23169035	Deletion	84
3R	23169119	23169083	Deletion	36
3R	23169119	23169088	Deletion	31
3R	23175852	23175760	Deletion	92
3R	23175804	23175760	Deletion	44
3R	23175878	23175760	Deletion	118
3R	23175859	23175760	Deletion	99
3R	23175863	23175760	Deletion	103
3R	23175869	23175760	Deletion	109
3R	23175867	23175760	Deletion	107
3R	23175857	23175760	Deletion	97
3R	23184756	23184638	Deletion	118
3R	23184756	23184649	Deletion	107
3R	23184756	23184660	Deletion	96
3R	23185180	23185069	Deletion	111
3R	23185100	23185069	Deletion	31
3R	23195165	23195042	Deletion	123
3R	23200188	23200065	Deletion	123
3R	23200188	23200107	Deletion	81
3R	23200188	23200136	Deletion	52
3R	23200188	23200145	Deletion	43
3R	23220365	23220320	Deletion	45
3R	23220394	23220320	Deletion	74
3R	23220403	23220320	Deletion	83
3R	23220420	23220320	Deletion	100
3R	23233638	23233518	Deletion	120
3R	23247212	23247113	Deletion	99
3R	23247212	23247126	Deletion	86
3R	23247212	23247131	Deletion	81
3R	23247212	23247145	Deletion	67
3R	23247212	23247166	Deletion	46
3R	23247212	23247172	Deletion	40
3R	23247212	23247180	Deletion	32
3R	23249814	23249754	Deletion	60
3R	23249860	23249754	Deletion	106
3R	23249795	23249754	Deletion	41
3R	23249849	23249754	Deletion	95
3R	23249841	23249754	Deletion	87
3R	23249800	23249754	Deletion	46
3R	23249859	23249754	Deletion	105
3R	23249835	23249754	Deletion	81
3R	23256822	23256699	Deletion	123
3R	23256822	23256712	Deletion	110
3R	23256822	23256713	Deletion	109
3R	23256822	23256717	Deletion	105
3R	23256822	23256722	Deletion	100
3R	23256822	23256738	Deletion	84
3R	23256822	23256751	Deletion	71
3R	23256822	23256778	Deletion	44
3R	23258329	23258273	Deletion	56
3R	23258394	23258273	Deletion	121
3R	23258376	23258273	Deletion	103
3R	23258389	23258273	Deletion	116
3R	23258356	23258273	Deletion	83
3R	23258386	23258273	Deletion	113
3R	23258316	23258273	Deletion	43
3R	23264004	23263881	Deletion	123
3R	23264004	23263893	Deletion	111
3R	23264004	23263901	Deletion	103
3R	23264004	23263911	Deletion	93
3R	23264004	23263930	Deletion	74
3R	23264004	23263940	Deletion	64
3R	23264004	23263954	Deletion	50
3R	23264004	23263959	Deletion	45
3R	23266319	23266264	Deletion	55
3R	23266343	23266264	Deletion	79
3R	23266329	23266264	Deletion	65
3R	23266348	23266264	Deletion	84
3R	23266300	23266264	Deletion	36
3R	23266371	23266264	Deletion	107
3R	23271726	23271656	Deletion	70
3R	23271726	23271683	Deletion	43
3R	23273030	23272908	Deletion	122
3R	23273020	23272908	Deletion	112
3R	23272991	23272908	Deletion	83
3R	23272964	23272908	Deletion	56
3R	23302300	23302180	Deletion	120
3R	23302777	23302698	Deletion	79
3R	23302777	23302705	Deletion	72
3R	23302777	23302705	Deletion	72
3R	23302777	23302712	Deletion	65
3R	23303263	23303208	Deletion	55
3R	23303256	23303208	Deletion	48
3R	23303263	23303208	Deletion	55
3R	23303330	23303208	Deletion	122
3R	23303320	23303208	Deletion	112
3R	23303270	23303208	Deletion	62
3R	23304862	23304742	Deletion	120
3R	23304862	23304742	Deletion	120
3R	23304862	23304746	Deletion	116
3R	23304862	23304757	Deletion	105
3R	23304862	23304771	Deletion	91
3R	23304862	23304781	Deletion	81
3R	23304862	23304784	Deletion	78
3R	23304862	23304796	Deletion	66
3R	23304862	23304800	Deletion	62
3R	23304862	23304802	Deletion	60
3R	23308215	23308155	Deletion	60
3R	23308190	23308155	Deletion	35
3R	23308203	23308155	Deletion	48
3R	23308277	23308155	Deletion	122
3R	23308219	23308155	Deletion	64
3R	23308200	23308155	Deletion	45
3R	23308221	23308155	Deletion	66
3R	23313506	23313392	Deletion	114
3R	23313506	23313398	Deletion	108
3R	23313505	23313406	Deletion	99
3R	23313506	23313418	Deletion	88
3R	23313506	23313433	Deletion	73
3R	23313501	23313442	Deletion	59
3R	23313506	23313445	Deletion	61
3R	23313506	23313473	Deletion	33
3R	23315696	23315643	Deletion	53
3R	23315681	23315643	Deletion	38
3R	23315736	23315643	Deletion	93
3R	23315705	23315643	Deletion	62
3R	23315767	23315643	Deletion	124
3R	23315708	23315643	Deletion	65
3R	23329793	23329677	Deletion	116
3R	23329793	23329681	Deletion	112
3R	23329793	23329705	Deletion	88
3R	23329793	23329713	Deletion	80
3R	23329793	23329719	Deletion	74
3R	23329793	23329752	Deletion	41
3R	23331985	23331900	Deletion	85
3R	23331952	23331900	Deletion	52
3R	23331946	23331900	Deletion	46
3R	23332011	23331900	Deletion	111
3R	23331938	23331900	Deletion	38
3R	23333894	23333773	Deletion	121
3R	23335296	23335193	Deletion	103
3R	23335296	23335215	Deletion	81
3R	23335296	23335216	Deletion	80
3R	23341012	23340966	Deletion	46
3R	23341078	23340966	Deletion	112
3R	23341013	23340966	Deletion	47
3R	23341087	23340966	Deletion	121
3R	23341079	23340966	Deletion	113
3R	23345964	23345846	Deletion	118
3R	23345964	23345857	Deletion	107
3R	23345964	23345865	Deletion	99
3R	23348927	23348837	Deletion	90
3R	23348927	23348850	Deletion	77
3R	23349061	23349011	Deletion	50
3R	23349109	23349011	Deletion	98
3R	23349118	23349011	Deletion	107
3R	23349048	23349011	Deletion	37
3R	23374014	23373903	Deletion	111
3R	23374014	23373910	Deletion	104
3R	23374014	23373949	Deletion	65
3R	23374014	23373975	Deletion	39
3R	23374014	23373981	Deletion	33
3R	23375956	23375860	Deletion	96
3R	23375960	23375860	Deletion	100
3R	23375972	23375860	Deletion	112
3R	23375924	23375860	Deletion	64
3R	23375950	23375860	Deletion	90
3R	23378553	23378444	Deletion	109
3R	23378553	23378511	Deletion	42
3R	23378553	23378515	Deletion	38
3R	23378553	23378523	Deletion	30
3R	23403475	23403387	Deletion	88
3R	23403483	23403387	Deletion	96
3R	23403497	23403387	Deletion	110
3R	23403471	23403387	Deletion	84
3R	23403493	23403387	Deletion	106
3R	23408721	23408628	Deletion	93
3R	23408721	23408637	Deletion	84
3R	23408721	23408647	Deletion	74
3R	23408721	23408648	Deletion	73
3R	23408721	23408662	Deletion	59
3R	23408721	23408685	Deletion	36
3R	23410078	23410044	Deletion	34
3R	23410087	23410044	Deletion	43
3R	23410135	23410044	Deletion	91
3R	23410097	23410044	Deletion	53
3R	23410098	23410044	Deletion	54
3R	23410112	23410044	Deletion	68
3R	23414173	23414060	Deletion	113
3R	23414173	23414071	Deletion	102
3R	23414173	23414093	Deletion	80
3R	23414173	23414094	Deletion	79
3R	23414173	23414101	Deletion	72
3R	23414173	23414103	Deletion	70
3R	23414173	23414128	Deletion	45
3R	23417291	23417243	Deletion	48
3R	23417298	23417243	Deletion	55
3R	23417290	23417243	Deletion	47
3R	23417300	23417243	Deletion	57
3R	23417325	23417243	Deletion	82
3R	23420608	23420516	Deletion	92
3R	23426008	23425973	Deletion	35
3R	23440804	23440696	Deletion	108
3R	23440804	23440706	Deletion	98
3R	23441689	23441587	Deletion	102
3R	23441690	23441587	Deletion	103
3R	23449151	23449031	Deletion	120
3R	23449151	23449066	Deletion	85
3R	23449151	23449093	Deletion	58
3R	23449151	23449093	Deletion	58
3R	23449975	23449907	Deletion	68
3R	23449948	23449907	Deletion	41
3R	23449975	23449907	Deletion	68
3R	23454801	23454747	Deletion	54
3R	23454801	23454765	Deletion	36
3R	23457549	23457459	Deletion	90
3R	23457561	23457459	Deletion	102
3R	23457531	23457459	Deletion	72
3R	23464913	23464843	Deletion	70
3R	23464913	23464868	Deletion	45
3R	23464913	23464872	Deletion	41
3R	23465404	23465285	Deletion	119
3R	23465342	23465285	Deletion	57
3R	23465367	23465285	Deletion	82
3R	23465388	23465285	Deletion	103
3R	23465371	23465285	Deletion	86
3R	23466540	23466417	Deletion	123
3R	23473804	23473683	Deletion	121
3R	23477542	23477421	Deletion	121
3R	23477542	23477443	Deletion	99
3R	23477542	23477469	Deletion	73
3R	23477542	23477472	Deletion	70
3R	23477542	23477476	Deletion	66
3R	23477905	23477852	Deletion	53
3R	23477951	23477852	Deletion	99
3R	23477908	23477852	Deletion	56
3R	23477912	23477852	Deletion	60
3R	23477959	23477852	Deletion	107
3R	23482956	23482835	Deletion	121
3R	23493622	23493522	Deletion	100
3R	23493622	23493550	Deletion	72
3R	23493622	23493580	Deletion	42
3R	23511531	23511446	Deletion	85
3R	23511544	23511446	Deletion	98
3R	23511501	23511446	Deletion	55
3R	23521125	23521032	Deletion	93
3R	23521125	23521040	Deletion	85
3R	23521125	23521059	Deletion	66
3R	23521125	23521066	Deletion	59
3R	23521125	23521071	Deletion	54
3R	23521125	23521081	Deletion	44
3R	23521526	23521484	Deletion	42
3R	23521544	23521484	Deletion	60
3R	23521551	23521484	Deletion	67
3R	23521566	23521484	Deletion	82
3R	23521556	23521484	Deletion	72
3R	23521517	23521484	Deletion	33
3R	23526588	23526551	Deletion	37
3R	23531409	23531287	Deletion	122
3R	23531405	23531287	Deletion	118
3R	23531378	23531287	Deletion	91
3R	23531400	23531287	Deletion	113
3R	23531391	23531287	Deletion	104
3R	23538900	23538790	Deletion	110
3R	23538900	23538798	Deletion	102
3R	23538900	23538861	Deletion	39
3R	23541830	23541722	Deletion	108
3R	23541810	23541722	Deletion	88
3R	23541837	23541722	Deletion	115
3R	23546288	23546169	Deletion	119
3R	23546288	23546204	Deletion	84
3R	23546288	23546207	Deletion	81
3R	23546288	23546212	Deletion	76
3R	23546288	23546243	Deletion	45
3R	23550621	23550539	Deletion	82
3R	23550585	23550539	Deletion	46
3R	23550582	23550539	Deletion	43
3R	23550590	23550539	Deletion	51
3R	23551092	23550989	Deletion	103
3R	23551092	23550995	Deletion	97
3R	23551092	23551019	Deletion	73
3R	23551092	23551042	Deletion	50
3R	23551092	23551054	Deletion	38
3R	23551491	23551461	Deletion	30
3R	23551578	23551461	Deletion	117
3R	23551582	23551461	Deletion	121
3R	23551567	23551461	Deletion	106
3R	23551515	23551461	Deletion	54
3R	23551538	23551461	Deletion	77
3R	23551550	23551461	Deletion	89
3R	23551666	23551543	Deletion	123
3R	23556883	23556780	Deletion	103
3R	23556883	23556780	Deletion	103
3R	23556883	23556796	Deletion	87
3R	23556883	23556808	Deletion	75
3R	23556883	23556843	Deletion	40
3R	23556883	23556851	Deletion	32
3R	23557587	23557501	Deletion	86
3R	23557540	23557501	Deletion	39
3R	23557552	23557501	Deletion	51
3R	23557595	23557501	Deletion	94
3R	23560790	23560669	Deletion	121
3R	23564062	23563949	Deletion	113
3R	23564062	23563958	Deletion	104
3R	23564062	23563965	Deletion	97
3R	23564062	23563971	Deletion	91
3R	23564062	23563973	Deletion	89
3R	23564062	23564005	Deletion	57
3R	23564062	23564018	Deletion	44
3R	23569465	23569382	Deletion	83
3R	23569420	23569382	Deletion	38
3R	23569418	23569382	Deletion	36
3R	23569496	23569382	Deletion	114
3R	23569452	23569382	Deletion	70
3R	23569412	23569382	Deletion	30
3R	23578110	23577989	Deletion	121
3R	23608052	23607931	Deletion	121
3R	23615675	23615556	Deletion	119
3R	23616389	23616268	Deletion	121
3R	23616389	23616298	Deletion	91
3R	23616389	23616318	Deletion	71
3R	23616389	23616320	Deletion	69
3R	23617130	23617007	Deletion	123
3R	23617042	23617007	Deletion	35
3R	23617064	23617007	Deletion	57
3R	23617062	23617007	Deletion	55
3R	23617122	23617007	Deletion	115
3R	23647798	23647699	Deletion	99
3R	23647798	23647707	Deletion	91
3R	23647798	23647727	Deletion	71
3R	23647798	23647736	Deletion	62
3R	23647798	23647745	Deletion	53
3R	23647798	23647758	Deletion	40
3R	23648594	23648521	Deletion	73
3R	23648607	23648521	Deletion	86
3R	23648626	23648521	Deletion	105
3R	23648623	23648521	Deletion	102
3R	23648576	23648521	Deletion	55
3R	23648585	23648521	Deletion	64
3R	23648556	23648521	Deletion	35
3R	23661458	23661415	Deletion	43
3R	23661458	23661420	Deletion	38
3R	23661458	23661425	Deletion	33
3R	23661458	23661426	Deletion	32
3R	23662248	23662148	Deletion	100
3R	23662241	23662148	Deletion	93
3R	23662242	23662148	Deletion	94
3R	23662236	23662148	Deletion	88
3R	23662231	23662148	Deletion	83
3R	23662261	23662148	Deletion	113
3R	23666011	23665890	Deletion	121
3R	23678889	23678812	Deletion	77
3R	23680560	23680443	Deletion	117
3R	23680493	23680443	Deletion	50
3R	23680557	23680443	Deletion	114
3R	23680560	23680443	Deletion	117
3R	23680564	23680443	Deletion	121
3R	23687368	23687246	Deletion	122
3R	23719385	23719302	Deletion	83
3R	23719385	23719334	Deletion	51
3R	23719670	23719593	Deletion	77
3R	23719638	23719593	Deletion	45
3R	23719692	23719593	Deletion	99
3R	23719693	23719593	Deletion	100
3R	23723935	23723842	Deletion	93
3R	23723935	23723853	Deletion	82
3R	23723935	23723866	Deletion	69
3R	23723935	23723875	Deletion	60
3R	23723935	23723881	Deletion	54
3R	23724286	23724213	Deletion	73
3R	23724280	23724213	Deletion	67
3R	23724258	23724213	Deletion	45
3R	23724271	23724213	Deletion	58
3R	23724247	23724213	Deletion	34
3R	23745241	23745119	Deletion	122
3R	23752120	23751999	Deletion	121
3R	23753582	23753459	Deletion	123
3R	23785721	23785681	Deletion	40
3R	23786176	23786073	Deletion	103
3R	23786162	23786073	Deletion	89
3R	23787043	23786922	Deletion	121
3R	23787043	23786966	Deletion	77
3R	23787043	23786980	Deletion	63
3R	23787043	23786984	Deletion	59
3R	23794814	23794747	Deletion	67
3R	23794810	23794747	Deletion	63
3R	23794796	23794747	Deletion	49
3R	23794889	23794767	Deletion	122
3R	23794889	23794791	Deletion	98
3R	23794889	23794797	Deletion	92
3R	23794889	23794802	Deletion	87
3R	23794889	23794817	Deletion	72
3R	23794889	23794831	Deletion	58
3R	23804697	23804592	Deletion	105
3R	23804660	23804592	Deletion	68
3R	23804631	23804592	Deletion	39
3R	23804646	23804592	Deletion	54
3R	23804626	23804592	Deletion	34
3R	23804693	23804592	Deletion	101
3R	23804704	23804592	Deletion	112
3R	23805164	23805056	Deletion	108
3R	23805164	23805061	Deletion	103
3R	23805164	23805067	Deletion	97
3R	23805164	23805097	Deletion	67
3R	23805164	23805114	Deletion	50
3R	23806486	23806372	Deletion	114
3R	23806450	23806372	Deletion	78
3R	23806489	23806372	Deletion	117
3R	23806433	23806372	Deletion	61
3R	23806403	23806372	Deletion	31
3R	23826493	23826382	Deletion	111
3R	23826493	23826393	Deletion	100
3R	23826493	23826415	Deletion	78
3R	23826493	23826444	Deletion	49
3R	23826860	23826812	Deletion	48
3R	23826889	23826812	Deletion	77
3R	23826930	23826812	Deletion	118
3R	23831621	23831517	Deletion	104
3R	23831621	23831556	Deletion	65
3R	23831621	23831560	Deletion	61
3R	23831621	23831570	Deletion	51
3R	23833120	23833018	Deletion	102
3R	23833081	23833018	Deletion	63
3R	23833095	23833018	Deletion	77
3R	23833085	23833018	Deletion	67
3R	23836965	23836934	Deletion	31
3R	23839507	23839395	Deletion	112
3R	23839603	23839569	Deletion	34
3R	23842864	23842741	Deletion	123
3R	23842864	23842768	Deletion	96
3R	23842864	23842781	Deletion	83
3R	23843029	23842923	Deletion	106
3R	23847061	23846940	Deletion	121
3R	23851539	23851473	Deletion	66
3R	23854640	23854552	Deletion	88
3R	23858144	23858046	Deletion	98
3R	23858698	23858597	Deletion	101
3R	23892252	23892129	Deletion	123
3R	23892252	23892136	Deletion	116
3R	23892252	23892149	Deletion	103
3R	23892252	23892158	Deletion	94
3R	23892252	23892159	Deletion	93
3R	23892252	23892175	Deletion	77
3R	23892252	23892177	Deletion	75
3R	23892252	23892182	Deletion	70
3R	23892252	23892184	Deletion	68
3R	23899756	23899720	Deletion	36
3R	23899779	23899720	Deletion	59
3R	23899774	23899720	Deletion	54
3R	23899772	23899720	Deletion	52
3R	23899781	23899720	Deletion	61
3R	23899827	23899720	Deletion	107
3R	23899755	23899720	Deletion	35
3R	23910103	23909998	Deletion	105
3R	23910103	23909999	Deletion	104
3R	23910103	23910025	Deletion	78
3R	23910103	23910032	Deletion	71
3R	23910103	23910040	Deletion	63
3R	23911998	23911880	Deletion	118
3R	23911931	23911880	Deletion	51
3R	23911938	23911880	Deletion	58
3R	23911946	23911880	Deletion	66
3R	23912986	23912862	Deletion	124
3R	23912986	23912871	Deletion	115
3R	23912986	23912894	Deletion	92
3R	23912986	23912895	Deletion	91
3R	23912986	23912911	Deletion	75
3R	23912986	23912913	Deletion	73
3R	23912986	23912926	Deletion	60
3R	23912986	23912928	Deletion	58
3R	23912986	23912935	Deletion	51
3R	23914546	23914469	Deletion	77
3R	23914580	23914469	Deletion	111
3R	23914505	23914469	Deletion	36
3R	23914522	23914469	Deletion	53
3R	23914524	23914469	Deletion	55
3R	23914537	23914469	Deletion	68
3R	23914539	23914469	Deletion	70
3R	23914506	23914469	Deletion	37
3R	23919431	23919307	Deletion	124
3R	23926898	23926775	Deletion	123
3R	23926898	23926808	Deletion	90
3R	23926898	23926846	Deletion	52
3R	23926898	23926855	Deletion	43
3R	23934624	23934588	Deletion	36
3R	23934697	23934588	Deletion	109
3R	23934685	23934588	Deletion	97
3R	23934662	23934588	Deletion	74
3R	23934671	23934588	Deletion	83
3R	23977044	23976939	Deletion	105
3R	23977044	23976949	Deletion	95
3R	23977044	23976976	Deletion	68
3R	23977044	23976977	Deletion	67
3R	23977291	23977177	Deletion	114
3R	23977236	23977177	Deletion	59
3R	23977298	23977177	Deletion	121
3R	23977235	23977177	Deletion	58
3R	23977208	23977177	Deletion	31
3R	23981086	23980963	Deletion	123
3R	23987486	23987425	Deletion	61
3R	23987486	23987435	Deletion	51
3R	23987486	23987437	Deletion	49
3R	24005135	24005057	Deletion	78
3R	24005123	24005057	Deletion	66
3R	24005167	24005057	Deletion	110
3R	24005133	24005057	Deletion	76
3R	24008219	24008140	Deletion	79
3R	24008219	24008148	Deletion	71
3R	24014416	24014369	Deletion	47
3R	24014424	24014369	Deletion	55
3R	24014474	24014369	Deletion	105
3R	24014479	24014369	Deletion	110
3R	24020866	24020748	Deletion	118
3R	24020866	24020755	Deletion	111
3R	24020866	24020763	Deletion	103
3R	24020866	24020765	Deletion	101
3R	24020866	24020777	Deletion	89
3R	24020866	24020781	Deletion	85
3R	24020866	24020826	Deletion	40
3R	24023323	24023213	Deletion	110
3R	24023261	24023213	Deletion	48
3R	24023257	24023213	Deletion	44
3R	24023246	24023213	Deletion	33
3R	24023243	24023213	Deletion	30
3R	24023306	24023213	Deletion	93
3R	24030468	24030347	Deletion	121
3R	24033795	24033675	Deletion	120
3R	24033795	24033679	Deletion	116
3R	24033795	24033705	Deletion	90
3R	24033795	24033714	Deletion	81
3R	24033795	24033720	Deletion	75
3R	24033795	24033754	Deletion	41
3R	24033795	24033764	Deletion	31
3R	24033891	24033846	Deletion	45
3R	24033941	24033846	Deletion	95
3R	24033897	24033846	Deletion	51
3R	24033882	24033846	Deletion	36
3R	24033931	24033846	Deletion	85
3R	24038055	24037936	Deletion	119
3R	24038056	24037979	Deletion	77
3R	24038055	24037981	Deletion	74
3R	24038055	24038001	Deletion	54
3R	24038055	24038011	Deletion	44
3R	24038274	24038199	Deletion	75
3R	24038254	24038199	Deletion	55
3R	24038299	24038199	Deletion	100
3R	24038284	24038199	Deletion	85
3R	24038314	24038199	Deletion	115
3R	24038308	24038199	Deletion	109
3R	24038252	24038203	Deletion	49
3R	24041313	24041190	Deletion	123
3R	24050473	24050349	Deletion	124
3R	24050473	24050372	Deletion	101
3R	24050473	24050392	Deletion	81
3R	24050473	24050414	Deletion	59
3R	24050695	24050628	Deletion	67
3R	24050673	24050628	Deletion	45
3R	24050729	24050628	Deletion	101
3R	24052326	24052229	Deletion	97
3R	24052326	24052230	Deletion	96
3R	24052442	24052412	Deletion	30
3R	24052628	24052515	Deletion	113
3R	24052628	24052519	Deletion	109
3R	24052628	24052591	Deletion	37
3R	24052628	24052596	Deletion	32
3R	24070440	24070351	Deletion	89
3R	24070445	24070351	Deletion	94
3R	24083562	24083526	Deletion	36
3R	24083569	24083526	Deletion	43
3R	24083592	24083526	Deletion	66
3R	24083595	24083526	Deletion	69
3R	24083571	24083526	Deletion	45
3R	24088685	24088566	Deletion	119
3R	24089253	24089137	Deletion	116
3R	24089253	24089149	Deletion	104
3R	24089253	24089152	Deletion	101
3R	24089253	24089180	Deletion	73
3R	24089253	24089180	Deletion	73
3R	24089253	24089209	Deletion	44
3R	24089253	24089211	Deletion	42
3R	24089361	24089306	Deletion	55
3R	24089392	24089306	Deletion	86
3R	24089390	24089306	Deletion	84
3R	24089361	24089306	Deletion	55
3R	24089429	24089306	Deletion	123
3R	24089774	24089652	Deletion	122
3R	24094003	24093908	Deletion	95
3R	24094003	24093914	Deletion	89
3R	24094003	24093918	Deletion	85
3R	24094000	24093926	Deletion	74
3R	24094000	24093940	Deletion	60
3R	24094003	24093945	Deletion	58
3R	24094003	24093972	Deletion	31
3R	24107735	24107671	Deletion	64
3R	24107740	24107671	Deletion	69
3R	24107783	24107671	Deletion	112
3R	24107709	24107671	Deletion	38
3R	24107767	24107671	Deletion	96
3R	24107703	24107671	Deletion	32
3R	24107713	24107671	Deletion	42
3R	24107720	24107671	Deletion	49
3R	24113861	24113766	Deletion	95
3R	24113861	24113810	Deletion	51
3R	24113861	24113813	Deletion	48
3R	24114009	24113910	Deletion	99
3R	24113987	24113910	Deletion	77
3R	24113990	24113910	Deletion	80
3R	24113943	24113910	Deletion	33
3R	24114014	24113910	Deletion	104
3R	24114034	24113910	Deletion	124
3R	24124637	24124527	Deletion	110
3R	24124637	24124546	Deletion	91
3R	24124637	24124551	Deletion	86
3R	24124637	24124588	Deletion	49
3R	24125046	24125006	Deletion	40
3R	24125083	24125006	Deletion	77
3R	24125041	24125006	Deletion	35
3R	24130705	24130581	Deletion	124
3R	24130705	24130588	Deletion	117
3R	24130705	24130594	Deletion	111
3R	24130705	24130595	Deletion	110
3R	24130705	24130603	Deletion	102
3R	24152541	24152427	Deletion	114
3R	24152527	24152427	Deletion	100
3R	24153409	24153287	Deletion	122
3R	24155175	24155053	Deletion	122
3R	24160695	24160603	Deletion	92
3R	24160695	24160612	Deletion	83
3R	24160695	24160624	Deletion	71
3R	24161738	24161704	Deletion	34
3R	24161747	24161704	Deletion	43
3R	24161759	24161704	Deletion	55
3R	24164963	24164863	Deletion	100
3R	24164963	24164863	Deletion	100
3R	24166099	24165976	Deletion	123
3R	24169195	24169072	Deletion	123
3R	24171345	24171223	Deletion	122
3R	24176526	24176421	Deletion	105
3R	24176526	24176427	Deletion	99
3R	24176526	24176428	Deletion	98
3R	24176526	24176460	Deletion	66
3R	24176526	24176462	Deletion	64
3R	24176526	24176468	Deletion	58
3R	24180781	24180713	Deletion	68
3R	24180773	24180713	Deletion	60
3R	24180775	24180713	Deletion	62
3R	24186057	24185961	Deletion	96
3R	24186057	24185978	Deletion	79
3R	24186057	24186011	Deletion	46
3R	24188899	24188775	Deletion	124
3R	24188805	24188775	Deletion	30
3R	24188822	24188775	Deletion	47
3R	24188855	24188775	Deletion	80
3R	24202224	24202152	Deletion	72
3R	24202224	24202153	Deletion	71
3R	24202224	24202164	Deletion	60
3R	24202224	24202165	Deletion	59
3R	24202224	24202168	Deletion	56
3R	24202224	24202186	Deletion	38
3R	24202683	24202614	Deletion	69
3R	24202682	24202614	Deletion	68
3R	24202704	24202614	Deletion	90
3R	24202670	24202614	Deletion	56
3R	24202671	24202614	Deletion	57
3R	24202686	24202614	Deletion	72
3R	24207505	24207447	Deletion	58
3R	24210101	24210059	Deletion	42
3R	24210339	24210255	Deletion	84
3R	24213202	24213081	Deletion	121
3R	24219195	24219090	Deletion	105
3R	24219195	24219148	Deletion	47
3R	24219195	24219161	Deletion	34
3R	24219195	24219163	Deletion	32
3R	24226859	24226780	Deletion	79
3R	24226874	24226780	Deletion	94
3R	24226872	24226780	Deletion	92
3R	24231885	24231804	Deletion	81
3R	24231885	24231819	Deletion	66
3R	24234061	24234016	Deletion	45
3R	24234121	24234016	Deletion	105
3R	24234076	24234016	Deletion	60
3R	24237526	24237409	Deletion	117
3R	24253657	24253555	Deletion	102
3R	24253657	24253565	Deletion	92
3R	24253657	24253567	Deletion	90
3R	24253657	24253605	Deletion	52
3R	24253657	24253609	Deletion	48
3R	24260090	24260053	Deletion	37
3R	24260132	24260053	Deletion	79
3R	24260128	24260053	Deletion	75
3R	24260088	24260053	Deletion	35
3R	24260165	24260053	Deletion	112
3R	24276076	24275960	Deletion	116
3R	24276076	24275968	Deletion	108
3R	24276076	24275970	Deletion	106
3R	24276076	24276013	Deletion	63
3R	24276076	24276014	Deletion	62
3R	24276076	24276026	Deletion	50
3R	24276076	24276032	Deletion	44
3R	24276076	24276038	Deletion	38
3R	24276076	24276043	Deletion	33
3R	24276567	24276490	Deletion	77
3R	24276555	24276490	Deletion	65
3R	24276612	24276490	Deletion	122
3R	24276579	24276490	Deletion	89
3R	24276573	24276490	Deletion	83
3R	24276584	24276490	Deletion	94
3R	24276554	24276490	Deletion	64
3R	24291019	24290897	Deletion	122
3R	24299534	24299411	Deletion	123
3R	24310075	24309977	Deletion	98
3R	24310075	24310018	Deletion	57
3R	24310075	24310026	Deletion	49
3R	24310075	24310034	Deletion	41
3R	24310075	24310044	Deletion	31
3R	24310850	24310755	Deletion	95
3R	24310832	24310755	Deletion	77
3R	24310840	24310755	Deletion	85
3R	24310824	24310755	Deletion	69
3R	24318090	24317992	Deletion	98
3R	24318090	24318026	Deletion	64
3R	24318090	24318040	Deletion	50
3R	24318832	24318769	Deletion	63
3R	24318846	24318769	Deletion	77
3R	24318874	24318769	Deletion	105
3R	24318883	24318769	Deletion	114
3R	24318881	24318769	Deletion	112
3R	24333369	24333251	Deletion	118
3R	24333369	24333261	Deletion	108
3R	24333369	24333284	Deletion	85
3R	24333369	24333302	Deletion	67
3R	24333369	24333311	Deletion	58
3R	24333369	24333332	Deletion	37
3R	24334476	24334435	Deletion	41
3R	24334494	24334435	Deletion	59
3R	24334549	24334435	Deletion	114
3R	24334540	24334435	Deletion	105
3R	24334503	24334435	Deletion	68
3R	24334524	24334435	Deletion	89
3R	24334557	24334435	Deletion	122
3R	24338335	24338222	Deletion	113
3R	24338335	24338240	Deletion	95
3R	24338335	24338246	Deletion	89
3R	24338335	24338269	Deletion	66
3R	24338789	24338679	Deletion	110
3R	24338718	24338679	Deletion	39
3R	24338712	24338679	Deletion	33
3R	24338741	24338679	Deletion	62
3R	24339898	24339774	Deletion	124
3R	24339898	24339775	Deletion	123
3R	24339898	24339783	Deletion	115
3R	24339898	24339807	Deletion	91
3R	24339898	24339831	Deletion	67
3R	24339898	24339849	Deletion	49
3R	24339898	24339853	Deletion	45
3R	24339898	24339855	Deletion	43
3R	24339898	24339859	Deletion	39
3R	24339898	24339861	Deletion	37
3R	24343232	24343149	Deletion	83
3R	24343208	24343149	Deletion	59
3R	24343226	24343149	Deletion	77
3R	24343230	24343149	Deletion	81
3R	24343248	24343149	Deletion	99
3R	24343236	24343149	Deletion	87
3R	24343184	24343149	Deletion	35
3R	24343251	24343149	Deletion	102
3R	24343238	24343149	Deletion	89
3R	24353835	24353741	Deletion	94
3R	24353835	24353775	Deletion	60
3R	24353835	24353795	Deletion	40
3R	24354703	24354671	Deletion	32
3R	24354757	24354671	Deletion	86
3R	24354737	24354671	Deletion	66
3R	24368581	24368481	Deletion	100
3R	24368585	24368483	Deletion	102
3R	24368585	24368488	Deletion	97
3R	24368585	24368516	Deletion	69
3R	24368585	24368527	Deletion	58
3R	24370626	24370557	Deletion	69
3R	24370587	24370557	Deletion	30
3R	24370658	24370557	Deletion	101
3R	24370615	24370557	Deletion	58
3R	24377653	24377529	Deletion	124
3R	24385798	24385679	Deletion	119
3R	24385798	24385741	Deletion	57
3R	24385798	24385763	Deletion	35
3R	24385987	24385918	Deletion	69
3R	24386034	24385918	Deletion	116
3R	24386009	24385918	Deletion	91
3R	24390576	24390477	Deletion	99
3R	24390576	24390478	Deletion	98
3R	24390576	24390517	Deletion	59
3R	24390576	24390530	Deletion	46
3R	24390576	24390532	Deletion	44
3R	24390576	24390534	Deletion	42
3R	24403664	24403580	Deletion	84
3R	24403647	24403580	Deletion	67
3R	24403683	24403580	Deletion	103
3R	24403662	24403580	Deletion	82
3R	24403660	24403580	Deletion	80
3R	24409435	24409354	Deletion	81
3R	24409435	24409365	Deletion	70
3R	24413639	24413516	Deletion	123
3R	24413622	24413516	Deletion	106
3R	24413617	24413516	Deletion	101
3R	24413572	24413516	Deletion	56
3R	24413561	24413516	Deletion	45
3R	24449100	24448979	Deletion	121
3R	24468547	24468444	Deletion	103
3R	24468547	24468445	Deletion	102
3R	24468547	24468456	Deletion	91
3R	24468547	24468480	Deletion	67
3R	24468547	24468491	Deletion	56
3R	24468547	24468493	Deletion	54
3R	24468547	24468511	Deletion	36
3R	24475929	24475820	Deletion	109
3R	24475918	24475820	Deletion	98
3R	24475890	24475820	Deletion	70
3R	24475910	24475820	Deletion	90
3R	24475943	24475820	Deletion	123
3R	24475855	24475820	Deletion	35
3R	24475892	24475820	Deletion	72
3R	24475879	24475820	Deletion	59
3R	24475935	24475820	Deletion	115
3R	24483655	24483554	Deletion	101
3R	24483655	24483586	Deletion	69
3R	24483655	24483588	Deletion	67
3R	24483655	24483593	Deletion	62
3R	24483655	24483599	Deletion	56
3R	24483655	24483604	Deletion	51
3R	24487903	24487804	Deletion	99
3R	24487924	24487804	Deletion	120
3R	24487863	24487804	Deletion	59
3R	24487868	24487804	Deletion	64
3R	24487879	24487804	Deletion	75
3R	24487861	24487804	Deletion	57
3R	24487874	24487804	Deletion	70
3R	24502614	24502491	Deletion	123
3R	24505981	24505867	Deletion	114
3R	24505981	24505894	Deletion	87
3R	24505981	24505925	Deletion	56
3R	24505981	24505927	Deletion	54
3R	24506880	24506776	Deletion	104
3R	24506881	24506776	Deletion	105
3R	24506848	24506776	Deletion	72
3R	24506815	24506776	Deletion	39
3R	24506846	24506781	Deletion	65
3R	24509065	24508967	Deletion	98
3R	24509067	24508971	Deletion	96
3R	24509067	24508978	Deletion	89
3R	24509067	24508993	Deletion	74
3R	24509067	24509004	Deletion	63
3R	24528247	24528183	Deletion	64
3R	24528236	24528183	Deletion	53
3R	24528290	24528183	Deletion	107
3R	24528214	24528183	Deletion	31
3R	24528221	24528183	Deletion	38
3R	24550934	24550812	Deletion	122
3R	24567095	24566981	Deletion	114
3R	24567095	24567058	Deletion	37
3R	24567606	24567516	Deletion	90
3R	24571674	24571556	Deletion	118
3R	24571674	24571582	Deletion	92
3R	24571674	24571607	Deletion	67
3R	24571674	24571616	Deletion	58
3R	24571674	24571638	Deletion	36
3R	24571674	24571643	Deletion	31
3R	24571674	24571644	Deletion	30
3R	24576087	24576017	Deletion	70
3R	24576053	24576017	Deletion	36
3R	24576109	24576017	Deletion	92
3R	24576115	24576017	Deletion	98
3R	24576118	24576017	Deletion	101
3R	24576114	24576017	Deletion	97
3R	24576078	24576017	Deletion	61
3R	24584398	24584316	Deletion	82
3R	24584398	24584329	Deletion	69
3R	24584398	24584350	Deletion	48
3R	24584398	24584356	Deletion	42
3R	24584398	24584362	Deletion	36
3R	24593988	24593897	Deletion	91
3R	24593976	24593897	Deletion	79
3R	24593955	24593897	Deletion	58
3R	24593982	24593897	Deletion	85
3R	24593942	24593897	Deletion	45
3R	24594001	24593897	Deletion	104
3R	24596623	24596515	Deletion	108
3R	24599226	24599130	Deletion	96
3R	24599226	24599148	Deletion	78
3R	24599226	24599187	Deletion	39
3R	24604950	24604863	Deletion	87
3R	24604893	24604863	Deletion	30
3R	24604911	24604863	Deletion	48
3R	24605303	24605267	Deletion	36
3R	24607223	24607133	Deletion	90
3R	24607257	24607133	Deletion	124
3R	24609620	24609512	Deletion	108
3R	24609620	24609538	Deletion	82
3R	24609620	24609562	Deletion	58
3R	24609620	24609570	Deletion	50
3R	24610588	24610519	Deletion	69
3R	24610564	24610519	Deletion	45
3R	24610596	24610519	Deletion	77
3R	24659135	24659053	Deletion	82
3R	24659135	24659076	Deletion	59
3R	24659135	24659085	Deletion	50
3R	24665429	24665384	Deletion	45
3R	24665452	24665384	Deletion	68
3R	24665461	24665384	Deletion	77
3R	24691152	24691028	Deletion	124
3R	24691152	24691037	Deletion	115
3R	24691152	24691054	Deletion	98
3R	24691152	24691082	Deletion	70
3R	24691152	24691092	Deletion	60
3R	24691152	24691099	Deletion	53
3R	24691152	24691099	Deletion	53
3R	24691152	24691110	Deletion	42
3R	24691152	24691114	Deletion	38
3R	24693483	24693415	Deletion	68
3R	24693490	24693415	Deletion	75
3R	24693531	24693415	Deletion	116
3R	24693535	24693415	Deletion	120
3R	24693446	24693415	Deletion	31
3R	24693501	24693415	Deletion	86
3R	24693473	24693415	Deletion	58
3R	24693490	24693415	Deletion	75
3R	24693505	24693415	Deletion	90
3R	24708353	24708264	Deletion	89
3R	24708353	24708266	Deletion	87
3R	24708353	24708267	Deletion	86
3R	24708353	24708283	Deletion	70
3R	24708353	24708284	Deletion	69
3R	24708353	24708306	Deletion	47
3R	24708353	24708310	Deletion	43
3R	24708353	24708312	Deletion	41
3R	24711176	24711119	Deletion	57
3R	24711160	24711119	Deletion	41
3R	24711159	24711119	Deletion	40
3R	24711205	24711119	Deletion	86
3R	24711157	24711119	Deletion	38
3R	24711177	24711119	Deletion	58
3R	24711199	24711119	Deletion	80
3R	24711203	24711119	Deletion	84
3R	24716394	24716278	Deletion	116
3R	24716394	24716338	Deletion	56
3R	24716394	24716348	Deletion	46
3R	24716394	24716349	Deletion	45
3R	24716394	24716352	Deletion	42
3R	24716663	24716582	Deletion	81
3R	24716685	24716582	Deletion	103
3R	24716652	24716582	Deletion	70
3R	24716666	24716582	Deletion	84
3R	24716662	24716586	Deletion	76
3R	24731524	24731443	Deletion	81
3R	24731561	24731443	Deletion	118
3R	24732308	24732247	Deletion	61
3R	24756316	24756190	Deletion	126
3R	24761704	24761612	Deletion	92
3R	24761704	24761649	Deletion	55
3R	24762445	24762374	Deletion	71
3R	24762408	24762374	Deletion	34
3R	24762477	24762374	Deletion	103
3R	24777679	24777586	Deletion	93
3R	24777679	24777594	Deletion	85
3R	24777679	24777612	Deletion	67
3R	24777679	24777623	Deletion	56
3R	24792509	24792466	Deletion	43
3R	24792581	24792466	Deletion	115
3R	24792571	24792466	Deletion	105
3R	24792501	24792466	Deletion	35
3R	24792527	24792466	Deletion	61
3R	24792538	24792466	Deletion	72
3R	24795554	24795447	Deletion	107
3R	24795554	24795454	Deletion	100
3R	24795554	24795455	Deletion	99
3R	24795554	24795469	Deletion	85
3R	24795761	24795719	Deletion	42
3R	24806495	24806379	Deletion	116
3R	24806495	24806379	Deletion	116
3R	24806495	24806423	Deletion	72
3R	24806495	24806430	Deletion	65
3R	24806495	24806432	Deletion	63
3R	24806495	24806443	Deletion	52
3R	24806674	24806611	Deletion	63
3R	24806676	24806611	Deletion	65
3R	24806687	24806611	Deletion	76
3R	24806714	24806611	Deletion	103
3R	24806667	24806611	Deletion	56
3R	24806721	24806616	Deletion	105
3R	24815077	24814962	Deletion	115
3R	24815077	24814963	Deletion	114
3R	24815077	24814965	Deletion	112
3R	24815077	24815006	Deletion	71
3R	24821600	24821545	Deletion	55
3R	24821664	24821545	Deletion	119
3R	24833912	24833865	Deletion	47
3R	24833912	24833873	Deletion	39
3R	24834200	24834084	Deletion	116
3R	24834173	24834084	Deletion	89
3R	24834165	24834084	Deletion	81
3R	24836275	24836156	Deletion	119
3R	24843850	24843742	Deletion	108
3R	24843850	24843780	Deletion	70
3R	24843850	24843790	Deletion	60
3R	24843850	24843817	Deletion	33
3R	24850354	24850295	Deletion	59
3R	24850364	24850295	Deletion	69
3R	24850391	24850295	Deletion	96
3R	24853202	24853079	Deletion	123
3R	24853202	24853084	Deletion	118
3R	24853202	24853095	Deletion	107
3R	24853202	24853110	Deletion	92
3R	24853202	24853150	Deletion	52
3R	24853202	24853172	Deletion	30
3R	24857023	24856927	Deletion	96
3R	24857001	24856927	Deletion	74
3R	24857029	24856927	Deletion	102
3R	24856961	24856927	Deletion	34
3R	24863987	24863883	Deletion	104
3R	24863987	24863902	Deletion	85
3R	24863987	24863920	Deletion	67
3R	24863987	24863925	Deletion	62
3R	24863987	24863948	Deletion	39
3R	24863987	24863948	Deletion	39
3R	24869665	24869624	Deletion	41
3R	24869711	24869624	Deletion	87
3R	24869732	24869624	Deletion	108
3R	24869729	24869624	Deletion	105
3R	24869711	24869624	Deletion	87
3R	24869683	24869624	Deletion	59
3R	24869688	24869624	Deletion	64
3R	24890330	24890217	Deletion	113
3R	24890330	24890235	Deletion	95
3R	24890330	24890254	Deletion	76
3R	24890330	24890263	Deletion	67
3R	24890330	24890274	Deletion	56
3R	24890330	24890287	Deletion	43
3R	24895322	24895271	Deletion	51
3R	24895342	24895271	Deletion	71
3R	24895374	24895271	Deletion	103
3R	24895331	24895271	Deletion	60
3R	24895303	24895271	Deletion	32
3R	24895355	24895271	Deletion	84
3R	24908549	24908425	Deletion	124
3R	24908549	24908453	Deletion	96
3R	24908549	24908490	Deletion	59
3R	24908549	24908504	Deletion	45
3R	24914877	24914847	Deletion	30
3R	24915190	24915109	Deletion	81
3R	24915176	24915109	Deletion	67
3R	24915206	24915109	Deletion	97
3R	24915504	24915385	Deletion	119
3R	24915504	24915426	Deletion	78
3R	24915504	24915435	Deletion	69
3R	24915504	24915444	Deletion	60
3R	24915504	24915446	Deletion	58
3R	24916530	24916472	Deletion	58
3R	24916588	24916472	Deletion	116
3R	24916521	24916472	Deletion	49
3R	24916539	24916472	Deletion	67
3R	24916541	24916472	Deletion	69
3R	24917221	24917101	Deletion	120
3R	24928255	24928178	Deletion	77
3R	24929626	24929517	Deletion	109
3R	24930968	24930848	Deletion	120
3R	24932258	24932218	Deletion	40
3R	24932296	24932218	Deletion	78
3R	24932304	24932218	Deletion	86
3R	24932324	24932218	Deletion	106
3R	24932251	24932218	Deletion	33
3R	24932260	24932218	Deletion	42
3R	24932321	24932218	Deletion	103
3R	24932994	24932878	Deletion	116
3R	24932994	24932890	Deletion	104
3R	24932994	24932900	Deletion	94
3R	24932994	24932902	Deletion	92
3R	24932994	24932953	Deletion	41
3R	24936009	24935974	Deletion	35
3R	24936075	24935974	Deletion	101
3R	24936093	24935974	Deletion	119
3R	24936087	24935974	Deletion	113
3R	24936060	24935974	Deletion	86
3R	24943526	24943414	Deletion	112
3R	24943526	24943418	Deletion	108
3R	24943526	24943421	Deletion	105
3R	24943526	24943438	Deletion	88
3R	24943526	24943438	Deletion	88
3R	24943526	24943439	Deletion	87
3R	24943526	24943470	Deletion	56
3R	24943710	24943674	Deletion	36
3R	24943710	24943674	Deletion	36
3R	24943710	24943674	Deletion	36
3R	24943710	24943674	Deletion	36
3R	24943710	24943677	Deletion	33
3R	24945477	24945377	Deletion	100
3R	24945481	24945377	Deletion	104
3R	24945487	24945377	Deletion	110
3R	24945479	24945377	Deletion	102
3R	24945479	24945377	Deletion	102
3R	24945471	24945377	Deletion	94
3R	24945478	24945377	Deletion	101
3R	24945419	24945377	Deletion	42
3R	24977558	24977445	Deletion	113
3R	24977558	24977449	Deletion	109
3R	24977558	24977457	Deletion	101
3R	24977558	24977474	Deletion	84
3R	24977558	24977481	Deletion	77
3R	24977558	24977486	Deletion	72
3R	24977558	24977495	Deletion	63
3R	24977558	24977506	Deletion	52
3R	24987834	24987710	Deletion	124
3R	24987764	24987710	Deletion	54
3R	24987759	24987710	Deletion	49
3R	24987784	24987710	Deletion	74
3R	24987752	24987710	Deletion	42
3R	24987773	24987710	Deletion	63
3R	24987813	24987710	Deletion	103
3R	24988971	24988852	Deletion	119
3R	24988971	24988854	Deletion	117
3R	24988971	24988863	Deletion	108
3R	24988971	24988867	Deletion	104
3R	24988971	24988941	Deletion	30
3R	24993022	24992926	Deletion	96
3R	24993050	24992926	Deletion	124
3R	25004987	25004864	Deletion	123
3R	25020523	25020414	Deletion	109
3R	25020523	25020425	Deletion	98
3R	25020523	25020429	Deletion	94
3R	25020523	25020447	Deletion	76
3R	25020523	25020468	Deletion	55
3R	25020523	25020478	Deletion	45
3R	25020608	25020575	Deletion	33
3R	25020647	25020575	Deletion	72
3R	25020674	25020575	Deletion	99
3R	25020626	25020575	Deletion	51
3R	25020657	25020575	Deletion	82
3R	25031980	25031857	Deletion	123
3R	25031980	25031863	Deletion	117
3R	25031980	25031868	Deletion	112
3R	25031980	25031940	Deletion	40
3R	25033053	25032967	Deletion	86
3R	25044513	25044392	Deletion	121
3R	25046861	25046740	Deletion	121
3R	25071082	25070973	Deletion	109
3R	25071082	25070991	Deletion	91
3R	25071082	25071051	Deletion	31
3R	25072928	25072809	Deletion	119
3R	25072916	25072809	Deletion	107
3R	25072917	25072809	Deletion	108
3R	25072845	25072809	Deletion	36
3R	25072905	25072809	Deletion	96
3R	25096426	25096321	Deletion	105
3R	25096426	25096341	Deletion	85
3R	25096426	25096349	Deletion	77
3R	25096426	25096353	Deletion	73
3R	25096426	25096362	Deletion	64
3R	25097491	25097441	Deletion	50
3R	25097504	25097441	Deletion	63
3R	25097495	25097441	Deletion	54
3R	25097483	25097441	Deletion	42
3R	25097548	25097441	Deletion	107
3R	25129316	25129193	Deletion	123
3R	25138097	25137976	Deletion	121
3R	25147566	25147450	Deletion	116
3R	25147566	25147488	Deletion	78
3R	25147566	25147514	Deletion	52
3R	25147566	25147522	Deletion	44
3R	25147566	25147528	Deletion	38
3R	25147886	25147798	Deletion	88
3R	25147917	25147798	Deletion	119
3R	25147846	25147798	Deletion	48
3R	25147872	25147798	Deletion	74
3R	25147880	25147798	Deletion	82
3R	25176387	25176273	Deletion	114
3R	25176387	25176276	Deletion	111
3R	25176387	25176331	Deletion	56
3R	25176387	25176333	Deletion	54
3R	25195637	25195523	Deletion	114
3R	25195595	25195523	Deletion	72
3R	25195641	25195523	Deletion	118
3R	25195597	25195523	Deletion	74
3R	25197339	25197260	Deletion	79
3R	25197339	25197270	Deletion	69
3R	25197339	25197293	Deletion	46
3R	25210092	25210045	Deletion	47
3R	25210102	25210045	Deletion	57
3R	25210125	25210045	Deletion	80
3R	25210167	25210045	Deletion	122
3R	25225510	25225389	Deletion	121
3R	25225510	25225411	Deletion	99
3R	25225510	25225424	Deletion	86
3R	25225510	25225429	Deletion	81
3R	25225510	25225458	Deletion	52
3R	25225510	25225474	Deletion	36
3R	25225911	25225870	Deletion	41
3R	25225977	25225870	Deletion	107
3R	25225970	25225870	Deletion	100
3R	25225945	25225870	Deletion	75
3R	25225961	25225870	Deletion	91
3R	25225916	25225870	Deletion	46
3R	25226042	25225928	Deletion	114
3R	25226042	25225938	Deletion	104
3R	25226042	25225944	Deletion	98
3R	25226042	25225982	Deletion	60
3R	25228484	25228417	Deletion	67
3R	25242818	25242723	Deletion	95
3R	25242818	25242765	Deletion	53
3R	25242818	25242772	Deletion	46
3R	25242818	25242774	Deletion	44
3R	25242818	25242781	Deletion	37
3R	25242818	25242783	Deletion	35
3R	25243978	25243868	Deletion	110
3R	25243959	25243868	Deletion	91
3R	25243952	25243868	Deletion	84
3R	25243981	25243868	Deletion	113
3R	25243950	25243868	Deletion	82
3R	25243901	25243868	Deletion	33
3R	25243961	25243868	Deletion	93
3R	25243943	25243868	Deletion	75
3R	25259567	25259446	Deletion	121
3R	25264928	25264807	Deletion	121
3R	25264928	25264817	Deletion	111
3R	25264928	25264821	Deletion	107
3R	25264928	25264838	Deletion	90
3R	25270355	25270319	Deletion	36
3R	25277497	25277399	Deletion	98
3R	25277497	25277465	Deletion	32
3R	25278697	25278602	Deletion	95
3R	25278714	25278602	Deletion	112
3R	25279626	25279523	Deletion	103
3R	25279626	25279565	Deletion	61
3R	25279626	25279576	Deletion	50
3R	25279626	25279577	Deletion	49
3R	25291858	25291738	Deletion	120
3R	25291804	25291738	Deletion	66
3R	25291815	25291738	Deletion	77
3R	25291816	25291738	Deletion	78
3R	25310936	25310815	Deletion	121
3R	25313827	25313705	Deletion	122
3R	25325517	25325474	Deletion	43
3R	25325969	25325884	Deletion	85
3R	25338476	25338398	Deletion	78
3R	25339190	25339142	Deletion	48
3R	25340287	25340165	Deletion	122
3R	25352860	25352738	Deletion	122
3R	25386303	25386270	Deletion	33
3R	25386479	25386384	Deletion	95
3R	25386493	25386384	Deletion	109
3R	25390218	25390109	Deletion	109
3R	25390218	25390122	Deletion	96
3R	25390218	25390126	Deletion	92
3R	25396437	25396407	Deletion	30
3R	25396441	25396407	Deletion	34
3R	25396505	25396407	Deletion	98
3R	25397878	25397756	Deletion	122
3R	25406867	25406760	Deletion	107
3R	25406867	25406805	Deletion	62
3R	25406867	25406825	Deletion	42
3R	25407253	25407155	Deletion	98
3R	25407239	25407155	Deletion	84
3R	25407219	25407155	Deletion	64
3R	25407263	25407155	Deletion	108
3R	25439583	25439476	Deletion	107
3R	25439584	25439491	Deletion	93
3R	25439584	25439500	Deletion	84
3R	25440097	25440055	Deletion	42
3R	25440165	25440055	Deletion	110
3R	25440088	25440055	Deletion	33
3R	25442262	25442232	Deletion	30
3R	25445876	25445761	Deletion	115
3R	25445857	25445761	Deletion	96
3R	25446454	25446331	Deletion	123
3R	25446454	25446334	Deletion	120
3R	25446454	25446398	Deletion	56
3R	25447448	25447377	Deletion	71
3R	25447488	25447377	Deletion	111
3R	25449770	25449659	Deletion	111
3R	25449770	25449663	Deletion	107
3R	25449770	25449684	Deletion	86
3R	25450180	25450140	Deletion	40
3R	25468745	25468656	Deletion	89
3R	25468745	25468692	Deletion	53
3R	25468745	25468711	Deletion	34
3R	25476775	25476676	Deletion	99
3R	25476768	25476676	Deletion	92
3R	25476749	25476676	Deletion	73
3R	25476781	25476676	Deletion	105
3R	25476713	25476676	Deletion	37
3R	25487753	25487629	Deletion	124
3R	25487753	25487646	Deletion	107
3R	25487753	25487649	Deletion	104
3R	25487753	25487653	Deletion	100
3R	25487753	25487717	Deletion	36
3R	25490932	25490841	Deletion	91
3R	25490948	25490841	Deletion	107
3R	25492500	25492407	Deletion	93
3R	25492500	25492425	Deletion	75
3R	25492961	25492928	Deletion	33
3R	25492979	25492928	Deletion	51
3R	25493042	25492928	Deletion	114
3R	25504139	25504023	Deletion	116
3R	25504139	25504029	Deletion	110
3R	25504139	25504049	Deletion	90
3R	25504139	25504064	Deletion	75
3R	25504139	25504080	Deletion	59
3R	25505374	25505260	Deletion	114
3R	25505312	25505260	Deletion	52
3R	25505297	25505260	Deletion	37
3R	25505328	25505260	Deletion	68
3R	25505380	25505260	Deletion	120
3R	25505379	25505260	Deletion	119
3R	25511071	25510962	Deletion	109
3R	25511071	25510968	Deletion	103
3R	25511071	25510985	Deletion	86
3R	25511071	25510996	Deletion	75
3R	25511071	25511003	Deletion	68
3R	25511071	25511017	Deletion	54
3R	25511071	25511024	Deletion	47
3R	25511071	25511024	Deletion	47
3R	25511071	25511026	Deletion	45
3R	25511071	25511029	Deletion	42
3R	25512561	25512503	Deletion	58
3R	25512582	25512503	Deletion	79
3R	25512584	25512503	Deletion	81
3R	25512554	25512503	Deletion	51
3R	25512543	25512503	Deletion	40
3R	25512582	25512503	Deletion	79
3R	25512575	25512503	Deletion	72
3R	25512587	25512503	Deletion	84
3R	25528804	25528684	Deletion	120
3R	25528804	25528696	Deletion	108
3R	25528804	25528725	Deletion	79
3R	25528804	25528741	Deletion	63
3R	25528804	25528762	Deletion	42
3R	25542116	25542031	Deletion	85
3R	25542095	25542031	Deletion	64
3R	25542135	25542031	Deletion	104
3R	25542079	25542031	Deletion	48
3R	25542146	25542031	Deletion	115
3R	25550363	25550269	Deletion	94
3R	25550363	25550306	Deletion	57
3R	25550363	25550322	Deletion	41
3R	25550363	25550326	Deletion	37
3R	25561220	25561131	Deletion	89
3R	25561163	25561131	Deletion	32
3R	25561251	25561131	Deletion	120
3R	25561216	25561131	Deletion	85
3R	25561200	25561131	Deletion	69
3R	25568058	25567949	Deletion	109
3R	25568058	25567956	Deletion	102
3R	25568058	25567981	Deletion	77
3R	25568058	25567998	Deletion	60
3R	25568058	25568006	Deletion	52
3R	25568058	25568016	Deletion	42
3R	25574259	25574139	Deletion	120
3R	25574188	25574139	Deletion	49
3R	25574223	25574139	Deletion	84
3R	25574213	25574139	Deletion	74
3R	25574205	25574139	Deletion	66
3R	25574652	25574543	Deletion	109
3R	25574652	25574554	Deletion	98
3R	25574652	25574576	Deletion	76
3R	25574652	25574585	Deletion	67
3R	25575114	25575054	Deletion	60
3R	25575105	25575054	Deletion	51
3R	25584737	25584618	Deletion	119
3R	25584737	25584648	Deletion	89
3R	25584737	25584649	Deletion	88
3R	25584737	25584670	Deletion	67
3R	25584737	25584691	Deletion	46
3R	25584737	25584696	Deletion	41
3R	25584737	25584704	Deletion	33
3R	25584737	25584706	Deletion	31
3R	25611836	25611799	Deletion	37
3R	25611837	25611799	Deletion	38
3R	25611858	25611799	Deletion	59
3R	25611913	25611799	Deletion	114
3R	25611894	25611799	Deletion	95
3R	25611879	25611799	Deletion	80
3R	25611884	25611799	Deletion	85
3R	25611899	25611799	Deletion	100
3R	25611892	25611799	Deletion	93
3R	25611909	25611799	Deletion	110
3R	25613965	25613844	Deletion	121
3R	25613965	25613863	Deletion	102
3R	25613965	25613879	Deletion	86
3R	25613965	25613904	Deletion	61
3R	25613965	25613911	Deletion	54
3R	25617626	25617584	Deletion	42
3R	25617687	25617584	Deletion	103
3R	25617651	25617584	Deletion	67
3R	25617658	25617584	Deletion	74
3R	25631451	25631341	Deletion	110
3R	25631451	25631350	Deletion	101
3R	25631451	25631353	Deletion	98
3R	25631451	25631379	Deletion	72
3R	25631451	25631385	Deletion	66
3R	25631451	25631396	Deletion	55
3R	25640827	25640721	Deletion	106
3R	25640841	25640721	Deletion	120
3R	25640778	25640721	Deletion	57
3R	25640752	25640721	Deletion	31
3R	25640795	25640721	Deletion	74
3R	25640784	25640721	Deletion	63
3R	25647045	25646925	Deletion	120
3R	25648968	25648847	Deletion	121
3R	25658284	25658166	Deletion	118
3R	25658284	25658181	Deletion	103
3R	25658284	25658189	Deletion	95
3R	25658284	25658192	Deletion	92
3R	25658284	25658207	Deletion	77
3R	25658284	25658213	Deletion	71
3R	25658284	25658251	Deletion	33
3R	25658816	25658723	Deletion	93
3R	25658835	25658723	Deletion	112
3R	25658778	25658723	Deletion	55
3R	25658772	25658723	Deletion	49
3R	25658831	25658723	Deletion	108
3R	25658822	25658723	Deletion	99
3R	25658757	25658723	Deletion	34
3R	25658754	25658723	Deletion	31
3R	25691562	25691445	Deletion	117
3R	25691562	25691445	Deletion	117
3R	25691562	25691472	Deletion	90
3R	25691562	25691482	Deletion	80
3R	25691562	25691497	Deletion	65
3R	25691562	25691498	Deletion	64
3R	25691562	25691520	Deletion	42
3R	25703922	25703860	Deletion	62
3R	25703921	25703860	Deletion	61
3R	25703906	25703860	Deletion	46
3R	25703896	25703860	Deletion	36
3R	25703968	25703860	Deletion	108
3R	25703944	25703860	Deletion	84
3R	25704031	25703970	Deletion	61
3R	25723979	25723860	Deletion	119
3R	25723926	25723860	Deletion	66
3R	25726552	25726461	Deletion	91
3R	25728482	25728380	Deletion	102
3R	25729021	25728956	Deletion	65
3R	25730406	25730327	Deletion	79
3R	25731681	25731624	Deletion	57
3R	25731717	25731629	Deletion	88
3R	25746334	25746244	Deletion	90
3R	25746334	25746246	Deletion	88
3R	25746334	25746267	Deletion	67
3R	25746334	25746299	Deletion	35
3R	25746334	25746302	Deletion	32
3R	25750571	25750533	Deletion	38
3R	25750624	25750533	Deletion	91
3R	25750592	25750533	Deletion	59
3R	25750632	25750533	Deletion	99
3R	25750569	25750533	Deletion	36
3R	25750638	25750533	Deletion	105
3R	25750627	25750533	Deletion	94
3R	25768630	25768507	Deletion	123
3R	25768630	25768511	Deletion	119
3R	25768630	25768523	Deletion	107
3R	25768630	25768539	Deletion	91
3R	25768630	25768589	Deletion	41
3R	25768716	25768681	Deletion	35
3R	25768766	25768681	Deletion	85
3R	25769064	25768942	Deletion	122
3R	25828537	25828429	Deletion	108
3R	25828537	25828441	Deletion	96
3R	25828537	25828457	Deletion	80
3R	25828537	25828459	Deletion	78
3R	25828537	25828460	Deletion	77
3R	25828537	25828507	Deletion	30
3R	25829436	25829327	Deletion	109
3R	25829373	25829327	Deletion	46
3R	25829375	25829327	Deletion	48
3R	25829426	25829327	Deletion	99
3R	25829376	25829327	Deletion	49
3R	25829357	25829327	Deletion	30
3R	25829423	25829327	Deletion	96
3R	25833849	25833731	Deletion	118
3R	25835181	25835057	Deletion	124
3R	25837052	25837001	Deletion	51
3R	25840638	25840603	Deletion	35
3R	25841623	25841543	Deletion	80
3R	25841743	25841621	Deletion	122
3R	25847792	25847675	Deletion	117
3R	25857190	25857066	Deletion	124
3R	25870970	25870852	Deletion	118
3R	25870970	25870869	Deletion	101
3R	25870970	25870872	Deletion	98
3R	25870970	25870889	Deletion	81
3R	25870970	25870906	Deletion	64
3R	25870970	25870928	Deletion	42
3R	25872799	25872753	Deletion	46
3R	25872808	25872753	Deletion	55
3R	25872863	25872753	Deletion	110
3R	25872856	25872753	Deletion	103
3R	25872838	25872753	Deletion	85
3R	25872865	25872753	Deletion	112
3R	25872851	25872753	Deletion	98
3R	25877477	25877365	Deletion	112
3R	25877477	25877371	Deletion	106
3R	25877474	25877373	Deletion	101
3R	25877477	25877374	Deletion	103
3R	25877477	25877386	Deletion	91
3R	25877477	25877413	Deletion	64
3R	25877477	25877441	Deletion	36
3R	25877477	25877444	Deletion	33
3R	25882729	25882666	Deletion	63
3R	25882780	25882666	Deletion	114
3R	25882702	25882666	Deletion	36
3R	25882760	25882666	Deletion	94
3R	25882757	25882666	Deletion	91
3R	25882774	25882666	Deletion	108
3R	25886666	25886545	Deletion	121
3R	25889823	25889710	Deletion	113
3R	25889823	25889722	Deletion	101
3R	25889823	25889724	Deletion	99
3R	25889823	25889733	Deletion	90
3R	25890751	25890646	Deletion	105
3R	25890753	25890646	Deletion	107
3R	25890684	25890646	Deletion	38
3R	25906873	25906757	Deletion	116
3R	25916152	25916031	Deletion	121
3R	25916152	25916047	Deletion	105
3R	25916152	25916077	Deletion	75
3R	25916152	25916078	Deletion	74
3R	25916152	25916102	Deletion	50
3R	25916152	25916102	Deletion	50
3R	25916152	25916104	Deletion	48
3R	25927889	25927810	Deletion	79
3R	25927887	25927810	Deletion	77
3R	25927863	25927810	Deletion	53
3R	25927862	25927810	Deletion	52
3R	25927887	25927812	Deletion	75
3R	25945179	25945057	Deletion	122
3R	25954576	25954453	Deletion	123
3R	25965019	25964909	Deletion	110
3R	25965019	25964964	Deletion	55
3R	25968113	25968040	Deletion	73
3R	25979361	25979309	Deletion	52
3R	25979361	25979331	Deletion	30
3R	25979805	25979698	Deletion	107
3R	25979794	25979698	Deletion	96
3R	25979772	25979698	Deletion	74
3R	25981266	25981145	Deletion	121
3R	25996911	25996827	Deletion	84
3R	25996911	25996830	Deletion	81
3R	25996911	25996864	Deletion	47
3R	26009460	26009418	Deletion	42
3R	26009539	26009418	Deletion	121
3R	26009534	26009418	Deletion	116
3R	26009524	26009418	Deletion	106
3R	26009463	26009418	Deletion	45
3R	26009515	26009418	Deletion	97
3R	26009497	26009418	Deletion	79
3R	26011923	26011820	Deletion	103
3R	26011923	26011824	Deletion	99
3R	26011923	26011833	Deletion	90
3R	26011923	26011852	Deletion	71
3R	26014002	26013890	Deletion	112
3R	26014008	26013890	Deletion	118
3R	26013926	26013890	Deletion	36
3R	26013945	26013890	Deletion	55
3R	26014201	26014080	Deletion	121
3R	26014201	26014094	Deletion	107
3R	26014201	26014095	Deletion	106
3R	26014201	26014107	Deletion	94
3R	26014201	26014137	Deletion	64
3R	26014201	26014137	Deletion	64
3R	26016435	26016373	Deletion	62
3R	26016435	26016373	Deletion	62
3R	26016485	26016373	Deletion	112
3R	26016496	26016373	Deletion	123
3R	26016405	26016373	Deletion	32
3R	26027033	26026954	Deletion	79
3R	26027033	26026967	Deletion	66
3R	26027033	26026968	Deletion	65
3R	26027033	26026998	Deletion	35
3R	26030784	26030679	Deletion	105
3R	26030786	26030679	Deletion	107
3R	26030800	26030679	Deletion	121
3R	26030741	26030679	Deletion	62
3R	26030772	26030679	Deletion	93
3R	26030742	26030679	Deletion	63
3R	26030728	26030679	Deletion	49
3R	26031300	26031234	Deletion	66
3R	26031300	26031257	Deletion	43
3R	26041540	26041456	Deletion	84
3R	26041517	26041456	Deletion	61
3R	26048218	26048099	Deletion	119
3R	26048218	26048103	Deletion	115
3R	26048218	26048118	Deletion	100
3R	26048218	26048137	Deletion	81
3R	26048218	26048161	Deletion	57
3R	26057372	26057270	Deletion	102
3R	26057316	26057270	Deletion	46
3R	26057340	26057270	Deletion	70
3R	26072607	26072504	Deletion	103
3R	26072607	26072527	Deletion	80
3R	26072607	26072527	Deletion	80
3R	26072607	26072531	Deletion	76
3R	26072607	26072563	Deletion	44
3R	26072607	26072566	Deletion	41
3R	26072607	26072575	Deletion	32
3R	26074035	26073989	Deletion	46
3R	26074083	26073989	Deletion	94
3R	26074095	26073989	Deletion	106
3R	26074035	26073989	Deletion	46
3R	26074039	26073989	Deletion	50
3R	26074110	26073989	Deletion	121
3R	26074074	26073989	Deletion	85
3R	26074071	26073989	Deletion	82
3R	26075938	26075831	Deletion	107
3R	26075938	26075834	Deletion	104
3R	26075938	26075840	Deletion	98
3R	26075938	26075847	Deletion	91
3R	26075938	26075866	Deletion	72
3R	26075938	26075883	Deletion	55
3R	26075938	26075891	Deletion	47
3R	26075938	26075899	Deletion	39
3R	26077562	26077527	Deletion	35
3R	26077606	26077527	Deletion	79
3R	26077614	26077527	Deletion	87
3R	26077581	26077527	Deletion	54
3R	26077598	26077527	Deletion	71
3R	26077639	26077527	Deletion	112
3R	26088194	26088077	Deletion	117
3R	26088194	26088090	Deletion	104
3R	26088194	26088109	Deletion	85
3R	26088194	26088122	Deletion	72
3R	26091434	26091325	Deletion	109
3R	26091427	26091325	Deletion	102
3R	26091367	26091325	Deletion	42
3R	26091380	26091325	Deletion	55
3R	26093124	26093002	Deletion	122
3R	26097917	26097798	Deletion	119
3R	26097917	26097799	Deletion	118
3R	26097917	26097823	Deletion	94
3R	26097917	26097837	Deletion	80
3R	26097917	26097847	Deletion	70
3R	26097917	26097855	Deletion	62
3R	26097917	26097868	Deletion	49
3R	26097917	26097877	Deletion	40
3R	26098051	26097995	Deletion	56
3R	26098072	26097995	Deletion	77
3R	26098117	26097995	Deletion	122
3R	26098059	26097995	Deletion	64
3R	26098081	26097995	Deletion	86
3R	26098027	26097995	Deletion	32
3R	26098041	26097995	Deletion	46
3R	26102245	26102122	Deletion	123
3R	26102245	26102142	Deletion	103
3R	26102245	26102143	Deletion	102
3R	26102245	26102154	Deletion	91
3R	26102245	26102183	Deletion	62
3R	26102845	26102744	Deletion	101
3R	26102809	26102744	Deletion	65
3R	26102780	26102744	Deletion	36
3R	26106048	26105939	Deletion	109
3R	26106552	26106429	Deletion	123
3R	26110144	26110045	Deletion	99
3R	26111374	26111328	Deletion	46
3R	26115228	26115141	Deletion	87
3R	26115739	26115642	Deletion	97
3R	26116286	26116189	Deletion	97
3R	26144870	26144775	Deletion	95
3R	26144870	26144791	Deletion	79
3R	26144870	26144826	Deletion	44
3R	26146573	26146459	Deletion	114
3R	26146506	26146459	Deletion	47
3R	26146490	26146459	Deletion	31
3R	26146566	26146459	Deletion	107
3R	26146558	26146459	Deletion	99
3R	26146574	26146459	Deletion	115
3R	26146541	26146459	Deletion	82
3R	26146564	26146459	Deletion	105
3R	26149113	26148989	Deletion	124
3R	26152463	26152365	Deletion	98
3R	26152463	26152377	Deletion	86
3R	26152463	26152385	Deletion	78
3R	26152463	26152388	Deletion	75
3R	26152463	26152392	Deletion	71
3R	26152463	26152398	Deletion	65
3R	26152463	26152417	Deletion	46
3R	26152655	26152592	Deletion	63
3R	26152622	26152592	Deletion	30
3R	26152674	26152592	Deletion	82
3R	26152692	26152592	Deletion	100
3R	26152649	26152592	Deletion	57
3R	26152645	26152592	Deletion	53
3R	26152634	26152592	Deletion	42
3R	26152642	26152592	Deletion	50
3R	26157413	26157292	Deletion	121
3R	26189593	26189477	Deletion	116
3R	26193115	26192997	Deletion	118
3R	26209023	26208913	Deletion	110
3R	26209023	26208915	Deletion	108
3R	26209023	26208931	Deletion	92
3R	26209023	26208976	Deletion	47
3R	26209023	26208978	Deletion	45
3R	26209180	26209076	Deletion	104
3R	26209155	26209076	Deletion	79
3R	26209157	26209076	Deletion	81
3R	26209175	26209076	Deletion	99
3R	26209192	26209076	Deletion	116
3R	26209110	26209076	Deletion	34
3R	26216656	26216540	Deletion	116
3R	26217864	26217748	Deletion	116
3R	26225762	26225644	Deletion	118
3R	26225762	26225645	Deletion	117
3R	26225762	26225666	Deletion	96
3R	26225762	26225685	Deletion	77
3R	26225762	26225695	Deletion	67
3R	26225762	26225718	Deletion	44
3R	26225762	26225722	Deletion	40
3R	26227346	26227287	Deletion	59
3R	26227373	26227287	Deletion	86
3R	26227336	26227287	Deletion	49
3R	26227369	26227287	Deletion	82
3R	26227317	26227287	Deletion	30
3R	26245171	26245050	Deletion	121
3R	26247001	26246880	Deletion	121
3R	26247001	26246932	Deletion	69
3R	26247001	26246941	Deletion	60
3R	26247163	26247105	Deletion	58
3R	26247227	26247105	Deletion	122
3R	26247172	26247105	Deletion	67
3R	26250590	26250480	Deletion	110
3R	26250590	26250481	Deletion	109
3R	26250590	26250515	Deletion	75
3R	26250590	26250519	Deletion	71
3R	26250590	26250526	Deletion	64
3R	26250590	26250527	Deletion	63
3R	26250590	26250532	Deletion	58
3R	26250590	26250536	Deletion	54
3R	26252014	26251951	Deletion	63
3R	26252002	26251951	Deletion	51
3R	26252006	26251951	Deletion	55
3R	26252023	26251951	Deletion	72
3R	26252013	26251951	Deletion	62
3R	26252052	26251951	Deletion	101
3R	26252019	26251951	Deletion	68
3R	26261618	26261495	Deletion	123
3R	26266103	26265996	Deletion	107
3R	26266103	26266005	Deletion	98
3R	26266103	26266015	Deletion	88
3R	26266103	26266044	Deletion	59
3R	26266103	26266072	Deletion	31
3R	26266244	26266204	Deletion	40
3R	26266328	26266204	Deletion	124
3R	26266273	26266204	Deletion	69
3R	26266319	26266204	Deletion	115
3R	26266234	26266204	Deletion	30
3R	26266301	26266204	Deletion	97
3R	26266315	26266204	Deletion	111
3R	26266905	26266783	Deletion	122
3R	26271007	26270897	Deletion	110
3R	26271007	26270951	Deletion	56
3R	26272127	26272055	Deletion	72
3R	26272159	26272055	Deletion	104
3R	26296696	26296574	Deletion	122
3R	26296696	26296630	Deletion	66
3R	26296696	26296637	Deletion	59
3R	26297017	26296957	Deletion	60
3R	26297024	26296957	Deletion	67
3R	26297054	26296957	Deletion	97
3R	26307899	26307778	Deletion	121
3R	26309265	26309157	Deletion	108
3R	26309265	26309190	Deletion	75
3R	26309265	26309209	Deletion	56
3R	26309265	26309216	Deletion	49
3R	26309265	26309225	Deletion	40
3R	26309265	26309232	Deletion	33
3R	26309404	26309353	Deletion	51
3R	26309423	26309353	Deletion	70
3R	26309430	26309353	Deletion	77
3R	26309446	26309353	Deletion	93
3R	26309473	26309353	Deletion	120
3R	26309439	26309353	Deletion	86
3R	26333337	26333214	Deletion	123
3R	26333568	26333447	Deletion	121
3R	26336986	26336868	Deletion	118
3R	26336986	26336872	Deletion	114
3R	26336986	26336881	Deletion	105
3R	26336986	26336888	Deletion	98
3R	26336986	26336902	Deletion	84
3R	26336986	26336910	Deletion	76
3R	26336986	26336924	Deletion	62
3R	26338406	26338356	Deletion	50
3R	26338398	26338356	Deletion	42
3R	26338420	26338356	Deletion	64
3R	26343801	26343686	Deletion	115
3R	26343801	26343694	Deletion	107
3R	26343801	26343703	Deletion	98
3R	26343801	26343706	Deletion	95
3R	26343801	26343754	Deletion	47
3R	26343801	26343755	Deletion	46
3R	26349972	26349941	Deletion	31
3R	26350020	26349941	Deletion	79
3R	26350044	26349941	Deletion	103
3R	26350021	26349941	Deletion	80
3R	26356812	26356691	Deletion	121
3R	26360012	26359907	Deletion	105
3R	26360012	26359932	Deletion	80
3R	26370801	26370688	Deletion	113
3R	26370734	26370688	Deletion	46
3R	26370789	26370688	Deletion	101
3R	26371702	26371580	Deletion	122
3R	26374478	26374356	Deletion	122
3R	26374478	26374407	Deletion	71
3R	26374478	26374419	Deletion	59
3R	26374478	26374433	Deletion	45
3R	26374478	26374446	Deletion	32
3R	26377972	26377918	Deletion	54
3R	26378150	26378073	Deletion	77
3R	26379036	26378983	Deletion	53
3R	26381659	26381580	Deletion	79
3R	26382426	26382325	Deletion	101
3R	26382606	26382538	Deletion	68
3R	26383153	26383031	Deletion	122
3R	26383365	26383313	Deletion	52
3R	26383893	26383858	Deletion	35
3R	26386268	26386145	Deletion	123
3R	26386268	26386157	Deletion	111
3R	26386268	26386163	Deletion	105
3R	26386268	26386199	Deletion	69
3R	26386268	26386220	Deletion	48
3R	26401731	26401674	Deletion	57
3R	26401752	26401674	Deletion	78
3R	26402070	26402018	Deletion	52
3R	26402070	26402029	Deletion	41
3R	26402070	26402031	Deletion	39
3R	26402874	26402789	Deletion	85
3R	26402863	26402789	Deletion	74
3R	26402876	26402789	Deletion	87
3R	26402898	26402789	Deletion	109
3R	26411761	26411671	Deletion	90
3R	26411761	26411685	Deletion	76
3R	26411761	26411702	Deletion	59
3R	26411761	26411704	Deletion	57
3R	26420494	26420426	Deletion	68
3R	26420496	26420426	Deletion	70
3R	26420477	26420426	Deletion	51
3R	26420463	26420426	Deletion	37
3R	26451601	26451483	Deletion	118
3R	26451600	26451484	Deletion	116
3R	26451601	26451519	Deletion	82
3R	26451601	26451527	Deletion	74
3R	26453420	26453326	Deletion	94
3R	26453370	26453326	Deletion	44
3R	26453378	26453326	Deletion	52
3R	26453437	26453326	Deletion	111
3R	26456154	26456037	Deletion	117
3R	26456154	26456082	Deletion	72
3R	26456154	26456092	Deletion	62
3R	26456152	26456092	Deletion	60
3R	26456154	26456100	Deletion	54
3R	26456154	26456102	Deletion	52
3R	26456154	26456105	Deletion	49
3R	26456770	26456691	Deletion	79
3R	26456757	26456691	Deletion	66
3R	26456747	26456691	Deletion	56
3R	26456767	26456691	Deletion	76
3R	26456803	26456691	Deletion	112
3R	26456765	26456691	Deletion	74
3R	26456757	26456692	Deletion	65
3R	26462949	26462846	Deletion	103
3R	26462949	26462851	Deletion	98
3R	26462949	26462887	Deletion	62
3R	26462949	26462898	Deletion	51
3R	26464842	26464767	Deletion	75
3R	26464873	26464767	Deletion	106
3R	26464831	26464767	Deletion	64
3R	26465331	26465207	Deletion	124
3R	26465417	26465293	Deletion	124
3R	26475175	26475063	Deletion	112
3R	26485306	26485185	Deletion	121
3R	26497139	26497024	Deletion	115
3R	26497139	26497024	Deletion	115
3R	26497139	26497034	Deletion	105
3R	26497139	26497058	Deletion	81
3R	26497139	26497064	Deletion	75
3R	26497139	26497078	Deletion	61
3R	26497139	26497086	Deletion	53
3R	26497139	26497087	Deletion	52
3R	26497139	26497087	Deletion	52
3R	26497139	26497105	Deletion	34
3R	26497139	26497108	Deletion	31
3R	26497860	26497785	Deletion	75
3R	26497886	26497785	Deletion	101
3R	26497881	26497785	Deletion	96
3R	26497859	26497785	Deletion	74
3R	26497831	26497785	Deletion	46
3R	26497837	26497785	Deletion	52
3R	26497860	26497785	Deletion	75
3R	26497851	26497785	Deletion	66
3R	26497878	26497785	Deletion	93
3R	26510321	26510229	Deletion	92
3R	26510321	26510238	Deletion	83
3R	26510321	26510265	Deletion	56
3R	26510321	26510268	Deletion	53
3R	26514278	26514180	Deletion	98
3R	26515966	26515927	Deletion	39
3R	26516573	26516541	Deletion	32
3R	26517956	26517925	Deletion	31
3R	26519140	26519059	Deletion	81
3R	26524015	26523895	Deletion	120
3R	26524015	26523910	Deletion	105
3R	26524015	26523920	Deletion	95
3R	26524015	26523921	Deletion	94
3R	26524015	26523932	Deletion	83
3R	26524015	26523947	Deletion	68
3R	26524015	26523966	Deletion	49
3R	26524341	26524241	Deletion	100
3R	26524318	26524241	Deletion	77
3R	26524284	26524241	Deletion	43
3R	26524345	26524241	Deletion	104
3R	26524272	26524241	Deletion	31
3R	26524299	26524241	Deletion	58
3R	26524273	26524241	Deletion	32
3R	26542989	26542918	Deletion	71
3R	26542989	26542919	Deletion	70
3R	26542989	26542935	Deletion	54
3R	26542989	26542940	Deletion	49
3R	26544545	26544489	Deletion	56
3R	26544562	26544489	Deletion	73
3R	26544567	26544489	Deletion	78
3R	26544546	26544489	Deletion	57
3R	26544588	26544489	Deletion	99
3R	26544589	26544489	Deletion	100
3R	26544601	26544489	Deletion	112
3R	26544606	26544490	Deletion	116
3R	26550209	26550137	Deletion	72
3R	26550209	26550143	Deletion	66
3R	26550209	26550169	Deletion	40
3R	26550732	26550672	Deletion	60
3R	26550726	26550672	Deletion	54
3R	26550775	26550672	Deletion	103
3R	26550758	26550672	Deletion	86
3R	26550774	26550672	Deletion	102
3R	26558809	26558710	Deletion	99
3R	26558809	26558759	Deletion	50
3R	26559817	26559740	Deletion	77
3R	26564210	26564129	Deletion	81
3R	26567556	26567432	Deletion	124
3R	26567556	26567443	Deletion	113
3R	26567556	26567451	Deletion	105
3R	26567556	26567474	Deletion	82
3R	26567556	26567503	Deletion	53
3R	26567556	26567509	Deletion	47
3R	26567556	26567512	Deletion	44
3R	26567556	26567525	Deletion	31
3R	26577948	26577864	Deletion	84
3R	26577975	26577864	Deletion	111
3R	26577961	26577864	Deletion	97
3R	26577939	26577864	Deletion	75
3R	26577945	26577864	Deletion	81
3R	26577910	26577864	Deletion	46
3R	26577979	26577864	Deletion	115
3R	26587472	26587350	Deletion	122
3R	26613171	26613050	Deletion	121
3R	26614126	26614008	Deletion	118
3R	26614126	26614024	Deletion	102
3R	26614126	26614036	Deletion	90
3R	26614126	26614037	Deletion	89
3R	26614126	26614039	Deletion	87
3R	26614126	26614058	Deletion	68
3R	26621769	26621729	Deletion	40
3R	26621767	26621729	Deletion	38
3R	26621788	26621729	Deletion	59
3R	26621853	26621729	Deletion	124
3R	26621766	26621729	Deletion	37
3R	26621845	26621729	Deletion	116
3R	26626332	26626224	Deletion	108
3R	26626332	26626237	Deletion	95
3R	26626332	26626265	Deletion	67
3R	26626332	26626270	Deletion	62
3R	26626332	26626274	Deletion	58
3R	26626332	26626283	Deletion	49
3R	26629594	26629492	Deletion	102
3R	26629608	26629492	Deletion	116
3R	26629552	26629492	Deletion	60
3R	26629561	26629492	Deletion	69
3R	26629570	26629492	Deletion	78
3R	26629557	26629492	Deletion	65
3R	26638271	26638164	Deletion	107
3R	26638271	26638165	Deletion	106
3R	26638271	26638165	Deletion	106
3R	26638271	26638175	Deletion	96
3R	26638271	26638195	Deletion	76
3R	26638271	26638208	Deletion	63
3R	26654087	26654024	Deletion	63
3R	26654074	26654024	Deletion	50
3R	26654054	26654024	Deletion	30
3R	26656054	26655958	Deletion	96
3R	26656054	26655965	Deletion	89
3R	26656054	26655968	Deletion	86
3R	26656054	26656006	Deletion	48
3R	26656054	26656010	Deletion	44
3R	26656054	26656012	Deletion	42
3R	26657329	26657251	Deletion	78
3R	26657291	26657251	Deletion	40
3R	26657333	26657251	Deletion	82
3R	26657281	26657251	Deletion	30
3R	26657288	26657251	Deletion	37
3R	26657335	26657251	Deletion	84
3R	26671332	26671233	Deletion	99
3R	26671332	26671250	Deletion	82
3R	26671332	26671275	Deletion	57
3R	26671332	26671302	Deletion	30
3R	26671564	26671448	Deletion	116
3R	26671545	26671448	Deletion	97
3R	26671518	26671448	Deletion	70
3R	26671493	26671448	Deletion	45
3R	26675575	26675454	Deletion	121
3R	26675575	26675501	Deletion	74
3R	26677513	26677455	Deletion	58
3R	26677570	26677455	Deletion	115
3R	26684617	26684502	Deletion	115
3R	26684617	26684517	Deletion	100
3R	26684617	26684517	Deletion	100
3R	26684617	26684546	Deletion	71
3R	26684617	26684577	Deletion	40
3R	26686450	26686394	Deletion	56
3R	26686500	26686394	Deletion	106
3R	26686515	26686394	Deletion	121
3R	26686481	26686394	Deletion	87
3R	26688041	26687918	Deletion	123
3R	26688464	26688343	Deletion	121
3R	26695131	26695009	Deletion	122
3R	26718769	26718645	Deletion	124
3R	26723202	26723085	Deletion	117
3R	26723202	26723087	Deletion	115
3R	26723202	26723093	Deletion	109
3R	26723202	26723105	Deletion	97
3R	26723202	26723128	Deletion	74
3R	26723202	26723134	Deletion	68
3R	26723202	26723148	Deletion	54
3R	26723202	26723155	Deletion	47
3R	26723202	26723170	Deletion	32
3R	26732909	26732829	Deletion	80
3R	26732859	26732829	Deletion	30
3R	26732902	26732829	Deletion	73
3R	26732888	26732829	Deletion	59
3R	26732882	26732829	Deletion	53
3R	26732943	26732829	Deletion	114
3R	26732924	26732829	Deletion	95
3R	26734432	26734316	Deletion	116
3R	26734432	26734341	Deletion	91
3R	26734432	26734386	Deletion	46
3R	26737039	26736921	Deletion	118
3R	26737018	26736921	Deletion	97
3R	26737001	26736921	Deletion	80
3R	26736956	26736921	Deletion	35
3R	26738351	26738234	Deletion	117
3R	26746276	26746201	Deletion	75
3R	26746276	26746212	Deletion	64
3R	26746276	26746214	Deletion	62
3R	26746276	26746223	Deletion	53
3R	26746529	26746456	Deletion	73
3R	26746520	26746456	Deletion	64
3R	26746561	26746456	Deletion	105
3R	26746507	26746456	Deletion	51
3R	26746518	26746456	Deletion	62
3R	26766403	26766300	Deletion	103
3R	26766403	26766303	Deletion	100
3R	26766403	26766343	Deletion	60
3R	26766403	26766348	Deletion	55
3R	26766403	26766368	Deletion	35
3R	26767368	26767297	Deletion	71
3R	26767388	26767297	Deletion	91
3R	26767363	26767297	Deletion	66
3R	26770281	26770197	Deletion	84
3R	26770281	26770211	Deletion	70
3R	26770281	26770219	Deletion	62
3R	26770281	26770237	Deletion	44
3R	26770281	26770242	Deletion	39
3R	26770281	26770251	Deletion	30
3R	26787734	26787637	Deletion	97
3R	26787702	26787637	Deletion	65
3R	26787720	26787637	Deletion	83
3R	26787735	26787637	Deletion	98
3R	26787694	26787637	Deletion	57
3R	26787680	26787637	Deletion	43
3R	26787725	26787637	Deletion	88
3R	26790012	26789896	Deletion	116
3R	26790012	26789899	Deletion	113
3R	26790012	26789910	Deletion	102
3R	26790012	26789915	Deletion	97
3R	26790012	26789935	Deletion	77
3R	26790012	26789973	Deletion	39
3R	26790012	26789975	Deletion	37
3R	26790012	26789977	Deletion	35
3R	26802789	26802700	Deletion	89
3R	26802749	26802700	Deletion	49
3R	26802804	26802700	Deletion	104
3R	26802819	26802700	Deletion	119
3R	26802787	26802700	Deletion	87
3R	26802791	26802700	Deletion	91
3R	26809271	26809183	Deletion	88
3R	26809271	26809185	Deletion	86
3R	26809271	26809202	Deletion	69
3R	26809271	26809225	Deletion	46
3R	26809655	26809597	Deletion	58
3R	26809716	26809597	Deletion	119
3R	26809636	26809597	Deletion	39
3R	26809638	26809597	Deletion	41
3R	26809678	26809597	Deletion	81
3R	26813359	26813264	Deletion	95
3R	26813363	26813264	Deletion	99
3R	26813380	26813264	Deletion	116
3R	26823792	26823686	Deletion	106
3R	26823792	26823694	Deletion	98
3R	26823792	26823703	Deletion	89
3R	26823792	26823740	Deletion	52
3R	26823792	26823746	Deletion	46
3R	26824326	26824244	Deletion	82
3R	26824274	26824244	Deletion	30
3R	26824283	26824244	Deletion	39
3R	26824320	26824244	Deletion	76
3R	26829783	26829664	Deletion	119
3R	26849131	26849019	Deletion	112
3R	26849131	26849027	Deletion	104
3R	26849131	26849044	Deletion	87
3R	26849131	26849060	Deletion	71
3R	26849131	26849063	Deletion	68
3R	26849131	26849069	Deletion	62
3R	26849131	26849069	Deletion	62
3R	26849131	26849077	Deletion	54
3R	26849131	26849089	Deletion	42
3R	26849131	26849090	Deletion	41
3R	26865321	26865266	Deletion	55
3R	26865351	26865266	Deletion	85
3R	26865324	26865266	Deletion	58
3R	26865350	26865266	Deletion	84
3R	26865390	26865266	Deletion	124
3R	26865338	26865266	Deletion	72
3R	26865330	26865266	Deletion	64
3R	26865305	26865266	Deletion	39
3R	26865330	26865266	Deletion	64
3R	26870469	26870370	Deletion	99
3R	26870469	26870401	Deletion	68
3R	26870469	26870431	Deletion	38
3R	26870469	26870436	Deletion	33
3R	26886700	26886649	Deletion	51
3R	26886700	26886650	Deletion	50
3R	26886680	26886650	Deletion	30
3R	26886700	26886650	Deletion	50
3R	26886698	26886650	Deletion	48
3R	26886700	26886662	Deletion	38
3R	26886700	26886665	Deletion	35
3R	26886700	26886667	Deletion	33
3R	26887901	26887811	Deletion	90
3R	26887906	26887811	Deletion	95
3R	26887854	26887811	Deletion	43
3R	26887904	26887811	Deletion	93
3R	26887859	26887811	Deletion	48
3R	26887888	26887811	Deletion	77
3R	26888434	26888313	Deletion	121
3R	26888578	26888465	Deletion	113
3R	26888578	26888509	Deletion	69
3R	26888578	26888533	Deletion	45
3R	26889564	26889481	Deletion	83
3R	26889597	26889481	Deletion	116
3R	26889540	26889481	Deletion	59
3R	26912353	26912237	Deletion	116
3R	26912353	26912264	Deletion	89
3R	26912353	26912276	Deletion	77
3R	26912353	26912277	Deletion	76
3R	26912353	26912302	Deletion	51
3R	26912353	26912307	Deletion	46
3R	26915295	26915180	Deletion	115
3R	26915218	26915180	Deletion	38
3R	26915285	26915180	Deletion	105
3R	26915231	26915180	Deletion	51
3R	26915280	26915180	Deletion	100
3R	26915261	26915180	Deletion	81
3R	26915230	26915180	Deletion	50
3R	26915256	26915180	Deletion	76
3R	26915282	26915180	Deletion	102
3R	26925767	26925644	Deletion	123
3R	26925767	26925645	Deletion	122
3R	26925767	26925668	Deletion	99
3R	26925767	26925671	Deletion	96
3R	26925767	26925686	Deletion	81
3R	26926464	26926358	Deletion	106
3R	26926403	26926358	Deletion	45
3R	26926388	26926358	Deletion	30
3R	26926472	26926358	Deletion	114
3R	26926476	26926358	Deletion	118
3R	26930691	26930569	Deletion	122
3R	26973332	26973210	Deletion	122
3R	27009097	27009040	Deletion	57
3R	27010251	27010170	Deletion	81
3R	27010638	27010573	Deletion	65
3R	27012812	27012776	Deletion	36
3R	27014205	27014108	Deletion	97
3R	27016337	27016254	Deletion	83
3R	27026581	27026462	Deletion	119
3R	27026581	27026500	Deletion	81
3R	27026581	27026510	Deletion	71
3R	27026581	27026551	Deletion	30
3R	27028021	27027975	Deletion	46
3R	27028072	27027975	Deletion	97
3R	27028031	27027975	Deletion	56
3R	27028078	27027975	Deletion	103
3R	27038654	27038531	Deletion	123
3R	27038654	27038537	Deletion	117
3R	27043001	27042888	Deletion	113
3R	27046224	27046125	Deletion	99
3R	27046224	27046153	Deletion	71
3R	27046224	27046156	Deletion	68
3R	27046224	27046163	Deletion	61
3R	27046224	27046169	Deletion	55
3R	27046224	27046172	Deletion	52
3R	27066793	27066736	Deletion	57
3R	27066849	27066736	Deletion	113
3R	27066803	27066736	Deletion	67
3R	27066796	27066736	Deletion	60
3R	27066841	27066736	Deletion	105
3R	27066812	27066736	Deletion	76
3R	27066809	27066736	Deletion	73
3R	27070007	27069885	Deletion	122
3R	27070007	27069923	Deletion	84
3R	27070007	27069928	Deletion	79
3R	27070007	27069931	Deletion	76
3R	27070007	27069932	Deletion	75
3R	27070007	27069955	Deletion	52
3R	27070007	27069966	Deletion	41
3R	27070007	27069973	Deletion	34
3R	27071050	27070976	Deletion	74
3R	27071061	27070976	Deletion	85
3R	27071027	27070976	Deletion	51
3R	27071026	27070976	Deletion	50
3R	27071023	27070976	Deletion	47
3R	27071068	27070976	Deletion	92
3R	27071018	27070976	Deletion	42
3R	27071088	27070976	Deletion	112
3R	27085754	27085630	Deletion	124
3R	27093762	27093666	Deletion	96
3R	27093762	27093725	Deletion	37
3R	27094817	27094717	Deletion	100
3R	27094807	27094717	Deletion	90
3R	27094840	27094717	Deletion	123
3R	27094834	27094717	Deletion	117
3R	27094748	27094717	Deletion	31
3R	27095102	27094981	Deletion	121
3R	27095102	27095040	Deletion	62
3R	27096823	27096712	Deletion	111
3R	27096828	27096712	Deletion	116
3R	27096809	27096712	Deletion	97
3R	27096776	27096712	Deletion	64
3R	27096811	27096712	Deletion	99
3R	27106276	27106154	Deletion	122
3R	27106276	27106161	Deletion	115
3R	27106276	27106161	Deletion	115
3R	27115864	27115742	Deletion	122
3R	27116401	27116279	Deletion	122
3R	27116401	27116282	Deletion	119
3R	27116401	27116289	Deletion	112
3R	27116401	27116322	Deletion	79
3R	27116401	27116330	Deletion	71
3R	27116565	27116454	Deletion	111
3R	27116572	27116454	Deletion	118
3R	27116502	27116454	Deletion	48
3R	27116574	27116454	Deletion	120
3R	27116558	27116454	Deletion	104
3R	27116510	27116454	Deletion	56
3R	27126901	27126785	Deletion	116
3R	27126901	27126790	Deletion	111
3R	27126901	27126804	Deletion	97
3R	27126901	27126812	Deletion	89
3R	27127277	27127176	Deletion	101
3R	27127213	27127176	Deletion	37
3R	27141174	27141089	Deletion	85
3R	27144704	27144616	Deletion	88
3R	27144820	27144755	Deletion	65
3R	27145968	27145880	Deletion	88
3R	27146663	27146558	Deletion	105
3R	27147384	27147320	Deletion	64
3R	27154289	27154165	Deletion	124
3R	27154289	27154169	Deletion	120
3R	27154289	27154217	Deletion	72
3R	27154289	27154251	Deletion	38
3R	27154289	27154257	Deletion	32
3R	27154452	27154364	Deletion	88
3R	27154471	27154364	Deletion	107
3R	27154478	27154364	Deletion	114
3R	27154458	27154364	Deletion	94
3R	27154418	27154364	Deletion	54
3R	27159783	27159678	Deletion	105
3R	27159783	27159703	Deletion	80
3R	27159783	27159706	Deletion	77
3R	27159783	27159727	Deletion	56
3R	27159783	27159749	Deletion	34
3R	27159783	27159753	Deletion	30
3R	27172248	27172155	Deletion	93
3R	27172205	27172155	Deletion	50
3R	27172252	27172155	Deletion	97
3R	27172202	27172155	Deletion	47
3R	27172253	27172155	Deletion	98
3R	27172226	27172155	Deletion	71
3R	27172563	27172491	Deletion	72
3R	27172563	27172503	Deletion	60
3R	27172563	27172515	Deletion	48
3R	27198779	27198725	Deletion	54
3R	27198791	27198725	Deletion	66
3R	27198803	27198725	Deletion	78
3R	27199408	27199319	Deletion	89
3R	27199408	27199340	Deletion	68
3R	27199408	27199349	Deletion	59
3R	27199408	27199350	Deletion	58
3R	27199408	27199361	Deletion	47
3R	27199408	27199367	Deletion	41
3R	27201898	27201829	Deletion	69
3R	27201915	27201829	Deletion	86
3R	27201909	27201829	Deletion	80
3R	27201867	27201829	Deletion	38
3R	27201888	27201829	Deletion	59
3R	27201932	27201829	Deletion	103
3R	27201897	27201829	Deletion	68
3R	27216226	27216103	Deletion	123
3R	27218454	27218333	Deletion	121
3R	27228303	27228180	Deletion	123
3R	27232175	27232054	Deletion	121
3R	27232175	27232084	Deletion	91
3R	27232175	27232091	Deletion	84
3R	27232175	27232125	Deletion	50
3R	27232175	27232137	Deletion	38
3R	27232408	27232332	Deletion	76
3R	27232420	27232332	Deletion	88
3R	27232374	27232332	Deletion	42
3R	27232367	27232332	Deletion	35
3R	27237385	27237268	Deletion	117
3R	27237385	27237305	Deletion	80
3R	27237385	27237314	Deletion	71
3R	27237385	27237345	Deletion	40
3R	27237385	27237350	Deletion	35
3R	27241733	27241678	Deletion	55
3R	27241779	27241678	Deletion	101
3R	27241724	27241678	Deletion	46
3R	27241764	27241678	Deletion	86
3R	27241769	27241678	Deletion	91
3R	27241800	27241678	Deletion	122
3R	27248938	27248817	Deletion	121
3R	27261968	27261850	Deletion	118
3R	27261968	27261887	Deletion	81
3R	27261968	27261905	Deletion	63
3R	27261968	27261924	Deletion	44
3R	27261968	27261934	Deletion	34
3R	27262378	27262313	Deletion	65
3R	27262407	27262313	Deletion	94
3R	27262407	27262313	Deletion	94
3R	27262397	27262313	Deletion	84
3R	27262426	27262313	Deletion	113
3R	27262360	27262313	Deletion	47
3R	27269932	27269824	Deletion	108
3R	27269932	27269829	Deletion	103
3R	27269932	27269873	Deletion	59
3R	27269932	27269888	Deletion	44
3R	27269932	27269889	Deletion	43
3R	27274147	27274065	Deletion	82
3R	27274148	27274065	Deletion	83
3R	27274132	27274065	Deletion	67
3R	27293178	27293060	Deletion	118
3R	27293178	27293077	Deletion	101
3R	27293178	27293104	Deletion	74
3R	27293178	27293105	Deletion	73
3R	27293178	27293116	Deletion	62
3R	27293178	27293117	Deletion	61
3R	27293178	27293123	Deletion	55
3R	27293178	27293146	Deletion	32
3R	27293657	27293563	Deletion	94
3R	27293615	27293563	Deletion	52
3R	27293616	27293563	Deletion	53
3R	27293627	27293563	Deletion	64
3R	27293628	27293563	Deletion	65
3R	27293634	27293563	Deletion	71
3R	27296254	27296140	Deletion	114
3R	27296254	27296144	Deletion	110
3R	27296254	27296214	Deletion	40
3R	27296254	27296220	Deletion	34
3R	27306635	27306543	Deletion	92
3R	27306629	27306543	Deletion	86
3R	27308138	27308019	Deletion	119
3R	27308138	27308033	Deletion	105
3R	27308138	27308041	Deletion	97
3R	27308138	27308059	Deletion	79
3R	27308138	27308072	Deletion	66
3R	27308138	27308107	Deletion	31
3R	27309112	27309017	Deletion	95
3R	27309077	27309017	Deletion	60
3R	27309064	27309019	Deletion	45
3R	27341574	27341462	Deletion	112
3R	27341574	27341463	Deletion	111
3R	27341574	27341473	Deletion	101
3R	27341574	27341487	Deletion	87
3R	27341574	27341490	Deletion	84
3R	27342233	27342191	Deletion	42
3R	27342307	27342191	Deletion	116
3R	27342230	27342191	Deletion	39
3R	27345112	27344990	Deletion	122
3R	27345584	27345463	Deletion	121
3R	27345784	27345732	Deletion	52
3R	27350199	27350109	Deletion	90
3R	27351279	27351216	Deletion	63
3R	27353289	27353172	Deletion	117
3R	27353289	27353184	Deletion	105
3R	27353289	27353190	Deletion	99
3R	27353289	27353206	Deletion	83
3R	27353289	27353215	Deletion	74
3R	27353289	27353236	Deletion	53
3R	27374098	27374055	Deletion	43
3R	27374107	27374055	Deletion	52
3R	27374173	27374055	Deletion	118
3R	27374177	27374055	Deletion	122
3R	27374128	27374055	Deletion	73
3R	27387648	27387539	Deletion	109
3R	27387648	27387540	Deletion	108
3R	27387648	27387560	Deletion	88
3R	27387648	27387575	Deletion	73
3R	27387648	27387611	Deletion	37
3R	27387648	27387614	Deletion	34
3R	27388325	27388287	Deletion	38
3R	27388398	27388287	Deletion	111
3R	27388379	27388287	Deletion	92
3R	27388399	27388287	Deletion	112
3R	27388391	27388287	Deletion	104
3R	27388376	27388287	Deletion	89
3R	27388389	27388287	Deletion	102
3R	27388340	27388287	Deletion	53
3R	27393754	27393635	Deletion	119
3R	27393754	27393645	Deletion	109
3R	27394799	27394680	Deletion	119
3R	27398520	27398421	Deletion	99
3R	27398520	27398452	Deletion	68
3R	27398520	27398457	Deletion	63
3R	27398520	27398470	Deletion	50
3R	27398520	27398472	Deletion	48
3R	27398892	27398816	Deletion	76
3R	27398879	27398816	Deletion	63
3R	27398894	27398816	Deletion	78
3R	27398874	27398819	Deletion	55
3R	27412237	27412127	Deletion	110
3R	27412237	27412137	Deletion	100
3R	27412237	27412148	Deletion	89
3R	27412237	27412165	Deletion	72
3R	27412237	27412184	Deletion	53
3R	27412417	27412343	Deletion	74
3R	27412381	27412343	Deletion	38
3R	27412398	27412343	Deletion	55
3R	27421675	27421581	Deletion	94
3R	27421675	27421603	Deletion	72
3R	27421675	27421613	Deletion	62
3R	27421675	27421618	Deletion	57
3R	27421675	27421625	Deletion	50
3R	27428374	27428342	Deletion	32
3R	27428451	27428342	Deletion	109
3R	27428396	27428342	Deletion	54
3R	27428406	27428342	Deletion	64
3R	27428418	27428342	Deletion	76
3R	27428411	27428342	Deletion	69
3R	27447828	27447705	Deletion	123
3R	27447828	27447709	Deletion	119
3R	27447828	27447728	Deletion	100
3R	27447828	27447735	Deletion	93
3R	27447828	27447737	Deletion	91
3R	27447828	27447739	Deletion	89
3R	27447828	27447746	Deletion	82
3R	27447828	27447786	Deletion	42
3R	27452227	27452188	Deletion	39
3R	27452305	27452188	Deletion	117
3R	27452223	27452188	Deletion	35
3R	27452234	27452188	Deletion	46
3R	27452305	27452188	Deletion	117
3R	27452225	27452188	Deletion	37
3R	27452274	27452191	Deletion	83
3R	27454689	27454566	Deletion	123
3R	27457024	27456903	Deletion	121
3R	27462912	27462790	Deletion	122
3R	27477928	27477804	Deletion	124
3R	27477928	27477838	Deletion	90
3R	27477928	27477847	Deletion	81
3R	27477928	27477873	Deletion	55
3R	27477928	27477875	Deletion	53
3R	27487313	27487242	Deletion	71
3R	27487278	27487242	Deletion	36
3R	27487315	27487242	Deletion	73
3R	27487287	27487242	Deletion	45
3R	27487365	27487242	Deletion	123
3R	27487350	27487242	Deletion	108
3R	27493495	27493377	Deletion	118
3R	27493495	27493384	Deletion	111
3R	27493495	27493398	Deletion	97
3R	27493495	27493417	Deletion	78
3R	27493495	27493423	Deletion	72
3R	27493495	27493445	Deletion	50
3R	27493495	27493459	Deletion	36
3R	27493495	27493461	Deletion	34
3R	27493951	27493897	Deletion	54
3R	27493989	27493897	Deletion	92
3R	27493987	27493897	Deletion	90
3R	27494014	27493897	Deletion	117
3R	27493945	27493897	Deletion	48
3R	27493973	27493897	Deletion	76
3R	27494740	27494623	Deletion	117
3R	27494740	27494625	Deletion	115
3R	27494740	27494635	Deletion	105
3R	27494740	27494677	Deletion	63
3R	27494740	27494680	Deletion	60
3R	27494740	27494682	Deletion	58
3R	27494740	27494683	Deletion	57
3R	27496641	27496571	Deletion	70
3R	27496640	27496571	Deletion	69
3R	27496635	27496571	Deletion	64
3R	27496638	27496571	Deletion	67
3R	27513171	27513067	Deletion	104
3R	27513171	27513069	Deletion	102
3R	27513166	27513089	Deletion	77
3R	27513171	27513105	Deletion	66
3R	27513171	27513121	Deletion	50
3R	27513342	27513297	Deletion	45
3R	27513398	27513297	Deletion	101
3R	27513358	27513297	Deletion	61
3R	27513404	27513297	Deletion	107
3R	27513374	27513297	Deletion	77
3R	27529245	27529156	Deletion	89
3R	27529690	27529612	Deletion	78
3R	27529840	27529774	Deletion	66
3R	27530948	27530895	Deletion	53
3R	27530944	27530895	Deletion	49
3R	27531007	27530895	Deletion	112
3R	27530941	27530895	Deletion	46
3R	27530968	27530895	Deletion	73
3R	27530928	27530895	Deletion	33
3R	27530968	27530895	Deletion	73
3R	27555495	27555372	Deletion	123
3R	27555495	27555403	Deletion	92
3R	27555495	27555425	Deletion	70
3R	27555495	27555443	Deletion	52
3R	27555671	27555597	Deletion	74
3R	27555653	27555597	Deletion	56
3R	27555713	27555597	Deletion	116
3R	27558245	27558140	Deletion	105
3R	27558245	27558187	Deletion	58
3R	27558245	27558199	Deletion	46
3R	27558245	27558208	Deletion	37
3R	27570470	27570402	Deletion	68
3R	27570491	27570402	Deletion	89
3R	27570482	27570402	Deletion	80
3R	27574611	27574490	Deletion	121
3R	27587978	27587869	Deletion	109
3R	27587978	27587869	Deletion	109
3R	27587978	27587942	Deletion	36
3R	27588118	27588028	Deletion	90
3R	27590721	27590636	Deletion	85
3R	27590718	27590639	Deletion	79
3R	27590721	27590660	Deletion	61
3R	27591606	27591561	Deletion	45
3R	27591630	27591561	Deletion	69
3R	27591674	27591561	Deletion	113
3R	27591609	27591563	Deletion	46
3R	27591929	27591824	Deletion	105
3R	27591929	27591843	Deletion	86
3R	27591929	27591843	Deletion	86
3R	27591929	27591892	Deletion	37
3R	27591929	27591892	Deletion	37
3R	27591929	27591897	Deletion	32
3R	27599041	27598946	Deletion	95
3R	27598987	27598946	Deletion	41
3R	27598987	27598946	Deletion	41
3R	27599036	27598946	Deletion	90
3R	27599036	27598946	Deletion	90
3R	27599092	27599030	Deletion	62
3R	27599465	27599400	Deletion	65
3R	27624121	27624024	Deletion	97
3R	27624121	27624029	Deletion	92
3R	27624121	27624078	Deletion	43
3R	27624121	27624080	Deletion	41
3R	27626775	27626688	Deletion	87
3R	27626724	27626688	Deletion	36
3R	27626773	27626688	Deletion	85
3R	27626719	27626688	Deletion	31
3R	27629248	27629144	Deletion	104
3R	27629248	27629148	Deletion	100
3R	27629248	27629159	Deletion	89
3R	27629248	27629164	Deletion	84
3R	27629248	27629185	Deletion	63
3R	27629248	27629217	Deletion	31
3R	27629847	27629783	Deletion	64
3R	27629826	27629783	Deletion	43
3R	27629821	27629783	Deletion	38
3R	27629879	27629783	Deletion	96
3R	27642716	27642621	Deletion	95
3R	27642716	27642625	Deletion	91
3R	27645823	27645792	Deletion	31
3R	27645827	27645792	Deletion	35
3R	27669335	27669246	Deletion	89
3R	27669335	27669283	Deletion	52
3R	27669335	27669286	Deletion	49
3R	27669335	27669290	Deletion	45
3R	27669335	27669299	Deletion	36
3R	27669464	27669386	Deletion	78
3R	27669468	27669386	Deletion	82
3R	27669477	27669386	Deletion	91
3R	27669461	27669386	Deletion	75
3R	27669505	27669386	Deletion	119
3R	27669493	27669386	Deletion	107
3R	27669486	27669386	Deletion	100
3R	27669424	27669386	Deletion	38
3R	27672416	27672300	Deletion	116
3R	27672416	27672307	Deletion	109
3R	27672416	27672340	Deletion	76
3R	27672940	27672838	Deletion	102
3R	27672961	27672838	Deletion	123
3R	27672889	27672838	Deletion	51
3R	27701192	27701098	Deletion	94
3R	27701192	27701118	Deletion	74
3R	27701192	27701119	Deletion	73
3R	27701292	27701257	Deletion	35
3R	27701312	27701257	Deletion	55
3R	27701313	27701257	Deletion	56
3R	27705333	27705211	Deletion	122
3R	27705333	27705213	Deletion	120
3R	27705333	27705217	Deletion	116
3R	27705333	27705229	Deletion	104
3R	27705333	27705234	Deletion	99
3R	27705333	27705262	Deletion	71
3R	27705333	27705274	Deletion	59
3R	27705333	27705299	Deletion	34
3R	27705333	27705302	Deletion	31
3R	27712374	27712279	Deletion	95
3R	27712346	27712279	Deletion	67
3R	27712393	27712279	Deletion	114
3R	27712334	27712279	Deletion	55
3R	27712371	27712279	Deletion	92
3R	27714231	27714110	Deletion	121
3R	27714417	27714296	Deletion	121
3R	27714417	27714298	Deletion	119
3R	27714417	27714305	Deletion	112
3R	27714417	27714314	Deletion	103
3R	27714417	27714328	Deletion	89
3R	27714417	27714367	Deletion	50
3R	27714597	27714492	Deletion	105
3R	27714530	27714492	Deletion	38
3R	27714569	27714492	Deletion	77
3R	27718831	27718726	Deletion	105
3R	27718837	27718743	Deletion	94
3R	27718837	27718757	Deletion	80
3R	27719010	27718887	Deletion	123
3R	27718933	27718887	Deletion	46
3R	27718919	27718887	Deletion	32
3R	27721503	27721404	Deletion	99
3R	27721503	27721415	Deletion	88
3R	27721503	27721421	Deletion	82
3R	27721503	27721459	Deletion	44
3R	27723901	27723862	Deletion	39
3R	27723945	27723862	Deletion	83
3R	27723907	27723862	Deletion	45
3R	27723983	27723862	Deletion	121
3R	27723961	27723862	Deletion	99
3R	27725521	27725408	Deletion	113
3R	27725521	27725420	Deletion	101
3R	27725521	27725423	Deletion	98
3R	27725521	27725427	Deletion	94
3R	27725521	27725428	Deletion	93
3R	27725521	27725435	Deletion	86
3R	27725521	27725460	Deletion	61
3R	27725521	27725469	Deletion	52
3R	27725521	27725471	Deletion	50
3R	27725521	27725485	Deletion	36
3R	27725774	27725651	Deletion	123
3R	27725757	27725651	Deletion	106
3R	27729584	27729468	Deletion	116
3R	27730182	27730070	Deletion	112
3R	27730357	27730307	Deletion	50
3R	27730692	27730650	Deletion	42
3R	27750649	27750559	Deletion	90
3R	27750678	27750559	Deletion	119
3R	27750635	27750559	Deletion	76
3R	27750592	27750559	Deletion	33
3R	27750624	27750559	Deletion	65
3R	27750591	27750559	Deletion	32
3R	27750599	27750559	Deletion	40
3R	27750633	27750559	Deletion	74
3R	27750810	27750699	Deletion	111
3R	27750810	27750707	Deletion	103
3R	27750810	27750749	Deletion	61
3R	27750938	27750872	Deletion	66
3R	27759957	27759838	Deletion	119
3R	27759957	27759854	Deletion	103
3R	27759957	27759854	Deletion	103
3R	27759957	27759918	Deletion	39
3R	27761114	27761027	Deletion	87
3R	27776922	27776810	Deletion	112
3R	27776922	27776813	Deletion	109
3R	27776922	27776837	Deletion	85
3R	27776922	27776849	Deletion	73
3R	27776922	27776854	Deletion	68
3R	27776922	27776864	Deletion	58
3R	27776922	27776871	Deletion	51
3R	27776922	27776888	Deletion	34
3R	27782741	27782699	Deletion	42
3R	27782753	27782699	Deletion	54
3R	27782775	27782699	Deletion	76
3R	27782758	27782699	Deletion	59
3R	27782768	27782699	Deletion	69
3R	27782792	27782699	Deletion	93
3R	27787359	27787237	Deletion	122
3R	27796794	27796672	Deletion	122
3R	27801644	27801557	Deletion	87
3R	27801644	27801574	Deletion	70
3R	27803009	27802952	Deletion	57
3R	27803076	27802952	Deletion	124
3R	27803062	27802952	Deletion	110
3R	27803076	27802952	Deletion	124
3R	27802992	27802952	Deletion	40
3R	27804298	27804250	Deletion	48
3R	27804298	27804254	Deletion	44
3R	27806037	27805956	Deletion	81
3R	27806071	27805956	Deletion	115
3R	27806065	27805956	Deletion	109
3R	27806076	27805956	Deletion	120
3R	27806041	27805956	Deletion	85
3R	27806073	27805956	Deletion	117
3R	27806069	27805956	Deletion	113
3R	27808508	27808385	Deletion	123
3R	27808582	27808469	Deletion	113
3R	27808582	27808484	Deletion	98
3R	27808582	27808509	Deletion	73
3R	27808582	27808510	Deletion	72
3R	27808582	27808524	Deletion	58
3R	27812997	27812895	Deletion	102
3R	27812963	27812895	Deletion	68
3R	27812948	27812895	Deletion	53
3R	27812949	27812895	Deletion	54
3R	27813729	27813637	Deletion	92
3R	27813729	27813659	Deletion	70
3R	27813729	27813665	Deletion	64
3R	27813729	27813665	Deletion	64
3R	27813729	27813683	Deletion	46
3R	27813729	27813695	Deletion	34
3R	27813907	27813789	Deletion	118
3R	27813852	27813789	Deletion	63
3R	27813846	27813789	Deletion	57
3R	27813824	27813789	Deletion	35
3R	27813852	27813789	Deletion	63
3R	27813882	27813789	Deletion	93
3R	27813870	27813789	Deletion	81
3R	27830747	27830648	Deletion	99
3R	27830747	27830653	Deletion	94
3R	27830747	27830654	Deletion	93
3R	27830747	27830672	Deletion	75
3R	27831094	27830983	Deletion	111
3R	27831016	27830983	Deletion	33
3R	27831097	27830983	Deletion	114
3R	27831099	27830983	Deletion	116
3R	27831015	27830983	Deletion	32
3R	27831085	27830983	Deletion	102
3R	27831034	27830983	Deletion	51
3R	27843861	27843738	Deletion	123
3R	27854507	27854386	Deletion	121
3R	27854507	27854411	Deletion	96
3R	27854507	27854415	Deletion	92
3R	27854507	27854472	Deletion	35
3R	27854780	27854745	Deletion	35
3R	27854776	27854745	Deletion	31
3R	27854854	27854745	Deletion	109
3R	27854843	27854745	Deletion	98
3R	27854837	27854745	Deletion	92
3R	27863595	27863519	Deletion	76
3R	27863563	27863519	Deletion	44
3R	27876571	27876541	Deletion	30
3R	27881034	27881003	Deletion	31
3R	27897370	27897249	Deletion	121
3R	27901491	27901375	Deletion	116
3R	27901491	27901396	Deletion	95
3R	27901491	27901409	Deletion	82
3R	27901491	27901411	Deletion	80
3R	27901491	27901430	Deletion	61
3R	27901491	27901432	Deletion	59
3R	27901491	27901446	Deletion	45
3R	27906281	27906214	Deletion	67
3R	27906260	27906214	Deletion	46
3R	27906279	27906214	Deletion	65
3R	27906295	27906214	Deletion	81
3R	27906258	27906214	Deletion	44
3R	27906245	27906214	Deletion	31
3R	27914539	27914423	Deletion	116
3R	27914539	27914444	Deletion	95
3R	27914539	27914464	Deletion	75
3R	27914539	27914470	Deletion	69
3R	27914794	27914758	Deletion	36
3R	27914820	27914758	Deletion	62
3R	27914814	27914758	Deletion	56
3R	27929776	27929666	Deletion	110
3R	27929776	27929667	Deletion	109
3R	27929776	27929713	Deletion	63
3R	27929776	27929725	Deletion	51
3R	27929776	27929733	Deletion	43
3R	27929973	27929890	Deletion	83
3R	27930013	27929890	Deletion	123
3R	27929965	27929890	Deletion	75
3R	27929953	27929890	Deletion	63
3R	27930008	27929890	Deletion	118
3R	27929987	27929890	Deletion	97
3R	27929992	27929890	Deletion	102
3R	27952160	27952047	Deletion	113
3R	27952160	27952101	Deletion	59
3R	27952160	27952120	Deletion	40
3R	27953123	27953054	Deletion	69
3R	27953142	27953054	Deletion	88
3R	27953162	27953054	Deletion	108
3R	27955406	27955282	Deletion	124
3R	27958376	27958249	Deletion	127
3R	27958499	27958398	Deletion	101
3R	27958499	27958443	Deletion	56
3R	27958499	27958462	Deletion	37
3R	27958499	27958469	Deletion	30
3R	27984175	27984079	Deletion	96
3R	27984149	27984079	Deletion	70
3R	27984168	27984079	Deletion	89
3R	27986938	27986824	Deletion	114
3R	27986938	27986825	Deletion	113
3R	27986938	27986830	Deletion	108
3R	27986938	27986856	Deletion	82
3R	27986938	27986867	Deletion	71
3R	27986938	27986883	Deletion	55
3R	27986938	27986904	Deletion	34
3R	27991708	27991664	Deletion	44
3R	27991719	27991664	Deletion	55
3R	27991785	27991664	Deletion	121
3R	27991756	27991664	Deletion	92
3R	27991778	27991664	Deletion	114
3R	27991735	27991664	Deletion	71
3R	27992390	27992305	Deletion	85
3R	27992390	27992328	Deletion	62
3R	27992386	27992330	Deletion	56
3R	27992814	27992748	Deletion	66
3R	27992789	27992748	Deletion	41
3R	27992812	27992748	Deletion	64
3R	28001615	28001497	Deletion	118
3R	28001615	28001534	Deletion	81
3R	28001615	28001542	Deletion	73
3R	28001615	28001555	Deletion	60
3R	28001615	28001578	Deletion	37
3R	28001720	28001675	Deletion	45
3R	28001741	28001675	Deletion	66
3R	28001728	28001675	Deletion	53
3R	28001764	28001675	Deletion	89
3R	28007271	28007149	Deletion	122
3R	28012301	28012183	Deletion	118
3R	28012301	28012188	Deletion	113
3R	28012301	28012232	Deletion	69
3R	28012301	28012238	Deletion	63
3R	28012555	28012443	Deletion	112
3R	28012506	28012443	Deletion	63
3R	28012564	28012443	Deletion	121
3R	28012500	28012443	Deletion	57
3R	28020806	28020716	Deletion	90
3R	28020806	28020737	Deletion	69
3R	28020806	28020738	Deletion	68
3R	28020806	28020739	Deletion	67
3R	28020806	28020741	Deletion	65
3R	28020806	28020756	Deletion	50
3R	28020806	28020770	Deletion	36
3R	28021274	28021237	Deletion	37
3R	28021295	28021237	Deletion	58
3R	28021299	28021237	Deletion	62
3R	28021357	28021237	Deletion	120
3R	28021328	28021237	Deletion	91
3R	28021297	28021237	Deletion	60
3R	28021296	28021237	Deletion	59
3R	28021314	28021237	Deletion	77
3R	28024180	28024086	Deletion	94
3R	28024180	28024115	Deletion	65
3R	28024180	28024144	Deletion	36
3R	28024757	28024696	Deletion	61
3R	28024786	28024696	Deletion	90
3R	28024728	28024696	Deletion	32
3R	28028289	28028168	Deletion	121
3R	28028289	28028185	Deletion	104
3R	28028289	28028217	Deletion	72
3R	28028289	28028258	Deletion	31
3R	28030576	28030480	Deletion	96
3R	28030601	28030480	Deletion	121
3R	28030600	28030480	Deletion	120
3R	28030535	28030480	Deletion	55
3R	28044785	28044663	Deletion	122
3R	28069806	28069714	Deletion	92
3R	28071569	28071535	Deletion	34
3R	28072577	28072450	Deletion	127
3R	28073069	28072973	Deletion	96
3R	28073030	28072973	Deletion	57
3R	28073902	28073860	Deletion	42
3R	28078362	28078316	Deletion	46
3R	28078391	28078316	Deletion	75
3R	28078366	28078316	Deletion	50
3R	28078423	28078321	Deletion	102
3R	28078423	28078342	Deletion	81
3R	28082449	28082404	Deletion	45
3R	28082512	28082404	Deletion	108
3R	28082513	28082404	Deletion	109
3R	28090323	28090200	Deletion	123
3R	28090323	28090203	Deletion	120
3R	28090323	28090241	Deletion	82
3R	28090323	28090242	Deletion	81
3R	28090323	28090251	Deletion	72
3R	28090323	28090255	Deletion	68
3R	28090323	28090255	Deletion	68
3R	28090323	28090261	Deletion	62
3R	28090323	28090266	Deletion	57
3R	28090441	28090382	Deletion	59
3R	28090437	28090382	Deletion	55
3R	28090452	28090382	Deletion	70
3R	28090441	28090382	Deletion	59
3R	28090428	28090382	Deletion	46
3R	28090447	28090382	Deletion	65
3R	28090487	28090382	Deletion	105
3R	28090486	28090382	Deletion	104
3R	28090427	28090382	Deletion	45
3R	28090504	28090383	Deletion	121
3R	28092875	28092811	Deletion	64
3R	28092875	28092815	Deletion	60
3R	28092875	28092841	Deletion	34
3R	28103187	28103082	Deletion	105
3R	28103174	28103082	Deletion	92
3R	28103144	28103082	Deletion	62
3R	28103148	28103082	Deletion	66
3R	28103202	28103082	Deletion	120
3R	28103285	28103167	Deletion	118
3R	28103285	28103178	Deletion	107
3R	28103285	28103191	Deletion	94
3R	28103285	28103204	Deletion	81
3R	28103285	28103216	Deletion	69
3R	28103285	28103221	Deletion	64
3R	28103285	28103223	Deletion	62
3R	28103285	28103226	Deletion	59
3R	28103285	28103228	Deletion	57
3R	28103285	28103229	Deletion	56
3R	28103285	28103235	Deletion	50
3R	28105349	28105279	Deletion	70
3R	28105346	28105279	Deletion	67
3R	28105343	28105279	Deletion	64
3R	28105324	28105279	Deletion	45
3R	28105336	28105279	Deletion	57
3R	28105348	28105279	Deletion	69
3R	28105355	28105279	Deletion	76
3R	28105311	28105279	Deletion	32
3R	28105341	28105279	Deletion	62
3R	28115006	28114925	Deletion	81
3R	28115006	28114961	Deletion	45
3R	28115006	28114967	Deletion	39
3R	28115006	28114973	Deletion	33
3R	28115006	28114975	Deletion	31
3R	28118931	28118843	Deletion	88
3R	28118925	28118843	Deletion	82
3R	28118937	28118843	Deletion	94
3R	28118939	28118843	Deletion	96
3R	28118889	28118843	Deletion	46
3R	28122462	28122348	Deletion	114
3R	28122462	28122356	Deletion	106
3R	28122462	28122367	Deletion	95
3R	28122840	28122732	Deletion	108
3R	28122848	28122732	Deletion	116
3R	28122844	28122732	Deletion	112
3R	28129733	28129606	Deletion	127
3R	28131296	28131177	Deletion	119
3R	28131297	28131210	Deletion	87
3R	28131297	28131226	Deletion	71
3R	28131297	28131243	Deletion	54
3R	28131297	28131245	Deletion	52
3R	28131297	28131257	Deletion	40
3R	28131297	28131258	Deletion	39
3R	28131629	28131574	Deletion	55
3R	28131648	28131574	Deletion	74
3R	28131660	28131574	Deletion	86
3R	28131692	28131574	Deletion	118
3R	28131661	28131574	Deletion	87
3R	28131613	28131574	Deletion	39
3R	28131646	28131574	Deletion	72
3R	28136331	28136204	Deletion	127
3R	28143004	28142901	Deletion	103
3R	28143004	28142921	Deletion	83
3R	28143004	28142929	Deletion	75
3R	28143004	28142929	Deletion	75
3R	28143004	28142933	Deletion	71
3R	28143004	28142968	Deletion	36
3R	28148210	28148167	Deletion	43
3R	28148222	28148167	Deletion	55
3R	28148286	28148167	Deletion	119
3R	28148218	28148167	Deletion	51
3R	28148257	28148167	Deletion	90
3R	28148219	28148167	Deletion	52
3R	28150439	28150318	Deletion	121
3R	28150439	28150322	Deletion	117
3R	28150439	28150387	Deletion	52
3R	28150439	28150387	Deletion	52
3R	28150439	28150393	Deletion	46
3R	28151647	28151533	Deletion	114
3R	28151614	28151533	Deletion	81
3R	28151608	28151533	Deletion	75
3R	28151608	28151533	Deletion	75
3R	28151632	28151533	Deletion	99
3R	28159268	28159147	Deletion	121
3R	28160505	28160390	Deletion	115
3R	28160505	28160395	Deletion	110
3R	28160505	28160414	Deletion	91
3R	28160505	28160420	Deletion	85
3R	28160505	28160433	Deletion	72
3R	28160505	28160461	Deletion	44
3R	28168295	28168253	Deletion	42
3R	28168289	28168253	Deletion	36
3R	28168352	28168253	Deletion	99
3R	28168353	28168253	Deletion	100
3R	28168376	28168253	Deletion	123
3R	28168308	28168253	Deletion	55
3R	28168336	28168253	Deletion	83
3R	28168361	28168253	Deletion	108
3R	28168935	28168808	Deletion	127
3R	28173681	28173554	Deletion	127
3R	28175135	28175032	Deletion	103
3R	28180617	28180522	Deletion	95
3R	28180617	28180529	Deletion	88
3R	28184632	28184556	Deletion	76
3R	28184639	28184556	Deletion	83
3R	28184596	28184556	Deletion	40
3R	28184589	28184556	Deletion	33
3R	28184656	28184556	Deletion	100
3R	28186648	28186528	Deletion	120
3R	28197026	28196902	Deletion	124
3R	28202224	28202101	Deletion	123
3R	28202224	28202109	Deletion	115
3R	28202224	28202119	Deletion	105
3R	28202224	28202145	Deletion	79
3R	28202224	28202156	Deletion	68
3R	28212410	28212363	Deletion	47
3R	28212421	28212363	Deletion	58
3R	28212481	28212363	Deletion	118
3R	28212460	28212363	Deletion	97
3R	28213491	28213369	Deletion	122
3R	28217609	28217485	Deletion	124
3R	28221609	28221522	Deletion	87
3R	28221609	28221533	Deletion	76
3R	28253458	28253416	Deletion	42
3R	28265107	28265057	Deletion	50
3R	28265096	28265057	Deletion	39
3R	28265176	28265057	Deletion	119
3R	28269739	28269616	Deletion	123
3R	28284576	28284449	Deletion	127
3R	28295343	28295226	Deletion	117
3R	28295343	28295260	Deletion	83
3R	28295343	28295306	Deletion	37
3R	28295343	28295308	Deletion	35
3R	28296057	28295968	Deletion	89
3R	28296078	28295968	Deletion	110
3R	28296059	28295968	Deletion	91
3R	28296011	28295968	Deletion	43
3R	28296089	28295968	Deletion	121
3R	28299004	28298892	Deletion	112
3R	28299004	28298945	Deletion	59
3R	28300648	28300580	Deletion	68
3R	28326978	28326873	Deletion	105
3R	28326978	28326890	Deletion	88
3R	28326978	28326930	Deletion	48
3R	28327069	28327029	Deletion	40
3R	28327109	28327029	Deletion	80
3R	28330243	28330142	Deletion	101
3R	28330243	28330200	Deletion	43
3R	28332286	28332202	Deletion	84
3R	28335332	28335245	Deletion	87
3R	28335332	28335253	Deletion	79
3R	28335332	28335282	Deletion	50
3R	28335703	28335653	Deletion	50
3R	28335777	28335653	Deletion	124
3R	28335732	28335653	Deletion	79
3R	28335695	28335653	Deletion	42
3R	28335773	28335653	Deletion	120
3R	28336937	28336810	Deletion	127
3R	28348138	28348024	Deletion	114
3R	28348138	28348029	Deletion	109
3R	28348138	28348072	Deletion	66
3R	28348138	28348089	Deletion	49
3R	28348138	28348090	Deletion	48
3R	28372660	28372600	Deletion	60
3R	28372677	28372600	Deletion	77
3R	28372704	28372600	Deletion	104
3R	28372678	28372600	Deletion	78
3R	28384379	28384276	Deletion	103
3R	28384379	28384296	Deletion	83
3R	28384379	28384314	Deletion	65
3R	28384379	28384325	Deletion	54
3R	28384379	28384327	Deletion	52
3R	28384379	28384345	Deletion	34
3R	28385060	28384949	Deletion	111
3R	28385071	28384949	Deletion	122
3R	28385041	28384949	Deletion	92
3R	28384992	28384949	Deletion	43
3R	28385021	28384949	Deletion	72
3R	28385010	28384949	Deletion	61
3R	28385023	28384949	Deletion	74
3R	28390000	28389878	Deletion	122
3R	28390000	28389896	Deletion	104
3R	28390000	28389927	Deletion	73
3R	28390000	28389967	Deletion	33
3R	28390000	28389968	Deletion	32
3R	28390000	28389970	Deletion	30
3R	28400484	28400388	Deletion	96
3R	28400441	28400388	Deletion	53
3R	28400481	28400388	Deletion	93
3R	28400482	28400388	Deletion	94
3R	28416419	28416295	Deletion	124
3R	28426242	28426189	Deletion	53
3R	28426242	28426194	Deletion	48
3R	28429211	28429137	Deletion	74
3R	28429243	28429137	Deletion	106
3R	28429216	28429137	Deletion	79
3R	28434965	28434854	Deletion	111
3R	28438756	28438634	Deletion	122
3R	28443183	28443071	Deletion	112
3R	28443183	28443072	Deletion	111
3R	28443183	28443073	Deletion	110
3R	28443183	28443084	Deletion	99
3R	28443183	28443091	Deletion	92
3R	28443183	28443109	Deletion	74
3R	28443183	28443129	Deletion	54
3R	28446838	28446803	Deletion	35
3R	28446856	28446803	Deletion	53
3R	28446875	28446803	Deletion	72
3R	28453782	28453661	Deletion	121
3R	28453915	28453866	Deletion	49
3R	28453915	28453867	Deletion	48
3R	28453911	28453867	Deletion	44
3R	28458493	28458415	Deletion	78
3R	28458493	28458415	Deletion	78
3R	28458492	28458415	Deletion	77
3R	28460073	28459957	Deletion	116
3R	28460073	28459994	Deletion	79
3R	28460073	28460022	Deletion	51
3R	28460073	28460030	Deletion	43
3R	28460073	28460040	Deletion	33
3R	28470466	28470418	Deletion	48
3R	28470502	28470418	Deletion	84
3R	28470524	28470418	Deletion	106
3R	28470494	28470418	Deletion	76
3R	28470512	28470418	Deletion	94
3R	28480082	28479958	Deletion	124
3R	28480082	28479979	Deletion	103
3R	28480082	28479994	Deletion	88
3R	28480082	28480018	Deletion	64
3R	28480082	28480036	Deletion	46
3R	28480396	28480292	Deletion	104
3R	28480372	28480292	Deletion	80
3R	28480330	28480292	Deletion	38
3R	28480354	28480292	Deletion	62
3R	28481543	28481422	Deletion	121
3R	28486886	28486781	Deletion	105
3R	28486886	28486784	Deletion	102
3R	28487205	28487091	Deletion	114
3R	28487206	28487091	Deletion	115
3R	28500289	28500168	Deletion	121
3R	28500289	28500171	Deletion	118
3R	28500289	28500179	Deletion	110
3R	28500289	28500182	Deletion	107
3R	28500289	28500206	Deletion	83
3R	28500289	28500216	Deletion	73
3R	28500289	28500241	Deletion	48
3R	28500289	28500245	Deletion	44
3R	28500289	28500253	Deletion	36
3R	28500636	28500517	Deletion	119
3R	28500600	28500517	Deletion	83
3R	28500561	28500517	Deletion	44
3R	28500571	28500517	Deletion	54
3R	28500596	28500517	Deletion	79
3R	28500608	28500517	Deletion	91
3R	28500675	28500568	Deletion	107
3R	28500675	28500587	Deletion	88
3R	28500675	28500613	Deletion	62
3R	28500675	28500615	Deletion	60
3R	28500939	28500828	Deletion	111
3R	28500931	28500828	Deletion	103
3R	28500938	28500828	Deletion	110
3R	28500892	28500828	Deletion	64
3R	28500866	28500828	Deletion	38
3R	28500949	28500828	Deletion	121
3R	28500894	28500828	Deletion	66
3R	28522037	28521920	Deletion	117
3R	28522037	28521926	Deletion	111
3R	28522037	28521932	Deletion	105
3R	28522037	28521935	Deletion	102
3R	28522037	28521960	Deletion	77
3R	28522037	28521989	Deletion	48
3R	28522037	28521999	Deletion	38
3R	28522037	28522001	Deletion	36
3R	28522037	28522002	Deletion	35
3R	28533657	28533566	Deletion	91
3R	28533616	28533566	Deletion	50
3R	28533658	28533566	Deletion	92
3R	28533645	28533566	Deletion	79
3R	28533667	28533566	Deletion	101
3R	28533655	28533566	Deletion	89
3R	28533682	28533566	Deletion	116
3R	28539603	28539504	Deletion	99
3R	28539603	28539505	Deletion	98
3R	28539603	28539524	Deletion	79
3R	28539603	28539531	Deletion	72
3R	28539603	28539540	Deletion	63
3R	28540119	28540087	Deletion	32
3R	28540139	28540087	Deletion	52
3R	28540120	28540087	Deletion	33
3R	28540155	28540087	Deletion	68
3R	28540200	28540087	Deletion	113
3R	28540146	28540087	Deletion	59
3R	28542936	28542819	Deletion	117
3R	28542936	28542839	Deletion	97
3R	28542936	28542844	Deletion	92
3R	28542936	28542850	Deletion	86
3R	28542936	28542888	Deletion	48
3R	28542936	28542905	Deletion	31
3R	28547136	28547032	Deletion	104
3R	28547110	28547032	Deletion	78
3R	28547131	28547032	Deletion	99
3R	28547066	28547032	Deletion	34
3R	28547072	28547032	Deletion	40
3R	28547127	28547032	Deletion	95
3R	28549513	28549401	Deletion	112
3R	28549513	28549424	Deletion	89
3R	28549513	28549424	Deletion	89
3R	28549513	28549425	Deletion	88
3R	28549513	28549440	Deletion	73
3R	28549513	28549470	Deletion	43
3R	28549513	28549474	Deletion	39
3R	28549962	28549924	Deletion	38
3R	28550012	28549924	Deletion	88
3R	28549962	28549924	Deletion	38
3R	28549963	28549924	Deletion	39
3R	28549978	28549924	Deletion	54
3R	28550008	28549924	Deletion	84
3R	28550027	28549928	Deletion	99
3R	28577355	28577249	Deletion	106
3R	28577355	28577302	Deletion	53
3R	28578401	28578326	Deletion	75
3R	28583904	28583784	Deletion	120
3R	28583904	28583812	Deletion	92
3R	28583904	28583818	Deletion	86
3R	28583904	28583846	Deletion	58
3R	28584109	28584068	Deletion	41
3R	28584137	28584068	Deletion	69
3R	28584103	28584068	Deletion	35
3R	28600603	28600481	Deletion	122
3R	28607807	28607693	Deletion	114
3R	28607807	28607709	Deletion	98
3R	28607807	28607710	Deletion	97
3R	28607807	28607730	Deletion	77
3R	28607807	28607732	Deletion	75
3R	28607807	28607733	Deletion	74
3R	28607807	28607747	Deletion	60
3R	28614609	28614558	Deletion	51
3R	28614624	28614558	Deletion	66
3R	28614610	28614558	Deletion	52
3R	28614607	28614558	Deletion	49
3R	28622114	28622014	Deletion	100
3R	28622114	28622016	Deletion	98
3R	28622114	28622051	Deletion	63
3R	28622114	28622083	Deletion	31
3R	28631579	28631472	Deletion	107
3R	28631567	28631472	Deletion	95
3R	28631535	28631472	Deletion	63
3R	28631569	28631472	Deletion	97
3R	28641420	28641337	Deletion	83
3R	28641420	28641349	Deletion	71
3R	28641545	28641500	Deletion	45
3R	28641557	28641500	Deletion	57
3R	28641616	28641500	Deletion	116
3R	28641624	28641500	Deletion	124
3R	28641621	28641500	Deletion	121
3R	28641995	28641873	Deletion	122
3R	28649283	28649181	Deletion	102
3R	28649283	28649219	Deletion	64
3R	28649283	28649228	Deletion	55
3R	28649708	28649645	Deletion	63
3R	28649767	28649645	Deletion	122
3R	28649717	28649645	Deletion	72
3R	28649764	28649645	Deletion	119
3R	28649749	28649645	Deletion	104
3R	28649744	28649648	Deletion	96
3R	28650274	28650220	Deletion	54
3R	28650274	28650230	Deletion	44
3R	28654841	28654743	Deletion	98
3R	28654816	28654743	Deletion	73
3R	28654856	28654743	Deletion	113
3R	28654826	28654743	Deletion	83
3R	28664101	28663980	Deletion	121
3R	28664101	28663992	Deletion	109
3R	28664101	28664064	Deletion	37
3R	28664101	28664069	Deletion	32
3R	28664994	28664905	Deletion	89
3R	28665013	28664905	Deletion	108
3R	28664999	28664905	Deletion	94
3R	28665007	28664905	Deletion	102
3R	28669350	28669314	Deletion	36
3R	28669538	28669445	Deletion	93
3R	28669569	28669445	Deletion	124
3R	28669561	28669445	Deletion	116
3R	28670451	28670370	Deletion	81
3R	28670451	28670392	Deletion	59
3R	28670451	28670412	Deletion	39
3R	28670451	28670419	Deletion	32
3R	28670451	28670421	Deletion	30
3R	28674049	28673982	Deletion	67
3R	28674078	28673982	Deletion	96
3R	28674027	28673982	Deletion	45
3R	28674069	28673982	Deletion	87
3R	28674076	28673982	Deletion	94
3R	28674910	28674807	Deletion	103
3R	28674910	28674813	Deletion	97
3R	28674910	28674853	Deletion	57
3R	28674910	28674862	Deletion	48
3R	28674910	28674873	Deletion	37
3R	28675254	28675176	Deletion	78
3R	28675245	28675176	Deletion	69
3R	28675265	28675176	Deletion	89
3R	28676554	28676433	Deletion	121
3R	28683986	28683890	Deletion	96
3R	28683986	28683890	Deletion	96
3R	28683986	28683955	Deletion	31
3R	28693644	28693527	Deletion	117
3R	28693632	28693527	Deletion	105
3R	28693645	28693527	Deletion	118
3R	28693622	28693527	Deletion	95
3R	28693639	28693527	Deletion	112
3R	28693634	28693527	Deletion	107
3R	28693557	28693527	Deletion	30
3R	28708045	28707922	Deletion	123
3R	28708045	28707941	Deletion	104
3R	28708045	28707948	Deletion	97
3R	28708045	28707957	Deletion	88
3R	28708045	28707969	Deletion	76
3R	28710401	28710371	Deletion	30
3R	28710410	28710371	Deletion	39
3R	28710489	28710371	Deletion	118
3R	28710422	28710371	Deletion	51
3R	28732812	28732688	Deletion	124
3R	28732811	28732702	Deletion	109
3R	28732812	28732780	Deletion	32
3R	28736055	28735959	Deletion	96
3R	28736426	28736309	Deletion	117
3R	28736426	28736318	Deletion	108
3R	28736426	28736347	Deletion	79
3R	28736426	28736381	Deletion	45
3R	28736426	28736385	Deletion	41
3R	28737139	28737054	Deletion	85
3R	28737135	28737054	Deletion	81
3R	28737101	28737054	Deletion	47
3R	28741250	28741180	Deletion	70
3R	28741250	28741186	Deletion	64
3R	28741250	28741200	Deletion	50
3R	28743676	28743600	Deletion	76
3R	28743656	28743600	Deletion	56
3R	28743711	28743600	Deletion	111
3R	28743662	28743600	Deletion	62
3R	28744602	28744480	Deletion	122
3R	28744703	28744614	Deletion	89
3R	28744703	28744625	Deletion	78
3R	28744703	28744643	Deletion	60
3R	28752577	28752538	Deletion	39
3R	28752588	28752538	Deletion	50
3R	28752650	28752538	Deletion	112
3R	28752606	28752538	Deletion	68
3R	28752638	28752538	Deletion	100
3R	28758510	28758447	Deletion	63
3R	28759228	28759178	Deletion	50
3R	28768913	28768810	Deletion	103
3R	28769862	28769763	Deletion	99
3R	28776073	28775964	Deletion	109
3R	28776073	28775978	Deletion	95
3R	28776073	28775995	Deletion	78
3R	28776292	28776244	Deletion	48
3R	28776361	28776244	Deletion	117
3R	28776275	28776244	Deletion	31
3R	28776353	28776244	Deletion	109
3R	28795904	28795848	Deletion	56
3R	28797440	28797388	Deletion	52
3R	28797479	28797388	Deletion	91
3R	28817544	28817422	Deletion	122
3R	28833135	28833053	Deletion	82
3R	28833135	28833073	Deletion	62
3R	28833135	28833078	Deletion	57
3R	28836238	28836194	Deletion	44
3R	28836263	28836194	Deletion	69
3R	28836258	28836194	Deletion	64
3R	28843055	28842946	Deletion	109
3R	28843055	28842952	Deletion	103
3R	28843055	28842953	Deletion	102
3R	28843055	28842957	Deletion	98
3R	28843222	28843115	Deletion	107
3R	28843235	28843117	Deletion	118
3R	28843248	28843126	Deletion	122
3R	28843248	28843143	Deletion	105
3R	28843248	28843174	Deletion	74
3R	28843248	28843198	Deletion	50
3R	28843248	28843203	Deletion	45
3R	28843248	28843204	Deletion	44
3R	28846126	28846026	Deletion	100
3R	28846107	28846026	Deletion	81
3R	28846124	28846026	Deletion	98
3R	28846108	28846026	Deletion	82
3R	28846102	28846026	Deletion	76
3R	28846078	28846026	Deletion	52
3R	28848695	28848611	Deletion	84
3R	28848695	28848665	Deletion	30
3R	28848695	28848665	Deletion	30
3R	28850422	28850326	Deletion	96
3R	28850449	28850326	Deletion	123
3R	28850422	28850326	Deletion	96
3R	28850368	28850326	Deletion	42
3R	28859491	28859411	Deletion	80
3R	28859491	28859427	Deletion	64
3R	28859491	28859435	Deletion	56
3R	28859491	28859446	Deletion	45
3R	28859491	28859451	Deletion	40
3R	28860015	28859969	Deletion	46
3R	28860039	28859969	Deletion	70
3R	28860031	28859969	Deletion	62
3R	28860050	28859969	Deletion	81
3R	28860055	28859969	Deletion	86
3R	28860077	28859969	Deletion	108
3R	28861421	28861313	Deletion	108
3R	28861421	28861323	Deletion	98
3R	28861421	28861343	Deletion	78
3R	28865504	28865451	Deletion	53
3R	28865484	28865451	Deletion	33
3R	28874409	28874294	Deletion	115
3R	28874409	28874297	Deletion	112
3R	28874409	28874304	Deletion	105
3R	28874409	28874317	Deletion	92
3R	28874409	28874321	Deletion	88
3R	28874409	28874339	Deletion	70
3R	28880111	28880001	Deletion	110
3R	28880040	28880001	Deletion	39
3R	28880058	28880001	Deletion	57
3R	28880036	28880001	Deletion	35
3R	28881682	28881563	Deletion	119
3R	28881682	28881569	Deletion	113
3R	28881682	28881580	Deletion	102
3R	28881682	28881592	Deletion	90
3R	28881682	28881594	Deletion	88
3R	28881682	28881640	Deletion	42
3R	28881682	28881647	Deletion	35
3R	28881835	28881742	Deletion	93
3R	28881865	28881742	Deletion	123
3R	28881780	28881742	Deletion	38
3R	28881825	28881742	Deletion	83
3R	28881856	28881742	Deletion	114
3R	28881782	28881742	Deletion	40
3R	28884923	28884825	Deletion	98
3R	28884923	28884829	Deletion	94
3R	28884923	28884863	Deletion	60
3R	28884923	28884867	Deletion	56
3R	28884923	28884875	Deletion	48
3R	28884923	28884877	Deletion	46
3R	28884923	28884881	Deletion	42
3R	28885954	28885921	Deletion	33
3R	28886006	28885921	Deletion	85
3R	28886000	28885921	Deletion	79
3R	28886002	28885921	Deletion	81
3R	28885992	28885921	Deletion	71
3R	28885988	28885921	Deletion	67
3R	28896441	28896318	Deletion	123
3R	28915788	28915672	Deletion	116
3R	28942775	28942654	Deletion	121
3R	28950938	28950831	Deletion	107
3R	28950938	28950834	Deletion	104
3R	28950938	28950850	Deletion	88
3R	28950938	28950854	Deletion	84
3R	28950938	28950859	Deletion	79
3R	28950938	28950884	Deletion	54
3R	28950938	28950884	Deletion	54
3R	28951496	28951399	Deletion	97
3R	28951471	28951399	Deletion	72
3R	28951471	28951399	Deletion	72
3R	28951446	28951399	Deletion	47
3R	28951437	28951399	Deletion	38
3R	28951441	28951399	Deletion	42
3R	28959950	28959853	Deletion	97
3R	28959950	28959856	Deletion	94
3R	28959950	28959858	Deletion	92
3R	28959950	28959882	Deletion	68
3R	28959950	28959902	Deletion	48
3R	28967223	28967189	Deletion	34
3R	28967221	28967189	Deletion	32
3R	28967307	28967189	Deletion	118
3R	28967267	28967189	Deletion	78
3R	28967247	28967189	Deletion	58
3R	28967293	28967189	Deletion	104
3R	28967302	28967189	Deletion	113
3R	28967734	28967615	Deletion	119
3R	28967734	28967618	Deletion	116
3R	28967734	28967625	Deletion	109
3R	28967734	28967626	Deletion	108
3R	28967734	28967628	Deletion	106
3R	28967734	28967630	Deletion	104
3R	28967734	28967631	Deletion	103
3R	28967734	28967643	Deletion	91
3R	28967734	28967658	Deletion	76
3R	28967734	28967694	Deletion	40
3R	28967734	28967694	Deletion	40
3R	28970337	28970302	Deletion	35
3R	28970405	28970302	Deletion	103
3R	28970405	28970302	Deletion	103
3R	28970419	28970302	Deletion	117
3R	28970352	28970302	Deletion	50
3R	28970408	28970302	Deletion	106
3R	28970388	28970302	Deletion	86
3R	28970388	28970302	Deletion	86
3R	28972298	28972189	Deletion	109
3R	28972298	28972200	Deletion	98
3R	28972298	28972206	Deletion	92
3R	28972298	28972216	Deletion	82
3R	28972298	28972243	Deletion	55
3R	28972298	28972261	Deletion	37
3R	28972298	28972267	Deletion	31
3R	28972794	28972678	Deletion	116
3R	28972767	28972678	Deletion	89
3R	28972773	28972678	Deletion	95
3R	28972780	28972678	Deletion	102
3R	28972782	28972678	Deletion	104
3R	28972712	28972678	Deletion	34
3R	28972722	28972678	Deletion	44
3R	28972750	28972678	Deletion	72
3R	28979388	28979297	Deletion	91
3R	28979388	28979315	Deletion	73
3R	28979388	28979320	Deletion	68
3R	28979388	28979327	Deletion	61
3R	28979388	28979337	Deletion	51
3R	28979603	28979543	Deletion	60
3R	28979580	28979543	Deletion	37
3R	28979610	28979543	Deletion	67
3R	28979598	28979543	Deletion	55
3R	28979643	28979543	Deletion	100
3R	28979620	28979543	Deletion	77
3R	28984995	28984871	Deletion	124
3R	28984995	28984928	Deletion	67
3R	28984995	28984945	Deletion	50
3R	29003053	29002977	Deletion	76
3R	29003090	29002977	Deletion	113
3R	29003036	29002977	Deletion	59
3R	29003644	29003523	Deletion	121
3R	29003798	29003676	Deletion	122
3R	29003797	29003707	Deletion	90
3R	29003798	29003718	Deletion	80
3R	29003798	29003733	Deletion	65
3R	29005033	29004935	Deletion	98
3R	29004970	29004935	Deletion	35
3R	29004981	29004935	Deletion	46
3R	29004996	29004935	Deletion	61
3R	29005052	29004935	Deletion	117
3R	29013776	29013720	Deletion	56
3R	29013776	29013734	Deletion	42
3R	29013776	29013746	Deletion	30
3R	29013939	29013832	Deletion	107
3R	29013902	29013832	Deletion	70
3R	29013954	29013832	Deletion	122
3R	29013928	29013832	Deletion	96
3R	29013916	29013832	Deletion	84
3R	29030129	29030009	Deletion	120
3R	29030129	29030042	Deletion	87
3R	29030129	29030095	Deletion	34
3R	29037298	29037206	Deletion	92
3R	29037312	29037206	Deletion	106
3R	29037245	29037206	Deletion	39
3R	29041446	29041326	Deletion	120
3R	29041446	29041348	Deletion	98
3R	29041446	29041362	Deletion	84
3R	29041446	29041374	Deletion	72
3R	29041444	29041384	Deletion	60
3R	29041446	29041384	Deletion	62
3R	29041446	29041387	Deletion	59
3R	29041444	29041393	Deletion	51
3R	29069405	29069350	Deletion	55
3R	29069415	29069350	Deletion	65
3R	29069393	29069350	Deletion	43
3R	29069424	29069350	Deletion	74
3R	29069418	29069350	Deletion	68
3R	29069470	29069350	Deletion	120
3R	29069415	29069350	Deletion	65
3R	29076200	29076078	Deletion	122
3R	29083525	29083409	Deletion	116
3R	29083525	29083434	Deletion	91
3R	29083525	29083490	Deletion	35
3R	29083525	29083495	Deletion	30
3R	29083653	29083618	Deletion	35
3R	29083709	29083618	Deletion	91
3R	29083714	29083618	Deletion	96
3R	29083724	29083618	Deletion	106
3R	29083729	29083618	Deletion	111
3R	29087167	29087068	Deletion	99
3R	29087167	29087073	Deletion	94
3R	29087167	29087117	Deletion	50
3R	29087167	29087136	Deletion	31
3R	29099267	29099144	Deletion	123
3R	29099239	29099144	Deletion	95
3R	29099176	29099144	Deletion	32
3R	29099220	29099144	Deletion	76
3R	29099265	29099144	Deletion	121
3R	29099530	29099411	Deletion	119
3R	29099530	29099412	Deletion	118
3R	29099530	29099417	Deletion	113
3R	29099530	29099426	Deletion	104
3R	29099530	29099441	Deletion	89
3R	29099530	29099465	Deletion	65
3R	29099530	29099496	Deletion	34
3R	29113629	29113506	Deletion	123
3R	29113567	29113506	Deletion	61
3R	29113598	29113506	Deletion	92
3R	29113543	29113506	Deletion	37
3R	29115048	29114946	Deletion	102
3R	29115048	29114949	Deletion	99
3R	29115048	29114957	Deletion	91
3R	29115048	29114961	Deletion	87
3R	29115048	29114977	Deletion	71
3R	29115048	29114979	Deletion	69
3R	29115048	29114988	Deletion	60
3R	29115048	29114992	Deletion	56
3R	29115048	29114996	Deletion	52
3R	29115048	29114999	Deletion	49
3R	29126862	29126822	Deletion	40
3R	29126897	29126822	Deletion	75
3R	29126940	29126822	Deletion	118
3R	29126942	29126822	Deletion	120
3R	29126858	29126822	Deletion	36
3R	29126900	29126822	Deletion	78
3R	29126889	29126822	Deletion	67
3R	29126934	29126822	Deletion	112
3R	29126878	29126822	Deletion	56
3R	29126893	29126822	Deletion	71
3R	29126880	29126822	Deletion	58
3R	29126936	29126822	Deletion	114
3R	29146707	29146632	Deletion	75
3R	29146707	29146633	Deletion	74
3R	29146707	29146633	Deletion	74
3R	29146707	29146654	Deletion	53
3R	29146707	29146655	Deletion	52
3R	29146978	29146905	Deletion	73
3R	29146957	29146905	Deletion	52
3R	29146956	29146905	Deletion	51
3R	29146957	29146905	Deletion	52
3R	29146979	29146905	Deletion	74
3R	29147022	29146905	Deletion	117
3R	29164135	29164014	Deletion	121
3R	29188873	29188749	Deletion	124
3R	29189622	29189500	Deletion	122
3R	29189622	29189518	Deletion	104
3R	29189622	29189528	Deletion	94
3R	29189622	29189551	Deletion	71
3R	29189622	29189578	Deletion	44
3R	29195274	29195241	Deletion	33
3R	29195365	29195241	Deletion	124
3R	29195324	29195241	Deletion	83
3R	29195297	29195241	Deletion	56
3R	29195361	29195241	Deletion	120
3R	29206237	29206115	Deletion	122
3R	29212438	29212365	Deletion	73
3R	29212438	29212391	Deletion	47
3R	29212569	29212490	Deletion	79
3R	29212543	29212490	Deletion	53
3R	29212595	29212490	Deletion	105
3R	29216723	29216644	Deletion	79
3R	29216723	29216666	Deletion	57
3R	29216723	29216690	Deletion	33
3R	29217369	29217300	Deletion	69
3R	29217347	29217300	Deletion	47
3R	29217393	29217300	Deletion	93
3R	29225599	29225476	Deletion	123
3R	29225599	29225477	Deletion	122
3R	29225599	29225487	Deletion	112
3R	29225599	29225527	Deletion	72
3R	29225595	29225554	Deletion	41
3R	29228500	29228384	Deletion	116
3R	29228440	29228384	Deletion	56
3R	29228467	29228384	Deletion	83
3R	29228506	29228384	Deletion	122
3R	29240868	29240785	Deletion	83
3R	29240866	29240798	Deletion	68
3R	29240868	29240817	Deletion	51
3R	29248688	29248630	Deletion	58
3R	29248675	29248631	Deletion	44
3R	29248707	29248631	Deletion	76
3R	29248742	29248631	Deletion	111
3R	29253635	29253553	Deletion	82
3R	29253635	29253579	Deletion	56
3R	29253635	29253602	Deletion	33
3R	29254909	29254815	Deletion	94
3R	29254886	29254815	Deletion	71
3R	29254860	29254815	Deletion	45
3R	29257149	29257030	Deletion	119
3R	29257149	29257030	Deletion	119
3R	29257149	29257064	Deletion	85
3R	29257149	29257066	Deletion	83
3R	29257149	29257109	Deletion	40
3R	29257149	29257118	Deletion	31
3R	29258374	29258333	Deletion	41
3R	29258376	29258333	Deletion	43
3R	29258419	29258333	Deletion	86
3R	29258428	29258333	Deletion	95
3R	29263594	29263471	Deletion	123
3R	29268164	29268051	Deletion	113
3R	29268164	29268078	Deletion	86
3R	29268164	29268113	Deletion	51
3R	29268164	29268123	Deletion	41
3R	29268290	29268213	Deletion	77
3R	29268255	29268213	Deletion	42
3R	29268300	29268213	Deletion	87
3R	29268582	29268468	Deletion	114
3R	29268582	29268484	Deletion	98
3R	29268582	29268486	Deletion	96
3R	29268582	29268551	Deletion	31
3R	29269977	29269859	Deletion	118
3R	29269889	29269859	Deletion	30
3R	29269954	29269859	Deletion	95
3R	29279135	29279036	Deletion	99
3R	29279135	29279070	Deletion	65
3R	29279135	29279098	Deletion	37
3R	29280655	29280565	Deletion	90
3R	29280627	29280565	Deletion	62
3R	29287251	29287139	Deletion	112
3R	29287251	29287146	Deletion	105
3R	29287251	29287150	Deletion	101
3R	29287251	29287162	Deletion	89
3R	29287251	29287164	Deletion	87
3R	29287251	29287164	Deletion	87
3R	29287251	29287168	Deletion	83
3R	29287251	29287192	Deletion	59
3R	29288306	29288239	Deletion	67
3R	29288278	29288239	Deletion	39
3R	29288282	29288239	Deletion	43
3R	29288278	29288239	Deletion	39
3R	29288276	29288239	Deletion	37
3R	29298178	29298054	Deletion	124
3R	29298178	29298065	Deletion	113
3R	29298178	29298120	Deletion	58
3R	29298410	29298341	Deletion	69
3R	29303805	29303682	Deletion	123
3R	29303811	29303688	Deletion	123
3R	29304946	29304827	Deletion	119
3R	29304946	29304828	Deletion	118
3R	29304946	29304839	Deletion	107
3R	29304946	29304879	Deletion	67
3R	29304946	29304911	Deletion	35
3R	29305557	29305497	Deletion	60
3R	29305606	29305497	Deletion	109
3R	29305589	29305497	Deletion	92
3R	29305617	29305497	Deletion	120
3R	29310205	29310083	Deletion	122
3R	29312695	29312585	Deletion	110
3R	29312695	29312653	Deletion	42
3R	29314142	29314057	Deletion	85
3R	29325212	29325084	Deletion	128
3R	29334493	29334391	Deletion	102
3R	29334493	29334416	Deletion	77
3R	29334493	29334425	Deletion	68
3R	29334493	29334455	Deletion	38
3R	29342235	29342177	Deletion	58
3R	29342265	29342177	Deletion	88
3R	29342300	29342177	Deletion	123
3R	29342226	29342177	Deletion	49
3R	29353617	29353517	Deletion	100
3R	29353617	29353541	Deletion	76
3R	29353825	29353775	Deletion	50
3R	29353889	29353775	Deletion	114
3R	29357011	29356888	Deletion	123
3R	29357011	29356921	Deletion	90
3R	29357011	29356940	Deletion	71
3R	29357008	29356953	Deletion	55
3R	29357011	29356964	Deletion	47
3R	29359737	29359701	Deletion	36
3R	29359800	29359701	Deletion	99
3R	29359769	29359701	Deletion	68
3R	29359780	29359701	Deletion	79
3R	29359756	29359701	Deletion	55
3R	29363915	29363797	Deletion	118
3R	29363915	29363814	Deletion	101
3R	29363915	29363851	Deletion	64
3R	29364105	29363992	Deletion	113
3R	29364054	29363992	Deletion	62
3R	29374501	29374458	Deletion	43
3R	29379060	29379029	Deletion	31
3R	29379060	29379029	Deletion	31
3R	29379060	29379029	Deletion	31
3R	29379060	29379029	Deletion	31
3R	29379060	29379029	Deletion	31
3R	29379060	29379029	Deletion	31
3R	29402482	29402426	Deletion	56
3R	29402509	29402426	Deletion	83
3R	29402512	29402426	Deletion	86
3R	29402520	29402426	Deletion	94
3R	29402516	29402426	Deletion	90
3R	29402502	29402426	Deletion	76
3R	29403168	29403077	Deletion	91
3R	29403168	29403119	Deletion	49
3R	29403168	29403138	Deletion	30
3R	29403328	29403225	Deletion	103
3R	29403261	29403225	Deletion	36
3R	29403303	29403225	Deletion	78
3R	29403322	29403225	Deletion	97
3R	29411833	29411726	Deletion	107
3R	29411833	29411756	Deletion	77
3R	29411833	29411759	Deletion	74
3R	29411833	29411764	Deletion	69
3R	29411833	29411777	Deletion	56
3R	29411833	29411788	Deletion	45
3R	29416909	29416859	Deletion	50
3R	29416917	29416859	Deletion	58
3R	29416912	29416859	Deletion	53
3R	29416930	29416859	Deletion	71
3R	29416941	29416859	Deletion	82
3R	29419617	29419509	Deletion	108
3R	29419617	29419517	Deletion	100
3R	29419617	29419537	Deletion	80
3R	29419617	29419562	Deletion	55
3R	29419617	29419567	Deletion	50
3R	29419617	29419584	Deletion	33
3R	29432245	29432171	Deletion	74
3R	29432245	29432171	Deletion	74
3R	29432217	29432171	Deletion	46
3R	29432242	29432171	Deletion	71
3R	29432245	29432171	Deletion	74
3R	29432245	29432196	Deletion	49
3R	29432245	29432205	Deletion	40
3R	29434572	29434486	Deletion	86
3R	29434594	29434486	Deletion	108
3R	29434562	29434486	Deletion	76
3R	29434528	29434486	Deletion	42
3R	29434988	29434868	Deletion	120
3R	29434988	29434879	Deletion	109
3R	29434988	29434910	Deletion	78
3R	29434988	29434912	Deletion	76
3R	29434988	29434914	Deletion	74
3R	29436262	29436212	Deletion	50
3R	29436260	29436212	Deletion	48
3R	29436317	29436212	Deletion	105
3R	29436264	29436212	Deletion	52
3R	29436324	29436212	Deletion	112
3R	29437289	29437172	Deletion	117
3R	29437289	29437192	Deletion	97
3R	29437289	29437239	Deletion	50
3R	29437454	29437347	Deletion	107
3R	29437459	29437347	Deletion	112
3R	29437445	29437347	Deletion	98
3R	29437423	29437347	Deletion	76
3R	29440866	29440755	Deletion	111
3R	29440866	29440766	Deletion	100
3R	29440866	29440798	Deletion	68
3R	29440866	29440808	Deletion	58
3R	29444302	29444234	Deletion	68
3R	29444339	29444234	Deletion	105
3R	29444350	29444234	Deletion	116
3R	29444292	29444234	Deletion	58
3R	29469319	29469196	Deletion	123
3R	29475617	29475506	Deletion	111
3R	29475604	29475506	Deletion	98
3R	29492069	29491962	Deletion	107
3R	29492069	29492036	Deletion	33
3R	29492069	29492037	Deletion	32
3R	29493675	29493581	Deletion	94
3R	29493676	29493581	Deletion	95
3R	29494774	29494683	Deletion	91
3R	29494774	29494683	Deletion	91
3R	29494774	29494683	Deletion	91
3R	29494774	29494714	Deletion	60
3R	29494774	29494721	Deletion	53
3R	29500115	29500079	Deletion	36
3R	29500115	29500079	Deletion	36
3R	29500146	29500079	Deletion	67
3R	29500115	29500079	Deletion	36
3R	29500185	29500079	Deletion	106
3R	29500153	29500079	Deletion	74
3R	29500200	29500079	Deletion	121
3R	29514203	29514110	Deletion	93
3R	29514203	29514162	Deletion	41
3R	29521569	29521484	Deletion	85
3R	29521601	29521484	Deletion	117
3R	29521517	29521484	Deletion	33
3R	29533175	29533083	Deletion	92
3R	29533175	29533106	Deletion	69
3R	29533175	29533115	Deletion	60
3R	29533175	29533144	Deletion	31
3R	29534820	29534763	Deletion	57
3R	29534884	29534763	Deletion	121
3R	29534797	29534763	Deletion	34
3R	29534870	29534763	Deletion	107
3R	29534829	29534763	Deletion	66
3R	29534858	29534763	Deletion	95
3R	29541263	29541157	Deletion	106
3R	29541263	29541157	Deletion	106
3R	29541263	29541185	Deletion	78
3R	29541711	29541663	Deletion	48
3R	29541760	29541663	Deletion	97
3R	29570446	29570352	Deletion	94
3R	29570446	29570356	Deletion	90
3R	29570446	29570379	Deletion	67
3R	29570446	29570379	Deletion	67
3R	29570446	29570383	Deletion	63
3R	29570446	29570386	Deletion	60
3R	29570446	29570403	Deletion	43
3R	29587991	29587908	Deletion	83
3R	29587971	29587908	Deletion	63
3R	29587974	29587908	Deletion	66
3R	29587944	29587908	Deletion	36
3R	29587967	29587908	Deletion	59
3R	29587967	29587908	Deletion	59
3R	29629889	29629765	Deletion	124
3R	29634045	29633930	Deletion	115
3R	29634045	29633962	Deletion	83
3R	29634045	29633965	Deletion	80
3R	29634045	29633980	Deletion	65
3R	29634045	29633988	Deletion	57
3R	29634045	29633991	Deletion	54
3R	29634045	29633993	Deletion	52
3R	29634045	29633995	Deletion	50
3R	29634045	29634011	Deletion	34
3R	29637328	29637285	Deletion	43
3R	29637397	29637285	Deletion	112
3R	29637331	29637285	Deletion	46
3R	29637346	29637285	Deletion	61
3R	29637354	29637285	Deletion	69
3R	29637361	29637285	Deletion	76
3R	29637359	29637285	Deletion	74
3R	29637377	29637285	Deletion	92
3R	29637357	29637285	Deletion	72
3R	29654717	29654600	Deletion	117
3R	29654717	29654605	Deletion	112
3R	29654717	29654611	Deletion	106
3R	29654717	29654618	Deletion	99
3R	29667384	29667299	Deletion	85
3R	29667360	29667299	Deletion	61
3R	29667356	29667299	Deletion	57
3R	29667413	29667299	Deletion	114
3R	29667337	29667299	Deletion	38
3R	29667337	29667299	Deletion	38
3R	29676897	29676774	Deletion	123
3R	29676897	29676782	Deletion	115
3R	29676897	29676803	Deletion	94
3R	29676897	29676814	Deletion	83
3R	29676897	29676853	Deletion	44
3R	29676897	29676861	Deletion	36
3R	29690145	29690061	Deletion	84
3R	29690153	29690061	Deletion	92
3R	29690176	29690061	Deletion	115
3R	29690177	29690061	Deletion	116
3R	29690095	29690061	Deletion	34
3R	29690106	29690061	Deletion	45
3R	29691115	29690992	Deletion	123
3R	29695775	29695661	Deletion	114
3R	29695775	29695672	Deletion	103
3R	29695775	29695690	Deletion	85
3R	29695775	29695698	Deletion	77
3R	29695775	29695700	Deletion	75
3R	29695775	29695715	Deletion	60
3R	29695775	29695738	Deletion	37
3R	29695775	29695743	Deletion	32
3R	29700918	29700877	Deletion	41
3R	29700928	29700877	Deletion	51
3R	29700971	29700877	Deletion	94
3R	29700943	29700877	Deletion	66
3R	29700926	29700877	Deletion	49
3R	29700966	29700877	Deletion	89
3R	29704407	29704286	Deletion	121
3R	29709670	29709558	Deletion	112
3R	29709670	29709593	Deletion	77
3R	29709670	29709593	Deletion	77
3R	29716933	29716883	Deletion	50
3R	29716933	29716883	Deletion	50
3R	29722336	29722220	Deletion	116
3R	29722336	29722255	Deletion	81
3R	29722336	29722300	Deletion	36
3R	29722336	29722304	Deletion	32
3R	29724763	29724669	Deletion	94
3R	29724773	29724669	Deletion	104
3R	29724759	29724669	Deletion	90
3R	29724778	29724669	Deletion	109
3R	29724714	29724669	Deletion	45
3R	29729224	29729108	Deletion	116
3R	29729224	29729122	Deletion	102
3R	29729224	29729122	Deletion	102
3R	29729224	29729151	Deletion	73
3R	29729224	29729178	Deletion	46
3R	29729224	29729180	Deletion	44
3R	29735574	29735494	Deletion	80
3R	29735594	29735494	Deletion	100
3R	29735576	29735494	Deletion	82
3R	29735614	29735494	Deletion	120
3R	29735547	29735497	Deletion	50
3R	29739704	29739616	Deletion	88
3R	29750085	29749984	Deletion	101
3R	29750085	29749997	Deletion	88
3R	29750085	29750014	Deletion	71
3R	29750504	29750449	Deletion	55
3R	29750487	29750449	Deletion	38
3R	29750548	29750449	Deletion	99
3R	29750564	29750449	Deletion	115
3R	29750571	29750449	Deletion	122
3R	29756999	29756914	Deletion	85
3R	29756999	29756923	Deletion	76
3R	29756999	29756938	Deletion	61
3R	29756999	29756941	Deletion	58
3R	29756999	29756955	Deletion	44
3R	29769546	29769481	Deletion	65
3R	29769580	29769481	Deletion	99
3R	29769581	29769481	Deletion	100
3R	29769522	29769481	Deletion	41
3R	29769531	29769481	Deletion	50
3R	29769563	29769481	Deletion	82
3R	29769549	29769481	Deletion	68
3R	29818003	29817884	Deletion	119
3R	29818003	29817890	Deletion	113
3R	29818003	29817939	Deletion	64
3R	29818003	29817954	Deletion	49
3R	29829103	29829025	Deletion	78
3R	29829142	29829025	Deletion	117
3R	29829088	29829025	Deletion	63
3R	29829142	29829025	Deletion	117
3R	29829136	29829025	Deletion	111
3R	29853914	29853808	Deletion	106
3R	29853914	29853811	Deletion	103
3R	29853914	29853816	Deletion	98
3R	29853914	29853819	Deletion	95
3R	29853914	29853822	Deletion	92
3R	29853914	29853851	Deletion	63
3R	29853914	29853857	Deletion	57
3R	29857061	29857028	Deletion	33
3R	29857099	29857028	Deletion	71
3R	29857151	29857028	Deletion	123
3R	29857093	29857028	Deletion	65
3R	29857064	29857028	Deletion	36
3R	29857058	29857028	Deletion	30
3R	29863437	29863350	Deletion	87
3R	29863437	29863367	Deletion	70
3R	29863437	29863402	Deletion	35
3R	29871464	29871372	Deletion	92
3R	29871484	29871372	Deletion	112
3R	29871429	29871372	Deletion	57
3R	29871412	29871372	Deletion	40
3R	29872483	29872379	Deletion	104
3R	29872483	29872384	Deletion	99
3R	29872483	29872430	Deletion	53
3R	29872483	29872436	Deletion	47
3R	29872483	29872437	Deletion	46
3R	29873009	29872929	Deletion	80
3R	29873038	29872929	Deletion	109
3R	29873002	29872929	Deletion	73
3R	29873008	29872929	Deletion	79
3R	29873501	29873378	Deletion	123
3R	29873501	29873408	Deletion	93
3R	29873584	29873549	Deletion	35
3R	29878641	29878518	Deletion	123
3R	29878641	29878542	Deletion	99
3R	29878641	29878544	Deletion	97
3R	29878641	29878544	Deletion	97
3R	29878641	29878595	Deletion	46
3R	29878641	29878607	Deletion	34
3R	29881363	29881283	Deletion	80
3R	29881375	29881283	Deletion	92
3R	29883091	29882999	Deletion	92
3R	29883109	29883032	Deletion	77
3R	29884412	29884375	Deletion	37
3R	29885893	29885852	Deletion	41
3R	29886870	29886815	Deletion	55
3R	29887226	29887192	Deletion	34
3R	29887959	29887909	Deletion	50
3R	29888787	29888757	Deletion	30
3R	29889816	29889743	Deletion	73
3R	29890164	29890119	Deletion	45
3R	29893783	29893686	Deletion	97
3R	29893783	29893690	Deletion	93
3R	29893783	29893707	Deletion	76
3R	29893783	29893712	Deletion	71
3R	29893783	29893734	Deletion	49
3R	29893783	29893751	Deletion	32
3R	29893783	29893753	Deletion	30
3R	29893893	29893838	Deletion	55
3R	29893888	29893838	Deletion	50
3R	29893871	29893838	Deletion	33
3R	29893932	29893838	Deletion	94
3R	29893934	29893838	Deletion	96
3R	29893955	29893838	Deletion	117
3R	29893916	29893838	Deletion	78
3R	29895439	29895350	Deletion	89
3R	29895439	29895406	Deletion	33
3R	29900848	29900742	Deletion	106
3R	29900836	29900742	Deletion	94
3R	29900856	29900742	Deletion	114
3R	29900844	29900742	Deletion	102
3R	29900780	29900742	Deletion	38
3R	29900859	29900742	Deletion	117
3R	29905963	29905862	Deletion	101
3R	29905963	29905902	Deletion	61
3R	29905963	29905914	Deletion	49
3R	29905963	29905933	Deletion	30
3R	29910309	29910244	Deletion	65
3R	29910340	29910244	Deletion	96
3R	29910321	29910244	Deletion	77
3R	29910353	29910244	Deletion	109
3R	29910529	29910407	Deletion	122
3R	29923301	29923191	Deletion	110
3R	29923301	29923192	Deletion	109
3R	29923301	29923203	Deletion	98
3R	29923542	29923440	Deletion	102
3R	29937668	29937553	Deletion	115
3R	29937668	29937600	Deletion	68
3R	29937668	29937604	Deletion	64
3R	29937668	29937604	Deletion	64
3R	29937668	29937613	Deletion	55
3R	29937668	29937620	Deletion	48
3R	29937668	29937620	Deletion	48
3R	29938137	29938059	Deletion	78
3R	29938137	29938059	Deletion	78
3R	29938130	29938059	Deletion	71
3R	29938117	29938059	Deletion	58
3R	29938121	29938059	Deletion	62
3R	29938159	29938059	Deletion	100
3R	29938179	29938059	Deletion	120
3R	29938121	29938059	Deletion	62
3R	29945651	29945540	Deletion	111
3R	29945651	29945550	Deletion	101
3R	29945651	29945557	Deletion	94
3R	29945651	29945574	Deletion	77
3R	29945651	29945599	Deletion	52
3R	29945651	29945600	Deletion	51
3R	29954432	29954308	Deletion	124
3R	29954382	29954308	Deletion	74
3R	29954340	29954308	Deletion	32
3R	29954383	29954308	Deletion	75
3R	29954357	29954308	Deletion	49
3R	29954719	29954602	Deletion	117
3R	29954719	29954630	Deletion	89
3R	29954719	29954652	Deletion	67
3R	29954719	29954656	Deletion	63
3R	29957639	29957519	Deletion	120
3R	29957633	29957519	Deletion	114
3R	29957556	29957519	Deletion	37
3R	29957582	29957519	Deletion	63
3R	29957578	29957521	Deletion	57
3R	29967607	29967496	Deletion	111
3R	29967607	29967499	Deletion	108
3R	29967607	29967500	Deletion	107
3R	29967607	29967508	Deletion	99
3R	29967607	29967512	Deletion	95
3R	29967607	29967538	Deletion	69
3R	29967607	29967547	Deletion	60
3R	29967607	29967553	Deletion	54
3R	29967607	29967569	Deletion	38
3R	29967607	29967577	Deletion	30
3R	29967776	29967719	Deletion	57
3R	29967791	29967719	Deletion	72
3R	29967837	29967719	Deletion	118
3R	29967807	29967719	Deletion	88
3R	29967815	29967719	Deletion	96
3R	29967750	29967719	Deletion	31
3R	29967785	29967719	Deletion	66
3R	29967834	29967719	Deletion	115
3R	29971924	29971803	Deletion	121
3R	29975268	29975155	Deletion	113
3R	29975268	29975157	Deletion	111
3R	29975268	29975192	Deletion	76
3R	29975268	29975207	Deletion	61
3R	29975268	29975218	Deletion	50
3R	29975268	29975224	Deletion	44
3R	29975268	29975224	Deletion	44
3R	29975268	29975238	Deletion	30
3R	29975836	29975753	Deletion	83
3R	29975875	29975753	Deletion	122
3R	29975836	29975753	Deletion	83
3R	29975819	29975753	Deletion	66
3R	29975850	29975753	Deletion	97
3R	29975830	29975753	Deletion	77
3R	29975804	29975753	Deletion	51
3R	29979918	29979794	Deletion	124
3R	29984109	29983989	Deletion	120
3R	29984109	29984021	Deletion	88
3R	29984109	29984043	Deletion	66
3R	29984109	29984052	Deletion	57
3R	29984109	29984074	Deletion	35
3R	29984109	29984077	Deletion	32
3R	29993943	29993848	Deletion	95
3R	29993912	29993848	Deletion	64
3R	29993946	29993848	Deletion	98
3R	29993921	29993848	Deletion	73
3R	29993953	29993848	Deletion	105
3R	29993890	29993848	Deletion	42
3R	29996531	29996446	Deletion	85
3R	30004023	30003914	Deletion	109
3R	30004014	30003914	Deletion	100
3R	30003955	30003914	Deletion	41
3R	30008346	30008225	Deletion	121
3R	30008346	30008253	Deletion	93
3R	30008580	30008483	Deletion	97
3R	30008516	30008483	Deletion	33
3R	30008592	30008483	Deletion	109
3R	30008587	30008483	Deletion	104
3R	30031410	30031297	Deletion	113
3R	30031410	30031297	Deletion	113
3R	30031410	30031304	Deletion	106
3R	30031410	30031305	Deletion	105
3R	30031410	30031330	Deletion	80
3R	30031410	30031331	Deletion	79
3R	30031410	30031334	Deletion	76
3R	30031410	30031341	Deletion	69
3R	30031410	30031349	Deletion	61
3R	30031410	30031364	Deletion	46
3R	30031410	30031371	Deletion	39
3R	30031410	30031372	Deletion	38
3R	30031410	30031378	Deletion	32
3R	30045626	30045576	Deletion	50
3R	30045633	30045576	Deletion	57
3R	30045641	30045576	Deletion	65
3R	30045622	30045576	Deletion	46
3R	30045663	30045576	Deletion	87
3R	30045687	30045576	Deletion	111
3R	30045656	30045576	Deletion	80
3R	30045664	30045576	Deletion	88
3R	30045623	30045576	Deletion	47
3R	30045670	30045576	Deletion	94
3R	30053207	30053084	Deletion	123
3R	30053207	30053099	Deletion	108
3R	30053207	30053118	Deletion	89
3R	30053207	30053119	Deletion	88
3R	30053207	30053176	Deletion	31
3R	30053207	30053177	Deletion	30
3R	30054270	30054175	Deletion	95
3R	30054271	30054175	Deletion	96
3R	30054213	30054175	Deletion	38
3R	30054212	30054175	Deletion	37
3R	30056528	30056405	Deletion	123
3R	30056528	30056426	Deletion	102
3R	30056528	30056430	Deletion	98
3R	30056528	30056447	Deletion	81
3R	30056528	30056448	Deletion	80
3R	30056528	30056456	Deletion	72
3R	30056528	30056465	Deletion	63
3R	30062969	30062905	Deletion	64
3R	30063016	30062905	Deletion	111
3R	30062952	30062905	Deletion	47
3R	30062960	30062905	Deletion	55
3R	30062951	30062905	Deletion	46
3R	30064697	30064574	Deletion	123
3R	30082567	30082458	Deletion	109
3R	30082567	30082459	Deletion	108
3R	30082567	30082487	Deletion	80
3R	30085019	30084973	Deletion	46
3R	30085048	30084988	Deletion	60
3R	30086616	30086569	Deletion	47
3R	30086687	30086569	Deletion	118
3R	30086682	30086569	Deletion	113
3R	30098327	30098206	Deletion	121
3R	30106393	30106279	Deletion	114
3R	30106393	30106282	Deletion	111
3R	30106393	30106287	Deletion	106
3R	30106393	30106303	Deletion	90
3R	30106393	30106332	Deletion	61
3R	30109688	30109652	Deletion	36
3R	30109717	30109652	Deletion	65
3R	30112271	30112151	Deletion	120
3R	30112271	30112159	Deletion	112
3R	30112271	30112207	Deletion	64
3R	30112271	30112209	Deletion	62
3R	30112271	30112211	Deletion	60
3R	30112271	30112217	Deletion	54
3R	30112466	30112343	Deletion	123
3R	30112410	30112343	Deletion	67
3R	30112416	30112343	Deletion	73
3R	30112408	30112343	Deletion	65
3R	30112406	30112343	Deletion	63
3R	30112836	30112759	Deletion	77
3R	30112836	30112761	Deletion	75
3R	30112836	30112781	Deletion	55
3R	30116750	30116701	Deletion	49
3R	30116752	30116701	Deletion	51
3R	30116772	30116701	Deletion	71
3R	30117148	30117084	Deletion	64
3R	30117148	30117095	Deletion	53
3R	30118677	30118615	Deletion	62
3R	30118714	30118615	Deletion	99
3R	30118688	30118615	Deletion	73
3R	30120590	30120470	Deletion	120
3R	30120590	30120470	Deletion	120
3R	30120590	30120514	Deletion	76
3R	30120590	30120517	Deletion	73
3R	30120590	30120525	Deletion	65
3R	30120590	30120532	Deletion	58
3R	30120590	30120533	Deletion	57
3R	30120590	30120539	Deletion	51
3R	30120590	30120542	Deletion	48
3R	30120590	30120549	Deletion	41
3R	30123834	30123749	Deletion	85
3R	30123799	30123749	Deletion	50
3R	30123802	30123749	Deletion	53
3R	30123817	30123749	Deletion	68
3R	30123824	30123749	Deletion	75
3R	30123818	30123749	Deletion	69
3R	30123857	30123749	Deletion	108
3R	30123810	30123749	Deletion	61
3R	30123827	30123749	Deletion	78
3R	30125248	30125162	Deletion	86
3R	30125248	30125177	Deletion	71
3R	30125248	30125183	Deletion	65
3R	30125248	30125206	Deletion	42
3R	30135549	30135488	Deletion	61
3R	30135543	30135488	Deletion	55
3R	30135528	30135488	Deletion	40
3R	30135588	30135488	Deletion	100
3R	30135586	30135488	Deletion	98
3R	30135572	30135488	Deletion	84
3R	30135596	30135488	Deletion	108
3R	30135964	30135846	Deletion	118
3R	30135964	30135854	Deletion	110
3R	30135964	30135859	Deletion	105
3R	30135964	30135877	Deletion	87
3R	30135964	30135905	Deletion	59
3R	30135964	30135923	Deletion	41
3R	30135964	30135924	Deletion	40
3R	30147035	30146994	Deletion	41
3R	30147081	30146994	Deletion	87
3R	30147063	30146994	Deletion	69
3R	30147102	30146994	Deletion	108
3R	30147111	30146994	Deletion	117
3R	30147082	30146994	Deletion	88
3R	30154133	30154025	Deletion	108
3R	30154133	30154046	Deletion	87
3R	30154133	30154046	Deletion	87
3R	30154133	30154047	Deletion	86
3R	30154133	30154072	Deletion	61
3R	30154133	30154088	Deletion	45
3R	30154133	30154099	Deletion	34
3R	30154133	30154103	Deletion	30
3R	30154672	30154607	Deletion	65
3R	30154688	30154607	Deletion	81
3R	30154706	30154607	Deletion	99
3R	30154703	30154607	Deletion	96
3R	30154647	30154607	Deletion	40
3R	30154705	30154607	Deletion	98
3R	30154646	30154607	Deletion	39
3R	30154646	30154607	Deletion	39
3R	30154699	30154607	Deletion	92
3R	30167414	30167323	Deletion	91
3R	30167414	30167331	Deletion	83
3R	30167414	30167336	Deletion	78
3R	30167414	30167353	Deletion	61
3R	30167414	30167360	Deletion	54
3R	30185139	30185104	Deletion	35
3R	30185176	30185104	Deletion	72
3R	30185147	30185104	Deletion	43
3R	30185169	30185104	Deletion	65
3R	30185203	30185104	Deletion	99
3R	30185222	30185104	Deletion	118
3R	30185152	30185104	Deletion	48
3R	30186702	30186646	Deletion	56
3R	30186702	30186651	Deletion	51
3R	30188976	30188901	Deletion	75
3R	30189007	30188901	Deletion	106
3R	30189018	30188901	Deletion	117
3R	30188971	30188901	Deletion	70
3R	30199606	30199484	Deletion	122
3R	30200670	30200555	Deletion	115
3R	30200670	30200561	Deletion	109
3R	30200670	30200618	Deletion	52
3R	30200670	30200632	Deletion	38
3R	30200670	30200635	Deletion	35
3R	30201183	30201075	Deletion	108
3R	30201166	30201075	Deletion	91
3R	30201149	30201075	Deletion	74
3R	30201163	30201075	Deletion	88
3R	30210408	30210303	Deletion	105
3R	30210408	30210332	Deletion	76
3R	30211421	30211369	Deletion	52
3R	30211468	30211369	Deletion	99
3R	30211486	30211369	Deletion	117
3R	30222659	30222582	Deletion	77
3R	30222659	30222616	Deletion	43
3R	30222659	30222628	Deletion	31
3R	30222794	30222711	Deletion	83
3R	30222760	30222711	Deletion	49
3R	30222806	30222711	Deletion	95
3R	30222813	30222711	Deletion	102
3R	30222835	30222711	Deletion	124
3R	30222834	30222711	Deletion	123
3R	30232216	30232099	Deletion	117
3R	30232216	30232112	Deletion	104
3R	30232216	30232121	Deletion	95
3R	30232216	30232139	Deletion	77
3R	30232216	30232155	Deletion	61
3R	30232216	30232155	Deletion	61
3R	30232216	30232172	Deletion	44
3R	30233226	30233142	Deletion	84
3R	30233209	30233142	Deletion	67
3R	30233209	30233142	Deletion	67
3R	30233175	30233142	Deletion	33
3R	30233193	30233142	Deletion	51
3R	30235437	30235330	Deletion	107
3R	30235437	30235384	Deletion	53
3R	30236901	30236789	Deletion	112
3R	30236863	30236789	Deletion	74
3R	30236908	30236789	Deletion	119
3R	30270705	30270589	Deletion	116
3R	30270705	30270633	Deletion	72
3R	30270705	30270651	Deletion	54
3R	30270705	30270655	Deletion	50
3R	30273423	30273300	Deletion	123
3R	30273373	30273300	Deletion	73
3R	30273415	30273300	Deletion	115
3R	30273355	30273300	Deletion	55
3R	30273377	30273300	Deletion	77
3R	30288846	30288723	Deletion	123
3R	30301630	30301514	Deletion	116
3R	30301630	30301527	Deletion	103
3R	30301630	30301530	Deletion	100
3R	30301630	30301560	Deletion	70
3R	30301630	30301565	Deletion	65
3R	30301905	30301848	Deletion	57
3R	30301910	30301848	Deletion	62
3R	30301952	30301848	Deletion	104
3R	30308923	30308800	Deletion	123
3R	30308923	30308826	Deletion	97
3R	30311062	30311032	Deletion	30
3R	30312602	30312482	Deletion	120
3R	30312602	30312483	Deletion	119
3R	30312602	30312565	Deletion	37
3R	30319041	30318992	Deletion	49
3R	30323919	30323836	Deletion	83
3R	30326761	30326671	Deletion	90
3R	30347474	30347358	Deletion	116
3R	30347474	30347362	Deletion	112
3R	30347474	30347422	Deletion	52
3R	30347599	30347524	Deletion	75
3R	30347637	30347524	Deletion	113
3R	30347627	30347524	Deletion	103
3R	30357939	30357851	Deletion	88
3R	30375364	30375326	Deletion	38
3R	30375426	30375326	Deletion	100
3R	30376198	30376091	Deletion	107
3R	30378487	30378422	Deletion	65
3R	30385155	30385076	Deletion	79
3R	30385155	30385118	Deletion	37
3R	30385155	30385121	Deletion	34
3R	30391619	30391527	Deletion	92
3R	30391637	30391527	Deletion	110
3R	30391574	30391527	Deletion	47
3R	30391616	30391527	Deletion	89
3R	30400214	30400093	Deletion	121
3R	30400124	30400093	Deletion	31
3R	30400123	30400093	Deletion	30
3R	30400145	30400093	Deletion	52
3R	30400175	30400093	Deletion	82
3R	30400216	30400093	Deletion	123
3R	30400153	30400093	Deletion	60
3R	30401071	30400975	Deletion	96
3R	30402830	30402717	Deletion	113
3R	30403365	30403252	Deletion	113
3R	30403365	30403261	Deletion	104
3R	30404085	30403980	Deletion	105
3R	30407418	30407290	Deletion	128
3R	30412751	30412645	Deletion	106
3R	30412751	30412668	Deletion	83
3R	30412751	30412693	Deletion	58
3R	30415914	30415870	Deletion	44
3R	30415987	30415870	Deletion	117
3R	30415939	30415870	Deletion	69
3R	30415982	30415870	Deletion	112
3R	30418506	30418386	Deletion	120
3R	30418506	30418398	Deletion	108
3R	30418506	30418416	Deletion	90
3R	30418506	30418462	Deletion	44
3R	30418506	30418469	Deletion	37
3R	30418506	30418470	Deletion	36
3R	30418506	30418474	Deletion	32
3R	30420850	30420756	Deletion	94
3R	30420863	30420756	Deletion	107
3R	30420792	30420756	Deletion	36
3R	30420846	30420756	Deletion	90
3R	30420845	30420756	Deletion	89
3R	30420838	30420756	Deletion	82
3R	30420861	30420756	Deletion	105
3R	30421568	30421455	Deletion	113
3R	30421568	30421457	Deletion	111
3R	30421568	30421466	Deletion	102
3R	30421568	30421470	Deletion	98
3R	30421568	30421476	Deletion	92
3R	30421568	30421485	Deletion	83
3R	30421568	30421495	Deletion	73
3R	30421568	30421518	Deletion	50
3R	30421568	30421526	Deletion	42
3R	30421697	30421621	Deletion	76
3R	30421705	30421621	Deletion	84
3R	30421674	30421621	Deletion	53
3R	30421664	30421621	Deletion	43
3R	30421655	30421621	Deletion	34
3R	30428334	30428213	Deletion	121
3R	30441569	30441454	Deletion	115
3R	30441569	30441462	Deletion	107
3R	30441569	30441481	Deletion	88
3R	30441569	30441530	Deletion	39
3R	30442644	30442555	Deletion	89
3R	30442595	30442555	Deletion	40
3R	30454301	30454212	Deletion	89
3R	30454301	30454226	Deletion	75
3R	30454301	30454260	Deletion	41
3R	30454459	30454356	Deletion	103
3R	30454466	30454356	Deletion	110
3R	30454441	30454356	Deletion	85
3R	30454393	30454356	Deletion	37
3R	30454407	30454356	Deletion	51
3R	30461234	30461130	Deletion	104
3R	30461234	30461148	Deletion	86
3R	30461234	30461163	Deletion	71
3R	30461234	30461163	Deletion	71
3R	30461234	30461164	Deletion	70
3R	30471746	30471690	Deletion	56
3R	30471745	30471690	Deletion	55
3R	30471745	30471690	Deletion	55
3R	30471730	30471690	Deletion	40
3R	30471801	30471690	Deletion	111
3R	30473618	30473556	Deletion	62
3R	30473620	30473566	Deletion	54
3R	30473620	30473590	Deletion	30
3R	30480208	30480136	Deletion	72
3R	30480245	30480136	Deletion	109
3R	30480198	30480136	Deletion	62
3R	30480232	30480136	Deletion	96
3R	30480833	30480723	Deletion	110
3R	30482182	30482094	Deletion	88
3R	30496212	30496146	Deletion	66
3R	30496212	30496164	Deletion	48
3R	30499253	30499175	Deletion	78
3R	30499292	30499175	Deletion	117
3R	30499297	30499175	Deletion	122
3R	30499235	30499175	Deletion	60
3R	30510516	30510397	Deletion	119
3R	30522030	30521912	Deletion	118
3R	30522030	30521913	Deletion	117
3R	30522030	30521915	Deletion	115
3R	30522030	30521953	Deletion	77
3R	30522030	30521969	Deletion	61
3R	30543668	30543618	Deletion	50
3R	30543684	30543618	Deletion	66
3R	30543737	30543618	Deletion	119
3R	30549798	30549683	Deletion	115
3R	30549798	30549717	Deletion	81
3R	30549798	30549751	Deletion	47
3R	30549798	30549768	Deletion	30
3R	30550628	30550530	Deletion	98
3R	30550577	30550530	Deletion	47
3R	30550611	30550530	Deletion	81
3R	30586091	30585967	Deletion	124
3R	30586091	30585988	Deletion	103
3R	30586091	30585992	Deletion	99
3R	30586091	30586015	Deletion	76
3R	30586091	30586021	Deletion	70
3R	30586091	30586044	Deletion	47
3R	30593607	30593488	Deletion	119
3R	30593538	30593488	Deletion	50
3R	30593567	30593488	Deletion	79
3R	30593588	30593488	Deletion	100
3R	30593544	30593488	Deletion	56
3R	30593595	30593488	Deletion	107
3R	30603746	30603622	Deletion	124
3R	30603746	30603636	Deletion	110
3R	30603746	30603647	Deletion	99
3R	30603746	30603657	Deletion	89
3R	30603746	30603680	Deletion	66
3R	30603746	30603698	Deletion	48
3R	30603995	30603873	Deletion	122
3R	30603951	30603873	Deletion	78
3R	30603972	30603873	Deletion	99
3R	30603933	30603873	Deletion	60
3R	30603910	30603873	Deletion	37
3R	30607830	30607742	Deletion	88
3R	30607830	30607744	Deletion	86
3R	30607830	30607745	Deletion	85
3R	30607830	30607775	Deletion	55
3R	30607830	30607776	Deletion	54
3R	30607830	30607793	Deletion	37
3R	30607830	30607793	Deletion	37
3R	30608240	30608199	Deletion	41
3R	30608288	30608199	Deletion	89
3R	30608301	30608199	Deletion	102
3R	30608312	30608199	Deletion	113
3R	30608301	30608199	Deletion	102
3R	30608270	30608199	Deletion	71
3R	30608288	30608199	Deletion	89
3R	30608237	30608199	Deletion	38
3R	30608310	30608199	Deletion	111
3R	30608271	30608199	Deletion	72
3R	30608239	30608199	Deletion	40
3R	30619958	30619849	Deletion	109
3R	30619958	30619883	Deletion	75
3R	30619958	30619885	Deletion	73
3R	30619958	30619917	Deletion	41
3R	30631209	30631124	Deletion	85
3R	30631177	30631124	Deletion	53
3R	30631175	30631124	Deletion	51
3R	30631231	30631124	Deletion	107
3R	30631249	30631127	Deletion	122
3R	30635018	30634920	Deletion	98
3R	30635018	30634951	Deletion	67
3R	30635018	30634978	Deletion	40
3R	30637162	30637103	Deletion	59
3R	30637189	30637103	Deletion	86
3R	30640012	30639907	Deletion	105
3R	30640012	30639921	Deletion	91
3R	30640012	30639948	Deletion	64
3R	30640012	30639948	Deletion	64
3R	30640012	30639968	Deletion	44
3R	30641329	30641223	Deletion	106
3R	30641258	30641223	Deletion	35
3R	30641285	30641223	Deletion	62
3R	30641305	30641223	Deletion	82
3R	30641285	30641223	Deletion	62
3R	30641332	30641223	Deletion	109
3R	30641341	30641223	Deletion	118
3R	30642420	30642298	Deletion	122
3R	30642420	30642318	Deletion	102
3R	30642420	30642344	Deletion	76
3R	30642420	30642346	Deletion	74
3R	30642420	30642346	Deletion	74
3R	30649464	30649412	Deletion	52
3R	30649464	30649412	Deletion	52
3R	30649462	30649412	Deletion	50
3R	30660234	30660122	Deletion	112
3R	30660234	30660162	Deletion	72
3R	30660234	30660185	Deletion	49
3R	30660234	30660186	Deletion	48
3R	30660234	30660204	Deletion	30
3R	30660556	30660432	Deletion	124
3R	30660528	30660432	Deletion	96
3R	30660510	30660432	Deletion	78
3R	30660509	30660432	Deletion	77
3R	30660486	30660432	Deletion	54
3R	30664792	30664681	Deletion	111
3R	30664792	30664691	Deletion	101
3R	30664792	30664701	Deletion	91
3R	30664792	30664711	Deletion	81
3R	30666490	30666373	Deletion	117
3R	30666418	30666373	Deletion	45
3R	30666408	30666373	Deletion	35
3R	30682607	30682522	Deletion	85
3R	30683703	30683653	Deletion	50
3R	30683806	30683771	Deletion	35
3R	30685835	30685805	Deletion	30
3R	30692384	30692264	Deletion	120
3R	30692384	30692285	Deletion	99
3R	30692384	30692345	Deletion	39
3R	30693658	30693571	Deletion	87
3R	30693675	30693571	Deletion	104
3R	30695430	30695311	Deletion	119
3R	30695430	30695331	Deletion	99
3R	30695430	30695361	Deletion	69
3R	30695430	30695371	Deletion	59
3R	30696106	30695983	Deletion	123
3R	30696050	30695983	Deletion	67
3R	30696040	30695983	Deletion	57
3R	30702214	30702096	Deletion	118
3R	30702214	30702104	Deletion	110
3R	30702214	30702112	Deletion	102
3R	30702214	30702159	Deletion	55
3R	30702214	30702178	Deletion	36
3R	30702340	30702269	Deletion	71
3R	30702359	30702273	Deletion	86
3R	30767330	30767265	Deletion	65
3R	30767330	30767268	Deletion	62
3R	30767330	30767273	Deletion	57
3R	30771179	30771115	Deletion	64
3R	30771176	30771115	Deletion	61
3R	30771184	30771115	Deletion	69
3R	30781037	30780913	Deletion	124
3R	30807679	30807558	Deletion	121
3R	30809706	30809584	Deletion	122
3R	30809706	30809588	Deletion	118
3R	30809706	30809651	Deletion	55
3R	30809706	30809653	Deletion	53
3R	30814022	30813948	Deletion	74
3R	30814020	30813948	Deletion	72
3R	30814065	30813948	Deletion	117
3R	30820234	30820112	Deletion	122
3R	30823404	30823282	Deletion	122
3R	30826102	30825983	Deletion	119
3R	30826102	30826006	Deletion	96
3R	30826100	30826008	Deletion	92
3R	30826102	30826018	Deletion	84
3R	30826102	30826047	Deletion	55
3R	30826102	30826055	Deletion	47
3R	30826102	30826069	Deletion	33
3R	30826309	30826279	Deletion	30
3R	30826403	30826279	Deletion	124
3R	30826321	30826279	Deletion	42
3R	30826372	30826279	Deletion	93
3R	30826311	30826279	Deletion	32
3R	30826350	30826279	Deletion	71
3R	30826358	30826279	Deletion	79
3R	30833559	30833436	Deletion	123
3R	30833559	30833457	Deletion	102
3R	30833559	30833508	Deletion	51
3R	30834138	30834061	Deletion	77
3R	30836374	30836253	Deletion	121
3R	30842664	30842543	Deletion	121
3R	30855552	30855478	Deletion	74
3R	30855552	30855494	Deletion	58
3R	30855678	30855626	Deletion	52
3R	30855731	30855626	Deletion	105
3R	30855694	30855626	Deletion	68
3R	30856034	30855913	Deletion	121
3R	30856034	30855920	Deletion	114
3R	30856034	30855956	Deletion	78
3R	30856034	30855966	Deletion	68
3R	30856034	30855976	Deletion	58
3R	30856189	30856141	Deletion	48
3R	30856199	30856141	Deletion	58
3R	30856239	30856141	Deletion	98
3R	30856209	30856141	Deletion	68
3R	30867841	30867719	Deletion	122
3R	30885552	30885429	Deletion	123
3R	30886759	30886646	Deletion	113
3R	30886759	30886677	Deletion	82
3R	30886759	30886688	Deletion	71
3R	30886759	30886700	Deletion	59
3R	30886759	30886707	Deletion	52
3R	30886759	30886714	Deletion	45
3R	30887496	30887415	Deletion	81
3R	30887522	30887415	Deletion	107
3R	30887470	30887415	Deletion	55
3R	30887482	30887415	Deletion	67
3R	30887489	30887415	Deletion	74
3R	30887459	30887415	Deletion	44
3R	30900141	30900017	Deletion	124
3R	30909155	30909031	Deletion	124
3R	30909419	30909312	Deletion	107
3R	30909419	30909331	Deletion	88
3R	30909419	30909335	Deletion	84
3R	30909419	30909349	Deletion	70
3R	30909419	30909370	Deletion	49
3R	30909419	30909382	Deletion	37
3R	30916923	30916834	Deletion	89
3R	30916876	30916834	Deletion	42
3R	30916911	30916834	Deletion	77
3R	30916890	30916834	Deletion	56
3R	30916872	30916834	Deletion	38
3R	30932128	30932011	Deletion	117
3R	30936937	30936840	Deletion	97
3R	30936937	30936898	Deletion	39
3R	30936937	30936907	Deletion	30
3R	30937117	30937021	Deletion	96
3R	30937121	30937021	Deletion	100
3R	30937108	30937021	Deletion	87
3R	30958001	30957878	Deletion	123
3R	30980378	30980264	Deletion	114
3R	30980378	30980274	Deletion	104
3R	30980378	30980292	Deletion	86
3R	30980378	30980295	Deletion	83
3R	30980500	30980457	Deletion	43
3R	30980497	30980457	Deletion	40
3R	30984662	30984538	Deletion	124
3R	30984662	30984556	Deletion	106
3R	30984662	30984563	Deletion	99
3R	30984662	30984578	Deletion	84
3R	30984662	30984607	Deletion	55
3R	30984662	30984622	Deletion	40
3R	30984662	30984626	Deletion	36
3R	30984662	30984628	Deletion	34
3R	30985046	30984954	Deletion	92
3R	30985040	30984954	Deletion	86
3R	30985044	30984954	Deletion	90
3R	30985025	30984954	Deletion	71
3R	30984996	30984954	Deletion	42
3R	30989410	30989306	Deletion	104
3R	30989410	30989339	Deletion	71
3R	30989410	30989378	Deletion	32
3R	30989410	30989380	Deletion	30
3R	31002474	31002367	Deletion	107
3R	31002422	31002367	Deletion	55
3R	31002463	31002367	Deletion	96
3R	31002470	31002367	Deletion	103
3R	31002461	31002367	Deletion	94
3R	31019762	31019658	Deletion	104
3R	31019762	31019667	Deletion	95
3R	31019762	31019687	Deletion	75
3R	31019762	31019688	Deletion	74
3R	31019762	31019704	Deletion	58
3R	31022702	31022592	Deletion	110
3R	31022624	31022592	Deletion	32
3R	31022645	31022592	Deletion	53
3R	31022644	31022592	Deletion	52
3R	31022661	31022592	Deletion	69
3R	31022709	31022592	Deletion	117
3R	31063463	31063361	Deletion	102
3R	31063463	31063366	Deletion	97
3R	31063463	31063409	Deletion	54
3R	31063463	31063425	Deletion	38
3R	31065097	31065007	Deletion	90
3R	31065038	31065007	Deletion	31
3R	31065111	31065007	Deletion	104
3R	31065081	31065007	Deletion	74
3R	31074338	31074290	Deletion	48
3R	31074962	31074877	Deletion	85
3R	31074962	31074912	Deletion	50
3R	31079703	31079630	Deletion	73
3R	31079780	31079744	Deletion	36
3R	31079796	31079744	Deletion	52
3R	31080126	31080050	Deletion	76
3R	31081341	31081255	Deletion	86
3R	31081341	31081260	Deletion	81
3R	31081341	31081302	Deletion	39
3R	31081475	31081361	Deletion	114
3R	31081475	31081396	Deletion	79
3R	31081895	31081817	Deletion	78
3R	31081859	31081817	Deletion	42
3R	31081864	31081817	Deletion	47
3R	31101368	31101286	Deletion	82
3R	31101368	31101288	Deletion	80
3R	31101368	31101318	Deletion	50
3R	31101368	31101321	Deletion	47
3R	31101368	31101325	Deletion	43
3R	31102585	31102539	Deletion	46
3R	31102624	31102539	Deletion	85
3R	31102648	31102539	Deletion	109
3R	31102587	31102539	Deletion	48
3R	31102617	31102539	Deletion	78
3R	31102620	31102539	Deletion	81
3R	31107391	31107270	Deletion	121
3R	31107391	31107307	Deletion	84
3R	31107391	31107315	Deletion	76
3R	31107391	31107332	Deletion	59
3R	31107391	31107344	Deletion	47
3R	31107391	31107344	Deletion	47
3R	31107391	31107356	Deletion	35
3R	31109334	31109265	Deletion	69
3R	31109309	31109265	Deletion	44
3R	31109358	31109265	Deletion	93
3R	31109346	31109265	Deletion	81
3R	31109346	31109265	Deletion	81
3R	31109317	31109265	Deletion	52
3R	31120461	31120341	Deletion	120
3R	31120461	31120351	Deletion	110
3R	31120461	31120360	Deletion	101
3R	31120461	31120369	Deletion	92
3R	31120461	31120393	Deletion	68
3R	31122212	31122178	Deletion	34
3R	31122278	31122178	Deletion	100
3R	31122236	31122178	Deletion	58
3R	31125447	31125326	Deletion	121
3R	31125447	31125344	Deletion	103
3R	31125447	31125364	Deletion	83
3R	31125447	31125400	Deletion	47
3R	31134448	31134368	Deletion	80
3R	31134412	31134368	Deletion	44
3R	31151851	31151761	Deletion	90
3R	31151851	31151767	Deletion	84
3R	31151851	31151776	Deletion	75
3R	31151851	31151787	Deletion	64
3R	31151851	31151803	Deletion	48
3R	31152089	31152035	Deletion	54
3R	31152080	31152035	Deletion	45
3R	31152116	31152035	Deletion	81
3R	31152074	31152035	Deletion	39
3R	31152100	31152035	Deletion	65
3R	31157098	31156976	Deletion	122
3R	31157098	31156979	Deletion	119
3R	31157098	31156982	Deletion	116
3R	31157098	31157021	Deletion	77
3R	31157098	31157031	Deletion	67
3R	31157098	31157046	Deletion	52
3R	31157098	31157058	Deletion	40
3R	31157098	31157063	Deletion	35
3R	31157287	31157189	Deletion	98
3R	31157238	31157189	Deletion	49
3R	31157275	31157189	Deletion	86
3R	31157280	31157189	Deletion	91
3R	31157248	31157189	Deletion	59
3R	31157263	31157189	Deletion	74
3R	31172945	31172836	Deletion	109
3R	31172945	31172836	Deletion	109
3R	31172945	31172855	Deletion	90
3R	31172945	31172898	Deletion	47
3R	31188024	31187919	Deletion	105
3R	31188001	31187919	Deletion	82
3R	31187958	31187919	Deletion	39
3R	31204429	31204315	Deletion	114
3R	31204429	31204333	Deletion	96
3R	31204429	31204396	Deletion	33
3R	31207003	31206886	Deletion	117
3R	31207005	31206886	Deletion	119
3R	31206920	31206886	Deletion	34
3R	31206984	31206886	Deletion	98
3R	31207003	31206886	Deletion	117
3R	31216959	31216846	Deletion	113
3R	31216959	31216873	Deletion	86
3R	31216959	31216880	Deletion	79
3R	31216959	31216897	Deletion	62
3R	31216959	31216903	Deletion	56
3R	31216959	31216909	Deletion	50
3R	31216959	31216913	Deletion	46
3R	31217156	31217091	Deletion	65
3R	31217162	31217091	Deletion	71
3R	31217168	31217091	Deletion	77
3R	31217172	31217091	Deletion	81
3R	31217132	31217091	Deletion	41
3R	31217139	31217091	Deletion	48
3R	31217169	31217095	Deletion	74
3R	31229933	31229810	Deletion	123
3R	31229933	31229817	Deletion	116
3R	31229933	31229827	Deletion	106
3R	31229933	31229861	Deletion	72
3R	31229933	31229897	Deletion	36
3R	31229933	31229902	Deletion	31
3R	31230178	31230082	Deletion	96
3R	31230137	31230082	Deletion	55
3R	31230173	31230082	Deletion	91
3R	31246907	31246840	Deletion	67
3R	31246907	31246858	Deletion	49
3R	31246907	31246858	Deletion	49
3R	31247478	31247401	Deletion	77
3R	31247460	31247401	Deletion	59
3R	31247524	31247401	Deletion	123
3R	31247478	31247404	Deletion	74
3R	31255044	31254927	Deletion	117
3R	31255044	31254982	Deletion	62
3R	31255044	31254991	Deletion	53
3R	31255613	31255540	Deletion	73
3R	31255652	31255540	Deletion	112
3R	31255604	31255540	Deletion	64
3R	31256104	31256015	Deletion	89
3R	31256101	31256055	Deletion	46
3R	31256104	31256064	Deletion	40
3R	31256290	31256167	Deletion	123
3R	31256280	31256167	Deletion	113
3R	31256204	31256167	Deletion	37
3R	31256279	31256167	Deletion	112
3R	31256253	31256167	Deletion	86
3R	31256244	31256167	Deletion	77
3R	31256541	31256422	Deletion	119
3R	31256541	31256432	Deletion	109
3R	31256541	31256446	Deletion	95
3R	31256541	31256465	Deletion	76
3R	31256541	31256500	Deletion	41
3R	31261525	31261493	Deletion	32
3R	31261579	31261493	Deletion	86
3R	31261544	31261493	Deletion	51
3R	31262018	31261925	Deletion	93
3R	31262018	31261943	Deletion	75
3R	31262018	31261946	Deletion	72
3R	31262018	31261954	Deletion	64
3R	31268172	31268064	Deletion	108
3R	31268097	31268064	Deletion	33
3R	31268165	31268064	Deletion	101
3R	31268118	31268064	Deletion	54
3R	31268126	31268064	Deletion	62
3R	31268170	31268064	Deletion	106
3R	31268115	31268064	Deletion	51
3R	31276605	31276486	Deletion	119
3R	31276605	31276503	Deletion	102
3R	31276605	31276503	Deletion	102
3R	31276605	31276504	Deletion	101
3R	31276605	31276516	Deletion	89
3R	31276605	31276543	Deletion	62
3R	31276605	31276552	Deletion	53
3R	31276605	31276560	Deletion	45
3R	31279911	31279790	Deletion	121
3R	31279911	31279820	Deletion	91
3R	31280139	31280046	Deletion	93
3R	31280419	31280386	Deletion	33
3R	31282310	31282250	Deletion	60
3R	31283348	31283253	Deletion	95
3R	31287227	31287115	Deletion	112
3R	31287152	31287115	Deletion	37
3R	31287228	31287115	Deletion	113
3R	31287196	31287115	Deletion	81
3R	31287218	31287115	Deletion	103
3R	31287179	31287115	Deletion	64
3R	31287188	31287115	Deletion	73
3R	31297066	31296945	Deletion	121
3R	31297838	31297716	Deletion	122
3R	31303387	31303275	Deletion	112
3R	31303387	31303323	Deletion	64
3R	31303387	31303327	Deletion	60
3R	31303387	31303332	Deletion	55
3R	31303387	31303339	Deletion	48
3R	31309343	31309272	Deletion	71
3R	31309338	31309272	Deletion	66
3R	31309350	31309272	Deletion	78
3R	31309334	31309272	Deletion	62
3R	31319203	31319097	Deletion	106
3R	31319203	31319123	Deletion	80
3R	31319203	31319148	Deletion	55
3R	31319203	31319170	Deletion	33
3R	31319203	31319171	Deletion	32
3R	31319408	31319315	Deletion	93
3R	31319386	31319315	Deletion	71
3R	31319409	31319315	Deletion	94
3R	31319361	31319315	Deletion	46
3R	31331270	31331174	Deletion	96
3R	31331292	31331219	Deletion	73
3R	31335600	31335494	Deletion	106
3R	31337339	31337260	Deletion	79
3R	31337331	31337260	Deletion	71
3R	31337362	31337260	Deletion	102
3R	31337340	31337260	Deletion	80
3R	31337324	31337260	Deletion	64
3R	31337337	31337260	Deletion	77
3R	31343689	31343565	Deletion	124
3R	31349627	31349519	Deletion	108
3R	31349627	31349526	Deletion	101
3R	31349627	31349527	Deletion	100
3R	31349627	31349543	Deletion	84
3R	31349627	31349565	Deletion	62
3R	31349627	31349584	Deletion	43
3R	31349627	31349595	Deletion	32
3R	31367512	31367418	Deletion	94
3R	31367482	31367418	Deletion	64
3R	31367460	31367418	Deletion	42
3R	31367537	31367418	Deletion	119
3R	31367501	31367418	Deletion	83
3R	31373935	31373819	Deletion	116
3R	31373935	31373849	Deletion	86
3R	31373935	31373853	Deletion	82
3R	31373935	31373858	Deletion	77
3R	31373935	31373876	Deletion	59
3R	31373930	31373880	Deletion	50
3R	31396333	31396261	Deletion	72
3R	31396328	31396261	Deletion	67
3R	31396310	31396261	Deletion	49
3R	31396370	31396261	Deletion	109
3R	31396301	31396261	Deletion	40
3R	31396305	31396261	Deletion	44
3R	31403505	31403390	Deletion	115
3R	31403505	31403406	Deletion	99
3R	31403505	31403429	Deletion	76
3R	31403505	31403432	Deletion	73
3R	31403505	31403449	Deletion	56
3R	31404359	31404258	Deletion	101
3R	31404309	31404258	Deletion	51
3R	31404329	31404258	Deletion	71
3R	31404358	31404258	Deletion	100
3R	31404312	31404258	Deletion	54
3R	31404551	31404427	Deletion	124
3R	31404551	31404449	Deletion	102
3R	31404551	31404496	Deletion	55
3R	31404551	31404512	Deletion	39
3R	31404551	31404514	Deletion	37
3R	31404551	31404518	Deletion	33
3R	31405197	31405086	Deletion	111
3R	31405176	31405086	Deletion	90
3R	31405158	31405086	Deletion	72
3R	31405174	31405086	Deletion	88
3R	31405180	31405086	Deletion	94
3R	31412934	31412812	Deletion	122
3R	31412934	31412817	Deletion	117
3R	31412934	31412830	Deletion	104
3R	31412934	31412839	Deletion	95
3R	31412934	31412853	Deletion	81
3R	31412934	31412856	Deletion	78
3R	31412934	31412863	Deletion	71
3R	31412934	31412898	Deletion	36
3R	31413414	31413315	Deletion	99
3R	31413424	31413315	Deletion	109
3R	31413943	31413849	Deletion	94
3R	31416963	31416921	Deletion	42
3R	31422341	31422245	Deletion	96
3R	31422341	31422254	Deletion	87
3R	31422341	31422256	Deletion	85
3R	31422341	31422266	Deletion	75
3R	31422341	31422278	Deletion	63
3R	31422341	31422286	Deletion	55
3R	31422341	31422311	Deletion	30
3R	31422341	31422311	Deletion	30
3R	31422778	31422727	Deletion	51
3R	31422757	31422727	Deletion	30
3R	31422823	31422727	Deletion	96
3R	31422768	31422727	Deletion	41
3R	31422798	31422727	Deletion	71
3R	31422840	31422727	Deletion	113
3R	31422790	31422727	Deletion	63
3R	31422823	31422727	Deletion	96
3R	31422766	31422727	Deletion	39
3R	31439680	31439575	Deletion	105
3R	31439675	31439604	Deletion	71
3R	31439680	31439616	Deletion	64
3R	31439680	31439644	Deletion	36
3R	31442731	31442669	Deletion	62
3R	31442719	31442669	Deletion	50
3R	31442759	31442669	Deletion	90
3R	31445135	31445015	Deletion	120
3R	31445135	31445017	Deletion	118
3R	31445135	31445027	Deletion	108
3R	31445135	31445041	Deletion	94
3R	31445135	31445044	Deletion	91
3R	31445135	31445065	Deletion	70
3R	31445135	31445081	Deletion	54
3R	31445135	31445084	Deletion	51
3R	31446179	31446144	Deletion	35
3R	31446267	31446144	Deletion	123
3R	31446176	31446144	Deletion	32
3R	31446260	31446144	Deletion	116
3R	31446200	31446144	Deletion	56
3R	31446219	31446144	Deletion	75
3R	31446216	31446144	Deletion	72
3R	31446799	31446751	Deletion	48
3R	31446799	31446760	Deletion	39
3R	31449443	31449356	Deletion	87
3R	31449461	31449356	Deletion	105
3R	31449434	31449356	Deletion	78
3R	31450926	31450818	Deletion	108
3R	31450926	31450867	Deletion	59
3R	31450926	31450870	Deletion	56
3R	31451146	31451075	Deletion	71
3R	31451143	31451075	Deletion	68
3R	31451643	31451545	Deletion	98
3R	31451643	31451589	Deletion	54
3R	31451643	31451602	Deletion	41
3R	31451643	31451605	Deletion	38
3R	31451643	31451610	Deletion	33
3R	31454933	31454848	Deletion	85
3R	31454936	31454848	Deletion	88
3R	31454920	31454848	Deletion	72
3R	31454972	31454848	Deletion	124
3R	31454941	31454848	Deletion	93
3R	31456246	31456163	Deletion	83
3R	31456246	31456170	Deletion	76
3R	31456246	31456172	Deletion	74
3R	31456246	31456190	Deletion	56
3R	31456246	31456206	Deletion	40
3R	31496307	31496255	Deletion	52
3R	31496341	31496255	Deletion	86
3R	31496305	31496255	Deletion	50
3R	31496298	31496255	Deletion	43
3R	31496325	31496255	Deletion	70
3R	31538116	31537992	Deletion	124
3R	31538116	31537993	Deletion	123
3R	31538116	31538015	Deletion	101
3R	31538116	31538019	Deletion	97
3R	31538116	31538056	Deletion	60
3R	31538116	31538082	Deletion	34
3R	31538884	31538792	Deletion	92
3R	31538858	31538792	Deletion	66
3R	31539046	31538924	Deletion	122
3R	31539576	31539461	Deletion	115
3R	31539576	31539464	Deletion	112
3R	31539576	31539466	Deletion	110
3R	31539576	31539478	Deletion	98
3R	31539576	31539492	Deletion	84
3R	31539576	31539493	Deletion	83
3R	31539576	31539513	Deletion	63
3R	31539576	31539535	Deletion	41
3R	31540167	31540082	Deletion	85
3R	31540124	31540082	Deletion	42
3R	31540145	31540082	Deletion	63
3R	31540125	31540082	Deletion	43
3R	31540977	31540854	Deletion	123
3R	31545346	31545232	Deletion	114
3R	31545346	31545238	Deletion	108
3R	31545346	31545243	Deletion	103
3R	31545346	31545254	Deletion	92
3R	31545346	31545260	Deletion	86
3R	31545346	31545267	Deletion	79
3R	31545346	31545272	Deletion	74
3R	31545346	31545284	Deletion	62
3R	31545346	31545289	Deletion	57
3R	31557759	31557693	Deletion	66
3R	31557735	31557693	Deletion	42
3R	31557742	31557693	Deletion	49
3R	31557729	31557693	Deletion	36
3R	31557764	31557693	Deletion	71
3R	31557747	31557693	Deletion	54
3R	31576898	31576774	Deletion	124
3R	31576898	31576804	Deletion	94
3R	31576898	31576822	Deletion	76
3R	31576898	31576840	Deletion	58
3R	31576898	31576853	Deletion	45
3R	31576898	31576857	Deletion	41
3R	31591900	31591868	Deletion	32
3R	31591936	31591868	Deletion	68
3R	31591949	31591868	Deletion	81
3R	31591918	31591868	Deletion	50
3R	31591953	31591868	Deletion	85
3R	31591964	31591868	Deletion	96
3R	31609834	31609716	Deletion	118
3R	31609834	31609717	Deletion	117
3R	31609834	31609727	Deletion	107
3R	31609834	31609731	Deletion	103
3R	31609834	31609773	Deletion	61
3R	31609834	31609779	Deletion	55
3R	31610001	31609930	Deletion	71
3R	31609995	31609930	Deletion	65
3R	31612426	31612308	Deletion	118
3R	31612426	31612361	Deletion	65
3R	31612426	31612375	Deletion	51
3R	31612426	31612380	Deletion	46
3R	31612426	31612394	Deletion	32
3R	31612757	31612676	Deletion	81
3R	31612738	31612676	Deletion	62
3R	31612790	31612676	Deletion	114
3R	31612798	31612676	Deletion	122
3R	31612780	31612676	Deletion	104
3R	31612771	31612676	Deletion	95
3R	31612752	31612676	Deletion	76
3R	31615723	31615600	Deletion	123
3R	31615723	31615624	Deletion	99
3R	31615723	31615663	Deletion	60
3R	31616551	31616450	Deletion	101
3R	31616558	31616450	Deletion	108
3R	31616516	31616450	Deletion	66
3R	31616549	31616450	Deletion	99
3R	31617822	31617701	Deletion	121
3R	31619516	31619394	Deletion	122
3R	31640993	31640875	Deletion	118
3R	31640993	31640876	Deletion	117
3R	31640993	31640891	Deletion	102
3R	31640993	31640912	Deletion	81
3R	31640993	31640912	Deletion	81
3R	31640993	31640935	Deletion	58
3R	31641220	31641151	Deletion	69
3R	31641197	31641151	Deletion	46
3R	31641197	31641156	Deletion	41
3R	31643504	31643381	Deletion	123
3R	31647394	31647276	Deletion	118
3R	31647394	31647356	Deletion	38
3R	31647837	31647748	Deletion	89
3R	31654725	31654647	Deletion	78
3R	31654725	31654670	Deletion	55
3R	31654725	31654685	Deletion	40
3R	31654725	31654692	Deletion	33
3R	31656349	31656262	Deletion	87
3R	31656311	31656262	Deletion	49
3R	31656356	31656262	Deletion	94
3R	31656334	31656262	Deletion	72
3R	31661537	31661433	Deletion	104
3R	31661537	31661440	Deletion	97
3R	31661537	31661441	Deletion	96
3R	31661537	31661483	Deletion	54
3R	31661537	31661491	Deletion	46
3R	31662827	31662797	Deletion	30
3R	31662896	31662797	Deletion	99
3R	31662878	31662797	Deletion	81
3R	31662870	31662797	Deletion	73
3R	31662828	31662797	Deletion	31
3R	31671069	31670954	Deletion	115
3R	31671069	31670971	Deletion	98
3R	31671069	31670995	Deletion	74
3R	31671069	31671002	Deletion	67
3R	31671307	31671195	Deletion	112
3R	31671225	31671195	Deletion	30
3R	31671304	31671195	Deletion	109
3R	31671256	31671195	Deletion	61
3R	31671249	31671195	Deletion	54
3R	31671551	31671438	Deletion	113
3R	31671551	31671454	Deletion	97
3R	31671551	31671461	Deletion	90
3R	31671551	31671461	Deletion	90
3R	31671551	31671463	Deletion	88
3R	31671551	31671475	Deletion	76
3R	31671551	31671477	Deletion	74
3R	31671551	31671483	Deletion	68
3R	31671551	31671486	Deletion	65
3R	31671551	31671492	Deletion	59
3R	31671551	31671498	Deletion	53
3R	31671551	31671504	Deletion	47
3R	31671662	31671612	Deletion	50
3R	31671670	31671612	Deletion	58
3R	31671650	31671612	Deletion	38
3R	31671691	31671612	Deletion	79
3R	31671716	31671612	Deletion	104
3R	31671648	31671612	Deletion	36
3R	31671664	31671612	Deletion	52
3R	31671679	31671612	Deletion	67
3R	31671685	31671612	Deletion	73
3R	31671648	31671612	Deletion	36
3R	31671734	31671612	Deletion	122
3R	31671715	31671612	Deletion	103
3R	31671673	31671612	Deletion	61
3R	31690525	31690419	Deletion	106
3R	31690525	31690469	Deletion	56
3R	31715113	31714996	Deletion	117
3R	31715113	31715005	Deletion	108
3R	31715113	31715019	Deletion	94
3R	31715113	31715024	Deletion	89
3R	31715113	31715040	Deletion	73
3R	31715113	31715050	Deletion	63
3R	31715113	31715075	Deletion	38
3R	31715322	31715269	Deletion	53
3R	31715301	31715269	Deletion	32
3R	31715306	31715269	Deletion	37
3R	31715357	31715269	Deletion	88
3R	31715332	31715269	Deletion	63
3R	31723782	31723668	Deletion	114
3R	31723782	31723726	Deletion	56
3R	31723782	31723747	Deletion	35
3R	31723782	31723748	Deletion	34
3R	31724994	31724903	Deletion	91
3R	31724973	31724903	Deletion	70
3R	31724995	31724903	Deletion	92
3R	31728822	31728701	Deletion	121
3R	31728822	31728718	Deletion	104
3R	31728822	31728724	Deletion	98
3R	31728822	31728727	Deletion	95
3R	31728822	31728787	Deletion	35
3R	31728965	31728874	Deletion	91
3R	31728973	31728874	Deletion	99
3R	31728998	31728874	Deletion	124
3R	31734951	31734850	Deletion	101
3R	31734951	31734900	Deletion	51
3R	31734951	31734918	Deletion	33
3R	31735187	31735094	Deletion	93
3R	31735215	31735094	Deletion	121
3R	31735169	31735094	Deletion	75
3R	31735767	31735649	Deletion	118
3R	31735767	31735661	Deletion	106
3R	31735767	31735715	Deletion	52
3R	31736249	31736175	Deletion	74
3R	31745354	31745267	Deletion	87
3R	31745354	31745277	Deletion	77
3R	31745354	31745323	Deletion	31
3R	31748827	31748788	Deletion	39
3R	31748837	31748788	Deletion	49
3R	31748883	31748788	Deletion	95
3R	31753345	31753228	Deletion	117
3R	31759586	31759475	Deletion	111
3R	31759586	31759500	Deletion	86
3R	31759586	31759512	Deletion	74
3R	31759586	31759537	Deletion	49
3R	31763851	31763799	Deletion	52
3R	31763839	31763799	Deletion	40
3R	31763876	31763799	Deletion	77
3R	31763909	31763799	Deletion	110
3R	31767316	31767192	Deletion	124
3R	31767316	31767232	Deletion	84
3R	31767316	31767274	Deletion	42
3R	31782659	31782617	Deletion	42
3R	31782724	31782617	Deletion	107
3R	31782701	31782617	Deletion	84
3R	31786132	31786053	Deletion	79
3R	31786132	31786083	Deletion	49
3R	31786132	31786085	Deletion	47
3R	31786230	31786183	Deletion	47
3R	31786262	31786183	Deletion	79
3R	31786260	31786183	Deletion	77
3R	31792707	31792600	Deletion	107
3R	31792707	31792635	Deletion	72
3R	31792707	31792636	Deletion	71
3R	31792707	31792640	Deletion	67
3R	31792707	31792670	Deletion	37
3R	31794504	31794413	Deletion	91
3R	31794474	31794413	Deletion	61
3R	31794469	31794413	Deletion	56
3R	31794513	31794413	Deletion	100
3R	31794470	31794413	Deletion	57
3R	31805502	31805379	Deletion	123
3R	31805501	31805380	Deletion	121
3R	31805502	31805408	Deletion	94
3R	31805502	31805412	Deletion	90
3R	31805502	31805429	Deletion	73
3R	31805502	31805451	Deletion	51
3R	31823802	31823682	Deletion	120
3R	31823719	31823682	Deletion	37
3R	31823715	31823682	Deletion	33
3R	31823736	31823682	Deletion	54
3R	31823758	31823682	Deletion	76
3R	31831837	31831727	Deletion	110
3R	31831837	31831785	Deletion	52
3R	31831837	31831802	Deletion	35
3R	31840922	31840848	Deletion	74
3R	31840939	31840848	Deletion	91
3R	31852781	31852659	Deletion	122
3R	31856452	31856330	Deletion	122
3R	31857768	31857659	Deletion	109
3R	31857768	31857690	Deletion	78
3R	31857768	31857695	Deletion	73
3R	31857768	31857700	Deletion	68
3R	31857768	31857720	Deletion	48
3R	31859828	31859773	Deletion	55
3R	31859833	31859773	Deletion	60
3R	31859823	31859773	Deletion	50
3R	31859853	31859773	Deletion	80
3R	31864448	31864331	Deletion	117
3R	31864448	31864342	Deletion	106
3R	31864448	31864396	Deletion	52
3R	31864448	31864397	Deletion	51
3R	31864448	31864416	Deletion	32
3R	31866844	31866768	Deletion	76
3R	31866885	31866768	Deletion	117
3R	31866863	31866768	Deletion	95
3R	31866843	31866768	Deletion	75
3R	31872536	31872413	Deletion	123
3R	31872536	31872423	Deletion	113
3R	31872536	31872480	Deletion	56
3R	31872536	31872484	Deletion	52
3R	31881488	31881414	Deletion	74
3R	31881515	31881414	Deletion	101
3R	31881484	31881414	Deletion	70
3R	31889176	31889112	Deletion	64
3R	31889550	31889518	Deletion	32
3R	31891812	31891745	Deletion	67
3R	31895404	31895361	Deletion	43
3R	31895738	31895621	Deletion	117
3R	31897245	31897181	Deletion	64
3R	31897241	31897181	Deletion	60
3R	31897238	31897181	Deletion	57
3R	31909543	31909448	Deletion	95
3R	31909543	31909469	Deletion	74
3R	31909543	31909482	Deletion	61
3R	31909543	31909483	Deletion	60
3R	31909543	31909495	Deletion	48
3R	31909543	31909496	Deletion	47
3R	31909543	31909508	Deletion	35
3R	31912479	31912399	Deletion	80
3R	31912465	31912399	Deletion	66
3R	31912452	31912399	Deletion	53
3R	31912431	31912399	Deletion	32
3R	31912478	31912399	Deletion	79
3R	31912466	31912399	Deletion	67
3R	31912491	31912399	Deletion	92
3R	31912516	31912403	Deletion	113
3R	31914402	31914279	Deletion	123
3R	31918001	31917880	Deletion	121
3R	31918001	31917883	Deletion	118
3R	31918001	31917939	Deletion	62
3R	31918001	31917941	Deletion	60
3R	31918001	31917947	Deletion	54
3R	31918001	31917969	Deletion	32
3R	31918001	31917970	Deletion	31
3R	31939979	31939862	Deletion	117
3R	31939957	31939862	Deletion	95
3R	31939928	31939862	Deletion	66
3R	31939926	31939862	Deletion	64
3R	31939956	31939862	Deletion	94
3R	31939934	31939862	Deletion	72
3R	31978713	31978594	Deletion	119
3R	31978713	31978596	Deletion	117
3R	31978708	31978607	Deletion	101
3R	31978713	31978640	Deletion	73
3R	31978713	31978670	Deletion	43
3R	31978713	31978680	Deletion	33
3R	31978861	31978777	Deletion	84
3R	31978831	31978777	Deletion	54
3R	31978871	31978777	Deletion	94
3R	32000780	32000705	Deletion	75
3R	32000844	32000731	Deletion	113
3R	32001106	32000996	Deletion	110
3R	32002573	32002528	Deletion	45
3R	32002845	32002739	Deletion	106
3R	32003199	32003140	Deletion	59
3R	32004119	32004048	Deletion	71
3R	32013050	32012978	Deletion	72
3R	32013072	32012978	Deletion	94
3R	32013021	32012978	Deletion	43
3R	32013077	32012978	Deletion	99
3R	32013067	32012978	Deletion	89
3R	32016822	32016731	Deletion	91
3R	32016825	32016773	Deletion	52
3R	32016825	32016776	Deletion	49
3R	32016991	32016880	Deletion	111
3R	32016912	32016880	Deletion	32
3R	32016954	32016880	Deletion	74
3R	32017002	32016880	Deletion	122
3R	32016957	32016880	Deletion	77
3R	32036507	32036386	Deletion	121
3R	32064601	32064488	Deletion	113
3R	32064601	32064519	Deletion	82
3R	32064601	32064530	Deletion	71
3R	32064601	32064538	Deletion	63
3R	32064601	32064556	Deletion	45
3R	32064601	32064562	Deletion	39
3R	32066772	32066690	Deletion	82
3R	32066735	32066690	Deletion	45
3R	32066754	32066690	Deletion	64
3R	32066746	32066690	Deletion	56
3R	32066809	32066690	Deletion	119
3R	32066778	32066690	Deletion	88
3R	32066811	32066693	Deletion	118
3R	32071267	32071148	Deletion	119
4	6031	5910	Deletion	121
4	7582	7519	Deletion	63
4	7582	7526	Deletion	56
4	9807	9743	Deletion	64
4	9814	9743	Deletion	71
4	9807	9743	Deletion	64
4	15824	15739	Deletion	85
4	15941	15878	Deletion	63
4	16225	16190	Deletion	35
4	19379	19318	Deletion	61
4	20981	20860	Deletion	121
4	20928	20860	Deletion	68
4	22377	22259	Deletion	118
4	23172	23050	Deletion	122
4	28744	28681	Deletion	63
4	28912	28797	Deletion	115
4	34548	34434	Deletion	114
4	35711	35594	Deletion	117
4	35874	35764	Deletion	110
4	40260	40141	Deletion	119
4	40260	40174	Deletion	86
4	40260	40179	Deletion	81
4	40260	40183	Deletion	77
4	40258	40202	Deletion	56
4	40260	40230	Deletion	30
4	50332	50262	Deletion	70
4	50364	50263	Deletion	101
4	50309	50263	Deletion	46
4	50360	50263	Deletion	97
4	50304	50263	Deletion	41
4	50364	50263	Deletion	101
4	50313	50263	Deletion	50
4	51337	51238	Deletion	99
4	51337	51247	Deletion	90
4	51337	51258	Deletion	79
4	51337	51298	Deletion	39
4	53645	53598	Deletion	47
4	53720	53598	Deletion	122
4	53705	53598	Deletion	107
4	53634	53598	Deletion	36
4	53703	53598	Deletion	105
4	53685	53598	Deletion	87
4	58542	58420	Deletion	122
4	58799	58680	Deletion	119
4	64553	64432	Deletion	121
4	67060	66944	Deletion	116
4	67060	66999	Deletion	61
4	67060	67003	Deletion	57
4	67060	67008	Deletion	52
4	67060	67030	Deletion	30
4	68092	67995	Deletion	97
4	68070	67995	Deletion	75
4	68108	67995	Deletion	113
4	68096	67995	Deletion	101
4	68061	67995	Deletion	66
4	68065	67995	Deletion	70
4	77505	77385	Deletion	120
4	77505	77421	Deletion	84
4	77822	77704	Deletion	118
4	78528	78474	Deletion	54
4	78528	78474	Deletion	54
4	79011	78960	Deletion	51
4	80254	80178	Deletion	76
4	81290	81212	Deletion	78
4	81349	81232	Deletion	117
4	81605	81575	Deletion	30
4	85150	85061	Deletion	89
4	85150	85069	Deletion	81
4	85150	85089	Deletion	61
4	85150	85100	Deletion	50
4	85150	85100	Deletion	50
4	85150	85101	Deletion	49
4	85150	85105	Deletion	45
4	85425	85348	Deletion	77
4	85393	85348	Deletion	45
4	85424	85348	Deletion	76
4	85429	85348	Deletion	81
4	85467	85348	Deletion	119
4	85385	85348	Deletion	37
4	85413	85348	Deletion	65
4	85424	85348	Deletion	76
4	86537	86413	Deletion	124
4	98441	98337	Deletion	104
4	98803	98691	Deletion	112
4	98792	98691	Deletion	101
4	102581	102457	Deletion	124
4	102581	102469	Deletion	112
4	102581	102483	Deletion	98
4	102581	102489	Deletion	92
4	102581	102506	Deletion	75
4	102581	102510	Deletion	71
4	102581	102516	Deletion	65
4	102581	102538	Deletion	43
4	102581	102539	Deletion	42
4	102581	102542	Deletion	39
4	102707	102652	Deletion	55
4	102739	102652	Deletion	87
4	102736	102652	Deletion	84
4	102735	102652	Deletion	83
4	102762	102652	Deletion	110
4	102771	102652	Deletion	119
4	102703	102652	Deletion	51
4	102686	102652	Deletion	34
4	102713	102652	Deletion	61
4	122945	122832	Deletion	113
4	122945	122839	Deletion	106
4	122945	122847	Deletion	98
4	122945	122869	Deletion	76
4	122945	122870	Deletion	75
4	122945	122871	Deletion	74
4	146051	145999	Deletion	52
4	146049	145999	Deletion	50
4	146050	145999	Deletion	51
4	147775	147672	Deletion	103
4	147775	147679	Deletion	96
4	147775	147698	Deletion	77
4	147775	147706	Deletion	69
4	147775	147721	Deletion	54
4	147775	147727	Deletion	48
4	152224	152126	Deletion	98
4	152225	152126	Deletion	99
4	152185	152126	Deletion	59
4	152206	152126	Deletion	80
4	152200	152126	Deletion	74
4	152215	152126	Deletion	89
4	152158	152126	Deletion	32
4	152177	152126	Deletion	51
4	157446	157335	Deletion	111
4	157446	157338	Deletion	108
4	157446	157338	Deletion	108
4	157446	157345	Deletion	101
4	157446	157346	Deletion	100
4	157446	157391	Deletion	55
4	157446	157402	Deletion	44
4	157446	157412	Deletion	34
4	160722	160630	Deletion	92
4	160712	160630	Deletion	82
4	160701	160630	Deletion	71
4	160834	160719	Deletion	115
4	160834	160721	Deletion	113
4	160834	160727	Deletion	107
4	160834	160754	Deletion	80
4	160834	160772	Deletion	62
4	160834	160784	Deletion	50
4	160834	160795	Deletion	39
4	174091	173987	Deletion	104
4	174089	173987	Deletion	102
4	174051	173987	Deletion	64
4	174074	173987	Deletion	87
4	174033	173987	Deletion	46
4	174096	173987	Deletion	109
4	174063	173987	Deletion	76
4	179684	179623	Deletion	61
4	180274	180207	Deletion	67
4	181238	181115	Deletion	123
4	208261	208218	Deletion	43
4	212655	212533	Deletion	122
4	227885	227763	Deletion	122
4	233965	233847	Deletion	118
4	233965	233858	Deletion	107
4	233965	233862	Deletion	103
4	233965	233911	Deletion	54
4	233965	233915	Deletion	50
4	233965	233921	Deletion	44
4	234265	234191	Deletion	74
4	234275	234191	Deletion	84
4	234310	234191	Deletion	119
4	234303	234191	Deletion	112
4	234269	234191	Deletion	78
4	234298	234191	Deletion	107
4	242522	242399	Deletion	123
4	257716	257599	Deletion	117
4	257716	257614	Deletion	102
4	258544	258431	Deletion	113
4	260200	260083	Deletion	117
4	265111	264988	Deletion	123
4	265108	264988	Deletion	120
4	265108	264988	Deletion	120
4	267271	267161	Deletion	110
4	267271	267192	Deletion	79
4	267271	267213	Deletion	58
4	267271	267219	Deletion	52
4	267271	267236	Deletion	35
4	267589	267521	Deletion	68
4	267568	267521	Deletion	47
4	267595	267521	Deletion	74
4	267612	267521	Deletion	91
4	270008	269885	Deletion	123
4	276513	276390	Deletion	123
4	284497	284380	Deletion	117
4	284497	284386	Deletion	111
4	284497	284402	Deletion	95
4	284497	284413	Deletion	84
4	292696	292589	Deletion	107
4	292706	292589	Deletion	117
4	292632	292589	Deletion	43
4	292621	292589	Deletion	32
4	294725	294601	Deletion	124
4	294725	294611	Deletion	114
4	294725	294676	Deletion	49
4	297544	297467	Deletion	77
4	306650	306528	Deletion	122
4	307098	307027	Deletion	71
4	307635	307546	Deletion	89
4	311543	311423	Deletion	120
4	311543	311431	Deletion	112
4	311543	311500	Deletion	43
4	311687	311604	Deletion	83
4	311711	311604	Deletion	107
4	313687	313567	Deletion	120
4	313687	313576	Deletion	111
4	313687	313603	Deletion	84
4	313687	313605	Deletion	82
4	313687	313619	Deletion	68
4	313687	313633	Deletion	54
4	320468	320389	Deletion	79
4	328584	328465	Deletion	119
4	328584	328475	Deletion	109
4	328584	328491	Deletion	93
4	329516	329483	Deletion	33
4	329580	329483	Deletion	97
4	343348	343239	Deletion	109
4	343348	343246	Deletion	102
4	343348	343255	Deletion	93
4	343348	343299	Deletion	49
4	343348	343303	Deletion	45
4	352401	352319	Deletion	82
4	352353	352319	Deletion	34
4	352397	352319	Deletion	78
4	357845	357729	Deletion	116
4	357845	357772	Deletion	73
4	357845	357782	Deletion	63
4	357845	357791	Deletion	54
4	357845	357795	Deletion	50
4	363931	363859	Deletion	72
4	363935	363859	Deletion	76
4	363912	363859	Deletion	53
4	363965	363859	Deletion	106
4	363922	363859	Deletion	63
4	369995	369897	Deletion	98
4	369995	369897	Deletion	98
4	369995	369897	Deletion	98
4	369995	369905	Deletion	90
4	369995	369957	Deletion	38
4	372339	372307	Deletion	32
4	372418	372307	Deletion	111
4	372399	372307	Deletion	92
4	372339	372307	Deletion	32
4	372347	372307	Deletion	40
4	379375	379251	Deletion	124
4	385159	385042	Deletion	117
4	385159	385059	Deletion	100
4	385159	385067	Deletion	92
4	385159	385116	Deletion	43
4	385159	385123	Deletion	36
4	385300	385210	Deletion	90
4	385244	385210	Deletion	34
4	385293	385210	Deletion	83
4	398510	398391	Deletion	119
4	398510	398396	Deletion	114
4	398510	398398	Deletion	112
4	398510	398451	Deletion	59
4	398510	398462	Deletion	48
4	406790	406711	Deletion	79
4	406779	406711	Deletion	68
4	415124	415034	Deletion	90
4	420208	420107	Deletion	101
4	420208	420122	Deletion	86
4	420208	420156	Deletion	52
4	420208	420171	Deletion	37
4	420656	420567	Deletion	89
4	420684	420567	Deletion	117
4	420674	420567	Deletion	107
4	420641	420567	Deletion	74
4	420607	420567	Deletion	40
4	424882	424760	Deletion	122
4	424882	424762	Deletion	120
4	424882	424767	Deletion	115
4	424882	424837	Deletion	45
4	424882	424838	Deletion	44
4	429123	429041	Deletion	82
4	429140	429041	Deletion	99
4	429122	429041	Deletion	81
4	429161	429041	Deletion	120
4	446333	446210	Deletion	123
4	450236	450169	Deletion	67
4	450236	450205	Deletion	31
4	454462	454369	Deletion	93
4	454548	454453	Deletion	95
4	454512	454453	Deletion	59
4	460386	460301	Deletion	85
4	460386	460344	Deletion	42
4	460386	460345	Deletion	41
4	461517	461411	Deletion	106
4	461497	461411	Deletion	86
4	461496	461411	Deletion	85
4	461510	461411	Deletion	99
4	461453	461411	Deletion	42
4	461528	461411	Deletion	117
4	464917	464794	Deletion	123
4	464917	464821	Deletion	96
4	464917	464843	Deletion	74
4	464917	464870	Deletion	47
4	464917	464884	Deletion	33
4	470204	470123	Deletion	81
4	470177	470123	Deletion	54
4	470223	470123	Deletion	100
4	470235	470123	Deletion	112
4	470218	470123	Deletion	95
4	470155	470123	Deletion	32
4	484372	484250	Deletion	122
4	491473	491419	Deletion	54
4	491992	491919	Deletion	73
4	510701	510580	Deletion	121
4	538159	538057	Deletion	102
4	538159	538066	Deletion	93
4	538159	538077	Deletion	82
4	539800	539687	Deletion	113
4	539718	539687	Deletion	31
4	539727	539687	Deletion	40
4	539786	539687	Deletion	99
4	539787	539687	Deletion	100
4	539738	539687	Deletion	51
4	550896	550775	Deletion	121
4	550896	550781	Deletion	115
4	550896	550783	Deletion	113
4	550896	550819	Deletion	77
4	550896	550842	Deletion	54
4	550896	550843	Deletion	53
4	550896	550846	Deletion	50
4	550896	550848	Deletion	48
4	550896	550851	Deletion	45
4	550896	550866	Deletion	30
4	551030	550950	Deletion	80
4	551062	550950	Deletion	112
4	551027	550950	Deletion	77
4	551032	550950	Deletion	82
4	551026	550950	Deletion	76
4	551035	550950	Deletion	85
4	551050	550950	Deletion	100
4	551003	550950	Deletion	53
4	577892	577809	Deletion	83
4	577892	577842	Deletion	50
4	579551	579443	Deletion	108
4	579521	579443	Deletion	78
4	579488	579448	Deletion	40
4	580213	580091	Deletion	122
4	587982	587873	Deletion	109
4	587982	587900	Deletion	82
4	587982	587908	Deletion	74
4	587982	587909	Deletion	73
4	587982	587929	Deletion	53
4	590264	590190	Deletion	74
4	590303	590190	Deletion	113
4	590244	590190	Deletion	54
4	590243	590190	Deletion	53
4	590235	590190	Deletion	45
4	590367	590252	Deletion	115
4	590367	590266	Deletion	101
4	590367	590267	Deletion	100
4	590367	590276	Deletion	91
4	590367	590320	Deletion	47
4	591531	591451	Deletion	80
4	591549	591451	Deletion	98
4	591487	591451	Deletion	36
4	591544	591451	Deletion	93
4	592398	592289	Deletion	109
4	592398	592291	Deletion	107
4	592398	592320	Deletion	78
4	592398	592328	Deletion	70
4	592398	592342	Deletion	56
4	592764	592694	Deletion	70
4	592988	592954	Deletion	34
4	610165	610044	Deletion	121
4	610165	610081	Deletion	84
4	612282	612160	Deletion	122
4	612268	612160	Deletion	108
4	612202	612160	Deletion	42
4	615718	615597	Deletion	121
4	625796	625677	Deletion	119
4	625796	625699	Deletion	97
4	625796	625715	Deletion	81
4	625796	625715	Deletion	81
4	625796	625724	Deletion	72
4	625796	625761	Deletion	35
4	629259	629214	Deletion	45
4	629316	629214	Deletion	102
4	629312	629214	Deletion	98
4	629268	629214	Deletion	54
4	629312	629214	Deletion	98
4	629305	629214	Deletion	91
4	629259	629214	Deletion	45
4	632212	632125	Deletion	87
4	640925	640827	Deletion	98
4	640866	640827	Deletion	39
4	640942	640827	Deletion	115
4	640947	640831	Deletion	116
4	646127	646008	Deletion	119
4	646127	646015	Deletion	112
4	646127	646085	Deletion	42
4	646262	646178	Deletion	84
4	646292	646178	Deletion	114
4	646280	646178	Deletion	102
4	647295	647171	Deletion	124
4	647295	647186	Deletion	109
4	647295	647191	Deletion	104
4	647295	647244	Deletion	51
4	647295	647256	Deletion	39
4	647665	647576	Deletion	89
4	647679	647576	Deletion	103
4	647653	647576	Deletion	77
4	667612	667489	Deletion	123
4	669279	669210	Deletion	69
4	669279	669219	Deletion	60
4	669279	669237	Deletion	42
4	669279	669239	Deletion	40
4	671493	671435	Deletion	58
4	671502	671435	Deletion	67
4	671522	671435	Deletion	87
4	671557	671435	Deletion	122
4	671520	671435	Deletion	85
4	671835	671712	Deletion	123
4	671835	671723	Deletion	112
4	671835	671747	Deletion	88
4	671835	671751	Deletion	84
4	671835	671771	Deletion	64
4	672876	672824	Deletion	52
4	679016	678919	Deletion	97
4	679052	678958	Deletion	94
4	679183	679063	Deletion	120
4	679183	679071	Deletion	112
4	679183	679078	Deletion	105
4	679944	679902	Deletion	42
4	688031	687908	Deletion	123
4	688031	687914	Deletion	117
4	688031	687966	Deletion	65
4	688031	687976	Deletion	55
4	688031	687986	Deletion	45
4	688031	687998	Deletion	33
4	711713	711626	Deletion	87
4	711693	711626	Deletion	67
4	711703	711626	Deletion	77
4	711725	711626	Deletion	99
4	712219	712095	Deletion	124
4	725501	725387	Deletion	114
4	725501	725415	Deletion	86
4	725501	725416	Deletion	85
4	725501	725417	Deletion	84
4	725501	725461	Deletion	40
4	725501	725462	Deletion	39
4	734740	734697	Deletion	43
4	734741	734697	Deletion	44
4	734742	734697	Deletion	45
4	734786	734697	Deletion	89
4	734787	734697	Deletion	90
4	737772	737649	Deletion	123
4	753270	753148	Deletion	122
4	753270	753149	Deletion	121
4	753270	753191	Deletion	79
4	753270	753197	Deletion	73
4	753270	753211	Deletion	59
4	753270	753228	Deletion	42
4	758406	758287	Deletion	119
4	758387	758288	Deletion	99
4	758372	758288	Deletion	84
4	758412	758288	Deletion	124
4	758341	758288	Deletion	53
4	758355	758288	Deletion	67
4	758335	758288	Deletion	47
4	761677	761561	Deletion	116
4	761677	761565	Deletion	112
4	761677	761570	Deletion	107
4	761677	761639	Deletion	38
4	761815	761727	Deletion	88
4	761824	761727	Deletion	97
4	765716	765599	Deletion	117
4	765716	765617	Deletion	99
4	765716	765621	Deletion	95
4	765716	765625	Deletion	91
4	765716	765635	Deletion	81
4	765716	765644	Deletion	72
4	765716	765665	Deletion	51
4	766772	766692	Deletion	80
4	766768	766692	Deletion	76
4	766738	766692	Deletion	46
4	766747	766692	Deletion	55
4	766728	766692	Deletion	36
4	766724	766692	Deletion	32
4	766772	766694	Deletion	78
4	766772	766711	Deletion	61
4	766772	766728	Deletion	44
4	766772	766732	Deletion	40
4	766874	766834	Deletion	40
4	766920	766834	Deletion	86
4	766954	766834	Deletion	120
4	766882	766834	Deletion	48
4	766916	766834	Deletion	82
4	766899	766834	Deletion	65
4	782806	782684	Deletion	122
4	789224	789157	Deletion	67
4	790139	790099	Deletion	40
4	793772	793704	Deletion	68
4	798601	798525	Deletion	76
4	798601	798533	Deletion	68
4	798601	798559	Deletion	42
4	798785	798680	Deletion	105
4	798731	798680	Deletion	51
4	798798	798680	Deletion	118
4	798739	798680	Deletion	59
4	798793	798680	Deletion	113
4	798765	798680	Deletion	85
4	799042	798919	Deletion	123
4	799042	798922	Deletion	120
4	799042	798931	Deletion	111
4	799042	798942	Deletion	100
4	799042	798954	Deletion	88
4	799042	798963	Deletion	79
4	799042	798964	Deletion	78
4	799042	798988	Deletion	54
4	799778	799731	Deletion	47
4	799779	799731	Deletion	48
4	799803	799731	Deletion	72
4	799769	799731	Deletion	38
4	810560	810436	Deletion	124
4	814740	814617	Deletion	123
4	814740	814620	Deletion	120
4	814740	814621	Deletion	119
4	814740	814636	Deletion	104
4	814740	814644	Deletion	96
4	814740	814672	Deletion	68
4	814740	814693	Deletion	47
4	814740	814693	Deletion	47
4	814740	814702	Deletion	38
4	814740	814709	Deletion	31
4	821410	821315	Deletion	95
4	821373	821315	Deletion	58
4	821412	821315	Deletion	97
4	821394	821315	Deletion	79
4	821403	821315	Deletion	88
4	821394	821315	Deletion	79
4	821345	821315	Deletion	30
4	826785	826665	Deletion	120
4	827716	827599	Deletion	117
4	827716	827599	Deletion	117
4	827716	827631	Deletion	85
4	827716	827637	Deletion	79
4	851718	851606	Deletion	112
4	851725	851606	Deletion	119
4	851647	851606	Deletion	41
4	851727	851606	Deletion	121
4	851653	851606	Deletion	47
4	852154	852084	Deletion	70
4	852154	852098	Deletion	56
4	852153	852114	Deletion	39
4	857736	857682	Deletion	54
4	865530	865441	Deletion	89
4	865546	865444	Deletion	102
4	865500	865444	Deletion	56
4	865514	865445	Deletion	69
4	867187	867064	Deletion	123
4	867187	867066	Deletion	121
4	867187	867091	Deletion	96
4	867187	867092	Deletion	95
4	867187	867116	Deletion	71
4	867187	867122	Deletion	65
4	867187	867132	Deletion	55
4	867187	867132	Deletion	55
4	867187	867148	Deletion	39
4	867187	867149	Deletion	38
4	869939	869851	Deletion	88
4	869938	869851	Deletion	87
4	869882	869851	Deletion	31
4	869922	869851	Deletion	71
4	869881	869851	Deletion	30
4	869912	869851	Deletion	61
4	869922	869851	Deletion	71
4	869906	869851	Deletion	55
4	881134	881012	Deletion	122
4	881134	881019	Deletion	115
4	881134	881019	Deletion	115
4	896391	896278	Deletion	113
4	896391	896354	Deletion	37
4	901777	901684	Deletion	93
4	905487	905368	Deletion	119
4	905487	905372	Deletion	115
4	905487	905400	Deletion	87
4	905487	905405	Deletion	82
4	905487	905423	Deletion	64
4	921065	921025	Deletion	40
4	921146	921025	Deletion	121
4	921088	921025	Deletion	63
4	921070	921025	Deletion	45
4	921140	921025	Deletion	115
4	921123	921025	Deletion	98
4	926220	926102	Deletion	118
4	926220	926105	Deletion	115
4	926218	926120	Deletion	98
4	926220	926147	Deletion	73
4	926220	926184	Deletion	36
4	927436	927383	Deletion	53
4	927501	927383	Deletion	118
4	927499	927383	Deletion	116
4	927473	927383	Deletion	90
4	932601	932539	Deletion	62
4	933141	933021	Deletion	120
4	933141	933025	Deletion	116
4	933141	933027	Deletion	114
4	933141	933048	Deletion	93
4	933141	933076	Deletion	65
4	933141	933078	Deletion	63
4	933141	933078	Deletion	63
4	933141	933090	Deletion	51
4	933141	933097	Deletion	44
4	933141	933099	Deletion	42
4	934371	934308	Deletion	63
4	934431	934308	Deletion	123
4	934416	934308	Deletion	108
4	934371	934308	Deletion	63
4	934390	934308	Deletion	82
4	934392	934308	Deletion	84
4	934369	934308	Deletion	61
4	934341	934308	Deletion	33
4	934383	934308	Deletion	75
4	934425	934308	Deletion	117
4	935050	934991	Deletion	59
4	935050	935007	Deletion	43
4	938374	938253	Deletion	121
4	941080	940958	Deletion	122
4	941109	940988	Deletion	121
4	946483	946374	Deletion	109
4	946483	946388	Deletion	95
4	946483	946434	Deletion	49
4	946483	946434	Deletion	49
4	946483	946449	Deletion	34
4	948989	948911	Deletion	78
4	949026	948911	Deletion	115
4	949034	948911	Deletion	123
4	949019	948911	Deletion	108
4	948989	948911	Deletion	78
4	949004	948911	Deletion	93
4	948943	948911	Deletion	32
4	951403	951303	Deletion	100
4	951403	951314	Deletion	89
4	951403	951336	Deletion	67
4	952222	952123	Deletion	99
4	952238	952123	Deletion	115
4	952183	952123	Deletion	60
4	952238	952123	Deletion	115
4	952161	952123	Deletion	38
4	997695	997572	Deletion	123
4	998894	998770	Deletion	124
4	1012374	1012252	Deletion	122
4	1012374	1012253	Deletion	121
4	1012374	1012254	Deletion	120
4	1012374	1012279	Deletion	95
4	1012374	1012294	Deletion	80
4	1012374	1012322	Deletion	52
4	1012374	1012338	Deletion	36
4	1013787	1013738	Deletion	49
4	1013831	1013738	Deletion	93
4	1013844	1013738	Deletion	106
4	1013815	1013738	Deletion	77
4	1013841	1013738	Deletion	103
4	1013772	1013738	Deletion	34
4	1020348	1020227	Deletion	121
4	1024246	1024165	Deletion	81
4	1024246	1024196	Deletion	50
4	1024246	1024212	Deletion	34
4	1029501	1029384	Deletion	117
4	1029460	1029384	Deletion	76
4	1029429	1029384	Deletion	45
4	1029476	1029384	Deletion	92
4	1046203	1046154	Deletion	49
4	1049119	1048995	Deletion	124
4	1050213	1050133	Deletion	80
4	1050213	1050174	Deletion	39
4	1050213	1050181	Deletion	32
4	1050595	1050501	Deletion	94
4	1050588	1050501	Deletion	87
4	1050547	1050501	Deletion	46
4	1050598	1050501	Deletion	97
4	1055594	1055470	Deletion	124
4	1055594	1055476	Deletion	118
4	1055594	1055481	Deletion	113
4	1055594	1055484	Deletion	110
4	1055594	1055548	Deletion	46
4	1055594	1055548	Deletion	46
4	1055791	1055711	Deletion	80
4	1055791	1055711	Deletion	80
4	1056938	1056827	Deletion	111
4	1056938	1056841	Deletion	97
4	1056938	1056854	Deletion	84
4	1056938	1056860	Deletion	78
4	1056938	1056867	Deletion	71
4	1056938	1056869	Deletion	69
4	1056938	1056895	Deletion	43
4	1057701	1057653	Deletion	48
4	1057708	1057653	Deletion	55
4	1057736	1057653	Deletion	83
4	1057695	1057653	Deletion	42
4	1057710	1057653	Deletion	57
4	1076783	1076662	Deletion	121
4	1076783	1076672	Deletion	111
4	1076774	1076676	Deletion	98
4	1076783	1076703	Deletion	80
4	1076783	1076707	Deletion	76
4	1076783	1076709	Deletion	74
4	1076783	1076711	Deletion	72
4	1076783	1076747	Deletion	36
4	1076783	1076749	Deletion	34
4	1076783	1076751	Deletion	32
4	1086913	1086863	Deletion	50
4	1086957	1086863	Deletion	94
4	1086917	1086863	Deletion	54
4	1086980	1086863	Deletion	117
4	1086909	1086863	Deletion	46
4	1086953	1086863	Deletion	90
4	1086915	1086863	Deletion	52
4	1086955	1086863	Deletion	92
4	1087790	1087706	Deletion	84
4	1087790	1087746	Deletion	44
4	1088303	1088193	Deletion	110
4	1088302	1088193	Deletion	109
4	1088235	1088193	Deletion	42
4	1088275	1088193	Deletion	82
4	1100393	1100280	Deletion	113
4	1100393	1100285	Deletion	108
4	1100393	1100285	Deletion	108
4	1100393	1100287	Deletion	106
4	1100393	1100298	Deletion	95
4	1100393	1100316	Deletion	77
4	1100393	1100328	Deletion	65
4	1100393	1100332	Deletion	61
4	1100393	1100342	Deletion	51
4	1100393	1100344	Deletion	49
4	1104064	1104015	Deletion	49
4	1104080	1104015	Deletion	65
4	1104076	1104015	Deletion	61
4	1104090	1104015	Deletion	75
4	1104092	1104015	Deletion	77
4	1104129	1104015	Deletion	114
4	1104046	1104015	Deletion	31
4	1108514	1108406	Deletion	108
4	1108514	1108411	Deletion	103
4	1108514	1108472	Deletion	42
4	1130201	1130117	Deletion	84
4	1136299	1136186	Deletion	113
4	1136301	1136187	Deletion	114
4	1136301	1136216	Deletion	85
4	1136301	1136225	Deletion	76
4	1136301	1136233	Deletion	68
4	1142011	1141959	Deletion	52
4	1142066	1141959	Deletion	107
4	1142071	1141959	Deletion	112
4	1142074	1141959	Deletion	115
4	1142071	1141959	Deletion	112
4	1142002	1141959	Deletion	43
4	1142019	1141959	Deletion	60
4	1142454	1142333	Deletion	121
4	1155204	1155102	Deletion	102
4	1155201	1155153	Deletion	48
4	1155204	1155172	Deletion	32
4	1157476	1157368	Deletion	108
4	1157472	1157368	Deletion	104
4	1157489	1157368	Deletion	121
4	1157469	1157368	Deletion	101
4	1157465	1157368	Deletion	97
4	1157446	1157369	Deletion	77
4	1167389	1167267	Deletion	122
4	1172738	1172632	Deletion	106
4	1172742	1172644	Deletion	98
4	1172742	1172667	Deletion	75
4	1172742	1172669	Deletion	73
4	1172742	1172672	Deletion	70
4	1172742	1172679	Deletion	63
4	1172738	1172681	Deletion	57
4	1172742	1172682	Deletion	60
4	1172742	1172702	Deletion	40
4	1179065	1179000	Deletion	65
4	1179030	1179000	Deletion	30
4	1179088	1179000	Deletion	88
4	1179055	1179000	Deletion	55
4	1179102	1179000	Deletion	102
4	1179058	1179000	Deletion	58
4	1179068	1179000	Deletion	68
4	1179067	1179000	Deletion	67
4	1179053	1179000	Deletion	53
4	1180533	1180409	Deletion	124
4	1181499	1181378	Deletion	121
4	1181499	1181395	Deletion	104
4	1181499	1181404	Deletion	95
4	1181499	1181405	Deletion	94
4	1181499	1181408	Deletion	91
4	1181499	1181412	Deletion	87
4	1181499	1181423	Deletion	76
4	1181499	1181438	Deletion	61
4	1181499	1181439	Deletion	60
4	1181499	1181450	Deletion	49
4	1181499	1181468	Deletion	31
4	1191657	1191580	Deletion	77
4	1191619	1191580	Deletion	39
4	1191645	1191580	Deletion	65
4	1191675	1191580	Deletion	95
4	1191646	1191580	Deletion	66
4	1191611	1191580	Deletion	31
4	1191630	1191580	Deletion	50
4	1191615	1191580	Deletion	35
4	1191612	1191580	Deletion	32
4	1200662	1200561	Deletion	101
4	1200662	1200595	Deletion	67
4	1200662	1200622	Deletion	40
4	1217778	1217662	Deletion	116
4	1217756	1217662	Deletion	94
4	1217712	1217662	Deletion	50
4	1217736	1217662	Deletion	74
4	1217731	1217662	Deletion	69
4	1217748	1217662	Deletion	86
4	1217777	1217662	Deletion	115
4	1219909	1219815	Deletion	94
4	1219909	1219828	Deletion	81
4	1219909	1219838	Deletion	71
4	1219909	1219844	Deletion	65
4	1219909	1219844	Deletion	65
4	1221084	1220974	Deletion	110
4	1221037	1220974	Deletion	63
4	1221031	1220974	Deletion	57
4	1221021	1220974	Deletion	47
4	1221037	1220974	Deletion	63
4	1221008	1220974	Deletion	34
4	1226455	1226375	Deletion	80
4	1226455	1226382	Deletion	73
4	1226455	1226393	Deletion	62
4	1226455	1226405	Deletion	50
4	1226455	1226413	Deletion	42
4	1240674	1240598	Deletion	76
4	1240644	1240598	Deletion	46
4	1240682	1240598	Deletion	84
4	1240651	1240598	Deletion	53
4	1240662	1240598	Deletion	64
4	1241906	1241797	Deletion	109
4	1241906	1241814	Deletion	92
4	1241906	1241825	Deletion	81
4	1241906	1241856	Deletion	50
4	1241906	1241856	Deletion	50
4	1241906	1241861	Deletion	45
4	1241906	1241865	Deletion	41
4	1241906	1241869	Deletion	37
4	1249614	1249536	Deletion	78
4	1249572	1249536	Deletion	36
4	1249627	1249536	Deletion	91
4	1249657	1249536	Deletion	121
4	1249657	1249536	Deletion	121
4	1249614	1249536	Deletion	78
4	1249623	1249536	Deletion	87
4	1249657	1249536	Deletion	121
4	1249654	1249536	Deletion	118
4	1249619	1249536	Deletion	83
4	1249583	1249536	Deletion	47
4	1249731	1249608	Deletion	123
4	1255233	1255111	Deletion	122
4	1255233	1255112	Deletion	121
4	1255233	1255136	Deletion	97
4	1255233	1255139	Deletion	94
4	1255233	1255155	Deletion	78
4	1255233	1255195	Deletion	38
4	1257943	1257882	Deletion	61
4	1270628	1270596	Deletion	32
4	1270644	1270596	Deletion	48
4	1270701	1270596	Deletion	105
4	1270684	1270597	Deletion	87
4	1271436	1271313	Deletion	123
4	1282267	1282143	Deletion	124
4	1283122	1283081	Deletion	41
4	1283127	1283081	Deletion	46
4	1288137	1288028	Deletion	109
4	1288137	1288028	Deletion	109
4	1288137	1288040	Deletion	97
4	1288137	1288085	Deletion	52
4	1288137	1288096	Deletion	41
4	1288137	1288100	Deletion	37
4	1288137	1288106	Deletion	31
4	1288137	1288107	Deletion	30
4	1288771	1288663	Deletion	108
4	1288748	1288663	Deletion	85
4	1288758	1288663	Deletion	95
4	1288770	1288663	Deletion	107
4	1288763	1288663	Deletion	100
4	1288752	1288663	Deletion	89
4	1288759	1288663	Deletion	96
4	1288737	1288663	Deletion	74
4	1291572	1291523	Deletion	49
4	1291555	1291523	Deletion	32
4	1294945	1294836	Deletion	109
4	1294947	1294836	Deletion	111
4	1294880	1294836	Deletion	44
4	1294896	1294836	Deletion	60
4	1294937	1294836	Deletion	101
4	1296616	1296525	Deletion	91
4	1296616	1296543	Deletion	73
4	1296616	1296551	Deletion	65
4	1296616	1296559	Deletion	57
4	1300339	1300286	Deletion	53
4	1300355	1300286	Deletion	69
4	1301334	1301241	Deletion	93
4	1301290	1301241	Deletion	49
4	1301594	1301498	Deletion	96
4	1302356	1302314	Deletion	42
4	1303242	1303189	Deletion	53
4	1310895	1310778	Deletion	117
4	1310836	1310778	Deletion	58
4	1310868	1310778	Deletion	90
4	1315831	1315784	Deletion	47
4	1316012	1315955	Deletion	57
4	1316058	1315955	Deletion	103
4	1316059	1315955	Deletion	104
4	1316049	1315955	Deletion	94
4	1325316	1325285	Deletion	31
4	1326260	1326221	Deletion	39
4	1326292	1326221	Deletion	71
4	1335314	1335274	Deletion	40
4	1338298	1338190	Deletion	108
4	1338558	1338517	Deletion	41
4	1339718	1339623	Deletion	95
X	2712	2601	Deletion	111
X	2761	2667	Deletion	94
X	2984	2888	Deletion	96
X	2987	2888	Deletion	99
X	5309	5213	Deletion	96
X	5309	5237	Deletion	72
X	10266	10220	Deletion	46
X	10259	10220	Deletion	39
X	14135	14043	Deletion	92
X	20933	20897	Deletion	36
X	21965	21878	Deletion	87
X	25282	25245	Deletion	37
X	32439	32346	Deletion	93
X	33479	33384	Deletion	95
X	33854	33764	Deletion	90
X	33797	33764	Deletion	33
X	34622	34503	Deletion	119
X	36788	36673	Deletion	115
X	45110	45055	Deletion	55
X	45557	45435	Deletion	122
X	52167	52068	Deletion	99
X	54679	54605	Deletion	74
X	58586	58465	Deletion	121
X	60877	60791	Deletion	86
X	60880	60791	Deletion	89
X	61492	61379	Deletion	113
X	61492	61404	Deletion	88
X	61492	61411	Deletion	81
X	61492	61418	Deletion	74
X	61492	61425	Deletion	67
X	63274	63165	Deletion	109
X	65204	65120	Deletion	84
X	70389	70289	Deletion	100
X	70407	70289	Deletion	118
X	70349	70289	Deletion	60
X	70693	70570	Deletion	123
X	71182	71106	Deletion	76
X	76361	76275	Deletion	86
X	76410	76315	Deletion	95
X	76361	76325	Deletion	36
X	76361	76330	Deletion	31
X	76410	76335	Deletion	75
X	76578	76537	Deletion	41
X	76644	76537	Deletion	107
X	76628	76537	Deletion	91
X	78958	78894	Deletion	64
X	78958	78905	Deletion	53
X	78958	78920	Deletion	38
X	82907	82818	Deletion	89
X	82907	82877	Deletion	30
X	85330	85262	Deletion	68
X	85816	85732	Deletion	84
X	92266	92226	Deletion	40
X	92602	92568	Deletion	34
X	95033	94940	Deletion	93
X	97361	97284	Deletion	77
X	97352	97284	Deletion	68
X	97813	97734	Deletion	79
X	98592	98531	Deletion	61
X	98592	98557	Deletion	35
X	103344	103250	Deletion	94
X	103286	103254	Deletion	32
X	103603	103555	Deletion	48
X	103778	103700	Deletion	78
X	103734	103700	Deletion	34
X	108131	108049	Deletion	82
X	108131	108052	Deletion	79
X	108131	108056	Deletion	75
X	108131	108065	Deletion	66
X	108334	108255	Deletion	79
X	108306	108255	Deletion	51
X	108361	108255	Deletion	106
X	108369	108255	Deletion	114
X	108315	108255	Deletion	60
X	108324	108255	Deletion	69
X	109243	109158	Deletion	85
X	110586	110462	Deletion	124
X	112109	112054	Deletion	55
X	112117	112054	Deletion	63
X	117934	117897	Deletion	37
X	119205	119107	Deletion	98
X	121813	121781	Deletion	32
X	125303	125176	Deletion	127
X	130308	130184	Deletion	124
X	130308	130214	Deletion	94
X	130308	130218	Deletion	90
X	130308	130219	Deletion	89
X	130308	130241	Deletion	67
X	130308	130241	Deletion	67
X	130308	130271	Deletion	37
X	130308	130275	Deletion	33
X	134772	134679	Deletion	93
X	134738	134679	Deletion	59
X	134768	134679	Deletion	89
X	134716	134679	Deletion	37
X	134711	134679	Deletion	32
X	134715	134679	Deletion	36
X	134738	134679	Deletion	59
X	134781	134679	Deletion	102
X	148960	148859	Deletion	101
X	148960	148887	Deletion	73
X	148960	148909	Deletion	51
X	148960	148917	Deletion	43
X	152077	152002	Deletion	75
X	152055	152002	Deletion	53
X	152085	152002	Deletion	83
X	153372	153254	Deletion	118
X	153372	153261	Deletion	111
X	153372	153300	Deletion	72
X	153372	153339	Deletion	33
X	153965	153872	Deletion	93
X	153971	153872	Deletion	99
X	153926	153872	Deletion	54
X	153991	153872	Deletion	119
X	153987	153872	Deletion	115
X	162437	162333	Deletion	104
X	165097	164972	Deletion	125
X	165415	165319	Deletion	96
X	165401	165348	Deletion	53
X	168166	168059	Deletion	107
X	168166	168070	Deletion	96
X	168166	168125	Deletion	41
X	168166	168130	Deletion	36
X	168166	168132	Deletion	34
X	199927	199897	Deletion	30
X	199989	199897	Deletion	92
X	200001	199897	Deletion	104
X	199986	199897	Deletion	89
X	199987	199897	Deletion	90
X	199982	199897	Deletion	85
X	208664	208545	Deletion	119
X	210532	210500	Deletion	32
X	214534	214427	Deletion	107
X	221516	221422	Deletion	94
X	222945	222824	Deletion	121
X	226215	226091	Deletion	124
X	227585	227479	Deletion	106
X	227942	227822	Deletion	120
X	229158	229064	Deletion	94
X	230798	230766	Deletion	32
X	257823	257705	Deletion	118
X	257823	257711	Deletion	112
X	257823	257728	Deletion	95
X	257823	257773	Deletion	50
X	262348	262317	Deletion	31
X	262434	262317	Deletion	117
X	262414	262317	Deletion	97
X	262393	262321	Deletion	72
X	262668	262556	Deletion	112
X	266360	266239	Deletion	121
X	269329	269205	Deletion	124
X	276754	276654	Deletion	100
X	276754	276672	Deletion	82
X	276754	276674	Deletion	80
X	276915	276866	Deletion	49
X	276913	276866	Deletion	47
X	281435	281313	Deletion	122
X	289495	289382	Deletion	113
X	289495	289383	Deletion	112
X	289495	289383	Deletion	112
X	289495	289386	Deletion	109
X	289495	289398	Deletion	97
X	289495	289407	Deletion	88
X	289495	289409	Deletion	86
X	289495	289417	Deletion	78
X	289495	289453	Deletion	42
X	291022	290983	Deletion	39
X	291024	290983	Deletion	41
X	291068	290983	Deletion	85
X	291085	290983	Deletion	102
X	291032	290983	Deletion	49
X	291099	290983	Deletion	116
X	291104	290983	Deletion	121
X	291013	290983	Deletion	30
X	298144	298078	Deletion	66
X	299728	299687	Deletion	41
X	299848	299774	Deletion	74
X	318966	318895	Deletion	71
X	319975	319855	Deletion	120
X	320607	320486	Deletion	121
X	320886	320814	Deletion	72
X	321166	321126	Deletion	40
X	321374	321321	Deletion	53
X	321816	321774	Deletion	42
X	321998	321878	Deletion	120
X	322305	322267	Deletion	38
X	325956	325918	Deletion	38
X	326000	325918	Deletion	82
X	326007	325918	Deletion	89
X	326001	325918	Deletion	83
X	325988	325918	Deletion	70
X	356077	355954	Deletion	123
X	356077	355967	Deletion	110
X	356077	355977	Deletion	100
X	356077	356008	Deletion	69
X	356077	356019	Deletion	58
X	361433	361319	Deletion	114
X	361417	361319	Deletion	98
X	361376	361319	Deletion	57
X	361387	361319	Deletion	68
X	365439	365324	Deletion	115
X	365439	365344	Deletion	95
X	365439	365356	Deletion	83
X	365437	365379	Deletion	58
X	366690	366624	Deletion	66
X	366655	366624	Deletion	31
X	366667	366624	Deletion	43
X	376652	376563	Deletion	89
X	376652	376592	Deletion	60
X	376652	376609	Deletion	43
X	376652	376617	Deletion	35
X	384299	384214	Deletion	85
X	384282	384214	Deletion	68
X	384307	384214	Deletion	93
X	384253	384214	Deletion	39
X	387382	387258	Deletion	124
X	387382	387258	Deletion	124
X	387382	387290	Deletion	92
X	387382	387294	Deletion	88
X	387382	387297	Deletion	85
X	387992	387886	Deletion	106
X	387989	387886	Deletion	103
X	387926	387886	Deletion	40
X	387994	387886	Deletion	108
X	387929	387886	Deletion	43
X	387922	387886	Deletion	36
X	387990	387886	Deletion	104
X	388001	387886	Deletion	115
X	392797	392675	Deletion	122
X	392797	392682	Deletion	115
X	392797	392688	Deletion	109
X	392797	392689	Deletion	108
X	392797	392697	Deletion	100
X	392797	392700	Deletion	97
X	392797	392709	Deletion	88
X	392797	392709	Deletion	88
X	392797	392723	Deletion	74
X	392797	392736	Deletion	61
X	403982	403864	Deletion	118
X	403930	403864	Deletion	66
X	403903	403864	Deletion	39
X	403917	403864	Deletion	53
X	403903	403864	Deletion	39
X	403894	403864	Deletion	30
X	404987	404871	Deletion	116
X	404987	404896	Deletion	91
X	404987	404904	Deletion	83
X	404987	404910	Deletion	77
X	404987	404933	Deletion	54
X	408484	408444	Deletion	40
X	408557	408444	Deletion	113
X	408492	408444	Deletion	48
X	408498	408444	Deletion	54
X	408564	408444	Deletion	120
X	408556	408444	Deletion	112
X	408521	408444	Deletion	77
X	409052	408928	Deletion	124
X	409052	408941	Deletion	111
X	409052	408947	Deletion	105
X	409052	408948	Deletion	104
X	409052	408965	Deletion	87
X	409052	408981	Deletion	71
X	409052	408984	Deletion	68
X	426268	426228	Deletion	40
X	426287	426228	Deletion	59
X	426284	426228	Deletion	56
X	427357	427243	Deletion	114
X	427357	427260	Deletion	97
X	427357	427321	Deletion	36
X	427357	427322	Deletion	35
X	427357	427325	Deletion	32
X	427357	427325	Deletion	32
X	428495	428397	Deletion	98
X	428487	428397	Deletion	90
X	428507	428397	Deletion	110
X	428491	428397	Deletion	94
X	428491	428397	Deletion	94
X	428488	428402	Deletion	86
X	428522	428406	Deletion	116
X	428522	428444	Deletion	78
X	428522	428452	Deletion	70
X	431930	431891	Deletion	39
X	433308	433199	Deletion	109
X	433308	433235	Deletion	73
X	434288	434257	Deletion	31
X	456669	456574	Deletion	95
X	456692	456574	Deletion	118
X	456630	456574	Deletion	56
X	456622	456574	Deletion	48
X	456660	456574	Deletion	86
X	459139	459056	Deletion	83
X	459139	459056	Deletion	83
X	459139	459059	Deletion	80
X	459139	459061	Deletion	78
X	459139	459085	Deletion	54
X	459139	459094	Deletion	45
X	459139	459104	Deletion	35
X	467291	467176	Deletion	115
X	467220	467176	Deletion	44
X	467268	467176	Deletion	92
X	467220	467176	Deletion	44
X	467223	467176	Deletion	47
X	467258	467176	Deletion	82
X	467225	467176	Deletion	49
X	467249	467176	Deletion	73
X	470958	470864	Deletion	94
X	470958	470870	Deletion	88
X	470958	470872	Deletion	86
X	470958	470897	Deletion	61
X	470958	470924	Deletion	34
X	471259	471146	Deletion	113
X	471187	471146	Deletion	41
X	471267	471146	Deletion	121
X	471241	471146	Deletion	95
X	471181	471146	Deletion	35
X	471214	471146	Deletion	68
X	471259	471146	Deletion	113
X	471189	471146	Deletion	43
X	483398	483275	Deletion	123
X	495601	495479	Deletion	122
X	496580	496473	Deletion	107
X	496580	496478	Deletion	102
X	496580	496490	Deletion	90
X	496580	496516	Deletion	64
X	496580	496524	Deletion	56
X	496580	496537	Deletion	43
X	496580	496549	Deletion	31
X	497675	497639	Deletion	36
X	497722	497639	Deletion	83
X	497752	497639	Deletion	113
X	497734	497639	Deletion	95
X	497709	497639	Deletion	70
X	497701	497639	Deletion	62
X	499848	499740	Deletion	108
X	499848	499741	Deletion	107
X	499848	499771	Deletion	77
X	499848	499781	Deletion	67
X	499848	499805	Deletion	43
X	503548	503489	Deletion	59
X	503572	503489	Deletion	83
X	503538	503489	Deletion	49
X	521845	521727	Deletion	118
X	521845	521736	Deletion	109
X	521845	521750	Deletion	95
X	521845	521752	Deletion	93
X	521845	521788	Deletion	57
X	521845	521797	Deletion	48
X	521845	521807	Deletion	38
X	522300	522198	Deletion	102
X	522277	522198	Deletion	79
X	522287	522198	Deletion	89
X	522230	522198	Deletion	32
X	522232	522198	Deletion	34
X	522316	522198	Deletion	118
X	522268	522198	Deletion	70
X	522310	522198	Deletion	112
X	531189	531072	Deletion	117
X	533081	532965	Deletion	116
X	533081	532968	Deletion	113
X	533081	532975	Deletion	106
X	533081	532984	Deletion	97
X	533081	533001	Deletion	80
X	533081	533011	Deletion	70
X	533081	533015	Deletion	66
X	533081	533019	Deletion	62
X	533081	533022	Deletion	59
X	533081	533024	Deletion	57
X	538589	538520	Deletion	69
X	538577	538520	Deletion	57
X	538584	538520	Deletion	64
X	538587	538520	Deletion	67
X	538580	538520	Deletion	60
X	538566	538520	Deletion	46
X	552308	552234	Deletion	74
X	552272	552234	Deletion	38
X	552830	552767	Deletion	63
X	554468	554414	Deletion	54
X	554826	554764	Deletion	62
X	554828	554764	Deletion	64
X	555710	555645	Deletion	65
X	555708	555666	Deletion	42
X	557694	557600	Deletion	94
X	584561	584440	Deletion	121
X	614674	614565	Deletion	109
X	614674	614578	Deletion	96
X	614674	614600	Deletion	74
X	614674	614623	Deletion	51
X	614674	614631	Deletion	43
X	616271	616148	Deletion	123
X	616231	616148	Deletion	83
X	616271	616148	Deletion	123
X	616200	616148	Deletion	52
X	616223	616148	Deletion	75
X	616178	616148	Deletion	30
X	637661	637540	Deletion	121
X	654452	654331	Deletion	121
X	673647	673582	Deletion	65
X	673647	673589	Deletion	58
X	673647	673608	Deletion	39
X	677701	677598	Deletion	103
X	677666	677598	Deletion	68
X	677685	677598	Deletion	87
X	677708	677598	Deletion	110
X	677659	677598	Deletion	61
X	696299	696203	Deletion	96
X	696299	696207	Deletion	92
X	696299	696208	Deletion	91
X	696299	696212	Deletion	87
X	696299	696253	Deletion	46
X	706120	706086	Deletion	34
X	706116	706086	Deletion	30
X	706185	706086	Deletion	99
X	706125	706086	Deletion	39
X	706193	706086	Deletion	107
X	706121	706086	Deletion	35
X	706166	706086	Deletion	80
X	714662	714566	Deletion	96
X	714662	714568	Deletion	94
X	714662	714574	Deletion	88
X	714662	714590	Deletion	72
X	714662	714628	Deletion	34
X	714996	714942	Deletion	54
X	714980	714942	Deletion	38
X	714972	714942	Deletion	30
X	715034	714944	Deletion	90
X	715054	714965	Deletion	89
X	715054	715006	Deletion	48
X	715054	715012	Deletion	42
X	723665	723628	Deletion	37
X	723712	723628	Deletion	84
X	723706	723628	Deletion	78
X	725318	725202	Deletion	116
X	725318	725205	Deletion	113
X	725318	725207	Deletion	111
X	725318	725223	Deletion	95
X	725318	725227	Deletion	91
X	725318	725250	Deletion	68
X	725318	725253	Deletion	65
X	725318	725272	Deletion	46
X	725318	725286	Deletion	32
X	725318	725287	Deletion	31
X	743778	743682	Deletion	96
X	743741	743682	Deletion	59
X	743714	743682	Deletion	32
X	743763	743682	Deletion	81
X	743718	743682	Deletion	36
X	743777	743682	Deletion	95
X	743744	743682	Deletion	62
X	746855	746757	Deletion	98
X	746855	746770	Deletion	85
X	746855	746780	Deletion	75
X	746855	746810	Deletion	45
X	746855	746811	Deletion	44
X	748002	747904	Deletion	98
X	747986	747904	Deletion	82
X	748021	747904	Deletion	117
X	747955	747904	Deletion	51
X	748010	747904	Deletion	106
X	747985	747904	Deletion	81
X	747945	747904	Deletion	41
X	750200	750101	Deletion	99
X	750200	750102	Deletion	98
X	750200	750128	Deletion	72
X	750308	750254	Deletion	54
X	750370	750254	Deletion	116
X	750366	750254	Deletion	112
X	765604	765485	Deletion	119
X	765604	765491	Deletion	113
X	765604	765492	Deletion	112
X	765604	765505	Deletion	99
X	765604	765538	Deletion	66
X	765604	765547	Deletion	57
X	766143	766083	Deletion	60
X	766193	766083	Deletion	110
X	766152	766083	Deletion	69
X	767846	767758	Deletion	88
X	767846	767769	Deletion	77
X	767846	767802	Deletion	44
X	768082	768000	Deletion	82
X	768038	768000	Deletion	38
X	768106	768000	Deletion	106
X	768114	768000	Deletion	114
X	768049	768000	Deletion	49
X	776464	776341	Deletion	123
X	779493	779390	Deletion	103
X	779493	779437	Deletion	56
X	779493	779444	Deletion	49
X	794479	794359	Deletion	120
X	794429	794359	Deletion	70
X	794483	794359	Deletion	124
X	794470	794359	Deletion	111
X	794436	794359	Deletion	77
X	813035	812971	Deletion	64
X	813125	813019	Deletion	106
X	816270	816171	Deletion	99
X	816961	816931	Deletion	30
X	817174	817051	Deletion	123
X	817197	817117	Deletion	80
X	827833	827802	Deletion	31
X	827931	827814	Deletion	117
X	829165	829046	Deletion	119
X	831846	831809	Deletion	37
X	833284	833193	Deletion	91
X	833919	833811	Deletion	108
X	834068	833972	Deletion	96
X	848894	848770	Deletion	124
X	848894	848776	Deletion	118
X	848894	848788	Deletion	106
X	848894	848837	Deletion	57
X	848894	848853	Deletion	41
X	848894	848858	Deletion	36
X	852293	852207	Deletion	86
X	852304	852207	Deletion	97
X	852277	852207	Deletion	70
X	852330	852207	Deletion	123
X	852298	852207	Deletion	91
X	858646	858522	Deletion	124
X	865333	865211	Deletion	122
X	865333	865225	Deletion	108
X	865333	865227	Deletion	106
X	865333	865236	Deletion	97
X	865333	865245	Deletion	88
X	865333	865277	Deletion	56
X	865728	865689	Deletion	39
X	865719	865689	Deletion	30
X	865813	865689	Deletion	124
X	865796	865689	Deletion	107
X	865760	865689	Deletion	71
X	876769	876669	Deletion	100
X	876769	876684	Deletion	85
X	876769	876692	Deletion	77
X	876769	876701	Deletion	68
X	877168	877058	Deletion	110
X	877099	877058	Deletion	41
X	877107	877058	Deletion	49
X	877116	877058	Deletion	58
X	877162	877058	Deletion	104
X	877170	877058	Deletion	112
X	877172	877058	Deletion	114
X	893229	893111	Deletion	118
X	893229	893163	Deletion	66
X	893229	893184	Deletion	45
X	907525	907495	Deletion	30
X	907563	907495	Deletion	68
X	907563	907533	Deletion	30
X	920956	920895	Deletion	61
X	920977	920895	Deletion	82
X	921012	920895	Deletion	117
X	922291	922180	Deletion	111
X	934113	934004	Deletion	109
X	934113	934013	Deletion	100
X	934113	934045	Deletion	68
X	934113	934073	Deletion	40
X	938892	938834	Deletion	58
X	938920	938834	Deletion	86
X	938942	938834	Deletion	108
X	944466	944344	Deletion	122
X	951158	951053	Deletion	105
X	951158	951069	Deletion	89
X	951158	951085	Deletion	73
X	951158	951097	Deletion	61
X	951158	951108	Deletion	50
X	951158	951122	Deletion	36
X	953656	953556	Deletion	100
X	953632	953556	Deletion	76
X	953646	953556	Deletion	90
X	953655	953556	Deletion	99
X	953621	953556	Deletion	65
X	953609	953556	Deletion	53
X	953593	953556	Deletion	37
X	953676	953556	Deletion	120
X	972220	972122	Deletion	98
X	972220	972125	Deletion	95
X	972220	972127	Deletion	93
X	972220	972144	Deletion	76
X	972220	972154	Deletion	66
X	975773	975713	Deletion	60
X	975744	975713	Deletion	31
X	975763	975713	Deletion	50
X	975824	975713	Deletion	111
X	980506	980386	Deletion	120
X	980506	980409	Deletion	97
X	980506	980443	Deletion	63
X	980506	980447	Deletion	59
X	988970	988867	Deletion	103
X	988930	988867	Deletion	63
X	988934	988867	Deletion	67
X	992171	992048	Deletion	123
X	992171	992055	Deletion	116
X	992171	992064	Deletion	107
X	992171	992074	Deletion	97
X	992171	992074	Deletion	97
X	992171	992095	Deletion	76
X	999518	999400	Deletion	118
X	999450	999400	Deletion	50
X	1002147	1002076	Deletion	71
X	1002147	1002080	Deletion	67
X	1002147	1002107	Deletion	40
X	1002147	1002117	Deletion	30
X	1002329	1002233	Deletion	96
X	1002288	1002233	Deletion	55
X	1002292	1002233	Deletion	59
X	1002319	1002233	Deletion	86
X	1002345	1002233	Deletion	112
X	1007685	1007568	Deletion	117
X	1007685	1007587	Deletion	98
X	1007685	1007594	Deletion	91
X	1007685	1007609	Deletion	76
X	1007685	1007618	Deletion	67
X	1007685	1007622	Deletion	63
X	1008051	1008015	Deletion	36
X	1008066	1008015	Deletion	51
X	1008079	1008015	Deletion	64
X	1008075	1008015	Deletion	60
X	1031630	1031522	Deletion	108
X	1031630	1031558	Deletion	72
X	1031630	1031570	Deletion	60
X	1031630	1031582	Deletion	48
X	1035130	1035069	Deletion	61
X	1036462	1036381	Deletion	81
X	1036480	1036381	Deletion	99
X	1037116	1037054	Deletion	62
X	1046141	1046020	Deletion	121
X	1046099	1046020	Deletion	79
X	1046087	1046020	Deletion	67
X	1046075	1046020	Deletion	55
X	1048185	1048070	Deletion	115
X	1048185	1048084	Deletion	101
X	1048185	1048110	Deletion	75
X	1048185	1048137	Deletion	48
X	1051983	1051905	Deletion	78
X	1051956	1051905	Deletion	51
X	1052029	1051905	Deletion	124
X	1052009	1051905	Deletion	104
X	1052019	1051905	Deletion	114
X	1064557	1064433	Deletion	124
X	1064833	1064735	Deletion	98
X	1064845	1064740	Deletion	105
X	1064845	1064775	Deletion	70
X	1065011	1064905	Deletion	106
X	1065453	1065342	Deletion	111
X	1066156	1066093	Deletion	63
X	1067519	1067398	Deletion	121
X	1068136	1068023	Deletion	113
X	1068149	1068048	Deletion	101
X	1071538	1071416	Deletion	122
X	1089939	1089835	Deletion	104
X	1089939	1089866	Deletion	73
X	1089939	1089890	Deletion	49
X	1089939	1089892	Deletion	47
X	1089939	1089906	Deletion	33
X	1090283	1090226	Deletion	57
X	1090307	1090226	Deletion	81
X	1090309	1090226	Deletion	83
X	1090323	1090226	Deletion	97
X	1090330	1090226	Deletion	104
X	1100990	1100868	Deletion	122
X	1121086	1120967	Deletion	119
X	1121086	1120973	Deletion	113
X	1121086	1120981	Deletion	105
X	1121086	1121009	Deletion	77
X	1121086	1121017	Deletion	69
X	1121086	1121043	Deletion	43
X	1121086	1121048	Deletion	38
X	1122630	1122580	Deletion	50
X	1122682	1122580	Deletion	102
X	1122664	1122580	Deletion	84
X	1122680	1122580	Deletion	100
X	1122689	1122580	Deletion	109
X	1122669	1122580	Deletion	89
X	1122638	1122580	Deletion	58
X	1125526	1125438	Deletion	88
X	1125526	1125439	Deletion	87
X	1125526	1125440	Deletion	86
X	1125526	1125445	Deletion	81
X	1125526	1125471	Deletion	55
X	1125526	1125482	Deletion	44
X	1125754	1125716	Deletion	38
X	1125787	1125716	Deletion	71
X	1125761	1125716	Deletion	45
X	1125829	1125716	Deletion	113
X	1125755	1125716	Deletion	39
X	1125828	1125716	Deletion	112
X	1125798	1125716	Deletion	82
X	1128620	1128497	Deletion	123
X	1128620	1128501	Deletion	119
X	1128620	1128525	Deletion	95
X	1128620	1128556	Deletion	64
X	1128620	1128569	Deletion	51
X	1128620	1128588	Deletion	32
X	1137591	1137528	Deletion	63
X	1137604	1137528	Deletion	76
X	1137560	1137528	Deletion	32
X	1137623	1137528	Deletion	95
X	1143018	1142904	Deletion	114
X	1143018	1142920	Deletion	98
X	1143018	1142940	Deletion	78
X	1143018	1142951	Deletion	67
X	1143018	1142968	Deletion	50
X	1143018	1142983	Deletion	35
X	1145636	1145515	Deletion	121
X	1145621	1145516	Deletion	105
X	1145575	1145516	Deletion	59
X	1145635	1145516	Deletion	119
X	1145592	1145516	Deletion	76
X	1145607	1145516	Deletion	91
X	1145621	1145516	Deletion	105
X	1145621	1145516	Deletion	105
X	1145564	1145516	Deletion	48
X	1145630	1145516	Deletion	114
X	1158869	1158767	Deletion	102
X	1158869	1158808	Deletion	61
X	1158869	1158824	Deletion	45
X	1158869	1158826	Deletion	43
X	1158869	1158828	Deletion	41
X	1158869	1158830	Deletion	39
X	1160841	1160776	Deletion	65
X	1160859	1160776	Deletion	83
X	1160861	1160776	Deletion	85
X	1160897	1160776	Deletion	121
X	1160896	1160776	Deletion	120
X	1160857	1160776	Deletion	81
X	1160862	1160776	Deletion	86
X	1166317	1166196	Deletion	121
X	1166317	1166206	Deletion	111
X	1166317	1166215	Deletion	102
X	1166317	1166235	Deletion	82
X	1166317	1166249	Deletion	68
X	1166317	1166253	Deletion	64
X	1166317	1166272	Deletion	45
X	1175832	1175751	Deletion	81
X	1175809	1175751	Deletion	58
X	1175795	1175751	Deletion	44
X	1175813	1175751	Deletion	62
X	1186257	1186158	Deletion	99
X	1186257	1186163	Deletion	94
X	1186257	1186180	Deletion	77
X	1186257	1186183	Deletion	74
X	1186257	1186183	Deletion	74
X	1186257	1186188	Deletion	69
X	1186257	1186189	Deletion	68
X	1186257	1186200	Deletion	57
X	1189524	1189490	Deletion	34
X	1189602	1189490	Deletion	112
X	1189544	1189490	Deletion	54
X	1189544	1189490	Deletion	54
X	1189541	1189490	Deletion	51
X	1189561	1189490	Deletion	71
X	1189592	1189490	Deletion	102
X	1189550	1189490	Deletion	60
X	1189549	1189490	Deletion	59
X	1198769	1198647	Deletion	122
X	1243154	1243037	Deletion	117
X	1243154	1243087	Deletion	67
X	1243154	1243103	Deletion	51
X	1243154	1243105	Deletion	49
X	1243154	1243124	Deletion	30
X	1243275	1243214	Deletion	61
X	1243312	1243214	Deletion	98
X	1243291	1243214	Deletion	77
X	1243293	1243214	Deletion	79
X	1245749	1245628	Deletion	121
X	1246410	1246288	Deletion	122
X	1293714	1293602	Deletion	112
X	1293714	1293616	Deletion	98
X	1293714	1293637	Deletion	77
X	1293714	1293645	Deletion	69
X	1293835	1293775	Deletion	60
X	1293806	1293775	Deletion	31
X	1293827	1293775	Deletion	52
X	1295655	1295536	Deletion	119
X	1311043	1310948	Deletion	95
X	1311043	1310952	Deletion	91
X	1311043	1310957	Deletion	86
X	1311043	1310966	Deletion	77
X	1311043	1310982	Deletion	61
X	1311043	1310993	Deletion	50
X	1332249	1332134	Deletion	115
X	1332174	1332134	Deletion	40
X	1332210	1332134	Deletion	76
X	1332165	1332134	Deletion	31
X	1332169	1332134	Deletion	35
X	1332199	1332134	Deletion	65
X	1332235	1332134	Deletion	101
X	1332183	1332134	Deletion	49
X	1333036	1332934	Deletion	102
X	1333036	1332953	Deletion	83
X	1333036	1332961	Deletion	75
X	1333036	1332973	Deletion	63
X	1333036	1332973	Deletion	63
X	1333036	1333000	Deletion	36
X	1334840	1334774	Deletion	66
X	1334828	1334774	Deletion	54
X	1334840	1334774	Deletion	66
X	1334867	1334774	Deletion	93
X	1334820	1334774	Deletion	46
X	1343143	1343040	Deletion	103
X	1343143	1343091	Deletion	52
X	1343301	1343192	Deletion	109
X	1343267	1343192	Deletion	75
X	1351023	1350899	Deletion	124
X	1358296	1358236	Deletion	60
X	1358910	1358864	Deletion	46
X	1359887	1359792	Deletion	95
X	1361608	1361519	Deletion	89
X	1361850	1361813	Deletion	37
X	1363557	1363460	Deletion	97
X	1367120	1367066	Deletion	54
X	1367735	1367621	Deletion	114
X	1367735	1367673	Deletion	62
X	1367735	1367703	Deletion	32
X	1382869	1382805	Deletion	64
X	1382924	1382805	Deletion	119
X	1382899	1382805	Deletion	94
X	1382867	1382805	Deletion	62
X	1382839	1382805	Deletion	34
X	1385176	1385057	Deletion	119
X	1385176	1385064	Deletion	112
X	1385176	1385068	Deletion	108
X	1385176	1385074	Deletion	102
X	1385176	1385093	Deletion	83
X	1385176	1385127	Deletion	49
X	1385327	1385250	Deletion	77
X	1385353	1385250	Deletion	103
X	1385293	1385250	Deletion	43
X	1385349	1385250	Deletion	99
X	1385369	1385250	Deletion	119
X	1388256	1388138	Deletion	118
X	1388256	1388167	Deletion	89
X	1388256	1388175	Deletion	81
X	1388256	1388196	Deletion	60
X	1388256	1388200	Deletion	56
X	1388256	1388214	Deletion	42
X	1388256	1388217	Deletion	39
X	1413156	1413118	Deletion	38
X	1413189	1413118	Deletion	71
X	1413185	1413118	Deletion	67
X	1413224	1413118	Deletion	106
X	1413234	1413118	Deletion	116
X	1413203	1413118	Deletion	85
X	1413206	1413118	Deletion	88
X	1413164	1413118	Deletion	46
X	1414031	1413914	Deletion	117
X	1418085	1417970	Deletion	115
X	1418085	1417983	Deletion	102
X	1418085	1417991	Deletion	94
X	1418085	1418002	Deletion	83
X	1418085	1418019	Deletion	66
X	1418085	1418021	Deletion	64
X	1418661	1418629	Deletion	32
X	1418672	1418629	Deletion	43
X	1418689	1418629	Deletion	60
X	1418691	1418629	Deletion	62
X	1418743	1418629	Deletion	114
X	1423621	1423529	Deletion	92
X	1423621	1423561	Deletion	60
X	1423757	1423722	Deletion	35
X	1423789	1423722	Deletion	67
X	1423844	1423722	Deletion	122
X	1423830	1423722	Deletion	108
X	1423833	1423722	Deletion	111
X	1436514	1436420	Deletion	94
X	1436514	1436425	Deletion	89
X	1436514	1436449	Deletion	65
X	1436514	1436480	Deletion	34
X	1436514	1436480	Deletion	34
X	1436514	1436482	Deletion	32
X	1437413	1437350	Deletion	63
X	1437444	1437350	Deletion	94
X	1437389	1437350	Deletion	39
X	1437384	1437350	Deletion	34
X	1437444	1437350	Deletion	94
X	1437446	1437350	Deletion	96
X	1439698	1439582	Deletion	116
X	1439698	1439585	Deletion	113
X	1439698	1439629	Deletion	69
X	1439698	1439629	Deletion	69
X	1444163	1444051	Deletion	112
X	1444109	1444051	Deletion	58
X	1444109	1444051	Deletion	58
X	1446437	1446323	Deletion	114
X	1447726	1447602	Deletion	124
X	1448100	1447995	Deletion	105
X	1448100	1448012	Deletion	88
X	1448100	1448017	Deletion	83
X	1448100	1448034	Deletion	66
X	1448100	1448063	Deletion	37
X	1448100	1448064	Deletion	36
X	1448950	1448859	Deletion	91
X	1448898	1448859	Deletion	39
X	1448903	1448859	Deletion	44
X	1448963	1448859	Deletion	104
X	1448920	1448859	Deletion	61
X	1448972	1448859	Deletion	113
X	1448962	1448859	Deletion	103
X	1448949	1448859	Deletion	90
X	1449094	1448988	Deletion	106
X	1449094	1448988	Deletion	106
X	1449094	1449032	Deletion	62
X	1449094	1449062	Deletion	32
X	1449094	1449063	Deletion	31
X	1454338	1454242	Deletion	96
X	1454348	1454242	Deletion	106
X	1454307	1454242	Deletion	65
X	1454337	1454242	Deletion	95
X	1454423	1454301	Deletion	122
X	1454423	1454326	Deletion	97
X	1454423	1454341	Deletion	82
X	1454423	1454393	Deletion	30
X	1454643	1454549	Deletion	94
X	1454622	1454549	Deletion	73
X	1454657	1454549	Deletion	108
X	1454608	1454549	Deletion	59
X	1454669	1454549	Deletion	120
X	1454662	1454549	Deletion	113
X	1454593	1454549	Deletion	44
X	1454670	1454549	Deletion	121
X	1454660	1454549	Deletion	111
X	1454645	1454549	Deletion	96
X	1454714	1454647	Deletion	67
X	1454714	1454650	Deletion	64
X	1454714	1454661	Deletion	53
X	1454714	1454682	Deletion	32
X	1454902	1454840	Deletion	62
X	1455950	1455857	Deletion	93
X	1455950	1455866	Deletion	84
X	1455950	1455874	Deletion	76
X	1455950	1455879	Deletion	71
X	1455950	1455903	Deletion	47
X	1457891	1457848	Deletion	43
X	1457904	1457848	Deletion	56
X	1457899	1457848	Deletion	51
X	1457966	1457848	Deletion	118
X	1457882	1457848	Deletion	34
X	1457928	1457848	Deletion	80
X	1457974	1457892	Deletion	82
X	1457974	1457898	Deletion	76
X	1457974	1457909	Deletion	65
X	1457974	1457917	Deletion	57
X	1457974	1457922	Deletion	52
X	1486508	1486458	Deletion	50
X	1486507	1486458	Deletion	49
X	1486508	1486458	Deletion	50
X	1486508	1486458	Deletion	50
X	1486508	1486458	Deletion	50
X	1486508	1486462	Deletion	46
X	1486508	1486477	Deletion	31
X	1496383	1496302	Deletion	81
X	1496332	1496302	Deletion	30
X	1496398	1496302	Deletion	96
X	1509232	1509114	Deletion	118
X	1509232	1509120	Deletion	112
X	1509232	1509152	Deletion	80
X	1509232	1509158	Deletion	74
X	1509232	1509174	Deletion	58
X	1509232	1509197	Deletion	35
X	1519007	1518919	Deletion	88
X	1518988	1518919	Deletion	69
X	1519764	1519645	Deletion	119
X	1522230	1522146	Deletion	84
X	1529532	1529452	Deletion	80
X	1529532	1529472	Deletion	60
X	1529532	1529472	Deletion	60
X	1532060	1531946	Deletion	114
X	1531994	1531946	Deletion	48
X	1532014	1531946	Deletion	68
X	1532014	1531946	Deletion	68
X	1571986	1571940	Deletion	46
X	1572053	1571940	Deletion	113
X	1572046	1571940	Deletion	106
X	1572714	1572616	Deletion	98
X	1572714	1572619	Deletion	95
X	1572714	1572676	Deletion	38
X	1572714	1572679	Deletion	35
X	1572714	1572679	Deletion	35
X	1575328	1575297	Deletion	31
X	1575388	1575297	Deletion	91
X	1575388	1575297	Deletion	91
X	1575385	1575297	Deletion	88
X	1587422	1587368	Deletion	54
X	1587422	1587369	Deletion	53
X	1587422	1587388	Deletion	34
X	1587803	1587729	Deletion	74
X	1587804	1587729	Deletion	75
X	1587853	1587729	Deletion	124
X	1587840	1587729	Deletion	111
X	1587823	1587729	Deletion	94
X	1596270	1596144	Deletion	126
X	1601017	1600900	Deletion	117
X	1610208	1610094	Deletion	114
X	1610208	1610097	Deletion	111
X	1610208	1610104	Deletion	104
X	1610208	1610178	Deletion	30
X	1610950	1610854	Deletion	96
X	1610975	1610854	Deletion	121
X	1610961	1610854	Deletion	107
X	1617492	1617406	Deletion	86
X	1617492	1617441	Deletion	51
X	1617492	1617447	Deletion	45
X	1617492	1617455	Deletion	37
X	1624082	1623984	Deletion	98
X	1624059	1623984	Deletion	75
X	1624087	1623984	Deletion	103
X	1624024	1623984	Deletion	40
X	1624073	1623984	Deletion	89
X	1624065	1623984	Deletion	81
X	1624100	1623984	Deletion	116
X	1631438	1631331	Deletion	107
X	1631429	1631331	Deletion	98
X	1633522	1633405	Deletion	117
X	1633522	1633405	Deletion	117
X	1633522	1633471	Deletion	51
X	1635685	1635629	Deletion	56
X	1635753	1635629	Deletion	124
X	1635714	1635629	Deletion	85
X	1635697	1635629	Deletion	68
X	1635704	1635629	Deletion	75
X	1635710	1635629	Deletion	81
X	1654870	1654747	Deletion	123
X	1654870	1654757	Deletion	113
X	1654870	1654825	Deletion	45
X	1654870	1654835	Deletion	35
X	1654870	1654837	Deletion	33
X	1656622	1656541	Deletion	81
X	1656632	1656541	Deletion	91
X	1656658	1656541	Deletion	117
X	1656641	1656541	Deletion	100
X	1656634	1656541	Deletion	93
X	1684022	1683901	Deletion	121
X	1691141	1691032	Deletion	109
X	1691141	1691051	Deletion	90
X	1691141	1691081	Deletion	60
X	1691141	1691086	Deletion	55
X	1691141	1691104	Deletion	37
X	1693670	1693634	Deletion	36
X	1693705	1693634	Deletion	71
X	1693723	1693634	Deletion	89
X	1693700	1693634	Deletion	66
X	1696690	1696570	Deletion	120
X	1696690	1696578	Deletion	112
X	1696984	1696870	Deletion	114
X	1699199	1699086	Deletion	113
X	1699199	1699087	Deletion	112
X	1699199	1699128	Deletion	71
X	1699198	1699149	Deletion	49
X	1699194	1699161	Deletion	33
X	1708961	1708838	Deletion	123
X	1708954	1708838	Deletion	116
X	1708894	1708838	Deletion	56
X	1708928	1708838	Deletion	90
X	1708915	1708839	Deletion	76
X	1737416	1737341	Deletion	75
X	1738463	1738396	Deletion	67
X	1738588	1738503	Deletion	85
X	1739458	1739356	Deletion	102
X	1739821	1739762	Deletion	59
X	1741911	1741870	Deletion	41
X	1742253	1742182	Deletion	71
X	1743055	1743018	Deletion	37
X	1743770	1743676	Deletion	94
X	1743938	1743830	Deletion	108
X	1744033	1743958	Deletion	75
X	1757314	1757192	Deletion	122
X	1773266	1773177	Deletion	89
X	1773266	1773198	Deletion	68
X	1773266	1773230	Deletion	36
X	1773929	1773871	Deletion	58
X	1773961	1773871	Deletion	90
X	1773908	1773871	Deletion	37
X	1777320	1777199	Deletion	121
X	1783413	1783292	Deletion	121
X	1813952	1813860	Deletion	92
X	1813952	1813919	Deletion	33
X	1820483	1820388	Deletion	95
X	1820424	1820388	Deletion	36
X	1851976	1851857	Deletion	119
X	1851965	1851857	Deletion	108
X	1852763	1852662	Deletion	101
X	1852763	1852668	Deletion	95
X	1852763	1852673	Deletion	90
X	1852763	1852690	Deletion	73
X	1852763	1852695	Deletion	68
X	1854777	1854658	Deletion	119
X	1854711	1854658	Deletion	53
X	1854782	1854658	Deletion	124
X	1854716	1854658	Deletion	58
X	1854689	1854658	Deletion	31
X	1854694	1854658	Deletion	36
X	1854761	1854661	Deletion	100
X	1863375	1863304	Deletion	71
X	1863375	1863308	Deletion	67
X	1867309	1867248	Deletion	61
X	1867361	1867248	Deletion	113
X	1867364	1867248	Deletion	116
X	1867305	1867248	Deletion	57
X	1868581	1868467	Deletion	114
X	1868581	1868495	Deletion	86
X	1868581	1868501	Deletion	80
X	1868581	1868521	Deletion	60
X	1868581	1868532	Deletion	49
X	1868581	1868544	Deletion	37
X	1868720	1868642	Deletion	78
X	1868732	1868642	Deletion	90
X	1868689	1868642	Deletion	47
X	1868683	1868642	Deletion	41
X	1868755	1868642	Deletion	113
X	1868757	1868642	Deletion	115
X	1868757	1868642	Deletion	115
X	1868709	1868642	Deletion	67
X	1869154	1869044	Deletion	110
X	1869154	1869065	Deletion	89
X	1869154	1869067	Deletion	87
X	1869154	1869103	Deletion	51
X	1869154	1869106	Deletion	48
X	1870047	1869969	Deletion	78
X	1870044	1869969	Deletion	75
X	1870006	1869969	Deletion	37
X	1870008	1869969	Deletion	39
X	1877066	1876962	Deletion	104
X	1877066	1876972	Deletion	94
X	1877066	1877012	Deletion	54
X	1881528	1881495	Deletion	33
X	1881568	1881495	Deletion	73
X	1894825	1894702	Deletion	123
X	1900613	1900497	Deletion	116
X	1900613	1900527	Deletion	86
X	1900613	1900531	Deletion	82
X	1900613	1900532	Deletion	81
X	1900613	1900577	Deletion	36
X	1907008	1906900	Deletion	108
X	1906992	1906900	Deletion	92
X	1906942	1906900	Deletion	42
X	1906947	1906900	Deletion	47
X	1906946	1906900	Deletion	46
X	1932041	1931923	Deletion	118
X	1932041	1931936	Deletion	105
X	1934597	1934510	Deletion	87
X	1945075	1944958	Deletion	117
X	1945075	1944972	Deletion	103
X	1945075	1945011	Deletion	64
X	1945075	1945014	Deletion	61
X	1945075	1945045	Deletion	30
X	1945969	1945904	Deletion	65
X	1946022	1945904	Deletion	118
X	1946002	1945904	Deletion	98
X	1945966	1945904	Deletion	62
X	1946000	1945904	Deletion	96
X	1957181	1957057	Deletion	124
X	1967453	1967335	Deletion	118
X	1967453	1967338	Deletion	115
X	1967453	1967344	Deletion	109
X	1967453	1967351	Deletion	102
X	1967453	1967412	Deletion	41
X	1967453	1967415	Deletion	38
X	1967453	1967418	Deletion	35
X	1967453	1967421	Deletion	32
X	1967676	1967591	Deletion	85
X	1967679	1967591	Deletion	88
X	1967704	1967591	Deletion	113
X	1967685	1967591	Deletion	94
X	1967709	1967591	Deletion	118
X	1967713	1967591	Deletion	122
X	1967682	1967591	Deletion	91
X	1967693	1967591	Deletion	102
X	1968026	1967954	Deletion	72
X	1968026	1967970	Deletion	56
X	1968026	1967974	Deletion	52
X	1968026	1967982	Deletion	44
X	1968026	1967995	Deletion	31
X	1968480	1968409	Deletion	71
X	1968484	1968409	Deletion	75
X	1968492	1968409	Deletion	83
X	1968464	1968409	Deletion	55
X	1968517	1968409	Deletion	108
X	1968505	1968409	Deletion	96
X	1970236	1970183	Deletion	53
X	1970363	1970289	Deletion	74
X	1985475	1985355	Deletion	120
X	1990188	1990067	Deletion	121
X	1990188	1990086	Deletion	102
X	1990188	1990153	Deletion	35
X	1997407	1997315	Deletion	92
X	1997413	1997315	Deletion	98
X	2004478	2004359	Deletion	119
X	2004478	2004369	Deletion	109
X	2004478	2004371	Deletion	107
X	2004478	2004396	Deletion	82
X	2004478	2004399	Deletion	79
X	2004478	2004402	Deletion	76
X	2004478	2004445	Deletion	33
X	2005173	2005129	Deletion	44
X	2005229	2005129	Deletion	100
X	2005222	2005129	Deletion	93
X	2005226	2005129	Deletion	97
X	2005235	2005129	Deletion	106
X	2005179	2005129	Deletion	50
X	2005176	2005129	Deletion	47
X	2016539	2016427	Deletion	112
X	2016539	2016435	Deletion	104
X	2016539	2016455	Deletion	84
X	2016539	2016468	Deletion	71
X	2016539	2016504	Deletion	35
X	2018165	2018074	Deletion	91
X	2018116	2018074	Deletion	42
X	2018190	2018074	Deletion	116
X	2018129	2018074	Deletion	55
X	2018793	2018669	Deletion	124
X	2031181	2031058	Deletion	123
X	2035287	2035209	Deletion	78
X	2035562	2035516	Deletion	46
X	2084522	2084426	Deletion	96
X	2084522	2084435	Deletion	87
X	2084522	2084466	Deletion	56
X	2084522	2084470	Deletion	52
X	2084522	2084482	Deletion	40
X	2084692	2084616	Deletion	76
X	2084657	2084616	Deletion	41
X	2084688	2084616	Deletion	72
X	2084704	2084616	Deletion	88
X	2084728	2084616	Deletion	112
X	2084723	2084616	Deletion	107
X	2084740	2084616	Deletion	124
X	2084648	2084616	Deletion	32
X	2084778	2084671	Deletion	107
X	2084778	2084676	Deletion	102
X	2084778	2084693	Deletion	85
X	2084778	2084716	Deletion	62
X	2084778	2084726	Deletion	52
X	2085704	2085640	Deletion	64
X	2085756	2085640	Deletion	116
X	2085739	2085640	Deletion	99
X	2085739	2085640	Deletion	99
X	2085745	2085640	Deletion	105
X	2085714	2085640	Deletion	74
X	2085681	2085640	Deletion	41
X	2088434	2088311	Deletion	123
X	2094980	2094862	Deletion	118
X	2094980	2094907	Deletion	73
X	2095934	2095832	Deletion	102
X	2095953	2095832	Deletion	121
X	2095941	2095832	Deletion	109
X	2095937	2095832	Deletion	105
X	2095885	2095832	Deletion	53
X	2096234	2096131	Deletion	103
X	2096234	2096137	Deletion	97
X	2096234	2096203	Deletion	31
X	2112622	2112592	Deletion	30
X	2112688	2112592	Deletion	96
X	2112700	2112592	Deletion	108
X	2112703	2112592	Deletion	111
X	2113359	2113269	Deletion	90
X	2113359	2113272	Deletion	87
X	2113359	2113284	Deletion	75
X	2113359	2113289	Deletion	70
X	2113359	2113302	Deletion	57
X	2113359	2113321	Deletion	38
X	2129805	2129706	Deletion	99
X	2129794	2129706	Deletion	88
X	2129762	2129706	Deletion	56
X	2129807	2129706	Deletion	101
X	2129742	2129706	Deletion	36
X	2129775	2129706	Deletion	69
X	2129757	2129706	Deletion	51
X	2129745	2129706	Deletion	39
X	2135049	2134966	Deletion	83
X	2135049	2134984	Deletion	65
X	2135049	2135019	Deletion	30
X	2137790	2137680	Deletion	110
X	2137742	2137680	Deletion	62
X	2137801	2137680	Deletion	121
X	2137777	2137680	Deletion	97
X	2137724	2137680	Deletion	44
X	2145248	2145162	Deletion	86
X	2145248	2145178	Deletion	70
X	2145248	2145181	Deletion	67
X	2152994	2152934	Deletion	60
X	2152991	2152934	Deletion	57
X	2152975	2152934	Deletion	41
X	2153052	2152934	Deletion	118
X	2159424	2159300	Deletion	124
X	2161296	2161198	Deletion	98
X	2161296	2161257	Deletion	39
X	2178261	2178177	Deletion	84
X	2191016	2190895	Deletion	121
X	2194521	2194395	Deletion	126
X	2200212	2200124	Deletion	88
X	2200212	2200143	Deletion	69
X	2200212	2200162	Deletion	50
X	2201920	2201863	Deletion	57
X	2201985	2201863	Deletion	122
X	2201901	2201863	Deletion	38
X	2201939	2201863	Deletion	76
X	2201983	2201863	Deletion	120
X	2207519	2207437	Deletion	82
X	2207519	2207446	Deletion	73
X	2217614	2217493	Deletion	121
X	2217537	2217493	Deletion	44
X	2217546	2217493	Deletion	53
X	2222715	2222606	Deletion	109
X	2222715	2222623	Deletion	92
X	2222715	2222633	Deletion	82
X	2222715	2222658	Deletion	57
X	2223464	2223418	Deletion	46
X	2223518	2223418	Deletion	100
X	2223489	2223418	Deletion	71
X	2223454	2223418	Deletion	36
X	2236889	2236766	Deletion	123
X	2237099	2237014	Deletion	85
X	2237099	2237020	Deletion	79
X	2237099	2237048	Deletion	51
X	2237099	2237053	Deletion	46
X	2240118	2240011	Deletion	107
X	2240108	2240011	Deletion	97
X	2240091	2240011	Deletion	80
X	2240058	2240011	Deletion	47
X	2240127	2240011	Deletion	116
X	2240052	2240011	Deletion	41
X	2240086	2240011	Deletion	75
X	2241392	2241268	Deletion	124
X	2244695	2244634	Deletion	61
X	2244695	2244651	Deletion	44
X	2244695	2244656	Deletion	39
X	2265207	2265097	Deletion	110
X	2265179	2265097	Deletion	82
X	2265184	2265097	Deletion	87
X	2265162	2265097	Deletion	65
X	2265195	2265097	Deletion	98
X	2267272	2267167	Deletion	105
X	2267272	2267182	Deletion	90
X	2267272	2267200	Deletion	72
X	2267272	2267240	Deletion	32
X	2283547	2283493	Deletion	54
X	2283529	2283493	Deletion	36
X	2283587	2283493	Deletion	94
X	2283818	2283700	Deletion	118
X	2283818	2283714	Deletion	104
X	2283818	2283729	Deletion	89
X	2283818	2283731	Deletion	87
X	2283818	2283738	Deletion	80
X	2283818	2283752	Deletion	66
X	2283818	2283775	Deletion	43
X	2284103	2284042	Deletion	61
X	2284082	2284042	Deletion	40
X	2284080	2284042	Deletion	38
X	2284126	2284042	Deletion	84
X	2284089	2284042	Deletion	47
X	2284146	2284042	Deletion	104
X	2310461	2310368	Deletion	93
X	2310904	2310810	Deletion	94
X	2311112	2311013	Deletion	99
X	2311112	2311030	Deletion	82
X	2316371	2316288	Deletion	83
X	2328393	2328270	Deletion	123
X	2335543	2335466	Deletion	77
X	2335543	2335467	Deletion	76
X	2336294	2336195	Deletion	99
X	2336244	2336195	Deletion	49
X	2336245	2336195	Deletion	50
X	2336319	2336195	Deletion	124
X	2343536	2343415	Deletion	121
X	2343536	2343416	Deletion	120
X	2343536	2343435	Deletion	101
X	2343536	2343440	Deletion	96
X	2343536	2343441	Deletion	95
X	2343536	2343445	Deletion	91
X	2343536	2343477	Deletion	59
X	2343536	2343481	Deletion	55
X	2345069	2345038	Deletion	31
X	2345109	2345038	Deletion	71
X	2345147	2345038	Deletion	109
X	2345105	2345038	Deletion	67
X	2345068	2345038	Deletion	30
X	2345135	2345038	Deletion	97
X	2345073	2345038	Deletion	35
X	2345144	2345038	Deletion	106
X	2376852	2376731	Deletion	121
X	2376852	2376816	Deletion	36
X	2376852	2376822	Deletion	30
X	2380414	2380323	Deletion	91
X	2380420	2380323	Deletion	97
X	2380445	2380323	Deletion	122
X	2380421	2380323	Deletion	98
X	2383458	2383336	Deletion	122
X	2400320	2400247	Deletion	73
X	2401057	2400967	Deletion	90
X	2404211	2404108	Deletion	103
X	2404598	2404539	Deletion	59
X	2404961	2404880	Deletion	81
X	2408150	2408114	Deletion	36
X	2413623	2413561	Deletion	62
X	2413671	2413561	Deletion	110
X	2413656	2413561	Deletion	95
X	2413643	2413561	Deletion	82
X	2413672	2413561	Deletion	111
X	2418499	2418379	Deletion	120
X	2418499	2418392	Deletion	107
X	2418499	2418392	Deletion	107
X	2418499	2418396	Deletion	103
X	2418499	2418396	Deletion	103
X	2418499	2418417	Deletion	82
X	2418499	2418426	Deletion	73
X	2436018	2435965	Deletion	53
X	2436009	2435965	Deletion	44
X	2436084	2435965	Deletion	119
X	2453443	2453325	Deletion	118
X	2453443	2453336	Deletion	107
X	2453443	2453337	Deletion	106
X	2453443	2453361	Deletion	82
X	2453443	2453369	Deletion	74
X	2453443	2453392	Deletion	51
X	2453443	2453408	Deletion	35
X	2454588	2454513	Deletion	75
X	2454604	2454513	Deletion	91
X	2454565	2454513	Deletion	52
X	2454619	2454513	Deletion	106
X	2454636	2454513	Deletion	123
X	2454557	2454513	Deletion	44
X	2464312	2464190	Deletion	122
X	2464312	2464253	Deletion	59
X	2464312	2464266	Deletion	46
X	2472463	2472396	Deletion	67
X	2472476	2472396	Deletion	80
X	2477603	2477488	Deletion	115
X	2477603	2477500	Deletion	103
X	2477603	2477505	Deletion	98
X	2477603	2477525	Deletion	78
X	2477603	2477526	Deletion	77
X	2477603	2477559	Deletion	44
X	2477603	2477563	Deletion	40
X	2481358	2481235	Deletion	123
X	2481317	2481235	Deletion	82
X	2481321	2481235	Deletion	86
X	2481333	2481235	Deletion	98
X	2481284	2481235	Deletion	49
X	2481283	2481235	Deletion	48
X	2487579	2487464	Deletion	115
X	2487579	2487486	Deletion	93
X	2487579	2487486	Deletion	93
X	2487579	2487503	Deletion	76
X	2487579	2487511	Deletion	68
X	2487579	2487526	Deletion	53
X	2489314	2489241	Deletion	73
X	2489274	2489241	Deletion	33
X	2489299	2489241	Deletion	58
X	2489274	2489241	Deletion	33
X	2489291	2489241	Deletion	50
X	2500412	2500303	Deletion	109
X	2500412	2500365	Deletion	47
X	2500412	2500380	Deletion	32
X	2500412	2500381	Deletion	31
X	2501297	2501202	Deletion	95
X	2501281	2501202	Deletion	79
X	2501296	2501202	Deletion	94
X	2501313	2501202	Deletion	111
X	2502231	2502109	Deletion	122
X	2503326	2503203	Deletion	123
X	2505049	2504983	Deletion	66
X	2505049	2504992	Deletion	57
X	2510718	2510608	Deletion	110
X	2510680	2510608	Deletion	72
X	2510671	2510608	Deletion	63
X	2517614	2517492	Deletion	122
X	2519914	2519797	Deletion	117
X	2550656	2550535	Deletion	121
X	2578386	2578262	Deletion	124
X	2578532	2578458	Deletion	74
X	2578532	2578459	Deletion	73
X	2581991	2581880	Deletion	111
X	2582000	2581880	Deletion	120
X	2581934	2581880	Deletion	54
X	2581982	2581880	Deletion	102
X	2581973	2581880	Deletion	93
X	2581933	2581880	Deletion	53
X	2582000	2581880	Deletion	120
X	2589973	2589867	Deletion	106
X	2589973	2589881	Deletion	92
X	2589973	2589883	Deletion	90
X	2589973	2589884	Deletion	89
X	2589973	2589887	Deletion	86
X	2589973	2589889	Deletion	84
X	2589973	2589920	Deletion	53
X	2590069	2590029	Deletion	40
X	2590071	2590029	Deletion	42
X	2590066	2590029	Deletion	37
X	2590065	2590029	Deletion	36
X	2590102	2590029	Deletion	73
X	2590063	2590029	Deletion	34
X	2594210	2594094	Deletion	116
X	2595827	2595749	Deletion	78
X	2595827	2595752	Deletion	75
X	2595827	2595766	Deletion	61
X	2595827	2595793	Deletion	34
X	2595827	2595796	Deletion	31
X	2600155	2600090	Deletion	65
X	2600182	2600090	Deletion	92
X	2600141	2600090	Deletion	51
X	2600138	2600090	Deletion	48
X	2600185	2600090	Deletion	95
X	2603715	2603615	Deletion	100
X	2603713	2603656	Deletion	57
X	2607125	2607057	Deletion	68
X	2611049	2610952	Deletion	97
X	2611664	2611544	Deletion	120
X	2611664	2611613	Deletion	51
X	2612055	2611939	Deletion	116
X	2614260	2614162	Deletion	98
X	2614743	2614638	Deletion	105
X	2615146	2615034	Deletion	112
X	2615735	2615695	Deletion	40
X	2616881	2616760	Deletion	121
X	2617840	2617717	Deletion	123
X	2617840	2617726	Deletion	114
X	2617840	2617736	Deletion	104
X	2617840	2617743	Deletion	97
X	2617840	2617744	Deletion	96
X	2617840	2617756	Deletion	84
X	2617840	2617761	Deletion	79
X	2617840	2617776	Deletion	64
X	2618136	2618093	Deletion	43
X	2618141	2618093	Deletion	48
X	2618156	2618093	Deletion	63
X	2618123	2618093	Deletion	30
X	2618205	2618093	Deletion	112
X	2618124	2618093	Deletion	31
X	2623592	2623474	Deletion	118
X	2626244	2626123	Deletion	121
X	2627446	2627334	Deletion	112
X	2627446	2627343	Deletion	103
X	2627446	2627352	Deletion	94
X	2627446	2627356	Deletion	90
X	2627446	2627365	Deletion	81
X	2627446	2627408	Deletion	38
X	2630728	2630696	Deletion	32
X	2630802	2630696	Deletion	106
X	2630784	2630696	Deletion	88
X	2630741	2630696	Deletion	45
X	2630987	2630864	Deletion	123
X	2630986	2630868	Deletion	118
X	2630987	2630877	Deletion	110
X	2630982	2630878	Deletion	104
X	2630987	2630901	Deletion	86
X	2630987	2630903	Deletion	84
X	2630987	2630938	Deletion	49
X	2630987	2630939	Deletion	48
X	2630987	2630945	Deletion	42
X	2630987	2630948	Deletion	39
X	2631714	2631606	Deletion	108
X	2631684	2631606	Deletion	78
X	2631693	2631606	Deletion	87
X	2631645	2631606	Deletion	39
X	2631683	2631606	Deletion	77
X	2631690	2631606	Deletion	84
X	2631648	2631606	Deletion	42
X	2631901	2631784	Deletion	117
X	2639794	2639673	Deletion	121
X	2639794	2639683	Deletion	111
X	2639794	2639690	Deletion	104
X	2639794	2639698	Deletion	96
X	2639794	2639717	Deletion	77
X	2639794	2639719	Deletion	75
X	2639794	2639724	Deletion	70
X	2639794	2639736	Deletion	58
X	2639794	2639764	Deletion	30
X	2642180	2642111	Deletion	69
X	2642213	2642111	Deletion	102
X	2642168	2642111	Deletion	57
X	2642208	2642111	Deletion	97
X	2642224	2642111	Deletion	113
X	2642142	2642111	Deletion	31
X	2642161	2642111	Deletion	50
X	2642163	2642111	Deletion	52
X	2683340	2683228	Deletion	112
X	2683340	2683248	Deletion	92
X	2683340	2683254	Deletion	86
X	2683340	2683266	Deletion	74
X	2689829	2689794	Deletion	35
X	2689835	2689794	Deletion	41
X	2689847	2689794	Deletion	53
X	2690919	2690802	Deletion	117
X	2690919	2690817	Deletion	102
X	2690919	2690827	Deletion	92
X	2690919	2690844	Deletion	75
X	2690919	2690851	Deletion	68
X	2690919	2690881	Deletion	38
X	2690919	2690884	Deletion	35
X	2691117	2691019	Deletion	98
X	2691126	2691019	Deletion	107
X	2691122	2691019	Deletion	103
X	2691077	2691019	Deletion	58
X	2691070	2691019	Deletion	51
X	2691110	2691019	Deletion	91
X	2691107	2691019	Deletion	88
X	2691053	2691019	Deletion	34
X	2696706	2696586	Deletion	120
X	2703143	2703022	Deletion	121
X	2710797	2710677	Deletion	120
X	2710797	2710712	Deletion	85
X	2710797	2710733	Deletion	64
X	2710797	2710746	Deletion	51
X	2712994	2712918	Deletion	76
X	2712981	2712918	Deletion	63
X	2712960	2712918	Deletion	42
X	2719540	2719417	Deletion	123
X	2721264	2721155	Deletion	109
X	2721264	2721160	Deletion	104
X	2721264	2721170	Deletion	94
X	2721264	2721177	Deletion	87
X	2721264	2721211	Deletion	53
X	2721264	2721215	Deletion	49
X	2721264	2721222	Deletion	42
X	2725532	2725493	Deletion	39
X	2725599	2725493	Deletion	106
X	2725566	2725493	Deletion	73
X	2725525	2725493	Deletion	32
X	2725577	2725493	Deletion	84
X	2725610	2725493	Deletion	117
X	2725570	2725493	Deletion	77
X	2735483	2735362	Deletion	121
X	2746856	2746745	Deletion	111
X	2746856	2746746	Deletion	110
X	2746856	2746782	Deletion	74
X	2746856	2746810	Deletion	46
X	2746958	2746906	Deletion	52
X	2746986	2746906	Deletion	80
X	2747005	2746906	Deletion	99
X	2759724	2759603	Deletion	121
X	2779767	2779657	Deletion	110
X	2779767	2779661	Deletion	106
X	2779765	2779720	Deletion	45
X	2779767	2779721	Deletion	46
X	2779767	2779736	Deletion	31
X	2782056	2781974	Deletion	82
X	2782057	2781976	Deletion	81
X	2782072	2781976	Deletion	96
X	2782088	2781976	Deletion	112
X	2787409	2787300	Deletion	109
X	2787409	2787354	Deletion	55
X	2791649	2791576	Deletion	73
X	2791686	2791576	Deletion	110
X	2791677	2791576	Deletion	101
X	2803451	2803333	Deletion	118
X	2807468	2807374	Deletion	94
X	2807468	2807399	Deletion	69
X	2807468	2807429	Deletion	39
X	2807468	2807435	Deletion	33
X	2814256	2814150	Deletion	106
X	2814271	2814150	Deletion	121
X	2814208	2814150	Deletion	58
X	2814183	2814150	Deletion	33
X	2814244	2814150	Deletion	94
X	2814238	2814150	Deletion	88
X	2814269	2814151	Deletion	118
X	2819297	2819246	Deletion	51
X	2825190	2825074	Deletion	116
X	2828374	2828256	Deletion	118
X	2833557	2833449	Deletion	108
X	2833557	2833462	Deletion	95
X	2833557	2833486	Deletion	71
X	2833557	2833503	Deletion	54
X	2833557	2833523	Deletion	34
X	2836020	2835927	Deletion	93
X	2835983	2835927	Deletion	56
X	2836000	2835927	Deletion	73
X	2836035	2835927	Deletion	108
X	2835959	2835927	Deletion	32
X	2846508	2846411	Deletion	97
X	2846612	2846499	Deletion	113
X	2846600	2846570	Deletion	30
X	2847851	2847792	Deletion	59
X	2848372	2848273	Deletion	99
X	2848671	2848559	Deletion	112
X	2848617	2848559	Deletion	58
X	2849411	2849378	Deletion	33
X	2850370	2850266	Deletion	104
X	2860333	2860210	Deletion	123
X	2864032	2863924	Deletion	108
X	2864036	2863932	Deletion	104
X	2864036	2863959	Deletion	77
X	2864036	2863970	Deletion	66
X	2864036	2863975	Deletion	61
X	2864036	2863976	Deletion	60
X	2865510	2865459	Deletion	51
X	2865570	2865459	Deletion	111
X	2865526	2865459	Deletion	67
X	2865527	2865459	Deletion	68
X	2865521	2865459	Deletion	62
X	2874541	2874423	Deletion	118
X	2874541	2874451	Deletion	90
X	2874541	2874491	Deletion	50
X	2874541	2874492	Deletion	49
X	2874541	2874503	Deletion	38
X	2877264	2877228	Deletion	36
X	2877305	2877228	Deletion	77
X	2877304	2877228	Deletion	76
X	2877316	2877228	Deletion	88
X	2877737	2877629	Deletion	108
X	2877737	2877660	Deletion	77
X	2877737	2877681	Deletion	56
X	2877737	2877704	Deletion	33
X	2885526	2885425	Deletion	101
X	2885460	2885425	Deletion	35
X	2885481	2885425	Deletion	56
X	2885543	2885425	Deletion	118
X	2885522	2885425	Deletion	97
X	2885504	2885426	Deletion	78
X	2892750	2892626	Deletion	124
X	2892750	2892629	Deletion	121
X	2892748	2892673	Deletion	75
X	2892750	2892691	Deletion	59
X	2892750	2892707	Deletion	43
X	2896918	2896851	Deletion	67
X	2896934	2896851	Deletion	83
X	2896944	2896851	Deletion	93
X	2896959	2896851	Deletion	108
X	2896900	2896851	Deletion	49
X	2898574	2898471	Deletion	103
X	2898569	2898477	Deletion	92
X	2898574	2898492	Deletion	82
X	2898574	2898501	Deletion	73
X	2898574	2898517	Deletion	57
X	2898574	2898523	Deletion	51
X	2906569	2906515	Deletion	54
X	2906545	2906515	Deletion	30
X	2906591	2906515	Deletion	76
X	2906623	2906515	Deletion	108
X	2906560	2906515	Deletion	45
X	2906585	2906515	Deletion	70
X	2906999	2906916	Deletion	83
X	2906999	2906917	Deletion	82
X	2906999	2906942	Deletion	57
X	2906999	2906949	Deletion	50
X	2906999	2906959	Deletion	40
X	2906999	2906964	Deletion	35
X	2908358	2908257	Deletion	101
X	2908365	2908257	Deletion	108
X	2908301	2908257	Deletion	44
X	2908348	2908257	Deletion	91
X	2908333	2908257	Deletion	76
X	2908343	2908257	Deletion	86
X	2908326	2908257	Deletion	69
X	2908300	2908257	Deletion	43
X	2908845	2908724	Deletion	121
X	2908845	2908736	Deletion	109
X	2908845	2908741	Deletion	104
X	2908845	2908747	Deletion	98
X	2908845	2908769	Deletion	76
X	2912705	2912598	Deletion	107
X	2912648	2912598	Deletion	50
X	2912711	2912598	Deletion	113
X	2916131	2916017	Deletion	114
X	2916131	2916029	Deletion	102
X	2916131	2916033	Deletion	98
X	2929231	2929109	Deletion	122
X	2930341	2930218	Deletion	123
X	2934422	2934308	Deletion	114
X	2934422	2934322	Deletion	100
X	2934422	2934325	Deletion	97
X	2934422	2934325	Deletion	97
X	2934422	2934347	Deletion	75
X	2934422	2934348	Deletion	74
X	2934422	2934383	Deletion	39
X	2934533	2934503	Deletion	30
X	2934602	2934503	Deletion	99
X	2934591	2934503	Deletion	88
X	2934556	2934503	Deletion	53
X	2934612	2934503	Deletion	109
X	2934533	2934503	Deletion	30
X	2934607	2934503	Deletion	104
X	2934555	2934503	Deletion	52
X	2934789	2934666	Deletion	123
X	2934789	2934681	Deletion	108
X	2934789	2934726	Deletion	63
X	2934789	2934742	Deletion	47
X	2934789	2934749	Deletion	40
X	2934789	2934755	Deletion	34
X	2934789	2934756	Deletion	33
X	2937109	2937003	Deletion	106
X	2937089	2937003	Deletion	86
X	2937095	2937003	Deletion	92
X	2937112	2937003	Deletion	109
X	2937096	2937003	Deletion	93
X	2937066	2937003	Deletion	63
X	2937082	2937003	Deletion	79
X	2937110	2937003	Deletion	107
X	2951873	2951820	Deletion	53
X	2956330	2956257	Deletion	73
X	2956370	2956257	Deletion	113
X	2960700	2960584	Deletion	116
X	2960700	2960593	Deletion	107
X	2960700	2960611	Deletion	89
X	2960700	2960621	Deletion	79
X	2960700	2960634	Deletion	66
X	2960700	2960641	Deletion	59
X	2981503	2981466	Deletion	37
X	2981533	2981466	Deletion	67
X	2981526	2981466	Deletion	60
X	2981513	2981466	Deletion	47
X	2992728	2992605	Deletion	123
X	2994469	2994348	Deletion	121
X	3005894	3005773	Deletion	121
X	3011532	3011438	Deletion	94
X	3011531	3011453	Deletion	78
X	3011532	3011456	Deletion	76
X	3011532	3011485	Deletion	47
X	3013885	3013772	Deletion	113
X	3013852	3013772	Deletion	80
X	3013805	3013772	Deletion	33
X	3013823	3013772	Deletion	51
X	3013820	3013773	Deletion	47
X	3015661	3015548	Deletion	113
X	3015661	3015557	Deletion	104
X	3015661	3015583	Deletion	78
X	3015661	3015595	Deletion	66
X	3020435	3020374	Deletion	61
X	3020483	3020374	Deletion	109
X	3020423	3020374	Deletion	49
X	3021666	3021594	Deletion	72
X	3022032	3021978	Deletion	54
X	3024776	3024694	Deletion	82
X	3024776	3024697	Deletion	79
X	3024776	3024712	Deletion	64
X	3024776	3024731	Deletion	45
X	3024776	3024734	Deletion	42
X	3024923	3024859	Deletion	64
X	3024942	3024859	Deletion	83
X	3024905	3024859	Deletion	46
X	3024945	3024859	Deletion	86
X	3024908	3024862	Deletion	46
X	3025954	3025838	Deletion	116
X	3041934	3041841	Deletion	93
X	3041934	3041854	Deletion	80
X	3041934	3041889	Deletion	45
X	3042735	3042649	Deletion	86
X	3042700	3042649	Deletion	51
X	3042687	3042649	Deletion	38
X	3042769	3042649	Deletion	120
X	3049251	3049141	Deletion	110
X	3049251	3049170	Deletion	81
X	3049251	3049184	Deletion	67
X	3049251	3049210	Deletion	41
X	3052234	3052147	Deletion	87
X	3052208	3052147	Deletion	61
X	3052260	3052147	Deletion	113
X	3052194	3052147	Deletion	47
X	3078138	3078043	Deletion	95
X	3078340	3078240	Deletion	100
X	3080426	3080331	Deletion	95
X	3091952	3091890	Deletion	62
X	3091952	3091910	Deletion	42
X	3101238	3101153	Deletion	85
X	3101218	3101153	Deletion	65
X	3101259	3101153	Deletion	106
X	3101255	3101153	Deletion	102
X	3127390	3127287	Deletion	103
X	3127390	3127310	Deletion	80
X	3127390	3127329	Deletion	61
X	3127390	3127352	Deletion	38
X	3132139	3132021	Deletion	118
X	3132086	3132021	Deletion	65
X	3132067	3132021	Deletion	46
X	3132109	3132021	Deletion	88
X	3133020	3132899	Deletion	121
X	3136763	3136650	Deletion	113
X	3136763	3136684	Deletion	79
X	3136763	3136716	Deletion	47
X	3136763	3136730	Deletion	33
X	3147256	3147176	Deletion	80
X	3147284	3147176	Deletion	108
X	3147224	3147176	Deletion	48
X	3147270	3147176	Deletion	94
X	3150544	3150451	Deletion	93
X	3150544	3150456	Deletion	88
X	3150544	3150458	Deletion	86
X	3150544	3150459	Deletion	85
X	3154294	3154196	Deletion	98
X	3154230	3154196	Deletion	34
X	3154237	3154196	Deletion	41
X	3154299	3154196	Deletion	103
X	3154235	3154196	Deletion	39
X	3154302	3154196	Deletion	106
X	3154238	3154196	Deletion	42
X	3163200	3163117	Deletion	83
X	3163200	3163135	Deletion	65
X	3163200	3163138	Deletion	62
X	3163200	3163140	Deletion	60
X	3163200	3163154	Deletion	46
X	3163200	3163161	Deletion	39
X	3163200	3163168	Deletion	32
X	3163831	3163787	Deletion	44
X	3163875	3163787	Deletion	88
X	3163855	3163787	Deletion	68
X	3163868	3163787	Deletion	81
X	3163895	3163787	Deletion	108
X	3163882	3163787	Deletion	95
X	3163852	3163787	Deletion	65
X	3163849	3163787	Deletion	62
X	3171577	3171462	Deletion	115
X	3171577	3171477	Deletion	100
X	3171577	3171496	Deletion	81
X	3171577	3171533	Deletion	44
X	3176288	3176170	Deletion	118
X	3176252	3176170	Deletion	82
X	3176215	3176170	Deletion	45
X	3183139	3183063	Deletion	76
X	3183596	3183511	Deletion	85
X	3183974	3183872	Deletion	102
X	3191558	3191448	Deletion	110
X	3191558	3191515	Deletion	43
X	3191558	3191525	Deletion	33
X	3198194	3198110	Deletion	84
X	3198211	3198110	Deletion	101
X	3198204	3198110	Deletion	94
X	3200479	3200363	Deletion	116
X	3203323	3203208	Deletion	115
X	3203323	3203241	Deletion	82
X	3203323	3203264	Deletion	59
X	3203323	3203284	Deletion	39
X	3217729	3217618	Deletion	111
X	3217727	3217618	Deletion	109
X	3217662	3217618	Deletion	44
X	3217685	3217618	Deletion	67
X	3217705	3217618	Deletion	87
X	3219971	3219898	Deletion	73
X	3221878	3221768	Deletion	110
X	3223298	3223214	Deletion	84
X	3223298	3223223	Deletion	75
X	3223473	3223369	Deletion	104
X	3223722	3223622	Deletion	100
X	3225677	3225568	Deletion	109
X	3226572	3226515	Deletion	57
X	3230730	3230609	Deletion	121
X	3230730	3230612	Deletion	118
X	3230730	3230616	Deletion	114
X	3230730	3230622	Deletion	108
X	3230730	3230664	Deletion	66
X	3230730	3230674	Deletion	56
X	3230730	3230690	Deletion	40
X	3233072	3232953	Deletion	119
X	3233065	3232953	Deletion	112
X	3233023	3232953	Deletion	70
X	3233039	3232953	Deletion	86
X	3233013	3232953	Deletion	60
X	3237336	3237241	Deletion	95
X	3237336	3237241	Deletion	95
X	3237336	3237250	Deletion	86
X	3237336	3237277	Deletion	59
X	3238312	3238281	Deletion	31
X	3238393	3238281	Deletion	112
X	3238348	3238281	Deletion	67
X	3238321	3238281	Deletion	40
X	3238401	3238281	Deletion	120
X	3252594	3252534	Deletion	60
X	3252594	3252549	Deletion	45
X	3253050	3252936	Deletion	114
X	3253005	3252936	Deletion	69
X	3253020	3252936	Deletion	84
X	3253038	3252936	Deletion	102
X	3253043	3252936	Deletion	107
X	3255196	3255084	Deletion	112
X	3255196	3255105	Deletion	91
X	3255196	3255136	Deletion	60
X	3255196	3255161	Deletion	35
X	3256353	3256318	Deletion	35
X	3256409	3256318	Deletion	91
X	3256384	3256318	Deletion	66
X	3256430	3256318	Deletion	112
X	3275226	3275125	Deletion	101
X	3275226	3275162	Deletion	64
X	3277482	3277420	Deletion	62
X	3283431	3283310	Deletion	121
X	3291658	3291534	Deletion	124
X	3293799	3293676	Deletion	123
X	3299595	3299493	Deletion	102
X	3299595	3299511	Deletion	84
X	3299595	3299549	Deletion	46
X	3307845	3307765	Deletion	80
X	3307807	3307765	Deletion	42
X	3314476	3314353	Deletion	123
X	3314476	3314355	Deletion	121
X	3314476	3314372	Deletion	104
X	3314476	3314426	Deletion	50
X	3314476	3314442	Deletion	34
X	3314704	3314627	Deletion	77
X	3314720	3314627	Deletion	93
X	3323956	3323838	Deletion	118
X	3323956	3323884	Deletion	72
X	3323956	3323926	Deletion	30
X	3329504	3329449	Deletion	55
X	3329555	3329449	Deletion	106
X	3329571	3329449	Deletion	122
X	3329546	3329449	Deletion	97
X	3329562	3329449	Deletion	113
X	3329559	3329449	Deletion	110
X	3333659	3333553	Deletion	106
X	3355372	3355253	Deletion	119
X	3355372	3355255	Deletion	117
X	3355372	3355279	Deletion	93
X	3355372	3355298	Deletion	74
X	3355372	3355302	Deletion	70
X	3355372	3355337	Deletion	35
X	3366556	3366521	Deletion	35
X	3366614	3366521	Deletion	93
X	3366579	3366521	Deletion	58
X	3366575	3366521	Deletion	54
X	3379446	3379324	Deletion	122
X	3381459	3381348	Deletion	111
X	3381459	3381366	Deletion	93
X	3381459	3381380	Deletion	79
X	3381459	3381398	Deletion	61
X	3382777	3382671	Deletion	106
X	3382773	3382671	Deletion	102
X	3382783	3382671	Deletion	112
X	3382772	3382671	Deletion	101
X	3382718	3382671	Deletion	47
X	3382736	3382676	Deletion	60
X	3383029	3382905	Deletion	124
X	3383029	3382909	Deletion	120
X	3383029	3382953	Deletion	76
X	3383029	3382977	Deletion	52
X	3383029	3382978	Deletion	51
X	3383029	3382982	Deletion	47
X	3383029	3382983	Deletion	46
X	3383437	3383356	Deletion	81
X	3383432	3383356	Deletion	76
X	3383431	3383356	Deletion	75
X	3383455	3383356	Deletion	99
X	3383407	3383356	Deletion	51
X	3383463	3383356	Deletion	107
X	3383436	3383356	Deletion	80
X	3400759	3400645	Deletion	114
X	3400759	3400649	Deletion	110
X	3400759	3400668	Deletion	91
X	3400759	3400676	Deletion	83
X	3400759	3400695	Deletion	64
X	3400759	3400703	Deletion	56
X	3400759	3400709	Deletion	50
X	3401946	3401910	Deletion	36
X	3401954	3401910	Deletion	44
X	3401987	3401910	Deletion	77
X	3402027	3401910	Deletion	117
X	3401973	3401910	Deletion	63
X	3401981	3401910	Deletion	71
X	3407260	3407138	Deletion	122
X	3415965	3415912	Deletion	53
X	3415978	3415932	Deletion	46
X	3416154	3416074	Deletion	80
X	3420674	3420606	Deletion	68
X	3420678	3420606	Deletion	72
X	3424998	3424878	Deletion	120
X	3424997	3424889	Deletion	108
X	3424993	3424928	Deletion	65
X	3424998	3424934	Deletion	64
X	3424998	3424955	Deletion	43
X	3425835	3425718	Deletion	117
X	3425820	3425718	Deletion	102
X	3425801	3425718	Deletion	83
X	3425780	3425718	Deletion	62
X	3425774	3425718	Deletion	56
X	3427984	3427860	Deletion	124
X	3427984	3427887	Deletion	97
X	3427984	3427931	Deletion	53
X	3427984	3427944	Deletion	40
X	3427984	3427953	Deletion	31
X	3428109	3428036	Deletion	73
X	3428131	3428036	Deletion	95
X	3428134	3428036	Deletion	98
X	3428122	3428036	Deletion	86
X	3431028	3430948	Deletion	80
X	3431028	3430991	Deletion	37
X	3432095	3432005	Deletion	90
X	3432115	3432005	Deletion	110
X	3432052	3432005	Deletion	47
X	3435786	3435664	Deletion	122
X	3436589	3436485	Deletion	104
X	3436589	3436512	Deletion	77
X	3438693	3438644	Deletion	49
X	3438750	3438644	Deletion	106
X	3448139	3448032	Deletion	107
X	3448139	3448077	Deletion	62
X	3448139	3448099	Deletion	40
X	3455352	3455239	Deletion	113
X	3455355	3455239	Deletion	116
X	3455305	3455239	Deletion	66
X	3455327	3455239	Deletion	88
X	3457716	3457601	Deletion	115
X	3457716	3457648	Deletion	68
X	3457716	3457672	Deletion	44
X	3457716	3457674	Deletion	42
X	3457927	3457841	Deletion	86
X	3457929	3457841	Deletion	88
X	3457903	3457841	Deletion	62
X	3459014	3458896	Deletion	118
X	3459014	3458957	Deletion	57
X	3459014	3458964	Deletion	50
X	3469655	3469553	Deletion	102
X	3469667	3469553	Deletion	114
X	3469623	3469553	Deletion	70
X	3469674	3469553	Deletion	121
X	3469630	3469559	Deletion	71
X	3481743	3481621	Deletion	122
X	3481743	3481633	Deletion	110
X	3481743	3481634	Deletion	109
X	3481743	3481679	Deletion	64
X	3483095	3482974	Deletion	121
X	3483037	3482974	Deletion	63
X	3486568	3486449	Deletion	119
X	3486568	3486460	Deletion	108
X	3486568	3486518	Deletion	50
X	3486568	3486530	Deletion	38
X	3486568	3486532	Deletion	36
X	3493416	3493297	Deletion	119
X	3494638	3494565	Deletion	73
X	3497396	3497332	Deletion	64
X	3502145	3502073	Deletion	72
X	3511129	3511082	Deletion	47
X	3511152	3511082	Deletion	70
X	3511152	3511082	Deletion	70
X	3511143	3511082	Deletion	61
X	3511145	3511082	Deletion	63
X	3511149	3511082	Deletion	67
X	3511152	3511082	Deletion	70
X	3511113	3511082	Deletion	31
X	3511134	3511082	Deletion	52
X	3511152	3511082	Deletion	70
X	3511138	3511082	Deletion	56
X	3511152	3511082	Deletion	70
X	3511152	3511120	Deletion	32
X	3511354	3511313	Deletion	41
X	3511358	3511313	Deletion	45
X	3511430	3511313	Deletion	117
X	3511410	3511313	Deletion	97
X	3511435	3511313	Deletion	122
X	3511407	3511313	Deletion	94
X	3511410	3511313	Deletion	97
X	3512730	3512607	Deletion	123
X	3514247	3514145	Deletion	102
X	3514247	3514182	Deletion	65
X	3514247	3514196	Deletion	51
X	3514400	3514325	Deletion	75
X	3514386	3514325	Deletion	61
X	3514426	3514325	Deletion	101
X	3514443	3514327	Deletion	116
X	3519107	3519018	Deletion	89
X	3519107	3519034	Deletion	73
X	3519107	3519036	Deletion	71
X	3519107	3519058	Deletion	49
X	3521740	3521687	Deletion	53
X	3521724	3521687	Deletion	37
X	3521787	3521687	Deletion	100
X	3521764	3521687	Deletion	77
X	3521742	3521687	Deletion	55
X	3531402	3531291	Deletion	111
X	3531402	3531304	Deletion	98
X	3531402	3531311	Deletion	91
X	3531402	3531319	Deletion	83
X	3531589	3531470	Deletion	119
X	3531514	3531470	Deletion	44
X	3531506	3531470	Deletion	36
X	3540583	3540468	Deletion	115
X	3540583	3540470	Deletion	113
X	3540583	3540480	Deletion	103
X	3540583	3540480	Deletion	103
X	3540583	3540497	Deletion	86
X	3540583	3540513	Deletion	70
X	3540583	3540536	Deletion	47
X	3541527	3541470	Deletion	57
X	3541550	3541470	Deletion	80
X	3541583	3541470	Deletion	113
X	3541511	3541470	Deletion	41
X	3549417	3549375	Deletion	42
X	3557134	3557030	Deletion	104
X	3557114	3557030	Deletion	84
X	3557132	3557030	Deletion	102
X	3560417	3560381	Deletion	36
X	3561191	3561087	Deletion	104
X	3561179	3561087	Deletion	92
X	3561196	3561087	Deletion	109
X	3561206	3561087	Deletion	119
X	3561200	3561087	Deletion	113
X	3565418	3565294	Deletion	124
X	3598790	3598683	Deletion	107
X	3600389	3600330	Deletion	59
X	3600870	3600819	Deletion	51
X	3601712	3601591	Deletion	121
X	3602292	3602190	Deletion	102
X	3603185	3603059	Deletion	126
X	3610341	3610220	Deletion	121
X	3611797	3611749	Deletion	48
X	3612812	3612738	Deletion	74
X	3624421	3624299	Deletion	122
X	3626880	3626770	Deletion	110
X	3626880	3626831	Deletion	49
X	3626880	3626834	Deletion	46
X	3626880	3626837	Deletion	43
X	3630066	3629988	Deletion	78
X	3630069	3629988	Deletion	81
X	3630072	3629988	Deletion	84
X	3632924	3632832	Deletion	92
X	3632924	3632852	Deletion	72
X	3632924	3632880	Deletion	44
X	3637628	3637573	Deletion	55
X	3637688	3637573	Deletion	115
X	3637656	3637573	Deletion	83
X	3637608	3637573	Deletion	35
X	3646062	3645940	Deletion	122
X	3655752	3655628	Deletion	124
X	3656370	3656247	Deletion	123
X	3678627	3678506	Deletion	121
X	3679375	3679315	Deletion	60
X	3679375	3679331	Deletion	44
X	3692606	3692524	Deletion	82
X	3692625	3692524	Deletion	101
X	3692634	3692524	Deletion	110
X	3692590	3692524	Deletion	66
X	3692638	3692524	Deletion	114
X	3692633	3692524	Deletion	109
X	3698946	3698867	Deletion	79
X	3698946	3698883	Deletion	63
X	3698946	3698884	Deletion	62
X	3698946	3698892	Deletion	54
X	3698946	3698892	Deletion	54
X	3698946	3698906	Deletion	40
X	3700108	3700044	Deletion	64
X	3700116	3700044	Deletion	72
X	3700149	3700044	Deletion	105
X	3700107	3700044	Deletion	63
X	3700142	3700044	Deletion	98
X	3700167	3700044	Deletion	123
X	3700130	3700044	Deletion	86
X	3700116	3700044	Deletion	72
X	3700091	3700044	Deletion	47
X	3703183	3703086	Deletion	97
X	3703183	3703094	Deletion	89
X	3703183	3703106	Deletion	77
X	3703183	3703109	Deletion	74
X	3703183	3703126	Deletion	57
X	3703183	3703144	Deletion	39
X	3705276	3705160	Deletion	116
X	3705229	3705160	Deletion	69
X	3705212	3705160	Deletion	52
X	3705197	3705160	Deletion	37
X	3705209	3705160	Deletion	49
X	3705247	3705160	Deletion	87
X	3705964	3705854	Deletion	110
X	3705964	3705878	Deletion	86
X	3705964	3705886	Deletion	78
X	3713925	3713876	Deletion	49
X	3713917	3713876	Deletion	41
X	3713989	3713876	Deletion	113
X	3720869	3720812	Deletion	57
X	3720873	3720823	Deletion	50
X	3720873	3720831	Deletion	42
X	3721943	3721866	Deletion	77
X	3721951	3721866	Deletion	85
X	3721974	3721866	Deletion	108
X	3721932	3721866	Deletion	66
X	3721987	3721866	Deletion	121
X	3722287	3722174	Deletion	113
X	3722287	3722219	Deletion	68
X	3722287	3722225	Deletion	62
X	3722287	3722252	Deletion	35
X	3739575	3739482	Deletion	93
X	3739589	3739482	Deletion	107
X	3739600	3739482	Deletion	118
X	3739542	3739482	Deletion	60
X	3739548	3739482	Deletion	66
X	3743865	3743743	Deletion	122
X	3743865	3743754	Deletion	111
X	3743865	3743754	Deletion	111
X	3743865	3743773	Deletion	92
X	3743865	3743784	Deletion	81
X	3743862	3743789	Deletion	73
X	3743865	3743810	Deletion	55
X	3743865	3743828	Deletion	37
X	3743865	3743830	Deletion	35
X	3744700	3744577	Deletion	123
X	3744667	3744577	Deletion	90
X	3744678	3744577	Deletion	101
X	3744649	3744577	Deletion	72
X	3744694	3744577	Deletion	117
X	3744623	3744577	Deletion	46
X	3744691	3744577	Deletion	114
X	3744628	3744577	Deletion	51
X	3744691	3744577	Deletion	114
X	3744612	3744577	Deletion	35
X	3744669	3744577	Deletion	92
X	3748153	3748035	Deletion	118
X	3748153	3748045	Deletion	108
X	3748153	3748061	Deletion	92
X	3748153	3748064	Deletion	89
X	3748153	3748095	Deletion	58
X	3748153	3748097	Deletion	56
X	3748153	3748099	Deletion	54
X	3748153	3748105	Deletion	48
X	3748153	3748108	Deletion	45
X	3748153	3748118	Deletion	35
X	3750962	3750892	Deletion	70
X	3750929	3750892	Deletion	37
X	3750960	3750892	Deletion	68
X	3750926	3750892	Deletion	34
X	3750983	3750892	Deletion	91
X	3750973	3750892	Deletion	81
X	3750996	3750892	Deletion	104
X	3750970	3750892	Deletion	78
X	3750964	3750892	Deletion	72
X	3753648	3753578	Deletion	70
X	3757163	3757055	Deletion	108
X	3760013	3759885	Deletion	128
X	3760634	3760574	Deletion	60
X	3760634	3760575	Deletion	59
X	3760634	3760582	Deletion	52
X	3762456	3762333	Deletion	123
X	3763907	3763796	Deletion	111
X	3763907	3763841	Deletion	66
X	3765254	3765141	Deletion	113
X	3765201	3765141	Deletion	60
X	3765259	3765141	Deletion	118
X	3765249	3765141	Deletion	108
X	3769536	3769440	Deletion	96
X	3769536	3769492	Deletion	44
X	3776809	3776708	Deletion	101
X	3776821	3776708	Deletion	113
X	3776790	3776708	Deletion	82
X	3776806	3776708	Deletion	98
X	3776738	3776708	Deletion	30
X	3792140	3792104	Deletion	36
X	3801221	3801103	Deletion	118
X	3801221	3801112	Deletion	109
X	3801221	3801121	Deletion	100
X	3801221	3801149	Deletion	72
X	3801221	3801152	Deletion	69
X	3801221	3801165	Deletion	56
X	3805448	3805378	Deletion	70
X	3805468	3805378	Deletion	90
X	3805432	3805378	Deletion	54
X	3805435	3805378	Deletion	57
X	3805497	3805378	Deletion	119
X	3826930	3826806	Deletion	124
X	3827280	3827181	Deletion	99
X	3827280	3827241	Deletion	39
X	3827280	3827243	Deletion	37
X	3827280	3827247	Deletion	33
X	3827427	3827338	Deletion	89
X	3827425	3827338	Deletion	87
X	3827446	3827338	Deletion	108
X	3827431	3827338	Deletion	93
X	3829473	3829382	Deletion	91
X	3837163	3837056	Deletion	107
X	3837161	3837056	Deletion	105
X	3837092	3837056	Deletion	36
X	3837178	3837060	Deletion	118
X	3846210	3846122	Deletion	88
X	3846210	3846122	Deletion	88
X	3846210	3846148	Deletion	62
X	3846210	3846161	Deletion	49
X	3846210	3846169	Deletion	41
X	3847939	3847875	Deletion	64
X	3847952	3847875	Deletion	77
X	3847960	3847875	Deletion	85
X	3847913	3847875	Deletion	38
X	3847913	3847875	Deletion	38
X	3847995	3847878	Deletion	117
X	3861057	3860937	Deletion	120
X	3861057	3860953	Deletion	104
X	3861057	3860964	Deletion	93
X	3861057	3861005	Deletion	52
X	3861057	3861019	Deletion	38
X	3861057	3861024	Deletion	33
X	3864961	3864847	Deletion	114
X	3864940	3864847	Deletion	93
X	3864955	3864847	Deletion	108
X	3864935	3864847	Deletion	88
X	3864880	3864847	Deletion	33
X	3864921	3864847	Deletion	74
X	3871140	3871051	Deletion	89
X	3871140	3871058	Deletion	82
X	3871140	3871095	Deletion	45
X	3871296	3871252	Deletion	44
X	3871359	3871252	Deletion	107
X	3871333	3871252	Deletion	81
X	3871289	3871252	Deletion	37
X	3871355	3871252	Deletion	103
X	3871365	3871252	Deletion	113
X	3879489	3879368	Deletion	121
X	3879489	3879377	Deletion	112
X	3879489	3879379	Deletion	110
X	3879489	3879432	Deletion	57
X	3879489	3879454	Deletion	35
X	3897265	3897160	Deletion	105
X	3897229	3897160	Deletion	69
X	3897251	3897160	Deletion	91
X	3897715	3897619	Deletion	96
X	3897715	3897631	Deletion	84
X	3898203	3898098	Deletion	105
X	3898128	3898098	Deletion	30
X	3898140	3898098	Deletion	42
X	3898200	3898098	Deletion	102
X	3899063	3898942	Deletion	121
X	3899844	3899770	Deletion	74
X	3899844	3899778	Deletion	66
X	3899844	3899789	Deletion	55
X	3899844	3899799	Deletion	45
X	3908111	3908030	Deletion	81
X	3908101	3908030	Deletion	71
X	3908138	3908030	Deletion	108
X	3908082	3908030	Deletion	52
X	3908090	3908030	Deletion	60
X	3908147	3908030	Deletion	117
X	3912439	3912328	Deletion	111
X	3912439	3912339	Deletion	100
X	3912439	3912352	Deletion	87
X	3912439	3912358	Deletion	81
X	3912439	3912375	Deletion	64
X	3912439	3912385	Deletion	54
X	3912439	3912401	Deletion	38
X	3920703	3920628	Deletion	75
X	3920748	3920628	Deletion	120
X	3920719	3920628	Deletion	91
X	3920693	3920628	Deletion	65
X	3920676	3920628	Deletion	48
X	3920670	3920628	Deletion	42
X	3920729	3920628	Deletion	101
X	3928587	3928463	Deletion	124
X	3928587	3928468	Deletion	119
X	3928587	3928475	Deletion	112
X	3928587	3928491	Deletion	96
X	3928587	3928493	Deletion	94
X	3928587	3928520	Deletion	67
X	3928587	3928525	Deletion	62
X	3928587	3928546	Deletion	41
X	3928587	3928548	Deletion	39
X	3928859	3928774	Deletion	85
X	3928838	3928774	Deletion	64
X	3928806	3928774	Deletion	32
X	3928861	3928774	Deletion	87
X	3928833	3928774	Deletion	59
X	3928804	3928774	Deletion	30
X	3931168	3931051	Deletion	117
X	3931168	3931061	Deletion	107
X	3931168	3931091	Deletion	77
X	3931168	3931102	Deletion	66
X	3931168	3931106	Deletion	62
X	3931168	3931107	Deletion	61
X	3931168	3931111	Deletion	57
X	3931168	3931124	Deletion	44
X	3931168	3931129	Deletion	39
X	3931168	3931129	Deletion	39
X	3931478	3931391	Deletion	87
X	3931478	3931391	Deletion	87
X	3931440	3931391	Deletion	49
X	3931503	3931391	Deletion	112
X	3931473	3931391	Deletion	82
X	3931451	3931391	Deletion	60
X	3931460	3931391	Deletion	69
X	3931456	3931391	Deletion	65
X	3931496	3931391	Deletion	105
X	3931500	3931391	Deletion	109
X	3931455	3931391	Deletion	64
X	3941241	3941142	Deletion	99
X	3941241	3941143	Deletion	98
X	3942133	3942029	Deletion	104
X	3942147	3942029	Deletion	118
X	3945437	3945334	Deletion	103
X	3945437	3945358	Deletion	79
X	3946272	3946225	Deletion	47
X	3952595	3952479	Deletion	116
X	3966692	3966575	Deletion	117
X	3966692	3966599	Deletion	93
X	3966692	3966608	Deletion	84
X	3966692	3966635	Deletion	57
X	3966692	3966636	Deletion	56
X	3966692	3966642	Deletion	50
X	3969563	3969486	Deletion	77
X	3969592	3969486	Deletion	106
X	3969556	3969486	Deletion	70
X	3969557	3969486	Deletion	71
X	3969609	3969486	Deletion	123
X	3969529	3969486	Deletion	43
X	3969520	3969486	Deletion	34
X	3970131	3970007	Deletion	124
X	3972212	3972096	Deletion	116
X	3972212	3972099	Deletion	113
X	3972212	3972103	Deletion	109
X	3972212	3972108	Deletion	104
X	3972212	3972121	Deletion	91
X	3972212	3972131	Deletion	81
X	3972212	3972138	Deletion	74
X	3972212	3972170	Deletion	42
X	3972212	3972172	Deletion	40
X	3987293	3987204	Deletion	89
X	3987291	3987204	Deletion	87
X	3987304	3987204	Deletion	100
X	3989158	3989034	Deletion	124
X	3990742	3990642	Deletion	100
X	3994371	3994266	Deletion	105
X	3996324	3996209	Deletion	115
X	3996324	3996217	Deletion	107
X	3996324	3996219	Deletion	105
X	3996324	3996237	Deletion	87
X	3996324	3996247	Deletion	77
X	3996324	3996269	Deletion	55
X	3996324	3996285	Deletion	39
X	3996324	3996290	Deletion	34
X	4000978	4000929	Deletion	49
X	4001016	4000929	Deletion	87
X	4000968	4000929	Deletion	39
X	4001021	4000929	Deletion	92
X	4001000	4000929	Deletion	71
X	4001300	4001218	Deletion	82
X	4001300	4001228	Deletion	72
X	4001300	4001246	Deletion	54
X	4001300	4001260	Deletion	40
X	4007173	4007101	Deletion	72
X	4007155	4007101	Deletion	54
X	4007145	4007101	Deletion	44
X	4007187	4007101	Deletion	86
X	4019283	4019163	Deletion	120
X	4019283	4019180	Deletion	103
X	4019283	4019197	Deletion	86
X	4019283	4019200	Deletion	83
X	4019283	4019233	Deletion	50
X	4019283	4019239	Deletion	44
X	4024077	4023995	Deletion	82
X	4024071	4023995	Deletion	76
X	4024035	4023995	Deletion	40
X	4024038	4023995	Deletion	43
X	4029032	4028908	Deletion	124
X	4044673	4044550	Deletion	123
X	4044673	4044559	Deletion	114
X	4044673	4044561	Deletion	112
X	4044673	4044580	Deletion	93
X	4044673	4044620	Deletion	53
X	4046712	4046678	Deletion	34
X	4046752	4046678	Deletion	74
X	4046801	4046678	Deletion	123
X	4046790	4046678	Deletion	112
X	4056465	4056351	Deletion	114
X	4056465	4056356	Deletion	109
X	4056465	4056377	Deletion	88
X	4056465	4056408	Deletion	57
X	4056465	4056432	Deletion	33
X	4056677	4056583	Deletion	94
X	4056704	4056583	Deletion	121
X	4056653	4056583	Deletion	70
X	4056622	4056583	Deletion	39
X	4056681	4056583	Deletion	98
X	4090271	4090163	Deletion	108
X	4090271	4090177	Deletion	94
X	4090271	4090180	Deletion	91
X	4090271	4090210	Deletion	61
X	4090271	4090239	Deletion	32
X	4090384	4090348	Deletion	36
X	4090381	4090348	Deletion	33
X	4090414	4090348	Deletion	66
X	4090463	4090348	Deletion	115
X	4090443	4090348	Deletion	95
X	4090471	4090348	Deletion	123
X	4090965	4090845	Deletion	120
X	4090965	4090859	Deletion	106
X	4090965	4090911	Deletion	54
X	4095480	4095407	Deletion	73
X	4095531	4095407	Deletion	124
X	4095528	4095407	Deletion	121
X	4097524	4097405	Deletion	119
X	4097524	4097452	Deletion	72
X	4097740	4097684	Deletion	56
X	4097796	4097684	Deletion	112
X	4097772	4097684	Deletion	88
X	4110562	4110441	Deletion	121
X	4112128	4112029	Deletion	99
X	4112128	4112059	Deletion	69
X	4112128	4112093	Deletion	35
X	4112510	4112416	Deletion	94
X	4112446	4112416	Deletion	30
X	4112525	4112416	Deletion	109
X	4112531	4112416	Deletion	115
X	4112476	4112416	Deletion	60
X	4114841	4114720	Deletion	121
X	4145548	4145437	Deletion	111
X	4145548	4145440	Deletion	108
X	4145548	4145468	Deletion	80
X	4145548	4145513	Deletion	35
X	4145548	4145518	Deletion	30
X	4147714	4147623	Deletion	91
X	4147719	4147623	Deletion	96
X	4147669	4147623	Deletion	46
X	4150737	4150628	Deletion	109
X	4150737	4150668	Deletion	69
X	4150737	4150672	Deletion	65
X	4150737	4150674	Deletion	63
X	4158041	4157961	Deletion	80
X	4161374	4161253	Deletion	121
X	4161827	4161748	Deletion	79
X	4162375	4162313	Deletion	62
X	4163946	4163882	Deletion	64
X	4169253	4169142	Deletion	111
X	4169253	4169145	Deletion	108
X	4169253	4169191	Deletion	62
X	4169253	4169194	Deletion	59
X	4169253	4169200	Deletion	53
X	4169253	4169218	Deletion	35
X	4178784	4178711	Deletion	73
X	4178833	4178711	Deletion	122
X	4178826	4178711	Deletion	115
X	4178778	4178711	Deletion	67
X	4178775	4178711	Deletion	64
X	4178829	4178711	Deletion	118
X	4178802	4178711	Deletion	91
X	4188886	4188764	Deletion	122
X	4219248	4219124	Deletion	124
X	4225487	4225368	Deletion	119
X	4225487	4225389	Deletion	98
X	4225487	4225406	Deletion	81
X	4225487	4225427	Deletion	60
X	4225487	4225433	Deletion	54
X	4225487	4225449	Deletion	38
X	4225591	4225546	Deletion	45
X	4225612	4225546	Deletion	66
X	4225618	4225546	Deletion	72
X	4225634	4225546	Deletion	88
X	4252956	4252838	Deletion	118
X	4252956	4252849	Deletion	107
X	4252956	4252867	Deletion	89
X	4252956	4252872	Deletion	84
X	4252956	4252877	Deletion	79
X	4252956	4252908	Deletion	48
X	4252956	4252910	Deletion	46
X	4252956	4252915	Deletion	41
X	4252956	4252920	Deletion	36
X	4253128	4253010	Deletion	118
X	4253058	4253010	Deletion	48
X	4253048	4253010	Deletion	38
X	4253112	4253010	Deletion	102
X	4253089	4253010	Deletion	79
X	4253101	4253010	Deletion	91
X	4253096	4253010	Deletion	86
X	4253053	4253010	Deletion	43
X	4253091	4253010	Deletion	81
X	4274624	4274502	Deletion	122
X	4274624	4274510	Deletion	114
X	4274624	4274516	Deletion	108
X	4274624	4274535	Deletion	89
X	4274624	4274565	Deletion	59
X	4274624	4274587	Deletion	37
X	4278135	4278045	Deletion	90
X	4278152	4278045	Deletion	107
X	4278113	4278045	Deletion	68
X	4278083	4278045	Deletion	38
X	4285779	4285679	Deletion	100
X	4287094	4287003	Deletion	91
X	4287805	4287729	Deletion	76
X	4293909	4293802	Deletion	107
X	4293880	4293802	Deletion	78
X	4293853	4293802	Deletion	51
X	4293839	4293802	Deletion	37
X	4293882	4293802	Deletion	80
X	4293842	4293802	Deletion	40
X	4293903	4293802	Deletion	101
X	4293902	4293802	Deletion	100
X	4319469	4319349	Deletion	120
X	4319469	4319380	Deletion	89
X	4319469	4319385	Deletion	84
X	4319469	4319391	Deletion	78
X	4319469	4319398	Deletion	71
X	4319469	4319400	Deletion	69
X	4326131	4326094	Deletion	37
X	4326136	4326094	Deletion	42
X	4326151	4326094	Deletion	57
X	4326197	4326094	Deletion	103
X	4326149	4326094	Deletion	55
X	4326142	4326094	Deletion	48
X	4332135	4332052	Deletion	83
X	4332135	4332068	Deletion	67
X	4332135	4332068	Deletion	67
X	4332135	4332084	Deletion	51
X	4332135	4332103	Deletion	32
X	4341031	4340956	Deletion	75
X	4341050	4340956	Deletion	94
X	4341015	4340956	Deletion	59
X	4341015	4340956	Deletion	59
X	4340999	4340956	Deletion	43
X	4358829	4358717	Deletion	112
X	4358829	4358721	Deletion	108
X	4358829	4358721	Deletion	108
X	4358829	4358730	Deletion	99
X	4358829	4358740	Deletion	89
X	4358829	4358748	Deletion	81
X	4358829	4358755	Deletion	74
X	4358829	4358773	Deletion	56
X	4362220	4362183	Deletion	37
X	4362235	4362183	Deletion	52
X	4362228	4362183	Deletion	45
X	4362253	4362183	Deletion	70
X	4374050	4373936	Deletion	114
X	4374050	4373939	Deletion	111
X	4374050	4373940	Deletion	110
X	4374050	4373957	Deletion	93
X	4374050	4373969	Deletion	81
X	4374050	4374017	Deletion	33
X	4374178	4374132	Deletion	46
X	4374166	4374132	Deletion	34
X	4374226	4374132	Deletion	94
X	4386046	4385937	Deletion	109
X	4386046	4385969	Deletion	77
X	4386046	4385975	Deletion	71
X	4386046	4385988	Deletion	58
X	4386046	4385992	Deletion	54
X	4386046	4386002	Deletion	44
X	4386046	4386007	Deletion	39
X	4386654	4386586	Deletion	68
X	4386689	4386586	Deletion	103
X	4386668	4386586	Deletion	82
X	4386659	4386586	Deletion	73
X	4386673	4386586	Deletion	87
X	4386635	4386586	Deletion	49
X	4386641	4386590	Deletion	51
X	4386854	4386779	Deletion	75
X	4386854	4386792	Deletion	62
X	4386854	4386792	Deletion	62
X	4386854	4386815	Deletion	39
X	4386854	4386820	Deletion	34
X	4411016	4410957	Deletion	59
X	4411008	4410957	Deletion	51
X	4411016	4410957	Deletion	59
X	4411016	4410957	Deletion	59
X	4411016	4410957	Deletion	59
X	4411016	4410957	Deletion	59
X	4416555	4416493	Deletion	62
X	4416529	4416493	Deletion	36
X	4416524	4416493	Deletion	31
X	4470519	4470423	Deletion	96
X	4470519	4470479	Deletion	40
X	4470516	4470483	Deletion	33
X	4471257	4471133	Deletion	124
X	4471249	4471133	Deletion	116
X	4471219	4471133	Deletion	86
X	4471223	4471133	Deletion	90
X	4471163	4471133	Deletion	30
X	4483704	4483581	Deletion	123
X	4488071	4487947	Deletion	124
X	4488071	4487981	Deletion	90
X	4488071	4487993	Deletion	78
X	4488071	4488015	Deletion	56
X	4488071	4488022	Deletion	49
X	4488071	4488041	Deletion	30
X	4488837	4488760	Deletion	77
X	4488883	4488760	Deletion	123
X	4488830	4488760	Deletion	70
X	4488796	4488760	Deletion	36
X	4488808	4488760	Deletion	48
X	4488870	4488760	Deletion	110
X	4488856	4488760	Deletion	96
X	4488868	4488760	Deletion	108
X	4542269	4542202	Deletion	67
X	4542269	4542215	Deletion	54
X	4542269	4542227	Deletion	42
X	4542269	4542232	Deletion	37
X	4542545	4542486	Deletion	59
X	4542609	4542486	Deletion	123
X	4542558	4542486	Deletion	72
X	4542604	4542486	Deletion	118
X	4542575	4542486	Deletion	89
X	4542570	4542488	Deletion	82
X	4546116	4545997	Deletion	119
X	4546116	4545997	Deletion	119
X	4546116	4546016	Deletion	100
X	4546116	4546037	Deletion	79
X	4546614	4546510	Deletion	104
X	4546618	4546510	Deletion	108
X	4546632	4546510	Deletion	122
X	4546557	4546510	Deletion	47
X	4557305	4557183	Deletion	122
X	4569476	4569373	Deletion	103
X	4569476	4569380	Deletion	96
X	4569476	4569388	Deletion	88
X	4569476	4569403	Deletion	73
X	4569476	4569431	Deletion	45
X	4569476	4569444	Deletion	32
X	4569601	4569547	Deletion	54
X	4569642	4569547	Deletion	95
X	4569629	4569547	Deletion	82
X	4569586	4569547	Deletion	39
X	4569578	4569547	Deletion	31
X	4589692	4589578	Deletion	114
X	4589692	4589590	Deletion	102
X	4589692	4589598	Deletion	94
X	4589692	4589628	Deletion	64
X	4589692	4589646	Deletion	46
X	4589804	4589772	Deletion	32
X	4589834	4589772	Deletion	62
X	4589852	4589772	Deletion	80
X	4589896	4589772	Deletion	124
X	4589882	4589772	Deletion	110
X	4597058	4596944	Deletion	114
X	4597058	4596990	Deletion	68
X	4597232	4597173	Deletion	59
X	4605727	4605610	Deletion	117
X	4605727	4605665	Deletion	62
X	4605727	4605697	Deletion	30
X	4643814	4643701	Deletion	113
X	4643813	4643701	Deletion	112
X	4643797	4643701	Deletion	96
X	4643765	4643701	Deletion	64
X	4651801	4651685	Deletion	116
X	4652542	4652422	Deletion	120
X	4652542	4652455	Deletion	87
X	4652542	4652456	Deletion	86
X	4652542	4652464	Deletion	78
X	4652542	4652508	Deletion	34
X	4657079	4656986	Deletion	93
X	4657086	4656986	Deletion	100
X	4657035	4656986	Deletion	49
X	4657089	4656986	Deletion	103
X	4657027	4656986	Deletion	41
X	4657109	4656986	Deletion	123
X	4657026	4656986	Deletion	40
X	4663622	4663526	Deletion	96
X	4663622	4663552	Deletion	70
X	4663622	4663566	Deletion	56
X	4663622	4663588	Deletion	34
X	4663935	4663904	Deletion	31
X	4664015	4663904	Deletion	111
X	4664025	4663904	Deletion	121
X	4663961	4663904	Deletion	57
X	4663975	4663904	Deletion	71
X	4663997	4663904	Deletion	93
X	4716482	4716366	Deletion	116
X	4716482	4716392	Deletion	90
X	4716482	4716395	Deletion	87
X	4716482	4716423	Deletion	59
X	4716482	4716441	Deletion	41
X	4718021	4717985	Deletion	36
X	4718070	4717985	Deletion	85
X	4718024	4717985	Deletion	39
X	4718052	4717985	Deletion	67
X	4725365	4725244	Deletion	121
X	4727251	4727144	Deletion	107
X	4727251	4727155	Deletion	96
X	4727251	4727169	Deletion	82
X	4727251	4727171	Deletion	80
X	4727251	4727183	Deletion	68
X	4727251	4727203	Deletion	48
X	4729936	4729821	Deletion	115
X	4729852	4729821	Deletion	31
X	4729880	4729821	Deletion	59
X	4729868	4729821	Deletion	47
X	4729866	4729821	Deletion	45
X	4729900	4729821	Deletion	79
X	4732932	4732834	Deletion	98
X	4733753	4733652	Deletion	101
X	4734515	4734479	Deletion	36
X	4735112	4734995	Deletion	117
X	4736145	4736104	Deletion	41
X	4751368	4751244	Deletion	124
X	4751368	4751277	Deletion	91
X	4751368	4751314	Deletion	54
X	4751368	4751334	Deletion	34
X	4751537	4751423	Deletion	114
X	4751458	4751423	Deletion	35
X	4751515	4751423	Deletion	92
X	4751541	4751423	Deletion	118
X	4751540	4751423	Deletion	117
X	4751495	4751423	Deletion	72
X	4751525	4751423	Deletion	102
X	4758633	4758512	Deletion	121
X	4765009	4764935	Deletion	74
X	4765009	4764944	Deletion	65
X	4779157	4779105	Deletion	52
X	4779166	4779105	Deletion	61
X	4798328	4798251	Deletion	77
X	4798328	4798278	Deletion	50
X	4798328	4798284	Deletion	44
X	4798328	4798298	Deletion	30
X	4798815	4798733	Deletion	82
X	4798782	4798733	Deletion	49
X	4798829	4798733	Deletion	96
X	4798809	4798733	Deletion	76
X	4798850	4798733	Deletion	117
X	4811491	4811372	Deletion	119
X	4811881	4811760	Deletion	121
X	4820965	4820844	Deletion	121
X	4821291	4821169	Deletion	122
X	4821414	4821291	Deletion	123
X	4824223	4824106	Deletion	117
X	4824223	4824107	Deletion	116
X	4824223	4824150	Deletion	73
X	4824223	4824157	Deletion	66
X	4824223	4824178	Deletion	45
X	4824223	4824189	Deletion	34
X	4824718	4824609	Deletion	109
X	4824690	4824609	Deletion	81
X	4824662	4824609	Deletion	53
X	4824685	4824609	Deletion	76
X	4824731	4824609	Deletion	122
X	4824701	4824609	Deletion	92
X	4824669	4824609	Deletion	60
X	4824824	4824703	Deletion	121
X	4824824	4824717	Deletion	107
X	4824824	4824774	Deletion	50
X	4824824	4824789	Deletion	35
X	4827199	4827108	Deletion	91
X	4827184	4827108	Deletion	76
X	4831236	4831165	Deletion	71
X	4831525	4831432	Deletion	93
X	4831534	4831438	Deletion	96
X	4831534	4831450	Deletion	84
X	4843410	4843289	Deletion	121
X	4847620	4847526	Deletion	94
X	4847620	4847552	Deletion	68
X	4847620	4847590	Deletion	30
X	4848160	4848051	Deletion	109
X	4848109	4848051	Deletion	58
X	4848172	4848051	Deletion	121
X	4848147	4848051	Deletion	96
X	4863385	4863264	Deletion	121
X	4863385	4863276	Deletion	109
X	4863385	4863302	Deletion	83
X	4863385	4863305	Deletion	80
X	4871831	4871781	Deletion	50
X	4872257	4872213	Deletion	44
X	4872334	4872213	Deletion	121
X	4872260	4872213	Deletion	47
X	4872838	4872716	Deletion	122
X	4886670	4886587	Deletion	83
X	4886670	4886594	Deletion	76
X	4898609	4898559	Deletion	50
X	4898602	4898559	Deletion	43
X	4898680	4898559	Deletion	121
X	4901095	4900989	Deletion	106
X	4901095	4900996	Deletion	99
X	4901095	4901038	Deletion	57
X	4909887	4909818	Deletion	69
X	4909926	4909818	Deletion	108
X	4909915	4909818	Deletion	97
X	4912541	4912434	Deletion	107
X	4912541	4912466	Deletion	75
X	4912541	4912501	Deletion	40
X	4912541	4912507	Deletion	34
X	4912944	4912842	Deletion	102
X	4912893	4912842	Deletion	51
X	4912934	4912842	Deletion	92
X	4912928	4912842	Deletion	86
X	4917090	4916967	Deletion	123
X	4926882	4926840	Deletion	42
X	4931381	4931296	Deletion	85
X	4931403	4931296	Deletion	107
X	4944153	4944047	Deletion	106
X	4944153	4944067	Deletion	86
X	4944153	4944076	Deletion	77
X	4945932	4945833	Deletion	99
X	4945951	4945833	Deletion	118
X	4945935	4945833	Deletion	102
X	4947863	4947748	Deletion	115
X	4947863	4947749	Deletion	114
X	4947863	4947759	Deletion	104
X	4947863	4947777	Deletion	86
X	4947863	4947796	Deletion	67
X	4947863	4947799	Deletion	64
X	4947863	4947810	Deletion	53
X	4947863	4947813	Deletion	50
X	4947863	4947819	Deletion	44
X	4968221	4968161	Deletion	60
X	4968262	4968161	Deletion	101
X	4968235	4968161	Deletion	74
X	4968244	4968161	Deletion	83
X	4968202	4968161	Deletion	41
X	4968224	4968161	Deletion	63
X	4968238	4968161	Deletion	77
X	4991668	4991628	Deletion	40
X	4993662	4993552	Deletion	110
X	4995665	4995552	Deletion	113
X	4995660	4995552	Deletion	108
X	4996425	4996388	Deletion	37
X	4996781	4996672	Deletion	109
X	5004186	5004109	Deletion	77
X	5004219	5004109	Deletion	110
X	5004207	5004109	Deletion	98
X	5004174	5004109	Deletion	65
X	5011066	5010948	Deletion	118
X	5011066	5010950	Deletion	116
X	5011066	5011017	Deletion	49
X	5011356	5011279	Deletion	77
X	5011402	5011279	Deletion	123
X	5011392	5011279	Deletion	113
X	5011386	5011279	Deletion	107
X	5018289	5018168	Deletion	121
X	5023668	5023560	Deletion	108
X	5023668	5023600	Deletion	68
X	5023668	5023635	Deletion	33
X	5038428	5038334	Deletion	94
X	5038393	5038334	Deletion	59
X	5087633	5087509	Deletion	124
X	5087633	5087513	Deletion	120
X	5087633	5087532	Deletion	101
X	5087633	5087535	Deletion	98
X	5087633	5087537	Deletion	96
X	5087633	5087588	Deletion	45
X	5087872	5087791	Deletion	81
X	5087821	5087791	Deletion	30
X	5090944	5090820	Deletion	124
X	5090967	5090849	Deletion	118
X	5090967	5090859	Deletion	108
X	5090967	5090886	Deletion	81
X	5091556	5091434	Deletion	122
X	5091479	5091434	Deletion	45
X	5091846	5091725	Deletion	121
X	5091931	5091807	Deletion	124
X	5099701	5099655	Deletion	46
X	5099842	5099751	Deletion	91
X	5099831	5099751	Deletion	80
X	5101731	5101641	Deletion	90
X	5102169	5102061	Deletion	108
X	5102101	5102061	Deletion	40
X	5102152	5102061	Deletion	91
X	5107340	5107234	Deletion	106
X	5107340	5107251	Deletion	89
X	5115693	5115586	Deletion	107
X	5115624	5115586	Deletion	38
X	5138652	5138531	Deletion	121
X	5146029	5145915	Deletion	114
X	5146029	5145939	Deletion	90
X	5146029	5145954	Deletion	75
X	5146029	5145981	Deletion	48
X	5146029	5145986	Deletion	43
X	5152423	5152340	Deletion	83
X	5152418	5152340	Deletion	78
X	5152391	5152340	Deletion	51
X	5152457	5152340	Deletion	117
X	5152376	5152340	Deletion	36
X	5152459	5152340	Deletion	119
X	5166560	5166463	Deletion	97
X	5166560	5166477	Deletion	83
X	5166560	5166483	Deletion	77
X	5166560	5166495	Deletion	65
X	5166560	5166516	Deletion	44
X	5166560	5166518	Deletion	42
X	5169969	5169939	Deletion	30
X	5170055	5169939	Deletion	116
X	5170024	5169939	Deletion	85
X	5170022	5169939	Deletion	83
X	5169983	5169939	Deletion	44
X	5170001	5169939	Deletion	62
X	5169989	5169939	Deletion	50
X	5170041	5169939	Deletion	102
X	5170044	5169939	Deletion	105
X	5189592	5189471	Deletion	121
X	5190904	5190780	Deletion	124
X	5204245	5204129	Deletion	116
X	5204245	5204139	Deletion	106
X	5204245	5204175	Deletion	70
X	5205535	5205479	Deletion	56
X	5207310	5207203	Deletion	107
X	5207310	5207203	Deletion	107
X	5207310	5207232	Deletion	78
X	5207310	5207265	Deletion	45
X	5211070	5210952	Deletion	118
X	5211034	5210952	Deletion	82
X	5211000	5210952	Deletion	48
X	5211076	5210952	Deletion	124
X	5211398	5211313	Deletion	85
X	5212745	5212701	Deletion	44
X	5212811	5212701	Deletion	110
X	5212817	5212701	Deletion	116
X	5227280	5227190	Deletion	90
X	5227275	5227194	Deletion	81
X	5229660	5229619	Deletion	41
X	5229739	5229619	Deletion	120
X	5229656	5229619	Deletion	37
X	5229733	5229619	Deletion	114
X	5230492	5230371	Deletion	121
X	5236828	5236705	Deletion	123
X	5236828	5236731	Deletion	97
X	5236828	5236750	Deletion	78
X	5236828	5236751	Deletion	77
X	5236828	5236754	Deletion	74
X	5236828	5236786	Deletion	42
X	5236828	5236792	Deletion	36
X	5241987	5241902	Deletion	85
X	5241955	5241902	Deletion	53
X	5241993	5241902	Deletion	91
X	5242016	5241902	Deletion	114
X	5242002	5241902	Deletion	100
X	5241952	5241902	Deletion	50
X	5241951	5241902	Deletion	49
X	5241932	5241902	Deletion	30
X	5242015	5241906	Deletion	109
X	5246208	5246086	Deletion	122
X	5246208	5246091	Deletion	117
X	5246208	5246096	Deletion	112
X	5246208	5246099	Deletion	109
X	5246208	5246117	Deletion	91
X	5246208	5246123	Deletion	85
X	5246208	5246124	Deletion	84
X	5246208	5246154	Deletion	54
X	5246208	5246166	Deletion	42
X	5250700	5250657	Deletion	43
X	5250743	5250657	Deletion	86
X	5250731	5250657	Deletion	74
X	5250701	5250657	Deletion	44
X	5250694	5250657	Deletion	37
X	5254026	5253924	Deletion	102
X	5254026	5253931	Deletion	95
X	5254026	5253948	Deletion	78
X	5254026	5253987	Deletion	39
X	5267433	5267401	Deletion	32
X	5267450	5267401	Deletion	49
X	5267489	5267401	Deletion	88
X	5270056	5269936	Deletion	120
X	5270056	5269962	Deletion	94
X	5270056	5269996	Deletion	60
X	5270438	5270372	Deletion	66
X	5270404	5270372	Deletion	32
X	5274818	5274697	Deletion	121
X	5297970	5297860	Deletion	110
X	5297970	5297861	Deletion	109
X	5297970	5297891	Deletion	79
X	5297970	5297931	Deletion	39
X	5297970	5297934	Deletion	36
X	5309391	5309302	Deletion	89
X	5309394	5309302	Deletion	92
X	5309351	5309302	Deletion	49
X	5309415	5309302	Deletion	113
X	5312736	5312620	Deletion	116
X	5312736	5312622	Deletion	114
X	5312736	5312627	Deletion	109
X	5312736	5312678	Deletion	58
X	5312736	5312690	Deletion	46
X	5312736	5312704	Deletion	32
X	5314262	5314161	Deletion	101
X	5314229	5314161	Deletion	68
X	5314255	5314161	Deletion	94
X	5314241	5314161	Deletion	80
X	5320150	5320034	Deletion	116
X	5320150	5320077	Deletion	73
X	5320150	5320085	Deletion	65
X	5320150	5320106	Deletion	44
X	5322287	5322226	Deletion	61
X	5322330	5322226	Deletion	104
X	5322279	5322226	Deletion	53
X	5322308	5322226	Deletion	82
X	5322341	5322230	Deletion	111
X	5326479	5326439	Deletion	40
X	5326479	5326442	Deletion	37
X	5327166	5327076	Deletion	90
X	5327187	5327076	Deletion	111
X	5327163	5327076	Deletion	87
X	5327669	5327576	Deletion	93
X	5327669	5327585	Deletion	84
X	5327669	5327598	Deletion	71
X	5327669	5327612	Deletion	57
X	5341931	5341835	Deletion	96
X	5341933	5341835	Deletion	98
X	5341872	5341835	Deletion	37
X	5341935	5341835	Deletion	100
X	5341886	5341835	Deletion	51
X	5351574	5351486	Deletion	88
X	5351574	5351535	Deletion	39
X	5351704	5351666	Deletion	38
X	5351753	5351666	Deletion	87
X	5353182	5353061	Deletion	121
X	5356864	5356742	Deletion	122
X	5358297	5358200	Deletion	97
X	5358297	5358207	Deletion	90
X	5358297	5358213	Deletion	84
X	5358297	5358253	Deletion	44
X	5364649	5364607	Deletion	42
X	5364729	5364607	Deletion	122
X	5364689	5364607	Deletion	82
X	5364643	5364607	Deletion	36
X	5364728	5364607	Deletion	121
X	5372667	5372551	Deletion	116
X	5372667	5372572	Deletion	95
X	5372667	5372612	Deletion	55
X	5375936	5375865	Deletion	71
X	5375896	5375865	Deletion	31
X	5378950	5378835	Deletion	115
X	5378950	5378853	Deletion	97
X	5378950	5378877	Deletion	73
X	5378950	5378880	Deletion	70
X	5378950	5378901	Deletion	49
X	5378950	5378907	Deletion	43
X	5378950	5378917	Deletion	33
X	5382421	5382320	Deletion	101
X	5382397	5382320	Deletion	77
X	5382413	5382320	Deletion	93
X	5382403	5382320	Deletion	83
X	5382373	5382320	Deletion	53
X	5382376	5382320	Deletion	56
X	5386506	5386384	Deletion	122
X	5388919	5388822	Deletion	97
X	5388919	5388823	Deletion	96
X	5388919	5388833	Deletion	86
X	5388919	5388834	Deletion	85
X	5388919	5388850	Deletion	69
X	5388919	5388881	Deletion	38
X	5389725	5389612	Deletion	113
X	5389653	5389612	Deletion	41
X	5389724	5389612	Deletion	112
X	5389652	5389612	Deletion	40
X	5389669	5389612	Deletion	57
X	5389700	5389612	Deletion	88
X	5389642	5389612	Deletion	30
X	5390069	5390002	Deletion	67
X	5390861	5390794	Deletion	67
X	5391005	5390917	Deletion	88
X	5392702	5392611	Deletion	91
X	5399529	5399408	Deletion	121
X	5399529	5399423	Deletion	106
X	5399529	5399435	Deletion	94
X	5399529	5399446	Deletion	83
X	5399529	5399478	Deletion	51
X	5399960	5399915	Deletion	45
X	5400018	5399915	Deletion	103
X	5399992	5399915	Deletion	77
X	5404508	5404383	Deletion	125
X	5411566	5411445	Deletion	121
X	5421917	5421795	Deletion	122
X	5430784	5430665	Deletion	119
X	5430784	5430699	Deletion	85
X	5430784	5430705	Deletion	79
X	5430784	5430713	Deletion	71
X	5466922	5466874	Deletion	48
X	5466930	5466874	Deletion	56
X	5466916	5466874	Deletion	42
X	5466997	5466874	Deletion	123
X	5466981	5466874	Deletion	107
X	5482030	5481950	Deletion	80
X	5482092	5481990	Deletion	102
X	5484188	5484080	Deletion	108
X	5486692	5486641	Deletion	51
X	5486682	5486641	Deletion	41
X	5486718	5486641	Deletion	77
X	5486743	5486641	Deletion	102
X	5486718	5486641	Deletion	77
X	5500958	5500837	Deletion	121
X	5502505	5502387	Deletion	118
X	5502505	5502405	Deletion	100
X	5502505	5502412	Deletion	93
X	5502505	5502418	Deletion	87
X	5502505	5502434	Deletion	71
X	5502505	5502457	Deletion	48
X	5502625	5502569	Deletion	56
X	5502682	5502569	Deletion	113
X	5502609	5502569	Deletion	40
X	5502603	5502569	Deletion	34
X	5502648	5502569	Deletion	79
X	5526444	5526365	Deletion	79
X	5526585	5526512	Deletion	73
X	5528185	5528132	Deletion	53
X	5535730	5535616	Deletion	114
X	5535734	5535617	Deletion	117
X	5535734	5535646	Deletion	88
X	5535734	5535667	Deletion	67
X	5535734	5535689	Deletion	45
X	5535912	5535800	Deletion	112
X	5535838	5535800	Deletion	38
X	5535881	5535800	Deletion	81
X	5535859	5535800	Deletion	59
X	5536570	5536466	Deletion	104
X	5537166	5537068	Deletion	98
X	5537188	5537068	Deletion	120
X	5537168	5537068	Deletion	100
X	5537183	5537068	Deletion	115
X	5537171	5537068	Deletion	103
X	5543148	5543029	Deletion	119
X	5543148	5543036	Deletion	112
X	5543148	5543040	Deletion	108
X	5543148	5543061	Deletion	87
X	5543148	5543079	Deletion	69
X	5543148	5543089	Deletion	59
X	5543148	5543091	Deletion	57
X	5547876	5547770	Deletion	106
X	5547839	5547770	Deletion	69
X	5547809	5547770	Deletion	39
X	5547837	5547770	Deletion	67
X	5547827	5547770	Deletion	57
X	5549931	5549814	Deletion	117
X	5549931	5549815	Deletion	116
X	5549931	5549846	Deletion	85
X	5549931	5549858	Deletion	73
X	5549931	5549862	Deletion	69
X	5558625	5558583	Deletion	42
X	5558687	5558583	Deletion	104
X	5558688	5558583	Deletion	105
X	5558641	5558583	Deletion	58
X	5558637	5558583	Deletion	54
X	5561538	5561424	Deletion	114
X	5561538	5561432	Deletion	106
X	5561538	5561436	Deletion	102
X	5561538	5561438	Deletion	100
X	5561538	5561440	Deletion	98
X	5561538	5561447	Deletion	91
X	5561538	5561488	Deletion	50
X	5562601	5562503	Deletion	98
X	5562538	5562503	Deletion	35
X	5562579	5562503	Deletion	76
X	5569849	5569734	Deletion	115
X	5569849	5569748	Deletion	101
X	5569849	5569758	Deletion	91
X	5569849	5569777	Deletion	72
X	5569849	5569780	Deletion	69
X	5569849	5569798	Deletion	51
X	5569849	5569807	Deletion	42
X	5569849	5569809	Deletion	40
X	5570959	5570874	Deletion	85
X	5570973	5570874	Deletion	99
X	5570950	5570874	Deletion	76
X	5570961	5570874	Deletion	87
X	5570929	5570874	Deletion	55
X	5570910	5570874	Deletion	36
X	5570932	5570874	Deletion	58
X	5587715	5587592	Deletion	123
X	5592506	5592424	Deletion	82
X	5592506	5592473	Deletion	33
X	5607764	5607648	Deletion	116
X	5607741	5607648	Deletion	93
X	5607692	5607648	Deletion	44
X	5607749	5607648	Deletion	101
X	5622426	5622318	Deletion	108
X	5622426	5622333	Deletion	93
X	5624244	5624211	Deletion	33
X	5624327	5624211	Deletion	116
X	5629736	5629611	Deletion	125
X	5642432	5642328	Deletion	104
X	5642432	5642357	Deletion	75
X	5642432	5642394	Deletion	38
X	5642432	5642397	Deletion	35
X	5643489	5643401	Deletion	88
X	5643492	5643401	Deletion	91
X	5643452	5643401	Deletion	51
X	5653924	5653803	Deletion	121
X	5670217	5670175	Deletion	42
X	5670353	5670269	Deletion	84
X	5670381	5670269	Deletion	112
X	5670366	5670269	Deletion	97
X	5670387	5670269	Deletion	118
X	5670386	5670269	Deletion	117
X	5679663	5679560	Deletion	103
X	5679663	5679577	Deletion	86
X	5679663	5679599	Deletion	64
X	5679663	5679610	Deletion	53
X	5679663	5679613	Deletion	50
X	5679663	5679629	Deletion	34
X	5681415	5681353	Deletion	62
X	5681463	5681353	Deletion	110
X	5681429	5681353	Deletion	76
X	5681393	5681353	Deletion	40
X	5681445	5681353	Deletion	92
X	5681453	5681353	Deletion	100
X	5681426	5681353	Deletion	73
X	5685699	5685575	Deletion	124
X	5687979	5687883	Deletion	96
X	5689871	5689758	Deletion	113
X	5689861	5689758	Deletion	103
X	5689881	5689758	Deletion	123
X	5689789	5689758	Deletion	31
X	5689881	5689758	Deletion	123
X	5697768	5697707	Deletion	61
X	5697768	5697722	Deletion	46
X	5697768	5697723	Deletion	45
X	5728504	5728469	Deletion	35
X	5729820	5729766	Deletion	54
X	5736002	5735918	Deletion	84
X	5735987	5735918	Deletion	69
X	5736003	5735918	Deletion	85
X	5736030	5735918	Deletion	112
X	5744716	5744622	Deletion	94
X	5744716	5744635	Deletion	81
X	5744716	5744642	Deletion	74
X	5744716	5744647	Deletion	69
X	5744716	5744666	Deletion	50
X	5752945	5752910	Deletion	35
X	5752945	5752910	Deletion	35
X	5752945	5752910	Deletion	35
X	5752942	5752910	Deletion	32
X	5752945	5752910	Deletion	35
X	5753228	5753186	Deletion	42
X	5756609	5756488	Deletion	121
X	5764815	5764698	Deletion	117
X	5764815	5764707	Deletion	108
X	5764815	5764739	Deletion	76
X	5764815	5764752	Deletion	63
X	5764815	5764778	Deletion	37
X	5765353	5765263	Deletion	90
X	5765327	5765263	Deletion	64
X	5765314	5765263	Deletion	51
X	5771327	5771250	Deletion	77
X	5771327	5771267	Deletion	60
X	5771327	5771269	Deletion	58
X	5771327	5771272	Deletion	55
X	5783701	5783630	Deletion	71
X	5783699	5783630	Deletion	69
X	5783682	5783630	Deletion	52
X	5783704	5783630	Deletion	74
X	5784178	5784055	Deletion	123
X	5797029	5796908	Deletion	121
X	5798558	5798437	Deletion	121
X	5799096	5798980	Deletion	116
X	5799096	5798999	Deletion	97
X	5799096	5799009	Deletion	87
X	5799096	5799049	Deletion	47
X	5799096	5799060	Deletion	36
X	5805299	5805260	Deletion	39
X	5805339	5805260	Deletion	79
X	5805350	5805260	Deletion	90
X	5812021	5811898	Deletion	123
X	5821990	5821956	Deletion	34
X	5821990	5821960	Deletion	30
X	5822138	5822042	Deletion	96
X	5822134	5822042	Deletion	92
X	5836775	5836652	Deletion	123
X	5836775	5836672	Deletion	103
X	5836775	5836722	Deletion	53
X	5837653	5837545	Deletion	108
X	5837647	5837545	Deletion	102
X	5837618	5837545	Deletion	73
X	5837662	5837545	Deletion	117
X	5840590	5840473	Deletion	117
X	5840590	5840483	Deletion	107
X	5840590	5840554	Deletion	36
X	5840920	5840830	Deletion	90
X	5840929	5840830	Deletion	99
X	5840928	5840830	Deletion	98
X	5852353	5852229	Deletion	124
X	5859661	5859545	Deletion	116
X	5859661	5859573	Deletion	88
X	5859661	5859577	Deletion	84
X	5859661	5859582	Deletion	79
X	5859661	5859583	Deletion	78
X	5859661	5859587	Deletion	74
X	5862920	5862882	Deletion	38
X	5862934	5862882	Deletion	52
X	5862929	5862882	Deletion	47
X	5862982	5862882	Deletion	100
X	5862930	5862882	Deletion	48
X	5862925	5862882	Deletion	43
X	5862974	5862882	Deletion	92
X	5873199	5873122	Deletion	77
X	5873199	5873130	Deletion	69
X	5873197	5873157	Deletion	40
X	5877510	5877424	Deletion	86
X	5877475	5877425	Deletion	50
X	5877539	5877425	Deletion	114
X	5877483	5877425	Deletion	58
X	5877534	5877425	Deletion	109
X	5886865	5886775	Deletion	90
X	5886865	5886781	Deletion	84
X	5886865	5886792	Deletion	73
X	5886865	5886799	Deletion	66
X	5886865	5886804	Deletion	61
X	5894175	5894114	Deletion	61
X	5894151	5894114	Deletion	37
X	5894168	5894114	Deletion	54
X	5894157	5894114	Deletion	43
X	5894180	5894114	Deletion	66
X	5894230	5894114	Deletion	116
X	5895312	5895218	Deletion	94
X	5895312	5895220	Deletion	92
X	5895312	5895233	Deletion	79
X	5895312	5895259	Deletion	53
X	5895312	5895280	Deletion	32
X	5897967	5897894	Deletion	73
X	5897988	5897894	Deletion	94
X	5897926	5897894	Deletion	32
X	5898009	5897894	Deletion	115
X	5897928	5897894	Deletion	34
X	5897941	5897894	Deletion	47
X	5897999	5897894	Deletion	105
X	5911066	5910976	Deletion	90
X	5911066	5911013	Deletion	53
X	5911066	5911016	Deletion	50
X	5911066	5911021	Deletion	45
X	5911066	5911022	Deletion	44
X	5915458	5915382	Deletion	76
X	5915464	5915382	Deletion	82
X	5915418	5915382	Deletion	36
X	5915455	5915382	Deletion	73
X	5915463	5915382	Deletion	81
X	5916057	5915947	Deletion	110
X	5916387	5916277	Deletion	110
X	5916374	5916277	Deletion	97
X	5925102	5924981	Deletion	121
X	5929115	5929041	Deletion	74
X	5930192	5930112	Deletion	80
X	5931405	5931335	Deletion	70
X	5937787	5937666	Deletion	121
X	5955158	5955036	Deletion	122
X	5955158	5955054	Deletion	104
X	5955158	5955080	Deletion	78
X	5955158	5955088	Deletion	70
X	5955158	5955126	Deletion	32
X	5955158	5955127	Deletion	31
X	5956588	5956492	Deletion	96
X	5956541	5956492	Deletion	49
X	5956602	5956492	Deletion	110
X	5956587	5956492	Deletion	95
X	5956549	5956492	Deletion	57
X	5956612	5956492	Deletion	120
X	5969429	5969306	Deletion	123
X	5969429	5969342	Deletion	87
X	5969721	5969681	Deletion	40
X	5981022	5980949	Deletion	73
X	5981022	5980975	Deletion	47
X	5981288	5981233	Deletion	55
X	5981314	5981233	Deletion	81
X	5981348	5981233	Deletion	115
X	5981342	5981233	Deletion	109
X	5982949	5982836	Deletion	113
X	5982949	5982856	Deletion	93
X	5982949	5982863	Deletion	86
X	5982949	5982870	Deletion	79
X	5982949	5982882	Deletion	67
X	5982949	5982886	Deletion	63
X	5982949	5982888	Deletion	61
X	5982949	5982893	Deletion	56
X	5983164	5983046	Deletion	118
X	5983149	5983046	Deletion	103
X	5983112	5983046	Deletion	66
X	5983117	5983046	Deletion	71
X	5983087	5983046	Deletion	41
X	5983152	5983046	Deletion	106
X	5983106	5983046	Deletion	60
X	5983094	5983046	Deletion	48
X	5983110	5983046	Deletion	64
X	5983152	5983046	Deletion	106
X	5983080	5983046	Deletion	34
X	5992233	5992128	Deletion	105
X	5992233	5992133	Deletion	100
X	5992233	5992134	Deletion	99
X	5992233	5992142	Deletion	91
X	5992233	5992165	Deletion	68
X	5992233	5992173	Deletion	60
X	5992233	5992183	Deletion	50
X	5992593	5992517	Deletion	76
X	5992583	5992517	Deletion	66
X	5992624	5992517	Deletion	107
X	5992552	5992517	Deletion	35
X	5992575	5992517	Deletion	58
X	5992631	5992517	Deletion	114
X	5998833	5998721	Deletion	112
X	5998833	5998763	Deletion	70
X	5998833	5998766	Deletion	67
X	6008170	6008110	Deletion	60
X	6008167	6008110	Deletion	57
X	6008209	6008110	Deletion	99
X	6013677	6013556	Deletion	121
X	6029045	6028937	Deletion	108
X	6029045	6028947	Deletion	98
X	6029045	6028960	Deletion	85
X	6029045	6028981	Deletion	64
X	6029045	6029002	Deletion	43
X	6029045	6029008	Deletion	37
X	6032806	6032743	Deletion	63
X	6032845	6032743	Deletion	102
X	6032827	6032743	Deletion	84
X	6032833	6032743	Deletion	90
X	6032785	6032743	Deletion	42
X	6032853	6032743	Deletion	110
X	6032866	6032743	Deletion	123
X	6033453	6033334	Deletion	119
X	6034629	6034511	Deletion	118
X	6034629	6034525	Deletion	104
X	6034629	6034537	Deletion	92
X	6034629	6034540	Deletion	89
X	6034629	6034564	Deletion	65
X	6049091	6049053	Deletion	38
X	6049088	6049053	Deletion	35
X	6049115	6049053	Deletion	62
X	6083453	6083352	Deletion	101
X	6083453	6083359	Deletion	94
X	6083453	6083368	Deletion	85
X	6083453	6083392	Deletion	61
X	6083453	6083415	Deletion	38
X	6085569	6085503	Deletion	66
X	6085545	6085503	Deletion	42
X	6085536	6085503	Deletion	33
X	6085611	6085503	Deletion	108
X	6085625	6085503	Deletion	122
X	6085592	6085503	Deletion	89
X	6085605	6085503	Deletion	102
X	6092206	6092084	Deletion	122
X	6093978	6093856	Deletion	122
X	6099670	6099551	Deletion	119
X	6099670	6099559	Deletion	111
X	6099670	6099576	Deletion	94
X	6099670	6099588	Deletion	82
X	6099670	6099607	Deletion	63
X	6099670	6099607	Deletion	63
X	6099670	6099638	Deletion	32
X	6104972	6104877	Deletion	95
X	6104922	6104877	Deletion	45
X	6104941	6104877	Deletion	64
X	6104910	6104877	Deletion	33
X	6104941	6104877	Deletion	64
X	6104980	6104877	Deletion	103
X	6115287	6115229	Deletion	58
X	6115287	6115248	Deletion	39
X	6117064	6116997	Deletion	67
X	6117084	6116997	Deletion	87
X	6146109	6145990	Deletion	119
X	6187176	6187059	Deletion	117
X	6187176	6187062	Deletion	114
X	6187176	6187072	Deletion	104
X	6187176	6187089	Deletion	87
X	6187176	6187140	Deletion	36
X	6191743	6191625	Deletion	118
X	6191738	6191625	Deletion	113
X	6191723	6191625	Deletion	98
X	6191747	6191625	Deletion	122
X	6191665	6191625	Deletion	40
X	6191737	6191625	Deletion	112
X	6191716	6191625	Deletion	91
X	6193807	6193712	Deletion	95
X	6193807	6193765	Deletion	42
X	6193807	6193772	Deletion	35
X	6198424	6198393	Deletion	31
X	6198477	6198393	Deletion	84
X	6198484	6198393	Deletion	91
X	6198500	6198393	Deletion	107
X	6211487	6211366	Deletion	121
X	6211487	6211432	Deletion	55
X	6211987	6211916	Deletion	71
X	6218134	6218039	Deletion	95
X	6218134	6218057	Deletion	77
X	6218134	6218059	Deletion	75
X	6218134	6218063	Deletion	71
X	6218134	6218075	Deletion	59
X	6218134	6218078	Deletion	56
X	6218134	6218083	Deletion	51
X	6218134	6218086	Deletion	48
X	6218134	6218089	Deletion	45
X	6219115	6219065	Deletion	50
X	6219097	6219065	Deletion	32
X	6219144	6219065	Deletion	79
X	6219147	6219065	Deletion	82
X	6219176	6219065	Deletion	111
X	6219136	6219065	Deletion	71
X	6219121	6219065	Deletion	56
X	6219117	6219065	Deletion	52
X	6219133	6219065	Deletion	68
X	6219141	6219065	Deletion	76
X	6224683	6224624	Deletion	59
X	6224683	6224628	Deletion	55
X	6224683	6224641	Deletion	42
X	6227482	6227414	Deletion	68
X	6227531	6227414	Deletion	117
X	6227486	6227414	Deletion	72
X	6227499	6227414	Deletion	85
X	6229514	6229431	Deletion	83
X	6229514	6229437	Deletion	77
X	6229514	6229460	Deletion	54
X	6229514	6229462	Deletion	52
X	6229514	6229470	Deletion	44
X	6229514	6229472	Deletion	42
X	6229514	6229482	Deletion	32
X	6229852	6229753	Deletion	99
X	6229796	6229753	Deletion	43
X	6229847	6229753	Deletion	94
X	6229827	6229753	Deletion	74
X	6229835	6229753	Deletion	82
X	6229825	6229753	Deletion	72
X	6229872	6229753	Deletion	119
X	6229802	6229753	Deletion	49
X	6229837	6229753	Deletion	84
X	6232276	6232178	Deletion	98
X	6232276	6232206	Deletion	70
X	6232276	6232241	Deletion	35
X	6233637	6233581	Deletion	56
X	6233705	6233581	Deletion	124
X	6233672	6233581	Deletion	91
X	6235504	6235380	Deletion	124
X	6240311	6240203	Deletion	108
X	6240311	6240208	Deletion	103
X	6240311	6240241	Deletion	70
X	6240311	6240278	Deletion	33
X	6249202	6249093	Deletion	109
X	6249149	6249093	Deletion	56
X	6249186	6249093	Deletion	93
X	6250774	6250699	Deletion	75
X	6250774	6250739	Deletion	35
X	6273290	6273239	Deletion	51
X	6273330	6273239	Deletion	91
X	6273350	6273239	Deletion	111
X	6273336	6273239	Deletion	97
X	6278238	6278187	Deletion	51
X	6278355	6278282	Deletion	73
X	6278355	6278300	Deletion	55
X	6278355	6278304	Deletion	51
X	6278583	6278484	Deletion	99
X	6278583	6278508	Deletion	75
X	6278696	6278643	Deletion	53
X	6278714	6278643	Deletion	71
X	6278718	6278643	Deletion	75
X	6301360	6301245	Deletion	115
X	6301360	6301256	Deletion	104
X	6301360	6301266	Deletion	94
X	6301360	6301289	Deletion	71
X	6302767	6302650	Deletion	117
X	6302709	6302650	Deletion	59
X	6302765	6302650	Deletion	115
X	6302686	6302650	Deletion	36
X	6302771	6302650	Deletion	121
X	6314525	6314411	Deletion	114
X	6314525	6314422	Deletion	103
X	6314525	6314426	Deletion	99
X	6314525	6314474	Deletion	51
X	6314525	6314482	Deletion	43
X	6324510	6324435	Deletion	75
X	6324555	6324435	Deletion	120
X	6324518	6324435	Deletion	83
X	6335324	6335285	Deletion	39
X	6337456	6337411	Deletion	45
X	6381566	6381535	Deletion	31
X	6381742	6381627	Deletion	115
X	6381722	6381627	Deletion	95
X	6381750	6381627	Deletion	123
X	6383006	6382920	Deletion	86
X	6383006	6382924	Deletion	82
X	6383006	6382934	Deletion	72
X	6383006	6382963	Deletion	43
X	6383006	6382964	Deletion	42
X	6383006	6382967	Deletion	39
X	6383006	6382973	Deletion	33
X	6385801	6385717	Deletion	84
X	6385762	6385717	Deletion	45
X	6385830	6385717	Deletion	113
X	6385772	6385717	Deletion	55
X	6385802	6385717	Deletion	85
X	6385817	6385717	Deletion	100
X	6385758	6385717	Deletion	41
X	6385805	6385717	Deletion	88
X	6385811	6385717	Deletion	94
X	6424742	6424633	Deletion	109
X	6424742	6424634	Deletion	108
X	6424742	6424636	Deletion	106
X	6424742	6424658	Deletion	84
X	6424742	6424684	Deletion	58
X	6424742	6424693	Deletion	49
X	6424742	6424693	Deletion	49
X	6424742	6424704	Deletion	38
X	6424742	6424706	Deletion	36
X	6429761	6429716	Deletion	45
X	6429807	6429716	Deletion	91
X	6429796	6429716	Deletion	80
X	6429809	6429716	Deletion	93
X	6429787	6429716	Deletion	71
X	6429796	6429716	Deletion	80
X	6429833	6429716	Deletion	117
X	6429832	6429716	Deletion	116
X	6431207	6431152	Deletion	55
X	6432234	6432111	Deletion	123
X	6435089	6434980	Deletion	109
X	6435170	6435128	Deletion	42
X	6445467	6445350	Deletion	117
X	6445592	6445526	Deletion	66
X	6445755	6445685	Deletion	70
X	6446914	6446883	Deletion	31
X	6448228	6448165	Deletion	63
X	6448365	6448321	Deletion	44
X	6452863	6452810	Deletion	53
X	6452893	6452810	Deletion	83
X	6452908	6452810	Deletion	98
X	6456132	6456007	Deletion	125
X	6458459	6458367	Deletion	92
X	6458459	6458374	Deletion	85
X	6458459	6458377	Deletion	82
X	6458459	6458398	Deletion	61
X	6458664	6458630	Deletion	34
X	6458695	6458630	Deletion	65
X	6458671	6458630	Deletion	41
X	6458674	6458630	Deletion	44
X	6458732	6458630	Deletion	102
X	6458738	6458630	Deletion	108
X	6465924	6465803	Deletion	121
X	6465924	6465862	Deletion	62
X	6471350	6471237	Deletion	113
X	6475871	6475807	Deletion	64
X	6505264	6505142	Deletion	122
X	6512577	6512459	Deletion	118
X	6512577	6512461	Deletion	116
X	6512577	6512484	Deletion	93
X	6512577	6512487	Deletion	90
X	6512577	6512545	Deletion	32
X	6522255	6522219	Deletion	36
X	6522337	6522219	Deletion	118
X	6522313	6522219	Deletion	94
X	6522323	6522219	Deletion	104
X	6522252	6522219	Deletion	33
X	6531340	6531250	Deletion	90
X	6531340	6531260	Deletion	80
X	6531340	6531261	Deletion	79
X	6531340	6531275	Deletion	65
X	6531564	6531451	Deletion	113
X	6531512	6531451	Deletion	61
X	6531497	6531451	Deletion	46
X	6531563	6531451	Deletion	112
X	6531487	6531451	Deletion	36
X	6531498	6531451	Deletion	47
X	6541509	6541395	Deletion	114
X	6541509	6541416	Deletion	93
X	6541509	6541421	Deletion	88
X	6541509	6541437	Deletion	72
X	6541509	6541452	Deletion	57
X	6541779	6541724	Deletion	55
X	6541763	6541724	Deletion	39
X	6541835	6541724	Deletion	111
X	6541794	6541724	Deletion	70
X	6541758	6541724	Deletion	34
X	6544779	6544658	Deletion	121
X	6544779	6544681	Deletion	98
X	6544779	6544690	Deletion	89
X	6544779	6544730	Deletion	49
X	6544779	6544749	Deletion	30
X	6544983	6544886	Deletion	97
X	6544998	6544886	Deletion	112
X	6544924	6544886	Deletion	38
X	6544964	6544886	Deletion	78
X	6558558	6558436	Deletion	122
X	6564089	6564042	Deletion	47
X	6564572	6564539	Deletion	33
X	6564929	6564853	Deletion	76
X	6570229	6570132	Deletion	97
X	6570229	6570143	Deletion	86
X	6570384	6570297	Deletion	87
X	6572239	6572116	Deletion	123
X	6572239	6572132	Deletion	107
X	6572239	6572154	Deletion	85
X	6572239	6572199	Deletion	40
X	6574070	6573966	Deletion	104
X	6574059	6573966	Deletion	93
X	6574065	6573966	Deletion	99
X	6574090	6573966	Deletion	124
X	6574014	6573966	Deletion	48
X	6574070	6573966	Deletion	104
X	6574672	6574562	Deletion	110
X	6574672	6574575	Deletion	97
X	6574672	6574593	Deletion	79
X	6574672	6574637	Deletion	35
X	6574751	6574721	Deletion	30
X	6574824	6574721	Deletion	103
X	6574813	6574721	Deletion	92
X	6574769	6574721	Deletion	48
X	6575289	6575172	Deletion	117
X	6575289	6575236	Deletion	53
X	6579511	6579438	Deletion	73
X	6584212	6584106	Deletion	106
X	6584212	6584107	Deletion	105
X	6584212	6584112	Deletion	100
X	6584212	6584148	Deletion	64
X	6586219	6586157	Deletion	62
X	6586267	6586157	Deletion	110
X	6587146	6587114	Deletion	32
X	6588137	6588043	Deletion	94
X	6632391	6632283	Deletion	108
X	6632391	6632322	Deletion	69
X	6632391	6632327	Deletion	64
X	6632391	6632328	Deletion	63
X	6632391	6632350	Deletion	41
X	6633485	6633427	Deletion	58
X	6633491	6633427	Deletion	64
X	6633513	6633427	Deletion	86
X	6633490	6633427	Deletion	63
X	6641497	6641376	Deletion	121
X	6650583	6650464	Deletion	119
X	6650583	6650467	Deletion	116
X	6650583	6650469	Deletion	114
X	6650583	6650493	Deletion	90
X	6650583	6650517	Deletion	66
X	6650583	6650529	Deletion	54
X	6650583	6650546	Deletion	37
X	6650583	6650550	Deletion	33
X	6651807	6651735	Deletion	72
X	6651824	6651735	Deletion	89
X	6651795	6651735	Deletion	60
X	6651828	6651735	Deletion	93
X	6651849	6651735	Deletion	114
X	6651771	6651735	Deletion	36
X	6654541	6654424	Deletion	117
X	6654541	6654428	Deletion	113
X	6654541	6654438	Deletion	103
X	6654541	6654462	Deletion	79
X	6654541	6654465	Deletion	76
X	6654541	6654478	Deletion	63
X	6654859	6654754	Deletion	105
X	6654853	6654754	Deletion	99
X	6654852	6654754	Deletion	98
X	6654802	6654754	Deletion	48
X	6654818	6654754	Deletion	64
X	6654863	6654754	Deletion	109
X	6654805	6654754	Deletion	51
X	6654848	6654754	Deletion	94
X	6662237	6662138	Deletion	99
X	6662237	6662141	Deletion	96
X	6662237	6662144	Deletion	93
X	6662237	6662154	Deletion	83
X	6662237	6662156	Deletion	81
X	6662237	6662161	Deletion	76
X	6662237	6662167	Deletion	70
X	6662480	6662447	Deletion	33
X	6662497	6662447	Deletion	50
X	6662503	6662447	Deletion	56
X	6662477	6662447	Deletion	30
X	6662548	6662447	Deletion	101
X	6662490	6662447	Deletion	43
X	6662492	6662447	Deletion	45
X	6673213	6673118	Deletion	95
X	6673213	6673127	Deletion	86
X	6673213	6673133	Deletion	80
X	6673213	6673139	Deletion	74
X	6673213	6673173	Deletion	40
X	6675433	6675400	Deletion	33
X	6675442	6675400	Deletion	42
X	6675488	6675400	Deletion	88
X	6675454	6675400	Deletion	54
X	6675448	6675400	Deletion	48
X	6681091	6681059	Deletion	32
X	6683029	6682921	Deletion	108
X	6683026	6682931	Deletion	95
X	6683029	6682990	Deletion	39
X	6683029	6682991	Deletion	38
X	6684051	6683939	Deletion	112
X	6684027	6683939	Deletion	88
X	6684026	6683939	Deletion	87
X	6684058	6683939	Deletion	119
X	6684053	6683939	Deletion	114
X	6684036	6683939	Deletion	97
X	6684046	6683939	Deletion	107
X	6684033	6683939	Deletion	94
X	6684518	6684408	Deletion	110
X	6684518	6684415	Deletion	103
X	6684518	6684430	Deletion	88
X	6686106	6686068	Deletion	38
X	6686167	6686068	Deletion	99
X	6694581	6694486	Deletion	95
X	6694581	6694501	Deletion	80
X	6698594	6698563	Deletion	31
X	6698670	6698563	Deletion	107
X	6698609	6698563	Deletion	46
X	6698664	6698563	Deletion	101
X	6712926	6712817	Deletion	109
X	6712926	6712838	Deletion	88
X	6712926	6712840	Deletion	86
X	6712926	6712866	Deletion	60
X	6712926	6712878	Deletion	48
X	6712926	6712891	Deletion	35
X	6721463	6721385	Deletion	78
X	6721425	6721385	Deletion	40
X	6721496	6721385	Deletion	111
X	6721423	6721385	Deletion	38
X	6721476	6721385	Deletion	91
X	6721451	6721385	Deletion	66
X	6723376	6723267	Deletion	109
X	6723376	6723267	Deletion	109
X	6723376	6723278	Deletion	98
X	6723376	6723291	Deletion	85
X	6723376	6723304	Deletion	72
X	6723376	6723320	Deletion	56
X	6723376	6723326	Deletion	50
X	6723376	6723328	Deletion	48
X	6725904	6725795	Deletion	109
X	6725875	6725795	Deletion	80
X	6725825	6725795	Deletion	30
X	6725851	6725795	Deletion	56
X	6725873	6725795	Deletion	78
X	6725838	6725795	Deletion	43
X	6725867	6725795	Deletion	72
X	6730095	6729983	Deletion	112
X	6730095	6729987	Deletion	108
X	6730095	6729996	Deletion	99
X	6730095	6730044	Deletion	51
X	6730095	6730057	Deletion	38
X	6730095	6730062	Deletion	33
X	6730247	6730145	Deletion	102
X	6730238	6730145	Deletion	93
X	6730233	6730145	Deletion	88
X	6730248	6730145	Deletion	103
X	6730259	6730145	Deletion	114
X	6730256	6730145	Deletion	111
X	6730220	6730145	Deletion	75
X	6730685	6730566	Deletion	119
X	6733582	6733461	Deletion	121
X	6741550	6741432	Deletion	118
X	6742063	6741943	Deletion	120
X	6742063	6741996	Deletion	67
X	6742063	6742023	Deletion	40
X	6742063	6742029	Deletion	34
X	6745041	6744981	Deletion	60
X	6745096	6744981	Deletion	115
X	6745068	6744981	Deletion	87
X	6745074	6744981	Deletion	93
X	6745131	6745013	Deletion	118
X	6781796	6781672	Deletion	124
X	6783721	6783598	Deletion	123
X	6798279	6798158	Deletion	121
X	6807426	6807334	Deletion	92
X	6807426	6807343	Deletion	83
X	6807426	6807345	Deletion	81
X	6807426	6807349	Deletion	77
X	6807426	6807363	Deletion	63
X	6807426	6807376	Deletion	50
X	6808794	6808730	Deletion	64
X	6808776	6808730	Deletion	46
X	6808774	6808730	Deletion	44
X	6808807	6808730	Deletion	77
X	6808780	6808730	Deletion	50
X	6808765	6808730	Deletion	35
X	6808829	6808730	Deletion	99
X	6818511	6818392	Deletion	119
X	6818511	6818426	Deletion	85
X	6818511	6818430	Deletion	81
X	6818511	6818475	Deletion	36
X	6818511	6818475	Deletion	36
X	6818511	6818480	Deletion	31
X	6819620	6819530	Deletion	90
X	6819620	6819530	Deletion	90
X	6819575	6819530	Deletion	45
X	6819571	6819530	Deletion	41
X	6819625	6819530	Deletion	95
X	6823913	6823825	Deletion	88
X	6823913	6823830	Deletion	83
X	6823913	6823844	Deletion	69
X	6823913	6823844	Deletion	69
X	6823913	6823857	Deletion	56
X	6823913	6823879	Deletion	34
X	6824172	6824115	Deletion	57
X	6824217	6824115	Deletion	102
X	6824153	6824115	Deletion	38
X	6824207	6824115	Deletion	92
X	6824158	6824115	Deletion	43
X	6824172	6824115	Deletion	57
X	6824185	6824115	Deletion	70
X	6838753	6838628	Deletion	125
X	6845855	6845795	Deletion	60
X	6846225	6846159	Deletion	66
X	6847751	6847630	Deletion	121
X	6849418	6849297	Deletion	121
X	6849959	6849836	Deletion	123
X	6849959	6849851	Deletion	108
X	6849959	6849908	Deletion	51
X	6850412	6850303	Deletion	109
X	6850426	6850303	Deletion	123
X	6850378	6850303	Deletion	75
X	6850409	6850303	Deletion	106
X	6854595	6854492	Deletion	103
X	6854595	6854504	Deletion	91
X	6854590	6854521	Deletion	69
X	6856783	6856748	Deletion	35
X	6856848	6856748	Deletion	100
X	6856800	6856752	Deletion	48
X	6857493	6857403	Deletion	90
X	6857607	6857571	Deletion	36
X	6857670	6857571	Deletion	99
X	6859309	6859244	Deletion	65
X	6859309	6859244	Deletion	65
X	6859309	6859247	Deletion	62
X	6860157	6860092	Deletion	65
X	6860198	6860092	Deletion	106
X	6860154	6860092	Deletion	62
X	6860154	6860092	Deletion	62
X	6860199	6860092	Deletion	107
X	6861924	6861834	Deletion	90
X	6861924	6861848	Deletion	76
X	6861924	6861855	Deletion	69
X	6861924	6861868	Deletion	56
X	6861924	6861886	Deletion	38
X	6878710	6878637	Deletion	73
X	6878689	6878637	Deletion	52
X	6878727	6878637	Deletion	90
X	6878696	6878637	Deletion	59
X	6878732	6878637	Deletion	95
X	6878753	6878637	Deletion	116
X	6878675	6878637	Deletion	38
X	6878733	6878637	Deletion	96
X	6885537	6885414	Deletion	123
X	6890474	6890402	Deletion	72
X	6903270	6903162	Deletion	108
X	6903216	6903162	Deletion	54
X	6913316	6913198	Deletion	118
X	6913316	6913206	Deletion	110
X	6913316	6913251	Deletion	65
X	6913316	6913255	Deletion	61
X	6913316	6913257	Deletion	59
X	6913316	6913273	Deletion	43
X	6916184	6916083	Deletion	101
X	6916149	6916083	Deletion	66
X	6916145	6916083	Deletion	62
X	6916167	6916083	Deletion	84
X	6916151	6916083	Deletion	68
X	6916191	6916083	Deletion	108
X	6922941	6922822	Deletion	119
X	6922941	6922844	Deletion	97
X	6922941	6922853	Deletion	88
X	6922941	6922888	Deletion	53
X	6922941	6922891	Deletion	50
X	6926963	6926893	Deletion	70
X	6927820	6927781	Deletion	39
X	6927858	6927781	Deletion	77
X	6927811	6927781	Deletion	30
X	6927855	6927781	Deletion	74
X	6939409	6939297	Deletion	112
X	6939409	6939298	Deletion	111
X	6939409	6939307	Deletion	102
X	6939409	6939315	Deletion	94
X	6939409	6939319	Deletion	90
X	6944231	6944199	Deletion	32
X	6944312	6944199	Deletion	113
X	6944235	6944199	Deletion	36
X	6949095	6948991	Deletion	104
X	6949095	6949024	Deletion	71
X	6949095	6949036	Deletion	59
X	6953595	6953538	Deletion	57
X	6954006	6953897	Deletion	109
X	6954010	6953897	Deletion	113
X	6954224	6954114	Deletion	110
X	6954224	6954179	Deletion	45
X	6954312	6954273	Deletion	39
X	6955329	6955216	Deletion	113
X	6955284	6955216	Deletion	68
X	6955312	6955216	Deletion	96
X	6955298	6955216	Deletion	82
X	6956016	6955985	Deletion	31
X	6956462	6956346	Deletion	116
X	6956735	6956620	Deletion	115
X	6958239	6958129	Deletion	110
X	6958227	6958129	Deletion	98
X	6958217	6958129	Deletion	88
X	6958246	6958129	Deletion	117
X	6958369	6958252	Deletion	117
X	6958369	6958256	Deletion	113
X	6958369	6958283	Deletion	86
X	6958369	6958284	Deletion	85
X	6958369	6958313	Deletion	56
X	6958369	6958326	Deletion	43
X	6958369	6958327	Deletion	42
X	6960073	6960032	Deletion	41
X	6960074	6960032	Deletion	42
X	6960103	6960032	Deletion	71
X	6960116	6960032	Deletion	84
X	6960117	6960032	Deletion	85
X	6960149	6960032	Deletion	117
X	6985882	6985793	Deletion	89
X	6985882	6985797	Deletion	85
X	6985882	6985799	Deletion	83
X	6985882	6985805	Deletion	77
X	6986252	6986136	Deletion	116
X	6986173	6986136	Deletion	37
X	6986185	6986136	Deletion	49
X	6986179	6986136	Deletion	43
X	6986239	6986136	Deletion	103
X	6986177	6986136	Deletion	41
X	6998955	6998845	Deletion	110
X	6998955	6998893	Deletion	62
X	6998955	6998895	Deletion	60
X	7009149	7009083	Deletion	66
X	7009147	7009083	Deletion	64
X	7018307	7018195	Deletion	112
X	7018307	7018208	Deletion	99
X	7018307	7018223	Deletion	84
X	7018664	7018549	Deletion	115
X	7018664	7018572	Deletion	92
X	7018664	7018585	Deletion	79
X	7018824	7018765	Deletion	59
X	7025000	7024953	Deletion	47
X	7026094	7025973	Deletion	121
X	7031099	7030979	Deletion	120
X	7031099	7030989	Deletion	110
X	7031099	7030993	Deletion	106
X	7031099	7031017	Deletion	82
X	7031099	7031018	Deletion	81
X	7031099	7031027	Deletion	72
X	7031099	7031045	Deletion	54
X	7031909	7031837	Deletion	72
X	7031937	7031837	Deletion	100
X	7031939	7031837	Deletion	102
X	7031891	7031837	Deletion	54
X	7031952	7031837	Deletion	115
X	7031882	7031837	Deletion	45
X	7031881	7031837	Deletion	44
X	7031931	7031837	Deletion	94
X	7034301	7034197	Deletion	104
X	7034297	7034217	Deletion	80
X	7034301	7034225	Deletion	76
X	7034301	7034263	Deletion	38
X	7034301	7034268	Deletion	33
X	7036329	7036279	Deletion	50
X	7036321	7036279	Deletion	42
X	7036372	7036279	Deletion	93
X	7036367	7036279	Deletion	88
X	7036928	7036826	Deletion	102
X	7036928	7036838	Deletion	90
X	7036928	7036858	Deletion	70
X	7037091	7036989	Deletion	102
X	7037086	7036989	Deletion	97
X	7037104	7036989	Deletion	115
X	7037086	7036989	Deletion	97
X	7037045	7036989	Deletion	56
X	7037110	7036989	Deletion	121
X	7037025	7036989	Deletion	36
X	7049925	7049804	Deletion	121
X	7058078	7057961	Deletion	117
X	7070717	7070596	Deletion	121
X	7071351	7071231	Deletion	120
X	7071351	7071275	Deletion	76
X	7071351	7071284	Deletion	67
X	7074624	7074573	Deletion	51
X	7074697	7074573	Deletion	124
X	7074676	7074573	Deletion	103
X	7074633	7074573	Deletion	60
X	7075735	7075613	Deletion	122
X	7078176	7078073	Deletion	103
X	7078176	7078088	Deletion	88
X	7078176	7078116	Deletion	60
X	7078176	7078117	Deletion	59
X	7078176	7078146	Deletion	30
X	7080506	7080468	Deletion	38
X	7080583	7080468	Deletion	115
X	7080534	7080468	Deletion	66
X	7080535	7080468	Deletion	67
X	7080564	7080468	Deletion	96
X	7084501	7084392	Deletion	109
X	7084501	7084421	Deletion	80
X	7084501	7084429	Deletion	72
X	7084501	7084450	Deletion	51
X	7084501	7084450	Deletion	51
X	7085449	7085374	Deletion	75
X	7085428	7085374	Deletion	54
X	7085449	7085374	Deletion	75
X	7085479	7085374	Deletion	105
X	7085420	7085374	Deletion	46
X	7085484	7085374	Deletion	110
X	7098680	7098563	Deletion	117
X	7098680	7098578	Deletion	102
X	7098680	7098594	Deletion	86
X	7102763	7102723	Deletion	40
X	7107275	7107161	Deletion	114
X	7107275	7107176	Deletion	99
X	7107275	7107190	Deletion	85
X	7107275	7107199	Deletion	76
X	7107270	7107212	Deletion	58
X	7107725	7107604	Deletion	121
X	7107645	7107604	Deletion	41
X	7107704	7107604	Deletion	100
X	7107654	7107604	Deletion	50
X	7107667	7107604	Deletion	63
X	7118140	7118023	Deletion	117
X	7118140	7118024	Deletion	116
X	7118140	7118035	Deletion	105
X	7118140	7118059	Deletion	81
X	7118140	7118086	Deletion	54
X	7118140	7118086	Deletion	54
X	7118140	7118098	Deletion	42
X	7120704	7120659	Deletion	45
X	7120743	7120659	Deletion	84
X	7120731	7120659	Deletion	72
X	7120731	7120659	Deletion	72
X	7126434	7126385	Deletion	49
X	7127087	7127036	Deletion	51
X	7128672	7128596	Deletion	76
X	7130133	7130077	Deletion	56
X	7138628	7138508	Deletion	120
X	7138628	7138513	Deletion	115
X	7138628	7138516	Deletion	112
X	7138628	7138542	Deletion	86
X	7138628	7138578	Deletion	50
X	7138794	7138683	Deletion	111
X	7138760	7138683	Deletion	77
X	7138724	7138685	Deletion	39
X	7142292	7142168	Deletion	124
X	7142373	7142256	Deletion	117
X	7143850	7143729	Deletion	121
X	7143850	7143751	Deletion	99
X	7143850	7143763	Deletion	87
X	7143850	7143782	Deletion	68
X	7143850	7143812	Deletion	38
X	7144242	7144184	Deletion	58
X	7144223	7144184	Deletion	39
X	7144272	7144184	Deletion	88
X	7148850	7148731	Deletion	119
X	7148850	7148740	Deletion	110
X	7148850	7148747	Deletion	103
X	7148850	7148753	Deletion	97
X	7148850	7148812	Deletion	38
X	7148850	7148819	Deletion	31
X	7152900	7152811	Deletion	89
X	7152841	7152811	Deletion	30
X	7152911	7152811	Deletion	100
X	7152907	7152811	Deletion	96
X	7161732	7161608	Deletion	124
X	7171662	7171539	Deletion	123
X	7171662	7171569	Deletion	93
X	7171662	7171575	Deletion	87
X	7171662	7171627	Deletion	35
X	7171769	7171736	Deletion	33
X	7171775	7171736	Deletion	39
X	7171827	7171736	Deletion	91
X	7171857	7171736	Deletion	121
X	7177289	7177180	Deletion	109
X	7177289	7177184	Deletion	105
X	7177289	7177199	Deletion	90
X	7177289	7177251	Deletion	38
X	7177289	7177251	Deletion	38
X	7185838	7185748	Deletion	90
X	7185786	7185748	Deletion	38
X	7185838	7185748	Deletion	90
X	7192003	7191911	Deletion	92
X	7192003	7191913	Deletion	90
X	7192003	7191914	Deletion	89
X	7192003	7191940	Deletion	63
X	7192003	7191957	Deletion	46
X	7192003	7191957	Deletion	46
X	7195180	7195097	Deletion	83
X	7195137	7195097	Deletion	40
X	7195163	7195097	Deletion	66
X	7195136	7195097	Deletion	39
X	7195134	7195097	Deletion	37
X	7195180	7195097	Deletion	83
X	7204300	7204177	Deletion	123
X	7213274	7213146	Deletion	128
X	7224736	7224612	Deletion	124
X	7224736	7224630	Deletion	106
X	7224736	7224659	Deletion	77
X	7224736	7224672	Deletion	64
X	7225212	7225091	Deletion	121
X	7225140	7225091	Deletion	49
X	7225153	7225091	Deletion	62
X	7251797	7251676	Deletion	121
X	7256343	7256261	Deletion	82
X	7256343	7256268	Deletion	75
X	7256343	7256298	Deletion	45
X	7256343	7256298	Deletion	45
X	7258148	7258096	Deletion	52
X	7258219	7258096	Deletion	123
X	7258141	7258096	Deletion	45
X	7258178	7258096	Deletion	82
X	7258178	7258096	Deletion	82
X	7267675	7267556	Deletion	119
X	7267675	7267603	Deletion	72
X	7267675	7267622	Deletion	53
X	7269325	7269271	Deletion	54
X	7269383	7269271	Deletion	112
X	7269344	7269271	Deletion	73
X	7273276	7273153	Deletion	123
X	7285675	7285553	Deletion	122
X	7286806	7286685	Deletion	121
X	7296307	7296247	Deletion	60
X	7296663	7296596	Deletion	67
X	7296719	7296596	Deletion	123
X	7296708	7296596	Deletion	112
X	7297265	7297159	Deletion	106
X	7297265	7297169	Deletion	96
X	7297265	7297175	Deletion	90
X	7297265	7297195	Deletion	70
X	7297265	7297234	Deletion	31
X	7297444	7297408	Deletion	36
X	7297503	7297408	Deletion	95
X	7297438	7297408	Deletion	30
X	7297465	7297411	Deletion	54
X	7302770	7302694	Deletion	76
X	7302770	7302710	Deletion	60
X	7302770	7302714	Deletion	56
X	7302770	7302722	Deletion	48
X	7302770	7302735	Deletion	35
X	7303106	7303027	Deletion	79
X	7303150	7303027	Deletion	123
X	7303119	7303027	Deletion	92
X	7303138	7303027	Deletion	111
X	7303078	7303027	Deletion	51
X	7303098	7303027	Deletion	71
X	7303094	7303027	Deletion	67
X	7303184	7303062	Deletion	122
X	7318618	7318501	Deletion	117
X	7318618	7318510	Deletion	108
X	7318618	7318522	Deletion	96
X	7318618	7318577	Deletion	41
X	7318618	7318579	Deletion	39
X	7329485	7329455	Deletion	30
X	7329540	7329455	Deletion	85
X	7329555	7329455	Deletion	100
X	7329542	7329455	Deletion	87
X	7329571	7329455	Deletion	116
X	7334955	7334900	Deletion	55
X	7334955	7334922	Deletion	33
X	7351846	7351775	Deletion	71
X	7351868	7351775	Deletion	93
X	7351884	7351775	Deletion	109
X	7351883	7351775	Deletion	108
X	7351892	7351775	Deletion	117
X	7360572	7360449	Deletion	123
X	7360572	7360480	Deletion	92
X	7360572	7360485	Deletion	87
X	7360572	7360491	Deletion	81
X	7360572	7360528	Deletion	44
X	7365373	7365291	Deletion	82
X	7365399	7365291	Deletion	108
X	7365330	7365291	Deletion	39
X	7365336	7365291	Deletion	45
X	7365405	7365291	Deletion	114
X	7365325	7365291	Deletion	34
X	7381005	7380892	Deletion	113
X	7381005	7380916	Deletion	89
X	7381005	7380965	Deletion	40
X	7381005	7380970	Deletion	35
X	7382691	7382600	Deletion	91
X	7382637	7382600	Deletion	37
X	7382686	7382600	Deletion	86
X	7383526	7383442	Deletion	84
X	7383526	7383448	Deletion	78
X	7383526	7383471	Deletion	55
X	7383526	7383475	Deletion	51
X	7383526	7383478	Deletion	48
X	7383738	7383690	Deletion	48
X	7383768	7383690	Deletion	78
X	7383761	7383690	Deletion	71
X	7383732	7383690	Deletion	42
X	7383765	7383700	Deletion	65
X	7407664	7407549	Deletion	115
X	7407664	7407591	Deletion	73
X	7407664	7407592	Deletion	72
X	7407664	7407594	Deletion	70
X	7408093	7407986	Deletion	107
X	7408040	7407986	Deletion	54
X	7408043	7407986	Deletion	57
X	7408041	7407986	Deletion	55
X	7412412	7412294	Deletion	118
X	7412412	7412304	Deletion	108
X	7412412	7412319	Deletion	93
X	7412937	7412904	Deletion	33
X	7420754	7420672	Deletion	82
X	7420754	7420708	Deletion	46
X	7420754	7420710	Deletion	44
X	7421624	7421503	Deletion	121
X	7421585	7421503	Deletion	82
X	7421602	7421503	Deletion	99
X	7421547	7421503	Deletion	44
X	7421618	7421503	Deletion	115
X	7421583	7421503	Deletion	80
X	7421608	7421503	Deletion	105
X	7438768	7438644	Deletion	124
X	7456192	7456081	Deletion	111
X	7456192	7456083	Deletion	109
X	7456192	7456120	Deletion	72
X	7456192	7456130	Deletion	62
X	7456192	7456145	Deletion	47
X	7456505	7456393	Deletion	112
X	7456460	7456393	Deletion	67
X	7456475	7456393	Deletion	82
X	7456450	7456393	Deletion	57
X	7460883	7460772	Deletion	111
X	7460883	7460786	Deletion	97
X	7460883	7460789	Deletion	94
X	7460883	7460796	Deletion	87
X	7460883	7460801	Deletion	82
X	7460883	7460807	Deletion	76
X	7460883	7460810	Deletion	73
X	7460883	7460826	Deletion	57
X	7460883	7460847	Deletion	36
X	7460883	7460852	Deletion	31
X	7460883	7460853	Deletion	30
X	7463883	7463830	Deletion	53
X	7463925	7463830	Deletion	95
X	7463926	7463830	Deletion	96
X	7463862	7463830	Deletion	32
X	7463952	7463830	Deletion	122
X	7463899	7463830	Deletion	69
X	7463920	7463830	Deletion	90
X	7463943	7463830	Deletion	113
X	7463874	7463830	Deletion	44
X	7463869	7463830	Deletion	39
X	7463880	7463830	Deletion	50
X	7474350	7474247	Deletion	103
X	7474349	7474249	Deletion	100
X	7474350	7474257	Deletion	93
X	7474350	7474311	Deletion	39
X	7474350	7474315	Deletion	35
X	7477086	7476996	Deletion	90
X	7477083	7476996	Deletion	87
X	7477087	7476996	Deletion	91
X	7477029	7476996	Deletion	33
X	7478206	7478087	Deletion	119
X	7478206	7478120	Deletion	86
X	7478206	7478137	Deletion	69
X	7479430	7479328	Deletion	102
X	7479368	7479328	Deletion	40
X	7479385	7479328	Deletion	57
X	7480564	7480442	Deletion	122
X	7497130	7497008	Deletion	122
X	7502005	7501884	Deletion	121
X	7507190	7507080	Deletion	110
X	7507190	7507085	Deletion	105
X	7507190	7507097	Deletion	93
X	7507190	7507097	Deletion	93
X	7507320	7507286	Deletion	34
X	7507320	7507286	Deletion	34
X	7511436	7511312	Deletion	124
X	7518878	7518779	Deletion	99
X	7518883	7518804	Deletion	79
X	7518883	7518812	Deletion	71
X	7518883	7518817	Deletion	66
X	7519858	7519803	Deletion	55
X	7519850	7519803	Deletion	47
X	7519863	7519803	Deletion	60
X	7519902	7519803	Deletion	99
X	7523847	7523728	Deletion	119
X	7523847	7523768	Deletion	79
X	7523847	7523791	Deletion	56
X	7523847	7523794	Deletion	53
X	7523847	7523799	Deletion	48
X	7523847	7523805	Deletion	42
X	7523847	7523811	Deletion	36
X	7526994	7526947	Deletion	47
X	7527059	7526947	Deletion	112
X	7527017	7526947	Deletion	70
X	7527049	7526947	Deletion	102
X	7527020	7526947	Deletion	73
X	7527037	7526947	Deletion	90
X	7527031	7526947	Deletion	84
X	7527025	7526947	Deletion	78
X	7540361	7540238	Deletion	123
X	7540361	7540250	Deletion	111
X	7540361	7540263	Deletion	98
X	7540361	7540270	Deletion	91
X	7540361	7540287	Deletion	74
X	7540361	7540296	Deletion	65
X	7540361	7540310	Deletion	51
X	7553688	7553653	Deletion	35
X	7553728	7553653	Deletion	75
X	7553714	7553653	Deletion	61
X	7553705	7553653	Deletion	52
X	7553776	7553653	Deletion	123
X	7576381	7576257	Deletion	124
X	7576381	7576261	Deletion	120
X	7576381	7576287	Deletion	94
X	7576381	7576289	Deletion	92
X	7576381	7576303	Deletion	78
X	7576381	7576324	Deletion	57
X	7576381	7576347	Deletion	34
X	7581984	7581935	Deletion	49
X	7582028	7581935	Deletion	93
X	7581970	7581935	Deletion	35
X	7582005	7581935	Deletion	70
X	7581968	7581935	Deletion	33
X	7582590	7582472	Deletion	118
X	7582590	7582482	Deletion	108
X	7582590	7582497	Deletion	93
X	7582590	7582501	Deletion	89
X	7582590	7582504	Deletion	86
X	7582590	7582504	Deletion	86
X	7582590	7582510	Deletion	80
X	7582590	7582515	Deletion	75
X	7582590	7582523	Deletion	67
X	7582590	7582533	Deletion	57
X	7582590	7582551	Deletion	39
X	7582731	7582671	Deletion	60
X	7582741	7582671	Deletion	70
X	7582712	7582671	Deletion	41
X	7582718	7582671	Deletion	47
X	7582790	7582671	Deletion	119
X	7582759	7582671	Deletion	88
X	7582772	7582671	Deletion	101
X	7582705	7582671	Deletion	34
X	7582712	7582671	Deletion	41
X	7582787	7582671	Deletion	116
X	7582723	7582671	Deletion	52
X	7582709	7582671	Deletion	38
X	7593465	7593343	Deletion	122
X	7593465	7593350	Deletion	115
X	7593465	7593360	Deletion	105
X	7593465	7593363	Deletion	102
X	7593465	7593369	Deletion	96
X	7593465	7593408	Deletion	57
X	7593465	7593428	Deletion	37
X	7600798	7600709	Deletion	89
X	7600739	7600709	Deletion	30
X	7600778	7600709	Deletion	69
X	7600813	7600709	Deletion	104
X	7617453	7617340	Deletion	113
X	7617453	7617359	Deletion	94
X	7617453	7617363	Deletion	90
X	7617453	7617365	Deletion	88
X	7617453	7617368	Deletion	85
X	7617453	7617389	Deletion	64
X	7617453	7617423	Deletion	30
X	7624347	7624284	Deletion	63
X	7624317	7624284	Deletion	33
X	7624381	7624284	Deletion	97
X	7624321	7624284	Deletion	37
X	7624326	7624284	Deletion	42
X	7624323	7624284	Deletion	39
X	7624406	7624284	Deletion	122
X	7630836	7630724	Deletion	112
X	7630836	7630760	Deletion	76
X	7630836	7630764	Deletion	72
X	7637596	7637475	Deletion	121
X	7637529	7637475	Deletion	54
X	7637525	7637475	Deletion	50
X	7637572	7637475	Deletion	97
X	7637573	7637475	Deletion	98
X	7637584	7637476	Deletion	108
X	7638922	7638813	Deletion	109
X	7638922	7638818	Deletion	104
X	7638922	7638839	Deletion	83
X	7638922	7638842	Deletion	80
X	7638922	7638855	Deletion	67
X	7638922	7638873	Deletion	49
X	7638922	7638880	Deletion	42
X	7638922	7638884	Deletion	38
X	7638922	7638891	Deletion	31
X	7642262	7642219	Deletion	43
X	7642296	7642219	Deletion	77
X	7642307	7642219	Deletion	88
X	7642314	7642219	Deletion	95
X	7642278	7642219	Deletion	59
X	7642303	7642219	Deletion	84
X	7642265	7642219	Deletion	46
X	7642332	7642219	Deletion	113
X	7642770	7642662	Deletion	108
X	7642770	7642665	Deletion	105
X	7642770	7642668	Deletion	102
X	7642770	7642675	Deletion	95
X	7642770	7642678	Deletion	92
X	7642770	7642685	Deletion	85
X	7646960	7646862	Deletion	98
X	7646985	7646862	Deletion	123
X	7646904	7646862	Deletion	42
X	7646897	7646862	Deletion	35
X	7646894	7646862	Deletion	32
X	7646977	7646862	Deletion	115
X	7653397	7653284	Deletion	113
X	7653397	7653301	Deletion	96
X	7653397	7653308	Deletion	89
X	7653397	7653348	Deletion	49
X	7653397	7653352	Deletion	45
X	7653397	7653352	Deletion	45
X	7675583	7675504	Deletion	79
X	7675543	7675504	Deletion	39
X	7675587	7675504	Deletion	83
X	7675536	7675504	Deletion	32
X	7675587	7675504	Deletion	83
X	7677944	7677864	Deletion	80
X	7677944	7677901	Deletion	43
X	7677944	7677913	Deletion	31
X	7690242	7690129	Deletion	113
X	7690226	7690129	Deletion	97
X	7690177	7690129	Deletion	48
X	7690214	7690129	Deletion	85
X	7690239	7690129	Deletion	110
X	7692485	7692369	Deletion	116
X	7692485	7692396	Deletion	89
X	7692485	7692396	Deletion	89
X	7692485	7692441	Deletion	44
X	7692485	7692446	Deletion	39
X	7692485	7692453	Deletion	32
X	7692656	7692569	Deletion	87
X	7692663	7692569	Deletion	94
X	7692690	7692569	Deletion	121
X	7692606	7692569	Deletion	37
X	7692651	7692569	Deletion	82
X	7692692	7692569	Deletion	123
X	7692606	7692569	Deletion	37
X	7692668	7692569	Deletion	99
X	7692668	7692569	Deletion	99
X	7698460	7698344	Deletion	116
X	7698460	7698403	Deletion	57
X	7701909	7701839	Deletion	70
X	7713177	7713056	Deletion	121
X	7722676	7722555	Deletion	121
X	7723469	7723347	Deletion	122
X	7723469	7723350	Deletion	119
X	7723469	7723432	Deletion	37
X	7724869	7724748	Deletion	121
X	7724845	7724748	Deletion	97
X	7724837	7724748	Deletion	89
X	7724858	7724748	Deletion	110
X	7724867	7724748	Deletion	119
X	7728073	7727961	Deletion	112
X	7728073	7727981	Deletion	92
X	7728073	7728006	Deletion	67
X	7728524	7728490	Deletion	34
X	7728600	7728490	Deletion	110
X	7728549	7728490	Deletion	59
X	7731215	7731091	Deletion	124
X	7740464	7740341	Deletion	123
X	7740762	7740639	Deletion	123
X	7740762	7740655	Deletion	107
X	7740762	7740675	Deletion	87
X	7740762	7740695	Deletion	67
X	7740762	7740724	Deletion	38
X	7741779	7741720	Deletion	59
X	7741839	7741720	Deletion	119
X	7741842	7741720	Deletion	122
X	7741759	7741720	Deletion	39
X	7741808	7741720	Deletion	88
X	7741817	7741720	Deletion	97
X	7741819	7741720	Deletion	99
X	7752187	7752065	Deletion	122
X	7761078	7760954	Deletion	124
X	7761078	7760958	Deletion	120
X	7761078	7760964	Deletion	114
X	7767324	7767225	Deletion	99
X	7767333	7767225	Deletion	108
X	7776136	7776031	Deletion	105
X	7776136	7776041	Deletion	95
X	7776136	7776058	Deletion	78
X	7797152	7797104	Deletion	48
X	7797135	7797104	Deletion	31
X	7804706	7804598	Deletion	108
X	7804706	7804613	Deletion	93
X	7807516	7807403	Deletion	113
X	7807523	7807403	Deletion	120
X	7807437	7807403	Deletion	34
X	7807500	7807403	Deletion	97
X	7807526	7807403	Deletion	123
X	7813482	7813449	Deletion	33
X	7813913	7813793	Deletion	120
X	7814096	7814020	Deletion	76
X	7814961	7814877	Deletion	84
X	7816361	7816309	Deletion	52
X	7817122	7817023	Deletion	99
X	7821246	7821141	Deletion	105
X	7821246	7821151	Deletion	95
X	7821246	7821202	Deletion	44
X	7821246	7821205	Deletion	41
X	7821422	7821313	Deletion	109
X	7821400	7821313	Deletion	87
X	7845894	7845776	Deletion	118
X	7846290	7846184	Deletion	106
X	7846294	7846184	Deletion	110
X	7846303	7846184	Deletion	119
X	7846307	7846184	Deletion	123
X	7861415	7861293	Deletion	122
X	7865052	7864938	Deletion	114
X	7865052	7864952	Deletion	100
X	7865052	7864954	Deletion	98
X	7865052	7864990	Deletion	62
X	7865052	7864993	Deletion	59
X	7865052	7865009	Deletion	43
X	7865491	7865386	Deletion	105
X	7865470	7865386	Deletion	84
X	7865501	7865386	Deletion	115
X	7865454	7865386	Deletion	68
X	7865484	7865386	Deletion	98
X	7865451	7865386	Deletion	65
X	7867646	7867533	Deletion	113
X	7870234	7870112	Deletion	122
X	7897319	7897197	Deletion	122
X	7897319	7897229	Deletion	90
X	7898681	7898645	Deletion	36
X	7906127	7906030	Deletion	97
X	7906127	7906039	Deletion	88
X	7906127	7906064	Deletion	63
X	7906127	7906075	Deletion	52
X	7907800	7907762	Deletion	38
X	7907836	7907762	Deletion	74
X	7907861	7907762	Deletion	99
X	7907876	7907762	Deletion	114
X	7907825	7907762	Deletion	63
X	7929175	7929054	Deletion	121
X	7929884	7929792	Deletion	92
X	7929884	7929799	Deletion	85
X	7929882	7929804	Deletion	78
X	7929884	7929807	Deletion	77
X	7929884	7929827	Deletion	57
X	7940217	7940176	Deletion	41
X	7940222	7940176	Deletion	46
X	7940225	7940176	Deletion	49
X	7940245	7940176	Deletion	69
X	7940210	7940176	Deletion	34
X	7940287	7940176	Deletion	111
X	7945434	7945328	Deletion	106
X	7945434	7945353	Deletion	81
X	7945596	7945551	Deletion	45
X	7951953	7951835	Deletion	118
X	7951953	7951854	Deletion	99
X	7951953	7951871	Deletion	82
X	7954965	7954862	Deletion	103
X	7954979	7954862	Deletion	117
X	7954906	7954862	Deletion	44
X	7954984	7954862	Deletion	122
X	7967185	7967079	Deletion	106
X	7967185	7967118	Deletion	67
X	7967185	7967125	Deletion	60
X	7975738	7975679	Deletion	59
X	7975797	7975679	Deletion	118
X	7975745	7975679	Deletion	66
X	8001631	8001513	Deletion	118
X	8001631	8001517	Deletion	114
X	8001631	8001528	Deletion	103
X	8001631	8001538	Deletion	93
X	8001631	8001545	Deletion	86
X	8001631	8001555	Deletion	76
X	8001631	8001555	Deletion	76
X	8001631	8001569	Deletion	62
X	8002839	8002775	Deletion	64
X	8002808	8002775	Deletion	33
X	8002815	8002775	Deletion	40
X	8002825	8002775	Deletion	50
X	8002889	8002775	Deletion	114
X	8002874	8002775	Deletion	99
X	8002825	8002775	Deletion	50
X	8027709	8027587	Deletion	122
X	8032542	8032431	Deletion	111
X	8033097	8032991	Deletion	106
X	8033393	8033292	Deletion	101
X	8033393	8033302	Deletion	91
X	8035261	8035161	Deletion	100
X	8035601	8035552	Deletion	49
X	8035588	8035552	Deletion	36
X	8040092	8039993	Deletion	99
X	8040030	8039993	Deletion	37
X	8040090	8039993	Deletion	97
X	8040054	8039993	Deletion	61
X	8040034	8039993	Deletion	41
X	8040103	8039993	Deletion	110
X	8040092	8039993	Deletion	99
X	8050386	8050267	Deletion	119
X	8050386	8050319	Deletion	67
X	8050386	8050332	Deletion	54
X	8050386	8050333	Deletion	53
X	8050386	8050346	Deletion	40
X	8080737	8080677	Deletion	60
X	8080751	8080677	Deletion	74
X	8080796	8080677	Deletion	119
X	8080750	8080677	Deletion	73
X	8080764	8080677	Deletion	87
X	8083450	8083328	Deletion	122
X	8086243	8086138	Deletion	105
X	8086243	8086148	Deletion	95
X	8086243	8086154	Deletion	89
X	8089503	8089471	Deletion	32
X	8089509	8089471	Deletion	38
X	8089585	8089471	Deletion	114
X	8089579	8089471	Deletion	108
X	8094956	8094850	Deletion	106
X	8094956	8094853	Deletion	103
X	8094956	8094867	Deletion	89
X	8094956	8094873	Deletion	83
X	8094956	8094899	Deletion	57
X	8094956	8094920	Deletion	36
X	8096270	8096179	Deletion	91
X	8096294	8096179	Deletion	115
X	8096249	8096179	Deletion	70
X	8096217	8096179	Deletion	38
X	8096223	8096179	Deletion	44
X	8103757	8103636	Deletion	121
X	8105966	8105886	Deletion	80
X	8105966	8105931	Deletion	35
X	8106485	8106438	Deletion	47
X	8106553	8106438	Deletion	115
X	8106530	8106438	Deletion	92
X	8106538	8106439	Deletion	99
X	8112031	8111907	Deletion	124
X	8112031	8111911	Deletion	120
X	8112031	8111944	Deletion	87
X	8112031	8111951	Deletion	80
X	8112031	8111953	Deletion	78
X	8112031	8111970	Deletion	61
X	8112957	8112841	Deletion	116
X	8112908	8112841	Deletion	67
X	8112891	8112841	Deletion	50
X	8112882	8112841	Deletion	41
X	8112889	8112841	Deletion	48
X	8120162	8120064	Deletion	98
X	8120162	8120083	Deletion	79
X	8120507	8120460	Deletion	47
X	8120571	8120460	Deletion	111
X	8121921	8121799	Deletion	122
X	8121921	8121806	Deletion	115
X	8121921	8121823	Deletion	98
X	8121921	8121824	Deletion	97
X	8121921	8121847	Deletion	74
X	8121921	8121849	Deletion	72
X	8121921	8121851	Deletion	70
X	8121921	8121860	Deletion	61
X	8138047	8137993	Deletion	54
X	8138045	8137993	Deletion	52
X	8138082	8137993	Deletion	89
X	8138058	8137993	Deletion	65
X	8138049	8137993	Deletion	56
X	8138101	8137996	Deletion	105
X	8163660	8163536	Deletion	124
X	8163660	8163541	Deletion	119
X	8163660	8163541	Deletion	119
X	8163660	8163545	Deletion	115
X	8163660	8163558	Deletion	102
X	8163660	8163629	Deletion	31
X	8166854	8166756	Deletion	98
X	8166857	8166756	Deletion	101
X	8166851	8166756	Deletion	95
X	8166867	8166756	Deletion	111
X	8174232	8174132	Deletion	100
X	8174232	8174157	Deletion	75
X	8174232	8174165	Deletion	67
X	8174232	8174186	Deletion	46
X	8174717	8174606	Deletion	111
X	8174657	8174606	Deletion	51
X	8174665	8174606	Deletion	59
X	8174720	8174606	Deletion	114
X	8174686	8174606	Deletion	80
X	8175367	8175263	Deletion	104
X	8175364	8175276	Deletion	88
X	8175367	8175278	Deletion	89
X	8175367	8175306	Deletion	61
X	8175367	8175334	Deletion	33
X	8178903	8178793	Deletion	110
X	8178886	8178793	Deletion	93
X	8178858	8178793	Deletion	65
X	8178830	8178793	Deletion	37
X	8178901	8178793	Deletion	108
X	8178828	8178793	Deletion	35
X	8179014	8178890	Deletion	124
X	8188290	8188194	Deletion	96
X	8188290	8188198	Deletion	92
X	8195087	8195053	Deletion	34
X	8195083	8195053	Deletion	30
X	8198682	8198561	Deletion	121
X	8213229	8213137	Deletion	92
X	8213229	8213150	Deletion	79
X	8213229	8213176	Deletion	53
X	8213229	8213182	Deletion	47
X	8213229	8213189	Deletion	40
X	8213229	8213191	Deletion	38
X	8213229	8213199	Deletion	30
X	8216383	8216287	Deletion	96
X	8216375	8216287	Deletion	88
X	8216366	8216287	Deletion	79
X	8216360	8216287	Deletion	73
X	8216373	8216287	Deletion	86
X	8216334	8216287	Deletion	47
X	8217077	8216977	Deletion	100
X	8217078	8217022	Deletion	56
X	8217078	8217028	Deletion	50
X	8217078	8217038	Deletion	40
X	8232584	8232474	Deletion	110
X	8232563	8232474	Deletion	89
X	8232581	8232474	Deletion	107
X	8232553	8232474	Deletion	79
X	8232586	8232474	Deletion	112
X	8232547	8232474	Deletion	73
X	8232581	8232474	Deletion	107
X	8234476	8234411	Deletion	65
X	8234476	8234414	Deletion	62
X	8235139	8235027	Deletion	112
X	8235091	8235027	Deletion	64
X	8235088	8235027	Deletion	61
X	8241331	8241245	Deletion	86
X	8241331	8241260	Deletion	71
X	8241331	8241267	Deletion	64
X	8241331	8241301	Deletion	30
X	8250472	8250417	Deletion	55
X	8250479	8250417	Deletion	62
X	8250513	8250417	Deletion	96
X	8250457	8250417	Deletion	40
X	8250526	8250417	Deletion	109
X	8256539	8256416	Deletion	123
X	8264764	8264643	Deletion	121
X	8266774	8266654	Deletion	120
X	8266774	8266708	Deletion	66
X	8266774	8266712	Deletion	62
X	8266774	8266714	Deletion	60
X	8266774	8266714	Deletion	60
X	8266774	8266728	Deletion	46
X	8266774	8266728	Deletion	46
X	8266774	8266743	Deletion	31
X	8271632	8271551	Deletion	81
X	8271616	8271551	Deletion	65
X	8271612	8271551	Deletion	61
X	8271618	8271551	Deletion	67
X	8271647	8271551	Deletion	96
X	8271632	8271551	Deletion	81
X	8271618	8271551	Deletion	67
X	8271655	8271551	Deletion	104
X	8271661	8271551	Deletion	110
X	8277443	8277322	Deletion	121
X	8278192	8278088	Deletion	104
X	8278192	8278111	Deletion	81
X	8278192	8278160	Deletion	32
X	8278677	8278583	Deletion	94
X	8278628	8278583	Deletion	45
X	8319098	8319034	Deletion	64
X	8320747	8320647	Deletion	100
X	8320710	8320647	Deletion	63
X	8320772	8320649	Deletion	123
X	8321980	8321858	Deletion	122
X	8324948	8324827	Deletion	121
X	8330704	8330581	Deletion	123
X	8333181	8333065	Deletion	116
X	8333181	8333084	Deletion	97
X	8333181	8333110	Deletion	71
X	8333181	8333113	Deletion	68
X	8334156	8334101	Deletion	55
X	8334198	8334101	Deletion	97
X	8334159	8334101	Deletion	58
X	8334198	8334101	Deletion	97
X	8334215	8334101	Deletion	114
X	8334869	8334748	Deletion	121
X	8338281	8338160	Deletion	121
X	8338281	8338180	Deletion	101
X	8338281	8338223	Deletion	58
X	8338281	8338231	Deletion	50
X	8338281	8338242	Deletion	39
X	8350522	8350454	Deletion	68
X	8350530	8350454	Deletion	76
X	8350541	8350454	Deletion	87
X	8350577	8350454	Deletion	123
X	8350573	8350454	Deletion	119
X	8350563	8350454	Deletion	109
X	8357702	8357588	Deletion	114
X	8357702	8357629	Deletion	73
X	8357702	8357648	Deletion	54
X	8357702	8357670	Deletion	32
X	8359591	8359493	Deletion	98
X	8359546	8359493	Deletion	53
X	8359565	8359493	Deletion	72
X	8359587	8359493	Deletion	94
X	8361151	8361065	Deletion	86
X	8361151	8361073	Deletion	78
X	8361151	8361084	Deletion	67
X	8362292	8362243	Deletion	49
X	8362362	8362243	Deletion	119
X	8362303	8362243	Deletion	60
X	8362282	8362243	Deletion	39
X	8363905	8363796	Deletion	109
X	8363919	8363796	Deletion	123
X	8367293	8367176	Deletion	117
X	8367853	8367738	Deletion	115
X	8367853	8367758	Deletion	95
X	8367853	8367764	Deletion	89
X	8367853	8367773	Deletion	80
X	8367853	8367792	Deletion	61
X	8368128	8368063	Deletion	65
X	8368094	8368063	Deletion	31
X	8368100	8368063	Deletion	37
X	8368109	8368063	Deletion	46
X	8370589	8370500	Deletion	89
X	8370589	8370542	Deletion	47
X	8370589	8370550	Deletion	39
X	8370589	8370551	Deletion	38
X	8370589	8370554	Deletion	35
X	8377107	8377004	Deletion	103
X	8377104	8377004	Deletion	100
X	8377092	8377004	Deletion	88
X	8377041	8377004	Deletion	37
X	8377083	8377004	Deletion	79
X	8377091	8377004	Deletion	87
X	8377095	8377004	Deletion	91
X	8378556	8378433	Deletion	123
X	8378556	8378439	Deletion	117
X	8378556	8378440	Deletion	116
X	8378556	8378452	Deletion	104
X	8378556	8378481	Deletion	75
X	8378556	8378499	Deletion	57
X	8378556	8378507	Deletion	49
X	8378556	8378512	Deletion	44
X	8378556	8378514	Deletion	42
X	8378556	8378516	Deletion	40
X	8378556	8378518	Deletion	38
X	8380883	8380783	Deletion	100
X	8380865	8380783	Deletion	82
X	8380869	8380783	Deletion	86
X	8380867	8380783	Deletion	84
X	8380884	8380783	Deletion	101
X	8380871	8380783	Deletion	88
X	8380905	8380783	Deletion	122
X	8380860	8380783	Deletion	77
X	8380852	8380783	Deletion	69
X	8380834	8380783	Deletion	51
X	8384199	8384079	Deletion	120
X	8384199	8384102	Deletion	97
X	8384199	8384104	Deletion	95
X	8384199	8384108	Deletion	91
X	8384199	8384136	Deletion	63
X	8384199	8384157	Deletion	42
X	8384298	8384260	Deletion	38
X	8384375	8384260	Deletion	115
X	8384347	8384260	Deletion	87
X	8384369	8384260	Deletion	109
X	8384292	8384260	Deletion	32
X	8384326	8384260	Deletion	66
X	8384374	8384260	Deletion	114
X	8388361	8388250	Deletion	111
X	8388361	8388307	Deletion	54
X	8388361	8388320	Deletion	41
X	8393608	8393535	Deletion	73
X	8393621	8393535	Deletion	86
X	8393648	8393535	Deletion	113
X	8395489	8395375	Deletion	114
X	8395489	8395410	Deletion	79
X	8396725	8396619	Deletion	106
X	8396667	8396619	Deletion	48
X	8401230	8401107	Deletion	123
X	8401230	8401111	Deletion	119
X	8401230	8401123	Deletion	107
X	8401230	8401150	Deletion	80
X	8401230	8401163	Deletion	67
X	8401230	8401189	Deletion	41
X	8401230	8401192	Deletion	38
X	8401230	8401193	Deletion	37
X	8401715	8401626	Deletion	89
X	8401711	8401626	Deletion	85
X	8401672	8401626	Deletion	46
X	8401731	8401626	Deletion	105
X	8401685	8401626	Deletion	59
X	8401714	8401626	Deletion	88
X	8402973	8402916	Deletion	57
X	8402973	8402918	Deletion	55
X	8403662	8403589	Deletion	73
X	8403693	8403589	Deletion	104
X	8403688	8403589	Deletion	99
X	8403660	8403589	Deletion	71
X	8403701	8403589	Deletion	112
X	8410129	8410030	Deletion	99
X	8410129	8410031	Deletion	98
X	8410129	8410034	Deletion	95
X	8410129	8410036	Deletion	93
X	8410129	8410039	Deletion	90
X	8410129	8410071	Deletion	58
X	8410129	8410083	Deletion	46
X	8410129	8410095	Deletion	34
X	8412346	8412247	Deletion	99
X	8412361	8412249	Deletion	112
X	8412317	8412249	Deletion	68
X	8412329	8412249	Deletion	80
X	8412282	8412249	Deletion	33
X	8412341	8412249	Deletion	92
X	8412285	8412249	Deletion	36
X	8412280	8412249	Deletion	31
X	8414899	8414776	Deletion	123
X	8426748	8426625	Deletion	123
X	8428716	8428603	Deletion	113
X	8428716	8428620	Deletion	96
X	8428716	8428640	Deletion	76
X	8428716	8428657	Deletion	59
X	8428716	8428686	Deletion	30
X	8428986	8428874	Deletion	112
X	8428925	8428874	Deletion	51
X	8428905	8428874	Deletion	31
X	8428942	8428874	Deletion	68
X	8428971	8428874	Deletion	97
X	8432321	8432228	Deletion	93
X	8432321	8432230	Deletion	91
X	8432321	8432269	Deletion	52
X	8432321	8432270	Deletion	51
X	8432321	8432274	Deletion	47
X	8432321	8432286	Deletion	35
X	8490128	8490053	Deletion	75
X	8490132	8490053	Deletion	79
X	8490088	8490053	Deletion	35
X	8490086	8490053	Deletion	33
X	8490127	8490053	Deletion	74
X	8490155	8490053	Deletion	102
X	8490157	8490053	Deletion	104
X	8490144	8490053	Deletion	91
X	8493459	8493342	Deletion	117
X	8493459	8493373	Deletion	86
X	8493459	8493423	Deletion	36
X	8493868	8493750	Deletion	118
X	8493790	8493750	Deletion	40
X	8493852	8493750	Deletion	102
X	8493840	8493750	Deletion	90
X	8499611	8499511	Deletion	100
X	8499616	8499511	Deletion	105
X	8499608	8499511	Deletion	97
X	8502064	8501959	Deletion	105
X	8502064	8501974	Deletion	90
X	8502064	8501975	Deletion	89
X	8502064	8501996	Deletion	68
X	8504652	8504615	Deletion	37
X	8504737	8504615	Deletion	122
X	8504721	8504615	Deletion	106
X	8504674	8504615	Deletion	59
X	8506555	8506431	Deletion	124
X	8515679	8515627	Deletion	52
X	8515679	8515627	Deletion	52
X	8515679	8515633	Deletion	46
X	8516840	8516718	Deletion	122
X	8516793	8516718	Deletion	75
X	8516799	8516718	Deletion	81
X	8516793	8516718	Deletion	75
X	8516828	8516718	Deletion	110
X	8516827	8516718	Deletion	109
X	8517264	8517140	Deletion	124
X	8517264	8517152	Deletion	112
X	8517264	8517183	Deletion	81
X	8517264	8517219	Deletion	45
X	8531014	8530972	Deletion	42
X	8548772	8548727	Deletion	45
X	8548808	8548727	Deletion	81
X	8548831	8548727	Deletion	104
X	8548845	8548727	Deletion	118
X	8553312	8553195	Deletion	117
X	8553312	8553215	Deletion	97
X	8553312	8553235	Deletion	77
X	8553312	8553246	Deletion	66
X	8553312	8553273	Deletion	39
X	8555029	8554942	Deletion	87
X	8555002	8554942	Deletion	60
X	8554991	8554942	Deletion	49
X	8557474	8557352	Deletion	122
X	8557474	8557354	Deletion	120
X	8557474	8557406	Deletion	68
X	8557474	8557420	Deletion	54
X	8557474	8557434	Deletion	40
X	8557474	8557440	Deletion	34
X	8558075	8557983	Deletion	92
X	8558089	8557983	Deletion	106
X	8558069	8557983	Deletion	86
X	8558055	8557983	Deletion	72
X	8558041	8557983	Deletion	58
X	8567026	8566943	Deletion	83
X	8567683	8567639	Deletion	44
X	8576979	8576855	Deletion	124
X	8576979	8576890	Deletion	89
X	8576979	8576891	Deletion	88
X	8576979	8576893	Deletion	86
X	8576979	8576912	Deletion	67
X	8576979	8576926	Deletion	53
X	8576979	8576929	Deletion	50
X	8576979	8576930	Deletion	49
X	8577595	8577555	Deletion	40
X	8577654	8577555	Deletion	99
X	8577659	8577555	Deletion	104
X	8577634	8577555	Deletion	79
X	8577594	8577555	Deletion	39
X	8577630	8577555	Deletion	75
X	8577616	8577555	Deletion	61
X	8577633	8577555	Deletion	78
X	8577671	8577555	Deletion	116
X	8580159	8580036	Deletion	123
X	8580159	8580039	Deletion	120
X	8580156	8580047	Deletion	109
X	8580159	8580081	Deletion	78
X	8580159	8580106	Deletion	53
X	8580159	8580106	Deletion	53
X	8580159	8580115	Deletion	44
X	8583575	8583502	Deletion	73
X	8583584	8583502	Deletion	82
X	8583550	8583502	Deletion	48
X	8608837	8608717	Deletion	120
X	8608837	8608743	Deletion	94
X	8609441	8609409	Deletion	32
X	8620069	8619947	Deletion	122
X	8624227	8624110	Deletion	117
X	8624227	8624143	Deletion	84
X	8624227	8624147	Deletion	80
X	8624227	8624153	Deletion	74
X	8624227	8624171	Deletion	56
X	8630353	8630307	Deletion	46
X	8630359	8630307	Deletion	52
X	8630418	8630307	Deletion	111
X	8630349	8630307	Deletion	42
X	8630377	8630307	Deletion	70
X	8636069	8635949	Deletion	120
X	8636069	8635962	Deletion	107
X	8636069	8635978	Deletion	91
X	8636069	8636016	Deletion	53
X	8636910	8636875	Deletion	35
X	8636980	8636875	Deletion	105
X	8636948	8636875	Deletion	73
X	8641198	8641086	Deletion	112
X	8641198	8641091	Deletion	107
X	8641198	8641106	Deletion	92
X	8641198	8641107	Deletion	91
X	8641198	8641143	Deletion	55
X	8641198	8641144	Deletion	54
X	8642911	8642837	Deletion	74
X	8642944	8642837	Deletion	107
X	8642912	8642837	Deletion	75
X	8642874	8642837	Deletion	37
X	8642954	8642837	Deletion	117
X	8642875	8642837	Deletion	38
X	8644546	8644427	Deletion	119
X	8644546	8644456	Deletion	90
X	8644546	8644467	Deletion	79
X	8644546	8644512	Deletion	34
X	8644546	8644512	Deletion	34
X	8656603	8656510	Deletion	93
X	8656623	8656510	Deletion	113
X	8656547	8656510	Deletion	37
X	8656558	8656510	Deletion	48
X	8656603	8656510	Deletion	93
X	8660589	8660468	Deletion	121
X	8660589	8660489	Deletion	100
X	8660589	8660518	Deletion	71
X	8660589	8660542	Deletion	47
X	8660879	8660772	Deletion	107
X	8660829	8660772	Deletion	57
X	8660853	8660772	Deletion	81
X	8690553	8690439	Deletion	114
X	8690553	8690476	Deletion	77
X	8690553	8690487	Deletion	66
X	8690553	8690496	Deletion	57
X	8696909	8696860	Deletion	49
X	8696975	8696860	Deletion	115
X	8696966	8696860	Deletion	106
X	8696920	8696860	Deletion	60
X	8696967	8696860	Deletion	107
X	8696975	8696860	Deletion	115
X	8696929	8696860	Deletion	69
X	8699520	8699477	Deletion	43
X	8699879	8699839	Deletion	40
X	8700239	8700155	Deletion	84
X	8701678	8701583	Deletion	95
X	8701678	8701613	Deletion	65
X	8703591	8703479	Deletion	112
X	8703563	8703479	Deletion	84
X	8703511	8703479	Deletion	32
X	8703541	8703479	Deletion	62
X	8703566	8703479	Deletion	87
X	8703522	8703479	Deletion	43
X	8719697	8719593	Deletion	104
X	8719697	8719595	Deletion	102
X	8719697	8719596	Deletion	101
X	8719697	8719628	Deletion	69
X	8719697	8719657	Deletion	40
X	8720882	8720796	Deletion	86
X	8720853	8720796	Deletion	57
X	8720908	8720796	Deletion	112
X	8723838	8723715	Deletion	123
X	8723838	8723739	Deletion	99
X	8723838	8723804	Deletion	34
X	8725211	8725116	Deletion	95
X	8725146	8725116	Deletion	30
X	8725221	8725116	Deletion	105
X	8725224	8725116	Deletion	108
X	8738408	8738283	Deletion	125
X	8745490	8745389	Deletion	101
X	8745490	8745395	Deletion	95
X	8745490	8745400	Deletion	90
X	8745490	8745406	Deletion	84
X	8745575	8745543	Deletion	32
X	8745586	8745543	Deletion	43
X	8745580	8745543	Deletion	37
X	8745733	8745618	Deletion	115
X	8745733	8745636	Deletion	97
X	8745733	8745654	Deletion	79
X	8745733	8745659	Deletion	74
X	8745733	8745672	Deletion	61
X	8745733	8745685	Deletion	48
X	8745733	8745698	Deletion	35
X	8746206	8746098	Deletion	108
X	8746213	8746098	Deletion	115
X	8746209	8746098	Deletion	111
X	8746145	8746098	Deletion	47
X	8746189	8746098	Deletion	91
X	8746150	8746098	Deletion	52
X	8746176	8746098	Deletion	78
X	8746163	8746098	Deletion	65
X	8746573	8746460	Deletion	113
X	8746573	8746470	Deletion	103
X	8746573	8746494	Deletion	79
X	8746573	8746498	Deletion	75
X	8746573	8746508	Deletion	65
X	8746573	8746531	Deletion	42
X	8746784	8746723	Deletion	61
X	8746824	8746723	Deletion	101
X	8746807	8746723	Deletion	84
X	8746774	8746723	Deletion	51
X	8746770	8746723	Deletion	47
X	8755173	8755058	Deletion	115
X	8755173	8755081	Deletion	92
X	8755168	8755081	Deletion	87
X	8755173	8755130	Deletion	43
X	8755339	8755229	Deletion	110
X	8755263	8755229	Deletion	34
X	8755348	8755229	Deletion	119
X	8755263	8755229	Deletion	34
X	8755312	8755229	Deletion	83
X	8755328	8755229	Deletion	99
X	8755349	8755229	Deletion	120
X	8755344	8755229	Deletion	115
X	8755351	8755229	Deletion	122
X	8755879	8755760	Deletion	119
X	8758397	8758315	Deletion	82
X	8758397	8758321	Deletion	76
X	8758397	8758338	Deletion	59
X	8758397	8758350	Deletion	47
X	8758397	8758352	Deletion	45
X	8758397	8758353	Deletion	44
X	8758397	8758362	Deletion	35
X	8759438	8759391	Deletion	47
X	8759475	8759391	Deletion	84
X	8759444	8759391	Deletion	53
X	8759476	8759391	Deletion	85
X	8759461	8759391	Deletion	70
X	8759485	8759391	Deletion	94
X	8759473	8759391	Deletion	82
X	8759509	8759391	Deletion	118
X	8759883	8759767	Deletion	116
X	8759883	8759772	Deletion	111
X	8759883	8759810	Deletion	73
X	8761414	8761298	Deletion	116
X	8761351	8761298	Deletion	53
X	8761411	8761298	Deletion	113
X	8761406	8761298	Deletion	108
X	8768746	8768655	Deletion	91
X	8768746	8768659	Deletion	87
X	8768746	8768675	Deletion	71
X	8768746	8768688	Deletion	58
X	8768746	8768705	Deletion	41
X	8768746	8768711	Deletion	35
X	8779468	8779383	Deletion	85
X	8779422	8779383	Deletion	39
X	8779418	8779383	Deletion	35
X	8779474	8779383	Deletion	91
X	8779438	8779383	Deletion	55
X	8779451	8779383	Deletion	68
X	8787925	8787865	Deletion	60
X	8796357	8796290	Deletion	67
X	8796403	8796290	Deletion	113
X	8797348	8797226	Deletion	122
X	8800180	8800082	Deletion	98
X	8800180	8800099	Deletion	81
X	8800180	8800121	Deletion	59
X	8800180	8800128	Deletion	52
X	8800180	8800146	Deletion	34
X	8800500	8800407	Deletion	93
X	8800475	8800407	Deletion	68
X	8800482	8800407	Deletion	75
X	8800453	8800407	Deletion	46
X	8809947	8809825	Deletion	122
X	8812306	8812185	Deletion	121
X	8838594	8838472	Deletion	122
X	8846249	8846126	Deletion	123
X	8846908	8846789	Deletion	119
X	8861460	8861339	Deletion	121
X	8875302	8875194	Deletion	108
X	8875302	8875209	Deletion	93
X	8875302	8875229	Deletion	73
X	8875302	8875264	Deletion	38
X	8880712	8880658	Deletion	54
X	8880692	8880658	Deletion	34
X	8880747	8880658	Deletion	89
X	8880758	8880658	Deletion	100
X	8882828	8882724	Deletion	104
X	8882828	8882748	Deletion	80
X	8882828	8882775	Deletion	53
X	8884791	8884718	Deletion	73
X	8884816	8884718	Deletion	98
X	8884764	8884718	Deletion	46
X	8886311	8886192	Deletion	119
X	8888083	8887962	Deletion	121
X	8894164	8894101	Deletion	63
X	8894164	8894125	Deletion	39
X	8899123	8899005	Deletion	118
X	8899093	8899005	Deletion	88
X	8899069	8899005	Deletion	64
X	8902101	8902005	Deletion	96
X	8902101	8902013	Deletion	88
X	8902101	8902031	Deletion	70
X	8902101	8902032	Deletion	69
X	8902101	8902034	Deletion	67
X	8902101	8902035	Deletion	66
X	8902101	8902040	Deletion	61
X	8902101	8902044	Deletion	57
X	8902101	8902051	Deletion	50
X	8902101	8902065	Deletion	36
X	8913001	8912970	Deletion	31
X	8913036	8912970	Deletion	66
X	8913072	8912970	Deletion	102
X	8913027	8912970	Deletion	57
X	8913040	8912970	Deletion	70
X	8913031	8912970	Deletion	61
X	8913047	8912970	Deletion	77
X	8913061	8912970	Deletion	91
X	8913075	8912970	Deletion	105
X	8913028	8912970	Deletion	58
X	8913030	8912970	Deletion	60
X	8913009	8912970	Deletion	39
X	8924792	8924670	Deletion	122
X	8926969	8926848	Deletion	121
X	8934775	8934669	Deletion	106
X	8934775	8934678	Deletion	97
X	8934775	8934688	Deletion	87
X	8934775	8934695	Deletion	80
X	8934775	8934702	Deletion	73
X	8934775	8934741	Deletion	34
X	8935056	8934941	Deletion	115
X	8935034	8934941	Deletion	93
X	8935065	8934941	Deletion	124
X	8934981	8934941	Deletion	40
X	8934971	8934941	Deletion	30
X	8934996	8934941	Deletion	55
X	8934988	8934941	Deletion	47
X	8935062	8934941	Deletion	121
X	8941133	8941009	Deletion	124
X	8941133	8941045	Deletion	88
X	8941133	8941070	Deletion	63
X	8941133	8941083	Deletion	50
X	8942143	8942065	Deletion	78
X	8942182	8942065	Deletion	117
X	8942169	8942065	Deletion	104
X	8942130	8942065	Deletion	65
X	8942105	8942065	Deletion	40
X	8949065	8948996	Deletion	69
X	8950657	8950538	Deletion	119
X	8952169	8952122	Deletion	47
X	8953106	8953028	Deletion	78
X	8953218	8953129	Deletion	89
X	8955257	8955165	Deletion	92
X	8962184	8962060	Deletion	124
X	8962184	8962089	Deletion	95
X	8962184	8962097	Deletion	87
X	8962184	8962102	Deletion	82
X	8962184	8962125	Deletion	59
X	8962184	8962138	Deletion	46
X	8962184	8962141	Deletion	43
X	8974091	8974008	Deletion	83
X	8974124	8974008	Deletion	116
X	8974088	8974008	Deletion	80
X	8974075	8974008	Deletion	67
X	8974052	8974008	Deletion	44
X	8974047	8974008	Deletion	39
X	8974039	8974008	Deletion	31
X	8988733	8988613	Deletion	120
X	8988733	8988651	Deletion	82
X	8989127	8989012	Deletion	115
X	8989056	8989012	Deletion	44
X	8989128	8989012	Deletion	116
X	8992715	8992607	Deletion	108
X	8992715	8992625	Deletion	90
X	8992715	8992646	Deletion	69
X	8992715	8992660	Deletion	55
X	8992715	8992668	Deletion	47
X	8992715	8992677	Deletion	38
X	9001851	9001815	Deletion	36
X	9001894	9001815	Deletion	79
X	9001886	9001815	Deletion	71
X	9001916	9001815	Deletion	101
X	9001903	9001815	Deletion	88
X	9001872	9001815	Deletion	57
X	9029448	9029384	Deletion	64
X	9029448	9029399	Deletion	49
X	9029448	9029414	Deletion	34
X	9029731	9029632	Deletion	99
X	9029694	9029632	Deletion	62
X	9029709	9029632	Deletion	77
X	9029724	9029632	Deletion	92
X	9078124	9078012	Deletion	112
X	9078124	9078023	Deletion	101
X	9078124	9078026	Deletion	98
X	9078124	9078056	Deletion	68
X	9078124	9078070	Deletion	54
X	9078124	9078077	Deletion	47
X	9079391	9079318	Deletion	73
X	9079377	9079318	Deletion	59
X	9079398	9079318	Deletion	80
X	9079442	9079318	Deletion	124
X	9082283	9082184	Deletion	99
X	9082283	9082195	Deletion	88
X	9082283	9082217	Deletion	66
X	9082283	9082239	Deletion	44
X	9082283	9082252	Deletion	31
X	9084387	9084277	Deletion	110
X	9084376	9084277	Deletion	99
X	9084338	9084277	Deletion	61
X	9084316	9084277	Deletion	39
X	9084373	9084277	Deletion	96
X	9084360	9084282	Deletion	78
X	9085315	9085191	Deletion	124
X	9085315	9085199	Deletion	116
X	9085315	9085223	Deletion	92
X	9085315	9085241	Deletion	74
X	9085315	9085245	Deletion	70
X	9099167	9099133	Deletion	34
X	9099189	9099133	Deletion	56
X	9099235	9099133	Deletion	102
X	9099185	9099133	Deletion	52
X	9099243	9099133	Deletion	110
X	9099651	9099533	Deletion	118
X	9099651	9099560	Deletion	91
X	9099651	9099592	Deletion	59
X	9099651	9099611	Deletion	40
X	9099651	9099612	Deletion	39
X	9099651	9099613	Deletion	38
X	9100249	9100181	Deletion	68
X	9100285	9100181	Deletion	104
X	9100268	9100181	Deletion	87
X	9100269	9100181	Deletion	88
X	9100292	9100181	Deletion	111
X	9100281	9100181	Deletion	100
X	9100270	9100181	Deletion	89
X	9100217	9100181	Deletion	36
X	9113792	9113669	Deletion	123
X	9123906	9123788	Deletion	118
X	9123906	9123854	Deletion	52
X	9123906	9123858	Deletion	48
X	9135568	9135494	Deletion	74
X	9135572	9135494	Deletion	78
X	9135617	9135494	Deletion	123
X	9163864	9163740	Deletion	124
X	9163864	9163755	Deletion	109
X	9163864	9163801	Deletion	63
X	9164631	9164567	Deletion	64
X	9164684	9164567	Deletion	117
X	9164667	9164567	Deletion	100
X	9180504	9180389	Deletion	115
X	9180504	9180398	Deletion	106
X	9180504	9180409	Deletion	95
X	9180504	9180425	Deletion	79
X	9180504	9180429	Deletion	75
X	9180504	9180432	Deletion	72
X	9181459	9181408	Deletion	51
X	9181463	9181408	Deletion	55
X	9181443	9181408	Deletion	35
X	9181466	9181408	Deletion	58
X	9189445	9189327	Deletion	118
X	9189445	9189348	Deletion	97
X	9189445	9189358	Deletion	87
X	9189445	9189378	Deletion	67
X	9189445	9189379	Deletion	66
X	9189445	9189385	Deletion	60
X	9189445	9189404	Deletion	41
X	9189445	9189404	Deletion	41
X	9189445	9189410	Deletion	35
X	9190067	9190001	Deletion	66
X	9190061	9190001	Deletion	60
X	9190086	9190001	Deletion	85
X	9190120	9190001	Deletion	119
X	9190092	9190001	Deletion	91
X	9190086	9190001	Deletion	85
X	9190040	9190001	Deletion	39
X	9190060	9190001	Deletion	59
X	9217220	9217101	Deletion	119
X	9217220	9217116	Deletion	104
X	9217220	9217145	Deletion	75
X	9217220	9217167	Deletion	53
X	9217220	9217180	Deletion	40
X	9217358	9217272	Deletion	86
X	9217345	9217272	Deletion	73
X	9217323	9217272	Deletion	51
X	9217595	9217473	Deletion	122
X	9236289	9236165	Deletion	124
X	9254927	9254806	Deletion	121
X	9268169	9268048	Deletion	121
X	9273851	9273757	Deletion	94
X	9273851	9273758	Deletion	93
X	9273851	9273762	Deletion	89
X	9273851	9273771	Deletion	80
X	9273851	9273791	Deletion	60
X	9273851	9273808	Deletion	43
X	9273851	9273811	Deletion	40
X	9278598	9278481	Deletion	117
X	9278519	9278481	Deletion	38
X	9278589	9278481	Deletion	108
X	9278568	9278481	Deletion	87
X	9278548	9278481	Deletion	67
X	9278596	9278481	Deletion	115
X	9278565	9278481	Deletion	84
X	9278528	9278481	Deletion	47
X	9293723	9293602	Deletion	121
X	9293723	9293612	Deletion	111
X	9293723	9293614	Deletion	109
X	9293723	9293625	Deletion	98
X	9293723	9293635	Deletion	88
X	9293723	9293636	Deletion	87
X	9293723	9293680	Deletion	43
X	9314898	9314858	Deletion	40
X	9314943	9314858	Deletion	85
X	9314979	9314858	Deletion	121
X	9314957	9314858	Deletion	99
X	9314888	9314858	Deletion	30
X	9314899	9314858	Deletion	41
X	9315865	9315767	Deletion	98
X	9315865	9315790	Deletion	75
X	9315865	9315801	Deletion	64
X	9315865	9315820	Deletion	45
X	9315865	9315823	Deletion	42
X	9316924	9316841	Deletion	83
X	9316905	9316841	Deletion	64
X	9316927	9316841	Deletion	86
X	9316894	9316841	Deletion	53
X	9316871	9316841	Deletion	30
X	9329485	9329363	Deletion	122
X	9373937	9373815	Deletion	122
X	9377237	9377129	Deletion	108
X	9377237	9377148	Deletion	89
X	9377237	9377153	Deletion	84
X	9377237	9377177	Deletion	60
X	9377237	9377190	Deletion	47
X	9377237	9377203	Deletion	34
X	9380513	9380470	Deletion	43
X	9380585	9380470	Deletion	115
X	9380563	9380470	Deletion	93
X	9380550	9380470	Deletion	80
X	9380508	9380470	Deletion	38
X	9380537	9380470	Deletion	67
X	9391442	9391321	Deletion	121
X	9397226	9397103	Deletion	123
X	9404286	9404162	Deletion	124
X	9404286	9404166	Deletion	120
X	9404286	9404167	Deletion	119
X	9404286	9404188	Deletion	98
X	9404286	9404203	Deletion	83
X	9404286	9404211	Deletion	75
X	9404286	9404211	Deletion	75
X	9404286	9404235	Deletion	51
X	9404286	9404255	Deletion	31
X	9404461	9404338	Deletion	123
X	9404434	9404338	Deletion	96
X	9404382	9404338	Deletion	44
X	9404390	9404338	Deletion	52
X	9404414	9404338	Deletion	76
X	9404390	9404338	Deletion	52
X	9404821	9404716	Deletion	105
X	9404821	9404717	Deletion	104
X	9404821	9404727	Deletion	94
X	9422598	9422566	Deletion	32
X	9422679	9422566	Deletion	113
X	9422675	9422566	Deletion	109
X	9422673	9422566	Deletion	107
X	9440549	9440457	Deletion	92
X	9440549	9440506	Deletion	43
X	9445262	9445225	Deletion	37
X	9445311	9445225	Deletion	86
X	9445327	9445225	Deletion	102
X	9453219	9453116	Deletion	103
X	9453219	9453118	Deletion	101
X	9453214	9453137	Deletion	77
X	9453219	9453147	Deletion	72
X	9453219	9453183	Deletion	36
X	9454687	9454633	Deletion	54
X	9454677	9454633	Deletion	44
X	9454723	9454633	Deletion	90
X	9463527	9463405	Deletion	122
X	9463527	9463421	Deletion	106
X	9463527	9463485	Deletion	42
X	9463527	9463490	Deletion	37
X	9464120	9464011	Deletion	109
X	9464097	9464011	Deletion	86
X	9464102	9464011	Deletion	91
X	9464120	9464011	Deletion	109
X	9468348	9468246	Deletion	102
X	9468348	9468298	Deletion	50
X	9485887	9485822	Deletion	65
X	9485912	9485822	Deletion	90
X	9485931	9485822	Deletion	109
X	9485930	9485822	Deletion	108
X	9485918	9485822	Deletion	96
X	9485921	9485822	Deletion	99
X	9485919	9485822	Deletion	97
X	9486099	9485977	Deletion	122
X	9486099	9485983	Deletion	116
X	9486099	9485992	Deletion	107
X	9486099	9486023	Deletion	76
X	9486099	9486024	Deletion	75
X	9505537	9505438	Deletion	99
X	9505491	9505438	Deletion	53
X	9505491	9505438	Deletion	53
X	9505560	9505438	Deletion	122
X	9516761	9516689	Deletion	72
X	9516761	9516706	Deletion	55
X	9516761	9516715	Deletion	46
X	9517042	9516961	Deletion	81
X	9517033	9516961	Deletion	72
X	9517016	9516961	Deletion	55
X	9519023	9518929	Deletion	94
X	9519023	9518931	Deletion	92
X	9519023	9518949	Deletion	74
X	9519023	9518964	Deletion	59
X	9519023	9518981	Deletion	42
X	9522011	9521902	Deletion	109
X	9521937	9521902	Deletion	35
X	9521957	9521902	Deletion	55
X	9522009	9521902	Deletion	107
X	9521939	9521902	Deletion	37
X	9521989	9521902	Deletion	87
X	9521972	9521902	Deletion	70
X	9523581	9523458	Deletion	123
X	9523581	9523479	Deletion	102
X	9523581	9523508	Deletion	73
X	9525624	9525502	Deletion	122
X	9525602	9525502	Deletion	100
X	9525605	9525502	Deletion	103
X	9525555	9525502	Deletion	53
X	9533403	9533279	Deletion	124
X	9539186	9539077	Deletion	109
X	9539186	9539082	Deletion	104
X	9539186	9539149	Deletion	37
X	9545117	9545005	Deletion	112
X	9545094	9545005	Deletion	89
X	9560534	9560444	Deletion	90
X	9560534	9560470	Deletion	64
X	9560534	9560470	Deletion	64
X	9560534	9560477	Deletion	57
X	9560534	9560501	Deletion	33
X	9563411	9563298	Deletion	113
X	9563334	9563298	Deletion	36
X	9563367	9563298	Deletion	69
X	9563360	9563298	Deletion	62
X	9563391	9563298	Deletion	93
X	9563360	9563298	Deletion	62
X	9563411	9563302	Deletion	109
X	9576964	9576843	Deletion	121
X	9576964	9576844	Deletion	120
X	9576964	9576845	Deletion	119
X	9576964	9576893	Deletion	71
X	9576964	9576902	Deletion	62
X	9576964	9576925	Deletion	39
X	9576964	9576932	Deletion	32
X	9576964	9576933	Deletion	31
X	9576964	9576934	Deletion	30
X	9577397	9577342	Deletion	55
X	9577436	9577342	Deletion	94
X	9577438	9577342	Deletion	96
X	9577429	9577342	Deletion	87
X	9577406	9577342	Deletion	64
X	9577437	9577342	Deletion	95
X	9586840	9586777	Deletion	63
X	9586840	9586781	Deletion	59
X	9587888	9587765	Deletion	123
X	9587832	9587765	Deletion	67
X	9587828	9587765	Deletion	63
X	9593982	9593861	Deletion	121
X	9595479	9595367	Deletion	112
X	9599163	9599054	Deletion	109
X	9602116	9602036	Deletion	80
X	9602116	9602074	Deletion	42
X	9602430	9602384	Deletion	46
X	9602468	9602384	Deletion	84
X	9602484	9602384	Deletion	100
X	9610641	9610532	Deletion	109
X	9610641	9610565	Deletion	76
X	9610641	9610608	Deletion	33
X	9614258	9614165	Deletion	93
X	9614280	9614165	Deletion	115
X	9614215	9614165	Deletion	50
X	9614283	9614165	Deletion	118
X	9623157	9623046	Deletion	111
X	9623157	9623055	Deletion	102
X	9623157	9623093	Deletion	64
X	9629673	9629550	Deletion	123
X	9629613	9629550	Deletion	63
X	9629653	9629550	Deletion	103
X	9629650	9629550	Deletion	100
X	9631106	9631004	Deletion	102
X	9631106	9631030	Deletion	76
X	9631106	9631034	Deletion	72
X	9631106	9631061	Deletion	45
X	9631216	9631162	Deletion	54
X	9631265	9631162	Deletion	103
X	9631261	9631162	Deletion	99
X	9631212	9631162	Deletion	50
X	9631243	9631162	Deletion	81
X	9632533	9632410	Deletion	123
X	9637533	9637420	Deletion	113
X	9637533	9637437	Deletion	96
X	9637533	9637437	Deletion	96
X	9637533	9637443	Deletion	90
X	9637533	9637444	Deletion	89
X	9637533	9637473	Deletion	60
X	9637533	9637474	Deletion	59
X	9637533	9637481	Deletion	52
X	9637533	9637484	Deletion	49
X	9637533	9637497	Deletion	36
X	9637947	9637879	Deletion	68
X	9637957	9637879	Deletion	78
X	9637986	9637879	Deletion	107
X	9637946	9637879	Deletion	67
X	9637910	9637879	Deletion	31
X	9637917	9637879	Deletion	38
X	9637916	9637879	Deletion	37
X	9637910	9637879	Deletion	31
X	9637970	9637879	Deletion	91
X	9637954	9637879	Deletion	75
X	9657548	9657424	Deletion	124
X	9666649	9666527	Deletion	122
X	9671674	9671553	Deletion	121
X	9677828	9677723	Deletion	105
X	9677828	9677735	Deletion	93
X	9677828	9677755	Deletion	73
X	9677828	9677764	Deletion	64
X	9677828	9677784	Deletion	44
X	9677828	9677786	Deletion	42
X	9677828	9677789	Deletion	39
X	9683473	9683410	Deletion	63
X	9683493	9683410	Deletion	83
X	9683498	9683410	Deletion	88
X	9683495	9683410	Deletion	85
X	9683464	9683410	Deletion	54
X	9683444	9683410	Deletion	34
X	9699114	9698992	Deletion	122
X	9703380	9703256	Deletion	124
X	9705942	9705851	Deletion	91
X	9705942	9705905	Deletion	37
X	9705942	9705907	Deletion	35
X	9706493	9706458	Deletion	35
X	9706581	9706458	Deletion	123
X	9706547	9706458	Deletion	89
X	9706549	9706458	Deletion	91
X	9706581	9706458	Deletion	123
X	9707188	9707100	Deletion	88
X	9707188	9707110	Deletion	78
X	9707188	9707115	Deletion	73
X	9707188	9707134	Deletion	54
X	9707188	9707147	Deletion	41
X	9707817	9707769	Deletion	48
X	9707854	9707769	Deletion	85
X	9707807	9707769	Deletion	38
X	9707822	9707769	Deletion	53
X	9707841	9707769	Deletion	72
X	9710353	9710279	Deletion	74
X	9713346	9713240	Deletion	106
X	9713339	9713240	Deletion	99
X	9713292	9713240	Deletion	52
X	9713480	9713398	Deletion	82
X	9713480	9713401	Deletion	79
X	9713480	9713404	Deletion	76
X	9713480	9713425	Deletion	55
X	9739616	9739572	Deletion	44
X	9739619	9739572	Deletion	47
X	9739693	9739572	Deletion	121
X	9739643	9739572	Deletion	71
X	9739673	9739572	Deletion	101
X	9739691	9739572	Deletion	119
X	9739694	9739572	Deletion	122
X	9739622	9739572	Deletion	50
X	9739686	9739572	Deletion	114
X	9739796	9739695	Deletion	101
X	9739796	9739712	Deletion	84
X	9739796	9739715	Deletion	81
X	9739796	9739716	Deletion	80
X	9739796	9739724	Deletion	72
X	9739796	9739743	Deletion	53
X	9739796	9739743	Deletion	53
X	9740873	9740775	Deletion	98
X	9740866	9740775	Deletion	91
X	9740877	9740775	Deletion	102
X	9740848	9740775	Deletion	73
X	9740821	9740775	Deletion	46
X	9740817	9740775	Deletion	42
X	9740848	9740775	Deletion	73
X	9740829	9740775	Deletion	54
X	9740820	9740775	Deletion	45
X	9741264	9741168	Deletion	96
X	9741264	9741207	Deletion	57
X	9741264	9741211	Deletion	53
X	9741264	9741221	Deletion	43
X	9744940	9744867	Deletion	73
X	9744897	9744867	Deletion	30
X	9744950	9744867	Deletion	83
X	9744934	9744867	Deletion	67
X	9762314	9762190	Deletion	124
X	9777640	9777519	Deletion	121
X	9777640	9777533	Deletion	107
X	9777640	9777554	Deletion	86
X	9777640	9777569	Deletion	71
X	9777640	9777610	Deletion	30
X	9789510	9789401	Deletion	109
X	9789456	9789401	Deletion	55
X	9789441	9789401	Deletion	40
X	9789497	9789401	Deletion	96
X	9790103	9790043	Deletion	60
X	9790103	9790052	Deletion	51
X	9798823	9798746	Deletion	77
X	9798823	9798776	Deletion	47
X	9801248	9801215	Deletion	33
X	9817935	9817858	Deletion	77
X	9817926	9817858	Deletion	68
X	9820036	9819921	Deletion	115
X	9820036	9819924	Deletion	112
X	9820036	9819934	Deletion	102
X	9820036	9819938	Deletion	98
X	9820036	9819941	Deletion	95
X	9820036	9819947	Deletion	89
X	9820036	9819977	Deletion	59
X	9820036	9819992	Deletion	44
X	9820520	9820400	Deletion	120
X	9820438	9820400	Deletion	38
X	9820524	9820400	Deletion	124
X	9820499	9820400	Deletion	99
X	9820468	9820400	Deletion	68
X	9820483	9820400	Deletion	83
X	9820432	9820400	Deletion	32
X	9823558	9823470	Deletion	88
X	9823558	9823491	Deletion	67
X	9823558	9823492	Deletion	66
X	9823558	9823514	Deletion	44
X	9829951	9829841	Deletion	110
X	9829923	9829841	Deletion	82
X	9829879	9829841	Deletion	38
X	9829901	9829841	Deletion	60
X	9829900	9829841	Deletion	59
X	9835899	9835789	Deletion	110
X	9835899	9835789	Deletion	110
X	9835899	9835805	Deletion	94
X	9835899	9835822	Deletion	77
X	9836870	9836837	Deletion	33
X	9836956	9836837	Deletion	119
X	9836887	9836837	Deletion	50
X	9849997	9849911	Deletion	86
X	9849997	9849934	Deletion	63
X	9849997	9849939	Deletion	58
X	9849997	9849943	Deletion	54
X	9856165	9856096	Deletion	69
X	9856198	9856096	Deletion	102
X	9856220	9856096	Deletion	124
X	9856137	9856096	Deletion	41
X	9856169	9856096	Deletion	73
X	9856202	9856096	Deletion	106
X	9856160	9856096	Deletion	64
X	9866235	9866116	Deletion	119
X	9866235	9866122	Deletion	113
X	9866235	9866137	Deletion	98
X	9866235	9866139	Deletion	96
X	9866235	9866205	Deletion	30
X	9877176	9877059	Deletion	117
X	9877089	9877059	Deletion	30
X	9877155	9877059	Deletion	96
X	9887997	9887875	Deletion	122
X	9887997	9887895	Deletion	102
X	9887997	9887912	Deletion	85
X	9887997	9887913	Deletion	84
X	9887997	9887921	Deletion	76
X	9887997	9887952	Deletion	45
X	9888100	9888050	Deletion	50
X	9888092	9888050	Deletion	42
X	9888131	9888050	Deletion	81
X	9888091	9888050	Deletion	41
X	9897443	9897350	Deletion	93
X	9897443	9897360	Deletion	83
X	9897443	9897373	Deletion	70
X	9897443	9897397	Deletion	46
X	9900647	9900565	Deletion	82
X	9900623	9900565	Deletion	58
X	9900674	9900565	Deletion	109
X	9900610	9900565	Deletion	45
X	9900600	9900565	Deletion	35
X	9900679	9900565	Deletion	114
X	9907138	9907016	Deletion	122
X	9923902	9923834	Deletion	68
X	9923902	9923855	Deletion	47
X	9924050	9923991	Deletion	59
X	9924071	9923991	Deletion	80
X	9925788	9925665	Deletion	123
X	9925788	9925681	Deletion	107
X	9925788	9925682	Deletion	106
X	9925788	9925688	Deletion	100
X	9925788	9925704	Deletion	84
X	9925788	9925725	Deletion	63
X	9925788	9925733	Deletion	55
X	9925788	9925739	Deletion	49
X	9925788	9925749	Deletion	39
X	9929324	9929220	Deletion	104
X	9929307	9929220	Deletion	87
X	9929291	9929220	Deletion	71
X	9929330	9929220	Deletion	110
X	9929297	9929220	Deletion	77
X	9929319	9929220	Deletion	99
X	9929283	9929220	Deletion	63
X	9929262	9929220	Deletion	42
X	9932046	9931941	Deletion	105
X	9932046	9931962	Deletion	84
X	9932046	9931964	Deletion	82
X	9932046	9931967	Deletion	79
X	9932046	9931990	Deletion	56
X	9932046	9931993	Deletion	53
X	9932046	9931995	Deletion	51
X	9932260	9932140	Deletion	120
X	9932189	9932140	Deletion	49
X	9932218	9932140	Deletion	78
X	9932192	9932140	Deletion	52
X	9932220	9932140	Deletion	80
X	9932187	9932140	Deletion	47
X	9932215	9932140	Deletion	75
X	9934857	9934740	Deletion	117
X	9934857	9934751	Deletion	106
X	9934857	9934785	Deletion	72
X	9934857	9934795	Deletion	62
X	9934857	9934808	Deletion	49
X	9938149	9938034	Deletion	115
X	9938088	9938034	Deletion	54
X	9938098	9938034	Deletion	64
X	9938149	9938034	Deletion	115
X	9938111	9938034	Deletion	77
X	9941771	9941674	Deletion	97
X	9941771	9941693	Deletion	78
X	9941771	9941701	Deletion	70
X	9941771	9941721	Deletion	50
X	9941771	9941730	Deletion	41
X	9941771	9941732	Deletion	39
X	9941771	9941733	Deletion	38
X	9941972	9941914	Deletion	58
X	9941945	9941914	Deletion	31
X	9942038	9941914	Deletion	124
X	9942001	9941914	Deletion	87
X	9942003	9941914	Deletion	89
X	9941992	9941914	Deletion	78
X	9941964	9941914	Deletion	50
X	9942004	9941914	Deletion	90
X	9942479	9942357	Deletion	122
X	9943855	9943735	Deletion	120
X	9943855	9943776	Deletion	79
X	9943855	9943786	Deletion	69
X	9943855	9943792	Deletion	63
X	9943855	9943800	Deletion	55
X	9943855	9943821	Deletion	34
X	9948349	9948290	Deletion	59
X	9948339	9948290	Deletion	49
X	9948363	9948290	Deletion	73
X	9948355	9948290	Deletion	65
X	9948384	9948290	Deletion	94
X	9960513	9960431	Deletion	82
X	9960513	9960434	Deletion	79
X	9960513	9960482	Deletion	31
X	9970600	9970553	Deletion	47
X	9970648	9970553	Deletion	95
X	9970597	9970553	Deletion	44
X	9979716	9979598	Deletion	118
X	9979716	9979621	Deletion	95
X	9979716	9979624	Deletion	92
X	9979716	9979654	Deletion	62
X	9979716	9979662	Deletion	54
X	9985981	9985908	Deletion	73
X	9985973	9985908	Deletion	65
X	9985940	9985908	Deletion	32
X	9985943	9985908	Deletion	35
X	10002374	10002269	Deletion	105
X	10002374	10002276	Deletion	98
X	10002374	10002303	Deletion	71
X	10002374	10002304	Deletion	70
X	10002374	10002307	Deletion	67
X	10002374	10002331	Deletion	43
X	10002374	10002334	Deletion	40
X	10003345	10003285	Deletion	60
X	10003369	10003285	Deletion	84
X	10003372	10003285	Deletion	87
X	10003341	10003285	Deletion	56
X	10003407	10003285	Deletion	122
X	10003342	10003285	Deletion	57
X	10019844	10019720	Deletion	124
X	10019844	10019725	Deletion	119
X	10019844	10019786	Deletion	58
X	10019844	10019796	Deletion	48
X	10019844	10019812	Deletion	32
X	10020045	10019977	Deletion	68
X	10020071	10019977	Deletion	94
X	10020055	10019977	Deletion	78
X	10035904	10035796	Deletion	108
X	10035899	10035817	Deletion	82
X	10049694	10049652	Deletion	42
X	10049764	10049652	Deletion	112
X	10052437	10052344	Deletion	93
X	10052520	10052487	Deletion	33
X	10057369	10057244	Deletion	125
X	10057796	10057677	Deletion	119
X	10057796	10057724	Deletion	72
X	10057796	10057755	Deletion	41
X	10057796	10057760	Deletion	36
X	10060612	10060521	Deletion	91
X	10060606	10060521	Deletion	85
X	10060575	10060521	Deletion	54
X	10065426	10065303	Deletion	123
X	10065426	10065303	Deletion	123
X	10065426	10065305	Deletion	121
X	10065426	10065344	Deletion	82
X	10073358	10073246	Deletion	112
X	10073292	10073246	Deletion	46
X	10090759	10090674	Deletion	85
X	10090759	10090685	Deletion	74
X	10096088	10096040	Deletion	48
X	10098110	10097992	Deletion	118
X	10099112	10099017	Deletion	95
X	10100773	10100654	Deletion	119
X	10102647	10102537	Deletion	110
X	10104095	10104042	Deletion	53
X	10104116	10104042	Deletion	74
X	10104134	10104042	Deletion	92
X	10104159	10104042	Deletion	117
X	10104124	10104042	Deletion	82
X	10104160	10104042	Deletion	118
X	10104159	10104042	Deletion	117
X	10119040	10118919	Deletion	121
X	10124042	10123918	Deletion	124
X	10125995	10125896	Deletion	99
X	10125995	10125904	Deletion	91
X	10125995	10125908	Deletion	87
X	10125995	10125908	Deletion	87
X	10125995	10125913	Deletion	82
X	10125995	10125950	Deletion	45
X	10125995	10125959	Deletion	36
X	10127665	10127625	Deletion	40
X	10127670	10127625	Deletion	45
X	10127707	10127625	Deletion	82
X	10127665	10127625	Deletion	40
X	10127716	10127625	Deletion	91
X	10127661	10127625	Deletion	36
X	10128085	10127995	Deletion	90
X	10128085	10128001	Deletion	84
X	10128085	10128007	Deletion	78
X	10128085	10128032	Deletion	53
X	10128085	10128045	Deletion	40
X	10128085	10128051	Deletion	34
X	10128227	10128140	Deletion	87
X	10128177	10128140	Deletion	37
X	10128214	10128140	Deletion	74
X	10128189	10128140	Deletion	49
X	10128183	10128140	Deletion	43
X	10128264	10128140	Deletion	124
X	10128233	10128140	Deletion	93
X	10130019	10129898	Deletion	121
X	10130019	10129908	Deletion	111
X	10130019	10129909	Deletion	110
X	10130019	10129951	Deletion	68
X	10130019	10129957	Deletion	62
X	10130019	10129960	Deletion	59
X	10130019	10129986	Deletion	33
X	10131517	10131459	Deletion	58
X	10131526	10131459	Deletion	67
X	10131552	10131459	Deletion	93
X	10131583	10131459	Deletion	124
X	10131523	10131459	Deletion	64
X	10131565	10131459	Deletion	106
X	10138668	10138569	Deletion	99
X	10138668	10138633	Deletion	35
X	10138668	10138635	Deletion	33
X	10139207	10139128	Deletion	79
X	10139222	10139128	Deletion	94
X	10140107	10140006	Deletion	101
X	10141364	10141313	Deletion	51
X	10145262	10145145	Deletion	117
X	10145628	10145520	Deletion	108
X	10145628	10145526	Deletion	102
X	10145628	10145538	Deletion	90
X	10145628	10145550	Deletion	78
X	10148281	10148233	Deletion	48
X	10148326	10148233	Deletion	93
X	10148269	10148233	Deletion	36
X	10148324	10148233	Deletion	91
X	10149719	10149610	Deletion	109
X	10149719	10149636	Deletion	83
X	10149719	10149637	Deletion	82
X	10149719	10149655	Deletion	64
X	10149719	10149656	Deletion	63
X	10150463	10150400	Deletion	63
X	10150445	10150400	Deletion	45
X	10150522	10150400	Deletion	122
X	10150464	10150400	Deletion	64
X	10150444	10150400	Deletion	44
X	10181867	10181743	Deletion	124
X	10182685	10182564	Deletion	121
X	10182685	10182585	Deletion	100
X	10182685	10182591	Deletion	94
X	10182685	10182594	Deletion	91
X	10182685	10182595	Deletion	90
X	10182685	10182599	Deletion	86
X	10182685	10182614	Deletion	71
X	10182685	10182651	Deletion	34
X	10182911	10182790	Deletion	121
X	10182839	10182790	Deletion	49
X	10182831	10182790	Deletion	41
X	10182854	10182790	Deletion	64
X	10182835	10182790	Deletion	45
X	10182891	10182790	Deletion	101
X	10182834	10182790	Deletion	44
X	10196994	10196871	Deletion	123
X	10209645	10209534	Deletion	111
X	10209645	10209555	Deletion	90
X	10214614	10214578	Deletion	36
X	10221986	10221870	Deletion	116
X	10221986	10221870	Deletion	116
X	10221986	10221941	Deletion	45
X	10221986	10221948	Deletion	38
X	10221986	10221950	Deletion	36
X	10222663	10222581	Deletion	82
X	10222672	10222581	Deletion	91
X	10222680	10222581	Deletion	99
X	10222670	10222581	Deletion	89
X	10223415	10223304	Deletion	111
X	10223415	10223309	Deletion	106
X	10223415	10223336	Deletion	79
X	10223415	10223337	Deletion	78
X	10223415	10223338	Deletion	77
X	10223415	10223347	Deletion	68
X	10223415	10223352	Deletion	63
X	10232208	10232150	Deletion	58
X	10232198	10232150	Deletion	48
X	10232197	10232150	Deletion	47
X	10232257	10232150	Deletion	107
X	10232270	10232150	Deletion	120
X	10232199	10232150	Deletion	49
X	10232213	10232150	Deletion	63
X	10232255	10232150	Deletion	105
X	10233766	10233643	Deletion	123
X	10233766	10233715	Deletion	51
X	10233766	10233719	Deletion	47
X	10247008	10246928	Deletion	80
X	10247004	10246928	Deletion	76
X	10250261	10250139	Deletion	122
X	10251240	10251121	Deletion	119
X	10251241	10251132	Deletion	109
X	10251241	10251167	Deletion	74
X	10251241	10251173	Deletion	68
X	10251241	10251179	Deletion	62
X	10251241	10251185	Deletion	56
X	10251241	10251199	Deletion	42
X	10251241	10251202	Deletion	39
X	10251241	10251207	Deletion	34
X	10252035	10251912	Deletion	123
X	10252002	10251912	Deletion	90
X	10252007	10251912	Deletion	95
X	10252033	10251912	Deletion	121
X	10251973	10251912	Deletion	61
X	10251999	10251912	Deletion	87
X	10251985	10251912	Deletion	73
X	10252017	10251912	Deletion	105
X	10251967	10251912	Deletion	55
X	10251979	10251912	Deletion	67
X	10254884	10254762	Deletion	122
X	10268775	10268687	Deletion	88
X	10268844	10268776	Deletion	68
X	10270849	10270804	Deletion	45
X	10271647	10271543	Deletion	104
X	10272309	10272241	Deletion	68
X	10273236	10273114	Deletion	122
X	10274832	10274734	Deletion	98
X	10281164	10281047	Deletion	117
X	10281164	10281091	Deletion	73
X	10281164	10281092	Deletion	72
X	10281164	10281095	Deletion	69
X	10283073	10283016	Deletion	57
X	10283069	10283016	Deletion	53
X	10283070	10283016	Deletion	54
X	10290810	10290689	Deletion	121
X	10291577	10291459	Deletion	118
X	10291577	10291462	Deletion	115
X	10291577	10291463	Deletion	114
X	10291577	10291476	Deletion	101
X	10291577	10291493	Deletion	84
X	10291577	10291502	Deletion	75
X	10291577	10291537	Deletion	40
X	10298983	10298865	Deletion	118
X	10298908	10298865	Deletion	43
X	10298985	10298865	Deletion	120
X	10298917	10298865	Deletion	52
X	10298952	10298865	Deletion	87
X	10310393	10310309	Deletion	84
X	10310393	10310317	Deletion	76
X	10310393	10310321	Deletion	72
X	10310393	10310331	Deletion	62
X	10310393	10310356	Deletion	37
X	10310393	10310359	Deletion	34
X	10311701	10311609	Deletion	92
X	10311666	10311609	Deletion	57
X	10311655	10311609	Deletion	46
X	10311662	10311609	Deletion	53
X	10311704	10311609	Deletion	95
X	10311676	10311609	Deletion	67
X	10311723	10311609	Deletion	114
X	10312548	10312432	Deletion	116
X	10320754	10320633	Deletion	121
X	10324156	10324065	Deletion	91
X	10324156	10324085	Deletion	71
X	10324156	10324117	Deletion	39
X	10324585	10324550	Deletion	35
X	10324605	10324550	Deletion	55
X	10324637	10324550	Deletion	87
X	10335316	10335205	Deletion	111
X	10335316	10335227	Deletion	89
X	10335316	10335250	Deletion	66
X	10335316	10335275	Deletion	41
X	10335316	10335284	Deletion	32
X	10345855	10345760	Deletion	95
X	10345880	10345760	Deletion	120
X	10345846	10345760	Deletion	86
X	10345798	10345760	Deletion	38
X	10345821	10345760	Deletion	61
X	10349401	10349338	Deletion	63
X	10350629	10350577	Deletion	52
X	10350935	10350868	Deletion	67
X	10353460	10353373	Deletion	87
X	10365797	10365675	Deletion	122
X	10399228	10399120	Deletion	108
X	10399228	10399125	Deletion	103
X	10399228	10399141	Deletion	87
X	10399228	10399153	Deletion	75
X	10399228	10399160	Deletion	68
X	10399228	10399178	Deletion	50
X	10401874	10401816	Deletion	58
X	10401892	10401816	Deletion	76
X	10401855	10401816	Deletion	39
X	10401867	10401816	Deletion	51
X	10408927	10408808	Deletion	119
X	10408927	10408813	Deletion	114
X	10408927	10408867	Deletion	60
X	10408927	10408894	Deletion	33
X	10410790	10410696	Deletion	94
X	10410763	10410696	Deletion	67
X	10435301	10435178	Deletion	123
X	10440204	10440098	Deletion	106
X	10440204	10440113	Deletion	91
X	10440204	10440118	Deletion	86
X	10440204	10440132	Deletion	72
X	10440204	10440150	Deletion	54
X	10440204	10440153	Deletion	51
X	10440204	10440155	Deletion	49
X	10440204	10440158	Deletion	46
X	10441199	10441142	Deletion	57
X	10441225	10441142	Deletion	83
X	10441185	10441142	Deletion	43
X	10441217	10441142	Deletion	75
X	10441251	10441142	Deletion	109
X	10441220	10441142	Deletion	78
X	10441180	10441142	Deletion	38
X	10441239	10441142	Deletion	97
X	10441222	10441142	Deletion	80
X	10442320	10442199	Deletion	121
X	10451401	10451279	Deletion	122
X	10451401	10451303	Deletion	98
X	10451401	10451313	Deletion	88
X	10451401	10451314	Deletion	87
X	10451401	10451323	Deletion	78
X	10451401	10451327	Deletion	74
X	10452421	10452382	Deletion	39
X	10452431	10452382	Deletion	49
X	10452422	10452382	Deletion	40
X	10452435	10452382	Deletion	53
X	10456069	10455958	Deletion	111
X	10456069	10455971	Deletion	98
X	10456069	10455974	Deletion	95
X	10456069	10455992	Deletion	77
X	10456069	10456001	Deletion	68
X	10456069	10456009	Deletion	60
X	10456069	10456019	Deletion	50
X	10458123	10458074	Deletion	49
X	10458189	10458074	Deletion	115
X	10458105	10458074	Deletion	31
X	10458140	10458074	Deletion	66
X	10458150	10458074	Deletion	76
X	10458132	10458074	Deletion	58
X	10461516	10461402	Deletion	114
X	10461516	10461420	Deletion	96
X	10461516	10461424	Deletion	92
X	10461516	10461426	Deletion	90
X	10461516	10461430	Deletion	86
X	10461516	10461480	Deletion	36
X	10472998	10472958	Deletion	40
X	10472992	10472958	Deletion	34
X	10472994	10472958	Deletion	36
X	10473048	10472958	Deletion	90
X	10474619	10474497	Deletion	122
X	10475395	10475274	Deletion	121
X	10475395	10475278	Deletion	117
X	10475395	10475287	Deletion	108
X	10475395	10475305	Deletion	90
X	10475395	10475351	Deletion	44
X	10475395	10475362	Deletion	33
X	10492179	10492075	Deletion	104
X	10492183	10492075	Deletion	108
X	10492168	10492075	Deletion	93
X	10492157	10492075	Deletion	82
X	10492111	10492075	Deletion	36
X	10492192	10492075	Deletion	117
X	10492174	10492075	Deletion	99
X	10492619	10492497	Deletion	122
X	10494017	10493896	Deletion	121
X	10512321	10512203	Deletion	118
X	10512321	10512204	Deletion	117
X	10512321	10512221	Deletion	100
X	10512321	10512237	Deletion	84
X	10512321	10512245	Deletion	76
X	10512321	10512269	Deletion	52
X	10512321	10512279	Deletion	42
X	10516891	10516815	Deletion	76
X	10516901	10516815	Deletion	86
X	10516931	10516815	Deletion	116
X	10516859	10516815	Deletion	44
X	10516867	10516815	Deletion	52
X	10528064	10527977	Deletion	87
X	10529088	10528998	Deletion	90
X	10529340	10529271	Deletion	69
X	10533607	10533496	Deletion	111
X	10533607	10533512	Deletion	95
X	10533607	10533512	Deletion	95
X	10533607	10533554	Deletion	53
X	10537266	10537235	Deletion	31
X	10537308	10537235	Deletion	73
X	10551519	10551420	Deletion	99
X	10552071	10551950	Deletion	121
X	10606492	10606379	Deletion	113
X	10606492	10606416	Deletion	76
X	10606492	10606423	Deletion	69
X	10606492	10606439	Deletion	53
X	10612685	10612587	Deletion	98
X	10612707	10612587	Deletion	120
X	10612637	10612587	Deletion	50
X	10612703	10612587	Deletion	116
X	10612644	10612587	Deletion	57
X	10612660	10612587	Deletion	73
X	10612693	10612587	Deletion	106
X	10612689	10612587	Deletion	102
X	10623386	10623262	Deletion	124
X	10629119	10628995	Deletion	124
X	10629119	10629039	Deletion	80
X	10629119	10629087	Deletion	32
X	10641518	10641413	Deletion	105
X	10641507	10641413	Deletion	94
X	10641523	10641413	Deletion	110
X	10641514	10641413	Deletion	101
X	10641459	10641413	Deletion	46
X	10655716	10655605	Deletion	111
X	10655716	10655679	Deletion	37
X	10656219	10656130	Deletion	89
X	10663537	10663483	Deletion	54
X	10663537	10663489	Deletion	48
X	10663661	10663587	Deletion	74
X	10663667	10663587	Deletion	80
X	10665850	10665736	Deletion	114
X	10665850	10665763	Deletion	87
X	10665850	10665770	Deletion	80
X	10665850	10665778	Deletion	72
X	10665850	10665818	Deletion	32
X	10668347	10668307	Deletion	40
X	10668354	10668307	Deletion	47
X	10668402	10668307	Deletion	95
X	10668362	10668307	Deletion	55
X	10675860	10675738	Deletion	122
X	10678376	10678257	Deletion	119
X	10687016	10686909	Deletion	107
X	10687016	10686912	Deletion	104
X	10687252	10687166	Deletion	86
X	10687721	10687605	Deletion	116
X	10700029	10699906	Deletion	123
X	10713906	10713808	Deletion	98
X	10713906	10713826	Deletion	80
X	10713906	10713862	Deletion	44
X	10714610	10714524	Deletion	86
X	10714625	10714524	Deletion	101
X	10714556	10714524	Deletion	32
X	10714637	10714524	Deletion	113
X	10714574	10714524	Deletion	50
X	10725550	10725426	Deletion	124
X	10725550	10725477	Deletion	73
X	10725550	10725514	Deletion	36
X	10726658	10726556	Deletion	102
X	10726646	10726556	Deletion	90
X	10726609	10726556	Deletion	53
X	10742820	10742698	Deletion	122
X	10748980	10748861	Deletion	119
X	10748980	10748896	Deletion	84
X	10748980	10748922	Deletion	58
X	10748980	10748925	Deletion	55
X	10748980	10748929	Deletion	51
X	10748980	10748935	Deletion	45
X	10749182	10749112	Deletion	70
X	10749185	10749112	Deletion	73
X	10749189	10749112	Deletion	77
X	10749195	10749112	Deletion	83
X	10749156	10749112	Deletion	44
X	10749204	10749114	Deletion	90
X	10752015	10751897	Deletion	118
X	10752015	10751944	Deletion	71
X	10752015	10751953	Deletion	62
X	10752015	10751957	Deletion	58
X	10752015	10751972	Deletion	43
X	10752601	10752478	Deletion	123
X	10752548	10752478	Deletion	70
X	10752563	10752478	Deletion	85
X	10752535	10752478	Deletion	57
X	10752544	10752478	Deletion	66
X	10757968	10757848	Deletion	120
X	10757968	10757886	Deletion	82
X	10757968	10757903	Deletion	65
X	10757968	10757905	Deletion	63
X	10757968	10757929	Deletion	39
X	10764914	10764853	Deletion	61
X	10764940	10764853	Deletion	87
X	10764916	10764853	Deletion	63
X	10764897	10764853	Deletion	44
X	10786249	10786134	Deletion	115
X	10786249	10786143	Deletion	106
X	10786249	10786160	Deletion	89
X	10786249	10786169	Deletion	80
X	10788910	10788871	Deletion	39
X	10788919	10788871	Deletion	48
X	10794816	10794695	Deletion	121
X	10806735	10806634	Deletion	101
X	10806735	10806667	Deletion	68
X	10806735	10806672	Deletion	63
X	10806735	10806678	Deletion	57
X	10806735	10806693	Deletion	42
X	10806735	10806700	Deletion	35
X	10832301	10832210	Deletion	91
X	10832279	10832210	Deletion	69
X	10832294	10832210	Deletion	84
X	10832273	10832210	Deletion	63
X	10832268	10832210	Deletion	58
X	10853355	10853316	Deletion	39
X	10855991	10855904	Deletion	87
X	10856022	10855904	Deletion	118
X	10882617	10882580	Deletion	37
X	10884973	10884884	Deletion	89
X	10884989	10884884	Deletion	105
X	10887609	10887496	Deletion	113
X	10887609	10887507	Deletion	102
X	10887609	10887511	Deletion	98
X	10906911	10906881	Deletion	30
X	10915349	10915231	Deletion	118
X	10915349	10915242	Deletion	107
X	10915349	10915263	Deletion	86
X	10915349	10915265	Deletion	84
X	10915349	10915277	Deletion	72
X	10915349	10915279	Deletion	70
X	10915349	10915282	Deletion	67
X	10918960	10918906	Deletion	54
X	10918962	10918906	Deletion	56
X	10919007	10918906	Deletion	101
X	10918948	10918906	Deletion	42
X	10919012	10918906	Deletion	106
X	10918965	10918906	Deletion	59
X	10918946	10918906	Deletion	40
X	10923447	10923328	Deletion	119
X	10923447	10923367	Deletion	80
X	10923447	10923381	Deletion	66
X	10923447	10923387	Deletion	60
X	10923447	10923400	Deletion	47
X	10924650	10924550	Deletion	100
X	10924629	10924550	Deletion	79
X	10924672	10924550	Deletion	122
X	10924596	10924550	Deletion	46
X	10924610	10924550	Deletion	60
X	10924654	10924550	Deletion	104
X	10924616	10924550	Deletion	66
X	10937098	10937002	Deletion	96
X	10943312	10943211	Deletion	101
X	10943241	10943211	Deletion	30
X	10969970	10969853	Deletion	117
X	10969970	10969887	Deletion	83
X	10969970	10969915	Deletion	55
X	10969970	10969924	Deletion	46
X	10969970	10969926	Deletion	44
X	10969970	10969932	Deletion	38
X	10969970	10969940	Deletion	30
X	10973043	10972955	Deletion	88
X	10973051	10972955	Deletion	96
X	10973026	10972955	Deletion	71
X	10973035	10972955	Deletion	80
X	10973037	10972955	Deletion	82
X	10972998	10972955	Deletion	43
X	10973046	10972955	Deletion	91
X	10975465	10975342	Deletion	123
X	10980198	10980098	Deletion	100
X	10980198	10980107	Deletion	91
X	10980198	10980130	Deletion	68
X	10980484	10980449	Deletion	35
X	10980507	10980449	Deletion	58
X	10997067	10996957	Deletion	110
X	10997067	10996964	Deletion	103
X	10997067	10996966	Deletion	101
X	10997067	10996981	Deletion	86
X	10997067	10996987	Deletion	80
X	10997067	10997009	Deletion	58
X	10997067	10997031	Deletion	36
X	10997393	10997284	Deletion	109
X	10997326	10997284	Deletion	42
X	10997376	10997284	Deletion	92
X	10997354	10997284	Deletion	70
X	10997332	10997284	Deletion	48
X	10997395	10997284	Deletion	111
X	10997391	10997284	Deletion	107
X	10999893	10999770	Deletion	123
X	11004488	11004365	Deletion	123
X	11009729	11009605	Deletion	124
X	11018044	11017976	Deletion	68
X	11018044	11017986	Deletion	58
X	11018044	11017988	Deletion	56
X	11018044	11017994	Deletion	50
X	11018044	11017995	Deletion	49
X	11019751	11019693	Deletion	58
X	11019803	11019693	Deletion	110
X	11019761	11019693	Deletion	68
X	11019770	11019693	Deletion	77
X	11019769	11019693	Deletion	76
X	11019763	11019693	Deletion	70
X	11029182	11029064	Deletion	118
X	11031641	11031567	Deletion	74
X	11031641	11031574	Deletion	67
X	11031641	11031587	Deletion	54
X	11031641	11031590	Deletion	51
X	11031641	11031604	Deletion	37
X	11031934	11031859	Deletion	75
X	11031948	11031859	Deletion	89
X	11031960	11031859	Deletion	101
X	11031931	11031859	Deletion	72
X	11031961	11031859	Deletion	102
X	11031918	11031859	Deletion	59
X	11031911	11031859	Deletion	52
X	11047357	11047234	Deletion	123
X	11047357	11047239	Deletion	118
X	11047357	11047250	Deletion	107
X	11047357	11047281	Deletion	76
X	11047357	11047302	Deletion	55
X	11047357	11047302	Deletion	55
X	11056274	11056163	Deletion	111
X	11056236	11056163	Deletion	73
X	11056236	11056163	Deletion	73
X	11056215	11056163	Deletion	52
X	11056279	11056163	Deletion	116
X	11059229	11059108	Deletion	121
X	11065763	11065651	Deletion	112
X	11065763	11065667	Deletion	96
X	11065763	11065674	Deletion	89
X	11065763	11065683	Deletion	80
X	11065763	11065687	Deletion	76
X	11065763	11065689	Deletion	74
X	11065763	11065696	Deletion	67
X	11065760	11065722	Deletion	38
X	11065763	11065728	Deletion	35
X	11075364	11075318	Deletion	46
X	11075370	11075318	Deletion	52
X	11075368	11075318	Deletion	50
X	11075377	11075318	Deletion	59
X	11075355	11075318	Deletion	37
X	11075348	11075318	Deletion	30
X	11075427	11075318	Deletion	109
X	11075409	11075318	Deletion	91
X	11075403	11075318	Deletion	85
X	11075427	11075318	Deletion	109
X	11081411	11081301	Deletion	110
X	11081411	11081305	Deletion	106
X	11081411	11081363	Deletion	48
X	11081411	11081368	Deletion	43
X	11081411	11081371	Deletion	40
X	11081667	11081579	Deletion	88
X	11081664	11081579	Deletion	85
X	11081696	11081579	Deletion	117
X	11081695	11081579	Deletion	116
X	11081659	11081579	Deletion	80
X	11088721	11088599	Deletion	122
X	11088721	11088652	Deletion	69
X	11088721	11088653	Deletion	68
X	11088721	11088675	Deletion	46
X	11088721	11088676	Deletion	45
X	11088721	11088680	Deletion	41
X	11088894	11088813	Deletion	81
X	11088893	11088813	Deletion	80
X	11088871	11088813	Deletion	58
X	11088898	11088813	Deletion	85
X	11088870	11088813	Deletion	57
X	11094852	11094739	Deletion	113
X	11094856	11094757	Deletion	99
X	11094856	11094786	Deletion	70
X	11094856	11094804	Deletion	52
X	11098608	11098518	Deletion	90
X	11098908	11098833	Deletion	75
X	11102579	11102459	Deletion	120
X	11105893	11105828	Deletion	65
X	11105886	11105828	Deletion	58
X	11105893	11105828	Deletion	65
X	11105893	11105838	Deletion	55
X	11107270	11107236	Deletion	34
X	11107307	11107236	Deletion	71
X	11107352	11107236	Deletion	116
X	11127906	11127787	Deletion	119
X	11127906	11127803	Deletion	103
X	11127906	11127828	Deletion	78
X	11140077	11139963	Deletion	114
X	11140074	11139963	Deletion	111
X	11140012	11139963	Deletion	49
X	11140072	11139963	Deletion	109
X	11150311	11150190	Deletion	121
X	11165759	11165640	Deletion	119
X	11165759	11165658	Deletion	101
X	11165759	11165666	Deletion	93
X	11165759	11165667	Deletion	92
X	11165759	11165702	Deletion	57
X	11165759	11165710	Deletion	49
X	11165759	11165715	Deletion	44
X	11165759	11165715	Deletion	44
X	11165759	11165717	Deletion	42
X	11168501	11168416	Deletion	85
X	11168486	11168416	Deletion	70
X	11168499	11168416	Deletion	83
X	11168494	11168416	Deletion	78
X	11168451	11168416	Deletion	35
X	11168450	11168416	Deletion	34
X	11168499	11168416	Deletion	83
X	11170561	11170491	Deletion	70
X	11170561	11170503	Deletion	58
X	11170561	11170515	Deletion	46
X	11170561	11170522	Deletion	39
X	11171961	11171855	Deletion	106
X	11171943	11171855	Deletion	88
X	11171924	11171855	Deletion	69
X	11171936	11171855	Deletion	81
X	11171912	11171855	Deletion	57
X	11185665	11185549	Deletion	116
X	11186354	11186275	Deletion	79
X	11186354	11186312	Deletion	42
X	11187337	11187247	Deletion	90
X	11187391	11187360	Deletion	31
X	11209199	11209118	Deletion	81
X	11228361	11228239	Deletion	122
X	11239714	11239593	Deletion	121
X	11247731	11247618	Deletion	113
X	11247731	11247625	Deletion	106
X	11247731	11247660	Deletion	71
X	11247731	11247673	Deletion	58
X	11247731	11247691	Deletion	40
X	11247984	11247875	Deletion	109
X	11247943	11247875	Deletion	68
X	11247981	11247875	Deletion	106
X	11247930	11247875	Deletion	55
X	11247961	11247875	Deletion	86
X	11255179	11255058	Deletion	121
X	11259137	11259016	Deletion	121
X	11269084	11268984	Deletion	100
X	11272060	11271987	Deletion	73
X	11272062	11271987	Deletion	75
X	11275585	11275506	Deletion	79
X	11275585	11275510	Deletion	75
X	11275585	11275511	Deletion	74
X	11280572	11280516	Deletion	56
X	11280571	11280516	Deletion	55
X	11280617	11280516	Deletion	101
X	11280567	11280516	Deletion	51
X	11310075	11310035	Deletion	40
X	11314770	11314678	Deletion	92
X	11327975	11327934	Deletion	41
X	11328022	11327934	Deletion	88
X	11328027	11327934	Deletion	93
X	11328057	11327934	Deletion	123
X	11328043	11327934	Deletion	109
X	11327964	11327934	Deletion	30
X	11335632	11335511	Deletion	121
X	11344547	11344432	Deletion	115
X	11344547	11344436	Deletion	111
X	11344547	11344451	Deletion	96
X	11344547	11344508	Deletion	39
X	11344547	11344509	Deletion	38
X	11344547	11344516	Deletion	31
X	11344810	11344698	Deletion	112
X	11344818	11344698	Deletion	120
X	11344786	11344698	Deletion	88
X	11344729	11344698	Deletion	31
X	11344799	11344698	Deletion	101
X	11344787	11344698	Deletion	89
X	11344794	11344698	Deletion	96
X	11368938	11368854	Deletion	84
X	11368938	11368854	Deletion	84
X	11372706	11372596	Deletion	110
X	11372708	11372596	Deletion	112
X	11372706	11372596	Deletion	110
X	11372641	11372596	Deletion	45
X	11372641	11372596	Deletion	45
X	11374950	11374853	Deletion	97
X	11374950	11374918	Deletion	32
X	11379128	11379034	Deletion	94
X	11380880	11380769	Deletion	111
X	11380880	11380812	Deletion	68
X	11380880	11380812	Deletion	68
X	11380880	11380824	Deletion	56
X	11384157	11384043	Deletion	114
X	11384102	11384043	Deletion	59
X	11384102	11384043	Deletion	59
X	11384166	11384043	Deletion	123
X	11384114	11384043	Deletion	71
X	11392066	11391997	Deletion	69
X	11395733	11395675	Deletion	58
X	11396807	11396722	Deletion	85
X	11396807	11396750	Deletion	57
X	11396807	11396770	Deletion	37
X	11396807	11396773	Deletion	34
X	11396807	11396777	Deletion	30
X	11401409	11401315	Deletion	94
X	11401406	11401315	Deletion	91
X	11401358	11401315	Deletion	43
X	11401438	11401315	Deletion	123
X	11401436	11401315	Deletion	121
X	11401413	11401315	Deletion	98
X	11401386	11401315	Deletion	71
X	11401433	11401315	Deletion	118
X	11403247	11403128	Deletion	119
X	11403247	11403148	Deletion	99
X	11403247	11403152	Deletion	95
X	11403247	11403170	Deletion	77
X	11403247	11403191	Deletion	56
X	11403247	11403193	Deletion	54
X	11417662	11417589	Deletion	73
X	11417660	11417589	Deletion	71
X	11417639	11417589	Deletion	50
X	11417621	11417589	Deletion	32
X	11423746	11423635	Deletion	111
X	11423746	11423641	Deletion	105
X	11423746	11423647	Deletion	99
X	11423746	11423649	Deletion	97
X	11423746	11423660	Deletion	86
X	11423746	11423672	Deletion	74
X	11423746	11423672	Deletion	74
X	11423746	11423685	Deletion	61
X	11423744	11423688	Deletion	56
X	11423746	11423692	Deletion	54
X	11423881	11423808	Deletion	73
X	11423861	11423808	Deletion	53
X	11423874	11423808	Deletion	66
X	11423838	11423808	Deletion	30
X	11423849	11423808	Deletion	41
X	11423877	11423808	Deletion	69
X	11423861	11423813	Deletion	48
X	11424898	11424778	Deletion	120
X	11424898	11424812	Deletion	86
X	11424898	11424817	Deletion	81
X	11424898	11424818	Deletion	80
X	11424898	11424825	Deletion	73
X	11424898	11424830	Deletion	68
X	11424898	11424834	Deletion	64
X	11424896	11424842	Deletion	54
X	11424898	11424861	Deletion	37
X	11427802	11427731	Deletion	71
X	11427830	11427731	Deletion	99
X	11427777	11427731	Deletion	46
X	11427790	11427731	Deletion	59
X	11427821	11427731	Deletion	90
X	11427794	11427731	Deletion	63
X	11427778	11427731	Deletion	47
X	11427785	11427731	Deletion	54
X	11427772	11427731	Deletion	41
X	11427834	11427731	Deletion	103
X	11439465	11439352	Deletion	113
X	11439465	11439380	Deletion	85
X	11442229	11442114	Deletion	115
X	11442155	11442114	Deletion	41
X	11442578	11442466	Deletion	112
X	11442578	11442471	Deletion	107
X	11442573	11442522	Deletion	51
X	11442578	11442542	Deletion	36
X	11443022	11442932	Deletion	90
X	11443037	11442932	Deletion	105
X	11443002	11442932	Deletion	70
X	11443055	11442934	Deletion	121
X	11467506	11467449	Deletion	57
X	11485113	11485044	Deletion	69
X	11487186	11487084	Deletion	102
X	11487186	11487116	Deletion	70
X	11487186	11487150	Deletion	36
X	11487186	11487156	Deletion	30
X	11497826	11497736	Deletion	90
X	11497832	11497736	Deletion	96
X	11497792	11497736	Deletion	56
X	11503256	11503152	Deletion	104
X	11503256	11503193	Deletion	63
X	11503256	11503207	Deletion	49
X	11503256	11503212	Deletion	44
X	11503256	11503219	Deletion	37
X	11506991	11506908	Deletion	83
X	11506986	11506908	Deletion	78
X	11507015	11506908	Deletion	107
X	11506998	11506908	Deletion	90
X	11506972	11506908	Deletion	64
X	11507684	11507594	Deletion	90
X	11507914	11507878	Deletion	36
X	11507997	11507878	Deletion	119
X	11507980	11507878	Deletion	102
X	11521540	11521422	Deletion	118
X	11521540	11521434	Deletion	106
X	11521540	11521454	Deletion	86
X	11521540	11521472	Deletion	68
X	11521540	11521486	Deletion	54
X	11521540	11521492	Deletion	48
X	11528395	11528281	Deletion	114
X	11528404	11528281	Deletion	123
X	11528393	11528281	Deletion	112
X	11528341	11528281	Deletion	60
X	11528355	11528281	Deletion	74
X	11528361	11528281	Deletion	80
X	11528323	11528281	Deletion	42
X	11528380	11528281	Deletion	99
X	11540912	11540848	Deletion	64
X	11547058	11546948	Deletion	110
X	11547058	11546963	Deletion	95
X	11547058	11546997	Deletion	61
X	11547058	11547002	Deletion	56
X	11551814	11551744	Deletion	70
X	11551809	11551744	Deletion	65
X	11551775	11551744	Deletion	31
X	11573255	11573182	Deletion	73
X	11573255	11573184	Deletion	71
X	11581898	11581797	Deletion	101
X	11581852	11581797	Deletion	55
X	11581854	11581797	Deletion	57
X	11583425	11583303	Deletion	122
X	11583425	11583346	Deletion	79
X	11583425	11583361	Deletion	64
X	11584549	11584501	Deletion	48
X	11584564	11584501	Deletion	63
X	11589684	11589638	Deletion	46
X	11589676	11589638	Deletion	38
X	11589738	11589638	Deletion	100
X	11591682	11591593	Deletion	89
X	11595868	11595817	Deletion	51
X	11595993	11595917	Deletion	76
X	11597961	11597880	Deletion	81
X	11614490	11614368	Deletion	122
X	11614490	11614431	Deletion	59
X	11614490	11614446	Deletion	44
X	11614852	11614751	Deletion	101
X	11614818	11614751	Deletion	67
X	11614854	11614751	Deletion	103
X	11614833	11614751	Deletion	82
X	11616891	11616771	Deletion	120
X	11620177	11620083	Deletion	94
X	11620177	11620098	Deletion	79
X	11620177	11620101	Deletion	76
X	11620177	11620110	Deletion	67
X	11625357	11625307	Deletion	50
X	11625366	11625307	Deletion	59
X	11625339	11625307	Deletion	32
X	11625412	11625307	Deletion	105
X	11625354	11625307	Deletion	47
X	11626134	11626012	Deletion	122
X	11634527	11634449	Deletion	78
X	11634675	11634572	Deletion	103
X	11635546	11635488	Deletion	58
X	11636142	11636069	Deletion	73
X	11636142	11636087	Deletion	55
X	11645216	11645181	Deletion	35
X	11645350	11645241	Deletion	109
X	11648392	11648269	Deletion	123
X	11648366	11648269	Deletion	97
X	11648343	11648269	Deletion	74
X	11648374	11648269	Deletion	105
X	11668037	11667919	Deletion	118
X	11668037	11667943	Deletion	94
X	11668037	11667980	Deletion	57
X	11668037	11667998	Deletion	39
X	11668546	11668424	Deletion	122
X	11668547	11668424	Deletion	123
X	11668456	11668424	Deletion	32
X	11668511	11668424	Deletion	87
X	11668493	11668424	Deletion	69
X	11668801	11668736	Deletion	65
X	11680022	11679961	Deletion	61
X	11680061	11679961	Deletion	100
X	11687237	11687116	Deletion	121
X	11696625	11696509	Deletion	116
X	11696625	11696524	Deletion	101
X	11696625	11696530	Deletion	95
X	11696625	11696548	Deletion	77
X	11696625	11696550	Deletion	75
X	11696625	11696552	Deletion	73
X	11696625	11696562	Deletion	63
X	11697458	11697393	Deletion	65
X	11697426	11697393	Deletion	33
X	11697446	11697393	Deletion	53
X	11697444	11697393	Deletion	51
X	11697448	11697393	Deletion	55
X	11699369	11699274	Deletion	95
X	11699369	11699294	Deletion	75
X	11699539	11699507	Deletion	32
X	11699559	11699507	Deletion	52
X	11701028	11700978	Deletion	50
X	11701028	11700981	Deletion	47
X	11701028	11700987	Deletion	41
X	11701028	11700993	Deletion	35
X	11701196	11701105	Deletion	91
X	11701181	11701105	Deletion	76
X	11701184	11701105	Deletion	79
X	11701207	11701105	Deletion	102
X	11701190	11701105	Deletion	85
X	11717483	11717378	Deletion	105
X	11717483	11717383	Deletion	100
X	11724654	11724534	Deletion	120
X	11726955	11726872	Deletion	83
X	11726955	11726879	Deletion	76
X	11726955	11726881	Deletion	74
X	11726955	11726888	Deletion	67
X	11726955	11726904	Deletion	51
X	11726955	11726915	Deletion	40
X	11731739	11731680	Deletion	59
X	11731766	11731680	Deletion	86
X	11731723	11731680	Deletion	43
X	11731732	11731680	Deletion	52
X	11731795	11731680	Deletion	115
X	11731730	11731680	Deletion	50
X	11731755	11731680	Deletion	75
X	11732069	11731948	Deletion	121
X	11732069	11731958	Deletion	111
X	11732069	11732007	Deletion	62
X	11733820	11733756	Deletion	64
X	11733867	11733756	Deletion	111
X	11733865	11733756	Deletion	109
X	11745255	11745207	Deletion	48
X	11758142	11758018	Deletion	124
X	11759315	11759192	Deletion	123
X	11759638	11759581	Deletion	57
X	11759638	11759596	Deletion	42
X	11761459	11761390	Deletion	69
X	11761511	11761390	Deletion	121
X	11761504	11761390	Deletion	114
X	11761474	11761390	Deletion	84
X	11772523	11772442	Deletion	81
X	11782076	11781978	Deletion	98
X	11782095	11781978	Deletion	117
X	11782023	11781978	Deletion	45
X	11782089	11781978	Deletion	111
X	11793979	11793860	Deletion	119
X	11813507	11813434	Deletion	73
X	11813507	11813451	Deletion	56
X	11814871	11814766	Deletion	105
X	11814820	11814766	Deletion	54
X	11814888	11814766	Deletion	122
X	11814887	11814766	Deletion	121
X	11814836	11814766	Deletion	70
X	11814867	11814766	Deletion	101
X	11814876	11814766	Deletion	110
X	11814866	11814766	Deletion	100
X	11814888	11814766	Deletion	122
X	11815744	11815663	Deletion	81
X	11815744	11815667	Deletion	77
X	11815744	11815670	Deletion	74
X	11815744	11815678	Deletion	66
X	11815744	11815684	Deletion	60
X	11815744	11815684	Deletion	60
X	11815744	11815706	Deletion	38
X	11817798	11817708	Deletion	90
X	11817759	11817708	Deletion	51
X	11817770	11817708	Deletion	62
X	11817762	11817708	Deletion	54
X	11817755	11817708	Deletion	47
X	11817776	11817708	Deletion	68
X	11817776	11817708	Deletion	68
X	11821780	11821664	Deletion	116
X	11821780	11821695	Deletion	85
X	11821780	11821709	Deletion	71
X	11822369	11822266	Deletion	103
X	11822307	11822266	Deletion	41
X	11822321	11822266	Deletion	55
X	11822388	11822266	Deletion	122
X	11828213	11828101	Deletion	112
X	11828213	11828111	Deletion	102
X	11828208	11828119	Deletion	89
X	11828213	11828135	Deletion	78
X	11828213	11828149	Deletion	64
X	11828213	11828151	Deletion	62
X	11828213	11828177	Deletion	36
X	11828340	11828292	Deletion	48
X	11828324	11828292	Deletion	32
X	11828354	11828292	Deletion	62
X	11828356	11828292	Deletion	64
X	11828382	11828292	Deletion	90
X	11843523	11843399	Deletion	124
X	11843523	11843414	Deletion	109
X	11843523	11843420	Deletion	103
X	11843523	11843431	Deletion	92
X	11843523	11843447	Deletion	76
X	11843523	11843447	Deletion	76
X	11844337	11844224	Deletion	113
X	11844275	11844224	Deletion	51
X	11844275	11844224	Deletion	51
X	11844259	11844224	Deletion	35
X	11844333	11844224	Deletion	109
X	11844322	11844224	Deletion	98
X	11854772	11854649	Deletion	123
X	11861420	11861297	Deletion	123
X	11862864	11862743	Deletion	121
X	11862864	11862754	Deletion	110
X	11862864	11862758	Deletion	106
X	11862864	11862778	Deletion	86
X	11865475	11865358	Deletion	117
X	11865398	11865358	Deletion	40
X	11882292	11882172	Deletion	120
X	11889324	11889200	Deletion	124
X	11890981	11890858	Deletion	123
X	11907425	11907315	Deletion	110
X	11907425	11907347	Deletion	78
X	11907425	11907374	Deletion	51
X	11907425	11907387	Deletion	38
X	11907815	11907767	Deletion	48
X	11907867	11907767	Deletion	100
X	11907867	11907767	Deletion	100
X	11907842	11907767	Deletion	75
X	11907855	11907767	Deletion	88
X	11921002	11920879	Deletion	123
X	11921002	11920879	Deletion	123
X	11921002	11920880	Deletion	122
X	11921002	11920917	Deletion	85
X	11921002	11920961	Deletion	41
X	11921093	11921052	Deletion	41
X	11921137	11921052	Deletion	85
X	11951683	11951578	Deletion	105
X	11951683	11951594	Deletion	89
X	11951683	11951597	Deletion	86
X	11951683	11951608	Deletion	75
X	11951683	11951627	Deletion	56
X	11954412	11954306	Deletion	106
X	11954344	11954306	Deletion	38
X	11954347	11954306	Deletion	41
X	11954377	11954306	Deletion	71
X	11954358	11954306	Deletion	52
X	11954852	11954734	Deletion	118
X	11954852	11954764	Deletion	88
X	11954852	11954774	Deletion	78
X	11954852	11954814	Deletion	38
X	11969187	11969147	Deletion	40
X	11969237	11969147	Deletion	90
X	11969197	11969147	Deletion	50
X	11972926	11972805	Deletion	121
X	11990503	11990379	Deletion	124
X	11990503	11990394	Deletion	109
X	11990503	11990397	Deletion	106
X	11990503	11990434	Deletion	69
X	11990503	11990440	Deletion	63
X	11990503	11990464	Deletion	39
X	11990727	11990664	Deletion	63
X	11990751	11990664	Deletion	87
X	11990721	11990664	Deletion	57
X	12000312	12000189	Deletion	123
X	12003368	12003261	Deletion	107
X	12003368	12003265	Deletion	103
X	12003368	12003288	Deletion	80
X	12003368	12003328	Deletion	40
X	12003368	12003337	Deletion	31
X	12009899	12009804	Deletion	95
X	12009850	12009804	Deletion	46
X	12009890	12009804	Deletion	86
X	12009928	12009808	Deletion	120
X	12026313	12026192	Deletion	121
X	12046680	12046578	Deletion	102
X	12046680	12046591	Deletion	89
X	12046680	12046610	Deletion	70
X	12046680	12046620	Deletion	60
X	12046680	12046650	Deletion	30
X	12049603	12049507	Deletion	96
X	12049573	12049507	Deletion	66
X	12049616	12049507	Deletion	109
X	12049544	12049507	Deletion	37
X	12049563	12049507	Deletion	56
X	12052639	12052542	Deletion	97
X	12052639	12052581	Deletion	58
X	12052639	12052586	Deletion	53
X	12055876	12055757	Deletion	119
X	12055787	12055757	Deletion	30
X	12055831	12055757	Deletion	74
X	12055826	12055757	Deletion	69
X	12063902	12063778	Deletion	124
X	12063902	12063783	Deletion	119
X	12063902	12063783	Deletion	119
X	12063902	12063787	Deletion	115
X	12063902	12063803	Deletion	99
X	12063902	12063818	Deletion	84
X	12063902	12063862	Deletion	40
X	12063902	12063866	Deletion	36
X	12064464	12064360	Deletion	104
X	12064450	12064360	Deletion	90
X	12064402	12064360	Deletion	42
X	12064465	12064360	Deletion	105
X	12064446	12064360	Deletion	86
X	12064471	12064360	Deletion	111
X	12064474	12064360	Deletion	114
X	12072042	12071925	Deletion	117
X	12072042	12071932	Deletion	110
X	12072042	12071941	Deletion	101
X	12072042	12071966	Deletion	76
X	12072042	12071975	Deletion	67
X	12072042	12071975	Deletion	67
X	12072042	12071994	Deletion	48
X	12090522	12090472	Deletion	50
X	12090531	12090472	Deletion	59
X	12090531	12090472	Deletion	59
X	12090550	12090472	Deletion	78
X	12090595	12090472	Deletion	123
X	12096398	12096277	Deletion	121
X	12099672	12099559	Deletion	113
X	12099672	12099568	Deletion	104
X	12099672	12099571	Deletion	101
X	12100352	12100235	Deletion	117
X	12100337	12100235	Deletion	102
X	12101798	12101682	Deletion	116
X	12101798	12101717	Deletion	81
X	12101798	12101720	Deletion	78
X	12101798	12101731	Deletion	67
X	12102253	12102192	Deletion	61
X	12102242	12102192	Deletion	50
X	12102295	12102192	Deletion	103
X	12102302	12102192	Deletion	110
X	12102239	12102192	Deletion	47
X	12102295	12102192	Deletion	103
X	12103070	12102966	Deletion	104
X	12103070	12102972	Deletion	98
X	12103070	12102989	Deletion	81
X	12103167	12103122	Deletion	45
X	12103239	12103122	Deletion	117
X	12103243	12103122	Deletion	121
X	12103238	12103122	Deletion	116
X	12107546	12107424	Deletion	122
X	12107546	12107437	Deletion	109
X	12107546	12107437	Deletion	109
X	12107546	12107465	Deletion	81
X	12107546	12107488	Deletion	58
X	12107546	12107492	Deletion	54
X	12107546	12107502	Deletion	44
X	12107727	12107681	Deletion	46
X	12107764	12107681	Deletion	83
X	12107750	12107681	Deletion	69
X	12107754	12107681	Deletion	73
X	12115503	12115409	Deletion	94
X	12115503	12115433	Deletion	70
X	12115503	12115441	Deletion	62
X	12115503	12115449	Deletion	54
X	12115503	12115451	Deletion	52
X	12115503	12115457	Deletion	46
X	12115716	12115634	Deletion	82
X	12115692	12115634	Deletion	58
X	12115668	12115634	Deletion	34
X	12115749	12115634	Deletion	115
X	12115700	12115634	Deletion	66
X	12115710	12115634	Deletion	76
X	12115708	12115634	Deletion	74
X	12123742	12123640	Deletion	102
X	12123742	12123641	Deletion	101
X	12123742	12123643	Deletion	99
X	12123742	12123648	Deletion	94
X	12123742	12123653	Deletion	89
X	12123742	12123666	Deletion	76
X	12123742	12123669	Deletion	73
X	12123742	12123671	Deletion	71
X	12123852	12123798	Deletion	54
X	12123849	12123798	Deletion	51
X	12123905	12123798	Deletion	107
X	12123831	12123798	Deletion	33
X	12123854	12123798	Deletion	56
X	12123905	12123798	Deletion	107
X	12123836	12123798	Deletion	38
X	12123901	12123798	Deletion	103
X	12131731	12131645	Deletion	86
X	12131731	12131653	Deletion	78
X	12131731	12131698	Deletion	33
X	12132091	12131998	Deletion	93
X	12132038	12131998	Deletion	40
X	12132046	12131998	Deletion	48
X	12144778	12144658	Deletion	120
X	12144778	12144711	Deletion	67
X	12144778	12144747	Deletion	31
X	12145077	12145018	Deletion	59
X	12145116	12145018	Deletion	98
X	12145113	12145018	Deletion	95
X	12145131	12145018	Deletion	113
X	12145128	12145018	Deletion	110
X	12145134	12145018	Deletion	116
X	12146450	12146360	Deletion	90
X	12146450	12146373	Deletion	77
X	12146450	12146375	Deletion	75
X	12146450	12146382	Deletion	68
X	12146450	12146391	Deletion	59
X	12148275	12148226	Deletion	49
X	12148284	12148226	Deletion	58
X	12148277	12148226	Deletion	51
X	12148262	12148226	Deletion	36
X	12148293	12148226	Deletion	67
X	12164024	12163903	Deletion	121
X	12164024	12163919	Deletion	105
X	12164024	12163935	Deletion	89
X	12164024	12163939	Deletion	85
X	12164024	12163961	Deletion	63
X	12164024	12163968	Deletion	56
X	12164024	12163981	Deletion	43
X	12164024	12163990	Deletion	34
X	12164024	12163993	Deletion	31
X	12164727	12164657	Deletion	70
X	12164749	12164657	Deletion	92
X	12164720	12164657	Deletion	63
X	12164698	12164657	Deletion	41
X	12164740	12164657	Deletion	83
X	12164752	12164657	Deletion	95
X	12164694	12164657	Deletion	37
X	12169426	12169346	Deletion	80
X	12172748	12172701	Deletion	47
X	12172928	12172873	Deletion	55
X	12173292	12173216	Deletion	76
X	12177524	12177410	Deletion	114
X	12177524	12177442	Deletion	82
X	12177524	12177454	Deletion	70
X	12177524	12177461	Deletion	63
X	12177524	12177477	Deletion	47
X	12177903	12177838	Deletion	65
X	12177919	12177838	Deletion	81
X	12177896	12177838	Deletion	58
X	12177884	12177838	Deletion	46
X	12181534	12181420	Deletion	114
X	12181534	12181455	Deletion	79
X	12181534	12181464	Deletion	70
X	12181534	12181483	Deletion	51
X	12181534	12181491	Deletion	43
X	12181534	12181499	Deletion	35
X	12181534	12181502	Deletion	32
X	12197334	12197216	Deletion	118
X	12197291	12197216	Deletion	75
X	12197283	12197216	Deletion	67
X	12197302	12197216	Deletion	86
X	12197264	12197216	Deletion	48
X	12197255	12197216	Deletion	39
X	12197299	12197216	Deletion	83
X	12203363	12203274	Deletion	89
X	12203363	12203275	Deletion	88
X	12203363	12203278	Deletion	85
X	12203363	12203289	Deletion	74
X	12203363	12203311	Deletion	52
X	12212931	12212893	Deletion	38
X	12213000	12212893	Deletion	107
X	12212945	12212893	Deletion	52
X	12212967	12212893	Deletion	74
X	12212934	12212893	Deletion	41
X	12212996	12212893	Deletion	103
X	12212930	12212893	Deletion	37
X	12212996	12212893	Deletion	103
X	12218440	12218330	Deletion	110
X	12218440	12218337	Deletion	103
X	12218440	12218342	Deletion	98
X	12218440	12218357	Deletion	83
X	12218440	12218385	Deletion	55
X	12218440	12218387	Deletion	53
X	12228430	12228311	Deletion	119
X	12228382	12228311	Deletion	71
X	12228384	12228311	Deletion	73
X	12228354	12228311	Deletion	43
X	12228425	12228311	Deletion	114
X	12238206	12238084	Deletion	122
X	12238921	12238812	Deletion	109
X	12238921	12238821	Deletion	100
X	12238921	12238831	Deletion	90
X	12238921	12238841	Deletion	80
X	12238921	12238850	Deletion	71
X	12238921	12238873	Deletion	48
X	12238921	12238881	Deletion	40
X	12239907	12239796	Deletion	111
X	12239896	12239796	Deletion	100
X	12239832	12239796	Deletion	36
X	12239851	12239796	Deletion	55
X	12239842	12239796	Deletion	46
X	12239882	12239796	Deletion	86
X	12239874	12239796	Deletion	78
X	12239903	12239796	Deletion	107
X	12248457	12248334	Deletion	123
X	12248457	12248336	Deletion	121
X	12248457	12248390	Deletion	67
X	12248457	12248395	Deletion	62
X	12248457	12248412	Deletion	45
X	12248457	12248414	Deletion	43
X	12248457	12248425	Deletion	32
X	12248706	12248647	Deletion	59
X	12248741	12248647	Deletion	94
X	12248728	12248647	Deletion	81
X	12248730	12248647	Deletion	83
X	12248711	12248647	Deletion	64
X	12252282	12252163	Deletion	119
X	12252282	12252165	Deletion	117
X	12252282	12252175	Deletion	107
X	12252282	12252186	Deletion	96
X	12252282	12252188	Deletion	94
X	12252282	12252227	Deletion	55
X	12252707	12252584	Deletion	123
X	12252616	12252584	Deletion	32
X	12252655	12252584	Deletion	71
X	12252614	12252584	Deletion	30
X	12269920	12269800	Deletion	120
X	12269920	12269839	Deletion	81
X	12269920	12269859	Deletion	61
X	12269920	12269872	Deletion	48
X	12269920	12269880	Deletion	40
X	12270876	12270811	Deletion	65
X	12270897	12270811	Deletion	86
X	12270921	12270811	Deletion	110
X	12270889	12270811	Deletion	78
X	12270856	12270811	Deletion	45
X	12282828	12282707	Deletion	121
X	12283808	12283685	Deletion	123
X	12283808	12283715	Deletion	93
X	12283808	12283726	Deletion	82
X	12283808	12283733	Deletion	75
X	12283808	12283766	Deletion	42
X	12284447	12284403	Deletion	44
X	12284454	12284403	Deletion	51
X	12284487	12284403	Deletion	84
X	12284436	12284403	Deletion	33
X	12288252	12288131	Deletion	121
X	12294632	12294549	Deletion	83
X	12294628	12294563	Deletion	65
X	12294802	12294704	Deletion	98
X	12294747	12294704	Deletion	43
X	12294761	12294704	Deletion	57
X	12311828	12311711	Deletion	117
X	12311828	12311727	Deletion	101
X	12311828	12311743	Deletion	85
X	12311828	12311755	Deletion	73
X	12311828	12311758	Deletion	70
X	12311828	12311767	Deletion	61
X	12311828	12311784	Deletion	44
X	12312486	12312428	Deletion	58
X	12312530	12312428	Deletion	102
X	12312483	12312428	Deletion	55
X	12312471	12312428	Deletion	43
X	12312495	12312428	Deletion	67
X	12312512	12312428	Deletion	84
X	12319221	12319099	Deletion	122
X	12319221	12319119	Deletion	102
X	12319221	12319134	Deletion	87
X	12319221	12319158	Deletion	63
X	12319221	12319186	Deletion	35
X	12319221	12319188	Deletion	33
X	12319221	12319188	Deletion	33
X	12322390	12322326	Deletion	64
X	12322418	12322326	Deletion	92
X	12322420	12322326	Deletion	94
X	12322420	12322326	Deletion	94
X	12322366	12322326	Deletion	40
X	12322436	12322326	Deletion	110
X	12336273	12336222	Deletion	51
X	12336273	12336233	Deletion	40
X	12336273	12336238	Deletion	35
X	12336796	12336704	Deletion	92
X	12337677	12337601	Deletion	76
X	12337688	12337601	Deletion	87
X	12343770	12343657	Deletion	113
X	12343770	12343669	Deletion	101
X	12343770	12343676	Deletion	94
X	12343770	12343681	Deletion	89
X	12343770	12343682	Deletion	88
X	12343875	12343843	Deletion	32
X	12343881	12343843	Deletion	38
X	12343880	12343843	Deletion	37
X	12343952	12343843	Deletion	109
X	12343947	12343843	Deletion	104
X	12343945	12343843	Deletion	102
X	12357417	12357296	Deletion	121
X	12358601	12358479	Deletion	122
X	12361258	12361142	Deletion	116
X	12361253	12361165	Deletion	88
X	12361258	12361165	Deletion	93
X	12361258	12361179	Deletion	79
X	12361258	12361212	Deletion	46
X	12361258	12361213	Deletion	45
X	12361258	12361216	Deletion	42
X	12361258	12361223	Deletion	35
X	12364029	12363944	Deletion	85
X	12363992	12363944	Deletion	48
X	12364025	12363944	Deletion	81
X	12364036	12363944	Deletion	92
X	12364026	12363944	Deletion	82
X	12363978	12363944	Deletion	34
X	12363978	12363944	Deletion	34
X	12364062	12363944	Deletion	118
X	12364042	12363944	Deletion	98
X	12372528	12372427	Deletion	101
X	12372528	12372427	Deletion	101
X	12372528	12372441	Deletion	87
X	12372528	12372443	Deletion	85
X	12372528	12372453	Deletion	75
X	12372528	12372454	Deletion	74
X	12372528	12372483	Deletion	45
X	12377942	12377901	Deletion	41
X	12377952	12377901	Deletion	51
X	12377982	12377901	Deletion	81
X	12377999	12377901	Deletion	98
X	12377953	12377901	Deletion	52
X	12377940	12377901	Deletion	39
X	12382121	12382065	Deletion	56
X	12382151	12382065	Deletion	86
X	12383516	12383410	Deletion	106
X	12383833	12383788	Deletion	45
X	12383833	12383800	Deletion	33
X	12385587	12385472	Deletion	115
X	12385587	12385474	Deletion	113
X	12385587	12385502	Deletion	85
X	12385921	12385880	Deletion	41
X	12385946	12385880	Deletion	66
X	12385950	12385880	Deletion	70
X	12385948	12385880	Deletion	68
X	12385953	12385880	Deletion	73
X	12396333	12396211	Deletion	122
X	12403711	12403592	Deletion	119
X	12406112	12405988	Deletion	124
X	12406372	12406281	Deletion	91
X	12406372	12406290	Deletion	82
X	12406372	12406308	Deletion	64
X	12406372	12406322	Deletion	50
X	12406372	12406322	Deletion	50
X	12406372	12406330	Deletion	42
X	12406616	12406499	Deletion	117
X	12406597	12406499	Deletion	98
X	12406535	12406499	Deletion	36
X	12406544	12406499	Deletion	45
X	12406576	12406499	Deletion	77
X	12406584	12406499	Deletion	85
X	12406562	12406499	Deletion	63
X	12406576	12406499	Deletion	77
X	12420759	12420663	Deletion	96
X	12420759	12420686	Deletion	73
X	12424823	12424718	Deletion	105
X	12424748	12424718	Deletion	30
X	12424771	12424718	Deletion	53
X	12424815	12424718	Deletion	97
X	12439209	12439095	Deletion	114
X	12453608	12453489	Deletion	119
X	12453608	12453530	Deletion	78
X	12453608	12453553	Deletion	55
X	12454364	12454292	Deletion	72
X	12454341	12454292	Deletion	49
X	12454416	12454292	Deletion	124
X	12454408	12454292	Deletion	116
X	12460538	12460414	Deletion	124
X	12460538	12460438	Deletion	100
X	12460538	12460482	Deletion	56
X	12460819	12460747	Deletion	72
X	12468807	12468692	Deletion	115
X	12468807	12468719	Deletion	88
X	12468976	12468857	Deletion	119
X	12468896	12468857	Deletion	39
X	12473564	12473447	Deletion	117
X	12473564	12473511	Deletion	53
X	12473564	12473524	Deletion	40
X	12473564	12473525	Deletion	39
X	12476263	12476176	Deletion	87
X	12476280	12476176	Deletion	104
X	12476262	12476176	Deletion	86
X	12476249	12476176	Deletion	73
X	12479520	12479403	Deletion	117
X	12488186	12488067	Deletion	119
X	12502520	12502398	Deletion	122
X	12508613	12508517	Deletion	96
X	12508613	12508568	Deletion	45
X	12508613	12508582	Deletion	31
X	12508839	12508721	Deletion	118
X	12508839	12508721	Deletion	118
X	12508802	12508721	Deletion	81
X	12508751	12508721	Deletion	30
X	12508816	12508721	Deletion	95
X	12526029	12525907	Deletion	122
X	12528880	12528757	Deletion	123
X	12528880	12528819	Deletion	61
X	12528880	12528842	Deletion	38
X	12529387	12529281	Deletion	106
X	12529369	12529281	Deletion	88
X	12529379	12529281	Deletion	98
X	12529346	12529281	Deletion	65
X	12571772	12571650	Deletion	122
X	12572557	12572435	Deletion	122
X	12579535	12579421	Deletion	114
X	12579535	12579443	Deletion	92
X	12579535	12579454	Deletion	81
X	12579535	12579462	Deletion	73
X	12579535	12579484	Deletion	51
X	12579535	12579501	Deletion	34
X	12579622	12579588	Deletion	34
X	12579680	12579588	Deletion	92
X	12579641	12579588	Deletion	53
X	12579633	12579588	Deletion	45
X	12579663	12579588	Deletion	75
X	12587172	12587079	Deletion	93
X	12587172	12587096	Deletion	76
X	12587172	12587097	Deletion	75
X	12587172	12587109	Deletion	63
X	12587172	12587110	Deletion	62
X	12587172	12587126	Deletion	46
X	12587172	12587129	Deletion	43
X	12594891	12594793	Deletion	98
X	12594826	12594793	Deletion	33
X	12594856	12594793	Deletion	63
X	12594844	12594793	Deletion	51
X	12594857	12594793	Deletion	64
X	12594876	12594793	Deletion	83
X	12594902	12594793	Deletion	109
X	12594873	12594793	Deletion	80
X	12594843	12594793	Deletion	50
X	12621709	12621585	Deletion	124
X	12663464	12663364	Deletion	100
X	12663464	12663365	Deletion	99
X	12663464	12663366	Deletion	98
X	12663464	12663373	Deletion	91
X	12663464	12663380	Deletion	84
X	12663464	12663384	Deletion	80
X	12663464	12663385	Deletion	79
X	12663464	12663393	Deletion	71
X	12663464	12663399	Deletion	65
X	12663464	12663401	Deletion	63
X	12665537	12665476	Deletion	61
X	12665518	12665476	Deletion	42
X	12665523	12665476	Deletion	47
X	12665576	12665476	Deletion	100
X	12665531	12665476	Deletion	55
X	12665539	12665476	Deletion	63
X	12665522	12665476	Deletion	46
X	12665511	12665476	Deletion	35
X	12686630	12686506	Deletion	124
X	12686630	12686551	Deletion	79
X	12686630	12686554	Deletion	76
X	12686630	12686595	Deletion	35
X	12686630	12686597	Deletion	33
X	12687213	12687122	Deletion	91
X	12687169	12687122	Deletion	47
X	12687215	12687122	Deletion	93
X	12687172	12687122	Deletion	50
X	12691320	12691213	Deletion	107
X	12691320	12691232	Deletion	88
X	12691320	12691270	Deletion	50
X	12691408	12691370	Deletion	38
X	12691446	12691370	Deletion	76
X	12700131	12700010	Deletion	121
X	12700115	12700010	Deletion	105
X	12700453	12700373	Deletion	80
X	12700453	12700379	Deletion	74
X	12704017	12703971	Deletion	46
X	12704023	12703971	Deletion	52
X	12706457	12706337	Deletion	120
X	12706457	12706348	Deletion	109
X	12706457	12706388	Deletion	69
X	12716264	12716207	Deletion	57
X	12722614	12722547	Deletion	67
X	12726475	12726416	Deletion	59
X	12726539	12726416	Deletion	123
X	12726522	12726416	Deletion	106
X	12730915	12730794	Deletion	121
X	12734309	12734186	Deletion	123
X	12734309	12734259	Deletion	50
X	12746249	12746170	Deletion	79
X	12746762	12746650	Deletion	112
X	12746762	12746653	Deletion	109
X	12746762	12746659	Deletion	103
X	12746762	12746691	Deletion	71
X	12746762	12746694	Deletion	68
X	12746762	12746702	Deletion	60
X	12746762	12746708	Deletion	54
X	12767364	12767308	Deletion	56
X	12767375	12767308	Deletion	67
X	12767381	12767308	Deletion	73
X	12767367	12767308	Deletion	59
X	12768200	12768100	Deletion	100
X	12768200	12768163	Deletion	37
X	12773475	12773384	Deletion	91
X	12773487	12773384	Deletion	103
X	12773508	12773384	Deletion	124
X	12797208	12797164	Deletion	44
X	12797208	12797165	Deletion	43
X	12797208	12797168	Deletion	40
X	12797568	12797516	Deletion	52
X	12799425	12799340	Deletion	85
X	12799417	12799340	Deletion	77
X	12799426	12799340	Deletion	86
X	12799447	12799340	Deletion	107
X	12799429	12799340	Deletion	89
X	12811464	12811344	Deletion	120
X	12811464	12811356	Deletion	108
X	12811464	12811370	Deletion	94
X	12811464	12811375	Deletion	89
X	12811464	12811394	Deletion	70
X	12811464	12811418	Deletion	46
X	12811464	12811429	Deletion	35
X	12814545	12814508	Deletion	37
X	12814564	12814508	Deletion	56
X	12814540	12814508	Deletion	32
X	12814588	12814508	Deletion	80
X	12814599	12814508	Deletion	91
X	12837653	12837529	Deletion	124
X	12849799	12849688	Deletion	111
X	12849799	12849740	Deletion	59
X	12849799	12849749	Deletion	50
X	12849799	12849767	Deletion	32
X	12851036	12850942	Deletion	94
X	12851050	12850942	Deletion	108
X	12851018	12850942	Deletion	76
X	12851009	12850942	Deletion	67
X	12851041	12850942	Deletion	99
X	12868983	12868859	Deletion	124
X	12868983	12868874	Deletion	109
X	12868983	12868895	Deletion	88
X	12868983	12868916	Deletion	67
X	12868983	12868928	Deletion	55
X	12868983	12868951	Deletion	32
X	12868983	12868951	Deletion	32
X	12871800	12871729	Deletion	71
X	12871788	12871729	Deletion	59
X	12871767	12871729	Deletion	38
X	12871823	12871729	Deletion	94
X	12871823	12871729	Deletion	94
X	12871842	12871729	Deletion	113
X	12880654	12880531	Deletion	123
X	12886543	12886422	Deletion	121
X	12912729	12912608	Deletion	121
X	12912757	12912638	Deletion	119
X	12913505	12913401	Deletion	104
X	12913505	12913413	Deletion	92
X	12913505	12913419	Deletion	86
X	12913501	12913460	Deletion	41
X	12913720	12913680	Deletion	40
X	12913714	12913680	Deletion	34
X	12913789	12913680	Deletion	109
X	12913761	12913680	Deletion	81
X	12918727	12918610	Deletion	117
X	12918727	12918693	Deletion	34
X	12926868	12926769	Deletion	99
X	12926862	12926769	Deletion	93
X	12926877	12926769	Deletion	108
X	12926882	12926769	Deletion	113
X	12931104	12930997	Deletion	107
X	12931104	12931030	Deletion	74
X	12931186	12931150	Deletion	36
X	12931862	12931810	Deletion	52
X	12932129	12932074	Deletion	55
X	12932185	12932074	Deletion	111
X	12932130	12932074	Deletion	56
X	12934458	12934342	Deletion	116
X	12934912	12934836	Deletion	76
X	12935344	12935289	Deletion	55
X	12936194	12936105	Deletion	89
X	12943726	12943602	Deletion	124
X	12943726	12943603	Deletion	123
X	12943726	12943632	Deletion	94
X	12943726	12943686	Deletion	40
X	12943726	12943689	Deletion	37
X	12943726	12943691	Deletion	35
X	12943726	12943694	Deletion	32
X	12943726	12943695	Deletion	31
X	12944568	12944482	Deletion	86
X	12944571	12944482	Deletion	89
X	12944514	12944482	Deletion	32
X	12944592	12944482	Deletion	110
X	12944576	12944482	Deletion	94
X	12944573	12944482	Deletion	91
X	12944577	12944482	Deletion	95
X	12944583	12944482	Deletion	101
X	12949858	12949747	Deletion	111
X	12949858	12949764	Deletion	94
X	12949858	12949771	Deletion	87
X	12949858	12949784	Deletion	74
X	12949858	12949787	Deletion	71
X	12949858	12949807	Deletion	51
X	12949858	12949823	Deletion	35
X	12951153	12951098	Deletion	55
X	12951189	12951098	Deletion	91
X	12951173	12951098	Deletion	75
X	12951150	12951098	Deletion	52
X	12951137	12951098	Deletion	39
X	12951130	12951098	Deletion	32
X	12975241	12975128	Deletion	113
X	12975241	12975142	Deletion	99
X	12975241	12975154	Deletion	87
X	12975241	12975167	Deletion	74
X	12975241	12975203	Deletion	38
X	12975241	12975208	Deletion	33
X	12990798	12990703	Deletion	95
X	12990793	12990703	Deletion	90
X	12990757	12990703	Deletion	54
X	12990744	12990703	Deletion	41
X	12991866	12991745	Deletion	121
X	13000860	13000741	Deletion	119
X	13000860	13000754	Deletion	106
X	13000860	13000781	Deletion	79
X	13000860	13000827	Deletion	33
X	13000860	13000829	Deletion	31
X	13004626	13004579	Deletion	47
X	13004674	13004579	Deletion	95
X	13004687	13004579	Deletion	108
X	13004672	13004579	Deletion	93
X	13004680	13004579	Deletion	101
X	13005309	13005193	Deletion	116
X	13011012	13010891	Deletion	121
X	13011012	13010904	Deletion	108
X	13011012	13010909	Deletion	103
X	13011012	13010918	Deletion	94
X	13011012	13010919	Deletion	93
X	13011012	13010948	Deletion	64
X	13017384	13017350	Deletion	34
X	13017413	13017350	Deletion	63
X	13017465	13017350	Deletion	115
X	13017383	13017350	Deletion	33
X	13021764	13021680	Deletion	84
X	13021764	13021715	Deletion	49
X	13022084	13021983	Deletion	101
X	13022028	13021983	Deletion	45
X	13022063	13021983	Deletion	80
X	13051639	13051533	Deletion	106
X	13051639	13051546	Deletion	93
X	13051639	13051552	Deletion	87
X	13051639	13051589	Deletion	50
X	13051639	13051597	Deletion	42
X	13051639	13051598	Deletion	41
X	13051639	13051600	Deletion	39
X	13052554	13052514	Deletion	40
X	13052599	13052514	Deletion	85
X	13052625	13052514	Deletion	111
X	13052600	13052514	Deletion	86
X	13052602	13052514	Deletion	88
X	13052548	13052514	Deletion	34
X	13052591	13052514	Deletion	77
X	13052613	13052514	Deletion	99
X	13052628	13052514	Deletion	114
X	13069966	13069846	Deletion	120
X	13069966	13069851	Deletion	115
X	13069966	13069892	Deletion	74
X	13069966	13069909	Deletion	57
X	13069966	13069919	Deletion	47
X	13082827	13082758	Deletion	69
X	13082837	13082758	Deletion	79
X	13082810	13082758	Deletion	52
X	13085570	13085454	Deletion	116
X	13093944	13093823	Deletion	121
X	13097760	13097638	Deletion	122
X	13097760	13097648	Deletion	112
X	13097760	13097662	Deletion	98
X	13097760	13097665	Deletion	95
X	13097760	13097705	Deletion	55
X	13097760	13097716	Deletion	44
X	13099168	13099045	Deletion	123
X	13099075	13099045	Deletion	30
X	13099118	13099045	Deletion	73
X	13099152	13099045	Deletion	107
X	13099129	13099045	Deletion	84
X	13106804	13106692	Deletion	112
X	13106804	13106712	Deletion	92
X	13106799	13106724	Deletion	75
X	13106804	13106747	Deletion	57
X	13108729	13108693	Deletion	36
X	13108764	13108693	Deletion	71
X	13108741	13108695	Deletion	46
X	13137446	13137331	Deletion	115
X	13137446	13137340	Deletion	106
X	13137446	13137366	Deletion	80
X	13137446	13137367	Deletion	79
X	13137446	13137377	Deletion	69
X	13151619	13151561	Deletion	58
X	13151609	13151561	Deletion	48
X	13151608	13151561	Deletion	47
X	13151672	13151561	Deletion	111
X	13167058	13166939	Deletion	119
X	13167058	13167000	Deletion	58
X	13167058	13167009	Deletion	49
X	13173343	13173251	Deletion	92
X	13173375	13173251	Deletion	124
X	13173328	13173251	Deletion	77
X	13173319	13173251	Deletion	68
X	13173364	13173251	Deletion	113
X	13173352	13173251	Deletion	101
X	13176220	13176100	Deletion	120
X	13176220	13176120	Deletion	100
X	13176220	13176165	Deletion	55
X	13176220	13176169	Deletion	51
X	13178063	13177945	Deletion	118
X	13178047	13177945	Deletion	102
X	13178066	13177945	Deletion	121
X	13178021	13177945	Deletion	76
X	13178017	13177945	Deletion	72
X	13180961	13180880	Deletion	81
X	13182416	13182293	Deletion	123
X	13187082	13187015	Deletion	67
X	13187082	13187030	Deletion	52
X	13187082	13187037	Deletion	45
X	13187428	13187354	Deletion	74
X	13187413	13187354	Deletion	59
X	13188022	13187903	Deletion	119
X	13188022	13187944	Deletion	78
X	13188022	13187952	Deletion	70
X	13188022	13187959	Deletion	63
X	13188022	13187965	Deletion	57
X	13188022	13187966	Deletion	56
X	13188675	13188605	Deletion	70
X	13188653	13188605	Deletion	48
X	13188661	13188605	Deletion	56
X	13188668	13188605	Deletion	63
X	13188674	13188605	Deletion	69
X	13202135	13202018	Deletion	117
X	13202135	13202032	Deletion	103
X	13202135	13202073	Deletion	62
X	13211851	13211742	Deletion	109
X	13211808	13211742	Deletion	66
X	13243796	13243675	Deletion	121
X	13247897	13247801	Deletion	96
X	13247897	13247819	Deletion	78
X	13247897	13247863	Deletion	34
X	13258028	13257929	Deletion	99
X	13257959	13257929	Deletion	30
X	13258021	13257929	Deletion	92
X	13257977	13257931	Deletion	46
X	13268124	13268075	Deletion	49
X	13268124	13268077	Deletion	47
X	13268124	13268081	Deletion	43
X	13268508	13268427	Deletion	81
X	13268512	13268427	Deletion	85
X	13268506	13268427	Deletion	79
X	13269998	13269878	Deletion	120
X	13269998	13269909	Deletion	89
X	13269998	13269952	Deletion	46
X	13270659	13270577	Deletion	82
X	13270683	13270577	Deletion	106
X	13270616	13270577	Deletion	39
X	13270746	13270643	Deletion	103
X	13270746	13270644	Deletion	102
X	13270746	13270696	Deletion	50
X	13270746	13270697	Deletion	49
X	13270746	13270710	Deletion	36
X	13270746	13270713	Deletion	33
X	13271233	13271143	Deletion	90
X	13271258	13271143	Deletion	115
X	13271248	13271143	Deletion	105
X	13271236	13271143	Deletion	93
X	13271219	13271143	Deletion	76
X	13271220	13271143	Deletion	77
X	13271369	13271282	Deletion	87
X	13271369	13271307	Deletion	62
X	13271369	13271311	Deletion	58
X	13273077	13273003	Deletion	74
X	13273071	13273003	Deletion	68
X	13273121	13273003	Deletion	118
X	13273042	13273003	Deletion	39
X	13273067	13273003	Deletion	64
X	13273099	13273003	Deletion	96
X	13273077	13273003	Deletion	74
X	13273125	13273003	Deletion	122
X	13273077	13273003	Deletion	74
X	13273088	13273003	Deletion	85
X	13273120	13273003	Deletion	117
X	13283268	13283193	Deletion	75
X	13283268	13283217	Deletion	51
X	13283268	13283227	Deletion	41
X	13287559	13287483	Deletion	76
X	13287601	13287483	Deletion	118
X	13287535	13287483	Deletion	52
X	13287588	13287483	Deletion	105
X	13287589	13287483	Deletion	106
X	13287569	13287483	Deletion	86
X	13299368	13299249	Deletion	119
X	13299368	13299271	Deletion	97
X	13299368	13299301	Deletion	67
X	13299368	13299312	Deletion	56
X	13299368	13299313	Deletion	55
X	13299368	13299335	Deletion	33
X	13300153	13300081	Deletion	72
X	13300152	13300081	Deletion	71
X	13300175	13300081	Deletion	94
X	13300141	13300081	Deletion	60
X	13300111	13300081	Deletion	30
X	13302920	13302798	Deletion	122
X	13311354	13311261	Deletion	93
X	13311354	13311275	Deletion	79
X	13311354	13311313	Deletion	41
X	13311354	13311322	Deletion	32
X	13311512	13311426	Deletion	86
X	13311521	13311426	Deletion	95
X	13311549	13311426	Deletion	123
X	13311474	13311426	Deletion	48
X	13311540	13311426	Deletion	114
X	13311533	13311426	Deletion	107
X	13311460	13311426	Deletion	34
X	13311540	13311426	Deletion	114
X	13317673	13317559	Deletion	114
X	13317673	13317567	Deletion	106
X	13317673	13317574	Deletion	99
X	13322407	13322284	Deletion	123
X	13329134	13329011	Deletion	123
X	13340899	13340781	Deletion	118
X	13340899	13340842	Deletion	57
X	13340899	13340851	Deletion	48
X	13343805	13343727	Deletion	78
X	13343796	13343727	Deletion	69
X	13343842	13343727	Deletion	115
X	13353433	13353319	Deletion	114
X	13353433	13353326	Deletion	107
X	13383016	13382925	Deletion	91
X	13383016	13382949	Deletion	67
X	13383016	13382969	Deletion	47
X	13385245	13385186	Deletion	59
X	13385265	13385186	Deletion	79
X	13385221	13385186	Deletion	35
X	13388120	13388036	Deletion	84
X	13388120	13388055	Deletion	65
X	13388120	13388071	Deletion	49
X	13388120	13388073	Deletion	47
X	13401214	13401135	Deletion	79
X	13401179	13401135	Deletion	44
X	13401238	13401135	Deletion	103
X	13401235	13401135	Deletion	100
X	13401216	13401135	Deletion	81
X	13401198	13401135	Deletion	63
X	13401247	13401135	Deletion	112
X	13410463	13410341	Deletion	122
X	13410463	13410344	Deletion	119
X	13410463	13410367	Deletion	96
X	13410463	13410368	Deletion	95
X	13410463	13410372	Deletion	91
X	13410463	13410388	Deletion	75
X	13410463	13410408	Deletion	55
X	13410463	13410414	Deletion	49
X	13410463	13410427	Deletion	36
X	13410681	13410629	Deletion	52
X	13410660	13410629	Deletion	31
X	13410701	13410629	Deletion	72
X	13410707	13410629	Deletion	78
X	13410720	13410629	Deletion	91
X	13410661	13410629	Deletion	32
X	13410665	13410629	Deletion	36
X	13410739	13410629	Deletion	110
X	13410731	13410629	Deletion	102
X	13421690	13421569	Deletion	121
X	13431083	13430989	Deletion	94
X	13431083	13431006	Deletion	77
X	13431236	13431133	Deletion	103
X	13431234	13431133	Deletion	101
X	13431239	13431133	Deletion	106
X	13431254	13431133	Deletion	121
X	13431182	13431133	Deletion	49
X	13431165	13431133	Deletion	32
X	13467699	13467669	Deletion	30
X	13469774	13469678	Deletion	96
X	13469774	13469731	Deletion	43
X	13469774	13469735	Deletion	39
X	13469774	13469741	Deletion	33
X	13473141	13473030	Deletion	111
X	13473149	13473030	Deletion	119
X	13473062	13473030	Deletion	32
X	13473129	13473030	Deletion	99
X	13473119	13473030	Deletion	89
X	13473125	13473030	Deletion	95
X	13473115	13473030	Deletion	85
X	13475878	13475757	Deletion	121
X	13486162	13486048	Deletion	114
X	13486162	13486072	Deletion	90
X	13486162	13486089	Deletion	73
X	13486162	13486100	Deletion	62
X	13486162	13486108	Deletion	54
X	13486162	13486117	Deletion	45
X	13488140	13488059	Deletion	81
X	13488112	13488059	Deletion	53
X	13488173	13488059	Deletion	114
X	13488095	13488059	Deletion	36
X	13488123	13488059	Deletion	64
X	13488131	13488059	Deletion	72
X	13499838	13499716	Deletion	122
X	13501737	13501616	Deletion	121
X	13501737	13501629	Deletion	108
X	13501737	13501643	Deletion	94
X	13501737	13501652	Deletion	85
X	13501737	13501665	Deletion	72
X	13501737	13501682	Deletion	55
X	13503499	13503467	Deletion	32
X	13503521	13503467	Deletion	54
X	13503508	13503467	Deletion	41
X	13503572	13503467	Deletion	105
X	13503572	13503467	Deletion	105
X	13503570	13503467	Deletion	103
X	13503538	13503467	Deletion	71
X	13510787	13510664	Deletion	123
X	13510787	13510716	Deletion	71
X	13510787	13510728	Deletion	59
X	13511344	13511277	Deletion	67
X	13511392	13511277	Deletion	115
X	13511393	13511277	Deletion	116
X	13511332	13511277	Deletion	55
X	13515026	13514903	Deletion	123
X	13515026	13514948	Deletion	78
X	13515026	13514965	Deletion	61
X	13515026	13514975	Deletion	51
X	13515026	13514983	Deletion	43
X	13515152	13515087	Deletion	65
X	13515135	13515087	Deletion	48
X	13515162	13515087	Deletion	75
X	13515205	13515087	Deletion	118
X	13515170	13515087	Deletion	83
X	13515941	13515818	Deletion	123
X	13546643	13546523	Deletion	120
X	13546643	13546539	Deletion	104
X	13546643	13546540	Deletion	103
X	13546643	13546544	Deletion	99
X	13546643	13546572	Deletion	71
X	13546643	13546575	Deletion	68
X	13546643	13546578	Deletion	65
X	13546643	13546583	Deletion	60
X	13546643	13546592	Deletion	51
X	13546643	13546600	Deletion	43
X	13559249	13559166	Deletion	83
X	13559222	13559166	Deletion	56
X	13559232	13559166	Deletion	66
X	13559224	13559166	Deletion	58
X	13559227	13559166	Deletion	61
X	13559241	13559166	Deletion	75
X	13561229	13561106	Deletion	123
X	13561229	13561125	Deletion	104
X	13561229	13561146	Deletion	83
X	13569376	13569273	Deletion	103
X	13569388	13569273	Deletion	115
X	13569317	13569273	Deletion	44
X	13569394	13569273	Deletion	121
X	13569380	13569273	Deletion	107
X	13577145	13577070	Deletion	75
X	13577145	13577076	Deletion	69
X	13577145	13577083	Deletion	62
X	13577145	13577113	Deletion	32
X	13578559	13578463	Deletion	96
X	13578522	13578463	Deletion	59
X	13578529	13578463	Deletion	66
X	13578564	13578463	Deletion	101
X	13578516	13578463	Deletion	53
X	13578583	13578463	Deletion	120
X	13578564	13578463	Deletion	101
X	13580450	13580328	Deletion	122
X	13580450	13580337	Deletion	113
X	13580450	13580345	Deletion	105
X	13580450	13580365	Deletion	85
X	13580450	13580377	Deletion	73
X	13580450	13580386	Deletion	64
X	13580450	13580394	Deletion	56
X	13580450	13580404	Deletion	46
X	13580693	13580652	Deletion	41
X	13580752	13580652	Deletion	100
X	13580760	13580652	Deletion	108
X	13580722	13580652	Deletion	70
X	13580705	13580652	Deletion	53
X	13580732	13580652	Deletion	80
X	13580769	13580652	Deletion	117
X	13580714	13580652	Deletion	62
X	13592317	13592206	Deletion	111
X	13592317	13592213	Deletion	104
X	13592317	13592277	Deletion	40
X	13592317	13592283	Deletion	34
X	13592815	13592720	Deletion	95
X	13592809	13592720	Deletion	89
X	13594161	13594071	Deletion	90
X	13594161	13594105	Deletion	56
X	13594161	13594124	Deletion	37
X	13594161	13594125	Deletion	36
X	13594730	13594640	Deletion	90
X	13594677	13594640	Deletion	37
X	13594731	13594640	Deletion	91
X	13594711	13594640	Deletion	71
X	13596624	13596581	Deletion	43
X	13596624	13596581	Deletion	43
X	13596624	13596587	Deletion	37
X	13596790	13596706	Deletion	84
X	13596796	13596706	Deletion	90
X	13596790	13596706	Deletion	84
X	13599127	13599019	Deletion	108
X	13599127	13599024	Deletion	103
X	13599127	13599044	Deletion	83
X	13599127	13599051	Deletion	76
X	13599127	13599057	Deletion	70
X	13608449	13608343	Deletion	106
X	13608386	13608343	Deletion	43
X	13608399	13608343	Deletion	56
X	13608393	13608343	Deletion	50
X	13608461	13608343	Deletion	118
X	13631310	13631192	Deletion	118
X	13631310	13631196	Deletion	114
X	13631310	13631196	Deletion	114
X	13631310	13631202	Deletion	108
X	13631310	13631205	Deletion	105
X	13631310	13631216	Deletion	94
X	13631310	13631216	Deletion	94
X	13631310	13631220	Deletion	90
X	13631310	13631247	Deletion	63
X	13631310	13631255	Deletion	55
X	13652626	13652592	Deletion	34
X	13652630	13652592	Deletion	38
X	13652697	13652592	Deletion	105
X	13652626	13652592	Deletion	34
X	13652696	13652592	Deletion	104
X	13652665	13652592	Deletion	73
X	13652657	13652592	Deletion	65
X	13674062	13673943	Deletion	119
X	13674760	13674636	Deletion	124
X	13680075	13679953	Deletion	122
X	13684965	13684852	Deletion	113
X	13684965	13684862	Deletion	103
X	13684965	13684862	Deletion	103
X	13684965	13684880	Deletion	85
X	13685057	13685016	Deletion	41
X	13685135	13685016	Deletion	119
X	13686387	13686271	Deletion	116
X	13689074	13688953	Deletion	121
X	13699952	13699830	Deletion	122
X	13706093	13705970	Deletion	123
X	13706093	13705982	Deletion	111
X	13706093	13705996	Deletion	97
X	13706093	13706016	Deletion	77
X	13706093	13706025	Deletion	68
X	13706093	13706049	Deletion	44
X	13706558	13706500	Deletion	58
X	13706582	13706500	Deletion	82
X	13706550	13706500	Deletion	50
X	13719858	13719746	Deletion	112
X	13719858	13719752	Deletion	106
X	13728417	13728312	Deletion	105
X	13736236	13736119	Deletion	117
X	13736236	13736127	Deletion	109
X	13736236	13736157	Deletion	79
X	13736236	13736161	Deletion	75
X	13736236	13736177	Deletion	59
X	13736236	13736191	Deletion	45
X	13736236	13736202	Deletion	34
X	13736570	13736467	Deletion	103
X	13736549	13736467	Deletion	82
X	13736519	13736467	Deletion	52
X	13736515	13736467	Deletion	48
X	13736535	13736467	Deletion	68
X	13736560	13736467	Deletion	93
X	13736588	13736467	Deletion	121
X	13740557	13740437	Deletion	120
X	13744643	13744534	Deletion	109
X	13744643	13744572	Deletion	71
X	13744643	13744587	Deletion	56
X	13744644	13744595	Deletion	49
X	13744825	13744770	Deletion	55
X	13744840	13744770	Deletion	70
X	13744848	13744771	Deletion	77
X	13750397	13750307	Deletion	90
X	13750397	13750308	Deletion	89
X	13750397	13750326	Deletion	71
X	13750397	13750358	Deletion	39
X	13753290	13753181	Deletion	109
X	13753268	13753181	Deletion	87
X	13753218	13753181	Deletion	37
X	13753236	13753181	Deletion	55
X	13753217	13753181	Deletion	36
X	13767609	13767510	Deletion	99
X	13772304	13772224	Deletion	80
X	13772304	13772231	Deletion	73
X	13772304	13772254	Deletion	50
X	13772304	13772258	Deletion	46
X	13773247	13773129	Deletion	118
X	13773175	13773129	Deletion	46
X	13773205	13773129	Deletion	76
X	13773182	13773129	Deletion	53
X	13773209	13773129	Deletion	80
X	13779749	13779647	Deletion	102
X	13779749	13779658	Deletion	91
X	13779749	13779682	Deletion	67
X	13779749	13779718	Deletion	31
X	13780500	13780465	Deletion	35
X	13780579	13780465	Deletion	114
X	13780560	13780465	Deletion	95
X	13780524	13780465	Deletion	59
X	13780562	13780465	Deletion	97
X	13780582	13780465	Deletion	117
X	13780588	13780465	Deletion	123
X	13787812	13787689	Deletion	123
X	13790632	13790557	Deletion	75
X	13790632	13790583	Deletion	49
X	13799430	13799379	Deletion	51
X	13799487	13799379	Deletion	108
X	13799456	13799381	Deletion	75
X	13804540	13804432	Deletion	108
X	13804540	13804461	Deletion	79
X	13804540	13804462	Deletion	78
X	13804540	13804478	Deletion	62
X	13804540	13804492	Deletion	48
X	13805761	13805697	Deletion	64
X	13805775	13805697	Deletion	78
X	13805744	13805697	Deletion	47
X	13805813	13805697	Deletion	116
X	13805745	13805697	Deletion	48
X	13805806	13805697	Deletion	109
X	13808403	13808301	Deletion	102
X	13808403	13808309	Deletion	94
X	13808403	13808327	Deletion	76
X	13808580	13808457	Deletion	123
X	13808507	13808457	Deletion	50
X	13808489	13808457	Deletion	32
X	13813595	13813495	Deletion	100
X	13813595	13813508	Deletion	87
X	13813595	13813521	Deletion	74
X	13813595	13813543	Deletion	52
X	13813595	13813546	Deletion	49
X	13813595	13813556	Deletion	39
X	13818171	13818119	Deletion	52
X	13818193	13818119	Deletion	74
X	13818158	13818119	Deletion	39
X	13818206	13818119	Deletion	87
X	13818196	13818119	Deletion	77
X	13820572	13820450	Deletion	122
X	13834953	13834859	Deletion	94
X	13834953	13834870	Deletion	83
X	13834953	13834908	Deletion	45
X	13865149	13865117	Deletion	32
X	13865198	13865117	Deletion	81
X	13865160	13865117	Deletion	43
X	13865233	13865117	Deletion	116
X	13867159	13867042	Deletion	117
X	13867159	13867053	Deletion	106
X	13867159	13867076	Deletion	83
X	13867684	13867641	Deletion	43
X	13867752	13867641	Deletion	111
X	13881638	13881514	Deletion	124
X	13890264	13890144	Deletion	120
X	13891092	13890972	Deletion	120
X	13891092	13890981	Deletion	111
X	13891092	13891016	Deletion	76
X	13891092	13891032	Deletion	60
X	13891092	13891042	Deletion	50
X	13891092	13891052	Deletion	40
X	13893419	13893298	Deletion	121
X	13893364	13893298	Deletion	66
X	13893405	13893298	Deletion	107
X	13893348	13893298	Deletion	50
X	13893384	13893298	Deletion	86
X	13893374	13893298	Deletion	76
X	13913725	13913602	Deletion	123
X	13917903	13917786	Deletion	117
X	13917903	13917799	Deletion	104
X	13917903	13917807	Deletion	96
X	13917903	13917852	Deletion	51
X	13930959	13930929	Deletion	30
X	13931040	13930929	Deletion	111
X	13931004	13930929	Deletion	75
X	13931033	13930929	Deletion	104
X	13933125	13933004	Deletion	121
X	13939570	13939447	Deletion	123
X	13939778	13939673	Deletion	105
X	13959899	13959800	Deletion	99
X	13959899	13959817	Deletion	82
X	13959899	13959818	Deletion	81
X	13959899	13959853	Deletion	46
X	13959899	13959857	Deletion	42
X	13959996	13959952	Deletion	44
X	13960036	13959952	Deletion	84
X	13959997	13959952	Deletion	45
X	13960032	13959952	Deletion	80
X	13960934	13960811	Deletion	123
X	13983082	13982962	Deletion	120
X	13983082	13983004	Deletion	78
X	13983082	13983023	Deletion	59
X	13983818	13983770	Deletion	48
X	13983879	13983770	Deletion	109
X	13983837	13983770	Deletion	67
X	14002036	14001979	Deletion	57
X	14002111	14002030	Deletion	81
X	14003448	14003327	Deletion	121
X	14004913	14004793	Deletion	120
X	14004912	14004793	Deletion	119
X	14008634	14008531	Deletion	103
X	14008594	14008531	Deletion	63
X	14008637	14008531	Deletion	106
X	14008627	14008531	Deletion	96
X	14008622	14008531	Deletion	91
X	14009225	14009110	Deletion	115
X	14009225	14009134	Deletion	91
X	14009225	14009145	Deletion	80
X	14009225	14009146	Deletion	79
X	14009225	14009157	Deletion	68
X	14009225	14009183	Deletion	42
X	14009225	14009192	Deletion	33
X	14009458	14009347	Deletion	111
X	14009440	14009347	Deletion	93
X	14009405	14009347	Deletion	58
X	14009382	14009347	Deletion	35
X	14009470	14009347	Deletion	123
X	14009431	14009347	Deletion	84
X	14009393	14009347	Deletion	46
X	14009394	14009347	Deletion	47
X	14011088	14011012	Deletion	76
X	14011088	14011052	Deletion	36
X	14011916	14011826	Deletion	90
X	14011943	14011826	Deletion	117
X	14011939	14011826	Deletion	113
X	14011924	14011826	Deletion	98
X	14011876	14011826	Deletion	50
X	14013509	14013404	Deletion	105
X	14013509	14013423	Deletion	86
X	14013509	14013436	Deletion	73
X	14013509	14013448	Deletion	61
X	14013509	14013453	Deletion	56
X	14013944	14013878	Deletion	66
X	14013977	14013878	Deletion	99
X	14013982	14013878	Deletion	104
X	14013982	14013878	Deletion	104
X	14013932	14013878	Deletion	54
X	14013949	14013878	Deletion	71
X	14013995	14013878	Deletion	117
X	14013919	14013878	Deletion	41
X	14031717	14031667	Deletion	50
X	14032087	14032043	Deletion	44
X	14032371	14032291	Deletion	80
X	14046743	14046689	Deletion	54
X	14053078	14053005	Deletion	73
X	14055205	14055130	Deletion	75
X	14055579	14055544	Deletion	35
X	14058191	14058082	Deletion	109
X	14058165	14058082	Deletion	83
X	14059014	14058920	Deletion	94
X	14069327	14069228	Deletion	99
X	14070641	14070518	Deletion	123
X	14070641	14070520	Deletion	121
X	14070641	14070537	Deletion	104
X	14070641	14070583	Deletion	58
X	14085760	14085658	Deletion	102
X	14085726	14085658	Deletion	68
X	14095587	14095469	Deletion	118
X	14095587	14095470	Deletion	117
X	14095587	14095476	Deletion	111
X	14095587	14095485	Deletion	102
X	14095587	14095489	Deletion	98
X	14095587	14095502	Deletion	85
X	14095587	14095512	Deletion	75
X	14095587	14095514	Deletion	73
X	14095587	14095518	Deletion	69
X	14095587	14095520	Deletion	67
X	14095587	14095531	Deletion	56
X	14096734	14096680	Deletion	54
X	14096740	14096680	Deletion	60
X	14096751	14096680	Deletion	71
X	14096722	14096680	Deletion	42
X	14096738	14096680	Deletion	58
X	14096774	14096680	Deletion	94
X	14096780	14096680	Deletion	100
X	14096801	14096680	Deletion	121
X	14096732	14096680	Deletion	52
X	14106854	14106808	Deletion	46
X	14107493	14107416	Deletion	77
X	14108696	14108663	Deletion	33
X	14110326	14110211	Deletion	115
X	14111641	14111524	Deletion	117
X	14113703	14113668	Deletion	35
X	14114783	14114705	Deletion	78
X	14123782	14123660	Deletion	122
X	14136397	14136276	Deletion	121
X	14138372	14138251	Deletion	121
X	14140309	14140186	Deletion	123
X	14147430	14147320	Deletion	110
X	14147430	14147332	Deletion	98
X	14147430	14147367	Deletion	63
X	14147430	14147370	Deletion	60
X	14147430	14147370	Deletion	60
X	14147430	14147392	Deletion	38
X	14147430	14147395	Deletion	35
X	14148225	14148115	Deletion	110
X	14148239	14148115	Deletion	124
X	14148183	14148115	Deletion	68
X	14148205	14148115	Deletion	90
X	14148145	14148115	Deletion	30
X	14148208	14148115	Deletion	93
X	14148183	14148115	Deletion	68
X	14148180	14148115	Deletion	65
X	14149444	14149329	Deletion	115
X	14149444	14149366	Deletion	78
X	14149444	14149385	Deletion	59
X	14154054	14153987	Deletion	67
X	14154097	14153987	Deletion	110
X	14154035	14153987	Deletion	48
X	14156299	14156190	Deletion	109
X	14156299	14156205	Deletion	94
X	14156299	14156222	Deletion	77
X	14156299	14156227	Deletion	72
X	14156299	14156229	Deletion	70
X	14156299	14156233	Deletion	66
X	14156299	14156237	Deletion	62
X	14156299	14156240	Deletion	59
X	14156299	14156248	Deletion	51
X	14156299	14156251	Deletion	48
X	14156299	14156253	Deletion	46
X	14158414	14158381	Deletion	33
X	14158923	14158892	Deletion	31
X	14160392	14160309	Deletion	83
X	14160527	14160480	Deletion	47
X	14160522	14160480	Deletion	42
X	14161632	14161592	Deletion	40
X	14163409	14163292	Deletion	117
X	14163409	14163304	Deletion	105
X	14163409	14163336	Deletion	73
X	14163409	14163341	Deletion	68
X	14163409	14163357	Deletion	52
X	14163408	14163359	Deletion	49
X	14163409	14163362	Deletion	47
X	14163841	14163759	Deletion	82
X	14163868	14163759	Deletion	109
X	14163820	14163759	Deletion	61
X	14163815	14163759	Deletion	56
X	14163860	14163759	Deletion	101
X	14163836	14163759	Deletion	77
X	14163838	14163762	Deletion	76
X	14163872	14163764	Deletion	108
X	14163872	14163772	Deletion	100
X	14163872	14163807	Deletion	65
X	14172139	14172096	Deletion	43
X	14181682	14181567	Deletion	115
X	14181629	14181567	Deletion	62
X	14181745	14181621	Deletion	124
X	14181745	14181623	Deletion	122
X	14181745	14181639	Deletion	106
X	14181745	14181656	Deletion	89
X	14181745	14181657	Deletion	88
X	14181745	14181678	Deletion	67
X	14181745	14181709	Deletion	36
X	14181837	14181799	Deletion	38
X	14181836	14181799	Deletion	37
X	14181923	14181799	Deletion	124
X	14181889	14181799	Deletion	90
X	14181858	14181799	Deletion	59
X	14192141	14192029	Deletion	112
X	14192141	14192079	Deletion	62
X	14192141	14192098	Deletion	43
X	14192504	14192421	Deletion	83
X	14192485	14192421	Deletion	64
X	14192990	14192866	Deletion	124
X	14192990	14192907	Deletion	83
X	14192990	14192912	Deletion	78
X	14192990	14192914	Deletion	76
X	14192990	14192940	Deletion	50
X	14193253	14193134	Deletion	119
X	14193183	14193134	Deletion	49
X	14193185	14193134	Deletion	51
X	14193211	14193134	Deletion	77
X	14193178	14193134	Deletion	44
X	14193253	14193147	Deletion	106
X	14193253	14193149	Deletion	104
X	14193253	14193174	Deletion	79
X	14193253	14193188	Deletion	65
X	14193253	14193214	Deletion	39
X	14194013	14193892	Deletion	121
X	14193956	14193892	Deletion	64
X	14194001	14193892	Deletion	109
X	14193942	14193892	Deletion	50
X	14193982	14193892	Deletion	90
X	14194781	14194661	Deletion	120
X	14194781	14194665	Deletion	116
X	14194781	14194695	Deletion	86
X	14194781	14194724	Deletion	57
X	14194781	14194740	Deletion	41
X	14195162	14195093	Deletion	69
X	14195178	14195093	Deletion	85
X	14195133	14195093	Deletion	40
X	14199447	14199325	Deletion	122
X	14208732	14208608	Deletion	124
X	14214968	14214856	Deletion	112
X	14214968	14214865	Deletion	103
X	14214968	14214871	Deletion	97
X	14214968	14214893	Deletion	75
X	14214968	14214896	Deletion	72
X	14214968	14214915	Deletion	53
X	14220137	14220084	Deletion	53
X	14220115	14220084	Deletion	31
X	14220140	14220084	Deletion	56
X	14220159	14220084	Deletion	75
X	14233380	14233265	Deletion	115
X	14233394	14233308	Deletion	86
X	14233394	14233316	Deletion	78
X	14233394	14233339	Deletion	55
X	14233394	14233349	Deletion	45
X	14238523	14238475	Deletion	48
X	14238556	14238475	Deletion	81
X	14238515	14238475	Deletion	40
X	14238546	14238475	Deletion	71
X	14238589	14238475	Deletion	114
X	14241829	14241776	Deletion	53
X	14242280	14242204	Deletion	76
X	14242305	14242204	Deletion	101
X	14257448	14257326	Deletion	122
X	14257448	14257347	Deletion	101
X	14257448	14257349	Deletion	99
X	14257448	14257359	Deletion	89
X	14257448	14257361	Deletion	87
X	14257448	14257376	Deletion	72
X	14259055	14259001	Deletion	54
X	14259038	14259001	Deletion	37
X	14259040	14259001	Deletion	39
X	14259112	14259001	Deletion	111
X	14265456	14265337	Deletion	119
X	14265456	14265353	Deletion	103
X	14265456	14265360	Deletion	96
X	14265456	14265362	Deletion	94
X	14265456	14265368	Deletion	88
X	14265456	14265389	Deletion	67
X	14265456	14265415	Deletion	41
X	14265456	14265424	Deletion	32
X	14266502	14266417	Deletion	85
X	14266511	14266417	Deletion	94
X	14266476	14266417	Deletion	59
X	14266455	14266417	Deletion	38
X	14266449	14266417	Deletion	32
X	14266447	14266417	Deletion	30
X	14276645	14276540	Deletion	105
X	14276645	14276544	Deletion	101
X	14276642	14276591	Deletion	51
X	14276645	14276608	Deletion	37
X	14277806	14277693	Deletion	113
X	14277765	14277693	Deletion	72
X	14277782	14277693	Deletion	89
X	14278676	14278555	Deletion	121
X	14292813	14292707	Deletion	106
X	14292813	14292749	Deletion	64
X	14292813	14292780	Deletion	33
X	14301449	14301387	Deletion	62
X	14301480	14301387	Deletion	93
X	14305251	14305207	Deletion	44
X	14306445	14306362	Deletion	83
X	14309267	14309224	Deletion	43
X	14309706	14309585	Deletion	121
X	14311877	14311762	Deletion	115
X	14311877	14311778	Deletion	99
X	14311877	14311780	Deletion	97
X	14311877	14311782	Deletion	95
X	14311877	14311825	Deletion	52
X	14311877	14311827	Deletion	50
X	14312893	14312817	Deletion	76
X	14312891	14312817	Deletion	74
X	14312934	14312817	Deletion	117
X	14312848	14312817	Deletion	31
X	14316535	14316416	Deletion	119
X	14316535	14316447	Deletion	88
X	14316535	14316474	Deletion	61
X	14316535	14316481	Deletion	54
X	14316535	14316482	Deletion	53
X	14316636	14316605	Deletion	31
X	14316727	14316605	Deletion	122
X	14316679	14316605	Deletion	74
X	14320959	14320833	Deletion	126
X	14369522	14369406	Deletion	116
X	14369522	14369435	Deletion	87
X	14369522	14369473	Deletion	49
X	14369522	14369479	Deletion	43
X	14369522	14369492	Deletion	30
X	14370804	14370707	Deletion	97
X	14370791	14370707	Deletion	84
X	14370785	14370707	Deletion	78
X	14370815	14370707	Deletion	108
X	14370822	14370707	Deletion	115
X	14370816	14370707	Deletion	109
X	14370747	14370707	Deletion	40
X	14373579	14373456	Deletion	123
X	14377473	14377351	Deletion	122
X	14379350	14379277	Deletion	73
X	14379350	14379284	Deletion	66
X	14379350	14379311	Deletion	39
X	14379504	14379420	Deletion	84
X	14379516	14379420	Deletion	96
X	14395029	14394924	Deletion	105
X	14395029	14394961	Deletion	68
X	14395029	14394987	Deletion	42
X	14396239	14396153	Deletion	86
X	14396213	14396153	Deletion	60
X	14396267	14396153	Deletion	114
X	14396265	14396153	Deletion	112
X	14396263	14396153	Deletion	110
X	14398163	14398045	Deletion	118
X	14398163	14398068	Deletion	95
X	14398163	14398069	Deletion	94
X	14398163	14398073	Deletion	90
X	14398163	14398122	Deletion	41
X	14398163	14398126	Deletion	37
X	14399090	14399052	Deletion	38
X	14399086	14399052	Deletion	34
X	14399166	14399052	Deletion	114
X	14399143	14399052	Deletion	91
X	14399139	14399052	Deletion	87
X	14399085	14399052	Deletion	33
X	14409489	14409377	Deletion	112
X	14409489	14409415	Deletion	74
X	14409489	14409419	Deletion	70
X	14409489	14409450	Deletion	39
X	14416171	14416079	Deletion	92
X	14416140	14416079	Deletion	61
X	14416136	14416079	Deletion	57
X	14418760	14418688	Deletion	72
X	14420420	14420312	Deletion	108
X	14420420	14420338	Deletion	82
X	14420748	14420649	Deletion	99
X	14422024	14421905	Deletion	119
X	14422024	14421929	Deletion	95
X	14422024	14421956	Deletion	68
X	14424684	14424653	Deletion	31
X	14424711	14424653	Deletion	58
X	14424759	14424653	Deletion	106
X	14424771	14424653	Deletion	118
X	14424760	14424653	Deletion	107
X	14447000	14446877	Deletion	123
X	14456608	14456484	Deletion	124
X	14459946	14459887	Deletion	59
X	14459946	14459911	Deletion	35
X	14461209	14461109	Deletion	100
X	14461177	14461109	Deletion	68
X	14461227	14461109	Deletion	118
X	14461201	14461109	Deletion	92
X	14495215	14495152	Deletion	63
X	14495215	14495154	Deletion	61
X	14495215	14495174	Deletion	41
X	14495376	14495276	Deletion	100
X	14495361	14495276	Deletion	85
X	14495341	14495276	Deletion	65
X	14495339	14495276	Deletion	63
X	14495400	14495276	Deletion	124
X	14495382	14495278	Deletion	104
X	14498652	14498533	Deletion	119
X	14498652	14498549	Deletion	103
X	14498652	14498565	Deletion	87
X	14498652	14498565	Deletion	87
X	14498652	14498572	Deletion	80
X	14498652	14498577	Deletion	75
X	14498652	14498617	Deletion	35
X	14500335	14500226	Deletion	109
X	14500266	14500226	Deletion	40
X	14500318	14500226	Deletion	92
X	14500326	14500226	Deletion	100
X	14500273	14500226	Deletion	47
X	14500278	14500226	Deletion	52
X	14500266	14500226	Deletion	40
X	14500328	14500226	Deletion	102
X	14513761	14513667	Deletion	94
X	14513761	14513668	Deletion	93
X	14513761	14513682	Deletion	79
X	14513761	14513688	Deletion	73
X	14513761	14513731	Deletion	30
X	14516555	14516508	Deletion	47
X	14516540	14516508	Deletion	32
X	14516604	14516508	Deletion	96
X	14516561	14516508	Deletion	53
X	14516541	14516508	Deletion	33
X	14518035	14517933	Deletion	102
X	14518035	14517976	Deletion	59
X	14518035	14518003	Deletion	32
X	14518975	14518876	Deletion	99
X	14518990	14518876	Deletion	114
X	14518944	14518876	Deletion	68
X	14518971	14518876	Deletion	95
X	14526118	14526016	Deletion	102
X	14526118	14526062	Deletion	56
X	14526118	14526080	Deletion	38
X	14526118	14526087	Deletion	31
X	14538986	14538916	Deletion	70
X	14539011	14538916	Deletion	95
X	14539004	14538916	Deletion	88
X	14553541	14553500	Deletion	41
X	14553576	14553500	Deletion	76
X	14553941	14553849	Deletion	92
X	14553922	14553849	Deletion	73
X	14555706	14555614	Deletion	92
X	14558554	14558468	Deletion	86
X	14560422	14560318	Deletion	104
X	14560371	14560318	Deletion	53
X	14560389	14560318	Deletion	71
X	14564417	14564300	Deletion	117
X	14564417	14564305	Deletion	112
X	14564417	14564331	Deletion	86
X	14564417	14564347	Deletion	70
X	14564417	14564358	Deletion	59
X	14565866	14565799	Deletion	67
X	14565839	14565799	Deletion	40
X	14565855	14565799	Deletion	56
X	14584039	14583926	Deletion	113
X	14584039	14583957	Deletion	82
X	14584039	14583960	Deletion	79
X	14584221	14584175	Deletion	46
X	14584224	14584175	Deletion	49
X	14586538	14586439	Deletion	99
X	14586538	14586445	Deletion	93
X	14587442	14587327	Deletion	115
X	14587360	14587327	Deletion	33
X	14590424	14590303	Deletion	121
X	14591702	14591607	Deletion	95
X	14591702	14591608	Deletion	94
X	14591702	14591646	Deletion	56
X	14591702	14591668	Deletion	34
X	14591969	14591898	Deletion	71
X	14592019	14591898	Deletion	121
X	14592021	14591898	Deletion	123
X	14592008	14591898	Deletion	110
X	14591931	14591898	Deletion	33
X	14591999	14591898	Deletion	101
X	14591930	14591898	Deletion	32
X	14591991	14591898	Deletion	93
X	14592506	14592407	Deletion	99
X	14592506	14592421	Deletion	85
X	14592506	14592426	Deletion	80
X	14592506	14592432	Deletion	74
X	14592506	14592453	Deletion	53
X	14600181	14600106	Deletion	75
X	14600149	14600106	Deletion	43
X	14600212	14600106	Deletion	106
X	14600154	14600106	Deletion	48
X	14600160	14600106	Deletion	54
X	14616940	14616818	Deletion	122
X	14623535	14623421	Deletion	114
X	14623535	14623437	Deletion	98
X	14623535	14623438	Deletion	97
X	14623535	14623483	Deletion	52
X	14623535	14623488	Deletion	47
X	14623535	14623489	Deletion	46
X	14623535	14623491	Deletion	44
X	14623926	14623844	Deletion	82
X	14623928	14623844	Deletion	84
X	14623920	14623844	Deletion	76
X	14623875	14623844	Deletion	31
X	14623874	14623844	Deletion	30
X	14623925	14623844	Deletion	81
X	14623958	14623844	Deletion	114
X	14625549	14625432	Deletion	117
X	14625549	14625443	Deletion	106
X	14625549	14625447	Deletion	102
X	14625544	14625465	Deletion	79
X	14625549	14625481	Deletion	68
X	14625817	14625773	Deletion	44
X	14625881	14625773	Deletion	108
X	14625881	14625773	Deletion	108
X	14625892	14625773	Deletion	119
X	14625833	14625773	Deletion	60
X	14630059	14629941	Deletion	118
X	14630059	14629950	Deletion	109
X	14630059	14629952	Deletion	107
X	14630059	14629986	Deletion	73
X	14630059	14629986	Deletion	73
X	14630059	14630012	Deletion	47
X	14637243	14637155	Deletion	88
X	14637773	14637692	Deletion	81
X	14639997	14639917	Deletion	80
X	14640741	14640646	Deletion	95
X	14640741	14640654	Deletion	87
X	14640741	14640710	Deletion	31
X	14641063	14640940	Deletion	123
X	14650683	14650563	Deletion	120
X	14650683	14650563	Deletion	120
X	14650683	14650587	Deletion	96
X	14650683	14650596	Deletion	87
X	14650683	14650605	Deletion	78
X	14650683	14650645	Deletion	38
X	14652260	14652171	Deletion	89
X	14652275	14652171	Deletion	104
X	14652220	14652171	Deletion	49
X	14652211	14652171	Deletion	40
X	14652202	14652171	Deletion	31
X	14676176	14676058	Deletion	118
X	14676176	14676063	Deletion	113
X	14676176	14676071	Deletion	105
X	14676176	14676092	Deletion	84
X	14676176	14676097	Deletion	79
X	14676176	14676100	Deletion	76
X	14676176	14676124	Deletion	52
X	14676176	14676134	Deletion	42
X	14676176	14676144	Deletion	32
X	14688046	14687960	Deletion	86
X	14688004	14687960	Deletion	44
X	14688012	14687960	Deletion	52
X	14688066	14687960	Deletion	106
X	14688056	14687960	Deletion	96
X	14688009	14687960	Deletion	49
X	14688036	14687960	Deletion	76
X	14689625	14689512	Deletion	113
X	14689625	14689517	Deletion	108
X	14689625	14689524	Deletion	101
X	14689625	14689549	Deletion	76
X	14689625	14689563	Deletion	62
X	14698565	14698452	Deletion	113
X	14698561	14698452	Deletion	109
X	14698502	14698452	Deletion	50
X	14698516	14698452	Deletion	64
X	14698571	14698452	Deletion	119
X	14698635	14698516	Deletion	119
X	14704774	14704654	Deletion	120
X	14704774	14704694	Deletion	80
X	14704774	14704706	Deletion	68
X	14704774	14704735	Deletion	39
X	14704774	14704742	Deletion	32
X	14706082	14706036	Deletion	46
X	14706130	14706036	Deletion	94
X	14706094	14706036	Deletion	58
X	14706123	14706036	Deletion	87
X	14712181	14712057	Deletion	124
X	14712181	14712070	Deletion	111
X	14712181	14712076	Deletion	105
X	14712181	14712100	Deletion	81
X	14712181	14712108	Deletion	73
X	14712181	14712109	Deletion	72
X	14712181	14712134	Deletion	47
X	14712181	14712142	Deletion	39
X	14712650	14712596	Deletion	54
X	14712641	14712596	Deletion	45
X	14712649	14712596	Deletion	53
X	14712683	14712596	Deletion	87
X	14712675	14712596	Deletion	79
X	14712696	14712596	Deletion	100
X	14720661	14720538	Deletion	123
X	14745724	14745600	Deletion	124
X	14748818	14748693	Deletion	125
X	14761280	14761158	Deletion	122
X	14762919	14762797	Deletion	122
X	14772066	14771947	Deletion	119
X	14778548	14778456	Deletion	92
X	14780346	14780261	Deletion	85
X	14781815	14781726	Deletion	89
X	14787261	14787138	Deletion	123
X	14787261	14787163	Deletion	98
X	14787261	14787164	Deletion	97
X	14787261	14787168	Deletion	93
X	14787261	14787187	Deletion	74
X	14795691	14795658	Deletion	33
X	14795779	14795658	Deletion	121
X	14795710	14795658	Deletion	52
X	14803086	14802971	Deletion	115
X	14803086	14802972	Deletion	114
X	14803086	14802999	Deletion	87
X	14803086	14803016	Deletion	70
X	14803086	14803017	Deletion	69
X	14803086	14803056	Deletion	30
X	14819554	14819524	Deletion	30
X	14832800	14832690	Deletion	110
X	14832800	14832710	Deletion	90
X	14832800	14832727	Deletion	73
X	14832800	14832731	Deletion	69
X	14832800	14832736	Deletion	64
X	14832800	14832736	Deletion	64
X	14832800	14832736	Deletion	64
X	14832800	14832741	Deletion	59
X	14832800	14832760	Deletion	40
X	14832800	14832768	Deletion	32
X	14835587	14835530	Deletion	57
X	14835583	14835530	Deletion	53
X	14835566	14835530	Deletion	36
X	14835592	14835530	Deletion	62
X	14835592	14835530	Deletion	62
X	14835592	14835530	Deletion	62
X	14835597	14835530	Deletion	67
X	14835649	14835530	Deletion	119
X	14835624	14835530	Deletion	94
X	14835652	14835530	Deletion	122
X	14835616	14835533	Deletion	83
X	14843655	14843533	Deletion	122
X	14846715	14846605	Deletion	110
X	14846715	14846628	Deletion	87
X	14846715	14846680	Deletion	35
X	14846715	14846684	Deletion	31
X	14849197	14849098	Deletion	99
X	14849138	14849098	Deletion	40
X	14849198	14849098	Deletion	100
X	14849194	14849098	Deletion	96
X	14849190	14849098	Deletion	92
X	14863534	14863432	Deletion	102
X	14863534	14863442	Deletion	92
X	14863534	14863462	Deletion	72
X	14863534	14863490	Deletion	44
X	14863534	14863491	Deletion	43
X	14865836	14865802	Deletion	34
X	14865884	14865802	Deletion	82
X	14865885	14865802	Deletion	83
X	14865909	14865802	Deletion	107
X	14865856	14865806	Deletion	50
X	14885399	14885276	Deletion	123
X	14899712	14899600	Deletion	112
X	14899712	14899622	Deletion	90
X	14899712	14899629	Deletion	83
X	14899712	14899630	Deletion	82
X	14899712	14899638	Deletion	74
X	14899712	14899639	Deletion	73
X	14899712	14899648	Deletion	64
X	14899712	14899660	Deletion	52
X	14900948	14900904	Deletion	44
X	14900956	14900904	Deletion	52
X	14901023	14900904	Deletion	119
X	14900978	14900904	Deletion	74
X	14900957	14900904	Deletion	53
X	14900940	14900904	Deletion	36
X	14900947	14900904	Deletion	43
X	14901005	14900904	Deletion	101
X	14900966	14900904	Deletion	62
X	14902747	14902626	Deletion	121
X	14906027	14905922	Deletion	105
X	14906027	14905941	Deletion	86
X	14906027	14905966	Deletion	61
X	14906027	14905970	Deletion	57
X	14906027	14905991	Deletion	36
X	14906027	14905996	Deletion	31
X	14917552	14917476	Deletion	76
X	14917542	14917476	Deletion	66
X	14917546	14917476	Deletion	70
X	14917552	14917476	Deletion	76
X	14917517	14917476	Deletion	41
X	14917552	14917476	Deletion	76
X	14917552	14917494	Deletion	58
X	14917552	14917496	Deletion	56
X	14920902	14920793	Deletion	109
X	14920861	14920793	Deletion	68
X	14920829	14920793	Deletion	36
X	14920863	14920793	Deletion	70
X	14937077	14936957	Deletion	120
X	14938634	14938545	Deletion	89
X	14938775	14938740	Deletion	35
X	14943131	14943025	Deletion	106
X	14945104	14945004	Deletion	100
X	14957607	14957495	Deletion	112
X	14957607	14957534	Deletion	73
X	14957607	14957558	Deletion	49
X	14957746	14957693	Deletion	53
X	14957814	14957693	Deletion	121
X	14957815	14957693	Deletion	122
X	14957770	14957693	Deletion	77
X	14958464	14958351	Deletion	113
X	14958464	14958352	Deletion	112
X	14958464	14958360	Deletion	104
X	14958464	14958376	Deletion	88
X	14964926	14964887	Deletion	39
X	14968891	14968768	Deletion	123
X	14968891	14968770	Deletion	121
X	14968891	14968780	Deletion	111
X	14968891	14968781	Deletion	110
X	14968891	14968822	Deletion	69
X	14968891	14968824	Deletion	67
X	14968891	14968834	Deletion	57
X	14968891	14968835	Deletion	56
X	14968891	14968836	Deletion	55
X	14976523	14976451	Deletion	72
X	14976510	14976451	Deletion	59
X	14976512	14976451	Deletion	61
X	14976524	14976451	Deletion	73
X	14976548	14976451	Deletion	97
X	14976522	14976451	Deletion	71
X	14976548	14976483	Deletion	65
X	14976548	14976504	Deletion	44
X	14976794	14976712	Deletion	82
X	14976773	14976712	Deletion	61
X	14976818	14976712	Deletion	106
X	14978250	14978142	Deletion	108
X	14978251	14978147	Deletion	104
X	14978251	14978148	Deletion	103
X	14978251	14978168	Deletion	83
X	14978251	14978181	Deletion	70
X	14978251	14978184	Deletion	67
X	14978251	14978210	Deletion	41
X	14978251	14978214	Deletion	37
X	14978251	14978216	Deletion	35
X	14982891	14982802	Deletion	89
X	14982887	14982802	Deletion	85
X	14982893	14982802	Deletion	91
X	14982861	14982802	Deletion	59
X	14982858	14982802	Deletion	56
X	14982845	14982802	Deletion	43
X	14991473	14991361	Deletion	112
X	14991473	14991396	Deletion	77
X	14991473	14991426	Deletion	47
X	14991936	14991825	Deletion	111
X	14991928	14991825	Deletion	103
X	14991904	14991825	Deletion	79
X	14991939	14991825	Deletion	114
X	14991934	14991825	Deletion	109
X	14991874	14991825	Deletion	49
X	14998672	14998558	Deletion	114
X	14998672	14998558	Deletion	114
X	14998672	14998574	Deletion	98
X	14998672	14998575	Deletion	97
X	14998672	14998579	Deletion	93
X	14998672	14998608	Deletion	64
X	14998672	14998613	Deletion	59
X	14998672	14998620	Deletion	52
X	14999314	14999249	Deletion	65
X	14999280	14999249	Deletion	31
X	14999319	14999249	Deletion	70
X	14999326	14999249	Deletion	77
X	14999285	14999249	Deletion	36
X	14999281	14999249	Deletion	32
X	14999372	14999249	Deletion	123
X	15005072	15004949	Deletion	123
X	15005072	15004958	Deletion	114
X	15005072	15004962	Deletion	110
X	15005072	15004968	Deletion	104
X	15005072	15004970	Deletion	102
X	15005072	15004972	Deletion	100
X	15005072	15004994	Deletion	78
X	15005072	15005009	Deletion	63
X	15005072	15005019	Deletion	53
X	15005072	15005032	Deletion	40
X	15005072	15005039	Deletion	33
X	15005503	15005405	Deletion	98
X	15005454	15005405	Deletion	49
X	15005499	15005405	Deletion	94
X	15005479	15005405	Deletion	74
X	15005492	15005405	Deletion	87
X	15005469	15005405	Deletion	64
X	15011959	15011838	Deletion	121
X	15024754	15024639	Deletion	115
X	15024754	15024681	Deletion	73
X	15024754	15024700	Deletion	54
X	15024754	15024705	Deletion	49
X	15024754	15024713	Deletion	41
X	15031281	15031203	Deletion	78
X	15031289	15031203	Deletion	86
X	15031324	15031203	Deletion	121
X	15031257	15031203	Deletion	54
X	15031276	15031203	Deletion	73
X	15036548	15036427	Deletion	121
X	15038047	15037933	Deletion	114
X	15038047	15037966	Deletion	81
X	15040078	15039975	Deletion	103
X	15042052	15041924	Deletion	128
X	15099117	15098999	Deletion	118
X	15099117	15099014	Deletion	103
X	15099117	15099015	Deletion	102
X	15099117	15099021	Deletion	96
X	15099117	15099068	Deletion	49
X	15103581	15103551	Deletion	30
X	15103655	15103551	Deletion	104
X	15103628	15103551	Deletion	77
X	15111184	15111062	Deletion	122
X	15126298	15126188	Deletion	110
X	15126298	15126197	Deletion	101
X	15126298	15126198	Deletion	100
X	15126298	15126216	Deletion	82
X	15126298	15126225	Deletion	73
X	15126298	15126225	Deletion	73
X	15126298	15126264	Deletion	34
X	15126298	15126268	Deletion	30
X	15129242	15129198	Deletion	44
X	15129251	15129198	Deletion	53
X	15129290	15129198	Deletion	92
X	15129294	15129198	Deletion	96
X	15129251	15129198	Deletion	53
X	15129312	15129198	Deletion	114
X	15132337	15132236	Deletion	101
X	15132337	15132250	Deletion	87
X	15132337	15132254	Deletion	83
X	15132337	15132268	Deletion	69
X	15132337	15132307	Deletion	30
X	15132337	15132307	Deletion	30
X	15134988	15134944	Deletion	44
X	15135002	15134944	Deletion	58
X	15135041	15134944	Deletion	97
X	15134984	15134944	Deletion	40
X	15135041	15134944	Deletion	97
X	15140273	15140190	Deletion	83
X	15140271	15140220	Deletion	51
X	15140273	15140226	Deletion	47
X	15140524	15140445	Deletion	79
X	15140488	15140445	Deletion	43
X	15140518	15140445	Deletion	73
X	15149924	15149818	Deletion	106
X	15149924	15149821	Deletion	103
X	15149924	15149866	Deletion	58
X	15149924	15149871	Deletion	53
X	15149924	15149889	Deletion	35
X	15150329	15150261	Deletion	68
X	15150370	15150261	Deletion	109
X	15150352	15150261	Deletion	91
X	15150334	15150261	Deletion	73
X	15150370	15150261	Deletion	109
X	15150362	15150261	Deletion	101
X	15150358	15150261	Deletion	97
X	15150374	15150261	Deletion	113
X	15169861	15169763	Deletion	98
X	15169861	15169775	Deletion	86
X	15169861	15169775	Deletion	86
X	15169861	15169781	Deletion	80
X	15171041	15170991	Deletion	50
X	15171092	15170991	Deletion	101
X	15171108	15170991	Deletion	117
X	15171035	15170991	Deletion	44
X	15171035	15170991	Deletion	44
X	15173248	15173124	Deletion	124
X	15173248	15173145	Deletion	103
X	15173248	15173148	Deletion	100
X	15173248	15173164	Deletion	84
X	15173248	15173174	Deletion	74
X	15173248	15173175	Deletion	73
X	15173248	15173181	Deletion	67
X	15173248	15173211	Deletion	37
X	15174521	15174432	Deletion	89
X	15174485	15174432	Deletion	53
X	15174474	15174432	Deletion	42
X	15174538	15174432	Deletion	106
X	15174543	15174432	Deletion	111
X	15174491	15174432	Deletion	59
X	15174484	15174432	Deletion	52
X	15174543	15174432	Deletion	111
X	15174553	15174432	Deletion	121
X	15174848	15174731	Deletion	117
X	15174848	15174745	Deletion	103
X	15183962	15183858	Deletion	104
X	15183962	15183861	Deletion	101
X	15183962	15183913	Deletion	49
X	15183962	15183930	Deletion	32
X	15184426	15184332	Deletion	94
X	15184409	15184332	Deletion	77
X	15184423	15184332	Deletion	91
X	15184453	15184332	Deletion	121
X	15190264	15190168	Deletion	96
X	15190264	15190205	Deletion	59
X	15190264	15190215	Deletion	49
X	15192132	15192053	Deletion	79
X	15192084	15192053	Deletion	31
X	15192157	15192053	Deletion	104
X	15192163	15192053	Deletion	110
X	15192121	15192053	Deletion	68
X	15196292	15196187	Deletion	105
X	15196292	15196192	Deletion	100
X	15196292	15196215	Deletion	77
X	15198885	15198836	Deletion	49
X	15198941	15198836	Deletion	105
X	15198953	15198836	Deletion	117
X	15198942	15198836	Deletion	106
X	15198935	15198836	Deletion	99
X	15198945	15198836	Deletion	109
X	15200426	15200309	Deletion	117
X	15200426	15200330	Deletion	96
X	15200426	15200367	Deletion	59
X	15200426	15200369	Deletion	57
X	15202047	15201976	Deletion	71
X	15202008	15201976	Deletion	32
X	15202045	15201976	Deletion	69
X	15205275	15205160	Deletion	115
X	15205275	15205242	Deletion	33
X	15205910	15205806	Deletion	104
X	15205899	15205806	Deletion	93
X	15205922	15205806	Deletion	116
X	15213721	15213644	Deletion	77
X	15213721	15213652	Deletion	69
X	15213721	15213672	Deletion	49
X	15222919	15222861	Deletion	58
X	15222911	15222861	Deletion	50
X	15222939	15222861	Deletion	78
X	15222984	15222861	Deletion	123
X	15232686	15232564	Deletion	122
X	15241164	15241040	Deletion	124
X	15242079	15241956	Deletion	123
X	15259291	15259175	Deletion	116
X	15259291	15259236	Deletion	55
X	15259291	15259254	Deletion	37
X	15259490	15259375	Deletion	115
X	15259484	15259375	Deletion	109
X	15259447	15259375	Deletion	72
X	15259491	15259375	Deletion	116
X	15259465	15259375	Deletion	90
X	15259620	15259523	Deletion	97
X	15259620	15259542	Deletion	78
X	15259620	15259547	Deletion	73
X	15259620	15259549	Deletion	71
X	15259620	15259562	Deletion	58
X	15259620	15259567	Deletion	53
X	15259620	15259570	Deletion	50
X	15259620	15259589	Deletion	31
X	15260852	15260784	Deletion	68
X	15260860	15260784	Deletion	76
X	15260837	15260784	Deletion	53
X	15260839	15260784	Deletion	55
X	15260879	15260784	Deletion	95
X	15260857	15260784	Deletion	73
X	15260832	15260784	Deletion	48
X	15261730	15261621	Deletion	109
X	15261730	15261625	Deletion	105
X	15261730	15261639	Deletion	91
X	15261730	15261644	Deletion	86
X	15261730	15261688	Deletion	42
X	15273495	15273410	Deletion	85
X	15273530	15273410	Deletion	120
X	15273451	15273410	Deletion	41
X	15273446	15273415	Deletion	31
X	15284441	15284338	Deletion	103
X	15284441	15284380	Deletion	61
X	15284441	15284393	Deletion	48
X	15290399	15290282	Deletion	117
X	15290348	15290282	Deletion	66
X	15290361	15290282	Deletion	79
X	15290384	15290282	Deletion	102
X	15303732	15303637	Deletion	95
X	15303732	15303641	Deletion	91
X	15303732	15303647	Deletion	85
X	15303732	15303653	Deletion	79
X	15303732	15303676	Deletion	56
X	15303732	15303683	Deletion	49
X	15303732	15303687	Deletion	45
X	15305812	15305769	Deletion	43
X	15305841	15305769	Deletion	72
X	15305806	15305769	Deletion	37
X	15305876	15305769	Deletion	107
X	15305888	15305769	Deletion	119
X	15305870	15305769	Deletion	101
X	15305818	15305769	Deletion	49
X	15305852	15305769	Deletion	83
X	15305802	15305769	Deletion	33
X	15305848	15305769	Deletion	79
X	15313897	15313788	Deletion	109
X	15323055	15322935	Deletion	120
X	15323055	15322947	Deletion	108
X	15323055	15322952	Deletion	103
X	15323055	15322958	Deletion	97
X	15323055	15322989	Deletion	66
X	15323055	15322995	Deletion	60
X	15323055	15323008	Deletion	47
X	15325514	15325483	Deletion	31
X	15325545	15325483	Deletion	62
X	15325551	15325483	Deletion	68
X	15325564	15325483	Deletion	81
X	15334720	15334600	Deletion	120
X	15334720	15334642	Deletion	78
X	15342293	15342187	Deletion	106
X	15342239	15342187	Deletion	52
X	15348446	15348325	Deletion	121
X	15352566	15352447	Deletion	119
X	15352566	15352524	Deletion	42
X	15352566	15352525	Deletion	41
X	15352727	15352622	Deletion	105
X	15352707	15352622	Deletion	85
X	15352735	15352622	Deletion	113
X	15352728	15352622	Deletion	106
X	15352732	15352622	Deletion	110
X	15352708	15352622	Deletion	86
X	15354016	15353893	Deletion	123
X	15359681	15359560	Deletion	121
X	15359681	15359564	Deletion	117
X	15359681	15359641	Deletion	40
X	15388747	15388659	Deletion	88
X	15388761	15388659	Deletion	102
X	15396449	15396328	Deletion	121
X	15414712	15414618	Deletion	94
X	15416407	15416318	Deletion	89
X	15416949	15416903	Deletion	46
X	15427457	15427346	Deletion	111
X	15427457	15427392	Deletion	65
X	15427457	15427395	Deletion	62
X	15427457	15427405	Deletion	52
X	15427457	15427416	Deletion	41
X	15438109	15438048	Deletion	61
X	15438133	15438048	Deletion	85
X	15438112	15438048	Deletion	64
X	15438150	15438048	Deletion	102
X	15438122	15438048	Deletion	74
X	15460596	15460496	Deletion	100
X	15460596	15460519	Deletion	77
X	15460596	15460550	Deletion	46
X	15460596	15460552	Deletion	44
X	15464314	15464263	Deletion	51
X	15464383	15464263	Deletion	120
X	15464378	15464263	Deletion	115
X	15464347	15464263	Deletion	84
X	15464345	15464263	Deletion	82
X	15467222	15467109	Deletion	113
X	15467222	15467172	Deletion	50
X	15469639	15469518	Deletion	121
X	15469636	15469518	Deletion	118
X	15469594	15469518	Deletion	76
X	15474260	15474139	Deletion	121
X	15474560	15474437	Deletion	123
X	15474560	15474439	Deletion	121
X	15474560	15474453	Deletion	107
X	15474560	15474464	Deletion	96
X	15474560	15474468	Deletion	92
X	15474560	15474471	Deletion	89
X	15474560	15474478	Deletion	82
X	15474560	15474517	Deletion	43
X	15474693	15474610	Deletion	83
X	15474654	15474610	Deletion	44
X	15474640	15474610	Deletion	30
X	15474724	15474610	Deletion	114
X	15474644	15474610	Deletion	34
X	15474647	15474610	Deletion	37
X	15476679	15476554	Deletion	125
X	15479219	15479100	Deletion	119
X	15479219	15479109	Deletion	110
X	15479219	15479127	Deletion	92
X	15479219	15479130	Deletion	89
X	15479219	15479132	Deletion	87
X	15489249	15489133	Deletion	116
X	15489244	15489133	Deletion	111
X	15489167	15489133	Deletion	34
X	15489170	15489133	Deletion	37
X	15489172	15489133	Deletion	39
X	15489244	15489133	Deletion	111
X	15490681	15490558	Deletion	123
X	15505740	15505629	Deletion	111
X	15505740	15505664	Deletion	76
X	15505740	15505667	Deletion	73
X	15505740	15505687	Deletion	53
X	15505740	15505690	Deletion	50
X	15506962	15506909	Deletion	53
X	15507010	15506909	Deletion	101
X	15506982	15506909	Deletion	73
X	15506959	15506909	Deletion	50
X	15506985	15506909	Deletion	76
X	15507024	15506909	Deletion	115
X	15514993	15514894	Deletion	99
X	15514993	15514896	Deletion	97
X	15514993	15514962	Deletion	31
X	15518529	15518433	Deletion	96
X	15518463	15518433	Deletion	30
X	15518535	15518433	Deletion	102
X	15523318	15523203	Deletion	115
X	15523318	15523222	Deletion	96
X	15523398	15523368	Deletion	30
X	15523479	15523368	Deletion	111
X	15523476	15523368	Deletion	108
X	15523470	15523368	Deletion	102
X	15523486	15523368	Deletion	118
X	15528055	15527931	Deletion	124
X	15528055	15527934	Deletion	121
X	15528055	15527935	Deletion	120
X	15528055	15527979	Deletion	76
X	15528055	15528011	Deletion	44
X	15528055	15528016	Deletion	39
X	15528347	15528294	Deletion	53
X	15528379	15528294	Deletion	85
X	15528397	15528294	Deletion	103
X	15528384	15528294	Deletion	90
X	15528402	15528294	Deletion	108
X	15543228	15543104	Deletion	124
X	15552448	15552352	Deletion	96
X	15552448	15552408	Deletion	40
X	15552628	15552516	Deletion	112
X	15552549	15552516	Deletion	33
X	15552605	15552516	Deletion	89
X	15580654	15580550	Deletion	104
X	15580654	15580578	Deletion	76
X	15580654	15580588	Deletion	66
X	15580654	15580597	Deletion	57
X	15580654	15580611	Deletion	43
X	15581289	15581239	Deletion	50
X	15581299	15581239	Deletion	60
X	15581322	15581239	Deletion	83
X	15581308	15581239	Deletion	69
X	15639604	15639482	Deletion	122
X	15639604	15639491	Deletion	113
X	15639604	15639537	Deletion	67
X	15639604	15639553	Deletion	51
X	15639604	15639558	Deletion	46
X	15643077	15642996	Deletion	81
X	15643072	15642996	Deletion	76
X	15643056	15642996	Deletion	60
X	15645740	15645618	Deletion	122
X	15647941	15647847	Deletion	94
X	15647941	15647849	Deletion	92
X	15647941	15647877	Deletion	64
X	15647941	15647882	Deletion	59
X	15647941	15647885	Deletion	56
X	15648130	15648060	Deletion	70
X	15648092	15648060	Deletion	32
X	15648122	15648060	Deletion	62
X	15648094	15648060	Deletion	34
X	15648127	15648060	Deletion	67
X	15651681	15651574	Deletion	107
X	15651681	15651586	Deletion	95
X	15651681	15651613	Deletion	68
X	15651681	15651634	Deletion	47
X	15651681	15651637	Deletion	44
X	15651681	15651647	Deletion	34
X	15657163	15657104	Deletion	59
X	15657187	15657104	Deletion	83
X	15657136	15657104	Deletion	32
X	15657197	15657104	Deletion	93
X	15657184	15657109	Deletion	75
X	15659458	15659334	Deletion	124
X	15659458	15659352	Deletion	106
X	15659458	15659408	Deletion	50
X	15659458	15659422	Deletion	36
X	15659605	15659525	Deletion	80
X	15659619	15659525	Deletion	94
X	15659637	15659525	Deletion	112
X	15662763	15662639	Deletion	124
X	15662763	15662654	Deletion	109
X	15662763	15662666	Deletion	97
X	15662763	15662673	Deletion	90
X	15662763	15662675	Deletion	88
X	15662763	15662700	Deletion	63
X	15662763	15662722	Deletion	41
X	15664000	15663915	Deletion	85
X	15663978	15663915	Deletion	63
X	15663953	15663915	Deletion	38
X	15663951	15663915	Deletion	36
X	15664029	15663915	Deletion	114
X	15670743	15670621	Deletion	122
X	15670743	15670629	Deletion	114
X	15670743	15670634	Deletion	109
X	15670743	15670650	Deletion	93
X	15670743	15670651	Deletion	92
X	15672045	15671933	Deletion	112
X	15672030	15671933	Deletion	97
X	15671966	15671933	Deletion	33
X	15671967	15671933	Deletion	34
X	15679219	15679116	Deletion	103
X	15679219	15679116	Deletion	103
X	15679219	15679141	Deletion	78
X	15679219	15679143	Deletion	76
X	15679219	15679148	Deletion	71
X	15679219	15679155	Deletion	64
X	15679219	15679188	Deletion	31
X	15680103	15680041	Deletion	62
X	15680089	15680041	Deletion	48
X	15680091	15680041	Deletion	50
X	15680136	15680041	Deletion	95
X	15680148	15680041	Deletion	107
X	15680096	15680041	Deletion	55
X	15685731	15685610	Deletion	121
X	15685731	15685614	Deletion	117
X	15685731	15685649	Deletion	82
X	15685731	15685656	Deletion	75
X	15691430	15691322	Deletion	108
X	15691374	15691322	Deletion	52
X	15691367	15691322	Deletion	45
X	15697596	15697484	Deletion	112
X	15697596	15697486	Deletion	110
X	15697596	15697494	Deletion	102
X	15697596	15697497	Deletion	99
X	15697596	15697525	Deletion	71
X	15697596	15697540	Deletion	56
X	15697596	15697547	Deletion	49
X	15697596	15697564	Deletion	32
X	15697801	15697707	Deletion	94
X	15697784	15697707	Deletion	77
X	15697825	15697707	Deletion	118
X	15697777	15697707	Deletion	70
X	15697762	15697707	Deletion	55
X	15702063	15701942	Deletion	121
X	15702825	15702711	Deletion	114
X	15702825	15702773	Deletion	52
X	15702825	15702781	Deletion	44
X	15718744	15718668	Deletion	76
X	15718752	15718668	Deletion	84
X	15720477	15720366	Deletion	111
X	15720477	15720369	Deletion	108
X	15720477	15720372	Deletion	105
X	15720477	15720391	Deletion	86
X	15720477	15720429	Deletion	48
X	15720477	15720437	Deletion	40
X	15720605	15720525	Deletion	80
X	15720567	15720525	Deletion	42
X	15720613	15720525	Deletion	88
X	15729337	15729259	Deletion	78
X	15729337	15729281	Deletion	56
X	15729337	15729302	Deletion	35
X	15741755	15741642	Deletion	113
X	15741712	15741642	Deletion	70
X	15741733	15741642	Deletion	91
X	15741690	15741642	Deletion	48
X	15750710	15750605	Deletion	105
X	15750710	15750625	Deletion	85
X	15750710	15750633	Deletion	77
X	15750710	15750657	Deletion	53
X	15754906	15754865	Deletion	41
X	15754914	15754865	Deletion	49
X	15754938	15754865	Deletion	73
X	15774694	15774572	Deletion	122
X	15776454	15776332	Deletion	122
X	15785639	15785516	Deletion	123
X	15800963	15800851	Deletion	112
X	15800963	15800861	Deletion	102
X	15800963	15800886	Deletion	77
X	15800963	15800905	Deletion	58
X	15800963	15800919	Deletion	44
X	15810130	15810029	Deletion	101
X	15810078	15810029	Deletion	49
X	15810111	15810029	Deletion	82
X	15810139	15810029	Deletion	110
X	15810097	15810029	Deletion	68
X	15813956	15813847	Deletion	109
X	15813956	15813850	Deletion	106
X	15813956	15813865	Deletion	91
X	15813956	15813874	Deletion	82
X	15813956	15813898	Deletion	58
X	15814368	15814246	Deletion	122
X	15814281	15814246	Deletion	35
X	15814314	15814246	Deletion	68
X	15814354	15814246	Deletion	108
X	15814290	15814246	Deletion	44
X	15814366	15814246	Deletion	120
X	15848746	15848630	Deletion	116
X	15848746	15848630	Deletion	116
X	15848746	15848645	Deletion	101
X	15848746	15848653	Deletion	93
X	15848746	15848656	Deletion	90
X	15848746	15848658	Deletion	88
X	15848746	15848674	Deletion	72
X	15848746	15848709	Deletion	37
X	15851047	15850933	Deletion	114
X	15850987	15850933	Deletion	54
X	15851056	15850933	Deletion	123
X	15850971	15850933	Deletion	38
X	15850969	15850933	Deletion	36
X	15851022	15850933	Deletion	89
X	15850966	15850933	Deletion	33
X	15857702	15857582	Deletion	120
X	15873647	15873552	Deletion	95
X	15873647	15873582	Deletion	65
X	15873647	15873592	Deletion	55
X	15873647	15873610	Deletion	37
X	15874810	15874748	Deletion	62
X	15874856	15874748	Deletion	108
X	15874820	15874748	Deletion	72
X	15874847	15874748	Deletion	99
X	15874780	15874748	Deletion	32
X	15874838	15874748	Deletion	90
X	15874856	15874749	Deletion	107
X	15874856	15874751	Deletion	105
X	15874856	15874762	Deletion	94
X	15874856	15874796	Deletion	60
X	15874856	15874806	Deletion	50
X	15880470	15880404	Deletion	66
X	15880523	15880404	Deletion	119
X	15880510	15880404	Deletion	106
X	15880480	15880404	Deletion	76
X	15880578	15880455	Deletion	123
X	15880578	15880461	Deletion	117
X	15880578	15880494	Deletion	84
X	15880787	15880671	Deletion	116
X	15880792	15880671	Deletion	121
X	15880785	15880671	Deletion	114
X	15880713	15880671	Deletion	42
X	15882057	15881934	Deletion	123
X	15882057	15881943	Deletion	114
X	15882057	15881944	Deletion	113
X	15882057	15881976	Deletion	81
X	15892375	15892255	Deletion	120
X	15892375	15892255	Deletion	120
X	15892354	15892255	Deletion	99
X	15892301	15892255	Deletion	46
X	15895189	15895080	Deletion	109
X	15895189	15895107	Deletion	82
X	15895189	15895108	Deletion	81
X	15895189	15895113	Deletion	76
X	15895189	15895124	Deletion	65
X	15917228	15917127	Deletion	101
X	15917174	15917127	Deletion	47
X	15917190	15917127	Deletion	63
X	15917179	15917127	Deletion	52
X	15917173	15917127	Deletion	46
X	15917722	15917604	Deletion	118
X	15917722	15917617	Deletion	105
X	15917722	15917638	Deletion	84
X	15933227	15933184	Deletion	43
X	15934052	15933964	Deletion	88
X	15934052	15934006	Deletion	46
X	15935124	15935044	Deletion	80
X	15935082	15935044	Deletion	38
X	15945741	15945629	Deletion	112
X	15945746	15945633	Deletion	113
X	15945746	15945638	Deletion	108
X	15945746	15945660	Deletion	86
X	15945746	15945670	Deletion	76
X	15945746	15945677	Deletion	69
X	15945746	15945695	Deletion	51
X	15945746	15945706	Deletion	40
X	15950536	15950486	Deletion	50
X	15950588	15950486	Deletion	102
X	15950561	15950486	Deletion	75
X	15950543	15950486	Deletion	57
X	15950572	15950486	Deletion	86
X	15950526	15950486	Deletion	40
X	15953299	15953196	Deletion	103
X	15953299	15953197	Deletion	102
X	15953301	15953202	Deletion	99
X	15953299	15953226	Deletion	73
X	15953299	15953230	Deletion	69
X	15953299	15953236	Deletion	63
X	15955494	15955437	Deletion	57
X	15955500	15955437	Deletion	63
X	15955490	15955437	Deletion	53
X	15957345	15957247	Deletion	98
X	15957345	15957261	Deletion	84
X	15957345	15957266	Deletion	79
X	15957345	15957284	Deletion	61
X	15957345	15957285	Deletion	60
X	15961251	15961139	Deletion	112
X	15961251	15961139	Deletion	112
X	15961239	15961139	Deletion	100
X	15961181	15961139	Deletion	42
X	15961186	15961139	Deletion	47
X	15961204	15961139	Deletion	65
X	15961205	15961139	Deletion	66
X	15964787	15964669	Deletion	118
X	15964787	15964682	Deletion	105
X	15964787	15964687	Deletion	100
X	15964787	15964707	Deletion	80
X	15972108	15972062	Deletion	46
X	15972181	15972062	Deletion	119
X	15972178	15972062	Deletion	116
X	15974209	15974099	Deletion	110
X	15974209	15974099	Deletion	110
X	15974209	15974108	Deletion	101
X	15974209	15974127	Deletion	82
X	15974209	15974137	Deletion	72
X	15974209	15974173	Deletion	36
X	15975586	15975496	Deletion	90
X	15975601	15975496	Deletion	105
X	15975613	15975496	Deletion	117
X	15975550	15975496	Deletion	54
X	15975540	15975496	Deletion	44
X	15988376	15988254	Deletion	122
X	15998918	15998795	Deletion	123
X	16001662	16001543	Deletion	119
X	16001662	16001557	Deletion	105
X	16001662	16001578	Deletion	84
X	16001754	16001712	Deletion	42
X	16001812	16001712	Deletion	100
X	16001801	16001712	Deletion	89
X	16001812	16001712	Deletion	100
X	16005926	16005817	Deletion	109
X	16005926	16005822	Deletion	104
X	16005926	16005827	Deletion	99
X	16005926	16005828	Deletion	98
X	16005926	16005893	Deletion	33
X	16005926	16005894	Deletion	32
X	16006205	16006084	Deletion	121
X	16006179	16006084	Deletion	95
X	16006200	16006084	Deletion	116
X	16006178	16006084	Deletion	94
X	16008321	16008202	Deletion	119
X	16008321	16008234	Deletion	87
X	16008321	16008249	Deletion	72
X	16008321	16008259	Deletion	62
X	16008321	16008272	Deletion	49
X	16019015	16018951	Deletion	64
X	16019057	16018951	Deletion	106
X	16020479	16020425	Deletion	54
X	16021046	16021007	Deletion	39
X	16021375	16021298	Deletion	77
X	16032474	16032443	Deletion	31
X	16034415	16034295	Deletion	120
X	16034415	16034322	Deletion	93
X	16034415	16034367	Deletion	48
X	16034597	16034481	Deletion	116
X	16034587	16034481	Deletion	106
X	16036161	16036066	Deletion	95
X	16036551	16036518	Deletion	33
X	16037469	16037391	Deletion	78
X	16043142	16043049	Deletion	93
X	16043270	16043237	Deletion	33
X	16043270	16043238	Deletion	32
X	16044551	16044437	Deletion	114
X	16044551	16044446	Deletion	105
X	16044551	16044454	Deletion	97
X	16044551	16044456	Deletion	95
X	16044551	16044493	Deletion	58
X	16044725	16044615	Deletion	110
X	16044646	16044615	Deletion	31
X	16044726	16044615	Deletion	111
X	16044878	16044847	Deletion	31
X	16046134	16046040	Deletion	94
X	16046108	16046040	Deletion	68
X	16047377	16047268	Deletion	109
X	16047377	16047283	Deletion	94
X	16048377	16048266	Deletion	111
X	16048367	16048266	Deletion	101
X	16058042	16057942	Deletion	100
X	16058042	16057943	Deletion	99
X	16058167	16058117	Deletion	50
X	16058147	16058117	Deletion	30
X	16058414	16058335	Deletion	79
X	16058414	16058341	Deletion	73
X	16058917	16058861	Deletion	56
X	16074113	16074016	Deletion	97
X	16074113	16074017	Deletion	96
X	16074113	16074031	Deletion	82
X	16074113	16074070	Deletion	43
X	16074627	16074543	Deletion	84
X	16074574	16074543	Deletion	31
X	16074588	16074543	Deletion	45
X	16074646	16074543	Deletion	103
X	16074573	16074543	Deletion	30
X	16077859	16077792	Deletion	67
X	16077859	16077809	Deletion	50
X	16077859	16077810	Deletion	49
X	16077978	16077919	Deletion	59
X	16077995	16077919	Deletion	76
X	16077996	16077919	Deletion	77
X	16082900	16082779	Deletion	121
X	16093054	16092953	Deletion	101
X	16093054	16092957	Deletion	97
X	16093054	16092965	Deletion	89
X	16093054	16092975	Deletion	79
X	16093054	16092990	Deletion	64
X	16099030	16098916	Deletion	114
X	16099035	16098916	Deletion	119
X	16098966	16098916	Deletion	50
X	16098948	16098916	Deletion	32
X	16098981	16098916	Deletion	65
X	16099034	16098916	Deletion	118
X	16098956	16098916	Deletion	40
X	16104060	16103965	Deletion	95
X	16104060	16104002	Deletion	58
X	16104060	16104012	Deletion	48
X	16117652	16117539	Deletion	113
X	16117659	16117539	Deletion	120
X	16117618	16117539	Deletion	79
X	16117571	16117539	Deletion	32
X	16117608	16117539	Deletion	69
X	16120183	16120071	Deletion	112
X	16120183	16120123	Deletion	60
X	16124203	16124136	Deletion	67
X	16124235	16124136	Deletion	99
X	16124254	16124136	Deletion	118
X	16124238	16124136	Deletion	102
X	16151141	16151050	Deletion	91
X	16151141	16151062	Deletion	79
X	16151141	16151080	Deletion	61
X	16151141	16151100	Deletion	41
X	16151141	16151104	Deletion	37
X	16152990	16152943	Deletion	47
X	16153008	16152943	Deletion	65
X	16152978	16152943	Deletion	35
X	16153054	16152943	Deletion	111
X	16153051	16152943	Deletion	108
X	16153028	16152943	Deletion	85
X	16153032	16152943	Deletion	89
X	16157296	16157177	Deletion	119
X	16157296	16157182	Deletion	114
X	16157296	16157228	Deletion	68
X	16185404	16185346	Deletion	58
X	16185463	16185346	Deletion	117
X	16188969	16188845	Deletion	124
X	16188969	16188850	Deletion	119
X	16188969	16188909	Deletion	60
X	16188969	16188910	Deletion	59
X	16188969	16188913	Deletion	56
X	16188969	16188913	Deletion	56
X	16188969	16188913	Deletion	56
X	16188969	16188925	Deletion	44
X	16188969	16188929	Deletion	40
X	16188969	16188938	Deletion	31
X	16192186	16192113	Deletion	73
X	16192183	16192113	Deletion	70
X	16192226	16192113	Deletion	113
X	16192183	16192113	Deletion	70
X	16192211	16192113	Deletion	98
X	16192230	16192113	Deletion	117
X	16192202	16192113	Deletion	89
X	16192186	16192113	Deletion	73
X	16192186	16192113	Deletion	73
X	16192198	16192113	Deletion	85
X	16199562	16199451	Deletion	111
X	16199562	16199458	Deletion	104
X	16199562	16199466	Deletion	96
X	16199562	16199481	Deletion	81
X	16199562	16199496	Deletion	66
X	16208113	16208053	Deletion	60
X	16208098	16208053	Deletion	45
X	16208150	16208053	Deletion	97
X	16208083	16208053	Deletion	30
X	16223003	16222911	Deletion	92
X	16224418	16224367	Deletion	51
X	16224526	16224410	Deletion	116
X	16226284	16226222	Deletion	62
X	16228929	16228811	Deletion	118
X	16229923	16229837	Deletion	86
X	16250473	16250351	Deletion	122
X	16250473	16250401	Deletion	72
X	16250473	16250409	Deletion	64
X	16250473	16250443	Deletion	30
X	16251907	16251811	Deletion	96
X	16251865	16251811	Deletion	54
X	16251873	16251811	Deletion	62
X	16251928	16251811	Deletion	117
X	16251931	16251811	Deletion	120
X	16256776	16256653	Deletion	123
X	16261930	16261842	Deletion	88
X	16261930	16261844	Deletion	86
X	16261930	16261854	Deletion	76
X	16261930	16261872	Deletion	58
X	16262507	16262468	Deletion	39
X	16262567	16262468	Deletion	99
X	16262519	16262468	Deletion	51
X	16262537	16262468	Deletion	69
X	16262509	16262468	Deletion	41
X	16262567	16262509	Deletion	58
X	16262567	16262518	Deletion	49
X	16268859	16268791	Deletion	68
X	16268868	16268791	Deletion	77
X	16276809	16276698	Deletion	111
X	16276809	16276705	Deletion	104
X	16276809	16276709	Deletion	100
X	16276809	16276721	Deletion	88
X	16276809	16276731	Deletion	78
X	16276809	16276747	Deletion	62
X	16276809	16276775	Deletion	34
X	16277316	16277224	Deletion	92
X	16277262	16277224	Deletion	38
X	16277272	16277224	Deletion	48
X	16277288	16277229	Deletion	59
X	16278373	16278265	Deletion	108
X	16278373	16278279	Deletion	94
X	16278373	16278298	Deletion	75
X	16278373	16278299	Deletion	74
X	16278373	16278324	Deletion	49
X	16285331	16285279	Deletion	52
X	16285330	16285279	Deletion	51
X	16285387	16285279	Deletion	108
X	16285356	16285279	Deletion	77
X	16285311	16285279	Deletion	32
X	16291306	16291183	Deletion	123
X	16291306	16291184	Deletion	122
X	16291306	16291220	Deletion	86
X	16297664	16297561	Deletion	103
X	16297601	16297561	Deletion	40
X	16306858	16306737	Deletion	121
X	16314825	16314719	Deletion	106
X	16314825	16314727	Deletion	98
X	16314825	16314731	Deletion	94
X	16314825	16314747	Deletion	78
X	16314825	16314770	Deletion	55
X	16314825	16314778	Deletion	47
X	16314825	16314792	Deletion	33
X	16315021	16314942	Deletion	79
X	16315035	16314942	Deletion	93
X	16314974	16314942	Deletion	32
X	16314990	16314942	Deletion	48
X	16315013	16314942	Deletion	71
X	16320885	16320776	Deletion	109
X	16320885	16320781	Deletion	104
X	16320885	16320796	Deletion	89
X	16320885	16320816	Deletion	69
X	16320885	16320840	Deletion	45
X	16334727	16334690	Deletion	37
X	16334771	16334690	Deletion	81
X	16334747	16334690	Deletion	57
X	16334798	16334690	Deletion	108
X	16340992	16340870	Deletion	122
X	16342669	16342593	Deletion	76
X	16343782	16343727	Deletion	55
X	16345655	16345539	Deletion	116
X	16347924	16347865	Deletion	59
X	16349663	16349611	Deletion	52
X	16352826	16352718	Deletion	108
X	16352826	16352760	Deletion	66
X	16352826	16352772	Deletion	54
X	16352826	16352774	Deletion	52
X	16352826	16352784	Deletion	42
X	16352826	16352792	Deletion	34
X	16354488	16354414	Deletion	74
X	16354498	16354414	Deletion	84
X	16354525	16354414	Deletion	111
X	16354486	16354414	Deletion	72
X	16354533	16354414	Deletion	119
X	16354474	16354414	Deletion	60
X	16354531	16354414	Deletion	117
X	16354506	16354414	Deletion	92
X	16365652	16365585	Deletion	67
X	16367810	16367697	Deletion	113
X	16367758	16367697	Deletion	61
X	16371861	16371737	Deletion	124
X	16371861	16371759	Deletion	102
X	16371861	16371763	Deletion	98
X	16371861	16371790	Deletion	71
X	16374039	16373984	Deletion	55
X	16374082	16373984	Deletion	98
X	16378499	16378430	Deletion	69
X	16378683	16378579	Deletion	104
X	16378636	16378579	Deletion	57
X	16429270	16429148	Deletion	122
X	16429270	16429151	Deletion	119
X	16429270	16429188	Deletion	82
X	16429270	16429193	Deletion	77
X	16429270	16429197	Deletion	73
X	16429270	16429203	Deletion	67
X	16429270	16429212	Deletion	58
X	16429270	16429217	Deletion	53
X	16429270	16429228	Deletion	42
X	16429270	16429234	Deletion	36
X	16432797	16432729	Deletion	68
X	16432782	16432729	Deletion	53
X	16432813	16432729	Deletion	84
X	16432819	16432729	Deletion	90
X	16432802	16432729	Deletion	73
X	16432845	16432729	Deletion	116
X	16432778	16432729	Deletion	49
X	16432773	16432729	Deletion	44
X	16432788	16432729	Deletion	59
X	16433995	16433871	Deletion	124
X	16485430	16485307	Deletion	123
X	16485430	16485338	Deletion	92
X	16485430	16485343	Deletion	87
X	16485430	16485360	Deletion	70
X	16489468	16489427	Deletion	41
X	16489463	16489427	Deletion	36
X	16489485	16489427	Deletion	58
X	16493556	16493479	Deletion	77
X	16493858	16493781	Deletion	77
X	16493819	16493781	Deletion	38
X	16494264	16494220	Deletion	44
X	16496985	16496877	Deletion	108
X	16500165	16500041	Deletion	124
X	16524782	16524666	Deletion	116
X	16524782	16524674	Deletion	108
X	16524782	16524680	Deletion	102
X	16524782	16524681	Deletion	101
X	16526465	16526341	Deletion	124
X	16555519	16555399	Deletion	120
X	16555519	16555408	Deletion	111
X	16555519	16555409	Deletion	110
X	16555519	16555421	Deletion	98
X	16555519	16555462	Deletion	57
X	16563071	16563000	Deletion	71
X	16563030	16563000	Deletion	30
X	16563124	16563000	Deletion	124
X	16563124	16563000	Deletion	124
X	16563099	16563000	Deletion	99
X	16569566	16569446	Deletion	120
X	16569566	16569481	Deletion	85
X	16569566	16569520	Deletion	46
X	16569566	16569523	Deletion	43
X	16575140	16575060	Deletion	80
X	16575143	16575060	Deletion	83
X	16575101	16575060	Deletion	41
X	16579101	16579003	Deletion	98
X	16579101	16579025	Deletion	76
X	16579101	16579033	Deletion	68
X	16579101	16579059	Deletion	42
X	16579101	16579068	Deletion	33
X	16580810	16580759	Deletion	51
X	16580844	16580759	Deletion	85
X	16580818	16580759	Deletion	59
X	16580853	16580759	Deletion	94
X	16580862	16580759	Deletion	103
X	16580877	16580759	Deletion	118
X	16583336	16583290	Deletion	46
X	16586681	16586600	Deletion	81
X	16586710	16586600	Deletion	110
X	16631621	16631538	Deletion	83
X	16631621	16631563	Deletion	58
X	16631621	16631584	Deletion	37
X	16632062	16632019	Deletion	43
X	16632131	16632019	Deletion	112
X	16632108	16632019	Deletion	89
X	16632122	16632019	Deletion	103
X	16632087	16632019	Deletion	68
X	16641171	16641050	Deletion	121
X	16641171	16641070	Deletion	101
X	16641171	16641103	Deletion	68
X	16641171	16641120	Deletion	51
X	16641171	16641129	Deletion	42
X	16642339	16642264	Deletion	75
X	16642322	16642264	Deletion	58
X	16642348	16642264	Deletion	84
X	16649434	16649329	Deletion	105
X	16649434	16649375	Deletion	59
X	16649434	16649377	Deletion	57
X	16652351	16652251	Deletion	100
X	16652320	16652251	Deletion	69
X	16652318	16652251	Deletion	67
X	16652893	16652786	Deletion	107
X	16652893	16652813	Deletion	80
X	16652996	16652950	Deletion	46
X	16653068	16652950	Deletion	118
X	16653074	16652950	Deletion	124
X	16657368	16657268	Deletion	100
X	16657368	16657274	Deletion	94
X	16657368	16657278	Deletion	90
X	16657368	16657313	Deletion	55
X	16658102	16658030	Deletion	72
X	16658140	16658030	Deletion	110
X	16658154	16658030	Deletion	124
X	16658067	16658030	Deletion	37
X	16658063	16658030	Deletion	33
X	16662974	16662860	Deletion	114
X	16662974	16662864	Deletion	110
X	16662974	16662888	Deletion	86
X	16662974	16662888	Deletion	86
X	16662974	16662912	Deletion	62
X	16662974	16662915	Deletion	59
X	16662974	16662921	Deletion	53
X	16662974	16662931	Deletion	43
X	16671028	16670945	Deletion	83
X	16670985	16670945	Deletion	40
X	16670985	16670945	Deletion	40
X	16671012	16670945	Deletion	67
X	16671018	16670945	Deletion	73
X	16671009	16670945	Deletion	64
X	16684748	16684639	Deletion	109
X	16684748	16684652	Deletion	96
X	16684748	16684701	Deletion	47
X	16686508	16686476	Deletion	32
X	16686575	16686476	Deletion	99
X	16686557	16686476	Deletion	81
X	16687555	16687431	Deletion	124
X	16687555	16687431	Deletion	124
X	16687555	16687447	Deletion	108
X	16687555	16687464	Deletion	91
X	16687555	16687496	Deletion	59
X	16687555	16687506	Deletion	49
X	16687985	16687949	Deletion	36
X	16688027	16687949	Deletion	78
X	16688017	16687949	Deletion	68
X	16693998	16693877	Deletion	121
X	16693998	16693885	Deletion	113
X	16693998	16693895	Deletion	103
X	16693998	16693939	Deletion	59
X	16694765	16694697	Deletion	68
X	16694819	16694697	Deletion	122
X	16696753	16696654	Deletion	99
X	16696753	16696679	Deletion	74
X	16696753	16696723	Deletion	30
X	16710461	16710409	Deletion	52
X	16710505	16710409	Deletion	96
X	16710529	16710409	Deletion	120
X	16714191	16714100	Deletion	91
X	16714191	16714120	Deletion	71
X	16714191	16714121	Deletion	70
X	16714191	16714138	Deletion	53
X	16722436	16722325	Deletion	111
X	16722381	16722325	Deletion	56
X	16722380	16722325	Deletion	55
X	16722360	16722325	Deletion	35
X	16722398	16722325	Deletion	73
X	16740050	16739929	Deletion	121
X	16753838	16753716	Deletion	122
X	16753838	16753718	Deletion	120
X	16753838	16753719	Deletion	119
X	16753838	16753720	Deletion	118
X	16753990	16753887	Deletion	103
X	16758806	16758684	Deletion	122
X	16769267	16769154	Deletion	113
X	16769267	16769166	Deletion	101
X	16769267	16769210	Deletion	57
X	16769267	16769224	Deletion	43
X	16777118	16777035	Deletion	83
X	16777104	16777035	Deletion	69
X	16777159	16777035	Deletion	124
X	16784113	16784011	Deletion	102
X	16784113	16784067	Deletion	46
X	16784732	16784651	Deletion	81
X	16784770	16784651	Deletion	119
X	16788510	16788415	Deletion	95
X	16788684	16788560	Deletion	124
X	16788591	16788560	Deletion	31
X	16788671	16788560	Deletion	111
X	16788657	16788560	Deletion	97
X	16790578	16790458	Deletion	120
X	16790574	16790458	Deletion	116
X	16790569	16790458	Deletion	111
X	16790576	16790458	Deletion	118
X	16796082	16795965	Deletion	117
X	16796082	16795986	Deletion	96
X	16796082	16795989	Deletion	93
X	16796082	16795997	Deletion	85
X	16796082	16796014	Deletion	68
X	16796082	16796025	Deletion	57
X	16796082	16796044	Deletion	38
X	16801192	16801123	Deletion	69
X	16801153	16801123	Deletion	30
X	16801211	16801123	Deletion	88
X	16801156	16801123	Deletion	33
X	16801181	16801123	Deletion	58
X	16801164	16801123	Deletion	41
X	16804705	16804584	Deletion	121
X	16814255	16814168	Deletion	87
X	16814255	16814185	Deletion	70
X	16814255	16814201	Deletion	54
X	16814255	16814210	Deletion	45
X	16814255	16814224	Deletion	31
X	16825734	16825694	Deletion	40
X	16825790	16825694	Deletion	96
X	16825776	16825694	Deletion	82
X	16825767	16825694	Deletion	73
X	16825751	16825694	Deletion	57
X	16839203	16839088	Deletion	115
X	16839208	16839090	Deletion	118
X	16840653	16840541	Deletion	112
X	16840653	16840546	Deletion	107
X	16840653	16840554	Deletion	99
X	16840653	16840568	Deletion	85
X	16843541	16843500	Deletion	41
X	16843607	16843500	Deletion	107
X	16859536	16859412	Deletion	124
X	16862844	16862722	Deletion	122
X	16864991	16864867	Deletion	124
X	16868036	16867951	Deletion	85
X	16868036	16867964	Deletion	72
X	16868036	16867968	Deletion	68
X	16868036	16867990	Deletion	46
X	16868036	16867999	Deletion	37
X	16871962	16871847	Deletion	115
X	16871936	16871847	Deletion	89
X	16871927	16871847	Deletion	80
X	16871905	16871847	Deletion	58
X	16871888	16871847	Deletion	41
X	16871901	16871847	Deletion	54
X	16880487	16880369	Deletion	118
X	16880487	16880383	Deletion	104
X	16880487	16880385	Deletion	102
X	16880487	16880390	Deletion	97
X	16880487	16880399	Deletion	88
X	16880487	16880404	Deletion	83
X	16880487	16880409	Deletion	78
X	16888012	16887971	Deletion	41
X	16888017	16887971	Deletion	46
X	16888003	16887971	Deletion	32
X	16888022	16887971	Deletion	51
X	16891099	16890987	Deletion	112
X	16891099	16891028	Deletion	71
X	16891099	16891036	Deletion	63
X	16891099	16891049	Deletion	50
X	16891101	16891065	Deletion	36
X	16896351	16896286	Deletion	65
X	16896343	16896286	Deletion	57
X	16896364	16896286	Deletion	78
X	16896391	16896286	Deletion	105
X	16896380	16896289	Deletion	91
X	16907102	16906981	Deletion	121
X	16911069	16910949	Deletion	120
X	16949003	16948880	Deletion	123
X	16949003	16948905	Deletion	98
X	16949003	16948915	Deletion	88
X	16949003	16948928	Deletion	75
X	16949003	16948962	Deletion	41
X	16960512	16960460	Deletion	52
X	16960576	16960460	Deletion	116
X	16960499	16960460	Deletion	39
X	16960546	16960460	Deletion	86
X	16960571	16960460	Deletion	111
X	16965322	16965205	Deletion	117
X	16965322	16965214	Deletion	108
X	16965322	16965220	Deletion	102
X	16965322	16965226	Deletion	96
X	16965322	16965240	Deletion	82
X	16965322	16965264	Deletion	58
X	16965322	16965281	Deletion	41
X	16965322	16965290	Deletion	32
X	16967292	16967262	Deletion	30
X	16967306	16967262	Deletion	44
X	16967356	16967262	Deletion	94
X	16967330	16967262	Deletion	68
X	16967347	16967262	Deletion	85
X	16967363	16967262	Deletion	101
X	16967385	16967262	Deletion	123
X	16972724	16972632	Deletion	92
X	16972724	16972632	Deletion	92
X	16972724	16972650	Deletion	74
X	16972724	16972651	Deletion	73
X	16972724	16972652	Deletion	72
X	16972724	16972669	Deletion	55
X	16972724	16972673	Deletion	51
X	16972724	16972675	Deletion	49
X	16972724	16972685	Deletion	39
X	16990143	16990055	Deletion	88
X	16990127	16990055	Deletion	72
X	16990108	16990055	Deletion	53
X	16990090	16990055	Deletion	35
X	16990133	16990055	Deletion	78
X	16990131	16990055	Deletion	76
X	16990109	16990055	Deletion	54
X	16990090	16990055	Deletion	35
X	16990110	16990055	Deletion	55
X	16996517	16996403	Deletion	114
X	17018589	17018500	Deletion	89
X	17018589	17018503	Deletion	86
X	17018589	17018516	Deletion	73
X	17018589	17018524	Deletion	65
X	17018589	17018526	Deletion	63
X	17018589	17018528	Deletion	61
X	17018589	17018544	Deletion	45
X	17019589	17019536	Deletion	53
X	17019599	17019536	Deletion	63
X	17019597	17019536	Deletion	61
X	17019617	17019536	Deletion	81
X	17019573	17019536	Deletion	37
X	17019648	17019536	Deletion	112
X	17019576	17019536	Deletion	40
X	17019601	17019536	Deletion	65
X	17023744	17023639	Deletion	105
X	17023744	17023649	Deletion	95
X	17023744	17023651	Deletion	93
X	17023744	17023663	Deletion	81
X	17023744	17023668	Deletion	76
X	17023744	17023669	Deletion	75
X	17024292	17024247	Deletion	45
X	17024297	17024247	Deletion	50
X	17024298	17024247	Deletion	51
X	17024280	17024247	Deletion	33
X	17027066	17026944	Deletion	122
X	17028646	17028544	Deletion	102
X	17029366	17029293	Deletion	73
X	17029366	17029311	Deletion	55
X	17029366	17029332	Deletion	34
X	17037171	17037098	Deletion	73
X	17037192	17037098	Deletion	94
X	17037153	17037098	Deletion	55
X	17046361	17046253	Deletion	108
X	17046361	17046270	Deletion	91
X	17046361	17046282	Deletion	79
X	17046647	17046600	Deletion	47
X	17046635	17046600	Deletion	35
X	17059894	17059777	Deletion	117
X	17059894	17059791	Deletion	103
X	17059894	17059826	Deletion	68
X	17059894	17059844	Deletion	50
X	17063416	17063340	Deletion	76
X	17063398	17063340	Deletion	58
X	17063444	17063340	Deletion	104
X	17066917	17066805	Deletion	112
X	17066917	17066812	Deletion	105
X	17066917	17066833	Deletion	84
X	17066917	17066857	Deletion	60
X	17066917	17066865	Deletion	52
X	17066917	17066869	Deletion	48
X	17066917	17066870	Deletion	47
X	17074321	17074255	Deletion	66
X	17074333	17074255	Deletion	78
X	17074364	17074255	Deletion	109
X	17074297	17074255	Deletion	42
X	17074329	17074255	Deletion	74
X	17074334	17074255	Deletion	79
X	17095177	17095075	Deletion	102
X	17095177	17095082	Deletion	95
X	17095177	17095098	Deletion	79
X	17095286	17095238	Deletion	48
X	17095361	17095238	Deletion	123
X	17095270	17095238	Deletion	32
X	17095358	17095238	Deletion	120
X	17118425	17118374	Deletion	51
X	17138657	17138553	Deletion	104
X	17138657	17138560	Deletion	97
X	17138657	17138597	Deletion	60
X	17138657	17138603	Deletion	54
X	17138657	17138611	Deletion	46
X	17139155	17139075	Deletion	80
X	17139182	17139075	Deletion	107
X	17139141	17139075	Deletion	66
X	17139147	17139075	Deletion	72
X	17147264	17147141	Deletion	123
X	17147264	17147147	Deletion	117
X	17147264	17147149	Deletion	115
X	17147264	17147169	Deletion	95
X	17147264	17147182	Deletion	82
X	17147264	17147214	Deletion	50
X	17147385	17147353	Deletion	32
X	17147398	17147353	Deletion	45
X	17147430	17147353	Deletion	77
X	17147457	17147353	Deletion	104
X	17150979	17150863	Deletion	116
X	17150984	17150879	Deletion	105
X	17150984	17150887	Deletion	97
X	17150984	17150901	Deletion	83
X	17150984	17150910	Deletion	74
X	17150984	17150953	Deletion	31
X	17155003	17154898	Deletion	105
X	17154941	17154898	Deletion	43
X	17154993	17154898	Deletion	95
X	17154950	17154898	Deletion	52
X	17158374	17158271	Deletion	103
X	17158374	17158280	Deletion	94
X	17158374	17158293	Deletion	81
X	17158374	17158303	Deletion	71
X	17158374	17158324	Deletion	50
X	17158374	17158343	Deletion	31
X	17160000	17159905	Deletion	95
X	17159937	17159905	Deletion	32
X	17159960	17159905	Deletion	55
X	17159981	17159905	Deletion	76
X	17159950	17159905	Deletion	45
X	17163114	17162992	Deletion	122
X	17181073	17180968	Deletion	105
X	17181073	17180976	Deletion	97
X	17181073	17180999	Deletion	74
X	17181073	17181034	Deletion	39
X	17197312	17197282	Deletion	30
X	17198264	17198140	Deletion	124
X	17198246	17198203	Deletion	43
X	17198963	17198932	Deletion	31
X	17216255	17216136	Deletion	119
X	17216255	17216148	Deletion	107
X	17216255	17216153	Deletion	102
X	17216255	17216178	Deletion	77
X	17216255	17216180	Deletion	75
X	17217022	17216973	Deletion	49
X	17217024	17216973	Deletion	51
X	17219650	17219529	Deletion	121
X	17219650	17219529	Deletion	121
X	17219650	17219562	Deletion	88
X	17219650	17219570	Deletion	80
X	17219650	17219574	Deletion	76
X	17219650	17219576	Deletion	74
X	17219651	17219589	Deletion	62
X	17235504	17235397	Deletion	107
X	17235520	17235397	Deletion	123
X	17235444	17235397	Deletion	47
X	17235518	17235397	Deletion	121
X	17235450	17235397	Deletion	53
X	17235436	17235397	Deletion	39
X	17235448	17235397	Deletion	51
X	17235515	17235397	Deletion	118
X	17235463	17235399	Deletion	64
X	17247715	17247594	Deletion	121
X	17247715	17247654	Deletion	61
X	17247715	17247654	Deletion	61
X	17247715	17247668	Deletion	47
X	17247913	17247812	Deletion	101
X	17247893	17247812	Deletion	81
X	17247879	17247812	Deletion	67
X	17247879	17247812	Deletion	67
X	17249686	17249565	Deletion	121
X	17257787	17257673	Deletion	114
X	17257787	17257716	Deletion	71
X	17257787	17257735	Deletion	52
X	17258480	17258357	Deletion	123
X	17258473	17258357	Deletion	116
X	17258432	17258357	Deletion	75
X	17258413	17258357	Deletion	56
X	17263783	17263659	Deletion	124
X	17265394	17265273	Deletion	121
X	17272360	17272239	Deletion	121
X	17279306	17279197	Deletion	109
X	17279306	17279208	Deletion	98
X	17279306	17279217	Deletion	89
X	17279306	17279222	Deletion	84
X	17279306	17279223	Deletion	83
X	17279306	17279243	Deletion	63
X	17279306	17279248	Deletion	58
X	17280514	17280391	Deletion	123
X	17280510	17280391	Deletion	119
X	17280428	17280391	Deletion	37
X	17280459	17280391	Deletion	68
X	17280504	17280391	Deletion	113
X	17280498	17280391	Deletion	107
X	17280500	17280391	Deletion	109
X	17280434	17280391	Deletion	43
X	17280454	17280391	Deletion	63
X	17280433	17280396	Deletion	37
X	17288721	17288599	Deletion	122
X	17288721	17288631	Deletion	90
X	17288721	17288637	Deletion	84
X	17288721	17288647	Deletion	74
X	17288721	17288679	Deletion	42
X	17288721	17288689	Deletion	32
X	17288892	17288855	Deletion	37
X	17288957	17288855	Deletion	102
X	17288976	17288855	Deletion	121
X	17288950	17288855	Deletion	95
X	17288898	17288855	Deletion	43
X	17288978	17288855	Deletion	123
X	17288940	17288855	Deletion	85
X	17288974	17288855	Deletion	119
X	17288908	17288855	Deletion	53
X	17301624	17301517	Deletion	107
X	17301623	17301524	Deletion	99
X	17301624	17301537	Deletion	87
X	17301624	17301550	Deletion	74
X	17301624	17301551	Deletion	73
X	17301624	17301572	Deletion	52
X	17301624	17301574	Deletion	50
X	17301624	17301586	Deletion	38
X	17302028	17301954	Deletion	74
X	17302006	17301954	Deletion	52
X	17302061	17301954	Deletion	107
X	17302007	17301954	Deletion	53
X	17302057	17301954	Deletion	103
X	17302030	17301954	Deletion	76
X	17302042	17301954	Deletion	88
X	17302055	17301954	Deletion	101
X	17301993	17301954	Deletion	39
X	17307804	17307690	Deletion	114
X	17307804	17307713	Deletion	91
X	17307804	17307729	Deletion	75
X	17307804	17307740	Deletion	64
X	17309287	17309236	Deletion	51
X	17309298	17309236	Deletion	62
X	17309271	17309236	Deletion	35
X	17327242	17327119	Deletion	123
X	17328989	17328865	Deletion	124
X	17354725	17354612	Deletion	113
X	17354725	17354629	Deletion	96
X	17354725	17354642	Deletion	83
X	17354725	17354675	Deletion	50
X	17354725	17354692	Deletion	33
X	17363782	17363706	Deletion	76
X	17363736	17363706	Deletion	30
X	17363799	17363706	Deletion	93
X	17363749	17363706	Deletion	43
X	17363818	17363706	Deletion	112
X	17366853	17366737	Deletion	116
X	17371881	17371811	Deletion	70
X	17371881	17371817	Deletion	64
X	17371881	17371819	Deletion	62
X	17371881	17371827	Deletion	54
X	17371881	17371832	Deletion	49
X	17372558	17372502	Deletion	56
X	17372579	17372502	Deletion	77
X	17372603	17372502	Deletion	101
X	17372574	17372502	Deletion	72
X	17372566	17372502	Deletion	64
X	17372564	17372502	Deletion	62
X	17374202	17374081	Deletion	121
X	17375381	17375264	Deletion	117
X	17375381	17375297	Deletion	84
X	17375381	17375327	Deletion	54
X	17375381	17375330	Deletion	51
X	17415760	17415688	Deletion	72
X	17415730	17415688	Deletion	42
X	17415763	17415688	Deletion	75
X	17420129	17420013	Deletion	116
X	17420129	17420027	Deletion	102
X	17420129	17420045	Deletion	84
X	17420129	17420066	Deletion	63
X	17420129	17420083	Deletion	46
X	17420129	17420086	Deletion	43
X	17420129	17420092	Deletion	37
X	17431498	17431434	Deletion	64
X	17438794	17438714	Deletion	80
X	17438756	17438714	Deletion	42
X	17438797	17438714	Deletion	83
X	17438777	17438714	Deletion	63
X	17438803	17438714	Deletion	89
X	17438834	17438714	Deletion	120
X	17453132	17453017	Deletion	115
X	17453132	17453049	Deletion	83
X	17453132	17453062	Deletion	70
X	17453132	17453073	Deletion	59
X	17453132	17453091	Deletion	41
X	17467902	17467859	Deletion	43
X	17467926	17467859	Deletion	67
X	17467963	17467859	Deletion	104
X	17467915	17467859	Deletion	56
X	17467944	17467859	Deletion	85
X	17472131	17472017	Deletion	114
X	17472131	17472045	Deletion	86
X	17472131	17472099	Deletion	32
X	17472222	17472181	Deletion	41
X	17472276	17472181	Deletion	95
X	17472284	17472181	Deletion	103
X	17491859	17491761	Deletion	98
X	17491859	17491778	Deletion	81
X	17499574	17499529	Deletion	45
X	17501804	17501683	Deletion	121
X	17519173	17519054	Deletion	119
X	17519173	17519061	Deletion	112
X	17519173	17519072	Deletion	101
X	17519173	17519076	Deletion	97
X	17519173	17519097	Deletion	76
X	17522357	17522248	Deletion	109
X	17522298	17522248	Deletion	50
X	17539717	17539621	Deletion	96
X	17539717	17539636	Deletion	81
X	17539717	17539665	Deletion	52
X	17539717	17539668	Deletion	49
X	17539856	17539781	Deletion	75
X	17539827	17539781	Deletion	46
X	17539859	17539781	Deletion	78
X	17539897	17539781	Deletion	116
X	17539812	17539781	Deletion	31
X	17539890	17539781	Deletion	109
X	17559872	17559750	Deletion	122
X	17559872	17559766	Deletion	106
X	17559872	17559782	Deletion	90
X	17559872	17559827	Deletion	45
X	17559872	17559839	Deletion	33
X	17563045	17563008	Deletion	37
X	17563090	17563008	Deletion	82
X	17563102	17563008	Deletion	94
X	17584845	17584725	Deletion	120
X	17584845	17584730	Deletion	115
X	17584845	17584732	Deletion	113
X	17584845	17584761	Deletion	84
X	17584845	17584765	Deletion	80
X	17586265	17586218	Deletion	47
X	17586339	17586218	Deletion	121
X	17586337	17586218	Deletion	119
X	17586320	17586218	Deletion	102
X	17586261	17586218	Deletion	43
X	17586328	17586218	Deletion	110
X	17586328	17586218	Deletion	110
X	17589720	17589645	Deletion	75
X	17589893	17589787	Deletion	106
X	17589841	17589787	Deletion	54
X	17589898	17589787	Deletion	111
X	17596739	17596616	Deletion	123
X	17609909	17609786	Deletion	123
X	17623789	17623666	Deletion	123
X	17636096	17636001	Deletion	95
X	17636096	17636003	Deletion	93
X	17636096	17636015	Deletion	81
X	17645232	17645201	Deletion	31
X	17645315	17645201	Deletion	114
X	17645247	17645201	Deletion	46
X	17645308	17645201	Deletion	107
X	17645234	17645201	Deletion	33
X	17645779	17645656	Deletion	123
X	17646761	17646644	Deletion	117
X	17664984	17664861	Deletion	123
X	17664984	17664861	Deletion	123
X	17664984	17664870	Deletion	114
X	17664984	17664877	Deletion	107
X	17664984	17664884	Deletion	100
X	17664984	17664902	Deletion	82
X	17664984	17664923	Deletion	61
X	17664984	17664932	Deletion	52
X	17665182	17665060	Deletion	122
X	17665134	17665060	Deletion	74
X	17665167	17665060	Deletion	107
X	17665167	17665060	Deletion	107
X	17665104	17665060	Deletion	44
X	17665125	17665060	Deletion	65
X	17676996	17676876	Deletion	120
X	17678909	17678788	Deletion	121
X	17678909	17678791	Deletion	118
X	17678909	17678791	Deletion	118
X	17678904	17678802	Deletion	102
X	17678909	17678859	Deletion	50
X	17678909	17678876	Deletion	33
X	17678909	17678877	Deletion	32
X	17679160	17679061	Deletion	99
X	17679182	17679061	Deletion	121
X	17679159	17679061	Deletion	98
X	17679142	17679061	Deletion	81
X	17685837	17685720	Deletion	117
X	17687460	17687390	Deletion	70
X	17687460	17687396	Deletion	64
X	17687460	17687424	Deletion	36
X	17687460	17687430	Deletion	30
X	17687652	17687562	Deletion	90
X	17687658	17687562	Deletion	96
X	17687624	17687562	Deletion	62
X	17687618	17687562	Deletion	56
X	17687662	17687562	Deletion	100
X	17693487	17693366	Deletion	121
X	17700950	17700828	Deletion	122
X	17707323	17707200	Deletion	123
X	17707323	17707210	Deletion	113
X	17707323	17707228	Deletion	95
X	17707323	17707237	Deletion	86
X	17707323	17707261	Deletion	62
X	17707323	17707270	Deletion	53
X	17707323	17707284	Deletion	39
X	17707323	17707290	Deletion	33
X	17709001	17708907	Deletion	94
X	17708995	17708907	Deletion	88
X	17708939	17708907	Deletion	32
X	17708972	17708907	Deletion	65
X	17709017	17708907	Deletion	110
X	17708981	17708907	Deletion	74
X	17709023	17708907	Deletion	116
X	17709023	17708907	Deletion	116
X	17708948	17708907	Deletion	41
X	17712518	17712394	Deletion	124
X	17712518	17712454	Deletion	64
X	17712518	17712467	Deletion	51
X	17712518	17712480	Deletion	38
X	17713400	17713284	Deletion	116
X	17713405	17713284	Deletion	121
X	17713372	17713284	Deletion	88
X	17713359	17713284	Deletion	75
X	17713346	17713284	Deletion	62
X	17719349	17719244	Deletion	105
X	17719349	17719252	Deletion	97
X	17719349	17719259	Deletion	90
X	17719349	17719267	Deletion	82
X	17719349	17719278	Deletion	71
X	17719349	17719283	Deletion	66
X	17721094	17721064	Deletion	30
X	17721179	17721064	Deletion	115
X	17721120	17721064	Deletion	56
X	17721109	17721064	Deletion	45
X	17721101	17721064	Deletion	37
X	17721125	17721064	Deletion	61
X	17724340	17724219	Deletion	121
X	17744057	17743951	Deletion	106
X	17744057	17744012	Deletion	45
X	17744057	17744016	Deletion	41
X	17744217	17744107	Deletion	110
X	17744208	17744107	Deletion	101
X	17744215	17744107	Deletion	108
X	17744188	17744107	Deletion	81
X	17744192	17744107	Deletion	85
X	17744297	17744177	Deletion	120
X	17744297	17744183	Deletion	114
X	17744297	17744189	Deletion	108
X	17744297	17744227	Deletion	70
X	17744297	17744255	Deletion	42
X	17744297	17744263	Deletion	34
X	17744297	17744265	Deletion	32
X	17746607	17746551	Deletion	56
X	17746643	17746551	Deletion	92
X	17746645	17746551	Deletion	94
X	17746635	17746551	Deletion	84
X	17756273	17756149	Deletion	124
X	17756273	17756158	Deletion	115
X	17756273	17756171	Deletion	102
X	17756273	17756218	Deletion	55
X	17756539	17756468	Deletion	71
X	17756565	17756468	Deletion	97
X	17756588	17756468	Deletion	120
X	17765043	17764952	Deletion	91
X	17765043	17764954	Deletion	89
X	17765043	17765008	Deletion	35
X	17779629	17779528	Deletion	101
X	17779567	17779528	Deletion	39
X	17779565	17779528	Deletion	37
X	17779644	17779528	Deletion	116
X	17779621	17779528	Deletion	93
X	17781501	17781383	Deletion	118
X	17781501	17781394	Deletion	107
X	17781501	17781398	Deletion	103
X	17781501	17781417	Deletion	84
X	17781501	17781426	Deletion	75
X	17781501	17781439	Deletion	62
X	17781501	17781451	Deletion	50
X	17781501	17781466	Deletion	35
X	17788287	17788196	Deletion	91
X	17788272	17788196	Deletion	76
X	17788306	17788196	Deletion	110
X	17788238	17788196	Deletion	42
X	17788305	17788196	Deletion	109
X	17788247	17788196	Deletion	51
X	17788260	17788196	Deletion	64
X	17793214	17793094	Deletion	120
X	17793214	17793121	Deletion	93
X	17796179	17796107	Deletion	72
X	17803107	17802988	Deletion	119
X	17803022	17802988	Deletion	34
X	17803043	17802988	Deletion	55
X	17803061	17802988	Deletion	73
X	17817946	17817841	Deletion	105
X	17817946	17817854	Deletion	92
X	17817946	17817895	Deletion	51
X	17820411	17820303	Deletion	108
X	17820379	17820303	Deletion	76
X	17820338	17820303	Deletion	35
X	17821421	17821297	Deletion	124
X	17829992	17829869	Deletion	123
X	17831879	17831757	Deletion	122
X	17831879	17831799	Deletion	80
X	17831879	17831808	Deletion	71
X	17831879	17831842	Deletion	37
X	17832092	17832002	Deletion	90
X	17832058	17832002	Deletion	56
X	17832120	17832002	Deletion	118
X	17832049	17832002	Deletion	47
X	17832109	17832002	Deletion	107
X	17832107	17832002	Deletion	105
X	17832104	17832002	Deletion	102
X	17837755	17837644	Deletion	111
X	17837755	17837656	Deletion	99
X	17837755	17837685	Deletion	70
X	17837755	17837689	Deletion	66
X	17837755	17837692	Deletion	63
X	17837756	17837710	Deletion	46
X	17840941	17840879	Deletion	62
X	17840944	17840879	Deletion	65
X	17840989	17840879	Deletion	110
X	17840937	17840879	Deletion	58
X	17840962	17840882	Deletion	80
X	17848579	17848459	Deletion	120
X	17848579	17848517	Deletion	62
X	17849631	17849565	Deletion	66
X	17849671	17849565	Deletion	106
X	17865783	17865660	Deletion	123
X	17879499	17879388	Deletion	111
X	17879499	17879398	Deletion	101
X	17879499	17879400	Deletion	99
X	17879499	17879401	Deletion	98
X	17879499	17879402	Deletion	97
X	17879499	17879430	Deletion	69
X	17879499	17879455	Deletion	44
X	17879499	17879455	Deletion	44
X	17879499	17879465	Deletion	34
X	17880239	17880122	Deletion	117
X	17880231	17880122	Deletion	109
X	17880204	17880122	Deletion	82
X	17880179	17880122	Deletion	57
X	17880214	17880122	Deletion	92
X	17880204	17880122	Deletion	82
X	17894677	17894628	Deletion	49
X	17894790	17894751	Deletion	39
X	17898722	17898626	Deletion	96
X	17898703	17898626	Deletion	77
X	17905040	17904921	Deletion	119
X	17905040	17904940	Deletion	100
X	17905040	17904957	Deletion	83
X	17905991	17905942	Deletion	49
X	17907030	17906907	Deletion	123
X	17907031	17906907	Deletion	124
X	17906951	17906907	Deletion	44
X	17907015	17906907	Deletion	108
X	17911182	17911060	Deletion	122
X	17913860	17913742	Deletion	118
X	17913860	17913762	Deletion	98
X	17913860	17913800	Deletion	60
X	17918984	17918916	Deletion	68
X	17919023	17918916	Deletion	107
X	17918946	17918916	Deletion	30
X	17922335	17922210	Deletion	125
X	17923842	17923727	Deletion	115
X	17923842	17923737	Deletion	105
X	17923842	17923741	Deletion	101
X	17923842	17923743	Deletion	99
X	17923842	17923747	Deletion	95
X	17923842	17923785	Deletion	57
X	17923842	17923788	Deletion	54
X	17923842	17923811	Deletion	31
X	17924286	17924178	Deletion	108
X	17924289	17924178	Deletion	111
X	17924273	17924178	Deletion	95
X	17924209	17924178	Deletion	31
X	17924250	17924178	Deletion	72
X	17924282	17924178	Deletion	104
X	17924247	17924178	Deletion	69
X	17924277	17924178	Deletion	99
X	17934741	17934638	Deletion	103
X	17934741	17934682	Deletion	59
X	17935987	17935884	Deletion	103
X	17935951	17935884	Deletion	67
X	17936005	17935884	Deletion	121
X	17943298	17943182	Deletion	116
X	17943298	17943191	Deletion	107
X	17943613	17943489	Deletion	124
X	17944314	17944191	Deletion	123
X	17949954	17949853	Deletion	101
X	17949954	17949883	Deletion	71
X	17949954	17949885	Deletion	69
X	17949954	17949885	Deletion	69
X	17950874	17950815	Deletion	59
X	17950876	17950815	Deletion	61
X	17950876	17950815	Deletion	61
X	17969583	17969550	Deletion	33
X	17970403	17970309	Deletion	94
X	17979777	17979655	Deletion	122
X	17985516	17985395	Deletion	121
X	17986114	17985993	Deletion	121
X	17986114	17986001	Deletion	113
X	17986114	17986001	Deletion	113
X	17986114	17986010	Deletion	104
X	17986456	17986339	Deletion	117
X	17989529	17989407	Deletion	122
X	17993270	17993164	Deletion	106
X	17993270	17993171	Deletion	99
X	17993270	17993176	Deletion	94
X	17993270	17993211	Deletion	59
X	17993270	17993234	Deletion	36
X	17998006	17997889	Deletion	117
X	17998002	17997889	Deletion	113
X	17997922	17997889	Deletion	33
X	17998005	17997889	Deletion	116
X	17997957	17997889	Deletion	68
X	17997993	17997889	Deletion	104
X	17997980	17997889	Deletion	91
X	18005687	18005565	Deletion	122
X	18011280	18011159	Deletion	121
X	18011280	18011183	Deletion	97
X	18019083	18018967	Deletion	116
X	18018999	18018967	Deletion	32
X	18019083	18018967	Deletion	116
X	18026738	18026619	Deletion	119
X	18026738	18026644	Deletion	94
X	18026738	18026690	Deletion	48
X	18026738	18026691	Deletion	47
X	18026866	18026787	Deletion	79
X	18026907	18026787	Deletion	120
X	18026820	18026787	Deletion	33
X	18026908	18026787	Deletion	121
X	18026867	18026787	Deletion	80
X	18033068	18032944	Deletion	124
X	18033068	18032962	Deletion	106
X	18033068	18032964	Deletion	104
X	18033068	18032975	Deletion	93
X	18033068	18033000	Deletion	68
X	18033068	18033009	Deletion	59
X	18033851	18033792	Deletion	59
X	18033913	18033792	Deletion	121
X	18033900	18033792	Deletion	108
X	18033860	18033792	Deletion	68
X	18033826	18033792	Deletion	34
X	18037460	18037361	Deletion	99
X	18037460	18037363	Deletion	97
X	18037460	18037394	Deletion	66
X	18037460	18037423	Deletion	37
X	18037460	18037425	Deletion	35
X	18037460	18037426	Deletion	34
X	18042998	18042909	Deletion	89
X	18043028	18042909	Deletion	119
X	18043018	18042909	Deletion	109
X	18042969	18042909	Deletion	60
X	18043000	18042909	Deletion	91
X	18043001	18042909	Deletion	92
X	18047811	18047688	Deletion	123
X	18059900	18059795	Deletion	105
X	18059900	18059853	Deletion	47
X	18062078	18061999	Deletion	79
X	18062104	18061999	Deletion	105
X	18066767	18066671	Deletion	96
X	18066767	18066697	Deletion	70
X	18066767	18066718	Deletion	49
X	18066957	18066927	Deletion	30
X	18066983	18066927	Deletion	56
X	18067031	18066927	Deletion	104
X	18067004	18066927	Deletion	77
X	18074897	18074778	Deletion	119
X	18074897	18074782	Deletion	115
X	18074897	18074786	Deletion	111
X	18074897	18074794	Deletion	103
X	18074897	18074797	Deletion	100
X	18074897	18074801	Deletion	96
X	18074977	18074947	Deletion	30
X	18075061	18074947	Deletion	114
X	18075048	18074947	Deletion	101
X	18075067	18074947	Deletion	120
X	18093674	18093558	Deletion	116
X	18095000	18094878	Deletion	122
X	18095000	18094886	Deletion	114
X	18095000	18094941	Deletion	59
X	18096080	18096013	Deletion	67
X	18096137	18096013	Deletion	124
X	18096122	18096013	Deletion	109
X	18096116	18096013	Deletion	103
X	18096116	18096013	Deletion	103
X	18096134	18096013	Deletion	121
X	18096135	18096013	Deletion	122
X	18099755	18099690	Deletion	65
X	18099755	18099692	Deletion	63
X	18100574	18100513	Deletion	61
X	18100576	18100513	Deletion	63
X	18100632	18100513	Deletion	119
X	18100620	18100513	Deletion	107
X	18100616	18100513	Deletion	103
X	18100612	18100513	Deletion	99
X	18108151	18108027	Deletion	124
X	18117366	18117265	Deletion	101
X	18117366	18117276	Deletion	90
X	18117366	18117300	Deletion	66
X	18117366	18117300	Deletion	66
X	18117366	18117310	Deletion	56
X	18117366	18117327	Deletion	39
X	18135493	18135404	Deletion	89
X	18135476	18135404	Deletion	72
X	18135466	18135404	Deletion	62
X	18135466	18135404	Deletion	62
X	18135510	18135404	Deletion	106
X	18135442	18135404	Deletion	38
X	18148033	18147938	Deletion	95
X	18148033	18147956	Deletion	77
X	18148033	18147961	Deletion	72
X	18148033	18147969	Deletion	64
X	18148033	18147991	Deletion	42
X	18148582	18148532	Deletion	50
X	18148635	18148532	Deletion	103
X	18148617	18148532	Deletion	85
X	18148595	18148532	Deletion	63
X	18148587	18148532	Deletion	55
X	18148564	18148532	Deletion	32
X	18159280	18159161	Deletion	119
X	18159280	18159217	Deletion	63
X	18159280	18159246	Deletion	34
X	18159416	18159353	Deletion	63
X	18159445	18159353	Deletion	92
X	18159830	18159708	Deletion	122
X	18164165	18164040	Deletion	125
X	18164864	18164752	Deletion	112
X	18164864	18164762	Deletion	102
X	18164864	18164812	Deletion	52
X	18164864	18164814	Deletion	50
X	18165030	18164954	Deletion	76
X	18165077	18164954	Deletion	123
X	18165028	18164954	Deletion	74
X	18181866	18181745	Deletion	121
X	18181863	18181760	Deletion	103
X	18181866	18181788	Deletion	78
X	18183077	18183029	Deletion	48
X	18183151	18183029	Deletion	122
X	18190466	18190356	Deletion	110
X	18190466	18190371	Deletion	95
X	18190653	18190536	Deletion	117
X	18190567	18190536	Deletion	31
X	18191237	18191129	Deletion	108
X	18191237	18191152	Deletion	85
X	18191237	18191152	Deletion	85
X	18191237	18191156	Deletion	81
X	18191237	18191190	Deletion	47
X	18191237	18191191	Deletion	46
X	18202177	18202097	Deletion	80
X	18202139	18202097	Deletion	42
X	18202143	18202097	Deletion	46
X	18202178	18202097	Deletion	81
X	18202140	18202097	Deletion	43
X	18210577	18210511	Deletion	66
X	18210577	18210513	Deletion	64
X	18218305	18218197	Deletion	108
X	18218258	18218197	Deletion	61
X	18218316	18218197	Deletion	119
X	18218260	18218197	Deletion	63
X	18218306	18218197	Deletion	109
X	18220977	18220888	Deletion	89
X	18220977	18220890	Deletion	87
X	18220977	18220890	Deletion	87
X	18220977	18220901	Deletion	76
X	18220977	18220918	Deletion	59
X	18220977	18220922	Deletion	55
X	18220977	18220934	Deletion	43
X	18220977	18220943	Deletion	34
X	18227737	18227666	Deletion	71
X	18227705	18227666	Deletion	39
X	18227758	18227666	Deletion	92
X	18227778	18227666	Deletion	112
X	18227749	18227666	Deletion	83
X	18227767	18227666	Deletion	101
X	18227733	18227666	Deletion	67
X	18227703	18227666	Deletion	37
X	18227705	18227666	Deletion	39
X	18227716	18227666	Deletion	50
X	18261450	18261382	Deletion	68
X	18261450	18261395	Deletion	55
X	18261450	18261411	Deletion	39
X	18275659	18275601	Deletion	58
X	18275672	18275601	Deletion	71
X	18275688	18275601	Deletion	87
X	18306345	18306222	Deletion	123
X	18310817	18310718	Deletion	99
X	18310817	18310730	Deletion	87
X	18310817	18310731	Deletion	86
X	18310817	18310741	Deletion	76
X	18310817	18310767	Deletion	50
X	18310817	18310768	Deletion	49
X	18310817	18310782	Deletion	35
X	18316208	18316132	Deletion	76
X	18316223	18316132	Deletion	91
X	18316172	18316132	Deletion	40
X	18316182	18316132	Deletion	50
X	18316209	18316132	Deletion	77
X	18316171	18316132	Deletion	39
X	18320176	18320081	Deletion	95
X	18320176	18320132	Deletion	44
X	18320176	18320139	Deletion	37
X	18320176	18320140	Deletion	36
X	18320176	18320145	Deletion	31
X	18324024	18323934	Deletion	90
X	18324016	18323934	Deletion	82
X	18323965	18323934	Deletion	31
X	18324051	18323934	Deletion	117
X	18324029	18323934	Deletion	95
X	18324023	18323934	Deletion	89
X	18325040	18324934	Deletion	106
X	18325040	18324941	Deletion	99
X	18325040	18324976	Deletion	64
X	18325817	18325754	Deletion	63
X	18325860	18325754	Deletion	106
X	18336695	18336571	Deletion	124
X	18336695	18336577	Deletion	118
X	18336695	18336588	Deletion	107
X	18336695	18336596	Deletion	99
X	18336692	18336641	Deletion	51
X	18336695	18336642	Deletion	53
X	18336695	18336646	Deletion	49
X	18336695	18336664	Deletion	31
X	18344918	18344820	Deletion	98
X	18344919	18344820	Deletion	99
X	18344892	18344820	Deletion	72
X	18344893	18344820	Deletion	73
X	18344943	18344820	Deletion	123
X	18344897	18344820	Deletion	77
X	18344915	18344820	Deletion	95
X	18347020	18346899	Deletion	121
X	18348894	18348782	Deletion	112
X	18348894	18348782	Deletion	112
X	18348894	18348790	Deletion	104
X	18348894	18348798	Deletion	96
X	18348894	18348818	Deletion	76
X	18348894	18348836	Deletion	58
X	18348894	18348851	Deletion	43
X	18348894	18348857	Deletion	37
X	18361486	18361456	Deletion	30
X	18361545	18361456	Deletion	89
X	18361506	18361456	Deletion	50
X	18361524	18361456	Deletion	68
X	18361539	18361456	Deletion	83
X	18367051	18366969	Deletion	82
X	18367051	18367006	Deletion	45
X	18367051	18367012	Deletion	39
X	18367197	18367116	Deletion	81
X	18367160	18367116	Deletion	44
X	18367233	18367116	Deletion	117
X	18367203	18367116	Deletion	87
X	18367223	18367116	Deletion	107
X	18373227	18373139	Deletion	88
X	18373227	18373175	Deletion	52
X	18373724	18373648	Deletion	76
X	18373752	18373648	Deletion	104
X	18373688	18373648	Deletion	40
X	18374290	18374185	Deletion	105
X	18374290	18374202	Deletion	88
X	18374290	18374203	Deletion	87
X	18374290	18374206	Deletion	84
X	18374290	18374210	Deletion	80
X	18374290	18374214	Deletion	76
X	18374290	18374221	Deletion	69
X	18374290	18374231	Deletion	59
X	18374290	18374249	Deletion	41
X	18374290	18374258	Deletion	32
X	18374290	18374259	Deletion	31
X	18383254	18383160	Deletion	94
X	18383199	18383160	Deletion	39
X	18383245	18383160	Deletion	85
X	18383266	18383160	Deletion	106
X	18383259	18383160	Deletion	99
X	18383217	18383160	Deletion	57
X	18383227	18383160	Deletion	67
X	18383255	18383160	Deletion	95
X	18383202	18383160	Deletion	42
X	18383206	18383160	Deletion	46
X	18383198	18383160	Deletion	38
X	18383210	18383160	Deletion	50
X	18386367	18386266	Deletion	101
X	18386367	18386287	Deletion	80
X	18386367	18386326	Deletion	41
X	18386367	18386328	Deletion	39
X	18386774	18386725	Deletion	49
X	18386813	18386725	Deletion	88
X	18386815	18386725	Deletion	90
X	18386848	18386727	Deletion	121
X	18389069	18388949	Deletion	120
X	18415586	18415466	Deletion	120
X	18415586	18415469	Deletion	117
X	18415586	18415486	Deletion	100
X	18415586	18415490	Deletion	96
X	18415586	18415498	Deletion	88
X	18415586	18415543	Deletion	43
X	18415786	18415756	Deletion	30
X	18415794	18415756	Deletion	38
X	18415839	18415756	Deletion	83
X	18432598	18432550	Deletion	48
X	18432667	18432550	Deletion	117
X	18440579	18440456	Deletion	123
X	18440579	18440508	Deletion	71
X	18440579	18440534	Deletion	45
X	18440579	18440549	Deletion	30
X	18441894	18441798	Deletion	96
X	18441879	18441798	Deletion	81
X	18441901	18441798	Deletion	103
X	18441915	18441798	Deletion	117
X	18441853	18441798	Deletion	55
X	18454379	18454256	Deletion	123
X	18462499	18462404	Deletion	95
X	18462499	18462458	Deletion	41
X	18462499	18462465	Deletion	34
X	18463222	18463127	Deletion	95
X	18463161	18463127	Deletion	34
X	18463229	18463127	Deletion	102
X	18463215	18463127	Deletion	88
X	18463477	18463361	Deletion	116
X	18469120	18469020	Deletion	100
X	18469120	18469067	Deletion	53
X	18469120	18469078	Deletion	42
X	18469120	18469082	Deletion	38
X	18469271	18469185	Deletion	86
X	18469300	18469185	Deletion	115
X	18469296	18469185	Deletion	111
X	18469275	18469185	Deletion	90
X	18469260	18469185	Deletion	75
X	18472623	18472549	Deletion	74
X	18472623	18472581	Deletion	42
X	18472623	18472591	Deletion	32
X	18472623	18472592	Deletion	31
X	18475146	18475028	Deletion	118
X	18475080	18475028	Deletion	52
X	18475122	18475028	Deletion	94
X	18475123	18475028	Deletion	95
X	18475112	18475028	Deletion	84
X	18475127	18475028	Deletion	99
X	18489299	18489177	Deletion	122
X	18514802	18514719	Deletion	83
X	18514802	18514756	Deletion	46
X	18514802	18514772	Deletion	30
X	18527930	18527823	Deletion	107
X	18527903	18527823	Deletion	80
X	18527919	18527823	Deletion	96
X	18527866	18527823	Deletion	43
X	18527942	18527823	Deletion	119
X	18541002	18540879	Deletion	123
X	18541002	18540897	Deletion	105
X	18541002	18540923	Deletion	79
X	18541002	18540962	Deletion	40
X	18541002	18540967	Deletion	35
X	18543252	18543165	Deletion	87
X	18543257	18543165	Deletion	92
X	18543213	18543165	Deletion	48
X	18543264	18543165	Deletion	99
X	18543283	18543165	Deletion	118
X	18546459	18546348	Deletion	111
X	18546459	18546356	Deletion	103
X	18546459	18546394	Deletion	65
X	18546459	18546396	Deletion	63
X	18546459	18546396	Deletion	63
X	18546705	18546643	Deletion	62
X	18546707	18546643	Deletion	64
X	18546707	18546643	Deletion	64
X	18547892	18547770	Deletion	122
X	18547892	18547771	Deletion	121
X	18547892	18547775	Deletion	117
X	18547892	18547781	Deletion	111
X	18547892	18547800	Deletion	92
X	18547892	18547841	Deletion	51
X	18547892	18547844	Deletion	48
X	18591088	18590971	Deletion	117
X	18591088	18591043	Deletion	45
X	18591088	18591045	Deletion	43
X	18591088	18591046	Deletion	42
X	18591088	18591052	Deletion	36
X	18591893	18591809	Deletion	84
X	18591892	18591809	Deletion	83
X	18591924	18591809	Deletion	115
X	18591890	18591809	Deletion	81
X	18591920	18591809	Deletion	111
X	18591899	18591809	Deletion	90
X	18591920	18591809	Deletion	111
X	18608944	18608834	Deletion	110
X	18608944	18608857	Deletion	87
X	18608944	18608857	Deletion	87
X	18608944	18608898	Deletion	46
X	18608944	18608911	Deletion	33
X	18610085	18609971	Deletion	114
X	18610081	18609971	Deletion	110
X	18610012	18609971	Deletion	41
X	18610095	18609971	Deletion	124
X	18610012	18609971	Deletion	41
X	18610053	18609971	Deletion	82
X	18610066	18609971	Deletion	95
X	18614071	18613948	Deletion	123
X	18619856	18619744	Deletion	112
X	18619856	18619763	Deletion	93
X	18619856	18619795	Deletion	61
X	18620192	18620080	Deletion	112
X	18620149	18620080	Deletion	69
X	18620117	18620080	Deletion	37
X	18622882	18622767	Deletion	115
X	18622882	18622774	Deletion	108
X	18622882	18622787	Deletion	95
X	18622882	18622797	Deletion	85
X	18622882	18622809	Deletion	73
X	18622882	18622837	Deletion	45
X	18623013	18622960	Deletion	53
X	18623001	18622960	Deletion	41
X	18623041	18622960	Deletion	81
X	18623067	18622960	Deletion	107
X	18622992	18622960	Deletion	32
X	18628908	18628798	Deletion	110
X	18628908	18628805	Deletion	103
X	18628908	18628820	Deletion	88
X	18628908	18628838	Deletion	70
X	18628908	18628846	Deletion	62
X	18628908	18628848	Deletion	60
X	18628908	18628871	Deletion	37
X	18628908	18628873	Deletion	35
X	18629772	18629704	Deletion	68
X	18629795	18629704	Deletion	91
X	18629744	18629704	Deletion	40
X	18629821	18629704	Deletion	117
X	18629805	18629704	Deletion	101
X	18629797	18629704	Deletion	93
X	18629762	18629704	Deletion	58
X	18629770	18629704	Deletion	66
X	18631903	18631780	Deletion	123
X	18631903	18631802	Deletion	101
X	18631903	18631821	Deletion	82
X	18631903	18631864	Deletion	39
X	18631903	18631873	Deletion	30
X	18632049	18631950	Deletion	99
X	18632070	18631950	Deletion	120
X	18631997	18631950	Deletion	47
X	18632067	18631950	Deletion	117
X	18632040	18631950	Deletion	90
X	18666627	18666532	Deletion	95
X	18666627	18666543	Deletion	84
X	18666627	18666544	Deletion	83
X	18666627	18666545	Deletion	82
X	18666627	18666552	Deletion	75
X	18666627	18666556	Deletion	71
X	18666627	18666572	Deletion	55
X	18666627	18666591	Deletion	36
X	18674002	18673960	Deletion	42
X	18674004	18673960	Deletion	44
X	18674015	18673960	Deletion	55
X	18674083	18673960	Deletion	123
X	18674011	18673960	Deletion	51
X	18674003	18673960	Deletion	43
X	18674079	18673960	Deletion	119
X	18674050	18673960	Deletion	90
X	18674031	18673960	Deletion	71
X	18674075	18673960	Deletion	115
X	18673991	18673960	Deletion	31
X	18678995	18678875	Deletion	120
X	18678993	18678885	Deletion	108
X	18678993	18678905	Deletion	88
X	18678993	18678954	Deletion	39
X	18700074	18699968	Deletion	106
X	18700055	18699968	Deletion	87
X	18700006	18699968	Deletion	38
X	18700468	18700360	Deletion	108
X	18700468	18700360	Deletion	108
X	18700468	18700366	Deletion	102
X	18700468	18700421	Deletion	47
X	18701372	18701293	Deletion	79
X	18705244	18705122	Deletion	122
X	18741419	18741297	Deletion	122
X	18741419	18741301	Deletion	118
X	18741418	18741323	Deletion	95
X	18741419	18741336	Deletion	83
X	18741419	18741358	Deletion	61
X	18741419	18741364	Deletion	55
X	18742992	18742960	Deletion	32
X	18743005	18742962	Deletion	43
X	18743027	18742962	Deletion	65
X	18743078	18742962	Deletion	116
X	18743033	18742962	Deletion	71
X	18744654	18744545	Deletion	109
X	18744654	18744547	Deletion	107
X	18744654	18744559	Deletion	95
X	18744654	18744567	Deletion	87
X	18744654	18744600	Deletion	54
X	18744654	18744604	Deletion	50
X	18745524	18745409	Deletion	115
X	18745451	18745409	Deletion	42
X	18745484	18745409	Deletion	75
X	18745488	18745409	Deletion	79
X	18745511	18745409	Deletion	102
X	18745443	18745409	Deletion	34
X	18747247	18747131	Deletion	116
X	18747250	18747152	Deletion	98
X	18747250	18747173	Deletion	77
X	18747250	18747201	Deletion	49
X	18747250	18747203	Deletion	47
X	18747250	18747207	Deletion	43
X	18747250	18747218	Deletion	32
X	18747250	18747219	Deletion	31
X	18747351	18747301	Deletion	50
X	18747396	18747301	Deletion	95
X	18747381	18747301	Deletion	80
X	18747397	18747301	Deletion	96
X	18747385	18747301	Deletion	84
X	18747403	18747301	Deletion	102
X	18747379	18747301	Deletion	78
X	18757177	18757061	Deletion	116
X	18757264	18757225	Deletion	39
X	18772048	18771933	Deletion	115
X	18772035	18771933	Deletion	102
X	18772017	18771933	Deletion	84
X	18772003	18771933	Deletion	70
X	18772020	18771933	Deletion	87
X	18771990	18771933	Deletion	57
X	18775698	18775584	Deletion	114
X	18775698	18775589	Deletion	109
X	18775698	18775594	Deletion	104
X	18775698	18775599	Deletion	99
X	18775698	18775603	Deletion	95
X	18775698	18775607	Deletion	91
X	18775698	18775625	Deletion	73
X	18775698	18775631	Deletion	67
X	18775698	18775637	Deletion	61
X	18775698	18775644	Deletion	54
X	18775698	18775654	Deletion	44
X	18777613	18777578	Deletion	35
X	18777650	18777578	Deletion	72
X	18777637	18777578	Deletion	59
X	18777643	18777578	Deletion	65
X	18777609	18777578	Deletion	31
X	18777660	18777578	Deletion	82
X	18777631	18777578	Deletion	53
X	18792919	18792859	Deletion	60
X	18792919	18792873	Deletion	46
X	18792919	18792875	Deletion	44
X	18792919	18792878	Deletion	41
X	18800311	18800226	Deletion	85
X	18800332	18800226	Deletion	106
X	18800295	18800226	Deletion	69
X	18800350	18800226	Deletion	124
X	18800314	18800226	Deletion	88
X	18800341	18800226	Deletion	115
X	18800309	18800226	Deletion	83
X	18807647	18807525	Deletion	122
X	18807647	18807539	Deletion	108
X	18807647	18807546	Deletion	101
X	18807647	18807575	Deletion	72
X	18807647	18807592	Deletion	55
X	18807647	18807593	Deletion	54
X	18807647	18807613	Deletion	34
X	18810553	18810481	Deletion	72
X	18810586	18810481	Deletion	105
X	18810573	18810481	Deletion	92
X	18810535	18810481	Deletion	54
X	18810552	18810481	Deletion	71
X	18810599	18810481	Deletion	118
X	18821534	18821413	Deletion	121
X	18832351	18832241	Deletion	110
X	18832351	18832274	Deletion	77
X	18867695	18867574	Deletion	121
X	18867678	18867574	Deletion	104
X	18867626	18867574	Deletion	52
X	18867681	18867574	Deletion	107
X	18868226	18868127	Deletion	99
X	18868226	18868130	Deletion	96
X	18868226	18868148	Deletion	78
X	18868226	18868148	Deletion	78
X	18868226	18868163	Deletion	63
X	18872471	18872371	Deletion	100
X	18872434	18872371	Deletion	63
X	18872419	18872371	Deletion	48
X	18872471	18872371	Deletion	100
X	18872401	18872371	Deletion	30
X	18872419	18872373	Deletion	46
X	18894102	18893988	Deletion	114
X	18894102	18893995	Deletion	107
X	18894102	18894018	Deletion	84
X	18894102	18894035	Deletion	67
X	18894102	18894044	Deletion	58
X	18894102	18894060	Deletion	42
X	18894102	18894066	Deletion	36
X	18894368	18894326	Deletion	42
X	18894394	18894326	Deletion	68
X	18894416	18894326	Deletion	90
X	18894410	18894326	Deletion	84
X	18894385	18894326	Deletion	59
X	18894608	18894487	Deletion	121
X	18898584	18898491	Deletion	93
X	18898584	18898498	Deletion	86
X	18898584	18898509	Deletion	75
X	18898584	18898535	Deletion	49
X	18902399	18902295	Deletion	104
X	18902335	18902295	Deletion	40
X	18902372	18902295	Deletion	77
X	18902346	18902297	Deletion	49
X	18914299	18914176	Deletion	123
X	18914299	18914187	Deletion	112
X	18914299	18914187	Deletion	112
X	18914299	18914191	Deletion	108
X	18914299	18914228	Deletion	71
X	18918875	18918763	Deletion	112
X	18918883	18918763	Deletion	120
X	18918818	18918763	Deletion	55
X	18922370	18922252	Deletion	118
X	18922370	18922263	Deletion	107
X	18922370	18922309	Deletion	61
X	18922370	18922311	Deletion	59
X	18922370	18922312	Deletion	58
X	18922370	18922318	Deletion	52
X	18934622	18934547	Deletion	75
X	18934616	18934547	Deletion	69
X	18934615	18934547	Deletion	68
X	18934663	18934547	Deletion	116
X	18934613	18934547	Deletion	66
X	18935589	18935477	Deletion	112
X	18935589	18935480	Deletion	109
X	18935589	18935490	Deletion	99
X	18935589	18935508	Deletion	81
X	18935589	18935515	Deletion	74
X	18935589	18935541	Deletion	48
X	18939868	18939763	Deletion	105
X	18939809	18939763	Deletion	46
X	18939816	18939763	Deletion	53
X	18939842	18939763	Deletion	79
X	18939863	18939768	Deletion	95
X	18942421	18942300	Deletion	121
X	18942907	18942818	Deletion	89
X	18942907	18942823	Deletion	84
X	18942907	18942837	Deletion	70
X	18942907	18942840	Deletion	67
X	18942907	18942857	Deletion	50
X	18942907	18942858	Deletion	49
X	18944966	18944907	Deletion	59
X	18944987	18944907	Deletion	80
X	18944986	18944907	Deletion	79
X	18944947	18944907	Deletion	40
X	18945017	18944907	Deletion	110
X	18945026	18944907	Deletion	119
X	18944952	18944907	Deletion	45
X	18949582	18949476	Deletion	106
X	18949582	18949500	Deletion	82
X	18949582	18949523	Deletion	59
X	18958574	18958537	Deletion	37
X	18959407	18959364	Deletion	43
X	18959930	18959821	Deletion	109
X	18959964	18959896	Deletion	68
X	18960712	18960608	Deletion	104
X	18960742	18960629	Deletion	113
X	18962410	18962368	Deletion	42
X	18963163	18963123	Deletion	40
X	18963825	18963786	Deletion	39
X	18963999	18963931	Deletion	68
X	18969704	18969589	Deletion	115
X	18969704	18969605	Deletion	99
X	18969704	18969629	Deletion	75
X	18969704	18969650	Deletion	54
X	18969704	18969665	Deletion	39
X	18969704	18969666	Deletion	38
X	18969704	18969667	Deletion	37
X	18969704	18969670	Deletion	34
X	18975346	18975256	Deletion	90
X	18975308	18975256	Deletion	52
X	18975344	18975256	Deletion	88
X	18975329	18975256	Deletion	73
X	18975345	18975256	Deletion	89
X	18975349	18975256	Deletion	93
X	18976648	18976555	Deletion	93
X	18976648	18976578	Deletion	70
X	18976648	18976604	Deletion	44
X	18977036	18976931	Deletion	105
X	18976989	18976931	Deletion	58
X	18977053	18976931	Deletion	122
X	18977039	18976931	Deletion	108
X	18976966	18976931	Deletion	35
X	18977015	18976931	Deletion	84
X	18978201	18978077	Deletion	124
X	18990248	18990171	Deletion	77
X	18990248	18990187	Deletion	61
X	18990248	18990190	Deletion	58
X	18991212	18991109	Deletion	103
X	18991158	18991109	Deletion	49
X	18991177	18991109	Deletion	68
X	18991228	18991109	Deletion	119
X	18991228	18991109	Deletion	119
X	18991208	18991109	Deletion	99
X	18991174	18991109	Deletion	65
X	19016994	19016872	Deletion	122
X	19016994	19016879	Deletion	115
X	19016994	19016899	Deletion	95
X	19016994	19016900	Deletion	94
X	19016994	19016903	Deletion	91
X	19016994	19016906	Deletion	88
X	19016994	19016907	Deletion	87
X	19016994	19016959	Deletion	35
X	19018213	19018175	Deletion	38
X	19018288	19018175	Deletion	113
X	19018210	19018175	Deletion	35
X	19018214	19018175	Deletion	39
X	19018207	19018175	Deletion	32
X	19018266	19018175	Deletion	91
X	19018206	19018175	Deletion	31
X	19018275	19018175	Deletion	100
X	19036827	19036772	Deletion	55
X	19036827	19036775	Deletion	52
X	19037094	19037022	Deletion	72
X	19037097	19037022	Deletion	75
X	19051137	19051020	Deletion	117
X	19051137	19051022	Deletion	115
X	19051137	19051033	Deletion	104
X	19051137	19051052	Deletion	85
X	19052266	19052225	Deletion	41
X	19053944	19053829	Deletion	115
X	19053944	19053891	Deletion	53
X	19053944	19053894	Deletion	50
X	19053944	19053900	Deletion	44
X	19053944	19053912	Deletion	32
X	19053944	19053913	Deletion	31
X	19055069	19054995	Deletion	74
X	19055072	19054995	Deletion	77
X	19055078	19054995	Deletion	83
X	19055091	19054995	Deletion	96
X	19055090	19054995	Deletion	95
X	19059151	19059088	Deletion	63
X	19059151	19059090	Deletion	61
X	19059151	19059103	Deletion	48
X	19059151	19059111	Deletion	40
X	19060685	19060638	Deletion	47
X	19061364	19061267	Deletion	97
X	19063610	19063541	Deletion	69
X	19064761	19064668	Deletion	93
X	19070766	19070700	Deletion	66
X	19070787	19070700	Deletion	87
X	19070779	19070700	Deletion	79
X	19070801	19070700	Deletion	101
X	19070764	19070700	Deletion	64
X	19085974	19085895	Deletion	79
X	19085974	19085908	Deletion	66
X	19085974	19085910	Deletion	64
X	19086537	19086426	Deletion	111
X	19086488	19086426	Deletion	62
X	19086529	19086426	Deletion	103
X	19086486	19086426	Deletion	60
X	19086473	19086426	Deletion	47
X	19088672	19088564	Deletion	108
X	19088672	19088575	Deletion	97
X	19088672	19088577	Deletion	95
X	19088672	19088578	Deletion	94
X	19088672	19088585	Deletion	87
X	19088672	19088585	Deletion	87
X	19088672	19088588	Deletion	84
X	19088672	19088595	Deletion	77
X	19088672	19088600	Deletion	72
X	19088672	19088600	Deletion	72
X	19088672	19088609	Deletion	63
X	19088672	19088615	Deletion	57
X	19088672	19088624	Deletion	48
X	19089568	19089529	Deletion	39
X	19089571	19089529	Deletion	42
X	19089598	19089529	Deletion	69
X	19089568	19089529	Deletion	39
X	19089583	19089529	Deletion	54
X	19089583	19089529	Deletion	54
X	19089561	19089529	Deletion	32
X	19089560	19089529	Deletion	31
X	19089592	19089529	Deletion	63
X	19089608	19089529	Deletion	79
X	19089578	19089529	Deletion	49
X	19091434	19091312	Deletion	122
X	19091971	19091855	Deletion	116
X	19091971	19091864	Deletion	107
X	19091971	19091864	Deletion	107
X	19091971	19091895	Deletion	76
X	19091971	19091899	Deletion	72
X	19091971	19091931	Deletion	40
X	19095712	19095596	Deletion	116
X	19095652	19095596	Deletion	56
X	19095699	19095596	Deletion	103
X	19095688	19095596	Deletion	92
X	19095656	19095596	Deletion	60
X	19119318	19119196	Deletion	122
X	19122955	19122840	Deletion	115
X	19122955	19122895	Deletion	60
X	19122955	19122920	Deletion	35
X	19123082	19123015	Deletion	67
X	19123132	19123015	Deletion	117
X	19123107	19123015	Deletion	92
X	19136964	19136917	Deletion	47
X	19136982	19136917	Deletion	65
X	19138954	19138935	Deletion	19
X	19139374	19139342	Deletion	32
X	19139876	19139833	Deletion	43
X	19140218	19140148	Deletion	70
X	19140596	19140474	Deletion	122
X	19140780	19140678	Deletion	102
X	19155473	19155357	Deletion	116
X	19170429	19170335	Deletion	94
X	19170429	19170340	Deletion	89
X	19171737	19171631	Deletion	106
X	19171751	19171631	Deletion	120
X	19171668	19171631	Deletion	37
X	19171663	19171631	Deletion	32
X	19174520	19174412	Deletion	108
X	19174520	19174450	Deletion	70
X	19174520	19174453	Deletion	67
X	19174520	19174474	Deletion	46
X	19174520	19174482	Deletion	38
X	19174520	19174485	Deletion	35
X	19174520	19174486	Deletion	34
X	19175708	19175616	Deletion	92
X	19175673	19175616	Deletion	57
X	19175676	19175616	Deletion	60
X	19175709	19175616	Deletion	93
X	19175705	19175616	Deletion	89
X	19175697	19175616	Deletion	81
X	19179459	19179373	Deletion	86
X	19179454	19179381	Deletion	73
X	19179459	19179384	Deletion	75
X	19179459	19179385	Deletion	74
X	19179459	19179399	Deletion	60
X	19179459	19179408	Deletion	51
X	19179459	19179424	Deletion	35
X	19181282	19181206	Deletion	76
X	19181298	19181206	Deletion	92
X	19181247	19181206	Deletion	41
X	19181258	19181206	Deletion	52
X	19181255	19181206	Deletion	49
X	19181273	19181206	Deletion	67
X	19181259	19181206	Deletion	53
X	19184348	19184234	Deletion	114
X	19184348	19184241	Deletion	107
X	19184348	19184249	Deletion	99
X	19184348	19184274	Deletion	74
X	19184348	19184306	Deletion	42
X	19200698	19200591	Deletion	107
X	19200675	19200591	Deletion	84
X	19200700	19200591	Deletion	109
X	19200643	19200591	Deletion	52
X	19205597	19205475	Deletion	122
X	19205597	19205478	Deletion	119
X	19205597	19205485	Deletion	112
X	19205597	19205489	Deletion	108
X	19205597	19205508	Deletion	89
X	19205597	19205528	Deletion	69
X	19205597	19205558	Deletion	39
X	19209364	19209244	Deletion	120
X	19209281	19209244	Deletion	37
X	19209331	19209244	Deletion	87
X	19209366	19209244	Deletion	122
X	19209367	19209244	Deletion	123
X	19209301	19209244	Deletion	57
X	19218762	19218641	Deletion	121
X	19221296	19221251	Deletion	45
X	19221296	19221260	Deletion	36
X	19221296	19221260	Deletion	36
X	19236707	19236617	Deletion	90
X	19236707	19236617	Deletion	90
X	19236698	19236617	Deletion	81
X	19236738	19236617	Deletion	121
X	19237301	19237201	Deletion	100
X	19237301	19237231	Deletion	70
X	19237677	19237618	Deletion	59
X	19237732	19237618	Deletion	114
X	19237720	19237618	Deletion	102
X	19240697	19240574	Deletion	123
X	19240697	19240624	Deletion	73
X	19240697	19240625	Deletion	72
X	19240697	19240642	Deletion	55
X	19241635	19241581	Deletion	54
X	19241701	19241581	Deletion	120
X	19241634	19241581	Deletion	53
X	19241652	19241581	Deletion	71
X	19243901	19243778	Deletion	123
X	19246991	19246878	Deletion	113
X	19246991	19246921	Deletion	70
X	19246991	19246936	Deletion	55
X	19246991	19246953	Deletion	38
X	19246991	19246961	Deletion	30
X	19248883	19248786	Deletion	97
X	19248875	19248786	Deletion	89
X	19248843	19248786	Deletion	57
X	19248858	19248786	Deletion	72
X	19269315	19269198	Deletion	117
X	19269315	19269198	Deletion	117
X	19269315	19269204	Deletion	111
X	19269315	19269209	Deletion	106
X	19269315	19269237	Deletion	78
X	19269315	19269241	Deletion	74
X	19269315	19269246	Deletion	69
X	19269512	19269460	Deletion	52
X	19269551	19269460	Deletion	91
X	19269508	19269460	Deletion	48
X	19269517	19269460	Deletion	57
X	19269581	19269460	Deletion	121
X	19281440	19281318	Deletion	122
X	19310448	19310326	Deletion	122
X	19316950	19316829	Deletion	121
X	19316950	19316838	Deletion	112
X	19316950	19316841	Deletion	109
X	19316950	19316857	Deletion	93
X	19316950	19316864	Deletion	86
X	19316950	19316879	Deletion	71
X	19316950	19316907	Deletion	43
X	19316950	19316908	Deletion	42
X	19316950	19316913	Deletion	37
X	19319043	19319010	Deletion	33
X	19319094	19319010	Deletion	84
X	19319050	19319010	Deletion	40
X	19319065	19319010	Deletion	55
X	19319099	19319010	Deletion	89
X	19319093	19319010	Deletion	83
X	19333770	19333677	Deletion	93
X	19333770	19333697	Deletion	73
X	19336807	19336774	Deletion	33
X	19336827	19336774	Deletion	53
X	19336890	19336774	Deletion	116
X	19336891	19336774	Deletion	117
X	19336885	19336774	Deletion	111
X	19341939	19341820	Deletion	119
X	19341939	19341862	Deletion	77
X	19341939	19341878	Deletion	61
X	19341939	19341909	Deletion	30
X	19362565	19362516	Deletion	49
X	19362617	19362516	Deletion	101
X	19362612	19362516	Deletion	96
X	19362638	19362516	Deletion	122
X	19362581	19362516	Deletion	65
X	19374821	19374707	Deletion	114
X	19374821	19374723	Deletion	98
X	19374821	19374737	Deletion	84
X	19374821	19374746	Deletion	75
X	19374821	19374780	Deletion	41
X	19379702	19379660	Deletion	42
X	19379745	19379660	Deletion	85
X	19379772	19379660	Deletion	112
X	19379711	19379660	Deletion	51
X	19385089	19384967	Deletion	122
X	19387249	19387141	Deletion	108
X	19387249	19387142	Deletion	107
X	19387249	19387153	Deletion	96
X	19387249	19387163	Deletion	86
X	19387249	19387174	Deletion	75
X	19387249	19387183	Deletion	66
X	19387249	19387187	Deletion	62
X	19387249	19387189	Deletion	60
X	19387249	19387192	Deletion	57
X	19387249	19387192	Deletion	57
X	19387249	19387219	Deletion	30
X	19391344	19391292	Deletion	52
X	19391359	19391292	Deletion	67
X	19391389	19391292	Deletion	97
X	19391323	19391292	Deletion	31
X	19391353	19391292	Deletion	61
X	19391357	19391292	Deletion	65
X	19391333	19391292	Deletion	41
X	19391362	19391292	Deletion	70
X	19391362	19391292	Deletion	70
X	19393125	19393002	Deletion	123
X	19396750	19396632	Deletion	118
X	19396750	19396633	Deletion	117
X	19396750	19396651	Deletion	99
X	19396750	19396675	Deletion	75
X	19396750	19396682	Deletion	68
X	19396750	19396682	Deletion	68
X	19396750	19396690	Deletion	60
X	19396750	19396700	Deletion	50
X	19399930	19399879	Deletion	51
X	19399954	19399879	Deletion	75
X	19399937	19399879	Deletion	58
X	19399945	19399879	Deletion	66
X	19399937	19399879	Deletion	58
X	19418757	19418637	Deletion	120
X	19420640	19420542	Deletion	98
X	19420895	19420864	Deletion	31
X	19425752	19425701	Deletion	51
X	19425752	19425707	Deletion	45
X	19425752	19425722	Deletion	30
X	19425899	19425801	Deletion	98
X	19425878	19425801	Deletion	77
X	19425884	19425801	Deletion	83
X	19433084	19432960	Deletion	124
X	19433084	19432970	Deletion	114
X	19433084	19432989	Deletion	95
X	19433084	19432998	Deletion	86
X	19433084	19433021	Deletion	63
X	19433084	19433034	Deletion	50
X	19433084	19433047	Deletion	37
X	19440433	19440305	Deletion	128
X	19443567	19443460	Deletion	107
X	19451453	19451369	Deletion	84
X	19451453	19451407	Deletion	46
X	19451453	19451411	Deletion	42
X	19451943	19451828	Deletion	115
X	19451910	19451828	Deletion	82
X	19451914	19451828	Deletion	86
X	19451872	19451828	Deletion	44
X	19452925	19452805	Deletion	120
X	19452925	19452825	Deletion	100
X	19452907	19452839	Deletion	68
X	19452913	19452857	Deletion	56
X	19456753	19456695	Deletion	58
X	19456794	19456695	Deletion	99
X	19456765	19456695	Deletion	70
X	19457385	19457274	Deletion	111
X	19457385	19457279	Deletion	106
X	19457385	19457286	Deletion	99
X	19457385	19457292	Deletion	93
X	19457385	19457306	Deletion	79
X	19457385	19457315	Deletion	70
X	19457385	19457321	Deletion	64
X	19457385	19457322	Deletion	63
X	19458711	19458648	Deletion	63
X	19458752	19458648	Deletion	104
X	19458712	19458648	Deletion	64
X	19458705	19458648	Deletion	57
X	19458696	19458648	Deletion	48
X	19458682	19458648	Deletion	34
X	19486794	19486671	Deletion	123
X	19523832	19523781	Deletion	51
X	19523832	19523795	Deletion	37
X	19523832	19523801	Deletion	31
X	19525685	19525591	Deletion	94
X	19525671	19525591	Deletion	80
X	19525691	19525591	Deletion	100
X	19526526	19526433	Deletion	93
X	19526526	19526482	Deletion	44
X	19527839	19527806	Deletion	33
X	19527888	19527806	Deletion	82
X	19528478	19528401	Deletion	77
X	19528478	19528408	Deletion	70
X	19528478	19528416	Deletion	62
X	19528478	19528447	Deletion	31
X	19545322	19545227	Deletion	95
X	19545291	19545227	Deletion	64
X	19545283	19545227	Deletion	56
X	19545276	19545227	Deletion	49
X	19553287	19553168	Deletion	119
X	19553287	19553214	Deletion	73
X	19553287	19553222	Deletion	65
X	19553287	19553228	Deletion	59
X	19553287	19553245	Deletion	42
X	19554206	19554139	Deletion	67
X	19554192	19554139	Deletion	53
X	19554200	19554139	Deletion	61
X	19554223	19554139	Deletion	84
X	19554661	19554559	Deletion	102
X	19554661	19554560	Deletion	101
X	19554661	19554568	Deletion	93
X	19554661	19554604	Deletion	57
X	19554661	19554612	Deletion	49
X	19554661	19554618	Deletion	43
X	19555179	19555102	Deletion	77
X	19555135	19555102	Deletion	33
X	19555171	19555102	Deletion	69
X	19555185	19555102	Deletion	83
X	19555202	19555102	Deletion	100
X	19555434	19555317	Deletion	117
X	19555434	19555333	Deletion	101
X	19555434	19555335	Deletion	99
X	19555434	19555381	Deletion	53
X	19555434	19555397	Deletion	37
X	19555660	19555566	Deletion	94
X	19555598	19555566	Deletion	32
X	19555596	19555566	Deletion	30
X	19555644	19555566	Deletion	78
X	19560836	19560745	Deletion	91
X	19560836	19560761	Deletion	75
X	19560836	19560773	Deletion	63
X	19560836	19560777	Deletion	59
X	19560836	19560781	Deletion	55
X	19560836	19560782	Deletion	54
X	19560836	19560783	Deletion	53
X	19562009	19561936	Deletion	73
X	19561971	19561936	Deletion	35
X	19562003	19561936	Deletion	67
X	19562008	19561936	Deletion	72
X	19561999	19561936	Deletion	63
X	19561987	19561936	Deletion	51
X	19562007	19561936	Deletion	71
X	19564129	19564008	Deletion	121
X	19567952	19567828	Deletion	124
X	19571908	19571794	Deletion	114
X	19571908	19571832	Deletion	76
X	19571908	19571840	Deletion	68
X	19571908	19571850	Deletion	58
X	19571908	19571856	Deletion	52
X	19571908	19571862	Deletion	46
X	19571908	19571864	Deletion	44
X	19571908	19571866	Deletion	42
X	19571908	19571871	Deletion	37
X	19571908	19571873	Deletion	35
X	19571908	19571874	Deletion	34
X	19571908	19571876	Deletion	32
X	19572624	19572566	Deletion	58
X	19572660	19572566	Deletion	94
X	19572646	19572566	Deletion	80
X	19572648	19572566	Deletion	82
X	19572655	19572566	Deletion	89
X	19572640	19572566	Deletion	74
X	19572683	19572566	Deletion	117
X	19572634	19572566	Deletion	68
X	19572657	19572566	Deletion	91
X	19572650	19572566	Deletion	84
X	19572658	19572566	Deletion	92
X	19572616	19572566	Deletion	50
X	19585502	19585380	Deletion	122
X	19585502	19585447	Deletion	55
X	19585502	19585455	Deletion	47
X	19585502	19585456	Deletion	46
X	19585884	19585813	Deletion	71
X	19585892	19585813	Deletion	79
X	19585893	19585813	Deletion	80
X	19612457	19612354	Deletion	103
X	19612457	19612380	Deletion	77
X	19612457	19612411	Deletion	46
X	19612457	19612413	Deletion	44
X	19612457	19612414	Deletion	43
X	19612457	19612420	Deletion	37
X	19612457	19612421	Deletion	36
X	19612457	19612427	Deletion	30
X	19618778	19618688	Deletion	90
X	19618770	19618688	Deletion	82
X	19618809	19618688	Deletion	121
X	19618777	19618688	Deletion	89
X	19618737	19618688	Deletion	49
X	19618797	19618688	Deletion	109
X	19618768	19618688	Deletion	80
X	19618784	19618688	Deletion	96
X	19618771	19618688	Deletion	83
X	19618795	19618688	Deletion	107
X	19620470	19620360	Deletion	110
X	19620470	19620372	Deletion	98
X	19620470	19620387	Deletion	83
X	19620470	19620403	Deletion	67
X	19620851	19620792	Deletion	59
X	19620835	19620792	Deletion	43
X	19620898	19620792	Deletion	106
X	19620908	19620792	Deletion	116
X	19639246	19639122	Deletion	124
X	19640020	19639901	Deletion	119
X	19640020	19639958	Deletion	62
X	19644394	19644293	Deletion	101
X	19644401	19644293	Deletion	108
X	19644358	19644293	Deletion	65
X	19655259	19655138	Deletion	121
X	19656930	19656806	Deletion	124
X	19656944	19656843	Deletion	101
X	19656944	19656893	Deletion	51
X	19656944	19656903	Deletion	41
X	19656944	19656910	Deletion	34
X	19658306	19658219	Deletion	87
X	19658296	19658219	Deletion	77
X	19658330	19658219	Deletion	111
X	19658313	19658219	Deletion	94
X	19662592	19662558	Deletion	34
X	19662592	19662560	Deletion	32
X	19666394	19666300	Deletion	94
X	19666392	19666300	Deletion	92
X	19666400	19666300	Deletion	100
X	19678045	19677921	Deletion	124
X	19679449	19679332	Deletion	117
X	19679449	19679383	Deletion	66
X	19698062	19698002	Deletion	60
X	19703963	19703846	Deletion	117
X	19703963	19703854	Deletion	109
X	19703963	19703915	Deletion	48
X	19703963	19703916	Deletion	47
X	19704273	19704195	Deletion	78
X	19704314	19704195	Deletion	119
X	19704318	19704195	Deletion	123
X	19704274	19704195	Deletion	79
X	19708809	19708685	Deletion	124
X	19708809	19708714	Deletion	95
X	19708809	19708749	Deletion	60
X	19708809	19708758	Deletion	51
X	19708809	19708770	Deletion	39
X	19709205	19709118	Deletion	87
X	19709184	19709118	Deletion	66
X	19709193	19709118	Deletion	75
X	19709149	19709118	Deletion	31
X	19710321	19710214	Deletion	107
X	19711765	19711730	Deletion	35
X	19713496	19713373	Deletion	123
X	19713496	19713414	Deletion	82
X	19713496	19713453	Deletion	43
X	19713661	19713546	Deletion	115
X	19713655	19713546	Deletion	109
X	19713590	19713546	Deletion	44
X	19713629	19713546	Deletion	83
X	19716267	19716159	Deletion	108
X	19716267	19716160	Deletion	107
X	19716267	19716165	Deletion	102
X	19716267	19716168	Deletion	99
X	19716267	19716177	Deletion	90
X	19716267	19716192	Deletion	75
X	19716267	19716193	Deletion	74
X	19716267	19716201	Deletion	66
X	19716267	19716203	Deletion	64
X	19716266	19716214	Deletion	52
X	19716267	19716234	Deletion	33
X	19717020	19716904	Deletion	116
X	19716957	19716904	Deletion	53
X	19716956	19716904	Deletion	52
X	19716967	19716904	Deletion	63
X	19717004	19716904	Deletion	100
X	19717014	19716904	Deletion	110
X	19716995	19716904	Deletion	91
X	19716941	19716904	Deletion	37
X	19716965	19716904	Deletion	61
X	19716978	19716905	Deletion	73
X	19722157	19722043	Deletion	114
X	19722157	19722047	Deletion	110
X	19722157	19722064	Deletion	93
X	19722157	19722079	Deletion	78
X	19722157	19722089	Deletion	68
X	19722157	19722101	Deletion	56
X	19722157	19722115	Deletion	42
X	19740734	19740699	Deletion	35
X	19740749	19740699	Deletion	50
X	19740759	19740699	Deletion	60
X	19740771	19740699	Deletion	72
X	19740785	19740699	Deletion	86
X	19747399	19747309	Deletion	90
X	19747399	19747354	Deletion	45
X	19751370	19751253	Deletion	117
X	19751289	19751253	Deletion	36
X	19751374	19751253	Deletion	121
X	19751334	19751253	Deletion	81
X	19751373	19751253	Deletion	120
X	19756140	19756039	Deletion	101
X	19756140	19756047	Deletion	93
X	19756140	19756067	Deletion	73
X	19756140	19756099	Deletion	41
X	19763629	19763537	Deletion	92
X	19763652	19763537	Deletion	115
X	19763622	19763537	Deletion	85
X	19763590	19763537	Deletion	53
X	19763570	19763537	Deletion	33
X	19764183	19764092	Deletion	91
X	19764183	19764110	Deletion	73
X	19764183	19764112	Deletion	71
X	19764183	19764112	Deletion	71
X	19764183	19764113	Deletion	70
X	19764183	19764119	Deletion	64
X	19764381	19764327	Deletion	54
X	19764364	19764327	Deletion	37
X	19764383	19764327	Deletion	56
X	19764384	19764327	Deletion	57
X	19764383	19764327	Deletion	56
X	19764430	19764327	Deletion	103
X	19764390	19764327	Deletion	63
X	19773292	19773174	Deletion	118
X	19773292	19773175	Deletion	117
X	19773292	19773214	Deletion	78
X	19773292	19773236	Deletion	56
X	19773292	19773254	Deletion	38
X	19784021	19783933	Deletion	88
X	19784003	19783933	Deletion	70
X	19784048	19783933	Deletion	115
X	19783981	19783933	Deletion	48
X	19797545	19797430	Deletion	115
X	19801049	19800982	Deletion	67
X	19801994	19801958	Deletion	36
X	19802437	19802313	Deletion	124
X	19802579	19802501	Deletion	78
X	19804292	19804231	Deletion	61
X	19817068	19816946	Deletion	122
X	19817068	19816992	Deletion	76
X	19821681	19821631	Deletion	50
X	19829924	19829825	Deletion	99
X	19829924	19829858	Deletion	66
X	19829924	19829893	Deletion	31
X	19834326	19834265	Deletion	61
X	19834361	19834265	Deletion	96
X	19840574	19840468	Deletion	106
X	19840574	19840479	Deletion	95
X	19840574	19840512	Deletion	62
X	19840574	19840515	Deletion	59
X	19840574	19840524	Deletion	50
X	19840574	19840536	Deletion	38
X	19860379	19860315	Deletion	64
X	19860391	19860315	Deletion	76
X	19860346	19860315	Deletion	31
X	19860382	19860315	Deletion	67
X	19860403	19860315	Deletion	88
X	19861751	19861632	Deletion	119
X	19861751	19861640	Deletion	111
X	19861751	19861647	Deletion	104
X	19861751	19861681	Deletion	70
X	19861751	19861690	Deletion	61
X	19861937	19861831	Deletion	106
X	19861896	19861831	Deletion	65
X	19861887	19861831	Deletion	56
X	19861940	19861831	Deletion	109
X	19867669	19867549	Deletion	120
X	19867669	19867551	Deletion	118
X	19867669	19867558	Deletion	111
X	19867669	19867561	Deletion	108
X	19867669	19867623	Deletion	46
X	19867669	19867628	Deletion	41
X	19867669	19867629	Deletion	40
X	19873252	19873131	Deletion	121
X	19873218	19873131	Deletion	87
X	19873238	19873131	Deletion	107
X	19873212	19873131	Deletion	81
X	19873217	19873131	Deletion	86
X	19878387	19878284	Deletion	103
X	19878387	19878285	Deletion	102
X	19878387	19878303	Deletion	84
X	19878387	19878315	Deletion	72
X	19878387	19878356	Deletion	31
X	19883892	19883850	Deletion	42
X	19883904	19883850	Deletion	54
X	19883945	19883850	Deletion	95
X	19897309	19897195	Deletion	114
X	19897309	19897209	Deletion	100
X	19897309	19897215	Deletion	94
X	19897309	19897239	Deletion	70
X	19897309	19897258	Deletion	51
X	19909252	19909165	Deletion	87
X	19909252	19909167	Deletion	85
X	19909252	19909201	Deletion	51
X	19911867	19911782	Deletion	85
X	19911867	19911784	Deletion	83
X	19912028	19911987	Deletion	41
X	19912030	19911987	Deletion	43
X	19912099	19911987	Deletion	112
X	19914669	19914625	Deletion	44
X	19914732	19914625	Deletion	107
X	19914717	19914625	Deletion	92
X	19914777	19914735	Deletion	42
X	19917677	19917621	Deletion	56
X	19917696	19917621	Deletion	75
X	19920001	19919898	Deletion	103
X	19919974	19919898	Deletion	76
X	19926001	19925919	Deletion	82
X	19926001	19925967	Deletion	34
X	19928014	19927948	Deletion	66
X	19928014	19927968	Deletion	46
X	19928259	19928143	Deletion	116
X	19928239	19928143	Deletion	96
X	19928223	19928143	Deletion	80
X	19928350	19928293	Deletion	57
X	19935816	19935713	Deletion	103
X	19937332	19937271	Deletion	61
X	19937830	19937800	Deletion	30
X	19941441	19941332	Deletion	109
X	19941439	19941332	Deletion	107
X	19942962	19942881	Deletion	81
X	19943677	19943610	Deletion	67
X	19943680	19943610	Deletion	70
X	19945054	19944988	Deletion	66
X	19945665	19945594	Deletion	71
X	19947228	19947126	Deletion	102
X	19948281	19948226	Deletion	55
X	19948449	19948336	Deletion	113
X	19949784	19949732	Deletion	52
X	19951949	19951859	Deletion	90
X	19952593	19952548	Deletion	45
X	19952608	19952548	Deletion	60
X	19952748	19952688	Deletion	60
X	19953065	19952961	Deletion	104
X	19953151	19953071	Deletion	80
X	19953195	19953078	Deletion	117
X	19954519	19954444	Deletion	75
X	19954519	19954482	Deletion	37
X	19955133	19955034	Deletion	99
X	19956669	19956594	Deletion	75
X	19956646	19956594	Deletion	52
X	19957482	19957435	Deletion	47
X	19957648	19957526	Deletion	122
X	19961439	19961339	Deletion	100
X	19961439	19961367	Deletion	72
X	19961439	19961388	Deletion	51
X	19961439	19961397	Deletion	42
X	19961439	19961403	Deletion	36
X	19962338	19962307	Deletion	31
X	19962338	19962307	Deletion	31
X	19962338	19962307	Deletion	31
X	19962338	19962307	Deletion	31
X	19967892	19967773	Deletion	119
X	19967835	19967773	Deletion	62
X	19967820	19967773	Deletion	47
X	19967829	19967773	Deletion	56
X	19968986	19968870	Deletion	116
X	19968986	19968878	Deletion	108
X	19968986	19968914	Deletion	72
X	19968987	19968951	Deletion	36
X	19970395	19970297	Deletion	98
X	19970351	19970297	Deletion	54
X	19970406	19970297	Deletion	109
X	19970406	19970297	Deletion	109
X	19970388	19970298	Deletion	90
X	19984779	19984655	Deletion	124
X	19996632	19996557	Deletion	75
X	19996632	19996579	Deletion	53
X	19996632	19996582	Deletion	50
X	19996632	19996587	Deletion	45
X	19996632	19996592	Deletion	40
X	19997284	19997244	Deletion	40
X	19997284	19997244	Deletion	40
X	19997284	19997244	Deletion	40
X	19997284	19997244	Deletion	40
X	19997284	19997244	Deletion	40
X	19997284	19997249	Deletion	35
X	20000568	20000526	Deletion	42
X	20000573	20000526	Deletion	47
X	20000560	20000526	Deletion	34
X	20000606	20000526	Deletion	80
X	20000563	20000526	Deletion	37
X	20000630	20000526	Deletion	104
X	20010097	20009977	Deletion	120
X	20010097	20009979	Deletion	118
X	20010097	20010020	Deletion	77
X	20010097	20010022	Deletion	75
X	20010097	20010027	Deletion	70
X	20010538	20010482	Deletion	56
X	20010581	20010482	Deletion	99
X	20010533	20010482	Deletion	51
X	20010531	20010482	Deletion	49
X	20011146	20011037	Deletion	109
X	20033992	20033869	Deletion	123
X	20041918	20041869	Deletion	49
X	20041991	20041869	Deletion	122
X	20041917	20041869	Deletion	48
X	20043147	20043044	Deletion	103
X	20043147	20043045	Deletion	102
X	20044699	20044582	Deletion	117
X	20046309	20046225	Deletion	84
X	20046309	20046278	Deletion	31
X	20046523	20046427	Deletion	96
X	20046470	20046427	Deletion	43
X	20046537	20046427	Deletion	110
X	20046527	20046427	Deletion	100
X	20046543	20046427	Deletion	116
X	20060073	20059956	Deletion	117
X	20060073	20059968	Deletion	105
X	20060073	20059970	Deletion	103
X	20060073	20060002	Deletion	71
X	20060073	20060004	Deletion	69
X	20060073	20060020	Deletion	53
X	20060406	20060351	Deletion	55
X	20060424	20060351	Deletion	73
X	20060408	20060351	Deletion	57
X	20064240	20064125	Deletion	115
X	20065185	20065072	Deletion	113
X	20069242	20069125	Deletion	117
X	20069242	20069141	Deletion	101
X	20069242	20069144	Deletion	98
X	20069242	20069146	Deletion	96
X	20069242	20069156	Deletion	86
X	20069242	20069199	Deletion	43
X	20069242	20069201	Deletion	41
X	20083920	20083829	Deletion	91
X	20083938	20083829	Deletion	109
X	20083875	20083829	Deletion	46
X	20083865	20083829	Deletion	36
X	20083918	20083829	Deletion	89
X	20104806	20104712	Deletion	94
X	20104806	20104727	Deletion	79
X	20104806	20104759	Deletion	47
X	20104806	20104767	Deletion	39
X	20104806	20104774	Deletion	32
X	20105644	20105565	Deletion	79
X	20105597	20105565	Deletion	32
X	20105659	20105565	Deletion	94
X	20105652	20105565	Deletion	87
X	20105612	20105565	Deletion	47
X	20109756	20109635	Deletion	121
X	20109756	20109667	Deletion	89
X	20109756	20109700	Deletion	56
X	20109756	20109700	Deletion	56
X	20114337	20114299	Deletion	38
X	20114370	20114299	Deletion	71
X	20114370	20114299	Deletion	71
X	20114755	20114636	Deletion	119
X	20114755	20114645	Deletion	110
X	20114755	20114651	Deletion	104
X	20114755	20114686	Deletion	69
X	20114755	20114702	Deletion	53
X	20125199	20125126	Deletion	73
X	20125236	20125126	Deletion	110
X	20125229	20125126	Deletion	103
X	20125183	20125126	Deletion	57
X	20129292	20129190	Deletion	102
X	20129292	20129190	Deletion	102
X	20129292	20129210	Deletion	82
X	20129292	20129215	Deletion	77
X	20129292	20129237	Deletion	55
X	20129570	20129450	Deletion	120
X	20129499	20129450	Deletion	49
X	20129494	20129450	Deletion	44
X	20129521	20129450	Deletion	71
X	20132774	20132658	Deletion	116
X	20132774	20132666	Deletion	108
X	20132774	20132677	Deletion	97
X	20132774	20132681	Deletion	93
X	20132774	20132682	Deletion	92
X	20132774	20132692	Deletion	82
X	20132774	20132711	Deletion	63
X	20132774	20132727	Deletion	47
X	20132774	20132744	Deletion	30
X	20134248	20134169	Deletion	79
X	20134213	20134169	Deletion	44
X	20134265	20134169	Deletion	96
X	20134202	20134169	Deletion	33
X	20134203	20134169	Deletion	34
X	20134232	20134169	Deletion	63
X	20144419	20144300	Deletion	119
X	20144419	20144315	Deletion	104
X	20144419	20144355	Deletion	64
X	20144419	20144356	Deletion	63
X	20144419	20144375	Deletion	44
X	20144419	20144377	Deletion	42
X	20145557	20145493	Deletion	64
X	20145592	20145493	Deletion	99
X	20145558	20145493	Deletion	65
X	20145605	20145493	Deletion	112
X	20145579	20145493	Deletion	86
X	20145577	20145493	Deletion	84
X	20147325	20147232	Deletion	93
X	20147325	20147238	Deletion	87
X	20147325	20147250	Deletion	75
X	20147325	20147280	Deletion	45
X	20147325	20147293	Deletion	32
X	20153938	20153827	Deletion	111
X	20153878	20153827	Deletion	51
X	20153929	20153827	Deletion	102
X	20153866	20153827	Deletion	39
X	20153860	20153827	Deletion	33
X	20153949	20153827	Deletion	122
X	20153921	20153827	Deletion	94
X	20153908	20153827	Deletion	81
X	20171057	20170952	Deletion	105
X	20171057	20170974	Deletion	83
X	20171057	20171002	Deletion	55
X	20171057	20171007	Deletion	50
X	20171057	20171016	Deletion	41
X	20171057	20171021	Deletion	36
X	20172402	20172331	Deletion	71
X	20172443	20172331	Deletion	112
X	20172416	20172331	Deletion	85
X	20172407	20172331	Deletion	76
X	20172374	20172331	Deletion	43
X	20172421	20172331	Deletion	90
X	20176523	20176439	Deletion	84
X	20177411	20177338	Deletion	73
X	20179305	20179182	Deletion	123
X	20182347	20182266	Deletion	81
X	20182350	20182266	Deletion	84
X	20183582	20183461	Deletion	121
X	20184208	20184093	Deletion	115
X	20184208	20184111	Deletion	97
X	20184345	20184300	Deletion	45
X	20184345	20184303	Deletion	42
X	20189124	20189014	Deletion	110
X	20189124	20189043	Deletion	81
X	20191937	20191822	Deletion	115
X	20191937	20191890	Deletion	47
X	20192934	20192889	Deletion	45
X	20196840	20196787	Deletion	53
X	20199653	20199556	Deletion	97
X	20199653	20199614	Deletion	39
X	20200673	20200605	Deletion	68
X	20203478	20203432	Deletion	46
X	20207514	20207442	Deletion	72
X	20212259	20212140	Deletion	119
X	20213197	20213155	Deletion	42
X	20219046	20218937	Deletion	109
X	20222715	20222617	Deletion	98
X	20223756	20223667	Deletion	89
X	20226751	20226672	Deletion	79
X	20226759	20226672	Deletion	87
X	20227646	20227587	Deletion	59
X	20228701	20228647	Deletion	54
X	20230726	20230616	Deletion	110
X	20238354	20238234	Deletion	120
X	20238354	20238256	Deletion	98
X	20238351	20238257	Deletion	94
X	20238354	20238284	Deletion	70
X	20238354	20238284	Deletion	70
X	20238354	20238314	Deletion	40
X	20238354	20238321	Deletion	33
X	20238947	20238843	Deletion	104
X	20238929	20238843	Deletion	86
X	20238899	20238843	Deletion	56
X	20238936	20238843	Deletion	93
X	20238899	20238843	Deletion	56
X	20238989	20238890	Deletion	99
X	20238989	20238899	Deletion	90
X	20238989	20238928	Deletion	61
X	20238989	20238930	Deletion	59
X	20240752	20240683	Deletion	69
X	20240721	20240683	Deletion	38
X	20240750	20240683	Deletion	67
X	20244222	20244116	Deletion	106
X	20244710	20244611	Deletion	99
X	20244720	20244611	Deletion	109
X	20247490	20247378	Deletion	112
X	20247490	20247381	Deletion	109
X	20247490	20247440	Deletion	50
X	20247490	20247457	Deletion	33
X	20247490	20247460	Deletion	30
X	20250442	20250319	Deletion	123
X	20250395	20250319	Deletion	76
X	20250412	20250319	Deletion	93
X	20250415	20250319	Deletion	96
X	20250437	20250319	Deletion	118
X	20262065	20261943	Deletion	122
X	20262065	20261958	Deletion	107
X	20262065	20261981	Deletion	84
X	20262065	20261986	Deletion	79
X	20262065	20261990	Deletion	75
X	20262065	20261990	Deletion	75
X	20262065	20261998	Deletion	67
X	20262065	20262004	Deletion	61
X	20262065	20262019	Deletion	46
X	20262065	20262029	Deletion	36
X	20265958	20265916	Deletion	42
X	20265967	20265916	Deletion	51
X	20265967	20265916	Deletion	51
X	20265996	20265916	Deletion	80
X	20266028	20265916	Deletion	112
X	20265981	20265916	Deletion	65
X	20266033	20265916	Deletion	117
X	20265975	20265916	Deletion	59
X	20266035	20265916	Deletion	119
X	20265963	20265916	Deletion	47
X	20266006	20265916	Deletion	90
X	20278713	20278592	Deletion	121
X	20278713	20278592	Deletion	121
X	20278713	20278593	Deletion	120
X	20278713	20278629	Deletion	84
X	20278713	20278665	Deletion	48
X	20279296	20279183	Deletion	113
X	20279262	20279183	Deletion	79
X	20279226	20279183	Deletion	43
X	20292704	20292587	Deletion	117
X	20292704	20292613	Deletion	91
X	20292704	20292625	Deletion	79
X	20293150	20293052	Deletion	98
X	20293138	20293052	Deletion	86
X	20302611	20302492	Deletion	119
X	20302611	20302508	Deletion	103
X	20302611	20302570	Deletion	41
X	20302995	20302959	Deletion	36
X	20303058	20302959	Deletion	99
X	20303007	20302959	Deletion	48
X	20336674	20336626	Deletion	48
X	20336674	20336627	Deletion	47
X	20336899	20336820	Deletion	79
X	20336898	20336820	Deletion	78
X	20348001	20347894	Deletion	107
X	20348001	20347920	Deletion	81
X	20348165	20348052	Deletion	113
X	20348097	20348052	Deletion	45
X	20369429	20369327	Deletion	102
X	20369429	20369343	Deletion	86
X	20369429	20369362	Deletion	67
X	20374855	20374795	Deletion	60
X	20374909	20374795	Deletion	114
X	20374918	20374795	Deletion	123
X	20374898	20374795	Deletion	103
X	20374836	20374795	Deletion	41
X	20377454	20377373	Deletion	81
X	20377463	20377373	Deletion	90
X	20383333	20383254	Deletion	79
X	20383333	20383282	Deletion	51
X	20383333	20383300	Deletion	33
X	20383333	20383302	Deletion	31
X	20383476	20383383	Deletion	93
X	20383481	20383383	Deletion	98
X	20383499	20383383	Deletion	116
X	20383478	20383383	Deletion	95
X	20383430	20383383	Deletion	47
X	20383458	20383383	Deletion	75
X	20387149	20387113	Deletion	36
X	20388951	20388869	Deletion	82
X	20388951	20388873	Deletion	78
X	20388951	20388887	Deletion	64
X	20388951	20388906	Deletion	45
X	20391310	20391266	Deletion	44
X	20391347	20391266	Deletion	81
X	20391328	20391266	Deletion	62
X	20391314	20391266	Deletion	48
X	20393004	20392961	Deletion	43
X	20393004	20392962	Deletion	42
X	20393578	20393494	Deletion	84
X	20393594	20393494	Deletion	100
X	20393577	20393494	Deletion	83
X	20398632	20398508	Deletion	124
X	20410745	20410624	Deletion	121
X	20410745	20410644	Deletion	101
X	20410745	20410649	Deletion	96
X	20410745	20410671	Deletion	74
X	20411000	20410902	Deletion	98
X	20411003	20410902	Deletion	101
X	20410932	20410902	Deletion	30
X	20410954	20410902	Deletion	52
X	20411012	20410902	Deletion	110
X	20411700	20411577	Deletion	123
X	20412840	20412740	Deletion	100
X	20412840	20412746	Deletion	94
X	20412840	20412755	Deletion	85
X	20412841	20412775	Deletion	66
X	20412932	20412891	Deletion	41
X	20412923	20412891	Deletion	32
X	20412994	20412891	Deletion	103
X	20413004	20412891	Deletion	113
X	20412952	20412892	Deletion	60
X	20444046	20443925	Deletion	121
X	20444046	20443927	Deletion	119
X	20444046	20443944	Deletion	102
X	20444046	20443949	Deletion	97
X	20444046	20443968	Deletion	78
X	20444046	20443984	Deletion	62
X	20444046	20443993	Deletion	53
X	20444046	20443996	Deletion	50
X	20444046	20444011	Deletion	35
X	20447310	20447218	Deletion	92
X	20447292	20447218	Deletion	74
X	20447267	20447218	Deletion	49
X	20447248	20447218	Deletion	30
X	20447295	20447218	Deletion	77
X	20447341	20447218	Deletion	123
X	20447332	20447218	Deletion	114
X	20447338	20447218	Deletion	120
X	20447283	20447218	Deletion	65
X	20450552	20450462	Deletion	90
X	20450552	20450504	Deletion	48
X	20468625	20468545	Deletion	80
X	20468655	20468545	Deletion	110
X	20468583	20468545	Deletion	38
X	20471687	20471563	Deletion	124
X	20471687	20471641	Deletion	46
X	20471967	20471853	Deletion	114
X	20471976	20471853	Deletion	123
X	20471934	20471853	Deletion	81
X	20472433	20472349	Deletion	84
X	20494313	20494270	Deletion	43
X	20504487	20504412	Deletion	75
X	20507927	20507805	Deletion	122
X	20507927	20507811	Deletion	116
X	20507927	20507826	Deletion	101
X	20507927	20507841	Deletion	86
X	20507927	20507871	Deletion	56
X	20507927	20507878	Deletion	49
X	20508605	20508535	Deletion	70
X	20508612	20508535	Deletion	77
X	20508640	20508535	Deletion	105
X	20508575	20508535	Deletion	40
X	20508638	20508535	Deletion	103
X	20509482	20509360	Deletion	122
X	20509482	20509366	Deletion	116
X	20509482	20509395	Deletion	87
X	20509482	20509420	Deletion	62
X	20509482	20509422	Deletion	60
X	20509482	20509437	Deletion	45
X	20510154	20510088	Deletion	66
X	20510152	20510088	Deletion	64
X	20510169	20510088	Deletion	81
X	20510190	20510088	Deletion	102
X	20510127	20510088	Deletion	39
X	20515230	20515131	Deletion	99
X	20515230	20515193	Deletion	37
X	20515230	20515200	Deletion	30
X	20516377	20516274	Deletion	103
X	20516385	20516274	Deletion	111
X	20516363	20516274	Deletion	89
X	20516370	20516274	Deletion	96
X	20516385	20516274	Deletion	111
X	20536182	20536069	Deletion	113
X	20536182	20536089	Deletion	93
X	20536182	20536111	Deletion	71
X	20536182	20536132	Deletion	50
X	20536182	20536146	Deletion	36
X	20536458	20536402	Deletion	56
X	20536493	20536402	Deletion	91
X	20536436	20536402	Deletion	34
X	20536479	20536402	Deletion	77
X	20536526	20536404	Deletion	122
X	20537665	20537549	Deletion	116
X	20537665	20537585	Deletion	80
X	20537665	20537626	Deletion	39
X	20538372	20538264	Deletion	108
X	20538310	20538264	Deletion	46
X	20538351	20538264	Deletion	87
X	20538372	20538267	Deletion	105
X	20538372	20538301	Deletion	71
X	20538372	20538305	Deletion	67
X	20538372	20538305	Deletion	67
X	20538372	20538325	Deletion	47
X	20538372	20538325	Deletion	47
X	20538372	20538342	Deletion	30
X	20543277	20543197	Deletion	80
X	20543309	20543197	Deletion	112
X	20543312	20543197	Deletion	115
X	20543257	20543197	Deletion	60
X	20543277	20543197	Deletion	80
X	20543253	20543197	Deletion	56
X	20543257	20543197	Deletion	60
X	20543294	20543197	Deletion	97
X	20544071	20543984	Deletion	87
X	20544071	20543984	Deletion	87
X	20544069	20543985	Deletion	84
X	20544071	20543993	Deletion	78
X	20545638	20545589	Deletion	49
X	20545637	20545598	Deletion	39
X	20545646	20545598	Deletion	48
X	20545637	20545598	Deletion	39
X	20564112	20563996	Deletion	116
X	20566345	20566229	Deletion	116
X	20566345	20566275	Deletion	70
X	20566345	20566290	Deletion	55
X	20566345	20566295	Deletion	50
X	20566345	20566300	Deletion	45
X	20572604	20572547	Deletion	57
X	20572624	20572547	Deletion	77
X	20572619	20572547	Deletion	72
X	20572629	20572547	Deletion	82
X	20592651	20592527	Deletion	124
X	20593498	20593374	Deletion	124
X	20593498	20593384	Deletion	114
X	20593498	20593405	Deletion	93
X	20593498	20593437	Deletion	61
X	20593498	20593443	Deletion	55
X	20593498	20593463	Deletion	35
X	20596560	20596495	Deletion	65
X	20596566	20596495	Deletion	71
X	20596586	20596495	Deletion	91
X	20596528	20596495	Deletion	33
X	20605275	20605158	Deletion	117
X	20605275	20605170	Deletion	105
X	20605275	20605179	Deletion	96
X	20605275	20605198	Deletion	77
X	20605275	20605241	Deletion	34
X	20612182	20612073	Deletion	109
X	20612167	20612073	Deletion	94
X	20612195	20612073	Deletion	122
X	20612189	20612073	Deletion	116
X	20612105	20612073	Deletion	32
X	20612124	20612073	Deletion	51
X	20650405	20650283	Deletion	122
X	20651082	20650992	Deletion	90
X	20651082	20651021	Deletion	61
X	20651082	20651024	Deletion	58
X	20651082	20651036	Deletion	46
X	20651082	20651049	Deletion	33
X	20651527	20651416	Deletion	111
X	20651485	20651416	Deletion	69
X	20651482	20651416	Deletion	66
X	20651510	20651416	Deletion	94
X	20651497	20651416	Deletion	81
X	20651453	20651416	Deletion	37
X	20664345	20664226	Deletion	119
X	20664345	20664248	Deletion	97
X	20664345	20664256	Deletion	89
X	20664345	20664259	Deletion	86
X	20664345	20664279	Deletion	66
X	20667272	20667235	Deletion	37
X	20667275	20667235	Deletion	40
X	20667295	20667235	Deletion	60
X	20688814	20688690	Deletion	124
X	20723091	20722980	Deletion	111
X	20723091	20723012	Deletion	79
X	20723091	20723045	Deletion	46
X	20723091	20723055	Deletion	36
X	20738653	20738562	Deletion	91
X	20738643	20738562	Deletion	81
X	20738610	20738562	Deletion	48
X	20738668	20738562	Deletion	106
X	20739728	20739606	Deletion	122
X	20739728	20739610	Deletion	118
X	20739728	20739643	Deletion	85
X	20739728	20739649	Deletion	79
X	20739728	20739667	Deletion	61
X	20739728	20739669	Deletion	59
X	20739728	20739670	Deletion	58
X	20739728	20739686	Deletion	42
X	20746180	20746139	Deletion	41
X	20746206	20746139	Deletion	67
X	20746186	20746139	Deletion	47
X	20746263	20746139	Deletion	124
X	20746207	20746139	Deletion	68
X	20746240	20746139	Deletion	101
X	20746204	20746139	Deletion	65
X	20746223	20746139	Deletion	84
X	20747222	20747100	Deletion	122
X	20761273	20761152	Deletion	121
X	20761700	20761576	Deletion	124
X	20767234	20767124	Deletion	110
X	20767234	20767139	Deletion	95
X	20767234	20767146	Deletion	88
X	20767234	20767162	Deletion	72
X	20767234	20767184	Deletion	50
X	20767234	20767186	Deletion	48
X	20769142	20769065	Deletion	77
X	20769167	20769065	Deletion	102
X	20769181	20769065	Deletion	116
X	20769104	20769065	Deletion	39
X	20769144	20769065	Deletion	79
X	20769097	20769065	Deletion	32
X	20769120	20769065	Deletion	55
X	20782330	20782229	Deletion	101
X	20782330	20782238	Deletion	92
X	20782330	20782247	Deletion	83
X	20782330	20782256	Deletion	74
X	20782330	20782265	Deletion	65
X	20782330	20782283	Deletion	47
X	20786172	20786092	Deletion	80
X	20786136	20786092	Deletion	44
X	20786154	20786092	Deletion	62
X	20786145	20786092	Deletion	53
X	20786127	20786092	Deletion	35
X	20786195	20786092	Deletion	103
X	20788185	20788087	Deletion	98
X	20788185	20788098	Deletion	87
X	20788185	20788114	Deletion	71
X	20788185	20788139	Deletion	46
X	20788185	20788142	Deletion	43
X	20788185	20788154	Deletion	31
X	20796375	20796345	Deletion	30
X	20796430	20796345	Deletion	85
X	20796427	20796345	Deletion	82
X	20796402	20796345	Deletion	57
X	20796386	20796345	Deletion	41
X	20796455	20796345	Deletion	110
X	20796442	20796345	Deletion	97
X	20796476	20796367	Deletion	109
X	20796476	20796390	Deletion	86
X	20796476	20796391	Deletion	85
X	20796476	20796401	Deletion	75
X	20796476	20796413	Deletion	63
X	20798724	20798683	Deletion	41
X	20798723	20798683	Deletion	40
X	20798795	20798683	Deletion	112
X	20798734	20798683	Deletion	51
X	20798799	20798683	Deletion	116
X	20798746	20798683	Deletion	63
X	20813473	20813361	Deletion	112
X	20813473	20813389	Deletion	84
X	20813473	20813399	Deletion	74
X	20813473	20813421	Deletion	52
X	20813473	20813430	Deletion	43
X	20813636	20813539	Deletion	97
X	20813622	20813539	Deletion	83
X	20813591	20813539	Deletion	52
X	20813613	20813539	Deletion	74
X	20813581	20813539	Deletion	42
X	20816249	20816157	Deletion	92
X	20816249	20816163	Deletion	86
X	20816249	20816165	Deletion	84
X	20816249	20816168	Deletion	81
X	20816246	20816178	Deletion	68
X	20816249	20816199	Deletion	50
X	20816249	20816200	Deletion	49
X	20816249	20816201	Deletion	48
X	20819926	20819848	Deletion	78
X	20819924	20819848	Deletion	76
X	20819890	20819848	Deletion	42
X	20819893	20819848	Deletion	45
X	20819925	20819848	Deletion	77
X	20819971	20819848	Deletion	123
X	20819888	20819848	Deletion	40
X	20819903	20819848	Deletion	55
X	20819966	20819848	Deletion	118
X	20824320	20824198	Deletion	122
X	20824320	20824201	Deletion	119
X	20824320	20824206	Deletion	114
X	20824320	20824230	Deletion	90
X	20824320	20824254	Deletion	66
X	20824320	20824277	Deletion	43
X	20824320	20824278	Deletion	42
X	20824487	20824403	Deletion	84
X	20824501	20824403	Deletion	98
X	20824440	20824403	Deletion	37
X	20824464	20824403	Deletion	61
X	20824523	20824403	Deletion	120
X	20824488	20824403	Deletion	85
X	20833632	20833531	Deletion	101
X	20833632	20833532	Deletion	100
X	20833632	20833538	Deletion	94
X	20833632	20833552	Deletion	80
X	20833632	20833559	Deletion	73
X	20833632	20833595	Deletion	37
X	20834069	20833952	Deletion	117
X	20834041	20833952	Deletion	89
X	20833984	20833952	Deletion	32
X	20833998	20833952	Deletion	46
X	20834005	20833952	Deletion	53
X	20840898	20840786	Deletion	112
X	20841020	20840914	Deletion	106
X	20920313	20920217	Deletion	96
X	20920313	20920231	Deletion	82
X	20920313	20920263	Deletion	50
X	20920313	20920264	Deletion	49
X	20921751	20921719	Deletion	32
X	20921765	20921719	Deletion	46
X	20921797	20921719	Deletion	78
X	20921798	20921719	Deletion	79
X	20921813	20921719	Deletion	94
X	20921813	20921724	Deletion	89
X	20921813	20921729	Deletion	84
X	20921813	20921734	Deletion	79
X	20921813	20921762	Deletion	51
X	20921813	20921773	Deletion	40
X	20921813	20921780	Deletion	33
X	20922248	20922205	Deletion	43
X	20922299	20922205	Deletion	94
X	20922243	20922205	Deletion	38
X	20922281	20922205	Deletion	76
X	20922253	20922205	Deletion	48
X	20922292	20922205	Deletion	87
X	20925205	20925081	Deletion	124
X	20925205	20925091	Deletion	114
X	20925205	20925096	Deletion	109
X	20925205	20925099	Deletion	106
X	20925205	20925117	Deletion	88
X	20925205	20925161	Deletion	44
X	20930601	20930563	Deletion	38
X	20930645	20930563	Deletion	82
X	20930677	20930563	Deletion	114
X	20932659	20932621	Deletion	38
X	20932659	20932625	Deletion	34
X	20940580	20940486	Deletion	94
X	20940576	20940486	Deletion	90
X	20940593	20940486	Deletion	107
X	20942182	20942099	Deletion	83
X	20948991	20948959	Deletion	32
X	20950510	20950388	Deletion	122
X	20950487	20950388	Deletion	99
X	20957733	20957654	Deletion	79
X	20958501	20958456	Deletion	45
X	20958490	20958456	Deletion	34
X	20959129	20959093	Deletion	36
X	20960096	20960045	Deletion	51
X	20961261	20961172	Deletion	89
X	20962696	20962580	Deletion	116
X	20962665	20962580	Deletion	85
X	20962690	20962580	Deletion	110
X	20964932	20964833	Deletion	99
X	20964932	20964834	Deletion	98
X	20964932	20964852	Deletion	80
X	20964932	20964868	Deletion	64
X	20964932	20964883	Deletion	49
X	20971349	20971242	Deletion	107
X	20971304	20971242	Deletion	62
X	20971319	20971242	Deletion	77
X	20971288	20971242	Deletion	46
X	20971365	20971242	Deletion	123
X	20972788	20972672	Deletion	116
X	20972788	20972683	Deletion	105
X	20972788	20972712	Deletion	76
X	20972788	20972731	Deletion	57
X	20973367	20973317	Deletion	50
X	20973386	20973317	Deletion	69
X	20983630	20983507	Deletion	123
X	20996115	20996032	Deletion	83
X	20996115	20996034	Deletion	81
X	20996115	20996045	Deletion	70
X	20996115	20996070	Deletion	45
X	20996115	20996072	Deletion	43
X	20996115	20996083	Deletion	32
X	20997172	20997127	Deletion	45
X	20997223	20997127	Deletion	96
X	20997229	20997127	Deletion	102
X	20997185	20997127	Deletion	58
X	20997210	20997127	Deletion	83
X	20997248	20997127	Deletion	121
X	20997212	20997127	Deletion	85
X	20997174	20997127	Deletion	47
X	21002118	21001997	Deletion	121
X	21002118	21002005	Deletion	113
X	21002118	21002007	Deletion	111
X	21002118	21002009	Deletion	109
X	21002118	21002055	Deletion	63
X	21002118	21002061	Deletion	57
X	21002118	21002063	Deletion	55
X	21005890	21005818	Deletion	72
X	21005888	21005818	Deletion	70
X	21005882	21005818	Deletion	64
X	21014293	21014180	Deletion	113
X	21014293	21014257	Deletion	36
X	21014488	21014397	Deletion	91
X	21014511	21014397	Deletion	114
X	21014508	21014397	Deletion	111
X	21014499	21014397	Deletion	102
X	21014510	21014397	Deletion	113
X	21021649	21021530	Deletion	119
X	21021649	21021531	Deletion	118
X	21021649	21021555	Deletion	94
X	21021649	21021569	Deletion	80
X	21021649	21021571	Deletion	78
X	21021649	21021574	Deletion	75
X	21021649	21021581	Deletion	68
X	21021649	21021594	Deletion	55
X	21028126	21028027	Deletion	99
X	21028138	21028027	Deletion	111
X	21028140	21028027	Deletion	113
X	21028059	21028027	Deletion	32
X	21028098	21028027	Deletion	71
X	21028078	21028027	Deletion	51
X	21028075	21028027	Deletion	48
X	21028085	21028027	Deletion	58
X	21028073	21028027	Deletion	46
X	21033621	21033507	Deletion	114
X	21033621	21033523	Deletion	98
X	21033621	21033525	Deletion	96
X	21034156	21034036	Deletion	120
X	21034111	21034036	Deletion	75
X	21034122	21034036	Deletion	86
X	21034150	21034036	Deletion	114
X	21034066	21034036	Deletion	30
X	21046546	21046468	Deletion	78
X	21046546	21046492	Deletion	54
X	21046546	21046506	Deletion	40
X	21046546	21046513	Deletion	33
X	21051373	21051301	Deletion	72
X	21051407	21051301	Deletion	106
X	21051408	21051301	Deletion	107
X	21051394	21051301	Deletion	93
X	21051349	21051301	Deletion	48
X	21051414	21051301	Deletion	113
X	21051387	21051301	Deletion	86
X	21096737	21096616	Deletion	121
X	21096737	21096621	Deletion	116
X	21096737	21096629	Deletion	108
X	21097424	21097374	Deletion	50
X	21112963	21112860	Deletion	103
X	21112963	21112883	Deletion	80
X	21112963	21112902	Deletion	61
X	21112963	21112923	Deletion	40
X	21112963	21112924	Deletion	39
X	21112963	21112932	Deletion	31
X	21113715	21113627	Deletion	88
X	21113693	21113627	Deletion	66
X	21113674	21113627	Deletion	47
X	21113714	21113627	Deletion	87
X	21113733	21113627	Deletion	106
X	21113723	21113627	Deletion	96
X	21113738	21113627	Deletion	111
X	21113746	21113627	Deletion	119
X	21114221	21114107	Deletion	114
X	21114221	21114111	Deletion	110
X	21114221	21114132	Deletion	89
X	21114221	21114139	Deletion	82
X	21114221	21114140	Deletion	81
X	21114221	21114148	Deletion	73
X	21114221	21114178	Deletion	43
X	21114221	21114185	Deletion	36
X	21114221	21114185	Deletion	36
X	21127550	21127433	Deletion	117
X	21127525	21127433	Deletion	92
X	21127533	21127433	Deletion	100
X	21127472	21127433	Deletion	39
X	21127479	21127433	Deletion	46
X	21127525	21127433	Deletion	92
X	21127488	21127433	Deletion	55
X	21127518	21127433	Deletion	85
X	21127480	21127433	Deletion	47
X	21132472	21132376	Deletion	96
X	21132472	21132442	Deletion	30
X	21132751	21132654	Deletion	97
X	21132685	21132654	Deletion	31
X	21143224	21143110	Deletion	114
X	21143224	21143136	Deletion	88
X	21143224	21143182	Deletion	42
X	21146578	21146538	Deletion	40
X	21148877	21148776	Deletion	101
X	21148835	21148776	Deletion	59
X	21148889	21148776	Deletion	113
X	21148817	21148776	Deletion	41
X	21148861	21148776	Deletion	85
X	21148897	21148776	Deletion	121
X	21160034	21159995	Deletion	39
X	21168834	21168766	Deletion	68
X	21168852	21168766	Deletion	86
X	21172376	21172325	Deletion	51
X	21172528	21172426	Deletion	102
X	21172501	21172426	Deletion	75
X	21181053	21180932	Deletion	121
X	21208007	21207940	Deletion	67
X	21208007	21207944	Deletion	63
X	21208007	21207965	Deletion	42
X	21208007	21207973	Deletion	34
X	21217058	21216941	Deletion	117
X	21217054	21216941	Deletion	113
X	21217033	21216941	Deletion	92
X	21217004	21216941	Deletion	63
X	21217025	21216941	Deletion	84
X	21217000	21216941	Deletion	59
X	21255203	21255170	Deletion	33
X	21259333	21259264	Deletion	69
X	21259333	21259276	Deletion	57
X	21261153	21261083	Deletion	70
X	21261189	21261083	Deletion	106
X	21261141	21261083	Deletion	58
X	21261200	21261083	Deletion	117
X	21265575	21265504	Deletion	71
X	21268414	21268355	Deletion	59
X	21279286	21279164	Deletion	122
X	21279307	21279186	Deletion	121
X	21281071	21280950	Deletion	121
X	21281071	21280959	Deletion	112
X	21281071	21280970	Deletion	101
X	21281071	21280978	Deletion	93
X	21281071	21280993	Deletion	78
X	21281071	21280993	Deletion	78
X	21281071	21281000	Deletion	71
X	21281470	21281436	Deletion	34
X	21281555	21281436	Deletion	119
X	21281485	21281436	Deletion	49
X	21281485	21281436	Deletion	49
X	21281492	21281436	Deletion	56
X	21281555	21281436	Deletion	119
X	21290818	21290696	Deletion	122
X	21290818	21290729	Deletion	89
X	21290818	21290740	Deletion	78
X	21290818	21290755	Deletion	63
X	21293470	21293422	Deletion	48
X	21293459	21293422	Deletion	37
X	21293485	21293422	Deletion	63
X	21298993	21298882	Deletion	111
X	21298993	21298887	Deletion	106
X	21298993	21298900	Deletion	93
X	21298993	21298915	Deletion	78
X	21298993	21298921	Deletion	72
X	21298991	21298926	Deletion	65
X	21298993	21298943	Deletion	50
X	21300855	21300803	Deletion	52
X	21300919	21300803	Deletion	116
X	21300883	21300803	Deletion	80
X	21300906	21300803	Deletion	103
X	21300840	21300803	Deletion	37
X	21300861	21300803	Deletion	58
X	21300866	21300806	Deletion	60
X	21325198	21325103	Deletion	95
X	21325198	21325106	Deletion	92
X	21325197	21325113	Deletion	84
X	21325198	21325120	Deletion	78
X	21325447	21325337	Deletion	110
X	21325443	21325337	Deletion	106
X	21325385	21325337	Deletion	48
X	21325368	21325337	Deletion	31
X	21325371	21325337	Deletion	34
X	21325378	21325337	Deletion	41
X	21336203	21336103	Deletion	100
X	21336203	21336111	Deletion	92
X	21336203	21336137	Deletion	66
X	21336203	21336142	Deletion	61
X	21336203	21336143	Deletion	60
X	21336203	21336161	Deletion	42
X	21336203	21336166	Deletion	37
X	21336203	21336167	Deletion	36
X	21341228	21341137	Deletion	91
X	21341245	21341137	Deletion	108
X	21341198	21341137	Deletion	61
X	21341222	21341137	Deletion	85
X	21341172	21341137	Deletion	35
X	21341203	21341137	Deletion	66
X	21341204	21341137	Deletion	67
X	21341227	21341137	Deletion	90
X	21369424	21369312	Deletion	112
X	21376045	21375921	Deletion	124
X	21376045	21375938	Deletion	107
X	21376045	21375945	Deletion	100
X	21376045	21375972	Deletion	73
X	21376045	21376005	Deletion	40
X	21376045	21376007	Deletion	38
X	21382789	21382688	Deletion	101
X	21382774	21382688	Deletion	86
X	21382776	21382688	Deletion	88
X	21382741	21382688	Deletion	53
X	21382791	21382688	Deletion	103
X	21384470	21384383	Deletion	87
X	21384470	21384390	Deletion	80
X	21384470	21384392	Deletion	78
X	21384470	21384412	Deletion	58
X	21384470	21384426	Deletion	44
X	21384470	21384431	Deletion	39
X	21384470	21384437	Deletion	33
X	21390288	21390195	Deletion	93
X	21390277	21390195	Deletion	82
X	21390282	21390195	Deletion	87
X	21390258	21390195	Deletion	63
X	21390316	21390195	Deletion	121
X	21390234	21390195	Deletion	39
X	21390308	21390195	Deletion	113
X	21390241	21390195	Deletion	46
X	21390243	21390195	Deletion	48
X	21404511	21404394	Deletion	117
X	21404511	21404398	Deletion	113
X	21404506	21404399	Deletion	107
X	21404511	21404400	Deletion	111
X	21404511	21404418	Deletion	93
X	21404511	21404432	Deletion	79
X	21405304	21405190	Deletion	114
X	21405289	21405190	Deletion	99
X	21405224	21405190	Deletion	34
X	21405238	21405190	Deletion	48
X	21412558	21412434	Deletion	124
X	21412796	21412684	Deletion	112
X	21412796	21412700	Deletion	96
X	21412796	21412716	Deletion	80
X	21412796	21412721	Deletion	75
X	21412796	21412734	Deletion	62
X	21413126	21413061	Deletion	65
X	21413113	21413061	Deletion	52
X	21413092	21413061	Deletion	31
X	21413108	21413061	Deletion	47
X	21430472	21430348	Deletion	124
X	21430472	21430361	Deletion	111
X	21430472	21430365	Deletion	107
X	21430472	21430382	Deletion	90
X	21430472	21430393	Deletion	79
X	21430472	21430399	Deletion	73
X	21430472	21430415	Deletion	57
X	21430472	21430423	Deletion	49
X	21430472	21430438	Deletion	34
X	21460022	21459909	Deletion	113
X	21460409	21460296	Deletion	113
X	21460326	21460296	Deletion	30
X	21460411	21460296	Deletion	115
X	21460418	21460296	Deletion	122
X	21463330	21463252	Deletion	78
X	21463373	21463252	Deletion	121
X	21463345	21463252	Deletion	93
X	21472027	21471907	Deletion	120
X	21472054	21471931	Deletion	123
X	21478913	21478805	Deletion	108
X	21478913	21478833	Deletion	80
X	21478913	21478865	Deletion	48
X	21479351	21479235	Deletion	116
X	21479358	21479235	Deletion	123
X	21479282	21479235	Deletion	47
X	21479314	21479235	Deletion	79
X	21508191	21508072	Deletion	119
X	21508191	21508072	Deletion	119
X	21508191	21508075	Deletion	116
X	21508191	21508079	Deletion	112
X	21508191	21508082	Deletion	109
X	21508191	21508086	Deletion	105
X	21508191	21508100	Deletion	91
X	21508191	21508101	Deletion	90
X	21509040	21509004	Deletion	36
X	21509039	21509004	Deletion	35
X	21526152	21526035	Deletion	117
X	21526823	21526735	Deletion	88
X	21526811	21526735	Deletion	76
X	21528530	21528447	Deletion	83
X	21531628	21531570	Deletion	58
X	21536050	21535974	Deletion	76
X	21536303	21536189	Deletion	114
X	21538004	21537893	Deletion	111
X	21538004	21537912	Deletion	92
X	21542304	21542261	Deletion	43
X	21543548	21543480	Deletion	68
X	21543808	21543751	Deletion	57
X	21544998	21544945	Deletion	53
X	21546533	21546428	Deletion	105
X	21546517	21546449	Deletion	68
X	21550319	21550257	Deletion	62
X	21550646	21550605	Deletion	41
X	21551325	21551288	Deletion	37
X	21551935	21551815	Deletion	120
X	21560438	21560315	Deletion	123
X	21567668	21567545	Deletion	123
X	21567668	21567588	Deletion	80
X	21567668	21567630	Deletion	38
X	21568002	21567914	Deletion	88
X	21567960	21567914	Deletion	46
X	21576095	21575978	Deletion	117
X	21577104	21576983	Deletion	121
X	21577104	21577015	Deletion	89
X	21577104	21577025	Deletion	79
X	21577104	21577028	Deletion	76
X	21577104	21577041	Deletion	63
X	21577104	21577070	Deletion	34
X	21577491	21577394	Deletion	97
X	21577457	21577394	Deletion	63
X	21577486	21577394	Deletion	92
X	21577431	21577394	Deletion	37
X	21577441	21577394	Deletion	47
X	21577444	21577394	Deletion	50
X	21585562	21585438	Deletion	124
X	21585562	21585448	Deletion	114
X	21585562	21585507	Deletion	55
X	21585562	21585509	Deletion	53
X	21585562	21585515	Deletion	47
X	21587463	21587390	Deletion	73
X	21587511	21587390	Deletion	121
X	21587461	21587390	Deletion	71
X	21587469	21587390	Deletion	79
X	21587488	21587390	Deletion	98
X	21596305	21596240	Deletion	65
X	21596333	21596240	Deletion	93
X	21605288	21605216	Deletion	72
X	21605808	21605754	Deletion	54
X	21605874	21605754	Deletion	120
X	21605863	21605754	Deletion	109
X	21605854	21605754	Deletion	100
X	21607827	21607766	Deletion	61
X	21607808	21607766	Deletion	42
X	21609397	21609276	Deletion	121
X	21610223	21610100	Deletion	123
X	21610398	21610293	Deletion	105
X	21610398	21610339	Deletion	59
X	21610776	21610745	Deletion	31
X	21612434	21612349	Deletion	85
X	21612434	21612366	Deletion	68
X	21613924	21613858	Deletion	66
X	21613919	21613858	Deletion	61
X	21613979	21613858	Deletion	121
X	21616490	21616380	Deletion	110
X	21616490	21616393	Deletion	97
X	21616490	21616394	Deletion	96
X	21616490	21616410	Deletion	80
X	21616490	21616412	Deletion	78
X	21616867	21616837	Deletion	30
X	21616886	21616837	Deletion	49
X	21616884	21616837	Deletion	47
X	21618526	21618424	Deletion	102
X	21618526	21618460	Deletion	66
X	21618526	21618460	Deletion	66
X	21618526	21618465	Deletion	61
X	21620048	21619950	Deletion	98
X	21620009	21619950	Deletion	59
X	21621407	21621285	Deletion	122
X	21623013	21622945	Deletion	68
X	21623069	21622945	Deletion	124
X	21625367	21625245	Deletion	122
X	21625367	21625251	Deletion	116
X	21625491	21625369	Deletion	122
X	21625491	21625398	Deletion	93
X	21625491	21625407	Deletion	84
X	21625491	21625414	Deletion	77
X	21625491	21625423	Deletion	68
X	21625491	21625425	Deletion	66
X	21631419	21631369	Deletion	50
X	21631472	21631369	Deletion	103
X	21631430	21631369	Deletion	61
X	21631412	21631369	Deletion	43
X	21631403	21631369	Deletion	34
X	21631428	21631369	Deletion	59
X	21631481	21631369	Deletion	112
X	21631488	21631369	Deletion	119
X	21640382	21640338	Deletion	44
X	21643088	21642973	Deletion	115
X	21643452	21643346	Deletion	106
X	21645809	21645716	Deletion	93
X	21648192	21648116	Deletion	76
X	21652240	21652141	Deletion	99
X	21654958	21654853	Deletion	105
X	21655467	21655434	Deletion	33
X	21655501	21655441	Deletion	60
X	21660843	21660722	Deletion	121
X	21663280	21663246	Deletion	34
X	21664691	21664633	Deletion	58
X	21665624	21665503	Deletion	121
X	21665845	21665810	Deletion	35
X	21670014	21669907	Deletion	107
X	21670014	21669907	Deletion	107
X	21670014	21669957	Deletion	57
X	21670014	21669968	Deletion	46
X	21670670	21670638	Deletion	32
X	21670714	21670638	Deletion	76
X	21670677	21670638	Deletion	39
X	21670709	21670638	Deletion	71
X	21670716	21670638	Deletion	78
X	21671228	21671112	Deletion	116
X	21671228	21671112	Deletion	116
X	21671181	21671112	Deletion	69
X	21671192	21671112	Deletion	80
X	21673242	21673162	Deletion	80
X	21674123	21674020	Deletion	103
X	21675050	21674998	Deletion	52
X	21678333	21678215	Deletion	118
X	21679810	21679751	Deletion	59
X	21679816	21679762	Deletion	54
X	21680951	21680877	Deletion	74
X	21680976	21680879	Deletion	97
X	21682586	21682530	Deletion	56
X	21684922	21684872	Deletion	50
X	21685356	21685323	Deletion	33
X	21688033	21687910	Deletion	123
X	21687994	21687920	Deletion	74
X	21688065	21687968	Deletion	97
X	21690139	21690060	Deletion	79
X	21692491	21692452	Deletion	39
X	21695242	21695193	Deletion	49
X	21695343	21695234	Deletion	109
X	21695475	21695398	Deletion	77
X	21695572	21695469	Deletion	103
X	21698461	21698385	Deletion	76
X	21701193	21701070	Deletion	123
X	21701695	21701657	Deletion	38
X	21702988	21702884	Deletion	104
X	21703380	21703282	Deletion	98
X	21710221	21710160	Deletion	61
X	21716979	21716864	Deletion	115
X	21719057	21718997	Deletion	60
X	21722667	21722581	Deletion	86
X	21723268	21723205	Deletion	63
X	21723402	21723279	Deletion	123
X	21723867	21723830	Deletion	37
X	21724096	21724047	Deletion	49
X	21725131	21725010	Deletion	121
X	21727529	21727417	Deletion	112
X	21729348	21729307	Deletion	41
X	21731018	21730898	Deletion	120
X	21731018	21730913	Deletion	105
X	21731018	21730919	Deletion	99
X	21731322	21731272	Deletion	50
X	21731351	21731272	Deletion	79
X	21733907	21733839	Deletion	68
X	21742516	21742394	Deletion	122
X	21744460	21744342	Deletion	118
X	21748364	21748243	Deletion	121
X	21748365	21748243	Deletion	122
X	21748341	21748243	Deletion	98
X	21760544	21760463	Deletion	81
X	21763778	21763746	Deletion	32
X	21775203	21775096	Deletion	107
X	21777696	21777662	Deletion	34
X	21784406	21784295	Deletion	111
X	21784405	21784295	Deletion	110
X	21787004	21786972	Deletion	32
X	21794463	21794381	Deletion	82
X	21794460	21794407	Deletion	53
X	21794463	21794416	Deletion	47
X	21796184	21796090	Deletion	94
X	21796184	21796141	Deletion	43
X	21796535	21796436	Deletion	99
X	21796521	21796436	Deletion	85
X	21796537	21796436	Deletion	101
X	21798166	21798045	Deletion	121
X	21798166	21798094	Deletion	72
X	21798166	21798095	Deletion	71
X	21798166	21798127	Deletion	39
X	21799524	21799489	Deletion	35
X	21800859	21800812	Deletion	47
X	21802136	21802046	Deletion	90
X	21803087	21803005	Deletion	82
X	21803178	21803119	Deletion	59
X	21803188	21803144	Deletion	44
X	21803686	21803590	Deletion	96
X	21804064	21803954	Deletion	110
X	21805849	21805804	Deletion	45
X	21805849	21805806	Deletion	43
X	21806739	21806670	Deletion	69
X	21806897	21806843	Deletion	54
X	21813340	21813243	Deletion	97
X	21813364	21813243	Deletion	121
X	21817735	21817614	Deletion	121
X	21817735	21817631	Deletion	104
X	21817735	21817632	Deletion	103
X	21818567	21818468	Deletion	99
X	21821802	21821696	Deletion	106
X	21823503	21823384	Deletion	119
X	21828101	21828056	Deletion	45
X	21830749	21830704	Deletion	45
X	21833080	21832963	Deletion	117
X	21833080	21833006	Deletion	74
X	21833226	21833131	Deletion	95
X	21834092	21834006	Deletion	86
X	21834535	21834501	Deletion	34
X	21839704	21839673	Deletion	31
X	21840491	21840369	Deletion	122
X	21843450	21843355	Deletion	95
X	21843450	21843366	Deletion	84
X	21844517	21844474	Deletion	43
X	21844562	21844474	Deletion	88
X	21848482	21848444	Deletion	38
X	21854465	21854356	Deletion	109
X	21854465	21854361	Deletion	104
X	21854465	21854375	Deletion	90
X	21854465	21854377	Deletion	88
X	21854465	21854414	Deletion	51
X	21854465	21854433	Deletion	32
X	21856100	21856024	Deletion	76
X	21856119	21856024	Deletion	95
X	21857762	21857649	Deletion	113
X	21857757	21857701	Deletion	56
X	21857762	21857725	Deletion	37
X	21859626	21859591	Deletion	35
X	21859674	21859591	Deletion	83
X	21863964	21863899	Deletion	65
X	21864680	21864642	Deletion	38
X	21872490	21872432	Deletion	58
X	21872543	21872432	Deletion	111
X	21872489	21872432	Deletion	57
X	21873424	21873384	Deletion	40
X	21873515	21873423	Deletion	92
X	21874023	21873925	Deletion	98
X	21874023	21873956	Deletion	67
X	21874350	21874291	Deletion	59
X	21876186	21876077	Deletion	109
X	21876186	21876093	Deletion	93
X	21883175	21883064	Deletion	111
X	21883175	21883097	Deletion	78
X	21884094	21884009	Deletion	85
X	21884084	21884009	Deletion	75
X	21886034	21885911	Deletion	123
X	21888134	21888093	Deletion	41
X	21889397	21889349	Deletion	48
X	21889501	21889456	Deletion	45
X	21891939	21891858	Deletion	81
X	21891939	21891861	Deletion	78
X	21893275	21893155	Deletion	120
X	21893427	21893385	Deletion	42
X	21895586	21895550	Deletion	36
X	21900417	21900327	Deletion	90
X	21901326	21901277	Deletion	49
X	21901761	21901639	Deletion	122
X	21902130	21902084	Deletion	46
X	21903589	21903519	Deletion	70
X	21907215	21907100	Deletion	115
X	21907215	21907114	Deletion	101
X	21907215	21907118	Deletion	97
X	21907215	21907126	Deletion	89
X	21907215	21907154	Deletion	61
X	21907215	21907162	Deletion	53
X	21907215	21907166	Deletion	49
X	21907215	21907169	Deletion	46
X	21907370	21907315	Deletion	55
X	21907347	21907315	Deletion	32
X	21907434	21907315	Deletion	119
X	21907358	21907315	Deletion	43
X	21908639	21908535	Deletion	104
X	21908639	21908541	Deletion	98
X	21908639	21908554	Deletion	85
X	21908639	21908581	Deletion	58
X	21908639	21908588	Deletion	51
X	21910779	21910722	Deletion	57
X	21912325	21912283	Deletion	42
X	21912377	21912283	Deletion	94
X	21916371	21916280	Deletion	91
X	21918557	21918440	Deletion	117
X	21918557	21918457	Deletion	100
X	21918557	21918522	Deletion	35
X	21921543	21921509	Deletion	34
X	21921841	21921757	Deletion	84
X	21921837	21921757	Deletion	80
X	21921849	21921757	Deletion	92
X	21921866	21921757	Deletion	109
X	21923402	21923281	Deletion	121
X	21923402	21923289	Deletion	113
X	21923918	21923810	Deletion	108
X	21926344	21926294	Deletion	50
X	21937117	21937077	Deletion	40
X	21942042	21942003	Deletion	39
X	21947960	21947838	Deletion	122
X	21952421	21952370	Deletion	51
X	21959012	21958926	Deletion	86
X	21961246	21961135	Deletion	111
X	21961246	21961139	Deletion	107
X	21961246	21961140	Deletion	106
X	21961246	21961151	Deletion	95
X	21961246	21961159	Deletion	87
X	21961246	21961177	Deletion	69
X	21961246	21961187	Deletion	59
X	21961246	21961190	Deletion	56
X	21962039	21962000	Deletion	39
X	21962120	21962000	Deletion	120
X	21962031	21962000	Deletion	31
X	21962116	21962000	Deletion	116
X	21962070	21962000	Deletion	70
X	21962057	21962000	Deletion	57
X	21962067	21962000	Deletion	67
X	21964958	21964918	Deletion	40
X	21968054	21968006	Deletion	48
X	21969420	21969346	Deletion	74
X	21976970	21976912	Deletion	58
X	21979933	21979809	Deletion	124
X	21983422	21983369	Deletion	53
X	21988183	21988146	Deletion	37
X	21989884	21989782	Deletion	102
X	21990754	21990718	Deletion	36
X	21996201	21996156	Deletion	45
X	21996449	21996342	Deletion	107
X	21998865	21998820	Deletion	45
X	21998932	21998885	Deletion	47
X	22004553	22004442	Deletion	111
X	22004553	22004466	Deletion	87
X	22004553	22004499	Deletion	54
X	22004553	22004534	Deletion	19
X	22008120	22008015	Deletion	105
X	22008120	22008019	Deletion	101
X	22008120	22008019	Deletion	101
X	22008283	22008186	Deletion	97
X	22008283	22008186	Deletion	97
X	22010795	22010676	Deletion	119
X	22011231	22011136	Deletion	95
X	22024151	22024043	Deletion	108
X	22027230	22027151	Deletion	79
X	22029297	22029179	Deletion	118
X	22030739	22030620	Deletion	119
X	22030739	22030664	Deletion	75
X	22031177	22031079	Deletion	98
X	22031185	22031079	Deletion	106
X	22034251	22034217	Deletion	34
X	22034619	22034573	Deletion	46
X	22040712	22040603	Deletion	109
X	22040712	22040613	Deletion	99
X	22040712	22040627	Deletion	85
X	22040712	22040662	Deletion	50
X	22040712	22040666	Deletion	46
X	22040933	22040852	Deletion	81
X	22041672	22041552	Deletion	120
X	22043236	22043189	Deletion	47
X	22049433	22049312	Deletion	121
X	22051736	22051660	Deletion	76
X	22053245	22053152	Deletion	93
X	22063600	22063494	Deletion	106
X	22063600	22063532	Deletion	68
X	22063812	22063774	Deletion	38
X	22063822	22063774	Deletion	48
X	22064112	22064031	Deletion	81
X	22065060	22064991	Deletion	69
X	22067362	22067283	Deletion	79
X	22069979	22069917	Deletion	62
X	22076914	22076837	Deletion	77
X	22078905	22078783	Deletion	122
X	22079126	22079096	Deletion	30
X	22079272	22079192	Deletion	80
X	22082134	22082040	Deletion	94
X	22082244	22082137	Deletion	107
X	22087029	22086950	Deletion	79
X	22088333	22088264	Deletion	69
X	22089532	22089491	Deletion	41
X	22090396	22090334	Deletion	62
X	22093483	22093402	Deletion	81
X	22095064	22094991	Deletion	73
X	22097588	22097475	Deletion	113
X	22097593	22097475	Deletion	118
X	22097587	22097499	Deletion	88
X	22099735	22099680	Deletion	55
X	22104600	22104493	Deletion	107
X	22104574	22104493	Deletion	81
X	22105576	22105524	Deletion	52
X	22106753	22106630	Deletion	123
X	22108107	22108000	Deletion	107
X	22108671	22108630	Deletion	41
X	22109124	22109031	Deletion	93
X	22110260	22110178	Deletion	82
X	22110761	22110639	Deletion	122
X	22113232	22113137	Deletion	95
X	22113232	22113150	Deletion	82
X	22113232	22113169	Deletion	63
X	22113232	22113193	Deletion	39
X	22113232	22113196	Deletion	36
X	22113232	22113197	Deletion	35
X	22120222	22120132	Deletion	90
X	22120195	22120132	Deletion	63
X	22120219	22120132	Deletion	87
X	22120223	22120132	Deletion	91
X	22120163	22120132	Deletion	31
X	22120176	22120132	Deletion	44
X	22120662	22120626	Deletion	36
X	22128171	22128097	Deletion	74
X	22131696	22131575	Deletion	121
X	22135735	22135669	Deletion	66
X	22137429	22137368	Deletion	61
X	22137484	22137368	Deletion	116
X	22143362	22143310	Deletion	52
X	22147999	22147897	Deletion	102
X	22149503	22149443	Deletion	60
X	22152194	22152086	Deletion	108
X	22152133	22152086	Deletion	47
X	22153052	22152939	Deletion	113
X	22154628	22154513	Deletion	115
X	22157455	22157356	Deletion	99
X	22158046	22158000	Deletion	46
X	22159027	22158953	Deletion	74
X	22159581	22159490	Deletion	91
X	22161469	22161411	Deletion	58
X	22163350	22163247	Deletion	103
X	22163364	22163247	Deletion	117
X	22164580	22164528	Deletion	52
X	22167229	22167161	Deletion	68
X	22167814	22167778	Deletion	36
X	22168919	22168839	Deletion	80
X	22171181	22171068	Deletion	113
X	22171181	22171135	Deletion	46
X	22172945	22172877	Deletion	68
X	22172945	22172889	Deletion	56
X	22173789	22173721	Deletion	68
X	22177478	22177383	Deletion	95
X	22177462	22177383	Deletion	79
X	22182322	22182272	Deletion	50
X	22184107	22183992	Deletion	115
X	22184481	22184377	Deletion	104
X	22187590	22187496	Deletion	94
X	22191574	22191521	Deletion	53
X	22192522	22192399	Deletion	123
X	22193453	22193353	Deletion	100
X	22194262	22194149	Deletion	113
X	22197008	22196974	Deletion	34
X	22197333	22197258	Deletion	75
X	22197556	22197498	Deletion	58
X	22199266	22199234	Deletion	32
X	22200724	22200605	Deletion	119
X	22200724	22200607	Deletion	117
X	22204752	22204671	Deletion	81
X	22204889	22204805	Deletion	84
X	22205044	22204951	Deletion	93
X	22209237	22209156	Deletion	81
X	22219326	22219280	Deletion	46
X	22220784	22220717	Deletion	67
X	22222625	22222546	Deletion	79
X	22226407	22226291	Deletion	116
X	22227709	22227639	Deletion	70
X	22231874	22231771	Deletion	103
X	22231874	22231772	Deletion	102
X	22231874	22231827	Deletion	47
X	22237754	22237631	Deletion	123
X	22240945	22240822	Deletion	123
X	22241782	22241716	Deletion	66
X	22246428	22246320	Deletion	108
X	22246586	22246478	Deletion	108
X	22246759	22246659	Deletion	100
X	22247724	22247666	Deletion	58
X	22248458	22248407	Deletion	51
X	22250622	22250512	Deletion	110
X	22250622	22250522	Deletion	100
X	22250622	22250542	Deletion	80
X	22250622	22250548	Deletion	74
X	22252698	22252619	Deletion	79
X	22257620	22257497	Deletion	123
X	22257620	22257498	Deletion	122
X	22257620	22257537	Deletion	83
X	22257620	22257538	Deletion	82
X	22257620	22257544	Deletion	76
X	22257620	22257549	Deletion	71
X	22259603	22259551	Deletion	52
X	22259596	22259551	Deletion	45
X	22259668	22259551	Deletion	117
X	22259608	22259551	Deletion	57
X	22259597	22259551	Deletion	46
X	22260554	22260442	Deletion	112
X	22260554	22260449	Deletion	105
X	22260554	22260480	Deletion	74
X	22260554	22260494	Deletion	60
X	22260554	22260501	Deletion	53
X	22260746	22260654	Deletion	92
X	22260733	22260654	Deletion	79
X	22263436	22263326	Deletion	110
X	22263436	22263326	Deletion	110
X	22263845	22263804	Deletion	41
X	22263905	22263804	Deletion	101
X	22263954	22263888	Deletion	66
X	22266743	22266630	Deletion	113
X	22266959	22266864	Deletion	95
X	22266967	22266864	Deletion	103
X	22267487	22267364	Deletion	123
X	22268454	22268331	Deletion	123
X	22272958	22272912	Deletion	46
X	22273829	22273776	Deletion	53
X	22273851	22273776	Deletion	75
X	22278104	22278049	Deletion	55
X	22278223	22278121	Deletion	102
X	22278463	22278378	Deletion	85
X	22281227	22281116	Deletion	111
X	22281227	22281153	Deletion	74
X	22281227	22281192	Deletion	35
X	22281227	22281192	Deletion	35
X	22281227	22281192	Deletion	35
X	22281227	22281192	Deletion	35
X	22281913	22281842	Deletion	71
X	22281938	22281842	Deletion	96
X	22281958	22281842	Deletion	116
X	22282923	22282896	Deletion	27
X	22282923	22282897	Deletion	26
X	22314980	22314923	Deletion	57
X	22316205	22316140	Deletion	65
X	22316198	22316140	Deletion	58
X	22316852	22316730	Deletion	122
X	22317804	22317684	Deletion	120
X	22317804	22317730	Deletion	74
X	22317804	22317748	Deletion	56
X	22317804	22317760	Deletion	44
X	22349915	22349804	Deletion	111
X	22351468	22351377	Deletion	91
X	22351468	22351379	Deletion	89
X	22351468	22351387	Deletion	81
X	22351468	22351389	Deletion	79
X	22351868	22351748	Deletion	120
X	22351868	22351758	Deletion	110
X	22351868	22351763	Deletion	105
X	22351971	22351855	Deletion	116
X	22351971	22351880	Deletion	91
X	22354223	22354117	Deletion	106
X	22354228	22354126	Deletion	102
X	22354228	22354141	Deletion	87
X	22354228	22354154	Deletion	74
X	22354228	22354170	Deletion	58
X	22354228	22354188	Deletion	40
X	22354379	22354328	Deletion	51
X	22354406	22354328	Deletion	78
X	22354362	22354328	Deletion	34
X	22354400	22354328	Deletion	72
X	22354437	22354328	Deletion	109
X	22354373	22354328	Deletion	45
X	22354688	22354633	Deletion	55
X	22356787	22356756	Deletion	31
X	22357354	22357299	Deletion	55
X	22357360	22357299	Deletion	61
X	22359365	22359278	Deletion	87
X	22361071	22361032	Deletion	39
X	22362276	22362195	Deletion	81
X	22363276	22363210	Deletion	66
X	22363592	22363550	Deletion	42
X	22363664	22363550	Deletion	114
X	22369359	22369319	Deletion	40
X	22369904	22369829	Deletion	75
X	22371047	22370927	Deletion	120
X	22371888	22371784	Deletion	104
X	22371888	22371795	Deletion	93
X	22371888	22371797	Deletion	91
X	22371888	22371813	Deletion	75
X	22372481	22372447	Deletion	34
X	22377368	22377246	Deletion	122
X	22377368	22377275	Deletion	93
X	22378821	22378710	Deletion	111
X	22378761	22378710	Deletion	51
X	22378829	22378710	Deletion	119
X	22380548	22380425	Deletion	123
X	22380548	22380432	Deletion	116
X	22380548	22380450	Deletion	98
X	22380548	22380492	Deletion	56
X	22381925	22381890	Deletion	35
X	22383032	22382961	Deletion	71
X	22383689	22383608	Deletion	81
X	22383641	22383608	Deletion	33
X	22383675	22383608	Deletion	67
X	22383678	22383608	Deletion	70
X	22390244	22390148	Deletion	96
X	22390244	22390177	Deletion	67
X	22390244	22390195	Deletion	49
X	22391647	22391570	Deletion	77
X	22395674	22395632	Deletion	42
X	22395750	22395632	Deletion	118
X	22395827	22395768	Deletion	59
X	22395798	22395768	Deletion	30
X	22397977	22397855	Deletion	122
X	22397977	22397861	Deletion	116
X	22397977	22397904	Deletion	73
X	22397977	22397936	Deletion	41
X	22398159	22398067	Deletion	92
X	22398178	22398067	Deletion	111
X	22398120	22398067	Deletion	53
X	22398152	22398067	Deletion	85
X	22400786	22400754	Deletion	32
X	22400974	22400872	Deletion	102
X	22407131	22407017	Deletion	114
X	22407131	22407018	Deletion	113
X	22407131	22407069	Deletion	62
X	22407131	22407083	Deletion	48
X	22408332	22408218	Deletion	114
X	22408332	22408247	Deletion	85
X	22409982	22409941	Deletion	41
X	22412312	22412261	Deletion	51
X	22418208	22418121	Deletion	87
X	22419467	22419348	Deletion	119
X	22421184	22421063	Deletion	121
X	22421184	22421109	Deletion	75
X	22421268	22421210	Deletion	58
X	22438615	22438566	Deletion	49
X	22438605	22438566	Deletion	39
X	22438973	22438879	Deletion	94
X	22438973	22438894	Deletion	79
X	22438973	22438897	Deletion	76
X	22438973	22438912	Deletion	61
X	22466963	22466856	Deletion	107
X	22466963	22466865	Deletion	98
X	22466963	22466866	Deletion	97
X	22466963	22466876	Deletion	87
X	22466963	22466882	Deletion	81
X	22466963	22466883	Deletion	80
X	22469429	22469319	Deletion	110
X	22469365	22469319	Deletion	46
X	22469364	22469319	Deletion	45
X	22469358	22469319	Deletion	39
X	22470440	22470316	Deletion	124
X	22472252	22472138	Deletion	114
X	22472252	22472147	Deletion	105
X	22472252	22472160	Deletion	92
X	22472252	22472163	Deletion	89
X	22472252	22472218	Deletion	34
X	22474221	22474128	Deletion	93
X	22474166	22474128	Deletion	38
X	22474163	22474128	Deletion	35
X	22493436	22493320	Deletion	116
X	22493436	22493322	Deletion	114
X	22493436	22493389	Deletion	47
X	22493599	22493520	Deletion	79
X	22509424	22509300	Deletion	124
X	22518372	22518253	Deletion	119
X	22518372	22518256	Deletion	116
X	22518372	22518273	Deletion	99
X	22518372	22518318	Deletion	54
X	22518372	22518323	Deletion	49
X	22519245	22519140	Deletion	105
X	22519255	22519140	Deletion	115
X	22519239	22519140	Deletion	99
X	22519212	22519140	Deletion	72
X	22519217	22519140	Deletion	77
X	22533426	22533305	Deletion	121
X	22552408	22552329	Deletion	79
X	22552437	22552335	Deletion	102
X	22553832	22553735	Deletion	97
X	22554568	22554472	Deletion	96
X	22562277	22562230	Deletion	47
X	22565123	22565008	Deletion	115
X	22565123	22565035	Deletion	88
X	22565123	22565035	Deletion	88
X	22565123	22565051	Deletion	72
X	22565728	22565607	Deletion	121
X	22567495	22567444	Deletion	51
X	22568042	22567933	Deletion	109
X	22568042	22567947	Deletion	95
X	22571495	22571411	Deletion	84
X	22571465	22571411	Deletion	54
X	22571449	22571411	Deletion	38
X	22571449	22571411	Deletion	38
X	22580070	22579975	Deletion	95
X	22580070	22580011	Deletion	59
X	22580070	22580026	Deletion	44
X	22580070	22580036	Deletion	34
X	22583630	22583572	Deletion	58
X	22583630	22583572	Deletion	58
X	22583630	22583572	Deletion	58
X	22583605	22583572	Deletion	33
X	22583630	22583572	Deletion	58
X	22583630	22583597	Deletion	33
X	22585458	22585397	Deletion	61
X	22585435	22585397	Deletion	38
X	22585497	22585397	Deletion	100
X	22585492	22585397	Deletion	95
X	22603203	22603083	Deletion	120
X	22603203	22603092	Deletion	111
X	22603203	22603111	Deletion	92
X	22603203	22603149	Deletion	54
X	22606758	22606683	Deletion	75
X	22606791	22606683	Deletion	108
X	22606795	22606683	Deletion	112
X	22606720	22606683	Deletion	37
X	22607490	22607367	Deletion	123
X	22612834	22612711	Deletion	123
X	22620658	22620565	Deletion	93
X	22623478	22623373	Deletion	105
X	22625384	22625261	Deletion	123
X	22625774	22625699	Deletion	75
X	22639287	22639161	Deletion	126
X	22639671	22639555	Deletion	116
X	22656481	22656393	Deletion	88
X	22656481	22656438	Deletion	43
X	22658024	22657908	Deletion	116
X	22657993	22657908	Deletion	85
X	22657948	22657908	Deletion	40
X	22670171	22670052	Deletion	119
X	22670171	22670060	Deletion	111
X	22670171	22670074	Deletion	97
X	22670171	22670074	Deletion	97
X	22670171	22670082	Deletion	89
X	22670171	22670126	Deletion	45
X	22670171	22670140	Deletion	31
X	22675720	22675625	Deletion	95
X	22675735	22675625	Deletion	110
X	22675706	22675625	Deletion	81
X	22675662	22675625	Deletion	37
X	22685764	22685674	Deletion	90
X	22694151	22694082	Deletion	69
X	22694151	22694093	Deletion	58
X	22695125	22695056	Deletion	69
X	22695157	22695056	Deletion	101
X	22695164	22695056	Deletion	108
X	22695114	22695056	Deletion	58
X	22699448	22699417	Deletion	31
X	22699889	22699783	Deletion	106
X	22699889	22699859	Deletion	30
X	22701719	22701607	Deletion	112
X	22704305	22704275	Deletion	30
X	22704311	22704275	Deletion	36
X	22704312	22704275	Deletion	37
X	22704395	22704275	Deletion	120
X	22704376	22704275	Deletion	101
X	22704325	22704275	Deletion	50
X	22704372	22704275	Deletion	97
X	22724176	22724057	Deletion	119
X	22724176	22724058	Deletion	118
X	22724176	22724079	Deletion	97
X	22724176	22724080	Deletion	96
X	22724176	22724111	Deletion	65
X	22724558	22724528	Deletion	30
X	22724649	22724528	Deletion	121
X	22724589	22724528	Deletion	61
X	22724637	22724528	Deletion	109
X	22725659	22725544	Deletion	115
X	22725659	22725553	Deletion	106
X	22725659	22725558	Deletion	101
X	22725659	22725573	Deletion	86
X	22725659	22725583	Deletion	76
X	22725659	22725608	Deletion	51
X	22728067	22728015	Deletion	52
X	22728092	22728015	Deletion	77
X	22728134	22728015	Deletion	119
X	22728057	22728015	Deletion	42
X	22735182	22735093	Deletion	89
X	22735182	22735113	Deletion	69
X	22735182	22735118	Deletion	64
X	22739737	22739616	Deletion	121
X	22739716	22739616	Deletion	100
X	22739653	22739616	Deletion	37
X	22739673	22739616	Deletion	57
X	22739678	22739616	Deletion	62
X	22743671	22743558	Deletion	113
X	22743671	22743563	Deletion	108
X	22743671	22743576	Deletion	95
X	22743671	22743626	Deletion	45
X	22755391	22755287	Deletion	104
X	22755318	22755287	Deletion	31
X	22755368	22755287	Deletion	81
X	22755402	22755287	Deletion	115
X	22755594	22755562	Deletion	32
X	22756477	22756387	Deletion	90
X	22756477	22756406	Deletion	71
X	22756477	22756406	Deletion	71
X	22756477	22756409	Deletion	68
X	22756477	22756411	Deletion	66
X	22756477	22756425	Deletion	52
X	22756477	22756441	Deletion	36
X	22756477	22756446	Deletion	31
X	22759284	22759224	Deletion	60
X	22759279	22759224	Deletion	55
X	22759314	22759224	Deletion	90
X	22759260	22759224	Deletion	36
X	22759279	22759224	Deletion	55
X	22759298	22759224	Deletion	74
X	22759282	22759224	Deletion	58
X	22759332	22759224	Deletion	108
X	22759319	22759224	Deletion	95
X	22765071	22764950	Deletion	121
X	22765071	22764970	Deletion	101
X	22765071	22764997	Deletion	74
X	22765071	22765010	Deletion	61
X	22771995	22771879	Deletion	116
X	22772611	22772563	Deletion	48
X	22773612	22773577	Deletion	35
X	22781837	22781715	Deletion	122
X	22791877	22791754	Deletion	123
X	22794666	22794548	Deletion	118
X	22794666	22794604	Deletion	62
X	22807465	22807401	Deletion	64
X	22807525	22807401	Deletion	124
X	22807501	22807401	Deletion	100
X	22811383	22811261	Deletion	122
X	22812193	22812080	Deletion	113
X	22816668	22816603	Deletion	65
X	22828362	22828279	Deletion	83
X	22828362	22828289	Deletion	73
X	22828362	22828290	Deletion	72
X	22828362	22828308	Deletion	54
X	22828362	22828317	Deletion	45
X	22828362	22828322	Deletion	40
X	22831250	22831178	Deletion	72
X	22831221	22831178	Deletion	43
X	22831231	22831178	Deletion	53
X	22831259	22831178	Deletion	81
X	22831232	22831178	Deletion	54
X	22831264	22831178	Deletion	86
X	22843609	22843496	Deletion	113
X	22843609	22843554	Deletion	55
X	22849418	22849314	Deletion	104
X	22849385	22849314	Deletion	71
X	22849416	22849314	Deletion	102
X	22861645	22861524	Deletion	121
X	22870638	22870544	Deletion	94
X	22870638	22870574	Deletion	64
X	22870638	22870593	Deletion	45
X	22870638	22870602	Deletion	36
X	22872188	22872126	Deletion	62
X	22872230	22872126	Deletion	104
X	22872207	22872126	Deletion	81
X	22872237	22872126	Deletion	111
X	22872216	22872126	Deletion	90
X	22872158	22872126	Deletion	32
X	22872242	22872126	Deletion	116
X	22875239	22875117	Deletion	122
X	22875239	22875121	Deletion	118
X	22875239	22875133	Deletion	106
X	22875239	22875158	Deletion	81
X	22875239	22875164	Deletion	75
X	22875239	22875164	Deletion	75
X	22875239	22875194	Deletion	45
X	22887558	22887477	Deletion	81
X	22887601	22887477	Deletion	124
X	22892036	22891959	Deletion	77
X	22892036	22891959	Deletion	77
X	22892036	22891993	Deletion	43
X	22892036	22891997	Deletion	39
X	22892174	22892089	Deletion	85
X	22892140	22892089	Deletion	51
X	22892178	22892089	Deletion	89
X	22892140	22892089	Deletion	51
X	22908440	22908362	Deletion	78
X	22908440	22908364	Deletion	76
X	22908440	22908368	Deletion	72
X	22908999	22908945	Deletion	54
X	22908995	22908945	Deletion	50
X	22909047	22908945	Deletion	102
X	22908993	22908949	Deletion	44
X	22910781	22910657	Deletion	124
X	22912618	22912525	Deletion	93
X	22918398	22918307	Deletion	91
X	22918398	22918308	Deletion	90
X	22918398	22918344	Deletion	54
X	22924381	22924345	Deletion	36
X	22924465	22924345	Deletion	120
X	22924417	22924345	Deletion	72
X	22924380	22924345	Deletion	35
X	22944464	22944349	Deletion	115
X	22953202	22953106	Deletion	96
X	22953202	22953151	Deletion	51
X	22953202	22953151	Deletion	51
X	22953202	22953157	Deletion	45
X	22964309	22964186	Deletion	123
X	22966110	22965988	Deletion	122
X	22966110	22966019	Deletion	91
X	22966110	22966049	Deletion	61
X	22966110	22966069	Deletion	41
X	22966110	22966077	Deletion	33
X	22981477	22981362	Deletion	115
X	22981428	22981362	Deletion	66
X	22981448	22981362	Deletion	86
X	22981456	22981362	Deletion	94
X	22981398	22981362	Deletion	36
X	22990577	22990521	Deletion	56
X	22993409	22993338	Deletion	71
X	22999643	22999544	Deletion	99
X	22999889	22999817	Deletion	72
X	23000228	23000112	Deletion	116
X	23001041	23000963	Deletion	78
X	23002915	23002850	Deletion	65
X	23004278	23004154	Deletion	124
X	23016572	23016451	Deletion	121
X	23016572	23016459	Deletion	113
X	23016572	23016482	Deletion	90
X	23016572	23016521	Deletion	51
X	23016572	23016529	Deletion	43
X	23019692	23019657	Deletion	35
X	23019766	23019657	Deletion	109
X	23019755	23019657	Deletion	98
X	23019740	23019657	Deletion	83
X	23019732	23019657	Deletion	75
X	23020574	23020458	Deletion	116
X	23020606	23020499	Deletion	107
X	23020571	23020539	Deletion	32
X	23020751	23020629	Deletion	122
X	23020943	23020899	Deletion	44
X	23021207	23021096	Deletion	111
X	23021293	23021216	Deletion	77
X	23040758	23040720	Deletion	38
X	23042316	23042195	Deletion	121
X	23042316	23042207	Deletion	109
X	23042316	23042213	Deletion	103
X	23042316	23042233	Deletion	83
X	23042316	23042247	Deletion	69
X	23042316	23042255	Deletion	61
X	23042316	23042266	Deletion	50
X	23042316	23042283	Deletion	33
X	23042316	23042286	Deletion	30
X	23047929	23047834	Deletion	95
X	23047879	23047834	Deletion	45
X	23047936	23047834	Deletion	102
X	23047893	23047834	Deletion	59
X	23047912	23047834	Deletion	78
X	23047932	23047834	Deletion	98
X	23047901	23047834	Deletion	67
X	23047942	23047835	Deletion	107
X	23056906	23056800	Deletion	106
X	23056906	23056832	Deletion	74
X	23057186	23057134	Deletion	52
X	23057494	23057401	Deletion	93
X	23075232	23075110	Deletion	122
X	23079198	23079076	Deletion	122
X	23079705	23079592	Deletion	113
X	23079705	23079619	Deletion	86
X	23079705	23079653	Deletion	52
X	23079705	23079666	Deletion	39
X	23079705	23079671	Deletion	34
X	23081006	23080965	Deletion	41
X	23081053	23080965	Deletion	88
X	23081065	23080965	Deletion	100
X	23081040	23080965	Deletion	75
X	23081077	23080965	Deletion	112
X	23081063	23080965	Deletion	98
X	23081058	23080965	Deletion	93
X	23083641	23083517	Deletion	124
X	23088832	23088709	Deletion	123
X	23093845	23093762	Deletion	83
X	23093845	23093785	Deletion	60
X	23093845	23093814	Deletion	31
X	23096108	23096012	Deletion	96
X	23096132	23096012	Deletion	120
X	23096079	23096012	Deletion	67
X	23096056	23096012	Deletion	44
X	23099472	23099350	Deletion	122
X	23099472	23099367	Deletion	105
X	23099472	23099380	Deletion	92
X	23099472	23099386	Deletion	86
X	23099472	23099422	Deletion	50
X	23099472	23099433	Deletion	39
X	23101948	23101861	Deletion	87
X	23101901	23101861	Deletion	40
X	23101895	23101861	Deletion	34
X	23101969	23101861	Deletion	108
X	23101974	23101861	Deletion	113
X	23101971	23101861	Deletion	110
X	23101937	23101861	Deletion	76
X	23110597	23110481	Deletion	116
X	23111013	23110917	Deletion	96
X	23111013	23110965	Deletion	48
X	23117754	23117636	Deletion	118
X	23120048	23119989	Deletion	59
X	23121207	23121177	Deletion	30
X	23121301	23121177	Deletion	124
X	23121262	23121177	Deletion	85
X	23121295	23121177	Deletion	118
X	23121255	23121177	Deletion	78
X	23127122	23127063	Deletion	59
X	23129533	23129410	Deletion	123
X	23133071	23132948	Deletion	123
X	23132988	23132948	Deletion	40
X	23133125	23133072	Deletion	53
X	23134558	23134491	Deletion	67
X	23134558	23134517	Deletion	41
X	23139004	23138957	Deletion	47
X	23140027	23139988	Deletion	39
X	23140443	23140362	Deletion	81
X	23144541	23144502	Deletion	39
X	23146331	23146245	Deletion	86
X	23147190	23147068	Deletion	122
X	23147157	23147068	Deletion	89
X	23150441	23150374	Deletion	67
X	23157370	23157247	Deletion	123
X	23159227	23159126	Deletion	101
X	23159227	23159183	Deletion	44
X	23160687	23160604	Deletion	83
X	23160718	23160606	Deletion	112
X	23160669	23160606	Deletion	63
X	23165243	23165124	Deletion	119
X	23165159	23165124	Deletion	35
X	23165221	23165124	Deletion	97
X	23165225	23165124	Deletion	101
X	23165226	23165124	Deletion	102
X	23165206	23165124	Deletion	82
X	23165247	23165124	Deletion	123
X	23170569	23170455	Deletion	114
X	23170787	23170681	Deletion	106
X	23170796	23170681	Deletion	115
X	23170769	23170681	Deletion	88
X	23170744	23170681	Deletion	63
X	23170726	23170682	Deletion	44
X	23172039	23171948	Deletion	91
X	23180084	23179971	Deletion	113
X	23180084	23179994	Deletion	90
X	23180084	23180042	Deletion	42
X	23180084	23180046	Deletion	38
X	23180171	23180133	Deletion	38
X	23180223	23180133	Deletion	90
X	23180249	23180133	Deletion	116
X	23180219	23180133	Deletion	86
X	23194961	23194870	Deletion	91
X	23194961	23194890	Deletion	71
X	23194961	23194916	Deletion	45
X	23194961	23194919	Deletion	42
X	23194961	23194927	Deletion	34
X	23195144	23195060	Deletion	84
X	23195170	23195060	Deletion	110
X	23195115	23195060	Deletion	55
X	23195184	23195060	Deletion	124
X	23195152	23195060	Deletion	92
X	23195141	23195060	Deletion	81
X	23195095	23195060	Deletion	35
X	23201168	23201131	Deletion	37
X	23201882	23201765	Deletion	117
X	23201882	23201766	Deletion	116
X	23201882	23201781	Deletion	101
X	23201882	23201794	Deletion	88
X	23201882	23201796	Deletion	86
X	23201882	23201797	Deletion	85
X	23201882	23201809	Deletion	73
X	23201882	23201811	Deletion	71
X	23201882	23201815	Deletion	67
X	23201882	23201835	Deletion	47
X	23201882	23201838	Deletion	44
X	23210120	23210079	Deletion	41
X	23210158	23210079	Deletion	79
X	23210117	23210079	Deletion	38
X	23210161	23210079	Deletion	82
X	23210134	23210079	Deletion	55
X	23210138	23210079	Deletion	59
X	23210197	23210079	Deletion	118
X	23210185	23210079	Deletion	106
X	23210132	23210079	Deletion	53
X	23210119	23210079	Deletion	40
X	23212002	23211940	Deletion	62
X	23212396	23212357	Deletion	39
X	23214752	23214646	Deletion	106
X	23214752	23214650	Deletion	102
X	23214752	23214655	Deletion	97
X	23217595	23217498	Deletion	97
X	23219072	23219016	Deletion	56
X	23219368	23219276	Deletion	92
X	23219696	23219581	Deletion	115
X	23223219	23223100	Deletion	119
X	23223219	23223109	Deletion	110
X	23223219	23223160	Deletion	59
X	23223694	23223627	Deletion	67
X	23223732	23223627	Deletion	105
X	23223732	23223627	Deletion	105
X	23223679	23223627	Deletion	52
X	23225725	23225661	Deletion	64
X	23228032	23227999	Deletion	33
X	23235853	23235818	Deletion	35
X	23241102	23241054	Deletion	48
X	23244440	23244353	Deletion	87
X	23244440	23244378	Deletion	62
X	23244829	23244726	Deletion	103
X	23248187	23248111	Deletion	76
X	23248233	23248111	Deletion	122
X	23255207	23255111	Deletion	96
X	23255910	23255875	Deletion	35
X	23257510	23257389	Deletion	121
X	23257510	23257392	Deletion	118
X	23257510	23257459	Deletion	51
X	23257510	23257460	Deletion	50
X	23257510	23257480	Deletion	30
X	23258357	23258256	Deletion	101
X	23258368	23258256	Deletion	112
X	23258370	23258256	Deletion	114
X	23258366	23258256	Deletion	110
X	23259047	23259015	Deletion	32
X	23261323	23261277	Deletion	46
X	23261658	23261555	Deletion	103
X	23265351	23265306	Deletion	45
X	23265838	23265796	Deletion	42
X	23266093	23266050	Deletion	43
X	23268921	23268854	Deletion	67
X	23269573	23269490	Deletion	83
X	23269573	23269499	Deletion	74
X	23277266	23277144	Deletion	122
X	23277970	23277876	Deletion	94
X	23277970	23277892	Deletion	78
X	23277970	23277903	Deletion	67
X	23278142	23278034	Deletion	108
X	23278141	23278034	Deletion	107
X	23278134	23278034	Deletion	100
X	23278139	23278034	Deletion	105
X	23278134	23278034	Deletion	100
X	23278154	23278034	Deletion	120
X	23278156	23278034	Deletion	122
X	23278093	23278034	Deletion	59
X	23278066	23278034	Deletion	32
X	23278074	23278034	Deletion	40
X	23281785	23281734	Deletion	51
X	23282206	23282114	Deletion	92
X	23282194	23282114	Deletion	80
X	23286494	23286380	Deletion	114
X	23286494	23286391	Deletion	103
X	23286494	23286407	Deletion	87
X	23287997	23287958	Deletion	39
X	23288415	23288311	Deletion	104
X	23288415	23288350	Deletion	65
X	23289070	23288995	Deletion	75
X	23291243	23291208	Deletion	35
X	23292446	23292361	Deletion	85
X	23294684	23294630	Deletion	54
X	23296230	23296111	Deletion	119
X	23296494	23296388	Deletion	106
X	23296473	23296388	Deletion	85
X	23301808	23301697	Deletion	111
X	23302159	23302118	Deletion	41
X	23304182	23304058	Deletion	124
X	23310146	23310062	Deletion	84
X	23310102	23310062	Deletion	40
X	23313121	23313000	Deletion	121
X	23313890	23313774	Deletion	116
X	23313886	23313774	Deletion	112
X	23313889	23313774	Deletion	115
X	23313891	23313774	Deletion	117
X	23319954	23319853	Deletion	101
X	23321165	23321065	Deletion	100
X	23321165	23321075	Deletion	90
X	23321165	23321121	Deletion	44
X	23321354	23321265	Deletion	89
X	23321357	23321265	Deletion	92
X	23321336	23321265	Deletion	71
X	23321364	23321265	Deletion	99
X	23321362	23321265	Deletion	97
X	23321360	23321265	Deletion	95
X	23321387	23321294	Deletion	93
X	23321957	23321838	Deletion	119
X	23321957	23321871	Deletion	86
X	23321957	23321878	Deletion	79
X	23322181	23322114	Deletion	67
X	23324233	23324111	Deletion	122
X	23324233	23324122	Deletion	111
X	23324390	23324290	Deletion	100
X	23324410	23324290	Deletion	120
X	23325195	23325154	Deletion	41
X	23325869	23325753	Deletion	116
X	23327383	23327325	Deletion	58
X	23327422	23327325	Deletion	97
X	23328240	23328122	Deletion	118
X	23329654	23329557	Deletion	97
X	23329654	23329569	Deletion	85
X	23329654	23329611	Deletion	43
X	23332767	23332652	Deletion	115
X	23332767	23332657	Deletion	110
X	23332767	23332702	Deletion	65
X	23333684	23333562	Deletion	122
X	23336120	23336070	Deletion	50
X	23336905	23336832	Deletion	73
X	23337522	23337428	Deletion	94
X	23341766	23341670	Deletion	96
X	23341766	23341719	Deletion	47
X	23341898	23341784	Deletion	114
X	23343846	23343725	Deletion	121
X	23344940	23344867	Deletion	73
X	23344940	23344873	Deletion	67
X	23344940	23344904	Deletion	36
X	23347852	23347750	Deletion	102
X	23347862	23347750	Deletion	112
X	23350798	23350746	Deletion	52
X	23351290	23351256	Deletion	34
X	23356567	23356517	Deletion	50
X	23356567	23356529	Deletion	38
X	23358105	23358067	Deletion	38
X	23358157	23358067	Deletion	90
X	23358183	23358067	Deletion	116
X	23358158	23358067	Deletion	91
X	23358173	23358067	Deletion	106
X	23358106	23358067	Deletion	39
X	23361933	23361897	Deletion	36
X	23364988	23364946	Deletion	42
X	23378056	23377952	Deletion	104
X	23382515	23382442	Deletion	73
X	23382548	23382442	Deletion	106
X	23385859	23385831	Deletion	28
X	23386691	23386584	Deletion	107
X	23386691	23386585	Deletion	106
X	23386691	23386625	Deletion	66
X	23386691	23386631	Deletion	60
X	23386691	23386631	Deletion	60
X	23386691	23386641	Deletion	50
X	23388566	23388484	Deletion	82
X	23393001	23392884	Deletion	117
X	23392985	23392884	Deletion	101
X	23392953	23392884	Deletion	69
X	23392991	23392884	Deletion	107
X	23392947	23392884	Deletion	63
X	23393004	23392884	Deletion	120
X	23393856	23393763	Deletion	93
X	23394726	23394603	Deletion	123
X	23398082	23398049	Deletion	33
X	23402154	23402113	Deletion	41
X	23403168	23403076	Deletion	92
X	23403168	23403088	Deletion	80
X	23407156	23407035	Deletion	121
X	23410746	23410630	Deletion	116
X	23412306	23412237	Deletion	69
X	23412316	23412237	Deletion	79
X	23415858	23415772	Deletion	86
X	23417442	23417339	Deletion	103
X	23424736	23424614	Deletion	122
X	23424820	23424734	Deletion	86
X	23429491	23429447	Deletion	44
X	23430514	23430473	Deletion	41
X	23433256	23433169	Deletion	87
X	23433279	23433169	Deletion	110
X	23433288	23433169	Deletion	119
X	23433238	23433169	Deletion	69
X	23434614	23434494	Deletion	120
X	23434614	23434511	Deletion	103
X	23437174	23437087	Deletion	87
X	23437174	23437129	Deletion	45
X	23437357	23437314	Deletion	43
X	23437903	23437843	Deletion	60
X	23438366	23438291	Deletion	75
X	23438402	23438291	Deletion	111
X	23438398	23438296	Deletion	102
X	23439250	23439129	Deletion	121
X	23439250	23439151	Deletion	99
X	23456220	23456100	Deletion	120
X	23456144	23456100	Deletion	44
X	23457557	23457474	Deletion	83
X	23457596	23457474	Deletion	122
X	23457572	23457474	Deletion	98
X	23461584	23461466	Deletion	118
X	23461587	23461503	Deletion	84
X	23461589	23461511	Deletion	78
X	23461589	23461552	Deletion	37
X	23461589	23461558	Deletion	31
X	23461860	23461804	Deletion	56
X	23463548	23463446	Deletion	102
X	23466445	23466354	Deletion	91
X	23467224	23467156	Deletion	68
X	23467223	23467156	Deletion	67
X	23467259	23467156	Deletion	103
X	23471335	23471295	Deletion	40
X	23473918	23473809	Deletion	109
X	23473918	23473824	Deletion	94
X	23473918	23473851	Deletion	67
X	23473918	23473863	Deletion	55
X	23473918	23473873	Deletion	45
X	23473918	23473893	Deletion	25
X	23474049	23474018	Deletion	31
X	23474103	23474018	Deletion	85
X	23474100	23474018	Deletion	82
X	23474731	23474629	Deletion	102
X	23478039	23477951	Deletion	88
X	23479427	23479380	Deletion	47
X	23480603	23480547	Deletion	56
X	23485738	23485683	Deletion	55
X	23485802	23485683	Deletion	119
X	23486396	23486347	Deletion	49
X	23490509	23490454	Deletion	55
X	23491180	23491086	Deletion	94
X	23492886	23492814	Deletion	72
X	23492886	23492844	Deletion	42
X	23495131	23495050	Deletion	81
X	23496150	23496095	Deletion	55
X	23496150	23496099	Deletion	51
X	23497175	23497051	Deletion	124
X	23501126	23501087	Deletion	39
X	23501180	23501089	Deletion	91
X	23502825	23502706	Deletion	119
X	23509818	23509702	Deletion	116
X	23509818	23509704	Deletion	114
X	23509818	23509711	Deletion	107
X	23509818	23509738	Deletion	80
X	23509818	23509771	Deletion	47
X	23509818	23509781	Deletion	37
X	23510593	23510504	Deletion	89
X	23510550	23510504	Deletion	46
X	23510619	23510504	Deletion	115
X	23510583	23510504	Deletion	79
X	23512785	23512676	Deletion	109
X	23513389	23513270	Deletion	119
X	23513389	23513344	Deletion	45
X	23514120	23514018	Deletion	102
X	23514139	23514018	Deletion	121
X	23514054	23514018	Deletion	36
X	23514096	23514018	Deletion	78
X	23514853	23514729	Deletion	124
X	23517957	23517878	Deletion	79
X	23519254	23519205	Deletion	49
X	23519381	23519258	Deletion	123
X	23528164	23528083	Deletion	81
X	23530015	23529977	Deletion	38
X	23531972	23531898	Deletion	74
X	23534534	23534445	Deletion	89
X	23534534	23534448	Deletion	86
X	23534534	23534456	Deletion	78
X	23534534	23534468	Deletion	66
X	23534961	23534913	Deletion	48
X	23534973	23534913	Deletion	60
X	23534961	23534913	Deletion	48
X	23537437	23537335	Deletion	102
X	23540402	23540292	Deletion	110
X	23540402	23540346	Deletion	56
X	23540599	23540485	Deletion	114
Y	1490	1393	Deletion	97
Y	1490	1409	Deletion	81
Y	1490	1451	Deletion	39
Y	9036	8990	Deletion	46
Y	9057	8990	Deletion	67
Y	12646	12564	Deletion	82
Y	13800	13742	Deletion	58
Y	14338	14242	Deletion	96
Y	14338	14280	Deletion	58
Y	14338	14287	Deletion	51
Y	14473	14441	Deletion	32
Y	14557	14441	Deletion	116
Y	14544	14441	Deletion	103
Y	14512	14441	Deletion	71
Y	14518	14441	Deletion	77
Y	14546	14441	Deletion	105
Y	14511	14441	Deletion	70
Y	14783	14668	Deletion	115
Y	18463	18419	Deletion	44
Y	22086	21972	Deletion	114
Y	22086	22024	Deletion	62
Y	22268	22186	Deletion	82
Y	22217	22186	Deletion	31
Y	22271	22186	Deletion	85
Y	22547	22427	Deletion	120
Y	22547	22476	Deletion	71
Y	22547	22485	Deletion	62
Y	22730	22647	Deletion	83
Y	22737	22647	Deletion	90
Y	22682	22647	Deletion	35
Y	22685	22647	Deletion	38
Y	22676	22647	Deletion	29
Y	25239	25117	Deletion	122
Y	25521	25415	Deletion	106
Y	25521	25416	Deletion	105
Y	25521	25416	Deletion	105
Y	25521	25467	Deletion	54
Y	25520	25472	Deletion	48
Y	25521	25487	Deletion	34
Y	27675	27583	Deletion	92
Y	27660	27583	Deletion	77
Y	27655	27583	Deletion	72
Y	27685	27583	Deletion	102
Y	37544	37451	Deletion	93
Y	37544	37460	Deletion	84
Y	37544	37469	Deletion	75
Y	37544	37484	Deletion	60
Y	38983	38869	Deletion	114
Y	42678	42555	Deletion	123
Y	43532	43471	Deletion	61
Y	46662	46621	Deletion	41
Y	50309	50268	Deletion	41
Y	50309	50273	Deletion	36
Y	51076	50984	Deletion	92
Y	51071	50984	Deletion	87
Y	51094	50984	Deletion	110
Y	51864	51801	Deletion	63
Y	52790	52741	Deletion	49
Y	58148	58068	Deletion	80
Y	58148	58104	Deletion	44
Y	58148	58109	Deletion	39
Y	59191	59069	Deletion	122
Y	59135	59069	Deletion	66
Y	59154	59069	Deletion	85
Y	59159	59069	Deletion	90
Y	60241	60132	Deletion	109
Y	60187	60132	Deletion	55
Y	63857	63803	Deletion	54
Y	63857	63803	Deletion	54
Y	63857	63803	Deletion	54
Y	63857	63814	Deletion	43
Y	70283	70202	Deletion	81
Y	70308	70202	Deletion	106
Y	71222	71115	Deletion	107
Y	71222	71136	Deletion	86
Y	71222	71136	Deletion	86
Y	71222	71185	Deletion	37
Y	72946	72862	Deletion	84
Y	72946	72910	Deletion	36
Y	80021	79981	Deletion	40
Y	80070	79981	Deletion	89
Y	80021	79981	Deletion	40
Y	82146	82104	Deletion	42
Y	82194	82104	Deletion	90
Y	82216	82104	Deletion	112
Y	83124	83059	Deletion	65
Y	83124	83066	Deletion	58
Y	83124	83079	Deletion	45
Y	83250	83224	Deletion	26
Y	83301	83224	Deletion	77
Y	83320	83224	Deletion	96
Y	83304	83224	Deletion	80
Y	83259	83224	Deletion	35
Y	84294	84172	Deletion	122
Y	84294	84179	Deletion	115
Y	84294	84186	Deletion	108
Y	84294	84206	Deletion	88
Y	84294	84208	Deletion	86
Y	84294	84215	Deletion	79
Y	84294	84219	Deletion	75
Y	84294	84226	Deletion	68
Y	84294	84259	Deletion	35
Y	85647	85609	Deletion	38
Y	85667	85609	Deletion	58
Y	85649	85609	Deletion	40
Y	85660	85609	Deletion	51
Y	85719	85609	Deletion	110
Y	85723	85609	Deletion	114
Y	85656	85609	Deletion	47
Y	85700	85609	Deletion	91
Y	87411	87293	Deletion	118
Y	87411	87316	Deletion	95
Y	87411	87370	Deletion	41
Y	87411	87373	Deletion	38
Y	87947	87911	Deletion	36
Y	87930	87911	Deletion	19
Y	87940	87911	Deletion	29
Y	88000	87911	Deletion	89
Y	88003	87911	Deletion	92
Y	88013	87911	Deletion	102
Y	87989	87911	Deletion	78
Y	88684	88592	Deletion	92
Y	88684	88606	Deletion	78
Y	88684	88607	Deletion	77
Y	88684	88617	Deletion	67
Y	88684	88653	Deletion	31
Y	88899	88784	Deletion	115
Y	88806	88784	Deletion	22
Y	88887	88784	Deletion	103
Y	88872	88784	Deletion	88
Y	88878	88784	Deletion	94
Y	88868	88785	Deletion	83
Y	90199	90126	Deletion	73
Y	90199	90135	Deletion	64
Y	90199	90137	Deletion	62
Y	90518	90402	Deletion	116
Y	90526	90402	Deletion	124
Y	90456	90402	Deletion	54
Y	90467	90402	Deletion	65
Y	90465	90402	Deletion	63
Y	92562	92455	Deletion	107
Y	92562	92462	Deletion	100
Y	92562	92487	Deletion	75
Y	92562	92503	Deletion	59
Y	92562	92506	Deletion	56
Y	92562	92527	Deletion	35
Y	92562	92529	Deletion	33
Y	93056	92935	Deletion	121
Y	93028	92935	Deletion	93
Y	92986	92935	Deletion	51
Y	93030	92935	Deletion	95
Y	93053	92935	Deletion	118
Y	93030	92935	Deletion	95
Y	93002	92935	Deletion	67
Y	93005	92935	Deletion	70
Y	93026	92935	Deletion	91
Y	96044	95944	Deletion	100
Y	96044	95951	Deletion	93
Y	96044	96007	Deletion	37
Y	99175	99074	Deletion	101
Y	99180	99074	Deletion	106
Y	99108	99074	Deletion	34
Y	99164	99074	Deletion	90
Y	99180	99074	Deletion	106
Y	103137	103044	Deletion	93
Y	103137	103081	Deletion	56
Y	103137	103095	Deletion	42
Y	103137	103103	Deletion	34
Y	103137	103107	Deletion	30
Y	104095	104025	Deletion	70
Y	104121	104025	Deletion	96
Y	104117	104025	Deletion	92
Y	104109	104025	Deletion	84
Y	104058	104025	Deletion	33
Y	104124	104025	Deletion	99
Y	110667	110552	Deletion	115
Y	110667	110560	Deletion	107
Y	110667	110596	Deletion	71
Y	110667	110610	Deletion	57
Y	110667	110618	Deletion	49
Y	111002	110967	Deletion	35
Y	111082	110967	Deletion	115
Y	111029	110967	Deletion	62
Y	110988	110967	Deletion	21
Y	111067	110967	Deletion	100
Y	111081	110967	Deletion	114
Y	117278	117155	Deletion	123
Y	117253	117217	Deletion	36
Y	124109	124020	Deletion	89
Y	124109	124057	Deletion	52
Y	124109	124066	Deletion	43
Y	124109	124079	Deletion	30
Y	124308	124209	Deletion	99
Y	124274	124209	Deletion	65
Y	124299	124209	Deletion	90
Y	124283	124209	Deletion	74
Y	124276	124237	Deletion	39
Y	124267	124244	Deletion	23
Y	124741	124618	Deletion	123
Y	126616	126550	Deletion	66
Y	126616	126553	Deletion	63
Y	132438	132338	Deletion	100
Y	132437	132338	Deletion	99
Y	132399	132338	Deletion	61
Y	132402	132338	Deletion	64
Y	133313	133279	Deletion	34
Y	136206	136165	Deletion	41
Y	137254	137134	Deletion	120
Y	137254	137164	Deletion	90
Y	137254	137210	Deletion	44
Y	137254	137231	Deletion	23
Y	137384	137354	Deletion	30
Y	137464	137354	Deletion	110
Y	137466	137354	Deletion	112
Y	137410	137354	Deletion	56
Y	137530	137409	Deletion	121
Y	137530	137455	Deletion	75
Y	137530	137462	Deletion	68
Y	137530	137468	Deletion	62
Y	137530	137490	Deletion	40
Y	137690	137630	Deletion	60
Y	137721	137630	Deletion	91
Y	137747	137630	Deletion	117
Y	137694	137630	Deletion	64
Y	137717	137630	Deletion	87
Y	137699	137630	Deletion	69
Y	138584	138463	Deletion	121
Y	138584	138474	Deletion	110
Y	138580	138474	Deletion	106
Y	138584	138495	Deletion	89
Y	138584	138504	Deletion	80
Y	138584	138547	Deletion	37
Y	146186	146084	Deletion	102
Y	146160	146084	Deletion	76
Y	146144	146084	Deletion	60
Y	146176	146084	Deletion	92
Y	146189	146084	Deletion	105
Y	148890	148788	Deletion	102
Y	148890	148808	Deletion	82
Y	148890	148820	Deletion	70
Y	148890	148855	Deletion	35
Y	149095	148990	Deletion	105
Y	149066	148990	Deletion	76
Y	149024	148990	Deletion	34
Y	149559	149493	Deletion	66
Y	152902	152823	Deletion	79
Y	153134	153085	Deletion	49
Y	157837	157713	Deletion	124
Y	161699	161662	Deletion	37
Y	183242	183211	Deletion	31
Y	185991	185869	Deletion	122
Y	185991	185875	Deletion	116
Y	185991	185918	Deletion	73
Y	185991	185949	Deletion	42
Y	186494	186395	Deletion	99
Y	186480	186395	Deletion	85
Y	186449	186395	Deletion	54
Y	186517	186395	Deletion	122
Y	200877	200770	Deletion	107
Y	200877	200819	Deletion	58
Y	200877	200839	Deletion	38
Y	203538	203437	Deletion	101
Y	203553	203462	Deletion	91
Y	203534	203507	Deletion	27
Y	203671	203587	Deletion	84
Y	212921	212869	Deletion	52
Y	212993	212869	Deletion	124
Y	215143	215071	Deletion	72
Y	215143	215097	Deletion	46
Y	219887	219853	Deletion	34
Y	219898	219853	Deletion	45
Y	220624	220575	Deletion	49
Y	222121	222080	Deletion	41
Y	223540	223424	Deletion	116
Y	223652	223534	Deletion	118
Y	223652	223547	Deletion	105
Y	223652	223559	Deletion	93
Y	223652	223570	Deletion	82
Y	223652	223577	Deletion	75
Y	223652	223580	Deletion	72
Y	223652	223590	Deletion	62
Y	227893	227818	Deletion	75
Y	227893	227836	Deletion	57
Y	233750	233695	Deletion	55
Y	233760	233695	Deletion	65
Y	234471	234352	Deletion	119
Y	234471	234361	Deletion	110
Y	234582	234521	Deletion	61
Y	234621	234521	Deletion	100
Y	235698	235589	Deletion	109
Y	235698	235591	Deletion	107
Y	235698	235615	Deletion	83
Y	235698	235616	Deletion	82
Y	237512	237399	Deletion	113
Y	237510	237399	Deletion	111
Y	237513	237399	Deletion	114
Y	238682	238587	Deletion	95
Y	238682	238597	Deletion	85
Y	238682	238600	Deletion	82
Y	240352	240235	Deletion	117
Y	240352	240258	Deletion	94
Y	240352	240281	Deletion	71
Y	240352	240286	Deletion	66
Y	240971	240852	Deletion	119
Y	240954	240852	Deletion	102
Y	240928	240852	Deletion	76
Y	240911	240852	Deletion	59
Y	240925	240852	Deletion	73
Y	240938	240856	Deletion	82
Y	242135	242053	Deletion	82
Y	242135	242061	Deletion	74
Y	242727	242635	Deletion	92
Y	242712	242635	Deletion	77
Y	242701	242635	Deletion	66
Y	242694	242635	Deletion	59
Y	242699	242635	Deletion	64
Y	247539	247430	Deletion	109
Y	247539	247432	Deletion	107
Y	247539	247443	Deletion	96
Y	247539	247444	Deletion	95
Y	247539	247475	Deletion	64
Y	254462	254397	Deletion	65
Y	254431	254397	Deletion	34
Y	254430	254397	Deletion	33
Y	254499	254397	Deletion	102
Y	256567	256446	Deletion	121
Y	257245	257132	Deletion	113
Y	258233	258124	Deletion	109
Y	258233	258125	Deletion	108
Y	260151	260031	Deletion	120
Y	260151	260039	Deletion	112
Y	260151	260077	Deletion	74
Y	260329	260251	Deletion	78
Y	260296	260251	Deletion	45
Y	260358	260251	Deletion	107
Y	260335	260251	Deletion	84
Y	260370	260251	Deletion	119
Y	261441	261365	Deletion	76
Y	262727	262661	Deletion	66
Y	267073	266978	Deletion	95
Y	267073	267002	Deletion	71
Y	268114	268005	Deletion	109
Y	268114	268012	Deletion	102
Y	268114	268021	Deletion	93
Y	268114	268072	Deletion	42
Y	272605	272571	Deletion	34
Y	272685	272571	Deletion	114
Y	272689	272571	Deletion	118
Y	272627	272571	Deletion	56
Y	272656	272571	Deletion	85
Y	273673	273574	Deletion	99
Y	273673	273583	Deletion	90
Y	273673	273632	Deletion	41
Y	277755	277657	Deletion	98
Y	277743	277657	Deletion	86
Y	277694	277657	Deletion	37
Y	279969	279912	Deletion	57
Y	280172	280068	Deletion	104
Y	280167	280108	Deletion	59
Y	282787	282669	Deletion	118
Y	282771	282669	Deletion	102
Y	282739	282669	Deletion	70
Y	285127	285017	Deletion	110
Y	285127	285017	Deletion	110
Y	285127	285042	Deletion	85
Y	285127	285049	Deletion	78
Y	285127	285062	Deletion	65
Y	285127	285072	Deletion	55
Y	285127	285078	Deletion	49
Y	285127	285085	Deletion	42
Y	285127	285104	Deletion	23
Y	285246	285227	Deletion	19
Y	285346	285227	Deletion	119
Y	285341	285227	Deletion	114
Y	288956	288834	Deletion	122
Y	304164	304047	Deletion	117
Y	304082	304047	Deletion	35
Y	304158	304047	Deletion	111
Y	305267	305163	Deletion	104
Y	305267	305183	Deletion	84
Y	305267	305195	Deletion	72
Y	305267	305225	Deletion	42
Y	305267	305228	Deletion	39
Y	309696	309612	Deletion	84
Y	309666	309612	Deletion	54
Y	309654	309612	Deletion	42
Y	309699	309612	Deletion	87
Y	311630	311508	Deletion	122
Y	312986	312867	Deletion	119
Y	312986	312909	Deletion	77
Y	312986	312910	Deletion	76
Y	318207	318114	Deletion	93
Y	318207	318160	Deletion	47
Y	334646	334582	Deletion	64
Y	334646	334582	Deletion	64
Y	334646	334598	Deletion	48
Y	334813	334732	Deletion	81
Y	334776	334732	Deletion	44
Y	334783	334732	Deletion	51
Y	334811	334732	Deletion	79
Y	334817	334732	Deletion	85
Y	334832	334732	Deletion	100
Y	334767	334732	Deletion	35
Y	334784	334732	Deletion	52
Y	334775	334732	Deletion	43
Y	340980	340866	Deletion	114
Y	340980	340921	Deletion	59
Y	340980	340927	Deletion	53
Y	340980	340933	Deletion	47
Y	340980	340935	Deletion	45
Y	345881	345817	Deletion	64
Y	345881	345817	Deletion	64
Y	345881	345817	Deletion	64
Y	345881	345817	Deletion	64
Y	345881	345817	Deletion	64
Y	349839	349761	Deletion	78
Y	349886	349762	Deletion	124
Y	349979	349948	Deletion	31
Y	350042	349966	Deletion	76
Y	350112	350045	Deletion	67
Y	350333	350233	Deletion	100
Y	350334	350233	Deletion	101
Y	350315	350233	Deletion	82
Y	350285	350233	Deletion	52
Y	350296	350233	Deletion	63
Y	352081	351961	Deletion	120
Y	352081	351963	Deletion	118
Y	352081	351963	Deletion	118
Y	352081	351976	Deletion	105
Y	352081	351976	Deletion	105
Y	352081	351995	Deletion	86
Y	352081	352006	Deletion	75
Y	352081	352025	Deletion	56
Y	352081	352031	Deletion	50
Y	352081	352033	Deletion	48
Y	352081	352035	Deletion	46
Y	352823	352781	Deletion	42
Y	352874	352781	Deletion	93
Y	352817	352781	Deletion	36
Y	352804	352781	Deletion	23
Y	352867	352781	Deletion	86
Y	352843	352781	Deletion	62
Y	352886	352781	Deletion	105
Y	352890	352781	Deletion	109
Y	352879	352781	Deletion	98
Y	352905	352815	Deletion	90
Y	352998	352955	Deletion	43
Y	353242	353125	Deletion	117
Y	353242	353143	Deletion	99
Y	353242	353147	Deletion	95
Y	353242	353154	Deletion	88
Y	353242	353172	Deletion	70
Y	353242	353191	Deletion	51
Y	353448	353342	Deletion	106
Y	353414	353382	Deletion	32
Y	353541	353440	Deletion	101
Y	353665	353573	Deletion	92
Y	359690	359632	Deletion	58
Y	364712	364630	Deletion	82
Y	364712	364636	Deletion	76
Y	364712	364665	Deletion	47
Y	364712	364675	Deletion	37
Y	364712	364677	Deletion	35
Y	364867	364770	Deletion	97
Y	364838	364770	Deletion	68
Y	364862	364770	Deletion	92
Y	372115	372056	Deletion	59
Y	372263	372173	Deletion	90
Y	376151	376030	Deletion	121
Y	376151	376052	Deletion	99
Y	376151	376079	Deletion	72
Y	376151	376121	Deletion	30
Y	376254	376209	Deletion	45
Y	376264	376209	Deletion	55
Y	376308	376209	Deletion	99
Y	376289	376209	Deletion	80
Y	376260	376209	Deletion	51
Y	384560	384488	Deletion	72
Y	384560	384494	Deletion	66
Y	386366	386274	Deletion	92
Y	386497	386436	Deletion	61
Y	387334	387227	Deletion	107
Y	391993	391909	Deletion	84
Y	392589	392510	Deletion	79
Y	392596	392510	Deletion	86
Y	392626	392510	Deletion	116
Y	393302	393181	Deletion	121
Y	398287	398165	Deletion	122
Y	399160	399120	Deletion	40
Y	404591	404488	Deletion	103
Y	404591	404519	Deletion	72
Y	404771	404660	Deletion	111
Y	408226	408128	Deletion	98
Y	408218	408128	Deletion	90
Y	409035	408966	Deletion	69
Y	409052	408966	Deletion	86
Y	410311	410205	Deletion	106
Y	410311	410244	Deletion	67
Y	410311	410250	Deletion	61
Y	410523	410450	Deletion	73
Y	410560	410450	Deletion	110
Y	410764	410650	Deletion	114
Y	410764	410709	Deletion	55
Y	413093	412989	Deletion	104
Y	413093	413004	Deletion	89
Y	413093	413032	Deletion	61
Y	413093	413042	Deletion	51
Y	415788	415714	Deletion	74
Y	417076	417003	Deletion	73
Y	417299	417223	Deletion	76
Y	417289	417223	Deletion	66
Y	417312	417223	Deletion	89
Y	417326	417223	Deletion	103
Y	417261	417223	Deletion	38
Y	418645	418591	Deletion	54
Y	418889	418784	Deletion	105
Y	418844	418784	Deletion	60
Y	418850	418784	Deletion	66
Y	418881	418784	Deletion	97
Y	419098	418982	Deletion	116
Y	419098	419045	Deletion	53
Y	421439	421315	Deletion	124
Y	421439	421319	Deletion	120
Y	421439	421319	Deletion	120
Y	421439	421331	Deletion	108
Y	421439	421338	Deletion	101
Y	421439	421401	Deletion	38
Y	422041	421933	Deletion	108
Y	423534	423444	Deletion	90
Y	423534	423446	Deletion	88
Y	423534	423484	Deletion	50
Y	423534	423491	Deletion	43
Y	423623	423584	Deletion	39
Y	423707	423584	Deletion	123
Y	423703	423584	Deletion	119
Y	423661	423584	Deletion	77
Y	423621	423584	Deletion	37
Y	424337	424225	Deletion	112
Y	424337	424228	Deletion	109
Y	424337	424244	Deletion	93
Y	424337	424249	Deletion	88
Y	424337	424250	Deletion	87
Y	424337	424269	Deletion	68
Y	424337	424292	Deletion	45
Y	424490	424449	Deletion	41
Y	426080	425988	Deletion	92
Y	430683	430646	Deletion	37
Y	438728	438671	Deletion	57
Y	439235	439195	Deletion	40
Y	439278	439195	Deletion	83
Y	439230	439199	Deletion	31
Y	442182	442095	Deletion	87
Y	446002	445901	Deletion	101
Y	445961	445901	Deletion	60
Y	445942	445901	Deletion	41
Y	449122	449085	Deletion	37
Y	449329	449291	Deletion	38
Y	449907	449873	Deletion	34
Y	452243	452169	Deletion	74
Y	455167	455046	Deletion	121
Y	455510	455396	Deletion	114
Y	456535	456414	Deletion	121
Y	456453	456414	Deletion	39
Y	456537	456414	Deletion	123
Y	463563	463440	Deletion	123
Y	463563	463485	Deletion	78
Y	464234	464187	Deletion	47
Y	473565	473492	Deletion	73
Y	473565	473529	Deletion	36
Y	473694	473665	Deletion	29
Y	473736	473665	Deletion	71
Y	473687	473665	Deletion	22
Y	473705	473665	Deletion	40
Y	473783	473665	Deletion	118
Y	478380	478282	Deletion	98
Y	478380	478291	Deletion	89
Y	478380	478315	Deletion	65
Y	478588	478469	Deletion	119
Y	478566	478469	Deletion	97
Y	478506	478469	Deletion	37
Y	478586	478469	Deletion	117
Y	483018	482899	Deletion	119
Y	483018	482979	Deletion	39
Y	483671	483560	Deletion	111
Y	484086	484002	Deletion	84
Y	484086	484018	Deletion	68
Y	487122	487010	Deletion	112
Y	487122	487018	Deletion	104
Y	487122	487025	Deletion	97
Y	487122	487027	Deletion	95
Y	487122	487057	Deletion	65
Y	487122	487078	Deletion	44
Y	494902	494819	Deletion	83
Y	494881	494819	Deletion	62
Y	494849	494819	Deletion	30
Y	494934	494819	Deletion	115
Y	494851	494819	Deletion	32
Y	497185	497092	Deletion	93
Y	497185	497095	Deletion	90
Y	497185	497104	Deletion	81
Y	497398	497285	Deletion	113
Y	497322	497285	Deletion	37
Y	497361	497285	Deletion	76
Y	497308	497285	Deletion	23
Y	509883	509778	Deletion	105
Y	509883	509783	Deletion	100
Y	509847	509788	Deletion	59
Y	509883	509806	Deletion	77
Y	509883	509822	Deletion	61
Y	509883	509828	Deletion	55
Y	509883	509838	Deletion	45
Y	509883	509848	Deletion	35
Y	509883	509857	Deletion	26
Y	510080	509983	Deletion	97
Y	510026	509983	Deletion	43
Y	510024	509983	Deletion	41
Y	510088	509983	Deletion	105
Y	510015	509983	Deletion	32
Y	510082	509983	Deletion	99
Y	510093	509983	Deletion	110
Y	514949	514844	Deletion	105
Y	522151	522129	Deletion	22
Y	530227	530151	Deletion	76
Y	530220	530151	Deletion	69
Y	530215	530151	Deletion	64
Y	531415	531322	Deletion	93
Y	531415	531323	Deletion	92
Y	531415	531323	Deletion	92
Y	531415	531325	Deletion	90
Y	531415	531336	Deletion	79
Y	535457	535415	Deletion	42
Y	535478	535415	Deletion	63
Y	535477	535415	Deletion	62
Y	535527	535415	Deletion	112
Y	535450	535415	Deletion	35
Y	535486	535415	Deletion	71
Y	535525	535415	Deletion	110
Y	535524	535415	Deletion	109
Y	535475	535415	Deletion	60
Y	535524	535415	Deletion	109
Y	535490	535415	Deletion	75
Y	535494	535415	Deletion	79
Y	535484	535415	Deletion	69
Y	542319	542203	Deletion	116
Y	542319	542241	Deletion	78
Y	542319	542287	Deletion	32
Y	550769	550725	Deletion	44
Y	556073	556043	Deletion	30
Y	557868	557765	Deletion	103
Y	557868	557766	Deletion	102
Y	557868	557771	Deletion	97
Y	557868	557793	Deletion	75
Y	557868	557848	Deletion	20
Y	558048	557968	Deletion	80
Y	558088	557968	Deletion	120
Y	558028	557982	Deletion	46
Y	561514	561478	Deletion	36
Y	561623	561503	Deletion	120
Y	561539	561509	Deletion	30
Y	561840	561782	Deletion	58
Y	561840	561785	Deletion	55
Y	561889	561793	Deletion	96
Y	561910	561808	Deletion	102
Y	562055	562010	Deletion	45
Y	562107	562010	Deletion	97
Y	562092	562010	Deletion	82
Y	562033	562010	Deletion	23
Y	562089	562010	Deletion	79
Y	562297	562202	Deletion	95
Y	562297	562209	Deletion	88
Y	562297	562224	Deletion	73
Y	562297	562225	Deletion	72
Y	562297	562262	Deletion	35
Y	563271	563218	Deletion	53
Y	563249	563218	Deletion	31
Y	563256	563218	Deletion	38
Y	563309	563218	Deletion	91
Y	563272	563218	Deletion	54
Y	563318	563218	Deletion	100
Y	563332	563218	Deletion	114
Y	564137	564025	Deletion	112
Y	564137	564041	Deletion	96
Y	564137	564045	Deletion	92
Y	564137	564050	Deletion	87
Y	564322	564237	Deletion	85
Y	564331	564237	Deletion	94
Y	564344	564237	Deletion	107
Y	564265	564237	Deletion	28
Y	564285	564237	Deletion	48
Y	564346	564237	Deletion	109
Y	564268	564237	Deletion	31
Y	564318	564242	Deletion	76
Y	564811	564701	Deletion	110
Y	564811	564738	Deletion	73
Y	564811	564748	Deletion	63
Y	564811	564772	Deletion	39
Y	564811	564785	Deletion	26
Y	572890	572811	Deletion	79
Y	572847	572811	Deletion	36
Y	572931	572811	Deletion	120
Y	572878	572811	Deletion	67
Y	573757	573665	Deletion	92
Y	573757	573704	Deletion	53
Y	573757	573726	Deletion	31
Y	573757	573733	Deletion	24
Y	581826	581757	Deletion	69
Y	581834	581757	Deletion	77
Y	581825	581757	Deletion	68
Y	581871	581757	Deletion	114
Y	581849	581757	Deletion	92
Y	582268	582161	Deletion	107
Y	582268	582167	Deletion	101
Y	582268	582176	Deletion	92
Y	582268	582186	Deletion	82
Y	582268	582187	Deletion	81
Y	582268	582193	Deletion	75
Y	582418	582368	Deletion	50
Y	582454	582368	Deletion	86
Y	582474	582368	Deletion	106
Y	583149	583030	Deletion	119
Y	583149	583031	Deletion	118
Y	583149	583071	Deletion	78
Y	583149	583084	Deletion	65
Y	583149	583096	Deletion	53
Y	583149	583099	Deletion	50
Y	589411	589320	Deletion	91
Y	597836	597788	Deletion	48
Y	597864	597788	Deletion	76
Y	597849	597788	Deletion	61
Y	597861	597788	Deletion	73
Y	599090	598969	Deletion	121
Y	599090	599001	Deletion	89
Y	599090	599002	Deletion	88
Y	599090	599007	Deletion	83
Y	599090	599020	Deletion	70
Y	599090	599034	Deletion	56
Y	603761	603638	Deletion	123
Y	604000	603891	Deletion	109
Y	603929	603891	Deletion	38
Y	605662	605576	Deletion	86
Y	605662	605602	Deletion	60
Y	605662	605608	Deletion	54
Y	608981	608910	Deletion	71
Y	609029	608910	Deletion	119
Y	608949	608914	Deletion	35
Y	610682	610604	Deletion	78
Y	613039	612954	Deletion	85
Y	613574	613459	Deletion	115
Y	624663	624606	Deletion	57
Y	624708	624606	Deletion	102
Y	624650	624606	Deletion	44
Y	628600	628496	Deletion	104
Y	628600	628497	Deletion	103
Y	628600	628518	Deletion	82
Y	628600	628530	Deletion	70
Y	628600	628540	Deletion	60
Y	628600	628575	Deletion	25
Y	629765	629740	Deletion	25
Y	629765	629740	Deletion	25
Y	629920	629865	Deletion	55
Y	629893	629865	Deletion	28
Y	629902	629865	Deletion	37
Y	629950	629865	Deletion	85
Y	629956	629865	Deletion	91
Y	629968	629912	Deletion	56
Y	630889	630772	Deletion	117
Y	630889	630774	Deletion	115
Y	630889	630777	Deletion	112
Y	630889	630786	Deletion	103
Y	630889	630801	Deletion	88
Y	631008	630970	Deletion	38
Y	631005	630970	Deletion	35
Y	631005	630970	Deletion	35
Y	631005	630970	Deletion	35
Y	633085	633005	Deletion	80
Y	633043	633005	Deletion	38
Y	633113	633005	Deletion	108
Y	633091	633005	Deletion	86
Y	633061	633005	Deletion	56
Y	633093	633005	Deletion	88
Y	633115	633005	Deletion	110
Y	636506	636385	Deletion	121
Y	641205	641084	Deletion	121
Y	650390	650275	Deletion	115
Y	650390	650293	Deletion	97
Y	650390	650369	Deletion	21
Y	650574	650490	Deletion	84
Y	650601	650490	Deletion	111
Y	652430	652305	Deletion	125
Y	652830	652714	Deletion	116
Y	652830	652732	Deletion	98
Y	652830	652738	Deletion	92
Y	652830	652768	Deletion	62
Y	652830	652788	Deletion	42
Y	653033	652950	Deletion	83
Y	653106	653015	Deletion	91
Y	653077	653024	Deletion	53
Y	653097	653038	Deletion	59
Y	653127	653085	Deletion	42
Y	653251	653130	Deletion	121
Y	656009	655937	Deletion	72
Y	656009	655942	Deletion	67
Y	656009	655959	Deletion	50
Y	656009	655962	Deletion	47
Y	656009	655980	Deletion	29
Y	656009	655984	Deletion	25
Y	656007	655984	Deletion	23
Y	656009	655985	Deletion	24
Y	656160	656109	Deletion	51
Y	656223	656109	Deletion	114
Y	656204	656109	Deletion	95
Y	672108	671998	Deletion	110
Y	672038	671998	Deletion	40
Y	672101	671998	Deletion	103
Y	672119	671998	Deletion	121
Y	672062	671998	Deletion	64
Y	680682	680561	Deletion	121
Y	688894	688854	Deletion	40
Y	692673	692553	Deletion	120
Y	692673	692566	Deletion	107
Y	692673	692616	Deletion	57
Y	692673	692617	Deletion	56
Y	692673	692639	Deletion	34
Y	692673	692640	Deletion	33
Y	697988	697894	Deletion	94
Y	697998	697894	Deletion	104
Y	698004	697894	Deletion	110
Y	697993	697894	Deletion	99
Y	697987	697894	Deletion	93
Y	697964	697894	Deletion	70
Y	698011	697894	Deletion	117
Y	697965	697894	Deletion	71
Y	715166	715107	Deletion	59
Y	715166	715112	Deletion	54
Y	715185	715117	Deletion	68
Y	715629	715557	Deletion	72
Y	715655	715557	Deletion	98
Y	715639	715557	Deletion	82
Y	715624	715557	Deletion	67
Y	718624	718502	Deletion	122
Y	718624	718525	Deletion	99
Y	718624	718551	Deletion	73
Y	718624	718553	Deletion	71
Y	724717	724683	Deletion	34
Y	730880	730844	Deletion	36
Y	733248	733199	Deletion	49
Y	733776	733717	Deletion	59
Y	734035	733952	Deletion	83
Y	741763	741659	Deletion	104
Y	744738	744629	Deletion	109
Y	744692	744629	Deletion	63
Y	745027	744950	Deletion	77
Y	746521	746499	Deletion	22
Y	750660	750600	Deletion	60
Y	750660	750620	Deletion	40
Y	751311	751272	Deletion	39
Y	751868	751752	Deletion	116
Y	753674	753578	Deletion	96
Y	754663	754553	Deletion	110
Y	758384	758266	Deletion	118
Y	758384	758290	Deletion	94
Y	758384	758293	Deletion	91
Y	758384	758311	Deletion	73
Y	759015	758964	Deletion	51
Y	759015	758981	Deletion	34
Y	760380	760271	Deletion	109
Y	761115	761071	Deletion	44
Y	764285	764203	Deletion	82
Y	767537	767423	Deletion	114
Y	767537	767436	Deletion	101
Y	767537	767504	Deletion	33
Y	767621	767566	Deletion	55
Y	775458	775397	Deletion	61
Y	786218	786180	Deletion	38
Y	788237	788124	Deletion	113
Y	788747	788672	Deletion	75
Y	788749	788675	Deletion	74
Y	794493	794431	Deletion	62
Y	794500	794431	Deletion	69
Y	794555	794431	Deletion	124
Y	794554	794431	Deletion	123
Y	794484	794431	Deletion	53
Y	794543	794431	Deletion	112
Y	794538	794431	Deletion	107
Y	794484	794431	Deletion	53
Y	794526	794431	Deletion	95
Y	794472	794431	Deletion	41
Y	794483	794431	Deletion	52
Y	809227	809137	Deletion	90
Y	809474	809371	Deletion	103
Y	809412	809371	Deletion	41
Y	809416	809371	Deletion	45
Y	809407	809373	Deletion	34
Y	812376	812256	Deletion	120
Y	813049	812987	Deletion	62
Y	823369	823268	Deletion	101
Y	823369	823300	Deletion	69
Y	823369	823337	Deletion	32
Y	823709	823679	Deletion	30
Y	823709	823679	Deletion	30
Y	833641	833578	Deletion	63
Y	833641	833578	Deletion	63
Y	833636	833578	Deletion	58
Y	833641	833578	Deletion	63
Y	833641	833578	Deletion	63
Y	833641	833581	Deletion	60
Y	833641	833597	Deletion	44
Y	835054	835020	Deletion	34
Y	835122	835020	Deletion	102
Y	835086	835020	Deletion	66
Y	835066	835020	Deletion	46
Y	835078	835020	Deletion	58
Y	835052	835020	Deletion	32
Y	835102	835020	Deletion	82
Y	839506	839401	Deletion	105
Y	839827	839755	Deletion	72
Y	839827	839771	Deletion	56
Y	839827	839773	Deletion	54
Y	841400	841351	Deletion	49
Y	842497	842444	Deletion	53
Y	846040	845921	Deletion	119
Y	846040	845979	Deletion	61
Y	846040	846011	Deletion	29
Y	846170	846140	Deletion	30
Y	846202	846140	Deletion	62
Y	846249	846140	Deletion	109
Y	846193	846140	Deletion	53
Y	846251	846140	Deletion	111
Y	846177	846140	Deletion	37
Y	846883	846786	Deletion	97
Y	846883	846793	Deletion	90
Y	846883	846816	Deletion	67
Y	846883	846839	Deletion	44
Y	846883	846861	Deletion	22
Y	847076	846983	Deletion	93
Y	847054	846983	Deletion	71
Y	847009	846983	Deletion	26
Y	847086	846983	Deletion	103
Y	847090	846983	Deletion	107
Y	847062	846986	Deletion	76
Y	847122	847067	Deletion	55
Y	847697	847599	Deletion	98
Y	847717	847638	Deletion	79
Y	847717	847662	Deletion	55
Y	847717	847669	Deletion	48
Y	847717	847689	Deletion	28
Y	847904	847817	Deletion	87
Y	847927	847817	Deletion	110
Y	847894	847817	Deletion	77
Y	847919	847817	Deletion	102
Y	848002	847982	Deletion	20
Y	848447	848368	Deletion	79
Y	848447	848402	Deletion	45
Y	848447	848427	Deletion	20
Y	848568	848547	Deletion	21
Y	848566	848547	Deletion	19
Y	849455	849345	Deletion	110
Y	849455	849358	Deletion	97
Y	849455	849362	Deletion	93
Y	849455	849436	Deletion	19
Y	849665	849555	Deletion	110
Y	849625	849555	Deletion	70
Y	849657	849555	Deletion	102
Y	849620	849555	Deletion	65
Y	850620	850514	Deletion	106
Y	850620	850518	Deletion	102
Y	850620	850521	Deletion	99
Y	850620	850521	Deletion	99
Y	850620	850539	Deletion	81
Y	850620	850542	Deletion	78
Y	850620	850544	Deletion	76
Y	850620	850559	Deletion	61
Y	850620	850576	Deletion	44
Y	850620	850585	Deletion	35
Y	850620	850588	Deletion	32
Y	850759	850720	Deletion	39
Y	850759	850720	Deletion	39
Y	850820	850720	Deletion	100
Y	851144	851082	Deletion	62
Y	851478	851421	Deletion	57
Y	851681	851578	Deletion	103
Y	851678	851578	Deletion	100
Y	852533	852440	Deletion	93
Y	852533	852445	Deletion	88
Y	852533	852450	Deletion	83
Y	852533	852455	Deletion	78
Y	852533	852458	Deletion	75
Y	852533	852481	Deletion	52
Y	852533	852484	Deletion	49
Y	852533	852499	Deletion	34
Y	852694	852633	Deletion	61
Y	852754	852633	Deletion	121
Y	852721	852633	Deletion	88
Y	852724	852633	Deletion	91
Y	852728	852633	Deletion	95
Y	853437	853328	Deletion	109
Y	853437	853364	Deletion	73
Y	853437	853369	Deletion	68
Y	853437	853390	Deletion	47
Y	853437	853411	Deletion	26
Y	853437	853414	Deletion	23
Y	853621	853537	Deletion	84
Y	853601	853537	Deletion	64
Y	853564	853537	Deletion	27
Y	853653	853537	Deletion	116
Y	853653	853537	Deletion	116
Y	853640	853537	Deletion	103
Y	853632	853537	Deletion	95
Y	853605	853537	Deletion	68
Y	853641	853537	Deletion	104
Y	853648	853537	Deletion	111
Y	855902	855860	Deletion	42
Y	855983	855862	Deletion	121
Y	855983	855879	Deletion	104
Y	855983	855919	Deletion	64
Y	855983	855934	Deletion	49
Y	855983	855944	Deletion	39
Y	855983	855951	Deletion	32
Y	855983	855954	Deletion	29
Y	856128	856083	Deletion	45
Y	856147	856083	Deletion	64
Y	856797	856676	Deletion	121
Y	856797	856680	Deletion	117
Y	856797	856681	Deletion	116
Y	856797	856694	Deletion	103
Y	856797	856695	Deletion	102
Y	857010	856897	Deletion	113
Y	856993	856897	Deletion	96
Y	856983	856897	Deletion	86
Y	857000	856897	Deletion	103
Y	857952	857859	Deletion	93
Y	857952	857860	Deletion	92
Y	857952	857867	Deletion	85
Y	857952	857868	Deletion	84
Y	857952	857882	Deletion	70
Y	857952	857904	Deletion	48
Y	858164	858052	Deletion	112
Y	858136	858052	Deletion	84
Y	858083	858052	Deletion	31
Y	858159	858052	Deletion	107
Y	858121	858052	Deletion	69
Y	858153	858052	Deletion	101
Y	858657	858604	Deletion	53
Y	858657	858638	Deletion	19
Y	858779	858672	Deletion	107
Y	858779	858679	Deletion	100
Y	858779	858682	Deletion	97
Y	858779	858699	Deletion	80
Y	858779	858757	Deletion	22
Y	858933	858879	Deletion	54
Y	858947	858879	Deletion	68
Y	858974	858879	Deletion	95
Y	858928	858879	Deletion	49
Y	858967	858882	Deletion	85
Y	859570	859498	Deletion	72
Y	859570	859529	Deletion	41
Y	859570	859533	Deletion	37
Y	859791	859670	Deletion	121
Y	859712	859670	Deletion	42
Y	859745	859670	Deletion	75
Y	859758	859670	Deletion	88
Y	859770	859670	Deletion	100
Y	859789	859670	Deletion	119
Y	861325	861214	Deletion	111
Y	861325	861233	Deletion	92
Y	861325	861256	Deletion	69
Y	861325	861265	Deletion	60
Y	861325	861268	Deletion	57
Y	861325	861269	Deletion	56
Y	861325	861278	Deletion	47
Y	861325	861289	Deletion	36
Y	861325	861305	Deletion	20
Y	861464	861425	Deletion	39
Y	861504	861425	Deletion	79
Y	861452	861425	Deletion	27
Y	861539	861425	Deletion	114
Y	861498	861425	Deletion	73
Y	861493	861427	Deletion	66
Y	862596	862478	Deletion	118
Y	862598	862485	Deletion	113
Y	862598	862492	Deletion	106
Y	862598	862499	Deletion	99
Y	862598	862509	Deletion	89
Y	862598	862511	Deletion	87
Y	862598	862553	Deletion	45
Y	862598	862556	Deletion	42
Y	862813	862698	Deletion	115
Y	866737	866631	Deletion	106
Y	866737	866662	Deletion	75
Y	866737	866677	Deletion	60
Y	866737	866706	Deletion	31
Y	866737	866713	Deletion	24
Y	866934	866837	Deletion	97
Y	866957	866837	Deletion	120
Y	866954	866837	Deletion	117
Y	866919	866837	Deletion	82
Y	867748	867665	Deletion	83
Y	868643	868524	Deletion	119
Y	868643	868562	Deletion	81
Y	868643	868572	Deletion	71
Y	868781	868743	Deletion	38
Y	868819	868743	Deletion	76
Y	868798	868743	Deletion	55
Y	868854	868743	Deletion	111
Y	868828	868743	Deletion	85
Y	869791	869691	Deletion	100
Y	869791	869696	Deletion	95
Y	869791	869719	Deletion	72
Y	869791	869730	Deletion	61
Y	869791	869745	Deletion	46
Y	869791	869761	Deletion	30
Y	869981	869891	Deletion	90
Y	869961	869891	Deletion	70
Y	869920	869891	Deletion	29
Y	869988	869891	Deletion	97
Y	869925	869891	Deletion	34
Y	869983	869891	Deletion	92
Y	869968	869891	Deletion	77
Y	870685	870649	Deletion	36
Y	871565	871487	Deletion	78
Y	872579	872466	Deletion	113
Y	872579	872487	Deletion	92
Y	872579	872488	Deletion	91
Y	872579	872551	Deletion	28
Y	872579	872558	Deletion	21
Y	872768	872679	Deletion	89
Y	872766	872679	Deletion	87
Y	872786	872679	Deletion	107
Y	872793	872679	Deletion	114
Y	872759	872679	Deletion	80
Y	872702	872679	Deletion	23
Y	873004	872943	Deletion	61
Y	873940	873831	Deletion	109
Y	873940	873834	Deletion	106
Y	873940	873839	Deletion	101
Y	873940	873843	Deletion	97
Y	873940	873867	Deletion	73
Y	873940	873894	Deletion	46
Y	874155	874040	Deletion	115
Y	874071	874040	Deletion	31
Y	874115	874040	Deletion	75
Y	874146	874040	Deletion	106
Y	874069	874040	Deletion	29
Y	874063	874040	Deletion	23
Y	874111	874040	Deletion	71
Y	875069	874964	Deletion	105
Y	875069	874966	Deletion	103
Y	875069	875008	Deletion	61
Y	875069	875025	Deletion	44
Y	875069	875034	Deletion	35
Y	875069	875035	Deletion	34
Y	875069	875036	Deletion	33
Y	875197	875169	Deletion	28
Y	875284	875169	Deletion	115
Y	875235	875169	Deletion	66
Y	875281	875169	Deletion	112
Y	875256	875169	Deletion	87
Y	875273	875169	Deletion	104
Y	877729	877621	Deletion	108
Y	877729	877663	Deletion	66
Y	877729	877664	Deletion	65
Y	877729	877694	Deletion	35
Y	877729	877704	Deletion	25
Y	877729	877705	Deletion	24
Y	877871	877829	Deletion	42
Y	877869	877829	Deletion	40
Y	877904	877829	Deletion	75
Y	877880	877829	Deletion	51
Y	877874	877829	Deletion	45
Y	879601	879511	Deletion	90
Y	879601	879514	Deletion	87
Y	879601	879553	Deletion	48
Y	879601	879564	Deletion	37
Y	879821	879701	Deletion	120
Y	879731	879701	Deletion	30
Y	879773	879701	Deletion	72
Y	880822	880767	Deletion	55
Y	880964	880847	Deletion	117
Y	880964	880847	Deletion	117
Y	880964	880856	Deletion	108
Y	880964	880857	Deletion	107
Y	880964	880857	Deletion	107
Y	880964	880866	Deletion	98
Y	880964	880878	Deletion	86
Y	880964	880894	Deletion	70
Y	880964	880900	Deletion	64
Y	880964	880910	Deletion	54
Y	880964	880920	Deletion	44
Y	881151	881064	Deletion	87
Y	881143	881064	Deletion	79
Y	881147	881064	Deletion	83
Y	881152	881064	Deletion	88
Y	881832	881764	Deletion	68
Y	881830	881764	Deletion	66
Y	882111	882027	Deletion	84
Y	882111	882038	Deletion	73
Y	882111	882049	Deletion	62
Y	882111	882064	Deletion	47
Y	882111	882083	Deletion	28
Y	882304	882211	Deletion	93
Y	882281	882211	Deletion	70
Y	882256	882211	Deletion	45
Y	882300	882211	Deletion	89
Y	882237	882211	Deletion	26
Y	883396	883297	Deletion	99
Y	883396	883301	Deletion	95
Y	883396	883303	Deletion	93
Y	883396	883312	Deletion	84
Y	883396	883375	Deletion	21
Y	883537	883496	Deletion	41
Y	883553	883496	Deletion	57
Y	883603	883496	Deletion	107
Y	883525	883496	Deletion	29
Y	883528	883496	Deletion	32
Y	883565	883496	Deletion	69
Y	883589	883496	Deletion	93
Y	886268	886213	Deletion	55
Y	886869	886751	Deletion	118
Y	886869	886771	Deletion	98
Y	886869	886796	Deletion	73
Y	886869	886797	Deletion	72
Y	886869	886809	Deletion	60
Y	886869	886833	Deletion	36
Y	887015	886969	Deletion	46
Y	887027	886969	Deletion	58
Y	887064	886969	Deletion	95
Y	887075	886969	Deletion	106
Y	887089	886969	Deletion	120
Y	887047	886969	Deletion	78
Y	887621	887541	Deletion	80
Y	887762	887691	Deletion	71
Y	887762	887711	Deletion	51
Y	887995	887876	Deletion	119
Y	887951	887876	Deletion	75
Y	888001	887880	Deletion	121
Y	888001	887906	Deletion	95
Y	888001	887939	Deletion	62
Y	888001	887942	Deletion	59
Y	888001	887947	Deletion	54
Y	888001	887978	Deletion	23
Y	888001	887981	Deletion	20
Y	888207	888101	Deletion	106
Y	888154	888101	Deletion	53
Y	888142	888101	Deletion	41
Y	888135	888101	Deletion	34
Y	889656	889541	Deletion	115
Y	889656	889547	Deletion	109
Y	889656	889568	Deletion	88
Y	889656	889594	Deletion	62
Y	889656	889627	Deletion	29
Y	889656	889630	Deletion	26
Y	889805	889756	Deletion	49
Y	889783	889756	Deletion	27
Y	889835	889756	Deletion	79
Y	889820	889756	Deletion	64
Y	889846	889756	Deletion	90
Y	889822	889756	Deletion	66
Y	889870	889756	Deletion	114
Y	889794	889756	Deletion	38
Y	895558	895466	Deletion	92
Y	895558	895487	Deletion	71
Y	895558	895499	Deletion	59
Y	895740	895658	Deletion	82
Y	895730	895658	Deletion	72
Y	895737	895658	Deletion	79
Y	896058	896012	Deletion	46
Y	896344	896232	Deletion	112
Y	896263	896232	Deletion	31
Y	896266	896232	Deletion	34
Y	897841	897768	Deletion	73
Y	897841	897769	Deletion	72
Y	897841	897792	Deletion	49
Y	897984	897941	Deletion	43
Y	897988	897941	Deletion	47
Y	898003	897941	Deletion	62
Y	898012	897941	Deletion	71
Y	898003	897941	Deletion	62
Y	898351	898229	Deletion	122
Y	899771	899668	Deletion	103
Y	899771	899675	Deletion	96
Y	899771	899686	Deletion	85
Y	899771	899688	Deletion	83
Y	899771	899699	Deletion	72
Y	899771	899707	Deletion	64
Y	899771	899725	Deletion	46
Y	899771	899737	Deletion	34
Y	899771	899740	Deletion	31
Y	899986	899871	Deletion	115
Y	899908	899871	Deletion	37
Y	899972	899871	Deletion	101
Y	902012	901928	Deletion	84
Y	902181	902112	Deletion	69
Y	902219	902112	Deletion	107
Y	902181	902112	Deletion	69
Y	902222	902112	Deletion	110
Y	902143	902112	Deletion	31
Y	902232	902112	Deletion	120
Y	902144	902112	Deletion	32
Y	902156	902112	Deletion	44
Y	902185	902112	Deletion	73
Y	902180	902112	Deletion	68
Y	902239	902209	Deletion	30
Y	904758	904638	Deletion	120
Y	904758	904645	Deletion	113
Y	904758	904651	Deletion	107
Y	904758	904652	Deletion	106
Y	904758	904654	Deletion	104
Y	904758	904667	Deletion	91
Y	904758	904667	Deletion	91
Y	904758	904667	Deletion	91
Y	904758	904669	Deletion	89
Y	904753	904686	Deletion	67
Y	904758	904712	Deletion	46
Y	904908	904858	Deletion	50
Y	905046	905008	Deletion	38
Y	906479	906400	Deletion	79
Y	907587	907478	Deletion	109
Y	907587	907491	Deletion	96
Y	907587	907513	Deletion	74
Y	907587	907560	Deletion	27
Y	907802	907687	Deletion	115
Y	907781	907687	Deletion	94
Y	907723	907687	Deletion	36
Y	907738	907687	Deletion	51
Y	907717	907687	Deletion	30
Y	908732	908639	Deletion	93
Y	908814	908727	Deletion	87
Y	908814	908734	Deletion	80
Y	908814	908744	Deletion	70
Y	908814	908766	Deletion	48
Y	908814	908767	Deletion	47
Y	908814	908783	Deletion	31
Y	909017	908914	Deletion	103
Y	908943	908914	Deletion	29
Y	909011	908914	Deletion	97
Y	909018	908914	Deletion	104
Y	908952	908914	Deletion	38
Y	909405	909369	Deletion	36
Y	909515	909462	Deletion	53
Y	909946	909830	Deletion	116
Y	909946	909869	Deletion	77
Y	909946	909898	Deletion	48
Y	911057	910992	Deletion	65
Y	911980	911855	Deletion	125
Y	912439	912323	Deletion	116
Y	912439	912336	Deletion	103
Y	912439	912371	Deletion	68
Y	912439	912416	Deletion	23
Y	912594	912539	Deletion	55
Y	912589	912539	Deletion	50
Y	912589	912539	Deletion	50
Y	912656	912539	Deletion	117
Y	912631	912539	Deletion	92
Y	912652	912539	Deletion	113
Y	912573	912539	Deletion	34
Y	912606	912539	Deletion	67
Y	912853	912808	Deletion	45
Y	913754	913708	Deletion	46
Y	914301	914188	Deletion	113
Y	914296	914188	Deletion	108
Y	914301	914199	Deletion	102
Y	914301	914236	Deletion	65
Y	914301	914265	Deletion	36
Y	914301	914271	Deletion	30
Y	914422	914401	Deletion	21
Y	914425	914401	Deletion	24
Y	914500	914401	Deletion	99
Y	915305	915217	Deletion	88
Y	916337	916216	Deletion	121
Y	916337	916221	Deletion	116
Y	916337	916230	Deletion	107
Y	916337	916231	Deletion	106
Y	916337	916287	Deletion	50
Y	916337	916312	Deletion	25
Y	916514	916437	Deletion	77
Y	916488	916437	Deletion	51
Y	916509	916437	Deletion	72
Y	916480	916437	Deletion	43
Y	916534	916437	Deletion	97
Y	916535	916437	Deletion	98
Y	916505	916437	Deletion	68
Y	916473	916437	Deletion	36
Y	918354	918288	Deletion	66
Y	918354	918289	Deletion	65
Y	918354	918294	Deletion	60
Y	918354	918316	Deletion	38
Y	918354	918319	Deletion	35
Y	918354	918322	Deletion	32
Y	918575	918454	Deletion	121
Y	918496	918454	Deletion	42
Y	918513	918454	Deletion	59
Y	918522	918454	Deletion	68
Y	918554	918454	Deletion	100
Y	922041	921946	Deletion	95
Y	922041	921966	Deletion	75
Y	922041	922017	Deletion	24
Y	922232	922141	Deletion	91
Y	922183	922141	Deletion	42
Y	922181	922141	Deletion	40
Y	922219	922141	Deletion	78
Y	922165	922141	Deletion	24
Y	922226	922141	Deletion	85
Y	923334	923253	Deletion	81
Y	924135	924020	Deletion	115
Y	924135	924040	Deletion	95
Y	924135	924088	Deletion	47
Y	924351	924235	Deletion	116
Y	924293	924235	Deletion	58
Y	924254	924235	Deletion	19
Y	924315	924235	Deletion	80
Y	924286	924235	Deletion	51
Y	924265	924235	Deletion	30
Y	924295	924235	Deletion	60
Y	924785	924661	Deletion	124
Y	925588	925487	Deletion	101
Y	925588	925526	Deletion	62
Y	925588	925530	Deletion	58
Y	925588	925552	Deletion	36
Y	925796	925688	Deletion	108
Y	927554	927444	Deletion	110
Y	927554	927495	Deletion	59
Y	927554	927497	Deletion	57
Y	927554	927497	Deletion	57
Y	927554	927501	Deletion	53
Y	927554	927527	Deletion	27
Y	927752	927654	Deletion	98
Y	927732	927654	Deletion	78
Y	927766	927654	Deletion	112
Y	927753	927654	Deletion	99
Y	927763	927654	Deletion	109
Y	927751	927654	Deletion	97
Y	927675	927654	Deletion	21
Y	927744	927654	Deletion	90
Y	927756	927654	Deletion	102
Y	927699	927654	Deletion	45
Y	927728	927654	Deletion	74
Y	927773	927654	Deletion	119
Y	929368	929252	Deletion	116
Y	929368	929259	Deletion	109
Y	929368	929288	Deletion	80
Y	929368	929340	Deletion	28
Y	929522	929468	Deletion	54
Y	929550	929468	Deletion	82
Y	929517	929468	Deletion	49
Y	929538	929468	Deletion	70
Y	929568	929468	Deletion	100
Y	929588	929468	Deletion	120
Y	931732	931651	Deletion	81
Y	931732	931658	Deletion	74
Y	931732	931663	Deletion	69
Y	931732	931678	Deletion	54
Y	931732	931710	Deletion	22
Y	931913	931832	Deletion	81
Y	931878	931832	Deletion	46
Y	931903	931832	Deletion	71
Y	931913	931837	Deletion	76
Y	933309	933189	Deletion	120
Y	933309	933207	Deletion	102
Y	933309	933215	Deletion	94
Y	933309	933235	Deletion	74
Y	933498	933409	Deletion	89
Y	933455	933409	Deletion	46
Y	933433	933409	Deletion	24
Y	933490	933409	Deletion	81
Y	936330	936295	Deletion	35
Y	936588	936467	Deletion	121
Y	936588	936509	Deletion	79
Y	936588	936520	Deletion	68
Y	936588	936528	Deletion	60
Y	936588	936534	Deletion	54
Y	936588	936551	Deletion	37
Y	936588	936564	Deletion	24
Y	936790	936688	Deletion	102
Y	936715	936688	Deletion	27
Y	939566	939463	Deletion	103
Y	939566	939472	Deletion	94
Y	939566	939475	Deletion	91
Y	939566	939498	Deletion	68
Y	939566	939533	Deletion	33
Y	939566	939538	Deletion	28
Y	939767	939666	Deletion	101
Y	939777	939666	Deletion	111
Y	939772	939666	Deletion	106
Y	939727	939666	Deletion	61
Y	939753	939666	Deletion	87
Y	942020	941909	Deletion	111
Y	942020	941911	Deletion	109
Y	942020	941913	Deletion	107
Y	942020	941935	Deletion	85
Y	942020	941945	Deletion	75
Y	942020	941982	Deletion	38
Y	942020	941983	Deletion	37
Y	942020	941991	Deletion	29
Y	942190	942120	Deletion	70
Y	942198	942120	Deletion	78
Y	942184	942120	Deletion	64
Y	942150	942120	Deletion	30
Y	942178	942124	Deletion	54
Y	943392	943286	Deletion	106
Y	943392	943302	Deletion	90
Y	943392	943314	Deletion	78
Y	943391	943322	Deletion	69
Y	943392	943323	Deletion	69
Y	943392	943334	Deletion	58
Y	943392	943345	Deletion	47
Y	943392	943346	Deletion	46
Y	943392	943358	Deletion	34
Y	943595	943492	Deletion	103
Y	943596	943492	Deletion	104
Y	943574	943492	Deletion	82
Y	943556	943492	Deletion	64
Y	943516	943492	Deletion	24
Y	943549	943492	Deletion	57
Y	944948	944892	Deletion	56
Y	945145	945051	Deletion	94
Y	945145	945072	Deletion	73
Y	945145	945075	Deletion	70
Y	945145	945107	Deletion	38
Y	945145	945115	Deletion	30
Y	945285	945245	Deletion	40
Y	945353	945245	Deletion	108
Y	945358	945245	Deletion	113
Y	945266	945245	Deletion	21
Y	945303	945245	Deletion	58
Y	945329	945245	Deletion	84
Y	945351	945245	Deletion	106
Y	945269	945245	Deletion	24
Y	946300	946215	Deletion	85
Y	946300	946217	Deletion	83
Y	946300	946272	Deletion	28
Y	946458	946400	Deletion	58
Y	946488	946400	Deletion	88
Y	946443	946400	Deletion	43
Y	946426	946400	Deletion	26
Y	946497	946400	Deletion	97
Y	946468	946400	Deletion	68
Y	946433	946400	Deletion	33
Y	946432	946400	Deletion	32
Y	946423	946400	Deletion	23
Y	947403	947363	Deletion	40
Y	947403	947384	Deletion	19
Y	947565	947503	Deletion	62
Y	947577	947503	Deletion	74
Y	947529	947503	Deletion	26
Y	947609	947503	Deletion	106
Y	947583	947503	Deletion	80
Y	947555	947503	Deletion	52
Y	948654	948546	Deletion	108
Y	948654	948554	Deletion	100
Y	948654	948558	Deletion	96
Y	948654	948569	Deletion	85
Y	948654	948604	Deletion	50
Y	948837	948754	Deletion	83
Y	951072	951002	Deletion	70
Y	951072	951049	Deletion	23
Y	951072	951051	Deletion	21
Y	951242	951172	Deletion	70
Y	951210	951172	Deletion	38
Y	951196	951172	Deletion	24
Y	951204	951172	Deletion	32
Y	951286	951172	Deletion	114
Y	952338	952303	Deletion	35
Y	952498	952380	Deletion	118
Y	952498	952411	Deletion	87
Y	952498	952420	Deletion	78
Y	952498	952428	Deletion	70
Y	952498	952452	Deletion	46
Y	952498	952454	Deletion	44
Y	952719	952598	Deletion	121
Y	952688	952598	Deletion	90
Y	952659	952598	Deletion	61
Y	952660	952598	Deletion	62
Y	955434	955357	Deletion	77
Y	955434	955362	Deletion	72
Y	955434	955411	Deletion	23
Y	955565	955534	Deletion	31
Y	955632	955534	Deletion	98
Y	955652	955534	Deletion	118
Y	955565	955534	Deletion	31
Y	956989	956870	Deletion	119
Y	958063	957997	Deletion	66
Y	958063	958005	Deletion	58
Y	958063	958011	Deletion	52
Y	958063	958016	Deletion	47
Y	958063	958033	Deletion	30
Y	958258	958163	Deletion	95
Y	958222	958163	Deletion	59
Y	958208	958163	Deletion	45
Y	958199	958163	Deletion	36
Y	958233	958163	Deletion	70
Y	958214	958163	Deletion	51
Y	958223	958163	Deletion	60
Y	959383	959270	Deletion	113
Y	959383	959276	Deletion	107
Y	959532	959483	Deletion	49
Y	959565	959483	Deletion	82
Y	959570	959483	Deletion	87
Y	959518	959483	Deletion	35
Y	959591	959483	Deletion	108
Y	959590	959483	Deletion	107
Y	959568	959483	Deletion	85
Y	959594	959483	Deletion	111
Y	959590	959483	Deletion	107
Y	959747	959624	Deletion	123
Y	960542	960435	Deletion	107
Y	960542	960485	Deletion	57
Y	960542	960489	Deletion	53
Y	960542	960513	Deletion	29
Y	968633	968542	Deletion	91
Y	968561	968542	Deletion	19
Y	968605	968542	Deletion	63
Y	968650	968542	Deletion	108
Y	968644	968542	Deletion	102
Y	968614	968542	Deletion	72
Y	970063	969950	Deletion	113
Y	970063	969976	Deletion	87
Y	970063	969987	Deletion	76
Y	970063	969989	Deletion	74
Y	970063	970026	Deletion	37
Y	970670	970563	Deletion	107
Y	970617	970563	Deletion	54
Y	970602	970563	Deletion	39
Y	971301	971185	Deletion	116
Y	971301	971226	Deletion	75
Y	971301	971236	Deletion	65
Y	971301	971239	Deletion	62
Y	971301	971280	Deletion	21
Y	971460	971401	Deletion	59
Y	971459	971401	Deletion	58
Y	971445	971401	Deletion	44
Y	973757	973654	Deletion	103
Y	973757	973680	Deletion	77
Y	973757	973682	Deletion	75
Y	973757	973690	Deletion	67
Y	973757	973707	Deletion	50
Y	973949	973857	Deletion	92
Y	973973	973857	Deletion	116
Y	973901	973857	Deletion	44
Y	976078	975960	Deletion	118
Y	976078	975961	Deletion	117
Y	976078	975981	Deletion	97
Y	976078	975987	Deletion	91
Y	976078	975996	Deletion	82
Y	976078	976005	Deletion	73
Y	976078	976030	Deletion	48
Y	976078	976032	Deletion	46
Y	976276	976178	Deletion	98
Y	976197	976178	Deletion	19
Y	976299	976178	Deletion	121
Y	976257	976178	Deletion	79
Y	976271	976178	Deletion	93
Y	976265	976178	Deletion	87
Y	977519	977410	Deletion	109
Y	977521	977433	Deletion	88
Y	977521	977433	Deletion	88
Y	977521	977448	Deletion	73
Y	977521	977482	Deletion	39
Y	977684	977621	Deletion	63
Y	977672	977621	Deletion	51
Y	978104	978062	Deletion	42
Y	979287	979182	Deletion	105
Y	979429	979308	Deletion	121
Y	979429	979309	Deletion	120
Y	979429	979334	Deletion	95
Y	979429	979354	Deletion	75
Y	979429	979381	Deletion	48
Y	979429	979390	Deletion	39
Y	979554	979529	Deletion	25
Y	979603	979529	Deletion	74
Y	979606	979529	Deletion	77
Y	979599	979529	Deletion	70
Y	979624	979529	Deletion	95
Y	979632	979529	Deletion	103
Y	979649	979529	Deletion	120
Y	979642	979529	Deletion	113
Y	979616	979529	Deletion	87
Y	979635	979529	Deletion	106
Y	979638	979529	Deletion	109
Y	980897	980812	Deletion	85
Y	980897	980838	Deletion	59
Y	980897	980848	Deletion	49
Y	981068	980997	Deletion	71
Y	981025	980997	Deletion	28
Y	981046	980997	Deletion	49
Y	981052	980997	Deletion	55
Y	981082	980997	Deletion	85
Y	981102	980997	Deletion	105
Y	981023	980997	Deletion	26
Y	981460	981364	Deletion	96
Y	983135	983092	Deletion	43
Y	983294	983235	Deletion	59
Y	983332	983235	Deletion	97
Y	983277	983235	Deletion	42
Y	983332	983235	Deletion	97
Y	983335	983235	Deletion	100
Y	983306	983235	Deletion	71
Y	983326	983235	Deletion	91
Y	983789	983729	Deletion	60
Y	983841	983729	Deletion	112
Y	983780	983729	Deletion	51
Y	984340	984219	Deletion	121
Y	986927	986844	Deletion	83
Y	986927	986845	Deletion	82
Y	986927	986845	Deletion	82
Y	986927	986849	Deletion	78
Y	987098	987027	Deletion	71
Y	987129	987027	Deletion	102
Y	987108	987027	Deletion	81
Y	987106	987027	Deletion	79
Y	988093	987989	Deletion	104
Y	988093	987996	Deletion	97
Y	988093	988010	Deletion	83
Y	988093	988011	Deletion	82
Y	988093	988018	Deletion	75
Y	988093	988018	Deletion	75
Y	988093	988030	Deletion	63
Y	988093	988062	Deletion	31
Y	988221	988193	Deletion	28
Y	988228	988193	Deletion	35
Y	988212	988193	Deletion	19
Y	988310	988193	Deletion	117
Y	988261	988193	Deletion	68
Y	992262	992177	Deletion	85
Y	992262	992179	Deletion	83
Y	992262	992184	Deletion	78
Y	992262	992198	Deletion	64
Y	992477	992362	Deletion	115
Y	992385	992362	Deletion	23
Y	992462	992362	Deletion	100
Y	992439	992362	Deletion	77
Y	992472	992362	Deletion	110
Y	992483	992362	Deletion	121
Y	992387	992362	Deletion	25
Y	995588	995497	Deletion	91
Y	995840	995724	Deletion	116
Y	995840	995731	Deletion	109
Y	995840	995763	Deletion	77
Y	995840	995782	Deletion	58
Y	995840	995813	Deletion	27
Y	996006	995940	Deletion	66
Y	996042	995940	Deletion	102
Y	996031	995940	Deletion	91
Y	996019	995940	Deletion	79
Y	998118	998005	Deletion	113
Y	998682	998581	Deletion	101
Y	998682	998583	Deletion	99
Y	998682	998587	Deletion	95
Y	998682	998589	Deletion	93
Y	998682	998605	Deletion	77
Y	998682	998611	Deletion	71
Y	998682	998619	Deletion	63
Y	998682	998626	Deletion	56
Y	998682	998636	Deletion	46
Y	998816	998782	Deletion	34
Y	998896	998782	Deletion	114
Y	998846	998782	Deletion	64
Y	998802	998782	Deletion	20
Y	998902	998782	Deletion	120
Y	998861	998782	Deletion	79
Y	998870	998782	Deletion	88
Y	998841	998782	Deletion	59
Y	1000317	1000231	Deletion	86
Y	1000252	1000231	Deletion	21
Y	1002813	1002767	Deletion	46
Y	1004639	1004520	Deletion	119
Y	1004639	1004524	Deletion	115
Y	1004639	1004565	Deletion	74
Y	1004639	1004580	Deletion	59
Y	1004639	1004601	Deletion	38
Y	1004788	1004739	Deletion	49
Y	1004774	1004739	Deletion	35
Y	1004843	1004739	Deletion	104
Y	1009359	1009247	Deletion	112
Y	1009359	1009267	Deletion	92
Y	1009359	1009281	Deletion	78
Y	1009359	1009293	Deletion	66
Y	1009359	1009298	Deletion	61
Y	1009359	1009312	Deletion	47
Y	1009490	1009459	Deletion	31
Y	1009528	1009459	Deletion	69
Y	1009570	1009459	Deletion	111
Y	1009519	1009459	Deletion	60
Y	1009486	1009459	Deletion	27
Y	1009666	1009548	Deletion	118
Y	1009666	1009570	Deletion	96
Y	1011194	1011071	Deletion	123
Y	1013880	1013846	Deletion	34
Y	1014100	1013989	Deletion	111
Y	1014100	1013996	Deletion	104
Y	1014100	1014012	Deletion	88
Y	1014100	1014021	Deletion	79
Y	1014100	1014023	Deletion	77
Y	1014100	1014025	Deletion	75
Y	1014100	1014026	Deletion	74
Y	1014100	1014037	Deletion	63
Y	1014100	1014044	Deletion	56
Y	1014100	1014049	Deletion	51
Y	1014100	1014059	Deletion	41
Y	1014100	1014064	Deletion	36
Y	1014100	1014070	Deletion	30
Y	1014265	1014200	Deletion	65
Y	1014226	1014200	Deletion	26
Y	1014246	1014200	Deletion	46
Y	1014238	1014200	Deletion	38
Y	1019730	1019612	Deletion	118
Y	1019730	1019660	Deletion	70
Y	1019852	1019830	Deletion	22
Y	1019873	1019830	Deletion	43
Y	1019852	1019830	Deletion	22
Y	1019888	1019830	Deletion	58
Y	1020606	1020490	Deletion	116
Y	1020606	1020502	Deletion	104
Y	1020606	1020515	Deletion	91
Y	1020606	1020524	Deletion	82
Y	1020606	1020539	Deletion	67
Y	1020606	1020575	Deletion	31
Y	1021920	1021867	Deletion	53
Y	1028908	1028880	Deletion	28
Y	1029164	1029069	Deletion	95
Y	1029104	1029069	Deletion	35
Y	1029128	1029069	Deletion	59
Y	1029181	1029069	Deletion	112
Y	1029113	1029069	Deletion	44
Y	1029671	1029552	Deletion	119
Y	1029671	1029560	Deletion	111
Y	1029671	1029566	Deletion	105
Y	1029671	1029577	Deletion	94
Y	1029671	1029587	Deletion	84
Y	1029671	1029594	Deletion	77
Y	1029671	1029599	Deletion	72
Y	1029671	1029600	Deletion	71
Y	1029671	1029603	Deletion	68
Y	1029671	1029620	Deletion	51
Y	1029671	1029628	Deletion	43
Y	1029671	1029633	Deletion	38
Y	1029671	1029648	Deletion	23
Y	1029671	1029651	Deletion	20
Y	1029877	1029771	Deletion	106
Y	1029881	1029771	Deletion	110
Y	1029858	1029771	Deletion	87
Y	1029841	1029771	Deletion	70
Y	1029877	1029771	Deletion	106
Y	1031080	1031037	Deletion	43
Y	1032946	1032857	Deletion	89
Y	1032946	1032868	Deletion	78
Y	1032946	1032869	Deletion	77
Y	1032946	1032875	Deletion	71
Y	1033164	1033046	Deletion	118
Y	1033091	1033046	Deletion	45
Y	1033161	1033046	Deletion	115
Y	1033165	1033046	Deletion	119
Y	1033069	1033046	Deletion	23
Y	1033125	1033046	Deletion	79
Y	1033115	1033046	Deletion	69
Y	1033108	1033046	Deletion	62
Y	1034074	1033956	Deletion	118
Y	1035424	1035375	Deletion	49
Y	1035716	1035628	Deletion	88
Y	1035716	1035648	Deletion	68
Y	1035901	1035816	Deletion	85
Y	1035916	1035816	Deletion	100
Y	1039082	1039003	Deletion	79
Y	1039082	1039008	Deletion	74
Y	1039082	1039017	Deletion	65
Y	1039082	1039033	Deletion	49
Y	1039082	1039050	Deletion	32
Y	1039247	1039182	Deletion	65
Y	1039231	1039182	Deletion	49
Y	1039292	1039182	Deletion	110
Y	1039576	1039548	Deletion	28
Y	1042549	1042462	Deletion	87
Y	1042549	1042482	Deletion	67
Y	1042549	1042501	Deletion	48
Y	1042549	1042514	Deletion	35
Y	1050592	1050549	Deletion	43
Y	1050659	1050549	Deletion	110
Y	1050617	1050549	Deletion	68
Y	1050638	1050549	Deletion	89
Y	1053927	1053858	Deletion	69
Y	1054058	1054027	Deletion	31
Y	1054084	1054027	Deletion	57
Y	1054175	1054142	Deletion	33
Y	1058370	1058267	Deletion	103
Y	1058370	1058285	Deletion	85
Y	1058370	1058285	Deletion	85
Y	1058370	1058298	Deletion	72
Y	1058370	1058306	Deletion	64
Y	1058370	1058318	Deletion	52
Y	1058370	1058328	Deletion	42
Y	1058370	1058328	Deletion	42
Y	1058407	1058364	Deletion	43
Y	1058619	1058587	Deletion	32
Y	1060038	1059990	Deletion	48
Y	1063078	1062979	Deletion	99
Y	1064791	1064734	Deletion	57
Y	1070108	1070062	Deletion	46
Y	1074182	1074146	Deletion	36
Y	1085812	1085720	Deletion	92
Y	1085837	1085740	Deletion	97
Y	1085812	1085777	Deletion	35
Y	1087030	1086966	Deletion	64
Y	1088084	1087965	Deletion	119
Y	1088085	1087965	Deletion	120
Y	1088062	1087965	Deletion	97
Y	1088828	1088764	Deletion	64
Y	1089949	1089902	Deletion	47
Y	1090029	1089951	Deletion	78
Y	1090025	1089951	Deletion	74
Y	1090057	1090023	Deletion	34
Y	1090073	1090044	Deletion	29
Y	1090849	1090728	Deletion	121
Y	1090925	1090872	Deletion	53
Y	1091093	1091060	Deletion	33
Y	1097782	1097658	Deletion	124
Y	1101971	1101915	Deletion	56
Y	1101977	1101915	Deletion	62
Y	1102028	1101915	Deletion	113
Y	1101974	1101915	Deletion	59
Y	1104346	1104245	Deletion	101
Y	1104346	1104251	Deletion	95
Y	1104346	1104256	Deletion	90
Y	1104346	1104269	Deletion	77
Y	1104346	1104278	Deletion	68
Y	1121102	1121066	Deletion	36
Y	1121115	1121066	Deletion	49
Y	1121097	1121066	Deletion	31
Y	1121124	1121066	Deletion	58
Y	1127744	1127626	Deletion	118
Y	1127744	1127690	Deletion	54
Y	1128150	1128111	Deletion	39
Y	1128151	1128111	Deletion	40
Y	1128219	1128111	Deletion	108
Y	1128220	1128111	Deletion	109
Y	1128220	1128111	Deletion	109
Y	1128184	1128111	Deletion	73
Y	1128170	1128111	Deletion	59
Y	1128169	1128111	Deletion	58
Y	1130298	1130211	Deletion	87
Y	1132205	1132164	Deletion	41
Y	1132277	1132164	Deletion	113
Y	1133608	1133564	Deletion	44
Y	1134569	1134546	Deletion	23
Y	1135053	1135006	Deletion	47
Y	1135825	1135780	Deletion	45
Y	1136528	1136450	Deletion	78
Y	1136497	1136450	Deletion	47
Y	1138515	1138438	Deletion	77
Y	1138794	1138725	Deletion	69
Y	1138794	1138759	Deletion	35
Y	1140375	1140322	Deletion	53
Y	1143815	1143729	Deletion	86
Y	1143807	1143729	Deletion	78
Y	1146179	1146055	Deletion	124
Y	1146179	1146085	Deletion	94
Y	1146179	1146120	Deletion	59
Y	1146179	1146140	Deletion	39
Y	1150815	1150728	Deletion	87
Y	1150894	1150789	Deletion	105
Y	1151288	1151217	Deletion	71
Y	1154244	1154183	Deletion	61
Y	1154244	1154186	Deletion	58
Y	1154650	1154553	Deletion	97
Y	1155712	1155624	Deletion	88
Y	1158983	1158937	Deletion	46
Y	1159106	1159044	Deletion	62
Y	1164724	1164625	Deletion	99
Y	1164724	1164672	Deletion	52
Y	1164724	1164676	Deletion	48
Y	1164724	1164682	Deletion	42
Y	1165760	1165724	Deletion	36
Y	1165840	1165724	Deletion	116
Y	1165794	1165724	Deletion	70
Y	1166190	1166134	Deletion	56
Y	1170255	1170149	Deletion	106
Y	1170811	1170744	Deletion	67
Y	1170908	1170803	Deletion	105
Y	1170918	1170803	Deletion	115
Y	1171302	1171228	Deletion	74
Y	1174037	1173945	Deletion	92
Y	1174037	1173946	Deletion	91
Y	1174258	1174210	Deletion	48
Y	1174603	1174567	Deletion	36
Y	1177560	1177513	Deletion	47
Y	1180104	1180031	Deletion	73
Y	1180245	1180165	Deletion	80
Y	1180527	1180448	Deletion	79
Y	1182923	1182860	Deletion	63
Y	1183330	1183237	Deletion	93
Y	1184159	1184051	Deletion	108
Y	1184159	1184053	Deletion	106
Y	1184697	1184640	Deletion	57
Y	1185635	1185567	Deletion	68
Y	1187681	1187635	Deletion	46
Y	1189257	1189136	Deletion	121
Y	1189862	1189784	Deletion	78
Y	1190593	1190541	Deletion	52
Y	1193050	1192966	Deletion	84
Y	1193048	1192969	Deletion	79
Y	1197310	1197246	Deletion	64
Y	1197475	1197371	Deletion	104
Y	1197424	1197371	Deletion	53
Y	1198803	1198702	Deletion	101
Y	1199739	1199680	Deletion	59
Y	1199768	1199680	Deletion	88
Y	1200806	1200737	Deletion	69
Y	1204862	1204756	Deletion	106
Y	1207983	1207953	Deletion	30
Y	1208204	1208095	Deletion	109
Y	1208204	1208097	Deletion	107
Y	1208204	1208117	Deletion	87
Y	1208204	1208133	Deletion	71
Y	1208204	1208149	Deletion	55
Y	1209158	1209047	Deletion	111
Y	1210370	1210335	Deletion	35
Y	1210453	1210335	Deletion	118
Y	1211475	1211407	Deletion	68
Y	1215120	1215019	Deletion	101
Y	1215120	1215089	Deletion	31
Y	1215282	1215220	Deletion	62
Y	1215271	1215220	Deletion	51
Y	1215279	1215220	Deletion	59
Y	1215298	1215220	Deletion	78
Y	1215285	1215220	Deletion	65
Y	1215303	1215220	Deletion	83
Y	1215277	1215220	Deletion	57
Y	1216556	1216446	Deletion	110
Y	1216695	1216592	Deletion	103
Y	1218327	1218260	Deletion	67
Y	1218485	1218368	Deletion	117
Y	1226141	1226092	Deletion	49
Y	1229441	1229319	Deletion	122
Y	1229441	1229326	Deletion	115
Y	1229441	1229349	Deletion	92
Y	1229441	1229366	Deletion	75
Y	1229441	1229369	Deletion	72
Y	1229441	1229384	Deletion	57
Y	1237436	1237402	Deletion	34
Y	1237453	1237402	Deletion	51
Y	1237456	1237402	Deletion	54
Y	1237526	1237402	Deletion	124
Y	1237523	1237402	Deletion	121
Y	1237471	1237402	Deletion	69
Y	1239978	1239947	Deletion	31
Y	1244392	1244292	Deletion	100
Y	1245427	1245310	Deletion	117
Y	1249049	1248952	Deletion	97
Y	1249739	1249695	Deletion	44
Y	1251563	1251495	Deletion	68
Y	1251602	1251495	Deletion	107
Y	1252630	1252589	Deletion	41
Y	1254983	1254917	Deletion	66
Y	1255082	1255044	Deletion	38
Y	1255266	1255144	Deletion	122
Y	1257761	1257737	Deletion	24
Y	1261230	1261159	Deletion	71
Y	1261894	1261769	Deletion	125
Y	1263863	1263776	Deletion	87
Y	1263863	1263782	Deletion	81
Y	1263984	1263934	Deletion	50
Y	1263973	1263934	Deletion	39
Y	1267441	1267372	Deletion	69
Y	1271048	1271011	Deletion	37
Y	1272153	1272031	Deletion	122
Y	1273943	1273846	Deletion	97
Y	1274364	1274328	Deletion	36
Y	1274622	1274560	Deletion	62
Y	1274697	1274652	Deletion	45
Y	1275548	1275433	Deletion	115
Y	1275548	1275454	Deletion	94
Y	1275548	1275458	Deletion	90
Y	1275601	1275548	Deletion	53
Y	1277718	1277681	Deletion	37
Y	1277878	1277789	Deletion	89
Y	1278039	1277933	Deletion	106
Y	1278800	1278683	Deletion	117
Y	1279076	1278953	Deletion	123
Y	1281963	1281923	Deletion	40
Y	1282016	1281984	Deletion	32
Y	1284267	1284190	Deletion	77
Y	1284322	1284200	Deletion	122
Y	1284680	1284629	Deletion	51
Y	1284680	1284629	Deletion	51
Y	1285057	1284981	Deletion	76
Y	1285659	1285571	Deletion	88
Y	1288159	1288084	Deletion	75
Y	1289359	1289255	Deletion	104
Y	1291963	1291879	Deletion	84
Y	1291981	1291879	Deletion	102
Y	1294339	1294308	Deletion	31
Y	1297388	1297353	Deletion	35
Y	1297972	1297896	Deletion	76
Y	1298088	1298043	Deletion	45
Y	1301102	1301022	Deletion	80
Y	1301954	1301833	Deletion	121
Y	1304893	1304827	Deletion	66
Y	1305271	1305216	Deletion	55
Y	1306192	1306128	Deletion	64
Y	1306239	1306166	Deletion	73
Y	1309502	1309417	Deletion	85
Y	1312975	1312924	Deletion	51
Y	1314321	1314226	Deletion	95
Y	1314321	1314247	Deletion	74
Y	1315975	1315857	Deletion	118
Y	1315975	1315877	Deletion	98
Y	1316553	1316498	Deletion	55
Y	1320740	1320674	Deletion	66
Y	1332932	1332854	Deletion	78
Y	1333490	1333398	Deletion	92
Y	1333989	1333929	Deletion	60
Y	1336287	1336199	Deletion	88
Y	1337261	1337221	Deletion	40
Y	1339757	1339724	Deletion	33
Y	1339965	1339847	Deletion	118
Y	1340920	1340839	Deletion	81
Y	1341135	1341015	Deletion	120
Y	1341335	1341237	Deletion	98
Y	1341531	1341468	Deletion	63
Y	1344061	1344003	Deletion	58
Y	1345249	1345167	Deletion	82
Y	1347510	1347465	Deletion	45
Y	1347665	1347621	Deletion	44
Y	1348563	1348439	Deletion	124
Y	1349379	1349252	Deletion	127
Y	1350262	1350185	Deletion	77
Y	1350382	1350333	Deletion	49
Y	1352380	1352285	Deletion	95
Y	1355622	1355538	Deletion	84
Y	1358090	1357972	Deletion	118
Y	1358090	1358004	Deletion	86
Y	1358998	1358967	Deletion	31
Y	1359601	1359499	Deletion	102
Y	1361973	1361856	Deletion	117
Y	1362330	1362224	Deletion	106
Y	1362384	1362339	Deletion	45
Y	1363620	1363529	Deletion	91
Y	1363620	1363530	Deletion	90
Y	1365028	1364980	Deletion	48
Y	1367087	1367027	Deletion	60
Y	1367346	1367293	Deletion	53
Y	1368466	1368386	Deletion	80
Y	1368742	1368646	Deletion	96
Y	1370194	1370151	Deletion	43
Y	1371861	1371813	Deletion	48
Y	1371898	1371813	Deletion	85
Y	1375779	1375746	Deletion	33
Y	1376368	1376290	Deletion	78
Y	1378724	1378663	Deletion	61
Y	1379230	1379166	Deletion	64
Y	1380492	1380423	Deletion	69
Y	1381422	1381323	Deletion	99
Y	1391583	1391553	Deletion	30
Y	1391724	1391633	Deletion	91
Y	1392576	1392527	Deletion	49
Y	1400855	1400770	Deletion	85
Y	1400842	1400770	Deletion	72
Y	1400813	1400770	Deletion	43
Y	1401149	1401030	Deletion	119
Y	1401297	1401184	Deletion	113
Y	1401393	1401347	Deletion	46
Y	1402795	1402693	Deletion	102
Y	1404276	1404158	Deletion	118
Y	1404560	1404460	Deletion	100
Y	1412797	1412765	Deletion	32
Y	1414335	1414261	Deletion	74
Y	1415275	1415230	Deletion	45
Y	1416803	1416703	Deletion	100
Y	1416803	1416712	Deletion	91
Y	1416803	1416740	Deletion	63
Y	1416803	1416768	Deletion	35
Y	1417004	1416908	Deletion	96
Y	1417012	1416933	Deletion	79
Y	1417025	1416963	Deletion	62
Y	1420194	1420088	Deletion	106
Y	1420194	1420120	Deletion	74
Y	1424410	1424305	Deletion	105
Y	1424357	1424305	Deletion	52
Y	1426374	1426281	Deletion	93
Y	1426573	1426529	Deletion	44
Y	1427467	1427391	Deletion	76
Y	1436262	1436141	Deletion	121
Y	1436422	1436366	Deletion	56
Y	1436604	1436565	Deletion	39
Y	1437668	1437577	Deletion	91
Y	1438661	1438542	Deletion	119
Y	1438661	1438546	Deletion	115
Y	1438661	1438556	Deletion	105
Y	1438661	1438559	Deletion	102
Y	1438910	1438786	Deletion	124
Y	1439446	1439328	Deletion	118
Y	1449450	1449354	Deletion	96
Y	1449464	1449354	Deletion	110
Y	1449404	1449354	Deletion	50
Y	1449428	1449354	Deletion	74
Y	1450443	1450322	Deletion	121
Y	1450443	1450331	Deletion	112
Y	1450443	1450337	Deletion	106
Y	1450443	1450340	Deletion	103
Y	1450443	1450392	Deletion	51
Y	1453105	1453066	Deletion	39
Y	1453903	1453804	Deletion	99
Y	1457079	1456962	Deletion	117
Y	1457079	1456962	Deletion	117
Y	1457079	1456965	Deletion	114
Y	1457079	1456999	Deletion	80
Y	1457079	1457003	Deletion	76
Y	1457079	1457011	Deletion	68
Y	1457250	1457175	Deletion	75
Y	1457250	1457179	Deletion	71
Y	1457250	1457179	Deletion	71
Y	1457210	1457179	Deletion	31
Y	1457199	1457179	Deletion	20
Y	1463342	1463305	Deletion	37
Y	1466479	1466443	Deletion	36
Y	1467271	1467157	Deletion	114
Y	1469530	1469425	Deletion	105
Y	1471005	1470958	Deletion	47
Y	1471634	1471586	Deletion	48
Y	1474789	1474695	Deletion	94
Y	1474740	1474695	Deletion	45
Y	1474788	1474695	Deletion	93
Y	1477187	1477088	Deletion	99
Y	1477187	1477096	Deletion	91
Y	1477187	1477114	Deletion	73
Y	1479774	1479655	Deletion	119
Y	1479774	1479656	Deletion	118
Y	1481254	1481203	Deletion	51
Y	1483003	1482908	Deletion	95
Y	1483003	1482942	Deletion	61
Y	1484958	1484885	Deletion	73
Y	1486945	1486823	Deletion	122
Y	1486944	1486823	Deletion	121
Y	1486930	1486823	Deletion	107
Y	1489062	1489015	Deletion	47
Y	1489062	1489029	Deletion	33
Y	1490624	1490571	Deletion	53
Y	1492277	1492233	Deletion	44
Y	1494026	1493944	Deletion	82
Y	1494026	1493981	Deletion	45
Y	1497877	1497846	Deletion	31
Y	1497911	1497846	Deletion	65
Y	1498223	1498154	Deletion	69
Y	1499469	1499368	Deletion	101
Y	1501327	1501260	Deletion	67
Y	1501376	1501274	Deletion	102
Y	1501454	1501400	Deletion	54
Y	1510289	1510219	Deletion	70
Y	1510334	1510219	Deletion	115
Y	1514808	1514684	Deletion	124
Y	1516926	1516845	Deletion	81
Y	1524721	1524644	Deletion	77
Y	1524721	1524664	Deletion	57
Y	1525618	1525524	Deletion	94
Y	1525595	1525524	Deletion	71
Y	1526982	1526884	Deletion	98
Y	1526982	1526889	Deletion	93
Y	1526986	1526905	Deletion	81
Y	1526948	1526905	Deletion	43
Y	1527797	1527697	Deletion	100
Y	1530744	1530635	Deletion	109
Y	1531848	1531791	Deletion	57
Y	1531951	1531837	Deletion	114
Y	1532786	1532662	Deletion	124
Y	1532697	1532662	Deletion	35
Y	1532774	1532662	Deletion	112
Y	1534493	1534400	Deletion	93
Y	1534859	1534803	Deletion	56
Y	1538405	1538375	Deletion	30
Y	1545018	1544969	Deletion	49
Y	1545807	1545737	Deletion	70
Y	1547882	1547778	Deletion	104
Y	1550019	1549955	Deletion	64
Y	1550022	1549955	Deletion	67
Y	1557037	1556931	Deletion	106
Y	1557037	1556957	Deletion	80
Y	1557037	1556971	Deletion	66
Y	1557037	1556982	Deletion	55
Y	1557037	1557004	Deletion	33
Y	1557496	1557424	Deletion	72
Y	1557485	1557424	Deletion	61
Y	1557518	1557424	Deletion	94
Y	1557471	1557424	Deletion	47
Y	1571899	1571789	Deletion	110
Y	1571899	1571809	Deletion	90
Y	1571899	1571821	Deletion	78
Y	1571899	1571827	Deletion	72
Y	1572877	1572840	Deletion	37
Y	1574494	1574445	Deletion	49
Y	1574482	1574445	Deletion	37
Y	1576743	1576684	Deletion	59
Y	1579272	1579233	Deletion	39
Y	1584849	1584751	Deletion	98
Y	1584849	1584779	Deletion	70
Y	1585126	1585032	Deletion	94
Y	1585843	1585789	Deletion	54
Y	1585876	1585789	Deletion	87
Y	1585823	1585789	Deletion	34
Y	1587519	1587402	Deletion	117
Y	1587457	1587402	Deletion	55
Y	1587500	1587402	Deletion	98
Y	1587459	1587402	Deletion	57
Y	1591093	1590996	Deletion	97
Y	1592134	1592033	Deletion	101
Y	1596409	1596304	Deletion	105
Y	1597828	1597745	Deletion	83
Y	1606373	1606275	Deletion	98
Y	1606373	1606279	Deletion	94
Y	1606373	1606332	Deletion	41
Y	1606542	1606423	Deletion	119
Y	1606545	1606423	Deletion	122
Y	1606533	1606423	Deletion	110
Y	1606577	1606459	Deletion	118
Y	1606577	1606474	Deletion	103
Y	1606859	1606748	Deletion	111
Y	1611704	1611581	Deletion	123
Y	1612011	1611931	Deletion	80
Y	1612778	1612720	Deletion	58
Y	1612774	1612720	Deletion	54
Y	1613446	1613342	Deletion	104
Y	1613446	1613347	Deletion	99
Y	1613657	1613596	Deletion	61
Y	1614184	1614121	Deletion	63
Y	1614352	1614237	Deletion	115
Y	1614352	1614321	Deletion	31
Y	1616690	1616589	Deletion	101
Y	1616701	1616589	Deletion	112
Y	1617104	1616993	Deletion	111
Y	1617588	1617488	Deletion	100
Y	1617588	1617530	Deletion	58
Y	1617761	1617692	Deletion	69
Y	1618828	1618781	Deletion	47
Y	1618824	1618781	Deletion	43
Y	1619348	1619280	Deletion	68
Y	1619348	1619291	Deletion	57
Y	1619961	1619887	Deletion	74
Y	1622253	1622166	Deletion	87
Y	1626186	1626098	Deletion	88
Y	1626186	1626100	Deletion	86
Y	1626186	1626144	Deletion	42
Y	1627601	1627549	Deletion	52
Y	1629855	1629739	Deletion	116
Y	1629838	1629739	Deletion	99
Y	1629910	1629849	Deletion	61
Y	1635618	1635585	Deletion	33
Y	1635807	1635696	Deletion	111
Y	1636008	1635907	Deletion	101
Y	1638203	1638110	Deletion	93
Y	1638203	1638124	Deletion	79
Y	1638203	1638139	Deletion	64
Y	1638203	1638166	Deletion	37
Y	1638396	1638303	Deletion	93
Y	1638370	1638303	Deletion	67
Y	1640039	1639946	Deletion	93
Y	1642504	1642458	Deletion	46
Y	1642583	1642476	Deletion	107
Y	1642583	1642477	Deletion	106
Y	1642583	1642486	Deletion	97
Y	1642583	1642537	Deletion	46
Y	1642583	1642541	Deletion	42
Y	1642583	1642548	Deletion	35
Y	1642733	1642683	Deletion	50
Y	1642799	1642683	Deletion	116
Y	1642771	1642683	Deletion	88
Y	1642755	1642683	Deletion	72
Y	1642797	1642683	Deletion	114
Y	1642786	1642683	Deletion	103
Y	1642791	1642683	Deletion	108
Y	1642765	1642683	Deletion	82
Y	1643213	1643098	Deletion	115
Y	1643213	1643098	Deletion	115
Y	1643213	1643107	Deletion	106
Y	1643213	1643119	Deletion	94
Y	1643213	1643120	Deletion	93
Y	1643213	1643153	Deletion	60
Y	1643213	1643161	Deletion	52
Y	1651303	1651213	Deletion	90
Y	1651319	1651213	Deletion	106
Y	1651296	1651213	Deletion	83
Y	1651664	1651546	Deletion	118
Y	1651664	1651559	Deletion	105
Y	1651664	1651581	Deletion	83
Y	1651664	1651595	Deletion	69
Y	1651664	1651603	Deletion	61
Y	1651664	1651604	Deletion	60
Y	1651664	1651615	Deletion	49
Y	1651664	1651617	Deletion	47
Y	1651664	1651640	Deletion	24
Y	1651807	1651764	Deletion	43
Y	1651870	1651764	Deletion	106
Y	1651850	1651764	Deletion	86
Y	1651874	1651764	Deletion	110
Y	1655357	1655254	Deletion	103
Y	1655357	1655277	Deletion	80
Y	1655357	1655293	Deletion	64
Y	1655357	1655303	Deletion	54
Y	1655357	1655307	Deletion	50
Y	1655357	1655323	Deletion	34
Y	1655480	1655457	Deletion	23
Y	1655494	1655457	Deletion	37
Y	1655533	1655457	Deletion	76
Y	1655540	1655457	Deletion	83
Y	1655879	1655811	Deletion	68
Y	1656574	1656453	Deletion	121
Y	1657229	1657145	Deletion	84
Y	1657229	1657197	Deletion	32
Y	1657658	1657552	Deletion	106
Y	1657658	1657585	Deletion	73
Y	1657858	1657758	Deletion	100
Y	1657814	1657758	Deletion	56
Y	1657782	1657758	Deletion	24
Y	1659186	1659121	Deletion	65
Y	1659858	1659742	Deletion	116
Y	1659858	1659764	Deletion	94
Y	1659858	1659819	Deletion	39
Y	1662204	1662162	Deletion	42
Y	1664050	1663939	Deletion	111
Y	1664050	1663944	Deletion	106
Y	1664050	1663946	Deletion	104
Y	1664050	1663965	Deletion	85
Y	1664050	1664015	Deletion	35
Y	1664050	1664024	Deletion	26
Y	1664050	1664028	Deletion	22
Y	1664050	1664031	Deletion	19
Y	1664244	1664150	Deletion	94
Y	1664212	1664154	Deletion	58
Y	1665409	1665328	Deletion	81
Y	1665401	1665333	Deletion	68
Y	1665409	1665370	Deletion	39
Y	1665409	1665388	Deletion	21
Y	1665585	1665509	Deletion	76
Y	1665585	1665509	Deletion	76
Y	1665576	1665509	Deletion	67
Y	1667574	1667474	Deletion	100
Y	1667761	1667674	Deletion	87
Y	1667745	1667674	Deletion	71
Y	1668775	1668747	Deletion	28
Y	1668967	1668843	Deletion	124
Y	1673304	1673256	Deletion	48
Y	1677676	1677559	Deletion	117
Y	1677676	1677596	Deletion	80
Y	1681207	1681099	Deletion	108
Y	1681207	1681148	Deletion	59
Y	1681397	1681292	Deletion	105
Y	1684930	1684840	Deletion	90
Y	1684930	1684877	Deletion	53
Y	1685120	1685013	Deletion	107
Y	1685120	1685042	Deletion	78
Y	1696970	1696923	Deletion	47
Y	1697017	1696923	Deletion	94
Y	1697003	1696923	Deletion	80
Y	1697004	1696923	Deletion	81
Y	1696972	1696923	Deletion	49
Y	1697824	1697764	Deletion	60
Y	1702526	1702441	Deletion	85
Y	1709989	1709947	Deletion	42
Y	1712675	1712591	Deletion	84
Y	1715380	1715345	Deletion	35
Y	1720955	1720854	Deletion	101
Y	1720884	1720854	Deletion	30
Y	1722121	1722009	Deletion	112
Y	1723572	1723460	Deletion	112
Y	1723572	1723490	Deletion	82
Y	1723572	1723493	Deletion	79
Y	1723572	1723503	Deletion	69
Y	1723572	1723515	Deletion	57
Y	1723572	1723521	Deletion	51
Y	1725806	1725738	Deletion	68
Y	1726548	1726513	Deletion	35
Y	1738316	1738238	Deletion	78
Y	1738316	1738252	Deletion	64
Y	1738316	1738277	Deletion	39
Y	1738585	1738463	Deletion	122
Y	1738531	1738463	Deletion	68
Y	1738583	1738463	Deletion	120
Y	1738581	1738463	Deletion	118
Y	1738575	1738463	Deletion	112
Y	1738550	1738463	Deletion	87
Y	1742185	1742142	Deletion	43
Y	1742903	1742877	Deletion	26
Y	1743274	1743161	Deletion	113
Y	1747133	1747090	Deletion	43
Y	1747133	1747109	Deletion	24
Y	1747282	1747233	Deletion	49
Y	1748407	1748347	Deletion	60
Y	1748407	1748378	Deletion	29
Y	1748569	1748507	Deletion	62
Y	1748529	1748507	Deletion	22
Y	1748599	1748507	Deletion	92
Y	1748545	1748507	Deletion	38
Y	1748572	1748507	Deletion	65
Y	1749730	1749677	Deletion	53
Y	1749887	1749830	Deletion	57
Y	1749932	1749830	Deletion	102
Y	1749858	1749830	Deletion	28
Y	1749902	1749830	Deletion	72
Y	1751361	1751261	Deletion	100
Y	1751361	1751336	Deletion	25
Y	1751524	1751461	Deletion	63
Y	1751496	1751461	Deletion	35
Y	1751549	1751461	Deletion	88
Y	1751767	1751730	Deletion	37
Y	1752467	1752397	Deletion	70
Y	1752724	1752640	Deletion	84
Y	1754804	1754747	Deletion	57
Y	1754867	1754771	Deletion	96
Y	1754871	1754771	Deletion	100
Y	1759026	1758968	Deletion	58
Y	1759221	1759173	Deletion	48
Y	1759235	1759173	Deletion	62
Y	1760215	1760156	Deletion	59
Y	1760199	1760156	Deletion	43
Y	1760260	1760156	Deletion	104
Y	1760192	1760156	Deletion	36
Y	1762239	1762135	Deletion	104
Y	1763298	1763174	Deletion	124
Y	1763334	1763290	Deletion	44
Y	1764044	1763981	Deletion	63
Y	1764714	1764628	Deletion	86
Y	1764971	1764893	Deletion	78
Y	1766482	1766391	Deletion	91
Y	1766778	1766660	Deletion	118
Y	1768937	1768907	Deletion	30
Y	1769872	1769778	Deletion	94
Y	1769872	1769778	Deletion	94
Y	1769872	1769811	Deletion	61
Y	1769872	1769812	Deletion	60
Y	1777641	1777573	Deletion	68
Y	1780433	1780315	Deletion	118
Y	1780532	1780435	Deletion	97
Y	1780861	1780816	Deletion	45
Y	1780910	1780816	Deletion	94
Y	1782041	1782016	Deletion	25
Y	1782588	1782497	Deletion	91
Y	1783937	1783848	Deletion	89
Y	1784366	1784305	Deletion	61
Y	1784366	1784325	Deletion	41
Y	1785431	1785327	Deletion	104
Y	1785409	1785327	Deletion	82
Y	1785383	1785327	Deletion	56
Y	1785660	1785596	Deletion	64
Y	1786333	1786233	Deletion	100
Y	1786333	1786244	Deletion	89
Y	1788703	1788615	Deletion	88
Y	1788653	1788615	Deletion	38
Y	1788757	1788639	Deletion	118
Y	1788742	1788639	Deletion	103
Y	1788733	1788639	Deletion	94
Y	1788676	1788639	Deletion	37
Y	1789441	1789318	Deletion	123
Y	1790527	1790435	Deletion	92
Y	1790714	1790626	Deletion	88
Y	1790668	1790626	Deletion	42
Y	1790671	1790626	Deletion	45
Y	1790735	1790703	Deletion	32
Y	1791885	1791853	Deletion	32
Y	1791961	1791908	Deletion	53
Y	1792029	1791908	Deletion	121
Y	1792026	1791908	Deletion	118
Y	1794795	1794677	Deletion	118
Y	1796604	1796483	Deletion	121
Y	1810720	1810659	Deletion	61
Y	1810720	1810686	Deletion	34
Y	1810720	1810695	Deletion	25
Y	1810907	1810820	Deletion	87
Y	1810846	1810820	Deletion	26
Y	1814659	1814555	Deletion	104
Y	1816040	1815957	Deletion	83
Y	1816040	1815970	Deletion	70
Y	1816040	1815990	Deletion	50
Y	1816887	1816843	Deletion	44
Y	1816899	1816843	Deletion	56
Y	1816957	1816843	Deletion	114
Y	1822294	1822251	Deletion	43
Y	1822468	1822375	Deletion	93
Y	1822504	1822381	Deletion	123
Y	1822468	1822384	Deletion	84
Y	1824719	1824623	Deletion	96
Y	1825211	1825127	Deletion	84
Y	1826322	1826283	Deletion	39
Y	1831344	1831231	Deletion	113
Y	1832152	1832072	Deletion	80
Y	1834464	1834344	Deletion	120
Y	1835231	1835161	Deletion	70
Y	1840303	1840193	Deletion	110
Y	1840303	1840194	Deletion	109
Y	1842167	1842094	Deletion	73
Y	1842199	1842094	Deletion	105
Y	1843680	1843575	Deletion	105
Y	1843717	1843635	Deletion	82
Y	1849324	1849286	Deletion	38
Y	1850427	1850326	Deletion	101
Y	1850992	1850874	Deletion	118
Y	1853536	1853412	Deletion	124
Y	1854740	1854630	Deletion	110
Y	1854740	1854696	Deletion	44
Y	1858680	1858560	Deletion	120
Y	1861666	1861550	Deletion	116
Y	1861666	1861633	Deletion	33
Y	1861883	1861789	Deletion	94
Y	1863376	1863277	Deletion	99
Y	1863376	1863280	Deletion	96
Y	1863376	1863297	Deletion	79
Y	1863376	1863298	Deletion	78
Y	1864411	1864377	Deletion	34
Y	1864461	1864377	Deletion	84
Y	1864454	1864377	Deletion	77
Y	1866869	1866750	Deletion	119
Y	1866869	1866754	Deletion	115
Y	1866869	1866790	Deletion	79
Y	1866869	1866824	Deletion	45
Y	1870030	1869930	Deletion	100
Y	1870033	1869930	Deletion	103
Y	1870012	1869930	Deletion	82
Y	1870012	1869930	Deletion	82
Y	1870034	1869930	Deletion	104
Y	1870606	1870562	Deletion	44
Y	1870705	1870666	Deletion	39
Y	1872141	1872071	Deletion	70
Y	1874351	1874295	Deletion	56
Y	1883803	1883756	Deletion	47
Y	1883803	1883765	Deletion	38
Y	1884385	1884364	Deletion	21
Y	1884396	1884366	Deletion	30
Y	1888772	1888708	Deletion	64
Y	1888772	1888721	Deletion	51
Y	1889364	1889293	Deletion	71
Y	1889355	1889293	Deletion	62
Y	1889364	1889296	Deletion	68
Y	1889392	1889345	Deletion	47
Y	1889393	1889345	Deletion	48
Y	1890912	1890808	Deletion	104
Y	1890912	1890848	Deletion	64
Y	1890912	1890849	Deletion	63
Y	1891631	1891520	Deletion	111
Y	1891582	1891520	Deletion	62
Y	1891635	1891520	Deletion	115
Y	1891569	1891520	Deletion	49
Y	1891638	1891520	Deletion	118
Y	1894010	1893933	Deletion	77
Y	1894025	1893933	Deletion	92
Y	1893969	1893933	Deletion	36
Y	1894026	1893933	Deletion	93
Y	1896801	1896683	Deletion	118
Y	1896801	1896686	Deletion	115
Y	1896801	1896710	Deletion	91
Y	1896801	1896715	Deletion	86
Y	1896801	1896719	Deletion	82
Y	1896801	1896733	Deletion	68
Y	1900871	1900794	Deletion	77
Y	1901542	1901479	Deletion	63
Y	1906788	1906751	Deletion	37
Y	1906957	1906833	Deletion	124
Y	1909291	1909223	Deletion	68
Y	1913550	1913451	Deletion	99
Y	1913550	1913509	Deletion	41
Y	1913550	1913512	Deletion	38
Y	1913550	1913515	Deletion	35
Y	1913550	1913520	Deletion	30
Y	1917352	1917267	Deletion	85
Y	1917363	1917267	Deletion	96
Y	1917358	1917267	Deletion	91
Y	1917355	1917267	Deletion	88
Y	1922018	1921940	Deletion	78
Y	1922032	1921944	Deletion	88
Y	1922805	1922760	Deletion	45
Y	1923829	1923708	Deletion	121
Y	1923897	1923835	Deletion	62
Y	1933355	1933239	Deletion	116
Y	1933355	1933241	Deletion	114
Y	1934714	1934686	Deletion	28
Y	1937246	1937193	Deletion	53
Y	1940858	1940767	Deletion	91
Y	1947827	1947739	Deletion	88
Y	1948463	1948340	Deletion	123
Y	1948463	1948353	Deletion	110
Y	1948463	1948357	Deletion	106
Y	1948463	1948398	Deletion	65
Y	1948696	1948573	Deletion	123
Y	1949708	1949586	Deletion	122
Y	1949649	1949586	Deletion	63
Y	1949630	1949586	Deletion	44
Y	1949621	1949586	Deletion	35
Y	1951521	1951399	Deletion	122
Y	1951702	1951619	Deletion	83
Y	1955478	1955357	Deletion	121
Y	1955493	1955448	Deletion	45
Y	1958192	1958117	Deletion	75
Y	1962337	1962227	Deletion	110
Y	1963020	1962921	Deletion	99
Y	1963036	1962921	Deletion	115
Y	1966200	1966116	Deletion	84
Y	1970430	1970323	Deletion	107
Y	1970956	1970848	Deletion	108
Y	1970956	1970850	Deletion	106
Y	1975674	1975578	Deletion	96
Y	1980616	1980516	Deletion	100
Y	1980728	1980674	Deletion	54
Y	1983087	1982997	Deletion	90
Y	1984790	1984743	Deletion	47
Y	1985286	1985186	Deletion	100
Y	1985286	1985192	Deletion	94
Y	1985453	1985340	Deletion	113
Y	1985660	1985630	Deletion	30
Y	1987425	1987305	Deletion	120
Y	1987425	1987309	Deletion	116
Y	1987425	1987315	Deletion	110
Y	1987595	1987475	Deletion	120
Y	1993116	1993036	Deletion	80
Y	1993116	1993068	Deletion	48
Y	2001995	2001867	Deletion	128
Y	2004934	2004822	Deletion	112
Y	2004934	2004847	Deletion	87
Y	2004934	2004866	Deletion	68
Y	2004934	2004878	Deletion	56
Y	2004934	2004896	Deletion	38
Y	2004934	2004900	Deletion	34
Y	2005124	2005034	Deletion	90
Y	2005132	2005034	Deletion	98
Y	2005060	2005034	Deletion	26
Y	2006980	2006858	Deletion	122
Y	2006980	2006899	Deletion	81
Y	2009863	2009740	Deletion	123
Y	2019010	2018929	Deletion	81
Y	2019660	2019562	Deletion	98
Y	2019660	2019583	Deletion	77
Y	2019660	2019594	Deletion	66
Y	2019660	2019611	Deletion	49
Y	2021982	2021905	Deletion	77
Y	2021974	2021905	Deletion	69
Y	2022027	2021905	Deletion	122
Y	2022000	2021905	Deletion	95
Y	2022013	2021905	Deletion	108
Y	2021991	2021905	Deletion	86
Y	2023043	2022931	Deletion	112
Y	2023043	2022956	Deletion	87
Y	2023043	2023013	Deletion	30
Y	2028611	2028571	Deletion	40
Y	2044387	2044326	Deletion	61
Y	2044409	2044326	Deletion	83
Y	2046230	2046160	Deletion	70
Y	2046220	2046160	Deletion	60
Y	2046278	2046245	Deletion	33
Y	2047808	2047713	Deletion	95
Y	2049728	2049611	Deletion	117
Y	2051357	2051241	Deletion	116
Y	2051357	2051248	Deletion	109
Y	2051357	2051260	Deletion	97
Y	2053517	2053409	Deletion	108
Y	2053517	2053446	Deletion	71
Y	2055219	2055109	Deletion	110
Y	2055663	2055568	Deletion	95
Y	2055676	2055592	Deletion	84
Y	2056635	2056513	Deletion	122
Y	2057079	2056961	Deletion	118
Y	2057079	2057003	Deletion	76
Y	2057244	2057121	Deletion	123
Y	2057244	2057128	Deletion	116
Y	2057244	2057159	Deletion	85
Y	2057244	2057210	Deletion	34
Y	2060845	2060728	Deletion	117
Y	2062089	2062043	Deletion	46
Y	2062608	2062497	Deletion	111
Y	2062608	2062560	Deletion	48
Y	2062608	2062565	Deletion	43
Y	2066016	2065958	Deletion	58
Y	2078057	2078017	Deletion	40
Y	2078291	2078168	Deletion	123
Y	2078526	2078452	Deletion	74
Y	2078483	2078452	Deletion	31
Y	2078526	2078452	Deletion	74
Y	2078667	2078549	Deletion	118
Y	2081555	2081514	Deletion	41
Y	2082080	2081958	Deletion	122
Y	2082080	2082005	Deletion	75
Y	2085121	2085020	Deletion	101
Y	2086956	2086866	Deletion	90
Y	2086956	2086895	Deletion	61
Y	2086956	2086919	Deletion	37
Y	2086956	2086925	Deletion	31
Y	2086956	2086931	Deletion	25
Y	2087157	2087056	Deletion	101
Y	2087109	2087056	Deletion	53
Y	2087119	2087056	Deletion	63
Y	2087092	2087056	Deletion	36
Y	2087131	2087056	Deletion	75
Y	2087170	2087056	Deletion	114
Y	2087093	2087056	Deletion	37
Y	2087278	2087193	Deletion	85
Y	2090292	2090179	Deletion	113
Y	2090292	2090210	Deletion	82
Y	2090292	2090246	Deletion	46
Y	2090292	2090253	Deletion	39
Y	2093729	2093691	Deletion	38
Y	2094575	2094531	Deletion	44
Y	2094611	2094531	Deletion	80
Y	2096113	2096013	Deletion	100
Y	2100628	2100550	Deletion	78
Y	2101730	2101649	Deletion	81
Y	2104156	2104088	Deletion	68
Y	2104261	2104139	Deletion	122
Y	2108870	2108751	Deletion	119
Y	2108870	2108768	Deletion	102
Y	2113768	2113645	Deletion	123
Y	2115323	2115277	Deletion	46
Y	2118749	2118664	Deletion	85
Y	2119216	2119152	Deletion	64
Y	2122888	2122842	Deletion	46
Y	2124749	2124681	Deletion	68
Y	2133328	2133207	Deletion	121
Y	2133253	2133207	Deletion	46
Y	2133938	2133819	Deletion	119
Y	2133938	2133881	Deletion	57
Y	2133938	2133898	Deletion	40
Y	2133938	2133903	Deletion	35
Y	2133938	2133907	Deletion	31
Y	2136275	2136184	Deletion	91
Y	2136233	2136184	Deletion	49
Y	2136244	2136184	Deletion	60
Y	2137322	2137262	Deletion	60
Y	2137322	2137285	Deletion	37
Y	2137732	2137676	Deletion	56
Y	2137732	2137696	Deletion	36
Y	2139374	2139254	Deletion	120
Y	2146264	2146227	Deletion	37
Y	2150158	2150037	Deletion	121
Y	2156323	2156276	Deletion	47
Y	2156560	2156483	Deletion	77
Y	2160512	2160449	Deletion	63
Y	2160567	2160457	Deletion	110
Y	2160567	2160460	Deletion	107
Y	2160567	2160522	Deletion	45
Y	2161690	2161659	Deletion	31
Y	2162112	2162002	Deletion	110
Y	2162085	2162002	Deletion	83
Y	2164022	2163900	Deletion	122
Y	2165480	2165422	Deletion	58
Y	2165646	2165585	Deletion	61
Y	2167805	2167725	Deletion	80
Y	2169923	2169856	Deletion	67
Y	2169906	2169856	Deletion	50
Y	2169946	2169856	Deletion	90
Y	2169964	2169906	Deletion	58
Y	2171529	2171447	Deletion	82
Y	2173436	2173398	Deletion	38
Y	2173541	2173427	Deletion	114
Y	2173667	2173554	Deletion	113
Y	2176365	2176328	Deletion	37
Y	2176893	2176810	Deletion	83
Y	2176893	2176824	Deletion	69
Y	2177807	2177757	Deletion	50
Y	2179043	2179010	Deletion	33
Y	2181972	2181928	Deletion	44
Y	2181969	2181928	Deletion	41
Y	2182277	2182163	Deletion	114
Y	2182277	2182164	Deletion	113
Y	2182277	2182193	Deletion	84
Y	2182277	2182200	Deletion	77
Y	2182277	2182215	Deletion	62
Y	2182277	2182217	Deletion	60
Y	2182277	2182230	Deletion	47
Y	2182277	2182234	Deletion	43
Y	2182277	2182240	Deletion	37
Y	2182277	2182242	Deletion	35
Y	2182277	2182243	Deletion	34
Y	2182277	2182245	Deletion	32
Y	2182277	2182246	Deletion	31
Y	2183090	2183035	Deletion	55
Y	2183618	2183495	Deletion	123
Y	2183560	2183495	Deletion	65
Y	2183588	2183498	Deletion	90
Y	2186740	2186619	Deletion	121
Y	2188751	2188711	Deletion	40
Y	2189026	2188956	Deletion	70
Y	2189026	2188961	Deletion	65
Y	2193549	2193507	Deletion	42
Y	2198449	2198357	Deletion	92
Y	2198449	2198375	Deletion	74
Y	2198449	2198394	Deletion	55
Y	2199553	2199449	Deletion	104
Y	2203077	2202987	Deletion	90
Y	2206104	2205992	Deletion	112
Y	2208167	2208065	Deletion	102
Y	2210814	2210707	Deletion	107
Y	2217672	2217626	Deletion	46
Y	2226143	2226071	Deletion	72
Y	2226138	2226071	Deletion	67
Y	2229730	2229613	Deletion	117
Y	2229730	2229633	Deletion	97
Y	2230676	2230624	Deletion	52
Y	2230839	2230736	Deletion	103
Y	2232462	2232357	Deletion	105
Y	2232462	2232404	Deletion	58
Y	2232462	2232424	Deletion	38
Y	2235748	2235625	Deletion	123
Y	2236905	2236816	Deletion	89
Y	2236913	2236816	Deletion	97
Y	2236908	2236816	Deletion	92
Y	2236938	2236816	Deletion	122
Y	2236885	2236816	Deletion	69
Y	2236936	2236816	Deletion	120
Y	2238998	2238872	Deletion	126
Y	2240477	2240401	Deletion	76
Y	2240475	2240402	Deletion	73
Y	2253500	2253414	Deletion	86
Y	2253557	2253456	Deletion	101
Y	2253557	2253464	Deletion	93
Y	2253500	2253470	Deletion	30
Y	2254329	2254296	Deletion	33
Y	2255619	2255538	Deletion	81
Y	2255619	2255538	Deletion	81
Y	2255619	2255567	Deletion	52
Y	2258031	2257957	Deletion	74
Y	2258073	2257957	Deletion	116
Y	2258050	2257957	Deletion	93
Y	2258039	2257957	Deletion	82
Y	2259676	2259595	Deletion	81
Y	2259676	2259601	Deletion	75
Y	2259676	2259617	Deletion	59
Y	2261419	2261308	Deletion	111
Y	2261419	2261349	Deletion	70
Y	2262382	2262351	Deletion	31
Y	2262382	2262352	Deletion	30
Y	2262741	2262673	Deletion	68
Y	2262768	2262673	Deletion	95
Y	2262773	2262673	Deletion	100
Y	2262792	2262673	Deletion	119
Y	2262725	2262673	Deletion	52
Y	2262802	2262761	Deletion	41
Y	2262843	2262761	Deletion	82
Y	2267461	2267355	Deletion	106
Y	2267461	2267370	Deletion	91
Y	2270434	2270352	Deletion	82
Y	2271056	2270937	Deletion	119
Y	2273340	2273219	Deletion	121
Y	2276233	2276111	Deletion	122
Y	2277919	2277863	Deletion	56
Y	2278007	2277906	Deletion	101
Y	2278007	2277961	Deletion	46
Y	2278329	2278298	Deletion	31
Y	2279346	2279261	Deletion	85
Y	2279305	2279261	Deletion	44
Y	2279385	2279261	Deletion	124
Y	2282723	2282616	Deletion	107
Y	2283479	2283366	Deletion	113
Y	2283479	2283392	Deletion	87
Y	2283479	2283417	Deletion	62
Y	2283479	2283422	Deletion	57
Y	2285095	2285062	Deletion	33
Y	2285106	2285062	Deletion	44
Y	2287255	2287181	Deletion	74
Y	2295470	2295361	Deletion	109
Y	2300281	2300197	Deletion	84
Y	2305220	2305188	Deletion	32
Y	2308260	2308230	Deletion	30
Y	2309956	2309860	Deletion	96
Y	2309956	2309908	Deletion	48
Y	2310068	2309956	Deletion	112
Y	2310068	2310026	Deletion	42
Y	2311003	2310962	Deletion	41
Y	2311063	2310962	Deletion	101
Y	2311084	2310962	Deletion	122
Y	2313305	2313260	Deletion	45
Y	2313305	2313260	Deletion	45
Y	2316739	2316657	Deletion	82
Y	2317810	2317693	Deletion	117
Y	2317810	2317702	Deletion	108
Y	2318635	2318605	Deletion	30
Y	2324594	2324497	Deletion	97
Y	2325264	2325201	Deletion	63
Y	2327017	2326964	Deletion	53
Y	2329540	2329467	Deletion	73
Y	2329720	2329597	Deletion	123
Y	2329851	2329815	Deletion	36
Y	2332377	2332333	Deletion	44
Y	2337343	2337226	Deletion	117
Y	2337292	2337226	Deletion	66
Y	2340854	2340783	Deletion	71
Y	2340854	2340807	Deletion	47
Y	2341949	2341854	Deletion	95
Y	2341906	2341854	Deletion	52
Y	2341933	2341854	Deletion	79
Y	2341906	2341854	Deletion	52
Y	2341957	2341854	Deletion	103
Y	2355534	2355413	Deletion	121
Y	2355534	2355426	Deletion	108
Y	2355534	2355428	Deletion	106
Y	2356836	2356812	Deletion	24
Y	2356915	2356865	Deletion	50
Y	2361866	2361747	Deletion	119
Y	2361866	2361782	Deletion	84
Y	2361866	2361823	Deletion	43
Y	2362327	2362257	Deletion	70
Y	2364510	2364467	Deletion	43
Y	2364524	2364467	Deletion	57
Y	2365051	2365002	Deletion	49
Y	2365032	2365002	Deletion	30
Y	2367555	2367472	Deletion	83
Y	2367554	2367487	Deletion	67
Y	2367555	2367513	Deletion	42
Y	2368820	2368728	Deletion	92
Y	2369928	2369853	Deletion	75
Y	2371734	2371677	Deletion	57
Y	2372941	2372863	Deletion	78
Y	2372941	2372884	Deletion	57
Y	2375332	2375239	Deletion	93
Y	2375308	2375239	Deletion	69
Y	2375352	2375239	Deletion	113
Y	2375841	2375774	Deletion	67
Y	2377120	2377009	Deletion	111
Y	2377120	2377037	Deletion	83
Y	2377120	2377051	Deletion	69
Y	2377120	2377069	Deletion	51
Y	2379313	2379237	Deletion	76
Y	2379345	2379253	Deletion	92
Y	2379802	2379684	Deletion	118
Y	2379802	2379746	Deletion	56
Y	2385301	2385258	Deletion	43
Y	2386273	2386177	Deletion	96
Y	2386273	2386193	Deletion	80
Y	2390616	2390561	Deletion	55
Y	2391474	2391427	Deletion	47
Y	2392489	2392422	Deletion	67
Y	2392519	2392436	Deletion	83
Y	2393197	2393101	Deletion	96
Y	2393427	2393325	Deletion	102
Y	2393454	2393343	Deletion	111
Y	2395787	2395698	Deletion	89
Y	2395768	2395698	Deletion	70
Y	2395754	2395698	Deletion	56
Y	2403054	2402964	Deletion	90
Y	2403054	2402992	Deletion	62
Y	2404888	2404772	Deletion	116
Y	2404888	2404816	Deletion	72
Y	2404888	2404818	Deletion	70
Y	2404888	2404838	Deletion	50
Y	2404888	2404865	Deletion	23
Y	2405073	2404988	Deletion	85
Y	2405019	2404988	Deletion	31
Y	2405025	2404988	Deletion	37
Y	2405059	2404988	Deletion	71
Y	2405013	2404988	Deletion	25
Y	2405032	2404988	Deletion	44
Y	2405775	2405662	Deletion	113
Y	2405775	2405673	Deletion	102
Y	2405775	2405678	Deletion	97
Y	2405775	2405711	Deletion	64
Y	2405775	2405726	Deletion	49
Y	2405775	2405730	Deletion	45
Y	2412076	2411975	Deletion	101
Y	2412043	2411975	Deletion	68
Y	2412069	2411975	Deletion	94
Y	2415473	2415368	Deletion	105
Y	2415473	2415448	Deletion	25
Y	2421716	2421673	Deletion	43
Y	2421692	2421673	Deletion	19
Y	2422375	2422263	Deletion	112
Y	2422375	2422265	Deletion	110
Y	2422375	2422275	Deletion	100
Y	2422375	2422280	Deletion	95
Y	2422375	2422299	Deletion	76
Y	2422375	2422314	Deletion	61
Y	2422613	2422505	Deletion	108
Y	2422543	2422505	Deletion	38
Y	2422608	2422505	Deletion	103
Y	2423783	2423669	Deletion	114
Y	2423783	2423701	Deletion	82
Y	2423783	2423705	Deletion	78
Y	2423783	2423740	Deletion	43
Y	2423783	2423749	Deletion	34
Y	2423959	2423883	Deletion	76
Y	2423933	2423883	Deletion	50
Y	2423998	2423883	Deletion	115
Y	2423976	2423883	Deletion	93
Y	2433422	2433302	Deletion	120
Y	2433422	2433338	Deletion	84
Y	2433422	2433369	Deletion	53
Y	2434904	2434808	Deletion	96
Y	2434904	2434816	Deletion	88
Y	2434904	2434841	Deletion	63
Y	2435185	2435104	Deletion	81
Y	2436405	2436300	Deletion	105
Y	2436405	2436309	Deletion	96
Y	2436405	2436379	Deletion	26
Y	2436723	2436605	Deletion	118
Y	2436657	2436605	Deletion	52
Y	2436656	2436605	Deletion	51
Y	2436675	2436605	Deletion	70
Y	2436698	2436605	Deletion	93
Y	2436654	2436605	Deletion	49
Y	2436643	2436605	Deletion	38
Y	2446144	2446107	Deletion	37
Y	2446970	2446897	Deletion	73
Y	2446986	2446897	Deletion	89
Y	2446939	2446897	Deletion	42
Y	2447626	2447510	Deletion	116
Y	2447626	2447511	Deletion	115
Y	2447626	2447602	Deletion	24
Y	2447899	2447849	Deletion	50
Y	2447919	2447849	Deletion	70
Y	2457096	2456984	Deletion	112
Y	2457096	2456990	Deletion	106
Y	2457096	2456995	Deletion	101
Y	2457096	2457002	Deletion	94
Y	2457096	2457011	Deletion	85
Y	2457096	2457040	Deletion	56
Y	2457096	2457062	Deletion	34
Y	2458958	2458843	Deletion	115
Y	2458886	2458843	Deletion	43
Y	2463998	2463964	Deletion	34
Y	2464036	2463964	Deletion	72
Y	2464058	2463964	Deletion	94
Y	2465050	2465015	Deletion	35
Y	2467341	2467219	Deletion	122
Y	2470072	2469981	Deletion	91
Y	2470104	2469981	Deletion	123
Y	2474892	2474786	Deletion	106
Y	2474892	2474806	Deletion	86
Y	2475061	2474943	Deletion	118
Y	2474983	2474943	Deletion	40
Y	2478306	2478185	Deletion	121
Y	2487308	2487227	Deletion	81
Y	2487308	2487264	Deletion	44
Y	2487308	2487267	Deletion	41
Y	2489559	2489514	Deletion	45
Y	2489596	2489514	Deletion	82
Y	2489599	2489514	Deletion	85
Y	2496120	2495999	Deletion	121
Y	2496120	2496001	Deletion	119
Y	2496120	2496009	Deletion	111
Y	2496120	2496022	Deletion	98
Y	2496120	2496037	Deletion	83
Y	2496120	2496041	Deletion	79
Y	2496120	2496061	Deletion	59
Y	2496120	2496075	Deletion	45
Y	2496120	2496088	Deletion	32
Y	2496265	2496220	Deletion	45
Y	2496306	2496220	Deletion	86
Y	2496322	2496220	Deletion	102
Y	2496280	2496220	Deletion	60
Y	2496257	2496220	Deletion	37
Y	2496267	2496220	Deletion	47
Y	2497455	2497373	Deletion	82
Y	2498960	2498900	Deletion	60
Y	2500336	2500246	Deletion	90
Y	2501927	2501830	Deletion	97
Y	2503609	2503587	Deletion	22
Y	2508522	2508422	Deletion	100
Y	2508522	2508442	Deletion	80
Y	2508522	2508462	Deletion	60
Y	2508847	2508746	Deletion	101
Y	2509785	2509700	Deletion	85
Y	2510747	2510682	Deletion	65
Y	2511375	2511320	Deletion	55
Y	2511640	2511606	Deletion	34
Y	2512631	2512609	Deletion	22
Y	2513329	2513224	Deletion	105
Y	2513329	2513269	Deletion	60
Y	2513970	2513910	Deletion	60
Y	2514558	2514493	Deletion	65
Y	2515801	2515726	Deletion	75
Y	2515801	2515747	Deletion	54
Y	2515931	2515885	Deletion	46
Y	2515959	2515885	Deletion	74
Y	2521396	2521298	Deletion	98
Y	2521396	2521310	Deletion	86
Y	2521798	2521708	Deletion	90
Y	2521750	2521708	Deletion	42
Y	2524683	2524583	Deletion	100
Y	2530037	2529934	Deletion	103
Y	2530415	2530371	Deletion	44
Y	2530710	2530658	Deletion	52
Y	2532875	2532767	Deletion	108
Y	2532870	2532767	Deletion	103
Y	2532883	2532767	Deletion	116
Y	2533847	2533746	Deletion	101
Y	2533847	2533792	Deletion	55
Y	2533847	2533802	Deletion	45
Y	2534059	2534021	Deletion	38
Y	2534333	2534274	Deletion	59
Y	2534358	2534292	Deletion	66
Y	2535283	2535221	Deletion	62
Y	2540817	2540745	Deletion	72
Y	2540838	2540745	Deletion	93
Y	2540827	2540745	Deletion	82
Y	2542024	2541930	Deletion	94
Y	2542989	2542886	Deletion	103
Y	2543002	2542890	Deletion	112
Y	2543710	2543614	Deletion	96
Y	2543806	2543727	Deletion	79
Y	2544357	2544253	Deletion	104
Y	2544999	2544964	Deletion	35
Y	2545454	2545393	Deletion	61
Y	2545484	2545413	Deletion	71
Y	2546043	2545999	Deletion	44
Y	2546262	2546143	Deletion	119
Y	2546239	2546143	Deletion	96
Y	2547567	2547491	Deletion	76
Y	2548188	2548118	Deletion	70
Y	2548669	2548590	Deletion	79
Y	2549070	2548973	Deletion	97
Y	2551538	2551425	Deletion	113
Y	2551538	2551439	Deletion	99
Y	2551538	2551453	Deletion	85
Y	2551951	2551842	Deletion	109
Y	2552914	2552791	Deletion	123
Y	2553771	2553723	Deletion	48
Y	2553830	2553723	Deletion	107
Y	2553824	2553733	Deletion	91
Y	2554043	2553933	Deletion	110
Y	2554309	2554257	Deletion	52
Y	2556258	2556167	Deletion	91
Y	2560819	2560789	Deletion	30
Y	2561212	2561107	Deletion	105
Y	2561992	2561935	Deletion	57
Y	2567742	2567633	Deletion	109
Y	2572387	2572264	Deletion	123
Y	2575830	2575709	Deletion	121
Y	2576404	2576298	Deletion	106
Y	2578248	2578161	Deletion	87
Y	2579231	2579130	Deletion	101
Y	2579651	2579581	Deletion	70
Y	2581833	2581783	Deletion	50
Y	2581937	2581898	Deletion	39
Y	2584764	2584714	Deletion	50
Y	2591573	2591495	Deletion	78
Y	2592164	2592053	Deletion	111
Y	2592554	2592498	Deletion	56
Y	2592982	2592881	Deletion	101
Y	2595770	2595704	Deletion	66
Y	2595849	2595775	Deletion	74
Y	2601539	2601418	Deletion	121
Y	2604531	2604499	Deletion	32
Y	2605438	2605408	Deletion	30
Y	2607731	2607676	Deletion	55
Y	2607965	2607856	Deletion	109
Y	2609119	2609034	Deletion	85
Y	2616851	2616777	Deletion	74
Y	2627565	2627479	Deletion	86
Y	2627684	2627653	Deletion	31
Y	2628174	2628101	Deletion	73
Y	2628174	2628106	Deletion	68
Y	2628174	2628117	Deletion	57
Y	2628174	2628135	Deletion	39
Y	2628371	2628284	Deletion	87
Y	2628386	2628284	Deletion	102
Y	2628342	2628284	Deletion	58
Y	2628404	2628284	Deletion	120
Y	2628353	2628284	Deletion	69
Y	2629431	2629376	Deletion	55
Y	2630873	2630821	Deletion	52
Y	2633120	2633013	Deletion	107
Y	2633120	2633066	Deletion	54
Y	2635587	2635524	Deletion	63
Y	2638409	2638370	Deletion	39
Y	2639896	2639830	Deletion	66
Y	2643517	2643396	Deletion	121
Y	2643516	2643396	Deletion	120
Y	2647838	2647752	Deletion	86
Y	2647838	2647769	Deletion	69
Y	2648806	2648708	Deletion	98
Y	2648806	2648751	Deletion	55
Y	2648805	2648767	Deletion	38
Y	2649780	2649733	Deletion	47
Y	2650816	2650776	Deletion	40
Y	2655719	2655639	Deletion	80
Y	2657600	2657564	Deletion	36
Y	2660280	2660182	Deletion	98
Y	2661123	2661062	Deletion	61
Y	2661123	2661086	Deletion	37
Y	2661166	2661122	Deletion	44
Y	2661582	2661464	Deletion	118
Y	2663084	2663011	Deletion	73
Y	2663759	2663734	Deletion	25
Y	2666569	2666517	Deletion	52
Y	2667028	2666935	Deletion	93
Y	2667028	2666954	Deletion	74
Y	2667028	2666980	Deletion	48
Y	2667028	2667002	Deletion	26
Y	2667192	2667128	Deletion	64
Y	2668228	2668189	Deletion	39
Y	2668360	2668305	Deletion	55
Y	2669052	2668981	Deletion	71
Y	2669039	2668981	Deletion	58
Y	2669043	2668981	Deletion	62
Y	2671356	2671257	Deletion	99
Y	2671356	2671261	Deletion	95
Y	2671356	2671279	Deletion	77
Y	2671356	2671321	Deletion	35
Y	2674585	2674566	Deletion	19
Y	2674806	2674772	Deletion	34
Y	2676222	2676191	Deletion	31
Y	2676282	2676191	Deletion	91
Y	2676240	2676191	Deletion	49
Y	2676305	2676191	Deletion	114
Y	2676312	2676191	Deletion	121
Y	2676298	2676191	Deletion	107
Y	2677964	2677910	Deletion	54
Y	2678163	2678079	Deletion	84
Y	2679787	2679733	Deletion	54
Y	2683400	2683316	Deletion	84
Y	2686125	2686071	Deletion	54
Y	2688120	2688018	Deletion	102
Y	2688120	2688083	Deletion	37
Y	2688690	2688647	Deletion	43
Y	2688736	2688647	Deletion	89
Y	2688710	2688647	Deletion	63
Y	2689998	2689911	Deletion	87
Y	2690618	2690545	Deletion	73
Y	2691228	2691144	Deletion	84
Y	2691708	2691654	Deletion	54
Y	2703396	2703351	Deletion	45
Y	2704203	2704096	Deletion	107
Y	2714758	2714706	Deletion	52
Y	2714787	2714706	Deletion	81
Y	2715288	2715164	Deletion	124
Y	2716067	2715985	Deletion	82
Y	2716033	2715985	Deletion	48
Y	2724776	2724682	Deletion	94
Y	2726485	2726447	Deletion	38
Y	2734306	2734231	Deletion	75
Y	2737174	2737083	Deletion	91
Y	2739904	2739817	Deletion	87
Y	2741899	2741816	Deletion	83
Y	2741899	2741836	Deletion	63
Y	2741899	2741866	Deletion	33
Y	2742458	2742365	Deletion	93
Y	2743725	2743608	Deletion	117
Y	2744352	2744272	Deletion	80
Y	2744350	2744272	Deletion	78
Y	2745479	2745372	Deletion	107
Y	2745476	2745372	Deletion	104
Y	2745410	2745372	Deletion	38
Y	2745427	2745374	Deletion	53
Y	2751132	2751050	Deletion	82
Y	2751132	2751065	Deletion	67
Y	2751132	2751083	Deletion	49
Y	2751132	2751084	Deletion	48
Y	2751314	2751212	Deletion	102
Y	2751289	2751212	Deletion	77
Y	2751330	2751212	Deletion	118
Y	2751256	2751212	Deletion	44
Y	2751290	2751212	Deletion	78
Y	2751271	2751212	Deletion	59
Y	2756029	2755981	Deletion	48
Y	2758345	2758284	Deletion	61
Y	2758494	2758443	Deletion	51
Y	2760511	2760388	Deletion	123
Y	2764958	2764854	Deletion	104
Y	2764958	2764860	Deletion	98
Y	2764958	2764860	Deletion	98
Y	2764958	2764864	Deletion	94
Y	2764958	2764870	Deletion	88
Y	2764958	2764893	Deletion	65
Y	2764958	2764928	Deletion	30
Y	2766043	2765951	Deletion	92
Y	2765983	2765951	Deletion	32
Y	2765989	2765951	Deletion	38
Y	2766047	2765951	Deletion	96
Y	2766161	2766070	Deletion	91
Y	2771690	2771654	Deletion	36
Y	2771730	2771654	Deletion	76
Y	2771773	2771654	Deletion	119
Y	2776012	2775889	Deletion	123
Y	2777059	2776938	Deletion	121
Y	2779052	2778988	Deletion	64
Y	2779106	2778988	Deletion	118
Y	2784530	2784468	Deletion	62
Y	2784719	2784614	Deletion	105
Y	2786399	2786301	Deletion	98
Y	2786399	2786339	Deletion	60
Y	2790490	2790453	Deletion	37
Y	2792625	2792561	Deletion	64
Y	2792625	2792568	Deletion	57
Y	2792625	2792589	Deletion	36
Y	2792625	2792591	Deletion	34
Y	2793253	2793182	Deletion	71
Y	2797618	2797497	Deletion	121
Y	2797618	2797566	Deletion	52
Y	2798159	2798092	Deletion	67
Y	2798200	2798092	Deletion	108
Y	2799248	2799201	Deletion	47
Y	2799293	2799201	Deletion	92
Y	2800741	2800629	Deletion	112
Y	2800731	2800629	Deletion	102
Y	2806301	2806259	Deletion	42
Y	2807729	2807684	Deletion	45
Y	2807729	2807687	Deletion	42
Y	2808838	2808765	Deletion	73
Y	2809377	2809312	Deletion	65
Y	2809371	2809312	Deletion	59
Y	2809371	2809312	Deletion	59
Y	2809366	2809312	Deletion	54
Y	2821583	2821466	Deletion	117
Y	2825494	2825459	Deletion	35
Y	2829290	2829185	Deletion	105
Y	2829290	2829221	Deletion	69
Y	2829290	2829249	Deletion	41
Y	2829290	2829254	Deletion	36
Y	2829290	2829271	Deletion	19
Y	2829446	2829390	Deletion	56
Y	2829433	2829390	Deletion	43
Y	2829470	2829390	Deletion	80
Y	2831093	2830983	Deletion	110
Y	2831093	2830994	Deletion	99
Y	2831093	2831050	Deletion	43
Y	2831245	2831141	Deletion	104
Y	2831248	2831141	Deletion	107
Y	2831227	2831141	Deletion	86
Y	2831243	2831186	Deletion	57
Y	2832251	2832220	Deletion	31
Y	2832588	2832466	Deletion	122
Y	2837906	2837854	Deletion	52
Y	2839481	2839408	Deletion	73
Y	2840176	2840057	Deletion	119
Y	2840154	2840057	Deletion	97
Y	2843994	2843939	Deletion	55
Y	2848552	2848431	Deletion	121
Y	2850752	2850705	Deletion	47
Y	2853290	2853171	Deletion	119
Y	2853290	2853186	Deletion	104
Y	2853672	2853603	Deletion	69
Y	2853721	2853603	Deletion	118
Y	2854073	2854004	Deletion	69
Y	2859120	2859073	Deletion	47
Y	2859108	2859073	Deletion	35
Y	2859190	2859073	Deletion	117
Y	2859161	2859073	Deletion	88
Y	2859190	2859073	Deletion	117
Y	2859194	2859073	Deletion	121
Y	2859173	2859073	Deletion	100
Y	2862170	2862080	Deletion	90
Y	2865791	2865747	Deletion	44
Y	2865941	2865862	Deletion	79
Y	2866306	2866259	Deletion	47
Y	2866730	2866645	Deletion	85
Y	2866730	2866692	Deletion	38
Y	2868026	2867909	Deletion	117
Y	2868534	2868447	Deletion	87
Y	2868977	2868934	Deletion	43
Y	2868977	2868935	Deletion	42
Y	2869110	2869025	Deletion	85
Y	2869529	2869445	Deletion	84
Y	2875558	2875467	Deletion	91
Y	2877776	2877699	Deletion	77
Y	2883898	2883833	Deletion	65
Y	2883867	2883833	Deletion	34
Y	2883928	2883833	Deletion	95
Y	2883936	2883833	Deletion	103
Y	2883856	2883833	Deletion	23
Y	2884222	2884175	Deletion	47
Y	2886429	2886385	Deletion	44
Y	2886526	2886450	Deletion	76
Y	2886692	2886597	Deletion	95
Y	2886692	2886646	Deletion	46
Y	2891787	2891692	Deletion	95
Y	2891808	2891692	Deletion	116
Y	2891782	2891692	Deletion	90
Y	2891777	2891692	Deletion	85
Y	2891756	2891692	Deletion	64
Y	2891763	2891692	Deletion	71
Y	2892879	2892755	Deletion	124
Y	2893382	2893301	Deletion	81
Y	2894001	2893895	Deletion	106
Y	2894001	2893944	Deletion	57
Y	2894242	2894193	Deletion	49
Y	2894752	2894671	Deletion	81
Y	2895082	2895014	Deletion	68
Y	2895639	2895517	Deletion	122
Y	2897246	2897193	Deletion	53
Y	2898211	2898177	Deletion	34
Y	2901839	2901767	Deletion	72
Y	2901870	2901798	Deletion	72
Y	2902009	2901928	Deletion	81
Y	2902147	2902039	Deletion	108
Y	2907306	2907230	Deletion	76
Y	2907291	2907230	Deletion	61
Y	2907295	2907230	Deletion	65
Y	2910284	2910179	Deletion	105
Y	2910337	2910224	Deletion	113
Y	2911359	2911247	Deletion	112
Y	2911370	2911247	Deletion	123
Y	2912190	2912123	Deletion	67
Y	2912190	2912123	Deletion	67
Y	2913718	2913617	Deletion	101
Y	2913718	2913648	Deletion	70
Y	2913718	2913680	Deletion	38
Y	2918764	2918718	Deletion	46
Y	2920433	2920309	Deletion	124
Y	2920792	2920721	Deletion	71
Y	2921169	2921137	Deletion	32
Y	2922286	2922247	Deletion	39
Y	2923365	2923320	Deletion	45
Y	2923573	2923530	Deletion	43
Y	2924624	2924583	Deletion	41
Y	2926244	2926156	Deletion	88
Y	2926251	2926156	Deletion	95
Y	2926994	2926907	Deletion	87
Y	2929236	2929197	Deletion	39
Y	2930885	2930762	Deletion	123
Y	2931152	2931100	Deletion	52
Y	2931864	2931771	Deletion	93
Y	2932079	2931968	Deletion	111
Y	2932079	2932012	Deletion	67
Y	2934019	2933901	Deletion	118
Y	2935764	2935731	Deletion	33
Y	2935790	2935735	Deletion	55
Y	2935785	2935750	Deletion	35
Y	2940825	2940790	Deletion	35
Y	2941598	2941478	Deletion	120
Y	2944284	2944181	Deletion	103
Y	2944269	2944181	Deletion	88
Y	2944292	2944181	Deletion	111
Y	2945989	2945945	Deletion	44
Y	2946336	2946235	Deletion	101
Y	2946848	2946798	Deletion	50
Y	2946848	2946813	Deletion	35
Y	2948239	2948157	Deletion	82
Y	2948218	2948157	Deletion	61
Y	2948273	2948157	Deletion	116
Y	2948346	2948222	Deletion	124
Y	2949100	2949059	Deletion	41
Y	2949100	2949066	Deletion	34
Y	2949757	2949698	Deletion	59
Y	2949790	2949698	Deletion	92
Y	2949795	2949698	Deletion	97
Y	2950378	2950323	Deletion	55
Y	2950630	2950581	Deletion	49
Y	2950630	2950611	Deletion	19
Y	2952032	2951912	Deletion	120
Y	2954205	2954111	Deletion	94
Y	2954430	2954355	Deletion	75
Y	2954430	2954366	Deletion	64
Y	2954430	2954379	Deletion	51
Y	2954430	2954385	Deletion	45
Y	2959475	2959430	Deletion	45
Y	2959539	2959430	Deletion	109
Y	2959468	2959430	Deletion	38
Y	2959515	2959430	Deletion	85
Y	2959506	2959430	Deletion	76
Y	2961752	2961644	Deletion	108
Y	2961754	2961646	Deletion	108
Y	2961754	2961652	Deletion	102
Y	2961754	2961674	Deletion	80
Y	2962374	2962289	Deletion	85
Y	2962348	2962289	Deletion	59
Y	2962348	2962289	Deletion	59
Y	2962652	2962599	Deletion	53
Y	2962991	2962914	Deletion	77
Y	2963069	2962979	Deletion	90
Y	2964646	2964548	Deletion	98
Y	2964646	2964581	Deletion	65
Y	2966817	2966725	Deletion	92
Y	2968962	2968893	Deletion	69
Y	2968955	2968893	Deletion	62
Y	2970398	2970356	Deletion	42
Y	2970976	2970910	Deletion	66
Y	2971605	2971568	Deletion	37
Y	2972594	2972487	Deletion	107
Y	2972594	2972493	Deletion	101
Y	2972594	2972556	Deletion	38
Y	2972594	2972567	Deletion	27
Y	2977614	2977594	Deletion	20
Y	2977681	2977594	Deletion	87
Y	2977694	2977594	Deletion	100
Y	2979832	2979751	Deletion	81
Y	2984505	2984439	Deletion	66
Y	2986634	2986521	Deletion	113
Y	2986810	2986733	Deletion	77
Y	2987637	2987568	Deletion	69
Y	2988858	2988811	Deletion	47
Y	2989102	2989070	Deletion	32
Y	2989476	2989400	Deletion	76
Y	2989431	2989400	Deletion	31
Y	2990146	2990095	Deletion	51
Y	2993018	2992902	Deletion	116
Y	2993013	2992902	Deletion	111
Y	2993331	2993207	Deletion	124
Y	2994793	2994749	Deletion	44
Y	2995180	2995147	Deletion	33
Y	3000863	3000741	Deletion	122
Y	3002586	3002489	Deletion	97
Y	3002529	3002489	Deletion	40
Y	3002580	3002489	Deletion	91
Y	3004769	3004675	Deletion	94
Y	3004769	3004709	Deletion	60
Y	3007243	3007126	Deletion	117
Y	3011908	3011812	Deletion	96
Y	3011908	3011844	Deletion	64
Y	3011908	3011858	Deletion	50
Y	3012111	3012008	Deletion	103
Y	3012063	3012008	Deletion	55
Y	3014360	3014267	Deletion	93
Y	3014360	3014316	Deletion	44
Y	3014360	3014318	Deletion	42
Y	3014360	3014325	Deletion	35
Y	3023896	3023862	Deletion	34
Y	3023947	3023862	Deletion	85
Y	3023978	3023862	Deletion	116
Y	3023954	3023862	Deletion	92
Y	3023945	3023862	Deletion	83
Y	3024026	3023907	Deletion	119
Y	3024026	3023971	Deletion	55
Y	3024026	3023986	Deletion	40
Y	3024218	3024126	Deletion	92
Y	3024202	3024126	Deletion	76
Y	3024227	3024126	Deletion	101
Y	3025146	3025047	Deletion	99
Y	3025146	3025062	Deletion	84
Y	3025146	3025066	Deletion	80
Y	3025146	3025100	Deletion	46
Y	3025146	3025105	Deletion	41
Y	3025146	3025115	Deletion	31
Y	3025146	3025118	Deletion	28
Y	3025307	3025246	Deletion	61
Y	3025302	3025246	Deletion	56
Y	3025316	3025246	Deletion	70
Y	3025276	3025246	Deletion	30
Y	3025305	3025246	Deletion	59
Y	3025306	3025246	Deletion	60
Y	3026143	3026028	Deletion	115
Y	3026143	3026061	Deletion	82
Y	3026143	3026076	Deletion	67
Y	3026143	3026091	Deletion	52
Y	3026143	3026097	Deletion	46
Y	3026143	3026124	Deletion	19
Y	3026295	3026243	Deletion	52
Y	3026265	3026243	Deletion	22
Y	3026270	3026243	Deletion	27
Y	3026281	3026243	Deletion	38
Y	3026355	3026243	Deletion	112
Y	3026281	3026243	Deletion	38
Y	3030911	3030848	Deletion	63
Y	3036112	3036049	Deletion	63
Y	3040507	3040468	Deletion	39
Y	3044066	3044031	Deletion	35
Y	3044454	3044387	Deletion	67
Y	3044454	3044409	Deletion	45
Y	3044639	3044554	Deletion	85
Y	3044669	3044554	Deletion	115
Y	3044602	3044554	Deletion	48
Y	3044652	3044554	Deletion	98
Y	3046401	3046277	Deletion	124
Y	3046528	3046439	Deletion	89
Y	3046528	3046447	Deletion	81
Y	3046528	3046451	Deletion	77
Y	3046528	3046469	Deletion	59
Y	3046528	3046500	Deletion	28
Y	3046528	3046506	Deletion	22
Y	3046528	3046507	Deletion	21
Y	3046712	3046628	Deletion	84
Y	3046679	3046628	Deletion	51
Y	3046744	3046628	Deletion	116
Y	3046703	3046628	Deletion	75
Y	3056790	3056669	Deletion	121
Y	3056790	3056675	Deletion	115
Y	3056790	3056705	Deletion	85
Y	3056790	3056757	Deletion	33
Y	3056790	3056761	Deletion	29
Y	3056983	3056890	Deletion	93
Y	3056921	3056890	Deletion	31
Y	3057009	3056890	Deletion	119
Y	3057002	3056890	Deletion	112
Y	3058022	3057899	Deletion	123
Y	3063810	3063731	Deletion	79
Y	3065705	3065671	Deletion	34
Y	3072679	3072577	Deletion	102
Y	3072684	3072577	Deletion	107
Y	3072700	3072577	Deletion	123
Y	3072654	3072577	Deletion	77
Y	3079635	3079571	Deletion	64
Y	3080562	3080484	Deletion	78
Y	3080560	3080484	Deletion	76
Y	3080602	3080484	Deletion	118
Y	3080583	3080484	Deletion	99
Y	3080705	3080615	Deletion	90
Y	3080705	3080618	Deletion	87
Y	3086222	3086176	Deletion	46
Y	3090250	3090220	Deletion	30
Y	3090716	3090616	Deletion	100
Y	3091310	3091195	Deletion	115
Y	3102213	3102174	Deletion	39
Y	3102343	3102263	Deletion	80
Y	3102309	3102263	Deletion	46
Y	3103014	3102919	Deletion	95
Y	3104750	3104670	Deletion	80
Y	3104898	3104800	Deletion	98
Y	3104890	3104800	Deletion	90
Y	3105763	3105732	Deletion	31
Y	3109720	3109669	Deletion	51
Y	3109918	3109860	Deletion	58
Y	3111127	3111067	Deletion	60
Y	3117799	3117757	Deletion	42
Y	3117801	3117759	Deletion	42
Y	3120142	3120018	Deletion	124
Y	3120142	3120082	Deletion	60
Y	3120142	3120087	Deletion	55
Y	3121042	3120982	Deletion	60
Y	3125918	3125853	Deletion	65
Y	3126708	3126676	Deletion	32
Y	3129508	3129390	Deletion	118
Y	3129508	3129400	Deletion	108
Y	3129508	3129420	Deletion	88
Y	3129508	3129462	Deletion	46
Y	3130788	3130719	Deletion	69
Y	3133931	3133886	Deletion	45
Y	3135353	3135301	Deletion	52
Y	3137504	3137412	Deletion	92
Y	3139294	3139181	Deletion	113
Y	3142631	3142514	Deletion	117
Y	3142910	3142863	Deletion	47
Y	3149246	3149196	Deletion	50
Y	3149229	3149196	Deletion	33
Y	3149335	3149226	Deletion	109
Y	3149335	3149240	Deletion	95
Y	3149335	3149245	Deletion	90
Y	3150610	3150552	Deletion	58
Y	3152676	3152626	Deletion	50
Y	3152781	3152731	Deletion	50
Y	3153791	3153759	Deletion	32
Y	3154569	3154529	Deletion	40
Y	3157782	3157700	Deletion	82
Y	3158260	3158154	Deletion	106
Y	3160600	3160531	Deletion	69
Y	3161106	3161006	Deletion	100
Y	3161164	3161131	Deletion	33
Y	3161504	3161441	Deletion	63
Y	3163796	3163691	Deletion	105
Y	3164185	3164092	Deletion	93
Y	3165565	3165499	Deletion	66
Y	3167676	3167562	Deletion	114
Y	3167676	3167563	Deletion	113
Y	3167673	3167568	Deletion	105
Y	3167676	3167609	Deletion	67
Y	3167836	3167748	Deletion	88
Y	3167862	3167748	Deletion	114
Y	3167812	3167748	Deletion	64
Y	3174171	3174054	Deletion	117
Y	3176026	3175926	Deletion	100
Y	3176084	3176049	Deletion	35
Y	3176864	3176829	Deletion	35
Y	3179272	3179206	Deletion	66
Y	3181591	3181540	Deletion	51
Y	3181616	3181547	Deletion	69
Y	3181623	3181547	Deletion	76
Y	3183119	3183070	Deletion	49
Y	3188271	3188232	Deletion	39
Y	3188418	3188343	Deletion	75
Y	3189823	3189786	Deletion	37
Y	3193960	3193923	Deletion	37
Y	3194180	3194139	Deletion	41
Y	3194892	3194778	Deletion	114
Y	3194892	3194805	Deletion	87
Y	3194978	3194942	Deletion	36
Y	3196901	3196808	Deletion	93
Y	3201145	3201103	Deletion	42
Y	3205782	3205660	Deletion	122
Y	3205782	3205694	Deletion	88
Y	3205782	3205706	Deletion	76
Y	3206478	3206378	Deletion	100
Y	3206428	3206378	Deletion	50
Y	3206416	3206380	Deletion	36
Y	3209193	3209099	Deletion	94
Y	3211116	3211057	Deletion	59
Y	3215128	3215019	Deletion	109
Y	3215128	3215020	Deletion	108
Y	3215125	3215027	Deletion	98
Y	3218179	3218093	Deletion	86
Y	3224356	3224263	Deletion	93
Y	3227062	3226975	Deletion	87
Y	3231657	3231616	Deletion	41
Y	3231666	3231616	Deletion	50
Y	3233888	3233796	Deletion	92
Y	3234073	3233969	Deletion	104
Y	3235374	3235342	Deletion	32
Y	3239167	3239121	Deletion	46
Y	3239599	3239499	Deletion	100
Y	3239599	3239522	Deletion	77
Y	3239599	3239524	Deletion	75
Y	3239599	3239543	Deletion	56
Y	3239599	3239550	Deletion	49
Y	3239599	3239554	Deletion	45
Y	3239599	3239556	Deletion	43
Y	3239599	3239564	Deletion	35
Y	3240150	3240059	Deletion	91
Y	3240180	3240059	Deletion	121
Y	3240140	3240059	Deletion	81
Y	3240129	3240059	Deletion	70
Y	3240142	3240059	Deletion	83
Y	3240176	3240059	Deletion	117
Y	3240136	3240059	Deletion	77
Y	3240421	3240298	Deletion	123
Y	3240421	3240316	Deletion	105
Y	3240421	3240344	Deletion	77
Y	3240421	3240359	Deletion	62
Y	3240421	3240364	Deletion	57
Y	3240421	3240380	Deletion	41
Y	3246304	3246254	Deletion	50
Y	3246319	3246254	Deletion	65
Y	3246324	3246254	Deletion	70
Y	3246340	3246254	Deletion	86
Y	3246351	3246254	Deletion	97
Y	3255043	3254929	Deletion	114
Y	3255043	3254963	Deletion	80
Y	3255043	3254970	Deletion	73
Y	3255043	3255010	Deletion	33
Y	3255224	3255143	Deletion	81
Y	3255179	3255143	Deletion	36
Y	3255255	3255143	Deletion	112
Y	3257546	3257457	Deletion	89
Y	3257546	3257465	Deletion	81
Y	3257546	3257483	Deletion	63
Y	3257546	3257483	Deletion	63
Y	3259114	3259048	Deletion	66
Y	3259096	3259048	Deletion	48
Y	3259088	3259048	Deletion	40
Y	3260891	3260770	Deletion	121
Y	3260891	3260800	Deletion	91
Y	3260891	3260832	Deletion	59
Y	3260891	3260850	Deletion	41
Y	3262916	3262891	Deletion	25
Y	3262978	3262891	Deletion	87
Y	3262975	3262891	Deletion	84
Y	3262982	3262891	Deletion	91
Y	3265643	3265522	Deletion	121
Y	3269601	3269493	Deletion	108
Y	3269601	3269511	Deletion	90
Y	3269601	3269533	Deletion	68
Y	3269601	3269563	Deletion	38
Y	3270374	3270331	Deletion	43
Y	3271888	3271810	Deletion	78
Y	3273631	3273543	Deletion	88
Y	3273579	3273543	Deletion	36
Y	3273601	3273543	Deletion	58
Y	3275594	3275562	Deletion	32
Y	3283388	3283284	Deletion	104
Y	3283736	3283667	Deletion	69
Y	3284038	3283919	Deletion	119
Y	3284038	3283926	Deletion	112
Y	3284038	3283987	Deletion	51
Y	3284259	3284138	Deletion	121
Y	3284254	3284138	Deletion	116
Y	3284224	3284138	Deletion	86
Y	3284194	3284138	Deletion	56
Y	3284208	3284138	Deletion	70
Y	3284175	3284138	Deletion	37
Y	3285042	3284996	Deletion	46
Y	3285080	3284996	Deletion	84
Y	3285067	3284996	Deletion	71
Y	3285033	3284996	Deletion	37
Y	3285042	3284996	Deletion	46
Y	3285759	3285683	Deletion	76
Y	3288127	3288069	Deletion	58
Y	3288127	3288083	Deletion	44
Y	3288760	3288680	Deletion	80
Y	3289239	3289166	Deletion	73
Y	3289396	3289339	Deletion	57
Y	3289412	3289339	Deletion	73
Y	3289459	3289378	Deletion	81
Y	3289740	3289695	Deletion	45
Y	3289765	3289695	Deletion	70
Y	3290064	3289968	Deletion	96
Y	3290064	3289988	Deletion	76
Y	3290064	3290000	Deletion	64
Y	3290064	3290005	Deletion	59
Y	3291605	3291527	Deletion	78
Y	3291605	3291565	Deletion	40
Y	3293682	3293605	Deletion	77
Y	3293690	3293605	Deletion	85
Y	3293725	3293669	Deletion	56
Y	3294329	3294234	Deletion	95
Y	3295335	3295235	Deletion	100
Y	3296175	3296128	Deletion	47
Y	3296758	3296719	Deletion	39
Y	3296758	3296732	Deletion	26
Y	3297514	3297403	Deletion	111
Y	3297500	3297403	Deletion	97
Y	3297488	3297403	Deletion	85
Y	3298126	3298030	Deletion	96
Y	3298126	3298054	Deletion	72
Y	3301926	3301826	Deletion	100
Y	3301945	3301826	Deletion	119
Y	3301882	3301826	Deletion	56
Y	3301946	3301826	Deletion	120
Y	3301910	3301826	Deletion	84
Y	3301918	3301826	Deletion	92
Y	3301946	3301826	Deletion	120
Y	3301924	3301826	Deletion	98
Y	3302550	3302438	Deletion	112
Y	3302550	3302440	Deletion	110
Y	3302592	3302564	Deletion	28
Y	3303556	3303520	Deletion	36
Y	3318653	3318556	Deletion	97
Y	3318840	3318729	Deletion	111
Y	3318808	3318729	Deletion	79
Y	3318801	3318729	Deletion	72
Y	3319119	3319084	Deletion	35
Y	3319442	3319323	Deletion	119
Y	3323207	3323142	Deletion	65
Y	3323855	3323751	Deletion	104
Y	3323855	3323772	Deletion	83
Y	3323855	3323798	Deletion	57
Y	3323855	3323822	Deletion	33
Y	3327580	3327555	Deletion	25
Y	3327668	3327555	Deletion	113
Y	3327651	3327555	Deletion	96
Y	3328279	3328181	Deletion	98
Y	3328279	3328213	Deletion	66
Y	3328279	3328238	Deletion	41
Y	3332042	3331979	Deletion	63
Y	3332034	3331979	Deletion	55
Y	3332699	3332619	Deletion	80
Y	3332699	3332648	Deletion	51
Y	3336455	3336399	Deletion	56
Y	3336489	3336399	Deletion	90
Y	3336518	3336399	Deletion	119
Y	3336474	3336399	Deletion	75
Y	3337123	3337014	Deletion	109
Y	3337123	3337026	Deletion	97
Y	3340897	3340823	Deletion	74
Y	3340943	3340823	Deletion	120
Y	3340883	3340823	Deletion	60
Y	3340939	3340823	Deletion	116
Y	3340943	3340839	Deletion	104
Y	3341546	3341460	Deletion	86
Y	3341546	3341471	Deletion	75
Y	3341546	3341486	Deletion	60
Y	3341546	3341520	Deletion	26
Y	3345306	3345246	Deletion	60
Y	3345336	3345246	Deletion	90
Y	3345295	3345246	Deletion	49
Y	3345331	3345246	Deletion	85
Y	3345950	3345867	Deletion	83
Y	3345950	3345876	Deletion	74
Y	3349721	3349650	Deletion	71
Y	3349714	3349650	Deletion	64
Y	3349736	3349650	Deletion	86
Y	3349685	3349650	Deletion	35
Y	3349756	3349650	Deletion	106
Y	3350374	3350333	Deletion	41
Y	3354202	3354104	Deletion	98
Y	3354213	3354104	Deletion	109
Y	3354224	3354133	Deletion	91
Y	3354828	3354719	Deletion	109
Y	3354828	3354747	Deletion	81
Y	3354828	3354775	Deletion	53
Y	3358616	3358570	Deletion	46
Y	3358602	3358570	Deletion	32
Y	3359286	3359180	Deletion	106
Y	3359286	3359186	Deletion	100
Y	3359286	3359189	Deletion	97
Y	3359286	3359215	Deletion	71
Y	3359286	3359219	Deletion	67
Y	3362988	3362886	Deletion	102
Y	3362985	3362886	Deletion	99
Y	3362998	3362886	Deletion	112
Y	3362958	3362886	Deletion	72
Y	3363901	3363809	Deletion	92
Y	3365046	3364930	Deletion	116
Y	3365046	3364934	Deletion	112
Y	3365088	3364995	Deletion	93
Y	3365971	3365925	Deletion	46
Y	3366108	3365987	Deletion	121
Y	3367786	3367665	Deletion	121
Y	3367786	3367667	Deletion	119
Y	3367786	3367679	Deletion	107
Y	3367786	3367682	Deletion	104
Y	3367786	3367722	Deletion	64
Y	3367786	3367737	Deletion	49
Y	3370965	3370886	Deletion	79
Y	3370919	3370886	Deletion	33
Y	3370933	3370886	Deletion	47
Y	3370983	3370886	Deletion	97
Y	3371602	3371481	Deletion	121
Y	3371602	3371488	Deletion	114
Y	3371602	3371510	Deletion	92
Y	3371602	3371532	Deletion	70
Y	3371602	3371536	Deletion	66
Y	3371602	3371545	Deletion	57
Y	3375824	3375802	Deletion	22
Y	3376352	3376281	Deletion	71
Y	3376380	3376281	Deletion	99
Y	3376332	3376281	Deletion	51
Y	3376984	3376865	Deletion	119
Y	3376984	3376902	Deletion	82
Y	3376984	3376905	Deletion	79
Y	3376984	3376923	Deletion	61
Y	3376984	3376932	Deletion	52
Y	3376984	3376933	Deletion	51
Y	3376984	3376936	Deletion	48
Y	3376984	3376944	Deletion	40
Y	3376984	3376952	Deletion	32
Y	3376984	3376959	Deletion	25
Y	3376984	3376963	Deletion	21
Y	3377148	3377084	Deletion	64
Y	3377140	3377084	Deletion	56
Y	3377154	3377084	Deletion	70
Y	3377140	3377084	Deletion	56
Y	3377121	3377084	Deletion	37
Y	3377157	3377084	Deletion	73
Y	3377157	3377084	Deletion	73
Y	3377160	3377084	Deletion	76
Y	3379350	3379267	Deletion	83
Y	3379797	3379706	Deletion	91
Y	3380788	3380736	Deletion	52
Y	3380860	3380798	Deletion	62
Y	3380843	3380798	Deletion	45
Y	3380895	3380798	Deletion	97
Y	3382756	3382669	Deletion	87
Y	3382756	3382693	Deletion	63
Y	3382900	3382777	Deletion	123
Y	3382956	3382904	Deletion	52
Y	3384776	3384733	Deletion	43
Y	3384777	3384733	Deletion	44
Y	3384793	3384733	Deletion	60
Y	3390895	3390778	Deletion	117
Y	3390895	3390783	Deletion	112
Y	3390895	3390783	Deletion	112
Y	3390895	3390818	Deletion	77
Y	3390895	3390855	Deletion	40
Y	3391132	3391043	Deletion	89
Y	3391120	3391043	Deletion	77
Y	3391109	3391043	Deletion	66
Y	3394674	3394618	Deletion	56
Y	3397079	3397042	Deletion	37
Y	3397319	3397227	Deletion	92
Y	3400350	3400308	Deletion	42
Y	3400690	3400622	Deletion	68
Y	3402225	3402122	Deletion	103
Y	3410442	3410393	Deletion	49
Y	3411008	3410889	Deletion	119
Y	3415729	3415659	Deletion	70
Y	3415717	3415659	Deletion	58
Y	3415775	3415659	Deletion	116
Y	3415716	3415659	Deletion	57
Y	3415737	3415659	Deletion	78
Y	3418688	3418582	Deletion	106
Y	3422747	3422631	Deletion	116
Y	3422747	3422677	Deletion	70
Y	3422747	3422690	Deletion	57
Y	3423313	3423216	Deletion	97
Y	3423590	3423506	Deletion	84
Y	3425833	3425764	Deletion	69
Y	3426438	3426362	Deletion	76
Y	3430984	3430943	Deletion	41
Y	3433495	3433427	Deletion	68
Y	3433498	3433427	Deletion	71
Y	3433462	3433427	Deletion	35
Y	3435745	3435640	Deletion	105
Y	3442902	3442861	Deletion	41
Y	3444398	3444321	Deletion	77
Y	3445992	3445908	Deletion	84
Y	3445992	3445961	Deletion	31
Y	3446159	3446036	Deletion	123
Y	3449238	3449177	Deletion	61
Y	3449238	3449186	Deletion	52
Y	3449238	3449190	Deletion	48
Y	3449507	3449427	Deletion	80
Y	3450544	3450487	Deletion	57
Y	3455425	3455383	Deletion	42
Y	3457858	3457773	Deletion	85
Y	3459579	3459481	Deletion	98
Y	3463725	3463660	Deletion	65
Y	3468091	3467965	Deletion	126
Y	3468382	3468259	Deletion	123
Y	3468382	3468289	Deletion	93
Y	3469760	3469694	Deletion	66
Y	3471101	3470976	Deletion	125
Y	3471253	3471133	Deletion	120
Y	3471484	3471376	Deletion	108
Y	3472592	3472482	Deletion	110
Y	3476179	3476140	Deletion	39
Y	3477706	3477640	Deletion	66
Y	3482433	3482394	Deletion	39
Y	3487655	3487533	Deletion	122
Y	3489578	3489467	Deletion	111
Y	3489578	3489491	Deletion	87
Y	3489578	3489508	Deletion	70
Y	3489578	3489515	Deletion	63
Y	3489578	3489516	Deletion	62
Y	3490499	3490454	Deletion	45
Y	3490598	3490475	Deletion	123
Y	3490903	3490871	Deletion	32
Y	3494350	3494285	Deletion	65
Y	3499353	3499296	Deletion	57
Y	3501708	3501596	Deletion	112
Y	3501708	3501607	Deletion	101
Y	3501708	3501611	Deletion	97
Y	3501982	3501889	Deletion	93
Y	3501977	3501889	Deletion	88
Y	3502209	3502174	Deletion	35
Y	3505961	3505879	Deletion	82
Y	3514482	3514414	Deletion	68
Y	3514482	3514419	Deletion	63
Y	3514482	3514444	Deletion	38
Y	3514482	3514449	Deletion	33
Y	3514482	3514449	Deletion	33
Y	3515353	3515255	Deletion	98
Y	3515373	3515255	Deletion	118
Y	3515363	3515255	Deletion	108
Y	3515352	3515255	Deletion	97
Y	3515348	3515255	Deletion	93
Y	3519341	3519307	Deletion	34
Y	3521311	3521272	Deletion	39
Y	3521488	3521407	Deletion	81
Y	3528191	3528071	Deletion	120
Y	3528191	3528103	Deletion	88
Y	3528368	3528287	Deletion	81
Y	3528327	3528287	Deletion	40
Y	3528368	3528287	Deletion	81
Y	3528368	3528330	Deletion	38
Y	3530484	3530366	Deletion	118
Y	3530454	3530366	Deletion	88
Y	3530463	3530366	Deletion	97
Y	3530463	3530366	Deletion	97
Y	3535063	3534951	Deletion	112
Y	3535063	3534974	Deletion	89
Y	3535198	3535159	Deletion	39
Y	3536284	3536201	Deletion	83
Y	3536284	3536217	Deletion	67
Y	3536284	3536241	Deletion	43
Y	3536284	3536241	Deletion	43
Y	3536284	3536252	Deletion	32
Y	3536474	3536384	Deletion	90
Y	3536495	3536384	Deletion	111
Y	3536429	3536384	Deletion	45
Y	3536499	3536384	Deletion	115
Y	3536433	3536384	Deletion	49
Y	3536404	3536384	Deletion	20
Y	3536449	3536384	Deletion	65
Y	3545044	3544928	Deletion	116
Y	3545044	3544930	Deletion	114
Y	3545044	3544946	Deletion	98
Y	3549073	3548975	Deletion	98
Y	3549017	3548975	Deletion	42
Y	3549041	3548975	Deletion	66
Y	3549006	3548975	Deletion	31
Y	3560203	3560110	Deletion	93
Y	3560379	3560303	Deletion	76
Y	3560348	3560303	Deletion	45
Y	3560409	3560303	Deletion	106
Y	3560355	3560303	Deletion	52
Y	3560418	3560303	Deletion	115
Y	3560401	3560303	Deletion	98
Y	3560399	3560327	Deletion	72
Y	3560419	3560359	Deletion	60
Y	3560474	3560416	Deletion	58
Y	3560479	3560460	Deletion	19
Y	3561562	3561504	Deletion	58
Y	3561564	3561504	Deletion	60
Y	3561622	3561504	Deletion	118
Y	3561578	3561504	Deletion	74
Y	3561611	3561504	Deletion	107
Y	3562458	3562365	Deletion	93
Y	3562458	3562397	Deletion	61
Y	3562568	3562470	Deletion	98
Y	3562593	3562536	Deletion	57
Y	3562641	3562586	Deletion	55
Y	3562771	3562738	Deletion	33
Y	3562825	3562738	Deletion	87
Y	3562842	3562738	Deletion	104
Y	3562812	3562738	Deletion	74
Y	3562838	3562738	Deletion	100
Y	3565630	3565541	Deletion	89
Y	3565630	3565544	Deletion	86
Y	3565630	3565566	Deletion	64
Y	3565630	3565606	Deletion	24
Y	3565838	3565730	Deletion	108
Y	3565803	3565730	Deletion	73
Y	3565797	3565730	Deletion	67
Y	3565787	3565730	Deletion	57
Y	3565801	3565730	Deletion	71
Y	3565805	3565730	Deletion	75
Y	3567184	3567076	Deletion	108
Y	3567184	3567079	Deletion	105
Y	3567184	3567156	Deletion	28
Y	3567378	3567284	Deletion	94
Y	3567404	3567284	Deletion	120
Y	3567355	3567284	Deletion	71
Y	3567343	3567284	Deletion	59
Y	3567816	3567713	Deletion	103
Y	3567816	3567716	Deletion	100
Y	3567816	3567723	Deletion	93
Y	3567816	3567758	Deletion	58
Y	3567816	3567760	Deletion	56
Y	3567816	3567772	Deletion	44
Y	3567816	3567783	Deletion	33
Y	3570629	3570560	Deletion	69
Y	3570631	3570560	Deletion	71
Y	3570594	3570560	Deletion	34
Y	3570654	3570560	Deletion	94
Y	3570643	3570560	Deletion	83
Y	3570659	3570560	Deletion	99
Y	3570674	3570561	Deletion	113
Y	3579355	3579264	Deletion	91
Y	3579350	3579264	Deletion	86
Y	3579368	3579264	Deletion	104
Y	3579340	3579264	Deletion	76
Y	3580469	3580363	Deletion	106
Y	3580469	3580382	Deletion	87
Y	3580469	3580385	Deletion	84
Y	3580469	3580410	Deletion	59
Y	3580469	3580422	Deletion	47
Y	3580469	3580429	Deletion	40
Y	3580469	3580431	Deletion	38
Y	3580469	3580447	Deletion	22
Y	3580593	3580569	Deletion	24
Y	3580685	3580569	Deletion	116
Y	3580670	3580569	Deletion	101
Y	3580649	3580569	Deletion	80
Y	3580683	3580569	Deletion	114
Y	3580630	3580569	Deletion	61
Y	3580642	3580569	Deletion	73
Y	3580670	3580569	Deletion	101
Y	3581825	3581705	Deletion	120
Y	3581825	3581706	Deletion	119
Y	3581825	3581730	Deletion	95
Y	3581825	3581743	Deletion	82
Y	3581825	3581760	Deletion	65
Y	3581825	3581776	Deletion	49
Y	3581825	3581795	Deletion	30
Y	3590138	3590025	Deletion	113
Y	3590072	3590025	Deletion	47
Y	3590129	3590025	Deletion	104
Y	3590058	3590025	Deletion	33
Y	3591385	3591286	Deletion	99
Y	3591385	3591364	Deletion	21
Y	3595627	3595550	Deletion	77
Y	3595614	3595550	Deletion	64
Y	3595639	3595550	Deletion	89
Y	3595638	3595550	Deletion	88
Y	3595604	3595550	Deletion	54
Y	3595664	3595550	Deletion	114
Y	3595641	3595550	Deletion	91
Y	3596309	3596194	Deletion	115
Y	3596309	3596229	Deletion	80
Y	3596309	3596236	Deletion	73
Y	3596309	3596278	Deletion	31
Y	3596309	3596279	Deletion	30
Y	3600583	3600474	Deletion	109
Y	3600569	3600474	Deletion	95
Y	3600522	3600474	Deletion	48
Y	3600571	3600474	Deletion	97
Y	3600522	3600474	Deletion	48
Y	3600569	3600474	Deletion	95
Y	3600531	3600474	Deletion	57
Y	3611304	3611255	Deletion	49
Y	3612745	3612668	Deletion	77
Y	3612775	3612668	Deletion	107
Y	3614408	3614332	Deletion	76
Y	3614408	3614348	Deletion	60
Y	3614408	3614359	Deletion	49
Y	3614408	3614362	Deletion	46
Y	3614408	3614368	Deletion	40
Y	3617465	3617387	Deletion	78
Y	3617454	3617387	Deletion	67
Y	3617494	3617387	Deletion	107
Y	3617468	3617387	Deletion	81
Y	3617474	3617387	Deletion	87
Y	3617438	3617387	Deletion	51
Y	3628856	3628730	Deletion	126
Y	3630567	3630443	Deletion	124
Y	3636704	3636583	Deletion	121
Y	3638018	3637956	Deletion	62
Y	3641170	3641049	Deletion	121
Y	3641170	3641084	Deletion	86
Y	3641170	3641118	Deletion	52
Y	3641170	3641125	Deletion	45
Y	3641170	3641128	Deletion	42
Y	3647213	3647170	Deletion	43
Y	3647284	3647170	Deletion	114
Y	3648134	3648020	Deletion	114
Y	3648134	3648036	Deletion	98
Y	3648134	3648060	Deletion	74
Y	3648134	3648115	Deletion	19
Y	3648134	3648115	Deletion	19
Y	3648708	3648634	Deletion	74
Y	3648705	3648634	Deletion	71
Y	3649394	3649353	Deletion	41
Y	3649391	3649358	Deletion	33
Y	3649394	3649365	Deletion	29
Y	3649575	3649494	Deletion	81
Y	3649514	3649494	Deletion	20
Y	3649568	3649499	Deletion	69
Y	3652786	3652670	Deletion	116
Y	3652786	3652678	Deletion	108
Y	3652786	3652692	Deletion	94
Y	3652786	3652714	Deletion	72
Y	3652786	3652720	Deletion	66
Y	3652786	3652721	Deletion	65
Y	3652786	3652727	Deletion	59
Y	3652786	3652735	Deletion	51
Y	3652786	3652759	Deletion	27
Y	3652966	3652886	Deletion	80
Y	3652933	3652886	Deletion	47
Y	3652917	3652886	Deletion	31
Y	3652968	3652886	Deletion	82
Y	3652919	3652886	Deletion	33
Y	3652986	3652886	Deletion	100
Y	3654376	3654267	Deletion	109
Y	3654376	3654284	Deletion	92
Y	3654376	3654287	Deletion	89
Y	3654376	3654304	Deletion	72
Y	3654376	3654310	Deletion	66
Y	3654376	3654326	Deletion	50
Y	3654376	3654344	Deletion	32
Y	3654529	3654476	Deletion	53
Y	3654588	3654476	Deletion	112
Y	3654518	3654476	Deletion	42
Y	3655837	3655716	Deletion	121
Y	3657280	3657168	Deletion	112
Y	3657280	3657194	Deletion	86
Y	3657280	3657215	Deletion	65
Y	3657280	3657218	Deletion	62
Y	3657280	3657222	Deletion	58
Y	3663372	3663280	Deletion	92
Y	3663391	3663280	Deletion	111
Y	3663299	3663280	Deletion	19
Y	3663311	3663280	Deletion	31
Y	3663369	3663280	Deletion	89
Y	3663336	3663280	Deletion	56
Y	3664653	3664553	Deletion	100
Y	3664653	3664562	Deletion	91
Y	3664653	3664590	Deletion	63
Y	3664785	3664703	Deletion	82
Y	3664757	3664703	Deletion	54
Y	3664756	3664703	Deletion	53
Y	3664753	3664703	Deletion	50
Y	3664811	3664703	Deletion	108
Y	3664795	3664703	Deletion	92
Y	3664799	3664703	Deletion	96
Y	3664792	3664703	Deletion	89
Y	3664798	3664703	Deletion	95
Y	3664750	3664703	Deletion	47
Y	3665041	3664944	Deletion	97
Y	3665041	3664975	Deletion	66
Y	3665041	3664991	Deletion	50
Y	3665041	3665001	Deletion	40
Y	3665187	3665091	Deletion	96
Y	3665212	3665091	Deletion	121
Y	3665127	3665091	Deletion	36
Y	3665212	3665091	Deletion	121
Y	3666483	3666367	Deletion	116
Y	3666483	3666387	Deletion	96
Y	3666483	3666399	Deletion	84
Y	3666483	3666399	Deletion	84
Y	3666483	3666400	Deletion	83
Y	3666483	3666424	Deletion	59
Y	3666483	3666432	Deletion	51
Y	3666483	3666446	Deletion	37
Y	3666606	3666583	Deletion	23
Y	3666613	3666583	Deletion	30
