chr	Start	End	Variant	Size
2L	7115	7219	Deletion	104
2L	7126	7219	Deletion	93
2L	7146	7219	Deletion	73
2L	17320	7219	Deletion	10101
2L	20127	20166	Deletion	39
2L	31440	31538	Deletion	98
2L	31447	31538	Deletion	91
2L	31498	31538	Deletion	40
2L	31814	31538	Deletion	276
2L	31814	31920	Deletion	106
2L	31814	31851	Deletion	37
2L	31814	31929	Deletion	115
2L	31814	31923	Deletion	109
2L	31814	31844	Deletion	30
2L	33160	33267	Deletion	107
2L	33180	33267	Deletion	87
2L	33185	33267	Deletion	82
2L	33186	33267	Deletion	81
2L	33195	33267	Deletion	72
2L	33200	33267	Deletion	67
2L	33216	33267	Deletion	51
2L	40487	40542	Deletion	55
2L	40487	40532	Deletion	45
2L	40487	40563	Deletion	76
2L	40487	40610	Deletion	123
2L	40487	40527	Deletion	40
2L	40491	40533	Deletion	42
2L	52738	52839	Deletion	101
2L	52740	52839	Deletion	99
2L	52792	52839	Deletion	47
2L	52802	52839	Deletion	37
2L	59725	52839	Deletion	6886
2L	59725	59804	Deletion	79
2L	79026	79109	Deletion	83
2L	79027	79109	Deletion	82
2L	79030	79109	Deletion	79
2L	79071	79109	Deletion	38
2L	82299	82387	Deletion	88
2L	82299	82419	Deletion	120
2L	82299	82422	Deletion	123
2L	82299	82346	Deletion	47
2L	82299	82331	Deletion	32
2L	82299	82414	Deletion	115
2L	82299	82342	Deletion	43
2L	90362	90480	Deletion	118
2L	90412	90480	Deletion	68
2L	90668	90480	Deletion	188
2L	90668	90728	Deletion	60
2L	116261	116359	Deletion	98
2L	116304	116359	Deletion	55
2L	116313	116359	Deletion	46
2L	116782	116359	Deletion	423
2L	116782	116901	Deletion	119
2L	116782	116897	Deletion	115
2L	116782	116863	Deletion	81
2L	141077	141155	Deletion	78
2L	141089	141155	Deletion	66
2L	141090	141155	Deletion	65
2L	144763	141155	Deletion	3608
2L	144763	144824	Deletion	61
2L	144763	144871	Deletion	108
2L	144763	144823	Deletion	60
2L	144763	144807	Deletion	44
2L	144763	144869	Deletion	106
2L	146311	146358	Deletion	47
2L	146320	146358	Deletion	38
2L	149023	149129	Deletion	106
2L	149023	149105	Deletion	82
2L	150429	150545	Deletion	116
2L	150431	150545	Deletion	114
2L	150458	150545	Deletion	87
2L	150482	150545	Deletion	63
2L	150484	150545	Deletion	61
2L	151641	150545	Deletion	1096
2L	151641	151704	Deletion	63
2L	151641	151680	Deletion	39
2L	151641	151706	Deletion	65
2L	157724	157840	Deletion	116
2L	157729	157840	Deletion	111
2L	157740	157840	Deletion	100
2L	157770	157840	Deletion	70
2L	159374	157840	Deletion	1534
2L	164427	164535	Deletion	108
2L	164441	164535	Deletion	94
2L	164444	164535	Deletion	91
2L	164476	164535	Deletion	59
2L	164478	164535	Deletion	57
2L	165474	164535	Deletion	939
2L	165474	165541	Deletion	67
2L	165474	165543	Deletion	69
2L	165474	165591	Deletion	117
2L	165474	165509	Deletion	35
2L	168650	168743	Deletion	93
2L	168669	168743	Deletion	74
2L	168685	168743	Deletion	58
2L	168712	168743	Deletion	31
2L	172292	168743	Deletion	3549
2L	172292	172326	Deletion	34
2L	172292	172361	Deletion	69
2L	172292	172416	Deletion	124
2L	172292	172345	Deletion	53
2L	180508	180586	Deletion	78
2L	180535	180586	Deletion	51
2L	180706	180586	Deletion	120
2L	180706	180781	Deletion	75
2L	180706	180801	Deletion	95
2L	180955	181038	Deletion	83
2L	180957	181038	Deletion	81
2L	180962	181038	Deletion	76
2L	180965	181038	Deletion	73
2L	180980	181038	Deletion	58
2L	180989	181038	Deletion	49
2L	180995	181038	Deletion	43
2L	180999	181038	Deletion	39
2L	183906	181038	Deletion	2868
2L	183906	183978	Deletion	72
2L	183906	183960	Deletion	54
2L	183906	183997	Deletion	91
2L	183906	183955	Deletion	49
2L	183906	183963	Deletion	57
2L	183906	183993	Deletion	87
2L	183906	183987	Deletion	81
2L	214234	214334	Deletion	100
2L	214292	214334	Deletion	42
2L	220978	214334	Deletion	6644
2L	220978	221092	Deletion	114
2L	220978	221090	Deletion	112
2L	220978	221081	Deletion	103
2L	240263	240366	Deletion	103
2L	240326	240366	Deletion	40
2L	240413	240366	Deletion	47
2L	240413	240502	Deletion	89
2L	240413	240515	Deletion	102
2L	240831	240939	Deletion	108
2L	240831	240947	Deletion	116
2L	250041	250124	Deletion	83
2L	250867	250124	Deletion	743
2L	250867	250979	Deletion	112
2L	250867	250899	Deletion	32
2L	250867	250911	Deletion	44
2L	252471	252568	Deletion	97
2L	252537	252568	Deletion	31
2L	252617	252568	Deletion	49
2L	252617	252705	Deletion	88
2L	252617	252713	Deletion	96
2L	257664	257782	Deletion	118
2L	257710	257782	Deletion	72
2L	257722	257782	Deletion	60
2L	258433	257782	Deletion	651
2L	258433	258500	Deletion	67
2L	258433	258537	Deletion	104
2L	271913	271992	Deletion	79
2L	271918	271992	Deletion	74
2L	271950	271992	Deletion	42
2L	272124	271992	Deletion	132
2L	272124	272177	Deletion	53
2L	272124	272172	Deletion	48
2L	285097	285144	Deletion	47
2L	288390	285144	Deletion	3246
2L	288390	288443	Deletion	53
2L	288390	288507	Deletion	117
2L	288390	288470	Deletion	80
2L	301570	301683	Deletion	113
2L	301585	301683	Deletion	98
2L	301599	301683	Deletion	84
2L	301633	301683	Deletion	50
2L	301634	301683	Deletion	49
2L	305717	301683	Deletion	4034
2L	305717	305794	Deletion	77
2L	305717	305759	Deletion	42
2L	305717	305793	Deletion	76
2L	306261	306329	Deletion	68
2L	314375	306329	Deletion	8046
2L	314375	314496	Deletion	121
2L	314375	314434	Deletion	59
2L	314375	314483	Deletion	108
2L	314919	315012	Deletion	93
2L	314920	315012	Deletion	92
2L	314957	315012	Deletion	55
2L	314967	315012	Deletion	45
2L	314978	315012	Deletion	34
2L	325093	315012	Deletion	10081
2L	325093	325128	Deletion	35
2L	325093	325199	Deletion	106
2L	325093	325207	Deletion	114
2L	325093	325165	Deletion	72
2L	325093	325186	Deletion	93
2L	325093	325127	Deletion	34
2L	325338	325446	Deletion	108
2L	325341	325446	Deletion	105
2L	325584	325446	Deletion	138
2L	325584	325694	Deletion	110
2L	333077	333180	Deletion	103
2L	333089	333180	Deletion	91
2L	333111	333180	Deletion	69
2L	333112	333180	Deletion	68
2L	333117	333180	Deletion	63
2L	333140	333180	Deletion	40
2L	333143	333180	Deletion	37
2L	334523	333180	Deletion	1343
2L	334523	334627	Deletion	104
2L	334523	334582	Deletion	59
2L	334523	334587	Deletion	64
2L	334523	334559	Deletion	36
2L	334523	334622	Deletion	99
2L	334523	334613	Deletion	90
2L	334523	334610	Deletion	87
2L	336217	336321	Deletion	104
2L	336228	336321	Deletion	93
2L	336232	336321	Deletion	89
2L	336233	336321	Deletion	88
2L	336274	336321	Deletion	47
2L	336289	336321	Deletion	32
2L	343992	336321	Deletion	7671
2L	343992	344086	Deletion	94
2L	343992	344071	Deletion	79
2L	343992	344025	Deletion	33
2L	343992	344029	Deletion	37
2L	344140	344231	Deletion	91
2L	344153	344231	Deletion	78
2L	344154	344231	Deletion	77
2L	344163	344231	Deletion	68
2L	375558	375660	Deletion	102
2L	375562	375660	Deletion	98
2L	375574	375660	Deletion	86
2L	375575	375660	Deletion	85
2L	375579	375660	Deletion	81
2L	375597	375660	Deletion	63
2L	375602	375660	Deletion	58
2L	375717	375660	Deletion	57
2L	375717	375781	Deletion	64
2L	375717	375763	Deletion	46
2L	375717	375786	Deletion	69
2L	375717	375758	Deletion	41
2L	380670	380768	Deletion	98
2L	380693	380768	Deletion	75
2L	380726	380768	Deletion	42
2L	394862	380768	Deletion	14094
2L	394862	394914	Deletion	52
2L	394862	394947	Deletion	85
2L	394862	394965	Deletion	103
2L	394862	394978	Deletion	116
2L	428184	428287	Deletion	103
2L	428201	428287	Deletion	86
2L	428202	428287	Deletion	85
2L	428226	428287	Deletion	61
2L	428230	428287	Deletion	57
2L	428242	428287	Deletion	45
2L	430298	428287	Deletion	2011
2L	430298	430363	Deletion	65
2L	430298	430379	Deletion	81
2L	430298	430401	Deletion	103
2L	430298	430418	Deletion	120
2L	430298	430338	Deletion	40
2L	430298	430397	Deletion	99
2L	430298	430367	Deletion	69
2L	436452	436514	Deletion	62
2L	436458	436514	Deletion	56
2L	436460	436514	Deletion	54
2L	436709	436514	Deletion	195
2L	436709	436772	Deletion	63
2L	436709	436779	Deletion	70
2L	436709	436773	Deletion	64
2L	436709	436781	Deletion	72
2L	462424	462362	Deletion	62
2L	462424	462524	Deletion	100
2L	470217	470309	Deletion	92
2L	470223	470309	Deletion	86
2L	474822	470309	Deletion	4513
2L	474822	474857	Deletion	35
2L	474822	474940	Deletion	118
2L	474822	474939	Deletion	117
2L	474822	474931	Deletion	109
2L	506731	506816	Deletion	85
2L	506734	506816	Deletion	82
2L	506735	506816	Deletion	81
2L	506757	506816	Deletion	59
2L	506771	506816	Deletion	45
2L	506785	506816	Deletion	31
2L	507810	506816	Deletion	994
2L	507810	507854	Deletion	44
2L	507810	507905	Deletion	95
2L	507810	507855	Deletion	45
2L	507810	507877	Deletion	67
2L	507810	507851	Deletion	41
2L	507810	507928	Deletion	118
2L	507810	507891	Deletion	81
2L	513893	513936	Deletion	43
2L	516064	513936	Deletion	2128
2L	520343	520424	Deletion	81
2L	520370	520424	Deletion	54
2L	520377	520424	Deletion	47
2L	521809	520424	Deletion	1385
2L	521809	521929	Deletion	120
2L	521809	521915	Deletion	106
2L	521809	521854	Deletion	45
2L	521809	521845	Deletion	36
2L	521809	521881	Deletion	72
2L	537054	537100	Deletion	46
2L	537061	537100	Deletion	39
2L	537163	537100	Deletion	63
2L	537163	537250	Deletion	87
2L	537163	537222	Deletion	59
2L	557222	557304	Deletion	82
2L	557224	557304	Deletion	80
2L	557240	557304	Deletion	64
2L	560658	557304	Deletion	3354
2L	560658	560703	Deletion	45
2L	560658	560772	Deletion	114
2L	560658	560721	Deletion	63
2L	560658	560774	Deletion	116
2L	560658	560779	Deletion	121
2L	560658	560768	Deletion	110
2L	562145	562218	Deletion	73
2L	562150	562218	Deletion	68
2L	562154	562218	Deletion	64
2L	562160	562218	Deletion	58
2L	562174	562218	Deletion	44
2L	567317	562218	Deletion	5099
2L	567317	567425	Deletion	108
2L	567317	567387	Deletion	70
2L	567317	567372	Deletion	55
2L	567317	567433	Deletion	116
2L	567317	567377	Deletion	60
2L	567317	567436	Deletion	119
2L	567317	567381	Deletion	64
2L	567317	567401	Deletion	84
2L	567317	567370	Deletion	53
2L	575051	575134	Deletion	83
2L	575074	575134	Deletion	60
2L	575075	575134	Deletion	59
2L	575079	575134	Deletion	55
2L	575102	575134	Deletion	32
2L	575578	575134	Deletion	444
2L	575578	575622	Deletion	44
2L	575578	575646	Deletion	68
2L	575578	575673	Deletion	95
2L	575578	575645	Deletion	67
2L	575578	575680	Deletion	102
2L	576327	576429	Deletion	102
2L	576344	576429	Deletion	85
2L	576356	576429	Deletion	73
2L	576396	576429	Deletion	33
2L	580298	576429	Deletion	3869
2L	580298	580404	Deletion	106
2L	580298	580408	Deletion	110
2L	580298	580352	Deletion	54
2L	580298	580340	Deletion	42
2L	580298	580392	Deletion	94
2L	580298	580419	Deletion	121
2L	580875	580984	Deletion	109
2L	580877	580984	Deletion	107
2L	580879	580984	Deletion	105
2L	580901	580984	Deletion	83
2L	580950	580984	Deletion	34
2L	580953	580984	Deletion	31
2L	582761	580984	Deletion	1777
2L	582761	582875	Deletion	114
2L	582761	582856	Deletion	95
2L	582761	582853	Deletion	92
2L	586357	586471	Deletion	114
2L	586392	586471	Deletion	79
2L	586393	586471	Deletion	78
2L	586407	586471	Deletion	64
2L	586426	586471	Deletion	45
2L	586438	586471	Deletion	33
2L	586441	586471	Deletion	30
2L	586539	586471	Deletion	68
2L	586539	586601	Deletion	62
2L	586539	586635	Deletion	96
2L	586539	586632	Deletion	93
2L	586539	586586	Deletion	47
2L	586539	586636	Deletion	97
2L	586539	586587	Deletion	48
2L	586539	586620	Deletion	81
2L	600221	600300	Deletion	79
2L	600231	600300	Deletion	69
2L	600236	600300	Deletion	64
2L	600243	600300	Deletion	57
2L	604808	600300	Deletion	4508
2L	604808	604877	Deletion	69
2L	604808	604856	Deletion	48
2L	604808	604924	Deletion	116
2L	604808	604870	Deletion	62
2L	685355	685465	Deletion	110
2L	685429	685465	Deletion	36
2L	686332	686423	Deletion	91
2L	686332	686454	Deletion	122
2L	711511	711609	Deletion	98
2L	711511	711565	Deletion	54
2L	711511	711615	Deletion	104
2L	711511	711612	Deletion	101
2L	715133	715180	Deletion	47
2L	715141	715180	Deletion	39
2L	722118	715180	Deletion	6938
2L	722118	722182	Deletion	64
2L	722118	722237	Deletion	119
2L	722118	722223	Deletion	105
2L	722118	722235	Deletion	117
2L	722118	722198	Deletion	80
2L	733980	734068	Deletion	88
2L	733991	734068	Deletion	77
2L	734013	734068	Deletion	55
2L	734168	734068	Deletion	100
2L	734168	734285	Deletion	117
2L	734168	734270	Deletion	102
2L	734168	734239	Deletion	71
2L	734168	734273	Deletion	105
2L	734168	734217	Deletion	49
2L	734168	734271	Deletion	103
2L	765997	766092	Deletion	95
2L	766010	766092	Deletion	82
2L	766027	766092	Deletion	65
2L	775268	775299	Deletion	31
2L	775268	775374	Deletion	106
2L	775268	775329	Deletion	61
2L	792797	792876	Deletion	79
2L	792820	792876	Deletion	56
2L	792829	792876	Deletion	47
2L	796283	792876	Deletion	3407
2L	796283	796393	Deletion	110
2L	796283	796380	Deletion	97
2L	796283	796362	Deletion	79
2L	796283	796353	Deletion	70
2L	801354	801450	Deletion	96
2L	801373	801450	Deletion	77
2L	801502	801532	Deletion	30
2L	818785	816746	Deletion	2039
2L	818785	818822	Deletion	37
2L	837927	837976	Deletion	49
2L	840175	837976	Deletion	2199
2L	840175	840254	Deletion	79
2L	845881	845967	Deletion	86
2L	845887	845967	Deletion	80
2L	845894	845967	Deletion	73
2L	845909	845967	Deletion	58
2L	845921	845967	Deletion	46
2L	845929	845967	Deletion	38
2L	845936	845967	Deletion	31
2L	846571	845967	Deletion	604
2L	846571	846626	Deletion	55
2L	846571	846601	Deletion	30
2L	846571	846692	Deletion	121
2L	846571	846681	Deletion	110
2L	846571	846653	Deletion	82
2L	846571	846619	Deletion	48
2L	846571	846613	Deletion	42
2L	846571	846641	Deletion	70
2L	846571	846661	Deletion	90
2L	846571	846668	Deletion	97
2L	847931	848025	Deletion	94
2L	847986	848025	Deletion	39
2L	848397	848025	Deletion	372
2L	848397	848487	Deletion	90
2L	848397	848432	Deletion	35
2L	865451	865488	Deletion	37
2L	865537	865488	Deletion	49
2L	865537	865627	Deletion	90
2L	919782	919896	Deletion	114
2L	919825	919896	Deletion	71
2L	919833	919896	Deletion	63
2L	919837	919896	Deletion	59
2L	920710	919896	Deletion	814
2L	920710	920777	Deletion	67
2L	920710	920832	Deletion	122
2L	920710	920773	Deletion	63
2L	945621	943285	Deletion	2336
2L	959592	959659	Deletion	67
2L	959610	959659	Deletion	49
2L	959628	959659	Deletion	31
2L	962433	959659	Deletion	2774
2L	962433	962528	Deletion	95
2L	962433	962492	Deletion	59
2L	962433	962467	Deletion	34
2L	962433	962541	Deletion	108
2L	974565	974669	Deletion	104
2L	974570	974669	Deletion	99
2L	974580	974669	Deletion	89
2L	974603	974669	Deletion	66
2L	974608	974669	Deletion	61
2L	974610	974669	Deletion	59
2L	974622	974669	Deletion	47
2L	974639	974669	Deletion	30
2L	1014829	1014946	Deletion	117
2L	1014829	1014933	Deletion	104
2L	1014829	1014896	Deletion	67
2L	1014829	1014925	Deletion	96
2L	1014829	1014926	Deletion	97
2L	1014829	1014904	Deletion	75
2L	1020244	1020308	Deletion	64
2L	1020262	1020308	Deletion	46
2L	1020270	1020308	Deletion	38
2L	1020272	1020308	Deletion	36
2L	1020728	1020308	Deletion	420
2L	1020728	1020819	Deletion	91
2L	1020728	1020791	Deletion	63
2L	1020728	1020817	Deletion	89
2L	1029109	1029225	Deletion	116
2L	1029116	1029225	Deletion	109
2L	1029119	1029225	Deletion	106
2L	1029137	1029225	Deletion	88
2L	1029147	1029225	Deletion	78
2L	1029150	1029225	Deletion	75
2L	1029167	1029225	Deletion	58
2L	1029182	1029225	Deletion	43
2L	1029188	1029225	Deletion	37
2L	1035517	1029225	Deletion	6292
2L	1035517	1035600	Deletion	83
2L	1035517	1035555	Deletion	38
2L	1035517	1035585	Deletion	68
2L	1035517	1035631	Deletion	114
2L	1035517	1035568	Deletion	51
2L	1035517	1035606	Deletion	89
2L	1043196	1043314	Deletion	118
2L	1043209	1043314	Deletion	105
2L	1043219	1043314	Deletion	95
2L	1043221	1043314	Deletion	93
2L	1043238	1043314	Deletion	76
2L	1043240	1043314	Deletion	74
2L	1043280	1043314	Deletion	34
2L	1043419	1043314	Deletion	105
2L	1043419	1043471	Deletion	52
2L	1043419	1043511	Deletion	92
2L	1043419	1043469	Deletion	50
2L	1043419	1043450	Deletion	31
2L	1043419	1043516	Deletion	97
2L	1043419	1043542	Deletion	123
2L	1062891	1063006	Deletion	115
2L	1062918	1063006	Deletion	88
2L	1062953	1063006	Deletion	53
2L	1065497	1063006	Deletion	2491
2L	1065497	1065537	Deletion	40
2L	1065497	1065572	Deletion	75
2L	1103681	1103772	Deletion	91
2L	1103689	1103772	Deletion	83
2L	1103715	1103772	Deletion	57
2L	1103729	1103772	Deletion	43
2L	1103871	1103772	Deletion	99
2L	1103871	1103906	Deletion	35
2L	1103871	1103979	Deletion	108
2L	1103871	1103985	Deletion	114
2L	1103871	1103940	Deletion	69
2L	1103871	1103954	Deletion	83
2L	1103871	1103989	Deletion	118
2L	1107969	1108042	Deletion	73
2L	1107997	1108042	Deletion	45
2L	1108008	1108042	Deletion	34
2L	1109517	1108042	Deletion	1475
2L	1109517	1109616	Deletion	99
2L	1109517	1109598	Deletion	81
2L	1109517	1109561	Deletion	44
2L	1109517	1109570	Deletion	53
2L	1183271	1183356	Deletion	85
2L	1183280	1183356	Deletion	76
2L	1183307	1183356	Deletion	49
2L	1190970	1183356	Deletion	7614
2L	1190970	1191020	Deletion	50
2L	1190970	1191047	Deletion	77
2L	1215922	1216031	Deletion	109
2L	1215974	1216031	Deletion	57
2L	1215980	1216031	Deletion	51
2L	1215995	1216031	Deletion	36
2L	1216615	1216031	Deletion	584
2L	1216615	1216728	Deletion	113
2L	1216615	1216707	Deletion	92
2L	1216615	1216692	Deletion	77
2L	1216615	1216719	Deletion	104
2L	1228421	1228530	Deletion	109
2L	1228431	1228530	Deletion	99
2L	1228475	1228530	Deletion	55
2L	1228484	1228530	Deletion	46
2L	1228497	1228530	Deletion	33
2L	1228752	1228530	Deletion	222
2L	1228752	1228845	Deletion	93
2L	1228752	1228823	Deletion	71
2L	1228868	1228932	Deletion	64
2L	1228870	1228932	Deletion	62
2L	1228898	1228932	Deletion	34
2L	1232005	1228932	Deletion	3073
2L	1232005	1232069	Deletion	64
2L	1232005	1232097	Deletion	92
2L	1232005	1232123	Deletion	118
2L	1232005	1232114	Deletion	109
2L	1233823	1233894	Deletion	71
2L	1233835	1233894	Deletion	59
2L	1233846	1233894	Deletion	48
2L	1238286	1233894	Deletion	4392
2L	1238286	1238355	Deletion	69
2L	1238286	1238366	Deletion	80
2L	1238286	1238343	Deletion	57
2L	1240967	1241052	Deletion	85
2L	1240971	1241052	Deletion	81
2L	1240989	1241052	Deletion	63
2L	1240994	1241052	Deletion	58
2L	1241020	1241052	Deletion	32
2L	1244016	1241052	Deletion	2964
2L	1244016	1244084	Deletion	68
2L	1244016	1244079	Deletion	63
2L	1244016	1244120	Deletion	104
2L	1244016	1244116	Deletion	100
2L	1244016	1244061	Deletion	45
2L	1244016	1244057	Deletion	41
2L	1250803	1250889	Deletion	86
2L	1250828	1250889	Deletion	61
2L	1250844	1250889	Deletion	45
2L	1253916	1250889	Deletion	3027
2L	1253916	1253956	Deletion	40
2L	1253916	1253981	Deletion	65
2L	1266927	1267040	Deletion	113
2L	1266953	1267040	Deletion	87
2L	1267002	1267040	Deletion	38
2L	1267090	1267201	Deletion	111
2L	1267090	1267174	Deletion	84
2L	1267090	1267178	Deletion	88
2L	1267090	1267129	Deletion	39
2L	1283620	1283701	Deletion	81
2L	1283624	1283701	Deletion	77
2L	1283630	1283701	Deletion	71
2L	1283643	1283701	Deletion	58
2L	1283650	1283701	Deletion	51
2L	1283671	1283701	Deletion	30
2L	1284500	1283701	Deletion	799
2L	1284500	1284549	Deletion	49
2L	1284500	1284596	Deletion	96
2L	1284500	1284545	Deletion	45
2L	1284500	1284575	Deletion	75
2L	1284500	1284601	Deletion	101
2L	1284500	1284540	Deletion	40
2L	1284500	1284555	Deletion	55
2L	1318943	1319017	Deletion	74
2L	1318977	1319017	Deletion	40
2L	1318980	1319017	Deletion	37
2L	1318983	1319017	Deletion	34
2L	1319108	1319017	Deletion	91
2L	1319108	1319200	Deletion	92
2L	1319108	1319194	Deletion	86
2L	1319108	1319197	Deletion	89
2L	1330362	1330429	Deletion	67
2L	1330386	1330429	Deletion	43
2L	1330397	1330429	Deletion	32
2L	1332378	1330429	Deletion	1949
2L	1332378	1332499	Deletion	121
2L	1332378	1332472	Deletion	94
2L	1332378	1332436	Deletion	58
2L	1332378	1332482	Deletion	104
2L	1332378	1332437	Deletion	59
2L	1338635	1338744	Deletion	109
2L	1338662	1338744	Deletion	82
2L	1338695	1338744	Deletion	49
2L	1338697	1338744	Deletion	47
2L	1351989	1338744	Deletion	13245
2L	1351989	1352033	Deletion	44
2L	1351989	1352097	Deletion	108
2L	1351989	1352068	Deletion	79
2L	1351989	1352099	Deletion	110
2L	1351989	1352108	Deletion	119
2L	1362401	1362474	Deletion	73
2L	1362403	1362474	Deletion	71
2L	1362404	1362474	Deletion	70
2L	1362408	1362474	Deletion	66
2L	1362551	1362474	Deletion	77
2L	1362551	1362599	Deletion	48
2L	1362551	1362606	Deletion	55
2L	1362551	1362604	Deletion	53
2L	1362551	1362611	Deletion	60
2L	1377478	1377587	Deletion	109
2L	1377481	1377587	Deletion	106
2L	1377503	1377587	Deletion	84
2L	1377508	1377587	Deletion	79
2L	1377548	1377587	Deletion	39
2L	1379120	1377587	Deletion	1533
2L	1379120	1379242	Deletion	122
2L	1379120	1379168	Deletion	48
2L	1379120	1379163	Deletion	43
2L	1380270	1380360	Deletion	90
2L	1380279	1380360	Deletion	81
2L	1380290	1380360	Deletion	70
2L	1380291	1380360	Deletion	69
2L	1380604	1380360	Deletion	244
2L	1380604	1380650	Deletion	46
2L	1380604	1380676	Deletion	72
2L	1380604	1380662	Deletion	58
2L	1380604	1380661	Deletion	57
2L	1380621	1380641	Deletion	20
2L	1381420	1380676	Deletion	744
2L	1381420	1381465	Deletion	45
2L	1397490	1397590	Deletion	100
2L	1397539	1397590	Deletion	51
2L	1397546	1397590	Deletion	44
2L	1427941	1397590	Deletion	30351
2L	1427941	1428016	Deletion	75
2L	1427941	1428049	Deletion	108
2L	1504533	1504626	Deletion	93
2L	1504539	1504626	Deletion	87
2L	1504541	1504626	Deletion	85
2L	1504545	1504626	Deletion	81
2L	1504588	1504626	Deletion	38
2L	1504590	1504626	Deletion	36
2L	1504596	1504626	Deletion	30
2L	1526658	1504626	Deletion	22032
2L	1526658	1526738	Deletion	80
2L	1526658	1526732	Deletion	74
2L	1526851	1526937	Deletion	86
2L	1526853	1526937	Deletion	84
2L	1526907	1526937	Deletion	30
2L	1528871	1526937	Deletion	1934
2L	1528871	1528995	Deletion	124
2L	1528871	1528913	Deletion	42
2L	1528871	1528967	Deletion	96
2L	1529209	1529313	Deletion	104
2L	1529232	1529313	Deletion	81
2L	1529277	1529313	Deletion	36
2L	1529374	1529422	Deletion	48
2L	1535120	1535182	Deletion	62
2L	1535123	1535182	Deletion	59
2L	1535143	1535182	Deletion	39
2L	1537277	1535182	Deletion	2095
2L	1537277	1537346	Deletion	69
2L	1537277	1537318	Deletion	41
2L	1537277	1537396	Deletion	119
2L	1537277	1537343	Deletion	66
2L	1549842	1549734	Deletion	108
2L	1549842	1549966	Deletion	124
2L	1554580	1554652	Deletion	72
2L	1554586	1554652	Deletion	66
2L	1556110	1554652	Deletion	1458
2L	1556110	1556173	Deletion	63
2L	1556110	1556165	Deletion	55
2L	1556208	1556307	Deletion	99
2L	1556243	1556307	Deletion	64
2L	1566637	1566744	Deletion	107
2L	1566647	1566744	Deletion	97
2L	1566665	1566744	Deletion	79
2L	1566696	1566744	Deletion	48
2L	1566953	1566744	Deletion	209
2L	1566953	1567032	Deletion	79
2L	1566953	1567001	Deletion	48
2L	1585460	1585583	Deletion	123
2L	1585486	1585583	Deletion	97
2L	1585521	1585583	Deletion	62
2L	1585540	1585583	Deletion	43
2L	1585545	1585583	Deletion	38
2L	1585553	1585583	Deletion	30
2L	1589938	1585583	Deletion	4355
2L	1589938	1590049	Deletion	111
2L	1589938	1589970	Deletion	32
2L	1589938	1590024	Deletion	86
2L	1589938	1590045	Deletion	107
2L	1589938	1590005	Deletion	67
2L	1589938	1590059	Deletion	121
2L	1589938	1590037	Deletion	99
2L	1589938	1590029	Deletion	91
2L	1592329	1592392	Deletion	63
2L	1597548	1592392	Deletion	5156
2L	1597551	1597611	Deletion	60
2L	1610914	1611028	Deletion	114
2L	1610989	1611028	Deletion	39
2L	1610990	1611028	Deletion	38
2L	1610991	1611028	Deletion	37
2L	1617805	1611028	Deletion	6777
2L	1617807	1617838	Deletion	31
2L	1617808	1617838	Deletion	30
2L	1618509	1617838	Deletion	671
2L	1618509	1618563	Deletion	54
2L	1618509	1618565	Deletion	56
2L	1618509	1618621	Deletion	112
2L	1618509	1618604	Deletion	95
2L	1618509	1618564	Deletion	55
2L	1618509	1618594	Deletion	85
2L	1618509	1618608	Deletion	99
2L	1618509	1618605	Deletion	96
2L	1618509	1618633	Deletion	124
2L	1619368	1619479	Deletion	111
2L	1619391	1619479	Deletion	88
2L	1619392	1619479	Deletion	87
2L	1619419	1619479	Deletion	60
2L	1621419	1619479	Deletion	1940
2L	1621419	1621487	Deletion	68
2L	1621419	1621459	Deletion	40
2L	1637333	1637412	Deletion	79
2L	1637358	1637412	Deletion	54
2L	1637466	1637412	Deletion	54
2L	1637466	1637513	Deletion	47
2L	1637466	1637538	Deletion	72
2L	1639514	1639626	Deletion	112
2L	1639561	1639626	Deletion	65
2L	1639701	1639626	Deletion	75
2L	1639701	1639809	Deletion	108
2L	1639849	1639937	Deletion	88
2L	1639858	1639937	Deletion	79
2L	1639886	1639937	Deletion	51
2L	1639906	1639937	Deletion	31
2L	1640160	1639937	Deletion	223
2L	1640160	1640261	Deletion	101
2L	1640160	1640268	Deletion	108
2L	1640160	1640198	Deletion	38
2L	1640160	1640235	Deletion	75
2L	1640160	1640263	Deletion	103
2L	1640160	1640276	Deletion	116
2L	1640160	1640255	Deletion	95
2L	1644923	1645036	Deletion	113
2L	1644928	1645036	Deletion	108
2L	1652597	1652633	Deletion	36
2L	1653096	1652633	Deletion	463
2L	1653096	1653212	Deletion	116
2L	1653096	1653188	Deletion	92
2L	1676951	1677055	Deletion	104
2L	1676988	1677055	Deletion	67
2L	1677013	1677055	Deletion	42
2L	1677643	1677055	Deletion	588
2L	1677643	1677729	Deletion	86
2L	1677643	1677763	Deletion	120
2L	1690457	1690562	Deletion	105
2L	1690529	1690562	Deletion	33
2L	1690617	1690562	Deletion	55
2L	1690617	1690710	Deletion	93
2L	1690617	1690728	Deletion	111
2L	1716806	1716888	Deletion	82
2L	1716808	1716888	Deletion	80
2L	1716833	1716888	Deletion	55
2L	1716855	1716888	Deletion	33
2L	1718438	1716888	Deletion	1550
2L	1718438	1718511	Deletion	73
2L	1718438	1718486	Deletion	48
2L	1718438	1718484	Deletion	46
2L	1718438	1718533	Deletion	95
2L	1721880	1721995	Deletion	115
2L	1721932	1721995	Deletion	63
2L	1721952	1721995	Deletion	43
2L	1722191	1721995	Deletion	196
2L	1722191	1722275	Deletion	84
2L	1722191	1722310	Deletion	119
2L	1722191	1722311	Deletion	120
2L	1722191	1722293	Deletion	102
2L	1722191	1722255	Deletion	64
2L	1737622	1737678	Deletion	56
2L	1737634	1737678	Deletion	44
2L	1737644	1737678	Deletion	34
2L	1737769	1737678	Deletion	91
2L	1737769	1737840	Deletion	71
2L	1737769	1737852	Deletion	83
2L	1744172	1744237	Deletion	65
2L	1744182	1744237	Deletion	55
2L	1744183	1744237	Deletion	54
2L	1744189	1744237	Deletion	48
2L	1744859	1744237	Deletion	622
2L	1744859	1744937	Deletion	78
2L	1744859	1744898	Deletion	39
2L	1744859	1744959	Deletion	100
2L	1744859	1744920	Deletion	61
2L	1744859	1744930	Deletion	71
2L	1746491	1746577	Deletion	86
2L	1746495	1746577	Deletion	82
2L	1746505	1746577	Deletion	72
2L	1746516	1746577	Deletion	61
2L	1746525	1746577	Deletion	52
2L	1746533	1746577	Deletion	44
2L	1747429	1746577	Deletion	852
2L	1747429	1747483	Deletion	54
2L	1747429	1747503	Deletion	74
2L	1747429	1747473	Deletion	44
2L	1747429	1747511	Deletion	82
2L	1747429	1747469	Deletion	40
2L	1747429	1747494	Deletion	65
2L	1747429	1747543	Deletion	114
2L	1780689	1780639	Deletion	50
2L	1780689	1780804	Deletion	115
2L	1780689	1780788	Deletion	99
2L	1796322	1796421	Deletion	99
2L	1796358	1796421	Deletion	63
2L	1796361	1796421	Deletion	60
2L	1797870	1797933	Deletion	63
2L	1797870	1797936	Deletion	66
2L	1838413	1838479	Deletion	66
2L	1838416	1838479	Deletion	63
2L	1838422	1838479	Deletion	57
2L	1838430	1838479	Deletion	49
2L	1844603	1838479	Deletion	6124
2L	1844603	1844656	Deletion	53
2L	1844603	1844681	Deletion	78
2L	1844603	1844664	Deletion	61
2L	1844603	1844673	Deletion	70
2L	1846470	1846565	Deletion	95
2L	1846482	1846565	Deletion	83
2L	1846492	1846565	Deletion	73
2L	1846502	1846565	Deletion	63
2L	1846503	1846565	Deletion	62
2L	1846770	1846565	Deletion	205
2L	1846770	1846833	Deletion	63
2L	1846770	1846834	Deletion	64
2L	1846770	1846886	Deletion	116
2L	1846770	1846823	Deletion	53
2L	1846770	1846801	Deletion	31
2L	1872283	1872369	Deletion	86
2L	1872285	1872369	Deletion	84
2L	1872286	1872369	Deletion	83
2L	1872338	1872369	Deletion	31
2L	1880875	1872369	Deletion	8506
2L	1880875	1880918	Deletion	43
2L	1880875	1880971	Deletion	96
2L	1880875	1880919	Deletion	44
2L	1880875	1880916	Deletion	41
2L	1885036	1885111	Deletion	75
2L	1885775	1885111	Deletion	664
2L	1885775	1885873	Deletion	98
2L	1895895	1895952	Deletion	57
2L	1895906	1895952	Deletion	46
2L	1896011	1896058	Deletion	47
2L	1896011	1896114	Deletion	103
2L	1896011	1896047	Deletion	36
2L	1899744	1899836	Deletion	92
2L	1899895	1899987	Deletion	92
2L	1899895	1899929	Deletion	34
2L	1899895	1899975	Deletion	80
2L	1906101	1906192	Deletion	91
2L	1906112	1906192	Deletion	80
2L	1906117	1906192	Deletion	75
2L	1906120	1906192	Deletion	72
2L	1906135	1906192	Deletion	57
2L	1906435	1906481	Deletion	46
2L	1906435	1906538	Deletion	103
2L	1906435	1906504	Deletion	69
2L	1906435	1906486	Deletion	51
2L	1906435	1906489	Deletion	54
2L	1908618	1908714	Deletion	96
2L	1908642	1908714	Deletion	72
2L	1908671	1908714	Deletion	43
2L	1909234	1908714	Deletion	520
2L	1909234	1909317	Deletion	83
2L	1909234	1909288	Deletion	54
2L	1909234	1909341	Deletion	107
2L	1925419	1925540	Deletion	121
2L	1925433	1925540	Deletion	107
2L	1925446	1925540	Deletion	94
2L	1925477	1925540	Deletion	63
2L	1925499	1925540	Deletion	41
2L	1927207	1925540	Deletion	1667
2L	1927207	1927323	Deletion	116
2L	1927207	1927311	Deletion	104
2L	1927207	1927242	Deletion	35
2L	1927207	1927295	Deletion	88
2L	1938844	1938947	Deletion	103
2L	1938850	1938947	Deletion	97
2L	1938897	1938947	Deletion	50
2L	1938909	1938947	Deletion	38
2L	1939856	1938947	Deletion	909
2L	1939856	1939946	Deletion	90
2L	1939856	1939934	Deletion	78
2L	1939856	1939966	Deletion	110
2L	1939856	1939958	Deletion	102
2L	1941203	1941302	Deletion	99
2L	1941209	1941302	Deletion	93
2L	1941229	1941302	Deletion	73
2L	1941234	1941302	Deletion	68
2L	1941250	1941302	Deletion	52
2L	1941255	1941302	Deletion	47
2L	1941271	1941302	Deletion	31
2L	1944946	1941302	Deletion	3644
2L	1944946	1944980	Deletion	34
2L	1944946	1945021	Deletion	75
2L	1944946	1945042	Deletion	96
2L	1944946	1945005	Deletion	59
2L	1944946	1945000	Deletion	54
2L	1944946	1945046	Deletion	100
2L	1944946	1945051	Deletion	105
2L	1948298	1948397	Deletion	99
2L	1948359	1948397	Deletion	38
2L	1951347	1948397	Deletion	2950
2L	1951347	1951465	Deletion	118
2L	1951347	1951436	Deletion	89
2L	1953069	1953156	Deletion	87
2L	1953075	1953156	Deletion	81
2L	1953094	1953156	Deletion	62
2L	1953098	1953156	Deletion	58
2L	1955226	1953156	Deletion	2070
2L	1955226	1955265	Deletion	39
2L	1955226	1955327	Deletion	101
2L	1955226	1955271	Deletion	45
2L	1955226	1955290	Deletion	64
2L	1960289	1960380	Deletion	91
2L	1960293	1960380	Deletion	87
2L	1960325	1960380	Deletion	55
2L	1963187	1960380	Deletion	2807
2L	1963187	1963308	Deletion	121
2L	1963187	1963258	Deletion	71
2L	1963187	1963287	Deletion	100
2L	1963187	1963226	Deletion	39
2L	1966704	1966761	Deletion	57
2L	1966841	1966761	Deletion	80
2L	1966841	1966947	Deletion	106
2L	1966841	1966963	Deletion	122
2L	1966841	1966958	Deletion	117
2L	1966841	1966910	Deletion	69
2L	1992172	1992214	Deletion	42
2L	1992179	1992214	Deletion	35
2L	2002148	1992214	Deletion	9934
2L	2002148	2002232	Deletion	84
2L	2002148	2002272	Deletion	124
2L	2002148	2002248	Deletion	100
2L	2002148	2002250	Deletion	102
2L	2002259	2002360	Deletion	101
2L	2002282	2002360	Deletion	78
2L	2002288	2002360	Deletion	72
2L	2002304	2002360	Deletion	56
2L	2002314	2002360	Deletion	46
2L	2008892	2002360	Deletion	6532
2L	2008892	2008973	Deletion	81
2L	2008892	2008963	Deletion	71
2L	2008892	2008947	Deletion	55
2L	2008892	2009003	Deletion	111
2L	2008892	2008941	Deletion	49
2L	2010143	2010231	Deletion	88
2L	2010194	2010231	Deletion	37
2L	2011155	2010231	Deletion	924
2L	2011155	2011244	Deletion	89
2L	2011155	2011270	Deletion	115
2L	2011155	2011277	Deletion	122
2L	2016677	2016784	Deletion	107
2L	2016735	2016784	Deletion	49
2L	2016743	2016784	Deletion	41
2L	2016847	2016784	Deletion	63
2L	2016847	2016932	Deletion	85
2L	2016850	2016924	Deletion	74
2L	2032287	2032392	Deletion	105
2L	2032288	2032392	Deletion	104
2L	2032294	2032392	Deletion	98
2L	2032321	2032392	Deletion	71
2L	2032342	2032392	Deletion	50
2L	2032354	2032392	Deletion	38
2L	2032360	2032392	Deletion	32
2L	2032361	2032392	Deletion	31
2L	2038909	2032392	Deletion	6517
2L	2038909	2039013	Deletion	104
2L	2038909	2038965	Deletion	56
2L	2038909	2038986	Deletion	77
2L	2038909	2038999	Deletion	90
2L	2038909	2039004	Deletion	95
2L	2038909	2039018	Deletion	109
2L	2038909	2039005	Deletion	96
2L	2048346	2048428	Deletion	82
2L	2048375	2048428	Deletion	53
2L	2048394	2048428	Deletion	34
2L	2057614	2048428	Deletion	9186
2L	2057614	2057711	Deletion	97
2L	2057614	2057692	Deletion	78
2L	2057614	2057657	Deletion	43
2L	2057614	2057726	Deletion	112
2L	2068669	2068746	Deletion	77
2L	2068672	2068746	Deletion	74
2L	2068693	2068746	Deletion	53
2L	2068714	2068746	Deletion	32
2L	2069968	2068746	Deletion	1222
2L	2069968	2070043	Deletion	75
2L	2069968	2070064	Deletion	96
2L	2069968	2070022	Deletion	54
2L	2069968	2070019	Deletion	51
2L	2077891	2077980	Deletion	89
2L	2077901	2077980	Deletion	79
2L	2077911	2077980	Deletion	69
2L	2077942	2077980	Deletion	38
2L	2078944	2077980	Deletion	964
2L	2078944	2079001	Deletion	57
2L	2078944	2079043	Deletion	99
2L	2078944	2078991	Deletion	47
2L	2078944	2079057	Deletion	113
2L	2078944	2078981	Deletion	37
2L	2078944	2079062	Deletion	118
2L	2078944	2079032	Deletion	88
2L	2084514	2084625	Deletion	111
2L	2084529	2084625	Deletion	96
2L	2084554	2084625	Deletion	71
2L	2084560	2084625	Deletion	65
2L	2084567	2084625	Deletion	58
2L	2084579	2084625	Deletion	46
2L	2084580	2084625	Deletion	45
2L	2084591	2084625	Deletion	34
2L	2085313	2084625	Deletion	688
2L	2085313	2085405	Deletion	92
2L	2085313	2085368	Deletion	55
2L	2085313	2085394	Deletion	81
2L	2085313	2085374	Deletion	61
2L	2085313	2085412	Deletion	99
2L	2085313	2085393	Deletion	80
2L	2085313	2085381	Deletion	68
2L	2085313	2085343	Deletion	30
2L	2091884	2091933	Deletion	49
2L	2092361	2091933	Deletion	428
2L	2092361	2092484	Deletion	123
2L	2092361	2092481	Deletion	120
2L	2092361	2092416	Deletion	55
2L	2092361	2092439	Deletion	78
2L	2092361	2092473	Deletion	112
2L	2094536	2094646	Deletion	110
2L	2094537	2094642	Deletion	105
2L	2094546	2094646	Deletion	100
2L	2094550	2094646	Deletion	96
2L	2094563	2094646	Deletion	83
2L	2094586	2094646	Deletion	60
2L	2094594	2094646	Deletion	52
2L	2094601	2094646	Deletion	45
2L	2094605	2094646	Deletion	41
2L	2094609	2094646	Deletion	37
2L	2096240	2094646	Deletion	1594
2L	2096240	2096314	Deletion	74
2L	2096240	2096325	Deletion	85
2L	2096240	2096321	Deletion	81
2L	2096240	2096270	Deletion	30
2L	2096240	2096341	Deletion	101
2L	2096240	2096283	Deletion	43
2L	2096240	2096306	Deletion	66
2L	2110778	2110889	Deletion	111
2L	2110786	2110889	Deletion	103
2L	2110800	2110889	Deletion	89
2L	2110803	2110889	Deletion	86
2L	2110811	2110889	Deletion	78
2L	2110829	2110889	Deletion	60
2L	2110837	2110889	Deletion	52
2L	2113973	2114056	Deletion	83
2L	2130591	2130680	Deletion	89
2L	2130595	2130680	Deletion	85
2L	2130603	2130680	Deletion	77
2L	2130643	2130680	Deletion	37
2L	2131673	2130680	Deletion	993
2L	2131673	2131714	Deletion	41
2L	2131673	2131770	Deletion	97
2L	2131673	2131783	Deletion	110
2L	2131673	2131710	Deletion	37
2L	2131673	2131762	Deletion	89
2L	2131673	2131722	Deletion	49
2L	2132166	2132276	Deletion	110
2L	2132172	2132276	Deletion	104
2L	2132187	2132276	Deletion	89
2L	2132204	2132276	Deletion	72
2L	2132215	2132276	Deletion	61
2L	2132237	2132276	Deletion	39
2L	2139797	2132276	Deletion	7521
2L	2139797	2139885	Deletion	88
2L	2139797	2139863	Deletion	66
2L	2139797	2139852	Deletion	55
2L	2148070	2148154	Deletion	84
2L	2148093	2148154	Deletion	61
2L	2148307	2148411	Deletion	104
2L	2148307	2148373	Deletion	66
2L	2150473	2150589	Deletion	116
2L	2150476	2150589	Deletion	113
2L	2150482	2150589	Deletion	107
2L	2150483	2150589	Deletion	106
2L	2150521	2150589	Deletion	68
2L	2150529	2150589	Deletion	60
2L	2150535	2150589	Deletion	54
2L	2150559	2150589	Deletion	30
2L	2151002	2151098	Deletion	96
2L	2151002	2151068	Deletion	66
2L	2151002	2151060	Deletion	58
2L	2157850	2157950	Deletion	100
2L	2157862	2157950	Deletion	88
2L	2157863	2157950	Deletion	87
2L	2157912	2157950	Deletion	38
2L	2175641	2157950	Deletion	17691
2L	2175641	2175681	Deletion	40
2L	2175641	2175756	Deletion	115
2L	2175641	2175730	Deletion	89
2L	2179065	2179104	Deletion	39
2L	2190832	2179104	Deletion	11728
2L	2190832	2190876	Deletion	44
2L	2190832	2190920	Deletion	88
2L	2190832	2190932	Deletion	100
2L	2210958	2211031	Deletion	73
2L	2210968	2211031	Deletion	63
2L	2210973	2211031	Deletion	58
2L	2221966	2211031	Deletion	10935
2L	2221966	2222029	Deletion	63
2L	2221966	2222077	Deletion	111
2L	2221966	2221998	Deletion	32
2L	2221966	2222019	Deletion	53
2L	2221966	2222034	Deletion	68
2L	2221968	2222064	Deletion	96
2L	2226485	2226602	Deletion	117
2L	2226488	2226602	Deletion	114
2L	2226501	2226602	Deletion	101
2L	2270394	2270469	Deletion	75
2L	2270641	2270469	Deletion	172
2L	2270641	2270678	Deletion	37
2L	2273174	2273217	Deletion	43
2L	2273782	2273217	Deletion	565
2L	2273782	2273856	Deletion	74
2L	2280722	2280814	Deletion	92
2L	2280725	2280814	Deletion	89
2L	2280727	2280814	Deletion	87
2L	2280734	2280814	Deletion	80
2L	2280742	2280814	Deletion	72
2L	2285159	2285205	Deletion	46
2L	2285159	2285193	Deletion	34
2L	2285159	2285277	Deletion	118
2L	2285159	2285196	Deletion	37
2L	2285159	2285256	Deletion	97
2L	2285159	2285213	Deletion	54
2L	2285159	2285190	Deletion	31
2L	2323790	2323905	Deletion	115
2L	2323824	2323905	Deletion	81
2L	2323862	2323905	Deletion	43
2L	2329388	2329473	Deletion	85
2L	2329388	2329495	Deletion	107
2L	2329388	2329491	Deletion	103
2L	2329388	2329435	Deletion	47
2L	2341082	2341143	Deletion	61
2L	2341092	2341143	Deletion	51
2L	2342645	2341143	Deletion	1502
2L	2342645	2342748	Deletion	103
2L	2342645	2342742	Deletion	97
2L	2342645	2342710	Deletion	65
2L	2342645	2342720	Deletion	75
2L	2348815	2348881	Deletion	66
2L	2348846	2348881	Deletion	35
2L	2349555	2348878	Deletion	677
2L	2349555	2349615	Deletion	60
2L	2349555	2349597	Deletion	42
2L	2349555	2349646	Deletion	91
2L	2362515	2362638	Deletion	123
2L	2362527	2362638	Deletion	111
2L	2362531	2362638	Deletion	107
2L	2362534	2362638	Deletion	104
2L	2362538	2362638	Deletion	100
2L	2362775	2362638	Deletion	137
2L	2362775	2362887	Deletion	112
2L	2373408	2373489	Deletion	81
2L	2373409	2373489	Deletion	80
2L	2373415	2373489	Deletion	74
2L	2373432	2373489	Deletion	57
2L	2373439	2373489	Deletion	50
2L	2379521	2373489	Deletion	6032
2L	2379521	2379567	Deletion	46
2L	2379521	2379598	Deletion	77
2L	2379521	2379574	Deletion	53
2L	2379521	2379644	Deletion	123
2L	2379521	2379568	Deletion	47
2L	2379521	2379591	Deletion	70
2L	2391271	2391392	Deletion	121
2L	2391285	2391392	Deletion	107
2L	2396154	2391392	Deletion	4762
2L	2396154	2396267	Deletion	113
2L	2396154	2396260	Deletion	106
2L	2400296	2400404	Deletion	108
2L	2400316	2400404	Deletion	88
2L	2400318	2400404	Deletion	86
2L	2400371	2400404	Deletion	33
2L	2400457	2400404	Deletion	53
2L	2400457	2400550	Deletion	93
2L	2400457	2400563	Deletion	106
2L	2400457	2400538	Deletion	81
2L	2400457	2400495	Deletion	38
2L	2402884	2402976	Deletion	92
2L	2402886	2402976	Deletion	90
2L	2402891	2402976	Deletion	85
2L	2402937	2402976	Deletion	39
2L	2408522	2408609	Deletion	87
2L	2408522	2408563	Deletion	41
2L	2408522	2408556	Deletion	34
2L	2409810	2409860	Deletion	50
2L	2409812	2409860	Deletion	48
2L	2409821	2409860	Deletion	39
2L	2409823	2409860	Deletion	37
2L	2414662	2409860	Deletion	4802
2L	2414662	2414749	Deletion	87
2L	2414662	2414766	Deletion	104
2L	2414662	2414780	Deletion	118
2L	2414662	2414738	Deletion	76
2L	2414662	2414740	Deletion	78
2L	2414662	2414704	Deletion	42
2L	2414662	2414781	Deletion	119
2L	2428958	2428904	Deletion	54
2L	2444989	2443759	Deletion	1230
2L	2444989	2445086	Deletion	97
2L	2444989	2445106	Deletion	117
2L	2447016	2447131	Deletion	115
2L	2447035	2447131	Deletion	96
2L	2447045	2447131	Deletion	86
2L	2447047	2447131	Deletion	84
2L	2447070	2447131	Deletion	61
2L	2447297	2447131	Deletion	166
2L	2447297	2447337	Deletion	40
2L	2447297	2447362	Deletion	65
2L	2447297	2447420	Deletion	123
2L	2447297	2447394	Deletion	97
2L	2447297	2447339	Deletion	42
2L	2447297	2447398	Deletion	101
2L	2470306	2470409	Deletion	103
2L	2470307	2470409	Deletion	102
2L	2470318	2470409	Deletion	91
2L	2470319	2470409	Deletion	90
2L	2470341	2470409	Deletion	68
2L	2470480	2470409	Deletion	71
2L	2470480	2470515	Deletion	35
2L	2470480	2470603	Deletion	123
2L	2470480	2470517	Deletion	37
2L	2470480	2470587	Deletion	107
2L	2477180	2477293	Deletion	113
2L	2477195	2477293	Deletion	98
2L	2477200	2477293	Deletion	93
2L	2477218	2477293	Deletion	75
2L	2477238	2477293	Deletion	55
2L	2477239	2477293	Deletion	54
2L	2484651	2477293	Deletion	7358
2L	2484651	2484685	Deletion	34
2L	2484651	2484723	Deletion	72
2L	2484651	2484758	Deletion	107
2L	2484651	2484703	Deletion	52
2L	2484917	2485006	Deletion	89
2L	2484959	2485006	Deletion	47
2L	2484961	2485006	Deletion	45
2L	2484965	2485006	Deletion	41
2L	2484975	2485006	Deletion	31
2L	2494369	2485006	Deletion	9363
2L	2494369	2494449	Deletion	80
2L	2494369	2494465	Deletion	96
2L	2494369	2494407	Deletion	38
2L	2494369	2494451	Deletion	82
2L	2494369	2494477	Deletion	108
2L	2494369	2494455	Deletion	86
2L	2494369	2494475	Deletion	106
2L	2502574	2502659	Deletion	85
2L	2502626	2502659	Deletion	33
2L	2502859	2502659	Deletion	200
2L	2502859	2502975	Deletion	116
2L	2502859	2502901	Deletion	42
2L	2512233	2512324	Deletion	91
2L	2512253	2512324	Deletion	71
2L	2512276	2512324	Deletion	48
2L	2512286	2512324	Deletion	38
2L	2512290	2512324	Deletion	34
2L	2512416	2512324	Deletion	92
2L	2512416	2512531	Deletion	115
2L	2512416	2512504	Deletion	88
2L	2512416	2512494	Deletion	78
2L	2512416	2512471	Deletion	55
2L	2512416	2512508	Deletion	92
2L	2512416	2512530	Deletion	114
2L	2526308	2526362	Deletion	54
2L	2526881	2526362	Deletion	519
2L	2526881	2526994	Deletion	113
2L	2534872	2534935	Deletion	63
2L	2534888	2534935	Deletion	47
2L	2534900	2534935	Deletion	35
2L	2534902	2534935	Deletion	33
2L	2534905	2534935	Deletion	30
2L	2559288	2534935	Deletion	24353
2L	2559288	2559401	Deletion	113
2L	2559288	2559368	Deletion	80
2L	2559288	2559382	Deletion	94
2L	2559288	2559323	Deletion	35
2L	2559288	2559385	Deletion	97
2L	2559288	2559410	Deletion	122
2L	2559288	2559380	Deletion	92
2L	2560732	2560823	Deletion	91
2L	2560750	2560823	Deletion	73
2L	2560771	2560823	Deletion	52
2L	2561187	2560823	Deletion	364
2L	2561187	2561242	Deletion	55
2L	2561187	2561218	Deletion	31
2L	2561187	2561263	Deletion	76
2L	2569329	2569379	Deletion	50
2L	2580220	2580315	Deletion	95
2L	2580221	2580315	Deletion	94
2L	2580247	2580315	Deletion	68
2L	2580276	2580315	Deletion	39
2L	2580284	2580315	Deletion	31
2L	2582961	2580315	Deletion	2646
2L	2582961	2583072	Deletion	111
2L	2582961	2583048	Deletion	87
2L	2582961	2583056	Deletion	95
2L	2582961	2582993	Deletion	32
2L	2582961	2583081	Deletion	120
2L	2582961	2583069	Deletion	108
2L	2582961	2582992	Deletion	31
2L	2586538	2586618	Deletion	80
2L	2586539	2586618	Deletion	79
2L	2586568	2586618	Deletion	50
2L	2586571	2586618	Deletion	47
2L	2587344	2587390	Deletion	46
2L	2587344	2587391	Deletion	47
2L	2587344	2587420	Deletion	76
2L	2591841	2591913	Deletion	72
2L	2591842	2591913	Deletion	71
2L	2591851	2591913	Deletion	62
2L	2591858	2591913	Deletion	55
2L	2600912	2591913	Deletion	8999
2L	2600912	2600983	Deletion	71
2L	2600912	2600976	Deletion	64
2L	2600912	2601032	Deletion	120
2L	2600912	2601033	Deletion	121
2L	2600912	2600966	Deletion	54
2L	2600912	2600967	Deletion	55
2L	2610595	2610683	Deletion	88
2L	2610613	2610683	Deletion	70
2L	2610627	2610683	Deletion	56
2L	2610643	2610683	Deletion	40
2L	2610644	2610683	Deletion	39
2L	2626555	2610683	Deletion	15872
2L	2626555	2626670	Deletion	115
2L	2626555	2626660	Deletion	105
2L	2626555	2626625	Deletion	70
2L	2626555	2626641	Deletion	86
2L	2626555	2626611	Deletion	56
2L	2626555	2626642	Deletion	87
2L	2626555	2626593	Deletion	38
2L	2636816	2636929	Deletion	113
2L	2636840	2636929	Deletion	89
2L	2636848	2636929	Deletion	81
2L	2657079	2636929	Deletion	20150
2L	2657079	2657201	Deletion	122
2L	2657079	2657198	Deletion	119
2L	2657079	2657117	Deletion	38
2L	2657089	2657177	Deletion	88
2L	2658201	2658311	Deletion	110
2L	2658223	2658311	Deletion	88
2L	2658260	2658311	Deletion	51
2L	2670527	2670635	Deletion	108
2L	2670527	2670565	Deletion	38
2L	2670527	2670602	Deletion	75
2L	2675098	2675197	Deletion	99
2L	2675109	2675197	Deletion	88
2L	2675110	2675197	Deletion	87
2L	2675132	2675197	Deletion	65
2L	2675138	2675197	Deletion	59
2L	2675152	2675197	Deletion	45
2L	2675688	2675197	Deletion	491
2L	2675688	2675788	Deletion	100
2L	2675688	2675756	Deletion	68
2L	2675688	2675728	Deletion	40
2L	2675688	2675808	Deletion	120
2L	2675688	2675770	Deletion	82
2L	2675688	2675750	Deletion	62
2L	2675688	2675811	Deletion	123
2L	2676692	2676800	Deletion	108
2L	2676713	2676800	Deletion	87
2L	2676718	2676800	Deletion	82
2L	2676748	2676800	Deletion	52
2L	2677079	2676800	Deletion	279
2L	2677079	2677125	Deletion	46
2L	2677079	2677155	Deletion	76
2L	2683997	2684063	Deletion	66
2L	2684006	2684063	Deletion	57
2L	2684031	2684063	Deletion	32
2L	2686428	2684063	Deletion	2365
2L	2686428	2686489	Deletion	61
2L	2686428	2686535	Deletion	107
2L	2686428	2686551	Deletion	123
2L	2686428	2686498	Deletion	70
2L	2696521	2696586	Deletion	65
2L	2696535	2696586	Deletion	51
2L	2696548	2696586	Deletion	38
2L	2698244	2696586	Deletion	1658
2L	2698244	2698300	Deletion	56
2L	2698244	2698332	Deletion	88
2L	2698244	2698319	Deletion	75
2L	2713483	2713587	Deletion	104
2L	2713497	2713587	Deletion	90
2L	2713530	2713587	Deletion	57
2L	2713536	2713587	Deletion	51
2L	2713547	2713587	Deletion	40
2L	2713679	2713587	Deletion	92
2L	2713679	2713717	Deletion	38
2L	2713679	2713756	Deletion	77
2L	2713679	2713767	Deletion	88
2L	2729223	2729324	Deletion	101
2L	2729252	2729324	Deletion	72
2L	2729274	2729324	Deletion	50
2L	2729278	2729324	Deletion	46
2L	2729281	2729324	Deletion	43
2L	2729294	2729324	Deletion	30
2L	2729772	2729324	Deletion	448
2L	2729772	2729873	Deletion	101
2L	2729772	2729826	Deletion	54
2L	2729772	2729855	Deletion	83
2L	2729772	2729848	Deletion	76
2L	2729772	2729868	Deletion	96
2L	2732354	2732450	Deletion	96
2L	2732378	2732450	Deletion	72
2L	2732382	2732450	Deletion	68
2L	2732410	2732450	Deletion	40
2L	2732420	2732450	Deletion	30
2L	2736309	2732450	Deletion	3859
2L	2736309	2736397	Deletion	88
2L	2736309	2736341	Deletion	32
2L	2736309	2736407	Deletion	98
2L	2736314	2736365	Deletion	51
2L	2738770	2738843	Deletion	73
2L	2738773	2738843	Deletion	70
2L	2738783	2738843	Deletion	60
2L	2738811	2738843	Deletion	32
2L	2738941	2738843	Deletion	98
2L	2738941	2739041	Deletion	100
2L	2738941	2738996	Deletion	55
2L	2738941	2739009	Deletion	68
2L	2738941	2738999	Deletion	58
2L	2738941	2739037	Deletion	96
2L	2738941	2738972	Deletion	31
2L	2739113	2739222	Deletion	109
2L	2739124	2739222	Deletion	98
2L	2739141	2739222	Deletion	81
2L	2739160	2739222	Deletion	62
2L	2739188	2739222	Deletion	34
2L	2755435	2739222	Deletion	16213
2L	2755435	2755480	Deletion	45
2L	2755435	2755551	Deletion	116
2L	2755436	2755499	Deletion	63
2L	2769393	2769503	Deletion	110
2L	2769398	2769503	Deletion	105
2L	2769424	2769503	Deletion	79
2L	2769427	2769503	Deletion	76
2L	2769439	2769503	Deletion	64
2L	2769447	2769503	Deletion	56
2L	2769464	2769503	Deletion	39
2L	2769473	2769503	Deletion	30
2L	2771259	2769503	Deletion	1756
2L	2771259	2771307	Deletion	48
2L	2771259	2771372	Deletion	113
2L	2771259	2771347	Deletion	88
2L	2771259	2771310	Deletion	51
2L	2771259	2771330	Deletion	71
2L	2771259	2771322	Deletion	63
2L	2780290	2780383	Deletion	93
2L	2780290	2780335	Deletion	45
2L	2780290	2780397	Deletion	107
2L	2780290	2780352	Deletion	62
2L	2780290	2780398	Deletion	108
2L	2780290	2780321	Deletion	31
2L	2784439	2784534	Deletion	95
2L	2784444	2784534	Deletion	90
2L	2784485	2784534	Deletion	49
2L	2784771	2784534	Deletion	237
2L	2784771	2784849	Deletion	78
2L	2784771	2784808	Deletion	37
2L	2784771	2784874	Deletion	103
2L	2785443	2785562	Deletion	119
2L	2785465	2785562	Deletion	97
2L	2785499	2785562	Deletion	63
2L	2785500	2785562	Deletion	62
2L	2785516	2785562	Deletion	46
2L	2785658	2785562	Deletion	96
2L	2785658	2785722	Deletion	64
2L	2785658	2785768	Deletion	110
2L	2785658	2785738	Deletion	80
2L	2785658	2785721	Deletion	63
2L	2792089	2792204	Deletion	115
2L	2792091	2792204	Deletion	113
2L	2792099	2792204	Deletion	105
2L	2792159	2792204	Deletion	45
2L	2792169	2792204	Deletion	35
2L	2792170	2792204	Deletion	34
2L	2792463	2792204	Deletion	259
2L	2792463	2792555	Deletion	92
2L	2792463	2792554	Deletion	91
2L	2792463	2792567	Deletion	104
2L	2792463	2792587	Deletion	124
2L	2792463	2792569	Deletion	106
2L	2792463	2792573	Deletion	110
2L	2805340	2805452	Deletion	112
2L	2805363	2805452	Deletion	89
2L	2805410	2805452	Deletion	42
2L	2832381	2805452	Deletion	26929
2L	2832381	2832418	Deletion	37
2L	2841003	2841073	Deletion	70
2L	2841011	2841073	Deletion	62
2L	2841158	2841073	Deletion	85
2L	2841158	2841274	Deletion	116
2L	2841158	2841222	Deletion	64
2L	2841158	2841214	Deletion	56
2L	2844137	2844227	Deletion	90
2L	2844144	2844227	Deletion	83
2L	2844146	2844227	Deletion	81
2L	2844148	2844227	Deletion	79
2L	2844157	2844227	Deletion	70
2L	2844168	2844227	Deletion	59
2L	2844185	2844227	Deletion	42
2L	2844188	2844227	Deletion	39
2L	2853612	2844227	Deletion	9385
2L	2853612	2853680	Deletion	68
2L	2853612	2853660	Deletion	48
2L	2853612	2853669	Deletion	57
2L	2853612	2853700	Deletion	88
2L	2853612	2853658	Deletion	46
2L	2853612	2853656	Deletion	44
2L	2853612	2853697	Deletion	85
2L	2860557	2860644	Deletion	87
2L	2860559	2860644	Deletion	85
2L	2860568	2860644	Deletion	76
2L	2860590	2860644	Deletion	54
2L	2860604	2860644	Deletion	40
2L	2860882	2860644	Deletion	238
2L	2860882	2860932	Deletion	50
2L	2860882	2860954	Deletion	72
2L	2860882	2860923	Deletion	41
2L	2860882	2860921	Deletion	39
2L	2868986	2869058	Deletion	72
2L	2868987	2869058	Deletion	71
2L	2868988	2869058	Deletion	70
2L	2869005	2869058	Deletion	53
2L	2869021	2869058	Deletion	37
2L	2874923	2869058	Deletion	5865
2L	2874923	2874981	Deletion	58
2L	2874923	2874955	Deletion	32
2L	2874923	2874979	Deletion	56
2L	2874923	2875014	Deletion	91
2L	2874923	2875029	Deletion	106
2L	2874923	2874980	Deletion	57
2L	2874923	2875023	Deletion	100
2L	2880639	2880704	Deletion	65
2L	2880659	2880704	Deletion	45
2L	2880791	2880704	Deletion	87
2L	2880791	2880894	Deletion	103
2L	2880791	2880872	Deletion	81
2L	2880791	2880851	Deletion	60
2L	2885061	2885114	Deletion	53
2L	2885074	2885109	Deletion	35
2L	2885081	2885114	Deletion	33
2L	2886324	2885114	Deletion	1210
2L	2886324	2886419	Deletion	95
2L	2886324	2886395	Deletion	71
2L	2886324	2886399	Deletion	75
2L	2891915	2891971	Deletion	56
2L	2891920	2891971	Deletion	51
2L	2909384	2891971	Deletion	17413
2L	2909384	2909457	Deletion	73
2L	2909384	2909448	Deletion	64
2L	2912036	2912153	Deletion	117
2L	2912061	2912153	Deletion	92
2L	2912097	2912153	Deletion	56
2L	2912099	2912153	Deletion	54
2L	2915397	2912153	Deletion	3244
2L	2915397	2915467	Deletion	70
2L	2915397	2915431	Deletion	34
2L	2925230	2925284	Deletion	54
2L	2925236	2925284	Deletion	48
2L	2925237	2925284	Deletion	47
2L	2930320	2925284	Deletion	5036
2L	2930320	2930399	Deletion	79
2L	2930320	2930398	Deletion	78
2L	2930320	2930392	Deletion	72
2L	2930320	2930425	Deletion	105
2L	2971418	2971491	Deletion	73
2L	2971437	2971491	Deletion	54
2L	2971445	2971491	Deletion	46
2L	2971458	2971491	Deletion	33
2L	2973266	2971491	Deletion	1775
2L	2973266	2973370	Deletion	104
2L	2973266	2973320	Deletion	54
2L	2973266	2973366	Deletion	100
2L	2973266	2973345	Deletion	79
2L	2973266	2973371	Deletion	105
2L	2973266	2973326	Deletion	60
2L	2985144	2985258	Deletion	114
2L	2985152	2985258	Deletion	106
2L	2985178	2985258	Deletion	80
2L	2985182	2985258	Deletion	76
2L	2985183	2985258	Deletion	75
2L	3000326	3000377	Deletion	51
2L	3000326	3000378	Deletion	52
2L	3011830	3011945	Deletion	115
2L	3011836	3011945	Deletion	109
2L	3011853	3011945	Deletion	92
2L	3011880	3011945	Deletion	65
2L	3011898	3011945	Deletion	47
2L	3011904	3011945	Deletion	41
2L	3013516	3011945	Deletion	1571
2L	3013516	3013577	Deletion	61
2L	3013516	3013595	Deletion	79
2L	3013848	3013946	Deletion	98
2L	3013852	3013946	Deletion	94
2L	3013876	3013946	Deletion	70
2L	3013903	3013946	Deletion	43
2L	3027395	3013946	Deletion	13449
2L	3027395	3027452	Deletion	57
2L	3027395	3027479	Deletion	84
2L	3027395	3027428	Deletion	33
2L	3028365	3028443	Deletion	78
2L	3028370	3028443	Deletion	73
2L	3028404	3028443	Deletion	39
2L	3032558	3028443	Deletion	4115
2L	3032558	3032611	Deletion	53
2L	3032558	3032645	Deletion	87
2L	3032558	3032606	Deletion	48
2L	3032558	3032660	Deletion	102
2L	3032558	3032674	Deletion	116
2L	3034822	3034938	Deletion	116
2L	3034824	3034938	Deletion	114
2L	3034835	3034938	Deletion	103
2L	3034839	3034938	Deletion	99
2L	3034840	3034938	Deletion	98
2L	3034857	3034938	Deletion	81
2L	3034865	3034938	Deletion	73
2L	3034894	3034938	Deletion	44
2L	3036583	3034938	Deletion	1645
2L	3036583	3036680	Deletion	97
2L	3036583	3036636	Deletion	53
2L	3036583	3036703	Deletion	120
2L	3036583	3036628	Deletion	45
2L	3036583	3036665	Deletion	82
2L	3038580	3038683	Deletion	103
2L	3038592	3038683	Deletion	91
2L	3038644	3038683	Deletion	39
2L	3039249	3039370	Deletion	121
2L	3039249	3039355	Deletion	106
2L	3039249	3039284	Deletion	35
2L	3043171	3043266	Deletion	95
2L	3043213	3043266	Deletion	53
2L	3043217	3043266	Deletion	49
2L	3043220	3043266	Deletion	46
2L	3043234	3043266	Deletion	32
2L	3056708	3043266	Deletion	13442
2L	3056708	3056781	Deletion	73
2L	3056708	3056802	Deletion	94
2L	3056708	3056830	Deletion	122
2L	3056708	3056739	Deletion	31
2L	3056708	3056738	Deletion	30
2L	3056708	3056785	Deletion	77
2L	3071943	3072038	Deletion	95
2L	3071947	3072038	Deletion	91
2L	3071964	3072038	Deletion	74
2L	3071967	3072038	Deletion	71
2L	3071975	3072038	Deletion	63
2L	3072002	3072038	Deletion	36
2L	3080228	3080284	Deletion	56
2L	3080228	3080281	Deletion	53
2L	3080228	3080260	Deletion	32
2L	3080228	3080320	Deletion	92
2L	3080228	3080330	Deletion	102
2L	3080228	3080337	Deletion	109
2L	3080228	3080292	Deletion	64
2L	3080228	3080264	Deletion	36
2L	3094441	3094551	Deletion	110
2L	3094461	3094551	Deletion	90
2L	3094465	3094551	Deletion	86
2L	3094476	3094551	Deletion	75
2L	3094500	3094551	Deletion	51
2L	3098358	3094551	Deletion	3807
2L	3098358	3098398	Deletion	40
2L	3098358	3098471	Deletion	113
2L	3098358	3098409	Deletion	51
2L	3098358	3098433	Deletion	75
2L	3098358	3098465	Deletion	107
2L	3098358	3098394	Deletion	36
2L	3105061	3105159	Deletion	98
2L	3105075	3105159	Deletion	84
2L	3105083	3105159	Deletion	76
2L	3105106	3105159	Deletion	53
2L	3106058	3105159	Deletion	899
2L	3106058	3106157	Deletion	99
2L	3106058	3106101	Deletion	43
2L	3106058	3106132	Deletion	74
2L	3106058	3106162	Deletion	104
2L	3107338	3107418	Deletion	80
2L	3107351	3107418	Deletion	67
2L	3107359	3107418	Deletion	59
2L	3108347	3107418	Deletion	929
2L	3108347	3108414	Deletion	67
2L	3108347	3108393	Deletion	46
2L	3112565	3112655	Deletion	90
2L	3112574	3112655	Deletion	81
2L	3112618	3112655	Deletion	37
2L	3112744	3112655	Deletion	89
2L	3112744	3112790	Deletion	46
2L	3112744	3112834	Deletion	90
2L	3127271	3127372	Deletion	101
2L	3127272	3127372	Deletion	100
2L	3127273	3127372	Deletion	99
2L	3127276	3127372	Deletion	96
2L	3127279	3127372	Deletion	93
2L	3127294	3127372	Deletion	78
2L	3127335	3127372	Deletion	37
2L	3127336	3127372	Deletion	36
2L	3129022	3127372	Deletion	1650
2L	3129022	3129133	Deletion	111
2L	3129022	3129070	Deletion	48
2L	3129022	3129126	Deletion	104
2L	3129022	3129135	Deletion	113
2L	3129022	3129111	Deletion	89
2L	3129022	3129052	Deletion	30
2L	3129022	3129112	Deletion	90
2L	3132034	3132116	Deletion	82
2L	3132068	3132116	Deletion	48
2L	3132076	3132116	Deletion	40
2L	3132082	3132116	Deletion	34
2L	3132084	3132112	Deletion	28
2L	3149914	3132116	Deletion	17798
2L	3149914	3149993	Deletion	79
2L	3149914	3150001	Deletion	87
2L	3149914	3149959	Deletion	45
2L	3149914	3149955	Deletion	41
2L	3149914	3150009	Deletion	95
2L	3161955	3162035	Deletion	80
2L	3161989	3162035	Deletion	46
2L	3169032	3169079	Deletion	47
2L	3169032	3169062	Deletion	30
2L	3169508	3169618	Deletion	110
2L	3169508	3169589	Deletion	81
2L	3191564	3191684	Deletion	120
2L	3191568	3191684	Deletion	116
2L	3191601	3191684	Deletion	83
2L	3191624	3191684	Deletion	60
2L	3191632	3191684	Deletion	52
2L	3191992	3191684	Deletion	308
2L	3191992	3192035	Deletion	43
2L	3191992	3192112	Deletion	120
2L	3191992	3192091	Deletion	99
2L	3191992	3192058	Deletion	66
2L	3197863	3196749	Deletion	1114
2L	3197863	3197916	Deletion	53
2L	3197979	3198069	Deletion	90
2L	3197986	3198069	Deletion	83
2L	3198004	3198069	Deletion	65
2L	3201306	3198069	Deletion	3237
2L	3201306	3201416	Deletion	110
2L	3201306	3201349	Deletion	43
2L	3201306	3201342	Deletion	36
2L	3213645	3213702	Deletion	57
2L	3213668	3213702	Deletion	34
2L	3213867	3213702	Deletion	165
2L	3213867	3213904	Deletion	37
2L	3213867	3213986	Deletion	119
2L	3213867	3213960	Deletion	93
2L	3222508	3222615	Deletion	107
2L	3222514	3222615	Deletion	101
2L	3222519	3222615	Deletion	96
2L	3222528	3222615	Deletion	87
2L	3222540	3222615	Deletion	75
2L	3222556	3222615	Deletion	59
2L	3222560	3222615	Deletion	55
2L	3227229	3222615	Deletion	4614
2L	3227229	3227296	Deletion	67
2L	3227229	3227300	Deletion	71
2L	3227229	3227259	Deletion	30
2L	3227229	3227268	Deletion	39
2L	3256068	3256104	Deletion	36
2L	3258379	3258489	Deletion	110
2L	3258379	3258480	Deletion	101
2L	3287238	3287298	Deletion	60
2L	3288789	3287298	Deletion	1491
2L	3288789	3288856	Deletion	67
2L	3305044	3305146	Deletion	102
2L	3305056	3305146	Deletion	90
2L	3305105	3305146	Deletion	41
2L	3305113	3305146	Deletion	33
2L	3326908	3305146	Deletion	21762
2L	3326908	3326944	Deletion	36
2L	3326908	3327001	Deletion	93
2L	3326908	3326993	Deletion	85
2L	3341110	3341214	Deletion	104
2L	3341149	3341214	Deletion	65
2L	3341152	3341214	Deletion	62
2L	3341171	3341214	Deletion	43
2L	3341179	3341214	Deletion	35
2L	3342584	3341214	Deletion	1370
2L	3342584	3342668	Deletion	84
2L	3342584	3342646	Deletion	62
2L	3342584	3342688	Deletion	104
2L	3342584	3342649	Deletion	65
2L	3342584	3342676	Deletion	92
2L	3361121	3361226	Deletion	105
2L	3361137	3361226	Deletion	89
2L	3361141	3361226	Deletion	85
2L	3361142	3361226	Deletion	84
2L	3361145	3361226	Deletion	81
2L	3361151	3361226	Deletion	75
2L	3361171	3361226	Deletion	55
2L	3361175	3361226	Deletion	51
2L	3361176	3361226	Deletion	50
2L	3361196	3361226	Deletion	30
2L	3362062	3361226	Deletion	836
2L	3362062	3362099	Deletion	37
2L	3362062	3362133	Deletion	71
2L	3362062	3362178	Deletion	116
2L	3362062	3362104	Deletion	42
2L	3362062	3362107	Deletion	45
2L	3362062	3362137	Deletion	75
2L	3362062	3362179	Deletion	117
2L	3362062	3362159	Deletion	97
2L	3362062	3362170	Deletion	108
2L	3362062	3362158	Deletion	96
2L	3362062	3362113	Deletion	51
2L	3362062	3362138	Deletion	76
2L	3368126	3368217	Deletion	91
2L	3368127	3368217	Deletion	90
2L	3368131	3368217	Deletion	86
2L	3368172	3368217	Deletion	45
2L	3368174	3368217	Deletion	43
2L	3372335	3368217	Deletion	4118
2L	3372335	3372375	Deletion	40
2L	3372335	3372416	Deletion	81
2L	3372335	3372450	Deletion	115
2L	3372335	3372434	Deletion	99
2L	3372335	3372418	Deletion	83
2L	3372335	3372370	Deletion	35
2L	3377164	3377269	Deletion	105
2L	3377195	3377269	Deletion	74
2L	3377227	3377269	Deletion	42
2L	3377234	3377269	Deletion	35
2L	3377353	3377269	Deletion	84
2L	3377353	3377445	Deletion	92
2L	3377353	3377438	Deletion	85
2L	3380574	3380692	Deletion	118
2L	3380590	3380692	Deletion	102
2L	3380595	3380692	Deletion	97
2L	3380618	3380692	Deletion	74
2L	3380636	3380692	Deletion	56
2L	3380643	3380692	Deletion	49
2L	3380657	3380692	Deletion	35
2L	3383380	3380692	Deletion	2688
2L	3383380	3383459	Deletion	79
2L	3383380	3383499	Deletion	119
2L	3383380	3383482	Deletion	102
2L	3383380	3383452	Deletion	72
2L	3383380	3383434	Deletion	54
2L	3383380	3383473	Deletion	93
2L	3387188	3387294	Deletion	106
2L	3387205	3387294	Deletion	89
2L	3387210	3387294	Deletion	84
2L	3387232	3387294	Deletion	62
2L	3391866	3387294	Deletion	4572
2L	3391866	3391933	Deletion	67
2L	3391866	3391906	Deletion	40
2L	3401721	3401806	Deletion	85
2L	3401737	3401806	Deletion	69
2L	3408444	3401806	Deletion	6638
2L	3408444	3408485	Deletion	41
2L	3408444	3408484	Deletion	40
2L	3408444	3408501	Deletion	57
2L	3412812	3412886	Deletion	74
2L	3412853	3412886	Deletion	33
2L	3413749	3412886	Deletion	863
2L	3413749	3413802	Deletion	53
2L	3422096	3422194	Deletion	98
2L	3422121	3422194	Deletion	73
2L	3422156	3422194	Deletion	38
2L	3428361	3422194	Deletion	6167
2L	3428361	3428449	Deletion	88
2L	3428361	3428414	Deletion	53
2L	3428361	3428459	Deletion	98
2L	3430098	3430163	Deletion	65
2L	3430111	3430163	Deletion	52
2L	3432376	3430163	Deletion	2213
2L	3432376	3432480	Deletion	104
2L	3432376	3432425	Deletion	49
2L	3432376	3432497	Deletion	121
2L	3432376	3432450	Deletion	74
2L	3432376	3432437	Deletion	61
2L	3441795	3441887	Deletion	92
2L	3441808	3441887	Deletion	79
2L	3441851	3441887	Deletion	36
2L	3444683	3441887	Deletion	2796
2L	3444683	3444783	Deletion	100
2L	3444683	3444719	Deletion	36
2L	3444683	3444780	Deletion	97
2L	3444683	3444732	Deletion	49
2L	3444683	3444796	Deletion	113
2L	3447153	3447240	Deletion	87
2L	3447168	3447240	Deletion	72
2L	3447195	3447240	Deletion	45
2L	3447201	3447240	Deletion	39
2L	3447202	3447240	Deletion	38
2L	3447374	3447240	Deletion	134
2L	3447374	3447455	Deletion	81
2L	3447374	3447413	Deletion	39
2L	3447374	3447428	Deletion	54
2L	3447374	3447462	Deletion	88
2L	3447374	3447483	Deletion	109
2L	3447374	3447496	Deletion	122
2L	3458559	3458662	Deletion	103
2L	3458577	3458662	Deletion	85
2L	3458610	3458662	Deletion	52
2L	3458944	3459018	Deletion	74
2L	3458944	3459047	Deletion	103
2L	3458944	3459066	Deletion	122
2L	3458944	3459058	Deletion	114
2L	3471078	3471188	Deletion	110
2L	3471097	3471193	Deletion	96
2L	3471098	3471193	Deletion	95
2L	3471100	3471193	Deletion	93
2L	3471107	3471193	Deletion	86
2L	3471146	3471193	Deletion	47
2L	3477656	3471193	Deletion	6463
2L	3477656	3477696	Deletion	40
2L	3477656	3477755	Deletion	99
2L	3477656	3477686	Deletion	30
2L	3477656	3477735	Deletion	79
2L	3477656	3477778	Deletion	122
2L	3477656	3477687	Deletion	31
2L	3477656	3477689	Deletion	33
2L	3481372	3481436	Deletion	64
2L	3481376	3481436	Deletion	60
2L	3482053	3481436	Deletion	617
2L	3482053	3482161	Deletion	108
2L	3482053	3482115	Deletion	62
2L	3482097	3482119	Deletion	22
2L	3482117	3482199	Deletion	82
2L	3482118	3482199	Deletion	81
2L	3484768	3482199	Deletion	2569
2L	3484768	3484878	Deletion	110
2L	3484768	3484814	Deletion	46
2L	3501021	3501074	Deletion	53
2L	3506003	3501074	Deletion	4929
2L	3506003	3506077	Deletion	74
2L	3514671	3514751	Deletion	80
2L	3514694	3514751	Deletion	57
2L	3515089	3514751	Deletion	338
2L	3515089	3515192	Deletion	103
2L	3515089	3515190	Deletion	101
2L	3515089	3515136	Deletion	47
2L	3515089	3515159	Deletion	70
2L	3515089	3515201	Deletion	112
2L	3534753	3534807	Deletion	54
2L	3546526	3534807	Deletion	11719
2L	3546526	3546562	Deletion	36
2L	3546526	3546631	Deletion	105
2L	3562170	3562225	Deletion	55
2L	3562190	3562225	Deletion	35
2L	3562429	3562520	Deletion	91
2L	3562429	3562487	Deletion	58
2L	3562429	3562500	Deletion	71
2L	3563545	3563644	Deletion	99
2L	3563568	3563644	Deletion	76
2L	3563572	3563644	Deletion	72
2L	3563603	3563644	Deletion	41
2L	3569557	3563644	Deletion	5913
2L	3569557	3569657	Deletion	100
2L	3569557	3569607	Deletion	50
2L	3569557	3569665	Deletion	108
2L	3569557	3569611	Deletion	54
2L	3569557	3569673	Deletion	116
2L	3576615	3576722	Deletion	107
2L	3576618	3576722	Deletion	104
2L	3576634	3576722	Deletion	88
2L	3576639	3576722	Deletion	83
2L	3576645	3576722	Deletion	77
2L	3576670	3576722	Deletion	52
2L	3582820	3582922	Deletion	102
2L	3582820	3582859	Deletion	39
2L	3582820	3582864	Deletion	44
2L	3582820	3582870	Deletion	50
2L	3582820	3582940	Deletion	120
2L	3585820	3585886	Deletion	66
2L	3585829	3585886	Deletion	57
2L	3585834	3585886	Deletion	52
2L	3586556	3585886	Deletion	670
2L	3586556	3586680	Deletion	124
2L	3586556	3586678	Deletion	122
2L	3586556	3586668	Deletion	112
2L	3586556	3586631	Deletion	75
2L	3586556	3586626	Deletion	70
2L	3586556	3586656	Deletion	100
2L	3586556	3586617	Deletion	61
2L	3609857	3609952	Deletion	95
2L	3609858	3609952	Deletion	94
2L	3609860	3609952	Deletion	92
2L	3609893	3609952	Deletion	59
2L	3611821	3609952	Deletion	1869
2L	3611821	3611856	Deletion	35
2L	3611821	3611854	Deletion	33
2L	3611821	3611944	Deletion	123
2L	3611821	3611853	Deletion	32
2L	3635610	3635677	Deletion	67
2L	3641987	3635677	Deletion	6310
2L	3641987	3642108	Deletion	121
2L	3641987	3642085	Deletion	98
2L	3641987	3642021	Deletion	34
2L	3665493	3665610	Deletion	117
2L	3665498	3665610	Deletion	112
2L	3665504	3665610	Deletion	106
2L	3665509	3665610	Deletion	101
2L	3665517	3665610	Deletion	93
2L	3665541	3665610	Deletion	69
2L	3665545	3665610	Deletion	65
2L	3665562	3665610	Deletion	48
2L	3665574	3665610	Deletion	36
2L	3665577	3665610	Deletion	33
2L	3665732	3665610	Deletion	122
2L	3665732	3665823	Deletion	91
2L	3665732	3665826	Deletion	94
2L	3665732	3665836	Deletion	104
2L	3665732	3665794	Deletion	62
2L	3665732	3665837	Deletion	105
2L	3665732	3665811	Deletion	79
2L	3665732	3665766	Deletion	34
2L	3675763	3675842	Deletion	79
2L	3675894	3675842	Deletion	52
2L	3675894	3675982	Deletion	88
2L	3675894	3676003	Deletion	109
2L	3678052	3678136	Deletion	84
2L	3678053	3678136	Deletion	83
2L	3678081	3678136	Deletion	55
2L	3678348	3678136	Deletion	212
2L	3678348	3678391	Deletion	43
2L	3678348	3678420	Deletion	72
2L	3678982	3679043	Deletion	61
2L	3679008	3679043	Deletion	35
2L	3679113	3679043	Deletion	70
2L	3679113	3679214	Deletion	101
2L	3679113	3679218	Deletion	105
2L	3679113	3679178	Deletion	65
2L	3679113	3679176	Deletion	63
2L	3716872	3716985	Deletion	113
2L	3716882	3716985	Deletion	103
2L	3716905	3716985	Deletion	80
2L	3716935	3716985	Deletion	50
2L	3716948	3716985	Deletion	37
2L	3716949	3716985	Deletion	36
2L	3717261	3716985	Deletion	276
2L	3717261	3717384	Deletion	123
2L	3717261	3717351	Deletion	90
2L	3717261	3717307	Deletion	46
2L	3717261	3717376	Deletion	115
2L	3717261	3717337	Deletion	76
2L	3735360	3735438	Deletion	78
2L	3735384	3735438	Deletion	54
2L	3735395	3735438	Deletion	43
2L	3736297	3735434	Deletion	863
2L	3736297	3736398	Deletion	101
2L	3736297	3736419	Deletion	122
2L	3736297	3736335	Deletion	38
2L	3736297	3736381	Deletion	84
2L	3736297	3736346	Deletion	49
2L	3749609	3749693	Deletion	84
2L	3749629	3749693	Deletion	64
2L	3750174	3749693	Deletion	481
2L	3750174	3750237	Deletion	63
2L	3761700	3761809	Deletion	109
2L	3761702	3761809	Deletion	107
2L	3761772	3761809	Deletion	37
2L	3799052	3761809	Deletion	37243
2L	3799052	3799159	Deletion	107
2L	3799052	3799142	Deletion	90
2L	3846991	3847092	Deletion	101
2L	3846997	3847092	Deletion	95
2L	3847021	3847092	Deletion	71
2L	3847025	3847092	Deletion	67
2L	3847053	3847092	Deletion	39
2L	3849107	3847092	Deletion	2015
2L	3849107	3849228	Deletion	121
2L	3849107	3849196	Deletion	89
2L	3849107	3849164	Deletion	57
2L	3849107	3849168	Deletion	61
2L	3856549	3856245	Deletion	304
2L	3856549	3856649	Deletion	100
2L	3856549	3856653	Deletion	104
2L	3856549	3856654	Deletion	105
2L	3859960	3860000	Deletion	40
2L	3860069	3860000	Deletion	69
2L	3860069	3860176	Deletion	107
2L	3860069	3860099	Deletion	30
2L	3860069	3860167	Deletion	98
2L	3870167	3870215	Deletion	48
2L	3870175	3870215	Deletion	40
2L	3871131	3871211	Deletion	80
2L	3871131	3871248	Deletion	117
2L	3871131	3871219	Deletion	88
2L	3874180	3874263	Deletion	83
2L	3874190	3874263	Deletion	73
2L	3874194	3874263	Deletion	69
2L	3874203	3874263	Deletion	60
2L	3874205	3874263	Deletion	58
2L	3874206	3874263	Deletion	57
2L	3874218	3874263	Deletion	45
2L	3874223	3874263	Deletion	40
2L	3874228	3874263	Deletion	35
2L	3874332	3874263	Deletion	69
2L	3874332	3874437	Deletion	105
2L	3874332	3874419	Deletion	87
2L	3874332	3874424	Deletion	92
2L	3874332	3874390	Deletion	58
2L	3874332	3874401	Deletion	69
2L	3874332	3874402	Deletion	70
2L	3874332	3874367	Deletion	35
2L	3874332	3874376	Deletion	44
2L	3874332	3874399	Deletion	67
2L	3874332	3874414	Deletion	82
2L	3874337	3874386	Deletion	49
2L	3877231	3877264	Deletion	33
2L	3910217	3877264	Deletion	32953
2L	3910217	3910251	Deletion	34
2L	3910409	3910523	Deletion	114
2L	3910424	3910523	Deletion	99
2L	3910432	3910523	Deletion	91
2L	3910468	3910523	Deletion	55
2L	3910473	3910523	Deletion	50
2L	3910493	3910523	Deletion	30
2L	3913239	3910523	Deletion	2716
2L	3913239	3913346	Deletion	107
2L	3913239	3913274	Deletion	35
2L	3913239	3913310	Deletion	71
2L	3913239	3913359	Deletion	120
2L	3913239	3913315	Deletion	76
2L	3917294	3917385	Deletion	91
2L	3917351	3917385	Deletion	34
2L	3917762	3917385	Deletion	377
2L	3917762	3917797	Deletion	35
2L	3924767	3924884	Deletion	117
2L	3925537	3925647	Deletion	110
2L	3925560	3925647	Deletion	87
2L	3925576	3925647	Deletion	71
2L	3925577	3925647	Deletion	70
2L	3925607	3925647	Deletion	40
2L	3925607	3925647	Deletion	40
2L	3932697	3932755	Deletion	58
2L	3932697	3932754	Deletion	57
2L	3932697	3932785	Deletion	88
2L	3932697	3932803	Deletion	106
2L	3933731	3933812	Deletion	81
2L	3933772	3933810	Deletion	38
2L	3933779	3933812	Deletion	33
2L	3933951	3933812	Deletion	139
2L	3933951	3934045	Deletion	94
2L	3933951	3934073	Deletion	122
2L	3933951	3934069	Deletion	118
2L	3933951	3934038	Deletion	87
2L	3933951	3934052	Deletion	101
2L	3934775	3934858	Deletion	83
2L	3934797	3934858	Deletion	61
2L	3934969	3934858	Deletion	111
2L	3934969	3935007	Deletion	38
2L	3934969	3935034	Deletion	65
2L	3934969	3935075	Deletion	106
2L	3934969	3935090	Deletion	121
2L	3934969	3935012	Deletion	43
2L	3957071	3957149	Deletion	78
2L	3957097	3957149	Deletion	52
2L	3957102	3957149	Deletion	47
2L	3972869	3957149	Deletion	15720
2L	3972869	3972943	Deletion	74
2L	3972869	3972985	Deletion	116
2L	3972869	3972908	Deletion	39
2L	3972869	3972948	Deletion	79
2L	3972869	3972975	Deletion	106
2L	3972879	3972966	Deletion	87
2L	3988259	3988317	Deletion	58
2L	3988407	3988317	Deletion	90
2L	3988407	3988476	Deletion	69
2L	3990391	3990457	Deletion	66
2L	3990397	3990457	Deletion	60
2L	3990404	3990457	Deletion	53
2L	3992267	3990457	Deletion	1810
2L	3992267	3992344	Deletion	77
2L	3992267	3992338	Deletion	71
2L	3992267	3992351	Deletion	84
2L	3993228	3993301	Deletion	73
2L	3993251	3993301	Deletion	50
2L	3993263	3993301	Deletion	38
2L	3993631	3993301	Deletion	330
2L	3993631	3993707	Deletion	76
2L	3993631	3993684	Deletion	53
2L	3993631	3993737	Deletion	106
2L	4010026	4010140	Deletion	114
2L	4010049	4010140	Deletion	91
2L	4010072	4010140	Deletion	68
2L	4010093	4010140	Deletion	47
2L	4010096	4010140	Deletion	44
2L	4010103	4010140	Deletion	37
2L	4010104	4010140	Deletion	36
2L	4010107	4010140	Deletion	33
2L	4010383	4010140	Deletion	243
2L	4010383	4010466	Deletion	83
2L	4010383	4010474	Deletion	91
2L	4010383	4010473	Deletion	90
2L	4010383	4010463	Deletion	80
2L	4010383	4010442	Deletion	59
2L	4010383	4010419	Deletion	36
2L	4022052	4022162	Deletion	110
2L	4022084	4022162	Deletion	78
2L	4022103	4022162	Deletion	59
2L	4022116	4022162	Deletion	46
2L	4022129	4022162	Deletion	33
2L	4022131	4022162	Deletion	31
2L	4027992	4022162	Deletion	5830
2L	4027992	4028073	Deletion	81
2L	4027992	4028088	Deletion	96
2L	4027992	4028041	Deletion	49
2L	4027992	4028086	Deletion	94
2L	4027992	4028099	Deletion	107
2L	4031828	4031926	Deletion	98
2L	4032541	4031926	Deletion	615
2L	4047895	4048013	Deletion	118
2L	4047914	4048013	Deletion	99
2L	4047916	4048013	Deletion	97
2L	4047922	4048013	Deletion	91
2L	4047923	4048013	Deletion	90
2L	4047931	4048013	Deletion	82
2L	4047938	4048013	Deletion	75
2L	4050096	4048009	Deletion	2087
2L	4050096	4050132	Deletion	36
2L	4050096	4050140	Deletion	44
2L	4050098	4050131	Deletion	33
2L	4053178	4053259	Deletion	81
2L	4053226	4053259	Deletion	33
2L	4077995	4068826	Deletion	9169
2L	4077995	4078095	Deletion	100
2L	4077995	4078025	Deletion	30
2L	4077996	4078074	Deletion	78
2L	4085631	4085746	Deletion	115
2L	4085672	4085746	Deletion	74
2L	4085687	4085746	Deletion	59
2L	4086398	4085746	Deletion	652
2L	4086398	4086465	Deletion	67
2L	4086398	4086450	Deletion	52
2L	4091726	4086824	Deletion	4902
2L	4091727	4091843	Deletion	116
2L	4103878	4103953	Deletion	75
2L	4104796	4103953	Deletion	843
2L	4104796	4104839	Deletion	43
2L	4132131	4132228	Deletion	97
2L	4132150	4132228	Deletion	78
2L	4132152	4132228	Deletion	76
2L	4132195	4132228	Deletion	33
2L	4135923	4132228	Deletion	3695
2L	4135923	4136027	Deletion	104
2L	4135923	4135971	Deletion	48
2L	4135923	4136025	Deletion	102
2L	4135923	4135973	Deletion	50
2L	4135923	4136029	Deletion	106
2L	4225201	4225307	Deletion	106
2L	4225202	4225307	Deletion	105
2L	4225203	4225307	Deletion	104
2L	4225228	4225307	Deletion	79
2L	4225252	4225307	Deletion	55
2L	4225257	4225307	Deletion	50
2L	4225264	4225307	Deletion	43
2L	4225361	4225307	Deletion	54
2L	4225361	4225444	Deletion	83
2L	4225361	4225432	Deletion	71
2L	4225361	4225463	Deletion	102
2L	4225361	4225437	Deletion	76
2L	4232700	4232786	Deletion	86
2L	4233034	4232786	Deletion	248
2L	4233034	4233147	Deletion	113
2L	4233034	4233076	Deletion	42
2L	4242899	4243019	Deletion	120
2L	4242907	4243019	Deletion	112
2L	4242928	4243019	Deletion	91
2L	4242963	4243019	Deletion	56
2L	4242984	4243019	Deletion	35
2L	4244637	4243019	Deletion	1618
2L	4244637	4244673	Deletion	36
2L	4244637	4244741	Deletion	104
2L	4244637	4244729	Deletion	92
2L	4244637	4244753	Deletion	116
2L	4244642	4244708	Deletion	66
2L	4270327	4270435	Deletion	108
2L	4270328	4270435	Deletion	107
2L	4270335	4270435	Deletion	100
2L	4270392	4270435	Deletion	43
2L	4270399	4270435	Deletion	36
2L	4270404	4270435	Deletion	31
2L	4271598	4270435	Deletion	1163
2L	4271598	4271628	Deletion	30
2L	4271598	4271697	Deletion	99
2L	4271598	4271685	Deletion	87
2L	4271598	4271715	Deletion	117
2L	4279122	4279218	Deletion	96
2L	4279155	4279218	Deletion	63
2L	4279164	4279218	Deletion	54
2L	4279185	4279218	Deletion	33
2L	4283674	4279218	Deletion	4456
2L	4283674	4283747	Deletion	73
2L	4283674	4283705	Deletion	31
2L	4283674	4283738	Deletion	64
2L	4283674	4283768	Deletion	94
2L	4283674	4283779	Deletion	105
2L	4301655	4301765	Deletion	110
2L	4301657	4301765	Deletion	108
2L	4301684	4301765	Deletion	81
2L	4301696	4301765	Deletion	69
2L	4301719	4301765	Deletion	46
2L	4301730	4301765	Deletion	35
2L	4304853	4301765	Deletion	3088
2L	4304853	4304951	Deletion	98
2L	4304853	4304944	Deletion	91
2L	4304853	4304910	Deletion	57
2L	4304853	4304972	Deletion	119
2L	4304853	4304898	Deletion	45
2L	4341160	4341197	Deletion	37
2L	4341161	4341197	Deletion	36
2L	4344136	4344168	Deletion	32
2L	4344136	4344225	Deletion	89
2L	4351871	4351990	Deletion	119
2L	4351916	4351990	Deletion	74
2L	4351926	4351990	Deletion	64
2L	4351934	4351990	Deletion	56
2L	4351950	4351990	Deletion	40
2L	4351954	4351990	Deletion	36
2L	4351960	4351990	Deletion	30
2L	4352201	4351990	Deletion	211
2L	4352201	4352298	Deletion	97
2L	4352201	4352272	Deletion	71
2L	4352201	4352315	Deletion	114
2L	4352201	4352264	Deletion	63
2L	4352201	4352254	Deletion	53
2L	4352201	4352292	Deletion	91
2L	4364380	4364474	Deletion	94
2L	4364381	4364474	Deletion	93
2L	4364393	4364474	Deletion	81
2L	4364401	4364474	Deletion	73
2L	4364420	4364474	Deletion	54
2L	4364427	4364474	Deletion	47
2L	4364428	4364474	Deletion	46
2L	4364431	4364474	Deletion	43
2L	4365077	4364474	Deletion	603
2L	4365077	4365158	Deletion	81
2L	4365077	4365111	Deletion	34
2L	4365077	4365162	Deletion	85
2L	4365077	4365132	Deletion	55
2L	4365077	4365159	Deletion	82
2L	4365077	4365108	Deletion	31
2L	4365077	4365151	Deletion	74
2L	4365077	4365112	Deletion	35
2L	4367404	4367503	Deletion	99
2L	4367405	4367503	Deletion	98
2L	4367453	4367503	Deletion	50
2L	4380526	4367503	Deletion	13023
2L	4391947	4392048	Deletion	101
2L	4391954	4392048	Deletion	94
2L	4395002	4392048	Deletion	2954
2L	4395002	4395108	Deletion	106
2L	4420599	4420651	Deletion	52
2L	4424773	4420651	Deletion	4122
2L	4424773	4424823	Deletion	50
2L	4424773	4424847	Deletion	74
2L	4451768	4451826	Deletion	58
2L	4451772	4451826	Deletion	54
2L	4451790	4451826	Deletion	36
2L	4451796	4451826	Deletion	30
2L	4451884	4451826	Deletion	58
2L	4451884	4451983	Deletion	99
2L	4451884	4451952	Deletion	68
2L	4451884	4451914	Deletion	30
2L	4451884	4451974	Deletion	90
2L	4451884	4451980	Deletion	96
2L	4453285	4453380	Deletion	95
2L	4453315	4453380	Deletion	65
2L	4453326	4453380	Deletion	54
2L	4453329	4453380	Deletion	51
2L	4470403	4453380	Deletion	17023
2L	4470403	4470464	Deletion	61
2L	4470403	4470475	Deletion	72
2L	4470403	4470523	Deletion	120
2L	4470403	4470478	Deletion	75
2L	4471237	4471339	Deletion	102
2L	4471245	4471339	Deletion	94
2L	4471248	4471339	Deletion	91
2L	4471282	4471339	Deletion	57
2L	4471837	4471339	Deletion	498
2L	4471837	4471906	Deletion	69
2L	4471837	4471872	Deletion	35
2L	4471837	4471869	Deletion	32
2L	4471837	4471943	Deletion	106
2L	4492613	4492702	Deletion	89
2L	4492666	4492702	Deletion	36
2L	4492668	4492702	Deletion	34
2L	4492830	4492702	Deletion	128
2L	4492830	4492867	Deletion	37
2L	4492838	4492903	Deletion	65
2L	4492842	4492903	Deletion	61
2L	4495985	4492903	Deletion	3082
2L	4495985	4496046	Deletion	61
2L	4495985	4496027	Deletion	42
2L	4495985	4496022	Deletion	37
2L	4495985	4496025	Deletion	40
2L	4495985	4496020	Deletion	35
2L	4495985	4496050	Deletion	65
2L	4495985	4496023	Deletion	38
2L	4496796	4496901	Deletion	105
2L	4496844	4496901	Deletion	57
2L	4496856	4496901	Deletion	45
2L	4497032	4496901	Deletion	131
2L	4497032	4497133	Deletion	101
2L	4497032	4497132	Deletion	100
2L	4497032	4497115	Deletion	83
2L	4497032	4497134	Deletion	102
2L	4497032	4497139	Deletion	107
2L	4497032	4497153	Deletion	121
2L	4500387	4500510	Deletion	123
2L	4500389	4500510	Deletion	121
2L	4500399	4500510	Deletion	111
2L	4500400	4500510	Deletion	110
2L	4500442	4500510	Deletion	68
2L	4500456	4500510	Deletion	54
2L	4503009	4500510	Deletion	2499
2L	4503009	4503082	Deletion	73
2L	4503009	4503113	Deletion	104
2L	4503009	4503068	Deletion	59
2L	4504301	4504404	Deletion	103
2L	4504336	4504404	Deletion	68
2L	4505765	4504404	Deletion	1361
2L	4505997	4506084	Deletion	87
2L	4506033	4506084	Deletion	51
2L	4506043	4506084	Deletion	41
2L	4506046	4506084	Deletion	38
2L	4513856	4506084	Deletion	7772
2L	4513856	4513944	Deletion	88
2L	4513856	4513941	Deletion	85
2L	4513856	4513931	Deletion	75
2L	4517741	4517773	Deletion	32
2L	4526211	4526324	Deletion	113
2L	4526232	4526324	Deletion	92
2L	4526238	4526324	Deletion	86
2L	4526253	4526324	Deletion	71
2L	4526264	4526324	Deletion	60
2L	4526272	4526324	Deletion	52
2L	4529303	4526324	Deletion	2979
2L	4529303	4529420	Deletion	117
2L	4529303	4529343	Deletion	40
2L	4529303	4529358	Deletion	55
2L	4529303	4529337	Deletion	34
2L	4529303	4529377	Deletion	74
2L	4529303	4529426	Deletion	123
2L	4529303	4529369	Deletion	66
2L	4547915	4548027	Deletion	112
2L	4547938	4548027	Deletion	89
2L	4547977	4548027	Deletion	50
2L	4551725	4548027	Deletion	3698
2L	4551725	4551848	Deletion	123
2L	4551725	4551802	Deletion	77
2L	4595716	4595755	Deletion	39
2L	4595845	4595760	Deletion	85
2L	4595845	4595948	Deletion	103
2L	4595845	4595968	Deletion	123
2L	4595845	4595962	Deletion	117
2L	4595845	4595954	Deletion	109
2L	4595845	4595951	Deletion	106
2L	4595845	4595928	Deletion	83
2L	4596736	4596813	Deletion	77
2L	4596757	4596813	Deletion	56
2L	4607455	4607538	Deletion	83
2L	4607472	4607538	Deletion	66
2L	4644972	4644855	Deletion	117
2L	4644972	4645080	Deletion	108
2L	4644972	4645093	Deletion	121
2L	4644972	4645015	Deletion	43
2L	4644972	4645052	Deletion	80
2L	4644972	4645085	Deletion	113
2L	4648778	4648892	Deletion	114
2L	4648786	4648892	Deletion	106
2L	4648790	4648892	Deletion	102
2L	4648826	4648892	Deletion	66
2L	4648842	4648892	Deletion	50
2L	4648848	4648892	Deletion	44
2L	4648858	4648892	Deletion	34
2L	4652534	4648892	Deletion	3642
2L	4652534	4652596	Deletion	62
2L	4652534	4652628	Deletion	94
2L	4652534	4652618	Deletion	84
2L	4654214	4654258	Deletion	44
2L	4656780	4654258	Deletion	2522
2L	4656780	4656852	Deletion	72
2L	4656780	4656897	Deletion	117
2L	4670055	4670159	Deletion	104
2L	4670058	4670164	Deletion	106
2L	4670103	4670164	Deletion	61
2L	4670110	4670164	Deletion	54
2L	4670134	4670164	Deletion	30
2L	4672589	4670164	Deletion	2425
2L	4672589	4672661	Deletion	72
2L	4672589	4672654	Deletion	65
2L	4672589	4672685	Deletion	96
2L	4685303	4685357	Deletion	54
2L	4685303	4685409	Deletion	106
2L	4685303	4685414	Deletion	111
2L	4688028	4688139	Deletion	111
2L	4688039	4688139	Deletion	100
2L	4688045	4688139	Deletion	94
2L	4688066	4688139	Deletion	73
2L	4688068	4688139	Deletion	71
2L	4688070	4688139	Deletion	69
2L	4688859	4688139	Deletion	720
2L	4688859	4688912	Deletion	53
2L	4688859	4688891	Deletion	32
2L	4688859	4688916	Deletion	57
2L	4688859	4688961	Deletion	102
2L	4702511	4702564	Deletion	53
2L	4703974	4702564	Deletion	1410
2L	4703974	4704018	Deletion	44
2L	4703974	4704047	Deletion	73
2L	4716087	4716191	Deletion	104
2L	4716098	4716191	Deletion	93
2L	4716103	4716191	Deletion	88
2L	4716104	4716191	Deletion	87
2L	4716111	4716191	Deletion	80
2L	4716135	4716191	Deletion	56
2L	4730345	4716191	Deletion	14154
2L	4730345	4730452	Deletion	107
2L	4730345	4730378	Deletion	33
2L	4730345	4730415	Deletion	70
2L	4730345	4730468	Deletion	123
2L	4730345	4730383	Deletion	38
2L	4730345	4730391	Deletion	46
2L	4730345	4730444	Deletion	99
2L	4730345	4730463	Deletion	118
2L	4730350	4730384	Deletion	34
2L	4733883	4733956	Deletion	73
2L	4733896	4733956	Deletion	60
2L	4733897	4733956	Deletion	59
2L	4733898	4733956	Deletion	58
2L	4733899	4733956	Deletion	57
2L	4733910	4733956	Deletion	46
2L	4733926	4733956	Deletion	30
2L	4744192	4733956	Deletion	10236
2L	4744192	4744261	Deletion	69
2L	4744192	4744272	Deletion	80
2L	4744192	4744258	Deletion	66
2L	4744192	4744259	Deletion	67
2L	4744192	4744288	Deletion	96
2L	4744192	4744290	Deletion	98
2L	4744192	4744260	Deletion	68
2L	4746588	4746628	Deletion	40
2L	4746595	4746628	Deletion	33
2L	4746858	4746628	Deletion	230
2L	4746858	4746951	Deletion	93
2L	4751502	4751579	Deletion	77
2L	4751518	4751579	Deletion	61
2L	4751548	4751579	Deletion	31
2L	4751633	4751579	Deletion	54
2L	4751633	4751685	Deletion	52
2L	4751633	4751701	Deletion	68
2L	4751633	4751665	Deletion	32
2L	4755246	4755313	Deletion	67
2L	4755247	4755313	Deletion	66
2L	4755260	4755313	Deletion	53
2L	4756926	4755313	Deletion	1613
2L	4756926	4756985	Deletion	59
2L	4756926	4756986	Deletion	60
2L	4760388	4760481	Deletion	93
2L	4760403	4760481	Deletion	78
2L	4760413	4760481	Deletion	68
2L	4760422	4760481	Deletion	59
2L	4760433	4760481	Deletion	48
2L	4762082	4760481	Deletion	1601
2L	4762082	4762141	Deletion	59
2L	4762082	4762131	Deletion	49
2L	4762082	4762150	Deletion	68
2L	4762082	4762116	Deletion	34
2L	4762082	4762161	Deletion	79
2L	4762622	4762724	Deletion	102
2L	4762624	4762724	Deletion	100
2L	4762644	4762724	Deletion	80
2L	4762674	4762724	Deletion	50
2L	4770257	4762724	Deletion	7533
2L	4770257	4770333	Deletion	76
2L	4770257	4770303	Deletion	46
2L	4795510	4795614	Deletion	104
2L	4795511	4795614	Deletion	103
2L	4795528	4795614	Deletion	86
2L	4795537	4795614	Deletion	77
2L	4795550	4795614	Deletion	64
2L	4795559	4795614	Deletion	55
2L	4795568	4795614	Deletion	46
2L	4795576	4795614	Deletion	38
2L	4800491	4795614	Deletion	4877
2L	4800491	4800572	Deletion	81
2L	4800491	4800532	Deletion	41
2L	4800491	4800541	Deletion	50
2L	4800491	4800563	Deletion	72
2L	4800491	4800554	Deletion	63
2L	4807322	4807442	Deletion	120
2L	4807362	4807442	Deletion	80
2L	4807385	4807442	Deletion	57
2L	4807390	4807442	Deletion	52
2L	4807400	4807442	Deletion	42
2L	4813713	4807442	Deletion	6271
2L	4813713	4813760	Deletion	47
2L	4813713	4813822	Deletion	109
2L	4813713	4813798	Deletion	85
2L	4813713	4813818	Deletion	105
2L	4813713	4813814	Deletion	101
2L	4813713	4813811	Deletion	98
2L	4813713	4813788	Deletion	75
2L	4817702	4817762	Deletion	60
2L	4817715	4817762	Deletion	47
2L	4820856	4817762	Deletion	3094
2L	4820856	4820948	Deletion	92
2L	4820856	4820922	Deletion	66
2L	4820856	4820886	Deletion	30
2L	4820856	4820978	Deletion	122
2L	4822480	4822582	Deletion	102
2L	4822504	4822582	Deletion	78
2L	4828366	4822582	Deletion	5784
2L	4828366	4828489	Deletion	123
2L	4828366	4828415	Deletion	49
2L	4828703	4828755	Deletion	52
2L	4828715	4828755	Deletion	40
2L	4829780	4828755	Deletion	1025
2L	4829780	4829893	Deletion	113
2L	4829780	4829843	Deletion	63
2L	4829780	4829854	Deletion	74
2L	4834371	4834448	Deletion	77
2L	4834399	4834448	Deletion	49
2L	4834400	4834448	Deletion	48
2L	4835737	4834448	Deletion	1289
2L	4835737	4835816	Deletion	79
2L	4835737	4835843	Deletion	106
2L	4835737	4835834	Deletion	97
2L	4835737	4835814	Deletion	77
2L	4835737	4835786	Deletion	49
2L	4835737	4835851	Deletion	114
2L	4835737	4835835	Deletion	98
2L	4841129	4841208	Deletion	79
2L	4841140	4841208	Deletion	68
2L	4841142	4841208	Deletion	66
2L	4841143	4841208	Deletion	65
2L	4841144	4841208	Deletion	64
2L	4841163	4841208	Deletion	45
2L	4842599	4841208	Deletion	1391
2L	4842599	4842659	Deletion	60
2L	4842599	4842710	Deletion	111
2L	4842599	4842682	Deletion	83
2L	4842599	4842648	Deletion	49
2L	4842599	4842661	Deletion	62
2L	4842599	4842698	Deletion	99
2L	4842599	4842663	Deletion	64
2L	4842599	4842638	Deletion	39
2L	4842599	4842704	Deletion	105
2L	4850529	4850595	Deletion	66
2L	4850531	4850595	Deletion	64
2L	4850549	4850595	Deletion	46
2L	4850563	4850595	Deletion	32
2L	4850564	4850595	Deletion	31
2L	4850565	4850595	Deletion	30
2L	4850666	4850595	Deletion	71
2L	4850666	4850749	Deletion	83
2L	4850666	4850729	Deletion	63
2L	4850666	4850765	Deletion	99
2L	4850666	4850764	Deletion	98
2L	4850666	4850709	Deletion	43
2L	4850666	4850763	Deletion	97
2L	4852312	4852376	Deletion	64
2L	4852325	4852376	Deletion	51
2L	4852335	4852376	Deletion	41
2L	4856137	4852376	Deletion	3761
2L	4856137	4856199	Deletion	62
2L	4856137	4856212	Deletion	75
2L	4856137	4856259	Deletion	122
2L	4856137	4856235	Deletion	98
2L	4856137	4856184	Deletion	47
2L	4856771	4856858	Deletion	87
2L	4856814	4856858	Deletion	44
2L	4856824	4856858	Deletion	34
2L	4867317	4856858	Deletion	10459
2L	4867317	4867352	Deletion	35
2L	4867317	4867399	Deletion	82
2L	4867317	4867409	Deletion	92
2L	4867317	4867419	Deletion	102
2L	4896587	4896680	Deletion	93
2L	4896588	4896680	Deletion	92
2L	4905899	4896680	Deletion	9219
2L	4905899	4906002	Deletion	103
2L	4905899	4905932	Deletion	33
2L	4911268	4911384	Deletion	116
2L	4911284	4911384	Deletion	100
2L	4911291	4911384	Deletion	93
2L	4911308	4911384	Deletion	76
2L	4911322	4911384	Deletion	62
2L	4911326	4911384	Deletion	58
2L	4911340	4911384	Deletion	44
2L	4913818	4911384	Deletion	2434
2L	4913818	4913868	Deletion	50
2L	4913818	4913900	Deletion	82
2L	4913818	4913882	Deletion	64
2L	4923258	4923348	Deletion	90
2L	4923275	4923348	Deletion	73
2L	4923286	4923348	Deletion	62
2L	4923308	4923348	Deletion	40
2L	4923317	4923348	Deletion	31
2L	4932833	4923348	Deletion	9485
2L	4932833	4932919	Deletion	86
2L	4932833	4932933	Deletion	100
2L	4932833	4932869	Deletion	36
2L	4932833	4932897	Deletion	64
2L	4932833	4932886	Deletion	53
2L	4932836	4932928	Deletion	92
2L	4933098	4933191	Deletion	93
2L	4933120	4933191	Deletion	71
2L	4933144	4933191	Deletion	47
2L	4941834	4941889	Deletion	55
2L	4941834	4941913	Deletion	79
2L	4943060	4943153	Deletion	93
2L	4943069	4943153	Deletion	84
2L	4943072	4943153	Deletion	81
2L	4943079	4943153	Deletion	74
2L	4943086	4943153	Deletion	67
2L	4943109	4943153	Deletion	44
2L	4957993	4958038	Deletion	45
2L	4957993	4958052	Deletion	59
2L	4957993	4958026	Deletion	33
2L	4957993	4958035	Deletion	42
2L	4957993	4958045	Deletion	52
2L	4957993	4958112	Deletion	119
2L	4957993	4958075	Deletion	82
2L	4978371	4978452	Deletion	81
2L	4978399	4978452	Deletion	53
2L	4978404	4978452	Deletion	48
2L	4980696	4978452	Deletion	2244
2L	4980696	4980770	Deletion	74
2L	4980696	4980775	Deletion	79
2L	4982270	4982367	Deletion	97
2L	4982286	4982367	Deletion	81
2L	4982420	4982367	Deletion	53
2L	4982420	4982523	Deletion	103
2L	4982420	4982497	Deletion	77
2L	4982420	4982542	Deletion	122
2L	4982420	4982517	Deletion	97
2L	4997413	4997492	Deletion	79
2L	4997787	4997492	Deletion	295
2L	4997787	4997903	Deletion	116
2L	5002965	5003037	Deletion	72
2L	5002979	5003037	Deletion	58
2L	5003007	5003037	Deletion	30
2L	5004515	5003037	Deletion	1478
2L	5004515	5004569	Deletion	54
2L	5004515	5004611	Deletion	96
2L	5004515	5004556	Deletion	41
2L	5023877	5023990	Deletion	113
2L	5023924	5023990	Deletion	66
2L	5023946	5023990	Deletion	44
2L	5023954	5023990	Deletion	36
2L	5026145	5023990	Deletion	2155
2L	5026145	5026227	Deletion	82
2L	5026149	5026205	Deletion	56
2L	5033881	5033988	Deletion	107
2L	5033882	5033988	Deletion	106
2L	5033884	5033988	Deletion	104
2L	5034037	5033988	Deletion	49
2L	5034037	5034145	Deletion	108
2L	5039872	5039991	Deletion	119
2L	5039879	5039991	Deletion	112
2L	5039893	5039991	Deletion	98
2L	5039907	5039991	Deletion	84
2L	5039908	5039991	Deletion	83
2L	5039910	5039991	Deletion	81
2L	5039918	5039991	Deletion	73
2L	5039923	5039991	Deletion	68
2L	5039956	5039991	Deletion	35
2L	5039959	5039991	Deletion	32
2L	5040141	5039991	Deletion	150
2L	5040141	5040186	Deletion	45
2L	5040141	5040199	Deletion	58
2L	5040141	5040184	Deletion	43
2L	5040141	5040232	Deletion	91
2L	5040141	5040183	Deletion	42
2L	5040141	5040263	Deletion	122
2L	5040141	5040194	Deletion	53
2L	5052970	5053087	Deletion	117
2L	5052990	5053087	Deletion	97
2L	5052995	5053087	Deletion	92
2L	5053263	5053087	Deletion	176
2L	5053263	5053377	Deletion	114
2L	5053263	5053385	Deletion	122
2L	5053263	5053297	Deletion	34
2L	5053623	5053713	Deletion	90
2L	5053638	5053713	Deletion	75
2L	5053639	5053713	Deletion	74
2L	5053667	5053713	Deletion	46
2L	5053668	5053713	Deletion	45
2L	5053670	5053713	Deletion	43
2L	5053764	5053844	Deletion	80
2L	5053764	5053847	Deletion	83
2L	5053764	5053865	Deletion	101
2L	5053764	5053816	Deletion	52
2L	5053764	5053845	Deletion	81
2L	5053764	5053800	Deletion	36
2L	5060357	5060459	Deletion	102
2L	5060363	5060459	Deletion	96
2L	5060372	5060459	Deletion	87
2L	5060523	5060459	Deletion	64
2L	5060523	5060553	Deletion	30
2L	5096303	5096389	Deletion	86
2L	5096317	5096389	Deletion	72
2L	5096321	5096389	Deletion	68
2L	5096356	5096389	Deletion	33
2L	5096717	5096389	Deletion	328
2L	5096717	5096771	Deletion	54
2L	5096717	5096810	Deletion	93
2L	5096717	5096757	Deletion	40
2L	5096717	5096813	Deletion	96
2L	5105475	5105580	Deletion	105
2L	5105546	5105580	Deletion	34
2L	5107594	5105580	Deletion	2014
2L	5107594	5107687	Deletion	93
2L	5124139	5124219	Deletion	80
2L	5124143	5124219	Deletion	76
2L	5124155	5124219	Deletion	64
2L	5124173	5124219	Deletion	46
2L	5138726	5124219	Deletion	14507
2L	5138726	5138789	Deletion	63
2L	5138726	5138763	Deletion	37
2L	5138726	5138777	Deletion	51
2L	5170865	5170981	Deletion	116
2L	5170867	5170981	Deletion	114
2L	5170891	5170981	Deletion	90
2L	5170898	5170981	Deletion	83
2L	5170905	5170981	Deletion	76
2L	5170922	5170981	Deletion	59
2L	5170926	5170981	Deletion	55
2L	5174276	5174319	Deletion	43
2L	5189395	5189471	Deletion	76
2L	5189407	5189471	Deletion	64
2L	5189426	5189471	Deletion	45
2L	5189432	5189471	Deletion	39
2L	5189434	5189471	Deletion	37
2L	5189437	5189471	Deletion	34
2L	5206165	5189471	Deletion	16694
2L	5206165	5206252	Deletion	87
2L	5206165	5206227	Deletion	62
2L	5206165	5206277	Deletion	112
2L	5206165	5206257	Deletion	92
2L	5206165	5206266	Deletion	101
2L	5206165	5206198	Deletion	33
2L	5206165	5206246	Deletion	81
2L	5206165	5206215	Deletion	50
2L	5206165	5206268	Deletion	103
2L	5210880	5210979	Deletion	99
2L	5210900	5210979	Deletion	79
2L	5210907	5210979	Deletion	72
2L	5223831	5210979	Deletion	12852
2L	5223831	5223878	Deletion	47
2L	5223831	5223929	Deletion	98
2L	5223831	5223944	Deletion	113
2L	5237976	5238084	Deletion	108
2L	5237978	5238084	Deletion	106
2L	5237988	5238084	Deletion	96
2L	5238001	5238084	Deletion	83
2L	5238007	5238084	Deletion	77
2L	5238024	5238084	Deletion	60
2L	5238038	5238084	Deletion	46
2L	5238054	5238084	Deletion	30
2L	5240779	5238084	Deletion	2695
2L	5240779	5240875	Deletion	96
2L	5240779	5240859	Deletion	80
2L	5240779	5240903	Deletion	124
2L	5240779	5240828	Deletion	49
2L	5240779	5240845	Deletion	66
2L	5240779	5240822	Deletion	43
2L	5240779	5240898	Deletion	119
2L	5240779	5240900	Deletion	121
2L	5249057	5249137	Deletion	80
2L	5249064	5249137	Deletion	73
2L	5249089	5249137	Deletion	48
2L	5249090	5249137	Deletion	47
2L	5249103	5249137	Deletion	34
2L	5249107	5249137	Deletion	30
2L	5250710	5250763	Deletion	53
2L	5250710	5250802	Deletion	92
2L	5250710	5250756	Deletion	46
2L	5250710	5250788	Deletion	78
2L	5273959	5274039	Deletion	80
2L	5273974	5274039	Deletion	65
2L	5273977	5274039	Deletion	62
2L	5273980	5274039	Deletion	59
2L	5283591	5274039	Deletion	9552
2L	5283591	5283655	Deletion	64
2L	5283591	5283658	Deletion	67
2L	5283591	5283637	Deletion	46
2L	5283591	5283652	Deletion	61
2L	5285014	5285091	Deletion	77
2L	5285029	5285091	Deletion	62
2L	5285049	5285091	Deletion	42
2L	5285058	5285091	Deletion	33
2L	5287875	5285091	Deletion	2784
2L	5287875	5287942	Deletion	67
2L	5287875	5287927	Deletion	52
2L	5287875	5287971	Deletion	96
2L	5291567	5291656	Deletion	89
2L	5291581	5291656	Deletion	75
2L	5291592	5291656	Deletion	64
2L	5291593	5291656	Deletion	63
2L	5291831	5291656	Deletion	175
2L	5291831	5291950	Deletion	119
2L	5291831	5291868	Deletion	37
2L	5291831	5291894	Deletion	63
2L	5291831	5291893	Deletion	62
2L	5291831	5291946	Deletion	115
2L	5317693	5317771	Deletion	78
2L	5317705	5317771	Deletion	66
2L	5317715	5317771	Deletion	56
2L	5317726	5317771	Deletion	45
2L	5317729	5317771	Deletion	42
2L	5317740	5317771	Deletion	31
2L	5320834	5317771	Deletion	3063
2L	5320834	5320915	Deletion	81
2L	5320834	5320954	Deletion	120
2L	5320834	5320904	Deletion	70
2L	5320834	5320918	Deletion	84
2L	5320834	5320894	Deletion	60
2L	5320834	5320882	Deletion	48
2L	5320834	5320929	Deletion	95
2L	5320834	5320941	Deletion	107
2L	5320834	5320949	Deletion	115
2L	5341251	5341295	Deletion	44
2L	5359760	5359843	Deletion	83
2L	5371450	5361828	Deletion	9622
2L	5371450	5371561	Deletion	111
2L	5371450	5371567	Deletion	117
2L	5371450	5371539	Deletion	89
2L	5395217	5395334	Deletion	117
2L	5395227	5395334	Deletion	107
2L	5395232	5395334	Deletion	102
2L	5395276	5395334	Deletion	58
2L	5403625	5395334	Deletion	8291
2L	5403625	5403726	Deletion	101
2L	5403625	5403745	Deletion	120
2L	5403625	5403736	Deletion	111
2L	5413322	5413381	Deletion	59
2L	5413323	5413381	Deletion	58
2L	5413328	5413381	Deletion	53
2L	5413333	5413381	Deletion	48
2L	5413343	5413381	Deletion	38
2L	5421227	5413381	Deletion	7846
2L	5421227	5421297	Deletion	70
2L	5421227	5421341	Deletion	114
2L	5421227	5421303	Deletion	76
2L	5421227	5421318	Deletion	91
2L	5421227	5421328	Deletion	101
2L	5421227	5421298	Deletion	71
2L	5433605	5433708	Deletion	103
2L	5433631	5433708	Deletion	77
2L	5433640	5433708	Deletion	68
2L	5433654	5433708	Deletion	54
2L	5433674	5433708	Deletion	34
2L	5433675	5433708	Deletion	33
2L	5433817	5433708	Deletion	109
2L	5433817	5433917	Deletion	100
2L	5433817	5433909	Deletion	92
2L	5433817	5433866	Deletion	49
2L	5433817	5433889	Deletion	72
2L	5433817	5433910	Deletion	93
2L	5446302	5446411	Deletion	109
2L	5446324	5446409	Deletion	85
2L	5446330	5446411	Deletion	81
2L	5446341	5446411	Deletion	70
2L	5446348	5446411	Deletion	63
2L	5446349	5446411	Deletion	62
2L	5446359	5446411	Deletion	52
2L	5446491	5446411	Deletion	80
2L	5446491	5446547	Deletion	56
2L	5446491	5446565	Deletion	74
2L	5446491	5446536	Deletion	45
2L	5446491	5446594	Deletion	103
2L	5446491	5446554	Deletion	63
2L	5446491	5446530	Deletion	39
2L	5446491	5446598	Deletion	107
2L	5446491	5446593	Deletion	102
2L	5446491	5446599	Deletion	108
2L	5462164	5462240	Deletion	76
2L	5462176	5462240	Deletion	64
2L	5462193	5462240	Deletion	47
2L	5462206	5462240	Deletion	34
2L	5464203	5462240	Deletion	1963
2L	5464203	5464308	Deletion	105
2L	5464203	5464267	Deletion	64
2L	5464203	5464297	Deletion	94
2L	5464203	5464255	Deletion	52
2L	5464203	5464284	Deletion	81
2L	5464203	5464313	Deletion	110
2L	5480488	5480557	Deletion	69
2L	5483265	5480557	Deletion	2708
2L	5483265	5483324	Deletion	59
2L	5483265	5483384	Deletion	119
2L	5483265	5483379	Deletion	114
2L	5490823	5490943	Deletion	120
2L	5490827	5490943	Deletion	116
2L	5490832	5490943	Deletion	111
2L	5490862	5490943	Deletion	81
2L	5490864	5490943	Deletion	79
2L	5490871	5490943	Deletion	72
2L	5490874	5490943	Deletion	69
2L	5490892	5490943	Deletion	51
2L	5490898	5490943	Deletion	45
2L	5490901	5490943	Deletion	42
2L	5490906	5490943	Deletion	37
2L	5494171	5490943	Deletion	3228
2L	5494171	5494260	Deletion	89
2L	5494171	5494252	Deletion	81
2L	5494171	5494216	Deletion	45
2L	5494171	5494255	Deletion	84
2L	5494171	5494287	Deletion	116
2L	5494171	5494246	Deletion	75
2L	5494171	5494277	Deletion	106
2L	5494171	5494218	Deletion	47
2L	5507602	5507698	Deletion	96
2L	5507643	5507697	Deletion	54
2L	5509169	5509291	Deletion	122
2L	5509169	5509242	Deletion	73
2L	5509169	5509270	Deletion	101
2L	5537486	5537581	Deletion	95
2L	5537487	5537581	Deletion	94
2L	5537502	5537581	Deletion	79
2L	5537503	5537581	Deletion	78
2L	5537528	5537581	Deletion	53
2L	5537534	5537581	Deletion	47
2L	5537849	5537581	Deletion	268
2L	5537849	5537947	Deletion	98
2L	5537849	5537923	Deletion	74
2L	5537849	5537898	Deletion	49
2L	5537849	5537882	Deletion	33
2L	5537849	5537881	Deletion	32
2L	5537849	5537929	Deletion	80
2L	5545825	5545928	Deletion	103
2L	5545876	5545928	Deletion	52
2L	5545883	5545928	Deletion	45
2L	5545884	5545928	Deletion	44
2L	5555123	5545928	Deletion	9195
2L	5555123	5555204	Deletion	81
2L	5555123	5555205	Deletion	82
2L	5555123	5555243	Deletion	120
2L	5563555	5563674	Deletion	119
2L	5563556	5563674	Deletion	118
2L	5563607	5563674	Deletion	67
2L	5563632	5563674	Deletion	42
2L	5564762	5564886	Deletion	124
2L	5564762	5564847	Deletion	85
2L	5572521	5572618	Deletion	97
2L	5577367	5572618	Deletion	4749
2L	5577367	5577467	Deletion	100
2L	5577367	5577485	Deletion	118
2L	5577367	5577476	Deletion	109
2L	5581868	5581951	Deletion	83
2L	5581907	5581951	Deletion	44
2L	5581911	5581951	Deletion	40
2L	5581919	5581951	Deletion	32
2L	5583144	5581951	Deletion	1193
2L	5583144	5583230	Deletion	86
2L	5583144	5583238	Deletion	94
2L	5583144	5583226	Deletion	82
2L	5583144	5583242	Deletion	98
2L	5583144	5583187	Deletion	43
2L	5583144	5583267	Deletion	123
2L	5585054	5585156	Deletion	102
2L	5585061	5585156	Deletion	95
2L	5585063	5585156	Deletion	93
2L	5585106	5585156	Deletion	50
2L	5585114	5585156	Deletion	42
2L	5585602	5585156	Deletion	446
2L	5585602	5585724	Deletion	122
2L	5585602	5585635	Deletion	33
2L	5585602	5585678	Deletion	76
2L	5585602	5585633	Deletion	31
2L	5607232	5607317	Deletion	85
2L	5607235	5607317	Deletion	82
2L	5607266	5607317	Deletion	51
2L	5607487	5607313	Deletion	174
2L	5607487	5607562	Deletion	75
2L	5607487	5607531	Deletion	44
2L	5607487	5607528	Deletion	41
2L	5613196	5613306	Deletion	110
2L	5613200	5613306	Deletion	106
2L	5613210	5613306	Deletion	96
2L	5613244	5613306	Deletion	62
2L	5622117	5613306	Deletion	8811
2L	5622117	5622147	Deletion	30
2L	5629846	5629904	Deletion	58
2L	5630275	5629904	Deletion	371
2L	5630275	5630390	Deletion	115
2L	5636184	5636252	Deletion	68
2L	5636189	5636252	Deletion	63
2L	5636203	5636252	Deletion	49
2L	5636213	5636252	Deletion	39
2L	5637377	5636252	Deletion	1125
2L	5637377	5637440	Deletion	63
2L	5637377	5637454	Deletion	77
2L	5637377	5637435	Deletion	58
2L	5639643	5639753	Deletion	110
2L	5639687	5639753	Deletion	66
2L	5639693	5639753	Deletion	60
2L	5639697	5639753	Deletion	56
2L	5639707	5639753	Deletion	46
2L	5641586	5639753	Deletion	1833
2L	5641586	5641666	Deletion	80
2L	5641586	5641656	Deletion	70
2L	5641586	5641652	Deletion	66
2L	5641591	5641699	Deletion	108
2L	5647954	5648029	Deletion	75
2L	5647971	5648029	Deletion	58
2L	5648658	5648029	Deletion	629
2L	5648658	5648711	Deletion	53
2L	5663622	5663722	Deletion	100
2L	5663626	5663722	Deletion	96
2L	5663628	5663722	Deletion	94
2L	5663633	5663722	Deletion	89
2L	5663641	5663722	Deletion	81
2L	5663642	5663722	Deletion	80
2L	5663643	5663722	Deletion	79
2L	5663666	5663722	Deletion	56
2L	5663672	5663722	Deletion	50
2L	5668299	5663722	Deletion	4577
2L	5668299	5668336	Deletion	37
2L	5668299	5668369	Deletion	70
2L	5668299	5668344	Deletion	45
2L	5668299	5668346	Deletion	47
2L	5668299	5668419	Deletion	120
2L	5668299	5668331	Deletion	32
2L	5668299	5668418	Deletion	119
2L	5668299	5668329	Deletion	30
2L	5668299	5668375	Deletion	76
2L	5688936	5688997	Deletion	61
2L	5688940	5688997	Deletion	57
2L	5688945	5688997	Deletion	52
2L	5688963	5688997	Deletion	34
2L	5688965	5688997	Deletion	32
2L	5689782	5688997	Deletion	785
2L	5689782	5689847	Deletion	65
2L	5689782	5689876	Deletion	94
2L	5689782	5689851	Deletion	69
2L	5689782	5689874	Deletion	92
2L	5704584	5704668	Deletion	84
2L	5704606	5704668	Deletion	62
2L	5704637	5704668	Deletion	31
2L	5704985	5704668	Deletion	317
2L	5704985	5705082	Deletion	97
2L	5704985	5705049	Deletion	64
2L	5704985	5705093	Deletion	108
2L	5704985	5705080	Deletion	95
2L	5706274	5706344	Deletion	70
2L	5706308	5706349	Deletion	41
2L	5706443	5706349	Deletion	94
2L	5706443	5706549	Deletion	106
2L	5706443	5706528	Deletion	85
2L	5706443	5706567	Deletion	124
2L	5709096	5709177	Deletion	81
2L	5709106	5709177	Deletion	71
2L	5709128	5709177	Deletion	49
2L	5710848	5709177	Deletion	1671
2L	5710848	5710894	Deletion	46
2L	5710848	5710904	Deletion	56
2L	5710848	5710954	Deletion	106
2L	5765591	5765689	Deletion	98
2L	5765633	5765689	Deletion	56
2L	5765649	5765689	Deletion	40
2L	5765658	5765689	Deletion	31
2L	5768628	5765689	Deletion	2939
2L	5768628	5768714	Deletion	86
2L	5768628	5768752	Deletion	124
2L	5768628	5768743	Deletion	115
2L	5768628	5768723	Deletion	95
2L	5770154	5770268	Deletion	114
2L	5770170	5770268	Deletion	98
2L	5770179	5770268	Deletion	89
2L	5770237	5770268	Deletion	31
2L	5770408	5770503	Deletion	95
2L	5770408	5770507	Deletion	99
2L	5788234	5788318	Deletion	84
2L	5788262	5788318	Deletion	56
2L	5788266	5788318	Deletion	52
2L	5788276	5788318	Deletion	42
2L	5788655	5788318	Deletion	337
2L	5788655	5788729	Deletion	74
2L	5788655	5788697	Deletion	42
2L	5788655	5788725	Deletion	70
2L	5788655	5788739	Deletion	84
2L	5789884	5789955	Deletion	71
2L	5789915	5789955	Deletion	40
2L	5789923	5789955	Deletion	32
2L	5812190	5789955	Deletion	22235
2L	5812190	5812294	Deletion	104
2L	5812190	5812226	Deletion	36
2L	5812190	5812246	Deletion	56
2L	5812190	5812277	Deletion	87
2L	5812190	5812285	Deletion	95
2L	5812190	5812289	Deletion	99
2L	5843700	5843795	Deletion	95
2L	5843701	5843795	Deletion	94
2L	5843722	5843795	Deletion	73
2L	5843740	5843795	Deletion	55
2L	5848067	5843795	Deletion	4272
2L	5848067	5848098	Deletion	31
2L	5848067	5848138	Deletion	71
2L	5848067	5848099	Deletion	32
2L	5858093	5858203	Deletion	110
2L	5858124	5858203	Deletion	79
2L	5858125	5858200	Deletion	75
2L	5859233	5858203	Deletion	1030
2L	5859233	5859281	Deletion	48
2L	5859233	5859280	Deletion	47
2L	5865545	5865633	Deletion	88
2L	5865552	5865633	Deletion	81
2L	5865589	5865633	Deletion	44
2L	5865750	5865633	Deletion	117
2L	5865750	5865832	Deletion	82
2L	5865750	5865795	Deletion	45
2L	5869498	5869582	Deletion	84
2L	5869533	5869582	Deletion	49
2L	5870172	5869582	Deletion	590
2L	5870172	5870251	Deletion	79
2L	5892616	5892712	Deletion	96
2L	5892620	5892712	Deletion	92
2L	5892650	5892712	Deletion	62
2L	5892657	5892712	Deletion	55
2L	5892673	5892712	Deletion	39
2L	5892674	5892712	Deletion	38
2L	5892921	5892712	Deletion	209
2L	5892921	5893009	Deletion	88
2L	5892921	5893044	Deletion	123
2L	5892921	5892986	Deletion	65
2L	5892921	5892993	Deletion	72
2L	5892921	5893041	Deletion	120
2L	5892921	5892951	Deletion	30
2L	5892921	5892956	Deletion	35
2L	5892921	5893010	Deletion	89
2L	5893231	5893337	Deletion	106
2L	5893250	5893337	Deletion	87
2L	5893253	5893337	Deletion	84
2L	5893264	5893337	Deletion	73
2L	5893267	5893337	Deletion	70
2L	5893275	5893337	Deletion	62
2L	5893305	5893337	Deletion	32
2L	5899642	5893337	Deletion	6305
2L	5899642	5899696	Deletion	54
2L	5899642	5899682	Deletion	40
2L	5899642	5899685	Deletion	43
2L	5899642	5899737	Deletion	95
2L	5899642	5899707	Deletion	65
2L	5900908	5901029	Deletion	121
2L	5900915	5901029	Deletion	114
2L	5900923	5901029	Deletion	106
2L	5900926	5901029	Deletion	103
2L	5900928	5901029	Deletion	101
2L	5900930	5901029	Deletion	99
2L	5900945	5901029	Deletion	84
2L	5900963	5901029	Deletion	66
2L	5900968	5901029	Deletion	61
2L	5921743	5901029	Deletion	20714
2L	5921743	5921843	Deletion	100
2L	5921743	5921809	Deletion	66
2L	5921743	5921862	Deletion	119
2L	5921743	5921804	Deletion	61
2L	5924471	5924574	Deletion	103
2L	5924490	5924574	Deletion	84
2L	5924493	5924574	Deletion	81
2L	5924494	5924574	Deletion	80
2L	5924499	5924574	Deletion	75
2L	5924505	5924574	Deletion	69
2L	5924522	5924574	Deletion	52
2L	5924523	5924574	Deletion	51
2L	5924952	5924574	Deletion	378
2L	5924952	5925004	Deletion	52
2L	5924952	5925010	Deletion	58
2L	5924952	5925028	Deletion	76
2L	5924952	5925027	Deletion	75
2L	5924952	5924999	Deletion	47
2L	5924952	5924998	Deletion	46
2L	5924952	5925051	Deletion	99
2L	5925065	5925151	Deletion	86
2L	5925067	5925151	Deletion	84
2L	5925091	5925151	Deletion	60
2L	5925100	5925151	Deletion	51
2L	5926481	5925151	Deletion	1330
2L	5926481	5926524	Deletion	43
2L	5926481	5926603	Deletion	122
2L	5926481	5926557	Deletion	76
2L	5926481	5926580	Deletion	99
2L	5926481	5926522	Deletion	41
2L	5926723	5926829	Deletion	106
2L	5926762	5926829	Deletion	67
2L	5926772	5926829	Deletion	57
2L	5926774	5926829	Deletion	55
2L	5926782	5926829	Deletion	47
2L	5926787	5926829	Deletion	42
2L	5938126	5938197	Deletion	71
2L	5938126	5938210	Deletion	84
2L	5938126	5938243	Deletion	117
2L	5938126	5938195	Deletion	69
2L	5938126	5938205	Deletion	79
2L	5938126	5938245	Deletion	119
2L	5946679	5946769	Deletion	90
2L	5946700	5946769	Deletion	69
2L	5946723	5946769	Deletion	46
2L	5946724	5946769	Deletion	45
2L	5946993	5947073	Deletion	80
2L	5946993	5947091	Deletion	98
2L	5946993	5947050	Deletion	57
2L	5946993	5947029	Deletion	36
2L	5961494	5961599	Deletion	105
2L	5961544	5961599	Deletion	55
2L	5961560	5961599	Deletion	39
2L	5961565	5961599	Deletion	34
2L	5963090	5961599	Deletion	1491
2L	5963090	5963182	Deletion	92
2L	5963090	5963177	Deletion	87
2L	5966561	5966669	Deletion	108
2L	5966568	5966669	Deletion	101
2L	5966606	5966669	Deletion	63
2L	5966613	5966669	Deletion	56
2L	5972078	5966669	Deletion	5409
2L	5972078	5972150	Deletion	72
2L	5972078	5972157	Deletion	79
2L	5972078	5972200	Deletion	122
2L	5972078	5972202	Deletion	124
2L	5972188	5972254	Deletion	66
2L	5972193	5972254	Deletion	61
2L	5972214	5972254	Deletion	40
2L	5982029	5982095	Deletion	66
2L	5982029	5982090	Deletion	61
2L	5982029	5982129	Deletion	100
2L	5982029	5982142	Deletion	113
2L	5982316	5982373	Deletion	57
2L	5982326	5982373	Deletion	47
2L	5982337	5982373	Deletion	36
2L	5982343	5982373	Deletion	30
2L	5993986	5994017	Deletion	31
2L	5993986	5994066	Deletion	80
2L	5993986	5994077	Deletion	91
2L	5993986	5994083	Deletion	97
2L	5993989	5994106	Deletion	117
2L	5995568	5995620	Deletion	52
2L	5996687	5995620	Deletion	1067
2L	5996687	5996761	Deletion	74
2L	6002431	6002549	Deletion	118
2L	6002431	6002535	Deletion	104
2L	6002431	6002550	Deletion	119
2L	6008799	6008910	Deletion	111
2L	6008803	6008910	Deletion	107
2L	6008808	6008910	Deletion	102
2L	6008817	6008910	Deletion	93
2L	6008832	6008910	Deletion	78
2L	6008875	6008910	Deletion	35
2L	6011582	6008910	Deletion	2672
2L	6011582	6011685	Deletion	103
2L	6011582	6011634	Deletion	52
2L	6011582	6011694	Deletion	112
2L	6011582	6011619	Deletion	37
2L	6016618	6016719	Deletion	101
2L	6016624	6016719	Deletion	95
2L	6016626	6016719	Deletion	93
2L	6016663	6016719	Deletion	56
2L	6016683	6016719	Deletion	36
2L	6017594	6016719	Deletion	875
2L	6017594	6017666	Deletion	72
2L	6017594	6017627	Deletion	33
2L	6017594	6017629	Deletion	35
2L	6017594	6017699	Deletion	105
2L	6022255	6022352	Deletion	97
2L	6022265	6022352	Deletion	87
2L	6024247	6022352	Deletion	1895
2L	6024247	6024286	Deletion	39
2L	6044922	6044871	Deletion	51
2L	6044922	6045028	Deletion	106
2L	6053068	6053113	Deletion	45
2L	6060098	6053113	Deletion	6985
2L	6060098	6060179	Deletion	81
2L	6060098	6060175	Deletion	77
2L	6072739	6072838	Deletion	99
2L	6072743	6072838	Deletion	95
2L	6072747	6072838	Deletion	91
2L	6073763	6072838	Deletion	925
2L	6073763	6073799	Deletion	36
2L	6090671	6090719	Deletion	48
2L	6090678	6090731	Deletion	53
2L	6090680	6090731	Deletion	51
2L	6090692	6090731	Deletion	39
2L	6090695	6090727	Deletion	32
2L	6097460	6090731	Deletion	6729
2L	6097460	6097550	Deletion	90
2L	6097460	6097574	Deletion	114
2L	6097460	6097547	Deletion	87
2L	6097460	6097535	Deletion	75
2L	6097460	6097533	Deletion	73
2L	6097659	6097763	Deletion	104
2L	6097676	6097763	Deletion	87
2L	6097689	6097763	Deletion	74
2L	6097709	6097763	Deletion	54
2L	6099424	6097763	Deletion	1661
2L	6099424	6099463	Deletion	39
2L	6099424	6099526	Deletion	102
2L	6099424	6099496	Deletion	72
2L	6099783	6099895	Deletion	112
2L	6099785	6099895	Deletion	110
2L	6099788	6099895	Deletion	107
2L	6099790	6099895	Deletion	105
2L	6099830	6099895	Deletion	65
2L	6099831	6099895	Deletion	64
2L	6099832	6099895	Deletion	63
2L	6099849	6099895	Deletion	46
2L	6099856	6099895	Deletion	39
2L	6099864	6099895	Deletion	31
2L	6106138	6099895	Deletion	6243
2L	6106138	6106204	Deletion	66
2L	6106138	6106238	Deletion	100
2L	6106138	6106259	Deletion	121
2L	6106138	6106236	Deletion	98
2L	6106138	6106230	Deletion	92
2L	6106138	6106223	Deletion	85
2L	6106138	6106205	Deletion	67
2L	6106138	6106206	Deletion	68
2L	6108611	6108687	Deletion	76
2L	6108626	6108687	Deletion	61
2L	6108629	6108687	Deletion	58
2L	6108635	6108687	Deletion	52
2L	6108640	6108687	Deletion	47
2L	6108645	6108687	Deletion	42
2L	6114183	6108687	Deletion	5496
2L	6114183	6114249	Deletion	66
2L	6114183	6114258	Deletion	75
2L	6114183	6114263	Deletion	80
2L	6114183	6114234	Deletion	51
2L	6114183	6114300	Deletion	117
2L	6114183	6114268	Deletion	85
2L	6114183	6114252	Deletion	69
2L	6114183	6114215	Deletion	32
2L	6114454	6114550	Deletion	96
2L	6114493	6114550	Deletion	57
2L	6114507	6114550	Deletion	43
2L	6114516	6114550	Deletion	34
2L	6118157	6114550	Deletion	3607
2L	6118157	6118241	Deletion	84
2L	6118157	6118227	Deletion	70
2L	6118157	6118250	Deletion	93
2L	6119368	6119429	Deletion	61
2L	6119377	6119429	Deletion	52
2L	6119380	6119429	Deletion	49
2L	6119385	6119429	Deletion	44
2L	6119389	6119429	Deletion	40
2L	6119390	6119429	Deletion	39
2L	6119394	6119429	Deletion	35
2L	6129329	6119429	Deletion	9900
2L	6129329	6129411	Deletion	82
2L	6129329	6129416	Deletion	87
2L	6129329	6129406	Deletion	77
2L	6129329	6129420	Deletion	91
2L	6129329	6129452	Deletion	123
2L	6129329	6129415	Deletion	86
2L	6129329	6129403	Deletion	74
2L	6129329	6129389	Deletion	60
2L	6132596	6132691	Deletion	95
2L	6132607	6132691	Deletion	84
2L	6132611	6132691	Deletion	80
2L	6134944	6132691	Deletion	2253
2L	6134944	6135062	Deletion	118
2L	6134944	6134990	Deletion	46
2L	6134944	6134986	Deletion	42
2L	6137731	6137784	Deletion	53
2L	6137740	6137784	Deletion	44
2L	6137750	6137784	Deletion	34
2L	6137751	6137784	Deletion	33
2L	6137752	6137784	Deletion	32
2L	6139322	6137784	Deletion	1538
2L	6139322	6139404	Deletion	82
2L	6139322	6139443	Deletion	121
2L	6139322	6139425	Deletion	103
2L	6139322	6139395	Deletion	73
2L	6139322	6139414	Deletion	92
2L	6139322	6139415	Deletion	93
2L	6139322	6139440	Deletion	118
2L	6139322	6139381	Deletion	59
2L	6143247	6143299	Deletion	52
2L	6144009	6143299	Deletion	710
2L	6144009	6144083	Deletion	74
2L	6144009	6144064	Deletion	55
2L	6144009	6144129	Deletion	120
2L	6167884	6167986	Deletion	102
2L	6167908	6167986	Deletion	78
2L	6167911	6167986	Deletion	75
2L	6167920	6167986	Deletion	66
2L	6167953	6167986	Deletion	33
2L	6168331	6167986	Deletion	345
2L	6168331	6168435	Deletion	104
2L	6168331	6168454	Deletion	123
2L	6168331	6168391	Deletion	60
2L	6168331	6168424	Deletion	93
2L	6168331	6168382	Deletion	51
2L	6173278	6173319	Deletion	41
2L	6173687	6173319	Deletion	368
2L	6173687	6173806	Deletion	119
2L	6182888	6182992	Deletion	104
2L	6182934	6182992	Deletion	58
2L	6182943	6182992	Deletion	49
2L	6189004	6182992	Deletion	6012
2L	6189004	6189082	Deletion	78
2L	6196852	6196961	Deletion	109
2L	6196906	6196961	Deletion	55
2L	6196928	6196961	Deletion	33
2L	6197058	6196961	Deletion	97
2L	6197058	6197129	Deletion	71
2L	6197058	6197180	Deletion	122
2L	6204889	6204977	Deletion	88
2L	6204943	6204977	Deletion	34
2L	6207318	6204977	Deletion	2341
2L	6207318	6207413	Deletion	95
2L	6207318	6207356	Deletion	38
2L	6207318	6207420	Deletion	102
2L	6209367	6209429	Deletion	62
2L	6209369	6209429	Deletion	60
2L	6209384	6209429	Deletion	45
2L	6211217	6209429	Deletion	1788
2L	6211217	6211266	Deletion	49
2L	6211217	6211285	Deletion	68
2L	6211217	6211323	Deletion	106
2L	6211217	6211287	Deletion	70
2L	6217646	6217763	Deletion	117
2L	6217650	6217763	Deletion	113
2L	6217655	6217763	Deletion	108
2L	6217666	6217763	Deletion	97
2L	6217669	6217763	Deletion	94
2L	6217670	6217763	Deletion	93
2L	6217703	6217763	Deletion	60
2L	6217711	6217763	Deletion	52
2L	6217718	6217763	Deletion	45
2L	6218015	6218096	Deletion	81
2L	6218015	6218048	Deletion	33
2L	6218015	6218089	Deletion	74
2L	6218015	6218047	Deletion	32
2L	6218700	6218814	Deletion	114
2L	6218702	6218814	Deletion	112
2L	6218712	6218814	Deletion	102
2L	6218722	6218814	Deletion	92
2L	6218761	6218814	Deletion	53
2L	6218776	6218814	Deletion	38
2L	6218779	6218814	Deletion	35
2L	6220560	6218814	Deletion	1746
2L	6220560	6220648	Deletion	88
2L	6220560	6220660	Deletion	100
2L	6220560	6220651	Deletion	91
2L	6220560	6220633	Deletion	73
2L	6223414	6223492	Deletion	78
2L	6223418	6223492	Deletion	74
2L	6223419	6223492	Deletion	73
2L	6223438	6223492	Deletion	54
2L	6228276	6223492	Deletion	4784
2L	6228276	6228327	Deletion	51
2L	6228276	6228332	Deletion	56
2L	6228276	6228351	Deletion	75
2L	6228276	6228392	Deletion	116
2L	6228276	6228315	Deletion	39
2L	6243147	6243221	Deletion	74
2L	6243152	6243221	Deletion	69
2L	6243156	6243221	Deletion	65
2L	6243169	6243221	Deletion	52
2L	6243182	6243221	Deletion	39
2L	6243461	6243221	Deletion	240
2L	6243461	6243559	Deletion	98
2L	6243461	6243518	Deletion	57
2L	6243461	6243535	Deletion	74
2L	6243461	6243548	Deletion	87
2L	6243461	6243573	Deletion	112
2L	6243461	6243496	Deletion	35
2L	6243461	6243522	Deletion	61
2L	6243662	6243750	Deletion	88
2L	6243678	6243750	Deletion	72
2L	6243681	6243750	Deletion	69
2L	6243691	6243750	Deletion	59
2L	6243698	6243750	Deletion	52
2L	6246373	6243750	Deletion	2623
2L	6246373	6246449	Deletion	76
2L	6246373	6246429	Deletion	56
2L	6246373	6246413	Deletion	40
2L	6246373	6246482	Deletion	109
2L	6246373	6246432	Deletion	59
2L	6246373	6246486	Deletion	113
2L	6249552	6248339	Deletion	1213
2L	6249552	6249653	Deletion	101
2L	6249591	6249691	Deletion	100
2L	6249598	6249691	Deletion	93
2L	6249601	6249691	Deletion	90
2L	6249608	6249691	Deletion	83
2L	6249615	6249691	Deletion	76
2L	6249620	6249691	Deletion	71
2L	6249642	6249691	Deletion	49
2L	6249654	6249691	Deletion	37
2L	6252602	6249691	Deletion	2911
2L	6252602	6252691	Deletion	89
2L	6252602	6252638	Deletion	36
2L	6252602	6252652	Deletion	50
2L	6252602	6252645	Deletion	43
2L	6252602	6252657	Deletion	55
2L	6252602	6252679	Deletion	77
2L	6259433	6259511	Deletion	78
2L	6259456	6259511	Deletion	55
2L	6259473	6259511	Deletion	38
2L	6277745	6259511	Deletion	18234
2L	6277745	6277854	Deletion	109
2L	6277745	6277816	Deletion	71
2L	6277745	6277833	Deletion	88
2L	6277745	6277781	Deletion	36
2L	6283458	6283532	Deletion	74
2L	6283477	6283532	Deletion	55
2L	6283499	6283532	Deletion	33
2L	6283592	6283532	Deletion	60
2L	6283592	6283625	Deletion	33
2L	6283592	6283705	Deletion	113
2L	6283592	6283663	Deletion	71
2L	6283592	6283685	Deletion	93
2L	6289170	6289231	Deletion	61
2L	6289176	6289231	Deletion	55
2L	6289189	6289231	Deletion	42
2L	6289198	6289231	Deletion	33
2L	6290162	6289231	Deletion	931
2L	6290162	6290246	Deletion	84
2L	6290162	6290280	Deletion	118
2L	6290162	6290227	Deletion	65
2L	6290162	6290207	Deletion	45
2L	6290162	6290233	Deletion	71
2L	6297765	6297866	Deletion	101
2L	6297773	6297866	Deletion	93
2L	6297777	6297866	Deletion	89
2L	6297787	6297866	Deletion	79
2L	6297789	6297866	Deletion	77
2L	6297914	6297866	Deletion	48
2L	6297914	6297965	Deletion	51
2L	6297914	6297953	Deletion	39
2L	6297914	6297963	Deletion	49
2L	6297914	6297949	Deletion	35
2L	6332803	6332903	Deletion	100
2L	6332811	6332903	Deletion	92
2L	6332814	6332903	Deletion	89
2L	6332828	6332903	Deletion	75
2L	6332836	6332903	Deletion	67
2L	6332852	6332903	Deletion	51
2L	6332863	6332903	Deletion	40
2L	6333097	6332903	Deletion	194
2L	6333097	6333209	Deletion	112
2L	6333097	6333173	Deletion	76
2L	6333097	6333149	Deletion	52
2L	6333097	6333135	Deletion	38
2L	6333097	6333157	Deletion	60
2L	6333097	6333184	Deletion	87
2L	6333097	6333216	Deletion	119
2L	6342885	6341785	Deletion	1100
2L	6390241	6390348	Deletion	107
2L	6390242	6390348	Deletion	106
2L	6390252	6390348	Deletion	96
2L	6390317	6390348	Deletion	31
2L	6390749	6390348	Deletion	401
2L	6390749	6390871	Deletion	122
2L	6390749	6390845	Deletion	96
2L	6395197	6395299	Deletion	102
2L	6395224	6395299	Deletion	75
2L	6395226	6395299	Deletion	73
2L	6395252	6395299	Deletion	47
2L	6417360	6395299	Deletion	22061
2L	6417360	6417439	Deletion	79
2L	6417360	6417411	Deletion	51
2L	6417360	6417413	Deletion	53
2L	6417360	6417465	Deletion	105
2L	6417360	6417463	Deletion	103
2L	6456960	6457076	Deletion	116
2L	6457001	6457076	Deletion	75
2L	6457026	6457076	Deletion	50
2L	6457034	6457076	Deletion	42
2L	6458811	6457076	Deletion	1735
2L	6458811	6458896	Deletion	85
2L	6458811	6458863	Deletion	52
2L	6458811	6458931	Deletion	120
2L	6461896	6461967	Deletion	71
2L	6461897	6461967	Deletion	70
2L	6461908	6461963	Deletion	55
2L	6461910	6461967	Deletion	57
2L	6461913	6461967	Deletion	54
2L	6461915	6461967	Deletion	52
2L	6462479	6461967	Deletion	512
2L	6462479	6462552	Deletion	73
2L	6462479	6462549	Deletion	70
2L	6462479	6462554	Deletion	75
2L	6462479	6462536	Deletion	57
2L	6462479	6462547	Deletion	68
2L	6462479	6462535	Deletion	56
2L	6481591	6481696	Deletion	105
2L	6481629	6481696	Deletion	67
2L	6482939	6481696	Deletion	1243
2L	6482939	6483045	Deletion	106
2L	6482939	6483044	Deletion	105
2L	6482939	6483057	Deletion	118
2L	6505732	6505830	Deletion	98
2L	6505749	6505830	Deletion	81
2L	6505759	6505830	Deletion	71
2L	6505760	6505830	Deletion	70
2L	6506004	6505830	Deletion	174
2L	6506004	6506059	Deletion	55
2L	6506004	6506060	Deletion	56
2L	6510472	6510576	Deletion	104
2L	6510477	6510576	Deletion	99
2L	6510503	6510576	Deletion	73
2L	6510504	6510576	Deletion	72
2L	6510527	6510576	Deletion	49
2L	6510533	6510576	Deletion	43
2L	6511753	6510576	Deletion	1177
2L	6511753	6511866	Deletion	113
2L	6511753	6511874	Deletion	121
2L	6511753	6511807	Deletion	54
2L	6511753	6511808	Deletion	55
2L	6511753	6511837	Deletion	84
2L	6511753	6511831	Deletion	78
2L	6538304	6538372	Deletion	68
2L	6538305	6538372	Deletion	67
2L	6538319	6538372	Deletion	53
2L	6538333	6538372	Deletion	39
2L	6538336	6538372	Deletion	36
2L	6538338	6538372	Deletion	34
2L	6543760	6538372	Deletion	5388
2L	6543760	6543850	Deletion	90
2L	6543760	6543815	Deletion	55
2L	6543760	6543847	Deletion	87
2L	6543760	6543852	Deletion	92
2L	6543760	6543833	Deletion	73
2L	6543760	6543819	Deletion	59
2L	6550684	6550798	Deletion	114
2L	6550721	6550798	Deletion	77
2L	6550734	6550798	Deletion	64
2L	6550758	6550798	Deletion	40
2L	6555736	6550798	Deletion	4938
2L	6555736	6555822	Deletion	86
2L	6555736	6555851	Deletion	115
2L	6555736	6555785	Deletion	49
2L	6561310	6561411	Deletion	101
2L	6561314	6561411	Deletion	97
2L	6561324	6561411	Deletion	87
2L	6561325	6561411	Deletion	86
2L	6561328	6561411	Deletion	83
2L	6561358	6561411	Deletion	53
2L	6561370	6561411	Deletion	41
2L	6561573	6561411	Deletion	162
2L	6561573	6561603	Deletion	30
2L	6561573	6561647	Deletion	74
2L	6561573	6561614	Deletion	41
2L	6561573	6561613	Deletion	40
2L	6561573	6561659	Deletion	86
2L	6561573	6561617	Deletion	44
2L	6566343	6566413	Deletion	70
2L	6566350	6566413	Deletion	63
2L	6566357	6566413	Deletion	56
2L	6570981	6566413	Deletion	4568
2L	6570981	6571052	Deletion	71
2L	6570981	6571038	Deletion	57
2L	6577328	6577411	Deletion	83
2L	6577868	6577411	Deletion	457
2L	6577868	6577914	Deletion	46
2L	6577868	6577988	Deletion	120
2L	6589154	6589233	Deletion	79
2L	6589162	6589233	Deletion	71
2L	6589202	6589233	Deletion	31
2L	6589463	6589233	Deletion	230
2L	6589463	6589510	Deletion	47
2L	6589463	6589566	Deletion	103
2L	6589463	6589560	Deletion	97
2L	6589463	6589558	Deletion	95
2L	6589463	6589518	Deletion	55
2L	6600563	6600635	Deletion	72
2L	6600569	6600635	Deletion	66
2L	6600602	6600635	Deletion	33
2L	6602780	6600635	Deletion	2145
2L	6602780	6602841	Deletion	61
2L	6602780	6602835	Deletion	55
2L	6602780	6602874	Deletion	94
2L	6602968	6603080	Deletion	112
2L	6602978	6603080	Deletion	102
2L	6602990	6603080	Deletion	90
2L	6602995	6603080	Deletion	85
2L	6602996	6603080	Deletion	84
2L	6603016	6603080	Deletion	64
2L	6603026	6603080	Deletion	54
2L	6603043	6603080	Deletion	37
2L	6603049	6603080	Deletion	31
2L	6604051	6603080	Deletion	971
2L	6604051	6604113	Deletion	62
2L	6604051	6604092	Deletion	41
2L	6604051	6604140	Deletion	89
2L	6604051	6604123	Deletion	72
2L	6604051	6604146	Deletion	95
2L	6604051	6604093	Deletion	42
2L	6604051	6604158	Deletion	107
2L	6606038	6606149	Deletion	111
2L	6606055	6606149	Deletion	94
2L	6606063	6606149	Deletion	86
2L	6606073	6606149	Deletion	76
2L	6606090	6606149	Deletion	59
2L	6606109	6606149	Deletion	40
2L	6612076	6612127	Deletion	51
2L	6612076	6612117	Deletion	41
2L	6612076	6612163	Deletion	87
2L	6612076	6612194	Deletion	118
2L	6612076	6612109	Deletion	33
2L	6619379	6619492	Deletion	113
2L	6619383	6619492	Deletion	109
2L	6619421	6619492	Deletion	71
2L	6619586	6619492	Deletion	94
2L	6619586	6619692	Deletion	106
2L	6619589	6619709	Deletion	120
2L	6635014	6635100	Deletion	86
2L	6636448	6635100	Deletion	1348
2L	6636448	6636553	Deletion	105
2L	6643025	6643143	Deletion	118
2L	6643040	6643143	Deletion	103
2L	6643046	6643143	Deletion	97
2L	6643051	6643141	Deletion	90
2L	6643070	6643143	Deletion	73
2L	6643098	6643143	Deletion	45
2L	6644734	6643143	Deletion	1591
2L	6644734	6644818	Deletion	84
2L	6644734	6644790	Deletion	56
2L	6644734	6644771	Deletion	37
2L	6644736	6644849	Deletion	113
2L	6654407	6654467	Deletion	60
2L	6654409	6654467	Deletion	58
2L	6692042	6654467	Deletion	37575
2L	6692042	6692149	Deletion	107
2L	6692042	6692111	Deletion	69
2L	6692042	6692089	Deletion	47
2L	6693589	6693666	Deletion	77
2L	6693594	6693666	Deletion	72
2L	6693616	6693666	Deletion	50
2L	6693619	6693666	Deletion	47
2L	6693622	6693666	Deletion	44
2L	6698069	6693666	Deletion	4403
2L	6698069	6698137	Deletion	68
2L	6698069	6698112	Deletion	43
2L	6698069	6698162	Deletion	93
2L	6698069	6698140	Deletion	71
2L	6698075	6698134	Deletion	59
2L	6698457	6698565	Deletion	108
2L	6698461	6698565	Deletion	104
2L	6698462	6698565	Deletion	103
2L	6698471	6698565	Deletion	94
2L	6698481	6698565	Deletion	84
2L	6698486	6698565	Deletion	79
2L	6698490	6698565	Deletion	75
2L	6698514	6698565	Deletion	51
2L	6698525	6698565	Deletion	40
2L	6698532	6698565	Deletion	33
2L	6701389	6698565	Deletion	2824
2L	6701389	6701432	Deletion	43
2L	6701389	6701423	Deletion	34
2L	6701389	6701508	Deletion	119
2L	6701389	6701465	Deletion	76
2L	6701389	6701496	Deletion	107
2L	6701389	6701483	Deletion	94
2L	6701389	6701506	Deletion	117
2L	6701389	6701437	Deletion	48
2L	6701389	6701441	Deletion	52
2L	6702860	6702898	Deletion	38
2L	6702862	6702898	Deletion	36
2L	6707413	6702898	Deletion	4515
2L	6707413	6707490	Deletion	77
2L	6707413	6707504	Deletion	91
2L	6711589	6711628	Deletion	39
2L	6711595	6711628	Deletion	33
2L	6712224	6711628	Deletion	596
2L	6712224	6712319	Deletion	95
2L	6712224	6712313	Deletion	89
2L	6712549	6712658	Deletion	109
2L	6712576	6712658	Deletion	82
2L	6712604	6712658	Deletion	54
2L	6712606	6712658	Deletion	52
2L	6712613	6712658	Deletion	45
2L	6712625	6712658	Deletion	33
2L	6716813	6712658	Deletion	4155
2L	6716813	6716857	Deletion	44
2L	6716813	6716887	Deletion	74
2L	6716813	6716894	Deletion	81
2L	6716813	6716885	Deletion	72
2L	6730298	6730337	Deletion	39
2L	6730302	6730337	Deletion	35
2L	6730691	6730337	Deletion	354
2L	6730691	6730806	Deletion	115
2L	6730691	6730775	Deletion	84
2L	6730691	6730792	Deletion	101
2L	6730691	6730814	Deletion	123
2L	6730691	6730778	Deletion	87
2L	6767740	6767776	Deletion	36
2L	6772189	6767776	Deletion	4413
2L	6772189	6772289	Deletion	100
2L	6796216	6796248	Deletion	32
2L	6798650	6796248	Deletion	2402
2L	6798650	6798745	Deletion	95
2L	6817919	6818036	Deletion	117
2L	6817925	6818036	Deletion	111
2L	6817928	6818036	Deletion	108
2L	6817930	6818036	Deletion	106
2L	6817973	6818036	Deletion	63
2L	6817979	6818036	Deletion	57
2L	6817989	6818036	Deletion	47
2L	6818000	6818036	Deletion	36
2L	6821288	6818036	Deletion	3252
2L	6821288	6821368	Deletion	80
2L	6821288	6821379	Deletion	91
2L	6821288	6821358	Deletion	70
2L	6825368	6825406	Deletion	38
2L	6825372	6825406	Deletion	34
2L	6848317	6825406	Deletion	22911
2L	6848317	6848406	Deletion	89
2L	6853938	6854048	Deletion	110
2L	6853941	6854048	Deletion	107
2L	6853960	6854048	Deletion	88
2L	6853974	6854048	Deletion	74
2L	6853980	6854048	Deletion	68
2L	6857067	6854048	Deletion	3019
2L	6857067	6857168	Deletion	101
2L	6857067	6857120	Deletion	53
2L	6857067	6857181	Deletion	114
2L	6857067	6857126	Deletion	59
2L	6857067	6857165	Deletion	98
2L	6867247	6867368	Deletion	121
2L	6867327	6867368	Deletion	41
2L	6875025	6867368	Deletion	7657
2L	6889442	6889494	Deletion	52
2L	6889459	6889494	Deletion	35
2L	6889648	6889494	Deletion	154
2L	6889648	6889722	Deletion	74
2L	6889648	6889739	Deletion	91
2L	6890945	6889957	Deletion	988
2L	6890945	6891064	Deletion	119
2L	6890945	6891066	Deletion	121
2L	6890945	6891061	Deletion	116
2L	6893396	6893447	Deletion	51
2L	6905993	6906066	Deletion	73
2L	6906022	6906066	Deletion	44
2L	6906025	6906066	Deletion	41
2L	6906247	6906066	Deletion	181
2L	6906247	6906354	Deletion	107
2L	6906247	6906364	Deletion	117
2L	6906247	6906297	Deletion	50
2L	6906247	6906334	Deletion	87
2L	6906247	6906302	Deletion	55
2L	6907087	6907198	Deletion	111
2L	6907134	6907198	Deletion	64
2L	6907157	6907198	Deletion	41
2L	6907162	6907198	Deletion	36
2L	6907599	6907198	Deletion	401
2L	6907599	6907661	Deletion	62
2L	6907599	6907689	Deletion	90
2L	6907599	6907710	Deletion	111
2L	6918180	6918285	Deletion	105
2L	6918210	6918285	Deletion	75
2L	6918211	6918285	Deletion	74
2L	6918230	6918285	Deletion	55
2L	6918236	6918285	Deletion	49
2L	6918251	6918285	Deletion	34
2L	6928934	6918285	Deletion	10649
2L	6928934	6929014	Deletion	80
2L	6928934	6929029	Deletion	95
2L	6928934	6929008	Deletion	74
2L	6928934	6928989	Deletion	55
2L	6947586	6947689	Deletion	103
2L	6947587	6947689	Deletion	102
2L	6947601	6947689	Deletion	88
2L	6947648	6947689	Deletion	41
2L	6947657	6947689	Deletion	32
2L	6947658	6947689	Deletion	31
2L	6948031	6947689	Deletion	342
2L	6948031	6948125	Deletion	94
2L	6948031	6948069	Deletion	38
2L	6948031	6948138	Deletion	107
2L	6948031	6948126	Deletion	95
2L	6948031	6948116	Deletion	85
2L	6996959	6997009	Deletion	50
2L	6999979	7000069	Deletion	90
2L	6999979	7000100	Deletion	121
2L	6999979	7000074	Deletion	95
2L	6999979	7000016	Deletion	37
2L	7003172	7003271	Deletion	99
2L	7003193	7003271	Deletion	78
2L	7003230	7003271	Deletion	41
2L	7003630	7003271	Deletion	359
2L	7003630	7003718	Deletion	88
2L	7003630	7003660	Deletion	30
2L	7012662	7012769	Deletion	107
2L	7012683	7012769	Deletion	86
2L	7012695	7012769	Deletion	74
2L	7012720	7012769	Deletion	49
2L	7029386	7012769	Deletion	16617
2L	7029386	7029463	Deletion	77
2L	7029386	7029438	Deletion	52
2L	7029386	7029426	Deletion	40
2L	7035617	7035670	Deletion	53
2L	7035626	7035670	Deletion	44
2L	7040131	7035670	Deletion	4461
2L	7040131	7040204	Deletion	73
2L	7051254	7051348	Deletion	94
2L	7051259	7051348	Deletion	89
2L	7051263	7051348	Deletion	85
2L	7051312	7051348	Deletion	36
2L	7053426	7051348	Deletion	2078
2L	7053426	7053456	Deletion	30
2L	7053426	7053459	Deletion	33
2L	7053426	7053464	Deletion	38
2L	7053426	7053468	Deletion	42
2L	7054037	7054149	Deletion	112
2L	7054045	7054149	Deletion	104
2L	7054087	7054149	Deletion	62
2L	7054095	7054149	Deletion	54
2L	7054102	7054149	Deletion	47
2L	7056122	7054149	Deletion	1973
2L	7056122	7056195	Deletion	73
2L	7056122	7056187	Deletion	65
2L	7056122	7056233	Deletion	111
2L	7069483	7069578	Deletion	95
2L	7069516	7069578	Deletion	62
2L	7069532	7069578	Deletion	46
2L	7070527	7070608	Deletion	81
2L	7070527	7070634	Deletion	107
2L	7070527	7070629	Deletion	102
2L	7070527	7070592	Deletion	65
2L	7070527	7070633	Deletion	106
2L	7070527	7070627	Deletion	100
2L	7070623	7070710	Deletion	87
2L	7070634	7070710	Deletion	76
2L	7070641	7070710	Deletion	69
2L	7070642	7070710	Deletion	68
2L	7070644	7070710	Deletion	66
2L	7075880	7070710	Deletion	5170
2L	7075880	7075915	Deletion	35
2L	7075880	7075919	Deletion	39
2L	7075880	7075979	Deletion	99
2L	7075880	7075930	Deletion	50
2L	7075880	7075940	Deletion	60
2L	7075880	7075938	Deletion	58
2L	7075880	7076000	Deletion	120
2L	7090549	7090650	Deletion	101
2L	7090550	7090650	Deletion	100
2L	7090589	7090650	Deletion	61
2L	7090611	7090650	Deletion	39
2L	7090612	7090650	Deletion	38
2L	7090620	7090650	Deletion	30
2L	7091523	7090650	Deletion	873
2L	7091523	7091620	Deletion	97
2L	7091523	7091619	Deletion	96
2L	7091523	7091588	Deletion	65
2L	7091523	7091616	Deletion	93
2L	7091523	7091611	Deletion	88
2L	7095207	7095252	Deletion	45
2L	7095352	7095252	Deletion	100
2L	7095352	7095428	Deletion	76
2L	7095352	7095435	Deletion	83
2L	7117362	7117450	Deletion	88
2L	7128465	7117450	Deletion	11015
2L	7128465	7128569	Deletion	104
2L	7128465	7128584	Deletion	119
2L	7128465	7128583	Deletion	118
2L	7146148	7146239	Deletion	91
2L	7146157	7146239	Deletion	82
2L	7151528	7146239	Deletion	5289
2L	7151528	7151574	Deletion	46
2L	7151528	7151565	Deletion	37
2L	7152412	7152529	Deletion	117
2L	7152416	7152529	Deletion	113
2L	7152486	7152529	Deletion	43
2L	7152489	7152529	Deletion	40
2L	7152492	7152529	Deletion	37
2L	7161539	7152529	Deletion	9010
2L	7161539	7161625	Deletion	86
2L	7161539	7161628	Deletion	89
2L	7206917	7207006	Deletion	89
2L	7206975	7207006	Deletion	31
2L	7208866	7207006	Deletion	1860
2L	7208866	7208962	Deletion	96
2L	7208866	7208904	Deletion	38
2L	7240748	7240848	Deletion	100
2L	7240792	7240848	Deletion	56
2L	7253212	7240848	Deletion	12364
2L	7253212	7253283	Deletion	71
2L	7253212	7253325	Deletion	113
2L	7253212	7253323	Deletion	111
2L	7253212	7253311	Deletion	99
2L	7253212	7253334	Deletion	122
2L	7259267	7259375	Deletion	108
2L	7259280	7259375	Deletion	95
2L	7259543	7259375	Deletion	168
2L	7299393	7299465	Deletion	72
2L	7299425	7299465	Deletion	40
2L	7299432	7299465	Deletion	33
2L	7299552	7299465	Deletion	87
2L	7299552	7299606	Deletion	54
2L	7299552	7299645	Deletion	93
2L	7299552	7299638	Deletion	86
2L	7299552	7299662	Deletion	110
2L	7322602	7322694	Deletion	92
2L	7322607	7322694	Deletion	87
2L	7322624	7322694	Deletion	70
2L	7322638	7322694	Deletion	56
2L	7322645	7322694	Deletion	49
2L	7322657	7322694	Deletion	37
2L	7324376	7322694	Deletion	1682
2L	7324376	7324465	Deletion	89
2L	7324376	7324485	Deletion	109
2L	7324376	7324415	Deletion	39
2L	7324376	7324410	Deletion	34
2L	7324376	7324446	Deletion	70
2L	7324376	7324453	Deletion	77
2L	7341848	7340586	Deletion	1262
2L	7341848	7341887	Deletion	39
2L	7348762	7348880	Deletion	118
2L	7361407	7361504	Deletion	97
2L	7361408	7361504	Deletion	96
2L	7361416	7361504	Deletion	88
2L	7361432	7361504	Deletion	72
2L	7361459	7361504	Deletion	45
2L	7361636	7361692	Deletion	56
2L	7361636	7361676	Deletion	40
2L	7361636	7361668	Deletion	32
2L	7361636	7361719	Deletion	83
2L	7406780	7406851	Deletion	71
2L	7411622	7411669	Deletion	47
2L	7411622	7411678	Deletion	56
2L	7416504	7416611	Deletion	107
2L	7416509	7416611	Deletion	102
2L	7416512	7416611	Deletion	99
2L	7416525	7416611	Deletion	86
2L	7416576	7416611	Deletion	35
2L	7416578	7416611	Deletion	33
2L	7417315	7416611	Deletion	704
2L	7417315	7417423	Deletion	108
2L	7417315	7417409	Deletion	94
2L	7417315	7417356	Deletion	41
2L	7417315	7417407	Deletion	92
2L	7429929	7430043	Deletion	114
2L	7429947	7430043	Deletion	96
2L	7429970	7430043	Deletion	73
2L	7439218	7430043	Deletion	9175
2L	7439218	7439274	Deletion	56
2L	7439218	7439326	Deletion	108
2L	7452570	7452661	Deletion	91
2L	7452577	7452661	Deletion	84
2L	7452587	7452661	Deletion	74
2L	7452594	7452661	Deletion	67
2L	7452620	7452661	Deletion	41
2L	7452765	7452661	Deletion	104
2L	7452765	7452800	Deletion	35
2L	7452765	7452850	Deletion	85
2L	7452765	7452817	Deletion	52
2L	7452765	7452807	Deletion	42
2L	7452765	7452886	Deletion	121
2L	7466058	7466157	Deletion	99
2L	7466061	7466157	Deletion	96
2L	7466096	7466157	Deletion	61
2L	7466111	7466157	Deletion	46
2L	7470659	7466157	Deletion	4502
2L	7470659	7470740	Deletion	81
2L	7470659	7470758	Deletion	99
2L	7470659	7470690	Deletion	31
2L	7497201	7497256	Deletion	55
2L	7497221	7497256	Deletion	35
2L	7497319	7497256	Deletion	63
2L	7497319	7497411	Deletion	92
2L	7497319	7497391	Deletion	72
2L	7497319	7497385	Deletion	66
2L	7507399	7507450	Deletion	51
2L	7507416	7507450	Deletion	34
2L	7511418	7507450	Deletion	3968
2L	7511418	7511493	Deletion	75
2L	7511418	7511518	Deletion	100
2L	7511418	7511536	Deletion	118
2L	7512082	7512195	Deletion	113
2L	7512090	7512195	Deletion	105
2L	7512117	7512195	Deletion	78
2L	7512156	7512195	Deletion	39
2L	7512245	7512195	Deletion	50
2L	7512245	7512319	Deletion	74
2L	7512245	7512294	Deletion	49
2L	7512248	7512333	Deletion	85
2L	7518074	7518161	Deletion	87
2L	7518096	7518161	Deletion	65
2L	7519074	7518161	Deletion	913
2L	7519074	7519135	Deletion	61
2L	7519074	7519192	Deletion	118
2L	7519074	7519191	Deletion	117
2L	7519074	7519113	Deletion	39
2L	7526010	7526080	Deletion	70
2L	7526020	7526080	Deletion	60
2L	7526030	7526080	Deletion	50
2L	7526036	7526080	Deletion	44
2L	7526231	7526080	Deletion	151
2L	7526231	7526308	Deletion	77
2L	7526231	7526288	Deletion	57
2L	7526231	7526314	Deletion	83
2L	7526307	7526408	Deletion	101
2L	7526324	7526408	Deletion	84
2L	7526327	7526408	Deletion	81
2L	7526363	7526408	Deletion	45
2L	7531146	7526408	Deletion	4738
2L	7531146	7531189	Deletion	43
2L	7531146	7531192	Deletion	46
2L	7544921	7544973	Deletion	52
2L	7559382	7559484	Deletion	102
2L	7559430	7559482	Deletion	52
2L	7559439	7559484	Deletion	45
2L	7559452	7559484	Deletion	32
2L	7560985	7559484	Deletion	1501
2L	7560985	7561082	Deletion	97
2L	7560985	7561069	Deletion	84
2L	7566329	7566419	Deletion	90
2L	7566344	7566419	Deletion	75
2L	7568544	7566419	Deletion	2125
2L	7568544	7568595	Deletion	51
2L	7580432	7580528	Deletion	96
2L	7580446	7580528	Deletion	82
2L	7580453	7580528	Deletion	75
2L	7580457	7580528	Deletion	71
2L	7580464	7580528	Deletion	64
2L	7580484	7580528	Deletion	44
2L	7580693	7580528	Deletion	165
2L	7580693	7580757	Deletion	64
2L	7580693	7580746	Deletion	53
2L	7580693	7580777	Deletion	84
2L	7580693	7580792	Deletion	99
2L	7580693	7580750	Deletion	57
2L	7590949	7591033	Deletion	84
2L	7590981	7591033	Deletion	52
2L	7596509	7591033	Deletion	5476
2L	7596509	7596609	Deletion	100
2L	7596509	7596616	Deletion	107
2L	7596509	7596622	Deletion	113
2L	7596509	7596584	Deletion	75
2L	7600805	7600854	Deletion	49
2L	7605831	7600854	Deletion	4977
2L	7605831	7605908	Deletion	77
2L	7613164	7613260	Deletion	96
2L	7613172	7613260	Deletion	88
2L	7613190	7613260	Deletion	70
2L	7613207	7613260	Deletion	53
2L	7613225	7613260	Deletion	35
2L	7614835	7613260	Deletion	1575
2L	7614835	7614874	Deletion	39
2L	7614835	7614909	Deletion	74
2L	7614835	7614892	Deletion	57
2L	7614835	7614927	Deletion	92
2L	7619155	7619276	Deletion	121
2L	7619168	7619276	Deletion	108
2L	7619183	7619276	Deletion	93
2L	7619186	7619276	Deletion	90
2L	7619337	7619276	Deletion	61
2L	7619337	7619373	Deletion	36
2L	7619337	7619439	Deletion	102
2L	7619337	7619459	Deletion	122
2L	7668865	7668978	Deletion	113
2L	7668878	7668978	Deletion	100
2L	7668908	7668978	Deletion	70
2L	7668940	7668978	Deletion	38
2L	7668943	7668978	Deletion	35
2L	7673969	7668978	Deletion	4991
2L	7673969	7674026	Deletion	57
2L	7673969	7674061	Deletion	92
2L	7682323	7682407	Deletion	84
2L	7682324	7682407	Deletion	83
2L	7682325	7682407	Deletion	82
2L	7682328	7682407	Deletion	79
2L	7682529	7682407	Deletion	122
2L	7682529	7682576	Deletion	47
2L	7682529	7682644	Deletion	115
2L	7682529	7682650	Deletion	121
2L	7682529	7682572	Deletion	43
2L	7682529	7682571	Deletion	42
2L	7682529	7682565	Deletion	36
2L	7682529	7682573	Deletion	44
2L	7731505	7731581	Deletion	76
2L	7731512	7731581	Deletion	69
2L	7731523	7731581	Deletion	58
2L	7731544	7731581	Deletion	37
2L	7731906	7731996	Deletion	90
2L	7731906	7732019	Deletion	113
2L	7731906	7731975	Deletion	69
2L	7731906	7731964	Deletion	58
2L	7731906	7731957	Deletion	51
2L	7737663	7737721	Deletion	58
2L	7738046	7738162	Deletion	116
2L	7738046	7738081	Deletion	35
2L	7745751	7745815	Deletion	64
2L	7749157	7745815	Deletion	3342
2L	7749157	7749255	Deletion	98
2L	7749157	7749220	Deletion	63
2L	7756293	7756385	Deletion	92
2L	7756317	7756385	Deletion	68
2L	7758094	7756381	Deletion	1713
2L	7758094	7758194	Deletion	100
2L	7758094	7758153	Deletion	59
2L	7758827	7758912	Deletion	85
2L	7758832	7758912	Deletion	80
2L	7758839	7758912	Deletion	73
2L	7758873	7758912	Deletion	39
2L	7759106	7758912	Deletion	194
2L	7759106	7759195	Deletion	89
2L	7759106	7759161	Deletion	55
2L	7759106	7759149	Deletion	43
2L	7768144	7768210	Deletion	66
2L	7768146	7768210	Deletion	64
2L	7768155	7768210	Deletion	55
2L	7768161	7768210	Deletion	49
2L	7768175	7768210	Deletion	35
2L	7771433	7768210	Deletion	3223
2L	7771433	7771489	Deletion	56
2L	7771433	7771549	Deletion	116
2L	7771433	7771524	Deletion	91
2L	7771433	7771495	Deletion	62
2L	7771433	7771510	Deletion	77
2L	7771433	7771504	Deletion	71
2L	7789973	7790084	Deletion	111
2L	7789974	7790084	Deletion	110
2L	7789980	7790084	Deletion	104
2L	7789991	7790084	Deletion	93
2L	7789994	7790084	Deletion	90
2L	7790002	7790084	Deletion	82
2L	7790019	7790084	Deletion	65
2L	7790021	7790084	Deletion	63
2L	7790023	7790084	Deletion	61
2L	7790029	7790084	Deletion	55
2L	7790041	7790084	Deletion	43
2L	7792482	7792547	Deletion	65
2L	7792482	7792592	Deletion	110
2L	7792482	7792526	Deletion	44
2L	7792482	7792545	Deletion	63
2L	7792482	7792565	Deletion	83
2L	7792482	7792553	Deletion	71
2L	7792482	7792580	Deletion	98
2L	7792482	7792515	Deletion	33
2L	7792482	7792518	Deletion	36
2L	7792482	7792591	Deletion	109
2L	7819453	7819514	Deletion	61
2L	7819580	7819514	Deletion	66
2L	7819580	7819686	Deletion	106
2L	7836958	7837077	Deletion	119
2L	7836976	7837077	Deletion	101
2L	7836998	7837077	Deletion	79
2L	7837000	7837077	Deletion	77
2L	7840457	7837077	Deletion	3380
2L	7840457	7840505	Deletion	48
2L	7840457	7840507	Deletion	50
2L	7840457	7840574	Deletion	117
2L	7845542	7845577	Deletion	35
2L	7850185	7845577	Deletion	4608
2L	7850185	7850277	Deletion	92
2L	7850185	7850284	Deletion	99
2L	7850185	7850293	Deletion	108
2L	7855953	7856037	Deletion	84
2L	7855984	7856037	Deletion	53
2L	7856336	7856378	Deletion	42
2L	7856336	7856409	Deletion	73
2L	7859994	7860069	Deletion	75
2L	7860011	7860069	Deletion	58
2L	7862540	7860069	Deletion	2471
2L	7862540	7862645	Deletion	105
2L	7862540	7862655	Deletion	115
2L	7862540	7862649	Deletion	109
2L	7862540	7862609	Deletion	69
2L	7874042	7874123	Deletion	81
2L	7874069	7874123	Deletion	54
2L	7907354	7874123	Deletion	33231
2L	7907354	7907393	Deletion	39
2L	7907354	7907427	Deletion	73
2L	7912287	7912361	Deletion	74
2L	7923364	7912361	Deletion	11003
2L	7923364	7923416	Deletion	52
2L	7933389	7933479	Deletion	90
2L	7933399	7933479	Deletion	80
2L	7933417	7933479	Deletion	62
2L	7933426	7933479	Deletion	53
2L	7933441	7933479	Deletion	38
2L	7933995	7933479	Deletion	516
2L	7933995	7934042	Deletion	47
2L	7933995	7934060	Deletion	65
2L	7933995	7934096	Deletion	101
2L	7933995	7934069	Deletion	74
2L	7933995	7934105	Deletion	110
2L	7933995	7934032	Deletion	37
2L	7934287	7934380	Deletion	93
2L	7934307	7934380	Deletion	73
2L	7934314	7934380	Deletion	66
2L	7934315	7934380	Deletion	65
2L	7934328	7934380	Deletion	52
2L	7934330	7934380	Deletion	50
2L	7939299	7939398	Deletion	99
2L	7939299	7939360	Deletion	61
2L	7939299	7939359	Deletion	60
2L	7939299	7939352	Deletion	53
2L	7939299	7939375	Deletion	76
2L	7952369	7952485	Deletion	116
2L	7952375	7952485	Deletion	110
2L	7952384	7952485	Deletion	101
2L	7952391	7952485	Deletion	94
2L	7952417	7952485	Deletion	68
2L	7952823	7952485	Deletion	338
2L	7952823	7952946	Deletion	123
2L	7952823	7952921	Deletion	98
2L	7952823	7952882	Deletion	59
2L	7970503	7970583	Deletion	80
2L	7983343	7983318	Deletion	25
2L	7999122	7999233	Deletion	111
2L	7999122	7999235	Deletion	113
2L	7999122	7999166	Deletion	44
2L	7999122	7999244	Deletion	122
2L	8010223	8010321	Deletion	98
2L	8010256	8010321	Deletion	65
2L	8010260	8010321	Deletion	61
2L	8014395	8014501	Deletion	106
2L	8035035	8035140	Deletion	105
2L	8035092	8035140	Deletion	48
2L	8035103	8035140	Deletion	37
2L	8037224	8035140	Deletion	2084
2L	8037224	8037303	Deletion	79
2L	8037224	8037338	Deletion	114
2L	8037224	8037314	Deletion	90
2L	8047235	8047298	Deletion	63
2L	8047236	8047298	Deletion	62
2L	8047249	8047298	Deletion	49
2L	8047256	8047298	Deletion	42
2L	8048915	8047298	Deletion	1617
2L	8048915	8048980	Deletion	65
2L	8048915	8048977	Deletion	62
2L	8048915	8049026	Deletion	111
2L	8048915	8048994	Deletion	79
2L	8048915	8049037	Deletion	122
2L	8053967	8054047	Deletion	80
2L	8053974	8054047	Deletion	73
2L	8054006	8054047	Deletion	41
2L	8054008	8054047	Deletion	39
2L	8077607	8054047	Deletion	23560
2L	8077607	8077695	Deletion	88
2L	8077607	8077654	Deletion	47
2L	8077607	8077661	Deletion	54
2L	8096640	8096737	Deletion	97
2L	8098186	8096737	Deletion	1449
2L	8099657	8099770	Deletion	113
2L	8099660	8099770	Deletion	110
2L	8099664	8099770	Deletion	106
2L	8099666	8099770	Deletion	104
2L	8099706	8099770	Deletion	64
2L	8099718	8099770	Deletion	52
2L	8099725	8099770	Deletion	45
2L	8099726	8099770	Deletion	44
2L	8099897	8099770	Deletion	127
2L	8099897	8099971	Deletion	74
2L	8099897	8099959	Deletion	62
2L	8099897	8099978	Deletion	81
2L	8103210	8103313	Deletion	103
2L	8103221	8103313	Deletion	92
2L	8103229	8103313	Deletion	84
2L	8103274	8103313	Deletion	39
2L	8109558	8103313	Deletion	6245
2L	8109558	8109601	Deletion	43
2L	8109558	8109646	Deletion	88
2L	8109558	8109593	Deletion	35
2L	8123489	8123569	Deletion	80
2L	8123690	8123569	Deletion	121
2L	8123690	8123725	Deletion	35
2L	8123690	8123736	Deletion	46
2L	8127546	8127627	Deletion	81
2L	8127556	8127627	Deletion	71
2L	8127571	8127627	Deletion	56
2L	8127577	8127627	Deletion	50
2L	8134984	8127627	Deletion	7357
2L	8134984	8135055	Deletion	71
2L	8134984	8135030	Deletion	46
2L	8134984	8135094	Deletion	110
2L	8134984	8135082	Deletion	98
2L	8134984	8135040	Deletion	56
2L	8134984	8135024	Deletion	40
2L	8158119	8158190	Deletion	71
2L	8158128	8158190	Deletion	62
2L	8169447	8158190	Deletion	11257
2L	8169447	8169562	Deletion	115
2L	8169447	8169553	Deletion	106
2L	8169447	8169505	Deletion	58
2L	8169447	8169560	Deletion	113
2L	8169447	8169514	Deletion	67
2L	8186710	8185425	Deletion	1285
2L	8186710	8186834	Deletion	124
2L	8186710	8186827	Deletion	117
2L	8194041	8194097	Deletion	56
2L	8194042	8194097	Deletion	55
2L	8196900	8194097	Deletion	2803
2L	8196900	8196970	Deletion	70
2L	8196900	8196971	Deletion	71
2L	8196900	8196962	Deletion	62
2L	8196900	8196998	Deletion	98
2L	8222351	8222402	Deletion	51
2L	8223346	8223421	Deletion	75
2L	8223350	8223421	Deletion	71
2L	8223366	8223421	Deletion	55
2L	8223371	8223421	Deletion	50
2L	8223390	8223421	Deletion	31
2L	8231397	8223421	Deletion	7976
2L	8231397	8231468	Deletion	71
2L	8231397	8231492	Deletion	95
2L	8231397	8231448	Deletion	51
2L	8231397	8231474	Deletion	77
2L	8231417	8231452	Deletion	35
2L	8231426	8231519	Deletion	93
2L	8231428	8231519	Deletion	91
2L	8231430	8231519	Deletion	89
2L	8231434	8231519	Deletion	85
2L	8231439	8231519	Deletion	80
2L	8231461	8231519	Deletion	58
2L	8231469	8231519	Deletion	50
2L	8245729	8231519	Deletion	14210
2L	8245729	8245797	Deletion	68
2L	8245729	8245831	Deletion	102
2L	8245729	8245770	Deletion	41
2L	8245729	8245805	Deletion	76
2L	8245729	8245764	Deletion	35
2L	8245729	8245775	Deletion	46
2L	8245729	8245846	Deletion	117
2L	8263535	8263471	Deletion	64
2L	8263535	8263570	Deletion	35
2L	8263535	8263643	Deletion	108
2L	8265244	8265282	Deletion	38
2L	8265513	8265282	Deletion	231
2L	8265513	8265592	Deletion	79
2L	8265513	8265620	Deletion	107
2L	8265513	8265627	Deletion	114
2L	8265515	8265610	Deletion	95
2L	8312485	8312597	Deletion	112
2L	8312508	8312597	Deletion	89
2L	8312518	8312597	Deletion	79
2L	8312562	8312597	Deletion	35
2L	8314817	8312597	Deletion	2220
2L	8314817	8314934	Deletion	117
2L	8314817	8314926	Deletion	109
2L	8314817	8314866	Deletion	49
2L	8314817	8314856	Deletion	39
2L	8318998	8319084	Deletion	86
2L	8319001	8319084	Deletion	83
2L	8319134	8319084	Deletion	50
2L	8319134	8319177	Deletion	43
2L	8319134	8319208	Deletion	74
2L	8319134	8319174	Deletion	40
2L	8319240	8319355	Deletion	115
2L	8319248	8319355	Deletion	107
2L	8319253	8319355	Deletion	102
2L	8319265	8319355	Deletion	90
2L	8319292	8319355	Deletion	63
2L	8319300	8319355	Deletion	55
2L	8319305	8319355	Deletion	50
2L	8319306	8319355	Deletion	49
2L	8319453	8319355	Deletion	98
2L	8319453	8319529	Deletion	76
2L	8319453	8319489	Deletion	36
2L	8319453	8319571	Deletion	118
2L	8319453	8319530	Deletion	77
2L	8319453	8319524	Deletion	71
2L	8319579	8319650	Deletion	71
2L	8319588	8319650	Deletion	62
2L	8319612	8319650	Deletion	38
2L	8319731	8319650	Deletion	81
2L	8319731	8319835	Deletion	104
2L	8319731	8319819	Deletion	88
2L	8319731	8319795	Deletion	64
2L	8319731	8319786	Deletion	55
2L	8335448	8335489	Deletion	41
2L	8345135	8335489	Deletion	9646
2L	8345135	8345254	Deletion	119
2L	8345135	8345246	Deletion	111
2L	8345135	8345245	Deletion	110
2L	8345135	8345221	Deletion	86
2L	8350980	8351068	Deletion	88
2L	8351036	8351068	Deletion	32
2L	8355002	8351068	Deletion	3934
2L	8355002	8355040	Deletion	38
2L	8355002	8355096	Deletion	94
2L	8355002	8355033	Deletion	31
2L	8376423	8376538	Deletion	115
2L	8376437	8376538	Deletion	101
2L	8376449	8376538	Deletion	89
2L	8376493	8376538	Deletion	45
2L	8376496	8376538	Deletion	42
2L	8376497	8376538	Deletion	41
2L	8376670	8376767	Deletion	97
2L	8376670	8376707	Deletion	37
2L	8376670	8376769	Deletion	99
2L	8376670	8376751	Deletion	81
2L	8376670	8376786	Deletion	116
2L	8376670	8376781	Deletion	111
2L	8376670	8376754	Deletion	84
2L	8376670	8376785	Deletion	115
2L	8378124	8378246	Deletion	122
2L	8378132	8378246	Deletion	114
2L	8378136	8378246	Deletion	110
2L	8378151	8378246	Deletion	95
2L	8378153	8378246	Deletion	93
2L	8378155	8378246	Deletion	91
2L	8378196	8378246	Deletion	50
2L	8378208	8378246	Deletion	38
2L	8378212	8378246	Deletion	34
2L	8381294	8378246	Deletion	3048
2L	8381294	8381382	Deletion	88
2L	8381294	8381329	Deletion	35
2L	8381294	8381386	Deletion	92
2L	8381294	8381370	Deletion	76
2L	8381294	8381327	Deletion	33
2L	8388324	8388435	Deletion	111
2L	8388336	8388435	Deletion	99
2L	8388345	8388435	Deletion	90
2L	8388353	8388435	Deletion	82
2L	8388359	8388435	Deletion	76
2L	8388362	8388435	Deletion	73
2L	8388380	8388435	Deletion	55
2L	8388402	8388435	Deletion	33
2L	8400164	8388435	Deletion	11729
2L	8400164	8400282	Deletion	118
2L	8400164	8400217	Deletion	53
2L	8400164	8400274	Deletion	110
2L	8400164	8400208	Deletion	44
2L	8400164	8400257	Deletion	93
2L	8400164	8400200	Deletion	36
2L	8400164	8400214	Deletion	50
2L	8400164	8400235	Deletion	71
2L	8406879	8406929	Deletion	50
2L	8406887	8406929	Deletion	42
2L	8406894	8406929	Deletion	35
2L	8406895	8406929	Deletion	34
2L	8419359	8406929	Deletion	12430
2L	8419359	8419417	Deletion	58
2L	8419359	8419445	Deletion	86
2L	8419359	8419452	Deletion	93
2L	8419359	8419462	Deletion	103
2L	8419359	8419437	Deletion	78
2L	8419876	8419950	Deletion	74
2L	8419910	8419950	Deletion	40
2L	8419912	8419950	Deletion	38
2L	8434747	8419950	Deletion	14797
2L	8434747	8434856	Deletion	109
2L	8434747	8434846	Deletion	99
2L	8434747	8434867	Deletion	120
2L	8434747	8434833	Deletion	86
2L	8434747	8434835	Deletion	88
2L	8437480	8437586	Deletion	106
2L	8437493	8437586	Deletion	93
2L	8437496	8437586	Deletion	90
2L	8437519	8437586	Deletion	67
2L	8437522	8437586	Deletion	64
2L	8437525	8437586	Deletion	61
2L	8437528	8437586	Deletion	58
2L	8438355	8437586	Deletion	769
2L	8438355	8438415	Deletion	60
2L	8438355	8438461	Deletion	106
2L	8438355	8438392	Deletion	37
2L	8438355	8438424	Deletion	69
2L	8438355	8438389	Deletion	34
2L	8438355	8438418	Deletion	63
2L	8438355	8438460	Deletion	105
2L	8451296	8451367	Deletion	71
2L	8451300	8451367	Deletion	67
2L	8451313	8451367	Deletion	54
2L	8452209	8451367	Deletion	842
2L	8452209	8452269	Deletion	60
2L	8452209	8452282	Deletion	73
2L	8455547	8455635	Deletion	88
2L	8455576	8455635	Deletion	59
2L	8463825	8463855	Deletion	30
2L	8463825	8463859	Deletion	34
2L	8463825	8463910	Deletion	85
2L	8463825	8463896	Deletion	71
2L	8463825	8463949	Deletion	124
2L	8468913	8468848	Deletion	65
2L	8468913	8468946	Deletion	33
2L	8473047	8473154	Deletion	107
2L	8473079	8473154	Deletion	75
2L	8473098	8473154	Deletion	56
2L	8473103	8473154	Deletion	51
2L	8473105	8473154	Deletion	49
2L	8480956	8473154	Deletion	7802
2L	8480956	8481065	Deletion	109
2L	8480956	8481007	Deletion	51
2L	8480956	8481033	Deletion	77
2L	8480956	8481031	Deletion	75
2L	8482435	8482503	Deletion	68
2L	8482457	8482503	Deletion	46
2L	8482467	8482503	Deletion	36
2L	8482553	8482634	Deletion	81
2L	8482553	8482644	Deletion	91
2L	8482553	8482661	Deletion	108
2L	8482557	8482657	Deletion	100
2L	8483522	8483613	Deletion	91
2L	8483533	8483613	Deletion	80
2L	8483562	8483613	Deletion	51
2L	8483566	8483613	Deletion	47
2L	8488932	8483609	Deletion	5323
2L	8488932	8488968	Deletion	36
2L	8488932	8489048	Deletion	116
2L	8488932	8489008	Deletion	76
2L	8488932	8489029	Deletion	97
2L	8488932	8489053	Deletion	121
2L	8488932	8489037	Deletion	105
2L	8488932	8488979	Deletion	47
2L	8498131	8498200	Deletion	69
2L	8498142	8498200	Deletion	58
2L	8500455	8498200	Deletion	2255
2L	8500455	8500500	Deletion	45
2L	8500455	8500569	Deletion	114
2L	8500455	8500559	Deletion	104
2L	8500455	8500523	Deletion	68
2L	8504493	8504590	Deletion	97
2L	8504502	8504590	Deletion	88
2L	8505463	8504590	Deletion	873
2L	8505463	8505502	Deletion	39
2L	8505463	8505580	Deletion	117
2L	8505463	8505574	Deletion	111
2L	8511777	8511856	Deletion	79
2L	8511787	8511856	Deletion	69
2L	8511795	8511856	Deletion	61
2L	8511804	8511856	Deletion	52
2L	8511819	8511856	Deletion	37
2L	8517443	8511856	Deletion	5587
2L	8517443	8517532	Deletion	89
2L	8517443	8517490	Deletion	47
2L	8517443	8517482	Deletion	39
2L	8517443	8517517	Deletion	74
2L	8517443	8517500	Deletion	57
2L	8517745	8517855	Deletion	110
2L	8517766	8517855	Deletion	89
2L	8517770	8517855	Deletion	85
2L	8517784	8517855	Deletion	71
2L	8517799	8517855	Deletion	56
2L	8517803	8517855	Deletion	52
2L	8517812	8517855	Deletion	43
2L	8518038	8517855	Deletion	183
2L	8518038	8518076	Deletion	38
2L	8518038	8518080	Deletion	42
2L	8518038	8518122	Deletion	84
2L	8518038	8518094	Deletion	56
2L	8518038	8518153	Deletion	115
2L	8518038	8518113	Deletion	75
2L	8550014	8550121	Deletion	107
2L	8550017	8550121	Deletion	104
2L	8550028	8550121	Deletion	93
2L	8550052	8550121	Deletion	69
2L	8550066	8550121	Deletion	55
2L	8550079	8550121	Deletion	42
2L	8552291	8550121	Deletion	2170
2L	8552291	8552411	Deletion	120
2L	8552291	8552377	Deletion	86
2L	8552291	8552350	Deletion	59
2L	8552291	8552393	Deletion	102
2L	8552291	8552364	Deletion	73
2L	8560229	8560288	Deletion	59
2L	8560251	8560288	Deletion	37
2L	8572340	8560288	Deletion	12052
2L	8572340	8572431	Deletion	91
2L	8572340	8572453	Deletion	113
2L	8576061	8576127	Deletion	66
2L	8582150	8576127	Deletion	6023
2L	8593162	8593261	Deletion	99
2L	8593180	8593261	Deletion	81
2L	8593185	8593261	Deletion	76
2L	8593310	8593261	Deletion	49
2L	8593310	8593356	Deletion	46
2L	8593310	8593361	Deletion	51
2L	8610444	8610537	Deletion	93
2L	8610465	8610539	Deletion	74
2L	8612056	8610539	Deletion	1517
2L	8612056	8612108	Deletion	52
2L	8616247	8616357	Deletion	110
2L	8616266	8616357	Deletion	91
2L	8616286	8616357	Deletion	71
2L	8616295	8616357	Deletion	62
2L	8616299	8616357	Deletion	58
2L	8616325	8616357	Deletion	32
2L	8631808	8616357	Deletion	15451
2L	8631808	8631866	Deletion	58
2L	8631808	8631846	Deletion	38
2L	8631808	8631879	Deletion	71
2L	8631808	8631929	Deletion	121
2L	8631808	8631918	Deletion	110
2L	8631808	8631905	Deletion	97
2L	8642132	8642239	Deletion	107
2L	8642135	8642239	Deletion	104
2L	8642151	8642239	Deletion	88
2L	8642157	8642239	Deletion	82
2L	8642159	8642236	Deletion	77
2L	8646061	8642239	Deletion	3822
2L	8646061	8646099	Deletion	38
2L	8646061	8646107	Deletion	46
2L	8646061	8646168	Deletion	107
2L	8655070	8655176	Deletion	106
2L	8655087	8655176	Deletion	89
2L	8655094	8655176	Deletion	82
2L	8655136	8655176	Deletion	40
2L	8656025	8655176	Deletion	849
2L	8656025	8656071	Deletion	46
2L	8656025	8656113	Deletion	88
2L	8664362	8664444	Deletion	82
2L	8664371	8664444	Deletion	73
2L	8664383	8664444	Deletion	61
2L	8665263	8664444	Deletion	819
2L	8665263	8665307	Deletion	44
2L	8665263	8665370	Deletion	107
2L	8665263	8665316	Deletion	53
2L	8665263	8665360	Deletion	97
2L	8665263	8665381	Deletion	118
2L	8665263	8665364	Deletion	101
2L	8665263	8665293	Deletion	30
2L	8675042	8675145	Deletion	103
2L	8675045	8675145	Deletion	100
2L	8675055	8675145	Deletion	90
2L	8675071	8675145	Deletion	74
2L	8675095	8675145	Deletion	50
2L	8702935	8675145	Deletion	27790
2L	8702935	8703011	Deletion	76
2L	8702935	8702971	Deletion	36
2L	8702935	8703053	Deletion	118
2L	8706420	8706508	Deletion	88
2L	8706422	8706508	Deletion	86
2L	8706459	8706508	Deletion	49
2L	8706477	8706508	Deletion	31
2L	8709379	8706508	Deletion	2871
2L	8709379	8709484	Deletion	105
2L	8709379	8709456	Deletion	77
2L	8709379	8709474	Deletion	95
2L	8709379	8709419	Deletion	40
2L	8709380	8709417	Deletion	37
2L	8711423	8711540	Deletion	117
2L	8711436	8711540	Deletion	104
2L	8711449	8711540	Deletion	91
2L	8711461	8711540	Deletion	79
2L	8711466	8711540	Deletion	74
2L	8720909	8711540	Deletion	9369
2L	8720909	8721030	Deletion	121
2L	8720909	8720945	Deletion	36
2L	8721582	8721685	Deletion	103
2L	8721601	8721685	Deletion	84
2L	8721647	8721685	Deletion	38
2L	8721650	8721685	Deletion	35
2L	8730431	8730526	Deletion	95
2L	8733464	8733580	Deletion	116
2L	8733480	8733580	Deletion	100
2L	8733493	8733580	Deletion	87
2L	8733507	8733580	Deletion	73
2L	8733512	8733580	Deletion	68
2L	8733527	8733580	Deletion	53
2L	8733530	8733580	Deletion	50
2L	8733548	8733580	Deletion	32
2L	8733549	8733580	Deletion	31
2L	8734430	8733580	Deletion	850
2L	8734430	8734541	Deletion	111
2L	8734430	8734507	Deletion	77
2L	8734430	8734504	Deletion	74
2L	8734430	8734489	Deletion	59
2L	8734430	8734484	Deletion	54
2L	8734430	8734526	Deletion	96
2L	8734430	8734470	Deletion	40
2L	8749732	8749822	Deletion	90
2L	8749739	8749822	Deletion	83
2L	8749746	8749822	Deletion	76
2L	8749762	8749822	Deletion	60
2L	8749789	8749822	Deletion	33
2L	8754792	8754859	Deletion	67
2L	8754792	8754886	Deletion	94
2L	8754792	8754843	Deletion	51
2L	8754792	8754836	Deletion	44
2L	8754792	8754829	Deletion	37
2L	8755035	8755134	Deletion	99
2L	8755044	8755134	Deletion	90
2L	8755092	8755134	Deletion	42
2L	8755097	8755134	Deletion	37
2L	8757036	8755134	Deletion	1902
2L	8757036	8757072	Deletion	36
2L	8757036	8757125	Deletion	89
2L	8757036	8757120	Deletion	84
2L	8757036	8757158	Deletion	122
2L	8760979	8761075	Deletion	96
2L	8760984	8761075	Deletion	91
2L	8761036	8761075	Deletion	39
2L	8761044	8761075	Deletion	31
2L	8762937	8761075	Deletion	1862
2L	8762937	8763037	Deletion	100
2L	8762937	8762972	Deletion	35
2L	8762937	8763036	Deletion	99
2L	8762937	8763024	Deletion	87
2L	8778930	8779040	Deletion	110
2L	8778959	8779040	Deletion	81
2L	8778962	8779040	Deletion	78
2L	8778964	8779040	Deletion	76
2L	8778974	8779040	Deletion	66
2L	8778992	8779040	Deletion	48
2L	8779008	8779040	Deletion	32
2L	8780774	8779040	Deletion	1734
2L	8780774	8780824	Deletion	50
2L	8780774	8780868	Deletion	94
2L	8780774	8780822	Deletion	48
2L	8780774	8780819	Deletion	45
2L	8780774	8780834	Deletion	60
2L	8780774	8780878	Deletion	104
2L	8792547	8792639	Deletion	92
2L	8792569	8792637	Deletion	68
2L	8792590	8792639	Deletion	49
2L	8792789	8792639	Deletion	150
2L	8792789	8792887	Deletion	98
2L	8792789	8792823	Deletion	34
2L	8792789	8792866	Deletion	77
2L	8799390	8799482	Deletion	92
2L	8799439	8799482	Deletion	43
2L	8799443	8799482	Deletion	39
2L	8799675	8799482	Deletion	193
2L	8799675	8799758	Deletion	83
2L	8799675	8799709	Deletion	34
2L	8799675	8799799	Deletion	124
2L	8799675	8799762	Deletion	87
2L	8812430	8812549	Deletion	119
2L	8812505	8812549	Deletion	44
2L	8812514	8812549	Deletion	35
2L	8813763	8812549	Deletion	1214
2L	8813763	8813854	Deletion	91
2L	8813763	8813871	Deletion	108
2L	8814553	8814650	Deletion	97
2L	8814570	8814650	Deletion	80
2L	8814601	8814650	Deletion	49
2L	8815075	8814650	Deletion	425
2L	8815075	8815152	Deletion	77
2L	8815075	8815121	Deletion	46
2L	8820130	8820186	Deletion	56
2L	8821092	8820186	Deletion	906
2L	8821092	8821197	Deletion	105
2L	8821092	8821160	Deletion	68
2L	8821092	8821164	Deletion	72
2L	8851629	8851663	Deletion	34
2L	8863551	8851663	Deletion	11888
2L	8863551	8863643	Deletion	92
2L	8863551	8863662	Deletion	111
2L	8863595	8863699	Deletion	104
2L	8863623	8863699	Deletion	76
2L	8863628	8863699	Deletion	71
2L	8863631	8863699	Deletion	68
2L	8893423	8863699	Deletion	29724
2L	8893423	8893538	Deletion	115
2L	8893423	8893481	Deletion	58
2L	8893423	8893473	Deletion	50
2L	8893423	8893539	Deletion	116
2L	8894625	8894698	Deletion	73
2L	8894650	8894698	Deletion	48
2L	8896557	8894698	Deletion	1859
2L	8896557	8896636	Deletion	79
2L	8896557	8896652	Deletion	95
2L	8896557	8896595	Deletion	38
2L	8902756	8902862	Deletion	106
2L	8902775	8902862	Deletion	87
2L	8902784	8902862	Deletion	78
2L	8902788	8902862	Deletion	74
2L	8902792	8902862	Deletion	70
2L	8902814	8902862	Deletion	48
2L	8908865	8902862	Deletion	6003
2L	8908865	8908943	Deletion	78
2L	8908865	8908913	Deletion	48
2L	8908865	8908984	Deletion	119
2L	8908865	8908904	Deletion	39
2L	8908865	8908973	Deletion	108
2L	8908865	8908963	Deletion	98
2L	8908865	8908917	Deletion	52
2L	8908865	8908921	Deletion	56
2L	8915615	8915727	Deletion	112
2L	8915621	8915727	Deletion	106
2L	8915622	8915727	Deletion	105
2L	8915635	8915727	Deletion	92
2L	8915646	8915727	Deletion	81
2L	8915670	8915727	Deletion	57
2L	8915676	8915727	Deletion	51
2L	8915681	8915727	Deletion	46
2L	8915692	8915727	Deletion	35
2L	8915697	8915727	Deletion	30
2L	8931539	8915727	Deletion	15812
2L	8931539	8931615	Deletion	76
2L	8931539	8931636	Deletion	97
2L	8931539	8931609	Deletion	70
2L	8931539	8931620	Deletion	81
2L	8931539	8931585	Deletion	46
2L	8931539	8931660	Deletion	121
2L	8931539	8931574	Deletion	35
2L	8931539	8931639	Deletion	100
2L	8931539	8931640	Deletion	101
2L	8931539	8931631	Deletion	92
2L	8951729	8940628	Deletion	11101
2L	8951729	8951823	Deletion	94
2L	8951729	8951842	Deletion	113
2L	8976069	8976154	Deletion	85
2L	8979566	8976154	Deletion	3412
2L	8979566	8979684	Deletion	118
2L	8979566	8979608	Deletion	42
2L	8980187	8980281	Deletion	94
2L	8980195	8980281	Deletion	86
2L	8980234	8980281	Deletion	47
2L	8980248	8980281	Deletion	33
2L	8981607	8980281	Deletion	1326
2L	8981607	8981639	Deletion	32
2L	8981607	8981686	Deletion	79
2L	8981607	8981723	Deletion	116
2L	8981607	8981647	Deletion	40
2L	8984487	8984580	Deletion	93
2L	8984516	8984580	Deletion	64
2L	8985935	8984580	Deletion	1355
2L	8985935	8985997	Deletion	62
2L	9009009	9009133	Deletion	124
2L	9009009	9009086	Deletion	77
2L	9009009	9009045	Deletion	36
2L	9009009	9009088	Deletion	79
2L	9009009	9009129	Deletion	120
2L	9028497	9028609	Deletion	112
2L	9028498	9028609	Deletion	111
2L	9028504	9028609	Deletion	105
2L	9028514	9028609	Deletion	95
2L	9028530	9028609	Deletion	79
2L	9028542	9028609	Deletion	67
2L	9028559	9028609	Deletion	50
2L	9028562	9028609	Deletion	47
2L	9028568	9028609	Deletion	41
2L	9031474	9028609	Deletion	2865
2L	9031474	9031559	Deletion	85
2L	9031474	9031589	Deletion	115
2L	9031474	9031533	Deletion	59
2L	9031474	9031553	Deletion	79
2L	9031474	9031592	Deletion	118
2L	9031474	9031505	Deletion	31
2L	9031474	9031550	Deletion	76
2L	9037331	9037372	Deletion	41
2L	9039420	9037372	Deletion	2048
2L	9063790	9063872	Deletion	82
2L	9063800	9063872	Deletion	72
2L	9063813	9063872	Deletion	59
2L	9063817	9063872	Deletion	55
2L	9063830	9063872	Deletion	42
2L	9096054	9063872	Deletion	32182
2L	9096054	9096121	Deletion	67
2L	9096054	9096125	Deletion	71
2L	9096054	9096098	Deletion	44
2L	9096054	9096151	Deletion	97
2L	9096054	9096138	Deletion	84
2L	9096054	9096170	Deletion	116
2L	9096054	9096164	Deletion	110
2L	9107830	9107937	Deletion	107
2L	9107872	9107937	Deletion	65
2L	9109255	9107937	Deletion	1318
2L	9109255	9109362	Deletion	107
2L	9109255	9109353	Deletion	98
2L	9117044	9117074	Deletion	30
2L	9122081	9122178	Deletion	97
2L	9122081	9122172	Deletion	91
2L	9122081	9122183	Deletion	102
2L	9135174	9135283	Deletion	109
2L	9135187	9135283	Deletion	96
2L	9135218	9135283	Deletion	65
2L	9158694	9135283	Deletion	23411
2L	9158694	9158725	Deletion	31
2L	9158694	9158810	Deletion	116
2L	9158694	9158756	Deletion	62
2L	9158694	9158798	Deletion	104
2L	9163882	9163997	Deletion	115
2L	9163883	9163997	Deletion	114
2L	9163899	9163997	Deletion	98
2L	9163902	9163997	Deletion	95
2L	9163911	9163997	Deletion	86
2L	9163924	9163994	Deletion	70
2L	9163937	9163997	Deletion	60
2L	9163967	9163997	Deletion	30
2L	9164115	9163997	Deletion	118
2L	9164115	9164211	Deletion	96
2L	9164115	9164168	Deletion	53
2L	9164115	9164181	Deletion	66
2L	9164115	9164146	Deletion	31
2L	9164115	9164155	Deletion	40
2L	9164115	9164236	Deletion	121
2L	9170366	9170463	Deletion	97
2L	9170384	9170463	Deletion	79
2L	9170402	9170463	Deletion	61
2L	9170415	9170463	Deletion	48
2L	9170428	9170463	Deletion	35
2L	9171555	9170463	Deletion	1092
2L	9171555	9171604	Deletion	49
2L	9171555	9171586	Deletion	31
2L	9171555	9171648	Deletion	93
2L	9171555	9171635	Deletion	80
2L	9171555	9171622	Deletion	67
2L	9171595	9171656	Deletion	61
2L	9171621	9171695	Deletion	74
2L	9171629	9171695	Deletion	66
2L	9176524	9176584	Deletion	60
2L	9220386	9220457	Deletion	71
2L	9234480	9234523	Deletion	43
2L	9234487	9234523	Deletion	36
2L	9234594	9234523	Deletion	71
2L	9234594	9234713	Deletion	119
2L	9234594	9234677	Deletion	83
2L	9234594	9234706	Deletion	112
2L	9234594	9234664	Deletion	70
2L	9235598	9235685	Deletion	87
2L	9235622	9235685	Deletion	63
2L	9235626	9235685	Deletion	59
2L	9235630	9235685	Deletion	55
2L	9235636	9235685	Deletion	49
2L	9237045	9235685	Deletion	1360
2L	9237045	9237122	Deletion	77
2L	9237045	9237155	Deletion	110
2L	9237045	9237116	Deletion	71
2L	9237045	9237108	Deletion	63
2L	9237045	9237112	Deletion	67
2L	9239450	9239526	Deletion	76
2L	9239468	9239526	Deletion	58
2L	9240450	9239526	Deletion	924
2L	9240450	9240571	Deletion	121
2L	9240450	9240518	Deletion	68
2L	9240450	9240480	Deletion	30
2L	9255904	9256021	Deletion	117
2L	9255925	9256021	Deletion	96
2L	9255936	9256021	Deletion	85
2L	9255982	9256021	Deletion	39
2L	9256739	9256021	Deletion	718
2L	9256739	9256827	Deletion	88
2L	9256739	9256844	Deletion	105
2L	9256739	9256781	Deletion	42
2L	9256739	9256857	Deletion	118
2L	9280470	9280512	Deletion	42
2L	9281876	9280511	Deletion	1365
2L	9292652	9292766	Deletion	114
2L	9292653	9292766	Deletion	113
2L	9292681	9292766	Deletion	85
2L	9292709	9292766	Deletion	57
2L	9292713	9292766	Deletion	53
2L	9292731	9292766	Deletion	35
2L	9294998	9292766	Deletion	2232
2L	9294998	9295090	Deletion	92
2L	9294998	9295072	Deletion	74
2L	9294998	9295095	Deletion	97
2L	9294998	9295068	Deletion	70
2L	9300861	9300957	Deletion	96
2L	9300891	9300957	Deletion	66
2L	9300927	9300957	Deletion	30
2L	9301530	9300957	Deletion	573
2L	9301530	9301630	Deletion	100
2L	9301530	9301590	Deletion	60
2L	9301530	9301560	Deletion	30
2L	9301655	9301745	Deletion	90
2L	9301656	9301745	Deletion	89
2L	9301657	9301745	Deletion	88
2L	9301672	9301745	Deletion	73
2L	9301715	9301745	Deletion	30
2L	9308027	9301745	Deletion	6282
2L	9308027	9308065	Deletion	38
2L	9308027	9308141	Deletion	114
2L	9308027	9308123	Deletion	96
2L	9308027	9308064	Deletion	37
2L	9308027	9308063	Deletion	36
2L	9308027	9308080	Deletion	53
2L	9310409	9310493	Deletion	84
2L	9310439	9310493	Deletion	54
2L	9310445	9310493	Deletion	48
2L	9324879	9310493	Deletion	14386
2L	9324879	9324913	Deletion	34
2L	9324879	9324987	Deletion	108
2L	9324879	9324998	Deletion	119
2L	9324879	9324957	Deletion	78
2L	9324879	9324921	Deletion	42
2L	9324879	9324951	Deletion	72
2L	9344470	9344571	Deletion	101
2L	9344494	9344571	Deletion	77
2L	9344527	9344571	Deletion	44
2L	9344535	9344571	Deletion	36
2L	9345129	9344571	Deletion	558
2L	9345129	9345239	Deletion	110
2L	9345129	9345220	Deletion	91
2L	9345129	9345179	Deletion	50
2L	9360014	9360128	Deletion	114
2L	9360030	9360128	Deletion	98
2L	9360068	9360128	Deletion	60
2L	9368124	9360128	Deletion	7996
2L	9368124	9368231	Deletion	107
2L	9368124	9368233	Deletion	109
2L	9368124	9368190	Deletion	66
2L	9368304	9368378	Deletion	74
2L	9368336	9368378	Deletion	42
2L	9368337	9368378	Deletion	41
2L	9368345	9368378	Deletion	33
2L	9368347	9368378	Deletion	31
2L	9370769	9368378	Deletion	2391
2L	9370769	9370857	Deletion	88
2L	9370769	9370813	Deletion	44
2L	9370769	9370867	Deletion	98
2L	9370769	9370872	Deletion	103
2L	9370769	9370869	Deletion	100
2L	9370769	9370856	Deletion	87
2L	9370769	9370865	Deletion	96
2L	9372178	9372295	Deletion	117
2L	9372205	9372295	Deletion	90
2L	9372213	9372295	Deletion	82
2L	9372264	9372295	Deletion	31
2L	9372521	9372295	Deletion	226
2L	9372521	9372616	Deletion	95
2L	9372521	9372565	Deletion	44
2L	9372521	9372626	Deletion	105
2L	9372521	9372557	Deletion	36
2L	9374056	9374126	Deletion	70
2L	9374088	9374126	Deletion	38
2L	9380191	9374126	Deletion	6065
2L	9380191	9380308	Deletion	117
2L	9380191	9380279	Deletion	88
2L	9380191	9380315	Deletion	124
2L	9380191	9380240	Deletion	49
2L	9380191	9380305	Deletion	114
2L	9385781	9385884	Deletion	103
2L	9385782	9385884	Deletion	102
2L	9385787	9385884	Deletion	97
2L	9385788	9385884	Deletion	96
2L	9385798	9385884	Deletion	86
2L	9385811	9385884	Deletion	73
2L	9385825	9385884	Deletion	59
2L	9385839	9385884	Deletion	45
2L	9385849	9385884	Deletion	35
2L	9394505	9394607	Deletion	102
2L	9403760	9403829	Deletion	69
2L	9403760	9403853	Deletion	93
2L	9403760	9403792	Deletion	32
2L	9403760	9403802	Deletion	42
2L	9403760	9403843	Deletion	83
2L	9403760	9403791	Deletion	31
2L	9403760	9403875	Deletion	115
2L	9404097	9404186	Deletion	89
2L	9404118	9404186	Deletion	68
2L	9404119	9404186	Deletion	67
2L	9404123	9404186	Deletion	63
2L	9404153	9404186	Deletion	33
2L	9409128	9404186	Deletion	4942
2L	9409128	9409188	Deletion	60
2L	9409128	9409193	Deletion	65
2L	9409128	9409189	Deletion	61
2L	9409128	9409167	Deletion	39
2L	9409128	9409223	Deletion	95
2L	9410076	9410168	Deletion	92
2L	9410087	9410168	Deletion	81
2L	9410091	9410168	Deletion	77
2L	9410102	9410168	Deletion	66
2L	9411062	9410168	Deletion	894
2L	9411062	9411122	Deletion	60
2L	9411062	9411096	Deletion	34
2L	9411062	9411107	Deletion	45
2L	9411062	9411111	Deletion	49
2L	9421760	9421839	Deletion	79
2L	9421773	9421839	Deletion	66
2L	9421786	9421839	Deletion	53
2L	9421798	9421839	Deletion	41
2L	9426859	9421839	Deletion	5020
2L	9426859	9426959	Deletion	100
2L	9426859	9426944	Deletion	85
2L	9426859	9426919	Deletion	60
2L	9426859	9426906	Deletion	47
2L	9448241	9448291	Deletion	50
2L	9448249	9448291	Deletion	42
2L	9448254	9448291	Deletion	37
2L	9448368	9448291	Deletion	77
2L	9448368	9448452	Deletion	84
2L	9448368	9448444	Deletion	76
2L	9456769	9456868	Deletion	99
2L	9456780	9456868	Deletion	88
2L	9458457	9456868	Deletion	1589
2L	9458457	9458497	Deletion	40
2L	9458457	9458565	Deletion	108
2L	9476742	9476836	Deletion	94
2L	9476800	9476836	Deletion	36
2L	9476918	9476950	Deletion	32
2L	9481545	9481576	Deletion	31
2L	9483538	9483586	Deletion	48
2L	9483668	9483758	Deletion	90
2L	9486239	9486322	Deletion	83
2L	9486239	9486292	Deletion	53
2L	9486239	9486276	Deletion	37
2L	9486239	9486335	Deletion	96
2L	9502638	9502752	Deletion	114
2L	9502685	9502752	Deletion	67
2L	9502694	9502752	Deletion	58
2L	9502702	9502752	Deletion	50
2L	9502703	9502752	Deletion	49
2L	9502804	9502884	Deletion	80
2L	9502804	9502917	Deletion	113
2L	9502804	9502883	Deletion	79
2L	9502804	9502875	Deletion	71
2L	9503811	9503898	Deletion	87
2L	9503831	9503898	Deletion	67
2L	9504002	9503898	Deletion	104
2L	9504002	9504038	Deletion	36
2L	9504002	9504117	Deletion	115
2L	9504002	9504045	Deletion	43
2L	9505348	9505458	Deletion	110
2L	9505351	9505458	Deletion	107
2L	9505353	9505458	Deletion	105
2L	9505360	9505458	Deletion	98
2L	9505942	9505458	Deletion	484
2L	9513486	9513591	Deletion	105
2L	9513497	9513591	Deletion	94
2L	9513504	9513591	Deletion	87
2L	9513553	9513591	Deletion	38
2L	9515454	9513591	Deletion	1863
2L	9515454	9515493	Deletion	39
2L	9515454	9515553	Deletion	99
2L	9547056	9547114	Deletion	58
2L	9547064	9547114	Deletion	50
2L	9562080	9547114	Deletion	14966
2L	9562080	9562149	Deletion	69
2L	9577778	9577874	Deletion	96
2L	9577788	9577874	Deletion	86
2L	9578584	9577874	Deletion	710
2L	9578584	9578618	Deletion	34
2L	9578584	9578704	Deletion	120
2L	9595919	9595990	Deletion	71
2L	9595923	9595990	Deletion	67
2L	9595935	9595990	Deletion	55
2L	9595948	9595990	Deletion	42
2L	9596054	9595990	Deletion	64
2L	9596054	9596138	Deletion	84
2L	9596054	9596113	Deletion	59
2L	9596054	9596109	Deletion	55
2L	9602415	9602506	Deletion	91
2L	9606776	9602506	Deletion	4270
2L	9606776	9606900	Deletion	124
2L	9612300	9612408	Deletion	108
2L	9612314	9612408	Deletion	94
2L	9612363	9612408	Deletion	45
2L	9613131	9612408	Deletion	723
2L	9613131	9613213	Deletion	82
2L	9619370	9619442	Deletion	72
2L	9619374	9619442	Deletion	68
2L	9619497	9619442	Deletion	55
2L	9619497	9619581	Deletion	84
2L	9619497	9619551	Deletion	54
2L	9619497	9619555	Deletion	58
2L	9619497	9619604	Deletion	107
2L	9619497	9619598	Deletion	101
2L	9619497	9619617	Deletion	120
2L	9621384	9621465	Deletion	81
2L	9621421	9621465	Deletion	44
2L	9621432	9621465	Deletion	33
2L	9621515	9621465	Deletion	50
2L	9621515	9621623	Deletion	108
2L	9621515	9621597	Deletion	82
2L	9621515	9621608	Deletion	93
2L	9624518	9624594	Deletion	76
2L	9624524	9624594	Deletion	70
2L	9624542	9624594	Deletion	52
2L	9629813	9624594	Deletion	5219
2L	9629813	9629933	Deletion	120
2L	9629813	9629887	Deletion	74
2L	9629813	9629863	Deletion	50
2L	9629813	9629925	Deletion	112
2L	9646083	9646181	Deletion	98
2L	9646089	9646181	Deletion	92
2L	9646099	9646181	Deletion	82
2L	9646113	9646181	Deletion	68
2L	9646132	9646181	Deletion	49
2L	9647945	9646181	Deletion	1764
2L	9647945	9647989	Deletion	44
2L	9647945	9648044	Deletion	99
2L	9647945	9648003	Deletion	58
2L	9647945	9648056	Deletion	111
2L	9678136	9678212	Deletion	76
2L	9678164	9678212	Deletion	48
2L	9678322	9678212	Deletion	110
2L	9678322	9678401	Deletion	79
2L	9690487	9690588	Deletion	101
2L	9690490	9690588	Deletion	98
2L	9690524	9690588	Deletion	64
2L	9690535	9690588	Deletion	53
2L	9690649	9690588	Deletion	61
2L	9690649	9690711	Deletion	62
2L	9690649	9690748	Deletion	99
2L	9690649	9690722	Deletion	73
2L	9725165	9725251	Deletion	86
2L	9725170	9725251	Deletion	81
2L	9734722	9725251	Deletion	9471
2L	9734722	9734763	Deletion	41
2L	9734722	9734768	Deletion	46
2L	9734722	9734838	Deletion	116
2L	9750460	9750518	Deletion	58
2L	9752102	9750518	Deletion	1584
2L	9752102	9752137	Deletion	35
2L	9752102	9752209	Deletion	107
2L	9752102	9752217	Deletion	115
2L	9766818	9766900	Deletion	82
2L	9766823	9766900	Deletion	77
2L	9769648	9766898	Deletion	2750
2L	9769648	9769698	Deletion	50
2L	9774938	9775030	Deletion	92
2L	9774970	9775030	Deletion	60
2L	9774971	9775030	Deletion	59
2L	9774972	9775030	Deletion	58
2L	9774999	9775030	Deletion	31
2L	9777314	9775030	Deletion	2284
2L	9777314	9777382	Deletion	68
2L	9777314	9777420	Deletion	106
2L	9777314	9777380	Deletion	66
2L	9777314	9777409	Deletion	95
2L	9777314	9777381	Deletion	67
2L	9777314	9777418	Deletion	104
2L	9786312	9786404	Deletion	92
2L	9786329	9786404	Deletion	75
2L	9786350	9786404	Deletion	54
2L	9786352	9786404	Deletion	52
2L	9787701	9786404	Deletion	1297
2L	9787701	9787738	Deletion	37
2L	9787701	9787811	Deletion	110
2L	9787701	9787755	Deletion	54
2L	9787701	9787812	Deletion	111
2L	9787701	9787776	Deletion	75
2L	9787701	9787807	Deletion	106
2L	9808786	9808864	Deletion	78
2L	9808791	9808864	Deletion	73
2L	9808919	9808864	Deletion	55
2L	9808919	9808967	Deletion	48
2L	9808919	9808972	Deletion	53
2L	9853268	9853329	Deletion	61
2L	9859444	9853329	Deletion	6115
2L	9859444	9859509	Deletion	65
2L	9866051	9866155	Deletion	104
2L	9866088	9866155	Deletion	67
2L	9867445	9866155	Deletion	1290
2L	9923706	9923820	Deletion	114
2L	9923707	9923820	Deletion	113
2L	9923726	9923820	Deletion	94
2L	9923734	9923820	Deletion	86
2L	9923740	9923820	Deletion	80
2L	9923751	9923820	Deletion	69
2L	9923761	9923820	Deletion	59
2L	9925620	9923820	Deletion	1800
2L	9925620	9925661	Deletion	41
2L	9925620	9925688	Deletion	68
2L	9925620	9925678	Deletion	58
2L	9925620	9925653	Deletion	33
2L	9929155	9929260	Deletion	105
2L	9929173	9929260	Deletion	87
2L	9929187	9929260	Deletion	73
2L	9931684	9931789	Deletion	105
2L	9931684	9931723	Deletion	39
2L	9936921	9937028	Deletion	107
2L	9936930	9937028	Deletion	98
2L	9936979	9937028	Deletion	49
2L	9936994	9937028	Deletion	34
2L	9937167	9937028	Deletion	139
2L	9937167	9937264	Deletion	97
2L	9937167	9937259	Deletion	92
2L	9940823	9940914	Deletion	91
2L	9940827	9940914	Deletion	87
2L	9940838	9940914	Deletion	76
2L	9940843	9940914	Deletion	71
2L	9941419	9940914	Deletion	505
2L	9941419	9941469	Deletion	50
2L	9941419	9941458	Deletion	39
2L	9941419	9941454	Deletion	35
2L	9941419	9941474	Deletion	55
2L	9964961	9965047	Deletion	86
2L	9964964	9965047	Deletion	83
2L	9964965	9965047	Deletion	82
2L	9964977	9965047	Deletion	70
2L	9967584	9965047	Deletion	2537
2L	9967584	9967626	Deletion	42
2L	9967584	9967631	Deletion	47
2L	9967584	9967647	Deletion	63
2L	9967584	9967634	Deletion	50
2L	9971405	9971439	Deletion	34
2L	9971487	9971439	Deletion	48
2L	9971487	9971596	Deletion	109
2L	9971487	9971581	Deletion	94
2L	9971487	9971578	Deletion	91
2L	9971487	9971591	Deletion	104
2L	9973749	9973784	Deletion	35
2L	9973752	9973784	Deletion	32
2L	9981788	9981824	Deletion	36
2L	9981788	9981895	Deletion	107
2L	9981788	9981874	Deletion	86
2L	9981788	9981900	Deletion	112
2L	9990535	9990636	Deletion	101
2L	9990560	9990636	Deletion	76
2L	9990580	9990636	Deletion	56
2L	9990591	9990636	Deletion	45
2L	9990599	9990636	Deletion	37
2L	9990830	9990636	Deletion	194
2L	9990830	9990912	Deletion	82
2L	9990830	9990920	Deletion	90
2L	9990830	9990881	Deletion	51
2L	9990830	9990901	Deletion	71
2L	10000980	10001074	Deletion	94
2L	10000985	10001074	Deletion	89
2L	10001017	10001074	Deletion	57
2L	10001031	10001074	Deletion	43
2L	10004266	10001074	Deletion	3192
2L	10004266	10004298	Deletion	32
2L	10004266	10004349	Deletion	83
2L	10004266	10004335	Deletion	69
2L	10004266	10004303	Deletion	37
2L	10008673	10008749	Deletion	76
2L	10008686	10008749	Deletion	63
2L	10008697	10008749	Deletion	52
2L	10008699	10008749	Deletion	50
2L	10008711	10008749	Deletion	38
2L	10017403	10008749	Deletion	8654
2L	10017403	10017453	Deletion	50
2L	10017403	10017479	Deletion	76
2L	10017403	10017477	Deletion	74
2L	10017403	10017466	Deletion	63
2L	10034342	10034461	Deletion	119
2L	10034348	10034463	Deletion	115
2L	10034426	10034463	Deletion	37
2L	10042791	10034463	Deletion	8328
2L	10042791	10042890	Deletion	99
2L	10042791	10042882	Deletion	91
2L	10045077	10045141	Deletion	64
2L	10045090	10045141	Deletion	51
2L	10060803	10045141	Deletion	15662
2L	10060803	10060908	Deletion	105
2L	10060803	10060878	Deletion	75
2L	10060803	10060865	Deletion	62
2L	10066710	10066814	Deletion	104
2L	10066736	10066814	Deletion	78
2L	10066749	10066814	Deletion	65
2L	10066777	10066814	Deletion	37
2L	10068795	10066814	Deletion	1981
2L	10068795	10068885	Deletion	90
2L	10068795	10068857	Deletion	62
2L	10068862	10068961	Deletion	99
2L	10068882	10068961	Deletion	79
2L	10068914	10068961	Deletion	47
2L	10069791	10068961	Deletion	830
2L	10071354	10069831	Deletion	1523
2L	10071354	10071424	Deletion	70
2L	10071354	10071427	Deletion	73
2L	10095215	10095293	Deletion	78
2L	10095225	10095293	Deletion	68
2L	10095231	10095293	Deletion	62
2L	10095238	10095293	Deletion	55
2L	10095249	10095293	Deletion	44
2L	10096272	10095293	Deletion	979
2L	10096272	10096343	Deletion	71
2L	10096272	10096354	Deletion	82
2L	10096272	10096330	Deletion	58
2L	10096272	10096320	Deletion	48
2L	10096272	10096378	Deletion	106
2L	10096272	10096336	Deletion	64
2L	10123338	10123421	Deletion	83
2L	10123371	10123421	Deletion	50
2L	10125656	10123421	Deletion	2235
2L	10125656	10125772	Deletion	116
2L	10125656	10125699	Deletion	43
2L	10125656	10125732	Deletion	76
2L	10125656	10125749	Deletion	93
2L	10126977	10127035	Deletion	58
2L	10126987	10127035	Deletion	48
2L	10126991	10127035	Deletion	44
2L	10127129	10127035	Deletion	94
2L	10127129	10127244	Deletion	115
2L	10127129	10127212	Deletion	83
2L	10127129	10127208	Deletion	79
2L	10127132	10127198	Deletion	66
2L	10149958	10150060	Deletion	102
2L	10149965	10150064	Deletion	99
2L	10200555	10200618	Deletion	63
2L	10200556	10200618	Deletion	62
2L	10200558	10200618	Deletion	60
2L	10200562	10200618	Deletion	56
2L	10201326	10200618	Deletion	708
2L	10201326	10201426	Deletion	100
2L	10201326	10201423	Deletion	97
2L	10201326	10201429	Deletion	103
2L	10201326	10201389	Deletion	63
2L	10201326	10201390	Deletion	64
2L	10201326	10201392	Deletion	66
2L	10201326	10201396	Deletion	70
2L	10201326	10201436	Deletion	110
2L	10217498	10217597	Deletion	99
2L	10217517	10217597	Deletion	80
2L	10217520	10217597	Deletion	77
2L	10217520	10217597	Deletion	77
2L	10218669	10217592	Deletion	1077
2L	10218669	10218699	Deletion	30
2L	10218669	10218721	Deletion	52
2L	10218669	10218772	Deletion	103
2L	10225754	10225799	Deletion	45
2L	10227953	10225799	Deletion	2154
2L	10227953	10227990	Deletion	37
2L	10227953	10228058	Deletion	105
2L	10227953	10228034	Deletion	81
2L	10244056	10244133	Deletion	77
2L	10245293	10244133	Deletion	1160
2L	10245293	10245344	Deletion	51
2L	10245293	10245395	Deletion	102
2L	10247629	10247694	Deletion	65
2L	10249459	10247694	Deletion	1765
2L	10249459	10249568	Deletion	109
2L	10249459	10249510	Deletion	51
2L	10249459	10249559	Deletion	100
2L	10252772	10252848	Deletion	76
2L	10252783	10252848	Deletion	65
2L	10259225	10252848	Deletion	6377
2L	10259225	10259326	Deletion	101
2L	10259225	10259287	Deletion	62
2L	10259225	10259276	Deletion	51
2L	10263384	10263499	Deletion	115
2L	10263389	10263499	Deletion	110
2L	10263410	10263499	Deletion	89
2L	10263436	10263499	Deletion	63
2L	10263441	10263499	Deletion	58
2L	10263447	10263499	Deletion	52
2L	10271710	10263499	Deletion	8211
2L	10271710	10271785	Deletion	75
2L	10271710	10271779	Deletion	69
2L	10271710	10271748	Deletion	38
2L	10292361	10292430	Deletion	69
2L	10292615	10292430	Deletion	185
2L	10292615	10292723	Deletion	108
2L	10292615	10292726	Deletion	111
2L	10292615	10292714	Deletion	99
2L	10292615	10292710	Deletion	95
2L	10292822	10292890	Deletion	68
2L	10293927	10292890	Deletion	1037
2L	10293927	10293964	Deletion	37
2L	10293927	10294046	Deletion	119
2L	10299888	10299973	Deletion	85
2L	10299893	10299973	Deletion	80
2L	10299900	10299973	Deletion	73
2L	10299904	10299973	Deletion	69
2L	10299918	10299973	Deletion	55
2L	10299921	10299973	Deletion	52
2L	10299922	10299973	Deletion	51
2L	10299924	10299973	Deletion	49
2L	10299925	10299973	Deletion	48
2L	10303709	10299973	Deletion	3736
2L	10303709	10303784	Deletion	75
2L	10303709	10303762	Deletion	53
2L	10303709	10303750	Deletion	41
2L	10303709	10303787	Deletion	78
2L	10303709	10303755	Deletion	46
2L	10303709	10303786	Deletion	77
2L	10303709	10303780	Deletion	71
2L	10303709	10303742	Deletion	33
2L	10303709	10303783	Deletion	74
2L	10303711	10303766	Deletion	55
2L	10319420	10319494	Deletion	74
2L	10319424	10319494	Deletion	70
2L	10319454	10319494	Deletion	40
2L	10321622	10319494	Deletion	2128
2L	10321622	10321680	Deletion	58
2L	10321622	10321676	Deletion	54
2L	10321622	10321710	Deletion	88
2L	10325413	10325480	Deletion	67
2L	10325419	10325480	Deletion	61
2L	10325430	10325480	Deletion	50
2L	10326931	10325480	Deletion	1451
2L	10326931	10327007	Deletion	76
2L	10326931	10327033	Deletion	102
2L	10326931	10327035	Deletion	104
2L	10326931	10326996	Deletion	65
2L	10326931	10326990	Deletion	59
2L	10329858	10329971	Deletion	113
2L	10329882	10329971	Deletion	89
2L	10329902	10329971	Deletion	69
2L	10329939	10329967	Deletion	28
2L	10329940	10329971	Deletion	31
2L	10333111	10329971	Deletion	3140
2L	10333111	10333206	Deletion	95
2L	10333111	10333168	Deletion	57
2L	10333111	10333148	Deletion	37
2L	10335494	10333771	Deletion	1723
2L	10337716	10337829	Deletion	113
2L	10337749	10337829	Deletion	80
2L	10337759	10337829	Deletion	70
2L	10337767	10337829	Deletion	62
2L	10337768	10337829	Deletion	61
2L	10345800	10337824	Deletion	7976
2L	10345800	10345907	Deletion	107
2L	10345800	10345859	Deletion	59
2L	10345800	10345868	Deletion	68
2L	10345800	10345867	Deletion	67
2L	10346141	10346231	Deletion	90
2L	10346145	10346231	Deletion	86
2L	10346162	10346231	Deletion	69
2L	10346195	10346231	Deletion	36
2L	10346196	10346231	Deletion	35
2L	10354370	10346231	Deletion	8139
2L	10354370	10354461	Deletion	91
2L	10354370	10354460	Deletion	90
2L	10354370	10354427	Deletion	57
2L	10354370	10354410	Deletion	40
2L	10361016	10361069	Deletion	53
2L	10361029	10361069	Deletion	40
2L	10366404	10361069	Deletion	5335
2L	10366404	10366491	Deletion	87
2L	10366404	10366478	Deletion	74
2L	10366404	10366521	Deletion	117
2L	10387316	10387408	Deletion	92
2L	10387590	10387408	Deletion	182
2L	10387590	10387625	Deletion	35
2L	10387590	10387699	Deletion	109
2L	10400284	10400375	Deletion	91
2L	10400285	10400375	Deletion	90
2L	10400315	10400375	Deletion	60
2L	10400326	10400375	Deletion	49
2L	10400338	10400375	Deletion	37
2L	10403620	10403655	Deletion	35
2L	10403620	10403697	Deletion	77
2L	10403620	10403686	Deletion	66
2L	10403620	10403656	Deletion	36
2L	10408202	10408277	Deletion	75
2L	10408235	10408277	Deletion	42
2L	10408240	10408277	Deletion	37
2L	10408243	10408277	Deletion	34
2L	10437144	10408277	Deletion	28867
2L	10437144	10437197	Deletion	53
2L	10437144	10437238	Deletion	94
2L	10437144	10437230	Deletion	86
2L	10437144	10437235	Deletion	91
2L	10437182	10437288	Deletion	106
2L	10437191	10437288	Deletion	97
2L	10437202	10437288	Deletion	86
2L	10437253	10437288	Deletion	35
2L	10437256	10437288	Deletion	32
2L	10441689	10437288	Deletion	4401
2L	10441689	10441783	Deletion	94
2L	10441689	10441780	Deletion	91
2L	10441689	10441799	Deletion	110
2L	10460229	10460312	Deletion	83
2L	10460244	10460312	Deletion	68
2L	10460252	10460312	Deletion	60
2L	10465974	10460312	Deletion	5662
2L	10465974	10466075	Deletion	101
2L	10465974	10466086	Deletion	112
2L	10465974	10466009	Deletion	35
2L	10465974	10466019	Deletion	45
2L	10465974	10466042	Deletion	68
2L	10478656	10478769	Deletion	113
2L	10478682	10478769	Deletion	87
2L	10478700	10478769	Deletion	69
2L	10478711	10478769	Deletion	58
2L	10478716	10478769	Deletion	53
2L	10480213	10478769	Deletion	1444
2L	10480213	10480281	Deletion	68
2L	10480213	10480286	Deletion	73
2L	10480213	10480252	Deletion	39
2L	10480213	10480316	Deletion	103
2L	10480213	10480332	Deletion	119
2L	10493085	10493146	Deletion	61
2L	10493093	10493146	Deletion	53
2L	10497690	10493146	Deletion	4544
2L	10497690	10497790	Deletion	100
2L	10497690	10497755	Deletion	65
2L	10497690	10497763	Deletion	73
2L	10497690	10497787	Deletion	97
2L	10498330	10498443	Deletion	113
2L	10505544	10505659	Deletion	115
2L	10505565	10505659	Deletion	94
2L	10505601	10505659	Deletion	58
2L	10505609	10505659	Deletion	50
2L	10505852	10505659	Deletion	193
2L	10505852	10505920	Deletion	68
2L	10505852	10505928	Deletion	76
2L	10505852	10505955	Deletion	103
2L	10511102	10511217	Deletion	115
2L	10511139	10511217	Deletion	78
2L	10515607	10511217	Deletion	4390
2L	10515607	10515720	Deletion	113
2L	10531837	10531918	Deletion	81
2L	10531856	10531918	Deletion	62
2L	10531870	10531918	Deletion	48
2L	10531876	10531918	Deletion	42
2L	10531885	10531918	Deletion	33
2L	10532139	10531918	Deletion	221
2L	10532139	10532223	Deletion	84
2L	10532139	10532203	Deletion	64
2L	10532139	10532217	Deletion	78
2L	10532139	10532246	Deletion	107
2L	10532139	10532184	Deletion	45
2L	10536863	10536960	Deletion	97
2L	10536918	10536960	Deletion	42
2L	10541506	10536960	Deletion	4546
2L	10541506	10541590	Deletion	84
2L	10541506	10541605	Deletion	99
2L	10554104	10554184	Deletion	80
2L	10554114	10554184	Deletion	70
2L	10554124	10554184	Deletion	60
2L	10561027	10554184	Deletion	6843
2L	10561027	10561141	Deletion	114
2L	10561027	10561073	Deletion	46
2L	10561027	10561083	Deletion	56
2L	10561027	10561093	Deletion	66
2L	10563488	10563535	Deletion	47
2L	10563489	10563531	Deletion	42
2L	10563494	10563535	Deletion	41
2L	10569253	10563535	Deletion	5718
2L	10569253	10569333	Deletion	80
2L	10569253	10569338	Deletion	85
2L	10569253	10569332	Deletion	79
2L	10575321	10575427	Deletion	106
2L	10575342	10575427	Deletion	85
2L	10575345	10575427	Deletion	82
2L	10575355	10575427	Deletion	72
2L	10575371	10575427	Deletion	56
2L	10575590	10575427	Deletion	163
2L	10575590	10575636	Deletion	46
2L	10575590	10575662	Deletion	72
2L	10575590	10575633	Deletion	43
2L	10575590	10575712	Deletion	122
2L	10584906	10585013	Deletion	107
2L	10584912	10585013	Deletion	101
2L	10584913	10585013	Deletion	100
2L	10584916	10585013	Deletion	97
2L	10584930	10585013	Deletion	83
2L	10584932	10585013	Deletion	81
2L	10584945	10585013	Deletion	68
2L	10584946	10585013	Deletion	67
2L	10584952	10585013	Deletion	61
2L	10584965	10585013	Deletion	48
2L	10602249	10602293	Deletion	44
2L	10602249	10602279	Deletion	30
2L	10602249	10602295	Deletion	46
2L	10602249	10602309	Deletion	60
2L	10602249	10602315	Deletion	66
2L	10602249	10602328	Deletion	79
2L	10602249	10602308	Deletion	59
2L	10609721	10609808	Deletion	87
2L	10609723	10609808	Deletion	85
2L	10609760	10609808	Deletion	48
2L	10614416	10609808	Deletion	4608
2L	10614416	10614494	Deletion	78
2L	10614416	10614520	Deletion	104
2L	10614416	10614457	Deletion	41
2L	10614416	10614521	Deletion	105
2L	10616618	10616707	Deletion	89
2L	10616651	10616707	Deletion	56
2L	10616664	10616707	Deletion	43
2L	10618689	10616707	Deletion	1982
2L	10618689	10618759	Deletion	70
2L	10618689	10618772	Deletion	83
2L	10618689	10618726	Deletion	37
2L	10634736	10634780	Deletion	44
2L	10634745	10634780	Deletion	35
2L	10634750	10634780	Deletion	30
2L	10636595	10634780	Deletion	1815
2L	10636595	10636691	Deletion	96
2L	10636595	10636696	Deletion	101
2L	10636595	10636682	Deletion	87
2L	10654340	10654431	Deletion	91
2L	10654349	10654431	Deletion	82
2L	10654358	10654431	Deletion	73
2L	10654396	10654431	Deletion	35
2L	10654646	10654431	Deletion	215
2L	10654646	10654681	Deletion	35
2L	10654646	10654752	Deletion	106
2L	10654646	10654756	Deletion	110
2L	10654646	10654761	Deletion	115
2L	10654646	10654690	Deletion	44
2L	10654646	10654737	Deletion	91
2L	10665211	10665267	Deletion	56
2L	10665225	10665267	Deletion	42
2L	10668175	10665267	Deletion	2908
2L	10668175	10668283	Deletion	108
2L	10668175	10668246	Deletion	71
2L	10668346	10668464	Deletion	118
2L	10668353	10668464	Deletion	111
2L	10668359	10668464	Deletion	105
2L	10668391	10668464	Deletion	73
2L	10671197	10668464	Deletion	2733
2L	10671197	10671316	Deletion	119
2L	10672233	10672292	Deletion	59
2L	10677088	10672292	Deletion	4796
2L	10677088	10677122	Deletion	34
2L	10677088	10677203	Deletion	115
2L	10677088	10677156	Deletion	68
2L	10677088	10677197	Deletion	109
2L	10692223	10692344	Deletion	121
2L	10692224	10692344	Deletion	120
2L	10692268	10692344	Deletion	76
2L	10692306	10692344	Deletion	38
2L	10692308	10692344	Deletion	36
2L	10692312	10692344	Deletion	32
2L	10692619	10692344	Deletion	275
2L	10692619	10692669	Deletion	50
2L	10692619	10692713	Deletion	94
2L	10692619	10692743	Deletion	124
2L	10692619	10692707	Deletion	88
2L	10695265	10695362	Deletion	97
2L	10695275	10695362	Deletion	87
2L	10695320	10695362	Deletion	42
2L	10695321	10695362	Deletion	41
2L	10695328	10695362	Deletion	34
2L	10695330	10695362	Deletion	32
2L	10697448	10695362	Deletion	2086
2L	10697448	10697566	Deletion	118
2L	10697448	10697540	Deletion	92
2L	10697448	10697533	Deletion	85
2L	10697448	10697568	Deletion	120
2L	10697448	10697532	Deletion	84
2L	10710559	10710666	Deletion	107
2L	10710591	10710666	Deletion	75
2L	10710594	10710666	Deletion	72
2L	10710626	10710666	Deletion	40
2L	10727672	10727759	Deletion	87
2L	10727672	10727724	Deletion	52
2L	10727672	10727727	Deletion	55
2L	10737494	10737541	Deletion	47
2L	10737498	10737541	Deletion	43
2L	10739035	10737541	Deletion	1494
2L	10739035	10739118	Deletion	83
2L	10739035	10739114	Deletion	79
2L	10739035	10739101	Deletion	66
2L	10765293	10765378	Deletion	85
2L	10765319	10765378	Deletion	59
2L	10765323	10765378	Deletion	55
2L	10765346	10765378	Deletion	32
2L	10766033	10765378	Deletion	655
2L	10766033	10766104	Deletion	71
2L	10766033	10766147	Deletion	114
2L	10766033	10766066	Deletion	33
2L	10766038	10766100	Deletion	62
2L	10778902	10779015	Deletion	113
2L	10778930	10779015	Deletion	85
2L	10778948	10779015	Deletion	67
2L	10778976	10779015	Deletion	39
2L	10786588	10779015	Deletion	7573
2L	10786588	10786630	Deletion	42
2L	10786588	10786648	Deletion	60
2L	10810196	10810283	Deletion	87
2L	10810201	10810283	Deletion	82
2L	10810214	10810283	Deletion	69
2L	10810344	10810283	Deletion	61
2L	10810344	10810401	Deletion	57
2L	10810344	10810450	Deletion	106
2L	10810344	10810388	Deletion	44
2L	10817505	10817616	Deletion	111
2L	10817521	10817616	Deletion	95
2L	10817544	10817616	Deletion	72
2L	10817549	10817616	Deletion	67
2L	10817551	10817616	Deletion	65
2L	10817555	10817616	Deletion	61
2L	10831938	10817616	Deletion	14322
2L	10831938	10831970	Deletion	32
2L	10831938	10831993	Deletion	55
2L	10831938	10832004	Deletion	66
2L	10831938	10832040	Deletion	102
2L	10831938	10832000	Deletion	62
2L	10836658	10836757	Deletion	99
2L	10836673	10836757	Deletion	84
2L	10836686	10836757	Deletion	71
2L	10836705	10836757	Deletion	52
2L	10836711	10836757	Deletion	46
2L	10837220	10836757	Deletion	463
2L	10837220	10837295	Deletion	75
2L	10837220	10837322	Deletion	102
2L	10837220	10837319	Deletion	99
2L	10837220	10837301	Deletion	81
2L	10837220	10837263	Deletion	43
2L	10838730	10838823	Deletion	93
2L	10838754	10838823	Deletion	69
2L	10838767	10838823	Deletion	56
2L	10844652	10838823	Deletion	5829
2L	10844652	10844709	Deletion	57
2L	10844652	10844684	Deletion	32
2L	10849672	10849764	Deletion	92
2L	10849696	10849764	Deletion	68
2L	10849699	10849764	Deletion	65
2L	10849714	10849764	Deletion	50
2L	10849725	10849764	Deletion	39
2L	10853437	10849764	Deletion	3673
2L	10853437	10853514	Deletion	77
2L	10853437	10853499	Deletion	62
2L	10853437	10853496	Deletion	59
2L	10853437	10853472	Deletion	35
2L	10858417	10858458	Deletion	41
2L	10859051	10858458	Deletion	593
2L	10859051	10859131	Deletion	80
2L	10859051	10859159	Deletion	108
2L	10859051	10859162	Deletion	111
2L	10900203	10900307	Deletion	104
2L	10900210	10900307	Deletion	97
2L	10900253	10900307	Deletion	54
2L	10900271	10900307	Deletion	36
2L	10900957	10900307	Deletion	650
2L	10900976	10901014	Deletion	38
2L	10904365	10901014	Deletion	3351
2L	10904365	10904406	Deletion	41
2L	10904365	10904453	Deletion	88
2L	10904365	10904464	Deletion	99
2L	10904878	10904979	Deletion	101
2L	10904894	10904979	Deletion	85
2L	10904906	10904979	Deletion	73
2L	10904923	10904979	Deletion	56
2L	10904939	10904979	Deletion	40
2L	10906637	10904979	Deletion	1658
2L	10906637	10906690	Deletion	53
2L	10906637	10906723	Deletion	86
2L	10906637	10906707	Deletion	70
2L	10906637	10906678	Deletion	41
2L	10906637	10906737	Deletion	100
2L	10906637	10906736	Deletion	99
2L	10935637	10935707	Deletion	70
2L	10935650	10935707	Deletion	57
2L	10935656	10935707	Deletion	51
2L	10935663	10935707	Deletion	44
2L	10959631	10959709	Deletion	78
2L	10959652	10959709	Deletion	57
2L	10961820	10959709	Deletion	2111
2L	10961820	10961932	Deletion	112
2L	10961820	10961941	Deletion	121
2L	10961820	10961889	Deletion	69
2L	10962864	10962954	Deletion	90
2L	10962869	10962954	Deletion	85
2L	10962871	10962954	Deletion	83
2L	10967065	10962954	Deletion	4111
2L	10967065	10967103	Deletion	38
2L	10967065	10967110	Deletion	45
2L	10967065	10967108	Deletion	43
2L	10971028	10971141	Deletion	113
2L	10971053	10971141	Deletion	88
2L	10971067	10971141	Deletion	74
2L	10971084	10971141	Deletion	57
2L	10971111	10971141	Deletion	30
2L	10974772	10971141	Deletion	3631
2L	10974772	10974869	Deletion	97
2L	10974772	10974842	Deletion	70
2L	10974772	10974895	Deletion	123
2L	10974772	10974811	Deletion	39
2L	10975101	10975143	Deletion	42
2L	11010274	10975143	Deletion	35131
2L	11010274	11010358	Deletion	84
2L	11010274	11010383	Deletion	109
2L	11041836	11041928	Deletion	92
2L	11041883	11041928	Deletion	45
2L	11041888	11041928	Deletion	40
2L	11043495	11041928	Deletion	1567
2L	11043495	11043581	Deletion	86
2L	11043495	11043605	Deletion	110
2L	11043495	11043576	Deletion	81
2L	11043495	11043529	Deletion	34
2L	11071525	11071628	Deletion	103
2L	11071533	11071628	Deletion	95
2L	11071536	11071628	Deletion	92
2L	11071538	11071628	Deletion	90
2L	11071544	11071628	Deletion	84
2L	11071552	11071628	Deletion	76
2L	11071564	11071628	Deletion	64
2L	11071593	11071628	Deletion	35
2L	11071596	11071628	Deletion	32
2L	11072087	11071628	Deletion	459
2L	11072087	11072118	Deletion	31
2L	11072087	11072149	Deletion	62
2L	11072087	11072196	Deletion	109
2L	11072087	11072137	Deletion	50
2L	11072087	11072200	Deletion	113
2L	11072087	11072181	Deletion	94
2L	11072087	11072208	Deletion	121
2L	11072087	11072123	Deletion	36
2L	11072087	11072121	Deletion	34
2L	11072087	11072178	Deletion	91
2L	11072764	11072801	Deletion	37
2L	11098650	11072801	Deletion	25849
2L	11098650	11098739	Deletion	89
2L	11117361	11115930	Deletion	1431
2L	11127475	11127554	Deletion	79
2L	11127511	11127554	Deletion	43
2L	11127885	11127554	Deletion	331
2L	11127885	11127969	Deletion	84
2L	11127885	11127933	Deletion	48
2L	11127885	11127999	Deletion	114
2L	11131342	11131372	Deletion	30
2L	11143078	11131372	Deletion	11706
2L	11143078	11143177	Deletion	99
2L	11143078	11143117	Deletion	39
2L	11144956	11145040	Deletion	84
2L	11144986	11145040	Deletion	54
2L	11144987	11145040	Deletion	53
2L	11145000	11145040	Deletion	40
2L	11146516	11145040	Deletion	1476
2L	11146516	11146559	Deletion	43
2L	11146516	11146590	Deletion	74
2L	11146516	11146624	Deletion	108
2L	11146516	11146589	Deletion	73
2L	11147410	11147493	Deletion	83
2L	11147420	11147493	Deletion	73
2L	11147421	11147493	Deletion	72
2L	11147428	11147493	Deletion	65
2L	11147430	11147493	Deletion	63
2L	11147454	11147493	Deletion	39
2L	11149102	11147493	Deletion	1609
2L	11149102	11149212	Deletion	110
2L	11149102	11149165	Deletion	63
2L	11149102	11149163	Deletion	61
2L	11149102	11149156	Deletion	54
2L	11149102	11149189	Deletion	87
2L	11149102	11149155	Deletion	53
2L	11149102	11149145	Deletion	43
2L	11154241	11154346	Deletion	105
2L	11154251	11154346	Deletion	95
2L	11154276	11154345	Deletion	69
2L	11159086	11154344	Deletion	4742
2L	11159086	11159202	Deletion	116
2L	11159086	11159187	Deletion	101
2L	11159086	11159142	Deletion	56
2L	11159086	11159198	Deletion	112
2L	11161500	11161618	Deletion	118
2L	11161526	11161618	Deletion	92
2L	11161527	11161618	Deletion	91
2L	11161560	11161618	Deletion	58
2L	11161567	11161618	Deletion	51
2L	11176587	11161618	Deletion	14969
2L	11176587	11176700	Deletion	113
2L	11176587	11176622	Deletion	35
2L	11176587	11176662	Deletion	75
2L	11176587	11176655	Deletion	68
2L	11181089	11181146	Deletion	57
2L	11181091	11181146	Deletion	55
2L	11181102	11181146	Deletion	44
2L	11181262	11181146	Deletion	116
2L	11181262	11181332	Deletion	70
2L	11181262	11181334	Deletion	72
2L	11181262	11181382	Deletion	120
2L	11181262	11181345	Deletion	83
2L	11181262	11181365	Deletion	103
2L	11183346	11183432	Deletion	86
2L	11183353	11183432	Deletion	79
2L	11183376	11183432	Deletion	56
2L	11183379	11183432	Deletion	53
2L	11183919	11183432	Deletion	487
2L	11183919	11183989	Deletion	70
2L	11183919	11184023	Deletion	104
2L	11183919	11183992	Deletion	73
2L	11194056	11194171	Deletion	115
2L	11194081	11194171	Deletion	90
2L	11196327	11194171	Deletion	2156
2L	11211378	11211452	Deletion	74
2L	11211390	11211452	Deletion	62
2L	11211397	11211452	Deletion	55
2L	11211421	11211452	Deletion	31
2L	11213950	11211452	Deletion	2498
2L	11213950	11214004	Deletion	54
2L	11213950	11214058	Deletion	108
2L	11213950	11214016	Deletion	66
2L	11213950	11214023	Deletion	73
2L	11215366	11215484	Deletion	118
2L	11218711	11218787	Deletion	76
2L	11218726	11218787	Deletion	61
2L	11218728	11218787	Deletion	59
2L	11218729	11218787	Deletion	58
2L	11218955	11218787	Deletion	168
2L	11218955	11219021	Deletion	66
2L	11218955	11219024	Deletion	69
2L	11218955	11219023	Deletion	68
2L	11218955	11219056	Deletion	101
2L	11218955	11219006	Deletion	51
2L	11221404	11221512	Deletion	108
2L	11221436	11221512	Deletion	76
2L	11221447	11221512	Deletion	65
2L	11221482	11221512	Deletion	30
2L	11221719	11221512	Deletion	207
2L	11221719	11221781	Deletion	62
2L	11221719	11221816	Deletion	97
2L	11221719	11221770	Deletion	51
2L	11239943	11240030	Deletion	87
2L	11239949	11240030	Deletion	81
2L	11239950	11240030	Deletion	80
2L	11239953	11240030	Deletion	77
2L	11239961	11240030	Deletion	69
2L	11239975	11240030	Deletion	55
2L	11239998	11240030	Deletion	32
2L	11242466	11240030	Deletion	2436
2L	11242466	11242515	Deletion	49
2L	11242466	11242512	Deletion	46
2L	11242466	11242560	Deletion	94
2L	11242466	11242511	Deletion	45
2L	11242466	11242505	Deletion	39
2L	11242466	11242537	Deletion	71
2L	11242466	11242523	Deletion	57
2L	11244022	11244127	Deletion	105
2L	11244027	11244127	Deletion	100
2L	11260335	11244127	Deletion	16208
2L	11260335	11260366	Deletion	31
2L	11260661	11260765	Deletion	104
2L	11260674	11260765	Deletion	91
2L	11261074	11260765	Deletion	309
2L	11280428	11280526	Deletion	98
2L	11280447	11280524	Deletion	77
2L	11280459	11280526	Deletion	67
2L	11282879	11280526	Deletion	2353
2L	11282879	11282928	Deletion	49
2L	11282879	11283000	Deletion	121
2L	11300940	11295731	Deletion	5209
2L	11300940	11301050	Deletion	110
2L	11304773	11304861	Deletion	88
2L	11304799	11304861	Deletion	62
2L	11304802	11304861	Deletion	59
2L	11304822	11304861	Deletion	39
2L	11305094	11304861	Deletion	233
2L	11305094	11305132	Deletion	38
2L	11305094	11305203	Deletion	109
2L	11305094	11305161	Deletion	67
2L	11305094	11305158	Deletion	64
2L	11305948	11306055	Deletion	107
2L	11305953	11306055	Deletion	102
2L	11305961	11306055	Deletion	94
2L	11306023	11306055	Deletion	32
2L	11306025	11306055	Deletion	30
2L	11307904	11306055	Deletion	1849
2L	11307904	11307999	Deletion	95
2L	11307904	11307937	Deletion	33
2L	11307904	11308001	Deletion	97
2L	11319670	11319765	Deletion	95
2L	11319675	11319765	Deletion	90
2L	11319678	11319765	Deletion	87
2L	11319684	11319765	Deletion	81
2L	11319707	11319765	Deletion	58
2L	11327690	11319765	Deletion	7925
2L	11327690	11327736	Deletion	46
2L	11327690	11327810	Deletion	120
2L	11327690	11327727	Deletion	37
2L	11327690	11327759	Deletion	69
2L	11327690	11327730	Deletion	40
2L	11337328	11337396	Deletion	68
2L	11337363	11337396	Deletion	33
2L	11348251	11337396	Deletion	10855
2L	11348251	11348344	Deletion	93
2L	11350629	11350732	Deletion	103
2L	11350637	11350732	Deletion	95
2L	11350640	11350732	Deletion	92
2L	11350669	11350732	Deletion	63
2L	11350670	11350732	Deletion	62
2L	11350680	11350732	Deletion	52
2L	11350684	11350732	Deletion	48
2L	11350821	11350732	Deletion	89
2L	11350821	11350860	Deletion	39
2L	11350821	11350857	Deletion	36
2L	11350821	11350900	Deletion	79
2L	11350821	11350889	Deletion	68
2L	11350821	11350904	Deletion	83
2L	11350821	11350890	Deletion	69
2L	11357589	11357650	Deletion	61
2L	11358132	11357654	Deletion	478
2L	11358132	11358181	Deletion	49
2L	11358272	11358346	Deletion	74
2L	11358312	11358346	Deletion	34
2L	11358315	11358346	Deletion	31
2L	11361470	11361566	Deletion	96
2L	11361470	11361563	Deletion	93
2L	11364938	11365022	Deletion	84
2L	11364947	11365022	Deletion	75
2L	11364961	11365022	Deletion	61
2L	11364977	11365022	Deletion	45
2L	11365212	11365022	Deletion	190
2L	11365212	11365263	Deletion	51
2L	11365212	11365293	Deletion	81
2L	11365212	11365277	Deletion	65
2L	11366011	11366129	Deletion	118
2L	11366030	11366129	Deletion	99
2L	11366060	11366129	Deletion	69
2L	11366063	11366129	Deletion	66
2L	11366088	11366129	Deletion	41
2L	11370444	11366129	Deletion	4315
2L	11370444	11370566	Deletion	122
2L	11370444	11370506	Deletion	62
2L	11370444	11370531	Deletion	87
2L	11370444	11370546	Deletion	102
2L	11373879	11373970	Deletion	91
2L	11373914	11373970	Deletion	56
2L	11374149	11374259	Deletion	110
2L	11374149	11374184	Deletion	35
2L	11374149	11374219	Deletion	70
2L	11380092	11380163	Deletion	71
2L	11380120	11380163	Deletion	43
2L	11381984	11380163	Deletion	1821
2L	11381984	11382014	Deletion	30
2L	11381984	11382039	Deletion	55
2L	11381984	11382067	Deletion	83
2L	11384852	11384958	Deletion	106
2L	11384869	11384958	Deletion	89
2L	11384870	11384958	Deletion	88
2L	11384906	11384958	Deletion	52
2L	11384921	11384958	Deletion	37
2L	11386969	11384958	Deletion	2011
2L	11386969	11387088	Deletion	119
2L	11386969	11387058	Deletion	89
2L	11386969	11387062	Deletion	93
2L	11386969	11387043	Deletion	74
2L	11386969	11387006	Deletion	37
2L	11391063	11391164	Deletion	101
2L	11391065	11391164	Deletion	99
2L	11391072	11391164	Deletion	92
2L	11391086	11391164	Deletion	78
2L	11391097	11391164	Deletion	67
2L	11391117	11391164	Deletion	47
2L	11391131	11391164	Deletion	33
2L	11394662	11394742	Deletion	80
2L	11394662	11394756	Deletion	94
2L	11394662	11394722	Deletion	60
2L	11394662	11394785	Deletion	123
2L	11394662	11394781	Deletion	119
2L	11394662	11394772	Deletion	110
2L	11394662	11394711	Deletion	49
2L	11394662	11394766	Deletion	104
2L	11402288	11402357	Deletion	69
2L	11402322	11402357	Deletion	35
2L	11402487	11402357	Deletion	130
2L	11402487	11402545	Deletion	58
2L	11402487	11402579	Deletion	92
2L	11417478	11417344	Deletion	134
2L	11417478	11417523	Deletion	45
2L	11428704	11428741	Deletion	37
2L	11428707	11428741	Deletion	34
2L	11437157	11428741	Deletion	8416
2L	11437157	11437280	Deletion	123
2L	11437157	11437260	Deletion	103
2L	11437157	11437268	Deletion	111
2L	11437157	11437249	Deletion	92
2L	11437157	11437256	Deletion	99
2L	11437157	11437246	Deletion	89
2L	11441627	11441669	Deletion	42
2L	11452493	11452594	Deletion	101
2L	11452504	11452594	Deletion	90
2L	11452524	11452594	Deletion	70
2L	11452537	11452594	Deletion	57
2L	11455370	11452594	Deletion	2776
2L	11455370	11455406	Deletion	36
2L	11455370	11455426	Deletion	56
2L	11455370	11455439	Deletion	69
2L	11483905	11484013	Deletion	108
2L	11483922	11484013	Deletion	91
2L	11483964	11484013	Deletion	49
2L	11484077	11484013	Deletion	64
2L	11484077	11484116	Deletion	39
2L	11484077	11484190	Deletion	113
2L	11494244	11494358	Deletion	114
2L	11494249	11494358	Deletion	109
2L	11494256	11494358	Deletion	102
2L	11494310	11494358	Deletion	48
2L	11494313	11494358	Deletion	45
2L	11504650	11494358	Deletion	10292
2L	11504650	11504732	Deletion	82
2L	11504650	11504729	Deletion	79
2L	11504650	11504749	Deletion	99
2L	11509573	11509637	Deletion	64
2L	11509595	11509637	Deletion	42
2L	11510490	11509637	Deletion	853
2L	11510490	11510553	Deletion	63
2L	11510490	11510598	Deletion	108
2L	11514961	11515055	Deletion	94
2L	11515011	11515055	Deletion	44
2L	11515022	11515055	Deletion	33
2L	11515112	11515205	Deletion	93
2L	11515112	11515144	Deletion	32
2L	11518554	11518646	Deletion	92
2L	11518558	11518646	Deletion	88
2L	11521925	11518646	Deletion	3279
2L	11521925	11521962	Deletion	37
2L	11521925	11521966	Deletion	41
2L	11540651	11540748	Deletion	97
2L	11547231	11547335	Deletion	104
2L	11562432	11562505	Deletion	73
2L	11562458	11562505	Deletion	47
2L	11562841	11562920	Deletion	79
2L	11591481	11591547	Deletion	66
2L	11591493	11591547	Deletion	54
2L	11591736	11591547	Deletion	189
2L	11591736	11591811	Deletion	75
2L	11591736	11591780	Deletion	44
2L	11605391	11605484	Deletion	93
2L	11605417	11605484	Deletion	67
2L	11605419	11605484	Deletion	65
2L	11605447	11605484	Deletion	37
2L	11605452	11605484	Deletion	32
2L	11606855	11605484	Deletion	1371
2L	11606855	11606945	Deletion	90
2L	11606855	11606953	Deletion	98
2L	11606855	11606950	Deletion	95
2L	11606855	11606889	Deletion	34
2L	11606855	11606915	Deletion	60
2L	11615652	11615755	Deletion	103
2L	11615672	11615755	Deletion	83
2L	11615696	11615755	Deletion	59
2L	11615701	11615755	Deletion	54
2L	11616835	11615755	Deletion	1080
2L	11616835	11616908	Deletion	73
2L	11616835	11616923	Deletion	88
2L	11616835	11616903	Deletion	68
2L	11616835	11616879	Deletion	44
2L	11651955	11652007	Deletion	52
2L	11651961	11652007	Deletion	46
2L	11651969	11652007	Deletion	38
2L	11680510	11652007	Deletion	28503
2L	11680510	11680611	Deletion	101
2L	11680510	11680598	Deletion	88
2L	11680510	11680584	Deletion	74
2L	11680510	11680590	Deletion	80
2L	11680510	11680550	Deletion	40
2L	11682898	11682999	Deletion	101
2L	11682930	11682999	Deletion	69
2L	11682946	11682999	Deletion	53
2L	11682966	11682999	Deletion	33
2L	11685144	11682999	Deletion	2145
2L	11685144	11685237	Deletion	93
2L	11685144	11685251	Deletion	107
2L	11685144	11685241	Deletion	97
2L	11685144	11685201	Deletion	57
2L	11686337	11686436	Deletion	99
2L	11686341	11686436	Deletion	95
2L	11686343	11686436	Deletion	93
2L	11686345	11686436	Deletion	91
2L	11686398	11686436	Deletion	38
2L	11686406	11686436	Deletion	30
2L	11689209	11686436	Deletion	2773
2L	11689209	11689245	Deletion	36
2L	11689209	11689243	Deletion	34
2L	11689209	11689306	Deletion	97
2L	11689209	11689332	Deletion	123
2L	11689209	11689241	Deletion	32
2L	11692082	11692116	Deletion	34
2L	11692165	11692116	Deletion	49
2L	11692165	11692265	Deletion	100
2L	11692165	11692205	Deletion	40
2L	11692165	11692267	Deletion	102
2L	11692165	11692248	Deletion	83
2L	11721355	11721461	Deletion	106
2L	11721384	11721461	Deletion	77
2L	11721402	11721461	Deletion	59
2L	11721414	11721461	Deletion	47
2L	11721668	11721461	Deletion	207
2L	11721668	11721786	Deletion	118
2L	11721668	11721768	Deletion	100
2L	11721668	11721748	Deletion	80
2L	11721668	11721767	Deletion	99
2L	11721668	11721718	Deletion	50
2L	11735606	11730161	Deletion	5445
2L	11735606	11735718	Deletion	112
2L	11750949	11751010	Deletion	61
2L	11751901	11751010	Deletion	891
2L	11751901	11751951	Deletion	50
2L	11751901	11751966	Deletion	65
2L	11751901	11751999	Deletion	98
2L	11755649	11755740	Deletion	91
2L	11755661	11755740	Deletion	79
2L	11755672	11755740	Deletion	68
2L	11755684	11755740	Deletion	56
2L	11765875	11755740	Deletion	10135
2L	11765875	11765934	Deletion	59
2L	11765875	11765946	Deletion	71
2L	11765875	11765911	Deletion	36
2L	11770455	11770553	Deletion	98
2L	11770498	11770553	Deletion	55
2L	11773271	11770553	Deletion	2718
2L	11773271	11773342	Deletion	71
2L	11773271	11773388	Deletion	117
2L	11778539	11778649	Deletion	110
2L	11778550	11778649	Deletion	99
2L	11778572	11778649	Deletion	77
2L	11778575	11778649	Deletion	74
2L	11778609	11778649	Deletion	40
2L	11778613	11778649	Deletion	36
2L	11789006	11778649	Deletion	10357
2L	11789006	11789096	Deletion	90
2L	11789006	11789092	Deletion	86
2L	11789006	11789058	Deletion	52
2L	11799357	11799440	Deletion	83
2L	11799495	11799440	Deletion	55
2L	11799495	11799619	Deletion	124
2L	11799495	11799541	Deletion	46
2L	11801700	11801787	Deletion	87
2L	11801755	11801787	Deletion	32
2L	11810115	11801787	Deletion	8328
2L	11810115	11810154	Deletion	39
2L	11826235	11826328	Deletion	93
2L	11826243	11826328	Deletion	85
2L	11826244	11826328	Deletion	84
2L	11826284	11826328	Deletion	44
2L	11829141	11826328	Deletion	2813
2L	11829141	11829254	Deletion	113
2L	11829141	11829173	Deletion	32
2L	11829141	11829264	Deletion	123
2L	11829141	11829242	Deletion	101
2L	11829141	11829184	Deletion	43
2L	11829141	11829224	Deletion	83
2L	11829141	11829183	Deletion	42
2L	11839366	11839468	Deletion	102
2L	11839389	11839468	Deletion	79
2L	11839398	11839468	Deletion	70
2L	11839425	11839468	Deletion	43
2L	11839436	11839468	Deletion	32
2L	11839895	11839468	Deletion	427
2L	11839895	11839989	Deletion	94
2L	11839895	11839942	Deletion	47
2L	11839895	11839951	Deletion	56
2L	11839895	11840001	Deletion	106
2L	11841827	11841928	Deletion	101
2L	11841832	11841923	Deletion	91
2L	11841833	11841928	Deletion	95
2L	11841837	11841928	Deletion	91
2L	11841870	11841928	Deletion	58
2L	11842907	11841928	Deletion	979
2L	11842907	11843014	Deletion	107
2L	11842907	11842978	Deletion	71
2L	11842907	11842945	Deletion	38
2L	11842907	11843023	Deletion	116
2L	11851968	11852065	Deletion	97
2L	11851998	11852065	Deletion	67
2L	11852012	11852065	Deletion	53
2L	11852032	11852065	Deletion	33
2L	11867968	11868042	Deletion	74
2L	11867968	11867998	Deletion	30
2L	11867968	11868062	Deletion	94
2L	11886782	11886879	Deletion	97
2L	11886784	11886879	Deletion	95
2L	11886787	11886879	Deletion	92
2L	11886799	11886879	Deletion	80
2L	11890857	11886879	Deletion	3978
2L	11890857	11890890	Deletion	33
2L	11890857	11890888	Deletion	31
2L	11890857	11890893	Deletion	36
2L	11912560	11912607	Deletion	47
2L	11912563	11912607	Deletion	44
2L	11912576	11912607	Deletion	31
2L	11912658	11912607	Deletion	51
2L	11912658	11912756	Deletion	98
2L	11912658	11912735	Deletion	77
2L	11912658	11912754	Deletion	96
2L	11912658	11912741	Deletion	83
2L	11912658	11912738	Deletion	80
2L	11922308	11922381	Deletion	73
2L	11922310	11922381	Deletion	71
2L	11926612	11922381	Deletion	4231
2L	11926612	11926667	Deletion	55
2L	11926612	11926733	Deletion	121
2L	11926612	11926661	Deletion	49
2L	11961997	11962113	Deletion	116
2L	11962064	11962113	Deletion	49
2L	11962076	11962113	Deletion	37
2L	11962082	11962113	Deletion	31
2L	11965230	11962113	Deletion	3117
2L	11965230	11965308	Deletion	78
2L	11965230	11965326	Deletion	96
2L	11971194	11971290	Deletion	96
2L	11971213	11971290	Deletion	77
2L	11971231	11971290	Deletion	59
2L	11974895	11971290	Deletion	3605
2L	11974895	11974926	Deletion	31
2L	11974895	11974945	Deletion	50
2L	11995735	11995768	Deletion	33
2L	11997513	11997622	Deletion	109
2L	11997513	11997629	Deletion	116
2L	12023790	12023884	Deletion	94
2L	12023793	12023884	Deletion	91
2L	12023813	12023884	Deletion	71
2L	12023829	12023884	Deletion	55
2L	12023837	12023884	Deletion	47
2L	12027099	12023884	Deletion	3215
2L	12027099	12027179	Deletion	80
2L	12027099	12027210	Deletion	111
2L	12027099	12027209	Deletion	110
2L	12027099	12027155	Deletion	56
2L	12027099	12027171	Deletion	72
2L	12027951	12028027	Deletion	76
2L	12027965	12028027	Deletion	62
2L	12045953	12028027	Deletion	17926
2L	12045953	12046017	Deletion	64
2L	12048145	12048220	Deletion	75
2L	12048157	12048220	Deletion	63
2L	12048175	12048220	Deletion	45
2L	12048180	12048220	Deletion	40
2L	12048389	12048220	Deletion	169
2L	12048389	12048475	Deletion	86
2L	12048389	12048452	Deletion	63
2L	12048389	12048496	Deletion	107
2L	12048389	12048489	Deletion	100
2L	12048389	12048440	Deletion	51
2L	12048389	12048487	Deletion	98
2L	12048749	12048842	Deletion	93
2L	12048773	12048842	Deletion	69
2L	12048784	12048842	Deletion	58
2L	12048799	12048842	Deletion	43
2L	12053974	12048842	Deletion	5132
2L	12053974	12054075	Deletion	101
2L	12053974	12054031	Deletion	57
2L	12053974	12054042	Deletion	68
2L	12053974	12054057	Deletion	83
2L	12053974	12054007	Deletion	33
2L	12054009	12054125	Deletion	116
2L	12054018	12054125	Deletion	107
2L	12054019	12054125	Deletion	106
2L	12054049	12054125	Deletion	76
2L	12054055	12054125	Deletion	70
2L	12067423	12054125	Deletion	13298
2L	12076924	12077000	Deletion	76
2L	12076927	12077000	Deletion	73
2L	12076933	12077000	Deletion	67
2L	12076953	12077000	Deletion	47
2L	12076958	12077000	Deletion	42
2L	12079063	12077000	Deletion	2063
2L	12079063	12079125	Deletion	62
2L	12079063	12079150	Deletion	87
2L	12079063	12079119	Deletion	56
2L	12079063	12079116	Deletion	53
2L	12079063	12079145	Deletion	82
2L	12079063	12079111	Deletion	48
2L	12080050	12080157	Deletion	107
2L	12080062	12080157	Deletion	95
2L	12080080	12080157	Deletion	77
2L	12080084	12080157	Deletion	73
2L	12080093	12080157	Deletion	64
2L	12081727	12080157	Deletion	1570
2L	12081727	12081831	Deletion	104
2L	12081727	12081780	Deletion	53
2L	12081727	12081758	Deletion	31
2L	12081727	12081789	Deletion	62
2L	12088777	12088841	Deletion	64
2L	12089809	12088841	Deletion	968
2L	12093823	12093936	Deletion	113
2L	12093835	12093936	Deletion	101
2L	12093858	12093936	Deletion	78
2L	12093868	12093936	Deletion	68
2L	12093869	12093936	Deletion	67
2L	12101119	12093936	Deletion	7183
2L	12101119	12101178	Deletion	59
2L	12101119	12101179	Deletion	60
2L	12128661	12128755	Deletion	94
2L	12128670	12128755	Deletion	85
2L	12128698	12128755	Deletion	57
2L	12128700	12128755	Deletion	55
2L	12128718	12128755	Deletion	37
2L	12129090	12129179	Deletion	89
2L	12129090	12129122	Deletion	32
2L	12129090	12129131	Deletion	41
2L	12129090	12129161	Deletion	71
2L	12129090	12129211	Deletion	121
2L	12140806	12140926	Deletion	120
2L	12140813	12140926	Deletion	113
2L	12140839	12140926	Deletion	87
2L	12140865	12140926	Deletion	61
2L	12140876	12140926	Deletion	50
2L	12141784	12140926	Deletion	858
2L	12141784	12141860	Deletion	76
2L	12141784	12141823	Deletion	39
2L	12143794	12143904	Deletion	110
2L	12143799	12143904	Deletion	105
2L	12143829	12143904	Deletion	75
2L	12148753	12143904	Deletion	4849
2L	12148753	12148850	Deletion	97
2L	12148753	12148806	Deletion	53
2L	12176325	12176446	Deletion	121
2L	12176383	12176446	Deletion	63
2L	12176409	12176446	Deletion	37
2L	12178144	12176446	Deletion	1698
2L	12178144	12178207	Deletion	63
2L	12178144	12178267	Deletion	123
2L	12190812	12190903	Deletion	91
2L	12190854	12190903	Deletion	49
2L	12190869	12190903	Deletion	34
2L	12192451	12190903	Deletion	1548
2L	12192451	12192560	Deletion	109
2L	12192451	12192543	Deletion	92
2L	12192451	12192528	Deletion	77
2L	12192451	12192561	Deletion	110
2L	12217274	12217315	Deletion	41
2L	12218669	12218738	Deletion	69
2L	12218669	12218716	Deletion	47
2L	12222470	12222527	Deletion	57
2L	12277429	12277535	Deletion	106
2L	12277430	12277535	Deletion	105
2L	12277434	12277535	Deletion	101
2L	12277446	12277535	Deletion	89
2L	12277455	12277535	Deletion	80
2L	12277491	12277535	Deletion	44
2L	12277504	12277535	Deletion	31
2L	12284561	12277535	Deletion	7026
2L	12284561	12284607	Deletion	46
2L	12284561	12284643	Deletion	82
2L	12284561	12284598	Deletion	37
2L	12324096	12324206	Deletion	110
2L	12324670	12324206	Deletion	464
2L	12324670	12324776	Deletion	106
2L	12336501	12336605	Deletion	104
2L	12336507	12336605	Deletion	98
2L	12336562	12336605	Deletion	43
2L	12338269	12336605	Deletion	1664
2L	12338269	12338352	Deletion	83
2L	12346223	12346327	Deletion	104
2L	12346232	12346327	Deletion	95
2L	12346257	12346327	Deletion	70
2L	12346259	12346327	Deletion	68
2L	12346904	12346327	Deletion	577
2L	12346904	12346964	Deletion	60
2L	12346904	12346962	Deletion	58
2L	12346904	12346937	Deletion	33
2L	12355666	12355788	Deletion	122
2L	12355682	12355788	Deletion	106
2L	12355698	12355788	Deletion	90
2L	12355713	12355788	Deletion	75
2L	12355723	12355788	Deletion	65
2L	12355754	12355788	Deletion	34
2L	12356729	12355788	Deletion	941
2L	12356729	12356830	Deletion	101
2L	12356729	12356765	Deletion	36
2L	12356729	12356839	Deletion	110
2L	12356729	12356821	Deletion	92
2L	12356733	12356780	Deletion	47
2L	12357611	12357704	Deletion	93
2L	12357641	12357704	Deletion	63
2L	12357642	12357704	Deletion	62
2L	12357663	12357704	Deletion	41
2L	12358248	12357704	Deletion	544
2L	12358248	12358282	Deletion	34
2L	12358248	12358334	Deletion	86
2L	12358248	12358312	Deletion	64
2L	12358248	12358313	Deletion	65
2L	12358248	12358355	Deletion	107
2L	12374169	12374275	Deletion	106
2L	12374227	12374274	Deletion	47
2L	12374230	12374275	Deletion	45
2L	12374242	12374275	Deletion	33
2L	12378232	12374275	Deletion	3957
2L	12378232	12378315	Deletion	83
2L	12378232	12378312	Deletion	80
2L	12389282	12389375	Deletion	93
2L	12389307	12389375	Deletion	68
2L	12389311	12389375	Deletion	64
2L	12389328	12389375	Deletion	47
2L	12420375	12389375	Deletion	31000
2L	12420375	12420434	Deletion	59
2L	12420375	12420438	Deletion	63
2L	12420375	12420455	Deletion	80
2L	12420375	12420409	Deletion	34
2L	12421833	12421891	Deletion	58
2L	12421844	12421891	Deletion	47
2L	12421845	12421891	Deletion	46
2L	12421846	12421891	Deletion	45
2L	12423799	12421891	Deletion	1908
2L	12423799	12423867	Deletion	68
2L	12423799	12423880	Deletion	81
2L	12423799	12423904	Deletion	105
2L	12423799	12423878	Deletion	79
2L	12423799	12423919	Deletion	120
2L	12431368	12431462	Deletion	94
2L	12431373	12431462	Deletion	89
2L	12431534	12431462	Deletion	72
2L	12431534	12431567	Deletion	33
2L	12439871	12439988	Deletion	117
2L	12439877	12439988	Deletion	111
2L	12439884	12439988	Deletion	104
2L	12439913	12439988	Deletion	75
2L	12440038	12440162	Deletion	124
2L	12440038	12440139	Deletion	101
2L	12447650	12447750	Deletion	100
2L	12447651	12447750	Deletion	99
2L	12447660	12447750	Deletion	90
2L	12447673	12447750	Deletion	77
2L	12447703	12447750	Deletion	47
2L	12447719	12447750	Deletion	31
2L	12447941	12447750	Deletion	191
2L	12447941	12448049	Deletion	108
2L	12447941	12448051	Deletion	110
2L	12447941	12448036	Deletion	95
2L	12447941	12448021	Deletion	80
2L	12447941	12447978	Deletion	37
2L	12447941	12447991	Deletion	50
2L	12451231	12451273	Deletion	42
2L	12454047	12451273	Deletion	2774
2L	12454047	12454131	Deletion	84
2L	12454047	12454155	Deletion	108
2L	12456536	12456638	Deletion	102
2L	12511100	12456638	Deletion	54462
2L	12511100	12511220	Deletion	120
2L	12511100	12511214	Deletion	114
2L	12516100	12516187	Deletion	87
2L	12516117	12516187	Deletion	70
2L	12529896	12516187	Deletion	13709
2L	12529896	12529928	Deletion	32
2L	12529896	12530014	Deletion	118
2L	12529896	12529952	Deletion	56
2L	12531074	12531138	Deletion	64
2L	12547459	12531138	Deletion	16321
2L	12547459	12547522	Deletion	63
2L	12553246	12553339	Deletion	93
2L	12553270	12553339	Deletion	69
2L	12553295	12553339	Deletion	44
2L	12553701	12553339	Deletion	362
2L	12553701	12553759	Deletion	58
2L	12553701	12553784	Deletion	83
2L	12557152	12557245	Deletion	93
2L	12557170	12557245	Deletion	75
2L	12557177	12557245	Deletion	68
2L	12557208	12557245	Deletion	37
2L	12557327	12557245	Deletion	82
2L	12557327	12557378	Deletion	51
2L	12557327	12557358	Deletion	31
2L	12557327	12557416	Deletion	89
2L	12557327	12557360	Deletion	33
2L	12557327	12557385	Deletion	58
2L	12557901	12557945	Deletion	44
2L	12557907	12557945	Deletion	38
2L	12563006	12563087	Deletion	81
2L	12563636	12563707	Deletion	71
2L	12563848	12563963	Deletion	115
2L	12621520	12621553	Deletion	33
2L	12623653	12621553	Deletion	2100
2L	12623653	12623773	Deletion	120
2L	12623653	12623755	Deletion	102
2L	12623653	12623768	Deletion	115
2L	12642393	12642505	Deletion	112
2L	12692373	12692450	Deletion	77
2L	12692382	12692450	Deletion	68
2L	12692397	12692450	Deletion	53
2L	12692402	12692450	Deletion	48
2L	12694007	12692450	Deletion	1557
2L	12694007	12694056	Deletion	49
2L	12694007	12694065	Deletion	58
2L	12694007	12694080	Deletion	73
2L	12715147	12715202	Deletion	55
2L	12715161	12715202	Deletion	41
2L	12715165	12715202	Deletion	37
2L	12719109	12715202	Deletion	3907
2L	12719109	12719194	Deletion	85
2L	12719109	12719198	Deletion	89
2L	12719109	12719180	Deletion	71
2L	12719109	12719163	Deletion	54
2L	12745994	12746091	Deletion	97
2L	12746046	12746091	Deletion	45
2L	12749900	12746091	Deletion	3809
2L	12749900	12749934	Deletion	34
2L	12749900	12750009	Deletion	109
2L	12759560	12756677	Deletion	2883
2L	12759560	12759675	Deletion	115
2L	12760041	12760146	Deletion	105
2L	12760042	12760146	Deletion	104
2L	12760068	12760146	Deletion	78
2L	12760070	12760146	Deletion	76
2L	12760071	12760146	Deletion	75
2L	12760076	12760146	Deletion	70
2L	12760095	12760146	Deletion	51
2L	12760113	12760146	Deletion	33
2L	12776553	12760146	Deletion	16407
2L	12776553	12776604	Deletion	51
2L	12776553	12776669	Deletion	116
2L	12776553	12776601	Deletion	48
2L	12776553	12776603	Deletion	50
2L	12776553	12776628	Deletion	75
2L	12776553	12776646	Deletion	93
2L	12776554	12776609	Deletion	55
2L	12782156	12782269	Deletion	113
2L	12783331	12783447	Deletion	116
2L	12783331	12783433	Deletion	102
2L	12831863	12831907	Deletion	44
2L	12832121	12831907	Deletion	214
2L	12856491	12856605	Deletion	114
2L	12856513	12856605	Deletion	92
2L	12856519	12856605	Deletion	86
2L	12856526	12856605	Deletion	79
2L	12856711	12856605	Deletion	106
2L	12856711	12856823	Deletion	112
2L	12856711	12856745	Deletion	34
2L	12856711	12856829	Deletion	118
2L	12856711	12856816	Deletion	105
2L	12856711	12856751	Deletion	40
2L	12860094	12860158	Deletion	64
2L	12860525	12860158	Deletion	367
2L	12860525	12860629	Deletion	104
2L	12860525	12860588	Deletion	63
2L	12875093	12875198	Deletion	105
2L	12882323	12875198	Deletion	7125
2L	12882323	12882443	Deletion	120
2L	12890628	12890727	Deletion	99
2L	12890629	12890727	Deletion	98
2L	12890639	12890727	Deletion	88
2L	12890658	12890727	Deletion	69
2L	12890662	12890727	Deletion	65
2L	12890671	12890727	Deletion	56
2L	12890681	12890727	Deletion	46
2L	12890695	12890727	Deletion	32
2L	12890949	12890727	Deletion	222
2L	12890949	12891045	Deletion	96
2L	12890949	12891006	Deletion	57
2L	12890949	12891043	Deletion	94
2L	12890949	12890987	Deletion	38
2L	12890949	12891010	Deletion	61
2L	12890949	12891050	Deletion	101
2L	12890949	12891073	Deletion	124
2L	12890949	12891061	Deletion	112
2L	12890949	12891065	Deletion	116
2L	12890949	12891029	Deletion	80
2L	12901635	12901729	Deletion	94
2L	12901677	12901729	Deletion	52
2L	12901916	12901729	Deletion	187
2L	12901916	12902033	Deletion	117
2L	12901916	12901950	Deletion	34
2L	12901916	12902024	Deletion	108
2L	12901916	12901992	Deletion	76
2L	12910079	12910162	Deletion	83
2L	12910106	12910162	Deletion	56
2L	12910114	12910162	Deletion	48
2L	12910123	12910162	Deletion	39
2L	12910128	12910162	Deletion	34
2L	12910130	12910162	Deletion	32
2L	12919956	12910162	Deletion	9794
2L	12919956	12920001	Deletion	45
2L	12919956	12920078	Deletion	122
2L	12919956	12920036	Deletion	80
2L	12919956	12920052	Deletion	96
2L	12919956	12920028	Deletion	72
2L	12919956	12920050	Deletion	94
2L	12919956	12920045	Deletion	89
2L	12945132	12945251	Deletion	119
2L	12945162	12945251	Deletion	89
2L	12945174	12945251	Deletion	77
2L	12945181	12945251	Deletion	70
2L	12945217	12945251	Deletion	34
2L	12945382	12945251	Deletion	131
2L	12945382	12945474	Deletion	92
2L	12945382	12945419	Deletion	37
2L	12945382	12945438	Deletion	56
2L	12945382	12945481	Deletion	99
2L	12945637	12945712	Deletion	75
2L	12945644	12945712	Deletion	68
2L	12945651	12945712	Deletion	61
2L	12945667	12945712	Deletion	45
2L	12946844	12945712	Deletion	1132
2L	12946844	12946896	Deletion	52
2L	12946844	12946926	Deletion	82
2L	12946844	12946910	Deletion	66
2L	12946844	12946888	Deletion	44
2L	12946845	12946903	Deletion	58
2L	12979288	12979394	Deletion	106
2L	12979289	12979394	Deletion	105
2L	12979303	12979394	Deletion	91
2L	12979304	12979394	Deletion	90
2L	12979324	12979394	Deletion	70
2L	12979349	12979394	Deletion	45
2L	12979354	12979394	Deletion	40
2L	12979356	12979394	Deletion	38
2L	12979364	12979394	Deletion	30
2L	12980954	12979394	Deletion	1560
2L	12980954	12981050	Deletion	96
2L	12980954	12981035	Deletion	81
2L	12980954	12981010	Deletion	56
2L	12980954	12981040	Deletion	86
2L	12980954	12981072	Deletion	118
2L	12980954	12980989	Deletion	35
2L	12980954	12980990	Deletion	36
2L	12987995	12988086	Deletion	91
2L	12988015	12988086	Deletion	71
2L	12988049	12988086	Deletion	37
2L	12999212	12988086	Deletion	11126
2L	12999212	12999267	Deletion	55
2L	12999212	12999247	Deletion	35
2L	12999644	12999744	Deletion	100
2L	12999647	12999744	Deletion	97
2L	12999714	12999744	Deletion	30
2L	13003625	12999744	Deletion	3881
2L	13018247	13018338	Deletion	91
2L	13018286	13018338	Deletion	52
2L	13023413	13018338	Deletion	5075
2L	13023413	13023448	Deletion	35
2L	13023413	13023526	Deletion	113
2L	13023413	13023535	Deletion	122
2L	13023415	13023487	Deletion	72
2L	13033241	13033337	Deletion	96
2L	13033244	13033337	Deletion	93
2L	13033247	13033337	Deletion	90
2L	13033251	13033337	Deletion	86
2L	13033269	13033337	Deletion	68
2L	13033300	13033337	Deletion	37
2L	13036036	13033337	Deletion	2699
2L	13036036	13036126	Deletion	90
2L	13036036	13036095	Deletion	59
2L	13036036	13036070	Deletion	34
2L	13036036	13036077	Deletion	41
2L	13036036	13036073	Deletion	37
2L	13047654	13047733	Deletion	79
2L	13047655	13047733	Deletion	78
2L	13047697	13047733	Deletion	36
2L	13053383	13047733	Deletion	5650
2L	13053383	13053505	Deletion	122
2L	13053383	13053484	Deletion	101
2L	13053383	13053506	Deletion	123
2L	13053383	13053432	Deletion	49
2L	13053383	13053433	Deletion	50
2L	13053383	13053475	Deletion	92
2L	13060624	13060709	Deletion	85
2L	13060632	13060709	Deletion	77
2L	13060634	13060709	Deletion	75
2L	13060673	13060709	Deletion	36
2L	13064890	13060709	Deletion	4181
2L	13064890	13064945	Deletion	55
2L	13064890	13064942	Deletion	52
2L	13064890	13064935	Deletion	45
2L	13069624	13069701	Deletion	77
2L	13069627	13069701	Deletion	74
2L	13071201	13069701	Deletion	1500
2L	13071201	13071302	Deletion	101
2L	13071201	13071254	Deletion	53
2L	13071201	13071322	Deletion	121
2L	13071201	13071249	Deletion	48
2L	13078850	13078935	Deletion	85
2L	13078871	13078935	Deletion	64
2L	13078884	13078935	Deletion	51
2L	13078886	13078933	Deletion	47
2L	13078892	13078935	Deletion	43
2L	13078893	13078935	Deletion	42
2L	13078898	13078935	Deletion	37
2L	13079131	13079208	Deletion	77
2L	13079131	13079247	Deletion	116
2L	13079131	13079193	Deletion	62
2L	13079131	13079241	Deletion	110
2L	13079131	13079220	Deletion	89
2L	13079131	13079215	Deletion	84
2L	13079131	13079214	Deletion	83
2L	13079131	13079172	Deletion	41
2L	13079131	13079206	Deletion	75
2L	13088673	13088760	Deletion	87
2L	13088675	13088760	Deletion	85
2L	13088676	13088760	Deletion	84
2L	13088873	13088760	Deletion	113
2L	13088873	13088915	Deletion	42
2L	13088873	13088913	Deletion	40
2L	13094947	13095059	Deletion	112
2L	13094995	13095059	Deletion	64
2L	13095001	13095059	Deletion	58
2L	13126442	13095059	Deletion	31383
2L	13126442	13126511	Deletion	69
2L	13126442	13126557	Deletion	115
2L	13127278	13127319	Deletion	41
2L	13128211	13128297	Deletion	86
2L	13128211	13128326	Deletion	115
2L	13128211	13128256	Deletion	45
2L	13147077	13142365	Deletion	4712
2L	13196840	13196942	Deletion	102
2L	13196859	13196942	Deletion	83
2L	13196861	13196942	Deletion	81
2L	13196874	13196942	Deletion	68
2L	13196885	13196942	Deletion	57
2L	13196894	13196942	Deletion	48
2L	13196899	13196942	Deletion	43
2L	13203015	13196942	Deletion	6073
2L	13203015	13203058	Deletion	43
2L	13203015	13203098	Deletion	83
2L	13203015	13203073	Deletion	58
2L	13203015	13203084	Deletion	69
2L	13203015	13203093	Deletion	78
2L	13206401	13206469	Deletion	68
2L	13206658	13206469	Deletion	189
2L	13206658	13206716	Deletion	58
2L	13229952	13230040	Deletion	88
2L	13229972	13230040	Deletion	68
2L	13229974	13230040	Deletion	66
2L	13230665	13230040	Deletion	625
2L	13230665	13230723	Deletion	58
2L	13230665	13230703	Deletion	38
2L	13234731	13234852	Deletion	121
2L	13234738	13234852	Deletion	114
2L	13234742	13234852	Deletion	110
2L	13234789	13234852	Deletion	63
2L	13234802	13234852	Deletion	50
2L	13234813	13234852	Deletion	39
2L	13234817	13234852	Deletion	35
2L	13234821	13234852	Deletion	31
2L	13238196	13234852	Deletion	3344
2L	13238196	13238313	Deletion	117
2L	13238196	13238291	Deletion	95
2L	13238196	13238259	Deletion	63
2L	13238196	13238283	Deletion	87
2L	13238196	13238287	Deletion	91
2L	13239417	13239522	Deletion	105
2L	13239446	13239522	Deletion	76
2L	13239468	13239522	Deletion	54
2L	13239473	13239522	Deletion	49
2L	13242679	13242792	Deletion	113
2L	13267681	13267778	Deletion	97
2L	13267738	13267778	Deletion	40
2L	13270629	13267778	Deletion	2851
2L	13270629	13270659	Deletion	30
2L	13294090	13294145	Deletion	55
2L	13300900	13294145	Deletion	6755
2L	13300900	13301005	Deletion	105
2L	13300900	13300971	Deletion	71
2L	13301377	13301474	Deletion	97
2L	13301381	13301474	Deletion	93
2L	13301403	13301474	Deletion	71
2L	13301418	13301474	Deletion	56
2L	13301430	13301474	Deletion	44
2L	13301844	13301474	Deletion	370
2L	13301844	13301929	Deletion	85
2L	13301844	13301902	Deletion	58
2L	13301844	13301876	Deletion	32
2L	13301844	13301880	Deletion	36
2L	13301844	13301950	Deletion	106
2L	13309326	13309433	Deletion	107
2L	13309339	13309433	Deletion	94
2L	13309386	13309433	Deletion	47
2L	13317600	13309433	Deletion	8167
2L	13317600	13317632	Deletion	32
2L	13323903	13323995	Deletion	92
2L	13323912	13323995	Deletion	83
2L	13323939	13323995	Deletion	56
2L	13333359	13323995	Deletion	9364
2L	13333359	13333394	Deletion	35
2L	13333359	13333430	Deletion	71
2L	13333359	13333403	Deletion	44
2L	13333359	13333460	Deletion	101
2L	13345298	13345405	Deletion	107
2L	13345304	13345405	Deletion	101
2L	13345319	13345405	Deletion	86
2L	13345347	13345405	Deletion	58
2L	13345373	13345405	Deletion	32
2L	13345550	13345405	Deletion	145
2L	13345550	13345618	Deletion	68
2L	13345550	13345644	Deletion	94
2L	13345550	13345590	Deletion	40
2L	13345737	13345847	Deletion	110
2L	13345744	13345847	Deletion	103
2L	13345764	13345847	Deletion	83
2L	13345777	13345847	Deletion	70
2L	13345814	13345847	Deletion	33
2L	13345988	13345847	Deletion	141
2L	13345988	13346032	Deletion	44
2L	13345988	13346082	Deletion	94
2L	13357119	13357233	Deletion	114
2L	13357124	13357233	Deletion	109
2L	13357137	13357233	Deletion	96
2L	13357173	13357233	Deletion	60
2L	13357203	13357233	Deletion	30
2L	13357292	13357233	Deletion	59
2L	13357292	13357324	Deletion	32
2L	13357292	13357390	Deletion	98
2L	13357292	13357391	Deletion	99
2L	13404571	13404677	Deletion	106
2L	13404577	13404677	Deletion	100
2L	13404583	13404677	Deletion	94
2L	13404599	13404677	Deletion	78
2L	13405380	13404677	Deletion	703
2L	13405380	13405467	Deletion	87
2L	13413133	13413244	Deletion	111
2L	13413135	13413244	Deletion	109
2L	13416045	13413244	Deletion	2801
2L	13421096	13421161	Deletion	65
2L	13421101	13421161	Deletion	60
2L	13421464	13421161	Deletion	303
2L	13421464	13421525	Deletion	61
2L	13421464	13421530	Deletion	66
2L	13423823	13423932	Deletion	109
2L	13423838	13423932	Deletion	94
2L	13423983	13423932	Deletion	51
2L	13435934	13436030	Deletion	96
2L	13435937	13436030	Deletion	93
2L	13435984	13436030	Deletion	46
2L	13436509	13436030	Deletion	479
2L	13436509	13436612	Deletion	103
2L	13436509	13436590	Deletion	81
2L	13436509	13436543	Deletion	34
2L	13444136	13444231	Deletion	95
2L	13444138	13444231	Deletion	93
2L	13444140	13444231	Deletion	91
2L	13444159	13444231	Deletion	72
2L	13444335	13444231	Deletion	104
2L	13444335	13444367	Deletion	32
2L	13444335	13444390	Deletion	55
2L	13444335	13444453	Deletion	118
2L	13444335	13444448	Deletion	113
2L	13444335	13444369	Deletion	34
2L	13444481	13444557	Deletion	76
2L	13444484	13444557	Deletion	73
2L	13444491	13444557	Deletion	66
2L	13444492	13444557	Deletion	65
2L	13460434	13460497	Deletion	63
2L	13460434	13460495	Deletion	61
2L	13460434	13460494	Deletion	60
2L	13460434	13460484	Deletion	50
2L	13460434	13460497	Deletion	63
2L	13460434	13460487	Deletion	53
2L	13460448	13460483	Deletion	35
2L	13484639	13484677	Deletion	38
2L	13484639	13484693	Deletion	54
2L	13484639	13484756	Deletion	117
2L	13484639	13484703	Deletion	64
2L	13484639	13484744	Deletion	105
2L	13497029	13497144	Deletion	115
2L	13497051	13497144	Deletion	93
2L	13497055	13497144	Deletion	89
2L	13497057	13497144	Deletion	87
2L	13497096	13497144	Deletion	48
2L	13502788	13497144	Deletion	5644
2L	13502788	13502866	Deletion	78
2L	13502788	13502821	Deletion	33
2L	13502788	13502825	Deletion	37
2L	13511159	13511192	Deletion	33
2L	13515336	13511192	Deletion	4144
2L	13515336	13515429	Deletion	93
2L	13515336	13515459	Deletion	123
2L	13518627	13518707	Deletion	80
2L	13518659	13518709	Deletion	50
2L	13518663	13518709	Deletion	46
2L	13518666	13518709	Deletion	43
2L	13518671	13518709	Deletion	38
2L	13518672	13518709	Deletion	37
2L	13518678	13518709	Deletion	31
2L	13538463	13538542	Deletion	79
2L	13538463	13538536	Deletion	73
2L	13554177	13552250	Deletion	1927
2L	13554177	13554298	Deletion	121
2L	13560833	13560931	Deletion	98
2L	13560899	13560931	Deletion	32
2L	13560901	13560931	Deletion	30
2L	13565505	13565545	Deletion	40
2L	13565505	13565575	Deletion	70
2L	13565505	13565538	Deletion	33
2L	13565505	13565602	Deletion	97
2L	13565505	13565600	Deletion	95
2L	13581726	13581841	Deletion	115
2L	13581733	13581841	Deletion	108
2L	13581737	13581841	Deletion	104
2L	13581751	13581841	Deletion	90
2L	13581763	13581841	Deletion	78
2L	13581765	13581841	Deletion	76
2L	13581809	13581841	Deletion	32
2L	13583317	13583411	Deletion	94
2L	13583317	13583365	Deletion	48
2L	13583317	13583367	Deletion	50
2L	13583317	13583353	Deletion	36
2L	13584863	13584979	Deletion	116
2L	13584866	13584979	Deletion	113
2L	13584875	13584979	Deletion	104
2L	13584887	13584979	Deletion	92
2L	13584902	13584979	Deletion	77
2L	13584913	13584979	Deletion	66
2L	13584915	13584979	Deletion	64
2L	13584929	13584979	Deletion	50
2L	13585271	13584979	Deletion	292
2L	13585271	13585347	Deletion	76
2L	13585271	13585305	Deletion	34
2L	13585271	13585385	Deletion	114
2L	13585271	13585386	Deletion	115
2L	13585271	13585333	Deletion	62
2L	13585271	13585331	Deletion	60
2L	13585271	13585376	Deletion	105
2L	13588138	13588198	Deletion	60
2L	13588140	13588198	Deletion	58
2L	13588419	13588198	Deletion	221
2L	13588419	13588487	Deletion	68
2L	13588419	13588485	Deletion	66
2L	13588419	13588486	Deletion	67
2L	13588419	13588540	Deletion	121
2L	13590609	13590681	Deletion	72
2L	13590616	13590681	Deletion	65
2L	13593214	13590681	Deletion	2533
2L	13593214	13593278	Deletion	64
2L	13621306	13621385	Deletion	79
2L	13621316	13621385	Deletion	69
2L	13621343	13621385	Deletion	42
2L	13623830	13623950	Deletion	120
2L	13623830	13623939	Deletion	109
2L	13623830	13623891	Deletion	61
2L	13623830	13623918	Deletion	88
2L	13623830	13623881	Deletion	51
2L	13639679	13639761	Deletion	82
2L	13639700	13639761	Deletion	61
2L	13639712	13639761	Deletion	49
2L	13639729	13639761	Deletion	32
2L	13640144	13639761	Deletion	383
2L	13640144	13640209	Deletion	65
2L	13640144	13640238	Deletion	94
2L	13640144	13640221	Deletion	77
2L	13643909	13642800	Deletion	1109
2L	13643909	13644013	Deletion	104
2L	13643909	13643981	Deletion	72
2L	13643909	13644008	Deletion	99
2L	13647715	13647808	Deletion	93
2L	13647748	13647808	Deletion	60
2L	13647770	13647808	Deletion	38
2L	13650267	13650370	Deletion	103
2L	13650306	13650370	Deletion	64
2L	13650313	13650370	Deletion	57
2L	13655558	13655620	Deletion	62
2L	13658359	13658429	Deletion	70
2L	13658359	13658396	Deletion	37
2L	13658359	13658451	Deletion	92
2L	13658359	13658478	Deletion	119
2L	13659321	13659418	Deletion	97
2L	13659348	13659418	Deletion	70
2L	13664606	13664719	Deletion	113
2L	13666949	13667041	Deletion	92
2L	13678945	13667041	Deletion	11904
2L	13678945	13678980	Deletion	35
2L	13679031	13678981	Deletion	50
2L	13679031	13679130	Deletion	99
2L	13679031	13679096	Deletion	65
2L	13679031	13679102	Deletion	71
2L	13679031	13679132	Deletion	101
2L	13679031	13679113	Deletion	82
2L	13679031	13679115	Deletion	84
2L	13705834	13705924	Deletion	90
2L	13705835	13705924	Deletion	89
2L	13705853	13705924	Deletion	71
2L	13705869	13705924	Deletion	55
2L	13707861	13705924	Deletion	1937
2L	13707861	13707973	Deletion	112
2L	13707861	13707932	Deletion	71
2L	13707861	13707960	Deletion	99
2L	13707861	13707979	Deletion	118
2L	13707861	13707976	Deletion	115
2L	13707861	13707896	Deletion	35
2L	13707861	13707897	Deletion	36
2L	13726456	13726570	Deletion	114
2L	13726497	13726570	Deletion	73
2L	13726530	13726570	Deletion	40
2L	13726627	13726570	Deletion	57
2L	13726627	13726750	Deletion	123
2L	13726627	13726681	Deletion	54
2L	13751763	13751872	Deletion	109
2L	13751776	13751872	Deletion	96
2L	13751800	13751872	Deletion	72
2L	13751813	13751872	Deletion	59
2L	13751819	13751872	Deletion	53
2L	13754863	13751872	Deletion	2991
2L	13754863	13754931	Deletion	68
2L	13754863	13754918	Deletion	55
2L	13754863	13754964	Deletion	101
2L	13754863	13754894	Deletion	31
2L	13768115	13768223	Deletion	108
2L	13768118	13768223	Deletion	105
2L	13768175	13768223	Deletion	48
2L	13771494	13768223	Deletion	3271
2L	13771494	13771616	Deletion	122
2L	13771494	13771609	Deletion	115
2L	13777264	13777375	Deletion	111
2L	13777292	13777375	Deletion	83
2L	13777320	13777375	Deletion	55
2L	13777336	13777375	Deletion	39
2L	13779864	13777375	Deletion	2489
2L	13779864	13779936	Deletion	72
2L	13779864	13779908	Deletion	44
2L	13799538	13799644	Deletion	106
2L	13799545	13799644	Deletion	99
2L	13799554	13799644	Deletion	90
2L	13799557	13799644	Deletion	87
2L	13799565	13799644	Deletion	79
2L	13799587	13799644	Deletion	57
2L	13799598	13799644	Deletion	46
2L	13799614	13799644	Deletion	30
2L	13803732	13799644	Deletion	4088
2L	13803732	13803772	Deletion	40
2L	13803732	13803813	Deletion	81
2L	13803732	13803829	Deletion	97
2L	13803732	13803802	Deletion	70
2L	13803732	13803780	Deletion	48
2L	13807641	13807724	Deletion	83
2L	13807655	13807724	Deletion	69
2L	13807659	13807724	Deletion	65
2L	13807661	13807724	Deletion	63
2L	13807679	13807724	Deletion	45
2L	13807680	13807724	Deletion	44
2L	13811756	13811820	Deletion	64
2L	13811756	13811855	Deletion	99
2L	13811756	13811839	Deletion	83
2L	13811756	13811838	Deletion	82
2L	13811756	13811814	Deletion	58
2L	13811756	13811818	Deletion	62
2L	13811756	13811800	Deletion	44
2L	13811756	13811857	Deletion	101
2L	13811756	13811867	Deletion	111
2L	13831468	13831551	Deletion	83
2L	13831482	13831551	Deletion	69
2L	13831487	13831551	Deletion	64
2L	13839793	13831551	Deletion	8242
2L	13839793	13839836	Deletion	43
2L	13839793	13839855	Deletion	62
2L	13839793	13839850	Deletion	57
2L	13839797	13839904	Deletion	107
2L	13870009	13870119	Deletion	110
2L	13870014	13870119	Deletion	105
2L	13870027	13870119	Deletion	92
2L	13870045	13870119	Deletion	74
2L	13870059	13870119	Deletion	60
2L	13870087	13870119	Deletion	32
2L	13892051	13870119	Deletion	21932
2L	13892051	13892145	Deletion	94
2L	13892051	13892103	Deletion	52
2L	13892051	13892117	Deletion	66
2L	13892051	13892149	Deletion	98
2L	13895702	13895789	Deletion	87
2L	13895718	13895789	Deletion	71
2L	13895742	13895789	Deletion	47
2L	13896548	13895789	Deletion	759
2L	13896548	13896605	Deletion	57
2L	13896548	13896589	Deletion	41
2L	13896548	13896656	Deletion	108
2L	13896548	13896664	Deletion	116
2L	13912200	13912295	Deletion	95
2L	13912205	13912295	Deletion	90
2L	13912212	13912295	Deletion	83
2L	13912213	13912295	Deletion	82
2L	13912226	13912295	Deletion	69
2L	13912231	13912295	Deletion	64
2L	13912232	13912295	Deletion	63
2L	13912239	13912295	Deletion	56
2L	13912260	13912295	Deletion	35
2L	13912264	13912295	Deletion	31
2L	13915963	13912295	Deletion	3668
2L	13915963	13915994	Deletion	31
2L	13915963	13916058	Deletion	95
2L	13915963	13916066	Deletion	103
2L	13915963	13916020	Deletion	57
2L	13915963	13916054	Deletion	91
2L	13915963	13916006	Deletion	43
2L	13915963	13916025	Deletion	62
2L	13915963	13915993	Deletion	30
2L	13915963	13915999	Deletion	36
2L	13915963	13916007	Deletion	44
2L	13915963	13916026	Deletion	63
2L	13915963	13916063	Deletion	100
2L	13920513	13920578	Deletion	65
2L	13920538	13920578	Deletion	40
2L	13924227	13920578	Deletion	3649
2L	13924227	13924336	Deletion	109
2L	13924227	13924328	Deletion	101
2L	13924227	13924288	Deletion	61
2L	13928488	13928591	Deletion	103
2L	13928545	13928591	Deletion	46
2L	13928549	13928591	Deletion	42
2L	13928681	13928761	Deletion	80
2L	13928681	13928765	Deletion	84
2L	13928681	13928785	Deletion	104
2L	13928681	13928800	Deletion	119
2L	13930485	13930590	Deletion	105
2L	13930490	13930590	Deletion	100
2L	13930523	13930590	Deletion	67
2L	13930558	13930590	Deletion	32
2L	13945844	13930590	Deletion	15254
2L	13945844	13945967	Deletion	123
2L	13945844	13945938	Deletion	94
2L	13950973	13951049	Deletion	76
2L	13951003	13951049	Deletion	46
2L	13961621	13951049	Deletion	10572
2L	13961621	13961701	Deletion	80
2L	13969392	13969441	Deletion	49
2L	13969405	13969441	Deletion	36
2L	13978319	13969441	Deletion	8878
2L	13978319	13978410	Deletion	91
2L	14005248	14005361	Deletion	113
2L	14005324	14005361	Deletion	37
2L	14005331	14005361	Deletion	30
2L	14005569	14005361	Deletion	208
2L	14005569	14005665	Deletion	96
2L	14016205	14016313	Deletion	108
2L	14016246	14016313	Deletion	67
2L	14016260	14016313	Deletion	53
2L	14016263	14016313	Deletion	50
2L	14016994	14016313	Deletion	681
2L	14016994	14017109	Deletion	115
2L	14016994	14017067	Deletion	73
2L	14016994	14017053	Deletion	59
2L	14026667	14026782	Deletion	115
2L	14026744	14026782	Deletion	38
2L	14026747	14026782	Deletion	35
2L	14027449	14027557	Deletion	108
2L	14027449	14027540	Deletion	91
2L	14037238	14037325	Deletion	87
2L	14037239	14037325	Deletion	86
2L	14037258	14037325	Deletion	67
2L	14037286	14037325	Deletion	39
2L	14050162	14037325	Deletion	12837
2L	14050162	14050203	Deletion	41
2L	14050162	14050222	Deletion	60
2L	14050162	14050202	Deletion	40
2L	14057403	14057471	Deletion	68
2L	14057404	14057471	Deletion	67
2L	14057438	14057471	Deletion	33
2L	14068094	14057471	Deletion	10623
2L	14068094	14068153	Deletion	59
2L	14068094	14068152	Deletion	58
2L	14068094	14068200	Deletion	106
2L	14076080	14076156	Deletion	76
2L	14076114	14076156	Deletion	42
2L	14097541	14076156	Deletion	21385
2L	14097541	14097625	Deletion	84
2L	14099683	14099795	Deletion	112
2L	14099711	14099795	Deletion	84
2L	14099727	14099795	Deletion	68
2L	14099734	14099795	Deletion	61
2L	14099754	14099795	Deletion	41
2L	14105602	14099795	Deletion	5807
2L	14105602	14105722	Deletion	120
2L	14105602	14105644	Deletion	42
2L	14105602	14105660	Deletion	58
2L	14105602	14105667	Deletion	65
2L	14133521	14133641	Deletion	120
2L	14133536	14133641	Deletion	105
2L	14133543	14133641	Deletion	98
2L	14133598	14133641	Deletion	43
2L	14133830	14133641	Deletion	189
2L	14133830	14133913	Deletion	83
2L	14133832	14133935	Deletion	103
2L	14142977	14143040	Deletion	63
2L	14143006	14143040	Deletion	34
2L	14149933	14143040	Deletion	6893
2L	14149933	14149996	Deletion	63
2L	14155293	14155411	Deletion	118
2L	14155300	14155411	Deletion	111
2L	14155329	14155411	Deletion	82
2L	14155337	14155411	Deletion	74
2L	14155355	14155411	Deletion	56
2L	14155362	14155411	Deletion	49
2L	14155713	14155411	Deletion	302
2L	14155713	14155765	Deletion	52
2L	14155713	14155783	Deletion	70
2L	14155713	14155815	Deletion	102
2L	14155713	14155757	Deletion	44
2L	14155713	14155816	Deletion	103
2L	14176815	14176912	Deletion	97
2L	14176837	14176912	Deletion	75
2L	14176839	14176912	Deletion	73
2L	14176844	14176912	Deletion	68
2L	14180880	14180911	Deletion	31
2L	14180880	14180940	Deletion	60
2L	14180880	14180933	Deletion	53
2L	14185183	14185288	Deletion	105
2L	14185199	14185288	Deletion	89
2L	14185218	14185288	Deletion	70
2L	14185234	14185288	Deletion	54
2L	14193272	14185288	Deletion	7984
2L	14193272	14193309	Deletion	37
2L	14193272	14193344	Deletion	72
2L	14193272	14193328	Deletion	56
2L	14219189	14219287	Deletion	98
2L	14219226	14219287	Deletion	61
2L	14219791	14219287	Deletion	504
2L	14224209	14224292	Deletion	83
2L	14224239	14224292	Deletion	53
2L	14224250	14224292	Deletion	42
2L	14224254	14224292	Deletion	38
2L	14227887	14224292	Deletion	3595
2L	14227887	14228000	Deletion	113
2L	14227887	14227960	Deletion	73
2L	14227887	14227930	Deletion	43
2L	14227887	14227996	Deletion	109
2L	14227887	14227971	Deletion	84
2L	14227887	14227922	Deletion	35
2L	14234292	14234401	Deletion	109
2L	14234297	14234401	Deletion	104
2L	14234299	14234401	Deletion	102
2L	14234346	14234401	Deletion	55
2L	14234354	14234401	Deletion	47
2L	14234356	14234401	Deletion	45
2L	14234371	14234401	Deletion	30
2L	14234540	14234401	Deletion	139
2L	14234540	14234614	Deletion	74
2L	14234540	14234639	Deletion	99
2L	14234540	14234622	Deletion	82
2L	14238808	14238896	Deletion	88
2L	14238822	14238896	Deletion	74
2L	14238834	14238896	Deletion	62
2L	14238847	14238896	Deletion	49
2L	14238848	14238896	Deletion	48
2L	14239099	14238896	Deletion	203
2L	14239099	14239163	Deletion	64
2L	14239099	14239198	Deletion	99
2L	14239099	14239137	Deletion	38
2L	14239099	14239151	Deletion	52
2L	14239099	14239177	Deletion	78
2L	14253121	14253226	Deletion	105
2L	14253138	14253226	Deletion	88
2L	14253182	14253226	Deletion	44
2L	14253189	14253226	Deletion	37
2L	14253585	14253226	Deletion	359
2L	14253585	14253667	Deletion	82
2L	14253585	14253687	Deletion	102
2L	14253585	14253692	Deletion	107
2L	14253585	14253623	Deletion	38
2L	14254988	14255064	Deletion	76
2L	14258690	14255068	Deletion	3622
2L	14258690	14258812	Deletion	122
2L	14273391	14273503	Deletion	112
2L	14273402	14273503	Deletion	101
2L	14273412	14273503	Deletion	91
2L	14273424	14273503	Deletion	79
2L	14273439	14273503	Deletion	64
2L	14273442	14273503	Deletion	61
2L	14273447	14273503	Deletion	56
2L	14273463	14273503	Deletion	40
2L	14273697	14273503	Deletion	194
2L	14273697	14273735	Deletion	38
2L	14273697	14273762	Deletion	65
2L	14273697	14273786	Deletion	89
2L	14273697	14273815	Deletion	118
2L	14273697	14273819	Deletion	122
2L	14273697	14273747	Deletion	50
2L	14296777	14296852	Deletion	75
2L	14296785	14296852	Deletion	67
2L	14296820	14296852	Deletion	32
2L	14302048	14296852	Deletion	5196
2L	14302048	14302159	Deletion	111
2L	14302048	14302099	Deletion	51
2L	14302048	14302142	Deletion	94
2L	14305932	14306047	Deletion	115
2L	14306000	14306047	Deletion	47
2L	14306010	14306047	Deletion	37
2L	14307075	14306047	Deletion	1028
2L	14307075	14307154	Deletion	79
2L	14307075	14307164	Deletion	89
2L	14322330	14322449	Deletion	119
2L	14322352	14322449	Deletion	97
2L	14322373	14322449	Deletion	76
2L	14322379	14322449	Deletion	70
2L	14322562	14322449	Deletion	113
2L	14322562	14322618	Deletion	56
2L	14325611	14325699	Deletion	88
2L	14325613	14325699	Deletion	86
2L	14325647	14325699	Deletion	52
2L	14325650	14325699	Deletion	49
2L	14325658	14325699	Deletion	41
2L	14325659	14325699	Deletion	40
2L	14327486	14325699	Deletion	1787
2L	14327486	14327572	Deletion	86
2L	14327486	14327524	Deletion	38
2L	14327486	14327563	Deletion	77
2L	14327486	14327560	Deletion	74
2L	14327486	14327571	Deletion	85
2L	14356173	14356272	Deletion	99
2L	14356180	14356272	Deletion	92
2L	14356227	14356272	Deletion	45
2L	14356329	14356272	Deletion	57
2L	14356329	14356392	Deletion	63
2L	14356329	14356363	Deletion	34
2L	14363643	14363710	Deletion	67
2L	14363647	14363710	Deletion	63
2L	14363658	14363710	Deletion	52
2L	14363680	14363710	Deletion	30
2L	14364014	14363710	Deletion	304
2L	14364014	14364074	Deletion	60
2L	14364014	14364063	Deletion	49
2L	14364014	14364116	Deletion	102
2L	14364014	14364089	Deletion	75
2L	14364014	14364078	Deletion	64
2L	14368626	14368677	Deletion	51
2L	14368644	14368677	Deletion	33
2L	14368647	14368677	Deletion	30
2L	14374043	14368677	Deletion	5366
2L	14374043	14374120	Deletion	77
2L	14374043	14374137	Deletion	94
2L	14393282	14393351	Deletion	69
2L	14393290	14393351	Deletion	61
2L	14393526	14393351	Deletion	175
2L	14393526	14393627	Deletion	101
2L	14393526	14393640	Deletion	114
2L	14393526	14393583	Deletion	57
2L	14393526	14393630	Deletion	104
2L	14393526	14393591	Deletion	65
2L	14393526	14393639	Deletion	113
2L	14400357	14400443	Deletion	86
2L	14400359	14400443	Deletion	84
2L	14400392	14400443	Deletion	51
2L	14400650	14400443	Deletion	207
2L	14400650	14400726	Deletion	76
2L	14400650	14400691	Deletion	41
2L	14402375	14401824	Deletion	551
2L	14402375	14402408	Deletion	33
2L	14403471	14403526	Deletion	55
2L	14416569	14403526	Deletion	13043
2L	14416569	14416666	Deletion	97
2L	14416569	14416684	Deletion	115
2L	14416569	14416677	Deletion	108
2L	14416569	14416634	Deletion	65
2L	14440315	14440394	Deletion	79
2L	14440632	14440394	Deletion	238
2L	14440632	14440679	Deletion	47
2L	14449878	14449954	Deletion	76
2L	14449884	14449954	Deletion	70
2L	14449909	14449954	Deletion	45
2L	14449913	14449954	Deletion	41
2L	14449915	14449954	Deletion	39
2L	14449917	14449954	Deletion	37
2L	14450795	14449954	Deletion	841
2L	14450795	14450887	Deletion	92
2L	14450795	14450897	Deletion	102
2L	14450795	14450912	Deletion	117
2L	14450795	14450883	Deletion	88
2L	14450795	14450854	Deletion	59
2L	14450795	14450848	Deletion	53
2L	14450795	14450885	Deletion	90
2L	14450795	14450879	Deletion	84
2L	14456720	14456752	Deletion	32
2L	14456905	14456752	Deletion	153
2L	14456905	14457016	Deletion	111
2L	14458451	14457376	Deletion	1075
2L	14458451	14458498	Deletion	47
2L	14462360	14459558	Deletion	2802
2L	14462360	14462473	Deletion	113
2L	14474039	14471864	Deletion	2175
2L	14476026	14476069	Deletion	43
2L	14476037	14476069	Deletion	32
2L	14476119	14476069	Deletion	50
2L	14476119	14476219	Deletion	100
2L	14476119	14476202	Deletion	83
2L	14476119	14476213	Deletion	94
2L	14487027	14487074	Deletion	47
2L	14487037	14487074	Deletion	37
2L	14487039	14487074	Deletion	35
2L	14489769	14487074	Deletion	2695
2L	14489769	14489859	Deletion	90
2L	14489769	14489814	Deletion	45
2L	14489769	14489850	Deletion	81
2L	14489769	14489875	Deletion	106
2L	14496127	14496208	Deletion	81
2L	14496167	14496208	Deletion	41
2L	14497759	14496208	Deletion	1551
2L	14497759	14497804	Deletion	45
2L	14510606	14510704	Deletion	98
2L	14510649	14510704	Deletion	55
2L	14510669	14510704	Deletion	35
2L	14514388	14510704	Deletion	3684
2L	14514388	14514459	Deletion	71
2L	14514388	14514479	Deletion	91
2L	14521821	14521898	Deletion	77
2L	14521859	14521898	Deletion	39
2L	14522010	14521898	Deletion	112
2L	14522010	14522098	Deletion	88
2L	14522010	14522060	Deletion	50
2L	14524348	14524441	Deletion	93
2L	14524362	14524441	Deletion	79
2L	14524384	14524441	Deletion	57
2L	14524400	14524441	Deletion	41
2L	14550682	14524441	Deletion	26241
2L	14550682	14550768	Deletion	86
2L	14550682	14550797	Deletion	115
2L	14550682	14550716	Deletion	34
2L	14550682	14550786	Deletion	104
2L	14550682	14550730	Deletion	48
2L	14579891	14580004	Deletion	113
2L	14579923	14580004	Deletion	81
2L	14579946	14580004	Deletion	58
2L	14579950	14580004	Deletion	54
2L	14579957	14580004	Deletion	47
2L	14579963	14580004	Deletion	41
2L	14579964	14580004	Deletion	40
2L	14579967	14580004	Deletion	37
2L	14580504	14580004	Deletion	500
2L	14580504	14580590	Deletion	86
2L	14580504	14580584	Deletion	80
2L	14580504	14580573	Deletion	69
2L	14580504	14580550	Deletion	46
2L	14580504	14580594	Deletion	90
2L	14580504	14580577	Deletion	73
2L	14580504	14580604	Deletion	100
2L	14580504	14580591	Deletion	87
2L	14581845	14581916	Deletion	71
2L	14581852	14581916	Deletion	64
2L	14581854	14581916	Deletion	62
2L	14581860	14581916	Deletion	56
2L	14581883	14581916	Deletion	33
2L	14582042	14581916	Deletion	126
2L	14582042	14582115	Deletion	73
2L	14582042	14582100	Deletion	58
2L	14582042	14582109	Deletion	67
2L	14582042	14582081	Deletion	39
2L	14582042	14582144	Deletion	102
2L	14582042	14582138	Deletion	96
2L	14584880	14584979	Deletion	99
2L	14584881	14584979	Deletion	98
2L	14584926	14584979	Deletion	53
2L	14584942	14584979	Deletion	37
2L	14586539	14584979	Deletion	1560
2L	14586539	14586614	Deletion	75
2L	14586539	14586569	Deletion	30
2L	14586539	14586649	Deletion	110
2L	14586539	14586630	Deletion	91
2L	14586543	14586662	Deletion	119
2L	14593351	14593447	Deletion	96
2L	14593360	14593447	Deletion	87
2L	14593363	14593447	Deletion	84
2L	14593365	14593447	Deletion	82
2L	14593403	14593447	Deletion	44
2L	14593405	14593447	Deletion	42
2L	14593417	14593447	Deletion	30
2L	14600769	14600814	Deletion	45
2L	14600769	14600816	Deletion	47
2L	14600769	14600856	Deletion	87
2L	14600769	14600878	Deletion	109
2L	14600769	14600854	Deletion	85
2L	14600769	14600868	Deletion	99
2L	14600769	14600811	Deletion	42
2L	14602220	14602326	Deletion	106
2L	14602240	14602326	Deletion	86
2L	14602248	14602326	Deletion	78
2L	14602264	14602326	Deletion	62
2L	14602279	14602326	Deletion	47
2L	14602950	14602326	Deletion	624
2L	14602950	14603000	Deletion	50
2L	14602950	14603016	Deletion	66
2L	14602950	14602992	Deletion	42
2L	14602950	14603031	Deletion	81
2L	14605038	14605071	Deletion	33
2L	14611511	14605071	Deletion	6440
2L	14611511	14611604	Deletion	93
2L	14617914	14618023	Deletion	109
2L	14617962	14618023	Deletion	61
2L	14617963	14618023	Deletion	60
2L	14617984	14618023	Deletion	39
2L	14617985	14618023	Deletion	38
2L	14617986	14618018	Deletion	32
2L	14619748	14618023	Deletion	1725
2L	14619748	14619814	Deletion	66
2L	14619748	14619837	Deletion	89
2L	14619748	14619835	Deletion	87
2L	14619748	14619836	Deletion	88
2L	14627477	14627562	Deletion	85
2L	14627501	14627562	Deletion	61
2L	14627529	14627562	Deletion	33
2L	14630670	14627562	Deletion	3108
2L	14630670	14630785	Deletion	115
2L	14630670	14630739	Deletion	69
2L	14630670	14630715	Deletion	45
2L	14630670	14630778	Deletion	108
2L	14631654	14631755	Deletion	101
2L	14631697	14631755	Deletion	58
2L	14631700	14631755	Deletion	55
2L	14631702	14631755	Deletion	53
2L	14631708	14631755	Deletion	47
2L	14631723	14631755	Deletion	32
2L	14661143	14660948	Deletion	195
2L	14661143	14661181	Deletion	38
2L	14664768	14664878	Deletion	110
2L	14664769	14664878	Deletion	109
2L	14664795	14664878	Deletion	83
2L	14667772	14664878	Deletion	2894
2L	14667772	14667882	Deletion	110
2L	14668238	14668350	Deletion	112
2L	14668257	14668350	Deletion	93
2L	14668272	14668350	Deletion	78
2L	14668283	14668350	Deletion	67
2L	14668307	14668350	Deletion	43
2L	14668315	14668350	Deletion	35
2L	14673857	14668350	Deletion	5507
2L	14673857	14673948	Deletion	91
2L	14673857	14673940	Deletion	83
2L	14673857	14673890	Deletion	33
2L	14673857	14673916	Deletion	59
2L	14677930	14678033	Deletion	103
2L	14677938	14678033	Deletion	95
2L	14677939	14678033	Deletion	94
2L	14677954	14678033	Deletion	79
2L	14677978	14678033	Deletion	55
2L	14677991	14678033	Deletion	42
2L	14678097	14678033	Deletion	64
2L	14678097	14678181	Deletion	84
2L	14678097	14678129	Deletion	32
2L	14678097	14678202	Deletion	105
2L	14678097	14678144	Deletion	47
2L	14678097	14678168	Deletion	71
2L	14690254	14690361	Deletion	107
2L	14690318	14690361	Deletion	43
2L	14690319	14690361	Deletion	42
2L	14709400	14690361	Deletion	19039
2L	14709400	14709515	Deletion	115
2L	14709400	14709484	Deletion	84
2L	14709400	14709485	Deletion	85
2L	14719393	14719496	Deletion	103
2L	14719398	14719496	Deletion	98
2L	14719409	14719496	Deletion	87
2L	14719414	14719496	Deletion	82
2L	14719445	14719496	Deletion	51
2L	14721791	14719496	Deletion	2295
2L	14721791	14721830	Deletion	39
2L	14721791	14721866	Deletion	75
2L	14723120	14723221	Deletion	101
2L	14723132	14723221	Deletion	89
2L	14723135	14723221	Deletion	86
2L	14723139	14723221	Deletion	82
2L	14723150	14723221	Deletion	71
2L	14723172	14723221	Deletion	49
2L	14736733	14723221	Deletion	13512
2L	14736733	14736771	Deletion	38
2L	14736733	14736811	Deletion	78
2L	14736733	14736841	Deletion	108
2L	14736733	14736789	Deletion	56
2L	14736733	14736778	Deletion	45
2L	14751080	14751173	Deletion	93
2L	14751089	14751173	Deletion	84
2L	14751108	14751173	Deletion	65
2L	14761738	14751173	Deletion	10565
2L	14761738	14761771	Deletion	33
2L	14761738	14761840	Deletion	102
2L	14761738	14761846	Deletion	108
2L	14761738	14761799	Deletion	61
2L	14763794	14763890	Deletion	96
2L	14763801	14763890	Deletion	89
2L	14763807	14763890	Deletion	83
2L	14763811	14763890	Deletion	79
2L	14763815	14763890	Deletion	75
2L	14763840	14763890	Deletion	50
2L	14763858	14763890	Deletion	32
2L	14764139	14763890	Deletion	249
2L	14764139	14764170	Deletion	31
2L	14764139	14764216	Deletion	77
2L	14764139	14764251	Deletion	112
2L	14764139	14764169	Deletion	30
2L	14764139	14764183	Deletion	44
2L	14764139	14764177	Deletion	38
2L	14764139	14764191	Deletion	52
2L	14764139	14764187	Deletion	48
2L	14764139	14764234	Deletion	95
2L	14785384	14785423	Deletion	39
2L	14789432	14789547	Deletion	115
2L	14789432	14789519	Deletion	87
2L	14789432	14789550	Deletion	118
2L	14802099	14802195	Deletion	96
2L	14802118	14802195	Deletion	77
2L	14802130	14802195	Deletion	65
2L	14802132	14802195	Deletion	63
2L	14803877	14802195	Deletion	1682
2L	14803877	14803938	Deletion	61
2L	14803877	14803926	Deletion	49
2L	14803877	14803908	Deletion	31
2L	14836679	14836791	Deletion	112
2L	14836714	14836789	Deletion	75
2L	14842529	14836791	Deletion	5738
2L	14842529	14842580	Deletion	51
2L	14842529	14842631	Deletion	102
2L	14867051	14867142	Deletion	91
2L	14867085	14867142	Deletion	57
2L	14867098	14867142	Deletion	44
2L	14867106	14867142	Deletion	36
2L	14877262	14877343	Deletion	81
2L	14877262	14877322	Deletion	60
2L	14913266	14913354	Deletion	88
2L	14913268	14913354	Deletion	86
2L	14913269	14913354	Deletion	85
2L	14913292	14913354	Deletion	62
2L	14913296	14913354	Deletion	58
2L	14913298	14913354	Deletion	56
2L	14913299	14913354	Deletion	55
2L	14913301	14913354	Deletion	53
2L	14913323	14913354	Deletion	31
2L	14913604	14913354	Deletion	250
2L	14913604	14913673	Deletion	69
2L	14913604	14913676	Deletion	72
2L	14913604	14913669	Deletion	65
2L	14913604	14913716	Deletion	112
2L	14913604	14913643	Deletion	39
2L	14913604	14913646	Deletion	42
2L	14913604	14913678	Deletion	74
2L	14913604	14913645	Deletion	41
2L	14913604	14913675	Deletion	71
2L	14921310	14921400	Deletion	90
2L	14921316	14921400	Deletion	84
2L	14921330	14921400	Deletion	70
2L	14921335	14921400	Deletion	65
2L	14923017	14921400	Deletion	1617
2L	14923017	14923054	Deletion	37
2L	14923017	14923116	Deletion	99
2L	14923017	14923138	Deletion	121
2L	14923017	14923074	Deletion	57
2L	14945736	14945814	Deletion	78
2L	14945864	14945814	Deletion	50
2L	14945864	14945972	Deletion	108
2L	14945864	14945965	Deletion	101
2L	14945864	14945914	Deletion	50
2L	14957352	14957447	Deletion	95
2L	14957379	14957447	Deletion	68
2L	14957384	14957447	Deletion	63
2L	14957396	14957447	Deletion	51
2L	14957398	14957447	Deletion	49
2L	14957532	14957447	Deletion	85
2L	14957532	14957595	Deletion	63
2L	14957532	14957563	Deletion	31
2L	14957532	14957607	Deletion	75
2L	14957532	14957609	Deletion	77
2L	14974494	14974551	Deletion	57
2L	14974511	14974551	Deletion	40
2L	14974513	14974551	Deletion	38
2L	14980888	14974551	Deletion	6337
2L	14980888	14980958	Deletion	70
2L	14980888	14981002	Deletion	114
2L	14980888	14980974	Deletion	86
2L	14993685	14993746	Deletion	61
2L	14993685	14993739	Deletion	54
2L	14993685	14993725	Deletion	40
2L	14993685	14993751	Deletion	66
2L	14993685	14993750	Deletion	65
2L	14993685	14993753	Deletion	68
2L	15011678	15011739	Deletion	61
2L	15011709	15011739	Deletion	30
2L	15014471	15011739	Deletion	2732
2L	15014471	15014569	Deletion	98
2L	15014471	15014532	Deletion	61
2L	15019614	15019697	Deletion	83
2L	15019630	15019697	Deletion	67
2L	15019971	15019697	Deletion	274
2L	15019971	15020014	Deletion	43
2L	15019971	15020073	Deletion	102
2L	15019971	15020070	Deletion	99
2L	15027516	15027575	Deletion	59
2L	15030405	15027575	Deletion	2830
2L	15030405	15030523	Deletion	118
2L	15030405	15030527	Deletion	122
2L	15030405	15030470	Deletion	65
2L	15031451	15031551	Deletion	100
2L	15031511	15031551	Deletion	40
2L	15036191	15031551	Deletion	4640
2L	15036191	15036301	Deletion	110
2L	15036191	15036296	Deletion	105
2L	15036191	15036277	Deletion	86
2L	15041314	15041379	Deletion	65
2L	15041327	15041379	Deletion	52
2L	15041332	15041379	Deletion	47
2L	15041900	15041379	Deletion	521
2L	15041900	15042009	Deletion	109
2L	15041900	15041974	Deletion	74
2L	15041900	15041934	Deletion	34
2L	15041900	15041979	Deletion	79
2L	15049487	15049602	Deletion	115
2L	15049499	15049602	Deletion	103
2L	15049521	15049602	Deletion	81
2L	15049546	15049602	Deletion	56
2L	15049564	15049602	Deletion	38
2L	15050463	15049602	Deletion	861
2L	15050463	15050533	Deletion	70
2L	15050463	15050508	Deletion	45
2L	15054213	15054296	Deletion	83
2L	15054216	15054296	Deletion	80
2L	15054223	15054296	Deletion	73
2L	15054265	15054296	Deletion	31
2L	15055084	15054296	Deletion	788
2L	15055084	15055127	Deletion	43
2L	15055084	15055181	Deletion	97
2L	15055084	15055185	Deletion	101
2L	15055084	15055137	Deletion	53
2L	15055084	15055208	Deletion	124
2L	15055084	15055179	Deletion	95
2L	15055982	15056073	Deletion	91
2L	15056007	15056073	Deletion	66
2L	15056020	15056073	Deletion	53
2L	15058497	15056073	Deletion	2424
2L	15058497	15058570	Deletion	73
2L	15058497	15058557	Deletion	60
2L	15060097	15060212	Deletion	115
2L	15060130	15060212	Deletion	82
2L	15060136	15060212	Deletion	76
2L	15060155	15060212	Deletion	57
2L	15060159	15060212	Deletion	53
2L	15060162	15060212	Deletion	50
2L	15060182	15060212	Deletion	30
2L	15064590	15060212	Deletion	4378
2L	15064590	15064659	Deletion	69
2L	15064590	15064666	Deletion	76
2L	15064590	15064686	Deletion	96
2L	15064590	15064640	Deletion	50
2L	15064590	15064663	Deletion	73
2L	15064634	15064634	Deletion	0
2L	15064697	15064734	Deletion	37
2L	15064698	15064734	Deletion	36
2L	15064699	15064734	Deletion	35
2L	15067628	15064734	Deletion	2894
2L	15067628	15067717	Deletion	89
2L	15067628	15067718	Deletion	90
2L	15067628	15067726	Deletion	98
2L	15067628	15067719	Deletion	91
2L	15067628	15067740	Deletion	112
2L	15067757	15067879	Deletion	122
2L	15067766	15067879	Deletion	113
2L	15067778	15067879	Deletion	101
2L	15067788	15067879	Deletion	91
2L	15067789	15067879	Deletion	90
2L	15067818	15067879	Deletion	61
2L	15067835	15067879	Deletion	44
2L	15095025	15067879	Deletion	27146
2L	15095025	15095132	Deletion	107
2L	15095025	15095061	Deletion	36
2L	15095025	15095133	Deletion	108
2L	15095025	15095091	Deletion	66
2L	15095025	15095108	Deletion	83
2L	15097020	15097088	Deletion	68
2L	15097056	15097088	Deletion	32
2L	15099668	15097088	Deletion	2580
2L	15099668	15099771	Deletion	103
2L	15099668	15099780	Deletion	112
2L	15099668	15099763	Deletion	95
2L	15099668	15099768	Deletion	100
2L	15099668	15099727	Deletion	59
2L	15100464	15100539	Deletion	75
2L	15100489	15100539	Deletion	50
2L	15100498	15100539	Deletion	41
2L	15103892	15100539	Deletion	3353
2L	15103892	15103971	Deletion	79
2L	15103892	15103980	Deletion	88
2L	15103892	15103946	Deletion	54
2L	15103892	15103936	Deletion	44
2L	15109654	15109731	Deletion	77
2L	15109691	15109731	Deletion	40
2L	15109700	15109731	Deletion	31
2L	15113261	15109731	Deletion	3530
2L	15113261	15113372	Deletion	111
2L	15113261	15113375	Deletion	114
2L	15113261	15113357	Deletion	96
2L	15113261	15113311	Deletion	50
2L	15136012	15136131	Deletion	119
2L	15136026	15136131	Deletion	105
2L	15136035	15136131	Deletion	96
2L	15136048	15136131	Deletion	83
2L	15136051	15136131	Deletion	80
2L	15136082	15136131	Deletion	49
2L	15136084	15136131	Deletion	47
2L	15136221	15136131	Deletion	90
2L	15136221	15136321	Deletion	100
2L	15136221	15136265	Deletion	44
2L	15136221	15136252	Deletion	31
2L	15136221	15136268	Deletion	47
2L	15136221	15136343	Deletion	122
2L	15136221	15136299	Deletion	78
2L	15136221	15136319	Deletion	98
2L	15138303	15138381	Deletion	78
2L	15138310	15138381	Deletion	71
2L	15138333	15138381	Deletion	48
2L	15138338	15138381	Deletion	43
2L	15139178	15138381	Deletion	797
2L	15139178	15139256	Deletion	78
2L	15139178	15139261	Deletion	83
2L	15139178	15139280	Deletion	102
2L	15139178	15139233	Deletion	55
2L	15147353	15147410	Deletion	57
2L	15147357	15147410	Deletion	53
2L	15147377	15147410	Deletion	33
2L	15163246	15147410	Deletion	15836
2L	15163246	15163309	Deletion	63
2L	15163246	15163348	Deletion	102
2L	15163246	15163339	Deletion	93
2L	15163246	15163363	Deletion	117
2L	15163246	15163315	Deletion	69
2L	15163246	15163343	Deletion	97
2L	15163248	15163319	Deletion	71
2L	15164427	15164537	Deletion	110
2L	15164465	15164537	Deletion	72
2L	15164594	15164537	Deletion	57
2L	15170339	15170371	Deletion	32
2L	15170777	15170371	Deletion	406
2L	15203129	15203203	Deletion	74
2L	15203159	15203203	Deletion	44
2L	15203326	15203203	Deletion	123
2L	15203326	15203380	Deletion	54
2L	15203326	15203427	Deletion	101
2L	15203326	15203428	Deletion	102
2L	15215525	15215610	Deletion	85
2L	15215528	15215610	Deletion	82
2L	15215533	15215610	Deletion	77
2L	15215559	15215610	Deletion	51
2L	15215573	15215610	Deletion	37
2L	15216148	15215610	Deletion	538
2L	15216148	15216192	Deletion	44
2L	15216148	15216237	Deletion	89
2L	15216148	15216197	Deletion	49
2L	15216148	15216189	Deletion	41
2L	15216148	15216223	Deletion	75
2L	15216148	15216272	Deletion	124
2L	15218359	15218430	Deletion	71
2L	15218391	15218430	Deletion	39
2L	15218393	15218430	Deletion	37
2L	15218397	15218430	Deletion	33
2L	15224624	15218430	Deletion	6194
2L	15224624	15224713	Deletion	89
2L	15224624	15224711	Deletion	87
2L	15224624	15224717	Deletion	93
2L	15224624	15224729	Deletion	105
2L	15233550	15233618	Deletion	68
2L	15238743	15233618	Deletion	5125
2L	15238743	15238774	Deletion	31
2L	15238743	15238854	Deletion	111
2L	15243728	15243841	Deletion	113
2L	15243748	15243841	Deletion	93
2L	15243775	15243841	Deletion	66
2L	15246041	15243841	Deletion	2200
2L	15246041	15246102	Deletion	61
2L	15254056	15254167	Deletion	111
2L	15254057	15254167	Deletion	110
2L	15254065	15254167	Deletion	102
2L	15254084	15254167	Deletion	83
2L	15254099	15254167	Deletion	68
2L	15254119	15254167	Deletion	48
2L	15258668	15254167	Deletion	4501
2L	15258668	15258746	Deletion	78
2L	15258668	15258777	Deletion	109
2L	15258668	15258711	Deletion	43
2L	15258668	15258771	Deletion	103
2L	15263375	15263429	Deletion	54
2L	15263382	15263429	Deletion	47
2L	15263396	15263429	Deletion	33
2L	15263399	15263429	Deletion	30
2L	15263506	15263429	Deletion	77
2L	15263506	15263585	Deletion	79
2L	15263506	15263578	Deletion	72
2L	15263506	15263543	Deletion	37
2L	15263506	15263602	Deletion	96
2L	15267773	15267876	Deletion	103
2L	15267793	15267876	Deletion	83
2L	15267796	15267876	Deletion	80
2L	15267834	15267876	Deletion	42
2L	15272317	15267876	Deletion	4441
2L	15272317	15272439	Deletion	122
2L	15272317	15272363	Deletion	46
2L	15272317	15272360	Deletion	43
2L	15272317	15272430	Deletion	113
2L	15306110	15306232	Deletion	122
2L	15306115	15306232	Deletion	117
2L	15306131	15306232	Deletion	101
2L	15314178	15306232	Deletion	7946
2L	15314178	15314291	Deletion	113
2L	15314178	15314295	Deletion	117
2L	15314178	15314280	Deletion	102
2L	15324917	15324997	Deletion	80
2L	15325393	15324997	Deletion	396
2L	15327698	15327779	Deletion	81
2L	15327741	15327779	Deletion	38
2L	15327747	15327779	Deletion	32
2L	15327826	15327779	Deletion	47
2L	15327826	15327912	Deletion	86
2L	15327826	15327874	Deletion	48
2L	15327826	15327923	Deletion	97
2L	15327826	15327862	Deletion	36
2L	15327826	15327944	Deletion	118
2L	15328261	15328374	Deletion	113
2L	15328315	15328374	Deletion	59
2L	15328319	15328374	Deletion	55
2L	15328344	15328374	Deletion	30
2L	15354420	15328374	Deletion	26046
2L	15354420	15354488	Deletion	68
2L	15354420	15354517	Deletion	97
2L	15354420	15354492	Deletion	72
2L	15354420	15354534	Deletion	114
2L	15354420	15354540	Deletion	120
2L	15354420	15354538	Deletion	118
2L	15354420	15354535	Deletion	115
2L	15365425	15362709	Deletion	2716
2L	15365425	15365543	Deletion	118
2L	15377115	15377205	Deletion	90
2L	15377116	15377205	Deletion	89
2L	15377158	15377205	Deletion	47
2L	15380709	15377205	Deletion	3504
2L	15380709	15380807	Deletion	98
2L	15380709	15380747	Deletion	38
2L	15380709	15380829	Deletion	120
2L	15380709	15380789	Deletion	80
2L	15396475	15396581	Deletion	106
2L	15396507	15396581	Deletion	74
2L	15396542	15396581	Deletion	39
2L	15396549	15396581	Deletion	32
2L	15396755	15396581	Deletion	174
2L	15396755	15396843	Deletion	88
2L	15396755	15396808	Deletion	53
2L	15396755	15396855	Deletion	100
2L	15405097	15405156	Deletion	59
2L	15405121	15405156	Deletion	35
2L	15409731	15405156	Deletion	4575
2L	15409731	15409798	Deletion	67
2L	15409731	15409780	Deletion	49
2L	15409731	15409832	Deletion	101
2L	15435459	15435561	Deletion	102
2L	15435521	15435561	Deletion	40
2L	15444813	15435561	Deletion	9252
2L	15444813	15444916	Deletion	103
2L	15476825	15476882	Deletion	57
2L	15476825	15476902	Deletion	77
2L	15476825	15476858	Deletion	33
2L	15476825	15476949	Deletion	124
2L	15476825	15476859	Deletion	34
2L	15476825	15476916	Deletion	91
2L	15476825	15476870	Deletion	45
2L	15477121	15477225	Deletion	104
2L	15477135	15477225	Deletion	90
2L	15477154	15477225	Deletion	71
2L	15477179	15477225	Deletion	46
2L	15504447	15477225	Deletion	27222
2L	15504447	15504527	Deletion	80
2L	15504447	15504502	Deletion	55
2L	15504796	15504915	Deletion	119
2L	15504842	15504915	Deletion	73
2L	15504854	15504915	Deletion	61
2L	15504863	15504915	Deletion	52
2L	15508029	15504915	Deletion	3114
2L	15508029	15508103	Deletion	74
2L	15508029	15508094	Deletion	65
2L	15510892	15510982	Deletion	90
2L	15510938	15510982	Deletion	44
2L	15510946	15510982	Deletion	36
2L	15510952	15510982	Deletion	30
2L	15515991	15510982	Deletion	5009
2L	15515991	15516027	Deletion	36
2L	15515991	15516098	Deletion	107
2L	15515991	15516087	Deletion	96
2L	15515991	15516081	Deletion	90
2L	15529053	15529163	Deletion	110
2L	15529080	15529163	Deletion	83
2L	15529104	15529163	Deletion	59
2L	15529108	15529163	Deletion	55
2L	15529123	15529163	Deletion	40
2L	15531177	15529163	Deletion	2014
2L	15531177	15531248	Deletion	71
2L	15531177	15531220	Deletion	43
2L	15531177	15531244	Deletion	67
2L	15544293	15544394	Deletion	101
2L	15544297	15544394	Deletion	97
2L	15544300	15544394	Deletion	94
2L	15544302	15544394	Deletion	92
2L	15544962	15544394	Deletion	568
2L	15544962	15544993	Deletion	31
2L	15544962	15544996	Deletion	34
2L	15551912	15550421	Deletion	1491
2L	15551912	15552020	Deletion	108
2L	15551912	15552018	Deletion	106
2L	15555535	15555638	Deletion	103
2L	15555557	15555638	Deletion	81
2L	15555564	15555638	Deletion	74
2L	15555601	15555638	Deletion	37
2L	15555924	15555635	Deletion	289
2L	15555924	15555970	Deletion	46
2L	15555924	15556041	Deletion	117
2L	15555924	15555977	Deletion	53
2L	15555927	15556021	Deletion	94
2L	15563271	15563360	Deletion	89
2L	15563279	15563359	Deletion	80
2L	15563305	15563359	Deletion	54
2L	15563318	15563359	Deletion	41
2L	15563569	15563359	Deletion	210
2L	15563569	15563676	Deletion	107
2L	15563569	15563655	Deletion	86
2L	15563569	15563642	Deletion	73
2L	15563569	15563608	Deletion	39
2L	15579396	15579505	Deletion	109
2L	15579410	15579505	Deletion	95
2L	15579460	15579505	Deletion	45
2L	15579465	15579505	Deletion	40
2L	15579474	15579505	Deletion	31
2L	15580328	15579505	Deletion	823
2L	15580328	15580423	Deletion	95
2L	15580328	15580359	Deletion	31
2L	15580328	15580443	Deletion	115
2L	15580328	15580409	Deletion	81
2L	15581661	15581734	Deletion	73
2L	15581666	15581734	Deletion	68
2L	15581681	15581734	Deletion	53
2L	15581691	15581734	Deletion	43
2L	15585756	15581734	Deletion	4022
2L	15585756	15585814	Deletion	58
2L	15585756	15585839	Deletion	83
2L	15585756	15585786	Deletion	30
2L	15585756	15585809	Deletion	53
2L	15601405	15601440	Deletion	35
2L	15601405	15601465	Deletion	60
2L	15630347	15630404	Deletion	57
2L	15630352	15630404	Deletion	52
2L	15630370	15630404	Deletion	34
2L	15637348	15630404	Deletion	6944
2L	15637348	15637417	Deletion	69
2L	15637348	15637423	Deletion	75
2L	15637348	15637416	Deletion	68
2L	15657715	15657782	Deletion	67
2L	15659601	15659677	Deletion	76
2L	15659734	15659780	Deletion	46
2L	15662531	15662639	Deletion	108
2L	15662531	15662600	Deletion	69
2L	15669613	15669714	Deletion	101
2L	15669773	15669810	Deletion	37
2L	15669970	15670013	Deletion	43
2L	15669970	15670052	Deletion	82
2L	15686681	15686749	Deletion	68
2L	15694581	15694630	Deletion	49
2L	15694581	15694674	Deletion	93
2L	15694581	15694640	Deletion	59
2L	15694594	15694614	Deletion	20
2L	15694731	15694781	Deletion	50
2L	15696686	15696798	Deletion	112
2L	15696743	15696798	Deletion	55
2L	15697528	15697599	Deletion	71
2L	15697528	15697591	Deletion	63
2L	15700438	15700525	Deletion	87
2L	15700440	15700525	Deletion	85
2L	15700575	15700617	Deletion	42
2L	15709393	15709463	Deletion	70
2L	15734070	15734182	Deletion	112
2L	15734073	15734182	Deletion	109
2L	15734091	15734182	Deletion	91
2L	15734102	15734182	Deletion	80
2L	15734134	15734182	Deletion	48
2L	15736726	15734182	Deletion	2544
2L	15736726	15736833	Deletion	107
2L	15736726	15736805	Deletion	79
2L	15736726	15736773	Deletion	47
2L	15736768	15736762	Deletion	6
2L	15736769	15736857	Deletion	88
2L	15736770	15736857	Deletion	87
2L	15736772	15736857	Deletion	85
2L	15736788	15736857	Deletion	69
2L	15736812	15736857	Deletion	45
2L	15736826	15736857	Deletion	31
2L	15739381	15736857	Deletion	2524
2L	15739381	15739418	Deletion	37
2L	15739381	15739462	Deletion	81
2L	15739381	15739422	Deletion	41
2L	15739381	15739419	Deletion	38
2L	15739381	15739420	Deletion	39
2L	15739381	15739476	Deletion	95
2L	15739654	15739738	Deletion	84
2L	15739687	15739738	Deletion	51
2L	15739855	15739738	Deletion	117
2L	15739855	15739968	Deletion	113
2L	15739855	15739967	Deletion	112
2L	15739855	15739958	Deletion	103
2L	15739855	15739962	Deletion	107
2L	15739855	15739953	Deletion	98
2L	15739855	15739894	Deletion	39
2L	15739855	15739897	Deletion	42
2L	15740170	15740264	Deletion	94
2L	15740191	15740264	Deletion	73
2L	15740193	15740264	Deletion	71
2L	15740209	15740264	Deletion	55
2L	15744096	15740264	Deletion	3832
2L	15744096	15744128	Deletion	32
2L	15744096	15744149	Deletion	53
2L	15744096	15744200	Deletion	104
2L	15744096	15744201	Deletion	105
2L	15744096	15744151	Deletion	55
2L	15761145	15761196	Deletion	51
2L	15761344	15761196	Deletion	148
2L	15761344	15761385	Deletion	41
2L	15763433	15763524	Deletion	91
2L	15763469	15763524	Deletion	55
2L	15772538	15763524	Deletion	9014
2L	15772538	15772573	Deletion	35
2L	15772538	15772609	Deletion	71
2L	15777077	15777164	Deletion	87
2L	15777106	15777164	Deletion	58
2L	15777115	15777164	Deletion	49
2L	15785907	15777164	Deletion	8743
2L	15785907	15785947	Deletion	40
2L	15785907	15786023	Deletion	116
2L	15785907	15785976	Deletion	69
2L	15785907	15785939	Deletion	32
2L	15802071	15802190	Deletion	119
2L	15802080	15802190	Deletion	110
2L	15802089	15802190	Deletion	101
2L	15802118	15802190	Deletion	72
2L	15802131	15802190	Deletion	59
2L	15802136	15802190	Deletion	54
2L	15802139	15802190	Deletion	51
2L	15811620	15802190	Deletion	9430
2L	15811620	15811696	Deletion	76
2L	15811620	15811688	Deletion	68
2L	15811620	15811693	Deletion	73
2L	15820636	15820729	Deletion	93
2L	15820686	15820729	Deletion	43
2L	15820794	15820729	Deletion	65
2L	15820794	15820878	Deletion	84
2L	15820794	15820904	Deletion	110
2L	15820794	15820906	Deletion	112
2L	15833884	15833960	Deletion	76
2L	15833887	15833960	Deletion	73
2L	15833894	15833960	Deletion	66
2L	15833928	15833960	Deletion	32
2L	15834307	15833960	Deletion	347
2L	15834307	15834357	Deletion	50
2L	15834307	15834367	Deletion	60
2L	15834307	15834401	Deletion	94
2L	15845090	15845202	Deletion	112
2L	15845102	15845202	Deletion	100
2L	15845130	15845202	Deletion	72
2L	15845145	15845202	Deletion	57
2L	15845164	15845202	Deletion	38
2L	15850296	15845202	Deletion	5094
2L	15850296	15850384	Deletion	88
2L	15850296	15850365	Deletion	69
2L	15850296	15850410	Deletion	114
2L	15850975	15851075	Deletion	100
2L	15850984	15851075	Deletion	91
2L	15851002	15851075	Deletion	73
2L	15851019	15851075	Deletion	56
2L	15851034	15851075	Deletion	41
2L	15856792	15851075	Deletion	5717
2L	15856792	15856913	Deletion	121
2L	15856792	15856864	Deletion	72
2L	15856792	15856829	Deletion	37
2L	15856792	15856910	Deletion	118
2L	15856792	15856879	Deletion	87
2L	15866198	15866271	Deletion	73
2L	15866901	15866271	Deletion	630
2L	15866901	15866956	Deletion	55
2L	15866901	15867024	Deletion	123
2L	15866901	15867022	Deletion	121
2L	15866901	15867025	Deletion	124
2L	15891108	15891184	Deletion	76
2L	15891136	15891184	Deletion	48
2L	15891139	15891184	Deletion	45
2L	15891154	15891184	Deletion	30
2L	15905163	15891184	Deletion	13979
2L	15905163	15905263	Deletion	100
2L	15905163	15905271	Deletion	108
2L	15905163	15905242	Deletion	79
2L	15905163	15905245	Deletion	82
2L	15905163	15905214	Deletion	51
2L	15906270	15906389	Deletion	119
2L	15906273	15906389	Deletion	116
2L	15906279	15906389	Deletion	110
2L	15906299	15906389	Deletion	90
2L	15906302	15906389	Deletion	87
2L	15906303	15906389	Deletion	86
2L	15906311	15906389	Deletion	78
2L	15906325	15906389	Deletion	64
2L	15906334	15906389	Deletion	55
2L	15908048	15906389	Deletion	1659
2L	15908048	15908089	Deletion	41
2L	15908048	15908111	Deletion	63
2L	15908048	15908097	Deletion	49
2L	15908048	15908085	Deletion	37
2L	15908048	15908120	Deletion	72
2L	15911336	15911443	Deletion	107
2L	15911349	15911443	Deletion	94
2L	15911358	15911443	Deletion	85
2L	15911390	15911443	Deletion	53
2L	15911636	15911443	Deletion	193
2L	15911636	15911669	Deletion	33
2L	15911636	15911739	Deletion	103
2L	15911636	15911678	Deletion	42
2L	15911636	15911710	Deletion	74
2L	15912914	15912974	Deletion	60
2L	15912934	15912974	Deletion	40
2L	15912939	15912974	Deletion	35
2L	15927597	15912974	Deletion	14623
2L	15927597	15927683	Deletion	86
2L	15927597	15927663	Deletion	66
2L	15927597	15927688	Deletion	91
2L	15927597	15927700	Deletion	103
2L	15927597	15927698	Deletion	101
2L	15935773	15935844	Deletion	71
2L	15935799	15935844	Deletion	45
2L	15935804	15935844	Deletion	40
2L	15936758	15935844	Deletion	914
2L	15936758	15936811	Deletion	53
2L	15936758	15936878	Deletion	120
2L	15936758	15936839	Deletion	81
2L	15936758	15936844	Deletion	86
2L	15936782	15936813	Deletion	31
2L	15936798	15936877	Deletion	79
2L	15936814	15936877	Deletion	63
2L	15938126	15936877	Deletion	1249
2L	15938126	15938161	Deletion	35
2L	15938126	15938193	Deletion	67
2L	15938126	15938236	Deletion	110
2L	15938126	15938241	Deletion	115
2L	15941838	15941943	Deletion	105
2L	15941863	15941943	Deletion	80
2L	15941889	15941943	Deletion	54
2L	15941902	15941943	Deletion	41
2L	15941911	15941943	Deletion	32
2L	15942000	15942085	Deletion	85
2L	15942000	15942124	Deletion	124
2L	15942000	15942046	Deletion	46
2L	15942000	15942120	Deletion	120
2L	15942000	15942094	Deletion	94
2L	15953508	15953597	Deletion	89
2L	15953544	15953597	Deletion	53
2L	15953545	15953597	Deletion	52
2L	15953566	15953597	Deletion	31
2L	15956082	15953597	Deletion	2485
2L	15956591	15956628	Deletion	37
2L	15956591	15956710	Deletion	119
2L	15970058	15970163	Deletion	105
2L	15970072	15970163	Deletion	91
2L	15985757	15970163	Deletion	15594
2L	15985757	15985862	Deletion	105
2L	15990364	15990453	Deletion	89
2L	15990371	15990453	Deletion	82
2L	15990381	15990453	Deletion	72
2L	16001790	15990453	Deletion	11337
2L	16001790	16001828	Deletion	38
2L	16001790	16001845	Deletion	55
2L	16001790	16001835	Deletion	45
2L	16008513	16008629	Deletion	116
2L	16008554	16008626	Deletion	72
2L	16008568	16008629	Deletion	61
2L	16008578	16008629	Deletion	51
2L	16008593	16008629	Deletion	36
2L	16008924	16008629	Deletion	295
2L	16008924	16009000	Deletion	76
2L	16008924	16008976	Deletion	52
2L	16008924	16008990	Deletion	66
2L	16011042	16011142	Deletion	100
2L	16011105	16011142	Deletion	37
2L	16011109	16011142	Deletion	33
2L	16014480	16011142	Deletion	3338
2L	16014480	16014573	Deletion	93
2L	16018790	16018873	Deletion	83
2L	16018815	16018873	Deletion	58
2L	16018835	16018873	Deletion	38
2L	16018837	16018873	Deletion	36
2L	16024787	16018873	Deletion	5914
2L	16024787	16024856	Deletion	69
2L	16024787	16024891	Deletion	104
2L	16024787	16024817	Deletion	30
2L	16024787	16024831	Deletion	44
2L	16041831	16041916	Deletion	85
2L	16054962	16041916	Deletion	13046
2L	16059390	16059466	Deletion	76
2L	16059394	16059466	Deletion	72
2L	16059404	16059466	Deletion	62
2L	16059408	16059466	Deletion	58
2L	16059417	16059466	Deletion	49
2L	16059424	16059466	Deletion	42
2L	16060209	16059466	Deletion	743
2L	16060209	16060278	Deletion	69
2L	16060209	16060332	Deletion	123
2L	16060209	16060264	Deletion	55
2L	16060209	16060274	Deletion	65
2L	16060209	16060260	Deletion	51
2L	16060209	16060294	Deletion	85
2L	16061187	16061293	Deletion	106
2L	16061257	16061293	Deletion	36
2L	16061379	16061293	Deletion	86
2L	16061379	16061469	Deletion	90
2L	16061379	16061490	Deletion	111
2L	16068103	16068183	Deletion	80
2L	16068146	16068183	Deletion	37
2L	16068439	16068183	Deletion	256
2L	16068439	16068530	Deletion	91
2L	16068439	16068558	Deletion	119
2L	16068439	16068487	Deletion	48
2L	16075500	16075608	Deletion	108
2L	16075502	16075608	Deletion	106
2L	16075531	16075608	Deletion	77
2L	16075532	16075608	Deletion	76
2L	16075549	16075608	Deletion	59
2L	16075571	16075608	Deletion	37
2L	16075578	16075608	Deletion	30
2L	16080739	16075608	Deletion	5131
2L	16080739	16080789	Deletion	50
2L	16080739	16080856	Deletion	117
2L	16080739	16080849	Deletion	110
2L	16080739	16080788	Deletion	49
2L	16080739	16080828	Deletion	89
2L	16080739	16080859	Deletion	120
2L	16080739	16080806	Deletion	67
2L	16080739	16080861	Deletion	122
2L	16081201	16081286	Deletion	85
2L	16081217	16081286	Deletion	69
2L	16081398	16081286	Deletion	112
2L	16081398	16081498	Deletion	100
2L	16081398	16081456	Deletion	58
2L	16081398	16081440	Deletion	42
2L	16087073	16087154	Deletion	81
2L	16087083	16087154	Deletion	71
2L	16087090	16087154	Deletion	64
2L	16087091	16087154	Deletion	63
2L	16087116	16087154	Deletion	38
2L	16090173	16090236	Deletion	63
2L	16090173	16090228	Deletion	55
2L	16090173	16090218	Deletion	45
2L	16090173	16090261	Deletion	88
2L	16092041	16092127	Deletion	86
2L	16092046	16092127	Deletion	81
2L	16092062	16092127	Deletion	65
2L	16092073	16092127	Deletion	54
2L	16092096	16092127	Deletion	31
2L	16093127	16092127	Deletion	1000
2L	16093127	16093245	Deletion	118
2L	16093127	16093168	Deletion	41
2L	16093127	16093189	Deletion	62
2L	16093127	16093223	Deletion	96
2L	16099576	16099661	Deletion	85
2L	16099601	16099661	Deletion	60
2L	16099723	16099661	Deletion	62
2L	16099723	16099837	Deletion	114
2L	16099723	16099791	Deletion	68
2L	16108109	16108222	Deletion	113
2L	16108176	16108222	Deletion	46
2L	16110824	16108222	Deletion	2602
2L	16110824	16110906	Deletion	82
2L	16111070	16111155	Deletion	85
2L	16111108	16111155	Deletion	47
2L	16111122	16111155	Deletion	33
2L	16127680	16111155	Deletion	16525
2L	16127680	16127722	Deletion	42
2L	16127680	16127774	Deletion	94
2L	16154167	16154157	Deletion	10
2L	16154185	16154252	Deletion	67
2L	16161798	16161912	Deletion	114
2L	16161798	16161889	Deletion	91
2L	16162140	16162173	Deletion	33
2L	16167826	16162173	Deletion	5653
2L	16167826	16167904	Deletion	78
2L	16167826	16167921	Deletion	95
2L	16170774	16170892	Deletion	118
2L	16170783	16170892	Deletion	109
2L	16170825	16170892	Deletion	67
2L	16170826	16170892	Deletion	66
2L	16170849	16170892	Deletion	43
2L	16181090	16170892	Deletion	10198
2L	16182551	16181120	Deletion	1431
2L	16182551	16182583	Deletion	32
2L	16182551	16182664	Deletion	113
2L	16182551	16182606	Deletion	55
2L	16182551	16182582	Deletion	31
2L	16197482	16197596	Deletion	114
2L	16197487	16197596	Deletion	109
2L	16197558	16197596	Deletion	38
2L	16197559	16197596	Deletion	37
2L	16199318	16197596	Deletion	1722
2L	16199318	16199408	Deletion	90
2L	16199318	16199429	Deletion	111
2L	16201576	16201659	Deletion	83
2L	16201585	16201659	Deletion	74
2L	16201610	16201659	Deletion	49
2L	16201709	16201659	Deletion	50
2L	16201709	16201762	Deletion	53
2L	16201709	16201787	Deletion	78
2L	16206193	16206284	Deletion	91
2L	16218193	16206284	Deletion	11909
2L	16218193	16218232	Deletion	39
2L	16225161	16225269	Deletion	108
2L	16225163	16225269	Deletion	106
2L	16225165	16225269	Deletion	104
2L	16225193	16225269	Deletion	76
2L	16225210	16225269	Deletion	59
2L	16225225	16225269	Deletion	44
2L	16225237	16225269	Deletion	32
2L	16225674	16225269	Deletion	405
2L	16225674	16225724	Deletion	50
2L	16225674	16225785	Deletion	111
2L	16225674	16225741	Deletion	67
2L	16225677	16225768	Deletion	91
2L	16237725	16237794	Deletion	69
2L	16237738	16237793	Deletion	55
2L	16237746	16237794	Deletion	48
2L	16237751	16237794	Deletion	43
2L	16243569	16237794	Deletion	5775
2L	16243569	16243652	Deletion	83
2L	16243569	16243639	Deletion	70
2L	16243569	16243626	Deletion	57
2L	16243569	16243688	Deletion	119
2L	16243569	16243622	Deletion	53
2L	16256211	16256288	Deletion	77
2L	16256213	16256288	Deletion	75
2L	16256252	16256288	Deletion	36
2L	16256256	16256288	Deletion	32
2L	16263242	16263358	Deletion	116
2L	16263242	16263291	Deletion	49
2L	16263242	16263357	Deletion	115
2L	16263242	16263293	Deletion	51
2L	16263242	16263332	Deletion	90
2L	16263242	16263336	Deletion	94
2L	16263242	16263361	Deletion	119
2L	16270716	16270753	Deletion	37
2L	16270719	16270753	Deletion	34
2L	16270972	16270753	Deletion	219
2L	16270972	16271061	Deletion	89
2L	16278076	16278159	Deletion	83
2L	16278128	16278159	Deletion	31
2L	16280770	16280871	Deletion	101
2L	16280770	16280888	Deletion	118
2L	16291761	16291871	Deletion	110
2L	16291784	16291871	Deletion	87
2L	16291813	16291871	Deletion	58
2L	16291817	16291871	Deletion	54
2L	16291828	16291871	Deletion	43
2L	16291840	16291871	Deletion	31
2L	16297035	16291871	Deletion	5164
2L	16297035	16297120	Deletion	85
2L	16297035	16297105	Deletion	70
2L	16297035	16297076	Deletion	41
2L	16297035	16297132	Deletion	97
2L	16297035	16297109	Deletion	74
2L	16302909	16302958	Deletion	49
2L	16302912	16302958	Deletion	46
2L	16307691	16302958	Deletion	4733
2L	16307691	16307768	Deletion	77
2L	16307691	16307795	Deletion	104
2L	16307691	16307771	Deletion	80
2L	16321795	16321837	Deletion	42
2L	16343273	16321837	Deletion	21436
2L	16371169	16371280	Deletion	111
2L	16371171	16371280	Deletion	109
2L	16371197	16371280	Deletion	83
2L	16371199	16371280	Deletion	81
2L	16371214	16371280	Deletion	66
2L	16371215	16371280	Deletion	65
2L	16371217	16371280	Deletion	63
2L	16371223	16371280	Deletion	57
2L	16374887	16371280	Deletion	3607
2L	16374887	16374949	Deletion	62
2L	16374887	16374957	Deletion	70
2L	16374887	16375000	Deletion	113
2L	16374887	16374951	Deletion	64
2L	16374887	16374931	Deletion	44
2L	16374887	16374948	Deletion	61
2L	16374887	16374987	Deletion	100
2L	16380062	16380171	Deletion	109
2L	16380065	16380171	Deletion	106
2L	16380078	16380171	Deletion	93
2L	16380097	16380171	Deletion	74
2L	16380135	16380171	Deletion	36
2L	16381906	16380171	Deletion	1735
2L	16381906	16381942	Deletion	36
2L	16381906	16381999	Deletion	93
2L	16381906	16382028	Deletion	122
2L	16388052	16388156	Deletion	104
2L	16388063	16388156	Deletion	93
2L	16388075	16388156	Deletion	81
2L	16388076	16388156	Deletion	80
2L	16388087	16388156	Deletion	69
2L	16388089	16388156	Deletion	67
2L	16388093	16388156	Deletion	63
2L	16388770	16388156	Deletion	614
2L	16388770	16388803	Deletion	33
2L	16388770	16388829	Deletion	59
2L	16388770	16388833	Deletion	63
2L	16388770	16388827	Deletion	57
2L	16388770	16388816	Deletion	46
2L	16402498	16402565	Deletion	67
2L	16402501	16402565	Deletion	64
2L	16402505	16402565	Deletion	60
2L	16402510	16402565	Deletion	55
2L	16402513	16402565	Deletion	52
2L	16404601	16402565	Deletion	2036
2L	16404601	16404669	Deletion	68
2L	16404601	16404657	Deletion	56
2L	16404601	16404664	Deletion	63
2L	16404601	16404672	Deletion	71
2L	16431671	16431750	Deletion	79
2L	16431702	16431750	Deletion	48
2L	16431703	16431750	Deletion	47
2L	16431895	16431750	Deletion	145
2L	16431895	16431958	Deletion	63
2L	16431898	16431943	Deletion	45
2L	16431900	16431958	Deletion	58
2L	16431910	16431958	Deletion	48
2L	16432615	16431958	Deletion	657
2L	16432615	16432681	Deletion	66
2L	16432615	16432683	Deletion	68
2L	16434266	16434372	Deletion	106
2L	16434295	16434372	Deletion	77
2L	16434301	16434372	Deletion	71
2L	16434307	16434372	Deletion	65
2L	16434327	16434372	Deletion	45
2L	16434339	16434372	Deletion	33
2L	16434340	16434372	Deletion	32
2L	16438323	16434372	Deletion	3951
2L	16438323	16438417	Deletion	94
2L	16438323	16438416	Deletion	93
2L	16438323	16438372	Deletion	49
2L	16438323	16438378	Deletion	55
2L	16438323	16438404	Deletion	81
2L	16438323	16438384	Deletion	61
2L	16447789	16447826	Deletion	37
2L	16447796	16447826	Deletion	30
2L	16449732	16449765	Deletion	33
2L	16449732	16449848	Deletion	116
2L	16449732	16449821	Deletion	89
2L	16450704	16450785	Deletion	81
2L	16450724	16450785	Deletion	61
2L	16450729	16450785	Deletion	56
2L	16450745	16450785	Deletion	40
2L	16482554	16450785	Deletion	31769
2L	16482554	16482627	Deletion	73
2L	16482554	16482602	Deletion	48
2L	16482554	16482643	Deletion	89
2L	16482554	16482664	Deletion	110
2L	16486512	16486600	Deletion	88
2L	16486684	16486600	Deletion	84
2L	16486684	16486787	Deletion	103
2L	16486684	16486722	Deletion	38
2L	16486684	16486797	Deletion	113
2L	16486684	16486808	Deletion	124
2L	16513826	16513813	Deletion	13
2L	16514480	16514603	Deletion	123
2L	16526210	16526312	Deletion	102
2L	16526210	16526309	Deletion	99
2L	16526210	16526310	Deletion	100
2L	16526210	16526280	Deletion	70
2L	16526210	16526315	Deletion	105
2L	16526210	16526334	Deletion	124
2L	16526214	16526282	Deletion	68
2L	16536847	16536936	Deletion	89
2L	16536849	16536936	Deletion	87
2L	16536862	16536936	Deletion	74
2L	16536876	16536936	Deletion	60
2L	16536894	16536936	Deletion	42
2L	16537384	16536936	Deletion	448
2L	16537384	16537452	Deletion	68
2L	16537384	16537425	Deletion	41
2L	16537384	16537423	Deletion	39
2L	16537384	16537438	Deletion	54
2L	16538648	16538749	Deletion	101
2L	16538689	16538749	Deletion	60
2L	16539297	16538749	Deletion	548
2L	16539297	16539389	Deletion	92
2L	16539807	16539839	Deletion	32
2L	16539957	16540025	Deletion	68
2L	16554973	16555059	Deletion	86
2L	16554980	16555059	Deletion	79
2L	16572922	16555059	Deletion	17863
2L	16572922	16572964	Deletion	42
2L	16575759	16575853	Deletion	94
2L	16575763	16575853	Deletion	90
2L	16575767	16575853	Deletion	86
2L	16575823	16575853	Deletion	30
2L	16576712	16575853	Deletion	859
2L	16576712	16576827	Deletion	115
2L	16576712	16576752	Deletion	40
2L	16576712	16576748	Deletion	36
2L	16576712	16576808	Deletion	96
2L	16576712	16576832	Deletion	120
2L	16583528	16583628	Deletion	100
2L	16583531	16583628	Deletion	97
2L	16583548	16583628	Deletion	80
2L	16583560	16583628	Deletion	68
2L	16583583	16583628	Deletion	45
2L	16590062	16583628	Deletion	6434
2L	16590062	16590093	Deletion	31
2L	16590062	16590122	Deletion	60
2L	16590062	16590170	Deletion	108
2L	16590062	16590145	Deletion	83
2L	16596943	16597025	Deletion	82
2L	16596974	16597025	Deletion	51
2L	16596992	16597024	Deletion	32
2L	16604795	16597025	Deletion	7770
2L	16604795	16604893	Deletion	98
2L	16604795	16604916	Deletion	121
2L	16604795	16604870	Deletion	75
2L	16604795	16604839	Deletion	44
2L	16608607	16608706	Deletion	99
2L	16608674	16608706	Deletion	32
2L	16608759	16608706	Deletion	53
2L	16608759	16608853	Deletion	94
2L	16624414	16624459	Deletion	45
2L	16624423	16624459	Deletion	36
2L	16624664	16624459	Deletion	205
2L	16624664	16624783	Deletion	119
2L	16624664	16624764	Deletion	100
2L	16624664	16624771	Deletion	107
2L	16624664	16624745	Deletion	81
2L	16624664	16624754	Deletion	90
2L	16642562	16642665	Deletion	103
2L	16642601	16642665	Deletion	64
2L	16642612	16642665	Deletion	53
2L	16642631	16642665	Deletion	34
2L	16646067	16642665	Deletion	3402
2L	16646067	16646140	Deletion	73
2L	16646067	16646129	Deletion	62
2L	16646067	16646159	Deletion	92
2L	16651158	16651251	Deletion	93
2L	16651170	16651251	Deletion	81
2L	16651199	16651251	Deletion	52
2L	16651534	16651608	Deletion	74
2L	16651534	16651579	Deletion	45
2L	16651537	16651645	Deletion	108
2L	16664658	16664753	Deletion	95
2L	16664661	16664753	Deletion	92
2L	16664662	16664753	Deletion	91
2L	16664715	16664753	Deletion	38
2L	16665433	16664753	Deletion	680
2L	16665433	16665468	Deletion	35
2L	16665433	16665463	Deletion	30
2L	16665433	16665467	Deletion	34
2L	16665433	16665464	Deletion	31
2L	16689656	16689717	Deletion	61
2L	16689671	16689717	Deletion	46
2L	16691235	16689717	Deletion	1518
2L	16691235	16691300	Deletion	65
2L	16691235	16691315	Deletion	80
2L	16691235	16691352	Deletion	117
2L	16692149	16692244	Deletion	95
2L	16692161	16692244	Deletion	83
2L	16692198	16692244	Deletion	46
2L	16692208	16692244	Deletion	36
2L	16693492	16692244	Deletion	1248
2L	16693492	16693583	Deletion	91
2L	16693492	16693573	Deletion	81
2L	16721868	16721975	Deletion	107
2L	16721928	16721975	Deletion	47
2L	16721943	16721975	Deletion	32
2L	16722196	16721975	Deletion	221
2L	16722196	16722290	Deletion	94
2L	16722196	16722298	Deletion	102
2L	16722201	16722275	Deletion	74
2L	16742211	16742280	Deletion	69
2L	16749845	16742280	Deletion	7565
2L	16749845	16749942	Deletion	97
2L	16749845	16749902	Deletion	57
2L	16755584	16755674	Deletion	90
2L	16755587	16755674	Deletion	87
2L	16756455	16755674	Deletion	781
2L	16756455	16756495	Deletion	40
2L	16781303	16781397	Deletion	94
2L	16781317	16781397	Deletion	80
2L	16781327	16781397	Deletion	70
2L	16781331	16781397	Deletion	66
2L	16781354	16781397	Deletion	43
2L	16782718	16781397	Deletion	1321
2L	16782718	16782765	Deletion	47
2L	16782718	16782751	Deletion	33
2L	16782718	16782802	Deletion	84
2L	16782718	16782775	Deletion	57
2L	16788057	16788134	Deletion	77
2L	16788089	16788134	Deletion	45
2L	16788098	16788134	Deletion	36
2L	16788184	16788134	Deletion	50
2L	16788184	16788264	Deletion	80
2L	16788184	16788290	Deletion	106
2L	16788184	16788233	Deletion	49
2L	16788184	16788265	Deletion	81
2L	16813545	16813618	Deletion	73
2L	16813558	16813618	Deletion	60
2L	16813581	16813618	Deletion	37
2L	16817444	16813618	Deletion	3826
2L	16817444	16817493	Deletion	49
2L	16817444	16817497	Deletion	53
2L	16817444	16817510	Deletion	66
2L	16823264	16823376	Deletion	112
2L	16823266	16823376	Deletion	110
2L	16823278	16823376	Deletion	98
2L	16823288	16823376	Deletion	88
2L	16823313	16823376	Deletion	63
2L	16823323	16823376	Deletion	53
2L	16823338	16823376	Deletion	38
2L	16828494	16828557	Deletion	63
2L	16828494	16828603	Deletion	109
2L	16828494	16828582	Deletion	88
2L	16828494	16828567	Deletion	73
2L	16873694	16873005	Deletion	689
2L	16880854	16880958	Deletion	104
2L	16880883	16880958	Deletion	75
2L	16880888	16880958	Deletion	70
2L	16880903	16880958	Deletion	55
2L	16880923	16880958	Deletion	35
2L	16887061	16880958	Deletion	6103
2L	16887061	16887132	Deletion	71
2L	16887061	16887117	Deletion	56
2L	16887061	16887152	Deletion	91
2L	16887321	16887414	Deletion	93
2L	16887336	16887414	Deletion	78
2L	16887344	16887414	Deletion	70
2L	16887379	16887414	Deletion	35
2L	16898695	16898804	Deletion	109
2L	16898695	16898752	Deletion	57
2L	16898695	16898729	Deletion	34
2L	16898695	16898744	Deletion	49
2L	16908554	16908658	Deletion	104
2L	16908589	16908658	Deletion	69
2L	16908615	16908658	Deletion	43
2L	16908623	16908658	Deletion	35
2L	16908898	16908658	Deletion	240
2L	16908898	16908955	Deletion	57
2L	16908898	16908981	Deletion	83
2L	16908898	16908989	Deletion	91
2L	16908898	16909019	Deletion	121
2L	16916318	16911391	Deletion	4927
2L	16916448	16916552	Deletion	104
2L	16916460	16916552	Deletion	92
2L	16916511	16916552	Deletion	41
2L	16916512	16916552	Deletion	40
2L	16925403	16916552	Deletion	8851
2L	16925403	16925488	Deletion	85
2L	16925403	16925437	Deletion	34
2L	16925403	16925489	Deletion	86
2L	16929321	16929424	Deletion	103
2L	16929337	16929424	Deletion	87
2L	16929343	16929424	Deletion	81
2L	16929354	16929424	Deletion	70
2L	16929355	16929424	Deletion	69
2L	16929357	16929424	Deletion	67
2L	16929372	16929424	Deletion	52
2L	16929867	16929424	Deletion	443
2L	16929867	16929924	Deletion	57
2L	16929867	16929942	Deletion	75
2L	16929867	16929983	Deletion	116
2L	16929867	16929907	Deletion	40
2L	16929867	16929927	Deletion	60
2L	16929867	16929925	Deletion	58
2L	16972951	16973044	Deletion	93
2L	16972963	16973044	Deletion	81
2L	16973875	16973044	Deletion	831
2L	16973875	16973974	Deletion	99
2L	17008946	17009016	Deletion	70
2L	17008949	17009016	Deletion	67
2L	17008972	17009016	Deletion	44
2L	17008973	17009016	Deletion	43
2L	17008980	17009016	Deletion	36
2L	17009619	17009016	Deletion	603
2L	17009619	17009653	Deletion	34
2L	17009619	17009675	Deletion	56
2L	17009619	17009701	Deletion	82
2L	17009619	17009678	Deletion	59
2L	17009619	17009709	Deletion	90
2L	17009619	17009737	Deletion	118
2L	17025372	17025424	Deletion	52
2L	17025534	17025424	Deletion	110
2L	17025534	17025608	Deletion	74
2L	17053940	17054013	Deletion	73
2L	17053954	17054013	Deletion	59
2L	17053960	17054013	Deletion	53
2L	17053971	17054013	Deletion	42
2L	17053975	17054013	Deletion	38
2L	17055975	17054013	Deletion	1962
2L	17055975	17056031	Deletion	56
2L	17055975	17056045	Deletion	70
2L	17055975	17056066	Deletion	91
2L	17055975	17056013	Deletion	38
2L	17055975	17056062	Deletion	87
2L	17058930	17059047	Deletion	117
2L	17058956	17059047	Deletion	91
2L	17058962	17059047	Deletion	85
2L	17061716	17059047	Deletion	2669
2L	17061716	17061758	Deletion	42
2L	17061716	17061833	Deletion	117
2L	17076519	17076612	Deletion	93
2L	17076524	17076612	Deletion	88
2L	17076546	17076612	Deletion	66
2L	17076749	17076612	Deletion	137
2L	17076749	17076855	Deletion	106
2L	17076749	17076810	Deletion	61
2L	17076749	17076783	Deletion	34
2L	17084763	17082350	Deletion	2413
2L	17084763	17084886	Deletion	123
2L	17084763	17084874	Deletion	111
2L	17084763	17084826	Deletion	63
2L	17084763	17084884	Deletion	121
2L	17084763	17084882	Deletion	119
2L	17085769	17085838	Deletion	69
2L	17085770	17085838	Deletion	68
2L	17085789	17085838	Deletion	49
2L	17086075	17085838	Deletion	237
2L	17086075	17086152	Deletion	77
2L	17086075	17086133	Deletion	58
2L	17086075	17086132	Deletion	57
2L	17093305	17093345	Deletion	40
2L	17133930	17134012	Deletion	82
2L	17133930	17134048	Deletion	118
2L	17141335	17141387	Deletion	52
2L	17141346	17141387	Deletion	41
2L	17141349	17141387	Deletion	38
2L	17143808	17141387	Deletion	2421
2L	17143808	17143912	Deletion	104
2L	17143808	17143896	Deletion	88
2L	17143808	17143872	Deletion	64
2L	17143808	17143882	Deletion	74
2L	17143808	17143931	Deletion	123
2L	17157666	17157761	Deletion	95
2L	17157698	17157761	Deletion	63
2L	17157711	17157761	Deletion	50
2L	17159455	17157759	Deletion	1696
2L	17159455	17159531	Deletion	76
2L	17159455	17159565	Deletion	110
2L	17159455	17159486	Deletion	31
2L	17159455	17159553	Deletion	98
2L	17177260	17177356	Deletion	96
2L	17177269	17177356	Deletion	87
2L	17177278	17177356	Deletion	78
2L	17177288	17177356	Deletion	68
2L	17177293	17177356	Deletion	63
2L	17177299	17177356	Deletion	57
2L	17177323	17177356	Deletion	33
2L	17179160	17179208	Deletion	48
2L	17179160	17179253	Deletion	93
2L	17179160	17179223	Deletion	63
2L	17179160	17179199	Deletion	39
2L	17179160	17179218	Deletion	58
2L	17194968	17195074	Deletion	106
2L	17194969	17195074	Deletion	105
2L	17195029	17195074	Deletion	45
2L	17195124	17195074	Deletion	50
2L	17195124	17195224	Deletion	100
2L	17202408	17202487	Deletion	79
2L	17202415	17202487	Deletion	72
2L	17202446	17202487	Deletion	41
2L	17202821	17202487	Deletion	334
2L	17202821	17202935	Deletion	114
2L	17202821	17202868	Deletion	47
2L	17202821	17202875	Deletion	54
2L	17202821	17202906	Deletion	85
2L	17209955	17210037	Deletion	82
2L	17209984	17210037	Deletion	53
2L	17209988	17210037	Deletion	49
2L	17210000	17210037	Deletion	37
2L	17210172	17210037	Deletion	135
2L	17210172	17210261	Deletion	89
2L	17210172	17210245	Deletion	73
2L	17210172	17210249	Deletion	77
2L	17210172	17210216	Deletion	44
2L	17217952	17218036	Deletion	84
2L	17217957	17218036	Deletion	79
2L	17217990	17218036	Deletion	46
2L	17217996	17218036	Deletion	40
2L	17222946	17223062	Deletion	116
2L	17222946	17222994	Deletion	48
2L	17222946	17222989	Deletion	43
2L	17222946	17223033	Deletion	87
2L	17222946	17223044	Deletion	98
2L	17222946	17223060	Deletion	114
2L	17226557	17226657	Deletion	100
2L	17226615	17226657	Deletion	42
2L	17226739	17226657	Deletion	82
2L	17226739	17226841	Deletion	102
2L	17226739	17226826	Deletion	87
2L	17229818	17229899	Deletion	81
2L	17229824	17229899	Deletion	75
2L	17229850	17229899	Deletion	49
2L	17229855	17229899	Deletion	44
2L	17229950	17229899	Deletion	51
2L	17229950	17230032	Deletion	82
2L	17229950	17230061	Deletion	111
2L	17229950	17229983	Deletion	33
2L	17229950	17229995	Deletion	45
2L	17229950	17230027	Deletion	77
2L	17240702	17240786	Deletion	84
2L	17240707	17240786	Deletion	79
2L	17240720	17240786	Deletion	66
2L	17240737	17240786	Deletion	49
2L	17240749	17240786	Deletion	37
2L	17244466	17240786	Deletion	3680
2L	17244466	17244544	Deletion	78
2L	17244466	17244556	Deletion	90
2L	17244466	17244509	Deletion	43
2L	17244466	17244527	Deletion	61
2L	17245098	17245142	Deletion	44
2L	17249298	17245142	Deletion	4156
2L	17249298	17249380	Deletion	82
2L	17252289	17252394	Deletion	105
2L	17252303	17252394	Deletion	91
2L	17252310	17252394	Deletion	84
2L	17252352	17252394	Deletion	42
2L	17256060	17252394	Deletion	3666
2L	17256060	17256134	Deletion	74
2L	17256060	17256154	Deletion	94
2L	17256060	17256166	Deletion	106
2L	17277731	17277829	Deletion	98
2L	17277917	17277829	Deletion	88
2L	17285319	17285418	Deletion	99
2L	17285373	17285418	Deletion	45
2L	17288522	17285413	Deletion	3109
2L	17288522	17288635	Deletion	113
2L	17301456	17301546	Deletion	90
2L	17301471	17301546	Deletion	75
2L	17301472	17301546	Deletion	74
2L	17301480	17301546	Deletion	66
2L	17301482	17301546	Deletion	64
2L	17301485	17301546	Deletion	61
2L	17301495	17301546	Deletion	51
2L	17301497	17301546	Deletion	49
2L	17301502	17301546	Deletion	44
2L	17301503	17301546	Deletion	43
2L	17301510	17301546	Deletion	36
2L	17304984	17301546	Deletion	3438
2L	17304984	17305074	Deletion	90
2L	17304984	17305046	Deletion	62
2L	17304984	17305089	Deletion	105
2L	17304984	17305049	Deletion	65
2L	17304984	17305044	Deletion	60
2L	17304984	17305020	Deletion	36
2L	17304984	17305036	Deletion	52
2L	17304984	17305059	Deletion	75
2L	17304984	17305066	Deletion	82
2L	17304984	17305061	Deletion	77
2L	17304984	17305035	Deletion	51
2L	17306273	17306367	Deletion	94
2L	17306321	17306367	Deletion	46
2L	17306624	17306367	Deletion	257
2L	17306624	17306704	Deletion	80
2L	17306624	17306656	Deletion	32
2L	17306624	17306739	Deletion	115
2L	17319000	17319092	Deletion	92
2L	17319012	17319089	Deletion	77
2L	17319018	17319090	Deletion	72
2L	17334545	17319092	Deletion	15453
2L	17334545	17334669	Deletion	124
2L	17334545	17334597	Deletion	52
2L	17334545	17334575	Deletion	30
2L	17334545	17334665	Deletion	120
2L	17334545	17334591	Deletion	46
2L	17337714	17337763	Deletion	49
2L	17338043	17337763	Deletion	280
2L	17338043	17338084	Deletion	41
2L	17361622	17361713	Deletion	91
2L	17361644	17361713	Deletion	69
2L	17361671	17361713	Deletion	42
2L	17364031	17364088	Deletion	57
2L	17364031	17364066	Deletion	35
2L	17365371	17365456	Deletion	85
2L	17365403	17365456	Deletion	53
2L	17369231	17365456	Deletion	3775
2L	17369231	17369304	Deletion	73
2L	17369231	17369272	Deletion	41
2L	17369231	17369347	Deletion	116
2L	17369231	17369341	Deletion	110
2L	17370025	17370085	Deletion	60
2L	17370038	17370088	Deletion	50
2L	17370054	17370088	Deletion	34
2L	17381460	17370088	Deletion	11372
2L	17381460	17381566	Deletion	106
2L	17381460	17381537	Deletion	77
2L	17381460	17381524	Deletion	64
2L	17381901	17382011	Deletion	110
2L	17381905	17382011	Deletion	106
2L	17381974	17382011	Deletion	37
2L	17382332	17382011	Deletion	321
2L	17382332	17382421	Deletion	89
2L	17385013	17385102	Deletion	89
2L	17385023	17385102	Deletion	79
2L	17385026	17385102	Deletion	76
2L	17385029	17385102	Deletion	73
2L	17398148	17385102	Deletion	13046
2L	17398148	17398196	Deletion	48
2L	17398148	17398199	Deletion	51
2L	17398148	17398186	Deletion	38
2L	17406060	17406115	Deletion	55
2L	17406068	17406115	Deletion	47
2L	17416124	17406115	Deletion	10009
2L	17416124	17416168	Deletion	44
2L	17416124	17416199	Deletion	75
2L	17416124	17416237	Deletion	113
2L	17416124	17416233	Deletion	109
2L	17437528	17437641	Deletion	113
2L	17437560	17437637	Deletion	77
2L	17437565	17437641	Deletion	76
2L	17437572	17437641	Deletion	69
2L	17442823	17437641	Deletion	5182
2L	17442823	17442869	Deletion	46
2L	17442823	17442874	Deletion	51
2L	17442827	17442881	Deletion	54
2L	17444562	17444630	Deletion	68
2L	17444584	17444630	Deletion	46
2L	17487615	17444630	Deletion	42985
2L	17487615	17487652	Deletion	37
2L	17487615	17487673	Deletion	58
2L	17487615	17487695	Deletion	80
2L	17487615	17487730	Deletion	115
2L	17487615	17487736	Deletion	121
2L	17488989	17489071	Deletion	82
2L	17489014	17489071	Deletion	57
2L	17489027	17489071	Deletion	44
2L	17489882	17489993	Deletion	111
2L	17489882	17489959	Deletion	77
2L	17489882	17489934	Deletion	52
2L	17489882	17489972	Deletion	90
2L	17493727	17493844	Deletion	117
2L	17493767	17493844	Deletion	77
2L	17494565	17493844	Deletion	721
2L	17497567	17497622	Deletion	55
2L	17497578	17497622	Deletion	44
2L	17497589	17497622	Deletion	33
2L	17515102	17497622	Deletion	17480
2L	17515102	17515184	Deletion	82
2L	17515102	17515173	Deletion	71
2L	17515102	17515156	Deletion	54
2L	17515102	17515216	Deletion	114
2L	17522815	17522855	Deletion	40
2L	17523520	17523560	Deletion	40
2L	17542781	17542894	Deletion	113
2L	17542794	17542894	Deletion	100
2L	17542797	17542894	Deletion	97
2L	17542812	17542894	Deletion	82
2L	17542842	17542894	Deletion	52
2L	17542858	17542894	Deletion	36
2L	17544787	17544902	Deletion	115
2L	17544787	17544831	Deletion	44
2L	17544787	17544897	Deletion	110
2L	17544787	17544877	Deletion	90
2L	17544787	17544861	Deletion	74
2L	17549513	17549598	Deletion	85
2L	17549552	17549598	Deletion	46
2L	17549875	17549598	Deletion	277
2L	17549875	17549920	Deletion	45
2L	17549875	17549959	Deletion	84
2L	17569222	17569320	Deletion	98
2L	17569223	17569320	Deletion	97
2L	17569239	17569320	Deletion	81
2L	17569369	17569318	Deletion	51
2L	17569369	17569399	Deletion	30
2L	17569369	17569488	Deletion	119
2L	17585961	17586059	Deletion	98
2L	17586014	17586059	Deletion	45
2L	17590392	17586059	Deletion	4333
2L	17590392	17590494	Deletion	102
2L	17590392	17590473	Deletion	81
2L	17590392	17590514	Deletion	122
2L	17601645	17601733	Deletion	88
2L	17601652	17601733	Deletion	81
2L	17601670	17601733	Deletion	63
2L	17601679	17601733	Deletion	54
2L	17604006	17601733	Deletion	2273
2L	17604006	17604037	Deletion	31
2L	17604006	17604052	Deletion	46
2L	17604006	17604079	Deletion	73
2L	17604006	17604070	Deletion	64
2L	17624760	17624876	Deletion	116
2L	17624804	17624876	Deletion	72
2L	17624836	17624876	Deletion	40
2L	17624838	17624876	Deletion	38
2L	17624840	17624876	Deletion	36
2L	17636300	17624876	Deletion	11424
2L	17636300	17636422	Deletion	122
2L	17636300	17636390	Deletion	90
2L	17636300	17636388	Deletion	88
2L	17636300	17636354	Deletion	54
2L	17636300	17636386	Deletion	86
2L	17643585	17643701	Deletion	116
2L	17643611	17643701	Deletion	90
2L	17643625	17643701	Deletion	76
2L	17644010	17643701	Deletion	309
2L	17644010	17644047	Deletion	37
2L	17647119	17647200	Deletion	81
2L	17647126	17647200	Deletion	74
2L	17647129	17647200	Deletion	71
2L	17647136	17647200	Deletion	64
2L	17647137	17647200	Deletion	63
2L	17647140	17647200	Deletion	60
2L	17659386	17647200	Deletion	12186
2L	17659386	17659447	Deletion	61
2L	17659386	17659444	Deletion	58
2L	17659386	17659454	Deletion	68
2L	17659386	17659455	Deletion	69
2L	17659386	17659437	Deletion	51
2L	17661462	17661515	Deletion	53
2L	17661465	17661515	Deletion	50
2L	17664112	17661515	Deletion	2597
2L	17664112	17664153	Deletion	41
2L	17664112	17664187	Deletion	75
2L	17664112	17664217	Deletion	105
2L	17664112	17664190	Deletion	78
2L	17669616	17669710	Deletion	94
2L	17669631	17669710	Deletion	79
2L	17669648	17669710	Deletion	62
2L	17669655	17669710	Deletion	55
2L	17669661	17669710	Deletion	49
2L	17669677	17669710	Deletion	33
2L	17669678	17669710	Deletion	32
2L	17674164	17669710	Deletion	4454
2L	17674164	17674212	Deletion	48
2L	17674164	17674242	Deletion	78
2L	17674164	17674197	Deletion	33
2L	17674164	17674236	Deletion	72
2L	17674164	17674265	Deletion	101
2L	17674164	17674258	Deletion	94
2L	17674164	17674229	Deletion	65
2L	17674164	17674259	Deletion	95
2L	17674164	17674270	Deletion	106
2L	17678298	17678386	Deletion	88
2L	17678332	17678386	Deletion	54
2L	17678334	17678386	Deletion	52
2L	17678346	17678386	Deletion	40
2L	17679854	17678386	Deletion	1468
2L	17679854	17679926	Deletion	72
2L	17679854	17679892	Deletion	38
2L	17679854	17679928	Deletion	74
2L	17679854	17679940	Deletion	86
2L	17684906	17680435	Deletion	4471
2L	17684976	17685076	Deletion	100
2L	17684982	17685076	Deletion	94
2L	17684993	17685076	Deletion	83
2L	17685003	17685076	Deletion	73
2L	17687883	17687970	Deletion	87
2L	17688550	17688610	Deletion	60
2L	17697019	17697050	Deletion	31
2L	17697019	17697111	Deletion	92
2L	17697019	17697101	Deletion	82
2L	17697019	17697106	Deletion	87
2L	17721740	17721834	Deletion	94
2L	17721741	17721834	Deletion	93
2L	17723328	17721834	Deletion	1494
2L	17723328	17723361	Deletion	33
2L	17723328	17723450	Deletion	122
2L	17725705	17725815	Deletion	110
2L	17725734	17725815	Deletion	81
2L	17726108	17725815	Deletion	293
2L	17726108	17726156	Deletion	48
2L	17726117	17726226	Deletion	109
2L	17726174	17726230	Deletion	56
2L	17726195	17726230	Deletion	35
2L	17738475	17738545	Deletion	70
2L	17738475	17738566	Deletion	91
2L	17738578	17738646	Deletion	68
2L	17738607	17738646	Deletion	39
2L	17738612	17738646	Deletion	34
2L	17738713	17738646	Deletion	67
2L	17738713	17738811	Deletion	98
2L	17738713	17738801	Deletion	88
2L	17738713	17738772	Deletion	59
2L	17738713	17738814	Deletion	101
2L	17738713	17738806	Deletion	93
2L	17738713	17738771	Deletion	58
2L	17739060	17739161	Deletion	101
2L	17739120	17739161	Deletion	41
2L	17739123	17739161	Deletion	38
2L	17739954	17739161	Deletion	793
2L	17739954	17740042	Deletion	88
2L	17739954	17740065	Deletion	111
2L	17750155	17750278	Deletion	123
2L	17750163	17750278	Deletion	115
2L	17750177	17750278	Deletion	101
2L	17750198	17750278	Deletion	80
2L	17750220	17750278	Deletion	58
2L	17750225	17750278	Deletion	53
2L	17750236	17750278	Deletion	42
2L	17750243	17750278	Deletion	35
2L	17750986	17750278	Deletion	708
2L	17750986	17751070	Deletion	84
2L	17750986	17751054	Deletion	68
2L	17750986	17751077	Deletion	91
2L	17750986	17751059	Deletion	73
2L	17753079	17753176	Deletion	97
2L	17753100	17753176	Deletion	76
2L	17753111	17753176	Deletion	65
2L	17755985	17753176	Deletion	2809
2L	17755985	17756098	Deletion	113
2L	17755985	17756047	Deletion	62
2L	17755985	17756036	Deletion	51
2L	17774607	17774726	Deletion	119
2L	17774653	17774726	Deletion	73
2L	17774663	17774726	Deletion	63
2L	17774688	17774726	Deletion	38
2L	17777123	17774726	Deletion	2397
2L	17777123	17777240	Deletion	117
2L	17777123	17777176	Deletion	53
2L	17777123	17777186	Deletion	63
2L	17781351	17781447	Deletion	96
2L	17781378	17781447	Deletion	69
2L	17781389	17781447	Deletion	58
2L	17781402	17781447	Deletion	45
2L	17789244	17781447	Deletion	7797
2L	17789244	17789346	Deletion	102
2L	17789244	17789345	Deletion	101
2L	17789244	17789314	Deletion	70
2L	17789244	17789275	Deletion	31
2L	17789244	17789327	Deletion	83
2L	17789244	17789364	Deletion	120
2L	17806122	17806217	Deletion	95
2L	17806135	17806217	Deletion	82
2L	17806141	17806217	Deletion	76
2L	17806159	17806217	Deletion	58
2L	17806779	17806217	Deletion	562
2L	17806779	17806813	Deletion	34
2L	17806779	17806850	Deletion	71
2L	17806779	17806826	Deletion	47
2L	17806779	17806882	Deletion	103
2L	17806779	17806832	Deletion	53
2L	17808835	17808925	Deletion	90
2L	17808854	17808925	Deletion	71
2L	17808859	17808925	Deletion	66
2L	17808867	17808925	Deletion	58
2L	17809306	17808925	Deletion	381
2L	17809306	17809407	Deletion	101
2L	17809306	17809374	Deletion	68
2L	17809306	17809342	Deletion	36
2L	17809306	17809366	Deletion	60
2L	17871983	17872102	Deletion	119
2L	17872037	17872102	Deletion	65
2L	17872042	17872102	Deletion	60
2L	17872063	17872102	Deletion	39
2L	17872066	17872102	Deletion	36
2L	17876397	17872102	Deletion	4295
2L	17876397	17876484	Deletion	87
2L	17876397	17876458	Deletion	61
2L	17876397	17876487	Deletion	90
2L	17876397	17876463	Deletion	66
2L	17920054	17920123	Deletion	69
2L	17920083	17920123	Deletion	40
2L	17920086	17920123	Deletion	37
2L	17920087	17920123	Deletion	36
2L	17920090	17920123	Deletion	33
2L	17920092	17920123	Deletion	31
2L	17922890	17920123	Deletion	2767
2L	17922890	17922948	Deletion	58
2L	17922890	17922986	Deletion	96
2L	17922890	17922984	Deletion	94
2L	17922890	17922977	Deletion	87
2L	17922890	17922980	Deletion	90
2L	17939223	17939314	Deletion	91
2L	17939228	17939314	Deletion	86
2L	17939262	17939314	Deletion	52
2L	17939282	17939314	Deletion	32
2L	17940078	17939314	Deletion	764
2L	17940078	17940113	Deletion	35
2L	17940078	17940196	Deletion	118
2L	17940078	17940184	Deletion	106
2L	17940078	17940178	Deletion	100
2L	17940078	17940172	Deletion	94
2L	17940078	17940108	Deletion	30
2L	17940078	17940152	Deletion	74
2L	17943981	17944073	Deletion	92
2L	17943983	17944073	Deletion	90
2L	17944004	17944073	Deletion	69
2L	17944007	17944073	Deletion	66
2L	17944024	17944073	Deletion	49
2L	17948982	17944073	Deletion	4909
2L	17948982	17949104	Deletion	122
2L	17948982	17949016	Deletion	34
2L	17948982	17949018	Deletion	36
2L	17948982	17949059	Deletion	77
2L	17948982	17949091	Deletion	109
2L	17948982	17949086	Deletion	104
2L	17948982	17949039	Deletion	57
2L	17967128	17967230	Deletion	102
2L	17967145	17967230	Deletion	85
2L	17967169	17967230	Deletion	61
2L	17967177	17967230	Deletion	53
2L	17967182	17967230	Deletion	48
2L	17967958	17967230	Deletion	728
2L	17967958	17968023	Deletion	65
2L	17967958	17968036	Deletion	78
2L	17967958	17967999	Deletion	41
2L	17969179	17969255	Deletion	76
2L	17969186	17969255	Deletion	69
2L	17969219	17969255	Deletion	36
2L	17970334	17969255	Deletion	1079
2L	17970334	17970391	Deletion	57
2L	17970334	17970384	Deletion	50
2L	17974756	17974820	Deletion	64
2L	17986090	17974820	Deletion	11270
2L	17986090	17986140	Deletion	50
2L	18028980	18029064	Deletion	84
2L	18029028	18029064	Deletion	36
2L	18029034	18029064	Deletion	30
2L	18029755	18029064	Deletion	691
2L	18029755	18029859	Deletion	104
2L	18029755	18029851	Deletion	96
2L	18029755	18029797	Deletion	42
2L	18029755	18029845	Deletion	90
2L	18029755	18029852	Deletion	97
2L	18034071	18034168	Deletion	97
2L	18034072	18034168	Deletion	96
2L	18042568	18034168	Deletion	8400
2L	18042568	18042600	Deletion	32
2L	18042568	18042667	Deletion	99
2L	18042568	18042599	Deletion	31
2L	18061361	18061460	Deletion	99
2L	18061388	18061460	Deletion	72
2L	18061410	18061460	Deletion	50
2L	18063148	18061460	Deletion	1688
2L	18063148	18063202	Deletion	54
2L	18082843	18080796	Deletion	2047
2L	18098523	18098617	Deletion	94
2L	18098530	18098617	Deletion	87
2L	18098559	18098617	Deletion	58
2L	18102803	18098617	Deletion	4186
2L	18102803	18102842	Deletion	39
2L	18102803	18102871	Deletion	68
2L	18104599	18104686	Deletion	87
2L	18104603	18104686	Deletion	83
2L	18104605	18104686	Deletion	81
2L	18104612	18104686	Deletion	74
2L	18104616	18104686	Deletion	70
2L	18104622	18104686	Deletion	64
2L	18104627	18104686	Deletion	59
2L	18104752	18104686	Deletion	66
2L	18104752	18104797	Deletion	45
2L	18104752	18104804	Deletion	52
2L	18104752	18104808	Deletion	56
2L	18104752	18104854	Deletion	102
2L	18104752	18104795	Deletion	43
2L	18104752	18104819	Deletion	67
2L	18118773	18118885	Deletion	112
2L	18118803	18118885	Deletion	82
2L	18118932	18118979	Deletion	47
2L	18121957	18122056	Deletion	99
2L	18121975	18122056	Deletion	81
2L	18126979	18122056	Deletion	4923
2L	18126979	18127085	Deletion	106
2L	18126979	18127024	Deletion	45
2L	18126979	18127089	Deletion	110
2L	18128298	18128408	Deletion	110
2L	18128309	18128408	Deletion	99
2L	18128313	18128408	Deletion	95
2L	18132279	18128408	Deletion	3871
2L	18132279	18132312	Deletion	33
2L	18132695	18132777	Deletion	82
2L	18132710	18132777	Deletion	67
2L	18133484	18132777	Deletion	707
2L	18133484	18133529	Deletion	45
2L	18133484	18133586	Deletion	102
2L	18135616	18135647	Deletion	31
2L	18135845	18135647	Deletion	198
2L	18135845	18135956	Deletion	111
2L	18135845	18135942	Deletion	97
2L	18135879	18135881	Deletion	2
2L	18135896	18135956	Deletion	60
2L	18135915	18135956	Deletion	41
2L	18142565	18135956	Deletion	6609
2L	18142565	18142652	Deletion	87
2L	18142565	18142633	Deletion	68
2L	18145542	18145621	Deletion	79
2L	18145585	18145621	Deletion	36
2L	18145586	18145621	Deletion	35
2L	18146255	18145621	Deletion	634
2L	18146255	18146348	Deletion	93
2L	18146255	18146347	Deletion	92
2L	18146255	18146304	Deletion	49
2L	18146255	18146366	Deletion	111
2L	18150324	18150438	Deletion	114
2L	18150356	18150438	Deletion	82
2L	18150368	18150438	Deletion	70
2L	18150385	18150438	Deletion	53
2L	18150400	18150438	Deletion	38
2L	18182696	18150438	Deletion	32258
2L	18182696	18182770	Deletion	74
2L	18182696	18182753	Deletion	57
2L	18182696	18182807	Deletion	111
2L	18182696	18182817	Deletion	121
2L	18182696	18182785	Deletion	89
2L	18182699	18182741	Deletion	42
2L	18196336	18196435	Deletion	99
2L	18196381	18196435	Deletion	54
2L	18196383	18196435	Deletion	52
2L	18196402	18196435	Deletion	33
2L	18213549	18213663	Deletion	114
2L	18213549	18213642	Deletion	93
2L	18213549	18213621	Deletion	72
2L	18213549	18213623	Deletion	74
2L	18227552	18227658	Deletion	106
2L	18227569	18227658	Deletion	89
2L	18227616	18227658	Deletion	42
2L	18227622	18227658	Deletion	36
2L	18227800	18227658	Deletion	142
2L	18227800	18227890	Deletion	90
2L	18227800	18227837	Deletion	37
2L	18227800	18227908	Deletion	108
2L	18234840	18234956	Deletion	116
2L	18234845	18234956	Deletion	111
2L	18234889	18234956	Deletion	67
2L	18234890	18234956	Deletion	66
2L	18239004	18234956	Deletion	4048
2L	18239004	18239065	Deletion	61
2L	18250696	18250802	Deletion	106
2L	18250719	18250802	Deletion	83
2L	18250738	18250802	Deletion	64
2L	18250752	18250802	Deletion	50
2L	18250763	18250802	Deletion	39
2L	18250928	18250802	Deletion	126
2L	18250928	18251033	Deletion	105
2L	18250928	18250971	Deletion	43
2L	18250928	18251004	Deletion	76
2L	18250928	18250990	Deletion	62
2L	18251005	18251100	Deletion	95
2L	18251008	18251100	Deletion	92
2L	18251013	18251100	Deletion	87
2L	18251023	18251100	Deletion	77
2L	18251052	18251100	Deletion	48
2L	18252430	18251100	Deletion	1330
2L	18252430	18252538	Deletion	108
2L	18252430	18252479	Deletion	49
2L	18252430	18252508	Deletion	78
2L	18252430	18252464	Deletion	34
2L	18252430	18252461	Deletion	31
2L	18253477	18253578	Deletion	101
2L	18253495	18253578	Deletion	83
2L	18257377	18253578	Deletion	3799
2L	18257377	18257483	Deletion	106
2L	18257377	18257493	Deletion	116
2L	18257377	18257495	Deletion	118
2L	18280532	18280638	Deletion	106
2L	18280537	18280638	Deletion	101
2L	18280540	18280638	Deletion	98
2L	18280554	18280638	Deletion	84
2L	18280557	18280638	Deletion	81
2L	18280575	18280638	Deletion	63
2L	18280579	18280638	Deletion	59
2L	18280588	18280638	Deletion	50
2L	18282413	18280638	Deletion	1775
2L	18282413	18282477	Deletion	64
2L	18282413	18282490	Deletion	77
2L	18282413	18282459	Deletion	46
2L	18282413	18282456	Deletion	43
2L	18282413	18282481	Deletion	68
2L	18283968	18284001	Deletion	33
2L	18293832	18284001	Deletion	9831
2L	18293832	18293948	Deletion	116
2L	18293832	18293938	Deletion	106
2L	18293832	18293944	Deletion	112
2L	18313379	18313486	Deletion	107
2L	18313395	18313486	Deletion	91
2L	18313456	18313486	Deletion	30
2L	18313612	18313486	Deletion	126
2L	18313612	18313708	Deletion	96
2L	18313612	18313647	Deletion	35
2L	18316186	18316293	Deletion	107
2L	18316200	18316293	Deletion	93
2L	18316207	18316293	Deletion	86
2L	18316221	18316293	Deletion	72
2L	18316234	18316293	Deletion	59
2L	18316246	18316293	Deletion	47
2L	18316255	18316293	Deletion	38
2L	18316667	18316293	Deletion	374
2L	18316667	18316734	Deletion	67
2L	18316667	18316721	Deletion	54
2L	18316667	18316755	Deletion	88
2L	18316667	18316746	Deletion	79
2L	18316667	18316707	Deletion	40
2L	18316667	18316700	Deletion	33
2L	18317529	18317633	Deletion	104
2L	18317573	18317633	Deletion	60
2L	18317906	18317633	Deletion	273
2L	18317906	18318029	Deletion	123
2L	18317908	18318003	Deletion	95
2L	18327162	18327251	Deletion	89
2L	18327180	18327251	Deletion	71
2L	18327205	18327251	Deletion	46
2L	18338829	18327251	Deletion	11578
2L	18338829	18338866	Deletion	37
2L	18338829	18338885	Deletion	56
2L	18338829	18338949	Deletion	120
2L	18338829	18338867	Deletion	38
2L	18340795	18340869	Deletion	74
2L	18340815	18340869	Deletion	54
2L	18340817	18340869	Deletion	52
2L	18340825	18340869	Deletion	44
2L	18340837	18340869	Deletion	32
2L	18340838	18340869	Deletion	31
2L	18341648	18340869	Deletion	779
2L	18341648	18341722	Deletion	74
2L	18341648	18341690	Deletion	42
2L	18341648	18341745	Deletion	97
2L	18341648	18341700	Deletion	52
2L	18341648	18341742	Deletion	94
2L	18341648	18341730	Deletion	82
2L	18341648	18341743	Deletion	95
2L	18341665	18341720	Deletion	55
2L	18341683	18341767	Deletion	84
2L	18341708	18341767	Deletion	59
2L	18348217	18341767	Deletion	6450
2L	18348217	18348259	Deletion	42
2L	18348217	18348284	Deletion	67
2L	18349430	18349502	Deletion	72
2L	18349449	18349502	Deletion	53
2L	18380238	18349502	Deletion	30736
2L	18380238	18380293	Deletion	55
2L	18380238	18380312	Deletion	74
2L	18406051	18406154	Deletion	103
2L	18406061	18406154	Deletion	93
2L	18406067	18406154	Deletion	87
2L	18406082	18406154	Deletion	72
2L	18406096	18406154	Deletion	58
2L	18406120	18406154	Deletion	34
2L	18406124	18406154	Deletion	30
2L	18406376	18406154	Deletion	222
2L	18406376	18406498	Deletion	122
2L	18406376	18406444	Deletion	68
2L	18406376	18406409	Deletion	33
2L	18406376	18406472	Deletion	96
2L	18406376	18406430	Deletion	54
2L	18406376	18406477	Deletion	101
2L	18406376	18406415	Deletion	39
2L	18407697	18407777	Deletion	80
2L	18407705	18407777	Deletion	72
2L	18407716	18407777	Deletion	61
2L	18407723	18407777	Deletion	54
2L	18407739	18407777	Deletion	38
2L	18436815	18436907	Deletion	92
2L	18436825	18436907	Deletion	82
2L	18436832	18436907	Deletion	75
2L	18436841	18436907	Deletion	66
2L	18436857	18436907	Deletion	50
2L	18437573	18436907	Deletion	666
2L	18437573	18437689	Deletion	116
2L	18437573	18437633	Deletion	60
2L	18437573	18437624	Deletion	51
2L	18437573	18437649	Deletion	76
2L	18437573	18437617	Deletion	44
2L	18468584	18468671	Deletion	87
2L	18468587	18468671	Deletion	84
2L	18468624	18468671	Deletion	47
2L	18468630	18468671	Deletion	41
2L	18468632	18468671	Deletion	39
2L	18468635	18468671	Deletion	36
2L	18470288	18468671	Deletion	1617
2L	18470288	18470327	Deletion	39
2L	18470288	18470367	Deletion	79
2L	18470288	18470375	Deletion	87
2L	18470288	18470330	Deletion	42
2L	18482600	18482664	Deletion	64
2L	18482622	18482664	Deletion	42
2L	18490320	18482664	Deletion	7656
2L	18490320	18490384	Deletion	64
2L	18490320	18490371	Deletion	51
2L	18490320	18490422	Deletion	102
2L	18490320	18490428	Deletion	108
2L	18499046	18499129	Deletion	83
2L	18499055	18499129	Deletion	74
2L	18499068	18499129	Deletion	61
2L	18500003	18499129	Deletion	874
2L	18500003	18500117	Deletion	114
2L	18500003	18500055	Deletion	52
2L	18500003	18500068	Deletion	65
2L	18500003	18500106	Deletion	103
2L	18505811	18505900	Deletion	89
2L	18505834	18505900	Deletion	66
2L	18505835	18505900	Deletion	65
2L	18507874	18505900	Deletion	1974
2L	18507874	18507911	Deletion	37
2L	18507874	18507935	Deletion	61
2L	18514949	18515071	Deletion	122
2L	18514953	18515071	Deletion	118
2L	18514971	18515071	Deletion	100
2L	18515017	18515071	Deletion	54
2L	18515030	18515071	Deletion	41
2L	18515034	18515071	Deletion	37
2L	18515040	18515071	Deletion	31
2L	18516318	18515071	Deletion	1247
2L	18516318	18516429	Deletion	111
2L	18516318	18516413	Deletion	95
2L	18516318	18516416	Deletion	98
2L	18516318	18516390	Deletion	72
2L	18516318	18516403	Deletion	85
2L	18521159	18521234	Deletion	75
2L	18521171	18521234	Deletion	63
2L	18521172	18521234	Deletion	62
2L	18521180	18521234	Deletion	54
2L	18521190	18521234	Deletion	44
2L	18521192	18521234	Deletion	42
2L	18521197	18521234	Deletion	37
2L	18525604	18521234	Deletion	4370
2L	18525604	18525721	Deletion	117
2L	18525604	18525694	Deletion	90
2L	18525604	18525677	Deletion	73
2L	18525604	18525669	Deletion	65
2L	18525604	18525689	Deletion	85
2L	18525604	18525656	Deletion	52
2L	18525604	18525687	Deletion	83
2L	18527925	18528025	Deletion	100
2L	18527991	18528025	Deletion	34
2L	18541057	18528025	Deletion	13032
2L	18557418	18557483	Deletion	65
2L	18557433	18557483	Deletion	50
2L	18557453	18557483	Deletion	30
2L	18569296	18557483	Deletion	11813
2L	18569296	18569359	Deletion	63
2L	18569296	18569406	Deletion	110
2L	18569296	18569374	Deletion	78
2L	18569296	18569394	Deletion	98
2L	18572966	18573072	Deletion	106
2L	18572990	18573072	Deletion	82
2L	18573004	18573072	Deletion	68
2L	18573038	18573072	Deletion	34
2L	18573040	18573072	Deletion	32
2L	18591071	18591165	Deletion	94
2L	18591071	18591163	Deletion	92
2L	18591071	18591188	Deletion	117
2L	18591071	18591173	Deletion	102
2L	18591071	18591115	Deletion	44
2L	18591071	18591129	Deletion	58
2L	18591071	18591181	Deletion	110
2L	18601367	18601404	Deletion	37
2L	18601937	18601404	Deletion	533
2L	18601937	18602027	Deletion	90
2L	18601937	18601976	Deletion	39
2L	18621201	18621274	Deletion	73
2L	18621202	18621274	Deletion	72
2L	18621214	18621274	Deletion	60
2L	18621215	18621274	Deletion	59
2L	18621229	18621274	Deletion	45
2L	18621233	18621274	Deletion	41
2L	18621238	18621274	Deletion	36
2L	18622156	18621274	Deletion	882
2L	18622156	18622240	Deletion	84
2L	18622156	18622226	Deletion	70
2L	18622156	18622266	Deletion	110
2L	18622156	18622225	Deletion	69
2L	18622156	18622249	Deletion	93
2L	18622156	18622213	Deletion	57
2L	18622156	18622212	Deletion	56
2L	18622156	18622189	Deletion	33
2L	18666947	18666984	Deletion	37
2L	18667347	18666984	Deletion	363
2L	18667347	18667456	Deletion	109
2L	18667347	18667436	Deletion	89
2L	18667347	18667461	Deletion	114
2L	18681406	18681503	Deletion	97
2L	18681426	18681503	Deletion	77
2L	18681446	18681503	Deletion	57
2L	18681462	18681503	Deletion	41
2L	18681473	18681503	Deletion	30
2L	18682379	18681503	Deletion	876
2L	18682379	18682475	Deletion	96
2L	18682379	18682464	Deletion	85
2L	18682379	18682428	Deletion	49
2L	18682379	18682478	Deletion	99
2L	18682379	18682491	Deletion	112
2L	18682379	18682448	Deletion	69
2L	18682379	18682495	Deletion	116
2L	18682379	18682488	Deletion	109
2L	18706450	18703785	Deletion	2665
2L	18706450	18706571	Deletion	121
2L	18706450	18706570	Deletion	120
2L	18706450	18706505	Deletion	55
2L	18706450	18706559	Deletion	109
2L	18706450	18706554	Deletion	104
2L	18706450	18706547	Deletion	97
2L	18707568	18707632	Deletion	64
2L	18707580	18707632	Deletion	52
2L	18707595	18707632	Deletion	37
2L	18707723	18707632	Deletion	91
2L	18707723	18707837	Deletion	114
2L	18707723	18707812	Deletion	89
2L	18707723	18707785	Deletion	62
2L	18707723	18707832	Deletion	109
2L	18707723	18707767	Deletion	44
2L	18707723	18707797	Deletion	74
2L	18709392	18709507	Deletion	115
2L	18709475	18709507	Deletion	32
2L	18712685	18709507	Deletion	3178
2L	18712685	18712782	Deletion	97
2L	18712685	18712779	Deletion	94
2L	18712685	18712802	Deletion	117
2L	18712685	18712792	Deletion	107
2L	18719288	18719387	Deletion	99
2L	18719290	18719387	Deletion	97
2L	18719305	18719387	Deletion	82
2L	18719314	18719387	Deletion	73
2L	18719336	18719387	Deletion	51
2L	18720250	18719387	Deletion	863
2L	18720250	18720362	Deletion	112
2L	18720250	18720356	Deletion	106
2L	18720250	18720303	Deletion	53
2L	18720250	18720352	Deletion	102
2L	18720250	18720294	Deletion	44
2L	18720250	18720355	Deletion	105
2L	18738620	18738709	Deletion	89
2L	18738624	18738709	Deletion	85
2L	18738648	18738709	Deletion	61
2L	18738656	18738709	Deletion	53
2L	18738675	18738709	Deletion	34
2L	18740912	18738709	Deletion	2203
2L	18740912	18740949	Deletion	37
2L	18740912	18740987	Deletion	75
2L	18740912	18741031	Deletion	119
2L	18740912	18740979	Deletion	67
2L	18740912	18740951	Deletion	39
2L	18740912	18741006	Deletion	94
2L	18753920	18753989	Deletion	69
2L	18753940	18753989	Deletion	49
2L	18753955	18753989	Deletion	34
2L	18753956	18753989	Deletion	33
2L	18753959	18753989	Deletion	30
2L	18755358	18753989	Deletion	1369
2L	18755358	18755480	Deletion	122
2L	18755358	18755435	Deletion	77
2L	18755358	18755450	Deletion	92
2L	18755358	18755451	Deletion	93
2L	18755358	18755454	Deletion	96
2L	18755358	18755461	Deletion	103
2L	18763272	18763307	Deletion	35
2L	18763353	18763307	Deletion	46
2L	18763353	18763448	Deletion	95
2L	18782552	18782651	Deletion	99
2L	18782602	18782651	Deletion	49
2L	18785667	18782651	Deletion	3016
2L	18785667	18785786	Deletion	119
2L	18785672	18785767	Deletion	95
2L	18791176	18791218	Deletion	42
2L	18794500	18791218	Deletion	3282
2L	18794500	18794535	Deletion	35
2L	18794500	18794614	Deletion	114
2L	18794500	18794584	Deletion	84
2L	18818976	18819074	Deletion	98
2L	18818984	18819074	Deletion	90
2L	18818985	18819074	Deletion	89
2L	18819043	18819074	Deletion	31
2L	18819175	18819074	Deletion	101
2L	18819175	18819270	Deletion	95
2L	18819175	18819212	Deletion	37
2L	18822096	18822193	Deletion	97
2L	18822106	18822193	Deletion	87
2L	18822115	18822193	Deletion	78
2L	18822133	18822193	Deletion	60
2L	18823625	18822193	Deletion	1432
2L	18823625	18823693	Deletion	68
2L	18823625	18823675	Deletion	50
2L	18837515	18837589	Deletion	74
2L	18837516	18837589	Deletion	73
2L	18837551	18837589	Deletion	38
2L	18837642	18837750	Deletion	108
2L	18837642	18837699	Deletion	57
2L	18837642	18837734	Deletion	92
2L	18837642	18837698	Deletion	56
2L	18840953	18841046	Deletion	93
2L	18840980	18841046	Deletion	66
2L	18840982	18841046	Deletion	64
2L	18841007	18841046	Deletion	39
2L	18841016	18841046	Deletion	30
2L	18848000	18841046	Deletion	6954
2L	18848000	18848033	Deletion	33
2L	18848000	18848087	Deletion	87
2L	18848000	18848096	Deletion	96
2L	18848000	18848120	Deletion	120
2L	18848000	18848101	Deletion	101
2L	18848000	18848113	Deletion	113
2L	18848000	18848060	Deletion	60
2L	18848000	18848062	Deletion	62
2L	18848000	18848118	Deletion	118
2L	18851893	18852004	Deletion	111
2L	18851894	18852004	Deletion	110
2L	18851939	18852004	Deletion	65
2L	18851942	18852004	Deletion	62
2L	18851964	18852004	Deletion	40
2L	18851974	18852004	Deletion	30
2L	18864677	18852004	Deletion	12673
2L	18864677	18864786	Deletion	109
2L	18864677	18864773	Deletion	96
2L	18864677	18864763	Deletion	86
2L	18864677	18864741	Deletion	64
2L	18864682	18864790	Deletion	108
2L	18864710	18864738	Deletion	28
2L	18864734	18864790	Deletion	56
2L	18864744	18864790	Deletion	46
2L	18864751	18864790	Deletion	39
2L	18866757	18864790	Deletion	1967
2L	18866757	18866845	Deletion	88
2L	18866757	18866838	Deletion	81
2L	18866757	18866828	Deletion	71
2L	18866757	18866868	Deletion	111
2L	18882803	18882883	Deletion	80
2L	18882828	18882883	Deletion	55
2L	18882838	18882883	Deletion	45
2L	18896888	18882883	Deletion	14005
2L	18896888	18896934	Deletion	46
2L	18896888	18896959	Deletion	71
2L	18920167	18920260	Deletion	93
2L	18920202	18920260	Deletion	58
2L	18920212	18920260	Deletion	48
2L	18920215	18920260	Deletion	45
2L	18920707	18920260	Deletion	447
2L	18920707	18920776	Deletion	69
2L	18920707	18920789	Deletion	82
2L	18920707	18920741	Deletion	34
2L	18935334	18935404	Deletion	70
2L	18935372	18935404	Deletion	32
2L	18937078	18937172	Deletion	94
2L	18937078	18937128	Deletion	50
2L	18937078	18937134	Deletion	56
2L	18971377	18971435	Deletion	58
2L	18971391	18971435	Deletion	44
2L	18971405	18971435	Deletion	30
2L	18971799	18971435	Deletion	364
2L	18971799	18971845	Deletion	46
2L	18971799	18971904	Deletion	105
2L	18971799	18971915	Deletion	116
2L	18971799	18971911	Deletion	112
2L	18971799	18971895	Deletion	96
2L	18971799	18971867	Deletion	68
2L	18971799	18971900	Deletion	101
2L	18971799	18971901	Deletion	102
2L	18998807	18998877	Deletion	70
2L	18998810	18998877	Deletion	67
2L	18998946	18998877	Deletion	69
2L	18998946	18999004	Deletion	58
2L	18998946	18999007	Deletion	61
2L	18999579	18999677	Deletion	98
2L	18999631	18999677	Deletion	46
2L	19000024	18999677	Deletion	347
2L	19000024	19000105	Deletion	81
2L	19006592	19006674	Deletion	82
2L	19006604	19006674	Deletion	70
2L	19006617	19006674	Deletion	57
2L	19006620	19006674	Deletion	54
2L	19006631	19006674	Deletion	43
2L	19006634	19006674	Deletion	40
2L	19017637	19006674	Deletion	10963
2L	19017637	19017707	Deletion	70
2L	19017637	19017710	Deletion	73
2L	19017637	19017724	Deletion	87
2L	19017637	19017694	Deletion	57
2L	19017637	19017682	Deletion	45
2L	19026459	19026552	Deletion	93
2L	19026461	19026552	Deletion	91
2L	19026471	19026552	Deletion	81
2L	19026481	19026552	Deletion	71
2L	19026482	19026552	Deletion	70
2L	19026500	19026552	Deletion	52
2L	19026507	19026552	Deletion	45
2L	19026610	19026552	Deletion	58
2L	19026610	19026719	Deletion	109
2L	19026610	19026646	Deletion	36
2L	19026610	19026656	Deletion	46
2L	19026610	19026692	Deletion	82
2L	19026610	19026667	Deletion	57
2L	19026610	19026644	Deletion	34
2L	19026610	19026733	Deletion	123
2L	19026610	19026666	Deletion	56
2L	19029895	19029994	Deletion	99
2L	19029924	19029994	Deletion	70
2L	19029928	19029994	Deletion	66
2L	19029962	19029994	Deletion	32
2L	19030075	19029994	Deletion	81
2L	19030075	19030169	Deletion	94
2L	19030075	19030188	Deletion	113
2L	19030075	19030176	Deletion	101
2L	19030075	19030135	Deletion	60
2L	19049532	19049634	Deletion	102
2L	19049554	19049634	Deletion	80
2L	19049587	19049634	Deletion	47
2L	19051983	19049634	Deletion	2349
2L	19051983	19052080	Deletion	97
2L	19051983	19052029	Deletion	46
2L	19080150	19080268	Deletion	118
2L	19080158	19080268	Deletion	110
2L	19080186	19080268	Deletion	82
2L	19080188	19080268	Deletion	80
2L	19081038	19080268	Deletion	770
2L	19081038	19081083	Deletion	45
2L	19081038	19081085	Deletion	47
2L	19081038	19081155	Deletion	117
2L	19093446	19093533	Deletion	87
2L	19093448	19093533	Deletion	85
2L	19093468	19093532	Deletion	64
2L	19093474	19093533	Deletion	59
2L	19093635	19093533	Deletion	102
2L	19093636	19093677	Deletion	41
2L	19093636	19093758	Deletion	122
2L	19093636	19093703	Deletion	67
2L	19093636	19093697	Deletion	61
2L	19093707	19093799	Deletion	92
2L	19093715	19093799	Deletion	84
2L	19093722	19093799	Deletion	77
2L	19093723	19093799	Deletion	76
2L	19093735	19093799	Deletion	64
2L	19093758	19093799	Deletion	41
2L	19093760	19093799	Deletion	39
2L	19095451	19095493	Deletion	42
2L	19095451	19095538	Deletion	87
2L	19095451	19095500	Deletion	49
2L	19095451	19095485	Deletion	34
2L	19095451	19095501	Deletion	50
2L	19095451	19095536	Deletion	85
2L	19098240	19098360	Deletion	120
2L	19098272	19098360	Deletion	88
2L	19098314	19098360	Deletion	46
2L	19105599	19098360	Deletion	7239
2L	19105599	19105699	Deletion	100
2L	19105599	19105637	Deletion	38
2L	19105599	19105679	Deletion	80
2L	19105599	19105708	Deletion	109
2L	19110845	19110939	Deletion	94
2L	19110890	19110939	Deletion	49
2L	19110902	19110939	Deletion	37
2L	19110904	19110939	Deletion	35
2L	19120721	19110939	Deletion	9782
2L	19120721	19120810	Deletion	89
2L	19120721	19120812	Deletion	91
2L	19120721	19120822	Deletion	101
2L	19120721	19120798	Deletion	77
2L	19123459	19123489	Deletion	30
2L	19126324	19123489	Deletion	2835
2L	19126324	19126420	Deletion	96
2L	19126324	19126417	Deletion	93
2L	19126325	19126445	Deletion	120
2L	19130063	19130178	Deletion	115
2L	19130084	19130178	Deletion	94
2L	19130098	19130178	Deletion	80
2L	19130117	19130178	Deletion	61
2L	19130124	19130178	Deletion	54
2L	19130147	19130178	Deletion	31
2L	19130148	19130178	Deletion	30
2L	19133000	19130178	Deletion	2822
2L	19133000	19133072	Deletion	72
2L	19133000	19133046	Deletion	46
2L	19133000	19133096	Deletion	96
2L	19133000	19133095	Deletion	95
2L	19133000	19133032	Deletion	32
2L	19133000	19133065	Deletion	65
2L	19133363	19133455	Deletion	92
2L	19133376	19133455	Deletion	79
2L	19133419	19133455	Deletion	36
2L	19141853	19133455	Deletion	8398
2L	19141853	19141887	Deletion	34
2L	19141853	19141959	Deletion	106
2L	19141853	19141951	Deletion	98
2L	19141853	19141943	Deletion	90
2L	19141853	19141965	Deletion	112
2L	19141853	19141968	Deletion	115
2L	19141853	19141900	Deletion	47
2L	19142333	19142418	Deletion	85
2L	19142336	19142418	Deletion	82
2L	19142385	19142418	Deletion	33
2L	19143769	19142418	Deletion	1351
2L	19143769	19143886	Deletion	117
2L	19143769	19143813	Deletion	44
2L	19143769	19143862	Deletion	93
2L	19143769	19143867	Deletion	98
2L	19143769	19143869	Deletion	100
2L	19143769	19143868	Deletion	99
2L	19143769	19143805	Deletion	36
2L	19177343	19177433	Deletion	90
2L	19177384	19177433	Deletion	49
2L	19177394	19177433	Deletion	39
2L	19190907	19177433	Deletion	13474
2L	19190907	19190984	Deletion	77
2L	19190907	19190940	Deletion	33
2L	19190907	19190943	Deletion	36
2L	19197210	19197306	Deletion	96
2L	19197224	19197306	Deletion	82
2L	19197251	19197306	Deletion	55
2L	19197252	19197306	Deletion	54
2L	19197254	19197306	Deletion	52
2L	19197269	19197306	Deletion	37
2L	19197373	19197306	Deletion	67
2L	19197373	19197403	Deletion	30
2L	19197373	19197462	Deletion	89
2L	19197373	19197447	Deletion	74
2L	19197373	19197444	Deletion	71
2L	19197375	19197445	Deletion	70
2L	19207802	19207860	Deletion	58
2L	19207811	19207860	Deletion	49
2L	19207822	19207860	Deletion	38
2L	19207830	19207860	Deletion	30
2L	19208158	19208227	Deletion	69
2L	19208158	19208255	Deletion	97
2L	19208158	19208236	Deletion	78
2L	19210053	19210129	Deletion	76
2L	19210068	19210129	Deletion	61
2L	19210070	19210129	Deletion	59
2L	19210071	19210129	Deletion	58
2L	19210074	19210129	Deletion	55
2L	19212291	19210129	Deletion	2162
2L	19212291	19212356	Deletion	65
2L	19212291	19212341	Deletion	50
2L	19212291	19212415	Deletion	124
2L	19212291	19212321	Deletion	30
2L	19212291	19212362	Deletion	71
2L	19212291	19212358	Deletion	67
2L	19212291	19212359	Deletion	68
2L	19227499	19227566	Deletion	67
2L	19227503	19227566	Deletion	63
2L	19227516	19227566	Deletion	50
2L	19227644	19227566	Deletion	78
2L	19227644	19227705	Deletion	61
2L	19227644	19227743	Deletion	99
2L	19227644	19227752	Deletion	108
2L	19227644	19227722	Deletion	78
2L	19227644	19227678	Deletion	34
2L	19227644	19227750	Deletion	106
2L	19241235	19241303	Deletion	68
2L	19241253	19241303	Deletion	50
2L	19244509	19241303	Deletion	3206
2L	19244509	19244569	Deletion	60
2L	19244509	19244566	Deletion	57
2L	19258443	19258524	Deletion	81
2L	19258448	19258524	Deletion	76
2L	19258449	19258524	Deletion	75
2L	19258488	19258524	Deletion	36
2L	19258489	19258524	Deletion	35
2L	19258491	19258524	Deletion	33
2L	19258641	19258524	Deletion	117
2L	19258641	19258732	Deletion	91
2L	19258641	19258691	Deletion	50
2L	19258641	19258731	Deletion	90
2L	19258641	19258675	Deletion	34
2L	19258641	19258686	Deletion	45
2L	19258641	19258692	Deletion	51
2L	19258641	19258734	Deletion	93
2L	19258641	19258735	Deletion	94
2L	19306689	19306768	Deletion	79
2L	19306692	19306768	Deletion	76
2L	19306707	19306768	Deletion	61
2L	19306714	19306768	Deletion	54
2L	19306716	19306768	Deletion	52
2L	19306721	19306768	Deletion	47
2L	19306727	19306768	Deletion	41
2L	19306852	19306768	Deletion	84
2L	19306852	19306924	Deletion	72
2L	19306852	19306970	Deletion	118
2L	19306852	19306949	Deletion	97
2L	19306852	19306899	Deletion	47
2L	19306852	19306902	Deletion	50
2L	19306852	19306931	Deletion	79
2L	19306852	19306917	Deletion	65
2L	19306852	19306926	Deletion	74
2L	19315327	19312657	Deletion	2670
2L	19315327	19315451	Deletion	124
2L	19350491	19350593	Deletion	102
2L	19350491	19350579	Deletion	88
2L	19379558	19379615	Deletion	57
2L	19379565	19379615	Deletion	50
2L	19379575	19379615	Deletion	40
2L	19390496	19379615	Deletion	10881
2L	19390496	19390583	Deletion	87
2L	19390496	19390566	Deletion	70
2L	19390496	19390573	Deletion	77
2L	19390496	19390536	Deletion	40
2L	19391322	19391371	Deletion	49
2L	19391332	19391371	Deletion	39
2L	19391598	19391371	Deletion	227
2L	19391598	19391628	Deletion	30
2L	19391598	19391685	Deletion	87
2L	19409525	19409621	Deletion	96
2L	19409564	19409621	Deletion	57
2L	19409583	19409621	Deletion	38
2L	19409763	19409833	Deletion	70
2L	19409763	19409852	Deletion	89
2L	19409763	19409875	Deletion	112
2L	19409763	19409793	Deletion	30
2L	19409763	19409870	Deletion	107
2L	19419748	19419841	Deletion	93
2L	19419768	19419841	Deletion	73
2L	19419775	19419841	Deletion	66
2L	19426076	19419841	Deletion	6235
2L	19426076	19426181	Deletion	105
2L	19426076	19426111	Deletion	35
2L	19426076	19426197	Deletion	121
2L	19426076	19426131	Deletion	55
2L	19427457	19427547	Deletion	90
2L	19427790	19427547	Deletion	243
2L	19427790	19427896	Deletion	106
2L	19427790	19427892	Deletion	102
2L	19427790	19427824	Deletion	34
2L	19429302	19429421	Deletion	119
2L	19429319	19429421	Deletion	102
2L	19429328	19429421	Deletion	93
2L	19429329	19429421	Deletion	92
2L	19430530	19429421	Deletion	1109
2L	19430530	19430564	Deletion	34
2L	19430530	19430563	Deletion	33
2L	19464868	19464940	Deletion	72
2L	19464879	19464940	Deletion	61
2L	19464882	19464940	Deletion	58
2L	19464904	19464940	Deletion	36
2L	19472069	19464940	Deletion	7129
2L	19472069	19472123	Deletion	54
2L	19472069	19472183	Deletion	114
2L	19472069	19472137	Deletion	68
2L	19472069	19472159	Deletion	90
2L	19472069	19472134	Deletion	65
2L	19479002	19479119	Deletion	117
2L	19479053	19479119	Deletion	66
2L	19479064	19479119	Deletion	55
2L	19479083	19479119	Deletion	36
2L	19479925	19479119	Deletion	806
2L	19479925	19479986	Deletion	61
2L	19479925	19479997	Deletion	72
2L	19479925	19480016	Deletion	91
2L	19479925	19480026	Deletion	101
2L	19484968	19485051	Deletion	83
2L	19484975	19485051	Deletion	76
2L	19485018	19485051	Deletion	33
2L	19485189	19485051	Deletion	138
2L	19485189	19485300	Deletion	111
2L	19485189	19485232	Deletion	43
2L	19485189	19485225	Deletion	36
2L	19485189	19485282	Deletion	93
2L	19485458	19485550	Deletion	92
2L	19485492	19485550	Deletion	58
2L	19485726	19485550	Deletion	176
2L	19485726	19485760	Deletion	34
2L	19485726	19485824	Deletion	98
2L	19488423	19488523	Deletion	100
2L	19488443	19488523	Deletion	80
2L	19488450	19488523	Deletion	73
2L	19488461	19488523	Deletion	62
2L	19488465	19488523	Deletion	58
2L	19488483	19488523	Deletion	40
2L	19494604	19488523	Deletion	6081
2L	19494604	19494650	Deletion	46
2L	19494604	19494672	Deletion	68
2L	19494604	19494690	Deletion	86
2L	19494604	19494657	Deletion	53
2L	19499042	19499084	Deletion	42
2L	19510848	19499084	Deletion	11764
2L	19510848	19510907	Deletion	59
2L	19510848	19510954	Deletion	106
2L	19510848	19510962	Deletion	114
2L	19510853	19510969	Deletion	116
2L	19514308	19514404	Deletion	96
2L	19514318	19514404	Deletion	86
2L	19514335	19514404	Deletion	69
2L	19514361	19514404	Deletion	43
2L	19516016	19514404	Deletion	1612
2L	19516016	19516122	Deletion	106
2L	19516016	19516048	Deletion	32
2L	19516016	19516058	Deletion	42
2L	19516016	19516126	Deletion	110
2L	19516016	19516101	Deletion	85
2L	19520995	19521097	Deletion	102
2L	19521018	19521097	Deletion	79
2L	19542831	19521097	Deletion	21734
2L	19542831	19542930	Deletion	99
2L	19542831	19542955	Deletion	124
2L	19542831	19542953	Deletion	122
2L	19542831	19542878	Deletion	47
2L	19544422	19544529	Deletion	107
2L	19544436	19544529	Deletion	93
2L	19544442	19544529	Deletion	87
2L	19544455	19544529	Deletion	74
2L	19544467	19544529	Deletion	62
2L	19544488	19544529	Deletion	41
2L	19544491	19544529	Deletion	38
2L	19545026	19544529	Deletion	497
2L	19545026	19545091	Deletion	65
2L	19545026	19545115	Deletion	89
2L	19545026	19545079	Deletion	53
2L	19545026	19545060	Deletion	34
2L	19545026	19545066	Deletion	40
2L	19570397	19570504	Deletion	107
2L	19570398	19570504	Deletion	106
2L	19570415	19570504	Deletion	89
2L	19570425	19570504	Deletion	79
2L	19570459	19570504	Deletion	45
2L	19570468	19570504	Deletion	36
2L	19570474	19570504	Deletion	30
2L	19574342	19570504	Deletion	3838
2L	19574342	19574454	Deletion	112
2L	19574342	19574432	Deletion	90
2L	19574342	19574389	Deletion	47
2L	19574342	19574458	Deletion	116
2L	19574342	19574423	Deletion	81
2L	19574342	19574443	Deletion	101
2L	19574342	19574438	Deletion	96
2L	19603399	19603498	Deletion	99
2L	19603418	19603498	Deletion	80
2L	19603441	19603498	Deletion	57
2L	19603457	19603498	Deletion	41
2L	19605740	19603498	Deletion	2242
2L	19605740	19605810	Deletion	70
2L	19605740	19605787	Deletion	47
2L	19619195	19619310	Deletion	115
2L	19619206	19619310	Deletion	104
2L	19619211	19619310	Deletion	99
2L	19619214	19619310	Deletion	96
2L	19619260	19619310	Deletion	50
2L	19619276	19619310	Deletion	34
2L	19620964	19621056	Deletion	92
2L	19633704	19633816	Deletion	112
2L	19633715	19633816	Deletion	101
2L	19633717	19633816	Deletion	99
2L	19633735	19633816	Deletion	81
2L	19633746	19633816	Deletion	70
2L	19633753	19633816	Deletion	63
2L	19633761	19633816	Deletion	55
2L	19633773	19633816	Deletion	43
2L	19638535	19633816	Deletion	4719
2L	19638535	19638608	Deletion	73
2L	19638535	19638659	Deletion	124
2L	19638535	19638620	Deletion	85
2L	19638535	19638600	Deletion	65
2L	19638535	19638593	Deletion	58
2L	19646551	19646648	Deletion	97
2L	19646552	19646648	Deletion	96
2L	19646566	19646648	Deletion	82
2L	19646571	19646648	Deletion	77
2L	19646603	19646648	Deletion	45
2L	19647031	19646648	Deletion	383
2L	19647031	19647063	Deletion	32
2L	19647031	19647115	Deletion	84
2L	19647031	19647083	Deletion	52
2L	19647031	19647078	Deletion	47
2L	19647931	19648008	Deletion	77
2L	19647935	19648008	Deletion	73
2L	19647943	19648008	Deletion	65
2L	19647955	19648008	Deletion	53
2L	19658786	19658897	Deletion	111
2L	19658786	19658818	Deletion	32
2L	19658786	19658848	Deletion	62
2L	19683858	19683965	Deletion	107
2L	19683868	19683965	Deletion	97
2L	19683869	19683965	Deletion	96
2L	19683879	19683965	Deletion	86
2L	19683880	19683965	Deletion	85
2L	19683885	19683965	Deletion	80
2L	19683902	19683965	Deletion	63
2L	19683920	19683965	Deletion	45
2L	19683926	19683965	Deletion	39
2L	19684065	19683965	Deletion	100
2L	19684065	19684146	Deletion	81
2L	19684065	19684105	Deletion	40
2L	19684065	19684106	Deletion	41
2L	19684065	19684128	Deletion	63
2L	19684065	19684095	Deletion	30
2L	19684065	19684187	Deletion	122
2L	19684065	19684159	Deletion	94
2L	19701191	19701234	Deletion	43
2L	19701982	19701234	Deletion	748
2L	19701982	19702050	Deletion	68
2L	19701982	19702088	Deletion	106
2L	19701982	19702094	Deletion	112
2L	19719722	19719814	Deletion	92
2L	19719735	19719814	Deletion	79
2L	19719747	19719814	Deletion	67
2L	19719773	19719814	Deletion	41
2L	19726958	19719814	Deletion	7144
2L	19726958	19726993	Deletion	35
2L	19726958	19727018	Deletion	60
2L	19726958	19727044	Deletion	86
2L	19729197	19729282	Deletion	85
2L	19729201	19729282	Deletion	81
2L	19729221	19729282	Deletion	61
2L	19729223	19729282	Deletion	59
2L	19729230	19729282	Deletion	52
2L	19729238	19729282	Deletion	44
2L	19729250	19729282	Deletion	32
2L	19733379	19729282	Deletion	4097
2L	19733379	19733454	Deletion	75
2L	19733379	19733421	Deletion	42
2L	19733379	19733462	Deletion	83
2L	19733379	19733447	Deletion	68
2L	19733379	19733474	Deletion	95
2L	19733379	19733425	Deletion	46
2L	19737568	19737651	Deletion	83
2L	19764507	19764567	Deletion	60
2L	19764534	19764567	Deletion	33
2L	19764647	19764567	Deletion	80
2L	19764647	19764766	Deletion	119
2L	19764647	19764713	Deletion	66
2L	19764647	19764740	Deletion	93
2L	19771333	19771444	Deletion	111
2L	19771339	19771444	Deletion	105
2L	19771350	19771444	Deletion	94
2L	19771385	19771444	Deletion	59
2L	19771386	19771444	Deletion	58
2L	19771390	19771444	Deletion	54
2L	19771397	19771444	Deletion	47
2L	19801635	19771444	Deletion	30191
2L	19801635	19801702	Deletion	67
2L	19801635	19801703	Deletion	68
2L	19801635	19801667	Deletion	32
2L	19801635	19801707	Deletion	72
2L	19805390	19805477	Deletion	87
2L	19805398	19805477	Deletion	79
2L	19805445	19805477	Deletion	32
2L	19829590	19805477	Deletion	24113
2L	19829590	19829692	Deletion	102
2L	19829590	19829629	Deletion	39
2L	19829590	19829684	Deletion	94
2L	19855838	19851832	Deletion	4006
2L	19855838	19855879	Deletion	41
2L	19855838	19855953	Deletion	115
2L	19855838	19855961	Deletion	123
2L	19860490	19860594	Deletion	104
2L	19860505	19860594	Deletion	89
2L	19860534	19860594	Deletion	60
2L	19860543	19860594	Deletion	51
2L	19860555	19860594	Deletion	39
2L	19860560	19860594	Deletion	34
2L	19862579	19860594	Deletion	1985
2L	19862579	19862689	Deletion	110
2L	19862579	19862666	Deletion	87
2L	19862579	19862690	Deletion	111
2L	19862579	19862692	Deletion	113
2L	19862579	19862645	Deletion	66
2L	19862579	19862703	Deletion	124
2L	19862579	19862671	Deletion	92
2L	19862579	19862654	Deletion	75
2L	19862579	19862616	Deletion	37
2L	19865863	19865901	Deletion	38
2L	19866065	19865901	Deletion	164
2L	19891470	19891566	Deletion	96
2L	19891478	19891566	Deletion	88
2L	19891512	19891566	Deletion	54
2L	19891516	19891566	Deletion	50
2L	19891524	19891566	Deletion	42
2L	19891527	19891566	Deletion	39
2L	19902868	19891566	Deletion	11302
2L	19902868	19902942	Deletion	74
2L	19902868	19902946	Deletion	78
2L	19902868	19902908	Deletion	40
2L	19902868	19902954	Deletion	86
2L	19902868	19902957	Deletion	89
2L	19904707	19904783	Deletion	76
2L	19904723	19904783	Deletion	60
2L	19904733	19904783	Deletion	50
2L	19904742	19904783	Deletion	41
2L	19908124	19904783	Deletion	3341
2L	19908124	19908192	Deletion	68
2L	19908124	19908176	Deletion	52
2L	19908124	19908211	Deletion	87
2L	19908124	19908155	Deletion	31
2L	19915916	19915989	Deletion	73
2L	19915919	19915989	Deletion	70
2L	19915922	19915989	Deletion	67
2L	19915954	19915989	Deletion	35
2L	19916136	19915989	Deletion	147
2L	19916136	19916189	Deletion	53
2L	19916136	19916192	Deletion	56
2L	19916136	19916227	Deletion	91
2L	19932048	19932143	Deletion	95
2L	19932089	19932143	Deletion	54
2L	19932098	19932143	Deletion	45
2L	19932107	19932143	Deletion	36
2L	19938218	19932143	Deletion	6075
2L	19938218	19938299	Deletion	81
2L	19946893	19946995	Deletion	102
2L	19946911	19946995	Deletion	84
2L	19946925	19946995	Deletion	70
2L	19946951	19946995	Deletion	44
2L	19947159	19946995	Deletion	164
2L	19947159	19947241	Deletion	82
2L	19947159	19947215	Deletion	56
2L	19951756	19951857	Deletion	101
2L	19951801	19951857	Deletion	56
2L	19952333	19951857	Deletion	476
2L	19967266	19967376	Deletion	110
2L	19967282	19967376	Deletion	94
2L	19967289	19967376	Deletion	87
2L	19967290	19967376	Deletion	86
2L	19967298	19967376	Deletion	78
2L	19967336	19967376	Deletion	40
2L	19967886	19967376	Deletion	510
2L	19967886	19967994	Deletion	108
2L	19967886	19967920	Deletion	34
2L	19967886	19967974	Deletion	88
2L	19967886	19967927	Deletion	41
2L	19967886	19967928	Deletion	42
2L	19967886	19967985	Deletion	99
2L	19967886	19967936	Deletion	50
2L	19974647	19972348	Deletion	2299
2L	19974647	19974716	Deletion	69
2L	19974647	19974758	Deletion	111
2L	19984521	19984577	Deletion	56
2L	19986058	19984577	Deletion	1481
2L	19986058	19986167	Deletion	109
2L	19986058	19986128	Deletion	70
2L	19986934	19987046	Deletion	112
2L	19986975	19987046	Deletion	71
2L	19987003	19987046	Deletion	43
2L	19987011	19987046	Deletion	35
2L	19992528	19987046	Deletion	5482
2L	19992528	19992584	Deletion	56
2L	19992528	19992628	Deletion	100
2L	19992528	19992620	Deletion	92
2L	20003218	20003302	Deletion	84
2L	20003221	20003302	Deletion	81
2L	20003229	20003302	Deletion	73
2L	20003237	20003302	Deletion	65
2L	20003242	20003302	Deletion	60
2L	20003244	20003302	Deletion	58
2L	20003249	20003302	Deletion	53
2L	20006076	20003297	Deletion	2779
2L	20008717	20008827	Deletion	110
2L	20027870	20027975	Deletion	105
2L	20027890	20027975	Deletion	85
2L	20027892	20027975	Deletion	83
2L	20027897	20027975	Deletion	78
2L	20027906	20027975	Deletion	69
2L	20027920	20027975	Deletion	55
2L	20027929	20027975	Deletion	46
2L	20028034	20027975	Deletion	59
2L	20028034	20028114	Deletion	80
2L	20028034	20028091	Deletion	57
2L	20028034	20028075	Deletion	41
2L	20028034	20028135	Deletion	101
2L	20028034	20028105	Deletion	71
2L	20028034	20028082	Deletion	48
2L	20028034	20028131	Deletion	97
2L	20031353	20031452	Deletion	99
2L	20031365	20031452	Deletion	87
2L	20031366	20031452	Deletion	86
2L	20031399	20031452	Deletion	53
2L	20034516	20031452	Deletion	3064
2L	20034516	20034627	Deletion	111
2L	20034516	20034557	Deletion	41
2L	20034516	20034556	Deletion	40
2L	20047291	20047392	Deletion	101
2L	20047320	20047392	Deletion	72
2L	20047327	20047392	Deletion	65
2L	20047332	20047392	Deletion	60
2L	20047344	20047392	Deletion	48
2L	20047352	20047392	Deletion	40
2L	20047359	20047392	Deletion	33
2L	20047724	20047392	Deletion	332
2L	20047724	20047790	Deletion	66
2L	20047724	20047831	Deletion	107
2L	20047724	20047821	Deletion	97
2L	20047724	20047817	Deletion	93
2L	20047724	20047802	Deletion	78
2L	20047724	20047785	Deletion	61
2L	20047724	20047810	Deletion	86
2L	20047724	20047778	Deletion	54
2L	20063284	20063374	Deletion	90
2L	20063326	20063374	Deletion	48
2L	20075013	20063374	Deletion	11639
2L	20075013	20075051	Deletion	38
2L	20078511	20078594	Deletion	83
2L	20078544	20078594	Deletion	50
2L	20096368	20078594	Deletion	17774
2L	20096368	20096411	Deletion	43
2L	20096368	20096444	Deletion	76
2L	20101109	20101154	Deletion	45
2L	20101114	20101154	Deletion	40
2L	20101689	20101154	Deletion	535
2L	20101689	20101744	Deletion	55
2L	20101689	20101775	Deletion	86
2L	20101689	20101805	Deletion	116
2L	20101689	20101788	Deletion	99
2L	20101689	20101803	Deletion	114
2L	20101689	20101802	Deletion	113
2L	20101689	20101770	Deletion	81
2L	20102089	20102201	Deletion	112
2L	20102090	20102201	Deletion	111
2L	20102102	20102201	Deletion	99
2L	20102121	20102201	Deletion	80
2L	20102133	20102201	Deletion	68
2L	20102138	20102201	Deletion	63
2L	20102145	20102201	Deletion	56
2L	20107158	20102201	Deletion	4957
2L	20107162	20107216	Deletion	54
2L	20135678	20135798	Deletion	120
2L	20135682	20135798	Deletion	116
2L	20135693	20135798	Deletion	105
2L	20135748	20135798	Deletion	50
2L	20135757	20135798	Deletion	41
2L	20136825	20135798	Deletion	1027
2L	20136825	20136938	Deletion	113
2L	20136825	20136902	Deletion	77
2L	20147624	20147722	Deletion	98
2L	20147678	20147722	Deletion	44
2L	20147684	20147722	Deletion	38
2L	20148804	20147722	Deletion	1082
2L	20154653	20154741	Deletion	88
2L	20166488	20166579	Deletion	91
2L	20166494	20166579	Deletion	85
2L	20166501	20166579	Deletion	78
2L	20166545	20166579	Deletion	34
2L	20168799	20168834	Deletion	35
2L	20168799	20168892	Deletion	93
2L	20168799	20168847	Deletion	48
2L	20168799	20168921	Deletion	122
2L	20178444	20178520	Deletion	76
2L	20178477	20178520	Deletion	43
2L	20187001	20187051	Deletion	50
2L	20189134	20189192	Deletion	58
2L	20189151	20189188	Deletion	37
2L	20193917	20194000	Deletion	83
2L	20198368	20198433	Deletion	65
2L	20203437	20203497	Deletion	60
2L	20203462	20203497	Deletion	35
2L	20203561	20203497	Deletion	64
2L	20203561	20203654	Deletion	93
2L	20203561	20203629	Deletion	68
2L	20205397	20205484	Deletion	87
2L	20205426	20205484	Deletion	58
2L	20206547	20206586	Deletion	39
2L	20206547	20206615	Deletion	68
2L	20213014	20213120	Deletion	106
2L	20213022	20213120	Deletion	98
2L	20213046	20213120	Deletion	74
2L	20213052	20213120	Deletion	68
2L	20213084	20213120	Deletion	36
2L	20215012	20215053	Deletion	41
2L	20217483	20217563	Deletion	80
2L	20217515	20217563	Deletion	48
2L	20219673	20219709	Deletion	36
2L	20220068	20219709	Deletion	359
2L	20220068	20220120	Deletion	52
2L	20220068	20220158	Deletion	90
2L	20220068	20220126	Deletion	58
2L	20238924	20239029	Deletion	105
2L	20238930	20239029	Deletion	99
2L	20238934	20239029	Deletion	95
2L	20238960	20239029	Deletion	69
2L	20238999	20239029	Deletion	30
2L	20243639	20239029	Deletion	4610
2L	20243639	20243736	Deletion	97
2L	20243639	20243697	Deletion	58
2L	20248596	20248693	Deletion	97
2L	20248598	20248693	Deletion	95
2L	20249685	20248693	Deletion	992
2L	20249685	20249783	Deletion	98
2L	20249685	20249792	Deletion	107
2L	20249685	20249797	Deletion	112
2L	20249685	20249716	Deletion	31
2L	20258999	20259051	Deletion	52
2L	20259019	20259051	Deletion	32
2L	20261856	20259051	Deletion	2805
2L	20261856	20261951	Deletion	95
2L	20261856	20261968	Deletion	112
2L	20261856	20261975	Deletion	119
2L	20265996	20263127	Deletion	2869
2L	20265996	20266028	Deletion	32
2L	20278122	20278171	Deletion	49
2L	20311639	20311716	Deletion	77
2L	20311685	20311716	Deletion	31
2L	20323669	20311716	Deletion	11953
2L	20323669	20323764	Deletion	95
2L	20337022	20337111	Deletion	89
2L	20337025	20337111	Deletion	86
2L	20337165	20337111	Deletion	54
2L	20337165	20337260	Deletion	95
2L	20337165	20337202	Deletion	37
2L	20350894	20351000	Deletion	106
2L	20350910	20351000	Deletion	90
2L	20357791	20351000	Deletion	6791
2L	20358539	20358651	Deletion	112
2L	20358543	20358652	Deletion	109
2L	20358551	20358651	Deletion	100
2L	20358558	20358651	Deletion	93
2L	20358565	20358651	Deletion	86
2L	20358599	20358651	Deletion	52
2L	20358616	20358651	Deletion	35
2L	20363320	20358651	Deletion	4669
2L	20363320	20363443	Deletion	123
2L	20363320	20363395	Deletion	75
2L	20363320	20363354	Deletion	34
2L	20363320	20363361	Deletion	41
2L	20387237	20387321	Deletion	84
2L	20387238	20387321	Deletion	83
2L	20387268	20387321	Deletion	53
2L	20387289	20387321	Deletion	32
2L	20387291	20387321	Deletion	30
2L	20387859	20387321	Deletion	538
2L	20387859	20387902	Deletion	43
2L	20387859	20387901	Deletion	42
2L	20387859	20387953	Deletion	94
2L	20402775	20402899	Deletion	124
2L	20411600	20411644	Deletion	44
2L	20454996	20455054	Deletion	58
2L	20455493	20455547	Deletion	54
2L	20461467	20461570	Deletion	103
2L	20461510	20461570	Deletion	60
2L	20461518	20461570	Deletion	52
2L	20461522	20461570	Deletion	48
2L	20461540	20461570	Deletion	30
2L	20461855	20461570	Deletion	285
2L	20461855	20461970	Deletion	115
2L	20461855	20461933	Deletion	78
2L	20461855	20461921	Deletion	66
2L	20461855	20461929	Deletion	74
2L	20473966	20474018	Deletion	52
2L	20475842	20474018	Deletion	1824
2L	20479570	20479672	Deletion	102
2L	20479583	20479672	Deletion	89
2L	20479613	20479672	Deletion	59
2L	20479629	20479672	Deletion	43
2L	20486256	20479672	Deletion	6584
2L	20486256	20486339	Deletion	83
2L	20486256	20486366	Deletion	110
2L	20486256	20486364	Deletion	108
2L	20486256	20486323	Deletion	67
2L	20486256	20486293	Deletion	37
2L	20499575	20499663	Deletion	88
2L	20499592	20499663	Deletion	71
2L	20499600	20499663	Deletion	63
2L	20499613	20499663	Deletion	50
2L	20499627	20499663	Deletion	36
2L	20500958	20499663	Deletion	1295
2L	20500958	20501034	Deletion	76
2L	20500958	20501013	Deletion	55
2L	20500958	20501076	Deletion	118
2L	20500958	20501021	Deletion	63
2L	20500958	20500996	Deletion	38
2L	20502609	20502721	Deletion	112
2L	20502618	20502721	Deletion	103
2L	20502632	20502721	Deletion	89
2L	20502669	20502721	Deletion	52
2L	20502681	20502721	Deletion	40
2L	20507418	20502721	Deletion	4697
2L	20507418	20507455	Deletion	37
2L	20507418	20507492	Deletion	74
2L	20507418	20507528	Deletion	110
2L	20540411	20540468	Deletion	57
2L	20540415	20540468	Deletion	53
2L	20540425	20540468	Deletion	43
2L	20540430	20540466	Deletion	36
2L	20540435	20540468	Deletion	33
2L	20541086	20540468	Deletion	618
2L	20541086	20541169	Deletion	83
2L	20541086	20541174	Deletion	88
2L	20541086	20541179	Deletion	93
2L	20541086	20541185	Deletion	99
2L	20541086	20541139	Deletion	53
2L	20541086	20541155	Deletion	69
2L	20541086	20541159	Deletion	73
2L	20544726	20544835	Deletion	109
2L	20544739	20544835	Deletion	96
2L	20544767	20544835	Deletion	68
2L	20544768	20544835	Deletion	67
2L	20544776	20544835	Deletion	59
2L	20544793	20544835	Deletion	42
2L	20545833	20545917	Deletion	84
2L	20545833	20545863	Deletion	30
2L	20545833	20545892	Deletion	59
2L	20545833	20545891	Deletion	58
2L	20548657	20548703	Deletion	46
2L	20548671	20548703	Deletion	32
2L	20549939	20548703	Deletion	1236
2L	20549939	20550020	Deletion	81
2L	20563112	20563152	Deletion	40
2L	20563121	20563152	Deletion	31
2L	20563431	20563152	Deletion	279
2L	20563431	20563512	Deletion	81
2L	20563431	20563527	Deletion	96
2L	20585480	20585539	Deletion	59
2L	20585480	20585525	Deletion	45
2L	20585480	20585530	Deletion	50
2L	20585480	20585519	Deletion	39
2L	20585480	20585529	Deletion	49
2L	20587170	20587258	Deletion	88
2L	20587182	20587258	Deletion	76
2L	20587192	20587258	Deletion	66
2L	20587199	20587258	Deletion	59
2L	20587205	20587258	Deletion	53
2L	20587207	20587258	Deletion	51
2L	20589494	20587258	Deletion	2236
2L	20589494	20589532	Deletion	38
2L	20589494	20589599	Deletion	105
2L	20589494	20589601	Deletion	107
2L	20589494	20589567	Deletion	73
2L	20589494	20589544	Deletion	50
2L	20589494	20589609	Deletion	115
2L	20589494	20589569	Deletion	75
2L	20589494	20589561	Deletion	67
2L	20596290	20596359	Deletion	69
2L	20602058	20602164	Deletion	106
2L	20602058	20602162	Deletion	104
2L	20602058	20602115	Deletion	57
2L	20602058	20602161	Deletion	103
2L	20617950	20618053	Deletion	103
2L	20617990	20618053	Deletion	63
2L	20617999	20618053	Deletion	54
2L	20621649	20618053	Deletion	3596
2L	20621649	20621712	Deletion	63
2L	20621649	20621756	Deletion	107
2L	20630866	20630942	Deletion	76
2L	20630895	20630942	Deletion	47
2L	20630902	20630942	Deletion	40
2L	20630908	20630942	Deletion	34
2L	20633515	20630942	Deletion	2573
2L	20633515	20633626	Deletion	111
2L	20633515	20633615	Deletion	100
2L	20633515	20633635	Deletion	120
2L	20633515	20633594	Deletion	79
2L	20633515	20633601	Deletion	86
2L	20650678	20650792	Deletion	114
2L	20650725	20650792	Deletion	67
2L	20650735	20650792	Deletion	57
2L	20652163	20650792	Deletion	1371
2L	20652163	20652279	Deletion	116
2L	20652163	20652222	Deletion	59
2L	20652163	20652232	Deletion	69
2L	20656207	20656309	Deletion	102
2L	20660042	20656309	Deletion	3733
2L	20663345	20660424	Deletion	2921
2L	20663933	20663990	Deletion	57
2L	20663934	20663990	Deletion	56
2L	20663946	20663990	Deletion	44
2L	20665794	20663990	Deletion	1804
2L	20665794	20665864	Deletion	70
2L	20665794	20665863	Deletion	69
2L	20665794	20665876	Deletion	82
2L	20665794	20665912	Deletion	118
2L	20688847	20688936	Deletion	89
2L	20688863	20688936	Deletion	73
2L	20688878	20688936	Deletion	58
2L	20689803	20688936	Deletion	867
2L	20689803	20689914	Deletion	111
2L	20689803	20689859	Deletion	56
2L	20689803	20689909	Deletion	106
2L	20689803	20689874	Deletion	71
2L	20713031	20713084	Deletion	53
2L	20713045	20713084	Deletion	39
2L	20716333	20713084	Deletion	3249
2L	20716333	20716387	Deletion	54
2L	20716333	20716457	Deletion	124
2L	20716333	20716420	Deletion	87
2L	20717859	20717957	Deletion	98
2L	20717909	20717957	Deletion	48
2L	20717916	20717957	Deletion	41
2L	20717917	20717957	Deletion	40
2L	20728782	20717957	Deletion	10825
2L	20728782	20728860	Deletion	78
2L	20728782	20728890	Deletion	108
2L	20753708	20753818	Deletion	110
2L	20753739	20753818	Deletion	79
2L	20753741	20753818	Deletion	77
2L	20753755	20753818	Deletion	63
2L	20753761	20753818	Deletion	57
2L	20753771	20753818	Deletion	47
2L	20757555	20753818	Deletion	3737
2L	20757555	20757624	Deletion	69
2L	20757555	20757634	Deletion	79
2L	20757555	20757664	Deletion	109
2L	20757555	20757618	Deletion	63
2L	20757555	20757602	Deletion	47
2L	20766938	20767027	Deletion	89
2L	20766940	20767027	Deletion	87
2L	20766949	20767027	Deletion	78
2L	20766958	20767027	Deletion	69
2L	20766997	20767027	Deletion	30
2L	20767197	20767027	Deletion	170
2L	20767197	20767236	Deletion	39
2L	20767197	20767234	Deletion	37
2L	20767197	20767293	Deletion	96
2L	20767197	20767254	Deletion	57
2L	20767197	20767245	Deletion	48
2L	20776927	20777000	Deletion	73
2L	20776935	20777000	Deletion	65
2L	20776948	20777000	Deletion	52
2L	20776960	20776998	Deletion	38
2L	20777416	20777000	Deletion	416
2L	20777416	20777451	Deletion	35
2L	20777416	20777477	Deletion	61
2L	20777416	20777490	Deletion	74
2L	20777416	20777469	Deletion	53
2L	20799200	20799319	Deletion	119
2L	20799240	20799321	Deletion	81
2L	20816363	20799321	Deletion	17042
2L	20816363	20816482	Deletion	119
2L	20816895	20816944	Deletion	49
2L	20817016	20816944	Deletion	72
2L	20817016	20817095	Deletion	79
2L	20817016	20817113	Deletion	97
2L	20817016	20817064	Deletion	48
2L	20817896	20817950	Deletion	54
2L	20817915	20817950	Deletion	35
2L	20818023	20818095	Deletion	72
2L	20818023	20818114	Deletion	91
2L	20850010	20850105	Deletion	95
2L	20850022	20850105	Deletion	83
2L	20850032	20850105	Deletion	73
2L	20850045	20850105	Deletion	60
2L	20850056	20850105	Deletion	49
2L	20858631	20850105	Deletion	8526
2L	20858631	20858676	Deletion	45
2L	20858631	20858699	Deletion	68
2L	20858631	20858686	Deletion	55
2L	20858631	20858710	Deletion	79
2L	20860212	20860296	Deletion	84
2L	20860232	20860296	Deletion	64
2L	20860244	20860296	Deletion	52
2L	20862721	20860296	Deletion	2425
2L	20862721	20862826	Deletion	105
2L	20862721	20862785	Deletion	64
2L	20862721	20862797	Deletion	76
2L	20865378	20865426	Deletion	48
2L	20865762	20865426	Deletion	336
2L	20865762	20865877	Deletion	115
2L	20865762	20865826	Deletion	64
2L	20882304	20882419	Deletion	115
2L	20882358	20882419	Deletion	61
2L	20882378	20882419	Deletion	41
2L	20893385	20893445	Deletion	60
2L	20893385	20893424	Deletion	39
2L	20918447	20918550	Deletion	103
2L	20918461	20918550	Deletion	89
2L	20918465	20918550	Deletion	85
2L	20918477	20918550	Deletion	73
2L	20918487	20918550	Deletion	63
2L	20918501	20918550	Deletion	49
2L	20918509	20918550	Deletion	41
2L	20919102	20918550	Deletion	552
2L	20919102	20919203	Deletion	101
2L	20919102	20919167	Deletion	65
2L	20919102	20919141	Deletion	39
2L	20919102	20919145	Deletion	43
2L	20919102	20919181	Deletion	79
2L	20919102	20919157	Deletion	55
2L	20925949	20926052	Deletion	103
2L	20925970	20926052	Deletion	82
2L	20925975	20926052	Deletion	77
2L	20926862	20926052	Deletion	810
2L	20926862	20926912	Deletion	50
2L	20926862	20926907	Deletion	45
2L	20940204	20940311	Deletion	107
2L	20940224	20940311	Deletion	87
2L	20940224	20940311	Deletion	87
2L	20940226	20940308	Deletion	82
2L	20940235	20940311	Deletion	76
2L	20940367	20940468	Deletion	101
2L	20940367	20940406	Deletion	39
2L	20940367	20940408	Deletion	41
2L	20940962	20941047	Deletion	85
2L	20940995	20941047	Deletion	52
2L	20941008	20941047	Deletion	39
2L	20941381	20941490	Deletion	109
2L	20941381	20941423	Deletion	42
2L	20941381	20941456	Deletion	75
2L	20941381	20941502	Deletion	121
2L	20941381	20941469	Deletion	88
2L	20945000	20945061	Deletion	61
2L	20945005	20945061	Deletion	56
2L	20945015	20945061	Deletion	46
2L	20946830	20945061	Deletion	1769
2L	20946830	20946910	Deletion	80
2L	20946830	20946900	Deletion	70
2L	20946830	20946870	Deletion	40
2L	20956172	20956254	Deletion	82
2L	20956173	20956254	Deletion	81
2L	20956174	20956254	Deletion	80
2L	20956176	20956254	Deletion	78
2L	20956211	20956254	Deletion	43
2L	20956223	20956254	Deletion	31
2L	20957832	20956254	Deletion	1578
2L	20957832	20957927	Deletion	95
2L	20957832	20957877	Deletion	45
2L	20957832	20957878	Deletion	46
2L	20957832	20957876	Deletion	44
2L	20957832	20957880	Deletion	48
2L	20959511	20959598	Deletion	87
2L	20959514	20959598	Deletion	84
2L	20959646	20959598	Deletion	48
2L	20959646	20959741	Deletion	95
2L	20959646	20959746	Deletion	100
2L	20959646	20959750	Deletion	104
2L	20959646	20959689	Deletion	43
2L	21000456	21000542	Deletion	86
2L	21000456	21000519	Deletion	63
2L	21000456	21000558	Deletion	102
2L	21000456	21000555	Deletion	99
2L	21028350	21028456	Deletion	106
2L	21028356	21028456	Deletion	100
2L	21028383	21028456	Deletion	73
2L	21028415	21028456	Deletion	41
2L	21036467	21036581	Deletion	114
2L	21036467	21036552	Deletion	85
2L	21036467	21036520	Deletion	53
2L	21036467	21036586	Deletion	119
2L	21038793	21038884	Deletion	91
2L	21038804	21038884	Deletion	80
2L	21038809	21038884	Deletion	75
2L	21038844	21038884	Deletion	40
2L	21038848	21038884	Deletion	36
2L	21038854	21038884	Deletion	30
2L	21065249	21065304	Deletion	55
2L	21067459	21065304	Deletion	2155
2L	21086299	21086365	Deletion	66
2L	21086307	21086365	Deletion	58
2L	21091514	21091635	Deletion	121
2L	21091514	21091583	Deletion	69
2L	21091514	21091622	Deletion	108
2L	21091514	21091575	Deletion	61
2L	21101022	21101125	Deletion	103
2L	21101081	21101125	Deletion	44
2L	21101085	21101125	Deletion	40
2L	21101094	21101125	Deletion	31
2L	21108025	21101125	Deletion	6900
2L	21108025	21108120	Deletion	95
2L	21108025	21108111	Deletion	86
2L	21119744	21119867	Deletion	123
2L	21119778	21119867	Deletion	89
2L	21120815	21119867	Deletion	948
2L	21120815	21120914	Deletion	99
2L	21120815	21120853	Deletion	38
2L	21124556	21124666	Deletion	110
2L	21124573	21124666	Deletion	93
2L	21124595	21124666	Deletion	71
2L	21124604	21124666	Deletion	62
2L	21124622	21124666	Deletion	44
2L	21124634	21124666	Deletion	32
2L	21126084	21124666	Deletion	1418
2L	21126084	21126117	Deletion	33
2L	21126084	21126178	Deletion	94
2L	21126084	21126148	Deletion	64
2L	21126084	21126181	Deletion	97
2L	21126084	21126139	Deletion	55
2L	21129242	21129321	Deletion	79
2L	21129261	21129321	Deletion	60
2L	21129269	21129321	Deletion	52
2L	21129291	21129321	Deletion	30
2L	21134770	21129321	Deletion	5449
2L	21134770	21134866	Deletion	96
2L	21134770	21134871	Deletion	101
2L	21134770	21134887	Deletion	117
2L	21134770	21134817	Deletion	47
2L	21134770	21134882	Deletion	112
2L	21134770	21134844	Deletion	74
2L	21134770	21134836	Deletion	66
2L	21134770	21134878	Deletion	108
2L	21141387	21141454	Deletion	67
2L	21141422	21141454	Deletion	32
2L	21141562	21141454	Deletion	108
2L	21141562	21141668	Deletion	106
2L	21141562	21141610	Deletion	48
2L	21141562	21141661	Deletion	99
2L	21141562	21141676	Deletion	114
2L	21141562	21141678	Deletion	116
2L	21141562	21141674	Deletion	112
2L	21141562	21141622	Deletion	60
2L	21147568	21147603	Deletion	35
2L	21147654	21147603	Deletion	51
2L	21147654	21147730	Deletion	76
2L	21147654	21147690	Deletion	36
2L	21161618	21158104	Deletion	3514
2L	21161618	21161674	Deletion	56
2L	21161618	21161734	Deletion	116
2L	21161618	21161721	Deletion	103
2L	21175872	21175991	Deletion	119
2L	21175876	21175991	Deletion	115
2L	21175887	21175991	Deletion	104
2L	21175950	21175991	Deletion	41
2L	21178374	21175991	Deletion	2383
2L	21178374	21178474	Deletion	100
2L	21178374	21178498	Deletion	124
2L	21188318	21188388	Deletion	70
2L	21193471	21188388	Deletion	5083
2L	21193471	21193592	Deletion	121
2L	21193471	21193568	Deletion	97
2L	21193471	21193501	Deletion	30
2L	21198288	21198397	Deletion	109
2L	21198322	21198397	Deletion	75
2L	21198327	21198397	Deletion	70
2L	21198350	21198397	Deletion	47
2L	21201912	21201992	Deletion	80
2L	21201912	21202032	Deletion	120
2L	21201912	21201969	Deletion	57
2L	21253363	21253454	Deletion	91
2L	21253380	21253454	Deletion	74
2L	21253634	21253689	Deletion	55
2L	21253634	21253740	Deletion	106
2L	21253634	21253749	Deletion	115
2L	21256572	21256616	Deletion	44
2L	21264004	21256616	Deletion	7388
2L	21264004	21264069	Deletion	65
2L	21269578	21264042	Deletion	5536
2L	21269578	21269636	Deletion	58
2L	21269578	21269693	Deletion	115
2L	21269578	21269635	Deletion	57
2L	21271216	21271315	Deletion	99
2L	21271217	21271315	Deletion	98
2L	21271234	21271315	Deletion	81
2L	21271239	21271315	Deletion	76
2L	21271246	21271315	Deletion	69
2L	21271251	21271315	Deletion	64
2L	21271259	21271315	Deletion	56
2L	21271266	21271315	Deletion	49
2L	21275888	21271315	Deletion	4573
2L	21275888	21275934	Deletion	46
2L	21275888	21275959	Deletion	71
2L	21275888	21275939	Deletion	51
2L	21275888	21275951	Deletion	63
2L	21275888	21275966	Deletion	78
2L	21275888	21276006	Deletion	118
2L	21276966	21276384	Deletion	582
2L	21276966	21277014	Deletion	48
2L	21276966	21277076	Deletion	110
2L	21276966	21277075	Deletion	109
2L	21276966	21277063	Deletion	97
2L	21279146	21279220	Deletion	74
2L	21279174	21279220	Deletion	46
2L	21279186	21279220	Deletion	34
2L	21279188	21279220	Deletion	32
2L	21279501	21279220	Deletion	281
2L	21279501	21279595	Deletion	94
2L	21279501	21279581	Deletion	80
2L	21279501	21279625	Deletion	124
2L	21279501	21279552	Deletion	51
2L	21279501	21279553	Deletion	52
2L	21286291	21286355	Deletion	64
2L	21286310	21286355	Deletion	45
2L	21335518	21286355	Deletion	49163
2L	21335518	21335558	Deletion	40
2L	21335518	21335599	Deletion	81
2L	21337533	21337611	Deletion	78
2L	21337537	21337611	Deletion	74
2L	21337565	21337611	Deletion	46
2L	21338747	21338827	Deletion	80
2L	21338747	21338795	Deletion	48
2L	21364260	21364357	Deletion	97
2L	21364268	21364357	Deletion	89
2L	21364284	21364357	Deletion	73
2L	21364477	21364357	Deletion	120
2L	21364477	21364587	Deletion	110
2L	21364477	21364589	Deletion	112
2L	21364477	21364514	Deletion	37
2L	21364477	21364577	Deletion	100
2L	21366745	21366783	Deletion	38
2L	21366746	21366783	Deletion	37
2L	21373820	21366783	Deletion	7037
2L	21373820	21373908	Deletion	88
2L	21401974	21402073	Deletion	99
2L	21415399	21415470	Deletion	71
2L	21415402	21415470	Deletion	68
2L	21415428	21415470	Deletion	42
2L	21416273	21415470	Deletion	803
2L	21416273	21416378	Deletion	105
2L	21416273	21416382	Deletion	109
2L	21416273	21416386	Deletion	113
2L	21416273	21416332	Deletion	59
2L	21416273	21416329	Deletion	56
2L	21416273	21416304	Deletion	31
2L	21416273	21416358	Deletion	85
2L	21420937	21421051	Deletion	114
2L	21428048	21428087	Deletion	39
2L	21428048	21428097	Deletion	49
2L	21428048	21428159	Deletion	111
2L	21428048	21428089	Deletion	41
2L	21428048	21428130	Deletion	82
2L	21433677	21433742	Deletion	65
2L	21450264	21450300	Deletion	36
2L	21455196	21455281	Deletion	85
2L	21455196	21455262	Deletion	66
2L	21456384	21456428	Deletion	44
2L	21485638	21485538	Deletion	100
2L	21485638	21485725	Deletion	87
2L	21485638	21485667	Deletion	29
2L	21485638	21485661	Deletion	23
2L	21500685	21500783	Deletion	98
2L	21525670	21525747	Deletion	77
2L	21526730	21526786	Deletion	56
2L	21530336	21530377	Deletion	41
2L	21533051	21533081	Deletion	30
2L	21538047	21538125	Deletion	78
2L	21541689	21541737	Deletion	48
2L	21549316	21549409	Deletion	93
2L	21549316	21549397	Deletion	81
2L	21576393	21576477	Deletion	84
2L	21576408	21576477	Deletion	69
2L	21576437	21576477	Deletion	40
2L	21576447	21576477	Deletion	30
2L	21586986	21587029	Deletion	43
2L	21586986	21587044	Deletion	58
2L	21586986	21587073	Deletion	87
2L	21586986	21587083	Deletion	97
2L	21596507	21595950	Deletion	557
2L	21605424	21605530	Deletion	106
2L	21617141	21617188	Deletion	47
2L	21617142	21617188	Deletion	46
2L	21618838	21617188	Deletion	1650
2L	21618838	21618949	Deletion	111
2L	21618838	21618947	Deletion	109
2L	21618838	21618917	Deletion	79
2L	21618838	21618918	Deletion	80
2L	21620214	21620319	Deletion	105
2L	21620221	21620319	Deletion	98
2L	21620484	21620319	Deletion	165
2L	21620484	21620581	Deletion	97
2L	21648879	21648942	Deletion	63
2L	21648891	21648942	Deletion	51
2L	21648900	21648942	Deletion	42
2L	21648911	21648942	Deletion	31
2L	21651976	21648942	Deletion	3034
2L	21651976	21652040	Deletion	64
2L	21651976	21652072	Deletion	96
2L	21651976	21652052	Deletion	76
2L	21663022	21663132	Deletion	110
2L	21663025	21663132	Deletion	107
2L	21663051	21663132	Deletion	81
2L	21663057	21663132	Deletion	75
2L	21663058	21663132	Deletion	74
2L	21663066	21663132	Deletion	66
2L	21671392	21663132	Deletion	8260
2L	21671392	21671444	Deletion	52
2L	21671392	21671508	Deletion	116
2L	21671392	21671453	Deletion	61
2L	21671392	21671438	Deletion	46
2L	21671392	21671515	Deletion	123
2L	21681368	21681483	Deletion	115
2L	21681382	21681483	Deletion	101
2L	21681384	21681483	Deletion	99
2L	21681430	21681483	Deletion	53
2L	21681450	21681483	Deletion	33
2L	21682817	21682910	Deletion	93
2L	21682817	21682890	Deletion	73
2L	21701558	21701617	Deletion	59
2L	21701585	21701617	Deletion	32
2L	21703683	21703751	Deletion	68
2L	21703683	21703778	Deletion	95
2L	21709520	21709639	Deletion	119
2L	21709528	21709639	Deletion	111
2L	21709531	21709639	Deletion	108
2L	21709549	21709639	Deletion	90
2L	21709569	21709639	Deletion	70
2L	21709597	21709639	Deletion	42
2L	21709599	21709639	Deletion	40
2L	21709695	21709639	Deletion	56
2L	21709695	21709795	Deletion	100
2L	21709695	21709782	Deletion	87
2L	21709695	21709805	Deletion	110
2L	21709695	21709734	Deletion	39
2L	21709695	21709754	Deletion	59
2L	21710287	21710377	Deletion	90
2L	21710301	21710377	Deletion	76
2L	21714753	21710377	Deletion	4376
2L	21714753	21714789	Deletion	36
2L	21748282	21748334	Deletion	52
2L	21748298	21748334	Deletion	36
2L	21749893	21748334	Deletion	1559
2L	21749893	21749967	Deletion	74
2L	21749893	21749983	Deletion	90
2L	21751771	21751841	Deletion	70
2L	21751776	21751841	Deletion	65
2L	21751784	21751841	Deletion	57
2L	21762467	21751841	Deletion	10626
2L	21762467	21762528	Deletion	61
2L	21762467	21762533	Deletion	66
2L	21762467	21762541	Deletion	74
2L	21764601	21764690	Deletion	89
2L	21764602	21764690	Deletion	88
2L	21764635	21764690	Deletion	55
2L	21764640	21764690	Deletion	50
2L	21764643	21764690	Deletion	47
2L	21764659	21764690	Deletion	31
2L	21768591	21764690	Deletion	3901
2L	21768591	21768662	Deletion	71
2L	21768591	21768695	Deletion	104
2L	21768591	21768629	Deletion	38
2L	21768591	21768670	Deletion	79
2L	21768591	21768628	Deletion	37
2L	21768591	21768692	Deletion	101
2L	21768591	21768667	Deletion	76
2L	21773715	21773815	Deletion	100
2L	21773727	21773815	Deletion	88
2L	21773758	21773815	Deletion	57
2L	21773761	21773815	Deletion	54
2L	21777877	21773815	Deletion	4062
2L	21777877	21777907	Deletion	30
2L	21777877	21777919	Deletion	42
2L	21777877	21778001	Deletion	124
2L	21777877	21777953	Deletion	76
2L	21779340	21779419	Deletion	79
2L	21779353	21779419	Deletion	66
2L	21779357	21779419	Deletion	62
2L	21779369	21779419	Deletion	50
2L	21779374	21779419	Deletion	45
2L	21791333	21779419	Deletion	11914
2L	21791333	21791450	Deletion	117
2L	21791333	21791398	Deletion	65
2L	21791333	21791364	Deletion	31
2L	21791333	21791394	Deletion	61
2L	21791333	21791410	Deletion	77
2L	21791333	21791415	Deletion	82
2L	21791333	21791381	Deletion	48
2L	21791333	21791447	Deletion	114
2L	21799160	21799266	Deletion	106
2L	21799166	21799266	Deletion	100
2L	21799198	21799266	Deletion	68
2L	21799528	21799266	Deletion	262
2L	21799528	21799587	Deletion	59
2L	21799528	21799640	Deletion	112
2L	21808299	21808404	Deletion	105
2L	21808306	21808404	Deletion	98
2L	21808318	21808404	Deletion	86
2L	21808367	21808403	Deletion	36
2L	21808371	21808404	Deletion	33
2L	21811375	21808404	Deletion	2971
2L	21811376	21811416	Deletion	40
2L	21811376	21811485	Deletion	109
2L	21811376	21811465	Deletion	89
2L	21811376	21811482	Deletion	106
2L	21814042	21814154	Deletion	112
2L	21814052	21814154	Deletion	102
2L	21814066	21814154	Deletion	88
2L	21817948	21818058	Deletion	110
2L	21817950	21818058	Deletion	108
2L	21817957	21818058	Deletion	101
2L	21817990	21818058	Deletion	68
2L	21818004	21818058	Deletion	54
2L	21823377	21823450	Deletion	73
2L	21823377	21823494	Deletion	117
2L	21833860	21833969	Deletion	109
2L	21833874	21833969	Deletion	95
2L	21833897	21833969	Deletion	72
2L	21833918	21833969	Deletion	51
2L	21833922	21833969	Deletion	47
2L	21833927	21833969	Deletion	42
2L	21848172	21833969	Deletion	14203
2L	21848172	21848228	Deletion	56
2L	21848172	21848249	Deletion	77
2L	21848172	21848253	Deletion	81
2L	21848172	21848205	Deletion	33
2L	21852492	21852534	Deletion	42
2L	21853114	21852534	Deletion	580
2L	21853114	21853227	Deletion	113
2L	21853114	21853224	Deletion	110
2L	21853114	21853225	Deletion	111
2L	21856452	21856562	Deletion	110
2L	21856454	21856562	Deletion	108
2L	21856490	21856562	Deletion	72
2L	21856502	21856562	Deletion	60
2L	21856503	21856562	Deletion	59
2L	21856504	21856562	Deletion	58
2L	21860034	21856562	Deletion	3472
2L	21860034	21860092	Deletion	58
2L	21860034	21860149	Deletion	115
2L	21860034	21860105	Deletion	71
2L	21860034	21860104	Deletion	70
2L	21863261	21863346	Deletion	85
2L	21863300	21863346	Deletion	46
2L	21866052	21863346	Deletion	2706
2L	21866052	21866094	Deletion	42
2L	21878196	21878241	Deletion	45
2L	21878204	21878241	Deletion	37
2L	21891923	21878241	Deletion	13682
2L	21891936	21891975	Deletion	39
2L	21891938	21891975	Deletion	37
2L	21895906	21891975	Deletion	3931
2L	21895906	21895994	Deletion	88
2L	21895906	21895966	Deletion	60
2L	21895906	21895936	Deletion	30
2L	21895906	21895996	Deletion	90
2L	21895906	21895944	Deletion	38
2L	21898748	21898835	Deletion	87
2L	21909280	21898835	Deletion	10445
2L	21909280	21909382	Deletion	102
2L	21909280	21909319	Deletion	39
2L	21916432	21915604	Deletion	828
2L	21916432	21916529	Deletion	97
2L	21916432	21916532	Deletion	100
2L	21921689	21921802	Deletion	113
2L	21921704	21921802	Deletion	98
2L	21921724	21921802	Deletion	78
2L	21921872	21921802	Deletion	70
2L	21921872	21921975	Deletion	103
2L	21954823	21954912	Deletion	89
2L	21954827	21954912	Deletion	85
2L	21954850	21954912	Deletion	62
2L	21954864	21954912	Deletion	48
2L	21954868	21954912	Deletion	44
2L	21954880	21954912	Deletion	32
2L	21955298	21954912	Deletion	386
2L	21955298	21955362	Deletion	64
2L	21955298	21955396	Deletion	98
2L	21955298	21955397	Deletion	99
2L	21955298	21955376	Deletion	78
2L	21955298	21955392	Deletion	94
2L	21955298	21955339	Deletion	41
2L	21955298	21955380	Deletion	82
2L	21963121	21963230	Deletion	109
2L	21963129	21963230	Deletion	101
2L	21963137	21963230	Deletion	93
2L	21963710	21963230	Deletion	480
2L	21964885	21964947	Deletion	62
2L	21964889	21964947	Deletion	58
2L	21971915	21964947	Deletion	6968
2L	21971915	21971984	Deletion	69
2L	21971915	21971963	Deletion	48
2L	21971915	21971980	Deletion	65
2L	21972934	21973041	Deletion	107
2L	21972974	21973041	Deletion	67
2L	21972990	21973041	Deletion	51
2L	21972991	21973041	Deletion	50
2L	21973003	21973041	Deletion	38
2L	21991068	21991144	Deletion	76
2L	21991068	21991156	Deletion	88
2L	21991068	21991187	Deletion	119
2L	21991068	21991188	Deletion	120
2L	21991068	21991127	Deletion	59
2L	21991639	21991689	Deletion	50
2L	21991650	21991689	Deletion	39
2L	21991751	21991689	Deletion	62
2L	21991751	21991829	Deletion	78
2L	21991751	21991840	Deletion	89
2L	21991751	21991816	Deletion	65
2L	21991751	21991859	Deletion	108
2L	21991751	21991861	Deletion	110
2L	21997475	21997562	Deletion	87
2L	21997527	21997562	Deletion	35
2L	22000873	21997562	Deletion	3311
2L	22000873	22000985	Deletion	112
2L	22000873	22000912	Deletion	39
2L	22000873	22000964	Deletion	91
2L	22000873	22000995	Deletion	122
2L	22005864	22005962	Deletion	98
2L	22005868	22005962	Deletion	94
2L	22005904	22005962	Deletion	58
2L	22005915	22005962	Deletion	47
2L	22005922	22005962	Deletion	40
2L	22012023	22005962	Deletion	6061
2L	22012023	22012132	Deletion	109
2L	22012023	22012055	Deletion	32
2L	22012023	22012102	Deletion	79
2L	22012023	22012091	Deletion	68
2L	22012023	22012109	Deletion	86
2L	22012023	22012140	Deletion	117
2L	22020528	22020626	Deletion	98
2L	22020536	22020626	Deletion	90
2L	22020583	22020626	Deletion	43
2L	22020770	22020626	Deletion	144
2L	22020770	22020888	Deletion	118
2L	22020770	22020894	Deletion	124
2L	22020770	22020806	Deletion	36
2L	22032248	22032333	Deletion	85
2L	22032251	22032333	Deletion	82
2L	22032256	22032333	Deletion	77
2L	22032282	22032333	Deletion	51
2L	22032286	22032333	Deletion	47
2L	22047540	22032333	Deletion	15207
2L	22047540	22047619	Deletion	79
2L	22047540	22047584	Deletion	44
2L	22047540	22047589	Deletion	49
2L	22047540	22047574	Deletion	34
2L	22047540	22047615	Deletion	75
2L	22047542	22047644	Deletion	102
2L	22055998	22056096	Deletion	98
2L	22056011	22056096	Deletion	85
2L	22067491	22056096	Deletion	11395
2L	22067491	22067532	Deletion	41
2L	22072315	22072432	Deletion	117
2L	22072357	22072432	Deletion	75
2L	22072376	22072432	Deletion	56
2L	22072381	22072432	Deletion	51
2L	22072395	22072432	Deletion	37
2L	22072397	22072432	Deletion	35
2L	22072402	22072432	Deletion	30
2L	22082717	22072432	Deletion	10285
2L	22082717	22082788	Deletion	71
2L	22082717	22082839	Deletion	122
2L	22082717	22082814	Deletion	97
2L	22082717	22082809	Deletion	92
2L	22082717	22082807	Deletion	90
2L	22082717	22082769	Deletion	52
2L	22095516	22095567	Deletion	51
2L	22095535	22095567	Deletion	32
2L	22095843	22095567	Deletion	276
2L	22095843	22095918	Deletion	75
2L	22122038	22122136	Deletion	98
2L	22122058	22122136	Deletion	78
2L	22122063	22122136	Deletion	73
2L	22122065	22122136	Deletion	71
2L	22122069	22122136	Deletion	67
2L	22122092	22122136	Deletion	44
2L	22122302	22122136	Deletion	166
2L	22122302	22122361	Deletion	59
2L	22122302	22122355	Deletion	53
2L	22122302	22122384	Deletion	82
2L	22122304	22122357	Deletion	53
2L	22124106	22124194	Deletion	88
2L	22126332	22124194	Deletion	2138
2L	22126332	22126441	Deletion	109
2L	22126332	22126370	Deletion	38
2L	22130688	22130774	Deletion	86
2L	22130709	22130774	Deletion	65
2L	22130712	22130774	Deletion	62
2L	22130713	22130774	Deletion	61
2L	22130716	22130774	Deletion	58
2L	22130727	22130774	Deletion	47
2L	22130741	22130774	Deletion	33
2L	22132470	22130774	Deletion	1696
2L	22132470	22132534	Deletion	64
2L	22132470	22132538	Deletion	68
2L	22132470	22132510	Deletion	40
2L	22132470	22132563	Deletion	93
2L	22132470	22132535	Deletion	65
2L	22132470	22132549	Deletion	79
2L	22149441	22149543	Deletion	102
2L	22149460	22149543	Deletion	83
2L	22149509	22149543	Deletion	34
2L	22155266	22149543	Deletion	5723
2L	22155266	22155387	Deletion	121
2L	22155266	22155358	Deletion	92
2L	22155266	22155309	Deletion	43
2L	22167171	22167282	Deletion	111
2L	22167194	22167282	Deletion	88
2L	22167242	22167282	Deletion	40
2L	22167388	22167282	Deletion	106
2L	22167388	22167494	Deletion	106
2L	22167388	22167427	Deletion	39
2L	22167569	22167678	Deletion	109
2L	22167627	22167678	Deletion	51
2L	22179003	22167678	Deletion	11325
2L	22179022	22179079	Deletion	57
2L	22179025	22179099	Deletion	74
2L	22179062	22179099	Deletion	37
2L	22198157	22179099	Deletion	19058
2L	22198157	22198209	Deletion	52
2L	22198157	22198206	Deletion	49
2L	22198157	22198264	Deletion	107
2L	22198157	22198246	Deletion	89
2L	22198157	22198269	Deletion	112
2L	22199750	22199850	Deletion	100
2L	22199807	22199850	Deletion	43
2L	22201441	22199850	Deletion	1591
2L	22220053	22220085	Deletion	32
2L	22220053	22220158	Deletion	105
2L	22220053	22220135	Deletion	82
2L	22220053	22220156	Deletion	103
2L	22220053	22220103	Deletion	50
2L	22220053	22220134	Deletion	81
2L	22220053	22220167	Deletion	114
2L	22220053	22220099	Deletion	46
2L	22220807	22220895	Deletion	88
2L	22220809	22220895	Deletion	86
2L	22220815	22220895	Deletion	80
2L	22220823	22220895	Deletion	72
2L	22220837	22220895	Deletion	58
2L	22220966	22220895	Deletion	71
2L	22220966	22221004	Deletion	38
2L	22220966	22221012	Deletion	46
2L	22220966	22221020	Deletion	54
2L	22220966	22221006	Deletion	40
2L	22234987	22235050	Deletion	63
2L	22240734	22235050	Deletion	5684
2L	22240734	22240835	Deletion	101
2L	22240734	22240798	Deletion	64
2L	22267467	22267589	Deletion	122
2L	22267512	22267589	Deletion	77
2L	22280988	22268745	Deletion	12243
2L	22280988	22281057	Deletion	69
2L	22280988	22281092	Deletion	104
2L	22291427	22291499	Deletion	72
2L	22291427	22291501	Deletion	74
2L	22291558	22291661	Deletion	103
2L	22315887	22315804	Deletion	83
2L	22315887	22316007	Deletion	120
2L	22318624	22318714	Deletion	90
2L	22318637	22318714	Deletion	77
2L	22318641	22318714	Deletion	73
2L	22318642	22318714	Deletion	72
2L	22318645	22318714	Deletion	69
2L	22318663	22318714	Deletion	51
2L	22318877	22318714	Deletion	163
2L	22318877	22318994	Deletion	117
2L	22318877	22318926	Deletion	49
2L	22318877	22318930	Deletion	53
2L	22318877	22318931	Deletion	54
2L	22318877	22318952	Deletion	75
2L	22318877	22318913	Deletion	36
2L	22319525	22319607	Deletion	82
2L	22319547	22319607	Deletion	60
2L	22319793	22319607	Deletion	186
2L	22319793	22319905	Deletion	112
2L	22319793	22319837	Deletion	44
2L	22319793	22319830	Deletion	37
2L	22319793	22319859	Deletion	66
2L	22341505	22341572	Deletion	67
2L	22341519	22341572	Deletion	53
2L	22341718	22341572	Deletion	146
2L	22341718	22341838	Deletion	120
2L	22341718	22341773	Deletion	55
2L	22341718	22341791	Deletion	73
2L	22341718	22341819	Deletion	101
2L	22341718	22341840	Deletion	122
2L	22341718	22341818	Deletion	100
2L	22354545	22354652	Deletion	107
2L	22354546	22354652	Deletion	106
2L	22354558	22354652	Deletion	94
2L	22354559	22354652	Deletion	93
2L	22354561	22354652	Deletion	91
2L	22354592	22354652	Deletion	60
2L	22355018	22354652	Deletion	366
2L	22355018	22355085	Deletion	67
2L	22355018	22355123	Deletion	105
2L	22355018	22355133	Deletion	115
2L	22355018	22355138	Deletion	120
2L	22355018	22355136	Deletion	118
2L	22355018	22355054	Deletion	36
2L	22355018	22355051	Deletion	33
2L	22362599	22362696	Deletion	97
2L	22362610	22362696	Deletion	86
2L	22362621	22362696	Deletion	75
2L	22362626	22362696	Deletion	70
2L	22362627	22362696	Deletion	69
2L	22362628	22362696	Deletion	68
2L	22377175	22362696	Deletion	14479
2L	22377175	22377278	Deletion	103
2L	22377175	22377239	Deletion	64
2L	22377175	22377238	Deletion	63
2L	22377175	22377232	Deletion	57
2L	22406212	22397467	Deletion	8745
2L	22406212	22406317	Deletion	105
2L	22406212	22406295	Deletion	83
2L	22406212	22406304	Deletion	92
2L	22406212	22406281	Deletion	69
2L	22406213	22406327	Deletion	114
2L	22407468	22407560	Deletion	92
2L	22407475	22407560	Deletion	85
2L	22407485	22407560	Deletion	75
2L	22408967	22407560	Deletion	1407
2L	22408967	22409020	Deletion	53
2L	22408967	22409010	Deletion	43
2L	22408967	22409087	Deletion	120
2L	22408967	22409002	Deletion	35
2L	22408967	22409054	Deletion	87
2L	22420125	22420241	Deletion	116
2L	22420148	22420241	Deletion	93
2L	22420158	22420238	Deletion	80
2L	22420189	22420241	Deletion	52
2L	22420205	22420241	Deletion	36
2L	22420341	22420241	Deletion	100
2L	22420341	22420383	Deletion	42
2L	22420341	22420384	Deletion	43
2L	22420341	22420399	Deletion	58
2L	22420341	22420442	Deletion	101
2L	22421287	22421371	Deletion	84
2L	22421311	22421371	Deletion	60
2L	22422015	22422051	Deletion	36
2L	22423112	22423110	Deletion	2
2L	22423163	22423234	Deletion	71
2L	22437296	22437381	Deletion	85
2L	22485608	22485629	Deletion	21
2L	22485608	22485658	Deletion	50
2L	22492011	22492077	Deletion	66
2L	22495938	22496007	Deletion	69
2L	22495938	22496046	Deletion	108
2L	22497613	22497495	Deletion	118
2L	22497613	22497692	Deletion	79
2L	22497613	22497723	Deletion	110
2L	22497613	22497653	Deletion	40
2L	22503476	22503532	Deletion	56
2L	22524646	22524765	Deletion	119
2L	22524646	22524750	Deletion	104
2L	22524646	22524768	Deletion	122
2L	22529488	22529598	Deletion	110
2L	22529515	22529598	Deletion	83
2L	22529521	22529598	Deletion	77
2L	22529539	22529598	Deletion	59
2L	22529560	22529598	Deletion	38
2L	22529714	22529598	Deletion	116
2L	22529714	22529758	Deletion	44
2L	22530966	22531036	Deletion	70
2L	22565404	22565516	Deletion	112
2L	22565411	22565516	Deletion	105
2L	22565680	22565516	Deletion	164
2L	22565680	22565737	Deletion	57
2L	22565680	22565785	Deletion	105
2L	22565680	22565761	Deletion	81
2L	22586676	22586748	Deletion	72
2L	22586676	22586783	Deletion	107
2L	22592841	22592937	Deletion	96
2L	22592841	22592948	Deletion	107
2L	22592841	22592931	Deletion	90
2L	22603337	22603409	Deletion	72
2L	22603360	22603409	Deletion	49
2L	22603465	22603544	Deletion	79
2L	22603465	22603522	Deletion	57
2L	22603465	22603521	Deletion	56
2L	22605479	22605564	Deletion	85
2L	22608147	22608203	Deletion	56
2L	22615124	22615166	Deletion	42
2L	22615375	22615166	Deletion	209
2L	22615378	22615414	Deletion	36
2L	22616321	22616023	Deletion	298
2L	22616607	22616399	Deletion	208
2L	22620658	22620729	Deletion	71
2L	22620785	22620819	Deletion	34
2L	22623292	22623396	Deletion	104
2L	22623594	22623396	Deletion	198
2L	22623724	22623644	Deletion	80
2L	22624682	22624796	Deletion	114
2L	22633494	22633606	Deletion	112
2L	22633523	22633606	Deletion	83
2L	22633567	22633606	Deletion	39
2L	22644999	22645104	Deletion	105
2L	22645002	22645104	Deletion	102
2L	22645011	22645104	Deletion	93
2L	22645031	22645104	Deletion	73
2L	22645064	22645104	Deletion	40
2L	22645830	22645104	Deletion	726
2L	22645830	22645941	Deletion	111
2L	22645830	22645883	Deletion	53
2L	22645830	22645916	Deletion	86
2L	22652498	22652560	Deletion	62
2L	22662661	22662751	Deletion	90
2L	22662908	22662751	Deletion	157
2L	22663754	22663845	Deletion	91
2L	22670804	22670880	Deletion	76
2L	22670804	22670837	Deletion	33
2L	22670804	22670868	Deletion	64
2L	22670804	22670834	Deletion	30
2L	22673529	22673632	Deletion	103
2L	22673547	22673632	Deletion	85
2L	22673554	22673632	Deletion	78
2L	22675643	22673632	Deletion	2011
2L	22675643	22675691	Deletion	48
2L	22675643	22675758	Deletion	115
2L	22743117	22743064	Deletion	53
2L	22743117	22743230	Deletion	113
2L	22744023	22744072	Deletion	49
2L	22744033	22744072	Deletion	39
2L	22745208	22744072	Deletion	1136
2L	22745208	22745295	Deletion	87
2L	22745208	22745316	Deletion	108
2L	22746592	22746693	Deletion	101
2L	22746593	22746693	Deletion	100
2L	22746595	22746693	Deletion	98
2L	22746603	22746693	Deletion	90
2L	22746637	22746693	Deletion	56
2L	22746639	22746693	Deletion	54
2L	22746660	22746693	Deletion	33
2L	22753224	22746693	Deletion	6531
2L	22753224	22753257	Deletion	33
2L	22753224	22753291	Deletion	67
2L	22753224	22753324	Deletion	100
2L	22753224	22753314	Deletion	90
2L	22761546	22761614	Deletion	68
2L	22761547	22761614	Deletion	67
2L	22761560	22761614	Deletion	54
2L	22764334	22761614	Deletion	2720
2L	22764334	22764406	Deletion	72
2L	22764334	22764370	Deletion	36
2L	22764334	22764457	Deletion	123
2L	22764334	22764393	Deletion	59
2L	22764334	22764453	Deletion	119
2L	22765417	22765492	Deletion	75
2L	22765417	22765480	Deletion	63
2L	22765417	22765487	Deletion	70
2L	22777130	22777243	Deletion	113
2L	22777146	22777243	Deletion	97
2L	22777201	22777243	Deletion	42
2L	22789877	22789984	Deletion	107
2L	22793911	22789984	Deletion	3927
2L	22793911	22794019	Deletion	108
2L	22794386	22794508	Deletion	122
2L	22794386	22794434	Deletion	48
2L	22794386	22794494	Deletion	108
2L	22799802	22799921	Deletion	119
2L	22799802	22799839	Deletion	37
2L	22799802	22799905	Deletion	103
2L	22812841	22812949	Deletion	108
2L	22868485	22868551	Deletion	66
2L	22872407	22868551	Deletion	3856
2L	22881725	22881847	Deletion	122
2L	22896021	22896106	Deletion	85
2L	22918039	22918103	Deletion	64
2L	22925941	22920490	Deletion	5451
2L	22925941	22926002	Deletion	61
2L	22925941	22925971	Deletion	30
2L	22925941	22926049	Deletion	108
2L	22925941	22925983	Deletion	42
2L	22925941	22926039	Deletion	98
2L	22935806	22935886	Deletion	80
2L	22935817	22935886	Deletion	69
2L	22935820	22935886	Deletion	66
2L	22937842	22937964	Deletion	122
2L	22937842	22937963	Deletion	121
2L	22937842	22937890	Deletion	48
2L	22937842	22937943	Deletion	101
2L	22937842	22937901	Deletion	59
2L	22969535	22969575	Deletion	40
2L	22971770	22969575	Deletion	2195
2L	22971770	22971889	Deletion	119
2L	22971770	22971888	Deletion	118
2L	22971770	22971816	Deletion	46
2L	22971770	22971856	Deletion	86
2L	22984600	22984655	Deletion	55
2L	22985455	22984655	Deletion	800
2L	22985455	22985526	Deletion	71
2L	22985455	22985495	Deletion	40
2L	22985455	22985560	Deletion	105
2L	22985716	22985820	Deletion	104
2L	22985749	22985820	Deletion	71
2L	22985768	22985820	Deletion	52
2L	22986396	22985820	Deletion	576
2L	22986396	22986499	Deletion	103
2L	22986396	22986507	Deletion	111
2L	22986396	22986514	Deletion	118
2L	22986396	22986451	Deletion	55
2L	22986396	22986470	Deletion	74
2L	22986396	22986509	Deletion	113
2L	22992788	22992901	Deletion	113
2L	22992793	22992901	Deletion	108
2L	22992797	22992901	Deletion	104
2L	22992814	22992901	Deletion	87
2L	22994597	22992901	Deletion	1696
2L	22994597	22994698	Deletion	101
2L	22994597	22994636	Deletion	39
2L	23022055	23022136	Deletion	81
2L	23022686	23022136	Deletion	550
2L	23022686	23022718	Deletion	32
2L	23028727	23028809	Deletion	82
2L	23028729	23028809	Deletion	80
2L	23028731	23028809	Deletion	78
2L	23028748	23028809	Deletion	61
2L	23028773	23028809	Deletion	36
2L	23036254	23028809	Deletion	7445
2L	23036254	23036344	Deletion	90
2L	23036254	23036319	Deletion	65
2L	23036254	23036298	Deletion	44
2L	23036254	23036300	Deletion	46
2L	23036254	23036302	Deletion	48
2L	23043844	23043926	Deletion	82
2L	23043852	23043926	Deletion	74
2L	23043856	23043926	Deletion	70
2L	23044807	23043926	Deletion	881
2L	23044807	23044863	Deletion	56
2L	23044807	23044925	Deletion	118
2L	23044807	23044910	Deletion	103
2L	23046517	23046637	Deletion	120
2L	23046554	23046637	Deletion	83
2L	23046570	23046637	Deletion	67
2L	23056339	23056454	Deletion	115
2L	23056339	23056382	Deletion	43
2L	23056339	23056452	Deletion	113
2L	23068911	23069029	Deletion	118
2L	23068911	23068982	Deletion	71
2L	23068911	23068996	Deletion	85
2L	23068911	23069033	Deletion	122
2L	23068911	23068951	Deletion	40
2L	23068911	23068979	Deletion	68
2L	23068911	23068967	Deletion	56
2L	23072497	23072576	Deletion	79
2L	23075550	23072576	Deletion	2974
2L	23098092	23098180	Deletion	88
2L	23100256	23100348	Deletion	92
2L	23100407	23100492	Deletion	85
2L	23100407	23100524	Deletion	117
2L	23102579	23102688	Deletion	109
2L	23119312	23119385	Deletion	73
2L	23131308	23130784	Deletion	524
2L	23131308	23131354	Deletion	46
2L	23135059	23135135	Deletion	76
2L	23135068	23135135	Deletion	67
2L	23135071	23135135	Deletion	64
2L	23135075	23135135	Deletion	60
2L	23140170	23140231	Deletion	61
2L	23141557	23141671	Deletion	114
2L	23144477	23144547	Deletion	70
2L	23144482	23144547	Deletion	65
2L	23144493	23144547	Deletion	54
2L	23144503	23144547	Deletion	44
2L	23144557	23144547	Deletion	10
2L	23148330	23148422	Deletion	92
2L	23148330	23148392	Deletion	62
2L	23151541	23151614	Deletion	73
2L	23153130	23153218	Deletion	88
2L	23159106	23159159	Deletion	53
2L	23169843	23169880	Deletion	37
2L	23169849	23169889	Deletion	40
2L	23170211	23169889	Deletion	322
2L	23170211	23170298	Deletion	87
2L	23172819	23172880	Deletion	61
2L	23172981	23172880	Deletion	101
2L	23172981	23173047	Deletion	66
2L	23172981	23173104	Deletion	123
2L	23215824	23215909	Deletion	85
2L	23215849	23215909	Deletion	60
2L	23220026	23220098	Deletion	72
2L	23231274	23231377	Deletion	103
2L	23231296	23231377	Deletion	81
2L	23231341	23231377	Deletion	36
2L	23232010	23231377	Deletion	633
2L	23232010	23232055	Deletion	45
2L	23239871	23239976	Deletion	105
2L	23239933	23239976	Deletion	43
2L	23242766	23239976	Deletion	2790
2L	23242769	23242849	Deletion	80
2L	23248418	23248468	Deletion	50
2L	23248558	23248468	Deletion	90
2L	23248558	23248625	Deletion	67
2L	23249866	23249987	Deletion	121
2L	23264220	23264289	Deletion	69
2L	23264229	23264289	Deletion	60
2L	23264231	23264289	Deletion	58
2L	23264363	23264289	Deletion	74
2L	23264363	23264421	Deletion	58
2L	23279633	23279743	Deletion	110
2L	23281416	23281495	Deletion	79
2L	23281416	23281525	Deletion	109
2L	23282436	23282481	Deletion	45
2L	23313627	23313679	Deletion	52
2L	23317362	23317464	Deletion	102
2L	23317362	23317436	Deletion	74
2L	23317362	23317465	Deletion	103
2L	23320559	23320628	Deletion	69
2L	23320573	23320628	Deletion	55
2L	23320588	23320628	Deletion	40
2L	23320711	23320628	Deletion	83
2L	23320711	23320797	Deletion	86
2L	23320711	23320782	Deletion	71
2L	23321680	23321769	Deletion	89
2L	23338346	23338400	Deletion	54
2L	23340088	23338400	Deletion	1688
2L	23340088	23340161	Deletion	73
2L	23340088	23340188	Deletion	100
2L	23342934	23343042	Deletion	108
2L	23343582	23343042	Deletion	540
2L	23343582	23343706	Deletion	124
2L	23348797	23348906	Deletion	109
2L	23348838	23348906	Deletion	68
2L	23348841	23348906	Deletion	65
2L	23348851	23348906	Deletion	55
2L	23348853	23348906	Deletion	53
2L	23348862	23348906	Deletion	44
2L	23374179	23374222	Deletion	43
2L	23378487	23378566	Deletion	79
2L	23378493	23378566	Deletion	73
2L	23378496	23378566	Deletion	70
2L	23378712	23378828	Deletion	116
2L	23392559	23392672	Deletion	113
2L	23392579	23392672	Deletion	93
2L	23392582	23392672	Deletion	90
2L	23392609	23392672	Deletion	63
2L	23392628	23392672	Deletion	44
2L	23393120	23392672	Deletion	448
2L	23393120	23393224	Deletion	104
2L	23393120	23393153	Deletion	33
2L	23393120	23393183	Deletion	63
2L	23393120	23393231	Deletion	111
2L	23393120	23393221	Deletion	101
2L	23393120	23393202	Deletion	82
2L	23396797	23396863	Deletion	66
2L	23397453	23396863	Deletion	590
2L	23397453	23397563	Deletion	110
2L	23397453	23397577	Deletion	124
2L	23397453	23397486	Deletion	33
2L	23397453	23397572	Deletion	119
2L	23416160	23416216	Deletion	56
2L	23418494	23418557	Deletion	63
2L	23418494	23418614	Deletion	120
2L	23418494	23418558	Deletion	64
2L	23458820	23458923	Deletion	103
2L	23458821	23458923	Deletion	102
2L	23458988	23458923	Deletion	65
2L	23491140	23491241	Deletion	101
2L	23491141	23491241	Deletion	100
2L	23491150	23491241	Deletion	91
2L	23491165	23491241	Deletion	76
2L	23491170	23491241	Deletion	71
2L	23491193	23491241	Deletion	48
2L	23491200	23491241	Deletion	41
2L	23492831	23491241	Deletion	1590
2L	23503932	23504046	Deletion	114
2L	23503950	23504046	Deletion	96
2L	23503952	23504046	Deletion	94
2L	23503962	23504046	Deletion	84
2L	23503972	23504046	Deletion	74
2L	23503990	23504046	Deletion	56
2L	23504217	23504046	Deletion	171
2L	23504872	23504270	Deletion	602
2L	23504872	23504928	Deletion	56
2L	23504872	23504946	Deletion	74
2L	23504872	23504973	Deletion	101
2L	23504872	23504906	Deletion	34
2L	23504872	23504908	Deletion	36
2L	23508783	23508888	Deletion	105
2L	23508804	23508888	Deletion	84
2L	23511121	23511173	Deletion	52
2R	2413	2484	Deletion	71
2R	2414	2484	Deletion	70
2R	4277	4368	Deletion	91
2R	4295	4368	Deletion	73
2R	4297	4368	Deletion	71
2R	4304	4368	Deletion	64
2R	4331	4368	Deletion	37
2R	4468	4368	Deletion	100
2R	4468	4551	Deletion	83
2R	4468	4574	Deletion	106
2R	7237	7348	Deletion	111
2R	7411	7348	Deletion	63
2R	7411	7467	Deletion	56
2R	7411	7502	Deletion	91
2R	7411	7466	Deletion	55
2R	8332	8410	Deletion	78
2R	23783	23877	Deletion	94
2R	24309	24426	Deletion	117
2R	24363	24426	Deletion	63
2R	24526	24426	Deletion	100
2R	24526	24590	Deletion	64
2R	24526	24632	Deletion	106
2R	24526	24638	Deletion	112
2R	24526	24606	Deletion	80
2R	30278	30388	Deletion	110
2R	30278	30392	Deletion	114
2R	81342	81455	Deletion	113
2R	81390	81455	Deletion	65
2R	81402	81455	Deletion	53
2R	81407	81455	Deletion	48
2R	81414	81455	Deletion	41
2R	81974	81455	Deletion	519
2R	81974	82035	Deletion	61
2R	81974	82047	Deletion	73
2R	81974	82059	Deletion	85
2R	94020	94071	Deletion	51
2R	126062	126162	Deletion	100
2R	129887	129985	Deletion	98
2R	129911	129985	Deletion	74
2R	129951	129985	Deletion	34
2R	149066	149170	Deletion	104
2R	163343	149170	Deletion	14173
2R	163343	163397	Deletion	54
2R	164486	164583	Deletion	97
2R	164500	164584	Deletion	84
2R	164518	164584	Deletion	66
2R	164520	164584	Deletion	64
2R	164549	164584	Deletion	35
2R	178370	178481	Deletion	111
2R	178933	179024	Deletion	91
2R	178933	178993	Deletion	60
2R	178933	179040	Deletion	107
2R	178933	179038	Deletion	105
2R	178933	178995	Deletion	62
2R	178933	179031	Deletion	98
2R	178933	178975	Deletion	42
2R	186085	186177	Deletion	92
2R	186146	186187	Deletion	41
2R	285749	285839	Deletion	90
2R	291522	291584	Deletion	62
2R	291536	291584	Deletion	48
2R	292027	291584	Deletion	443
2R	292027	292136	Deletion	109
2R	292027	292106	Deletion	79
2R	297660	297767	Deletion	107
2R	297662	297767	Deletion	105
2R	297676	297767	Deletion	91
2R	297722	297767	Deletion	45
2R	300545	300627	Deletion	82
2R	318838	318875	Deletion	37
2R	320456	320568	Deletion	112
2R	320485	320568	Deletion	83
2R	320502	320568	Deletion	66
2R	336263	320568	Deletion	15695
2R	353227	353284	Deletion	57
2R	353245	353284	Deletion	39
2R	366605	366716	Deletion	111
2R	372061	372150	Deletion	89
2R	372527	372564	Deletion	37
2R	385654	385757	Deletion	103
2R	386844	386932	Deletion	88
2R	405925	406011	Deletion	86
2R	405937	406011	Deletion	74
2R	405944	406011	Deletion	67
2R	448450	448538	Deletion	88
2R	448450	448520	Deletion	70
2R	484433	484482	Deletion	49
2R	495449	495481	Deletion	32
2R	495451	495481	Deletion	30
2R	495917	495481	Deletion	436
2R	495917	496013	Deletion	96
2R	495917	495975	Deletion	58
2R	498419	498499	Deletion	80
2R	498425	498499	Deletion	74
2R	498432	498499	Deletion	67
2R	509813	507666	Deletion	2147
2R	509813	509906	Deletion	93
2R	509813	509887	Deletion	74
2R	509813	509908	Deletion	95
2R	509813	509891	Deletion	78
2R	509813	509845	Deletion	32
2R	509853	509962	Deletion	109
2R	509859	509962	Deletion	103
2R	509910	509962	Deletion	52
2R	509914	509962	Deletion	48
2R	509917	509962	Deletion	45
2R	510692	509962	Deletion	730
2R	510692	510773	Deletion	81
2R	510692	510770	Deletion	78
2R	510692	510789	Deletion	97
2R	511128	511201	Deletion	73
2R	511129	511201	Deletion	72
2R	518385	518471	Deletion	86
2R	518840	518954	Deletion	114
2R	531692	531737	Deletion	45
2R	531692	531801	Deletion	109
2R	538392	538500	Deletion	108
2R	538392	538481	Deletion	89
2R	538392	538429	Deletion	37
2R	538392	538507	Deletion	115
2R	538392	538489	Deletion	97
2R	538392	538484	Deletion	92
2R	538392	538479	Deletion	87
2R	538392	538501	Deletion	109
2R	539533	539617	Deletion	84
2R	539538	539617	Deletion	79
2R	551099	539617	Deletion	11482
2R	551099	551177	Deletion	78
2R	551099	551183	Deletion	84
2R	551099	551146	Deletion	47
2R	551099	551211	Deletion	112
2R	551099	551221	Deletion	122
2R	577513	577619	Deletion	106
2R	577525	577619	Deletion	94
2R	577538	577619	Deletion	81
2R	577551	577619	Deletion	68
2R	577554	577619	Deletion	65
2R	577563	577619	Deletion	56
2R	577583	577619	Deletion	36
2R	577698	577756	Deletion	58
2R	577698	577800	Deletion	102
2R	577698	577743	Deletion	45
2R	577698	577788	Deletion	90
2R	577698	577730	Deletion	32
2R	578991	579087	Deletion	96
2R	578998	579087	Deletion	89
2R	579032	579087	Deletion	55
2R	579035	579087	Deletion	52
2R	580923	579087	Deletion	1836
2R	585655	585770	Deletion	115
2R	585655	585729	Deletion	74
2R	598157	598276	Deletion	119
2R	598204	598276	Deletion	72
2R	598215	598276	Deletion	61
2R	603535	603591	Deletion	56
2R	603535	603657	Deletion	122
2R	603535	603629	Deletion	94
2R	603535	603602	Deletion	67
2R	603535	603649	Deletion	114
2R	621891	621928	Deletion	37
2R	624092	621928	Deletion	2164
2R	624092	624207	Deletion	115
2R	624092	624204	Deletion	112
2R	624092	624154	Deletion	62
2R	634159	634269	Deletion	110
2R	634164	634269	Deletion	105
2R	634169	634269	Deletion	100
2R	634192	634269	Deletion	77
2R	634199	634269	Deletion	70
2R	634214	634269	Deletion	55
2R	634224	634269	Deletion	45
2R	634225	634269	Deletion	44
2R	634860	634269	Deletion	591
2R	639433	634895	Deletion	4538
2R	639433	639482	Deletion	49
2R	639433	639504	Deletion	71
2R	639433	639515	Deletion	82
2R	639433	639489	Deletion	56
2R	639433	639514	Deletion	81
2R	643114	643204	Deletion	90
2R	643157	643204	Deletion	47
2R	643169	643204	Deletion	35
2R	643431	643204	Deletion	227
2R	643431	643522	Deletion	91
2R	643431	643510	Deletion	79
2R	643431	643531	Deletion	100
2R	643431	643545	Deletion	114
2R	658355	658434	Deletion	79
2R	658355	658402	Deletion	47
2R	658355	658445	Deletion	90
2R	659122	659242	Deletion	120
2R	659145	659242	Deletion	97
2R	659148	659242	Deletion	94
2R	659176	659242	Deletion	66
2R	659180	659242	Deletion	62
2R	659181	659242	Deletion	61
2R	659203	659242	Deletion	39
2R	659472	659242	Deletion	230
2R	659472	659536	Deletion	64
2R	659472	659594	Deletion	122
2R	659472	659537	Deletion	65
2R	659472	659532	Deletion	60
2R	659472	659559	Deletion	87
2R	659472	659570	Deletion	98
2R	659472	659579	Deletion	107
2R	659472	659578	Deletion	106
2R	670800	670859	Deletion	59
2R	671743	670859	Deletion	884
2R	671743	671796	Deletion	53
2R	671743	671859	Deletion	116
2R	671743	671810	Deletion	67
2R	671743	671848	Deletion	105
2R	711173	711287	Deletion	114
2R	711173	711274	Deletion	101
2R	731629	731732	Deletion	103
2R	731637	731732	Deletion	95
2R	731656	731732	Deletion	76
2R	736815	731732	Deletion	5083
2R	736857	736861	Deletion	4
2R	748795	748861	Deletion	66
2R	748829	748891	Deletion	62
2R	749031	748866	Deletion	165
2R	771279	771389	Deletion	110
2R	773598	773681	Deletion	83
2R	776349	776467	Deletion	118
2R	785055	785151	Deletion	96
2R	785055	785099	Deletion	44
2R	791920	791990	Deletion	70
2R	796792	796875	Deletion	83
2R	820140	820241	Deletion	101
2R	820156	820241	Deletion	85
2R	820167	820241	Deletion	74
2R	841567	841651	Deletion	84
2R	849198	849284	Deletion	86
2R	849208	849284	Deletion	76
2R	849352	849401	Deletion	49
2R	855730	855773	Deletion	43
2R	855730	855849	Deletion	119
2R	859071	859178	Deletion	107
2R	859096	859178	Deletion	82
2R	859103	859178	Deletion	75
2R	863105	859178	Deletion	3927
2R	863105	863183	Deletion	78
2R	863105	863213	Deletion	108
2R	876322	876384	Deletion	62
2R	876322	876444	Deletion	122
2R	883529	883559	Deletion	30
2R	918849	918926	Deletion	77
2R	934266	924323	Deletion	9943
2R	934266	934315	Deletion	49
2R	934266	934362	Deletion	96
2R	934266	934307	Deletion	41
2R	945214	945319	Deletion	105
2R	945246	945319	Deletion	73
2R	945277	945319	Deletion	42
2R	953382	945319	Deletion	8063
2R	953382	953494	Deletion	112
2R	953382	953497	Deletion	115
2R	953382	953498	Deletion	116
2R	974126	974223	Deletion	97
2R	974139	974223	Deletion	84
2R	974140	974223	Deletion	83
2R	974160	974220	Deletion	60
2R	974181	974223	Deletion	42
2R	974184	974223	Deletion	39
2R	974185	974223	Deletion	38
2R	975440	974223	Deletion	1217
2R	975441	975486	Deletion	45
2R	975441	975527	Deletion	86
2R	975441	975485	Deletion	44
2R	975441	975506	Deletion	65
2R	975441	975560	Deletion	119
2R	975441	975531	Deletion	90
2R	975441	975530	Deletion	89
2R	975441	975472	Deletion	31
2R	995314	995401	Deletion	87
2R	995316	995401	Deletion	85
2R	995322	995401	Deletion	79
2R	995327	995401	Deletion	74
2R	995352	995401	Deletion	49
2R	995370	995401	Deletion	31
2R	995467	995401	Deletion	66
2R	995467	995519	Deletion	52
2R	995467	995544	Deletion	77
2R	995467	995508	Deletion	41
2R	995467	995514	Deletion	47
2R	995467	995562	Deletion	95
2R	995467	995506	Deletion	39
2R	999904	999997	Deletion	93
2R	999932	999997	Deletion	65
2R	999957	999997	Deletion	40
2R	1006369	1006403	Deletion	34
2R	1006369	1006431	Deletion	62
2R	1007369	1007463	Deletion	94
2R	1007372	1007463	Deletion	91
2R	1008476	1007463	Deletion	1013
2R	1008476	1008512	Deletion	36
2R	1016449	1016493	Deletion	44
2R	1016455	1016493	Deletion	38
2R	1016694	1016493	Deletion	201
2R	1016694	1016812	Deletion	118
2R	1016694	1016788	Deletion	94
2R	1016694	1016776	Deletion	82
2R	1032034	1031976	Deletion	58
2R	1032067	1032125	Deletion	58
2R	1032067	1032164	Deletion	97
2R	1044715	1044798	Deletion	83
2R	1044715	1044751	Deletion	36
2R	1059926	1060038	Deletion	112
2R	1069894	1069971	Deletion	77
2R	1069896	1069971	Deletion	75
2R	1069904	1069971	Deletion	67
2R	1069917	1069971	Deletion	54
2R	1072190	1069971	Deletion	2219
2R	1072190	1072241	Deletion	51
2R	1072190	1072249	Deletion	59
2R	1072190	1072262	Deletion	72
2R	1083974	1084051	Deletion	77
2R	1112274	1112354	Deletion	80
2R	1149228	1149295	Deletion	67
2R	1149264	1149295	Deletion	31
2R	1151136	1149295	Deletion	1841
2R	1151136	1151177	Deletion	41
2R	1151136	1151195	Deletion	59
2R	1152445	1152544	Deletion	99
2R	1152467	1152544	Deletion	77
2R	1152590	1152541	Deletion	49
2R	1173776	1173877	Deletion	101
2R	1173776	1173835	Deletion	59
2R	1181542	1181620	Deletion	78
2R	1186381	1186483	Deletion	102
2R	1186409	1186483	Deletion	74
2R	1193773	1193886	Deletion	113
2R	1226667	1226769	Deletion	102
2R	1226667	1226743	Deletion	76
2R	1229293	1229405	Deletion	112
2R	1229343	1229405	Deletion	62
2R	1239647	1239682	Deletion	35
2R	1248078	1248126	Deletion	48
2R	1248078	1248143	Deletion	65
2R	1281131	1280944	Deletion	187
2R	1282767	1282854	Deletion	87
2R	1282767	1282885	Deletion	118
2R	1282767	1282816	Deletion	49
2R	1285117	1285148	Deletion	31
2R	1290449	1290501	Deletion	52
2R	1290898	1290501	Deletion	397
2R	1293675	1290970	Deletion	2705
2R	1293675	1293774	Deletion	99
2R	1293675	1293796	Deletion	121
2R	1296026	1296109	Deletion	83
2R	1296059	1296109	Deletion	50
2R	1296069	1296109	Deletion	40
2R	1301157	1300760	Deletion	397
2R	1301157	1301204	Deletion	47
2R	1301157	1301274	Deletion	117
2R	1301160	1301233	Deletion	73
2R	1301181	1301279	Deletion	98
2R	1301182	1301279	Deletion	97
2R	1303934	1301279	Deletion	2655
2R	1306259	1306358	Deletion	99
2R	1306266	1306358	Deletion	92
2R	1306281	1306326	Deletion	45
2R	1306920	1307000	Deletion	80
2R	1306920	1307025	Deletion	105
2R	1306920	1307037	Deletion	117
2R	1311424	1311490	Deletion	66
2R	1311424	1311509	Deletion	85
2R	1345877	1345925	Deletion	48
2R	1345884	1345925	Deletion	41
2R	1360021	1360127	Deletion	106
2R	1360028	1360127	Deletion	99
2R	1360030	1360127	Deletion	97
2R	1360044	1360127	Deletion	83
2R	1365068	1365098	Deletion	30
2R	1414700	1414763	Deletion	63
2R	1414700	1414790	Deletion	90
2R	1420952	1421048	Deletion	96
2R	1420981	1421048	Deletion	67
2R	1420989	1421048	Deletion	59
2R	1420999	1421048	Deletion	49
2R	1431006	1421048	Deletion	9958
2R	1431006	1431083	Deletion	77
2R	1431006	1431120	Deletion	114
2R	1431006	1431106	Deletion	100
2R	1431006	1431096	Deletion	90
2R	1431006	1431036	Deletion	30
2R	1431006	1431065	Deletion	59
2R	1431006	1431128	Deletion	122
2R	1471900	1471664	Deletion	236
2R	1472054	1471939	Deletion	115
2R	1472097	1472077	Deletion	20
2R	1472097	1472205	Deletion	108
2R	1472097	1472191	Deletion	94
2R	1472097	1472171	Deletion	74
2R	1472271	1472350	Deletion	79
2R	1472284	1472350	Deletion	66
2R	1472294	1472350	Deletion	56
2R	1472296	1472326	Deletion	30
2R	1472450	1472350	Deletion	100
2R	1472450	1472520	Deletion	70
2R	1472450	1472539	Deletion	89
2R	1476300	1476370	Deletion	70
2R	1484121	1483065	Deletion	1056
2R	1484121	1484233	Deletion	112
2R	1484121	1484244	Deletion	123
2R	1484121	1484232	Deletion	111
2R	1484121	1484229	Deletion	108
2R	1496202	1496293	Deletion	91
2R	1499325	1499363	Deletion	38
2R	1499329	1499363	Deletion	34
2R	1499562	1499363	Deletion	199
2R	1499562	1499655	Deletion	93
2R	1499562	1499651	Deletion	89
2R	1536048	1536105	Deletion	57
2R	1536051	1536105	Deletion	54
2R	1536063	1536105	Deletion	42
2R	1537672	1536105	Deletion	1567
2R	1537672	1537757	Deletion	85
2R	1537672	1537745	Deletion	73
2R	1537961	1538040	Deletion	79
2R	1554428	1554458	Deletion	30
2R	1555992	1556057	Deletion	65
2R	1555992	1556070	Deletion	78
2R	1555992	1556058	Deletion	66
2R	1555992	1556113	Deletion	121
2R	1556004	1556048	Deletion	44
2R	1556016	1556127	Deletion	111
2R	1556023	1556127	Deletion	104
2R	1556079	1556127	Deletion	48
2R	1556096	1556127	Deletion	31
2R	1569625	1569688	Deletion	63
2R	1570659	1570750	Deletion	91
2R	1570667	1570750	Deletion	83
2R	1570682	1570750	Deletion	68
2R	1570684	1570723	Deletion	39
2R	1570699	1570750	Deletion	51
2R	1570788	1570750	Deletion	38
2R	1571407	1571483	Deletion	76
2R	1571407	1571478	Deletion	71
2R	1576341	1576425	Deletion	84
2R	1576390	1576425	Deletion	35
2R	1581584	1581627	Deletion	43
2R	1620610	1620733	Deletion	123
2R	1620610	1620687	Deletion	77
2R	1620610	1620715	Deletion	105
2R	1626949	1627039	Deletion	90
2R	1648019	1648131	Deletion	112
2R	1648019	1648064	Deletion	45
2R	1677912	1677966	Deletion	54
2R	1683252	1683308	Deletion	56
2R	1683261	1683308	Deletion	47
2R	1683262	1683308	Deletion	46
2R	1683269	1683308	Deletion	39
2R	1683275	1683308	Deletion	33
2R	1685835	1683308	Deletion	2527
2R	1685835	1685928	Deletion	93
2R	1685835	1685915	Deletion	80
2R	1685835	1685871	Deletion	36
2R	1685835	1685957	Deletion	122
2R	1685835	1685922	Deletion	87
2R	1685835	1685955	Deletion	120
2R	1685835	1685905	Deletion	70
2R	1688740	1688825	Deletion	85
2R	1688744	1688825	Deletion	81
2R	1688876	1688922	Deletion	46
2R	1691067	1691180	Deletion	113
2R	1691080	1691180	Deletion	100
2R	1691082	1691180	Deletion	98
2R	1691083	1691180	Deletion	97
2R	1691099	1691180	Deletion	81
2R	1691116	1691180	Deletion	64
2R	1691133	1691180	Deletion	47
2R	1691135	1691180	Deletion	45
2R	1692323	1691180	Deletion	1143
2R	1692323	1692385	Deletion	62
2R	1692323	1692368	Deletion	45
2R	1692323	1692436	Deletion	113
2R	1692323	1692404	Deletion	81
2R	1692323	1692441	Deletion	118
2R	1707045	1707091	Deletion	46
2R	1707045	1707168	Deletion	123
2R	1707045	1707101	Deletion	56
2R	1707062	1707087	Deletion	25
2R	1725571	1725655	Deletion	84
2R	1725572	1725655	Deletion	83
2R	1725576	1725655	Deletion	79
2R	1725598	1725655	Deletion	57
2R	1725613	1725655	Deletion	42
2R	1726992	1727077	Deletion	85
2R	1726992	1727098	Deletion	106
2R	1726992	1727040	Deletion	48
2R	1726992	1727035	Deletion	43
2R	1726995	1727062	Deletion	67
2R	1732142	1732258	Deletion	116
2R	1732150	1732258	Deletion	108
2R	1732166	1732258	Deletion	92
2R	1732201	1732258	Deletion	57
2R	1734247	1732258	Deletion	1989
2R	1734247	1734348	Deletion	101
2R	1734247	1734316	Deletion	69
2R	1734247	1734281	Deletion	34
2R	1734247	1734357	Deletion	110
2R	1738316	1738432	Deletion	116
2R	1738349	1738432	Deletion	83
2R	1738481	1738432	Deletion	49
2R	1738481	1738528	Deletion	47
2R	1758044	1758082	Deletion	38
2R	1758044	1758101	Deletion	57
2R	1783910	1783980	Deletion	70
2R	1795051	1795158	Deletion	107
2R	1806646	1806677	Deletion	31
2R	1814531	1814565	Deletion	34
2R	1825729	1825748	Deletion	19
2R	1825777	1825792	Deletion	15
2R	1825995	1826013	Deletion	18
2R	1826095	1826183	Deletion	88
2R	1826540	1826588	Deletion	48
2R	1828506	1828628	Deletion	122
2R	1828507	1828628	Deletion	121
2R	1828516	1828628	Deletion	112
2R	1856405	1856439	Deletion	34
2R	1856405	1856492	Deletion	87
2R	1865444	1865499	Deletion	55
2R	1885004	1885091	Deletion	87
2R	1885053	1885091	Deletion	38
2R	1885056	1885091	Deletion	35
2R	1885103	1885091	Deletion	12
2R	1891792	1891892	Deletion	100
2R	1891832	1891892	Deletion	60
2R	1891843	1891892	Deletion	49
2R	1891844	1891892	Deletion	48
2R	1891848	1891892	Deletion	44
2R	1897229	1891892	Deletion	5337
2R	1897229	1897307	Deletion	78
2R	1897229	1897324	Deletion	95
2R	1897229	1897329	Deletion	100
2R	1897229	1897331	Deletion	102
2R	1897229	1897319	Deletion	90
2R	1897229	1897306	Deletion	77
2R	1897229	1897295	Deletion	66
2R	1932900	1932976	Deletion	76
2R	1940089	1940161	Deletion	72
2R	1940095	1940161	Deletion	66
2R	1948493	1948581	Deletion	88
2R	1948498	1948581	Deletion	83
2R	1960063	1960169	Deletion	106
2R	1960093	1960169	Deletion	76
2R	1960100	1960169	Deletion	69
2R	1960126	1960169	Deletion	43
2R	1960129	1960169	Deletion	40
2R	1961300	1960169	Deletion	1131
2R	1966040	1961333	Deletion	4707
2R	1966040	1966090	Deletion	50
2R	1966040	1966161	Deletion	121
2R	1966040	1966123	Deletion	83
2R	1966040	1966097	Deletion	57
2R	1967083	1967178	Deletion	95
2R	1967094	1967178	Deletion	84
2R	1967098	1967178	Deletion	80
2R	1967114	1967178	Deletion	64
2R	1967135	1967178	Deletion	43
2R	1978727	1978774	Deletion	47
2R	1978727	1978803	Deletion	76
2R	1978727	1978843	Deletion	116
2R	1989936	1989970	Deletion	34
2R	1989936	1989997	Deletion	61
2R	1989936	1989996	Deletion	60
2R	1989936	1990036	Deletion	100
2R	1998011	1998080	Deletion	69
2R	1998011	1998079	Deletion	68
2R	2006285	2006369	Deletion	84
2R	2006301	2006369	Deletion	68
2R	2006313	2006369	Deletion	56
2R	2019765	2019807	Deletion	42
2R	2019765	2019862	Deletion	97
2R	2019765	2019835	Deletion	70
2R	2019765	2019823	Deletion	58
2R	2084797	2084906	Deletion	109
2R	2084808	2084906	Deletion	98
2R	2084852	2084906	Deletion	54
2R	2084871	2084906	Deletion	35
2R	2085082	2084906	Deletion	176
2R	2085082	2085173	Deletion	91
2R	2086585	2086676	Deletion	91
2R	2086586	2086676	Deletion	90
2R	2086614	2086676	Deletion	62
2R	2086626	2086676	Deletion	50
2R	2086634	2086676	Deletion	42
2R	2086640	2086676	Deletion	36
2R	2087548	2086676	Deletion	872
2R	2087548	2087667	Deletion	119
2R	2087548	2087661	Deletion	113
2R	2087548	2087645	Deletion	97
2R	2087548	2087612	Deletion	64
2R	2087548	2087649	Deletion	101
2R	2087548	2087632	Deletion	84
2R	2087548	2087624	Deletion	76
2R	2087548	2087583	Deletion	35
2R	2099166	2099262	Deletion	96
2R	2099177	2099262	Deletion	85
2R	2099230	2099262	Deletion	32
2R	2099392	2099262	Deletion	130
2R	2101207	2101284	Deletion	77
2R	2105696	2105744	Deletion	48
2R	2107536	2107642	Deletion	106
2R	2107537	2107642	Deletion	105
2R	2107549	2107642	Deletion	93
2R	2107593	2107640	Deletion	47
2R	2107595	2107642	Deletion	47
2R	2107612	2107642	Deletion	30
2R	2107726	2107642	Deletion	84
2R	2107726	2107806	Deletion	80
2R	2107726	2107804	Deletion	78
2R	2107726	2107823	Deletion	97
2R	2107726	2107760	Deletion	34
2R	2119819	2117940	Deletion	1879
2R	2119819	2119911	Deletion	92
2R	2119819	2119921	Deletion	102
2R	2119819	2119939	Deletion	120
2R	2126166	2126248	Deletion	82
2R	2126194	2126248	Deletion	54
2R	2126204	2126248	Deletion	44
2R	2126207	2126248	Deletion	41
2R	2126323	2126248	Deletion	75
2R	2126323	2126438	Deletion	115
2R	2126323	2126401	Deletion	78
2R	2126323	2126414	Deletion	91
2R	2126323	2126373	Deletion	50
2R	2127876	2127988	Deletion	112
2R	2127920	2127988	Deletion	68
2R	2140363	2140476	Deletion	113
2R	2142653	2142731	Deletion	78
2R	2142654	2142731	Deletion	77
2R	2142674	2142731	Deletion	57
2R	2142688	2142731	Deletion	43
2R	2142785	2142731	Deletion	54
2R	2142785	2142905	Deletion	120
2R	2142785	2142869	Deletion	84
2R	2142785	2142902	Deletion	117
2R	2142785	2142884	Deletion	99
2R	2142785	2142834	Deletion	49
2R	2142785	2142835	Deletion	50
2R	2147699	2147795	Deletion	96
2R	2147737	2147795	Deletion	58
2R	2151039	2151161	Deletion	122
2R	2151039	2151149	Deletion	110
2R	2153255	2153356	Deletion	101
2R	2153427	2153356	Deletion	71
2R	2153427	2153551	Deletion	124
2R	2153427	2153510	Deletion	83
2R	2153427	2153493	Deletion	66
2R	2153427	2153483	Deletion	56
2R	2153431	2153513	Deletion	82
2R	2164766	2164870	Deletion	104
2R	2173105	2173198	Deletion	93
2R	2173127	2173198	Deletion	71
2R	2173133	2173198	Deletion	65
2R	2173150	2173198	Deletion	48
2R	2173155	2173198	Deletion	43
2R	2173348	2173198	Deletion	150
2R	2173348	2173403	Deletion	55
2R	2173348	2173409	Deletion	61
2R	2173348	2173381	Deletion	33
2R	2173348	2173454	Deletion	106
2R	2173348	2173431	Deletion	83
2R	2187401	2187510	Deletion	109
2R	2187439	2187510	Deletion	71
2R	2191667	2187510	Deletion	4157
2R	2191667	2191770	Deletion	103
2R	2213547	2213642	Deletion	95
2R	2213549	2213642	Deletion	93
2R	2213564	2213642	Deletion	78
2R	2213569	2213642	Deletion	73
2R	2213577	2213642	Deletion	65
2R	2213599	2213642	Deletion	43
2R	2213612	2213642	Deletion	30
2R	2213716	2213642	Deletion	74
2R	2213716	2213778	Deletion	62
2R	2213716	2213750	Deletion	34
2R	2213716	2213814	Deletion	98
2R	2213716	2213813	Deletion	97
2R	2213716	2213770	Deletion	54
2R	2213716	2213748	Deletion	32
2R	2213716	2213765	Deletion	49
2R	2213716	2213800	Deletion	84
2R	2232102	2232144	Deletion	42
2R	2248778	2248831	Deletion	53
2R	2248778	2248878	Deletion	100
2R	2248778	2248846	Deletion	68
2R	2250813	2250866	Deletion	53
2R	2250964	2250866	Deletion	98
2R	2269425	2269472	Deletion	47
2R	2295846	2295933	Deletion	87
2R	2295867	2295933	Deletion	66
2R	2297939	2298000	Deletion	61
2R	2316874	2316969	Deletion	95
2R	2316878	2316969	Deletion	91
2R	2316882	2316969	Deletion	87
2R	2316909	2316969	Deletion	60
2R	2316916	2316969	Deletion	53
2R	2319594	2316969	Deletion	2625
2R	2319596	2319648	Deletion	52
2R	2321208	2319647	Deletion	1561
2R	2344332	2344424	Deletion	92
2R	2344774	2344841	Deletion	67
2R	2344774	2344890	Deletion	116
2R	2344774	2344806	Deletion	32
2R	2344774	2344886	Deletion	112
2R	2408636	2408672	Deletion	36
2R	2408636	2408676	Deletion	40
2R	2424036	2424125	Deletion	89
2R	2424692	2424751	Deletion	59
2R	2478073	2478172	Deletion	99
2R	2479134	2479231	Deletion	97
2R	2486847	2486952	Deletion	105
2R	2509405	2509479	Deletion	74
2R	2509421	2509479	Deletion	58
2R	2509423	2509479	Deletion	56
2R	2509437	2509479	Deletion	42
2R	2513895	2509479	Deletion	4416
2R	2513895	2513948	Deletion	53
2R	2513895	2513980	Deletion	85
2R	2513895	2513964	Deletion	69
2R	2517138	2517243	Deletion	105
2R	2517161	2517243	Deletion	82
2R	2517189	2517243	Deletion	54
2R	2517197	2517243	Deletion	46
2R	2517200	2517243	Deletion	43
2R	2517298	2517243	Deletion	55
2R	2517298	2517342	Deletion	44
2R	2517298	2517368	Deletion	70
2R	2517298	2517370	Deletion	72
2R	2517298	2517381	Deletion	83
2R	2528343	2528446	Deletion	103
2R	2528359	2528446	Deletion	87
2R	2528367	2528446	Deletion	79
2R	2528390	2528446	Deletion	56
2R	2528403	2528446	Deletion	43
2R	2528410	2528446	Deletion	36
2R	2528514	2528446	Deletion	68
2R	2528514	2528597	Deletion	83
2R	2528514	2528604	Deletion	90
2R	2528514	2528582	Deletion	68
2R	2528514	2528553	Deletion	39
2R	2528514	2528611	Deletion	97
2R	2578068	2578161	Deletion	93
2R	2578077	2578161	Deletion	84
2R	2578180	2578161	Deletion	19
2R	2578330	2578222	Deletion	108
2R	2582356	2582458	Deletion	102
2R	2582356	2582473	Deletion	117
2R	2582356	2582398	Deletion	42
2R	2582356	2582389	Deletion	33
2R	2586929	2587048	Deletion	119
2R	2588940	2589022	Deletion	82
2R	2588940	2588991	Deletion	51
2R	2588940	2589058	Deletion	118
2R	2600503	2600613	Deletion	110
2R	2600505	2600613	Deletion	108
2R	2609777	2609889	Deletion	112
2R	2610393	2610425	Deletion	32
2R	2612576	2612610	Deletion	34
2R	2613707	2613753	Deletion	46
2R	2614155	2613753	Deletion	402
2R	2614155	2614277	Deletion	122
2R	2614155	2614236	Deletion	81
2R	2614938	2615038	Deletion	100
2R	2616972	2615038	Deletion	1934
2R	2617723	2617815	Deletion	92
2R	2617752	2617800	Deletion	48
2R	2617778	2617872	Deletion	94
2R	2617951	2617996	Deletion	45
2R	2625548	2625638	Deletion	90
2R	2625548	2625626	Deletion	78
2R	2625548	2625658	Deletion	110
2R	2626278	2626345	Deletion	67
2R	2626313	2626398	Deletion	85
2R	2626506	2626598	Deletion	92
2R	2632146	2632238	Deletion	92
2R	2632166	2632238	Deletion	72
2R	2632202	2632238	Deletion	36
2R	2634104	2634223	Deletion	119
2R	2634104	2634198	Deletion	94
2R	2640564	2640616	Deletion	52
2R	2643889	2640616	Deletion	3273
2R	2645209	2643978	Deletion	1231
2R	2645209	2645284	Deletion	75
2R	2645209	2645319	Deletion	110
2R	2661108	2661204	Deletion	96
2R	2664445	2664482	Deletion	37
2R	2673317	2673403	Deletion	86
2R	2673317	2673368	Deletion	51
2R	2673317	2673379	Deletion	62
2R	2673317	2673430	Deletion	113
2R	2673317	2673398	Deletion	81
2R	2680354	2680441	Deletion	87
2R	2680360	2680441	Deletion	81
2R	2680369	2680441	Deletion	72
2R	2680376	2680441	Deletion	65
2R	2680379	2680441	Deletion	62
2R	2680386	2680441	Deletion	55
2R	2680391	2680441	Deletion	50
2R	2681366	2681411	Deletion	45
2R	2681366	2681464	Deletion	98
2R	2681366	2681405	Deletion	39
2R	2681366	2681430	Deletion	64
2R	2681366	2681471	Deletion	105
2R	2681366	2681420	Deletion	54
2R	2681366	2681427	Deletion	61
2R	2681366	2681442	Deletion	76
2R	2681366	2681437	Deletion	71
2R	2684997	2685091	Deletion	94
2R	2685010	2685091	Deletion	81
2R	2685027	2685091	Deletion	64
2R	2687111	2685091	Deletion	2020
2R	2687111	2687143	Deletion	32
2R	2687111	2687173	Deletion	62
2R	2687111	2687229	Deletion	118
2R	2700854	2700913	Deletion	59
2R	2715252	2715318	Deletion	66
2R	2716816	2716933	Deletion	117
2R	2722915	2722969	Deletion	54
2R	2723040	2723143	Deletion	103
2R	2731009	2731088	Deletion	79
2R	2731023	2731088	Deletion	65
2R	2731031	2731088	Deletion	57
2R	2732403	2731088	Deletion	1315
2R	2735109	2735069	Deletion	40
2R	2737051	2737098	Deletion	47
2R	2737051	2737160	Deletion	109
2R	2737051	2737120	Deletion	69
2R	2769118	2769196	Deletion	78
2R	2769139	2769196	Deletion	57
2R	2769141	2769196	Deletion	55
2R	2769164	2769196	Deletion	32
2R	2781118	2781187	Deletion	69
2R	2781118	2781166	Deletion	48
2R	2781118	2781228	Deletion	110
2R	2781118	2781212	Deletion	94
2R	2782146	2782228	Deletion	82
2R	2782151	2782228	Deletion	77
2R	2782171	2782228	Deletion	57
2R	2799977	2800018	Deletion	41
2R	2800217	2800018	Deletion	199
2R	2800220	2800260	Deletion	40
2R	2808958	2809059	Deletion	101
2R	2813536	2813587	Deletion	51
2R	2813629	2813715	Deletion	86
2R	2815389	2815452	Deletion	63
2R	2819904	2819940	Deletion	36
2R	2831346	2831431	Deletion	85
2R	2831354	2831431	Deletion	77
2R	2831362	2831431	Deletion	69
2R	2831363	2831431	Deletion	68
2R	2839739	2839568	Deletion	171
2R	2840809	2839823	Deletion	986
2R	2840834	2840875	Deletion	41
2R	2844350	2844448	Deletion	98
2R	2844350	2844423	Deletion	73
2R	2881886	2882008	Deletion	122
2R	2881888	2882008	Deletion	120
2R	2881891	2882008	Deletion	117
2R	2881911	2882008	Deletion	97
2R	2881915	2882008	Deletion	93
2R	2881927	2882008	Deletion	81
2R	2881934	2882008	Deletion	74
2R	2881934	2882008	Deletion	74
2R	2881949	2882003	Deletion	54
2R	2881955	2882008	Deletion	53
2R	2881968	2882008	Deletion	40
2R	2886883	2882008	Deletion	4875
2R	2886883	2886913	Deletion	30
2R	2886883	2886929	Deletion	46
2R	2886883	2886957	Deletion	74
2R	2886883	2886970	Deletion	87
2R	2886883	2887002	Deletion	119
2R	2886883	2886917	Deletion	34
2R	2886883	2886936	Deletion	53
2R	2905842	2905881	Deletion	39
2R	2908493	2908396	Deletion	97
2R	2908493	2908589	Deletion	96
2R	2914560	2914670	Deletion	110
2R	2914571	2914670	Deletion	99
2R	2914575	2914670	Deletion	95
2R	2914582	2914670	Deletion	88
2R	2914584	2914670	Deletion	86
2R	2914610	2914670	Deletion	60
2R	2914748	2914670	Deletion	78
2R	2914748	2914869	Deletion	121
2R	2914748	2914810	Deletion	62
2R	2914748	2914799	Deletion	51
2R	2914748	2914856	Deletion	108
2R	2914748	2914812	Deletion	64
2R	2914748	2914804	Deletion	56
2R	2914748	2914817	Deletion	69
2R	2914748	2914779	Deletion	31
2R	2914748	2914786	Deletion	38
2R	2954215	2943944	Deletion	10271
2R	2954215	2954337	Deletion	122
2R	2954215	2954316	Deletion	101
2R	2954215	2954265	Deletion	50
2R	2954338	2954433	Deletion	95
2R	2954355	2954433	Deletion	78
2R	2954400	2954433	Deletion	33
2R	2954941	2954433	Deletion	508
2R	2954941	2954993	Deletion	52
2R	2954941	2954976	Deletion	35
2R	2954941	2954972	Deletion	31
2R	2957990	2958106	Deletion	116
2R	2958046	2958106	Deletion	60
2R	2958061	2958106	Deletion	45
2R	2966203	2958106	Deletion	8097
2R	2966203	2966285	Deletion	82
2R	2968242	2968331	Deletion	89
2R	2968264	2968331	Deletion	67
2R	2968269	2968331	Deletion	62
2R	2968277	2968331	Deletion	54
2R	2968285	2968331	Deletion	46
2R	2968393	2968331	Deletion	62
2R	2968393	2968454	Deletion	61
2R	2968393	2968467	Deletion	74
2R	2968393	2968459	Deletion	66
2R	2968393	2968475	Deletion	82
2R	2994802	2994911	Deletion	109
2R	2994849	2994911	Deletion	62
2R	2994867	2994911	Deletion	44
2R	2998768	2998870	Deletion	102
2R	3025331	3025365	Deletion	34
2R	3054998	3055095	Deletion	97
2R	3056034	3055095	Deletion	939
2R	3056034	3056155	Deletion	121
2R	3056034	3056142	Deletion	108
2R	3056034	3056138	Deletion	104
2R	3059615	3059665	Deletion	50
2R	3064475	3064557	Deletion	82
2R	3064475	3064551	Deletion	76
2R	3064475	3064594	Deletion	119
2R	3064475	3064528	Deletion	53
2R	3064475	3064513	Deletion	38
2R	3066002	3066068	Deletion	66
2R	3066010	3066068	Deletion	58
2R	3066031	3066068	Deletion	37
2R	3066037	3066068	Deletion	31
2R	3067411	3066068	Deletion	1343
2R	3067411	3067506	Deletion	95
2R	3067411	3067500	Deletion	89
2R	3067411	3067479	Deletion	68
2R	3067411	3067446	Deletion	35
2R	3068803	3068910	Deletion	107
2R	3068827	3068910	Deletion	83
2R	3068845	3068910	Deletion	65
2R	3068850	3068910	Deletion	60
2R	3068857	3068906	Deletion	49
2R	3074781	3068910	Deletion	5871
2R	3080899	3074822	Deletion	6077
2R	3092375	3092438	Deletion	63
2R	3092375	3092420	Deletion	45
2R	3092375	3092450	Deletion	75
2R	3095170	3095250	Deletion	80
2R	3095175	3095250	Deletion	75
2R	3095194	3095250	Deletion	56
2R	3098152	3095250	Deletion	2902
2R	3098152	3098205	Deletion	53
2R	3098152	3098224	Deletion	72
2R	3098152	3098252	Deletion	100
2R	3108405	3108500	Deletion	95
2R	3108455	3108500	Deletion	45
2R	3108580	3108500	Deletion	80
2R	3108580	3108662	Deletion	82
2R	3123112	3123191	Deletion	79
2R	3123123	3123191	Deletion	68
2R	3123142	3123191	Deletion	49
2R	3123156	3123191	Deletion	35
2R	3123161	3123191	Deletion	30
2R	3123502	3123191	Deletion	311
2R	3123502	3123595	Deletion	93
2R	3123502	3123551	Deletion	49
2R	3123502	3123581	Deletion	79
2R	3123502	3123562	Deletion	60
2R	3123502	3123604	Deletion	102
2R	3123502	3123537	Deletion	35
2R	3127120	3127230	Deletion	110
2R	3127128	3127230	Deletion	102
2R	3127130	3127230	Deletion	100
2R	3127132	3127230	Deletion	98
2R	3127142	3127230	Deletion	88
2R	3130640	3127230	Deletion	3410
2R	3131033	3131137	Deletion	104
2R	3131041	3131137	Deletion	96
2R	3131061	3131137	Deletion	76
2R	3131084	3131137	Deletion	53
2R	3148032	3148129	Deletion	97
2R	3148032	3148119	Deletion	87
2R	3149698	3149780	Deletion	82
2R	3149714	3149780	Deletion	66
2R	3151176	3149780	Deletion	1396
2R	3157741	3151206	Deletion	6535
2R	3157741	3157773	Deletion	32
2R	3157741	3157823	Deletion	82
2R	3157741	3157845	Deletion	104
2R	3157741	3157802	Deletion	61
2R	3157741	3157853	Deletion	112
2R	3157741	3157786	Deletion	45
2R	3164329	3164440	Deletion	111
2R	3164352	3164440	Deletion	88
2R	3164374	3164440	Deletion	66
2R	3164385	3164440	Deletion	55
2R	3164406	3164440	Deletion	34
2R	3175358	3175444	Deletion	86
2R	3181086	3175444	Deletion	5642
2R	3181086	3181126	Deletion	40
2R	3181086	3181198	Deletion	112
2R	3181086	3181116	Deletion	30
2R	3181863	3181948	Deletion	85
2R	3181880	3181948	Deletion	68
2R	3181898	3181948	Deletion	50
2R	3181907	3181948	Deletion	41
2R	3182065	3181948	Deletion	117
2R	3182065	3182101	Deletion	36
2R	3182065	3182107	Deletion	42
2R	3182065	3182151	Deletion	86
2R	3182065	3182142	Deletion	77
2R	3188244	3188318	Deletion	74
2R	3188271	3188318	Deletion	47
2R	3188272	3188318	Deletion	46
2R	3188461	3188318	Deletion	143
2R	3188461	3188543	Deletion	82
2R	3188461	3188542	Deletion	81
2R	3189716	3189769	Deletion	53
2R	3210716	3210784	Deletion	68
2R	3214205	3214298	Deletion	93
2R	3214205	3214279	Deletion	74
2R	3216284	3216387	Deletion	103
2R	3216284	3216394	Deletion	110
2R	3218886	3218994	Deletion	108
2R	3218953	3218994	Deletion	41
2R	3220479	3220574	Deletion	95
2R	3222302	3222412	Deletion	110
2R	3238066	3238135	Deletion	69
2R	3246755	3246825	Deletion	70
2R	3251735	3251792	Deletion	57
2R	3274871	3274942	Deletion	71
2R	3284368	3284427	Deletion	59
2R	3284368	3284476	Deletion	108
2R	3286065	3286117	Deletion	52
2R	3286176	3286286	Deletion	110
2R	3286188	3286286	Deletion	98
2R	3286193	3286286	Deletion	93
2R	3286199	3286286	Deletion	87
2R	3286206	3286286	Deletion	80
2R	3286207	3286286	Deletion	79
2R	3286214	3286286	Deletion	72
2R	3286223	3286286	Deletion	63
2R	3294260	3286286	Deletion	7974
2R	3294260	3294300	Deletion	40
2R	3294260	3294315	Deletion	55
2R	3294260	3294324	Deletion	64
2R	3294260	3294374	Deletion	114
2R	3294260	3294294	Deletion	34
2R	3294260	3294308	Deletion	48
2R	3298594	3298629	Deletion	35
2R	3298594	3298717	Deletion	123
2R	3298594	3298693	Deletion	99
2R	3315474	3315508	Deletion	34
2R	3319939	3319993	Deletion	54
2R	3361493	3361558	Deletion	65
2R	3361838	3361889	Deletion	51
2R	3361838	3361929	Deletion	91
2R	3375779	3375833	Deletion	54
2R	3375779	3375871	Deletion	92
2R	3375779	3375881	Deletion	102
2R	3385468	3385572	Deletion	104
2R	3385473	3385572	Deletion	99
2R	3409717	3409765	Deletion	48
2R	3419554	3419672	Deletion	118
2R	3426058	3426169	Deletion	111
2R	3441464	3441561	Deletion	97
2R	3445108	3445152	Deletion	44
2R	3445218	3445302	Deletion	84
2R	3466379	3466479	Deletion	100
2R	3466380	3466479	Deletion	99
2R	3466388	3466479	Deletion	91
2R	3466390	3466479	Deletion	89
2R	3466404	3466479	Deletion	75
2R	3466415	3466479	Deletion	64
2R	3466423	3466479	Deletion	56
2R	3466438	3466479	Deletion	41
2R	3468259	3468344	Deletion	85
2R	3468259	3468321	Deletion	62
2R	3468259	3468368	Deletion	109
2R	3468259	3468329	Deletion	70
2R	3468259	3468360	Deletion	101
2R	3468260	3468310	Deletion	50
2R	3485410	3485477	Deletion	67
2R	3485410	3485469	Deletion	59
2R	3487661	3487741	Deletion	80
2R	3493051	3487741	Deletion	5310
2R	3498492	3498610	Deletion	118
2R	3498515	3498610	Deletion	95
2R	3498539	3498610	Deletion	71
2R	3498540	3498610	Deletion	70
2R	3505087	3505166	Deletion	79
2R	3505102	3505166	Deletion	64
2R	3508247	3508369	Deletion	122
2R	3521048	3519833	Deletion	1215
2R	3535741	3535824	Deletion	83
2R	3536057	3536135	Deletion	78
2R	3536057	3536103	Deletion	46
2R	3536057	3536109	Deletion	52
2R	3536057	3536115	Deletion	58
2R	3536057	3536110	Deletion	53
2R	3536057	3536139	Deletion	82
2R	3536057	3536158	Deletion	101
2R	3554243	3554280	Deletion	37
2R	3558219	3558297	Deletion	78
2R	3562361	3560576	Deletion	1785
2R	3569770	3569822	Deletion	52
2R	3572061	3572094	Deletion	33
2R	3572061	3572128	Deletion	67
2R	3576321	3576433	Deletion	112
2R	3576372	3576433	Deletion	61
2R	3576382	3576433	Deletion	51
2R	3576386	3576433	Deletion	47
2R	3584761	3576433	Deletion	8328
2R	3584761	3584867	Deletion	106
2R	3584761	3584840	Deletion	79
2R	3584761	3584826	Deletion	65
2R	3594261	3594367	Deletion	106
2R	3594277	3594367	Deletion	90
2R	3594420	3594367	Deletion	53
2R	3594420	3594530	Deletion	110
2R	3608193	3608274	Deletion	81
2R	3608214	3608274	Deletion	60
2R	3608517	3608274	Deletion	243
2R	3608519	3608564	Deletion	45
2R	3616364	3616409	Deletion	45
2R	3616364	3616436	Deletion	72
2R	3616364	3616464	Deletion	100
2R	3616364	3616403	Deletion	39
2R	3632188	3632298	Deletion	110
2R	3632188	3632226	Deletion	38
2R	3643189	3643296	Deletion	107
2R	3643205	3643296	Deletion	91
2R	3643374	3643475	Deletion	101
2R	3643374	3643482	Deletion	108
2R	3650376	3650486	Deletion	110
2R	3650397	3650486	Deletion	89
2R	3650403	3650486	Deletion	83
2R	3650417	3650486	Deletion	69
2R	3650441	3650486	Deletion	45
2R	3650446	3650486	Deletion	40
2R	3653627	3653736	Deletion	109
2R	3656792	3656831	Deletion	39
2R	3656931	3657046	Deletion	115
2R	3656931	3656968	Deletion	37
2R	3659009	3659105	Deletion	96
2R	3672345	3672381	Deletion	36
2R	3679391	3679442	Deletion	51
2R	3691848	3691935	Deletion	87
2R	3693960	3694039	Deletion	79
2R	3693997	3694039	Deletion	42
2R	3694007	3694039	Deletion	32
2R	3700292	3700375	Deletion	83
2R	3724768	3724880	Deletion	112
2R	3745243	3745353	Deletion	110
2R	3745267	3745353	Deletion	86
2R	3745271	3745353	Deletion	82
2R	3750386	3750433	Deletion	47
2R	3750425	3750433	Deletion	8
2R	3754241	3754354	Deletion	113
2R	3754241	3754312	Deletion	71
2R	3754241	3754350	Deletion	109
2R	3759471	3759567	Deletion	96
2R	3759504	3759567	Deletion	63
2R	3759534	3759567	Deletion	33
2R	3759667	3759567	Deletion	100
2R	3759672	3759787	Deletion	115
2R	3760423	3760460	Deletion	37
2R	3760423	3760475	Deletion	52
2R	3762464	3762551	Deletion	87
2R	3762609	3762551	Deletion	58
2R	3762609	3762699	Deletion	90
2R	3762609	3762727	Deletion	118
2R	3763216	3763274	Deletion	58
2R	3772464	3772556	Deletion	92
2R	3772497	3772556	Deletion	59
2R	3772508	3772556	Deletion	48
2R	3772841	3772831	Deletion	10
2R	3772842	3772936	Deletion	94
2R	3772846	3772936	Deletion	90
2R	3786257	3786300	Deletion	43
2R	3793356	3793434	Deletion	78
2R	3793356	3793466	Deletion	110
2R	3793360	3793468	Deletion	108
2R	3797041	3797126	Deletion	85
2R	3797041	3797129	Deletion	88
2R	3799733	3799792	Deletion	59
2R	3799733	3799781	Deletion	48
2R	3812984	3813042	Deletion	58
2R	3819412	3819480	Deletion	68
2R	3833785	3833890	Deletion	105
2R	3834192	3834301	Deletion	109
2R	3834192	3834302	Deletion	110
2R	3834192	3834303	Deletion	111
2R	3834192	3834268	Deletion	76
2R	3846272	3846325	Deletion	53
2R	3848241	3848327	Deletion	86
2R	3854820	3854883	Deletion	63
2R	3854820	3854932	Deletion	112
2R	3854820	3854881	Deletion	61
2R	3870640	3870759	Deletion	119
2R	3870640	3870707	Deletion	67
2R	3870640	3870693	Deletion	53
2R	3870640	3870755	Deletion	115
2R	3870640	3870760	Deletion	120
2R	3875664	3875775	Deletion	111
2R	3875688	3875775	Deletion	87
2R	3875721	3875775	Deletion	54
2R	3880557	3880659	Deletion	102
2R	3880557	3880678	Deletion	121
2R	3880557	3880661	Deletion	104
2R	3891330	3891433	Deletion	103
2R	3893703	3893805	Deletion	102
2R	3897150	3897201	Deletion	51
2R	3897151	3897198	Deletion	47
2R	3901314	3901408	Deletion	94
2R	3901341	3901408	Deletion	67
2R	3901867	3901408	Deletion	459
2R	3901867	3901901	Deletion	34
2R	3901867	3901987	Deletion	120
2R	3928485	3928522	Deletion	37
2R	3928486	3928522	Deletion	36
2R	3928574	3928522	Deletion	52
2R	3928574	3928664	Deletion	90
2R	3928574	3928665	Deletion	91
2R	3930059	3930112	Deletion	53
2R	3930068	3930112	Deletion	44
2R	3930075	3930112	Deletion	37
2R	3931403	3930112	Deletion	1291
2R	3931403	3931506	Deletion	103
2R	3931403	3931486	Deletion	83
2R	3931403	3931477	Deletion	74
2R	3941941	3942051	Deletion	110
2R	3941942	3942051	Deletion	109
2R	3941944	3942051	Deletion	107
2R	3941956	3942051	Deletion	95
2R	3941961	3942051	Deletion	90
2R	3941970	3942051	Deletion	81
2R	3941984	3942051	Deletion	67
2R	3941987	3942051	Deletion	64
2R	3941991	3942051	Deletion	60
2R	3966494	3966600	Deletion	106
2R	3991070	3991132	Deletion	62
2R	4001819	4001890	Deletion	71
2R	4001829	4001890	Deletion	61
2R	4002026	4002069	Deletion	43
2R	4002026	4002092	Deletion	66
2R	4025025	4025072	Deletion	47
2R	4025035	4025072	Deletion	37
2R	4025039	4025072	Deletion	33
2R	4025123	4025072	Deletion	51
2R	4025123	4025203	Deletion	80
2R	4025123	4025221	Deletion	98
2R	4025123	4025244	Deletion	121
2R	4025123	4025213	Deletion	90
2R	4025123	4025232	Deletion	109
2R	4057783	4057887	Deletion	104
2R	4057801	4057887	Deletion	86
2R	4057816	4057887	Deletion	71
2R	4057856	4057887	Deletion	31
2R	4059790	4059889	Deletion	99
2R	4059790	4059843	Deletion	53
2R	4059790	4059845	Deletion	55
2R	4059790	4059887	Deletion	97
2R	4066638	4066674	Deletion	36
2R	4066638	4066749	Deletion	111
2R	4079901	4079996	Deletion	95
2R	4079901	4079975	Deletion	74
2R	4091331	4091415	Deletion	84
2R	4091883	4091995	Deletion	112
2R	4114971	4115094	Deletion	123
2R	4149237	4149343	Deletion	106
2R	4150858	4150943	Deletion	85
2R	4150866	4150943	Deletion	77
2R	4150910	4150943	Deletion	33
2R	4150992	4150943	Deletion	49
2R	4150992	4151081	Deletion	89
2R	4150992	4151042	Deletion	50
2R	4150992	4151086	Deletion	94
2R	4150992	4151034	Deletion	42
2R	4167175	4167221	Deletion	46
2R	4173414	4173479	Deletion	65
2R	4181720	4181840	Deletion	120
2R	4181758	4181840	Deletion	82
2R	4181809	4181840	Deletion	31
2R	4182211	4181840	Deletion	371
2R	4182211	4182315	Deletion	104
2R	4182211	4182257	Deletion	46
2R	4182211	4182308	Deletion	97
2R	4195666	4195779	Deletion	113
2R	4195677	4195779	Deletion	102
2R	4195696	4195779	Deletion	83
2R	4195716	4195779	Deletion	63
2R	4195725	4195779	Deletion	54
2R	4195742	4195779	Deletion	37
2R	4197948	4195779	Deletion	2169
2R	4197948	4198011	Deletion	63
2R	4197948	4198067	Deletion	119
2R	4197948	4198037	Deletion	89
2R	4197952	4197991	Deletion	39
2R	4203801	4203915	Deletion	114
2R	4203846	4203915	Deletion	69
2R	4203858	4203915	Deletion	57
2R	4203860	4203915	Deletion	55
2R	4206142	4203915	Deletion	2227
2R	4206142	4206211	Deletion	69
2R	4206142	4206213	Deletion	71
2R	4206142	4206255	Deletion	113
2R	4206142	4206199	Deletion	57
2R	4207442	4207496	Deletion	54
2R	4207448	4207496	Deletion	48
2R	4208640	4207496	Deletion	1144
2R	4233743	4233852	Deletion	109
2R	4233773	4233852	Deletion	79
2R	4233781	4233852	Deletion	71
2R	4233817	4233852	Deletion	35
2R	4233821	4233852	Deletion	31
2R	4235499	4233852	Deletion	1647
2R	4235499	4235595	Deletion	96
2R	4235499	4235591	Deletion	92
2R	4235499	4235547	Deletion	48
2R	4250591	4249947	Deletion	644
2R	4257660	4257567	Deletion	93
2R	4262303	4262418	Deletion	115
2R	4262303	4262386	Deletion	83
2R	4262303	4262401	Deletion	98
2R	4262303	4262410	Deletion	107
2R	4262303	4262371	Deletion	68
2R	4262303	4262408	Deletion	105
2R	4262303	4262378	Deletion	75
2R	4264997	4265088	Deletion	91
2R	4265005	4265088	Deletion	83
2R	4265025	4265088	Deletion	63
2R	4265051	4265088	Deletion	37
2R	4265319	4265088	Deletion	231
2R	4265319	4265431	Deletion	112
2R	4265319	4265403	Deletion	84
2R	4265319	4265383	Deletion	64
2R	4265319	4265363	Deletion	44
2R	4265319	4265423	Deletion	104
2R	4265319	4265355	Deletion	36
2R	4289546	4289616	Deletion	70
2R	4290632	4289616	Deletion	1016
2R	4297009	4290701	Deletion	6308
2R	4297009	4297092	Deletion	83
2R	4297009	4297057	Deletion	48
2R	4297009	4297065	Deletion	56
2R	4297009	4297100	Deletion	91
2R	4350275	4350340	Deletion	65
2R	4363645	4363756	Deletion	111
2R	4363645	4363749	Deletion	104
2R	4363645	4363677	Deletion	32
2R	4363645	4363764	Deletion	119
2R	4377521	4374880	Deletion	2641
2R	4394652	4394730	Deletion	78
2R	4394693	4394730	Deletion	37
2R	4395048	4395168	Deletion	120
2R	4395048	4395137	Deletion	89
2R	4395048	4395096	Deletion	48
2R	4395048	4395149	Deletion	101
2R	4395048	4395148	Deletion	100
2R	4412495	4412561	Deletion	66
2R	4412500	4412561	Deletion	61
2R	4412508	4412561	Deletion	53
2R	4412530	4412561	Deletion	31
2R	4412782	4412561	Deletion	221
2R	4412782	4412877	Deletion	95
2R	4412782	4412855	Deletion	73
2R	4412782	4412847	Deletion	65
2R	4457559	4457636	Deletion	77
2R	4458503	4458547	Deletion	44
2R	4458503	4458603	Deletion	100
2R	4458503	4458554	Deletion	51
2R	4461948	4461994	Deletion	46
2R	4461963	4461994	Deletion	31
2R	4462261	4462342	Deletion	81
2R	4462261	4462382	Deletion	121
2R	4466812	4466872	Deletion	60
2R	4466816	4466877	Deletion	61
2R	4471976	4472008	Deletion	32
2R	4471976	4472074	Deletion	98
2R	4471976	4472028	Deletion	52
2R	4472962	4473082	Deletion	120
2R	4472997	4473082	Deletion	85
2R	4473019	4473082	Deletion	63
2R	4473031	4473082	Deletion	51
2R	4475776	4475853	Deletion	77
2R	4475776	4475883	Deletion	107
2R	4475776	4475882	Deletion	106
2R	4475776	4475819	Deletion	43
2R	4475776	4475881	Deletion	105
2R	4477347	4477441	Deletion	94
2R	4477348	4477441	Deletion	93
2R	4477361	4477441	Deletion	80
2R	4477367	4477441	Deletion	74
2R	4477369	4477441	Deletion	72
2R	4477407	4477441	Deletion	34
2R	4477579	4477441	Deletion	138
2R	4477579	4477625	Deletion	46
2R	4477579	4477633	Deletion	54
2R	4477579	4477681	Deletion	102
2R	4477579	4477631	Deletion	52
2R	4477579	4477611	Deletion	32
2R	4477579	4477612	Deletion	33
2R	4493603	4493671	Deletion	68
2R	4495377	4495435	Deletion	58
2R	4495377	4495479	Deletion	102
2R	4495377	4495489	Deletion	112
2R	4500068	4499941	Deletion	127
2R	4500068	4500142	Deletion	74
2R	4500369	4500101	Deletion	268
2R	4500369	4500415	Deletion	46
2R	4500369	4500461	Deletion	92
2R	4500369	4500466	Deletion	97
2R	4500369	4500421	Deletion	52
2R	4531970	4528398	Deletion	3572
2R	4545444	4545545	Deletion	101
2R	4545455	4545545	Deletion	90
2R	4545458	4545545	Deletion	87
2R	4545461	4545545	Deletion	84
2R	4545501	4545545	Deletion	44
2R	4548427	4545545	Deletion	2882
2R	4548427	4548465	Deletion	38
2R	4548427	4548468	Deletion	41
2R	4548427	4548471	Deletion	44
2R	4575039	4574670	Deletion	369
2R	4575039	4575111	Deletion	72
2R	4580933	4580976	Deletion	43
2R	4580933	4581057	Deletion	124
2R	4588857	4588958	Deletion	101
2R	4589081	4589176	Deletion	95
2R	4589645	4589176	Deletion	469
2R	4589645	4589766	Deletion	121
2R	4610921	4610955	Deletion	34
2R	4628543	4628654	Deletion	111
2R	4628548	4628654	Deletion	106
2R	4628556	4628654	Deletion	98
2R	4628592	4628654	Deletion	62
2R	4628620	4628654	Deletion	34
2R	4645944	4646022	Deletion	78
2R	4647389	4647438	Deletion	49
2R	4647774	4647875	Deletion	101
2R	4650763	4650861	Deletion	98
2R	4650774	4650861	Deletion	87
2R	4654235	4654070	Deletion	165
2R	4654235	4654274	Deletion	39
2R	4654235	4654357	Deletion	122
2R	4654235	4654355	Deletion	120
2R	4659610	4659673	Deletion	63
2R	4664327	4664412	Deletion	85
2R	4664328	4664412	Deletion	84
2R	4665279	4665316	Deletion	37
2R	4665279	4665323	Deletion	44
2R	4669036	4669116	Deletion	80
2R	4669256	4669334	Deletion	78
2R	4669258	4669334	Deletion	76
2R	4692267	4692315	Deletion	48
2R	4700869	4692315	Deletion	8554
2R	4700869	4700967	Deletion	98
2R	4700869	4700915	Deletion	46
2R	4700869	4700988	Deletion	119
2R	4700869	4700947	Deletion	78
2R	4702006	4702074	Deletion	68
2R	4702014	4702074	Deletion	60
2R	4702020	4702074	Deletion	54
2R	4704030	4702074	Deletion	1956
2R	4704030	4704088	Deletion	58
2R	4704030	4704096	Deletion	66
2R	4704030	4704102	Deletion	72
2R	4705230	4705307	Deletion	77
2R	4705242	4705307	Deletion	65
2R	4705243	4705307	Deletion	64
2R	4705250	4705307	Deletion	57
2R	4711246	4705307	Deletion	5939
2R	4711246	4711357	Deletion	111
2R	4711246	4711346	Deletion	100
2R	4711246	4711295	Deletion	49
2R	4711246	4711308	Deletion	62
2R	4711246	4711307	Deletion	61
2R	4716693	4716770	Deletion	77
2R	4717960	4716770	Deletion	1190
2R	4720384	4720456	Deletion	72
2R	4720394	4720456	Deletion	62
2R	4725063	4720456	Deletion	4607
2R	4725063	4725117	Deletion	54
2R	4738453	4738519	Deletion	66
2R	4738467	4738519	Deletion	52
2R	4738476	4738519	Deletion	43
2R	4738481	4738519	Deletion	38
2R	4754704	4754787	Deletion	83
2R	4754704	4754764	Deletion	60
2R	4754704	4754778	Deletion	74
2R	4777472	4777563	Deletion	91
2R	4777500	4777563	Deletion	63
2R	4786906	4777563	Deletion	9343
2R	4786906	4786937	Deletion	31
2R	4786906	4787007	Deletion	101
2R	4786906	4787004	Deletion	98
2R	4786906	4786969	Deletion	63
2R	4786906	4787019	Deletion	113
2R	4820232	4820268	Deletion	36
2R	4824203	4820268	Deletion	3935
2R	4824203	4824306	Deletion	103
2R	4824203	4824265	Deletion	62
2R	4824203	4824305	Deletion	102
2R	4824203	4824293	Deletion	90
2R	4830003	4830045	Deletion	42
2R	4831120	4830045	Deletion	1075
2R	4831120	4831201	Deletion	81
2R	4873964	4874041	Deletion	77
2R	4873978	4874041	Deletion	63
2R	4874705	4874041	Deletion	664
2R	4874705	4874769	Deletion	64
2R	4874705	4874755	Deletion	50
2R	4874705	4874803	Deletion	98
2R	4874705	4874827	Deletion	122
2R	4904128	4904203	Deletion	75
2R	4904130	4904203	Deletion	73
2R	4905353	4904203	Deletion	1150
2R	4905353	4905469	Deletion	116
2R	4905353	4905407	Deletion	54
2R	4905353	4905470	Deletion	117
2R	4905353	4905453	Deletion	100
2R	4905353	4905388	Deletion	35
2R	4905353	4905465	Deletion	112
2R	4905353	4905405	Deletion	52
2R	4922369	4921142	Deletion	1227
2R	4922369	4922492	Deletion	123
2R	4922369	4922447	Deletion	78
2R	4946529	4946572	Deletion	43
2R	4946529	4946625	Deletion	96
2R	4946642	4946754	Deletion	112
2R	4946650	4946754	Deletion	104
2R	4946677	4946754	Deletion	77
2R	4946688	4946754	Deletion	66
2R	4946708	4946754	Deletion	46
2R	4948281	4946754	Deletion	1527
2R	4948281	4948398	Deletion	117
2R	4948281	4948341	Deletion	60
2R	4948281	4948382	Deletion	101
2R	4948281	4948379	Deletion	98
2R	4948281	4948393	Deletion	112
2R	4948281	4948330	Deletion	49
2R	4964698	4963528	Deletion	1170
2R	4964698	4964766	Deletion	68
2R	4964698	4964771	Deletion	73
2R	4964698	4964799	Deletion	101
2R	4964698	4964789	Deletion	91
2R	4964698	4964817	Deletion	119
2R	4964698	4964764	Deletion	66
2R	4990194	4990295	Deletion	101
2R	4990198	4990295	Deletion	97
2R	4990204	4990295	Deletion	91
2R	4990233	4990295	Deletion	62
2R	4990234	4990295	Deletion	61
2R	4990242	4990295	Deletion	53
2R	4990253	4990295	Deletion	42
2R	4997634	4997718	Deletion	84
2R	4997634	4997669	Deletion	35
2R	4997634	4997707	Deletion	73
2R	4997634	4997698	Deletion	64
2R	4997634	4997732	Deletion	98
2R	4998013	4998049	Deletion	36
2R	5000640	4998049	Deletion	2591
2R	5000640	5000715	Deletion	75
2R	5000640	5000760	Deletion	120
2R	5000640	5000742	Deletion	102
2R	5000807	5000912	Deletion	105
2R	5000818	5000912	Deletion	94
2R	5000852	5000912	Deletion	60
2R	5000853	5000912	Deletion	59
2R	5000861	5000912	Deletion	51
2R	5000870	5000912	Deletion	42
2R	5006769	5000912	Deletion	5857
2R	5019299	5019367	Deletion	68
2R	5019299	5019411	Deletion	112
2R	5019299	5019332	Deletion	33
2R	5019299	5019375	Deletion	76
2R	5019299	5019397	Deletion	98
2R	5019299	5019384	Deletion	85
2R	5019299	5019403	Deletion	104
2R	5019404	5019501	Deletion	97
2R	5019421	5019498	Deletion	77
2R	5019431	5019501	Deletion	70
2R	5021321	5019501	Deletion	1820
2R	5021321	5021435	Deletion	114
2R	5021321	5021380	Deletion	59
2R	5021321	5021422	Deletion	101
2R	5021321	5021370	Deletion	49
2R	5021322	5021433	Deletion	111
2R	5039768	5039871	Deletion	103
2R	5039781	5039871	Deletion	90
2R	5039823	5039871	Deletion	48
2R	5039831	5039867	Deletion	36
2R	5040261	5039871	Deletion	390
2R	5040261	5040299	Deletion	38
2R	5040261	5040378	Deletion	117
2R	5040261	5040349	Deletion	88
2R	5040261	5040341	Deletion	80
2R	5048739	5048853	Deletion	114
2R	5048758	5048853	Deletion	95
2R	5048779	5048853	Deletion	74
2R	5049084	5048853	Deletion	231
2R	5049084	5049204	Deletion	120
2R	5049084	5049184	Deletion	100
2R	5052790	5052872	Deletion	82
2R	5052790	5052826	Deletion	36
2R	5052790	5052887	Deletion	97
2R	5052790	5052871	Deletion	81
2R	5052791	5052835	Deletion	44
2R	5055416	5055524	Deletion	108
2R	5055417	5055524	Deletion	107
2R	5055417	5055524	Deletion	107
2R	5055446	5055523	Deletion	77
2R	5055452	5055524	Deletion	72
2R	5055453	5055524	Deletion	71
2R	5055459	5055524	Deletion	65
2R	5055470	5055524	Deletion	54
2R	5055471	5055524	Deletion	53
2R	5055478	5055524	Deletion	46
2R	5055489	5055524	Deletion	35
2R	5072982	5073075	Deletion	93
2R	5072982	5073091	Deletion	109
2R	5072982	5073056	Deletion	74
2R	5072982	5073039	Deletion	57
2R	5072982	5073032	Deletion	50
2R	5072982	5073057	Deletion	75
2R	5072982	5073038	Deletion	56
2R	5072982	5073045	Deletion	63
2R	5073789	5073862	Deletion	73
2R	5073807	5073862	Deletion	55
2R	5073813	5073862	Deletion	49
2R	5073824	5073862	Deletion	38
2R	5074039	5073862	Deletion	177
2R	5074039	5074118	Deletion	79
2R	5074039	5074094	Deletion	55
2R	5074039	5074112	Deletion	73
2R	5128364	5128399	Deletion	35
2R	5128369	5128399	Deletion	30
2R	5128831	5128399	Deletion	432
2R	5128831	5128915	Deletion	84
2R	5128831	5128927	Deletion	96
2R	5130197	5130307	Deletion	110
2R	5130198	5130307	Deletion	109
2R	5130202	5130307	Deletion	105
2R	5130224	5130307	Deletion	83
2R	5130255	5130307	Deletion	52
2R	5130266	5130307	Deletion	41
2R	5130417	5130307	Deletion	110
2R	5130417	5130461	Deletion	44
2R	5130417	5130492	Deletion	75
2R	5130417	5130528	Deletion	111
2R	5130417	5130503	Deletion	86
2R	5130417	5130536	Deletion	119
2R	5130417	5130526	Deletion	109
2R	5136669	5136765	Deletion	96
2R	5136683	5136793	Deletion	110
2R	5136723	5136793	Deletion	70
2R	5136734	5136793	Deletion	59
2R	5136738	5136793	Deletion	55
2R	5136741	5136793	Deletion	52
2R	5136759	5136793	Deletion	34
2R	5140676	5136793	Deletion	3883
2R	5140676	5140752	Deletion	76
2R	5140676	5140734	Deletion	58
2R	5140676	5140793	Deletion	117
2R	5140676	5140770	Deletion	94
2R	5140676	5140745	Deletion	69
2R	5147285	5147389	Deletion	104
2R	5147290	5147389	Deletion	99
2R	5147295	5147389	Deletion	94
2R	5147298	5147389	Deletion	91
2R	5147304	5147389	Deletion	85
2R	5147346	5147389	Deletion	43
2R	5147348	5147389	Deletion	41
2R	5147950	5147389	Deletion	561
2R	5147950	5148034	Deletion	84
2R	5147950	5148036	Deletion	86
2R	5147950	5147986	Deletion	36
2R	5147950	5147983	Deletion	33
2R	5154553	5154627	Deletion	74
2R	5154564	5154627	Deletion	63
2R	5161235	5154627	Deletion	6608
2R	5161235	5161267	Deletion	32
2R	5161235	5161288	Deletion	53
2R	5161235	5161347	Deletion	112
2R	5161235	5161299	Deletion	64
2R	5165651	5165747	Deletion	96
2R	5165699	5165747	Deletion	48
2R	5168897	5165747	Deletion	3150
2R	5175971	5176050	Deletion	79
2R	5201710	5201808	Deletion	98
2R	5201712	5201808	Deletion	96
2R	5201714	5201808	Deletion	94
2R	5201764	5201808	Deletion	44
2R	5205035	5201808	Deletion	3227
2R	5205035	5205068	Deletion	33
2R	5205035	5205066	Deletion	31
2R	5205035	5205120	Deletion	85
2R	5218416	5218442	Deletion	26
2R	5225732	5225800	Deletion	68
2R	5228032	5225800	Deletion	2232
2R	5228032	5228090	Deletion	58
2R	5228273	5228358	Deletion	85
2R	5228856	5228358	Deletion	498
2R	5228857	5228973	Deletion	116
2R	5241056	5241095	Deletion	39
2R	5241062	5241095	Deletion	33
2R	5247498	5241095	Deletion	6403
2R	5247498	5247561	Deletion	63
2R	5247498	5247617	Deletion	119
2R	5247498	5247586	Deletion	88
2R	5256972	5257037	Deletion	65
2R	5256985	5257037	Deletion	52
2R	5257007	5257037	Deletion	30
2R	5259862	5257037	Deletion	2825
2R	5259862	5259924	Deletion	62
2R	5259862	5259979	Deletion	117
2R	5259862	5259976	Deletion	114
2R	5259862	5259937	Deletion	75
2R	5259862	5259893	Deletion	31
2R	5260194	5260311	Deletion	117
2R	5260207	5260311	Deletion	104
2R	5260214	5260311	Deletion	97
2R	5260244	5260311	Deletion	67
2R	5260257	5260311	Deletion	54
2R	5264723	5264795	Deletion	72
2R	5264723	5264826	Deletion	103
2R	5264723	5264782	Deletion	59
2R	5279793	5279844	Deletion	51
2R	5280015	5280078	Deletion	63
2R	5292383	5292170	Deletion	213
2R	5309835	5292449	Deletion	17386
2R	5309835	5309933	Deletion	98
2R	5309835	5309869	Deletion	34
2R	5309835	5309867	Deletion	32
2R	5309835	5309878	Deletion	43
2R	5310302	5310415	Deletion	113
2R	5310305	5310415	Deletion	110
2R	5310306	5310415	Deletion	109
2R	5310309	5310415	Deletion	106
2R	5310317	5310415	Deletion	98
2R	5310322	5310415	Deletion	93
2R	5310685	5310415	Deletion	270
2R	5310816	5310744	Deletion	72
2R	5310816	5310852	Deletion	36
2R	5310816	5310921	Deletion	105
2R	5310816	5310896	Deletion	80
2R	5364426	5364516	Deletion	90
2R	5364465	5364516	Deletion	51
2R	5364466	5364516	Deletion	50
2R	5364483	5364516	Deletion	33
2R	5367061	5364516	Deletion	2545
2R	5367061	5367155	Deletion	94
2R	5367061	5367138	Deletion	77
2R	5367061	5367178	Deletion	117
2R	5367061	5367181	Deletion	120
2R	5367061	5367137	Deletion	76
2R	5372072	5372129	Deletion	57
2R	5386507	5386557	Deletion	50
2R	5425587	5425661	Deletion	74
2R	5443319	5443426	Deletion	107
2R	5443331	5443426	Deletion	95
2R	5444924	5444990	Deletion	66
2R	5444924	5444955	Deletion	31
2R	5455690	5455762	Deletion	72
2R	5455694	5455762	Deletion	68
2R	5456277	5455762	Deletion	515
2R	5456277	5456335	Deletion	58
2R	5456277	5456316	Deletion	39
2R	5502955	5503066	Deletion	111
2R	5502978	5503066	Deletion	88
2R	5502982	5503066	Deletion	84
2R	5503004	5503066	Deletion	62
2R	5503015	5503066	Deletion	51
2R	5503025	5503066	Deletion	41
2R	5503167	5503066	Deletion	101
2R	5503167	5503209	Deletion	42
2R	5503167	5503272	Deletion	105
2R	5503167	5503252	Deletion	85
2R	5503167	5503279	Deletion	112
2R	5503167	5503242	Deletion	75
2R	5503167	5503286	Deletion	119
2R	5503167	5503231	Deletion	64
2R	5536197	5536294	Deletion	97
2R	5536198	5536294	Deletion	96
2R	5536222	5536294	Deletion	72
2R	5536242	5536294	Deletion	52
2R	5536731	5536294	Deletion	437
2R	5536731	5536845	Deletion	114
2R	5536731	5536833	Deletion	102
2R	5536731	5536805	Deletion	74
2R	5551052	5551138	Deletion	86
2R	5551056	5551138	Deletion	82
2R	5551107	5551138	Deletion	31
2R	5551108	5551138	Deletion	30
2R	5551188	5551138	Deletion	50
2R	5551188	5551232	Deletion	44
2R	5551188	5551264	Deletion	76
2R	5551188	5551284	Deletion	96
2R	5551188	5551228	Deletion	40
2R	5551188	5551283	Deletion	95
2R	5551191	5551219	Deletion	28
2R	5557133	5557224	Deletion	91
2R	5561108	5561151	Deletion	43
2R	5561108	5561200	Deletion	92
2R	5561457	5561491	Deletion	34
2R	5587538	5587602	Deletion	64
2R	5587538	5587585	Deletion	47
2R	5587538	5587658	Deletion	120
2R	5587804	5587859	Deletion	55
2R	5594097	5594153	Deletion	56
2R	5594097	5594204	Deletion	107
2R	5594354	5594418	Deletion	64
2R	5597868	5597979	Deletion	111
2R	5597872	5597979	Deletion	107
2R	5597879	5597979	Deletion	100
2R	5597893	5597975	Deletion	82
2R	5597895	5597979	Deletion	84
2R	5597911	5597979	Deletion	68
2R	5597928	5597979	Deletion	51
2R	5603038	5597979	Deletion	5059
2R	5603038	5603152	Deletion	114
2R	5603038	5603096	Deletion	58
2R	5603038	5603113	Deletion	75
2R	5603038	5603078	Deletion	40
2R	5603038	5603080	Deletion	42
2R	5608587	5608687	Deletion	100
2R	5608599	5608687	Deletion	88
2R	5608604	5608687	Deletion	83
2R	5614558	5608687	Deletion	5871
2R	5614558	5614596	Deletion	38
2R	5629432	5629511	Deletion	79
2R	5629438	5629511	Deletion	73
2R	5629451	5629511	Deletion	60
2R	5629457	5629511	Deletion	54
2R	5629458	5629511	Deletion	53
2R	5629461	5629511	Deletion	50
2R	5629468	5629511	Deletion	43
2R	5629848	5629511	Deletion	337
2R	5629848	5629924	Deletion	76
2R	5629848	5629931	Deletion	83
2R	5629848	5629895	Deletion	47
2R	5629848	5629901	Deletion	53
2R	5629848	5629914	Deletion	66
2R	5629848	5629920	Deletion	72
2R	5634336	5634447	Deletion	111
2R	5634352	5634447	Deletion	95
2R	5634356	5634447	Deletion	91
2R	5634360	5634447	Deletion	87
2R	5634369	5634447	Deletion	78
2R	5634373	5634447	Deletion	74
2R	5634392	5634447	Deletion	55
2R	5634400	5634447	Deletion	47
2R	5634737	5634447	Deletion	290
2R	5634737	5634808	Deletion	71
2R	5634737	5634789	Deletion	52
2R	5634737	5634772	Deletion	35
2R	5634737	5634846	Deletion	109
2R	5634737	5634776	Deletion	39
2R	5634737	5634816	Deletion	79
2R	5634737	5634785	Deletion	48
2R	5645389	5645493	Deletion	104
2R	5645397	5645493	Deletion	96
2R	5645421	5645493	Deletion	72
2R	5645440	5645493	Deletion	53
2R	5645452	5645493	Deletion	41
2R	5645455	5645493	Deletion	38
2R	5646501	5645493	Deletion	1008
2R	5646501	5646603	Deletion	102
2R	5646501	5646574	Deletion	73
2R	5646501	5646555	Deletion	54
2R	5646501	5646601	Deletion	100
2R	5646501	5646589	Deletion	88
2R	5646501	5646616	Deletion	115
2R	5646501	5646531	Deletion	30
2R	5667599	5667703	Deletion	104
2R	5667600	5667703	Deletion	103
2R	5667607	5667703	Deletion	96
2R	5667609	5667703	Deletion	94
2R	5667613	5667703	Deletion	90
2R	5667628	5667703	Deletion	75
2R	5667630	5667703	Deletion	73
2R	5667649	5667703	Deletion	54
2R	5667652	5667703	Deletion	51
2R	5667666	5667703	Deletion	37
2R	5667669	5667703	Deletion	34
2R	5674390	5667703	Deletion	6687
2R	5674390	5674482	Deletion	92
2R	5674390	5674426	Deletion	36
2R	5674390	5674495	Deletion	105
2R	5674390	5674420	Deletion	30
2R	5674390	5674443	Deletion	53
2R	5674390	5674441	Deletion	51
2R	5674390	5674479	Deletion	89
2R	5674390	5674462	Deletion	72
2R	5674390	5674422	Deletion	32
2R	5674390	5674465	Deletion	75
2R	5682256	5682348	Deletion	92
2R	5682260	5682348	Deletion	88
2R	5682300	5682348	Deletion	48
2R	5682303	5682348	Deletion	45
2R	5683104	5682348	Deletion	756
2R	5683104	5683185	Deletion	81
2R	5683104	5683142	Deletion	38
2R	5683104	5683182	Deletion	78
2R	5690067	5690186	Deletion	119
2R	5690083	5690186	Deletion	103
2R	5690085	5690186	Deletion	101
2R	5690092	5690186	Deletion	94
2R	5690148	5690186	Deletion	38
2R	5708947	5709057	Deletion	110
2R	5709014	5709057	Deletion	43
2R	5709019	5709057	Deletion	38
2R	5715255	5709057	Deletion	6198
2R	5715255	5715376	Deletion	121
2R	5715255	5715340	Deletion	85
2R	5720198	5720288	Deletion	90
2R	5720199	5720288	Deletion	89
2R	5720227	5720288	Deletion	61
2R	5720233	5720288	Deletion	55
2R	5720349	5720414	Deletion	65
2R	5720349	5720385	Deletion	36
2R	5720349	5720451	Deletion	102
2R	5720349	5720420	Deletion	71
2R	5720349	5720459	Deletion	110
2R	5768347	5768443	Deletion	96
2R	5768349	5768443	Deletion	94
2R	5768620	5768443	Deletion	177
2R	5768620	5768743	Deletion	123
2R	5768620	5768652	Deletion	32
2R	5768620	5768650	Deletion	30
2R	5785702	5785745	Deletion	43
2R	5787354	5785745	Deletion	1609
2R	5787354	5787437	Deletion	83
2R	5787354	5787416	Deletion	62
2R	5816412	5816484	Deletion	72
2R	5816422	5816484	Deletion	62
2R	5816431	5816484	Deletion	53
2R	5816434	5816484	Deletion	50
2R	5817182	5816484	Deletion	698
2R	5817182	5817305	Deletion	123
2R	5817182	5817256	Deletion	74
2R	5817182	5817237	Deletion	55
2R	5817182	5817259	Deletion	77
2R	5817186	5817247	Deletion	61
2R	5820589	5820664	Deletion	75
2R	5820601	5820664	Deletion	63
2R	5820618	5820664	Deletion	46
2R	5820624	5820664	Deletion	40
2R	5820899	5820664	Deletion	235
2R	5820899	5820950	Deletion	51
2R	5820899	5821020	Deletion	121
2R	5820899	5820979	Deletion	80
2R	5820899	5820962	Deletion	63
2R	5827172	5827281	Deletion	109
2R	5827178	5827281	Deletion	103
2R	5827179	5827281	Deletion	102
2R	5827185	5827281	Deletion	96
2R	5827211	5827281	Deletion	70
2R	5827227	5827281	Deletion	54
2R	5828757	5827281	Deletion	1476
2R	5828757	5828787	Deletion	30
2R	5828757	5828813	Deletion	56
2R	5844417	5844474	Deletion	57
2R	5844432	5844474	Deletion	42
2R	5844952	5845021	Deletion	69
2R	5844952	5845036	Deletion	84
2R	5844952	5845058	Deletion	106
2R	5844952	5845067	Deletion	115
2R	5846802	5846915	Deletion	113
2R	5846838	5846915	Deletion	77
2R	5846842	5846915	Deletion	73
2R	5846846	5846915	Deletion	69
2R	5846864	5846915	Deletion	51
2R	5846871	5846915	Deletion	44
2R	5846879	5846915	Deletion	36
2R	5852740	5846915	Deletion	5825
2R	5852740	5852822	Deletion	82
2R	5852740	5852847	Deletion	107
2R	5852740	5852789	Deletion	49
2R	5852740	5852793	Deletion	53
2R	5852740	5852815	Deletion	75
2R	5852740	5852830	Deletion	90
2R	5857005	5857082	Deletion	77
2R	5857009	5857082	Deletion	73
2R	5857018	5857082	Deletion	64
2R	5857020	5857082	Deletion	62
2R	5857041	5857082	Deletion	41
2R	5859287	5857082	Deletion	2205
2R	5859287	5859338	Deletion	51
2R	5859287	5859374	Deletion	87
2R	5859287	5859342	Deletion	55
2R	5859287	5859351	Deletion	64
2R	5859287	5859353	Deletion	66
2R	5864310	5864389	Deletion	79
2R	5864356	5864389	Deletion	33
2R	5867057	5864389	Deletion	2668
2R	5867057	5867151	Deletion	94
2R	5867316	5867401	Deletion	85
2R	5867343	5867401	Deletion	58
2R	5867353	5867401	Deletion	48
2R	5867367	5867401	Deletion	34
2R	5874504	5874607	Deletion	103
2R	5874506	5874607	Deletion	101
2R	5874547	5874607	Deletion	60
2R	5874548	5874607	Deletion	59
2R	5874562	5874602	Deletion	40
2R	5874567	5874607	Deletion	40
2R	5875136	5874607	Deletion	529
2R	5875136	5875203	Deletion	67
2R	5875136	5875223	Deletion	87
2R	5875136	5875252	Deletion	116
2R	5875136	5875218	Deletion	82
2R	5878634	5878692	Deletion	58
2R	5878642	5878692	Deletion	50
2R	5880040	5880143	Deletion	103
2R	5880044	5880138	Deletion	94
2R	5880051	5880143	Deletion	92
2R	5880056	5880143	Deletion	87
2R	5880067	5880143	Deletion	76
2R	5880108	5880143	Deletion	35
2R	5880192	5880143	Deletion	49
2R	5880192	5880301	Deletion	109
2R	5880192	5880244	Deletion	52
2R	5880192	5880278	Deletion	86
2R	5880192	5880285	Deletion	93
2R	5880192	5880305	Deletion	113
2R	5880192	5880228	Deletion	36
2R	5880668	5880755	Deletion	87
2R	5880676	5880755	Deletion	79
2R	5880699	5880755	Deletion	56
2R	5880716	5880755	Deletion	39
2R	5880873	5880948	Deletion	75
2R	5880873	5880925	Deletion	52
2R	5880873	5880917	Deletion	44
2R	5887113	5887196	Deletion	83
2R	5887155	5887196	Deletion	41
2R	5896714	5887196	Deletion	9518
2R	5896714	5896758	Deletion	44
2R	5896714	5896822	Deletion	108
2R	5896714	5896754	Deletion	40
2R	5896718	5896800	Deletion	82
2R	5896723	5896822	Deletion	99
2R	5896737	5896822	Deletion	85
2R	5896748	5896822	Deletion	74
2R	5896751	5896822	Deletion	71
2R	5896781	5896822	Deletion	41
2R	5896791	5896822	Deletion	31
2R	5905482	5905525	Deletion	43
2R	5905482	5905585	Deletion	103
2R	5905482	5905569	Deletion	87
2R	5922276	5922373	Deletion	97
2R	5922292	5922373	Deletion	81
2R	5922312	5922373	Deletion	61
2R	5923620	5922373	Deletion	1247
2R	5923620	5923685	Deletion	65
2R	5946371	5946477	Deletion	106
2R	5946445	5946477	Deletion	32
2R	5946983	5947077	Deletion	94
2R	5953888	5953988	Deletion	100
2R	5953935	5953988	Deletion	53
2R	5964494	5953988	Deletion	10506
2R	5964494	5964614	Deletion	120
2R	5964494	5964591	Deletion	97
2R	5964494	5964567	Deletion	73
2R	5967719	5967781	Deletion	62
2R	5967725	5967781	Deletion	56
2R	5967742	5967781	Deletion	39
2R	5968947	5967781	Deletion	1166
2R	5968947	5969017	Deletion	70
2R	5968947	5969034	Deletion	87
2R	5968947	5968988	Deletion	41
2R	5968960	5969011	Deletion	51
2R	5968990	5969034	Deletion	44
2R	5969003	5969034	Deletion	31
2R	5971079	5969034	Deletion	2045
2R	5971079	5971186	Deletion	107
2R	5971079	5971162	Deletion	83
2R	5971079	5971175	Deletion	96
2R	5976725	5976813	Deletion	88
2R	5976744	5976813	Deletion	69
2R	5976755	5976813	Deletion	58
2R	5976782	5976813	Deletion	31
2R	5976903	5976813	Deletion	90
2R	5976903	5976999	Deletion	96
2R	5976903	5977018	Deletion	115
2R	5976903	5976972	Deletion	69
2R	5976903	5976942	Deletion	39
2R	5986311	5986401	Deletion	90
2R	5986315	5986401	Deletion	86
2R	5986322	5986401	Deletion	79
2R	5986360	5986401	Deletion	41
2R	5986533	5986401	Deletion	132
2R	5986533	5986573	Deletion	40
2R	5986533	5986618	Deletion	85
2R	5986533	5986569	Deletion	36
2R	5986533	5986580	Deletion	47
2R	6001600	6001684	Deletion	84
2R	6001629	6001684	Deletion	55
2R	6001636	6001684	Deletion	48
2R	6001645	6001684	Deletion	39
2R	6001649	6001684	Deletion	35
2R	6001652	6001684	Deletion	32
2R	6019943	6001684	Deletion	18259
2R	6019943	6020034	Deletion	91
2R	6019943	6020014	Deletion	71
2R	6019943	6020037	Deletion	94
2R	6019943	6020030	Deletion	87
2R	6019943	6019973	Deletion	30
2R	6019943	6019985	Deletion	42
2R	6022002	6022114	Deletion	112
2R	6022003	6022114	Deletion	111
2R	6022017	6022114	Deletion	97
2R	6022018	6022114	Deletion	96
2R	6022028	6022114	Deletion	86
2R	6022054	6022114	Deletion	60
2R	6022237	6022114	Deletion	123
2R	6022237	6022280	Deletion	43
2R	6022237	6022352	Deletion	115
2R	6022237	6022306	Deletion	69
2R	6022237	6022270	Deletion	33
2R	6024099	6024211	Deletion	112
2R	6024143	6024211	Deletion	68
2R	6024162	6024211	Deletion	49
2R	6024181	6024211	Deletion	30
2R	6025154	6024211	Deletion	943
2R	6025154	6025214	Deletion	60
2R	6025154	6025252	Deletion	98
2R	6025154	6025233	Deletion	79
2R	6025154	6025263	Deletion	109
2R	6040298	6040395	Deletion	97
2R	6040305	6040395	Deletion	90
2R	6040309	6040395	Deletion	86
2R	6040340	6040395	Deletion	55
2R	6040363	6040395	Deletion	32
2R	6044257	6040395	Deletion	3862
2R	6044257	6044294	Deletion	37
2R	6044257	6044358	Deletion	101
2R	6044257	6044329	Deletion	72
2R	6044257	6044352	Deletion	95
2R	6044257	6044298	Deletion	41
2R	6045347	6045296	Deletion	51
2R	6045347	6045471	Deletion	124
2R	6045347	6045467	Deletion	120
2R	6067573	6067649	Deletion	76
2R	6067596	6067649	Deletion	53
2R	6067607	6067649	Deletion	42
2R	6070697	6067649	Deletion	3048
2R	6070697	6070820	Deletion	123
2R	6070697	6070747	Deletion	50
2R	6070697	6070742	Deletion	45
2R	6070697	6070770	Deletion	73
2R	6070697	6070781	Deletion	84
2R	6070698	6070800	Deletion	102
2R	6073546	6073664	Deletion	118
2R	6073565	6073664	Deletion	99
2R	6073570	6073664	Deletion	94
2R	6073580	6073664	Deletion	84
2R	6073620	6073664	Deletion	44
2R	6073735	6073664	Deletion	71
2R	6073735	6073777	Deletion	42
2R	6073735	6073817	Deletion	82
2R	6100239	6100316	Deletion	77
2R	6109052	6109146	Deletion	94
2R	6109052	6109136	Deletion	84
2R	6114089	6114206	Deletion	117
2R	6114124	6114206	Deletion	82
2R	6114146	6114206	Deletion	60
2R	6114711	6114206	Deletion	505
2R	6114711	6114755	Deletion	44
2R	6116176	6116288	Deletion	112
2R	6116197	6116288	Deletion	91
2R	6116201	6116288	Deletion	87
2R	6116214	6116288	Deletion	74
2R	6116215	6116288	Deletion	73
2R	6116227	6116288	Deletion	61
2R	6116243	6116288	Deletion	45
2R	6116246	6116288	Deletion	42
2R	6116247	6116288	Deletion	41
2R	6116253	6116288	Deletion	35
2R	6116598	6116288	Deletion	310
2R	6116598	6116638	Deletion	40
2R	6116598	6116683	Deletion	85
2R	6116598	6116652	Deletion	54
2R	6116598	6116680	Deletion	82
2R	6116598	6116684	Deletion	86
2R	6116598	6116664	Deletion	66
2R	6116598	6116690	Deletion	92
2R	6116598	6116719	Deletion	121
2R	6116598	6116651	Deletion	53
2R	6124911	6125026	Deletion	115
2R	6124912	6125026	Deletion	114
2R	6124916	6125026	Deletion	110
2R	6124922	6125026	Deletion	104
2R	6124928	6125026	Deletion	98
2R	6124943	6125026	Deletion	83
2R	6124992	6125025	Deletion	33
2R	6125480	6125026	Deletion	454
2R	6125481	6125524	Deletion	43
2R	6125481	6125573	Deletion	92
2R	6134295	6134381	Deletion	86
2R	6134311	6134381	Deletion	70
2R	6134335	6134381	Deletion	46
2R	6134341	6134381	Deletion	40
2R	6144437	6134381	Deletion	10056
2R	6144437	6144519	Deletion	82
2R	6144437	6144525	Deletion	88
2R	6144437	6144495	Deletion	58
2R	6167694	6167785	Deletion	91
2R	6167731	6167785	Deletion	54
2R	6167733	6167785	Deletion	52
2R	6167753	6167785	Deletion	32
2R	6168895	6167785	Deletion	1110
2R	6168895	6168992	Deletion	97
2R	6168895	6168933	Deletion	38
2R	6168895	6168972	Deletion	77
2R	6169005	6169043	Deletion	38
2R	6169013	6169043	Deletion	30
2R	6169139	6169043	Deletion	96
2R	6169139	6169235	Deletion	96
2R	6169139	6169260	Deletion	121
2R	6177218	6177282	Deletion	64
2R	6177229	6177282	Deletion	53
2R	6198589	6177282	Deletion	21307
2R	6198589	6198651	Deletion	62
2R	6198589	6198662	Deletion	73
2R	6198589	6198621	Deletion	32
2R	6199806	6199891	Deletion	85
2R	6199825	6199891	Deletion	66
2R	6199829	6199891	Deletion	62
2R	6199842	6199891	Deletion	49
2R	6199847	6199891	Deletion	44
2R	6199853	6199891	Deletion	38
2R	6199860	6199891	Deletion	31
2R	6210042	6199891	Deletion	10151
2R	6210042	6210121	Deletion	79
2R	6210042	6210108	Deletion	66
2R	6210042	6210126	Deletion	84
2R	6210042	6210132	Deletion	90
2R	6210042	6210085	Deletion	43
2R	6210042	6210104	Deletion	62
2R	6210042	6210139	Deletion	97
2R	6254952	6254985	Deletion	33
2R	6259424	6254985	Deletion	4439
2R	6259424	6259464	Deletion	40
2R	6259424	6259529	Deletion	105
2R	6268926	6269043	Deletion	117
2R	6268927	6269043	Deletion	116
2R	6268962	6269043	Deletion	81
2R	6268963	6269043	Deletion	80
2R	6268964	6269043	Deletion	79
2R	6268967	6269043	Deletion	76
2R	6268970	6269043	Deletion	73
2R	6268997	6269043	Deletion	46
2R	6269433	6269043	Deletion	390
2R	6269433	6269513	Deletion	80
2R	6269433	6269478	Deletion	45
2R	6269433	6269480	Deletion	47
2R	6269433	6269483	Deletion	50
2R	6269433	6269486	Deletion	53
2R	6270993	6271096	Deletion	103
2R	6271010	6271096	Deletion	86
2R	6271037	6271096	Deletion	59
2R	6271048	6271096	Deletion	48
2R	6271051	6271096	Deletion	45
2R	6272039	6271096	Deletion	943
2R	6273611	6272083	Deletion	1528
2R	6277734	6277088	Deletion	646
2R	6319804	6319855	Deletion	51
2R	6322451	6322527	Deletion	76
2R	6322469	6322527	Deletion	58
2R	6322476	6322527	Deletion	51
2R	6322486	6322527	Deletion	41
2R	6324983	6322527	Deletion	2456
2R	6324983	6325069	Deletion	86
2R	6324983	6325022	Deletion	39
2R	6324983	6325052	Deletion	69
2R	6324983	6325097	Deletion	114
2R	6324983	6325059	Deletion	76
2R	6329166	6329252	Deletion	86
2R	6329185	6329252	Deletion	67
2R	6329186	6329252	Deletion	66
2R	6334427	6334549	Deletion	122
2R	6346073	6346184	Deletion	111
2R	6346086	6346184	Deletion	98
2R	6351514	6351581	Deletion	67
2R	6354178	6351551	Deletion	2627
2R	6354208	6354268	Deletion	60
2R	6372512	6372631	Deletion	119
2R	6372518	6372631	Deletion	113
2R	6372528	6372631	Deletion	103
2R	6372546	6372631	Deletion	85
2R	6372572	6372631	Deletion	59
2R	6372847	6372631	Deletion	216
2R	6372847	6372948	Deletion	101
2R	6414797	6414855	Deletion	58
2R	6415149	6415263	Deletion	114
2R	6436259	6436371	Deletion	112
2R	6436273	6436371	Deletion	98
2R	6436294	6436371	Deletion	77
2R	6436322	6436371	Deletion	49
2R	6436324	6436371	Deletion	47
2R	6436331	6436371	Deletion	40
2R	6436340	6436371	Deletion	31
2R	6436506	6436371	Deletion	135
2R	6436507	6436542	Deletion	35
2R	6439030	6439080	Deletion	50
2R	6439030	6439106	Deletion	76
2R	6439030	6439096	Deletion	66
2R	6439030	6439089	Deletion	59
2R	6439030	6439071	Deletion	41
2R	6439030	6439073	Deletion	43
2R	6448113	6448237	Deletion	124
2R	6448113	6448216	Deletion	103
2R	6448113	6448149	Deletion	36
2R	6448113	6448184	Deletion	71
2R	6448113	6448160	Deletion	47
2R	6448113	6448194	Deletion	81
2R	6454093	6454165	Deletion	72
2R	6459929	6460025	Deletion	96
2R	6459936	6460025	Deletion	89
2R	6459952	6460025	Deletion	73
2R	6463801	6460025	Deletion	3776
2R	6463801	6463897	Deletion	96
2R	6463801	6463890	Deletion	89
2R	6463801	6463925	Deletion	124
2R	6463801	6463839	Deletion	38
2R	6463801	6463855	Deletion	54
2R	6463801	6463832	Deletion	31
2R	6463806	6463922	Deletion	116
2R	6465347	6465433	Deletion	86
2R	6465349	6465433	Deletion	84
2R	6465367	6465433	Deletion	66
2R	6465729	6465433	Deletion	296
2R	6465729	6465770	Deletion	41
2R	6465729	6465772	Deletion	43
2R	6478641	6478723	Deletion	82
2R	6478666	6478723	Deletion	57
2R	6483807	6479154	Deletion	4653
2R	6483807	6483903	Deletion	96
2R	6483807	6483876	Deletion	69
2R	6483807	6483926	Deletion	119
2R	6483807	6483851	Deletion	44
2R	6483807	6483889	Deletion	82
2R	6483807	6483904	Deletion	97
2R	6484079	6484145	Deletion	66
2R	6484094	6484145	Deletion	51
2R	6486123	6485823	Deletion	300
2R	6486528	6486154	Deletion	374
2R	6491036	6491141	Deletion	105
2R	6491036	6491112	Deletion	76
2R	6495507	6495571	Deletion	64
2R	6503173	6503264	Deletion	91
2R	6503177	6503264	Deletion	87
2R	6503181	6503264	Deletion	83
2R	6503191	6503264	Deletion	73
2R	6503211	6503264	Deletion	53
2R	6503223	6503264	Deletion	41
2R	6504765	6503264	Deletion	1501
2R	6504765	6504800	Deletion	35
2R	6504765	6504804	Deletion	39
2R	6504765	6504808	Deletion	43
2R	6504765	6504818	Deletion	53
2R	6504765	6504879	Deletion	114
2R	6504765	6504850	Deletion	85
2R	6504765	6504870	Deletion	105
2R	6504765	6504875	Deletion	110
2R	6518915	6519019	Deletion	104
2R	6518941	6519019	Deletion	78
2R	6519068	6519019	Deletion	49
2R	6519068	6519117	Deletion	49
2R	6520486	6520585	Deletion	99
2R	6520526	6520585	Deletion	59
2R	6530856	6520585	Deletion	10271
2R	6530856	6530958	Deletion	102
2R	6537969	6538075	Deletion	106
2R	6537978	6538075	Deletion	97
2R	6538045	6538075	Deletion	30
2R	6543413	6538075	Deletion	5338
2R	6543413	6543509	Deletion	96
2R	6543413	6543520	Deletion	107
2R	6543413	6543502	Deletion	89
2R	6550807	6550902	Deletion	95
2R	6550813	6550902	Deletion	89
2R	6550825	6550902	Deletion	77
2R	6550832	6550902	Deletion	70
2R	6556005	6550902	Deletion	5103
2R	6556005	6556054	Deletion	49
2R	6556005	6556061	Deletion	56
2R	6562189	6561998	Deletion	191
2R	6562189	6562312	Deletion	123
2R	6563946	6564035	Deletion	89
2R	6563949	6564035	Deletion	86
2R	6563963	6564035	Deletion	72
2R	6563972	6564035	Deletion	63
2R	6563978	6564035	Deletion	57
2R	6568049	6564035	Deletion	4014
2R	6568049	6568086	Deletion	37
2R	6568049	6568118	Deletion	69
2R	6568049	6568112	Deletion	63
2R	6568049	6568103	Deletion	54
2R	6568049	6568089	Deletion	40
2R	6568050	6568161	Deletion	111
2R	6603049	6603105	Deletion	56
2R	6603342	6603105	Deletion	237
2R	6616219	6616297	Deletion	78
2R	6616251	6616297	Deletion	46
2R	6622374	6616297	Deletion	6077
2R	6622374	6622423	Deletion	49
2R	6626166	6626273	Deletion	107
2R	6626178	6626273	Deletion	95
2R	6626194	6626273	Deletion	79
2R	6626212	6626273	Deletion	61
2R	6626219	6626273	Deletion	54
2R	6626225	6626273	Deletion	48
2R	6626234	6626273	Deletion	39
2R	6626694	6626273	Deletion	421
2R	6626694	6626725	Deletion	31
2R	6626694	6626741	Deletion	47
2R	6626694	6626781	Deletion	87
2R	6626694	6626759	Deletion	65
2R	6626694	6626766	Deletion	72
2R	6626694	6626772	Deletion	78
2R	6631621	6631729	Deletion	108
2R	6631657	6631729	Deletion	72
2R	6631675	6631729	Deletion	54
2R	6631699	6631729	Deletion	30
2R	6631820	6631729	Deletion	91
2R	6631820	6631919	Deletion	99
2R	6631820	6631877	Deletion	57
2R	6631820	6631895	Deletion	75
2R	6631824	6631925	Deletion	101
2R	6651616	6651734	Deletion	118
2R	6651644	6651734	Deletion	90
2R	6651645	6651734	Deletion	89
2R	6651650	6651734	Deletion	84
2R	6651695	6651734	Deletion	39
2R	6653477	6651734	Deletion	1743
2R	6653477	6653514	Deletion	37
2R	6653477	6653595	Deletion	118
2R	6653477	6653515	Deletion	38
2R	6653477	6653565	Deletion	88
2R	6653477	6653594	Deletion	117
2R	6653477	6653596	Deletion	119
2R	6653477	6653520	Deletion	43
2R	6653477	6653582	Deletion	105
2R	6672344	6672410	Deletion	66
2R	6672348	6672410	Deletion	62
2R	6672362	6672410	Deletion	48
2R	6672652	6672410	Deletion	242
2R	6672652	6672713	Deletion	61
2R	6672652	6672731	Deletion	79
2R	6672652	6672717	Deletion	65
2R	6672652	6672772	Deletion	120
2R	6672652	6672711	Deletion	59
2R	6683475	6683592	Deletion	117
2R	6683508	6683592	Deletion	84
2R	6683535	6683592	Deletion	57
2R	6683720	6683592	Deletion	128
2R	6683720	6683762	Deletion	42
2R	6683720	6683839	Deletion	119
2R	6688470	6688590	Deletion	120
2R	6688491	6688590	Deletion	99
2R	6688494	6688590	Deletion	96
2R	6688505	6688590	Deletion	85
2R	6688512	6688590	Deletion	78
2R	6688514	6688590	Deletion	76
2R	6688516	6688590	Deletion	74
2R	6707969	6688590	Deletion	19379
2R	6707969	6708087	Deletion	118
2R	6707969	6708001	Deletion	32
2R	6707969	6708023	Deletion	54
2R	6707969	6708081	Deletion	112
2R	6707969	6708021	Deletion	52
2R	6707969	6708071	Deletion	102
2R	6707969	6708019	Deletion	50
2R	6715558	6715671	Deletion	113
2R	6715581	6715671	Deletion	90
2R	6715627	6715671	Deletion	44
2R	6717007	6715671	Deletion	1336
2R	6717007	6717124	Deletion	117
2R	6717007	6717043	Deletion	36
2R	6717007	6717089	Deletion	82
2R	6717007	6717117	Deletion	110
2R	6739226	6739312	Deletion	86
2R	6739229	6739312	Deletion	83
2R	6739230	6739312	Deletion	82
2R	6739236	6739312	Deletion	76
2R	6739249	6739312	Deletion	63
2R	6740108	6739312	Deletion	796
2R	6740108	6740171	Deletion	63
2R	6740108	6740158	Deletion	50
2R	6740108	6740148	Deletion	40
2R	6740108	6740152	Deletion	44
2R	6740108	6740206	Deletion	98
2R	6740108	6740225	Deletion	117
2R	6740108	6740208	Deletion	100
2R	6761006	6761123	Deletion	117
2R	6761013	6761123	Deletion	110
2R	6761034	6761123	Deletion	89
2R	6761038	6761123	Deletion	85
2R	6761048	6761123	Deletion	75
2R	6761063	6761123	Deletion	60
2R	6761065	6761123	Deletion	58
2R	6761087	6761123	Deletion	36
2R	6761973	6761123	Deletion	850
2R	6761973	6762071	Deletion	98
2R	6761973	6762010	Deletion	37
2R	6761973	6762041	Deletion	68
2R	6761973	6762024	Deletion	51
2R	6761973	6762014	Deletion	41
2R	6761973	6762063	Deletion	90
2R	6797938	6798014	Deletion	76
2R	6797949	6798014	Deletion	65
2R	6797954	6798014	Deletion	60
2R	6797971	6798014	Deletion	43
2R	6797976	6798014	Deletion	38
2R	6806840	6798014	Deletion	8826
2R	6806840	6806939	Deletion	99
2R	6806840	6806923	Deletion	83
2R	6806840	6806957	Deletion	117
2R	6806840	6806928	Deletion	88
2R	6806840	6806940	Deletion	100
2R	6806840	6806906	Deletion	66
2R	6806840	6806890	Deletion	50
2R	6834374	6834494	Deletion	120
2R	6834376	6834494	Deletion	118
2R	6834396	6834494	Deletion	98
2R	6834416	6834494	Deletion	78
2R	6834438	6834494	Deletion	56
2R	6834463	6834494	Deletion	31
2R	6835531	6834494	Deletion	1037
2R	6835531	6835602	Deletion	71
2R	6835531	6835580	Deletion	49
2R	6835531	6835627	Deletion	96
2R	6844650	6844683	Deletion	33
2R	6844736	6844683	Deletion	53
2R	6844736	6844830	Deletion	94
2R	6844736	6844818	Deletion	82
2R	6848713	6848765	Deletion	52
2R	6886225	6848765	Deletion	37460
2R	6887132	6887242	Deletion	110
2R	6887138	6887242	Deletion	104
2R	6887144	6887242	Deletion	98
2R	6887169	6887242	Deletion	73
2R	6887201	6887242	Deletion	41
2R	6888169	6887242	Deletion	927
2R	6888169	6888256	Deletion	87
2R	6888169	6888224	Deletion	55
2R	6894662	6894745	Deletion	83
2R	6894668	6894749	Deletion	81
2R	6894688	6894749	Deletion	61
2R	6894689	6894749	Deletion	60
2R	6894696	6894749	Deletion	53
2R	6894711	6894749	Deletion	38
2R	6922044	6922111	Deletion	67
2R	6922044	6922110	Deletion	66
2R	6922044	6922133	Deletion	89
2R	6922044	6922157	Deletion	113
2R	6922044	6922084	Deletion	40
2R	6922044	6922090	Deletion	46
2R	6923562	6923653	Deletion	91
2R	6923590	6923658	Deletion	68
2R	6923607	6923658	Deletion	51
2R	6923611	6923658	Deletion	47
2R	6923615	6923658	Deletion	43
2R	6936004	6923658	Deletion	12346
2R	6936004	6936062	Deletion	58
2R	6936004	6936079	Deletion	75
2R	6936004	6936102	Deletion	98
2R	6936004	6936087	Deletion	83
2R	6941830	6941935	Deletion	105
2R	6941833	6941935	Deletion	102
2R	6941837	6941935	Deletion	98
2R	6941843	6941935	Deletion	92
2R	6941844	6941935	Deletion	91
2R	6942141	6942176	Deletion	35
2R	6942141	6942255	Deletion	114
2R	6942141	6942261	Deletion	120
2R	6942280	6942392	Deletion	112
2R	6942329	6942392	Deletion	63
2R	6942336	6942392	Deletion	56
2R	6942354	6942392	Deletion	38
2R	6942641	6942392	Deletion	249
2R	6942641	6942732	Deletion	91
2R	6942641	6942707	Deletion	66
2R	6950113	6950224	Deletion	111
2R	6950124	6950224	Deletion	100
2R	6950154	6950224	Deletion	70
2R	6950184	6950224	Deletion	40
2R	6950187	6950224	Deletion	37
2R	6950314	6950224	Deletion	90
2R	6950314	6950403	Deletion	89
2R	6958573	6958639	Deletion	66
2R	7023818	7023921	Deletion	103
2R	7023848	7023921	Deletion	73
2R	7023856	7023921	Deletion	65
2R	7025065	7023921	Deletion	1144
2R	7025065	7025169	Deletion	104
2R	7025065	7025126	Deletion	61
2R	7025065	7025168	Deletion	103
2R	7025065	7025164	Deletion	99
2R	7033490	7033589	Deletion	99
2R	7033502	7033589	Deletion	87
2R	7033531	7033589	Deletion	58
2R	7033536	7033589	Deletion	53
2R	7034607	7033589	Deletion	1018
2R	7034607	7034681	Deletion	74
2R	7034607	7034676	Deletion	69
2R	7034607	7034718	Deletion	111
2R	7034607	7034647	Deletion	40
2R	7034607	7034730	Deletion	123
2R	7049825	7049910	Deletion	85
2R	7049831	7049910	Deletion	79
2R	7049843	7049910	Deletion	67
2R	7049862	7049910	Deletion	48
2R	7049879	7049910	Deletion	31
2R	7055851	7049910	Deletion	5941
2R	7055851	7055946	Deletion	95
2R	7055851	7055898	Deletion	47
2R	7055851	7055910	Deletion	59
2R	7055851	7055892	Deletion	41
2R	7062412	7062515	Deletion	103
2R	7062429	7062515	Deletion	86
2R	7062433	7062515	Deletion	82
2R	7062467	7062515	Deletion	48
2R	7062468	7062515	Deletion	47
2R	7062564	7062515	Deletion	49
2R	7062564	7062678	Deletion	114
2R	7062564	7062643	Deletion	79
2R	7062564	7062644	Deletion	80
2R	7062564	7062605	Deletion	41
2R	7062564	7062609	Deletion	45
2R	7065614	7065717	Deletion	103
2R	7065632	7065717	Deletion	85
2R	7065640	7065717	Deletion	77
2R	7065647	7065717	Deletion	70
2R	7065651	7065717	Deletion	66
2R	7065661	7065717	Deletion	56
2R	7065683	7065717	Deletion	34
2R	7065684	7065717	Deletion	33
2R	7070884	7065717	Deletion	5167
2R	7070884	7070940	Deletion	56
2R	7070884	7070944	Deletion	60
2R	7070884	7070999	Deletion	115
2R	7070884	7070933	Deletion	49
2R	7070884	7070976	Deletion	92
2R	7070884	7070977	Deletion	93
2R	7070884	7070954	Deletion	70
2R	7110405	7110483	Deletion	78
2R	7110414	7110483	Deletion	69
2R	7112961	7110483	Deletion	2478
2R	7112961	7113063	Deletion	102
2R	7112961	7113070	Deletion	109
2R	7112961	7113069	Deletion	108
2R	7112961	7113018	Deletion	57
2R	7133199	7133267	Deletion	68
2R	7133212	7133267	Deletion	55
2R	7133223	7133267	Deletion	44
2R	7133233	7133267	Deletion	34
2R	7153507	7153578	Deletion	71
2R	7153507	7153599	Deletion	92
2R	7153507	7153589	Deletion	82
2R	7153507	7153550	Deletion	43
2R	7163583	7163662	Deletion	79
2R	7163620	7163662	Deletion	42
2R	7169358	7163662	Deletion	5696
2R	7169358	7169464	Deletion	106
2R	7169358	7169443	Deletion	85
2R	7169379	7169406	Deletion	27
2R	7169388	7169489	Deletion	101
2R	7169401	7169489	Deletion	88
2R	7169459	7169489	Deletion	30
2R	7171517	7169489	Deletion	2028
2R	7171517	7171555	Deletion	38
2R	7172762	7172863	Deletion	101
2R	7172785	7172863	Deletion	78
2R	7172794	7172863	Deletion	69
2R	7172802	7172863	Deletion	61
2R	7174272	7172863	Deletion	1409
2R	7174272	7174320	Deletion	48
2R	7174272	7174376	Deletion	104
2R	7174272	7174392	Deletion	120
2R	7174272	7174329	Deletion	57
2R	7181952	7182008	Deletion	56
2R	7181955	7182008	Deletion	53
2R	7181973	7182008	Deletion	35
2R	7183520	7182008	Deletion	1512
2R	7183520	7183629	Deletion	109
2R	7183520	7183590	Deletion	70
2R	7183520	7183611	Deletion	91
2R	7194009	7194107	Deletion	98
2R	7194023	7194107	Deletion	84
2R	7194047	7194107	Deletion	60
2R	7194048	7194107	Deletion	59
2R	7194059	7194107	Deletion	48
2R	7208243	7208310	Deletion	67
2R	7208243	7208285	Deletion	42
2R	7208243	7208363	Deletion	120
2R	7208243	7208321	Deletion	78
2R	7222573	7222642	Deletion	69
2R	7225935	7222642	Deletion	3293
2R	7226723	7226810	Deletion	87
2R	7226729	7226810	Deletion	81
2R	7226740	7226810	Deletion	70
2R	7228593	7226810	Deletion	1783
2R	7228593	7228632	Deletion	39
2R	7228593	7228649	Deletion	56
2R	7228593	7228638	Deletion	45
2R	7228593	7228704	Deletion	111
2R	7231200	7231247	Deletion	47
2R	7231620	7231247	Deletion	373
2R	7231620	7231699	Deletion	79
2R	7231620	7231719	Deletion	99
2R	7240342	7240410	Deletion	68
2R	7246491	7246547	Deletion	56
2R	7246493	7246547	Deletion	54
2R	7246508	7246547	Deletion	39
2R	7254989	7246547	Deletion	8442
2R	7254989	7255104	Deletion	115
2R	7254989	7255050	Deletion	61
2R	7254989	7255061	Deletion	72
2R	7254989	7255059	Deletion	70
2R	7258898	7258981	Deletion	83
2R	7258918	7258981	Deletion	63
2R	7258944	7258981	Deletion	37
2R	7258947	7258981	Deletion	34
2R	7274283	7274376	Deletion	93
2R	7274283	7274327	Deletion	44
2R	7274283	7274347	Deletion	64
2R	7274283	7274380	Deletion	97
2R	7274283	7274389	Deletion	106
2R	7310946	7311009	Deletion	63
2R	7310951	7311009	Deletion	58
2R	7310958	7311009	Deletion	51
2R	7310965	7311009	Deletion	44
2R	7311196	7311009	Deletion	187
2R	7311196	7311273	Deletion	77
2R	7311196	7311315	Deletion	119
2R	7311196	7311229	Deletion	33
2R	7311196	7311320	Deletion	124
2R	7311196	7311261	Deletion	65
2R	7311199	7311266	Deletion	67
2R	7317245	7317349	Deletion	104
2R	7317247	7317349	Deletion	102
2R	7317266	7317349	Deletion	83
2R	7317292	7317349	Deletion	57
2R	7317296	7317349	Deletion	53
2R	7318666	7317349	Deletion	1317
2R	7318666	7318739	Deletion	73
2R	7318666	7318709	Deletion	43
2R	7318666	7318784	Deletion	118
2R	7318666	7318735	Deletion	69
2R	7328088	7328186	Deletion	98
2R	7328095	7328186	Deletion	91
2R	7328143	7328186	Deletion	43
2R	7331319	7328186	Deletion	3133
2R	7331319	7331403	Deletion	84
2R	7341575	7341672	Deletion	97
2R	7344469	7341672	Deletion	2797
2R	7344469	7344582	Deletion	113
2R	7344469	7344499	Deletion	30
2R	7356981	7357086	Deletion	105
2R	7356996	7357086	Deletion	90
2R	7357013	7357086	Deletion	73
2R	7357037	7357086	Deletion	49
2R	7357047	7357086	Deletion	39
2R	7357048	7357086	Deletion	38
2R	7360065	7357086	Deletion	2979
2R	7360065	7360142	Deletion	77
2R	7360065	7360174	Deletion	109
2R	7360065	7360168	Deletion	103
2R	7360065	7360101	Deletion	36
2R	7360065	7360118	Deletion	53
2R	7360065	7360152	Deletion	87
2R	7372295	7372393	Deletion	98
2R	7372303	7372393	Deletion	90
2R	7372306	7372393	Deletion	87
2R	7372311	7372393	Deletion	82
2R	7372313	7372393	Deletion	80
2R	7372338	7372393	Deletion	55
2R	7373139	7372393	Deletion	746
2R	7373139	7373210	Deletion	71
2R	7373139	7373178	Deletion	39
2R	7373139	7373185	Deletion	46
2R	7373139	7373183	Deletion	44
2R	7373139	7373236	Deletion	97
2R	7393453	7393562	Deletion	109
2R	7393466	7393562	Deletion	96
2R	7393473	7393562	Deletion	89
2R	7393489	7393562	Deletion	73
2R	7393505	7393562	Deletion	57
2R	7393514	7393562	Deletion	48
2R	7393669	7393562	Deletion	107
2R	7393669	7393722	Deletion	53
2R	7393669	7393767	Deletion	98
2R	7393669	7393785	Deletion	116
2R	7393669	7393738	Deletion	69
2R	7393669	7393789	Deletion	120
2R	7393669	7393706	Deletion	37
2R	7398177	7398259	Deletion	82
2R	7398199	7398259	Deletion	60
2R	7398211	7398259	Deletion	48
2R	7398219	7398259	Deletion	40
2R	7399654	7398259	Deletion	1395
2R	7399654	7399756	Deletion	102
2R	7399654	7399699	Deletion	45
2R	7399654	7399721	Deletion	67
2R	7399654	7399733	Deletion	79
2R	7404033	7404093	Deletion	60
2R	7413916	7404093	Deletion	9823
2R	7413916	7413953	Deletion	37
2R	7418879	7418973	Deletion	94
2R	7418883	7418973	Deletion	90
2R	7418890	7418973	Deletion	83
2R	7418897	7418973	Deletion	76
2R	7418905	7418973	Deletion	68
2R	7418941	7418973	Deletion	32
2R	7423286	7423322	Deletion	36
2R	7423286	7423329	Deletion	43
2R	7423286	7423405	Deletion	119
2R	7423286	7423336	Deletion	50
2R	7423286	7423318	Deletion	32
2R	7423286	7423380	Deletion	94
2R	7423286	7423408	Deletion	122
2R	7423286	7423387	Deletion	101
2R	7450109	7450219	Deletion	110
2R	7450131	7450219	Deletion	88
2R	7450141	7450219	Deletion	78
2R	7450157	7450219	Deletion	62
2R	7450169	7450219	Deletion	50
2R	7450170	7450219	Deletion	49
2R	7450174	7450219	Deletion	45
2R	7450189	7450219	Deletion	30
2R	7455447	7450219	Deletion	5228
2R	7455447	7455554	Deletion	107
2R	7455447	7455525	Deletion	78
2R	7455447	7455550	Deletion	103
2R	7455447	7455486	Deletion	39
2R	7455447	7455512	Deletion	65
2R	7455447	7455496	Deletion	49
2R	7455447	7455544	Deletion	97
2R	7455447	7455524	Deletion	77
2R	7455447	7455529	Deletion	82
2R	7465113	7465228	Deletion	115
2R	7465122	7465228	Deletion	106
2R	7465128	7465228	Deletion	100
2R	7465129	7465228	Deletion	99
2R	7465172	7465228	Deletion	56
2R	7465182	7465228	Deletion	46
2R	7465196	7465228	Deletion	32
2R	7471745	7465228	Deletion	6517
2R	7471745	7471817	Deletion	72
2R	7471745	7471841	Deletion	96
2R	7487607	7487725	Deletion	118
2R	7487670	7487725	Deletion	55
2R	7487679	7487725	Deletion	46
2R	7488077	7487725	Deletion	352
2R	7488077	7488157	Deletion	80
2R	7488077	7488201	Deletion	124
2R	7509460	7509561	Deletion	101
2R	7509477	7509561	Deletion	84
2R	7509504	7509561	Deletion	57
2R	7509528	7509561	Deletion	33
2R	7515905	7509561	Deletion	6344
2R	7515905	7515948	Deletion	43
2R	7515905	7515975	Deletion	70
2R	7515905	7515999	Deletion	94
2R	7515905	7516005	Deletion	100
2R	7518338	7518452	Deletion	114
2R	7518354	7518452	Deletion	98
2R	7518404	7518452	Deletion	48
2R	7518408	7518452	Deletion	44
2R	7518844	7518452	Deletion	392
2R	7518844	7518926	Deletion	82
2R	7518844	7518948	Deletion	104
2R	7518844	7518922	Deletion	78
2R	7518844	7518959	Deletion	115
2R	7555225	7555324	Deletion	99
2R	7555258	7555324	Deletion	66
2R	7555276	7555324	Deletion	48
2R	7555280	7555324	Deletion	44
2R	7565383	7555324	Deletion	10059
2R	7565383	7565445	Deletion	62
2R	7565383	7565467	Deletion	84
2R	7565383	7565463	Deletion	80
2R	7571575	7571660	Deletion	85
2R	7571585	7571660	Deletion	75
2R	7571590	7571660	Deletion	70
2R	7571598	7571660	Deletion	62
2R	7571613	7571660	Deletion	47
2R	7573382	7571660	Deletion	1722
2R	7573382	7573438	Deletion	56
2R	7573382	7573423	Deletion	41
2R	7573382	7573446	Deletion	64
2R	7573382	7573433	Deletion	51
2R	7596052	7596122	Deletion	70
2R	7596054	7596122	Deletion	68
2R	7596057	7596122	Deletion	65
2R	7596065	7596122	Deletion	57
2R	7596079	7596122	Deletion	43
2R	7596183	7596122	Deletion	61
2R	7596183	7596242	Deletion	59
2R	7596183	7596253	Deletion	70
2R	7596183	7596267	Deletion	84
2R	7596183	7596245	Deletion	62
2R	7596234	7596325	Deletion	91
2R	7596378	7596325	Deletion	53
2R	7596378	7596414	Deletion	36
2R	7596378	7596460	Deletion	82
2R	7614110	7614152	Deletion	42
2R	7614110	7614158	Deletion	48
2R	7614110	7614204	Deletion	94
2R	7614110	7614189	Deletion	79
2R	7614110	7614222	Deletion	112
2R	7614173	7614289	Deletion	116
2R	7614174	7614289	Deletion	115
2R	7614195	7614289	Deletion	94
2R	7614202	7614289	Deletion	87
2R	7614214	7614289	Deletion	75
2R	7614230	7614289	Deletion	59
2R	7614249	7614289	Deletion	40
2R	7614253	7614289	Deletion	36
2R	7614256	7614289	Deletion	33
2R	7617434	7614289	Deletion	3145
2R	7617434	7617474	Deletion	40
2R	7617434	7617528	Deletion	94
2R	7617434	7617486	Deletion	52
2R	7617434	7617467	Deletion	33
2R	7617434	7617502	Deletion	68
2R	7617434	7617525	Deletion	91
2R	7621544	7621650	Deletion	106
2R	7621550	7621650	Deletion	100
2R	7621564	7621650	Deletion	86
2R	7621566	7621650	Deletion	84
2R	7621585	7621650	Deletion	65
2R	7621586	7621650	Deletion	64
2R	7621614	7621650	Deletion	36
2R	7628468	7621650	Deletion	6818
2R	7628468	7628579	Deletion	111
2R	7628468	7628560	Deletion	92
2R	7628468	7628531	Deletion	63
2R	7628468	7628512	Deletion	44
2R	7628468	7628510	Deletion	42
2R	7643027	7643059	Deletion	32
2R	7643028	7643059	Deletion	31
2R	7644180	7644274	Deletion	94
2R	7644180	7644284	Deletion	104
2R	7644180	7644282	Deletion	102
2R	7644180	7644275	Deletion	95
2R	7644180	7644285	Deletion	105
2R	7647113	7647219	Deletion	106
2R	7647144	7647219	Deletion	75
2R	7647182	7647219	Deletion	37
2R	7648309	7647219	Deletion	1090
2R	7648309	7648409	Deletion	100
2R	7648309	7648361	Deletion	52
2R	7648309	7648399	Deletion	90
2R	7654494	7654598	Deletion	104
2R	7654500	7654598	Deletion	98
2R	7654504	7654598	Deletion	94
2R	7654506	7654598	Deletion	92
2R	7654510	7654598	Deletion	88
2R	7654524	7654598	Deletion	74
2R	7655358	7654598	Deletion	760
2R	7655358	7655396	Deletion	38
2R	7655358	7655391	Deletion	33
2R	7655358	7655468	Deletion	110
2R	7655358	7655392	Deletion	34
2R	7655358	7655410	Deletion	52
2R	7686190	7686277	Deletion	87
2R	7686226	7686277	Deletion	51
2R	7686230	7686277	Deletion	47
2R	7689685	7686277	Deletion	3408
2R	7689685	7689724	Deletion	39
2R	7689685	7689795	Deletion	110
2R	7689685	7689764	Deletion	79
2R	7716977	7717073	Deletion	96
2R	7717009	7717073	Deletion	64
2R	7717021	7717073	Deletion	52
2R	7720995	7717073	Deletion	3922
2R	7720995	7721026	Deletion	31
2R	7720995	7721058	Deletion	63
2R	7728176	7728251	Deletion	75
2R	7728177	7728251	Deletion	74
2R	7728198	7728251	Deletion	53
2R	7728204	7728251	Deletion	47
2R	7728208	7728251	Deletion	43
2R	7728216	7728251	Deletion	35
2R	7729487	7728251	Deletion	1236
2R	7729487	7729560	Deletion	73
2R	7729487	7729523	Deletion	36
2R	7729487	7729538	Deletion	51
2R	7729487	7729566	Deletion	79
2R	7729487	7729578	Deletion	91
2R	7729487	7729539	Deletion	52
2R	7739064	7739143	Deletion	79
2R	7739095	7739143	Deletion	48
2R	7739111	7739143	Deletion	32
2R	7740232	7739143	Deletion	1089
2R	7740232	7740341	Deletion	109
2R	7740232	7740311	Deletion	79
2R	7740232	7740280	Deletion	48
2R	7746748	7746856	Deletion	108
2R	7746804	7746856	Deletion	52
2R	7746805	7746856	Deletion	51
2R	7746825	7746856	Deletion	31
2R	7746826	7746856	Deletion	30
2R	7747997	7746856	Deletion	1141
2R	7747997	7748093	Deletion	96
2R	7747997	7748092	Deletion	95
2R	7747997	7748072	Deletion	75
2R	7774452	7774495	Deletion	43
2R	7774624	7774498	Deletion	126
2R	7774624	7774745	Deletion	121
2R	7774624	7774707	Deletion	83
2R	7774627	7774730	Deletion	103
2R	7782534	7782628	Deletion	94
2R	7782537	7782628	Deletion	91
2R	7782538	7782628	Deletion	90
2R	7782559	7782628	Deletion	69
2R	7782562	7782628	Deletion	66
2R	7782570	7782628	Deletion	58
2R	7782587	7782628	Deletion	41
2R	7790263	7782628	Deletion	7635
2R	7790263	7790322	Deletion	59
2R	7790263	7790379	Deletion	116
2R	7790263	7790348	Deletion	85
2R	7790263	7790295	Deletion	32
2R	7790263	7790320	Deletion	57
2R	7790263	7790298	Deletion	35
2R	7790263	7790331	Deletion	68
2R	7790263	7790299	Deletion	36
2R	7795838	7795934	Deletion	96
2R	7795868	7795934	Deletion	66
2R	7795876	7795934	Deletion	58
2R	7813682	7795934	Deletion	17748
2R	7813682	7813743	Deletion	61
2R	7813682	7813792	Deletion	110
2R	7813682	7813751	Deletion	69
2R	7813682	7813790	Deletion	108
2R	7813682	7813788	Deletion	106
2R	7813682	7813713	Deletion	31
2R	7817470	7817537	Deletion	67
2R	7877268	7877369	Deletion	101
2R	7877288	7877369	Deletion	81
2R	7877300	7877369	Deletion	69
2R	7877304	7877369	Deletion	65
2R	7877312	7877369	Deletion	57
2R	7881806	7877369	Deletion	4437
2R	7881806	7881863	Deletion	57
2R	7881806	7881867	Deletion	61
2R	7881806	7881851	Deletion	45
2R	7881806	7881906	Deletion	100
2R	7881806	7881907	Deletion	101
2R	7881806	7881909	Deletion	103
2R	7887337	7887437	Deletion	100
2R	7887351	7887437	Deletion	86
2R	7887368	7887437	Deletion	69
2R	7887386	7887437	Deletion	51
2R	7887401	7887437	Deletion	36
2R	7887407	7887437	Deletion	30
2R	7889213	7887437	Deletion	1776
2R	7889213	7889305	Deletion	92
2R	7889213	7889290	Deletion	77
2R	7889213	7889255	Deletion	42
2R	7889213	7889272	Deletion	59
2R	7893138	7893205	Deletion	67
2R	7893145	7893205	Deletion	60
2R	7893157	7893205	Deletion	48
2R	7893967	7893205	Deletion	762
2R	7893967	7894067	Deletion	100
2R	7893967	7894034	Deletion	67
2R	7893967	7894046	Deletion	79
2R	7893967	7894027	Deletion	60
2R	7919728	7919829	Deletion	101
2R	7919738	7919829	Deletion	91
2R	7919750	7919829	Deletion	79
2R	7919774	7919829	Deletion	55
2R	7920004	7919829	Deletion	175
2R	7920004	7920053	Deletion	49
2R	7920004	7920041	Deletion	37
2R	7920004	7920077	Deletion	73
2R	7920004	7920107	Deletion	103
2R	7920004	7920121	Deletion	117
2R	7941314	7941416	Deletion	102
2R	7941374	7941416	Deletion	42
2R	7958784	7941416	Deletion	17368
2R	7963912	7964001	Deletion	89
2R	7963935	7964001	Deletion	66
2R	7963938	7964001	Deletion	63
2R	7963959	7963997	Deletion	38
2R	7963964	7964001	Deletion	37
2R	7969548	7964001	Deletion	5547
2R	7969548	7969640	Deletion	92
2R	7969548	7969635	Deletion	87
2R	7969548	7969614	Deletion	66
2R	7969548	7969611	Deletion	63
2R	7991321	7984530	Deletion	6791
2R	7991321	7991425	Deletion	104
2R	7991321	7991423	Deletion	102
2R	7993220	7993285	Deletion	65
2R	7993233	7993285	Deletion	52
2R	7993246	7993285	Deletion	39
2R	7996814	7993285	Deletion	3529
2R	7996814	7996902	Deletion	88
2R	7996814	7996889	Deletion	75
2R	8001415	8001516	Deletion	101
2R	8001446	8001516	Deletion	70
2R	8001461	8001516	Deletion	55
2R	8002206	8001516	Deletion	690
2R	8002206	8002315	Deletion	109
2R	8002206	8002329	Deletion	123
2R	8002206	8002264	Deletion	58
2R	8003293	8003391	Deletion	98
2R	8003302	8003391	Deletion	89
2R	8003321	8003391	Deletion	70
2R	8003328	8003391	Deletion	63
2R	8003332	8003391	Deletion	59
2R	8003340	8003391	Deletion	51
2R	8003342	8003391	Deletion	49
2R	8003355	8003391	Deletion	36
2R	8003472	8003391	Deletion	81
2R	8003472	8003593	Deletion	121
2R	8003472	8003535	Deletion	63
2R	8003472	8003547	Deletion	75
2R	8003472	8003577	Deletion	105
2R	8003472	8003562	Deletion	90
2R	8003472	8003592	Deletion	120
2R	8003472	8003539	Deletion	67
2R	8003472	8003509	Deletion	37
2R	8003472	8003528	Deletion	56
2R	8006485	8006552	Deletion	67
2R	8006487	8006552	Deletion	65
2R	8006493	8006552	Deletion	59
2R	8006511	8006552	Deletion	41
2R	8006514	8006552	Deletion	38
2R	8015631	8006552	Deletion	9079
2R	8015631	8015729	Deletion	98
2R	8015631	8015692	Deletion	61
2R	8015631	8015741	Deletion	110
2R	8015631	8015716	Deletion	85
2R	8015631	8015719	Deletion	88
2R	8015631	8015698	Deletion	67
2R	8015631	8015690	Deletion	59
2R	8015654	8015753	Deletion	99
2R	8015656	8015754	Deletion	98
2R	8015660	8015754	Deletion	94
2R	8015666	8015754	Deletion	88
2R	8015694	8015754	Deletion	60
2R	8015698	8015754	Deletion	56
2R	8034213	8017592	Deletion	16621
2R	8034213	8034246	Deletion	33
2R	8034213	8034252	Deletion	39
2R	8034236	8034268	Deletion	32
2R	8034347	8034268	Deletion	79
2R	8034347	8034408	Deletion	61
2R	8034347	8034381	Deletion	34
2R	8034347	8034441	Deletion	94
2R	8034347	8034384	Deletion	37
2R	8061157	8061229	Deletion	72
2R	8061172	8061229	Deletion	57
2R	8061174	8061229	Deletion	55
2R	8061177	8061229	Deletion	52
2R	8061198	8061229	Deletion	31
2R	8075910	8061229	Deletion	14681
2R	8075910	8075985	Deletion	75
2R	8075910	8075981	Deletion	71
2R	8075910	8076005	Deletion	95
2R	8075910	8075964	Deletion	54
2R	8089024	8089097	Deletion	73
2R	8089044	8089097	Deletion	53
2R	8089742	8089774	Deletion	32
2R	8089742	8089817	Deletion	75
2R	8089742	8089797	Deletion	55
2R	8101170	8101233	Deletion	63
2R	8101191	8101233	Deletion	42
2R	8103538	8101233	Deletion	2305
2R	8103538	8103601	Deletion	63
2R	8103538	8103622	Deletion	84
2R	8103538	8103594	Deletion	56
2R	8127098	8127134	Deletion	36
2R	8133704	8127134	Deletion	6570
2R	8133704	8133767	Deletion	63
2R	8133704	8133813	Deletion	109
2R	8134523	8134559	Deletion	36
2R	8135767	8134559	Deletion	1208
2R	8135767	8135867	Deletion	100
2R	8135767	8135857	Deletion	90
2R	8135767	8135871	Deletion	104
2R	8140502	8140597	Deletion	95
2R	8140506	8140597	Deletion	91
2R	8140507	8140597	Deletion	90
2R	8140551	8140597	Deletion	46
2R	8141042	8140597	Deletion	445
2R	8141042	8141123	Deletion	81
2R	8141042	8141078	Deletion	36
2R	8141042	8141074	Deletion	32
2R	8141042	8141079	Deletion	37
2R	8141042	8141165	Deletion	123
2R	8159752	8159854	Deletion	102
2R	8159770	8159854	Deletion	84
2R	8159776	8159854	Deletion	78
2R	8159779	8159854	Deletion	75
2R	8159786	8159854	Deletion	68
2R	8166284	8159854	Deletion	6430
2R	8166284	8166337	Deletion	53
2R	8166284	8166328	Deletion	44
2R	8166284	8166344	Deletion	60
2R	8167969	8168067	Deletion	98
2R	8195930	8196039	Deletion	109
2R	8195940	8196039	Deletion	99
2R	8195966	8196039	Deletion	73
2R	8199786	8196039	Deletion	3747
2R	8199786	8199899	Deletion	113
2R	8199786	8199839	Deletion	53
2R	8199786	8199884	Deletion	98
2R	8212334	8212421	Deletion	87
2R	8212335	8212421	Deletion	86
2R	8212339	8212421	Deletion	82
2R	8212344	8212421	Deletion	77
2R	8212367	8212421	Deletion	54
2R	8212388	8212421	Deletion	33
2R	8236444	8236488	Deletion	44
2R	8236444	8236475	Deletion	31
2R	8236444	8236516	Deletion	72
2R	8236444	8236484	Deletion	40
2R	8236444	8236537	Deletion	93
2R	8236444	8236493	Deletion	49
2R	8270753	8270858	Deletion	105
2R	8270794	8270858	Deletion	64
2R	8270803	8270858	Deletion	55
2R	8270810	8270858	Deletion	48
2R	8270930	8270858	Deletion	72
2R	8270930	8270992	Deletion	62
2R	8270930	8271008	Deletion	78
2R	8270930	8271001	Deletion	71
2R	8277928	8278013	Deletion	85
2R	8277948	8278013	Deletion	65
2R	8277968	8278013	Deletion	45
2R	8279113	8278013	Deletion	1100
2R	8279113	8279195	Deletion	82
2R	8279113	8279175	Deletion	62
2R	8279113	8279155	Deletion	42
2R	8327204	8327269	Deletion	65
2R	8327208	8327269	Deletion	61
2R	8327235	8327269	Deletion	34
2R	8334340	8327269	Deletion	7071
2R	8334340	8334401	Deletion	61
2R	8334340	8334432	Deletion	92
2R	8340037	8340086	Deletion	49
2R	8340045	8340086	Deletion	41
2R	8340136	8340086	Deletion	50
2R	8340136	8340222	Deletion	86
2R	8340136	8340259	Deletion	123
2R	8340136	8340243	Deletion	107
2R	8340136	8340231	Deletion	95
2R	8340136	8340213	Deletion	77
2R	8340343	8340445	Deletion	102
2R	8340345	8340445	Deletion	100
2R	8340380	8340445	Deletion	65
2R	8340392	8340445	Deletion	53
2R	8356240	8340445	Deletion	15795
2R	8356240	8356343	Deletion	103
2R	8356240	8356313	Deletion	73
2R	8360740	8360816	Deletion	76
2R	8360748	8360816	Deletion	68
2R	8360762	8360816	Deletion	54
2R	8360764	8360816	Deletion	52
2R	8360766	8360816	Deletion	50
2R	8367764	8360816	Deletion	6948
2R	8367764	8367838	Deletion	74
2R	8367764	8367824	Deletion	60
2R	8367764	8367816	Deletion	52
2R	8367764	8367842	Deletion	78
2R	8370923	8370997	Deletion	74
2R	8370944	8370997	Deletion	53
2R	8372365	8370997	Deletion	1368
2R	8372365	8372467	Deletion	102
2R	8372365	8372417	Deletion	52
2R	8372370	8372438	Deletion	68
2R	8393211	8393303	Deletion	92
2R	8393214	8393303	Deletion	89
2R	8393234	8393303	Deletion	69
2R	8393254	8393300	Deletion	46
2R	8403139	8403253	Deletion	114
2R	8403139	8403173	Deletion	34
2R	8403139	8403196	Deletion	57
2R	8403139	8403216	Deletion	77
2R	8403139	8403262	Deletion	123
2R	8415452	8415565	Deletion	113
2R	8415478	8415565	Deletion	87
2R	8415527	8415565	Deletion	38
2R	8415529	8415565	Deletion	36
2R	8417775	8415565	Deletion	2210
2R	8417775	8417866	Deletion	91
2R	8417775	8417893	Deletion	118
2R	8417775	8417878	Deletion	103
2R	8417775	8417897	Deletion	122
2R	8417775	8417874	Deletion	99
2R	8417775	8417864	Deletion	89
2R	8417775	8417815	Deletion	40
2R	8461701	8461779	Deletion	78
2R	8463049	8461779	Deletion	1270
2R	8463049	8463097	Deletion	48
2R	8475653	8475688	Deletion	35
2R	8475656	8475688	Deletion	32
2R	8478261	8475688	Deletion	2573
2R	8478261	8478353	Deletion	92
2R	8478261	8478356	Deletion	95
2R	8478261	8478377	Deletion	116
2R	8478261	8478342	Deletion	81
2R	8478261	8478364	Deletion	103
2R	8534400	8534503	Deletion	103
2R	8534409	8534503	Deletion	94
2R	8534427	8534503	Deletion	76
2R	8534447	8534503	Deletion	56
2R	8534453	8534503	Deletion	50
2R	8534713	8534503	Deletion	210
2R	8534713	8534764	Deletion	51
2R	8534713	8534784	Deletion	71
2R	8534713	8534746	Deletion	33
2R	8534713	8534790	Deletion	77
2R	8545763	8545828	Deletion	65
2R	8545765	8545828	Deletion	63
2R	8545790	8545828	Deletion	38
2R	8564913	8545828	Deletion	19085
2R	8564913	8564975	Deletion	62
2R	8564913	8564949	Deletion	36
2R	8564913	8564977	Deletion	64
2R	8609095	8609188	Deletion	93
2R	8609106	8609186	Deletion	80
2R	8609138	8609188	Deletion	50
2R	8609156	8609188	Deletion	32
2R	8609611	8609188	Deletion	423
2R	8609611	8609687	Deletion	76
2R	8609611	8609655	Deletion	44
2R	8609611	8609705	Deletion	94
2R	8619545	8619638	Deletion	93
2R	8619550	8619638	Deletion	88
2R	8619569	8619638	Deletion	69
2R	8623518	8619638	Deletion	3880
2R	8623518	8623575	Deletion	57
2R	8623518	8623556	Deletion	38
2R	8632441	8632494	Deletion	53
2R	8632455	8632494	Deletion	39
2R	8632583	8632494	Deletion	89
2R	8632583	8632693	Deletion	110
2R	8632583	8632656	Deletion	73
2R	8632583	8632694	Deletion	111
2R	8642195	8642287	Deletion	92
2R	8642213	8642287	Deletion	74
2R	8642222	8642287	Deletion	65
2R	8643989	8642287	Deletion	1702
2R	8643989	8644098	Deletion	109
2R	8643989	8644086	Deletion	97
2R	8643989	8644094	Deletion	105
2R	8643989	8644019	Deletion	30
2R	8643989	8644107	Deletion	118
2R	8643989	8644050	Deletion	61
2R	8643989	8644023	Deletion	34
2R	8670739	8670832	Deletion	93
2R	8672270	8670832	Deletion	1438
2R	8672270	8672303	Deletion	33
2R	8672523	8672597	Deletion	74
2R	8672526	8672597	Deletion	71
2R	8672532	8672597	Deletion	65
2R	8672551	8672597	Deletion	46
2R	8673347	8672597	Deletion	750
2R	8673347	8673392	Deletion	45
2R	8673347	8673404	Deletion	57
2R	8673347	8673429	Deletion	82
2R	8673347	8673401	Deletion	54
2R	8688484	8688354	Deletion	130
2R	8688484	8688576	Deletion	92
2R	8688484	8688603	Deletion	119
2R	8688484	8688581	Deletion	97
2R	8691830	8691891	Deletion	61
2R	8691841	8691891	Deletion	50
2R	8695226	8691891	Deletion	3335
2R	8695226	8695291	Deletion	65
2R	8695226	8695349	Deletion	123
2R	8695226	8695335	Deletion	109
2R	8709877	8709970	Deletion	93
2R	8709931	8709970	Deletion	39
2R	8710787	8709970	Deletion	817
2R	8710787	8710855	Deletion	68
2R	8710787	8710874	Deletion	87
2R	8710787	8710820	Deletion	33
2R	8710787	8710822	Deletion	35
2R	8710787	8710897	Deletion	110
2R	8735894	8736007	Deletion	113
2R	8735901	8736007	Deletion	106
2R	8735904	8736007	Deletion	103
2R	8735956	8736007	Deletion	51
2R	8735961	8736007	Deletion	46
2R	8735973	8736007	Deletion	34
2R	8737345	8736007	Deletion	1338
2R	8737345	8737420	Deletion	75
2R	8737345	8737425	Deletion	80
2R	8737345	8737437	Deletion	92
2R	8742870	8742951	Deletion	81
2R	8742878	8742951	Deletion	73
2R	8742895	8742951	Deletion	56
2R	8742904	8742951	Deletion	47
2R	8743195	8742951	Deletion	244
2R	8743195	8743250	Deletion	55
2R	8743195	8743230	Deletion	35
2R	8743195	8743276	Deletion	81
2R	8743195	8743242	Deletion	47
2R	8743195	8743318	Deletion	123
2R	8743883	8743945	Deletion	62
2R	8743896	8743945	Deletion	49
2R	8744097	8743945	Deletion	152
2R	8744097	8744161	Deletion	64
2R	8744097	8744217	Deletion	120
2R	8744097	8744208	Deletion	111
2R	8744097	8744174	Deletion	77
2R	8785374	8785453	Deletion	79
2R	8785388	8785453	Deletion	65
2R	8785392	8785453	Deletion	61
2R	8785393	8785453	Deletion	60
2R	8785410	8785453	Deletion	43
2R	8785414	8785453	Deletion	39
2R	8786198	8785453	Deletion	745
2R	8786198	8786281	Deletion	83
2R	8786198	8786245	Deletion	47
2R	8786198	8786285	Deletion	87
2R	8786198	8786263	Deletion	65
2R	8786198	8786238	Deletion	40
2R	8786198	8786259	Deletion	61
2R	8792934	8793051	Deletion	117
2R	8792942	8793051	Deletion	109
2R	8792984	8793051	Deletion	67
2R	8793012	8793051	Deletion	39
2R	8793014	8793051	Deletion	37
2R	8800978	8793051	Deletion	7927
2R	8800978	8801080	Deletion	102
2R	8800978	8801095	Deletion	117
2R	8800978	8801067	Deletion	89
2R	8808402	8808509	Deletion	107
2R	8808421	8808509	Deletion	88
2R	8808462	8808509	Deletion	47
2R	8808470	8808509	Deletion	39
2R	8808471	8808509	Deletion	38
2R	8808473	8808509	Deletion	36
2R	8808477	8808509	Deletion	32
2R	8808781	8808509	Deletion	272
2R	8808781	8808889	Deletion	108
2R	8808781	8808869	Deletion	88
2R	8808781	8808819	Deletion	38
2R	8808781	8808868	Deletion	87
2R	8808781	8808871	Deletion	90
2R	8808781	8808860	Deletion	79
2R	8808781	8808864	Deletion	83
2R	8816885	8816981	Deletion	96
2R	8816896	8816981	Deletion	85
2R	8816917	8816981	Deletion	64
2R	8816921	8816981	Deletion	60
2R	8816939	8816981	Deletion	42
2R	8826839	8816981	Deletion	9858
2R	8826839	8826881	Deletion	42
2R	8826839	8826947	Deletion	108
2R	8826839	8826870	Deletion	31
2R	8826839	8826902	Deletion	63
2R	8826839	8826906	Deletion	67
2R	8828684	8828751	Deletion	67
2R	8828690	8828751	Deletion	61
2R	8828698	8828751	Deletion	53
2R	8828699	8828751	Deletion	52
2R	8828711	8828751	Deletion	40
2R	8828716	8828751	Deletion	35
2R	8828911	8828751	Deletion	160
2R	8828911	8828986	Deletion	75
2R	8828911	8828985	Deletion	74
2R	8828911	8828971	Deletion	60
2R	8828911	8828977	Deletion	66
2R	8828911	8828998	Deletion	87
2R	8828911	8829003	Deletion	92
2R	8835737	8835849	Deletion	112
2R	8835786	8835849	Deletion	63
2R	8835796	8835849	Deletion	53
2R	8841509	8835849	Deletion	5660
2R	8841509	8841597	Deletion	88
2R	8841509	8841572	Deletion	63
2R	8841544	8841582	Deletion	38
2R	8847310	8841597	Deletion	5713
2R	8847310	8847385	Deletion	75
2R	8856636	8856698	Deletion	62
2R	8856668	8856698	Deletion	30
2R	8865095	8856698	Deletion	8397
2R	8865095	8865193	Deletion	98
2R	8865095	8865161	Deletion	66
2R	8865095	8865203	Deletion	108
2R	8884820	8884904	Deletion	84
2R	8884858	8884904	Deletion	46
2R	8885821	8884904	Deletion	917
2R	8885821	8885902	Deletion	81
2R	8885821	8885864	Deletion	43
2R	8890377	8890417	Deletion	40
2R	8893171	8890417	Deletion	2754
2R	8893171	8893241	Deletion	70
2R	8893171	8893270	Deletion	99
2R	8903170	8903279	Deletion	109
2R	8903207	8903279	Deletion	72
2R	8903240	8903279	Deletion	39
2R	8903244	8903279	Deletion	35
2R	8905420	8903279	Deletion	2141
2R	8905420	8905511	Deletion	91
2R	8905420	8905474	Deletion	54
2R	8920114	8920200	Deletion	86
2R	8920123	8920200	Deletion	77
2R	8920124	8920200	Deletion	76
2R	8920126	8920200	Deletion	74
2R	8920132	8920200	Deletion	68
2R	8920159	8920200	Deletion	41
2R	8920167	8920200	Deletion	33
2R	8920168	8920200	Deletion	32
2R	8935839	8920200	Deletion	15639
2R	8935839	8935888	Deletion	49
2R	8935839	8935897	Deletion	58
2R	8935839	8935932	Deletion	93
2R	8935839	8935924	Deletion	85
2R	8935839	8935952	Deletion	113
2R	8935839	8935933	Deletion	94
2R	8935839	8935889	Deletion	50
2R	8935842	8935879	Deletion	37
2R	8946486	8946588	Deletion	102
2R	8946501	8946588	Deletion	87
2R	8946537	8946588	Deletion	51
2R	8946545	8946588	Deletion	43
2R	8947725	8946588	Deletion	1137
2R	8947725	8947840	Deletion	115
2R	8947725	8947800	Deletion	75
2R	8947725	8947808	Deletion	83
2R	8952985	8953067	Deletion	82
2R	8952993	8953067	Deletion	74
2R	8953027	8953067	Deletion	40
2R	8953031	8953067	Deletion	36
2R	8956122	8953067	Deletion	3055
2R	8956122	8956209	Deletion	87
2R	8956122	8956167	Deletion	45
2R	8956122	8956175	Deletion	53
2R	8956122	8956213	Deletion	91
2R	8977628	8977725	Deletion	97
2R	8977679	8977725	Deletion	46
2R	8977680	8977725	Deletion	45
2R	8977687	8977725	Deletion	38
2R	8977868	8977950	Deletion	82
2R	8977868	8977949	Deletion	81
2R	8977868	8977957	Deletion	89
2R	8977868	8977898	Deletion	30
2R	9002281	9002378	Deletion	97
2R	9002319	9002378	Deletion	59
2R	9002323	9002378	Deletion	55
2R	9002329	9002378	Deletion	49
2R	9004205	9002378	Deletion	1827
2R	9004205	9004282	Deletion	77
2R	9004205	9004324	Deletion	119
2R	9004205	9004276	Deletion	71
2R	9004205	9004272	Deletion	67
2R	9004963	9005053	Deletion	90
2R	9004975	9005053	Deletion	78
2R	9004988	9005053	Deletion	65
2R	9005002	9005053	Deletion	51
2R	9007957	9007994	Deletion	37
2R	9007957	9008033	Deletion	76
2R	9007957	9008019	Deletion	62
2R	9007957	9008006	Deletion	49
2R	9009428	9009506	Deletion	78
2R	9009429	9009506	Deletion	77
2R	9009459	9009506	Deletion	47
2R	9009476	9009506	Deletion	30
2R	9009583	9009506	Deletion	77
2R	9009583	9009631	Deletion	48
2R	9009583	9009701	Deletion	118
2R	9009583	9009702	Deletion	119
2R	9009583	9009613	Deletion	30
2R	9009583	9009679	Deletion	96
2R	9009583	9009632	Deletion	49
2R	9014073	9014161	Deletion	88
2R	9014083	9014161	Deletion	78
2R	9014100	9014161	Deletion	61
2R	9014120	9014161	Deletion	41
2R	9014131	9014161	Deletion	30
2R	9016188	9014161	Deletion	2027
2R	9016188	9016238	Deletion	50
2R	9016188	9016228	Deletion	40
2R	9016188	9016275	Deletion	87
2R	9016188	9016255	Deletion	67
2R	9017708	9017823	Deletion	115
2R	9017718	9017823	Deletion	105
2R	9017736	9017823	Deletion	87
2R	9017754	9017823	Deletion	69
2R	9017785	9017823	Deletion	38
2R	9021966	9017823	Deletion	4143
2R	9021966	9022010	Deletion	44
2R	9021966	9022028	Deletion	62
2R	9031635	9031739	Deletion	104
2R	9031636	9031739	Deletion	103
2R	9031638	9031739	Deletion	101
2R	9031642	9031739	Deletion	97
2R	9031658	9031739	Deletion	81
2R	9031662	9031739	Deletion	77
2R	9031664	9031739	Deletion	75
2R	9031705	9031739	Deletion	34
2R	9032449	9031739	Deletion	710
2R	9032449	9032500	Deletion	51
2R	9032449	9032498	Deletion	49
2R	9032449	9032541	Deletion	92
2R	9032449	9032549	Deletion	100
2R	9032449	9032494	Deletion	45
2R	9048395	9048436	Deletion	41
2R	9048401	9048436	Deletion	35
2R	9048405	9048436	Deletion	31
2R	9048918	9048436	Deletion	482
2R	9048918	9049027	Deletion	109
2R	9048918	9049010	Deletion	92
2R	9048918	9048999	Deletion	81
2R	9048918	9049035	Deletion	117
2R	9048918	9049014	Deletion	96
2R	9053637	9049528	Deletion	4109
2R	9053637	9053751	Deletion	114
2R	9053642	9053727	Deletion	85
2R	9062531	9062620	Deletion	89
2R	9062549	9062620	Deletion	71
2R	9062552	9062620	Deletion	68
2R	9062586	9062620	Deletion	34
2R	9063364	9062620	Deletion	744
2R	9063364	9063420	Deletion	56
2R	9063364	9063423	Deletion	59
2R	9063364	9063402	Deletion	38
2R	9063364	9063457	Deletion	93
2R	9076401	9076493	Deletion	92
2R	9076402	9076493	Deletion	91
2R	9076410	9076493	Deletion	83
2R	9076414	9076493	Deletion	79
2R	9076433	9076493	Deletion	60
2R	9076452	9076493	Deletion	41
2R	9080208	9076493	Deletion	3715
2R	9080208	9080293	Deletion	85
2R	9080208	9080274	Deletion	66
2R	9080208	9080242	Deletion	34
2R	9080208	9080306	Deletion	98
2R	9080208	9080251	Deletion	43
2R	9093243	9093338	Deletion	95
2R	9093266	9093338	Deletion	72
2R	9094097	9093338	Deletion	759
2R	9094097	9094151	Deletion	54
2R	9094097	9094202	Deletion	105
2R	9094097	9094200	Deletion	103
2R	9094097	9094128	Deletion	31
2R	9096357	9096421	Deletion	64
2R	9115853	9096421	Deletion	19432
2R	9115853	9115971	Deletion	118
2R	9115853	9115901	Deletion	48
2R	9142082	9142160	Deletion	78
2R	9142098	9142160	Deletion	62
2R	9142113	9142160	Deletion	47
2R	9144588	9142160	Deletion	2428
2R	9144588	9144637	Deletion	49
2R	9144588	9144668	Deletion	80
2R	9144588	9144694	Deletion	106
2R	9144588	9144633	Deletion	45
2R	9162534	9162644	Deletion	110
2R	9162537	9162644	Deletion	107
2R	9162551	9162644	Deletion	93
2R	9162574	9162644	Deletion	70
2R	9162575	9162644	Deletion	69
2R	9162577	9162644	Deletion	67
2R	9162591	9162644	Deletion	53
2R	9162878	9162644	Deletion	234
2R	9162878	9163001	Deletion	123
2R	9162878	9162990	Deletion	112
2R	9162878	9162937	Deletion	59
2R	9162878	9162934	Deletion	56
2R	9162878	9162951	Deletion	73
2R	9162878	9162995	Deletion	117
2R	9162878	9162987	Deletion	109
2R	9162878	9162935	Deletion	57
2R	9177820	9177939	Deletion	119
2R	9177893	9177939	Deletion	46
2R	9178196	9177939	Deletion	257
2R	9178196	9178314	Deletion	118
2R	9201532	9201592	Deletion	60
2R	9201552	9201592	Deletion	40
2R	9201554	9201592	Deletion	38
2R	9202325	9201592	Deletion	733
2R	9202325	9202413	Deletion	88
2R	9202325	9202411	Deletion	86
2R	9209015	9209125	Deletion	110
2R	9209038	9209125	Deletion	87
2R	9209054	9209125	Deletion	71
2R	9209064	9209125	Deletion	61
2R	9216829	9209125	Deletion	7704
2R	9216829	9216868	Deletion	39
2R	9216829	9216894	Deletion	65
2R	9227705	9227815	Deletion	110
2R	9227727	9227815	Deletion	88
2R	9227756	9227815	Deletion	59
2R	9227766	9227815	Deletion	49
2R	9228619	9227815	Deletion	804
2R	9228619	9228697	Deletion	78
2R	9228619	9228687	Deletion	68
2R	9228619	9228740	Deletion	121
2R	9228619	9228712	Deletion	93
2R	9228619	9228658	Deletion	39
2R	9240347	9240441	Deletion	94
2R	9240353	9240441	Deletion	88
2R	9240363	9240441	Deletion	78
2R	9240379	9240441	Deletion	62
2R	9265824	9265888	Deletion	64
2R	9265824	9265856	Deletion	32
2R	9265824	9265862	Deletion	38
2R	9271448	9271550	Deletion	102
2R	9271463	9271550	Deletion	87
2R	9282241	9271550	Deletion	10691
2R	9282241	9282342	Deletion	101
2R	9289725	9289793	Deletion	68
2R	9289755	9289793	Deletion	38
2R	9308819	9289793	Deletion	19026
2R	9308819	9308927	Deletion	108
2R	9308819	9308907	Deletion	88
2R	9308819	9308877	Deletion	58
2R	9308819	9308919	Deletion	100
2R	9315589	9315658	Deletion	69
2R	9315610	9315658	Deletion	48
2R	9315614	9315658	Deletion	44
2R	9326736	9315658	Deletion	11078
2R	9326736	9326818	Deletion	82
2R	9326736	9326814	Deletion	78
2R	9326736	9326845	Deletion	109
2R	9328442	9328547	Deletion	105
2R	9328451	9328547	Deletion	96
2R	9328517	9328547	Deletion	30
2R	9328892	9328547	Deletion	345
2R	9328892	9329001	Deletion	109
2R	9328892	9328989	Deletion	97
2R	9340888	9340948	Deletion	60
2R	9340915	9340948	Deletion	33
2R	9351096	9340948	Deletion	10148
2R	9351096	9351162	Deletion	66
2R	9351096	9351189	Deletion	93
2R	9378292	9378361	Deletion	69
2R	9379781	9378361	Deletion	1420
2R	9379781	9379883	Deletion	102
2R	9379781	9379815	Deletion	34
2R	9379781	9379905	Deletion	124
2R	9383029	9383114	Deletion	85
2R	9383031	9383114	Deletion	83
2R	9383073	9383114	Deletion	41
2R	9383080	9383114	Deletion	34
2R	9383084	9383114	Deletion	30
2R	9391735	9383114	Deletion	8621
2R	9391735	9391821	Deletion	86
2R	9391735	9391779	Deletion	44
2R	9391735	9391828	Deletion	93
2R	9391735	9391832	Deletion	97
2R	9421396	9421477	Deletion	81
2R	9421415	9421477	Deletion	62
2R	9421417	9421477	Deletion	60
2R	9425157	9421477	Deletion	3680
2R	9425157	9425224	Deletion	67
2R	9425157	9425203	Deletion	46
2R	9425157	9425188	Deletion	31
2R	9425157	9425262	Deletion	105
2R	9427513	9427587	Deletion	74
2R	9427518	9427587	Deletion	69
2R	9427543	9427587	Deletion	44
2R	9427550	9427587	Deletion	37
2R	9427555	9427587	Deletion	32
2R	9432186	9427587	Deletion	4599
2R	9432186	9432300	Deletion	114
2R	9432186	9432280	Deletion	94
2R	9432186	9432243	Deletion	57
2R	9432186	9432286	Deletion	100
2R	9432186	9432306	Deletion	120
2R	9432186	9432238	Deletion	52
2R	9432186	9432268	Deletion	82
2R	9432186	9432275	Deletion	89
2R	9439511	9439546	Deletion	35
2R	9439513	9439546	Deletion	33
2R	9452777	9439546	Deletion	13231
2R	9452777	9452871	Deletion	94
2R	9452777	9452883	Deletion	106
2R	9452777	9452884	Deletion	107
2R	9452777	9452873	Deletion	96
2R	9464185	9461554	Deletion	2631
2R	9464185	9464303	Deletion	118
2R	9464185	9464226	Deletion	41
2R	9492060	9492118	Deletion	58
2R	9497880	9492118	Deletion	5762
2R	9497880	9497993	Deletion	113
2R	9499345	9499421	Deletion	76
2R	9499351	9499421	Deletion	70
2R	9499353	9499421	Deletion	68
2R	9499364	9499421	Deletion	57
2R	9499368	9499421	Deletion	53
2R	9499374	9499421	Deletion	47
2R	9499389	9499421	Deletion	32
2R	9506747	9499421	Deletion	7326
2R	9506747	9506820	Deletion	73
2R	9506747	9506805	Deletion	58
2R	9506747	9506803	Deletion	56
2R	9506747	9506826	Deletion	79
2R	9506747	9506841	Deletion	94
2R	9506747	9506816	Deletion	69
2R	9507980	9508095	Deletion	115
2R	9507997	9508095	Deletion	98
2R	9507998	9508095	Deletion	97
2R	9508009	9508095	Deletion	86
2R	9508011	9508095	Deletion	84
2R	9508017	9508095	Deletion	78
2R	9508023	9508095	Deletion	72
2R	9508041	9508095	Deletion	54
2R	9508042	9508095	Deletion	53
2R	9508053	9508095	Deletion	42
2R	9509248	9508095	Deletion	1153
2R	9509248	9509370	Deletion	122
2R	9509248	9509288	Deletion	40
2R	9509248	9509321	Deletion	73
2R	9509248	9509320	Deletion	72
2R	9509248	9509296	Deletion	48
2R	9509248	9509332	Deletion	84
2R	9509248	9509302	Deletion	54
2R	9509248	9509290	Deletion	42
2R	9521804	9521678	Deletion	126
2R	9521804	9521918	Deletion	114
2R	9521804	9521920	Deletion	116
2R	9526563	9526613	Deletion	50
2R	9526574	9526613	Deletion	39
2R	9535790	9526613	Deletion	9177
2R	9535790	9535824	Deletion	34
2R	9535790	9535866	Deletion	76
2R	9535790	9535909	Deletion	119
2R	9540009	9540097	Deletion	88
2R	9540021	9540097	Deletion	76
2R	9540035	9540097	Deletion	62
2R	9540041	9540097	Deletion	56
2R	9540054	9540097	Deletion	43
2R	9565272	9540097	Deletion	25175
2R	9565272	9565336	Deletion	64
2R	9565272	9565392	Deletion	120
2R	9565272	9565355	Deletion	83
2R	9565272	9565342	Deletion	70
2R	9565272	9565310	Deletion	38
2R	9567561	9567606	Deletion	45
2R	9570384	9567606	Deletion	2778
2R	9570384	9570486	Deletion	102
2R	9570384	9570484	Deletion	100
2R	9570384	9570467	Deletion	83
2R	9582614	9582661	Deletion	47
2R	9582626	9582661	Deletion	35
2R	9583542	9582661	Deletion	881
2R	9583542	9583635	Deletion	93
2R	9586379	9586453	Deletion	74
2R	9586418	9586453	Deletion	35
2R	9586421	9586452	Deletion	31
2R	9590985	9586453	Deletion	4532
2R	9590986	9591077	Deletion	91
2R	9590986	9591096	Deletion	110
2R	9590986	9591038	Deletion	52
2R	9590986	9591016	Deletion	30
2R	9590986	9591080	Deletion	94
2R	9617212	9617264	Deletion	52
2R	9617234	9617264	Deletion	30
2R	9620946	9617264	Deletion	3682
2R	9620946	9621043	Deletion	97
2R	9620946	9621021	Deletion	75
2R	9620946	9621045	Deletion	99
2R	9620946	9621060	Deletion	114
2R	9626091	9626197	Deletion	106
2R	9626117	9626197	Deletion	80
2R	9626135	9626197	Deletion	62
2R	9626142	9626197	Deletion	55
2R	9626148	9626197	Deletion	49
2R	9626164	9626197	Deletion	33
2R	9626541	9626197	Deletion	344
2R	9626541	9626607	Deletion	66
2R	9626541	9626660	Deletion	119
2R	9626541	9626643	Deletion	102
2R	9626541	9626620	Deletion	79
2R	9626541	9626654	Deletion	113
2R	9626541	9626636	Deletion	95
2R	9626541	9626614	Deletion	73
2R	9626541	9626651	Deletion	110
2R	9626541	9626639	Deletion	98
2R	9643040	9643146	Deletion	106
2R	9643057	9643146	Deletion	89
2R	9643059	9643146	Deletion	87
2R	9643072	9643146	Deletion	74
2R	9643074	9643146	Deletion	72
2R	9643082	9643146	Deletion	64
2R	9643113	9643146	Deletion	33
2R	9648264	9643146	Deletion	5118
2R	9648264	9648303	Deletion	39
2R	9648264	9648318	Deletion	54
2R	9648264	9648301	Deletion	37
2R	9648264	9648357	Deletion	93
2R	9648264	9648326	Deletion	62
2R	9648264	9648316	Deletion	52
2R	9662372	9662455	Deletion	83
2R	9662389	9662455	Deletion	66
2R	9670788	9662455	Deletion	8333
2R	9670788	9670831	Deletion	43
2R	9670788	9670912	Deletion	124
2R	9670788	9670890	Deletion	102
2R	9670788	9670848	Deletion	60
2R	9672110	9672147	Deletion	37
2R	9674323	9672147	Deletion	2176
2R	9674323	9674412	Deletion	89
2R	9682590	9682696	Deletion	106
2R	9682747	9682696	Deletion	51
2R	9703470	9703585	Deletion	115
2R	9703497	9703585	Deletion	88
2R	9703546	9703585	Deletion	39
2R	9703549	9703585	Deletion	36
2R	9703636	9703585	Deletion	51
2R	9703636	9703734	Deletion	98
2R	9703636	9703675	Deletion	39
2R	9703636	9703724	Deletion	88
2R	9719045	9719141	Deletion	96
2R	9719065	9719141	Deletion	76
2R	9719109	9719141	Deletion	32
2R	9719787	9719141	Deletion	646
2R	9719787	9719889	Deletion	102
2R	9719787	9719898	Deletion	111
2R	9719787	9719891	Deletion	104
2R	9719787	9719837	Deletion	50
2R	9719787	9719817	Deletion	30
2R	9727506	9727572	Deletion	66
2R	9727506	9727555	Deletion	49
2R	9742265	9741285	Deletion	980
2R	9764115	9764186	Deletion	71
2R	9764248	9764304	Deletion	56
2R	9781190	9781254	Deletion	64
2R	9782978	9781254	Deletion	1724
2R	9782978	9783029	Deletion	51
2R	9782978	9783043	Deletion	65
2R	9790721	9790834	Deletion	113
2R	9790755	9790834	Deletion	79
2R	9790798	9790834	Deletion	36
2R	9793060	9790834	Deletion	2226
2R	9793060	9793151	Deletion	91
2R	9799420	9799505	Deletion	85
2R	9799475	9799505	Deletion	30
2R	9799561	9799505	Deletion	56
2R	9799561	9799594	Deletion	33
2R	9799561	9799669	Deletion	108
2R	9799561	9799657	Deletion	96
2R	9802215	9802316	Deletion	101
2R	9802220	9802316	Deletion	96
2R	9802784	9802316	Deletion	468
2R	9802784	9802888	Deletion	104
2R	9802784	9802892	Deletion	108
2R	9802784	9802895	Deletion	111
2R	9802784	9802891	Deletion	107
2R	9802784	9802903	Deletion	119
2R	9811124	9811222	Deletion	98
2R	9811144	9811222	Deletion	78
2R	9811165	9811222	Deletion	57
2R	9811177	9811222	Deletion	45
2R	9812926	9812995	Deletion	69
2R	9812926	9813007	Deletion	81
2R	9826078	9826135	Deletion	57
2R	9826094	9826135	Deletion	41
2R	9826104	9826133	Deletion	29
2R	9828902	9826135	Deletion	2767
2R	9828902	9829025	Deletion	123
2R	9828902	9829015	Deletion	113
2R	9828902	9828957	Deletion	55
2R	9828902	9828987	Deletion	85
2R	9828902	9828997	Deletion	95
2R	9828902	9829011	Deletion	109
2R	9831747	9831851	Deletion	104
2R	9831751	9831851	Deletion	100
2R	9831762	9831851	Deletion	89
2R	9831820	9831851	Deletion	31
2R	9833411	9831851	Deletion	1560
2R	9833411	9833527	Deletion	116
2R	9833411	9833506	Deletion	95
2R	9850594	9850703	Deletion	109
2R	9850597	9850703	Deletion	106
2R	9850616	9850703	Deletion	87
2R	9850624	9850703	Deletion	79
2R	9850635	9850703	Deletion	68
2R	9850663	9850703	Deletion	40
2R	9850665	9850703	Deletion	38
2R	9851382	9850703	Deletion	679
2R	9851382	9851470	Deletion	88
2R	9851382	9851468	Deletion	86
2R	9851382	9851440	Deletion	58
2R	9851382	9851506	Deletion	124
2R	9851382	9851421	Deletion	39
2R	9851382	9851429	Deletion	47
2R	9851382	9851493	Deletion	111
2R	9853629	9853707	Deletion	78
2R	9853630	9853707	Deletion	77
2R	9853646	9853707	Deletion	61
2R	9853655	9853707	Deletion	52
2R	9853992	9853707	Deletion	285
2R	9853992	9854057	Deletion	65
2R	9853992	9854029	Deletion	37
2R	9853992	9854041	Deletion	49
2R	9853992	9854066	Deletion	74
2R	9856936	9857048	Deletion	112
2R	9856992	9857048	Deletion	56
2R	9865334	9857048	Deletion	8286
2R	9888816	9888888	Deletion	72
2R	9895384	9888888	Deletion	6496
2R	9895384	9895488	Deletion	104
2R	9895384	9895438	Deletion	54
2R	9895384	9895491	Deletion	107
2R	9895384	9895507	Deletion	123
2R	9901116	9901170	Deletion	54
2R	9903030	9901170	Deletion	1860
2R	9903030	9903141	Deletion	111
2R	9903030	9903103	Deletion	73
2R	9903030	9903146	Deletion	116
2R	9920957	9921067	Deletion	110
2R	9920967	9921067	Deletion	100
2R	9920971	9921067	Deletion	96
2R	9920998	9921067	Deletion	69
2R	9921018	9921067	Deletion	49
2R	9921020	9921067	Deletion	47
2R	9922153	9921067	Deletion	1086
2R	9922153	9922276	Deletion	123
2R	9922153	9922211	Deletion	58
2R	9922153	9922262	Deletion	109
2R	9922153	9922269	Deletion	116
2R	9922153	9922184	Deletion	31
2R	9922153	9922256	Deletion	103
2R	9922153	9922231	Deletion	78
2R	9922153	9922233	Deletion	80
2R	9922153	9922267	Deletion	114
2R	9931363	9931459	Deletion	96
2R	9931370	9931459	Deletion	89
2R	9931392	9931459	Deletion	67
2R	9931399	9931459	Deletion	60
2R	9931426	9931459	Deletion	33
2R	9931427	9931459	Deletion	32
2R	9931622	9931459	Deletion	163
2R	9931622	9931653	Deletion	31
2R	9931622	9931746	Deletion	124
2R	9931622	9931739	Deletion	117
2R	9931622	9931689	Deletion	67
2R	9931622	9931717	Deletion	95
2R	9931622	9931652	Deletion	30
2R	9931622	9931660	Deletion	38
2R	9931622	9931730	Deletion	108
2R	9931622	9931682	Deletion	60
2R	9931622	9931716	Deletion	94
2R	9931622	9931722	Deletion	100
2R	9936280	9933023	Deletion	3257
2R	9936280	9936380	Deletion	100
2R	9936280	9936326	Deletion	46
2R	9942184	9942269	Deletion	85
2R	9942197	9942269	Deletion	72
2R	9942210	9942269	Deletion	59
2R	9942221	9942269	Deletion	48
2R	9942234	9942269	Deletion	35
2R	9947309	9942269	Deletion	5040
2R	9947309	9947406	Deletion	97
2R	9947309	9947350	Deletion	41
2R	9947309	9947400	Deletion	91
2R	9947309	9947363	Deletion	54
2R	9947309	9947420	Deletion	111
2R	9947309	9947376	Deletion	67
2R	9947832	9947919	Deletion	87
2R	9947834	9947919	Deletion	85
2R	9947861	9947919	Deletion	58
2R	9947882	9947919	Deletion	37
2R	9947887	9947919	Deletion	32
2R	9950360	9947919	Deletion	2441
2R	9950360	9950401	Deletion	41
2R	9950360	9950454	Deletion	94
2R	9950360	9950428	Deletion	68
2R	9950360	9950399	Deletion	39
2R	9950360	9950396	Deletion	36
2R	9957779	9957873	Deletion	94
2R	9957786	9957873	Deletion	87
2R	9957796	9957873	Deletion	77
2R	9957805	9957873	Deletion	68
2R	9959858	9957873	Deletion	1985
2R	9959858	9959982	Deletion	124
2R	9959858	9959971	Deletion	113
2R	9959858	9959922	Deletion	64
2R	9959858	9959903	Deletion	45
2R	9959858	9959914	Deletion	56
2R	9959858	9959981	Deletion	123
2R	9966273	9966332	Deletion	59
2R	9966278	9966332	Deletion	54
2R	9968446	9966332	Deletion	2114
2R	9968446	9968513	Deletion	67
2R	9968446	9968568	Deletion	122
2R	9968446	9968518	Deletion	72
2R	9968446	9968554	Deletion	108
2R	9977134	9977248	Deletion	114
2R	9977136	9977248	Deletion	112
2R	9977148	9977248	Deletion	100
2R	9977149	9977248	Deletion	99
2R	9977176	9977248	Deletion	72
2R	9977190	9977248	Deletion	58
2R	9977203	9977248	Deletion	45
2R	9977218	9977248	Deletion	30
2R	9980954	9977248	Deletion	3706
2R	9980954	9981022	Deletion	68
2R	9980954	9981060	Deletion	106
2R	9980954	9981008	Deletion	54
2R	9980954	9981050	Deletion	96
2R	9980954	9981059	Deletion	105
2R	9985164	9985201	Deletion	37
2R	9985271	9985360	Deletion	89
2R	9986325	9986429	Deletion	104
2R	9986360	9986429	Deletion	69
2R	9986386	9986429	Deletion	43
2R	9986391	9986429	Deletion	38
2R	9991720	9986429	Deletion	5291
2R	9991720	9991805	Deletion	85
2R	9991720	9991819	Deletion	99
2R	9991720	9991834	Deletion	114
2R	9991720	9991779	Deletion	59
2R	9993637	9993668	Deletion	31
2R	9995009	9993668	Deletion	1341
2R	10000816	10000875	Deletion	59
2R	10000830	10000875	Deletion	45
2R	10004859	10004942	Deletion	83
2R	10004859	10004967	Deletion	108
2R	10004859	10004964	Deletion	105
2R	10016230	10016322	Deletion	92
2R	10016251	10016322	Deletion	71
2R	10016252	10016322	Deletion	70
2R	10018355	10016322	Deletion	2033
2R	10018355	10018390	Deletion	35
2R	10018355	10018411	Deletion	56
2R	10024491	10024586	Deletion	95
2R	10024498	10024590	Deletion	92
2R	10024499	10024590	Deletion	91
2R	10024506	10024590	Deletion	84
2R	10024507	10024590	Deletion	83
2R	10028422	10024590	Deletion	3832
2R	10028422	10028464	Deletion	42
2R	10028422	10028457	Deletion	35
2R	10028422	10028525	Deletion	103
2R	10028422	10028531	Deletion	109
2R	10028422	10028535	Deletion	113
2R	10028422	10028465	Deletion	43
2R	10028422	10028523	Deletion	101
2R	10038689	10037307	Deletion	1382
2R	10038689	10038813	Deletion	124
2R	10064935	10064999	Deletion	64
2R	10064949	10064999	Deletion	50
2R	10065463	10064999	Deletion	464
2R	10065463	10065542	Deletion	79
2R	10065463	10065528	Deletion	65
2R	10081029	10081118	Deletion	89
2R	10081035	10081118	Deletion	83
2R	10081037	10081118	Deletion	81
2R	10081044	10081118	Deletion	74
2R	10081049	10081118	Deletion	69
2R	10081063	10081118	Deletion	55
2R	10083262	10081118	Deletion	2144
2R	10083262	10083308	Deletion	46
2R	10083262	10083320	Deletion	58
2R	10083262	10083306	Deletion	44
2R	10083262	10083334	Deletion	72
2R	10083262	10083300	Deletion	38
2R	10083262	10083381	Deletion	119
2R	10088640	10088715	Deletion	75
2R	10088655	10088715	Deletion	60
2R	10088656	10088715	Deletion	59
2R	10089554	10088715	Deletion	839
2R	10089554	10089654	Deletion	100
2R	10089554	10089623	Deletion	69
2R	10089554	10089608	Deletion	54
2R	10094015	10094117	Deletion	102
2R	10094019	10094117	Deletion	98
2R	10094041	10094117	Deletion	76
2R	10094046	10094117	Deletion	71
2R	10094051	10094117	Deletion	66
2R	10096187	10094117	Deletion	2070
2R	10096187	10096304	Deletion	117
2R	10096187	10096247	Deletion	60
2R	10096187	10096242	Deletion	55
2R	10097443	10097534	Deletion	91
2R	10097475	10097534	Deletion	59
2R	10097477	10097534	Deletion	57
2R	10097486	10097534	Deletion	48
2R	10097496	10097534	Deletion	38
2R	10097497	10097534	Deletion	37
2R	10099881	10097534	Deletion	2347
2R	10099881	10099951	Deletion	70
2R	10099881	10099970	Deletion	89
2R	10099881	10099960	Deletion	79
2R	10099881	10099971	Deletion	90
2R	10099881	10099917	Deletion	36
2R	10099881	10099980	Deletion	99
2R	10099881	10099949	Deletion	68
2R	10102167	10102283	Deletion	116
2R	10102236	10102283	Deletion	47
2R	10102252	10102283	Deletion	31
2R	10103546	10102283	Deletion	1263
2R	10103546	10103641	Deletion	95
2R	10103546	10103661	Deletion	115
2R	10119161	10119267	Deletion	106
2R	10119210	10119267	Deletion	57
2R	10119231	10119267	Deletion	36
2R	10119808	10119267	Deletion	541
2R	10119808	10119878	Deletion	70
2R	10119808	10119906	Deletion	98
2R	10119808	10119905	Deletion	97
2R	10130337	10130448	Deletion	111
2R	10130347	10130448	Deletion	101
2R	10130351	10130448	Deletion	97
2R	10130358	10130448	Deletion	90
2R	10130372	10130443	Deletion	71
2R	10130383	10130448	Deletion	65
2R	10130394	10130448	Deletion	54
2R	10131161	10130448	Deletion	713
2R	10131161	10131191	Deletion	30
2R	10131161	10131223	Deletion	62
2R	10131161	10131198	Deletion	37
2R	10131161	10131234	Deletion	73
2R	10154575	10154695	Deletion	120
2R	10154584	10154695	Deletion	111
2R	10154599	10154695	Deletion	96
2R	10154600	10154695	Deletion	95
2R	10154609	10154695	Deletion	86
2R	10154628	10154695	Deletion	67
2R	10154631	10154695	Deletion	64
2R	10154640	10154695	Deletion	55
2R	10154661	10154695	Deletion	34
2R	10154663	10154695	Deletion	32
2R	10154959	10154695	Deletion	264
2R	10154959	10154992	Deletion	33
2R	10154959	10154991	Deletion	32
2R	10154959	10155032	Deletion	73
2R	10154959	10155020	Deletion	61
2R	10154959	10155055	Deletion	96
2R	10154959	10155001	Deletion	42
2R	10154959	10155023	Deletion	64
2R	10154959	10155067	Deletion	108
2R	10186194	10186279	Deletion	85
2R	10186223	10186279	Deletion	56
2R	10186247	10186279	Deletion	32
2R	10186670	10186279	Deletion	391
2R	10186670	10186740	Deletion	70
2R	10186670	10186711	Deletion	41
2R	10186670	10186764	Deletion	94
2R	10192031	10192102	Deletion	71
2R	10192032	10192102	Deletion	70
2R	10192070	10192102	Deletion	32
2R	10195664	10192102	Deletion	3562
2R	10195664	10195720	Deletion	56
2R	10195664	10195719	Deletion	55
2R	10195664	10195758	Deletion	94
2R	10207895	10207994	Deletion	99
2R	10207915	10207994	Deletion	79
2R	10207927	10207994	Deletion	67
2R	10207949	10207994	Deletion	45
2R	10207953	10207994	Deletion	41
2R	10214510	10207994	Deletion	6516
2R	10214510	10214593	Deletion	83
2R	10214510	10214559	Deletion	49
2R	10214510	10214597	Deletion	87
2R	10214510	10214571	Deletion	61
2R	10214510	10214611	Deletion	101
2R	10221275	10221383	Deletion	108
2R	10221281	10221383	Deletion	102
2R	10221289	10221383	Deletion	94
2R	10221330	10221383	Deletion	53
2R	10221348	10221383	Deletion	35
2R	10222770	10221383	Deletion	1387
2R	10222770	10222844	Deletion	74
2R	10222770	10222862	Deletion	92
2R	10222770	10222886	Deletion	116
2R	10237768	10237837	Deletion	69
2R	10237792	10237837	Deletion	45
2R	10237793	10237837	Deletion	44
2R	10237797	10237837	Deletion	40
2R	10256582	10237837	Deletion	18745
2R	10256582	10256685	Deletion	103
2R	10256582	10256668	Deletion	86
2R	10256582	10256639	Deletion	57
2R	10256582	10256663	Deletion	81
2R	10256582	10256688	Deletion	106
2R	10259159	10259231	Deletion	72
2R	10259171	10259231	Deletion	60
2R	10259176	10259231	Deletion	55
2R	10261743	10259231	Deletion	2512
2R	10261743	10261809	Deletion	66
2R	10261743	10261784	Deletion	41
2R	10261743	10261797	Deletion	54
2R	10269444	10269506	Deletion	62
2R	10333512	10333584	Deletion	72
2R	10333524	10333584	Deletion	60
2R	10333526	10333584	Deletion	58
2R	10333538	10333584	Deletion	46
2R	10334620	10333584	Deletion	1036
2R	10334620	10334689	Deletion	69
2R	10334620	10334725	Deletion	105
2R	10334620	10334701	Deletion	81
2R	10334620	10334687	Deletion	67
2R	10334620	10334657	Deletion	37
2R	10335779	10335895	Deletion	116
2R	10335822	10335895	Deletion	73
2R	10335832	10335895	Deletion	63
2R	10335836	10335895	Deletion	59
2R	10335855	10335895	Deletion	40
2R	10347040	10335895	Deletion	11145
2R	10347040	10347108	Deletion	68
2R	10347040	10347094	Deletion	54
2R	10347040	10347127	Deletion	87
2R	10347040	10347142	Deletion	102
2R	10347040	10347152	Deletion	112
2R	10354591	10354698	Deletion	107
2R	10354625	10354698	Deletion	73
2R	10354749	10354803	Deletion	54
2R	10354749	10354863	Deletion	114
2R	10354749	10354847	Deletion	98
2R	10354749	10354860	Deletion	111
2R	10354749	10354851	Deletion	102
2R	10371386	10366855	Deletion	4531
2R	10371386	10371481	Deletion	95
2R	10371386	10371509	Deletion	123
2R	10404699	10404748	Deletion	49
2R	10404797	10404748	Deletion	49
2R	10404797	10404875	Deletion	78
2R	10429665	10429781	Deletion	116
2R	10429716	10429781	Deletion	65
2R	10429737	10429781	Deletion	44
2R	10429742	10429781	Deletion	39
2R	10429743	10429781	Deletion	38
2R	10430460	10429781	Deletion	679
2R	10430460	10430548	Deletion	88
2R	10430460	10430547	Deletion	87
2R	10430460	10430542	Deletion	82
2R	10462299	10462407	Deletion	108
2R	10462306	10462407	Deletion	101
2R	10462343	10462407	Deletion	64
2R	10464081	10462407	Deletion	1674
2R	10464081	10464144	Deletion	63
2R	10464081	10464188	Deletion	107
2R	10470925	10471019	Deletion	94
2R	10470931	10471019	Deletion	88
2R	10470935	10471019	Deletion	84
2R	10470944	10471019	Deletion	75
2R	10470984	10471019	Deletion	35
2R	10471069	10471019	Deletion	50
2R	10471069	10471160	Deletion	91
2R	10471069	10471112	Deletion	43
2R	10471069	10471168	Deletion	99
2R	10471069	10471120	Deletion	51
2R	10471069	10471107	Deletion	38
2R	10471069	10471145	Deletion	76
2R	10471069	10471191	Deletion	122
2R	10475629	10475741	Deletion	112
2R	10475636	10475741	Deletion	105
2R	10475683	10475741	Deletion	58
2R	10475800	10475741	Deletion	59
2R	10475800	10475922	Deletion	122
2R	10475800	10475905	Deletion	105
2R	10476077	10476123	Deletion	46
2R	10476932	10476123	Deletion	809
2R	10476932	10477030	Deletion	98
2R	10485188	10485303	Deletion	115
2R	10485190	10485303	Deletion	113
2R	10485211	10485303	Deletion	92
2R	10485221	10485303	Deletion	82
2R	10485224	10485303	Deletion	79
2R	10485238	10485303	Deletion	65
2R	10497645	10485303	Deletion	12342
2R	10497645	10497679	Deletion	34
2R	10497645	10497706	Deletion	61
2R	10525894	10526014	Deletion	120
2R	10525916	10526014	Deletion	98
2R	10525931	10526014	Deletion	83
2R	10525932	10526014	Deletion	82
2R	10525940	10526014	Deletion	74
2R	10525982	10526014	Deletion	32
2R	10526068	10526014	Deletion	54
2R	10526068	10526111	Deletion	43
2R	10526068	10526165	Deletion	97
2R	10526068	10526112	Deletion	44
2R	10526068	10526162	Deletion	94
2R	10537232	10537327	Deletion	95
2R	10537234	10537327	Deletion	93
2R	10537259	10537327	Deletion	68
2R	10543793	10537327	Deletion	6466
2R	10543793	10543824	Deletion	31
2R	10543793	10543913	Deletion	120
2R	10543793	10543851	Deletion	58
2R	10560831	10560943	Deletion	112
2R	10560849	10560943	Deletion	94
2R	10560913	10560943	Deletion	30
2R	10561257	10560943	Deletion	314
2R	10561257	10561365	Deletion	108
2R	10561257	10561290	Deletion	33
2R	10564395	10564455	Deletion	60
2R	10564415	10564455	Deletion	40
2R	10565009	10564455	Deletion	554
2R	10565009	10565107	Deletion	98
2R	10565009	10565069	Deletion	60
2R	10565009	10565095	Deletion	86
2R	10565009	10565075	Deletion	66
2R	10565009	10565113	Deletion	104
2R	10568503	10568559	Deletion	56
2R	10568507	10568559	Deletion	52
2R	10568513	10568559	Deletion	46
2R	10568625	10568559	Deletion	66
2R	10568625	10568724	Deletion	99
2R	10568625	10568699	Deletion	74
2R	10568625	10568705	Deletion	80
2R	10568625	10568695	Deletion	70
2R	10569322	10569381	Deletion	59
2R	10569342	10569381	Deletion	39
2R	10569474	10569381	Deletion	93
2R	10569474	10569541	Deletion	67
2R	10569474	10569591	Deletion	117
2R	10576916	10576987	Deletion	71
2R	10576936	10576987	Deletion	51
2R	10578566	10576987	Deletion	1579
2R	10578566	10578641	Deletion	75
2R	10578566	10578607	Deletion	41
2R	10578566	10578675	Deletion	109
2R	10578566	10578621	Deletion	55
2R	10615270	10615334	Deletion	64
2R	10615278	10615334	Deletion	56
2R	10615280	10615334	Deletion	54
2R	10628655	10628768	Deletion	113
2R	10646440	10646536	Deletion	96
2R	10646506	10646536	Deletion	30
2R	10657864	10646536	Deletion	11328
2R	10657864	10657894	Deletion	30
2R	10664545	10664581	Deletion	36
2R	10690551	10690651	Deletion	100
2R	10690555	10690651	Deletion	96
2R	10690576	10690651	Deletion	75
2R	10690578	10690651	Deletion	73
2R	10690608	10690651	Deletion	43
2R	10690609	10690651	Deletion	42
2R	10711722	10690651	Deletion	21071
2R	10711722	10711829	Deletion	107
2R	10711722	10711824	Deletion	102
2R	10711722	10711844	Deletion	122
2R	10711722	10711753	Deletion	31
2R	10711722	10711806	Deletion	84
2R	10711722	10711774	Deletion	52
2R	10711722	10711776	Deletion	54
2R	10711722	10711822	Deletion	100
2R	10726745	10726840	Deletion	95
2R	10726805	10726840	Deletion	35
2R	10726807	10726840	Deletion	33
2R	10730555	10726840	Deletion	3715
2R	10730555	10730650	Deletion	95
2R	10730555	10730588	Deletion	33
2R	10733638	10733711	Deletion	73
2R	10733640	10733711	Deletion	71
2R	10733675	10733711	Deletion	36
2R	10734057	10733711	Deletion	346
2R	10734057	10734110	Deletion	53
2R	10734057	10734147	Deletion	90
2R	10734057	10734112	Deletion	55
2R	10734057	10734093	Deletion	36
2R	10747787	10747837	Deletion	50
2R	10748408	10747837	Deletion	571
2R	10748408	10748518	Deletion	110
2R	10748408	10748486	Deletion	78
2R	10750302	10750381	Deletion	79
2R	10750432	10750381	Deletion	51
2R	10754558	10754619	Deletion	61
2R	10754560	10754619	Deletion	59
2R	10754561	10754619	Deletion	58
2R	10754575	10754619	Deletion	44
2R	10757513	10754619	Deletion	2894
2R	10757513	10757578	Deletion	65
2R	10757513	10757550	Deletion	37
2R	10757513	10757626	Deletion	113
2R	10757513	10757595	Deletion	82
2R	10757513	10757581	Deletion	68
2R	10762573	10762648	Deletion	75
2R	10762582	10762648	Deletion	66
2R	10762591	10762648	Deletion	57
2R	10763240	10762648	Deletion	592
2R	10763240	10763311	Deletion	71
2R	10763240	10763302	Deletion	62
2R	10774835	10774892	Deletion	57
2R	10777471	10774892	Deletion	2579
2R	10777471	10777579	Deletion	108
2R	10777471	10777582	Deletion	111
2R	10777843	10777954	Deletion	111
2R	10802238	10777954	Deletion	24284
2R	10804663	10804778	Deletion	115
2R	10804665	10804778	Deletion	113
2R	10804666	10804778	Deletion	112
2R	10804670	10804778	Deletion	108
2R	10804710	10804778	Deletion	68
2R	10804713	10804778	Deletion	65
2R	10804747	10804778	Deletion	31
2R	10828945	10804778	Deletion	24167
2R	10828945	10829006	Deletion	61
2R	10828945	10829040	Deletion	95
2R	10829500	10829596	Deletion	96
2R	10829501	10829596	Deletion	95
2R	10829507	10829596	Deletion	89
2R	10829510	10829596	Deletion	86
2R	10829512	10829596	Deletion	84
2R	10829542	10829596	Deletion	54
2R	10831069	10829596	Deletion	1473
2R	10831069	10831100	Deletion	31
2R	10831069	10831109	Deletion	40
2R	10831069	10831111	Deletion	42
2R	10831069	10831141	Deletion	72
2R	10831069	10831163	Deletion	94
2R	10831069	10831106	Deletion	37
2R	10831069	10831173	Deletion	104
2R	10852373	10852454	Deletion	81
2R	10857877	10852454	Deletion	5423
2R	10857877	10857910	Deletion	33
2R	10857880	10857977	Deletion	97
2R	10871241	10870804	Deletion	437
2R	10871241	10871360	Deletion	119
2R	10871241	10871355	Deletion	114
2R	10871241	10871338	Deletion	97
2R	10920600	10920718	Deletion	118
2R	10920671	10920718	Deletion	47
2R	10920688	10920718	Deletion	30
2R	10923127	10920718	Deletion	2409
2R	10923127	10923206	Deletion	79
2R	10923127	10923223	Deletion	96
2R	10925190	10925303	Deletion	113
2R	10925196	10925303	Deletion	107
2R	10925209	10925303	Deletion	94
2R	10925232	10925303	Deletion	71
2R	10925234	10925303	Deletion	69
2R	10925239	10925303	Deletion	64
2R	10925240	10925303	Deletion	63
2R	10925267	10925303	Deletion	36
2R	10929097	10925303	Deletion	3794
2R	10929097	10929131	Deletion	34
2R	10929097	10929162	Deletion	65
2R	10929097	10929156	Deletion	59
2R	10929097	10929154	Deletion	57
2R	10929097	10929161	Deletion	64
2R	10929097	10929216	Deletion	119
2R	10929226	10929325	Deletion	99
2R	10929232	10929325	Deletion	93
2R	10929238	10929325	Deletion	87
2R	10929289	10929325	Deletion	36
2R	10929295	10929325	Deletion	30
2R	10932355	10929325	Deletion	3030
2R	10932355	10932447	Deletion	92
2R	10932355	10932463	Deletion	108
2R	10932355	10932390	Deletion	35
2R	10932355	10932453	Deletion	98
2R	10932355	10932466	Deletion	111
2R	10935134	10935240	Deletion	106
2R	10935153	10935240	Deletion	87
2R	10935180	10935240	Deletion	60
2R	10935190	10935240	Deletion	50
2R	10935197	10935240	Deletion	43
2R	10935541	10935240	Deletion	301
2R	10935541	10935642	Deletion	101
2R	10935541	10935624	Deletion	83
2R	10935541	10935607	Deletion	66
2R	10935541	10935580	Deletion	39
2R	10954123	10954242	Deletion	119
2R	10954145	10954242	Deletion	97
2R	10954166	10954242	Deletion	76
2R	10954167	10954242	Deletion	75
2R	10954168	10954242	Deletion	74
2R	10954174	10954242	Deletion	68
2R	10954175	10954242	Deletion	67
2R	10954183	10954242	Deletion	59
2R	10954185	10954242	Deletion	57
2R	10954206	10954242	Deletion	36
2R	10986970	10987065	Deletion	95
2R	10986998	10987065	Deletion	67
2R	10989639	10987065	Deletion	2574
2R	10989639	10989746	Deletion	107
2R	10989639	10989672	Deletion	33
2R	10989639	10989760	Deletion	121
2R	11018770	11018846	Deletion	76
2R	11034204	11033653	Deletion	551
2R	11034204	11034315	Deletion	111
2R	11058698	11058787	Deletion	89
2R	11058703	11058787	Deletion	84
2R	11058724	11058787	Deletion	63
2R	11058754	11058787	Deletion	33
2R	11070439	11058787	Deletion	11652
2R	11070439	11070533	Deletion	94
2R	11070439	11070482	Deletion	43
2R	11070439	11070503	Deletion	64
2R	11070439	11070557	Deletion	118
2R	11084949	11085007	Deletion	58
2R	11084952	11085007	Deletion	55
2R	11084955	11085007	Deletion	52
2R	11084961	11085007	Deletion	46
2R	11084969	11085007	Deletion	38
2R	11084974	11085007	Deletion	33
2R	11084977	11085007	Deletion	30
2R	11085231	11085007	Deletion	224
2R	11085231	11085302	Deletion	71
2R	11085231	11085341	Deletion	110
2R	11085231	11085299	Deletion	68
2R	11085231	11085327	Deletion	96
2R	11085231	11085354	Deletion	123
2R	11085231	11085261	Deletion	30
2R	11085231	11085324	Deletion	93
2R	11085231	11085319	Deletion	88
2R	11085231	11085328	Deletion	97
2R	11085231	11085311	Deletion	80
2R	11087583	11087687	Deletion	104
2R	11087611	11087687	Deletion	76
2R	11087858	11087976	Deletion	118
2R	11087858	11087967	Deletion	109
2R	11091110	11091212	Deletion	102
2R	11091133	11091213	Deletion	80
2R	11091141	11091213	Deletion	72
2R	11091145	11091213	Deletion	68
2R	11091355	11091213	Deletion	142
2R	11091355	11091409	Deletion	54
2R	11091355	11091413	Deletion	58
2R	11091355	11091461	Deletion	106
2R	11094100	11094170	Deletion	70
2R	11094109	11094170	Deletion	61
2R	11096325	11094170	Deletion	2155
2R	11096325	11096381	Deletion	56
2R	11096325	11096427	Deletion	102
2R	11096325	11096377	Deletion	52
2R	11145050	11145163	Deletion	113
2R	11145062	11145163	Deletion	101
2R	11145065	11145163	Deletion	98
2R	11145076	11145163	Deletion	87
2R	11145125	11145163	Deletion	38
2R	11145132	11145163	Deletion	31
2R	11145939	11145163	Deletion	776
2R	11145939	11146053	Deletion	114
2R	11145939	11146027	Deletion	88
2R	11145939	11146034	Deletion	95
2R	11145939	11145978	Deletion	39
2R	11159397	11159497	Deletion	100
2R	11159401	11159497	Deletion	96
2R	11159407	11159497	Deletion	90
2R	11159413	11159497	Deletion	84
2R	11159425	11159497	Deletion	72
2R	11159444	11159497	Deletion	53
2R	11159637	11159497	Deletion	140
2R	11159637	11159693	Deletion	56
2R	11159637	11159712	Deletion	75
2R	11159637	11159675	Deletion	38
2R	11159637	11159669	Deletion	32
2R	11163185	11163257	Deletion	72
2R	11163212	11163257	Deletion	45
2R	11163220	11163257	Deletion	37
2R	11167879	11163257	Deletion	4622
2R	11167879	11167968	Deletion	89
2R	11167879	11167911	Deletion	32
2R	11167879	11167933	Deletion	54
2R	11174238	11174322	Deletion	84
2R	11174261	11174322	Deletion	61
2R	11174270	11174322	Deletion	52
2R	11174271	11174322	Deletion	51
2R	11176942	11174322	Deletion	2620
2R	11176942	11176985	Deletion	43
2R	11176942	11177008	Deletion	66
2R	11176942	11177017	Deletion	75
2R	11176942	11177056	Deletion	114
2R	11176942	11177058	Deletion	116
2R	11176942	11177059	Deletion	117
2R	11201247	11201362	Deletion	115
2R	11201274	11201362	Deletion	88
2R	11201279	11201362	Deletion	83
2R	11201508	11201359	Deletion	149
2R	11201508	11201546	Deletion	38
2R	11211140	11211237	Deletion	97
2R	11211157	11211237	Deletion	80
2R	11211160	11211237	Deletion	77
2R	11224087	11211237	Deletion	12850
2R	11224087	11224133	Deletion	46
2R	11227875	11227958	Deletion	83
2R	11227909	11227958	Deletion	49
2R	11227921	11227958	Deletion	37
2R	11230072	11227958	Deletion	2114
2R	11230072	11230116	Deletion	44
2R	11230072	11230194	Deletion	122
2R	11230072	11230162	Deletion	90
2R	11231586	11231695	Deletion	109
2R	11231595	11231694	Deletion	99
2R	11231597	11231695	Deletion	98
2R	11231633	11231695	Deletion	62
2R	11231639	11231695	Deletion	56
2R	11231643	11231695	Deletion	52
2R	11231854	11231695	Deletion	159
2R	11231854	11231918	Deletion	64
2R	11231854	11231970	Deletion	116
2R	11231854	11231928	Deletion	74
2R	11231854	11231956	Deletion	102
2R	11231862	11231959	Deletion	97
2R	11265171	11265263	Deletion	92
2R	11265180	11265263	Deletion	83
2R	11265182	11265263	Deletion	81
2R	11265220	11265263	Deletion	43
2R	11268083	11265263	Deletion	2820
2R	11268083	11268167	Deletion	84
2R	11268083	11268118	Deletion	35
2R	11268083	11268127	Deletion	44
2R	11268083	11268129	Deletion	46
2R	11269802	11269883	Deletion	81
2R	11269804	11269883	Deletion	79
2R	11274619	11269883	Deletion	4736
2R	11274619	11274738	Deletion	119
2R	11274619	11274716	Deletion	97
2R	11274619	11274664	Deletion	45
2R	11274619	11274666	Deletion	47
2R	11286090	11286171	Deletion	81
2R	11286116	11286171	Deletion	55
2R	11286133	11286171	Deletion	38
2R	11286224	11286295	Deletion	71
2R	11286224	11286312	Deletion	88
2R	11309742	11309823	Deletion	81
2R	11309775	11309823	Deletion	48
2R	11316807	11316852	Deletion	45
2R	11319556	11319648	Deletion	92
2R	11319566	11319648	Deletion	82
2R	11319571	11319648	Deletion	77
2R	11319585	11319648	Deletion	63
2R	11319587	11319648	Deletion	61
2R	11319590	11319648	Deletion	58
2R	11319610	11319648	Deletion	38
2R	11319725	11319648	Deletion	77
2R	11319725	11319788	Deletion	63
2R	11319725	11319790	Deletion	65
2R	11319725	11319813	Deletion	88
2R	11319725	11319759	Deletion	34
2R	11319725	11319774	Deletion	49
2R	11319725	11319793	Deletion	68
2R	11337098	11337205	Deletion	107
2R	11337106	11337205	Deletion	99
2R	11337127	11337205	Deletion	78
2R	11337130	11337205	Deletion	75
2R	11337137	11337205	Deletion	68
2R	11337150	11337205	Deletion	55
2R	11337327	11337205	Deletion	122
2R	11337327	11337385	Deletion	58
2R	11337327	11337447	Deletion	120
2R	11337327	11337375	Deletion	48
2R	11337327	11337398	Deletion	71
2R	11339428	11339504	Deletion	76
2R	11339444	11339504	Deletion	60
2R	11339457	11339504	Deletion	47
2R	11339459	11339504	Deletion	45
2R	11340458	11339504	Deletion	954
2R	11340458	11340538	Deletion	80
2R	11340458	11340562	Deletion	104
2R	11340458	11340509	Deletion	51
2R	11340458	11340575	Deletion	117
2R	11340458	11340525	Deletion	67
2R	11340458	11340505	Deletion	47
2R	11351155	11349526	Deletion	1629
2R	11353974	11354030	Deletion	56
2R	11353985	11354030	Deletion	45
2R	11355661	11355716	Deletion	55
2R	11357330	11357416	Deletion	86
2R	11357330	11357395	Deletion	65
2R	11357330	11357401	Deletion	71
2R	11357330	11357435	Deletion	105
2R	11357330	11357424	Deletion	94
2R	11357330	11357400	Deletion	70
2R	11357335	11357411	Deletion	76
2R	11357882	11357964	Deletion	82
2R	11357912	11357964	Deletion	52
2R	11365871	11357964	Deletion	7907
2R	11365871	11365915	Deletion	44
2R	11365900	11365945	Deletion	45
2R	11365909	11366022	Deletion	113
2R	11365931	11366022	Deletion	91
2R	11365944	11366022	Deletion	78
2R	11365982	11366022	Deletion	40
2R	11369244	11366022	Deletion	3222
2R	11369244	11369296	Deletion	52
2R	11369244	11369292	Deletion	48
2R	11369374	11369279	Deletion	95
2R	11369374	11369424	Deletion	50
2R	11369374	11369445	Deletion	71
2R	11369374	11369423	Deletion	49
2R	11369374	11369409	Deletion	35
2R	11369400	11369438	Deletion	38
2R	11369406	11369458	Deletion	52
2R	11369409	11369458	Deletion	49
2R	11369417	11369458	Deletion	41
2R	11369422	11369458	Deletion	36
2R	11369423	11369458	Deletion	35
2R	11377560	11369458	Deletion	8102
2R	11377560	11377640	Deletion	80
2R	11377560	11377653	Deletion	93
2R	11377560	11377654	Deletion	94
2R	11377560	11377664	Deletion	104
2R	11377560	11377637	Deletion	77
2R	11377560	11377631	Deletion	71
2R	11386940	11387033	Deletion	93
2R	11386981	11387033	Deletion	52
2R	11386989	11387033	Deletion	44
2R	11386998	11387033	Deletion	35
2R	11398479	11387033	Deletion	11446
2R	11398479	11398551	Deletion	72
2R	11398483	11398513	Deletion	30
2R	11398490	11398551	Deletion	61
2R	11398496	11398551	Deletion	55
2R	11398515	11398551	Deletion	36
2R	11398516	11398551	Deletion	35
2R	11398521	11398551	Deletion	30
2R	11409498	11398551	Deletion	10947
2R	11409510	11409542	Deletion	32
2R	11409592	11409542	Deletion	50
2R	11409592	11409640	Deletion	48
2R	11409592	11409645	Deletion	53
2R	11409592	11409639	Deletion	47
2R	11409592	11409686	Deletion	94
2R	11409592	11409709	Deletion	117
2R	11412087	11412147	Deletion	60
2R	11412107	11412147	Deletion	40
2R	11418266	11418307	Deletion	41
2R	11469969	11470072	Deletion	103
2R	11469986	11470072	Deletion	86
2R	11470438	11470072	Deletion	366
2R	11470438	11470478	Deletion	40
2R	11472636	11472744	Deletion	108
2R	11472652	11472744	Deletion	92
2R	11472655	11472744	Deletion	89
2R	11472691	11472744	Deletion	53
2R	11478556	11478629	Deletion	73
2R	11478556	11478593	Deletion	37
2R	11484786	11484893	Deletion	107
2R	11484796	11484893	Deletion	97
2R	11484799	11484893	Deletion	94
2R	11484801	11484893	Deletion	92
2R	11484809	11484893	Deletion	84
2R	11484827	11484893	Deletion	66
2R	11484843	11484893	Deletion	50
2R	11487392	11484893	Deletion	2499
2R	11487392	11487501	Deletion	109
2R	11487392	11487452	Deletion	60
2R	11487392	11487468	Deletion	76
2R	11487392	11487424	Deletion	32
2R	11487392	11487426	Deletion	34
2R	11487392	11487434	Deletion	42
2R	11499165	11499269	Deletion	104
2R	11499201	11499269	Deletion	68
2R	11499228	11499269	Deletion	41
2R	11503758	11499269	Deletion	4489
2R	11503758	11503872	Deletion	114
2R	11503758	11503855	Deletion	97
2R	11503758	11503867	Deletion	109
2R	11503758	11503843	Deletion	85
2R	11503758	11503816	Deletion	58
2R	11511403	11511489	Deletion	86
2R	11511407	11511489	Deletion	82
2R	11511421	11511489	Deletion	68
2R	11511438	11511489	Deletion	51
2R	11514529	11511489	Deletion	3040
2R	11514529	11514573	Deletion	44
2R	11514529	11514587	Deletion	58
2R	11514529	11514569	Deletion	40
2R	11526652	11526723	Deletion	71
2R	11526668	11526723	Deletion	55
2R	11526691	11526723	Deletion	32
2R	11528103	11526723	Deletion	1380
2R	11528103	11528158	Deletion	55
2R	11528103	11528197	Deletion	94
2R	11528103	11528174	Deletion	71
2R	11547457	11547531	Deletion	74
2R	11547659	11547531	Deletion	128
2R	11547659	11547714	Deletion	55
2R	11552210	11552317	Deletion	107
2R	11552267	11552317	Deletion	50
2R	11552276	11552317	Deletion	41
2R	11552286	11552317	Deletion	31
2R	11552366	11552317	Deletion	49
2R	11552366	11552453	Deletion	87
2R	11552366	11552463	Deletion	97
2R	11552366	11552477	Deletion	111
2R	11562440	11562547	Deletion	107
2R	11562452	11562547	Deletion	95
2R	11562459	11562547	Deletion	88
2R	11562476	11562547	Deletion	71
2R	11562488	11562547	Deletion	59
2R	11562512	11562547	Deletion	35
2R	11565798	11562547	Deletion	3251
2R	11565798	11565829	Deletion	31
2R	11565798	11565853	Deletion	55
2R	11565798	11565889	Deletion	91
2R	11565798	11565865	Deletion	67
2R	11565798	11565836	Deletion	38
2R	11588520	11588623	Deletion	103
2R	11588533	11588623	Deletion	90
2R	11588538	11588623	Deletion	85
2R	11588542	11588623	Deletion	81
2R	11588564	11588623	Deletion	59
2R	11588575	11588623	Deletion	48
2R	11595528	11588623	Deletion	6905
2R	11595528	11595569	Deletion	41
2R	11595528	11595595	Deletion	67
2R	11595528	11595573	Deletion	45
2R	11595528	11595606	Deletion	78
2R	11631856	11631960	Deletion	104
2R	11631864	11631960	Deletion	96
2R	11631884	11631960	Deletion	76
2R	11631886	11631960	Deletion	74
2R	11631929	11631960	Deletion	31
2R	11632010	11631960	Deletion	50
2R	11632010	11632061	Deletion	51
2R	11632010	11632122	Deletion	112
2R	11632010	11632041	Deletion	31
2R	11632010	11632121	Deletion	111
2R	11644377	11644453	Deletion	76
2R	11644410	11644453	Deletion	43
2R	11644412	11644453	Deletion	41
2R	11644418	11644453	Deletion	35
2R	11645285	11644453	Deletion	832
2R	11645285	11645371	Deletion	86
2R	11645285	11645336	Deletion	51
2R	11645285	11645369	Deletion	84
2R	11645285	11645405	Deletion	120
2R	11645285	11645377	Deletion	92
2R	11649276	11649381	Deletion	105
2R	11649299	11649381	Deletion	82
2R	11649304	11649381	Deletion	77
2R	11649306	11649381	Deletion	75
2R	11649309	11649381	Deletion	72
2R	11649321	11649381	Deletion	60
2R	11649812	11649381	Deletion	431
2R	11649812	11649861	Deletion	49
2R	11649812	11649856	Deletion	44
2R	11649812	11649918	Deletion	106
2R	11649812	11649866	Deletion	54
2R	11649812	11649923	Deletion	111
2R	11649812	11649863	Deletion	51
2R	11649814	11649878	Deletion	64
2R	11656563	11656634	Deletion	71
2R	11656581	11656634	Deletion	53
2R	11656590	11656634	Deletion	44
2R	11656592	11656634	Deletion	42
2R	11656602	11656634	Deletion	32
2R	11674242	11656634	Deletion	17608
2R	11674242	11674327	Deletion	85
2R	11674242	11674337	Deletion	95
2R	11674242	11674298	Deletion	56
2R	11674242	11674316	Deletion	74
2R	11677459	11677564	Deletion	105
2R	11677470	11677564	Deletion	94
2R	11677481	11677564	Deletion	83
2R	11677512	11677564	Deletion	52
2R	11677517	11677564	Deletion	47
2R	11678486	11677564	Deletion	922
2R	11678486	11678565	Deletion	79
2R	11678486	11678529	Deletion	43
2R	11678486	11678518	Deletion	32
2R	11711510	11711613	Deletion	103
2R	11711511	11711613	Deletion	102
2R	11711518	11711613	Deletion	95
2R	11711528	11711613	Deletion	85
2R	11711535	11711613	Deletion	78
2R	11711548	11711613	Deletion	65
2R	11711561	11711613	Deletion	52
2R	11711574	11711613	Deletion	39
2R	11711583	11711613	Deletion	30
2R	11714917	11711613	Deletion	3304
2R	11714917	11714948	Deletion	31
2R	11714917	11714965	Deletion	48
2R	11714917	11714991	Deletion	74
2R	11714917	11715004	Deletion	87
2R	11714917	11714958	Deletion	41
2R	11714917	11714978	Deletion	61
2R	11715719	11715825	Deletion	106
2R	11715726	11715825	Deletion	99
2R	11715744	11715825	Deletion	81
2R	11715749	11715825	Deletion	76
2R	11715756	11715825	Deletion	69
2R	11715777	11715825	Deletion	48
2R	11715794	11715825	Deletion	31
2R	11724620	11715825	Deletion	8795
2R	11724620	11724719	Deletion	99
2R	11724620	11724716	Deletion	96
2R	11724620	11724699	Deletion	79
2R	11724620	11724678	Deletion	58
2R	11724620	11724671	Deletion	51
2R	11724620	11724729	Deletion	109
2R	11749612	11749726	Deletion	114
2R	11749641	11749726	Deletion	85
2R	11749644	11749726	Deletion	82
2R	11750374	11750415	Deletion	41
2R	11750374	11750479	Deletion	105
2R	11791463	11791522	Deletion	59
2R	11791468	11791522	Deletion	54
2R	11792723	11791522	Deletion	1201
2R	11792723	11792781	Deletion	58
2R	11792723	11792791	Deletion	68
2R	11794167	11794251	Deletion	84
2R	11794178	11794251	Deletion	73
2R	11794603	11794251	Deletion	352
2R	11794603	11794641	Deletion	38
2R	11794603	11794645	Deletion	42
2R	11804666	11804769	Deletion	103
2R	11804706	11804769	Deletion	63
2R	11804707	11804769	Deletion	62
2R	11804708	11804769	Deletion	61
2R	11804711	11804769	Deletion	58
2R	11804712	11804769	Deletion	57
2R	11804714	11804769	Deletion	55
2R	11804737	11804769	Deletion	32
2R	11805861	11804769	Deletion	1092
2R	11805861	11805926	Deletion	65
2R	11805861	11805970	Deletion	109
2R	11805861	11805932	Deletion	71
2R	11805861	11805925	Deletion	64
2R	11805861	11805980	Deletion	119
2R	11805861	11805930	Deletion	69
2R	11805861	11805929	Deletion	68
2R	11805861	11805955	Deletion	94
2R	11808811	11808926	Deletion	115
2R	11808824	11808926	Deletion	102
2R	11808849	11808926	Deletion	77
2R	11808873	11808926	Deletion	53
2R	11809513	11808926	Deletion	587
2R	11809513	11809612	Deletion	99
2R	11809513	11809586	Deletion	73
2R	11811773	11811860	Deletion	87
2R	11811776	11811860	Deletion	84
2R	11811808	11811860	Deletion	52
2R	11812670	11811860	Deletion	810
2R	11812670	11812744	Deletion	74
2R	11812670	11812709	Deletion	39
2R	11812670	11812712	Deletion	42
2R	11812670	11812781	Deletion	111
2R	11826204	11826259	Deletion	55
2R	11826213	11826259	Deletion	46
2R	11830349	11830420	Deletion	71
2R	11830349	11830470	Deletion	121
2R	11830349	11830429	Deletion	80
2R	11848364	11846778	Deletion	1586
2R	11848364	11848472	Deletion	108
2R	11858620	11858723	Deletion	103
2R	11858624	11858723	Deletion	99
2R	11858627	11858723	Deletion	96
2R	11858644	11858723	Deletion	79
2R	11858662	11858723	Deletion	61
2R	11869744	11858723	Deletion	11021
2R	11869744	11869791	Deletion	47
2R	11869744	11869809	Deletion	65
2R	11869744	11869846	Deletion	102
2R	11875797	11875899	Deletion	102
2R	11875800	11875899	Deletion	99
2R	11875831	11875899	Deletion	68
2R	11875836	11875899	Deletion	63
2R	11875845	11875899	Deletion	54
2R	11875849	11875899	Deletion	50
2R	11875862	11875899	Deletion	37
2R	11876097	11875899	Deletion	198
2R	11876097	11876196	Deletion	99
2R	11876097	11876187	Deletion	90
2R	11876097	11876170	Deletion	73
2R	11876097	11876174	Deletion	77
2R	11876097	11876161	Deletion	64
2R	11876097	11876208	Deletion	111
2R	11876097	11876202	Deletion	105
2R	11876097	11876156	Deletion	59
2R	11922604	11922703	Deletion	99
2R	11922625	11922703	Deletion	78
2R	11922663	11922703	Deletion	40
2R	11922669	11922703	Deletion	34
2R	11928100	11922703	Deletion	5397
2R	11928100	11928192	Deletion	92
2R	11928100	11928186	Deletion	86
2R	11928262	11928326	Deletion	64
2R	11928265	11928326	Deletion	61
2R	11929794	11928326	Deletion	1468
2R	11929794	11929860	Deletion	66
2R	11929794	11929897	Deletion	103
2R	11931882	11931951	Deletion	69
2R	11931920	11931951	Deletion	31
2R	11948767	11931951	Deletion	16816
2R	11948767	11948881	Deletion	114
2R	11948767	11948887	Deletion	120
2R	11948767	11948826	Deletion	59
2R	11948767	11948813	Deletion	46
2R	11953274	11953349	Deletion	75
2R	11953310	11953349	Deletion	39
2R	11953314	11953349	Deletion	35
2R	11953403	11953349	Deletion	54
2R	11953403	11953525	Deletion	122
2R	11953403	11953484	Deletion	81
2R	11953403	11953494	Deletion	91
2R	11953403	11953454	Deletion	51
2R	11953403	11953490	Deletion	87
2R	11953403	11953521	Deletion	118
2R	11953403	11953526	Deletion	123
2R	11953403	11953522	Deletion	119
2R	11958105	11958212	Deletion	107
2R	11958157	11958212	Deletion	55
2R	11969828	11958212	Deletion	11616
2R	11969828	11969899	Deletion	71
2R	11969828	11969938	Deletion	110
2R	11969828	11969930	Deletion	102
2R	11969828	11969934	Deletion	106
2R	11971647	11971752	Deletion	105
2R	11971667	11971752	Deletion	85
2R	11971679	11971752	Deletion	73
2R	11971691	11971752	Deletion	61
2R	11971699	11971752	Deletion	53
2R	11971712	11971752	Deletion	40
2R	11975636	11971752	Deletion	3884
2R	11975636	11975679	Deletion	43
2R	11975636	11975703	Deletion	67
2R	11975636	11975724	Deletion	88
2R	11975636	11975737	Deletion	101
2R	11975636	11975711	Deletion	75
2R	12000170	12000220	Deletion	50
2R	12003389	12000220	Deletion	3169
2R	12003389	12003465	Deletion	76
2R	12003389	12003429	Deletion	40
2R	12006975	12007078	Deletion	103
2R	12006977	12007078	Deletion	101
2R	12006999	12007078	Deletion	79
2R	12007002	12007078	Deletion	76
2R	12007023	12007078	Deletion	55
2R	12007711	12007078	Deletion	633
2R	12007711	12007783	Deletion	72
2R	12007711	12007759	Deletion	48
2R	12021721	12021834	Deletion	113
2R	12021744	12021834	Deletion	90
2R	12021749	12021834	Deletion	85
2R	12021758	12021834	Deletion	76
2R	12021771	12021834	Deletion	63
2R	12021782	12021834	Deletion	52
2R	12021786	12021834	Deletion	48
2R	12021801	12021834	Deletion	33
2R	12023312	12021834	Deletion	1478
2R	12023312	12023405	Deletion	93
2R	12023312	12023362	Deletion	50
2R	12023312	12023375	Deletion	63
2R	12023312	12023386	Deletion	74
2R	12023312	12023348	Deletion	36
2R	12023312	12023353	Deletion	41
2R	12035790	12035887	Deletion	97
2R	12035809	12035887	Deletion	78
2R	12035818	12035887	Deletion	69
2R	12035823	12035887	Deletion	64
2R	12035825	12035887	Deletion	62
2R	12035829	12035887	Deletion	58
2R	12035833	12035887	Deletion	54
2R	12035844	12035887	Deletion	43
2R	12035849	12035887	Deletion	38
2R	12038938	12035887	Deletion	3051
2R	12038938	12039053	Deletion	115
2R	12038938	12039059	Deletion	121
2R	12038938	12038988	Deletion	50
2R	12038938	12039028	Deletion	90
2R	12038938	12039050	Deletion	112
2R	12038938	12038969	Deletion	31
2R	12038938	12038997	Deletion	59
2R	12038938	12039023	Deletion	85
2R	12038938	12039004	Deletion	66
2R	12038938	12039002	Deletion	64
2R	12038938	12039044	Deletion	106
2R	12038938	12039008	Deletion	70
2R	12041517	12041590	Deletion	73
2R	12041544	12041590	Deletion	46
2R	12052573	12041590	Deletion	10983
2R	12052573	12052616	Deletion	43
2R	12052573	12052627	Deletion	54
2R	12052573	12052654	Deletion	81
2R	12059263	12059328	Deletion	65
2R	12059293	12059328	Deletion	35
2R	12060702	12059328	Deletion	1374
2R	12060702	12060765	Deletion	63
2R	12060702	12060795	Deletion	93
2R	12060702	12060744	Deletion	42
2R	12078863	12078937	Deletion	74
2R	12078896	12078937	Deletion	41
2R	12087651	12078937	Deletion	8714
2R	12087651	12087703	Deletion	52
2R	12087651	12087736	Deletion	85
2R	12087651	12087689	Deletion	38
2R	12089994	12090103	Deletion	109
2R	12090060	12090103	Deletion	43
2R	12094661	12090103	Deletion	4558
2R	12094661	12094766	Deletion	105
2R	12094661	12094744	Deletion	83
2R	12094661	12094775	Deletion	114
2R	12109414	12109481	Deletion	67
2R	12109429	12109481	Deletion	52
2R	12109710	12109481	Deletion	229
2R	12109710	12109826	Deletion	116
2R	12109710	12109776	Deletion	66
2R	12109710	12109828	Deletion	118
2R	12109710	12109820	Deletion	110
2R	12110593	12110701	Deletion	108
2R	12110598	12110701	Deletion	103
2R	12110613	12110701	Deletion	88
2R	12110622	12110701	Deletion	79
2R	12110627	12110701	Deletion	74
2R	12110756	12110701	Deletion	55
2R	12110756	12110860	Deletion	104
2R	12110756	12110804	Deletion	48
2R	12110756	12110795	Deletion	39
2R	12121006	12121086	Deletion	80
2R	12121011	12121086	Deletion	75
2R	12121175	12121086	Deletion	89
2R	12121175	12121227	Deletion	52
2R	12138063	12136913	Deletion	1150
2R	12145767	12145862	Deletion	95
2R	12145768	12145862	Deletion	94
2R	12145789	12145862	Deletion	73
2R	12145803	12145862	Deletion	59
2R	12145815	12145862	Deletion	47
2R	12153661	12145862	Deletion	7799
2R	12153661	12153693	Deletion	32
2R	12153661	12153728	Deletion	67
2R	12153661	12153692	Deletion	31
2R	12153661	12153714	Deletion	53
2R	12153661	12153773	Deletion	112
2R	12158330	12158428	Deletion	98
2R	12158397	12158428	Deletion	31
2R	12162627	12158428	Deletion	4199
2R	12162627	12162723	Deletion	96
2R	12191377	12191480	Deletion	103
2R	12191399	12191480	Deletion	81
2R	12191401	12191480	Deletion	79
2R	12191975	12191480	Deletion	495
2R	12191975	12192022	Deletion	47
2R	12191975	12192024	Deletion	49
2R	12212786	12212890	Deletion	104
2R	12212817	12212890	Deletion	73
2R	12212821	12212890	Deletion	69
2R	12212833	12212890	Deletion	57
2R	12212840	12212890	Deletion	50
2R	12212856	12212890	Deletion	34
2R	12212859	12212890	Deletion	31
2R	12212860	12212890	Deletion	30
2R	12213197	12212890	Deletion	307
2R	12213197	12213251	Deletion	54
2R	12213197	12213274	Deletion	77
2R	12213197	12213290	Deletion	93
2R	12213197	12213321	Deletion	124
2R	12213197	12213267	Deletion	70
2R	12213197	12213255	Deletion	58
2R	12213197	12213294	Deletion	97
2R	12213197	12213293	Deletion	96
2R	12221396	12221487	Deletion	91
2R	12221410	12221487	Deletion	77
2R	12221422	12221487	Deletion	65
2R	12221440	12221487	Deletion	47
2R	12225930	12221487	Deletion	4443
2R	12225930	12226010	Deletion	80
2R	12225930	12226035	Deletion	105
2R	12225930	12225992	Deletion	62
2R	12225930	12225966	Deletion	36
2R	12227753	12227792	Deletion	39
2R	12239949	12227791	Deletion	12158
2R	12239949	12240043	Deletion	94
2R	12254818	12254883	Deletion	65
2R	12254847	12254883	Deletion	36
2R	12260898	12254883	Deletion	6015
2R	12260898	12261007	Deletion	109
2R	12260898	12260988	Deletion	90
2R	12265386	12265485	Deletion	99
2R	12265429	12265485	Deletion	56
2R	12265446	12265485	Deletion	39
2R	12278141	12265485	Deletion	12656
2R	12278141	12278172	Deletion	31
2R	12278141	12278232	Deletion	91
2R	12283077	12283131	Deletion	54
2R	12283095	12283131	Deletion	36
2R	12297816	12283131	Deletion	14685
2R	12297816	12297907	Deletion	91
2R	12297816	12297926	Deletion	110
2R	12297816	12297889	Deletion	73
2R	12319544	12319628	Deletion	84
2R	12319550	12319628	Deletion	78
2R	12319582	12319628	Deletion	46
2R	12319588	12319628	Deletion	40
2R	12319589	12319628	Deletion	39
2R	12331490	12319628	Deletion	11862
2R	12331490	12331577	Deletion	87
2R	12331490	12331570	Deletion	80
2R	12331490	12331538	Deletion	48
2R	12332154	12332248	Deletion	94
2R	12332169	12332248	Deletion	79
2R	12332180	12332248	Deletion	68
2R	12332190	12332248	Deletion	58
2R	12332192	12332248	Deletion	56
2R	12352741	12332248	Deletion	20493
2R	12352741	12352809	Deletion	68
2R	12352741	12352852	Deletion	111
2R	12352741	12352788	Deletion	47
2R	12352741	12352811	Deletion	70
2R	12352741	12352799	Deletion	58
2R	12358034	12358136	Deletion	102
2R	12358053	12358136	Deletion	83
2R	12358066	12358136	Deletion	70
2R	12358080	12358136	Deletion	56
2R	12358095	12358136	Deletion	41
2R	12358099	12358136	Deletion	37
2R	12358103	12358136	Deletion	33
2R	12358104	12358136	Deletion	32
2R	12383095	12383188	Deletion	93
2R	12383095	12383165	Deletion	70
2R	12383095	12383184	Deletion	89
2R	12383095	12383215	Deletion	120
2R	12383095	12383189	Deletion	94
2R	12383095	12383151	Deletion	56
2R	12383095	12383209	Deletion	114
2R	12383095	12383138	Deletion	43
2R	12392524	12392632	Deletion	108
2R	12392539	12392632	Deletion	93
2R	12392562	12392632	Deletion	70
2R	12392585	12392632	Deletion	47
2R	12392600	12392632	Deletion	32
2R	12399138	12392632	Deletion	6506
2R	12399138	12399240	Deletion	102
2R	12399138	12399173	Deletion	35
2R	12399138	12399219	Deletion	81
2R	12399138	12399234	Deletion	96
2R	12404992	12405095	Deletion	103
2R	12405027	12405095	Deletion	68
2R	12418776	12405095	Deletion	13681
2R	12418776	12418834	Deletion	58
2R	12421007	12421097	Deletion	90
2R	12421021	12421097	Deletion	76
2R	12421027	12421097	Deletion	70
2R	12421028	12421097	Deletion	69
2R	12421043	12421097	Deletion	54
2R	12421045	12421097	Deletion	52
2R	12421050	12421097	Deletion	47
2R	12467401	12467477	Deletion	76
2R	12467401	12467459	Deletion	58
2R	12467401	12467439	Deletion	38
2R	12467401	12467475	Deletion	74
2R	12467401	12467482	Deletion	81
2R	12467406	12467453	Deletion	47
2R	12468035	12468134	Deletion	99
2R	12468048	12468134	Deletion	86
2R	12468093	12468134	Deletion	41
2R	12468098	12468134	Deletion	36
2R	12468194	12468134	Deletion	60
2R	12468194	12468285	Deletion	91
2R	12468194	12468280	Deletion	86
2R	12468194	12468301	Deletion	107
2R	12468196	12468235	Deletion	39
2R	12468199	12468313	Deletion	114
2R	12468258	12468313	Deletion	55
2R	12480182	12468313	Deletion	11869
2R	12480182	12480302	Deletion	120
2R	12480889	12480986	Deletion	97
2R	12480891	12480986	Deletion	95
2R	12480906	12480986	Deletion	80
2R	12480950	12480986	Deletion	36
2R	12480952	12480986	Deletion	34
2R	12481055	12480986	Deletion	69
2R	12481055	12481101	Deletion	46
2R	12481055	12481167	Deletion	112
2R	12481055	12481145	Deletion	90
2R	12481055	12481147	Deletion	92
2R	12504302	12504374	Deletion	72
2R	12504314	12504374	Deletion	60
2R	12504344	12504374	Deletion	30
2R	12506135	12504374	Deletion	1761
2R	12506135	12506184	Deletion	49
2R	12506135	12506238	Deletion	103
2R	12506135	12506196	Deletion	61
2R	12506135	12506226	Deletion	91
2R	12506135	12506241	Deletion	106
2R	12550674	12550750	Deletion	76
2R	12550707	12550750	Deletion	43
2R	12552809	12550748	Deletion	2061
2R	12552809	12552859	Deletion	50
2R	12552809	12552907	Deletion	98
2R	12555422	12555491	Deletion	69
2R	12555455	12555491	Deletion	36
2R	12557313	12555491	Deletion	1822
2R	12557313	12557437	Deletion	124
2R	12557313	12557405	Deletion	92
2R	12561468	12561571	Deletion	103
2R	12561480	12561571	Deletion	91
2R	12561493	12561567	Deletion	74
2R	12561499	12561571	Deletion	72
2R	12561515	12561571	Deletion	56
2R	12561526	12561571	Deletion	45
2R	12562832	12561571	Deletion	1261
2R	12562832	12562914	Deletion	82
2R	12562832	12562868	Deletion	36
2R	12562832	12562881	Deletion	49
2R	12562832	12562939	Deletion	107
2R	12562832	12562930	Deletion	98
2R	12562832	12562887	Deletion	55
2R	12562832	12562937	Deletion	105
2R	12572712	12572797	Deletion	85
2R	12572719	12572797	Deletion	78
2R	12576375	12572797	Deletion	3578
2R	12576375	12576479	Deletion	104
2R	12576375	12576474	Deletion	99
2R	12576375	12576417	Deletion	42
2R	12576375	12576416	Deletion	41
2R	12578831	12578877	Deletion	46
2R	12578842	12578877	Deletion	35
2R	12579373	12578877	Deletion	496
2R	12579373	12579453	Deletion	80
2R	12579373	12579448	Deletion	75
2R	12579373	12579464	Deletion	91
2R	12585190	12585294	Deletion	104
2R	12585207	12585294	Deletion	87
2R	12585253	12585294	Deletion	41
2R	12585392	12585294	Deletion	98
2R	12585392	12585492	Deletion	100
2R	12585392	12585478	Deletion	86
2R	12617557	12617615	Deletion	58
2R	12617567	12617615	Deletion	48
2R	12617581	12617615	Deletion	34
2R	12619149	12619209	Deletion	60
2R	12619149	12619227	Deletion	78
2R	12619149	12619241	Deletion	92
2R	12619149	12619217	Deletion	68
2R	12619149	12619247	Deletion	98
2R	12631752	12631864	Deletion	112
2R	12631761	12631864	Deletion	103
2R	12631780	12631864	Deletion	84
2R	12631785	12631864	Deletion	79
2R	12631807	12631864	Deletion	57
2R	12631812	12631864	Deletion	52
2R	12634170	12634217	Deletion	47
2R	12634170	12634278	Deletion	108
2R	12634170	12634244	Deletion	74
2R	12634170	12634212	Deletion	42
2R	12645475	12645590	Deletion	115
2R	12645506	12645590	Deletion	84
2R	12645524	12645590	Deletion	66
2R	12653619	12645590	Deletion	8029
2R	12653619	12653681	Deletion	62
2R	12659176	12659257	Deletion	81
2R	12659188	12659257	Deletion	69
2R	12659198	12659257	Deletion	59
2R	12659220	12659257	Deletion	37
2R	12665206	12665251	Deletion	45
2R	12665206	12665295	Deletion	89
2R	12665206	12665245	Deletion	39
2R	12665206	12665273	Deletion	67
2R	12665206	12665314	Deletion	108
2R	12666487	12666582	Deletion	95
2R	12666495	12666582	Deletion	87
2R	12666500	12666582	Deletion	82
2R	12666521	12666582	Deletion	61
2R	12666781	12666582	Deletion	199
2R	12666781	12666896	Deletion	115
2R	12666781	12666825	Deletion	44
2R	12666781	12666898	Deletion	117
2R	12666781	12666846	Deletion	65
2R	12666781	12666820	Deletion	39
2R	12670501	12670623	Deletion	122
2R	12670573	12670623	Deletion	50
2R	12670677	12670623	Deletion	54
2R	12670677	12670797	Deletion	120
2R	12670677	12670791	Deletion	114
2R	12673647	12673687	Deletion	40
2R	12673649	12673687	Deletion	38
2R	12673653	12673687	Deletion	34
2R	12678812	12673687	Deletion	5125
2R	12678812	12678900	Deletion	88
2R	12678812	12678904	Deletion	92
2R	12678812	12678926	Deletion	114
2R	12678812	12678897	Deletion	85
2R	12678812	12678917	Deletion	105
2R	12678812	12678898	Deletion	86
2R	12729686	12729754	Deletion	68
2R	12729689	12729754	Deletion	65
2R	12729697	12729754	Deletion	57
2R	12729712	12729754	Deletion	42
2R	12733080	12729754	Deletion	3326
2R	12733080	12733192	Deletion	112
2R	12733080	12733150	Deletion	70
2R	12733080	12733165	Deletion	85
2R	12733080	12733142	Deletion	62
2R	12742376	12742490	Deletion	114
2R	12742385	12742490	Deletion	105
2R	12742392	12742490	Deletion	98
2R	12742397	12742490	Deletion	93
2R	12742404	12742490	Deletion	86
2R	12742406	12742490	Deletion	84
2R	12742446	12742490	Deletion	44
2R	12742457	12742490	Deletion	33
2R	12742862	12742490	Deletion	372
2R	12742862	12742945	Deletion	83
2R	12742862	12742903	Deletion	41
2R	12742862	12742974	Deletion	112
2R	12742862	12742965	Deletion	103
2R	12742862	12742905	Deletion	43
2R	12742862	12742896	Deletion	34
2R	12742862	12742968	Deletion	106
2R	12746995	12747077	Deletion	82
2R	12747000	12747077	Deletion	77
2R	12747007	12747077	Deletion	70
2R	12749201	12747077	Deletion	2124
2R	12749201	12749258	Deletion	57
2R	12749201	12749300	Deletion	99
2R	12749201	12749246	Deletion	45
2R	12751125	12751203	Deletion	78
2R	12751165	12751203	Deletion	38
2R	12751168	12751203	Deletion	35
2R	12752627	12751203	Deletion	1424
2R	12752627	12752715	Deletion	88
2R	12752627	12752724	Deletion	97
2R	12752627	12752733	Deletion	106
2R	12752627	12752675	Deletion	48
2R	12752627	12752718	Deletion	91
2R	12762163	12762275	Deletion	112
2R	12762174	12762275	Deletion	101
2R	12762216	12762275	Deletion	59
2R	12762395	12762275	Deletion	120
2R	12762395	12762495	Deletion	100
2R	12772779	12772820	Deletion	41
2R	12772782	12772820	Deletion	38
2R	12776273	12772820	Deletion	3453
2R	12776273	12776360	Deletion	87
2R	12776273	12776363	Deletion	90
2R	12802666	12802739	Deletion	73
2R	12802672	12802739	Deletion	67
2R	12809387	12802739	Deletion	6648
2R	12809387	12809446	Deletion	59
2R	12809387	12809437	Deletion	50
2R	12821029	12821101	Deletion	72
2R	12840307	12840430	Deletion	123
2R	12840308	12840430	Deletion	122
2R	12840317	12840430	Deletion	113
2R	12840324	12840430	Deletion	106
2R	12840347	12840430	Deletion	83
2R	12840349	12840430	Deletion	81
2R	12840364	12840430	Deletion	66
2R	12840393	12840430	Deletion	37
2R	12840399	12840430	Deletion	31
2R	12842223	12840430	Deletion	1793
2R	12842223	12842266	Deletion	43
2R	12842223	12842318	Deletion	95
2R	12842223	12842324	Deletion	101
2R	12842223	12842283	Deletion	60
2R	12842223	12842268	Deletion	45
2R	12874254	12874358	Deletion	104
2R	12874294	12874358	Deletion	64
2R	12874312	12874358	Deletion	46
2R	12874314	12874358	Deletion	44
2R	12874328	12874358	Deletion	30
2R	12881027	12874358	Deletion	6669
2R	12881027	12881137	Deletion	110
2R	12881027	12881110	Deletion	83
2R	12881027	12881108	Deletion	81
2R	12881027	12881090	Deletion	63
2R	12881027	12881144	Deletion	117
2R	12893306	12893398	Deletion	92
2R	12893308	12893398	Deletion	90
2R	12893308	12893398	Deletion	90
2R	12893325	12893397	Deletion	72
2R	12893341	12893398	Deletion	57
2R	12893362	12893398	Deletion	36
2R	12897576	12893398	Deletion	4178
2R	12897576	12897630	Deletion	54
2R	12897576	12897613	Deletion	37
2R	12897576	12897646	Deletion	70
2R	12897576	12897700	Deletion	124
2R	12897577	12897667	Deletion	90
2R	12903957	12904064	Deletion	107
2R	12904015	12904064	Deletion	49
2R	12904027	12904064	Deletion	37
2R	12904030	12904064	Deletion	34
2R	12908442	12904064	Deletion	4378
2R	12908442	12908535	Deletion	93
2R	12908442	12908520	Deletion	78
2R	12908442	12908555	Deletion	113
2R	12917909	12918012	Deletion	103
2R	12917941	12918012	Deletion	71
2R	12918449	12918012	Deletion	437
2R	12918449	12918505	Deletion	56
2R	12918449	12918560	Deletion	111
2R	12918454	12918544	Deletion	90
2R	12928359	12928298	Deletion	61
2R	12928359	12928463	Deletion	104
2R	12928584	12928654	Deletion	70
2R	12928591	12928654	Deletion	63
2R	12928595	12928654	Deletion	59
2R	12928605	12928654	Deletion	49
2R	12928624	12928654	Deletion	30
2R	12930105	12928654	Deletion	1451
2R	12930105	12930172	Deletion	67
2R	12930105	12930182	Deletion	77
2R	12930105	12930168	Deletion	63
2R	12930105	12930201	Deletion	96
2R	12930105	12930161	Deletion	56
2R	12942935	12943024	Deletion	89
2R	12942945	12943024	Deletion	79
2R	12942977	12943024	Deletion	47
2R	12942984	12943024	Deletion	40
2R	12944381	12943024	Deletion	1357
2R	12944381	12944419	Deletion	38
2R	12944381	12944461	Deletion	80
2R	12944381	12944429	Deletion	48
2R	12946884	12946973	Deletion	89
2R	12955315	12946973	Deletion	8342
2R	12955952	12956006	Deletion	54
2R	12955959	12956006	Deletion	47
2R	12955962	12956006	Deletion	44
2R	12955971	12956006	Deletion	35
2R	12997432	12956006	Deletion	41426
2R	12997432	12997512	Deletion	80
2R	12997432	12997524	Deletion	92
2R	12997432	12997553	Deletion	121
2R	12997432	12997503	Deletion	71
2R	12997432	12997505	Deletion	73
2R	12997638	12997757	Deletion	119
2R	12997653	12997757	Deletion	104
2R	12997669	12997757	Deletion	88
2R	12997687	12997757	Deletion	70
2R	13002743	12997757	Deletion	4986
2R	13002743	13002781	Deletion	38
2R	13002743	13002866	Deletion	123
2R	13014538	13014643	Deletion	105
2R	13014552	13014643	Deletion	91
2R	13014561	13014643	Deletion	82
2R	13014612	13014643	Deletion	31
2R	13020276	13014643	Deletion	5633
2R	13020276	13020320	Deletion	44
2R	13020279	13020311	Deletion	32
2R	13033733	13033819	Deletion	86
2R	13035207	13033819	Deletion	1388
2R	13037283	13037359	Deletion	76
2R	13037302	13037359	Deletion	57
2R	13037304	13037359	Deletion	55
2R	13040395	13037359	Deletion	3036
2R	13040395	13040446	Deletion	51
2R	13040395	13040467	Deletion	72
2R	13040395	13040438	Deletion	43
2R	13040395	13040517	Deletion	122
2R	13040395	13040465	Deletion	70
2R	13046438	13046528	Deletion	90
2R	13046465	13046528	Deletion	63
2R	13046466	13046528	Deletion	62
2R	13046816	13046528	Deletion	288
2R	13046816	13046881	Deletion	65
2R	13046816	13046932	Deletion	116
2R	13046816	13046880	Deletion	64
2R	13049630	13049716	Deletion	86
2R	13049643	13049716	Deletion	73
2R	13049684	13049716	Deletion	32
2R	13049766	13049716	Deletion	50
2R	13049766	13049877	Deletion	111
2R	13049766	13049806	Deletion	40
2R	13049766	13049860	Deletion	94
2R	13049766	13049819	Deletion	53
2R	13049766	13049888	Deletion	122
2R	13051606	13051718	Deletion	112
2R	13051609	13051718	Deletion	109
2R	13051640	13051718	Deletion	78
2R	13051676	13051718	Deletion	42
2R	13052755	13051718	Deletion	1037
2R	13052755	13052803	Deletion	48
2R	13052755	13052854	Deletion	99
2R	13059098	13059174	Deletion	76
2R	13059104	13059174	Deletion	70
2R	13059107	13059174	Deletion	67
2R	13059118	13059174	Deletion	56
2R	13059137	13059174	Deletion	37
2R	13059138	13059174	Deletion	36
2R	13059262	13059174	Deletion	88
2R	13059262	13059352	Deletion	90
2R	13059262	13059307	Deletion	45
2R	13059262	13059312	Deletion	50
2R	13059262	13059332	Deletion	70
2R	13059262	13059351	Deletion	89
2R	13059262	13059375	Deletion	113
2R	13059262	13059363	Deletion	101
2R	13059262	13059318	Deletion	56
2R	13060110	13060221	Deletion	111
2R	13060138	13060221	Deletion	83
2R	13060174	13060221	Deletion	47
2R	13060176	13060221	Deletion	45
2R	13060276	13060221	Deletion	55
2R	13060276	13060357	Deletion	81
2R	13060276	13060389	Deletion	113
2R	13060276	13060382	Deletion	106
2R	13060276	13060355	Deletion	79
2R	13128238	13128285	Deletion	47
2R	13129088	13128285	Deletion	803
2R	13129088	13129197	Deletion	109
2R	13168216	13168323	Deletion	107
2R	13168237	13168323	Deletion	86
2R	13168273	13168323	Deletion	50
2R	13168537	13168323	Deletion	214
2R	13168537	13168613	Deletion	76
2R	13168537	13168577	Deletion	40
2R	13169653	13169711	Deletion	58
2R	13169665	13169711	Deletion	46
2R	13169674	13169711	Deletion	37
2R	13185568	13169711	Deletion	15857
2R	13185568	13185650	Deletion	82
2R	13185568	13185659	Deletion	91
2R	13188595	13188705	Deletion	110
2R	13188644	13188705	Deletion	61
2R	13196597	13188705	Deletion	7892
2R	13196597	13196663	Deletion	66
2R	13213243	13213341	Deletion	98
2R	13213260	13213341	Deletion	81
2R	13226464	13213341	Deletion	13123
2R	13233250	13233354	Deletion	104
2R	13233258	13233354	Deletion	96
2R	13233267	13233354	Deletion	87
2R	13233269	13233354	Deletion	85
2R	13233272	13233354	Deletion	82
2R	13233292	13233354	Deletion	62
2R	13233296	13233354	Deletion	58
2R	13233302	13233354	Deletion	52
2R	13233307	13233354	Deletion	47
2R	13238684	13233354	Deletion	5330
2R	13238684	13238749	Deletion	65
2R	13238684	13238726	Deletion	42
2R	13238684	13238805	Deletion	121
2R	13238684	13238724	Deletion	40
2R	13238684	13238807	Deletion	123
2R	13238684	13238715	Deletion	31
2R	13238684	13238753	Deletion	69
2R	13238684	13238759	Deletion	75
2R	13238689	13238764	Deletion	75
2R	13240660	13240721	Deletion	61
2R	13240814	13240721	Deletion	93
2R	13240814	13240923	Deletion	109
2R	13240814	13240869	Deletion	55
2R	13241770	13241828	Deletion	58
2R	13241787	13241828	Deletion	41
2R	13241794	13241828	Deletion	34
2R	13242056	13241828	Deletion	228
2R	13242056	13242117	Deletion	61
2R	13242056	13242127	Deletion	71
2R	13242056	13242177	Deletion	121
2R	13242056	13242151	Deletion	95
2R	13247624	13247721	Deletion	97
2R	13247638	13247721	Deletion	83
2R	13247658	13247721	Deletion	63
2R	13247665	13247721	Deletion	56
2R	13247666	13247721	Deletion	55
2R	13247670	13247721	Deletion	51
2R	13247683	13247721	Deletion	38
2R	13272864	13247721	Deletion	25143
2R	13272864	13272935	Deletion	71
2R	13272864	13272940	Deletion	76
2R	13272864	13272894	Deletion	30
2R	13272864	13272953	Deletion	89
2R	13272864	13272965	Deletion	101
2R	13272864	13272964	Deletion	100
2R	13272864	13272936	Deletion	72
2R	13272864	13272928	Deletion	64
2R	13273843	13273938	Deletion	95
2R	13273896	13273938	Deletion	42
2R	13273897	13273938	Deletion	41
2R	13274367	13273938	Deletion	429
2R	13274367	13274452	Deletion	85
2R	13274367	13274398	Deletion	31
2R	13286006	13286112	Deletion	106
2R	13286019	13286112	Deletion	93
2R	13286041	13286112	Deletion	71
2R	13286044	13286112	Deletion	68
2R	13286070	13286112	Deletion	42
2R	13286080	13286112	Deletion	32
2R	13286081	13286112	Deletion	31
2R	13294766	13286112	Deletion	8654
2R	13294766	13294799	Deletion	33
2R	13294766	13294824	Deletion	58
2R	13294766	13294850	Deletion	84
2R	13294766	13294821	Deletion	55
2R	13294766	13294864	Deletion	98
2R	13294766	13294860	Deletion	94
2R	13297739	13297852	Deletion	113
2R	13297800	13297852	Deletion	52
2R	13297802	13297852	Deletion	50
2R	13297807	13297852	Deletion	45
2R	13298571	13297852	Deletion	719
2R	13298571	13298684	Deletion	113
2R	13298571	13298655	Deletion	84
2R	13298571	13298648	Deletion	77
2R	13358666	13358777	Deletion	111
2R	13358674	13358777	Deletion	103
2R	13358677	13358777	Deletion	100
2R	13358681	13358777	Deletion	96
2R	13358688	13358777	Deletion	89
2R	13358690	13358777	Deletion	87
2R	13358703	13358777	Deletion	74
2R	13358709	13358777	Deletion	68
2R	13358731	13358777	Deletion	46
2R	13358737	13358777	Deletion	40
2R	13367038	13358777	Deletion	8261
2R	13367038	13367118	Deletion	80
2R	13367038	13367068	Deletion	30
2R	13367038	13367124	Deletion	86
2R	13367038	13367075	Deletion	37
2R	13367038	13367136	Deletion	98
2R	13367038	13367140	Deletion	102
2R	13367038	13367096	Deletion	58
2R	13367038	13367090	Deletion	52
2R	13367038	13367077	Deletion	39
2R	13400705	13400762	Deletion	57
2R	13400709	13400762	Deletion	53
2R	13400714	13400762	Deletion	48
2R	13400718	13400762	Deletion	44
2R	13408670	13408754	Deletion	84
2R	13408670	13408781	Deletion	111
2R	13408670	13408717	Deletion	47
2R	13409002	13409112	Deletion	110
2R	13410303	13410375	Deletion	72
2R	13413397	13413477	Deletion	80
2R	13413397	13413468	Deletion	71
2R	13413773	13413839	Deletion	66
2R	13413785	13413839	Deletion	54
2R	13413796	13413839	Deletion	43
2R	13415029	13415080	Deletion	51
2R	13415029	13415151	Deletion	122
2R	13444197	13444314	Deletion	117
2R	13444239	13444314	Deletion	75
2R	13444247	13444314	Deletion	67
2R	13444268	13444314	Deletion	46
2R	13444279	13444314	Deletion	35
2R	13444280	13444314	Deletion	34
2R	13444281	13444314	Deletion	33
2R	13448728	13444314	Deletion	4414
2R	13448728	13448820	Deletion	92
2R	13448728	13448819	Deletion	91
2R	13448728	13448821	Deletion	93
2R	13448728	13448830	Deletion	102
2R	13448728	13448779	Deletion	51
2R	13448728	13448808	Deletion	80
2R	13450253	13450350	Deletion	97
2R	13450270	13450350	Deletion	80
2R	13450296	13450350	Deletion	54
2R	13484242	13450350	Deletion	33892
2R	13484242	13484340	Deletion	98
2R	13484242	13484358	Deletion	116
2R	13484242	13484314	Deletion	72
2R	13486844	13486961	Deletion	117
2R	13486851	13486961	Deletion	110
2R	13486867	13486961	Deletion	94
2R	13486909	13486961	Deletion	52
2R	13487138	13486961	Deletion	177
2R	13487138	13487239	Deletion	101
2R	13487138	13487212	Deletion	74
2R	13490767	13490862	Deletion	95
2R	13496891	13490862	Deletion	6029
2R	13538981	13539093	Deletion	112
2R	13538991	13539093	Deletion	102
2R	13538994	13539093	Deletion	99
2R	13539017	13539093	Deletion	76
2R	13549694	13539093	Deletion	10601
2R	13549694	13549795	Deletion	101
2R	13549694	13549818	Deletion	124
2R	13551631	13551748	Deletion	117
2R	13551667	13551748	Deletion	81
2R	13551699	13551748	Deletion	49
2R	13555745	13551748	Deletion	3997
2R	13555745	13555823	Deletion	78
2R	13557067	13557165	Deletion	98
2R	13557074	13557165	Deletion	91
2R	13557438	13557165	Deletion	273
2R	13557438	13557551	Deletion	113
2R	13557438	13557473	Deletion	35
2R	13565275	13565382	Deletion	107
2R	13565282	13565382	Deletion	100
2R	13565291	13565382	Deletion	91
2R	13565323	13565382	Deletion	59
2R	13565352	13565382	Deletion	30
2R	13577094	13565382	Deletion	11712
2R	13577094	13577161	Deletion	67
2R	13577094	13577190	Deletion	96
2R	13577094	13577191	Deletion	97
2R	13577094	13577129	Deletion	35
2R	13579022	13579118	Deletion	96
2R	13579034	13579118	Deletion	84
2R	13579084	13579118	Deletion	34
2R	13579174	13579204	Deletion	30
2R	13579174	13579266	Deletion	92
2R	13579174	13579244	Deletion	70
2R	13584656	13584738	Deletion	82
2R	13584664	13584738	Deletion	74
2R	13584677	13584738	Deletion	61
2R	13584696	13584738	Deletion	42
2R	13584702	13584738	Deletion	36
2R	13584703	13584738	Deletion	35
2R	13595382	13584738	Deletion	10644
2R	13595382	13595494	Deletion	112
2R	13595382	13595426	Deletion	44
2R	13595382	13595473	Deletion	91
2R	13595382	13595447	Deletion	65
2R	13595382	13595506	Deletion	124
2R	13595382	13595434	Deletion	52
2R	13595382	13595472	Deletion	90
2R	13600822	13600921	Deletion	99
2R	13600847	13600921	Deletion	74
2R	13600871	13600921	Deletion	50
2R	13612006	13600921	Deletion	11085
2R	13612006	13612117	Deletion	111
2R	13612006	13612101	Deletion	95
2R	13612006	13612102	Deletion	96
2R	13612288	13612373	Deletion	85
2R	13612313	13612373	Deletion	60
2R	13612316	13612373	Deletion	57
2R	13612322	13612373	Deletion	51
2R	13612324	13612373	Deletion	49
2R	13616275	13612373	Deletion	3902
2R	13616275	13616353	Deletion	78
2R	13616275	13616351	Deletion	76
2R	13616275	13616345	Deletion	70
2R	13616275	13616342	Deletion	67
2R	13622104	13622137	Deletion	33
2R	13623776	13622137	Deletion	1639
2R	13623776	13623844	Deletion	68
2R	13623776	13623869	Deletion	93
2R	13623776	13623879	Deletion	103
2R	13625543	13625618	Deletion	75
2R	13625555	13625618	Deletion	63
2R	13625565	13625618	Deletion	53
2R	13626079	13625618	Deletion	461
2R	13626079	13626185	Deletion	106
2R	13626079	13626130	Deletion	51
2R	13626079	13626152	Deletion	73
2R	13629002	13629090	Deletion	88
2R	13629742	13629090	Deletion	652
2R	13629742	13629784	Deletion	42
2R	13629742	13629865	Deletion	123
2R	13645712	13645788	Deletion	76
2R	13645718	13645788	Deletion	70
2R	13645732	13645788	Deletion	56
2R	13645740	13645788	Deletion	48
2R	13645745	13645788	Deletion	43
2R	13647096	13647174	Deletion	78
2R	13647096	13647179	Deletion	83
2R	13647096	13647166	Deletion	70
2R	13647096	13647152	Deletion	56
2R	13647571	13647667	Deletion	96
2R	13647578	13647667	Deletion	89
2R	13647593	13647667	Deletion	74
2R	13647595	13647667	Deletion	72
2R	13649463	13649515	Deletion	52
2R	13649463	13649517	Deletion	54
2R	13649463	13649500	Deletion	37
2R	13698201	13698305	Deletion	104
2R	13700430	13698305	Deletion	2125
2R	13718532	13718643	Deletion	111
2R	13718545	13718643	Deletion	98
2R	13718551	13718643	Deletion	92
2R	13718559	13718643	Deletion	84
2R	13718568	13718643	Deletion	75
2R	13718595	13718643	Deletion	48
2R	13719700	13718643	Deletion	1057
2R	13719700	13719734	Deletion	34
2R	13719700	13719751	Deletion	51
2R	13719700	13719778	Deletion	78
2R	13751816	13751885	Deletion	69
2R	13751827	13751885	Deletion	58
2R	13751828	13751885	Deletion	57
2R	13751839	13751885	Deletion	46
2R	13758897	13751885	Deletion	7012
2R	13758897	13758944	Deletion	47
2R	13758897	13758977	Deletion	80
2R	13758897	13758954	Deletion	57
2R	13758897	13759009	Deletion	112
2R	13758897	13758966	Deletion	69
2R	13759270	13759378	Deletion	108
2R	13759293	13759378	Deletion	85
2R	13759327	13759378	Deletion	51
2R	13759335	13759378	Deletion	43
2R	13759339	13759378	Deletion	39
2R	13764038	13759378	Deletion	4660
2R	13764038	13764079	Deletion	41
2R	13764038	13764143	Deletion	105
2R	13764038	13764152	Deletion	114
2R	13764038	13764121	Deletion	83
2R	13764038	13764125	Deletion	87
2R	13765962	13766010	Deletion	48
2R	13766304	13766010	Deletion	294
2R	13773783	13773876	Deletion	93
2R	13773803	13773876	Deletion	73
2R	13773838	13773876	Deletion	38
2R	13773845	13773876	Deletion	31
2R	13774191	13773876	Deletion	315
2R	13774191	13774295	Deletion	104
2R	13774191	13774279	Deletion	88
2R	13774191	13774224	Deletion	33
2R	13774191	13774286	Deletion	95
2R	13774191	13774244	Deletion	53
2R	13808909	13809025	Deletion	116
2R	13808917	13809025	Deletion	108
2R	13808918	13809025	Deletion	107
2R	13808926	13809025	Deletion	99
2R	13808938	13809025	Deletion	87
2R	13808940	13809025	Deletion	85
2R	13808942	13809025	Deletion	83
2R	13810919	13809024	Deletion	1895
2R	13810919	13810960	Deletion	41
2R	13810919	13810958	Deletion	39
2R	13810919	13811041	Deletion	122
2R	13810919	13811036	Deletion	117
2R	13814666	13814741	Deletion	75
2R	13814687	13814741	Deletion	54
2R	13820733	13814741	Deletion	5992
2R	13820733	13820805	Deletion	72
2R	13820733	13820784	Deletion	51
2R	13820733	13820836	Deletion	103
2R	13820733	13820776	Deletion	43
2R	13821458	13821543	Deletion	85
2R	13821459	13821543	Deletion	84
2R	13821471	13821543	Deletion	72
2R	13822236	13821543	Deletion	693
2R	13822236	13822346	Deletion	110
2R	13822236	13822349	Deletion	113
2R	13822236	13822279	Deletion	43
2R	13822236	13822280	Deletion	44
2R	13822238	13822292	Deletion	54
2R	13829686	13829728	Deletion	42
2R	13829690	13829728	Deletion	38
2R	13829692	13829728	Deletion	36
2R	13843536	13829728	Deletion	13808
2R	13843536	13843655	Deletion	119
2R	13843536	13843620	Deletion	84
2R	13843536	13843624	Deletion	88
2R	13843536	13843639	Deletion	103
2R	13873602	13873644	Deletion	42
2R	13881301	13873644	Deletion	7657
2R	13881301	13881385	Deletion	84
2R	13889074	13889179	Deletion	105
2R	13889078	13889179	Deletion	101
2R	13889095	13889179	Deletion	84
2R	13889111	13889179	Deletion	68
2R	13889121	13889179	Deletion	58
2R	13889124	13889179	Deletion	55
2R	13889130	13889179	Deletion	49
2R	13889145	13889179	Deletion	34
2R	13892454	13889179	Deletion	3275
2R	13892454	13892547	Deletion	93
2R	13892454	13892532	Deletion	78
2R	13892454	13892571	Deletion	117
2R	13892454	13892497	Deletion	43
2R	13892454	13892513	Deletion	59
2R	13892454	13892526	Deletion	72
2R	13897461	13897563	Deletion	102
2R	13897474	13897563	Deletion	89
2R	13897502	13897563	Deletion	61
2R	13897527	13897563	Deletion	36
2R	13897530	13897563	Deletion	33
2R	13899395	13897563	Deletion	1832
2R	13899395	13899488	Deletion	93
2R	13899395	13899432	Deletion	37
2R	13899395	13899501	Deletion	106
2R	13899395	13899460	Deletion	65
2R	13914494	13914549	Deletion	55
2R	13914499	13914549	Deletion	50
2R	13914519	13914549	Deletion	30
2R	13921221	13914549	Deletion	6672
2R	13921221	13921292	Deletion	71
2R	13921221	13921341	Deletion	120
2R	13921221	13921324	Deletion	103
2R	13921221	13921317	Deletion	96
2R	13929833	13929935	Deletion	102
2R	13929867	13929935	Deletion	68
2R	13929879	13929935	Deletion	56
2R	13932553	13929935	Deletion	2618
2R	13932553	13932611	Deletion	58
2R	13932619	13932718	Deletion	99
2R	13932647	13932718	Deletion	71
2R	13932649	13932718	Deletion	69
2R	13932658	13932718	Deletion	60
2R	13932674	13932718	Deletion	44
2R	13932816	13932718	Deletion	98
2R	13932816	13932898	Deletion	82
2R	13932816	13932873	Deletion	57
2R	13932816	13932882	Deletion	66
2R	13947243	13947360	Deletion	117
2R	13947281	13947360	Deletion	79
2R	13947289	13947360	Deletion	71
2R	13947295	13947360	Deletion	65
2R	13947306	13947360	Deletion	54
2R	13947737	13947360	Deletion	377
2R	13947737	13947852	Deletion	115
2R	13947737	13947809	Deletion	72
2R	13947737	13947798	Deletion	61
2R	13947737	13947784	Deletion	47
2R	13947737	13947792	Deletion	55
2R	13952610	13952552	Deletion	58
2R	13965610	13965704	Deletion	94
2R	13965624	13965704	Deletion	80
2R	13965673	13965704	Deletion	31
2R	13970282	13965704	Deletion	4578
2R	13970282	13970328	Deletion	46
2R	13970282	13970377	Deletion	95
2R	13970282	13970314	Deletion	32
2R	13970282	13970312	Deletion	30
2R	13990172	13990264	Deletion	92
2R	13990197	13990264	Deletion	67
2R	13990206	13990264	Deletion	58
2R	13990210	13990264	Deletion	54
2R	14004415	13990264	Deletion	14151
2R	14004415	14004522	Deletion	107
2R	14004415	14004487	Deletion	72
2R	14004415	14004514	Deletion	99
2R	14004415	14004474	Deletion	59
2R	14004415	14004483	Deletion	68
2R	14012704	14012818	Deletion	114
2R	14012755	14012818	Deletion	63
2R	14012774	14012818	Deletion	44
2R	14012775	14012818	Deletion	43
2R	14012784	14012818	Deletion	34
2R	14023328	14012818	Deletion	10510
2R	14023328	14023391	Deletion	63
2R	14023328	14023438	Deletion	110
2R	14023328	14023411	Deletion	83
2R	14023328	14023420	Deletion	92
2R	14023328	14023442	Deletion	114
2R	14032087	14032177	Deletion	90
2R	14032093	14032177	Deletion	84
2R	14032111	14032177	Deletion	66
2R	14032140	14032177	Deletion	37
2R	14032661	14032177	Deletion	484
2R	14032661	14032783	Deletion	122
2R	14032661	14032704	Deletion	43
2R	14032661	14032751	Deletion	90
2R	14032661	14032722	Deletion	61
2R	14032661	14032693	Deletion	32
2R	14065356	14065473	Deletion	117
2R	14065368	14065473	Deletion	105
2R	14065377	14065473	Deletion	96
2R	14065976	14065473	Deletion	503
2R	14065976	14066075	Deletion	99
2R	14065976	14066093	Deletion	117
2R	14065976	14066008	Deletion	32
2R	14072301	14072399	Deletion	98
2R	14072312	14072399	Deletion	87
2R	14072330	14072399	Deletion	69
2R	14072333	14072399	Deletion	66
2R	14072343	14072399	Deletion	56
2R	14072354	14072399	Deletion	45
2R	14074254	14072399	Deletion	1855
2R	14074254	14074335	Deletion	81
2R	14074254	14074311	Deletion	57
2R	14074254	14074293	Deletion	39
2R	14074254	14074324	Deletion	70
2R	14074254	14074314	Deletion	60
2R	14074766	14074870	Deletion	104
2R	14074767	14074870	Deletion	103
2R	14074808	14074870	Deletion	62
2R	14074809	14074870	Deletion	61
2R	14074815	14074870	Deletion	55
2R	14074820	14074870	Deletion	50
2R	14074831	14074870	Deletion	39
2R	14074838	14074870	Deletion	32
2R	14080612	14080677	Deletion	65
2R	14080612	14080678	Deletion	66
2R	14080612	14080707	Deletion	95
2R	14080612	14080689	Deletion	77
2R	14080612	14080700	Deletion	88
2R	14080612	14080684	Deletion	72
2R	14080612	14080720	Deletion	108
2R	14080612	14080714	Deletion	102
2R	14083773	14083877	Deletion	104
2R	14083782	14083877	Deletion	95
2R	14083783	14083877	Deletion	94
2R	14083798	14083873	Deletion	75
2R	14083804	14083877	Deletion	73
2R	14083821	14083877	Deletion	56
2R	14083829	14083877	Deletion	48
2R	14083831	14083877	Deletion	46
2R	14083836	14083877	Deletion	41
2R	14094919	14095032	Deletion	113
2R	14099299	14099272	Deletion	27
2R	14111426	14111497	Deletion	71
2R	14111426	14111469	Deletion	43
2R	14111426	14111547	Deletion	121
2R	14131008	14131087	Deletion	79
2R	14131137	14131087	Deletion	50
2R	14131137	14131180	Deletion	43
2R	14131137	14131184	Deletion	47
2R	14134952	14135052	Deletion	100
2R	14134967	14135052	Deletion	85
2R	14134972	14135052	Deletion	80
2R	14135109	14135052	Deletion	57
2R	14135109	14135225	Deletion	116
2R	14135109	14135155	Deletion	46
2R	14150812	14150907	Deletion	95
2R	14150825	14150907	Deletion	82
2R	14150832	14150907	Deletion	75
2R	14150850	14150907	Deletion	57
2R	14150865	14150907	Deletion	42
2R	14150871	14150907	Deletion	36
2R	14152766	14150907	Deletion	1859
2R	14152766	14152810	Deletion	44
2R	14152766	14152835	Deletion	69
2R	14152766	14152817	Deletion	51
2R	14152766	14152856	Deletion	90
2R	14152766	14152850	Deletion	84
2R	14155753	14155872	Deletion	119
2R	14155766	14155872	Deletion	106
2R	14155768	14155872	Deletion	104
2R	14155829	14155872	Deletion	43
2R	14155833	14155872	Deletion	39
2R	14155836	14155872	Deletion	36
2R	14158085	14155872	Deletion	2213
2R	14158085	14158175	Deletion	90
2R	14158085	14158206	Deletion	121
2R	14158085	14158202	Deletion	117
2R	14158085	14158168	Deletion	83
2R	14158085	14158188	Deletion	103
2R	14160527	14160643	Deletion	116
2R	14160539	14160644	Deletion	105
2R	14160561	14160644	Deletion	83
2R	14160567	14160644	Deletion	77
2R	14160584	14160644	Deletion	60
2R	14160594	14160644	Deletion	50
2R	14160612	14160644	Deletion	32
2R	14161767	14160644	Deletion	1123
2R	14161767	14161810	Deletion	43
2R	14161767	14161816	Deletion	49
2R	14161767	14161843	Deletion	76
2R	14161767	14161833	Deletion	66
2R	14241299	14241418	Deletion	119
2R	14241342	14241418	Deletion	76
2R	14241347	14241418	Deletion	71
2R	14241353	14241418	Deletion	65
2R	14241365	14241418	Deletion	53
2R	14241368	14241418	Deletion	50
2R	14245545	14241418	Deletion	4127
2R	14245545	14245662	Deletion	117
2R	14245545	14245607	Deletion	62
2R	14245545	14245619	Deletion	74
2R	14245545	14245596	Deletion	51
2R	14245545	14245622	Deletion	77
2R	14255431	14255508	Deletion	77
2R	14255437	14255508	Deletion	71
2R	14255448	14255508	Deletion	60
2R	14255459	14255508	Deletion	49
2R	14255476	14255508	Deletion	32
2R	14255976	14255508	Deletion	468
2R	14255976	14256026	Deletion	50
2R	14255976	14256043	Deletion	67
2R	14255976	14256054	Deletion	78
2R	14255976	14256032	Deletion	56
2R	14256664	14256757	Deletion	93
2R	14256672	14256757	Deletion	85
2R	14256680	14256757	Deletion	77
2R	14256690	14256757	Deletion	67
2R	14260384	14260417	Deletion	33
2R	14260384	14260443	Deletion	59
2R	14260384	14260416	Deletion	32
2R	14260384	14260425	Deletion	41
2R	14281059	14281165	Deletion	106
2R	14281068	14281165	Deletion	97
2R	14281114	14281165	Deletion	51
2R	14285096	14281165	Deletion	3931
2R	14285096	14285215	Deletion	119
2R	14285096	14285173	Deletion	77
2R	14325596	14325700	Deletion	104
2R	14325606	14325700	Deletion	94
2R	14325623	14325700	Deletion	77
2R	14325624	14325700	Deletion	76
2R	14325633	14325700	Deletion	67
2R	14328547	14325700	Deletion	2847
2R	14328547	14328598	Deletion	51
2R	14328547	14328607	Deletion	60
2R	14328547	14328597	Deletion	50
2R	14328547	14328580	Deletion	33
2R	14333725	14333797	Deletion	72
2R	14333727	14333797	Deletion	70
2R	14333739	14333797	Deletion	58
2R	14333742	14333797	Deletion	55
2R	14335595	14333797	Deletion	1798
2R	14335595	14335667	Deletion	72
2R	14335595	14335664	Deletion	69
2R	14335595	14335652	Deletion	57
2R	14335595	14335646	Deletion	51
2R	14374976	14375038	Deletion	62
2R	14374978	14375038	Deletion	60
2R	14379078	14375038	Deletion	4040
2R	14379078	14379189	Deletion	111
2R	14379078	14379187	Deletion	109
2R	14379078	14379142	Deletion	64
2R	14379078	14379182	Deletion	104
2R	14387697	14387810	Deletion	113
2R	14387725	14387810	Deletion	85
2R	14387726	14387810	Deletion	84
2R	14387732	14387810	Deletion	78
2R	14387758	14387810	Deletion	52
2R	14387759	14387810	Deletion	51
2R	14387779	14387810	Deletion	31
2R	14387780	14387810	Deletion	30
2R	14387986	14387810	Deletion	176
2R	14387986	14388028	Deletion	42
2R	14387986	14388035	Deletion	49
2R	14387986	14388062	Deletion	76
2R	14387986	14388061	Deletion	75
2R	14387986	14388029	Deletion	43
2R	14387986	14388083	Deletion	97
2R	14387986	14388082	Deletion	96
2R	14393681	14393744	Deletion	63
2R	14393688	14393744	Deletion	56
2R	14393701	14393744	Deletion	43
2R	14412437	14412549	Deletion	112
2R	14412445	14412549	Deletion	104
2R	14412483	14412549	Deletion	66
2R	14412502	14412549	Deletion	47
2R	14417235	14412549	Deletion	4686
2R	14417235	14417297	Deletion	62
2R	14417235	14417355	Deletion	120
2R	14429338	14429415	Deletion	77
2R	14432091	14429415	Deletion	2676
2R	14432091	14432141	Deletion	50
2R	14432091	14432198	Deletion	107
2R	14432091	14432212	Deletion	121
2R	14432091	14432138	Deletion	47
2R	14432384	14432475	Deletion	91
2R	14432392	14432475	Deletion	83
2R	14432406	14432475	Deletion	69
2R	14432411	14432475	Deletion	64
2R	14432434	14432475	Deletion	41
2R	14432442	14432475	Deletion	33
2R	14432637	14432694	Deletion	57
2R	14432637	14432672	Deletion	35
2R	14432637	14432680	Deletion	43
2R	14432637	14432730	Deletion	93
2R	14432637	14432699	Deletion	62
2R	14432637	14432734	Deletion	97
2R	14434128	14434202	Deletion	74
2R	14434138	14434202	Deletion	64
2R	14434153	14434202	Deletion	49
2R	14441332	14434202	Deletion	7130
2R	14441332	14441385	Deletion	53
2R	14441332	14441395	Deletion	63
2R	14446999	14447114	Deletion	115
2R	14447006	14447117	Deletion	111
2R	14447014	14447117	Deletion	103
2R	14447036	14447117	Deletion	81
2R	14447037	14447117	Deletion	80
2R	14447043	14447117	Deletion	74
2R	14448997	14449049	Deletion	52
2R	14448997	14449043	Deletion	46
2R	14450483	14450593	Deletion	110
2R	14450498	14450593	Deletion	95
2R	14450508	14450593	Deletion	85
2R	14450554	14450593	Deletion	39
2R	14458778	14450593	Deletion	8185
2R	14458778	14458865	Deletion	87
2R	14458778	14458820	Deletion	42
2R	14458778	14458881	Deletion	103
2R	14458783	14458809	Deletion	26
2R	14484597	14484704	Deletion	107
2R	14484621	14484704	Deletion	83
2R	14484639	14484704	Deletion	65
2R	14484641	14484704	Deletion	63
2R	14484648	14484704	Deletion	56
2R	14484656	14484704	Deletion	48
2R	14484783	14484704	Deletion	79
2R	14484783	14484884	Deletion	101
2R	14484783	14484826	Deletion	43
2R	14484783	14484846	Deletion	63
2R	14484783	14484861	Deletion	78
2R	14505032	14505125	Deletion	93
2R	14505038	14505125	Deletion	87
2R	14505075	14505125	Deletion	50
2R	14505085	14505125	Deletion	40
2R	14512101	14505125	Deletion	6976
2R	14512101	14512134	Deletion	33
2R	14512101	14512213	Deletion	112
2R	14512101	14512177	Deletion	76
2R	14512101	14512187	Deletion	86
2R	14512101	14512140	Deletion	39
2R	14520457	14520529	Deletion	72
2R	14520471	14520529	Deletion	58
2R	14520488	14520529	Deletion	41
2R	14531557	14520529	Deletion	11028
2R	14531557	14531587	Deletion	30
2R	14531557	14531681	Deletion	124
2R	14531557	14531625	Deletion	68
2R	14531557	14531642	Deletion	85
2R	14545644	14545766	Deletion	122
2R	14545653	14545766	Deletion	113
2R	14545703	14545766	Deletion	63
2R	14545712	14545766	Deletion	54
2R	14545733	14545766	Deletion	33
2R	14551564	14545766	Deletion	5798
2R	14551564	14551657	Deletion	93
2R	14551564	14551670	Deletion	106
2R	14551564	14551636	Deletion	72
2R	14551564	14551627	Deletion	63
2R	14566989	14567077	Deletion	88
2R	14567012	14567077	Deletion	65
2R	14567041	14567077	Deletion	36
2R	14569504	14567077	Deletion	2427
2R	14569504	14569614	Deletion	110
2R	14569504	14569594	Deletion	90
2R	14569504	14569542	Deletion	38
2R	14570505	14570585	Deletion	80
2R	14570510	14570585	Deletion	75
2R	14570524	14570585	Deletion	61
2R	14570552	14570585	Deletion	33
2R	14570688	14570585	Deletion	103
2R	14570688	14570735	Deletion	47
2R	14570688	14570740	Deletion	52
2R	14570688	14570734	Deletion	46
2R	14570688	14570754	Deletion	66
2R	14596125	14596230	Deletion	105
2R	14596167	14596230	Deletion	63
2R	14596180	14596230	Deletion	50
2R	14596306	14596382	Deletion	76
2R	14596306	14596369	Deletion	63
2R	14626083	14626173	Deletion	90
2R	14626108	14626173	Deletion	65
2R	14626124	14626173	Deletion	49
2R	14626248	14626173	Deletion	75
2R	14626248	14626311	Deletion	63
2R	14626248	14626286	Deletion	38
2R	14626248	14626327	Deletion	79
2R	14627551	14627657	Deletion	106
2R	14627579	14627657	Deletion	78
2R	14627594	14627657	Deletion	63
2R	14627611	14627657	Deletion	46
2R	14629588	14627657	Deletion	1931
2R	14629588	14629652	Deletion	64
2R	14629588	14629637	Deletion	49
2R	14629588	14629693	Deletion	105
2R	14629588	14629706	Deletion	118
2R	14630688	14630769	Deletion	81
2R	14630693	14630769	Deletion	76
2R	14630703	14630769	Deletion	66
2R	14630731	14630769	Deletion	38
2R	14631982	14630769	Deletion	1213
2R	14631982	14632042	Deletion	60
2R	14631982	14632070	Deletion	88
2R	14631982	14632032	Deletion	50
2R	14631982	14632023	Deletion	41
2R	14631982	14632027	Deletion	45
2R	14679805	14679878	Deletion	73
2R	14679806	14679878	Deletion	72
2R	14679816	14679878	Deletion	62
2R	14679818	14679878	Deletion	60
2R	14679832	14679878	Deletion	46
2R	14679833	14679878	Deletion	45
2R	14679840	14679878	Deletion	38
2R	14679842	14679878	Deletion	36
2R	14679995	14679878	Deletion	117
2R	14679995	14680076	Deletion	81
2R	14679995	14680075	Deletion	80
2R	14679995	14680034	Deletion	39
2R	14679995	14680059	Deletion	64
2R	14679995	14680094	Deletion	99
2R	14679995	14680083	Deletion	88
2R	14679995	14680085	Deletion	90
2R	14679995	14680101	Deletion	106
2R	14679995	14680061	Deletion	66
2R	14679995	14680049	Deletion	54
2R	14695814	14695922	Deletion	108
2R	14695819	14695922	Deletion	103
2R	14695857	14695922	Deletion	65
2R	14695867	14695922	Deletion	55
2R	14702782	14695922	Deletion	6860
2R	14702782	14702891	Deletion	109
2R	14702782	14702843	Deletion	61
2R	14702782	14702887	Deletion	105
2R	14711800	14711889	Deletion	89
2R	14731639	14711889	Deletion	19750
2R	14731639	14731676	Deletion	37
2R	14731639	14731674	Deletion	35
2R	14731639	14731759	Deletion	120
2R	14751566	14751659	Deletion	93
2R	14751590	14751659	Deletion	69
2R	14751597	14751659	Deletion	62
2R	14751612	14751659	Deletion	47
2R	14751622	14751659	Deletion	37
2R	14751629	14751659	Deletion	30
2R	14769157	14751659	Deletion	17498
2R	14769157	14769248	Deletion	91
2R	14769157	14769278	Deletion	121
2R	14769157	14769192	Deletion	35
2R	14769157	14769238	Deletion	81
2R	14769157	14769223	Deletion	66
2R	14769157	14769216	Deletion	59
2R	14781626	14781701	Deletion	75
2R	14781664	14781701	Deletion	37
2R	14781669	14781701	Deletion	32
2R	14782294	14781701	Deletion	593
2R	14782294	14782389	Deletion	95
2R	14782294	14782384	Deletion	90
2R	14782294	14782334	Deletion	40
2R	14782295	14782346	Deletion	51
2R	14808447	14808506	Deletion	59
2R	14808453	14808506	Deletion	53
2R	14810949	14808506	Deletion	2443
2R	14810949	14811058	Deletion	109
2R	14810949	14811022	Deletion	73
2R	14810949	14811062	Deletion	113
2R	14810949	14811016	Deletion	67
2R	14810949	14810992	Deletion	43
2R	14811729	14811828	Deletion	99
2R	14826336	14826449	Deletion	113
2R	14826348	14826449	Deletion	101
2R	14826353	14826449	Deletion	96
2R	14826376	14826449	Deletion	73
2R	14826406	14826449	Deletion	43
2R	14837174	14826449	Deletion	10725
2R	14837174	14837284	Deletion	110
2R	14837174	14837208	Deletion	34
2R	14837174	14837261	Deletion	87
2R	14846267	14846336	Deletion	69
2R	14849211	14846336	Deletion	2875
2R	14849211	14849254	Deletion	43
2R	14849211	14849268	Deletion	57
2R	14864639	14864747	Deletion	108
2R	14864651	14864747	Deletion	96
2R	14864657	14864747	Deletion	90
2R	14864673	14864747	Deletion	74
2R	14864697	14864747	Deletion	50
2R	14864716	14864747	Deletion	31
2R	14865298	14864747	Deletion	551
2R	14865298	14865338	Deletion	40
2R	14865298	14865397	Deletion	99
2R	14865298	14865378	Deletion	80
2R	14865298	14865408	Deletion	110
2R	14865298	14865332	Deletion	34
2R	14867952	14868048	Deletion	96
2R	14867954	14868051	Deletion	97
2R	14867963	14868051	Deletion	88
2R	14867979	14868051	Deletion	72
2R	14868002	14868051	Deletion	49
2R	14870619	14868051	Deletion	2568
2R	14870619	14870657	Deletion	38
2R	14870619	14870696	Deletion	77
2R	14870619	14870673	Deletion	54
2R	14876365	14876484	Deletion	119
2R	14876392	14876484	Deletion	92
2R	14876403	14876484	Deletion	81
2R	14876440	14876484	Deletion	44
2R	14876453	14876484	Deletion	31
2R	14911121	14897514	Deletion	13607
2R	14911121	14911217	Deletion	96
2R	14911121	14911156	Deletion	35
2R	14911121	14911204	Deletion	83
2R	14911121	14911240	Deletion	119
2R	14912614	14912720	Deletion	106
2R	14912669	14912720	Deletion	51
2R	14912674	14912720	Deletion	46
2R	14912684	14912720	Deletion	36
2R	14913041	14912720	Deletion	321
2R	14913041	14913160	Deletion	119
2R	14913041	14913124	Deletion	83
2R	14913041	14913119	Deletion	78
2R	14940303	14940392	Deletion	89
2R	14940305	14940392	Deletion	87
2R	14940317	14940392	Deletion	75
2R	14940330	14940392	Deletion	62
2R	14940345	14940392	Deletion	47
2R	14940359	14940392	Deletion	33
2R	14940360	14940392	Deletion	32
2R	14940361	14940392	Deletion	31
2R	14940362	14940392	Deletion	30
2R	14941217	14940392	Deletion	825
2R	14941217	14941313	Deletion	96
2R	14941217	14941316	Deletion	99
2R	14941217	14941312	Deletion	95
2R	14941217	14941257	Deletion	40
2R	14941217	14941314	Deletion	97
2R	14941217	14941282	Deletion	65
2R	14941217	14941311	Deletion	94
2R	14941217	14941255	Deletion	38
2R	14941217	14941297	Deletion	80
2R	14947750	14947848	Deletion	98
2R	14947752	14947848	Deletion	96
2R	14947814	14947848	Deletion	34
2R	14948320	14947848	Deletion	472
2R	14948320	14948352	Deletion	32
2R	14948320	14948350	Deletion	30
2R	14961530	14961599	Deletion	69
2R	14961541	14961599	Deletion	58
2R	14961551	14961599	Deletion	48
2R	14969097	14961599	Deletion	7498
2R	14969097	14969136	Deletion	39
2R	14969097	14969177	Deletion	80
2R	14969097	14969156	Deletion	59
2R	14973070	14973113	Deletion	43
2R	14975540	14973113	Deletion	2427
2R	14975540	14975663	Deletion	123
2R	14975540	14975623	Deletion	83
2R	14975540	14975662	Deletion	122
2R	14989350	14989416	Deletion	66
2R	14989364	14989416	Deletion	52
2R	14989383	14989416	Deletion	33
2R	14990655	14989416	Deletion	1239
2R	14990655	14990748	Deletion	93
2R	14990655	14990715	Deletion	60
2R	14990655	14990729	Deletion	74
2R	15008976	15009071	Deletion	95
2R	15008980	15009071	Deletion	91
2R	15008984	15009071	Deletion	87
2R	15009007	15009071	Deletion	64
2R	15009017	15009070	Deletion	53
2R	15009033	15009071	Deletion	38
2R	15009041	15009071	Deletion	30
2R	15010508	15009071	Deletion	1437
2R	15010508	15010539	Deletion	31
2R	15010508	15010604	Deletion	96
2R	15010508	15010580	Deletion	72
2R	15010508	15010547	Deletion	39
2R	15010508	15010596	Deletion	88
2R	15010508	15010543	Deletion	35
2R	15010508	15010570	Deletion	62
2R	15011339	15011455	Deletion	116
2R	15011347	15011455	Deletion	108
2R	15011407	15011455	Deletion	48
2R	15011411	15011455	Deletion	44
2R	15011416	15011455	Deletion	39
2R	15011418	15011455	Deletion	37
2R	15011425	15011455	Deletion	30
2R	15015014	15011455	Deletion	3559
2R	15015014	15015117	Deletion	103
2R	15015014	15015098	Deletion	84
2R	15015014	15015094	Deletion	80
2R	15015014	15015112	Deletion	98
2R	15015014	15015103	Deletion	89
2R	15015014	15015128	Deletion	114
2R	15022090	15022134	Deletion	44
2R	15031000	15031107	Deletion	107
2R	15031009	15031107	Deletion	98
2R	15031014	15031107	Deletion	93
2R	15031035	15031107	Deletion	72
2R	15031047	15031107	Deletion	60
2R	15032381	15031107	Deletion	1274
2R	15032381	15032411	Deletion	30
2R	15032381	15032437	Deletion	56
2R	15032381	15032489	Deletion	108
2R	15032381	15032449	Deletion	68
2R	15032381	15032416	Deletion	35
2R	15035681	15035774	Deletion	93
2R	15035705	15035774	Deletion	69
2R	15035711	15035774	Deletion	63
2R	15035722	15035774	Deletion	52
2R	15035979	15035774	Deletion	205
2R	15035979	15036086	Deletion	107
2R	15035979	15036042	Deletion	63
2R	15035979	15036077	Deletion	98
2R	15035979	15036012	Deletion	33
2R	15035979	15036053	Deletion	74
2R	15047861	15047960	Deletion	99
2R	15047894	15047960	Deletion	66
2R	15047915	15047960	Deletion	45
2R	15049683	15047960	Deletion	1723
2R	15049683	15049743	Deletion	60
2R	15094375	15094454	Deletion	79
2R	15094380	15094454	Deletion	74
2R	15105346	15105393	Deletion	47
2R	15105346	15105398	Deletion	52
2R	15138394	15138502	Deletion	108
2R	15138420	15138502	Deletion	82
2R	15138461	15138502	Deletion	41
2R	15138606	15138502	Deletion	104
2R	15138606	15138693	Deletion	87
2R	15138606	15138710	Deletion	104
2R	15162581	15162701	Deletion	120
2R	15162604	15162701	Deletion	97
2R	15162614	15162701	Deletion	87
2R	15162618	15162701	Deletion	83
2R	15162641	15162701	Deletion	60
2R	15162654	15162701	Deletion	47
2R	15162667	15162701	Deletion	34
2R	15182697	15162701	Deletion	19996
2R	15182697	15182820	Deletion	123
2R	15182697	15182741	Deletion	44
2R	15182697	15182727	Deletion	30
2R	15182697	15182777	Deletion	80
2R	15182697	15182764	Deletion	67
2R	15182697	15182800	Deletion	103
2R	15182697	15182737	Deletion	40
2R	15201964	15202035	Deletion	71
2R	15201966	15202035	Deletion	69
2R	15201974	15202035	Deletion	61
2R	15201993	15202035	Deletion	42
2R	15201998	15202035	Deletion	37
2R	15203148	15202035	Deletion	1113
2R	15203148	15203252	Deletion	104
2R	15203148	15203204	Deletion	56
2R	15203148	15203206	Deletion	58
2R	15203148	15203233	Deletion	85
2R	15203148	15203214	Deletion	66
2R	15212247	15212337	Deletion	90
2R	15212256	15212337	Deletion	81
2R	15212272	15212337	Deletion	65
2R	15212274	15212337	Deletion	63
2R	15212400	15212337	Deletion	63
2R	15212400	15212447	Deletion	47
2R	15212400	15212438	Deletion	38
2R	15212400	15212463	Deletion	63
2R	15217725	15217841	Deletion	116
2R	15217747	15217841	Deletion	94
2R	15217758	15217841	Deletion	83
2R	15217788	15217841	Deletion	53
2R	15217802	15217841	Deletion	39
2R	15227793	15217841	Deletion	9952
2R	15227793	15227881	Deletion	88
2R	15227793	15227837	Deletion	44
2R	15257711	15257801	Deletion	90
2R	15257729	15257801	Deletion	72
2R	15257742	15257801	Deletion	59
2R	15257744	15257801	Deletion	57
2R	15259763	15257801	Deletion	1962
2R	15259763	15259819	Deletion	56
2R	15259763	15259884	Deletion	121
2R	15259763	15259801	Deletion	38
2R	15259763	15259799	Deletion	36
2R	15259763	15259832	Deletion	69
2R	15278539	15278573	Deletion	34
2R	15279241	15279322	Deletion	81
2R	15279241	15279357	Deletion	116
2R	15279241	15279333	Deletion	92
2R	15298615	15298689	Deletion	74
2R	15298621	15298689	Deletion	68
2R	15298640	15298689	Deletion	49
2R	15298770	15298689	Deletion	81
2R	15298770	15298871	Deletion	101
2R	15298770	15298869	Deletion	99
2R	15298770	15298823	Deletion	53
2R	15298770	15298829	Deletion	59
2R	15298770	15298819	Deletion	49
2R	15298770	15298881	Deletion	111
2R	15300869	15300945	Deletion	76
2R	15300891	15300945	Deletion	54
2R	15301734	15300945	Deletion	789
2R	15301734	15301785	Deletion	51
2R	15301734	15301807	Deletion	73
2R	15304682	15304780	Deletion	98
2R	15304722	15304780	Deletion	58
2R	15304728	15304780	Deletion	52
2R	15304729	15304780	Deletion	51
2R	15304733	15304780	Deletion	47
2R	15304739	15304780	Deletion	41
2R	15304748	15304780	Deletion	32
2R	15329951	15304780	Deletion	25171
2R	15329951	15330019	Deletion	68
2R	15329951	15330030	Deletion	79
2R	15329951	15330075	Deletion	124
2R	15329951	15330025	Deletion	74
2R	15329951	15330036	Deletion	85
2R	15329951	15330045	Deletion	94
2R	15332458	15332551	Deletion	93
2R	15332477	15332551	Deletion	74
2R	15332488	15332551	Deletion	63
2R	15332509	15332551	Deletion	42
2R	15357178	15357282	Deletion	104
2R	15357189	15357282	Deletion	93
2R	15357230	15357282	Deletion	52
2R	15357246	15357282	Deletion	36
2R	15357249	15357282	Deletion	33
2R	15377931	15357282	Deletion	20649
2R	15377931	15378029	Deletion	98
2R	15377931	15378043	Deletion	112
2R	15377931	15377965	Deletion	34
2R	15377931	15378022	Deletion	91
2R	15377937	15378006	Deletion	69
2R	15381193	15381303	Deletion	110
2R	15381210	15381303	Deletion	93
2R	15381223	15381303	Deletion	80
2R	15381233	15381303	Deletion	70
2R	15381241	15381303	Deletion	62
2R	15381242	15381303	Deletion	61
2R	15381247	15381303	Deletion	56
2R	15381261	15381303	Deletion	42
2R	15381388	15381303	Deletion	85
2R	15381388	15381472	Deletion	84
2R	15381388	15381434	Deletion	46
2R	15381388	15381458	Deletion	70
2R	15381388	15381453	Deletion	65
2R	15381388	15381421	Deletion	33
2R	15381388	15381489	Deletion	101
2R	15381388	15381452	Deletion	64
2R	15381388	15381444	Deletion	56
2R	15386873	15386972	Deletion	99
2R	15386916	15386972	Deletion	56
2R	15386931	15386972	Deletion	41
2R	15386933	15386972	Deletion	39
2R	15387117	15387188	Deletion	71
2R	15387117	15387228	Deletion	111
2R	15387117	15387205	Deletion	88
2R	15387117	15387235	Deletion	118
2R	15387117	15387203	Deletion	86
2R	15401983	15402103	Deletion	120
2R	15401995	15402103	Deletion	108
2R	15402043	15402103	Deletion	60
2R	15402292	15402359	Deletion	67
2R	15426035	15424778	Deletion	1257
2R	15426035	15426068	Deletion	33
2R	15426035	15426141	Deletion	106
2R	15426035	15426143	Deletion	108
2R	15427178	15427278	Deletion	100
2R	15427190	15427278	Deletion	88
2R	15427331	15427278	Deletion	53
2R	15451392	15451496	Deletion	104
2R	15451409	15451496	Deletion	87
2R	15451415	15451496	Deletion	81
2R	15451465	15451496	Deletion	31
2R	15452326	15451496	Deletion	830
2R	15452326	15452365	Deletion	39
2R	15452326	15452371	Deletion	45
2R	15461695	15461790	Deletion	95
2R	15461705	15461790	Deletion	85
2R	15461709	15461790	Deletion	81
2R	15461714	15461790	Deletion	76
2R	15461752	15461790	Deletion	38
2R	15488247	15461789	Deletion	26458
2R	15488247	15488280	Deletion	33
2R	15488247	15488294	Deletion	47
2R	15488247	15488299	Deletion	52
2R	15488247	15488290	Deletion	43
2R	15488247	15488365	Deletion	118
2R	15488249	15488279	Deletion	30
2R	15488764	15488869	Deletion	105
2R	15488769	15488869	Deletion	100
2R	15488776	15488869	Deletion	93
2R	15488795	15488869	Deletion	74
2R	15488817	15488869	Deletion	52
2R	15488825	15488869	Deletion	44
2R	15494068	15488869	Deletion	5199
2R	15494068	15494142	Deletion	74
2R	15494068	15494120	Deletion	52
2R	15496642	15496692	Deletion	50
2R	15496647	15496692	Deletion	45
2R	15496656	15496692	Deletion	36
2R	15499591	15496692	Deletion	2899
2R	15499591	15499704	Deletion	113
2R	15499591	15499681	Deletion	90
2R	15499591	15499698	Deletion	107
2R	15499591	15499667	Deletion	76
2R	15507669	15507708	Deletion	39
2R	15507672	15507708	Deletion	36
2R	15507805	15507708	Deletion	97
2R	15507805	15507893	Deletion	88
2R	15511125	15511187	Deletion	62
2R	15511139	15511187	Deletion	48
2R	15513311	15511187	Deletion	2124
2R	15513311	15513375	Deletion	64
2R	15513311	15513389	Deletion	78
2R	15513311	15513425	Deletion	114
2R	15529142	15529261	Deletion	119
2R	15529217	15529261	Deletion	44
2R	15534874	15529261	Deletion	5613
2R	15534874	15534956	Deletion	82
2R	15547605	15547721	Deletion	116
2R	15547623	15547721	Deletion	98
2R	15547624	15547721	Deletion	97
2R	15547629	15547721	Deletion	92
2R	15547641	15547721	Deletion	80
2R	15547672	15547721	Deletion	49
2R	15547674	15547721	Deletion	47
2R	15548950	15547721	Deletion	1229
2R	15548950	15549056	Deletion	106
2R	15548950	15548996	Deletion	46
2R	15548950	15548984	Deletion	34
2R	15548950	15549027	Deletion	77
2R	15559803	15559918	Deletion	115
2R	15559813	15559918	Deletion	105
2R	15559824	15559918	Deletion	94
2R	15559825	15559918	Deletion	93
2R	15559850	15559918	Deletion	68
2R	15559855	15559918	Deletion	63
2R	15559873	15559918	Deletion	45
2R	15559879	15559918	Deletion	39
2R	15573313	15559918	Deletion	13395
2R	15573313	15573371	Deletion	58
2R	15573313	15573394	Deletion	81
2R	15573313	15573376	Deletion	63
2R	15573313	15573425	Deletion	112
2R	15573313	15573411	Deletion	98
2R	15573313	15573400	Deletion	87
2R	15573313	15573345	Deletion	32
2R	15573498	15573596	Deletion	98
2R	15573507	15573596	Deletion	89
2R	15573523	15573596	Deletion	73
2R	15573529	15573596	Deletion	67
2R	15573538	15573596	Deletion	58
2R	15573545	15573596	Deletion	51
2R	15573550	15573596	Deletion	46
2R	15575596	15573596	Deletion	2000
2R	15575596	15575633	Deletion	37
2R	15575596	15575664	Deletion	68
2R	15575596	15575676	Deletion	80
2R	15575596	15575671	Deletion	75
2R	15575596	15575701	Deletion	105
2R	15575596	15575649	Deletion	53
2R	15587350	15587473	Deletion	123
2R	15587377	15587473	Deletion	96
2R	15587399	15587473	Deletion	74
2R	15587443	15587473	Deletion	30
2R	15589936	15587473	Deletion	2463
2R	15589936	15589966	Deletion	30
2R	15589936	15590045	Deletion	109
2R	15589936	15589988	Deletion	52
2R	15589936	15590042	Deletion	106
2R	15589936	15590054	Deletion	118
2R	15590370	15590464	Deletion	94
2R	15590399	15590464	Deletion	65
2R	15590414	15590464	Deletion	50
2R	15590415	15590464	Deletion	49
2R	15590430	15590464	Deletion	34
2R	15590768	15590464	Deletion	304
2R	15590768	15590825	Deletion	57
2R	15590770	15590800	Deletion	30
2R	15590780	15590825	Deletion	45
2R	15598775	15590825	Deletion	7950
2R	15598775	15598846	Deletion	71
2R	15598775	15598810	Deletion	35
2R	15598775	15598895	Deletion	120
2R	15599471	15599558	Deletion	87
2R	15599477	15599558	Deletion	81
2R	15599501	15599558	Deletion	57
2R	15599504	15599558	Deletion	54
2R	15614084	15599558	Deletion	14526
2R	15614084	15614123	Deletion	39
2R	15614084	15614153	Deletion	69
2R	15614084	15614208	Deletion	124
2R	15614084	15614156	Deletion	72
2R	15614084	15614205	Deletion	121
2R	15627006	15627098	Deletion	92
2R	15627034	15627093	Deletion	59
2R	15627040	15627098	Deletion	58
2R	15627047	15627098	Deletion	51
2R	15627264	15627098	Deletion	166
2R	15627264	15627299	Deletion	35
2R	15627264	15627340	Deletion	76
2R	15627264	15627327	Deletion	63
2R	15627264	15627333	Deletion	69
2R	15645349	15645451	Deletion	102
2R	15645367	15645451	Deletion	84
2R	15645387	15645451	Deletion	64
2R	15645400	15645451	Deletion	51
2R	15652528	15645451	Deletion	7077
2R	15652528	15652573	Deletion	45
2R	15652528	15652628	Deletion	100
2R	15654011	15654102	Deletion	91
2R	15654034	15654102	Deletion	68
2R	15658240	15654102	Deletion	4138
2R	15658240	15658276	Deletion	36
2R	15658240	15658345	Deletion	105
2R	15658240	15658359	Deletion	119
2R	15660697	15660789	Deletion	92
2R	15660721	15660789	Deletion	68
2R	15662743	15660789	Deletion	1954
2R	15662743	15662777	Deletion	34
2R	15662743	15662801	Deletion	58
2R	15662743	15662862	Deletion	119
2R	15675461	15675532	Deletion	71
2R	15675466	15675532	Deletion	66
2R	15675487	15675532	Deletion	45
2R	15676423	15675532	Deletion	891
2R	15676423	15676542	Deletion	119
2R	15676423	15676457	Deletion	34
2R	15676423	15676487	Deletion	64
2R	15686914	15686978	Deletion	64
2R	15686917	15686978	Deletion	61
2R	15686939	15686978	Deletion	39
2R	15687177	15686978	Deletion	199
2R	15687177	15687213	Deletion	36
2R	15687177	15687239	Deletion	62
2R	15687177	15687264	Deletion	87
2R	15687177	15687242	Deletion	65
2R	15709287	15709338	Deletion	51
2R	15711185	15709338	Deletion	1847
2R	15711185	15711300	Deletion	115
2R	15711185	15711285	Deletion	100
2R	15715098	15715215	Deletion	117
2R	15715110	15715215	Deletion	105
2R	15715130	15715215	Deletion	85
2R	15715182	15715215	Deletion	33
2R	15725756	15715215	Deletion	10541
2R	15725756	15725851	Deletion	95
2R	15728803	15728884	Deletion	81
2R	15728842	15728884	Deletion	42
2R	15728844	15728884	Deletion	40
2R	15728852	15728884	Deletion	32
2R	15743011	15728884	Deletion	14127
2R	15743011	15743097	Deletion	86
2R	15743011	15743042	Deletion	31
2R	15743011	15743134	Deletion	123
2R	15743011	15743109	Deletion	98
2R	15743011	15743106	Deletion	95
2R	15743011	15743095	Deletion	84
2R	15755588	15755696	Deletion	108
2R	15755589	15755696	Deletion	107
2R	15755595	15755696	Deletion	101
2R	15755608	15755696	Deletion	88
2R	15755620	15755696	Deletion	76
2R	15755621	15755696	Deletion	75
2R	15755633	15755696	Deletion	63
2R	15755659	15755692	Deletion	33
2R	15755979	15755696	Deletion	283
2R	15755979	15756030	Deletion	51
2R	15755979	15756068	Deletion	89
2R	15755979	15756100	Deletion	121
2R	15755979	15756029	Deletion	50
2R	15755979	15756077	Deletion	98
2R	15755979	15756017	Deletion	38
2R	15755979	15756088	Deletion	109
2R	15756418	15756513	Deletion	95
2R	15756455	15756513	Deletion	58
2R	15756471	15756513	Deletion	42
2R	15756476	15756513	Deletion	37
2R	15758101	15756511	Deletion	1590
2R	15758101	15758218	Deletion	117
2R	15758101	15758190	Deletion	89
2R	15758101	15758215	Deletion	114
2R	15758101	15758169	Deletion	68
2R	15758101	15758132	Deletion	31
2R	15775200	15775293	Deletion	93
2R	15775209	15775293	Deletion	84
2R	15775225	15775293	Deletion	68
2R	15785355	15775293	Deletion	10062
2R	15785355	15785475	Deletion	120
2R	15785355	15785413	Deletion	58
2R	15785355	15785397	Deletion	42
2R	15785355	15785388	Deletion	33
2R	15792637	15792746	Deletion	109
2R	15792638	15792746	Deletion	108
2R	15792651	15792746	Deletion	95
2R	15792652	15792746	Deletion	94
2R	15792660	15792746	Deletion	86
2R	15792685	15792746	Deletion	61
2R	15792698	15792746	Deletion	48
2R	15792705	15792746	Deletion	41
2R	15793697	15792746	Deletion	951
2R	15793697	15793763	Deletion	66
2R	15793697	15793730	Deletion	33
2R	15793697	15793797	Deletion	100
2R	15793697	15793808	Deletion	111
2R	15793697	15793783	Deletion	86
2R	15793697	15793809	Deletion	112
2R	15793697	15793729	Deletion	32
2R	15793697	15793776	Deletion	79
2R	15807197	15807238	Deletion	41
2R	15811059	15807238	Deletion	3821
2R	15811059	15811158	Deletion	99
2R	15813689	15813773	Deletion	84
2R	15813715	15813773	Deletion	58
2R	15813731	15813773	Deletion	42
2R	15814698	15813773	Deletion	925
2R	15814698	15814767	Deletion	69
2R	15814698	15814815	Deletion	117
2R	15814698	15814741	Deletion	43
2R	15814698	15814807	Deletion	109
2R	15829304	15829421	Deletion	117
2R	15829309	15829421	Deletion	112
2R	15829315	15829421	Deletion	106
2R	15829332	15829421	Deletion	89
2R	15829532	15829421	Deletion	111
2R	15829532	15829656	Deletion	124
2R	15829532	15829643	Deletion	111
2R	15829532	15829571	Deletion	39
2R	15834091	15834167	Deletion	76
2R	15834098	15834167	Deletion	69
2R	15834113	15834167	Deletion	54
2R	15834116	15834167	Deletion	51
2R	15834132	15834167	Deletion	35
2R	15840508	15834167	Deletion	6341
2R	15840508	15840611	Deletion	103
2R	15840508	15840581	Deletion	73
2R	15840508	15840584	Deletion	76
2R	15840508	15840566	Deletion	58
2R	15840508	15840600	Deletion	92
2R	15840508	15840625	Deletion	117
2R	15853570	15853635	Deletion	65
2R	15853599	15853635	Deletion	36
2R	15853600	15853635	Deletion	35
2R	15855209	15853635	Deletion	1574
2R	15855209	15855322	Deletion	113
2R	15855209	15855301	Deletion	92
2R	15855209	15855313	Deletion	104
2R	15855209	15855300	Deletion	91
2R	15855209	15855271	Deletion	62
2R	15858977	15859086	Deletion	109
2R	15859039	15859086	Deletion	47
2R	15859206	15859086	Deletion	120
2R	15859206	15859320	Deletion	114
2R	15859206	15859324	Deletion	118
2R	15877147	15877201	Deletion	54
2R	15877168	15877201	Deletion	33
2R	15877262	15877201	Deletion	61
2R	15877262	15877376	Deletion	114
2R	15877262	15877356	Deletion	94
2R	15877262	15877373	Deletion	111
2R	15883469	15883552	Deletion	83
2R	15883510	15883552	Deletion	42
2R	15891621	15891664	Deletion	43
2R	15907196	15907297	Deletion	101
2R	15907233	15907297	Deletion	64
2R	15908361	15907297	Deletion	1064
2R	15908361	15908423	Deletion	62
2R	15908361	15908473	Deletion	112
2R	15912307	15912405	Deletion	98
2R	15912325	15912405	Deletion	80
2R	15912327	15912405	Deletion	78
2R	15912357	15912405	Deletion	48
2R	15912361	15912405	Deletion	44
2R	15913153	15912405	Deletion	748
2R	15913153	15913201	Deletion	48
2R	15913153	15913235	Deletion	82
2R	15913153	15913261	Deletion	108
2R	15913153	15913231	Deletion	78
2R	15913153	15913260	Deletion	107
2R	15924054	15924162	Deletion	108
2R	15924090	15924162	Deletion	72
2R	15924105	15924162	Deletion	57
2R	15924110	15924162	Deletion	52
2R	15924437	15924162	Deletion	275
2R	15924437	15924511	Deletion	74
2R	15924437	15924506	Deletion	69
2R	15927520	15927628	Deletion	108
2R	15927557	15927628	Deletion	71
2R	15927565	15927628	Deletion	63
2R	15927589	15927628	Deletion	39
2R	15940616	15927628	Deletion	12988
2R	15940616	15940703	Deletion	87
2R	15940616	15940679	Deletion	63
2R	15940616	15940671	Deletion	55
2R	15972769	15972861	Deletion	92
2R	15985189	15985268	Deletion	79
2R	15985221	15985268	Deletion	47
2R	15985225	15985268	Deletion	43
2R	15989273	15985268	Deletion	4005
2R	15989273	15989356	Deletion	83
2R	15989273	15989352	Deletion	79
2R	16057529	16057588	Deletion	59
2R	16057533	16057588	Deletion	55
2R	16057546	16057588	Deletion	42
2R	16057708	16057588	Deletion	120
2R	16057708	16057823	Deletion	115
2R	16057708	16057742	Deletion	34
2R	16057708	16057829	Deletion	121
2R	16057708	16057792	Deletion	84
2R	16057708	16057779	Deletion	71
2R	16078578	16078689	Deletion	111
2R	16078589	16078689	Deletion	100
2R	16078604	16078689	Deletion	85
2R	16078639	16078689	Deletion	50
2R	16078653	16078689	Deletion	36
2R	16083370	16078689	Deletion	4681
2R	16083370	16083479	Deletion	109
2R	16083370	16083461	Deletion	91
2R	16083370	16083447	Deletion	77
2R	16088043	16087229	Deletion	814
2R	16088043	16088150	Deletion	107
2R	16091814	16091858	Deletion	44
2R	16091827	16091858	Deletion	31
2R	16091828	16091858	Deletion	30
2R	16100225	16091858	Deletion	8367
2R	16100225	16100308	Deletion	83
2R	16100225	16100322	Deletion	97
2R	16100225	16100306	Deletion	81
2R	16119079	16119144	Deletion	65
2R	16119085	16119144	Deletion	59
2R	16119867	16119144	Deletion	723
2R	16119867	16119980	Deletion	113
2R	16119867	16119935	Deletion	68
2R	16119867	16119983	Deletion	116
2R	16121472	16121584	Deletion	112
2R	16121475	16121584	Deletion	109
2R	16121480	16121584	Deletion	104
2R	16121486	16121584	Deletion	98
2R	16121501	16121584	Deletion	83
2R	16122485	16121584	Deletion	901
2R	16122485	16122609	Deletion	124
2R	16132820	16132866	Deletion	46
2R	16132943	16132866	Deletion	77
2R	16132943	16133023	Deletion	80
2R	16133118	16133212	Deletion	94
2R	16133140	16133212	Deletion	72
2R	16136556	16133212	Deletion	3344
2R	16136556	16136610	Deletion	54
2R	16136556	16136670	Deletion	114
2R	16136556	16136654	Deletion	98
2R	16136556	16136662	Deletion	106
2R	16138652	16138694	Deletion	42
2R	16138656	16138694	Deletion	38
2R	16138661	16138694	Deletion	33
2R	16138662	16138694	Deletion	32
2R	16141234	16138694	Deletion	2540
2R	16141234	16141312	Deletion	78
2R	16141234	16141318	Deletion	84
2R	16141234	16141345	Deletion	111
2R	16141234	16141328	Deletion	94
2R	16141234	16141322	Deletion	88
2R	16141234	16141354	Deletion	120
2R	16141234	16141326	Deletion	92
2R	16141234	16141352	Deletion	118
2R	16154726	16154803	Deletion	77
2R	16154731	16154803	Deletion	72
2R	16154765	16154803	Deletion	38
2R	16154768	16154803	Deletion	35
2R	16156101	16154803	Deletion	1298
2R	16156101	16156158	Deletion	57
2R	16156101	16156205	Deletion	104
2R	16156101	16156195	Deletion	94
2R	16156101	16156153	Deletion	52
2R	16156101	16156133	Deletion	32
2R	16156101	16156208	Deletion	107
2R	16156102	16156192	Deletion	90
2R	16160820	16160858	Deletion	38
2R	16160821	16160858	Deletion	37
2R	16178432	16160858	Deletion	17574
2R	16178432	16178551	Deletion	119
2R	16178432	16178520	Deletion	88
2R	16178432	16178521	Deletion	89
2R	16183618	16183736	Deletion	118
2R	16183628	16183736	Deletion	108
2R	16183633	16183736	Deletion	103
2R	16183656	16183736	Deletion	80
2R	16183705	16183736	Deletion	31
2R	16183972	16183736	Deletion	236
2R	16183972	16184096	Deletion	124
2R	16183972	16184087	Deletion	115
2R	16183972	16184091	Deletion	119
2R	16183972	16184019	Deletion	47
2R	16191485	16191573	Deletion	88
2R	16191543	16191573	Deletion	30
2R	16192014	16191573	Deletion	441
2R	16192014	16192052	Deletion	38
2R	16192014	16192047	Deletion	33
2R	16201424	16201528	Deletion	104
2R	16201476	16201528	Deletion	52
2R	16201497	16201528	Deletion	31
2R	16202124	16201528	Deletion	596
2R	16202124	16202219	Deletion	95
2R	16202124	16202198	Deletion	74
2R	16203730	16203829	Deletion	99
2R	16203761	16203829	Deletion	68
2R	16206632	16203829	Deletion	2803
2R	16206632	16206754	Deletion	122
2R	16212584	16212669	Deletion	85
2R	16212593	16212669	Deletion	76
2R	16212606	16212669	Deletion	63
2R	16212609	16212669	Deletion	60
2R	16212623	16212669	Deletion	46
2R	16212635	16212669	Deletion	34
2R	16216634	16212669	Deletion	3965
2R	16216634	16216745	Deletion	111
2R	16216634	16216697	Deletion	63
2R	16216634	16216684	Deletion	50
2R	16216634	16216714	Deletion	80
2R	16216634	16216675	Deletion	41
2R	16216634	16216758	Deletion	124
2R	16216634	16216671	Deletion	37
2R	16216634	16216726	Deletion	92
2R	16216634	16216751	Deletion	117
2R	16216634	16216700	Deletion	66
2R	16217259	16217321	Deletion	62
2R	16217269	16217321	Deletion	52
2R	16217285	16217321	Deletion	36
2R	16217288	16217321	Deletion	33
2R	16217290	16217321	Deletion	31
2R	16217291	16217321	Deletion	30
2R	16227086	16227199	Deletion	113
2R	16227086	16227179	Deletion	93
2R	16227086	16227176	Deletion	90
2R	16227086	16227201	Deletion	115
2R	16227086	16227150	Deletion	64
2R	16227086	16227160	Deletion	74
2R	16227086	16227181	Deletion	95
2R	16231691	16231770	Deletion	79
2R	16231697	16231770	Deletion	73
2R	16232466	16231770	Deletion	696
2R	16232466	16232519	Deletion	53
2R	16237012	16237056	Deletion	44
2R	16237022	16237056	Deletion	34
2R	16242485	16242604	Deletion	119
2R	16242485	16242577	Deletion	92
2R	16242485	16242590	Deletion	105
2R	16242485	16242567	Deletion	82
2R	16249124	16249208	Deletion	84
2R	16249130	16249208	Deletion	78
2R	16249131	16249208	Deletion	77
2R	16249163	16249208	Deletion	45
2R	16249167	16249208	Deletion	41
2R	16255883	16249208	Deletion	6675
2R	16255883	16255933	Deletion	50
2R	16255883	16255965	Deletion	82
2R	16255883	16255969	Deletion	86
2R	16255883	16255926	Deletion	43
2R	16260496	16260614	Deletion	118
2R	16260499	16260614	Deletion	115
2R	16260506	16260614	Deletion	108
2R	16260514	16260614	Deletion	100
2R	16260523	16260614	Deletion	91
2R	16260527	16260614	Deletion	87
2R	16260561	16260614	Deletion	53
2R	16260565	16260614	Deletion	49
2R	16261423	16260614	Deletion	809
2R	16261423	16261459	Deletion	36
2R	16261423	16261501	Deletion	78
2R	16261423	16261528	Deletion	105
2R	16261423	16261497	Deletion	74
2R	16261423	16261463	Deletion	40
2R	16263304	16263341	Deletion	37
2R	16263309	16263341	Deletion	32
2R	16264382	16263341	Deletion	1041
2R	16264382	16264471	Deletion	89
2R	16264382	16264476	Deletion	94
2R	16283576	16283685	Deletion	109
2R	16301160	16301239	Deletion	79
2R	16301168	16301239	Deletion	71
2R	16301178	16301239	Deletion	61
2R	16301194	16301239	Deletion	45
2R	16301204	16301239	Deletion	35
2R	16312587	16312680	Deletion	93
2R	16312587	16312644	Deletion	57
2R	16312587	16312709	Deletion	122
2R	16312587	16312636	Deletion	49
2R	16312587	16312704	Deletion	117
2R	16312587	16312699	Deletion	112
2R	16312587	16312701	Deletion	114
2R	16312587	16312670	Deletion	83
2R	16312587	16312654	Deletion	67
2R	16312587	16312695	Deletion	108
2R	16313664	16313771	Deletion	107
2R	16313669	16313771	Deletion	102
2R	16313693	16313771	Deletion	78
2R	16313702	16313771	Deletion	69
2R	16313712	16313771	Deletion	59
2R	16313729	16313771	Deletion	42
2R	16316171	16313771	Deletion	2400
2R	16316171	16316291	Deletion	120
2R	16316171	16316239	Deletion	68
2R	16316171	16316229	Deletion	58
2R	16316171	16316256	Deletion	85
2R	16321624	16321731	Deletion	107
2R	16321637	16321731	Deletion	94
2R	16321660	16321731	Deletion	71
2R	16321661	16321731	Deletion	70
2R	16321677	16321731	Deletion	54
2R	16321682	16321731	Deletion	49
2R	16321692	16321731	Deletion	39
2R	16321694	16321731	Deletion	37
2R	16323515	16321731	Deletion	1784
2R	16323515	16323571	Deletion	56
2R	16323515	16323592	Deletion	77
2R	16323515	16323587	Deletion	72
2R	16323515	16323604	Deletion	89
2R	16323515	16323622	Deletion	107
2R	16323515	16323602	Deletion	87
2R	16323515	16323638	Deletion	123
2R	16323515	16323547	Deletion	32
2R	16324815	16324881	Deletion	66
2R	16329609	16324881	Deletion	4728
2R	16329609	16329731	Deletion	122
2R	16334965	16335042	Deletion	77
2R	16334978	16335042	Deletion	64
2R	16334997	16335042	Deletion	45
2R	16335000	16335042	Deletion	42
2R	16347997	16335042	Deletion	12955
2R	16347997	16348059	Deletion	62
2R	16347997	16348102	Deletion	105
2R	16347997	16348046	Deletion	49
2R	16347997	16348081	Deletion	84
2R	16347997	16348103	Deletion	106
2R	16353275	16353381	Deletion	106
2R	16353349	16353381	Deletion	32
2R	16354970	16353381	Deletion	1589
2R	16354970	16355065	Deletion	95
2R	16369062	16369169	Deletion	107
2R	16369064	16369169	Deletion	105
2R	16369066	16369169	Deletion	103
2R	16369112	16369169	Deletion	57
2R	16369113	16369169	Deletion	56
2R	16369117	16369169	Deletion	52
2R	16369119	16369169	Deletion	50
2R	16370896	16369169	Deletion	1727
2R	16370896	16370966	Deletion	70
2R	16370896	16370967	Deletion	71
2R	16370896	16370971	Deletion	75
2R	16383007	16383037	Deletion	30
2R	16386717	16383037	Deletion	3680
2R	16386717	16386823	Deletion	106
2R	16386717	16386835	Deletion	118
2R	16386717	16386790	Deletion	73
2R	16389851	16389942	Deletion	91
2R	16389900	16389942	Deletion	42
2R	16390748	16389942	Deletion	806
2R	16390748	16390783	Deletion	35
2R	16391204	16391306	Deletion	102
2R	16391208	16391306	Deletion	98
2R	16391223	16391306	Deletion	83
2R	16391237	16391306	Deletion	69
2R	16391253	16391306	Deletion	53
2R	16391267	16391306	Deletion	39
2R	16403098	16391306	Deletion	11792
2R	16403098	16403141	Deletion	43
2R	16403098	16403217	Deletion	119
2R	16403098	16403197	Deletion	99
2R	16403098	16403171	Deletion	73
2R	16403098	16403155	Deletion	57
2R	16404845	16404955	Deletion	110
2R	16404852	16404955	Deletion	103
2R	16404880	16404955	Deletion	75
2R	16404895	16404955	Deletion	60
2R	16404901	16404955	Deletion	54
2R	16404918	16404955	Deletion	37
2R	16407279	16404955	Deletion	2324
2R	16407279	16407352	Deletion	73
2R	16407279	16407346	Deletion	67
2R	16407279	16407331	Deletion	52
2R	16407279	16407386	Deletion	107
2R	16407279	16407391	Deletion	112
2R	16414149	16414258	Deletion	109
2R	16414185	16414256	Deletion	71
2R	16414193	16414258	Deletion	65
2R	16417317	16414258	Deletion	3059
2R	16417317	16417437	Deletion	120
2R	16417317	16417378	Deletion	61
2R	16417317	16417370	Deletion	53
2R	16417319	16417433	Deletion	114
2R	16423913	16424007	Deletion	94
2R	16423930	16424007	Deletion	77
2R	16423970	16424007	Deletion	37
2R	16424765	16424007	Deletion	758
2R	16424765	16424867	Deletion	102
2R	16424765	16424863	Deletion	98
2R	16424765	16424882	Deletion	117
2R	16424765	16424814	Deletion	49
2R	16424765	16424797	Deletion	32
2R	16445748	16445825	Deletion	77
2R	16445751	16445825	Deletion	74
2R	16446287	16445825	Deletion	462
2R	16446287	16446406	Deletion	119
2R	16446287	16446336	Deletion	49
2R	16446287	16446339	Deletion	52
2R	16454303	16454399	Deletion	96
2R	16454326	16454399	Deletion	73
2R	16454345	16454399	Deletion	54
2R	16454363	16454399	Deletion	36
2R	16455463	16454399	Deletion	1064
2R	16455463	16455535	Deletion	72
2R	16455463	16455516	Deletion	53
2R	16455463	16455567	Deletion	104
2R	16461784	16461882	Deletion	98
2R	16461835	16461882	Deletion	47
2R	16461843	16461882	Deletion	39
2R	16471602	16461882	Deletion	9720
2R	16471602	16471713	Deletion	111
2R	16471602	16471683	Deletion	81
2R	16471602	16471691	Deletion	89
2R	16471602	16471705	Deletion	103
2R	16479104	16479201	Deletion	97
2R	16479113	16479201	Deletion	88
2R	16479115	16479201	Deletion	86
2R	16479159	16479201	Deletion	42
2R	16479160	16479201	Deletion	41
2R	16479167	16479201	Deletion	34
2R	16479304	16479201	Deletion	103
2R	16479304	16479388	Deletion	84
2R	16479304	16479396	Deletion	92
2R	16479304	16479342	Deletion	38
2R	16479304	16479422	Deletion	118
2R	16479304	16479344	Deletion	40
2R	16479304	16479389	Deletion	85
2R	16531641	16531715	Deletion	74
2R	16531643	16531715	Deletion	72
2R	16531681	16531715	Deletion	34
2R	16549866	16549961	Deletion	95
2R	16549866	16549921	Deletion	55
2R	16556698	16556808	Deletion	110
2R	16556706	16556808	Deletion	102
2R	16556731	16556808	Deletion	77
2R	16556765	16556808	Deletion	43
2R	16557951	16556808	Deletion	1143
2R	16557951	16558072	Deletion	121
2R	16557951	16558034	Deletion	83
2R	16578273	16578388	Deletion	115
2R	16578313	16578388	Deletion	75
2R	16578336	16578388	Deletion	52
2R	16578974	16578388	Deletion	586
2R	16578974	16579049	Deletion	75
2R	16578974	16579086	Deletion	112
2R	16621685	16621802	Deletion	117
2R	16621708	16621802	Deletion	94
2R	16621714	16621802	Deletion	88
2R	16621745	16621802	Deletion	57
2R	16621754	16621802	Deletion	48
2R	16621939	16621802	Deletion	137
2R	16621939	16621972	Deletion	33
2R	16621939	16621978	Deletion	39
2R	16621939	16622018	Deletion	79
2R	16621939	16622048	Deletion	109
2R	16621939	16622010	Deletion	71
2R	16628427	16628535	Deletion	108
2R	16628438	16628535	Deletion	97
2R	16628445	16628535	Deletion	90
2R	16628585	16628535	Deletion	50
2R	16628585	16628698	Deletion	113
2R	16628585	16628696	Deletion	111
2R	16628585	16628670	Deletion	85
2R	16628585	16628707	Deletion	122
2R	16638121	16638206	Deletion	85
2R	16638140	16638206	Deletion	66
2R	16638171	16638206	Deletion	35
2R	16651115	16638206	Deletion	12909
2R	16651115	16651206	Deletion	91
2R	16651115	16651224	Deletion	109
2R	16651115	16651175	Deletion	60
2R	16654741	16654842	Deletion	101
2R	16654759	16654842	Deletion	83
2R	16654796	16654842	Deletion	46
2R	16660738	16654842	Deletion	5896
2R	16660738	16660819	Deletion	81
2R	16687746	16687840	Deletion	94
2R	16687754	16687840	Deletion	86
2R	16687759	16687840	Deletion	81
2R	16687782	16687840	Deletion	58
2R	16687809	16687840	Deletion	31
2R	16688039	16687840	Deletion	199
2R	16688039	16688134	Deletion	95
2R	16688039	16688160	Deletion	121
2R	16688039	16688107	Deletion	68
2R	16688039	16688141	Deletion	102
2R	16688039	16688084	Deletion	45
2R	16688039	16688071	Deletion	32
2R	16710729	16710826	Deletion	97
2R	16711103	16710826	Deletion	277
2R	16711103	16711211	Deletion	108
2R	16719589	16719709	Deletion	120
2R	16719632	16719709	Deletion	77
2R	16719639	16719709	Deletion	70
2R	16719676	16719709	Deletion	33
2R	16721100	16719709	Deletion	1391
2R	16721100	16721195	Deletion	95
2R	16721100	16721158	Deletion	58
2R	16721100	16721151	Deletion	51
2R	16721327	16721439	Deletion	112
2R	16721329	16721439	Deletion	110
2R	16721380	16721439	Deletion	59
2R	16721395	16721439	Deletion	44
2R	16721403	16721439	Deletion	36
2R	16721405	16721439	Deletion	34
2R	16724697	16721439	Deletion	3258
2R	16724697	16724767	Deletion	70
2R	16724697	16724792	Deletion	95
2R	16724697	16724782	Deletion	85
2R	16724697	16724790	Deletion	93
2R	16732359	16732404	Deletion	45
2R	16732369	16732404	Deletion	35
2R	16732757	16732404	Deletion	353
2R	16732757	16732849	Deletion	92
2R	16732757	16732838	Deletion	81
2R	16733058	16733165	Deletion	107
2R	16733083	16733165	Deletion	82
2R	16733112	16733165	Deletion	53
2R	16733127	16733165	Deletion	38
2R	16733132	16733165	Deletion	33
2R	16733481	16733165	Deletion	316
2R	16733481	16733570	Deletion	89
2R	16733481	16733526	Deletion	45
2R	16733485	16733575	Deletion	90
2R	16744900	16745000	Deletion	100
2R	16744928	16745000	Deletion	72
2R	16744948	16745000	Deletion	52
2R	16758959	16745000	Deletion	13959
2R	16758959	16759071	Deletion	112
2R	16758959	16759013	Deletion	54
2R	16764529	16764639	Deletion	110
2R	16764545	16764639	Deletion	94
2R	16764553	16764639	Deletion	86
2R	16764564	16764639	Deletion	75
2R	16764594	16764639	Deletion	45
2R	16769450	16764639	Deletion	4811
2R	16769450	16769531	Deletion	81
2R	16769450	16769490	Deletion	40
2R	16769450	16769560	Deletion	110
2R	16769450	16769561	Deletion	111
2R	16769450	16769552	Deletion	102
2R	16769450	16769501	Deletion	51
2R	16769450	16769482	Deletion	32
2R	16778473	16778543	Deletion	70
2R	16779176	16778543	Deletion	633
2R	16823488	16823572	Deletion	84
2R	16823489	16823572	Deletion	83
2R	16823527	16823572	Deletion	45
2R	16823542	16823572	Deletion	30
2R	16826196	16823572	Deletion	2624
2R	16826196	16826292	Deletion	96
2R	16826196	16826226	Deletion	30
2R	16826196	16826239	Deletion	43
2R	16826196	16826238	Deletion	42
2R	16826196	16826277	Deletion	81
2R	16826196	16826295	Deletion	99
2R	16843013	16843093	Deletion	80
2R	16843021	16843093	Deletion	72
2R	16845966	16843093	Deletion	2873
2R	16845966	16846022	Deletion	56
2R	16845966	16846014	Deletion	48
2R	16847976	16848053	Deletion	77
2R	16851056	16848053	Deletion	3003
2R	16852218	16852328	Deletion	110
2R	16852223	16852328	Deletion	105
2R	16852246	16852328	Deletion	82
2R	16852270	16852328	Deletion	58
2R	16852285	16852328	Deletion	43
2R	16852291	16852328	Deletion	37
2R	16852826	16852328	Deletion	498
2R	16852826	16852936	Deletion	110
2R	16852826	16852871	Deletion	45
2R	16852826	16852916	Deletion	90
2R	16852826	16852895	Deletion	69
2R	16863137	16863241	Deletion	104
2R	16863167	16863241	Deletion	74
2R	16863183	16863241	Deletion	58
2R	16863206	16863241	Deletion	35
2R	16863299	16863241	Deletion	58
2R	16863299	16863367	Deletion	68
2R	16863299	16863390	Deletion	91
2R	16875660	16875756	Deletion	96
2R	16875678	16875756	Deletion	78
2R	16875692	16875756	Deletion	64
2R	16875701	16875756	Deletion	55
2R	16875716	16875756	Deletion	40
2R	16875719	16875756	Deletion	37
2R	16887956	16875756	Deletion	12200
2R	16887956	16888069	Deletion	113
2R	16887956	16887986	Deletion	30
2R	16887956	16888042	Deletion	86
2R	16887956	16888018	Deletion	62
2R	16887956	16888004	Deletion	48
2R	16887956	16888064	Deletion	108
2R	16887956	16888027	Deletion	71
2R	16892717	16892832	Deletion	115
2R	16892735	16892832	Deletion	97
2R	16892769	16892832	Deletion	63
2R	16892781	16892832	Deletion	51
2R	16892795	16892832	Deletion	37
2R	16900635	16892832	Deletion	7803
2R	16900635	16900743	Deletion	108
2R	16900635	16900699	Deletion	64
2R	16900635	16900711	Deletion	76
2R	16900635	16900665	Deletion	30
2R	16900635	16900725	Deletion	90
2R	16920835	16920913	Deletion	78
2R	16920851	16920913	Deletion	62
2R	16923663	16920913	Deletion	2750
2R	16923663	16923728	Deletion	65
2R	16923663	16923782	Deletion	119
2R	16923663	16923712	Deletion	49
2R	16923663	16923765	Deletion	102
2R	16946800	16946876	Deletion	76
2R	16946814	16946876	Deletion	62
2R	16946826	16946876	Deletion	50
2R	16946838	16946876	Deletion	38
2R	16947199	16946876	Deletion	323
2R	16947199	16947288	Deletion	89
2R	16947199	16947250	Deletion	51
2R	16947199	16947276	Deletion	77
2R	16947199	16947264	Deletion	65
2R	16947199	16947248	Deletion	49
2R	16947199	16947317	Deletion	118
2R	16965402	16965487	Deletion	85
2R	16965446	16965487	Deletion	41
2R	16966390	16965487	Deletion	903
2R	16966390	16966428	Deletion	38
2R	16966390	16966475	Deletion	85
2R	16966390	16966431	Deletion	41
2R	16976271	16976381	Deletion	110
2R	16976302	16976381	Deletion	79
2R	16976333	16976381	Deletion	48
2R	16976342	16976381	Deletion	39
2R	16977867	16976381	Deletion	1486
2R	16977867	16977988	Deletion	121
2R	16977867	16977955	Deletion	88
2R	16977867	16977966	Deletion	99
2R	16977867	16977915	Deletion	48
2R	16977867	16977946	Deletion	79
2R	16999805	16999892	Deletion	87
2R	16999820	16999892	Deletion	72
2R	16999855	16999892	Deletion	37
2R	16999858	16999892	Deletion	34
2R	17001057	16999892	Deletion	1165
2R	17001057	17001096	Deletion	39
2R	17001057	17001146	Deletion	89
2R	17001057	17001111	Deletion	54
2R	17001057	17001158	Deletion	101
2R	17006263	17006345	Deletion	82
2R	17016258	17006345	Deletion	9913
2R	17019364	17019473	Deletion	109
2R	17019398	17019473	Deletion	75
2R	17019408	17019473	Deletion	65
2R	17019416	17019473	Deletion	57
2R	17019429	17019473	Deletion	44
2R	17019789	17019473	Deletion	316
2R	17019789	17019872	Deletion	83
2R	17019789	17019851	Deletion	62
2R	17019789	17019859	Deletion	70
2R	17020049	17020114	Deletion	65
2R	17020074	17020114	Deletion	40
2R	17020084	17020114	Deletion	30
2R	17023191	17020114	Deletion	3077
2R	17023191	17023278	Deletion	87
2R	17023191	17023253	Deletion	62
2R	17023191	17023288	Deletion	97
2R	17024460	17024571	Deletion	111
2R	17024472	17024571	Deletion	99
2R	17024479	17024571	Deletion	92
2R	17024480	17024571	Deletion	91
2R	17024499	17024571	Deletion	72
2R	17024502	17024571	Deletion	69
2R	17025605	17024571	Deletion	1034
2R	17025605	17025660	Deletion	55
2R	17025605	17025641	Deletion	36
2R	17025605	17025640	Deletion	35
2R	17025605	17025720	Deletion	115
2R	17026242	17026285	Deletion	43
2R	17026251	17026285	Deletion	34
2R	17026253	17026285	Deletion	32
2R	17031412	17031495	Deletion	83
2R	17031412	17031507	Deletion	95
2R	17031412	17031453	Deletion	41
2R	17090885	17090978	Deletion	93
2R	17090905	17090978	Deletion	73
2R	17093435	17090978	Deletion	2457
2R	17093435	17093488	Deletion	53
2R	17093435	17093558	Deletion	123
2R	17093435	17093468	Deletion	33
2R	17095768	17095861	Deletion	93
2R	17095769	17095861	Deletion	92
2R	17095781	17095861	Deletion	80
2R	17095818	17095861	Deletion	43
2R	17095831	17095861	Deletion	30
2R	17104857	17095861	Deletion	8996
2R	17104857	17104953	Deletion	96
2R	17104857	17104891	Deletion	34
2R	17104857	17104903	Deletion	46
2R	17104857	17104940	Deletion	83
2R	17109399	17109465	Deletion	66
2R	17109407	17109465	Deletion	58
2R	17109434	17109465	Deletion	31
2R	17115240	17109465	Deletion	5775
2R	17115240	17115309	Deletion	69
2R	17115240	17115363	Deletion	123
2R	17115240	17115336	Deletion	96
2R	17115240	17115270	Deletion	30
2R	17137001	17137090	Deletion	89
2R	17137010	17137090	Deletion	80
2R	17137139	17137090	Deletion	49
2R	17137139	17137248	Deletion	109
2R	17137139	17137186	Deletion	47
2R	17137139	17137178	Deletion	39
2R	17137139	17137230	Deletion	91
2R	17138179	17138272	Deletion	93
2R	17138195	17138272	Deletion	77
2R	17138200	17138272	Deletion	72
2R	17139341	17138272	Deletion	1069
2R	17139341	17139449	Deletion	108
2R	17139341	17139462	Deletion	121
2R	17139341	17139395	Deletion	54
2R	17139341	17139390	Deletion	49
2R	17139341	17139460	Deletion	119
2R	17147533	17147595	Deletion	62
2R	17156609	17156678	Deletion	69
2R	17156648	17156678	Deletion	30
2R	17163004	17156678	Deletion	6326
2R	17163004	17163041	Deletion	37
2R	17163004	17163102	Deletion	98
2R	17163004	17163063	Deletion	59
2R	17164347	17164446	Deletion	99
2R	17164362	17164446	Deletion	84
2R	17164366	17164446	Deletion	80
2R	17166504	17164446	Deletion	2058
2R	17166504	17166550	Deletion	46
2R	17166504	17166546	Deletion	42
2R	17188457	17188569	Deletion	112
2R	17188491	17188569	Deletion	78
2R	17188527	17188569	Deletion	42
2R	17188528	17188569	Deletion	41
2R	17201213	17188569	Deletion	12644
2R	17201213	17201298	Deletion	85
2R	17201213	17201261	Deletion	48
2R	17201213	17201322	Deletion	109
2R	17202356	17202420	Deletion	64
2R	17203098	17202420	Deletion	678
2R	17203098	17203161	Deletion	63
2R	17210535	17210620	Deletion	85
2R	17210572	17210620	Deletion	48
2R	17210581	17210620	Deletion	39
2R	17218626	17210620	Deletion	8006
2R	17218626	17218713	Deletion	87
2R	17218626	17218667	Deletion	41
2R	17251571	17251672	Deletion	101
2R	17251596	17251672	Deletion	76
2R	17251611	17251672	Deletion	61
2R	17251629	17251672	Deletion	43
2R	17251635	17251672	Deletion	37
2R	17256230	17251672	Deletion	4558
2R	17256230	17256319	Deletion	89
2R	17256230	17256336	Deletion	106
2R	17256230	17256313	Deletion	83
2R	17256230	17256280	Deletion	50
2R	17256230	17256344	Deletion	114
2R	17256230	17256295	Deletion	65
2R	17262583	17262684	Deletion	101
2R	17262590	17262684	Deletion	94
2R	17262606	17262684	Deletion	78
2R	17262625	17262684	Deletion	59
2R	17263695	17262684	Deletion	1011
2R	17263695	17263727	Deletion	32
2R	17263695	17263762	Deletion	67
2R	17278558	17278627	Deletion	69
2R	17278562	17278627	Deletion	65
2R	17278590	17278627	Deletion	37
2R	17279861	17278627	Deletion	1234
2R	17279861	17279923	Deletion	62
2R	17279861	17279919	Deletion	58
2R	17279861	17279905	Deletion	44
2R	17279861	17279977	Deletion	116
2R	17279861	17279959	Deletion	98
2R	17323557	17323622	Deletion	65
2R	17323574	17323622	Deletion	48
2R	17323584	17323622	Deletion	38
2R	17324181	17323622	Deletion	559
2R	17324181	17324244	Deletion	63
2R	17324181	17324261	Deletion	80
2R	17324181	17324243	Deletion	62
2R	17325768	17325890	Deletion	122
2R	17325768	17325884	Deletion	116
2R	17325768	17325881	Deletion	113
2R	17338176	17338274	Deletion	98
2R	17338180	17338274	Deletion	94
2R	17338181	17338274	Deletion	93
2R	17338194	17338274	Deletion	80
2R	17339898	17338274	Deletion	1624
2R	17339898	17339944	Deletion	46
2R	17339898	17339931	Deletion	33
2R	17344460	17344552	Deletion	92
2R	17344468	17344552	Deletion	84
2R	17344489	17344552	Deletion	63
2R	17344742	17344552	Deletion	190
2R	17344742	17344866	Deletion	124
2R	17344742	17344784	Deletion	42
2R	17344742	17344776	Deletion	34
2R	17357236	17357344	Deletion	108
2R	17357259	17357344	Deletion	85
2R	17357262	17357344	Deletion	82
2R	17357290	17357344	Deletion	54
2R	17357823	17357344	Deletion	479
2R	17357823	17357867	Deletion	44
2R	17357823	17357942	Deletion	119
2R	17357823	17357943	Deletion	120
2R	17357823	17357928	Deletion	105
2R	17357823	17357864	Deletion	41
2R	17385605	17385711	Deletion	106
2R	17385611	17385711	Deletion	100
2R	17385633	17385711	Deletion	78
2R	17385635	17385711	Deletion	76
2R	17385662	17385711	Deletion	49
2R	17385664	17385711	Deletion	47
2R	17386339	17385711	Deletion	628
2R	17386339	17386418	Deletion	79
2R	17386339	17386443	Deletion	104
2R	17386339	17386389	Deletion	50
2R	17386339	17386455	Deletion	116
2R	17386339	17386391	Deletion	52
2R	17386339	17386448	Deletion	109
2R	17460688	17458993	Deletion	1695
2R	17480330	17480436	Deletion	106
2R	17480331	17480436	Deletion	105
2R	17480332	17480436	Deletion	104
2R	17480344	17480436	Deletion	92
2R	17480359	17480436	Deletion	77
2R	17480360	17480436	Deletion	76
2R	17480366	17480436	Deletion	70
2R	17480373	17480436	Deletion	63
2R	17496917	17497027	Deletion	110
2R	17496926	17497027	Deletion	101
2R	17496939	17497027	Deletion	88
2R	17496979	17497027	Deletion	48
2R	17499866	17499975	Deletion	109
2R	17499866	17499944	Deletion	78
2R	17499866	17499904	Deletion	38
2R	17518762	17518860	Deletion	98
2R	17518778	17518860	Deletion	82
2R	17518824	17518860	Deletion	36
2R	17518987	17518860	Deletion	127
2R	17518987	17519031	Deletion	44
2R	17518987	17519082	Deletion	95
2R	17520831	17520931	Deletion	100
2R	17520865	17520931	Deletion	66
2R	17520887	17520931	Deletion	44
2R	17524869	17520931	Deletion	3938
2R	17524869	17524974	Deletion	105
2R	17524869	17524929	Deletion	60
2R	17537548	17537647	Deletion	99
2R	17537565	17537647	Deletion	82
2R	17537566	17537647	Deletion	81
2R	17537588	17537647	Deletion	59
2R	17537589	17537647	Deletion	58
2R	17537600	17537647	Deletion	47
2R	17546971	17537647	Deletion	9324
2R	17546971	17547073	Deletion	102
2R	17546971	17547039	Deletion	68
2R	17546971	17547081	Deletion	110
2R	17546971	17547040	Deletion	69
2R	17546971	17547069	Deletion	98
2R	17546971	17547016	Deletion	45
2R	17546971	17547051	Deletion	80
2R	17565755	17565860	Deletion	105
2R	17565774	17565860	Deletion	86
2R	17565813	17565860	Deletion	47
2R	17568329	17565860	Deletion	2469
2R	17568329	17568369	Deletion	40
2R	17568330	17568408	Deletion	78
2R	17647119	17647241	Deletion	122
2R	17647153	17647241	Deletion	88
2R	17647177	17647241	Deletion	64
2R	17647194	17647241	Deletion	47
2R	17647199	17647241	Deletion	42
2R	17650681	17647241	Deletion	3440
2R	17650681	17650803	Deletion	122
2R	17650681	17650782	Deletion	101
2R	17650681	17650746	Deletion	65
2R	17650681	17650763	Deletion	82
2R	17650681	17650768	Deletion	87
2R	17650681	17650784	Deletion	103
2R	17652620	17652704	Deletion	84
2R	17652622	17652704	Deletion	82
2R	17652632	17652704	Deletion	72
2R	17652646	17652704	Deletion	58
2R	17652649	17652704	Deletion	55
2R	17652672	17652704	Deletion	32
2R	17657262	17652704	Deletion	4558
2R	17657262	17657331	Deletion	69
2R	17657262	17657334	Deletion	72
2R	17657262	17657357	Deletion	95
2R	17657262	17657362	Deletion	100
2R	17657262	17657317	Deletion	55
2R	17657262	17657307	Deletion	45
2R	17682036	17682141	Deletion	105
2R	17682046	17682141	Deletion	95
2R	17682056	17682141	Deletion	85
2R	17682074	17682141	Deletion	67
2R	17682094	17682141	Deletion	47
2R	17686045	17682141	Deletion	3904
2R	17686045	17686105	Deletion	60
2R	17686045	17686169	Deletion	124
2R	17686045	17686151	Deletion	106
2R	17686045	17686077	Deletion	32
2R	17686045	17686087	Deletion	42
2R	17687153	17687205	Deletion	52
2R	17690191	17687205	Deletion	2986
2R	17690191	17690303	Deletion	112
2R	17690191	17690254	Deletion	63
2R	17690191	17690299	Deletion	108
2R	17692265	17692360	Deletion	95
2R	17692268	17692360	Deletion	92
2R	17692275	17692360	Deletion	85
2R	17692733	17692360	Deletion	373
2R	17692733	17692840	Deletion	107
2R	17692733	17692764	Deletion	31
2R	17692733	17692846	Deletion	113
2R	17692733	17692767	Deletion	34
2R	17692733	17692848	Deletion	115
2R	17694764	17694851	Deletion	87
2R	17694773	17694851	Deletion	78
2R	17694777	17694851	Deletion	74
2R	17694799	17694851	Deletion	52
2R	17700806	17694851	Deletion	5955
2R	17700806	17700923	Deletion	117
2R	17700806	17700845	Deletion	39
2R	17700806	17700880	Deletion	74
2R	17700806	17700841	Deletion	35
2R	17700806	17700854	Deletion	48
2R	17701393	17701482	Deletion	89
2R	17701433	17701482	Deletion	49
2R	17701450	17701482	Deletion	32
2R	17701451	17701482	Deletion	31
2R	17703701	17701482	Deletion	2219
2R	17703701	17703797	Deletion	96
2R	17703701	17703780	Deletion	79
2R	17703701	17703735	Deletion	34
2R	17703701	17703798	Deletion	97
2R	17703701	17703740	Deletion	39
2R	17765335	17765438	Deletion	103
2R	17765349	17765438	Deletion	89
2R	17765360	17765438	Deletion	78
2R	17765382	17765438	Deletion	56
2R	17765385	17765438	Deletion	53
2R	17765406	17765438	Deletion	32
2R	17765408	17765438	Deletion	30
2R	17772090	17765438	Deletion	6652
2R	17772090	17772163	Deletion	73
2R	17772090	17772138	Deletion	48
2R	17772090	17772160	Deletion	70
2R	17772090	17772184	Deletion	94
2R	17772090	17772186	Deletion	96
2R	17772090	17772127	Deletion	37
2R	17778191	17778276	Deletion	85
2R	17778199	17778276	Deletion	77
2R	17778200	17778276	Deletion	76
2R	17778209	17778276	Deletion	67
2R	17778211	17778276	Deletion	65
2R	17778245	17778276	Deletion	31
2R	17793744	17793851	Deletion	107
2R	17793744	17793782	Deletion	38
2R	17794084	17794188	Deletion	104
2R	17794132	17794188	Deletion	56
2R	17803035	17803134	Deletion	99
2R	17803035	17803141	Deletion	106
2R	17809558	17809662	Deletion	104
2R	17809566	17809662	Deletion	96
2R	17809572	17809662	Deletion	90
2R	17809584	17809662	Deletion	78
2R	17809592	17809662	Deletion	70
2R	17809600	17809662	Deletion	62
2R	17810930	17809662	Deletion	1268
2R	17810930	17810986	Deletion	56
2R	17810930	17810994	Deletion	64
2R	17810930	17810960	Deletion	30
2R	17810930	17811054	Deletion	124
2R	17810930	17810966	Deletion	36
2R	17810930	17810978	Deletion	48
2R	17813547	17813638	Deletion	91
2R	17813604	17813638	Deletion	34
2R	17815983	17813638	Deletion	2345
2R	17815983	17816077	Deletion	94
2R	17828553	17828655	Deletion	102
2R	17828560	17828655	Deletion	95
2R	17828590	17828655	Deletion	65
2R	17828594	17828655	Deletion	61
2R	17830003	17828655	Deletion	1348
2R	17830003	17830034	Deletion	31
2R	17830003	17830064	Deletion	61
2R	17830003	17830107	Deletion	104
2R	17866441	17866538	Deletion	97
2R	17866462	17866538	Deletion	76
2R	17866479	17866538	Deletion	59
2R	17866492	17866538	Deletion	46
2R	17866498	17866538	Deletion	40
2R	17869366	17866538	Deletion	2828
2R	17869366	17869433	Deletion	67
2R	17869366	17869416	Deletion	50
2R	17869366	17869446	Deletion	80
2R	17869366	17869452	Deletion	86
2R	17870872	17870959	Deletion	87
2R	17870898	17870959	Deletion	61
2R	17870921	17870959	Deletion	38
2R	17877511	17870959	Deletion	6552
2R	17877511	17877610	Deletion	99
2R	17877511	17877599	Deletion	88
2R	17877511	17877576	Deletion	65
2R	17888796	17888913	Deletion	117
2R	17888813	17888913	Deletion	100
2R	17888822	17888913	Deletion	91
2R	17888856	17888913	Deletion	57
2R	17888863	17888913	Deletion	50
2R	17888867	17888913	Deletion	46
2R	17888875	17888913	Deletion	38
2R	17890111	17888913	Deletion	1198
2R	17890111	17890191	Deletion	80
2R	17890111	17890180	Deletion	69
2R	17890111	17890199	Deletion	88
2R	17890111	17890187	Deletion	76
2R	17902357	17902399	Deletion	42
2R	17902365	17902399	Deletion	34
2R	17910578	17902399	Deletion	8179
2R	17910578	17910671	Deletion	93
2R	17910578	17910620	Deletion	42
2R	17910578	17910679	Deletion	101
2R	17927919	17927970	Deletion	51
2R	17927927	17927970	Deletion	43
2R	17927930	17927970	Deletion	40
2R	17940037	17927970	Deletion	12067
2R	17940037	17940122	Deletion	85
2R	17940037	17940114	Deletion	77
2R	17940037	17940125	Deletion	88
2R	17950678	17950734	Deletion	56
2R	17950694	17950734	Deletion	40
2R	17956019	17950734	Deletion	5285
2R	17956019	17956134	Deletion	115
2R	17956019	17956130	Deletion	111
2R	17956019	17956089	Deletion	70
2R	17956019	17956142	Deletion	123
2R	17956019	17956117	Deletion	98
2R	17956019	17956105	Deletion	86
2R	17965837	17965920	Deletion	83
2R	17965851	17965920	Deletion	69
2R	17966061	17965920	Deletion	141
2R	17966061	17966118	Deletion	57
2R	17966061	17966104	Deletion	43
2R	17967268	17967382	Deletion	114
2R	17967270	17967382	Deletion	112
2R	17967273	17967382	Deletion	109
2R	17967283	17967382	Deletion	99
2R	17967289	17967382	Deletion	93
2R	17967451	17967382	Deletion	69
2R	17976283	17976391	Deletion	108
2R	17976314	17976391	Deletion	77
2R	17976319	17976391	Deletion	72
2R	17976349	17976391	Deletion	42
2R	17976624	17976391	Deletion	233
2R	17976624	17976679	Deletion	55
2R	17976624	17976674	Deletion	50
2R	17976671	17976709	Deletion	38
2R	17976674	17976754	Deletion	80
2R	17976705	17976754	Deletion	49
2R	17976719	17976754	Deletion	35
2R	17976814	17976754	Deletion	60
2R	17976814	17976891	Deletion	77
2R	17976814	17976857	Deletion	43
2R	17976814	17976905	Deletion	91
2R	17976814	17976936	Deletion	122
2R	17995975	17996083	Deletion	108
2R	17995992	17996083	Deletion	91
2R	17996051	17996083	Deletion	32
2R	17997277	17996083	Deletion	1194
2R	17997277	17997312	Deletion	35
2R	17997277	17997371	Deletion	94
2R	18028434	18028517	Deletion	83
2R	18028456	18028517	Deletion	61
2R	18028459	18028517	Deletion	58
2R	18028466	18028517	Deletion	51
2R	18028469	18028517	Deletion	48
2R	18028585	18028517	Deletion	68
2R	18028585	18028706	Deletion	121
2R	18028585	18028628	Deletion	43
2R	18028585	18028650	Deletion	65
2R	18028585	18028653	Deletion	68
2R	18028585	18028660	Deletion	75
2R	18031223	18031317	Deletion	94
2R	18031236	18031317	Deletion	81
2R	18031244	18031317	Deletion	73
2R	18031245	18031317	Deletion	72
2R	18031794	18031317	Deletion	477
2R	18031794	18031826	Deletion	32
2R	18031794	18031847	Deletion	53
2R	18031794	18031839	Deletion	45
2R	18036484	18036576	Deletion	92
2R	18036500	18036576	Deletion	76
2R	18036520	18036576	Deletion	56
2R	18036521	18036576	Deletion	55
2R	18036527	18036576	Deletion	49
2R	18036528	18036576	Deletion	48
2R	18040550	18036576	Deletion	3974
2R	18040550	18040600	Deletion	50
2R	18040550	18040627	Deletion	77
2R	18040550	18040620	Deletion	70
2R	18040550	18040621	Deletion	71
2R	18040550	18040652	Deletion	102
2R	18040550	18040584	Deletion	34
2R	18048999	18049081	Deletion	82
2R	18049003	18049081	Deletion	78
2R	18049021	18049081	Deletion	60
2R	18049036	18049081	Deletion	45
2R	18049037	18049081	Deletion	44
2R	18049038	18049081	Deletion	43
2R	18049344	18049081	Deletion	263
2R	18049344	18049459	Deletion	115
2R	18049344	18049391	Deletion	47
2R	18049344	18049413	Deletion	69
2R	18049344	18049430	Deletion	86
2R	18049344	18049428	Deletion	84
2R	18049344	18049429	Deletion	85
2R	18081099	18081220	Deletion	121
2R	18081099	18081202	Deletion	103
2R	18081099	18081166	Deletion	67
2R	18083242	18083325	Deletion	83
2R	18083375	18083421	Deletion	46
2R	18083375	18083477	Deletion	102
2R	18083375	18083419	Deletion	44
2R	18086165	18086203	Deletion	38
2R	18086643	18086203	Deletion	440
2R	18086643	18086735	Deletion	92
2R	18086643	18086759	Deletion	116
2R	18086643	18086746	Deletion	103
2R	18086643	18086764	Deletion	121
2R	18086643	18086757	Deletion	114
2R	18088044	18088147	Deletion	103
2R	18094824	18094937	Deletion	113
2R	18094882	18094937	Deletion	55
2R	18105915	18094937	Deletion	10978
2R	18105915	18106023	Deletion	108
2R	18120027	18120113	Deletion	86
2R	18120043	18120113	Deletion	70
2R	18122693	18120113	Deletion	2580
2R	18122693	18122810	Deletion	117
2R	18122693	18122749	Deletion	56
2R	18128975	18129071	Deletion	96
2R	18128984	18129071	Deletion	87
2R	18128985	18129071	Deletion	86
2R	18129006	18129071	Deletion	65
2R	18129018	18129071	Deletion	53
2R	18129024	18129071	Deletion	47
2R	18129033	18129071	Deletion	38
2R	18136223	18129071	Deletion	7152
2R	18136223	18136253	Deletion	30
2R	18136223	18136284	Deletion	61
2R	18136223	18136302	Deletion	79
2R	18136223	18136262	Deletion	39
2R	18136223	18136311	Deletion	88
2R	18136223	18136296	Deletion	73
2R	18141468	18141581	Deletion	113
2R	18141507	18141581	Deletion	74
2R	18141514	18141581	Deletion	67
2R	18147080	18141581	Deletion	5499
2R	18147080	18147195	Deletion	115
2R	18147080	18147139	Deletion	59
2R	18178144	18178248	Deletion	104
2R	18178156	18178248	Deletion	92
2R	18178165	18178248	Deletion	83
2R	18178166	18178248	Deletion	82
2R	18178179	18178248	Deletion	69
2R	18178187	18178248	Deletion	61
2R	18179021	18178248	Deletion	773
2R	18179021	18179078	Deletion	57
2R	18179021	18179055	Deletion	34
2R	18179021	18179065	Deletion	44
2R	18179021	18179064	Deletion	43
2R	18179021	18179141	Deletion	120
2R	18180865	18180978	Deletion	113
2R	18180873	18180978	Deletion	105
2R	18180881	18180978	Deletion	97
2R	18180906	18180978	Deletion	72
2R	18180927	18180978	Deletion	51
2R	18181747	18180978	Deletion	769
2R	18181747	18181858	Deletion	111
2R	18181747	18181846	Deletion	99
2R	18181747	18181848	Deletion	101
2R	18181747	18181823	Deletion	76
2R	18181747	18181777	Deletion	30
2R	18181747	18181802	Deletion	55
2R	18190100	18190201	Deletion	101
2R	18190120	18190201	Deletion	81
2R	18190150	18190201	Deletion	51
2R	18190160	18190201	Deletion	41
2R	18190273	18190201	Deletion	72
2R	18190273	18190372	Deletion	99
2R	18190273	18190385	Deletion	112
2R	18190273	18190358	Deletion	85
2R	18190273	18190394	Deletion	121
2R	18190273	18190348	Deletion	75
2R	18190273	18190318	Deletion	45
2R	18211618	18211566	Deletion	52
2R	18220787	18220894	Deletion	107
2R	18220791	18220894	Deletion	103
2R	18220801	18220894	Deletion	93
2R	18220947	18220894	Deletion	53
2R	18220947	18221027	Deletion	80
2R	18222937	18223037	Deletion	100
2R	18222946	18223037	Deletion	91
2R	18222974	18223037	Deletion	63
2R	18222982	18223037	Deletion	55
2R	18222997	18223037	Deletion	40
2R	18223000	18223037	Deletion	37
2R	18223005	18223037	Deletion	32
2R	18238172	18223037	Deletion	15135
2R	18238172	18238244	Deletion	72
2R	18238172	18238208	Deletion	36
2R	18238172	18238262	Deletion	90
2R	18238172	18238259	Deletion	87
2R	18238172	18238267	Deletion	95
2R	18238172	18238236	Deletion	64
2R	18241376	18241490	Deletion	114
2R	18241387	18241490	Deletion	103
2R	18241397	18241490	Deletion	93
2R	18241413	18241490	Deletion	77
2R	18241421	18241490	Deletion	69
2R	18250692	18241490	Deletion	9202
2R	18250692	18250742	Deletion	50
2R	18250692	18250799	Deletion	107
2R	18250692	18250726	Deletion	34
2R	18250692	18250804	Deletion	112
2R	18250692	18250795	Deletion	103
2R	18253184	18253266	Deletion	82
2R	18253201	18253266	Deletion	65
2R	18253231	18253266	Deletion	35
2R	18261978	18253266	Deletion	8712
2R	18261978	18262093	Deletion	115
2R	18261978	18262096	Deletion	118
2R	18261978	18262070	Deletion	92
2R	18261978	18262040	Deletion	62
2R	18276781	18276898	Deletion	117
2R	18276805	18276898	Deletion	93
2R	18276806	18276898	Deletion	92
2R	18276839	18276898	Deletion	59
2R	18277595	18276898	Deletion	697
2R	18277595	18277710	Deletion	115
2R	18277595	18277662	Deletion	67
2R	18277595	18277629	Deletion	34
2R	18277595	18277698	Deletion	103
2R	18296703	18296754	Deletion	51
2R	18296708	18296754	Deletion	46
2R	18296711	18296754	Deletion	43
2R	18298108	18296754	Deletion	1354
2R	18298108	18298192	Deletion	84
2R	18298108	18298142	Deletion	34
2R	18298108	18298189	Deletion	81
2R	18304044	18304129	Deletion	85
2R	18304049	18304129	Deletion	80
2R	18305746	18304129	Deletion	1617
2R	18305746	18305793	Deletion	47
2R	18305746	18305788	Deletion	42
2R	18334680	18334788	Deletion	108
2R	18334686	18334788	Deletion	102
2R	18334709	18334788	Deletion	79
2R	18334710	18334788	Deletion	78
2R	18334713	18334788	Deletion	75
2R	18334746	18334788	Deletion	42
2R	18334751	18334788	Deletion	37
2R	18339146	18339262	Deletion	116
2R	18339146	18339236	Deletion	90
2R	18339146	18339198	Deletion	52
2R	18339146	18339231	Deletion	85
2R	18339146	18339255	Deletion	109
2R	18339146	18339194	Deletion	48
2R	18342097	18342182	Deletion	85
2R	18342102	18342182	Deletion	80
2R	18342106	18342182	Deletion	76
2R	18342108	18342182	Deletion	74
2R	18342144	18342182	Deletion	38
2R	18342149	18342182	Deletion	33
2R	18343371	18342182	Deletion	1189
2R	18343371	18343417	Deletion	46
2R	18343371	18343464	Deletion	93
2R	18343371	18343421	Deletion	50
2R	18343371	18343412	Deletion	41
2R	18343371	18343423	Deletion	52
2R	18343371	18343407	Deletion	36
2R	18349967	18350071	Deletion	104
2R	18350007	18350071	Deletion	64
2R	18350028	18350071	Deletion	43
2R	18373287	18373385	Deletion	98
2R	18373288	18373385	Deletion	97
2R	18373289	18373385	Deletion	96
2R	18373295	18373385	Deletion	90
2R	18373310	18373385	Deletion	75
2R	18373313	18373385	Deletion	72
2R	18373319	18373385	Deletion	66
2R	18373340	18373385	Deletion	45
2R	18373354	18373385	Deletion	31
2R	18416374	18373385	Deletion	42989
2R	18416374	18416475	Deletion	101
2R	18416374	18416456	Deletion	82
2R	18416374	18416429	Deletion	55
2R	18416374	18416405	Deletion	31
2R	18416374	18416435	Deletion	61
2R	18416374	18416470	Deletion	96
2R	18416374	18416426	Deletion	52
2R	18416374	18416483	Deletion	109
2R	18418571	18418623	Deletion	52
2R	18428644	18418623	Deletion	10021
2R	18428644	18428696	Deletion	52
2R	18428644	18428748	Deletion	104
2R	18428644	18428751	Deletion	107
2R	18428644	18428718	Deletion	74
2R	18428644	18428763	Deletion	119
2R	18435259	18435358	Deletion	99
2R	18435298	18435358	Deletion	60
2R	18435311	18435358	Deletion	47
2R	18435315	18435358	Deletion	43
2R	18436884	18435358	Deletion	1526
2R	18436884	18436968	Deletion	84
2R	18436884	18436951	Deletion	67
2R	18447670	18447771	Deletion	101
2R	18447731	18447771	Deletion	40
2R	18447834	18447771	Deletion	63
2R	18461696	18461789	Deletion	93
2R	18461715	18461789	Deletion	74
2R	18461727	18461789	Deletion	62
2R	18461730	18461789	Deletion	59
2R	18521833	18521941	Deletion	108
2R	18521855	18521941	Deletion	86
2R	18521862	18521941	Deletion	79
2R	18521881	18521941	Deletion	60
2R	18521888	18521941	Deletion	53
2R	18522437	18521941	Deletion	496
2R	18522437	18522477	Deletion	40
2R	18522437	18522503	Deletion	66
2R	18522437	18522510	Deletion	73
2R	18522437	18522551	Deletion	114
2R	18559943	18560009	Deletion	66
2R	18561766	18560009	Deletion	1757
2R	18561766	18561890	Deletion	124
2R	18561766	18561864	Deletion	98
2R	18561766	18561876	Deletion	110
2R	18566896	18566960	Deletion	64
2R	18567035	18566960	Deletion	75
2R	18567035	18567098	Deletion	63
2R	18575255	18570227	Deletion	5028
2R	18575256	18575364	Deletion	108
2R	18575256	18575359	Deletion	103
2R	18575256	18575364	Deletion	108
2R	18575256	18575355	Deletion	99
2R	18575294	18575356	Deletion	62
2R	18575301	18575364	Deletion	63
2R	18575562	18575364	Deletion	198
2R	18575562	18575617	Deletion	55
2R	18575583	18575619	Deletion	36
2R	18586992	18587048	Deletion	56
2R	18586999	18587048	Deletion	49
2R	18588101	18587048	Deletion	1053
2R	18588101	18588214	Deletion	113
2R	18588101	18588172	Deletion	71
2R	18609365	18609404	Deletion	39
2R	18631163	18609404	Deletion	21759
2R	18631163	18631280	Deletion	117
2R	18633444	18633560	Deletion	116
2R	18633480	18633560	Deletion	80
2R	18633513	18633560	Deletion	47
2R	18633514	18633560	Deletion	46
2R	18633517	18633560	Deletion	43
2R	18633522	18633560	Deletion	38
2R	18633618	18633560	Deletion	58
2R	18633618	18633701	Deletion	83
2R	18633618	18633706	Deletion	88
2R	18633618	18633718	Deletion	100
2R	18633618	18633698	Deletion	80
2R	18633618	18633664	Deletion	46
2R	18660857	18660960	Deletion	103
2R	18660859	18660960	Deletion	101
2R	18660867	18660960	Deletion	93
2R	18660870	18660960	Deletion	90
2R	18660897	18660960	Deletion	63
2R	18660905	18660960	Deletion	55
2R	18660907	18660960	Deletion	53
2R	18661256	18661327	Deletion	71
2R	18661256	18661357	Deletion	101
2R	18661256	18661319	Deletion	63
2R	18661256	18661371	Deletion	115
2R	18661256	18661292	Deletion	36
2R	18661256	18661329	Deletion	73
2R	18661784	18661824	Deletion	40
2R	18661794	18661824	Deletion	30
2R	18662264	18661824	Deletion	440
2R	18662264	18662381	Deletion	117
2R	18662264	18662352	Deletion	88
2R	18682228	18682335	Deletion	107
2R	18682239	18682335	Deletion	96
2R	18682245	18682335	Deletion	90
2R	18682264	18682335	Deletion	71
2R	18682279	18682335	Deletion	56
2R	18682284	18682335	Deletion	51
2R	18682304	18682335	Deletion	31
2R	18689040	18682335	Deletion	6705
2R	18689040	18689070	Deletion	30
2R	18689040	18689115	Deletion	75
2R	18689040	18689095	Deletion	55
2R	18689040	18689076	Deletion	36
2R	18689040	18689135	Deletion	95
2R	18699788	18699904	Deletion	116
2R	18699798	18699904	Deletion	106
2R	18699829	18699904	Deletion	75
2R	18713601	18699904	Deletion	13697
2R	18713601	18713718	Deletion	117
2R	18713601	18713652	Deletion	51
2R	18743167	18743271	Deletion	104
2R	18743184	18743271	Deletion	87
2R	18743225	18743271	Deletion	46
2R	18743229	18743271	Deletion	42
2R	18743341	18743271	Deletion	70
2R	18743341	18743425	Deletion	84
2R	18743341	18743421	Deletion	80
2R	18766401	18766495	Deletion	94
2R	18766410	18766495	Deletion	85
2R	18766427	18766495	Deletion	68
2R	18766448	18766495	Deletion	47
2R	18766462	18766495	Deletion	33
2R	18766465	18766495	Deletion	30
2R	18766759	18766495	Deletion	264
2R	18766759	18766808	Deletion	49
2R	18766759	18766792	Deletion	33
2R	18767412	18766801	Deletion	611
2R	18767412	18767443	Deletion	31
2R	18767412	18767457	Deletion	45
2R	18767412	18767531	Deletion	119
2R	18772643	18772744	Deletion	101
2R	18772660	18772744	Deletion	84
2R	18772662	18772744	Deletion	82
2R	18772663	18772744	Deletion	81
2R	18772698	18772744	Deletion	46
2R	18772701	18772744	Deletion	43
2R	18772795	18772744	Deletion	51
2R	18772795	18772904	Deletion	109
2R	18772795	18772878	Deletion	83
2R	18772795	18772875	Deletion	80
2R	18772795	18772840	Deletion	45
2R	18772795	18772903	Deletion	108
2R	18772795	18772839	Deletion	44
2R	18772798	18772837	Deletion	39
2R	18778079	18778160	Deletion	81
2R	18778105	18778160	Deletion	55
2R	18778108	18778160	Deletion	52
2R	18778110	18778160	Deletion	50
2R	18791098	18778160	Deletion	12938
2R	18791098	18791131	Deletion	33
2R	18791098	18791172	Deletion	74
2R	18791098	18791169	Deletion	71
2R	18791098	18791143	Deletion	45
2R	18791098	18791200	Deletion	102
2R	18802100	18802169	Deletion	69
2R	18802105	18802169	Deletion	64
2R	18802119	18802169	Deletion	50
2R	18802126	18802169	Deletion	43
2R	18802131	18802169	Deletion	38
2R	18802135	18802169	Deletion	34
2R	18802243	18802169	Deletion	74
2R	18802243	18802332	Deletion	89
2R	18802243	18802327	Deletion	84
2R	18802243	18802320	Deletion	77
2R	18802243	18802306	Deletion	63
2R	18802243	18802336	Deletion	93
2R	18802243	18802287	Deletion	44
2R	18804904	18805021	Deletion	117
2R	18804931	18805021	Deletion	90
2R	18804940	18805021	Deletion	81
2R	18804985	18805021	Deletion	36
2R	18804990	18805021	Deletion	31
2R	18805098	18805021	Deletion	77
2R	18805098	18805218	Deletion	120
2R	18805098	18805203	Deletion	105
2R	18805098	18805134	Deletion	36
2R	18805098	18805193	Deletion	95
2R	18805098	18805143	Deletion	45
2R	18811151	18811266	Deletion	115
2R	18811165	18811266	Deletion	101
2R	18811179	18811266	Deletion	87
2R	18811204	18811266	Deletion	62
2R	18811208	18811266	Deletion	58
2R	18811233	18811266	Deletion	33
2R	18815422	18811266	Deletion	4156
2R	18815422	18815523	Deletion	101
2R	18815422	18815462	Deletion	40
2R	18815422	18815487	Deletion	65
2R	18815422	18815491	Deletion	69
2R	18821518	18821638	Deletion	120
2R	18821550	18821638	Deletion	88
2R	18821560	18821638	Deletion	78
2R	18821603	18821638	Deletion	35
2R	18824300	18821638	Deletion	2662
2R	18824300	18824338	Deletion	38
2R	18824300	18824348	Deletion	48
2R	18844591	18844682	Deletion	91
2R	18844596	18844682	Deletion	86
2R	18844645	18844682	Deletion	37
2R	18845326	18844682	Deletion	644
2R	18845326	18845432	Deletion	106
2R	18845326	18845416	Deletion	90
2R	18845326	18845447	Deletion	121
2R	18845326	18845428	Deletion	102
2R	18845326	18845367	Deletion	41
2R	18845326	18845362	Deletion	36
2R	18858521	18858613	Deletion	92
2R	18867649	18867690	Deletion	41
2R	18867742	18867690	Deletion	52
2R	18867742	18867821	Deletion	79
2R	18867742	18867827	Deletion	85
2R	18867742	18867846	Deletion	104
2R	18876417	18876529	Deletion	112
2R	18876436	18876529	Deletion	93
2R	18876454	18876529	Deletion	75
2R	18876458	18876529	Deletion	71
2R	18876467	18876529	Deletion	62
2R	18876478	18876529	Deletion	51
2R	18876642	18876529	Deletion	113
2R	18876642	18876693	Deletion	51
2R	18876642	18876706	Deletion	64
2R	18876642	18876717	Deletion	75
2R	18876642	18876675	Deletion	33
2R	18902077	18902172	Deletion	95
2R	18902087	18902172	Deletion	85
2R	18902105	18902172	Deletion	67
2R	18902114	18902172	Deletion	58
2R	18902119	18902172	Deletion	53
2R	18902123	18902172	Deletion	49
2R	18902129	18902172	Deletion	43
2R	18902131	18902172	Deletion	41
2R	18905823	18902172	Deletion	3651
2R	18905823	18905882	Deletion	59
2R	18905823	18905939	Deletion	116
2R	18905823	18905891	Deletion	68
2R	18905823	18905906	Deletion	83
2R	18905823	18905854	Deletion	31
2R	18905823	18905896	Deletion	73
2R	18905823	18905864	Deletion	41
2R	18905823	18905932	Deletion	109
2R	18905823	18905908	Deletion	85
2R	18910495	18910576	Deletion	81
2R	18910513	18910576	Deletion	63
2R	18910519	18910576	Deletion	57
2R	18910544	18910576	Deletion	32
2R	18920103	18910576	Deletion	9527
2R	18920103	18920199	Deletion	96
2R	18920103	18920174	Deletion	71
2R	18920103	18920150	Deletion	47
2R	18920880	18920965	Deletion	85
2R	18925295	18920965	Deletion	4330
2R	18938958	18939000	Deletion	42
2R	18938964	18939000	Deletion	36
2R	18943535	18939000	Deletion	4535
2R	18943535	18943638	Deletion	103
2R	18943535	18943620	Deletion	85
2R	18943535	18943566	Deletion	31
2R	18943535	18943634	Deletion	99
2R	18943535	18943626	Deletion	91
2R	18999334	18999450	Deletion	116
2R	18999390	18999450	Deletion	60
2R	19005500	18999450	Deletion	6050
2R	19005500	19005566	Deletion	66
2R	19005500	19005612	Deletion	112
2R	19026020	19026097	Deletion	77
2R	19026066	19026097	Deletion	31
2R	19026198	19026097	Deletion	101
2R	19026198	19026322	Deletion	124
2R	19026198	19026299	Deletion	101
2R	19026198	19026303	Deletion	105
2R	19026198	19026247	Deletion	49
2R	19027939	19027987	Deletion	48
2R	19028435	19027987	Deletion	448
2R	19028435	19028477	Deletion	42
2R	19028435	19028555	Deletion	120
2R	19031782	19031869	Deletion	87
2R	19031813	19031869	Deletion	56
2R	19031826	19031869	Deletion	43
2R	19031832	19031869	Deletion	37
2R	19031833	19031869	Deletion	36
2R	19031839	19031869	Deletion	30
2R	19037061	19031869	Deletion	5192
2R	19037061	19037151	Deletion	90
2R	19037061	19037181	Deletion	120
2R	19037061	19037157	Deletion	96
2R	19037061	19037144	Deletion	83
2R	19037061	19037150	Deletion	89
2R	19037061	19037131	Deletion	70
2R	19037061	19037099	Deletion	38
2R	19069174	19069258	Deletion	84
2R	19069176	19069258	Deletion	82
2R	19069179	19069258	Deletion	79
2R	19069185	19069258	Deletion	73
2R	19069208	19069258	Deletion	50
2R	19069213	19069258	Deletion	45
2R	19069216	19069258	Deletion	42
2R	19070606	19069258	Deletion	1348
2R	19070606	19070692	Deletion	86
2R	19070606	19070684	Deletion	78
2R	19070606	19070652	Deletion	46
2R	19070606	19070689	Deletion	83
2R	19070606	19070728	Deletion	122
2R	19070606	19070655	Deletion	49
2R	19070606	19070650	Deletion	44
2R	19070606	19070729	Deletion	123
2R	19073608	19073713	Deletion	105
2R	19073634	19073713	Deletion	79
2R	19073636	19073713	Deletion	77
2R	19081848	19073713	Deletion	8135
2R	19081848	19081962	Deletion	114
2R	19081848	19081896	Deletion	48
2R	19083297	19083405	Deletion	108
2R	19085313	19083405	Deletion	1908
2R	19090162	19090250	Deletion	88
2R	19090166	19090250	Deletion	84
2R	19090184	19090250	Deletion	66
2R	19090189	19090250	Deletion	61
2R	19090220	19090250	Deletion	30
2R	19092639	19090250	Deletion	2389
2R	19092639	19092704	Deletion	65
2R	19092639	19092735	Deletion	96
2R	19092639	19092677	Deletion	38
2R	19092639	19092750	Deletion	111
2R	19092639	19092681	Deletion	42
2R	19092639	19092674	Deletion	35
2R	19134642	19134706	Deletion	64
2R	19134655	19134706	Deletion	51
2R	19135009	19134706	Deletion	303
2R	19135009	19135084	Deletion	75
2R	19135009	19135111	Deletion	102
2R	19135009	19135071	Deletion	62
2R	19146108	19146199	Deletion	91
2R	19148024	19146199	Deletion	1825
2R	19148024	19148056	Deletion	32
2R	19154636	19154728	Deletion	92
2R	19154652	19154728	Deletion	76
2R	19154678	19154728	Deletion	50
2R	19154679	19154728	Deletion	49
2R	19154688	19154728	Deletion	40
2R	19154780	19154728	Deletion	52
2R	19154780	19154830	Deletion	50
2R	19154780	19154814	Deletion	34
2R	19154780	19154867	Deletion	87
2R	19154780	19154856	Deletion	76
2R	19154780	19154857	Deletion	77
2R	19164046	19162181	Deletion	1865
2R	19164046	19164154	Deletion	108
2R	19166835	19166883	Deletion	48
2R	19169669	19166883	Deletion	2786
2R	19178151	19178259	Deletion	108
2R	19178182	19178259	Deletion	77
2R	19178203	19178259	Deletion	56
2R	19178206	19178259	Deletion	53
2R	19178207	19178259	Deletion	52
2R	19178208	19178259	Deletion	51
2R	19191246	19178259	Deletion	12987
2R	19191246	19191325	Deletion	79
2R	19191246	19191322	Deletion	76
2R	19191246	19191327	Deletion	81
2R	19191246	19191369	Deletion	123
2R	19191246	19191301	Deletion	55
2R	19194192	19194249	Deletion	57
2R	19197240	19194252	Deletion	2988
2R	19206640	19206709	Deletion	69
2R	19208412	19206709	Deletion	1703
2R	19236908	19237022	Deletion	114
2R	19236954	19237022	Deletion	68
2R	19236957	19237022	Deletion	65
2R	19236964	19237022	Deletion	58
2R	19236992	19237022	Deletion	30
2R	19248754	19237022	Deletion	11732
2R	19248754	19248812	Deletion	58
2R	19248754	19248815	Deletion	61
2R	19248754	19248822	Deletion	68
2R	19248754	19248852	Deletion	98
2R	19251034	19251146	Deletion	112
2R	19251060	19251146	Deletion	86
2R	19251105	19251146	Deletion	41
2R	19260033	19251146	Deletion	8887
2R	19260033	19260119	Deletion	86
2R	19260033	19260074	Deletion	41
2R	19288319	19288405	Deletion	86
2R	19288373	19288405	Deletion	32
2R	19291985	19288405	Deletion	3580
2R	19291985	19292083	Deletion	98
2R	19291985	19292095	Deletion	110
2R	19291985	19292025	Deletion	40
2R	19306372	19306473	Deletion	101
2R	19306395	19306473	Deletion	78
2R	19306401	19306473	Deletion	72
2R	19306415	19306473	Deletion	58
2R	19306672	19306473	Deletion	199
2R	19306672	19306727	Deletion	55
2R	19306672	19306780	Deletion	108
2R	19306672	19306741	Deletion	69
2R	19325717	19325769	Deletion	52
2R	19325723	19325769	Deletion	46
2R	19333288	19325769	Deletion	7519
2R	19333288	19333389	Deletion	101
2R	19333288	19333362	Deletion	74
2R	19333288	19333368	Deletion	80
2R	19333294	19333383	Deletion	89
2R	19333299	19333382	Deletion	83
2R	19333306	19333383	Deletion	77
2R	19333310	19333383	Deletion	73
2R	19333436	19333478	Deletion	42
2R	19333436	19333489	Deletion	53
2R	19333436	19333473	Deletion	37
2R	19344491	19344540	Deletion	49
2R	19344497	19344540	Deletion	43
2R	19344502	19344540	Deletion	38
2R	19344805	19344540	Deletion	265
2R	19344805	19344889	Deletion	84
2R	19344805	19344894	Deletion	89
2R	19344805	19344883	Deletion	78
2R	19347151	19347258	Deletion	107
2R	19347158	19347258	Deletion	100
2R	19347168	19347258	Deletion	90
2R	19347214	19347258	Deletion	44
2R	19347215	19347258	Deletion	43
2R	19347216	19347258	Deletion	42
2R	19347219	19347258	Deletion	39
2R	19347223	19347258	Deletion	35
2R	19348137	19347258	Deletion	879
2R	19348137	19348224	Deletion	87
2R	19348137	19348176	Deletion	39
2R	19348137	19348222	Deletion	85
2R	19348137	19348232	Deletion	95
2R	19348137	19348231	Deletion	94
2R	19348137	19348223	Deletion	86
2R	19378034	19378149	Deletion	115
2R	19378048	19378149	Deletion	101
2R	19378082	19378149	Deletion	67
2R	19381452	19378149	Deletion	3303
2R	19387559	19387634	Deletion	75
2R	19387565	19387634	Deletion	69
2R	19387580	19387634	Deletion	54
2R	19389013	19387634	Deletion	1379
2R	19389013	19389133	Deletion	120
2R	19389013	19389066	Deletion	53
2R	19389013	19389072	Deletion	59
2R	19389013	19389053	Deletion	40
2R	19389013	19389087	Deletion	74
2R	19401166	19394606	Deletion	6560
2R	19401166	19401282	Deletion	116
2R	19401166	19401227	Deletion	61
2R	19403756	19403817	Deletion	61
2R	19403758	19403817	Deletion	59
2R	19404146	19403817	Deletion	329
2R	19404146	19404212	Deletion	66
2R	19417559	19414345	Deletion	3214
2R	19417559	19417609	Deletion	50
2R	19435991	19436051	Deletion	60
2R	19436009	19436051	Deletion	42
2R	19436015	19436051	Deletion	36
2R	19436160	19436051	Deletion	109
2R	19436160	19436226	Deletion	66
2R	19436160	19436193	Deletion	33
2R	19436160	19436244	Deletion	84
2R	19445622	19445716	Deletion	94
2R	19445652	19445716	Deletion	64
2R	19445672	19445716	Deletion	44
2R	19445674	19445716	Deletion	42
2R	19445677	19445716	Deletion	39
2R	19445679	19445716	Deletion	37
2R	19451468	19445716	Deletion	5752
2R	19451468	19451555	Deletion	87
2R	19451468	19451568	Deletion	100
2R	19451468	19451552	Deletion	84
2R	19451468	19451500	Deletion	32
2R	19451468	19451550	Deletion	82
2R	19451468	19451530	Deletion	62
2R	19452836	19452932	Deletion	96
2R	19452848	19452932	Deletion	84
2R	19452852	19452932	Deletion	80
2R	19452899	19452932	Deletion	33
2R	19471956	19452932	Deletion	19024
2R	19471956	19471986	Deletion	30
2R	19471956	19472002	Deletion	46
2R	19471956	19472062	Deletion	106
2R	19471956	19472049	Deletion	93
2R	19499681	19499759	Deletion	78
2R	19499685	19499759	Deletion	74
2R	19499707	19499759	Deletion	52
2R	19499708	19499759	Deletion	51
2R	19499727	19499759	Deletion	32
2R	19499808	19499759	Deletion	49
2R	19499808	19499926	Deletion	118
2R	19499808	19499842	Deletion	34
2R	19499808	19499857	Deletion	49
2R	19499808	19499903	Deletion	95
2R	19499808	19499861	Deletion	53
2R	19499808	19499919	Deletion	111
2R	19499808	19499883	Deletion	75
2R	19499808	19499884	Deletion	76
2R	19551977	19552096	Deletion	119
2R	19552015	19552096	Deletion	81
2R	19552043	19552096	Deletion	53
2R	19555239	19552096	Deletion	3143
2R	19555239	19555284	Deletion	45
2R	19559408	19559478	Deletion	70
2R	19559428	19559478	Deletion	50
2R	19559448	19559478	Deletion	30
2R	19560122	19559478	Deletion	644
2R	19560122	19560222	Deletion	100
2R	19560122	19560218	Deletion	96
2R	19560122	19560178	Deletion	56
2R	19560125	19560198	Deletion	73
2R	19577781	19577877	Deletion	96
2R	19577783	19577877	Deletion	94
2R	19577804	19577877	Deletion	73
2R	19577824	19577877	Deletion	53
2R	19577826	19577877	Deletion	51
2R	19578013	19577877	Deletion	136
2R	19578013	19578089	Deletion	76
2R	19578013	19578087	Deletion	74
2R	19578013	19578046	Deletion	33
2R	19578013	19578044	Deletion	31
2R	19599072	19599146	Deletion	74
2R	19599075	19599146	Deletion	71
2R	19608507	19599146	Deletion	9361
2R	19608507	19608560	Deletion	53
2R	19613042	19613098	Deletion	56
2R	19621127	19621193	Deletion	66
2R	19621132	19621193	Deletion	61
2R	19621163	19621193	Deletion	30
2R	19621313	19621193	Deletion	120
2R	19621313	19621411	Deletion	98
2R	19621313	19621380	Deletion	67
2R	19621313	19621375	Deletion	62
2R	19621313	19621434	Deletion	121
2R	19621313	19621349	Deletion	36
2R	19627387	19627491	Deletion	104
2R	19627397	19627491	Deletion	94
2R	19627446	19627491	Deletion	45
2R	19627943	19627975	Deletion	32
2R	19627943	19628042	Deletion	99
2R	19637701	19637793	Deletion	92
2R	19637705	19637793	Deletion	88
2R	19637721	19637793	Deletion	72
2R	19637729	19637793	Deletion	64
2R	19637752	19637793	Deletion	41
2R	19641479	19637793	Deletion	3686
2R	19641479	19641514	Deletion	35
2R	19641479	19641542	Deletion	63
2R	19641479	19641534	Deletion	55
2R	19641479	19641518	Deletion	39
2R	19641479	19641565	Deletion	86
2R	19658074	19658189	Deletion	115
2R	19658116	19658191	Deletion	75
2R	19658149	19658191	Deletion	42
2R	19658685	19658191	Deletion	494
2R	19658685	19658769	Deletion	84
2R	19673055	19673166	Deletion	111
2R	19673066	19673166	Deletion	100
2R	19673068	19673166	Deletion	98
2R	19673104	19673166	Deletion	62
2R	19673108	19673166	Deletion	58
2R	19679022	19673166	Deletion	5856
2R	19679022	19679144	Deletion	122
2R	19679022	19679087	Deletion	65
2R	19695250	19695333	Deletion	83
2R	19695263	19695333	Deletion	70
2R	19695274	19695333	Deletion	59
2R	19695279	19695333	Deletion	54
2R	19695289	19695333	Deletion	44
2R	19695297	19695333	Deletion	36
2R	19695788	19695333	Deletion	455
2R	19695788	19695856	Deletion	68
2R	19695788	19695832	Deletion	44
2R	19695788	19695828	Deletion	40
2R	19695788	19695879	Deletion	91
2R	19695788	19695871	Deletion	83
2R	19695788	19695845	Deletion	57
2R	19695788	19695861	Deletion	73
2R	19701505	19701603	Deletion	98
2R	19718094	19718160	Deletion	66
2R	19724677	19724707	Deletion	30
2R	19724988	19724707	Deletion	281
2R	19724988	19725085	Deletion	97
2R	19726327	19726376	Deletion	49
2R	19726330	19726376	Deletion	46
2R	19728699	19726376	Deletion	2323
2R	19728699	19728776	Deletion	77
2R	19728699	19728765	Deletion	66
2R	19768873	19768971	Deletion	98
2R	19768880	19768971	Deletion	91
2R	19768895	19768971	Deletion	76
2R	19768921	19768971	Deletion	50
2R	19812960	19813034	Deletion	74
2R	19812986	19813034	Deletion	48
2R	19812990	19813034	Deletion	44
2R	19812991	19813034	Deletion	43
2R	19813109	19813034	Deletion	75
2R	19813109	19813216	Deletion	107
2R	19813109	19813192	Deletion	83
2R	19813109	19813161	Deletion	52
2R	19813109	19813191	Deletion	82
2R	19828497	19826121	Deletion	2376
2R	19828497	19828606	Deletion	109
2R	19869668	19869739	Deletion	71
2R	19870738	19869739	Deletion	999
2R	19870738	19870788	Deletion	50
2R	19870738	19870853	Deletion	115
2R	19872819	19872917	Deletion	98
2R	19872826	19872917	Deletion	91
2R	19872850	19872917	Deletion	67
2R	19872856	19872917	Deletion	61
2R	19872871	19872917	Deletion	46
2R	19878961	19872917	Deletion	6044
2R	19878961	19879026	Deletion	65
2R	19878961	19879071	Deletion	110
2R	19878961	19879020	Deletion	59
2R	19878961	19879083	Deletion	122
2R	19878961	19879041	Deletion	80
2R	19878961	19879059	Deletion	98
2R	19878961	19879081	Deletion	120
2R	19879546	19879630	Deletion	84
2R	19879551	19879630	Deletion	79
2R	19879561	19879630	Deletion	69
2R	19879572	19879630	Deletion	58
2R	19882448	19879630	Deletion	2818
2R	19882448	19882519	Deletion	71
2R	19882448	19882498	Deletion	50
2R	19882448	19882508	Deletion	60
2R	19897716	19897800	Deletion	84
2R	19897721	19897800	Deletion	79
2R	19897764	19897800	Deletion	36
2R	19899561	19897800	Deletion	1761
2R	19899561	19899681	Deletion	120
2R	19899561	19899603	Deletion	42
2R	19899561	19899672	Deletion	111
2R	19899561	19899595	Deletion	34
2R	19899561	19899685	Deletion	124
2R	19899566	19899608	Deletion	42
2R	19915379	19915431	Deletion	52
2R	19927183	19927277	Deletion	94
2R	19927201	19927277	Deletion	76
2R	19927202	19927277	Deletion	75
2R	19929073	19927277	Deletion	1796
2R	19929073	19929105	Deletion	32
2R	19929073	19929193	Deletion	120
2R	19951415	19951496	Deletion	81
2R	19951427	19951496	Deletion	69
2R	19951434	19951496	Deletion	62
2R	19951451	19951496	Deletion	45
2R	19952003	19951496	Deletion	507
2R	19952003	19952048	Deletion	45
2R	19952003	19952060	Deletion	57
2R	19952003	19952067	Deletion	64
2R	19952003	19952118	Deletion	115
2R	19955066	19955180	Deletion	114
2R	19955077	19955180	Deletion	103
2R	19955084	19955180	Deletion	96
2R	19955085	19955180	Deletion	95
2R	19955092	19955180	Deletion	88
2R	19955099	19955180	Deletion	81
2R	19955108	19955180	Deletion	72
2R	19955117	19955180	Deletion	63
2R	19957493	19955180	Deletion	2313
2R	19972403	19972439	Deletion	36
2R	19972403	19972514	Deletion	111
2R	19972403	19972453	Deletion	50
2R	19972403	19972438	Deletion	35
2R	19972403	19972446	Deletion	43
2R	19972403	19972462	Deletion	59
2R	19973925	19974011	Deletion	86
2R	19973962	19974011	Deletion	49
2R	19973969	19974011	Deletion	42
2R	19974116	19974011	Deletion	105
2R	19974116	19974149	Deletion	33
2R	19974116	19974232	Deletion	116
2R	19974116	19974195	Deletion	79
2R	19974116	19974217	Deletion	101
2R	19974116	19974158	Deletion	42
2R	19988168	19988281	Deletion	113
2R	19988183	19988281	Deletion	98
2R	19988195	19988281	Deletion	86
2R	19988198	19988281	Deletion	83
2R	19988203	19988281	Deletion	78
2R	19988224	19988281	Deletion	57
2R	19988234	19988281	Deletion	47
2R	19988826	19988281	Deletion	545
2R	19988826	19988895	Deletion	69
2R	19988826	19988940	Deletion	114
2R	19988826	19988874	Deletion	48
2R	19988826	19988905	Deletion	79
2R	19988826	19988866	Deletion	40
2R	19989488	19989568	Deletion	80
2R	19989503	19989568	Deletion	65
2R	19989504	19989568	Deletion	64
2R	20005288	19989568	Deletion	15720
2R	20005288	20005400	Deletion	112
2R	20005288	20005396	Deletion	108
2R	20005288	20005334	Deletion	46
2R	20005288	20005349	Deletion	61
2R	20005288	20005350	Deletion	62
2R	20014683	20014802	Deletion	119
2R	20014688	20014802	Deletion	114
2R	20014707	20014802	Deletion	95
2R	20014721	20014802	Deletion	81
2R	20014771	20014802	Deletion	31
2R	20019782	20014802	Deletion	4980
2R	20019782	20019813	Deletion	31
2R	20019782	20019892	Deletion	110
2R	20019782	20019827	Deletion	45
2R	20019782	20019880	Deletion	98
2R	20026170	20026264	Deletion	94
2R	20026182	20026264	Deletion	82
2R	20033876	20026264	Deletion	7612
2R	20033876	20033921	Deletion	45
2R	20033876	20033976	Deletion	100
2R	20040600	20040700	Deletion	100
2R	20040616	20040700	Deletion	84
2R	20040617	20040700	Deletion	83
2R	20040618	20040700	Deletion	82
2R	20040636	20040700	Deletion	64
2R	20040887	20040698	Deletion	189
2R	20040887	20041000	Deletion	113
2R	20040887	20040930	Deletion	43
2R	20040887	20041010	Deletion	123
2R	20040887	20040950	Deletion	63
2R	20040887	20040931	Deletion	44
2R	20042622	20042719	Deletion	97
2R	20042635	20042719	Deletion	84
2R	20042646	20042719	Deletion	73
2R	20042662	20042719	Deletion	57
2R	20042664	20042719	Deletion	55
2R	20042688	20042719	Deletion	31
2R	20043647	20042719	Deletion	928
2R	20043647	20043757	Deletion	110
2R	20043647	20043700	Deletion	53
2R	20043647	20043718	Deletion	71
2R	20043647	20043716	Deletion	69
2R	20043647	20043742	Deletion	95
2R	20057201	20057292	Deletion	91
2R	20057206	20057292	Deletion	86
2R	20057262	20057292	Deletion	30
2R	20076313	20076354	Deletion	41
2R	20076313	20076349	Deletion	36
2R	20090124	20090227	Deletion	103
2R	20090139	20090227	Deletion	88
2R	20090171	20090227	Deletion	56
2R	20090285	20090227	Deletion	58
2R	20090285	20090323	Deletion	38
2R	20105089	20105196	Deletion	107
2R	20105103	20105196	Deletion	93
2R	20105105	20105196	Deletion	91
2R	20105108	20105196	Deletion	88
2R	20105109	20105196	Deletion	87
2R	20105115	20105196	Deletion	81
2R	20105118	20105196	Deletion	78
2R	20105122	20105196	Deletion	74
2R	20105160	20105196	Deletion	36
2R	20106086	20105196	Deletion	890
2R	20106086	20106121	Deletion	35
2R	20106086	20106138	Deletion	52
2R	20106086	20106208	Deletion	122
2R	20106086	20106125	Deletion	39
2R	20106086	20106134	Deletion	48
2R	20106086	20106199	Deletion	113
2R	20106086	20106176	Deletion	90
2R	20106086	20106124	Deletion	38
2R	20106086	20106205	Deletion	119
2R	20106086	20106131	Deletion	45
2R	20115486	20115574	Deletion	88
2R	20115624	20115574	Deletion	50
2R	20115624	20115736	Deletion	112
2R	20115624	20115709	Deletion	85
2R	20115624	20115734	Deletion	110
2R	20151316	20151358	Deletion	42
2R	20158004	20158110	Deletion	106
2R	20158032	20158110	Deletion	78
2R	20158056	20158110	Deletion	54
2R	20158252	20158110	Deletion	142
2R	20158252	20158300	Deletion	48
2R	20158252	20158351	Deletion	99
2R	20158635	20158737	Deletion	102
2R	20158638	20158737	Deletion	99
2R	20158655	20158737	Deletion	82
2R	20158656	20158737	Deletion	81
2R	20158666	20158737	Deletion	71
2R	20158833	20158737	Deletion	96
2R	20158833	20158957	Deletion	124
2R	20158833	20158940	Deletion	107
2R	20158833	20158890	Deletion	57
2R	20158833	20158956	Deletion	123
2R	20158833	20158879	Deletion	46
2R	20185579	20185667	Deletion	88
2R	20201506	20185667	Deletion	15839
2R	20201506	20201622	Deletion	116
2R	20201506	20201544	Deletion	38
2R	20201506	20201606	Deletion	100
2R	20225001	20225104	Deletion	103
2R	20228743	20228821	Deletion	78
2R	20228755	20228821	Deletion	66
2R	20228770	20228821	Deletion	51
2R	20229026	20228821	Deletion	205
2R	20229026	20229126	Deletion	100
2R	20229026	20229086	Deletion	60
2R	20229026	20229074	Deletion	48
2R	20229026	20229122	Deletion	96
2R	20231608	20231714	Deletion	106
2R	20231615	20231714	Deletion	99
2R	20231647	20231714	Deletion	67
2R	20231658	20231714	Deletion	56
2R	20231660	20231714	Deletion	54
2R	20231665	20231714	Deletion	49
2R	20231675	20231714	Deletion	39
2R	20232877	20231714	Deletion	1163
2R	20232877	20232964	Deletion	87
2R	20232877	20232947	Deletion	70
2R	20232877	20232949	Deletion	72
2R	20232877	20232936	Deletion	59
2R	20234029	20234111	Deletion	82
2R	20234046	20234111	Deletion	65
2R	20234052	20234111	Deletion	59
2R	20234070	20234111	Deletion	41
2R	20234072	20234111	Deletion	39
2R	20238063	20234111	Deletion	3952
2R	20238063	20238134	Deletion	71
2R	20238063	20238154	Deletion	91
2R	20238063	20238128	Deletion	65
2R	20238063	20238111	Deletion	48
2R	20249550	20249643	Deletion	93
2R	20249557	20249643	Deletion	86
2R	20249602	20249643	Deletion	41
2R	20249609	20249643	Deletion	34
2R	20255905	20249643	Deletion	6262
2R	20255905	20255997	Deletion	92
2R	20255905	20255938	Deletion	33
2R	20255905	20256024	Deletion	119
2R	20255905	20256016	Deletion	111
2R	20255905	20255990	Deletion	85
2R	20276945	20277063	Deletion	118
2R	20276948	20277063	Deletion	115
2R	20276949	20277063	Deletion	114
2R	20276967	20277063	Deletion	96
2R	20277027	20277063	Deletion	36
2R	20277028	20277063	Deletion	35
2R	20277304	20277063	Deletion	241
2R	20277304	20277395	Deletion	91
2R	20277304	20277396	Deletion	92
2R	20277304	20277407	Deletion	103
2R	20277304	20277335	Deletion	31
2R	20277304	20277416	Deletion	112
2R	20281708	20281759	Deletion	51
2R	20283460	20281759	Deletion	1701
2R	20283460	20283574	Deletion	114
2R	20283460	20283535	Deletion	75
2R	20283460	20283498	Deletion	38
2R	20283460	20283581	Deletion	121
2R	20283460	20283568	Deletion	108
2R	20283460	20283575	Deletion	115
2R	20309561	20308223	Deletion	1338
2R	20322694	20322744	Deletion	50
2R	20322696	20322744	Deletion	48
2R	20322704	20322744	Deletion	40
2R	20322708	20322744	Deletion	36
2R	20322712	20322744	Deletion	32
2R	20324459	20322744	Deletion	1715
2R	20324459	20324553	Deletion	94
2R	20324459	20324505	Deletion	46
2R	20324459	20324535	Deletion	76
2R	20324459	20324537	Deletion	78
2R	20324459	20324545	Deletion	86
2R	20329201	20329315	Deletion	114
2R	20329226	20329315	Deletion	89
2R	20329246	20329315	Deletion	69
2R	20329251	20329315	Deletion	64
2R	20333455	20329315	Deletion	4140
2R	20333455	20333513	Deletion	58
2R	20333455	20333518	Deletion	63
2R	20333455	20333493	Deletion	38
2R	20333455	20333556	Deletion	101
2R	20337048	20337139	Deletion	91
2R	20337054	20337139	Deletion	85
2R	20337098	20337139	Deletion	41
2R	20337105	20337139	Deletion	34
2R	20341606	20337139	Deletion	4467
2R	20341606	20341693	Deletion	87
2R	20341606	20341719	Deletion	113
2R	20341606	20341649	Deletion	43
2R	20341606	20341643	Deletion	37
2R	20341606	20341700	Deletion	94
2R	20344903	20345007	Deletion	104
2R	20344938	20345007	Deletion	69
2R	20344939	20345007	Deletion	68
2R	20344947	20345007	Deletion	60
2R	20345073	20345007	Deletion	66
2R	20345073	20345140	Deletion	67
2R	20345073	20345132	Deletion	59
2R	20362955	20363043	Deletion	88
2R	20362957	20363043	Deletion	86
2R	20362959	20363043	Deletion	84
2R	20363094	20363043	Deletion	51
2R	20363094	20363209	Deletion	115
2R	20363094	20363200	Deletion	106
2R	20363094	20363195	Deletion	101
2R	20363094	20363205	Deletion	111
2R	20363094	20363137	Deletion	43
2R	20363094	20363135	Deletion	41
2R	20398488	20398549	Deletion	61
2R	20399167	20398549	Deletion	618
2R	20399167	20399285	Deletion	118
2R	20399167	20399232	Deletion	65
2R	20403748	20403837	Deletion	89
2R	20403757	20403837	Deletion	80
2R	20403769	20403837	Deletion	68
2R	20411290	20403837	Deletion	7453
2R	20411290	20411323	Deletion	33
2R	20411290	20411400	Deletion	110
2R	20411290	20411336	Deletion	46
2R	20411290	20411348	Deletion	58
2R	20426910	20426944	Deletion	34
2R	20442851	20426944	Deletion	15907
2R	20442851	20442943	Deletion	92
2R	20450368	20450455	Deletion	87
2R	20450389	20450455	Deletion	66
2R	20450391	20450455	Deletion	64
2R	20450417	20450455	Deletion	38
2R	20450668	20450455	Deletion	213
2R	20450668	20450756	Deletion	88
2R	20450668	20450707	Deletion	39
2R	20450668	20450728	Deletion	60
2R	20450668	20450730	Deletion	62
2R	20461295	20461402	Deletion	107
2R	20472639	20472739	Deletion	100
2R	20472644	20472739	Deletion	95
2R	20472660	20472739	Deletion	79
2R	20472662	20472739	Deletion	77
2R	20483568	20472739	Deletion	10829
2R	20483568	20483599	Deletion	31
2R	20483568	20483675	Deletion	107
2R	20483568	20483690	Deletion	122
2R	20483568	20483617	Deletion	49
2R	20483568	20483615	Deletion	47
2R	20483568	20483670	Deletion	102
2R	20485657	20485744	Deletion	87
2R	20485661	20485744	Deletion	83
2R	20485662	20485744	Deletion	82
2R	20485681	20485744	Deletion	63
2R	20485688	20485744	Deletion	56
2R	20485699	20485744	Deletion	45
2R	20485707	20485744	Deletion	37
2R	20485924	20485744	Deletion	180
2R	20485924	20485964	Deletion	40
2R	20485924	20486006	Deletion	82
2R	20485924	20485995	Deletion	71
2R	20485924	20486045	Deletion	121
2R	20485924	20485969	Deletion	45
2R	20485924	20485961	Deletion	37
2R	20485924	20485988	Deletion	64
2R	20485924	20486014	Deletion	90
2R	20485924	20485968	Deletion	44
2R	20540140	20540228	Deletion	88
2R	20540146	20540228	Deletion	82
2R	20540151	20540228	Deletion	77
2R	20540183	20540228	Deletion	45
2R	20540197	20540228	Deletion	31
2R	20541540	20540228	Deletion	1312
2R	20541540	20541578	Deletion	38
2R	20541540	20541589	Deletion	49
2R	20541540	20541584	Deletion	44
2R	20541540	20541635	Deletion	95
2R	20564211	20564326	Deletion	115
2R	20564211	20564335	Deletion	124
2R	20567692	20567791	Deletion	99
2R	20567703	20567791	Deletion	88
2R	20567841	20567791	Deletion	50
2R	20567841	20567929	Deletion	88
2R	20567841	20567956	Deletion	115
2R	20572692	20572754	Deletion	62
2R	20572711	20572754	Deletion	43
2R	20572994	20572754	Deletion	240
2R	20572994	20573058	Deletion	64
2R	20572994	20573113	Deletion	119
2R	20586227	20586321	Deletion	94
2R	20586281	20586321	Deletion	40
2R	20597175	20586321	Deletion	10854
2R	20597175	20597206	Deletion	31
2R	20597175	20597261	Deletion	86
2R	20597175	20597285	Deletion	110
2R	20653710	20653822	Deletion	112
2R	20653790	20653822	Deletion	32
2R	20653792	20653822	Deletion	30
2R	20657534	20653822	Deletion	3712
2R	20657534	20657628	Deletion	94
2R	20657534	20657634	Deletion	100
2R	20659144	20659260	Deletion	116
2R	20659155	20659260	Deletion	105
2R	20659162	20659260	Deletion	98
2R	20659185	20659260	Deletion	75
2R	20661876	20659260	Deletion	2616
2R	20661876	20661986	Deletion	110
2R	20663200	20663316	Deletion	116
2R	20663223	20663316	Deletion	93
2R	20663269	20663316	Deletion	47
2R	20663279	20663316	Deletion	37
2R	20663374	20663316	Deletion	58
2R	20663374	20663453	Deletion	79
2R	20663374	20663495	Deletion	121
2R	20663374	20663407	Deletion	33
2R	20714026	20714098	Deletion	72
2R	20714047	20714098	Deletion	51
2R	20716033	20716149	Deletion	116
2R	20716033	20716108	Deletion	75
2R	20716033	20716142	Deletion	109
2R	20716033	20716146	Deletion	113
2R	20720121	20720223	Deletion	102
2R	20720125	20720223	Deletion	98
2R	20720152	20720223	Deletion	71
2R	20720190	20720223	Deletion	33
2R	20720759	20720223	Deletion	536
2R	20720759	20720814	Deletion	55
2R	20720759	20720870	Deletion	111
2R	20720759	20720852	Deletion	93
2R	20728313	20728377	Deletion	64
2R	20728318	20728377	Deletion	59
2R	20728334	20728377	Deletion	43
2R	20731071	20728377	Deletion	2694
2R	20731071	20731156	Deletion	85
2R	20731071	20731140	Deletion	69
2R	20731071	20731135	Deletion	64
2R	20731071	20731129	Deletion	58
2R	20747135	20747225	Deletion	90
2R	20747135	20747196	Deletion	61
2R	20747135	20747208	Deletion	73
2R	20747135	20747168	Deletion	33
2R	20747135	20747241	Deletion	106
2R	20749234	20749354	Deletion	120
2R	20749249	20749354	Deletion	105
2R	20749252	20749354	Deletion	102
2R	20749270	20749354	Deletion	84
2R	20749275	20749354	Deletion	79
2R	20749276	20749354	Deletion	78
2R	20749279	20749354	Deletion	75
2R	20749284	20749354	Deletion	70
2R	20749289	20749354	Deletion	65
2R	20749292	20749354	Deletion	62
2R	20749303	20749354	Deletion	51
2R	20749322	20749354	Deletion	32
2R	20752305	20752382	Deletion	77
2R	20752305	20752349	Deletion	44
2R	20752305	20752371	Deletion	66
2R	20752305	20752368	Deletion	63
2R	20752305	20752354	Deletion	49
2R	20752305	20752401	Deletion	96
2R	20752305	20752358	Deletion	53
2R	20752305	20752363	Deletion	58
2R	20752305	20752415	Deletion	110
2R	20761785	20761882	Deletion	97
2R	20761793	20761882	Deletion	89
2R	20761814	20761882	Deletion	68
2R	20761835	20761882	Deletion	47
2R	20761840	20761882	Deletion	42
2R	20773232	20761882	Deletion	11350
2R	20773232	20773271	Deletion	39
2R	20773232	20773262	Deletion	30
2R	20773232	20773313	Deletion	81
2R	20773232	20773318	Deletion	86
2R	20773232	20773263	Deletion	31
2R	20780470	20780461	Deletion	9
2R	20780471	20780584	Deletion	113
2R	20780474	20780584	Deletion	110
2R	20780479	20780584	Deletion	105
2R	20780807	20780707	Deletion	100
2R	20780807	20780888	Deletion	81
2R	20780807	20780897	Deletion	90
2R	20780807	20780827	Deletion	20
2R	20780807	20780859	Deletion	52
2R	20780807	20780904	Deletion	97
2R	20780807	20780834	Deletion	27
2R	20780807	20780829	Deletion	22
2R	20780807	20780891	Deletion	84
2R	20797769	20797873	Deletion	104
2R	20797800	20797873	Deletion	73
2R	20797814	20797873	Deletion	59
2R	20808781	20797873	Deletion	10908
2R	20808781	20808851	Deletion	70
2R	20808781	20808837	Deletion	56
2R	20808781	20808896	Deletion	115
2R	20808781	20808892	Deletion	111
2R	20838528	20838641	Deletion	113
2R	20838536	20838641	Deletion	105
2R	20838543	20838641	Deletion	98
2R	20840010	20838641	Deletion	1369
2R	20847824	20847937	Deletion	113
2R	20847861	20847937	Deletion	76
2R	20847885	20847937	Deletion	52
2R	20847892	20847937	Deletion	45
2R	20847900	20847937	Deletion	37
2R	20848906	20847937	Deletion	969
2R	20848906	20848981	Deletion	75
2R	20848906	20849028	Deletion	122
2R	20848906	20848988	Deletion	82
2R	20848906	20848996	Deletion	90
2R	20850211	20850285	Deletion	74
2R	20850215	20850285	Deletion	70
2R	20850220	20850285	Deletion	65
2R	20850415	20850477	Deletion	62
2R	20850415	20850468	Deletion	53
2R	20860500	20860602	Deletion	102
2R	20860538	20860602	Deletion	64
2R	20875327	20860602	Deletion	14725
2R	20875327	20875389	Deletion	62
2R	20879739	20879842	Deletion	103
2R	20879741	20879842	Deletion	101
2R	20879772	20879842	Deletion	70
2R	20879773	20879842	Deletion	69
2R	20879784	20879842	Deletion	58
2R	20881774	20879842	Deletion	1932
2R	20881774	20881831	Deletion	57
2R	20881774	20881832	Deletion	58
2R	20881774	20881843	Deletion	69
2R	20881774	20881875	Deletion	101
2R	20881774	20881897	Deletion	123
2R	20885534	20885606	Deletion	72
2R	20885546	20885606	Deletion	60
2R	20885576	20885606	Deletion	30
2R	20888891	20885606	Deletion	3285
2R	20888891	20888945	Deletion	54
2R	20888891	20888988	Deletion	97
2R	20888891	20888946	Deletion	55
2R	20917380	20917496	Deletion	116
2R	20917405	20917496	Deletion	91
2R	20917413	20917496	Deletion	83
2R	20917424	20917496	Deletion	72
2R	20917447	20917496	Deletion	49
2R	20917457	20917496	Deletion	39
2R	20923572	20917496	Deletion	6076
2R	20923572	20923649	Deletion	77
2R	20923572	20923659	Deletion	87
2R	20923572	20923607	Deletion	35
2R	20923572	20923615	Deletion	43
2R	20923572	20923626	Deletion	54
2R	20924479	20924554	Deletion	75
2R	20924486	20924554	Deletion	68
2R	20933096	20924554	Deletion	8542
2R	20933096	20933155	Deletion	59
2R	20933096	20933203	Deletion	107
2R	20933096	20933213	Deletion	117
2R	20933096	20933148	Deletion	52
2R	20933096	20933212	Deletion	116
2R	20934752	20934869	Deletion	117
2R	20934758	20934869	Deletion	111
2R	20934788	20934869	Deletion	81
2R	20934789	20934869	Deletion	80
2R	20934790	20934869	Deletion	79
2R	20934819	20934869	Deletion	50
2R	20934828	20934869	Deletion	41
2R	20934829	20934868	Deletion	39
2R	20934837	20934869	Deletion	32
2R	20935120	20934869	Deletion	251
2R	20935120	20935230	Deletion	110
2R	20935120	20935167	Deletion	47
2R	20935120	20935165	Deletion	45
2R	20935120	20935205	Deletion	85
2R	20935120	20935196	Deletion	76
2R	20935120	20935214	Deletion	94
2R	20935120	20935206	Deletion	86
2R	20953604	20951466	Deletion	2138
2R	20953604	20953660	Deletion	56
2R	20973485	20973525	Deletion	40
2R	20973490	20973525	Deletion	35
2R	20975327	20973525	Deletion	1802
2R	20975327	20975419	Deletion	92
2R	20977588	20977690	Deletion	102
2R	20977595	20977690	Deletion	95
2R	20977610	20977690	Deletion	80
2R	20977630	20977690	Deletion	60
2R	20977648	20977690	Deletion	42
2R	20979349	20977690	Deletion	1659
2R	20979349	20979395	Deletion	46
2R	20979349	20979434	Deletion	85
2R	20979349	20979380	Deletion	31
2R	20991472	20991562	Deletion	90
2R	20991480	20991562	Deletion	82
2R	20991506	20991562	Deletion	56
2R	20991514	20991562	Deletion	48
2R	20991777	20991822	Deletion	45
2R	20991777	20991814	Deletion	37
2R	20991777	20991856	Deletion	79
2R	20996352	20996411	Deletion	59
2R	20996578	20996411	Deletion	167
2R	20996578	20996645	Deletion	67
2R	20996578	20996692	Deletion	114
2R	20996578	20996700	Deletion	122
2R	21002344	21002432	Deletion	88
2R	21002370	21002432	Deletion	62
2R	21002372	21002432	Deletion	60
2R	21002386	21002432	Deletion	46
2R	21002394	21002432	Deletion	38
2R	21013342	21013409	Deletion	67
2R	21013342	21013425	Deletion	83
2R	21013342	21013383	Deletion	41
2R	21013342	21013411	Deletion	69
2R	21023908	21023969	Deletion	61
2R	21023914	21023969	Deletion	55
2R	21026758	21023965	Deletion	2793
2R	21026758	21026862	Deletion	104
2R	21026758	21026868	Deletion	110
2R	21026758	21026824	Deletion	66
2R	21026758	21026865	Deletion	107
2R	21026763	21026802	Deletion	39
2R	21046550	21046591	Deletion	41
2R	21046669	21046591	Deletion	78
2R	21046669	21046776	Deletion	107
2R	21046669	21046786	Deletion	117
2R	21046669	21046755	Deletion	86
2R	21078065	21078166	Deletion	101
2R	21078080	21078166	Deletion	86
2R	21078097	21078166	Deletion	69
2R	21078104	21078166	Deletion	62
2R	21078131	21078166	Deletion	35
2R	21078322	21078386	Deletion	64
2R	21078322	21078421	Deletion	99
2R	21078322	21078379	Deletion	57
2R	21078322	21078362	Deletion	40
2R	21084532	21084615	Deletion	83
2R	21084537	21084615	Deletion	78
2R	21084549	21084615	Deletion	66
2R	21084569	21084615	Deletion	46
2R	21084572	21084615	Deletion	43
2R	21085692	21084615	Deletion	1077
2R	21085692	21085775	Deletion	83
2R	21085692	21085735	Deletion	43
2R	21085692	21085752	Deletion	60
2R	21085692	21085740	Deletion	48
2R	21097673	21097739	Deletion	66
2R	21097695	21097739	Deletion	44
2R	21099244	21097739	Deletion	1505
2R	21099244	21099327	Deletion	83
2R	21118415	21118496	Deletion	81
2R	21118462	21118496	Deletion	34
2R	21118546	21118496	Deletion	50
2R	21118546	21118664	Deletion	118
2R	21118546	21118663	Deletion	117
2R	21118546	21118647	Deletion	101
2R	21118546	21118638	Deletion	92
2R	21120427	21120538	Deletion	111
2R	21120467	21120538	Deletion	71
2R	21123415	21120538	Deletion	2877
2R	21127374	21127494	Deletion	120
2R	21127382	21127494	Deletion	112
2R	21127394	21127494	Deletion	100
2R	21127395	21127494	Deletion	99
2R	21135329	21127494	Deletion	7835
2R	21147587	21147630	Deletion	43
2R	21147592	21147630	Deletion	38
2R	21147593	21147630	Deletion	37
2R	21147680	21147630	Deletion	50
2R	21147680	21147801	Deletion	121
2R	21147680	21147757	Deletion	77
2R	21147680	21147770	Deletion	90
2R	21147680	21147769	Deletion	89
2R	21151107	21151219	Deletion	112
2R	21151142	21151219	Deletion	77
2R	21170046	21170150	Deletion	104
2R	21170062	21170150	Deletion	88
2R	21170100	21170150	Deletion	50
2R	21170102	21170150	Deletion	48
2R	21172387	21170150	Deletion	2237
2R	21172387	21172492	Deletion	105
2R	21172387	21172426	Deletion	39
2R	21172387	21172464	Deletion	77
2R	21172387	21172466	Deletion	79
2R	21222926	21223030	Deletion	104
2R	21222936	21223030	Deletion	94
2R	21222969	21223030	Deletion	61
2R	21222982	21223030	Deletion	48
2R	21222983	21223030	Deletion	47
2R	21222988	21223030	Deletion	42
2R	21222993	21223030	Deletion	37
2R	21223124	21223030	Deletion	94
2R	21223124	21223208	Deletion	84
2R	21223124	21223213	Deletion	89
2R	21223124	21223202	Deletion	78
2R	21223124	21223156	Deletion	32
2R	21223124	21223189	Deletion	65
2R	21223124	21223238	Deletion	114
2R	21223124	21223203	Deletion	79
2R	21250230	21250335	Deletion	105
2R	21250259	21250335	Deletion	76
2R	21250268	21250335	Deletion	67
2R	21250290	21250335	Deletion	45
2R	21250299	21250335	Deletion	36
2R	21251779	21250335	Deletion	1444
2R	21251779	21251830	Deletion	51
2R	21251779	21251861	Deletion	82
2R	21251779	21251870	Deletion	91
2R	21268928	21269007	Deletion	79
2R	21268971	21269007	Deletion	36
2R	21271486	21269007	Deletion	2479
2R	21271486	21271537	Deletion	51
2R	21271486	21271580	Deletion	94
2R	21275877	21275983	Deletion	106
2R	21275933	21275983	Deletion	50
2R	21275939	21275983	Deletion	44
2R	21276034	21275983	Deletion	51
2R	21276034	21276111	Deletion	77
2R	21276034	21276117	Deletion	83
2R	21297240	21279128	Deletion	18112
2R	21297240	21297337	Deletion	97
2R	21300184	21300274	Deletion	90
2R	21300193	21300274	Deletion	81
2R	21300225	21300274	Deletion	49
2R	21301994	21300274	Deletion	1720
2R	21301994	21302117	Deletion	123
2R	21301994	21302039	Deletion	45
2R	21301994	21302030	Deletion	36
2R	21301994	21302029	Deletion	35
2R	21302100	21302143	Deletion	43
2R	21302113	21302143	Deletion	30
2R	21302897	21302143	Deletion	754
2R	21302897	21302994	Deletion	97
2R	21302897	21303018	Deletion	121
2R	21302897	21303009	Deletion	112
2R	21302897	21302980	Deletion	83
2R	21302897	21302981	Deletion	84
2R	21302897	21303019	Deletion	122
2R	21308765	21308882	Deletion	117
2R	21308766	21308887	Deletion	121
2R	21308813	21308887	Deletion	74
2R	21308821	21308887	Deletion	66
2R	21308829	21308887	Deletion	58
2R	21312159	21308887	Deletion	3272
2R	21312159	21312211	Deletion	52
2R	21312159	21312268	Deletion	109
2R	21312159	21312252	Deletion	93
2R	21312159	21312227	Deletion	68
2R	21321284	21321355	Deletion	71
2R	21321296	21321355	Deletion	59
2R	21322531	21321355	Deletion	1176
2R	21322531	21322600	Deletion	69
2R	21322531	21322652	Deletion	121
2R	21322531	21322588	Deletion	57
2R	21322531	21322655	Deletion	124
2R	21322531	21322641	Deletion	110
2R	21323751	21323809	Deletion	58
2R	21323756	21323809	Deletion	53
2R	21327730	21323809	Deletion	3921
2R	21327730	21327805	Deletion	75
2R	21327730	21327800	Deletion	70
2R	21328583	21328692	Deletion	109
2R	21328584	21328692	Deletion	108
2R	21328596	21328692	Deletion	96
2R	21328602	21328692	Deletion	90
2R	21328660	21328692	Deletion	32
2R	21335825	21335946	Deletion	121
2R	21335825	21335855	Deletion	30
2R	21335825	21335861	Deletion	36
2R	21335825	21335919	Deletion	94
2R	21340864	21340962	Deletion	98
2R	21341174	21340962	Deletion	212
2R	21357362	21357480	Deletion	118
2R	21357389	21357480	Deletion	91
2R	21357394	21357480	Deletion	86
2R	21357399	21357480	Deletion	81
2R	21357404	21357480	Deletion	76
2R	21357411	21357480	Deletion	69
2R	21357418	21357480	Deletion	62
2R	21357431	21357480	Deletion	49
2R	21360822	21357480	Deletion	3342
2R	21360822	21360881	Deletion	59
2R	21360822	21360869	Deletion	47
2R	21360822	21360888	Deletion	66
2R	21360822	21360901	Deletion	79
2R	21360822	21360874	Deletion	52
2R	21360822	21360859	Deletion	37
2R	21360822	21360864	Deletion	42
2R	21365603	21365683	Deletion	80
2R	21365645	21365683	Deletion	38
2R	21374763	21365683	Deletion	9080
2R	21374763	21374810	Deletion	47
2R	21374763	21374852	Deletion	89
2R	21378994	21379054	Deletion	60
2R	21379018	21379054	Deletion	36
2R	21379023	21379054	Deletion	31
2R	21379024	21379054	Deletion	30
2R	21391650	21379054	Deletion	12596
2R	21391650	21391746	Deletion	96
2R	21391650	21391716	Deletion	66
2R	21391650	21391745	Deletion	95
2R	21391650	21391740	Deletion	90
2R	21395549	21395623	Deletion	74
2R	21395586	21395623	Deletion	37
2R	21398187	21395623	Deletion	2564
2R	21398187	21398294	Deletion	107
2R	21398187	21398276	Deletion	89
2R	21398187	21398285	Deletion	98
2R	21398792	21398896	Deletion	104
2R	21398844	21398896	Deletion	52
2R	21413960	21398896	Deletion	15064
2R	21414499	21414009	Deletion	490
2R	21414499	21414542	Deletion	43
2R	21426589	21426673	Deletion	84
2R	21426592	21426673	Deletion	81
2R	21426604	21426673	Deletion	69
2R	21434451	21426673	Deletion	7778
2R	21434451	21434498	Deletion	47
2R	21434451	21434495	Deletion	44
2R	21446773	21446811	Deletion	38
2R	21446866	21446811	Deletion	55
2R	21446866	21446954	Deletion	88
2R	21446866	21446965	Deletion	99
2R	21446866	21446901	Deletion	35
2R	21452289	21452338	Deletion	49
2R	21452290	21452338	Deletion	48
2R	21452297	21452338	Deletion	41
2R	21452448	21452338	Deletion	110
2R	21452448	21452550	Deletion	102
2R	21452448	21452526	Deletion	78
2R	21452448	21452534	Deletion	86
2R	21463758	21463862	Deletion	104
2R	21463758	21463871	Deletion	113
2R	21466684	21466779	Deletion	95
2R	21466686	21466779	Deletion	93
2R	21466713	21466779	Deletion	66
2R	21466719	21466779	Deletion	60
2R	21466728	21466779	Deletion	51
2R	21466734	21466779	Deletion	45
2R	21466737	21466779	Deletion	42
2R	21466739	21466779	Deletion	40
2R	21467008	21466779	Deletion	229
2R	21467008	21467039	Deletion	31
2R	21467008	21467094	Deletion	86
2R	21467008	21467041	Deletion	33
2R	21467008	21467068	Deletion	60
2R	21467008	21467083	Deletion	75
2R	21467008	21467074	Deletion	66
2R	21467013	21467092	Deletion	79
2R	21469062	21469161	Deletion	99
2R	21469103	21469161	Deletion	58
2R	21469131	21469161	Deletion	30
2R	21471457	21469161	Deletion	2296
2R	21471457	21471578	Deletion	121
2R	21471457	21471570	Deletion	113
2R	21471457	21471526	Deletion	69
2R	21471457	21471561	Deletion	104
2R	21486935	21487038	Deletion	103
2R	21486960	21487038	Deletion	78
2R	21487716	21487038	Deletion	678
2R	21541547	21541579	Deletion	32
2R	21550073	21550170	Deletion	97
2R	21550087	21550170	Deletion	83
2R	21550095	21550170	Deletion	75
2R	21550107	21550170	Deletion	63
2R	21550121	21550170	Deletion	49
2R	21550139	21550170	Deletion	31
2R	21550752	21550170	Deletion	582
2R	21550752	21550795	Deletion	43
2R	21550752	21550868	Deletion	116
2R	21550752	21550815	Deletion	63
2R	21550752	21550803	Deletion	51
2R	21550752	21550829	Deletion	77
2R	21569021	21569122	Deletion	101
2R	21569068	21569122	Deletion	54
2R	21569071	21569119	Deletion	48
2R	21569463	21569535	Deletion	72
2R	21571725	21571788	Deletion	63
2R	21571730	21571788	Deletion	58
2R	21572467	21571788	Deletion	679
2R	21572467	21572577	Deletion	110
2R	21572467	21572520	Deletion	53
2R	21572467	21572535	Deletion	68
2R	21574035	21574127	Deletion	92
2R	21574073	21574127	Deletion	54
2R	21574076	21574127	Deletion	51
2R	21584697	21574127	Deletion	10570
2R	21584697	21584809	Deletion	112
2R	21584697	21584770	Deletion	73
2R	21584697	21584811	Deletion	114
2R	21584697	21584730	Deletion	33
2R	21584697	21584773	Deletion	76
2R	21613735	21613843	Deletion	108
2R	21628023	21628112	Deletion	89
2R	21628050	21628112	Deletion	62
2R	21628071	21628112	Deletion	41
2R	21628075	21628112	Deletion	37
2R	21629369	21628112	Deletion	1257
2R	21629369	21629459	Deletion	90
2R	21629369	21629407	Deletion	38
2R	21629369	21629472	Deletion	103
2R	21629369	21629434	Deletion	65
2R	21638577	21638689	Deletion	112
2R	21638615	21638689	Deletion	74
2R	21638740	21638792	Deletion	52
2R	21638740	21638841	Deletion	101
2R	21642710	21642797	Deletion	87
2R	21642714	21642797	Deletion	83
2R	21642719	21642797	Deletion	78
2R	21642724	21642797	Deletion	73
2R	21642750	21642797	Deletion	47
2R	21642751	21642797	Deletion	46
2R	21642757	21642797	Deletion	40
2R	21642885	21642797	Deletion	88
2R	21642885	21642998	Deletion	113
2R	21642885	21642933	Deletion	48
2R	21642885	21642964	Deletion	79
2R	21642885	21642924	Deletion	39
2R	21642885	21642965	Deletion	80
2R	21642885	21642938	Deletion	53
2R	21642885	21642993	Deletion	108
2R	21642885	21642971	Deletion	86
2R	21642885	21642928	Deletion	43
2R	21671420	21671497	Deletion	77
2R	21671428	21671497	Deletion	69
2R	21672334	21671497	Deletion	837
2R	21672334	21672392	Deletion	58
2R	21672336	21672439	Deletion	103
2R	21683597	21683696	Deletion	99
2R	21683602	21683696	Deletion	94
2R	21683638	21683696	Deletion	58
2R	21683650	21683695	Deletion	45
2R	21683651	21683696	Deletion	45
2R	21690495	21683696	Deletion	6799
2R	21690497	21690565	Deletion	68
2R	21690497	21690620	Deletion	123
2R	21690497	21690596	Deletion	99
2R	21690497	21690578	Deletion	81
2R	21690497	21690577	Deletion	80
2R	21690497	21690529	Deletion	32
2R	21693985	21694101	Deletion	116
2R	21694014	21694101	Deletion	87
2R	21694017	21694101	Deletion	84
2R	21694033	21694101	Deletion	68
2R	21694050	21694101	Deletion	51
2R	21696986	21694101	Deletion	2885
2R	21696986	21697029	Deletion	43
2R	21696986	21697026	Deletion	40
2R	21696986	21697045	Deletion	59
2R	21707199	21707310	Deletion	111
2R	21707230	21707310	Deletion	80
2R	21707253	21707310	Deletion	57
2R	21707272	21707310	Deletion	38
2R	21707275	21707310	Deletion	35
2R	21707277	21707310	Deletion	33
2R	21707278	21707310	Deletion	32
2R	21707280	21707310	Deletion	30
2R	21707544	21707310	Deletion	234
2R	21707544	21707633	Deletion	89
2R	21707544	21707658	Deletion	114
2R	21707544	21707642	Deletion	98
2R	21707544	21707636	Deletion	92
2R	21707544	21707638	Deletion	94
2R	21707544	21707591	Deletion	47
2R	21707544	21707639	Deletion	95
2R	21707544	21707641	Deletion	97
2R	21716244	21716338	Deletion	94
2R	21716258	21716332	Deletion	74
2R	21716398	21716338	Deletion	60
2R	21716398	21716516	Deletion	118
2R	21716398	21716445	Deletion	47
2R	21716398	21716428	Deletion	30
2R	21718790	21718880	Deletion	90
2R	21718804	21718880	Deletion	76
2R	21718837	21718880	Deletion	43
2R	21718843	21718880	Deletion	37
2R	21718846	21718880	Deletion	34
2R	21723687	21718880	Deletion	4807
2R	21723687	21723790	Deletion	103
2R	21723687	21723738	Deletion	51
2R	21723687	21723777	Deletion	90
2R	21723687	21723780	Deletion	93
2R	21723687	21723771	Deletion	84
2R	21732973	21733028	Deletion	55
2R	21732976	21733028	Deletion	52
2R	21732977	21733028	Deletion	51
2R	21732994	21733028	Deletion	34
2R	21732997	21733028	Deletion	31
2R	21733160	21733028	Deletion	132
2R	21733160	21733255	Deletion	95
2R	21733160	21733206	Deletion	46
2R	21733160	21733235	Deletion	75
2R	21733160	21733234	Deletion	74
2R	21733160	21733231	Deletion	71
2R	21736184	21736295	Deletion	111
2R	21736233	21736295	Deletion	62
2R	21762162	21762276	Deletion	114
2R	21762189	21762276	Deletion	87
2R	21762214	21762276	Deletion	62
2R	21762219	21762276	Deletion	57
2R	21764188	21762276	Deletion	1912
2R	21764188	21764252	Deletion	64
2R	21764188	21764227	Deletion	39
2R	21764188	21764301	Deletion	113
2R	21771834	21771924	Deletion	90
2R	21771875	21771924	Deletion	49
2R	21771876	21771924	Deletion	48
2R	21771880	21771924	Deletion	44
2R	21777961	21771924	Deletion	6037
2R	21777961	21778044	Deletion	83
2R	21777961	21777993	Deletion	32
2R	21777961	21778040	Deletion	79
2R	21779130	21779195	Deletion	65
2R	21779141	21779195	Deletion	54
2R	21781545	21779195	Deletion	2350
2R	21781545	21781617	Deletion	72
2R	21781545	21781606	Deletion	61
2R	21781545	21781663	Deletion	118
2R	21781545	21781666	Deletion	121
2R	21787731	21787825	Deletion	94
2R	21787752	21787825	Deletion	73
2R	21790855	21790975	Deletion	120
2R	21790855	21790888	Deletion	33
2R	21790855	21790955	Deletion	100
2R	21809057	21809171	Deletion	114
2R	21809068	21809171	Deletion	103
2R	21809111	21809171	Deletion	60
2R	21809117	21809171	Deletion	54
2R	21809133	21809171	Deletion	38
2R	21809139	21809171	Deletion	32
2R	21809237	21809171	Deletion	66
2R	21809237	21809331	Deletion	94
2R	21809237	21809325	Deletion	88
2R	21809237	21809309	Deletion	72
2R	21833887	21833989	Deletion	102
2R	21833901	21833989	Deletion	88
2R	21833932	21833989	Deletion	57
2R	21833952	21833989	Deletion	37
2R	21833954	21833989	Deletion	35
2R	21835527	21833989	Deletion	1538
2R	21835527	21835617	Deletion	90
2R	21835527	21835566	Deletion	39
2R	21835527	21835619	Deletion	92
2R	21839280	21839394	Deletion	114
2R	21839289	21839394	Deletion	105
2R	21839311	21839394	Deletion	83
2R	21839322	21839394	Deletion	72
2R	21839338	21839394	Deletion	56
2R	21840572	21839394	Deletion	1178
2R	21840572	21840695	Deletion	123
2R	21840572	21840686	Deletion	114
2R	21840572	21840626	Deletion	54
2R	21840572	21840642	Deletion	70
2R	21840572	21840679	Deletion	107
2R	21842956	21843064	Deletion	108
2R	21842971	21843064	Deletion	93
2R	21843006	21843064	Deletion	58
2R	21843013	21843064	Deletion	51
2R	21863163	21843064	Deletion	20099
2R	21863163	21863232	Deletion	69
2R	21863163	21863197	Deletion	34
2R	21869374	21864599	Deletion	4775
2R	21869374	21869487	Deletion	113
2R	21869374	21869478	Deletion	104
2R	21869374	21869488	Deletion	114
2R	21871033	21871095	Deletion	62
2R	21871039	21871095	Deletion	56
2R	21871058	21871095	Deletion	37
2R	21871712	21871095	Deletion	617
2R	21871712	21871802	Deletion	90
2R	21871712	21871814	Deletion	102
2R	21871712	21871783	Deletion	71
2R	21897456	21897568	Deletion	112
2R	21897461	21897568	Deletion	107
2R	21897463	21897568	Deletion	105
2R	21897480	21897568	Deletion	88
2R	21897492	21897568	Deletion	76
2R	21897504	21897568	Deletion	64
2R	21897506	21897568	Deletion	62
2R	21897508	21897568	Deletion	60
2R	21897534	21897568	Deletion	34
2R	21944670	21897568	Deletion	47102
2R	21944670	21944734	Deletion	64
2R	21944670	21944783	Deletion	113
2R	21944670	21944720	Deletion	50
2R	21944670	21944736	Deletion	66
2R	21944670	21944708	Deletion	38
2R	21944670	21944732	Deletion	62
2R	21944670	21944762	Deletion	92
2R	21944670	21944791	Deletion	121
2R	21947300	21947383	Deletion	83
2R	21947318	21947383	Deletion	65
2R	21947323	21947383	Deletion	60
2R	21951921	21951982	Deletion	61
2R	21951921	21952022	Deletion	101
2R	21951921	21952038	Deletion	117
2R	21951921	21951987	Deletion	66
2R	21951921	21952036	Deletion	115
2R	22003038	22003134	Deletion	96
2R	22003067	22003134	Deletion	67
2R	22003298	22003134	Deletion	164
2R	22003298	22003328	Deletion	30
2R	22011649	22011713	Deletion	64
2R	22011652	22011713	Deletion	61
2R	22011660	22011713	Deletion	53
2R	22012265	22011713	Deletion	552
2R	22012265	22012381	Deletion	116
2R	22012265	22012328	Deletion	63
2R	22012265	22012379	Deletion	114
2R	22012265	22012339	Deletion	74
2R	22012265	22012382	Deletion	117
2R	22012265	22012368	Deletion	103
2R	22012974	22013054	Deletion	80
2R	22012977	22013054	Deletion	77
2R	22013007	22013054	Deletion	47
2R	22013010	22013054	Deletion	44
2R	22013019	22013054	Deletion	35
2R	22040404	22013054	Deletion	27350
2R	22040404	22040495	Deletion	91
2R	22040404	22040450	Deletion	46
2R	22040404	22040521	Deletion	117
2R	22040404	22040486	Deletion	82
2R	22040404	22040483	Deletion	79
2R	22041811	22041900	Deletion	89
2R	22041814	22041900	Deletion	86
2R	22041862	22041900	Deletion	38
2R	22042012	22041900	Deletion	112
2R	22042012	22042053	Deletion	41
2R	22042012	22042125	Deletion	113
2R	22042012	22042050	Deletion	38
2R	22042012	22042101	Deletion	89
2R	22050412	22050488	Deletion	76
2R	22050420	22050488	Deletion	68
2R	22050424	22050488	Deletion	64
2R	22050454	22050488	Deletion	34
2R	22050643	22050488	Deletion	155
2R	22050643	22050693	Deletion	50
2R	22050643	22050751	Deletion	108
2R	22050643	22050701	Deletion	58
2R	22050643	22050705	Deletion	62
2R	22060141	22060245	Deletion	104
2R	22060146	22060245	Deletion	99
2R	22060172	22060245	Deletion	73
2R	22060176	22060245	Deletion	69
2R	22060189	22060245	Deletion	56
2R	22060197	22060245	Deletion	48
2R	22060199	22060245	Deletion	46
2R	22060214	22060245	Deletion	31
2R	22062109	22060245	Deletion	1864
2R	22062109	22062179	Deletion	70
2R	22062109	22062162	Deletion	53
2R	22062109	22062187	Deletion	78
2R	22062109	22062217	Deletion	108
2R	22062109	22062189	Deletion	80
2R	22062109	22062206	Deletion	97
2R	22062109	22062166	Deletion	57
2R	22073285	22073359	Deletion	74
2R	22073291	22073359	Deletion	68
2R	22073314	22073359	Deletion	45
2R	22074897	22073359	Deletion	1538
2R	22074897	22074957	Deletion	60
2R	22074897	22074980	Deletion	83
2R	22074897	22074948	Deletion	51
2R	22074897	22075000	Deletion	103
2R	22081630	22081742	Deletion	112
2R	22081672	22081742	Deletion	70
2R	22081673	22081742	Deletion	69
2R	22081805	22081741	Deletion	64
2R	22081805	22081862	Deletion	57
2R	22081805	22081913	Deletion	108
2R	22084814	22084924	Deletion	110
2R	22084818	22084924	Deletion	106
2R	22084829	22084924	Deletion	95
2R	22084893	22084924	Deletion	31
2R	22086596	22084924	Deletion	1672
2R	22086596	22086691	Deletion	95
2R	22086596	22086627	Deletion	31
2R	22086596	22086717	Deletion	121
2R	22086596	22086702	Deletion	106
2R	22086596	22086712	Deletion	116
2R	22107760	22107826	Deletion	66
2R	22110552	22107826	Deletion	2726
2R	22110552	22110661	Deletion	109
2R	22110552	22110657	Deletion	105
2R	22110552	22110610	Deletion	58
2R	22110552	22110613	Deletion	61
2R	22120875	22120939	Deletion	64
2R	22129271	22120939	Deletion	8332
2R	22129271	22129322	Deletion	51
2R	22129271	22129334	Deletion	63
2R	22129271	22129381	Deletion	110
2R	22134424	22134517	Deletion	93
2R	22134457	22134517	Deletion	60
2R	22135166	22134517	Deletion	649
2R	22135166	22135221	Deletion	55
2R	22135166	22135286	Deletion	120
2R	22135166	22135258	Deletion	92
2R	22138371	22138473	Deletion	102
2R	22138432	22138473	Deletion	41
2R	22138443	22138473	Deletion	30
2R	22138641	22138473	Deletion	168
2R	22138641	22138726	Deletion	85
2R	22140112	22140220	Deletion	108
2R	22140118	22140220	Deletion	102
2R	22140159	22140220	Deletion	61
2R	22140161	22140220	Deletion	59
2R	22140164	22140220	Deletion	56
2R	22145501	22145571	Deletion	70
2R	22145501	22145568	Deletion	67
2R	22169393	22169510	Deletion	117
2R	22169431	22169510	Deletion	79
2R	22169708	22169510	Deletion	198
2R	22169708	22169823	Deletion	115
2R	22169708	22169828	Deletion	120
2R	22169708	22169755	Deletion	47
2R	22169708	22169813	Deletion	105
2R	22169708	22169806	Deletion	98
2R	22175333	22175418	Deletion	85
2R	22175338	22175418	Deletion	80
2R	22175362	22175418	Deletion	56
2R	22180181	22175418	Deletion	4763
2R	22180181	22180229	Deletion	48
2R	22180181	22180304	Deletion	123
2R	22180181	22180280	Deletion	99
2R	22180181	22180253	Deletion	72
2R	22246360	22246442	Deletion	82
2R	22246392	22246442	Deletion	50
2R	22246401	22246442	Deletion	41
2R	22247905	22246442	Deletion	1463
2R	22247905	22247949	Deletion	44
2R	22247905	22248006	Deletion	101
2R	22247905	22247990	Deletion	85
2R	22253803	22253889	Deletion	86
2R	22253825	22253889	Deletion	64
2R	22253827	22253889	Deletion	62
2R	22261171	22253889	Deletion	7282
2R	22261171	22261234	Deletion	63
2R	22261171	22261236	Deletion	65
2R	22263712	22263770	Deletion	58
2R	22265734	22263770	Deletion	1964
2R	22265734	22265802	Deletion	68
2R	22311146	22311245	Deletion	99
2R	22311147	22311245	Deletion	98
2R	22311165	22311245	Deletion	80
2R	22311173	22311245	Deletion	72
2R	22311200	22311245	Deletion	45
2R	22311201	22311245	Deletion	44
2R	22311205	22311242	Deletion	37
2R	22318563	22311245	Deletion	7318
2R	22318563	22318661	Deletion	98
2R	22318563	22318645	Deletion	82
2R	22318563	22318666	Deletion	103
2R	22318563	22318649	Deletion	86
2R	22318563	22318617	Deletion	54
2R	22318563	22318609	Deletion	46
2R	22318563	22318681	Deletion	118
2R	22331900	22331999	Deletion	99
2R	22331901	22331999	Deletion	98
2R	22331915	22331999	Deletion	84
2R	22331946	22331999	Deletion	53
2R	22331959	22331999	Deletion	40
2R	22331969	22331999	Deletion	30
2R	22339274	22331999	Deletion	7275
2R	22339274	22339390	Deletion	116
2R	22339274	22339370	Deletion	96
2R	22339274	22339360	Deletion	86
2R	22339274	22339316	Deletion	42
2R	22339702	22339813	Deletion	111
2R	22339712	22339813	Deletion	101
2R	22339739	22339813	Deletion	74
2R	22339741	22339813	Deletion	72
2R	22339895	22339813	Deletion	82
2R	22339895	22339951	Deletion	56
2R	22339895	22340001	Deletion	106
2R	22368140	22368245	Deletion	105
2R	22368177	22368245	Deletion	68
2R	22368184	22368245	Deletion	61
2R	22368207	22368245	Deletion	38
2R	22368804	22368245	Deletion	559
2R	22368804	22368871	Deletion	67
2R	22368804	22368864	Deletion	60
2R	22372822	22372915	Deletion	93
2R	22372844	22372915	Deletion	71
2R	22372847	22372915	Deletion	68
2R	22372850	22372915	Deletion	65
2R	22372852	22372915	Deletion	63
2R	22372866	22372915	Deletion	49
2R	22372872	22372915	Deletion	43
2R	22372976	22372915	Deletion	61
2R	22372976	22373012	Deletion	36
2R	22372976	22373083	Deletion	107
2R	22372976	22373099	Deletion	123
2R	22372976	22373042	Deletion	66
2R	22372976	22373034	Deletion	58
2R	22372976	22373091	Deletion	115
2R	22372976	22373037	Deletion	61
2R	22372976	22373056	Deletion	80
2R	22372976	22373009	Deletion	33
2R	22372976	22373079	Deletion	103
2R	22372976	22373040	Deletion	64
2R	22373871	22373980	Deletion	109
2R	22373947	22373980	Deletion	33
2R	22376147	22373980	Deletion	2167
2R	22376147	22376240	Deletion	93
2R	22420338	22420434	Deletion	96
2R	22420354	22420434	Deletion	80
2R	22420356	22420434	Deletion	78
2R	22420364	22420434	Deletion	70
2R	22420366	22420434	Deletion	68
2R	22420367	22420434	Deletion	67
2R	22420392	22420434	Deletion	42
2R	22429775	22420434	Deletion	9341
2R	22429775	22429891	Deletion	116
2R	22429775	22429831	Deletion	56
2R	22429775	22429859	Deletion	84
2R	22429775	22429834	Deletion	59
2R	22429775	22429823	Deletion	48
2R	22429775	22429833	Deletion	58
2R	22429775	22429805	Deletion	30
2R	22429845	22429965	Deletion	120
2R	22429847	22429965	Deletion	118
2R	22429852	22429965	Deletion	113
2R	22429858	22429965	Deletion	107
2R	22429921	22429965	Deletion	44
2R	22430516	22429965	Deletion	551
2R	22430516	22430623	Deletion	107
2R	22430516	22430631	Deletion	115
2R	22430516	22430598	Deletion	82
2R	22434763	22434846	Deletion	83
2R	22439228	22434846	Deletion	4382
2R	22439228	22439272	Deletion	44
2R	22439228	22439343	Deletion	115
2R	22439228	22439332	Deletion	104
2R	22455396	22455492	Deletion	96
2R	22455425	22455492	Deletion	67
2R	22455435	22455492	Deletion	57
2R	22455462	22455492	Deletion	30
2R	22460116	22455492	Deletion	4624
2R	22460116	22460212	Deletion	96
2R	22460116	22460146	Deletion	30
2R	22460116	22460185	Deletion	69
2R	22517820	22517906	Deletion	86
2R	22518288	22517906	Deletion	382
2R	22518288	22518328	Deletion	40
2R	22518288	22518381	Deletion	93
2R	22518288	22518404	Deletion	116
2R	22518288	22518388	Deletion	100
2R	22519673	22519721	Deletion	48
2R	22519682	22519721	Deletion	39
2R	22520441	22520528	Deletion	87
2R	22520441	22520519	Deletion	78
2R	22520441	22520508	Deletion	67
2R	22520441	22520563	Deletion	122
2R	22537129	22537198	Deletion	69
2R	22537136	22537198	Deletion	62
2R	22537146	22537198	Deletion	52
2R	22537149	22537198	Deletion	49
2R	22537556	22537198	Deletion	358
2R	22537556	22537656	Deletion	100
2R	22537556	22537673	Deletion	117
2R	22537556	22537621	Deletion	65
2R	22537556	22537631	Deletion	75
2R	22537556	22537634	Deletion	78
2R	22537556	22537587	Deletion	31
2R	22538489	22538604	Deletion	115
2R	22538494	22538604	Deletion	110
2R	22538541	22538604	Deletion	63
2R	22538551	22538604	Deletion	53
2R	22538552	22538604	Deletion	52
2R	22538559	22538604	Deletion	45
2R	22538561	22538604	Deletion	43
2R	22548372	22538604	Deletion	9768
2R	22548372	22548456	Deletion	84
2R	22548372	22548436	Deletion	64
2R	22548372	22548454	Deletion	82
2R	22548372	22548446	Deletion	74
2R	22548373	22548447	Deletion	74
2R	22556954	22557051	Deletion	97
2R	22559228	22557051	Deletion	2177
2R	22559228	22559343	Deletion	115
2R	22559228	22559346	Deletion	118
2R	22559228	22559340	Deletion	112
2R	22561168	22561256	Deletion	88
2R	22563595	22563716	Deletion	121
2R	22572827	22572901	Deletion	74
2R	22572839	22572901	Deletion	62
2R	22573420	22572901	Deletion	519
2R	22573420	22573484	Deletion	64
2R	22583121	22583210	Deletion	89
2R	22593022	22593113	Deletion	91
2R	22593027	22593113	Deletion	86
2R	22593073	22593113	Deletion	40
2R	22602306	22593113	Deletion	9193
2R	22602306	22602414	Deletion	108
2R	22602306	22602394	Deletion	88
2R	22602306	22602348	Deletion	42
2R	22620076	22620144	Deletion	68
2R	22620078	22620144	Deletion	66
2R	22620085	22620144	Deletion	59
2R	22620095	22620144	Deletion	49
2R	22620105	22620144	Deletion	39
2R	22622850	22620144	Deletion	2706
2R	22622850	22622938	Deletion	88
2R	22622850	22622918	Deletion	68
2R	22622850	22622909	Deletion	59
2R	22622850	22622969	Deletion	119
2R	22622850	22622911	Deletion	61
2R	22622850	22622968	Deletion	118
2R	22639076	22639161	Deletion	85
2R	22639098	22639161	Deletion	63
2R	22639131	22639161	Deletion	30
2R	22647353	22639161	Deletion	8192
2R	22647353	22647450	Deletion	97
2R	22647353	22647395	Deletion	42
2R	22647353	22647417	Deletion	64
2R	22674212	22674324	Deletion	112
2R	22674213	22674324	Deletion	111
2R	22674214	22674324	Deletion	110
2R	22674234	22674324	Deletion	90
2R	22674235	22674324	Deletion	89
2R	22674243	22674324	Deletion	81
2R	22674271	22674324	Deletion	53
2R	22675935	22674324	Deletion	1611
2R	22675935	22676054	Deletion	119
2R	22675935	22675980	Deletion	45
2R	22675935	22676046	Deletion	111
2R	22675935	22676041	Deletion	106
2R	22675935	22676008	Deletion	73
2R	22675935	22676053	Deletion	118
2R	22695719	22695805	Deletion	86
2R	22695749	22695805	Deletion	56
2R	22695770	22695805	Deletion	35
2R	22695872	22695805	Deletion	67
2R	22695872	22695910	Deletion	38
2R	22695872	22695943	Deletion	71
2R	22695872	22695913	Deletion	41
2R	22701749	22701851	Deletion	102
2R	22701753	22701851	Deletion	98
2R	22701774	22701851	Deletion	77
2R	22701786	22701851	Deletion	65
2R	22703989	22701851	Deletion	2138
2R	22703989	22704038	Deletion	49
2R	22713856	22713934	Deletion	78
2R	22713857	22713934	Deletion	77
2R	22713859	22713934	Deletion	75
2R	22713876	22713934	Deletion	58
2R	22713894	22713934	Deletion	40
2R	22715093	22713934	Deletion	1159
2R	22715093	22715141	Deletion	48
2R	22715093	22715214	Deletion	121
2R	22715093	22715179	Deletion	86
2R	22715093	22715206	Deletion	113
2R	22715093	22715161	Deletion	68
2R	22715093	22715142	Deletion	49
2R	22722224	22722338	Deletion	114
2R	22722258	22722338	Deletion	80
2R	22722282	22722338	Deletion	56
2R	22722298	22722338	Deletion	40
2R	22722301	22722338	Deletion	37
2R	22722306	22722338	Deletion	32
2R	22729584	22722338	Deletion	7246
2R	22729584	22729708	Deletion	124
2R	22729584	22729706	Deletion	122
2R	22729584	22729630	Deletion	46
2R	22729584	22729670	Deletion	86
2R	22729584	22729654	Deletion	70
2R	22729584	22729673	Deletion	89
2R	22738871	22738934	Deletion	63
2R	22738886	22738934	Deletion	48
2R	22738890	22738934	Deletion	44
2R	22739462	22738934	Deletion	528
2R	22739462	22739575	Deletion	113
2R	22739462	22739525	Deletion	63
2R	22739462	22739544	Deletion	82
2R	22739462	22739540	Deletion	78
2R	22764075	22764173	Deletion	98
2R	22764086	22764173	Deletion	87
2R	22764095	22764173	Deletion	78
2R	22764103	22764173	Deletion	70
2R	22764134	22764173	Deletion	39
2R	22764140	22764173	Deletion	33
2R	22767937	22764173	Deletion	3764
2R	22767937	22768030	Deletion	93
2R	22767937	22768024	Deletion	87
2R	22767937	22767985	Deletion	48
2R	22767937	22767976	Deletion	39
2R	22793439	22793534	Deletion	95
2R	22793455	22793534	Deletion	79
2R	22793491	22793534	Deletion	43
2R	22793495	22793534	Deletion	39
2R	22794739	22793534	Deletion	1205
2R	22794739	22794829	Deletion	90
2R	22794739	22794789	Deletion	50
2R	22794739	22794851	Deletion	112
2R	22794739	22794825	Deletion	86
2R	22795725	22795818	Deletion	93
2R	22795743	22795818	Deletion	75
2R	22795763	22795818	Deletion	55
2R	22795776	22795818	Deletion	42
2R	22795786	22795818	Deletion	32
2R	22795975	22795818	Deletion	157
2R	22795975	22796069	Deletion	94
2R	22795975	22796008	Deletion	33
2R	22795975	22796059	Deletion	84
2R	22795975	22796046	Deletion	71
2R	22800680	22800760	Deletion	80
2R	22800681	22800760	Deletion	79
2R	22800688	22800760	Deletion	72
2R	22800698	22800760	Deletion	62
2R	22800726	22800760	Deletion	34
2R	22800728	22800760	Deletion	32
2R	22801706	22800760	Deletion	946
2R	22801706	22801755	Deletion	49
2R	22801706	22801830	Deletion	124
2R	22801706	22801801	Deletion	95
2R	22801706	22801763	Deletion	57
2R	22801706	22801756	Deletion	50
2R	22801706	22801773	Deletion	67
2R	22802190	22802263	Deletion	73
2R	22802351	22802263	Deletion	88
2R	22802351	22802405	Deletion	54
2R	22802351	22802459	Deletion	108
2R	22802360	22802454	Deletion	94
2R	22802362	22802459	Deletion	97
2R	22802377	22802459	Deletion	82
2R	22802391	22802459	Deletion	68
2R	22802398	22802459	Deletion	61
2R	22802428	22802459	Deletion	31
2R	22803904	22802459	Deletion	1445
2R	22803904	22803934	Deletion	30
2R	22803904	22804018	Deletion	114
2R	22803904	22803970	Deletion	66
2R	22803904	22804015	Deletion	111
2R	22803904	22803963	Deletion	59
2R	22814713	22814818	Deletion	105
2R	22814742	22814818	Deletion	76
2R	22814767	22814818	Deletion	51
2R	22814871	22814818	Deletion	53
2R	22814871	22814948	Deletion	77
2R	22814871	22814988	Deletion	117
2R	22814871	22814978	Deletion	107
2R	22820046	22820107	Deletion	61
2R	22823256	22820107	Deletion	3149
2R	22823256	22823292	Deletion	36
2R	22823256	22823375	Deletion	119
2R	22823256	22823366	Deletion	110
2R	22837618	22837734	Deletion	116
2R	22837670	22837734	Deletion	64
2R	22837688	22837734	Deletion	46
2R	22842712	22837734	Deletion	4978
2R	22842712	22842774	Deletion	62
2R	22842712	22842792	Deletion	80
2R	22845779	22845874	Deletion	95
2R	22845783	22845874	Deletion	91
2R	22845795	22845874	Deletion	79
2R	22845802	22845874	Deletion	72
2R	22845803	22845874	Deletion	71
2R	22845821	22845874	Deletion	53
2R	22845840	22845874	Deletion	34
2R	22846113	22845874	Deletion	239
2R	22846113	22846210	Deletion	97
2R	22846113	22846148	Deletion	35
2R	22846113	22846186	Deletion	73
2R	22846113	22846144	Deletion	31
2R	22846113	22846168	Deletion	55
2R	22846113	22846225	Deletion	112
2R	22846113	22846233	Deletion	120
2R	22846113	22846167	Deletion	54
2R	22846113	22846213	Deletion	100
2R	22846113	22846205	Deletion	92
2R	22865151	22865234	Deletion	83
2R	22865154	22865234	Deletion	80
2R	22865172	22865234	Deletion	62
2R	22865185	22865234	Deletion	49
2R	22876225	22865234	Deletion	10991
2R	22876225	22876345	Deletion	120
2R	22876225	22876332	Deletion	107
2R	22876225	22876258	Deletion	33
2R	22876225	22876269	Deletion	44
2R	22876225	22876272	Deletion	47
2R	22876225	22876290	Deletion	65
2R	22882672	22882782	Deletion	110
2R	22882688	22882782	Deletion	94
2R	22882719	22882782	Deletion	63
2R	22891687	22882782	Deletion	8905
2R	22891687	22891719	Deletion	32
2R	22898193	22898235	Deletion	42
2R	22898205	22898235	Deletion	30
2R	22910874	22910959	Deletion	85
2R	22910874	22910978	Deletion	104
2R	22930314	22930416	Deletion	102
2R	22930322	22930416	Deletion	94
2R	22930333	22930416	Deletion	83
2R	22930352	22930416	Deletion	64
2R	22930572	22930416	Deletion	156
2R	22930572	22930616	Deletion	44
2R	22930572	22930635	Deletion	63
2R	22930572	22930605	Deletion	33
2R	22946253	22946313	Deletion	60
2R	22946264	22946313	Deletion	49
2R	22946469	22946313	Deletion	156
2R	22946469	22946546	Deletion	77
2R	22950273	22949973	Deletion	300
2R	22950273	22950393	Deletion	120
2R	22954791	22954882	Deletion	91
2R	22954801	22954877	Deletion	76
2R	22954822	22954882	Deletion	60
2R	22954837	22954882	Deletion	45
2R	22955002	22954882	Deletion	120
2R	22955002	22955037	Deletion	35
2R	22955002	22955033	Deletion	31
2R	22955002	22955101	Deletion	99
2R	22955002	22955113	Deletion	111
2R	22955002	22955047	Deletion	45
2R	22955002	22955083	Deletion	81
2R	22955002	22955102	Deletion	100
2R	22962569	22962614	Deletion	45
2R	22969370	22969435	Deletion	65
2R	22969370	22969405	Deletion	35
2R	22969370	22969427	Deletion	57
2R	22969370	22969446	Deletion	76
2R	22970173	22970278	Deletion	105
2R	22970202	22970278	Deletion	76
2R	22970230	22970278	Deletion	48
2R	22970238	22970278	Deletion	40
2R	22972809	22970278	Deletion	2531
2R	22972809	22972895	Deletion	86
2R	22972809	22972912	Deletion	103
2R	22972809	22972859	Deletion	50
2R	22980570	22980681	Deletion	111
2R	22980627	22980681	Deletion	54
2R	22980637	22980681	Deletion	44
2R	22981615	22980681	Deletion	934
2R	22981615	22981687	Deletion	72
2R	22982964	22983072	Deletion	108
2R	22983008	22983072	Deletion	64
2R	22983022	22983072	Deletion	50
2R	22983040	22983072	Deletion	32
2R	22983445	22983072	Deletion	373
2R	22983445	22983521	Deletion	76
2R	22983445	22983507	Deletion	62
2R	22998053	22998171	Deletion	118
2R	22998059	22998172	Deletion	113
2R	22998073	22998172	Deletion	99
2R	22998112	22998172	Deletion	60
2R	22998118	22998172	Deletion	54
2R	22998123	22998172	Deletion	49
2R	22998137	22998172	Deletion	35
2R	23003516	22998172	Deletion	5344
2R	23003516	23003593	Deletion	77
2R	23003516	23003607	Deletion	91
2R	23003516	23003632	Deletion	116
2R	23003516	23003582	Deletion	66
2R	23011959	23012041	Deletion	82
2R	23011965	23012041	Deletion	76
2R	23012777	23012041	Deletion	736
2R	23012777	23012887	Deletion	110
2R	23012777	23012821	Deletion	44
2R	23012777	23012827	Deletion	50
2R	23035351	23035470	Deletion	119
2R	23035372	23035470	Deletion	98
2R	23035390	23035470	Deletion	80
2R	23035427	23035470	Deletion	43
2R	23038284	23038330	Deletion	46
2R	23046218	23046334	Deletion	116
2R	23046241	23046334	Deletion	93
2R	23046261	23046334	Deletion	73
2R	23046278	23046334	Deletion	56
2R	23068489	23068590	Deletion	101
2R	23068489	23068602	Deletion	113
2R	23068489	23068600	Deletion	111
2R	23068489	23068524	Deletion	35
2R	23068489	23068561	Deletion	72
2R	23078326	23078404	Deletion	78
2R	23078875	23078404	Deletion	471
2R	23078880	23078923	Deletion	43
2R	23089184	23089280	Deletion	96
2R	23089213	23089280	Deletion	67
2R	23089218	23089280	Deletion	62
2R	23092464	23089280	Deletion	3184
2R	23092464	23092528	Deletion	64
2R	23092464	23092523	Deletion	59
2R	23093088	23093165	Deletion	77
2R	23093093	23093165	Deletion	72
2R	23093099	23093165	Deletion	66
2R	23093316	23093165	Deletion	151
2R	23093316	23093415	Deletion	99
2R	23093316	23093376	Deletion	60
2R	23093316	23093370	Deletion	54
2R	23104663	23104705	Deletion	42
2R	23104673	23104705	Deletion	32
2R	23123606	23104705	Deletion	18901
2R	23123606	23123700	Deletion	94
2R	23123606	23123703	Deletion	97
2R	23123606	23123690	Deletion	84
2R	23123606	23123672	Deletion	66
2R	23123606	23123716	Deletion	110
2R	23136135	23136234	Deletion	99
2R	23136160	23136234	Deletion	74
2R	23136168	23136234	Deletion	66
2R	23136176	23136234	Deletion	58
2R	23136815	23136234	Deletion	581
2R	23136815	23136915	Deletion	100
2R	23136815	23136875	Deletion	60
2R	23136815	23136867	Deletion	52
2R	23139599	23139697	Deletion	98
2R	23139615	23139697	Deletion	82
2R	23139619	23139697	Deletion	78
2R	23139667	23139697	Deletion	30
2R	23153953	23139697	Deletion	14256
2R	23153953	23154049	Deletion	96
2R	23153953	23154001	Deletion	48
2R	23163947	23164058	Deletion	111
2R	23163956	23164058	Deletion	102
2R	23163974	23164058	Deletion	84
2R	23164009	23164058	Deletion	49
2R	23164013	23164058	Deletion	45
2R	23164027	23164058	Deletion	31
2R	23164899	23164058	Deletion	841
2R	23164899	23164980	Deletion	81
2R	23164899	23164941	Deletion	42
2R	23164901	23164976	Deletion	75
2R	23175760	23175792	Deletion	32
2R	23177916	23175792	Deletion	2124
2R	23177916	23178035	Deletion	119
2R	23177916	23178021	Deletion	105
2R	23177916	23178011	Deletion	95
2R	23184672	23184764	Deletion	92
2R	23184677	23184764	Deletion	87
2R	23184709	23184764	Deletion	55
2R	23184715	23184764	Deletion	49
2R	23184723	23184764	Deletion	41
2R	23189124	23184764	Deletion	4360
2R	23189124	23189231	Deletion	107
2R	23189124	23189160	Deletion	36
2R	23189124	23189203	Deletion	79
2R	23189124	23189165	Deletion	41
2R	23189124	23189235	Deletion	111
2R	23189124	23189197	Deletion	73
2R	23189124	23189211	Deletion	87
2R	23191992	23192104	Deletion	112
2R	23191996	23192104	Deletion	108
2R	23192034	23192104	Deletion	70
2R	23194046	23192104	Deletion	1942
2R	23224395	23224484	Deletion	89
2R	23224446	23224484	Deletion	38
2R	23224451	23224484	Deletion	33
2R	23224453	23224484	Deletion	31
2R	23225024	23224484	Deletion	540
2R	23225024	23225061	Deletion	37
2R	23225024	23225117	Deletion	93
2R	23225024	23225112	Deletion	88
2R	23225180	23225247	Deletion	67
2R	23225181	23225247	Deletion	66
2R	23225185	23225247	Deletion	62
2R	23225195	23225247	Deletion	52
2R	23225215	23225247	Deletion	32
2R	23233093	23225247	Deletion	7846
2R	23233093	23233153	Deletion	60
2R	23233093	23233158	Deletion	65
2R	23233093	23233188	Deletion	95
2R	23233093	23233168	Deletion	75
2R	23233093	23233131	Deletion	38
2R	23233610	23233714	Deletion	104
2R	23233614	23233714	Deletion	100
2R	23233619	23233714	Deletion	95
2R	23234368	23233714	Deletion	654
2R	23234368	23234485	Deletion	117
2R	23234368	23234400	Deletion	32
2R	23237478	23237598	Deletion	120
2R	23237491	23237598	Deletion	107
2R	23237509	23237598	Deletion	89
2R	23237649	23237737	Deletion	88
2R	23249507	23249604	Deletion	97
2R	23249568	23249604	Deletion	36
2R	23249857	23249604	Deletion	253
2R	23249857	23249947	Deletion	90
2R	23250712	23250795	Deletion	83
2R	23250713	23250795	Deletion	82
2R	23250729	23250795	Deletion	66
2R	23250731	23250795	Deletion	64
2R	23250980	23250795	Deletion	185
2R	23250980	23251043	Deletion	63
2R	23250980	23251025	Deletion	45
2R	23250980	23251087	Deletion	107
2R	23250980	23251024	Deletion	44
2R	23250980	23251041	Deletion	61
2R	23273791	23273871	Deletion	80
2R	23273793	23273871	Deletion	78
2R	23273794	23273871	Deletion	77
2R	23273805	23273871	Deletion	66
2R	23273806	23273871	Deletion	65
2R	23274973	23273871	Deletion	1102
2R	23274973	23275079	Deletion	106
2R	23274973	23275021	Deletion	48
2R	23274973	23275073	Deletion	100
2R	23274973	23275034	Deletion	61
2R	23274973	23275033	Deletion	60
2R	23274976	23275022	Deletion	46
2R	23285387	23285499	Deletion	112
2R	23285400	23285499	Deletion	99
2R	23285434	23285499	Deletion	65
2R	23285438	23285499	Deletion	61
2R	23285455	23285499	Deletion	44
2R	23285459	23285499	Deletion	40
2R	23286125	23285499	Deletion	626
2R	23286125	23286207	Deletion	82
2R	23286125	23286190	Deletion	65
2R	23286125	23286230	Deletion	105
2R	23286125	23286211	Deletion	86
2R	23286125	23286235	Deletion	110
2R	23288239	23288337	Deletion	98
2R	23288256	23288337	Deletion	81
2R	23288262	23288337	Deletion	75
2R	23288282	23288337	Deletion	55
2R	23288291	23288337	Deletion	46
2R	23288299	23288337	Deletion	38
2R	23289299	23288337	Deletion	962
2R	23289299	23289350	Deletion	51
2R	23289299	23289370	Deletion	71
2R	23289299	23289416	Deletion	117
2R	23289299	23289388	Deletion	89
2R	23289299	23289379	Deletion	80
2R	23289299	23289417	Deletion	118
2R	23289299	23289344	Deletion	45
2R	23299402	23299466	Deletion	64
2R	23299411	23299466	Deletion	55
2R	23306150	23299466	Deletion	6684
2R	23306150	23306252	Deletion	102
2R	23306150	23306222	Deletion	72
2R	23306150	23306213	Deletion	63
2R	23311153	23311251	Deletion	98
2R	23311161	23311251	Deletion	90
2R	23311202	23311251	Deletion	49
2R	23311511	23311547	Deletion	36
2R	23311511	23311634	Deletion	123
2R	23332350	23332460	Deletion	110
2R	23332363	23332460	Deletion	97
2R	23332368	23332460	Deletion	92
2R	23332390	23332460	Deletion	70
2R	23332413	23332460	Deletion	47
2R	23332428	23332460	Deletion	32
2R	23336429	23332460	Deletion	3969
2R	23336429	23336508	Deletion	79
2R	23336429	23336485	Deletion	56
2R	23336429	23336539	Deletion	110
2R	23336429	23336529	Deletion	100
2R	23336429	23336523	Deletion	94
2R	23341351	23341423	Deletion	72
2R	23341355	23341423	Deletion	68
2R	23341357	23341423	Deletion	66
2R	23341381	23341423	Deletion	42
2R	23341388	23341423	Deletion	35
2R	23341389	23341423	Deletion	34
2R	23343872	23341423	Deletion	2449
2R	23343872	23343963	Deletion	91
2R	23343872	23343956	Deletion	84
2R	23343872	23343930	Deletion	58
2R	23343872	23343932	Deletion	60
2R	23343872	23343909	Deletion	37
2R	23343872	23343988	Deletion	116
2R	23343872	23343926	Deletion	54
2R	23371266	23371354	Deletion	88
2R	23371275	23371354	Deletion	79
2R	23371289	23371354	Deletion	65
2R	23371293	23371354	Deletion	61
2R	23371316	23371354	Deletion	38
2R	23371987	23371350	Deletion	637
2R	23371987	23372053	Deletion	66
2R	23371987	23372017	Deletion	30
2R	23371987	23372076	Deletion	89
2R	23371987	23372049	Deletion	62
2R	23371987	23372035	Deletion	48
2R	23371987	23372087	Deletion	100
2R	23372061	23372161	Deletion	100
2R	23372069	23372161	Deletion	92
2R	23372119	23372161	Deletion	42
2R	23373607	23372161	Deletion	1446
2R	23373607	23373641	Deletion	34
2R	23373607	23373728	Deletion	121
2R	23374473	23374571	Deletion	98
2R	23374474	23374571	Deletion	97
2R	23374476	23374571	Deletion	95
2R	23374484	23374571	Deletion	87
2R	23374488	23374571	Deletion	83
2R	23374498	23374571	Deletion	73
2R	23374499	23374571	Deletion	72
2R	23374519	23374571	Deletion	52
2R	23374523	23374571	Deletion	48
2R	23378154	23374571	Deletion	3583
2R	23378154	23378278	Deletion	124
2R	23378154	23378232	Deletion	78
2R	23378154	23378228	Deletion	74
2R	23378154	23378197	Deletion	43
2R	23378154	23378185	Deletion	31
2R	23378154	23378208	Deletion	54
2R	23378154	23378273	Deletion	119
2R	23378154	23378193	Deletion	39
2R	23379983	23380065	Deletion	82
2R	23379993	23380065	Deletion	72
2R	23380012	23380065	Deletion	53
2R	23380212	23380065	Deletion	147
2R	23380212	23380285	Deletion	73
2R	23380212	23380266	Deletion	54
2R	23380212	23380256	Deletion	44
2R	23380212	23380325	Deletion	113
2R	23385449	23385518	Deletion	69
2R	23403047	23403099	Deletion	52
2R	23404596	23404657	Deletion	61
2R	23405493	23405523	Deletion	30
2R	23405574	23405523	Deletion	51
2R	23405633	23405670	Deletion	37
2R	23405636	23405702	Deletion	66
2R	23440150	23440247	Deletion	97
2R	23440197	23440247	Deletion	50
2R	23448487	23440247	Deletion	8240
2R	23448490	23448563	Deletion	73
2R	23463549	23463656	Deletion	107
2R	23463550	23463656	Deletion	106
2R	23463561	23463656	Deletion	95
2R	23463564	23463656	Deletion	92
2R	23463591	23463656	Deletion	65
2R	23463592	23463656	Deletion	64
2R	23464372	23463656	Deletion	716
2R	23464372	23464433	Deletion	61
2R	23464372	23464434	Deletion	62
2R	23465848	23465944	Deletion	96
2R	23465854	23465944	Deletion	90
2R	23467356	23465944	Deletion	1412
2R	23467356	23467387	Deletion	31
2R	23467356	23467393	Deletion	37
2R	23488350	23488431	Deletion	81
2R	23488391	23488431	Deletion	40
2R	23488392	23488431	Deletion	39
2R	23488400	23488431	Deletion	31
2R	23488871	23488957	Deletion	86
2R	23488871	23488958	Deletion	87
2R	23488871	23488966	Deletion	95
2R	23512979	23495911	Deletion	17068
2R	23512979	23513102	Deletion	123
2R	23547531	23547622	Deletion	91
2R	23550813	23550844	Deletion	31
2R	23554357	23550844	Deletion	3513
2R	23554357	23554421	Deletion	64
2R	23561367	23561474	Deletion	107
2R	23561404	23561474	Deletion	70
2R	23561422	23561474	Deletion	52
2R	23561423	23561474	Deletion	51
2R	23561443	23561474	Deletion	31
2R	23563030	23561474	Deletion	1556
2R	23563030	23563142	Deletion	112
2R	23563030	23563126	Deletion	96
2R	23563030	23563106	Deletion	76
2R	23563030	23563105	Deletion	75
2R	23575566	23575659	Deletion	93
2R	23575569	23575659	Deletion	90
2R	23575595	23575659	Deletion	64
2R	23575610	23575659	Deletion	49
2R	23575611	23575659	Deletion	48
2R	23579143	23575657	Deletion	3486
2R	23579143	23579176	Deletion	33
2R	23579143	23579179	Deletion	36
2R	23579143	23579265	Deletion	122
2R	23579143	23579220	Deletion	77
2R	23579143	23579205	Deletion	62
2R	23596826	23596944	Deletion	118
2R	23596837	23596944	Deletion	107
2R	23596855	23596944	Deletion	89
2R	23596858	23596944	Deletion	86
2R	23596861	23596944	Deletion	83
2R	23596880	23596944	Deletion	64
2R	23596888	23596944	Deletion	56
2R	23596891	23596944	Deletion	53
2R	23596914	23596944	Deletion	30
2R	23599127	23596944	Deletion	2183
2R	23599127	23599201	Deletion	74
2R	23599127	23599171	Deletion	44
2R	23599127	23599168	Deletion	41
2R	23599127	23599230	Deletion	103
2R	23599127	23599198	Deletion	71
2R	23599127	23599190	Deletion	63
2R	23599127	23599238	Deletion	111
2R	23599127	23599224	Deletion	97
2R	23599145	23599165	Deletion	20
2R	23599157	23599267	Deletion	110
2R	23599177	23599267	Deletion	90
2R	23609027	23599267	Deletion	9760
2R	23609027	23609132	Deletion	105
2R	23619018	23619124	Deletion	106
2R	23619021	23619129	Deletion	108
2R	23619027	23619129	Deletion	102
2R	23619053	23619129	Deletion	76
2R	23619062	23619129	Deletion	67
2R	23619099	23619129	Deletion	30
2R	23620340	23619129	Deletion	1211
2R	23620340	23620446	Deletion	106
2R	23620340	23620448	Deletion	108
2R	23620340	23620400	Deletion	60
2R	23620340	23620391	Deletion	51
2R	23620340	23620442	Deletion	102
2R	23621859	23621917	Deletion	58
2R	23621878	23621917	Deletion	39
2R	23622323	23621917	Deletion	406
2R	23622323	23622411	Deletion	88
2R	23622323	23622392	Deletion	69
2R	23630900	23631002	Deletion	102
2R	23630904	23631002	Deletion	98
2R	23630930	23631002	Deletion	72
2R	23630954	23631002	Deletion	48
2R	23634342	23631002	Deletion	3340
2R	23634342	23634397	Deletion	55
2R	23634342	23634421	Deletion	79
2R	23634342	23634440	Deletion	98
2R	23634342	23634462	Deletion	120
2R	23640883	23640990	Deletion	107
2R	23640891	23640990	Deletion	99
2R	23640897	23640990	Deletion	93
2R	23640924	23640990	Deletion	66
2R	23640926	23640990	Deletion	64
2R	23640930	23640990	Deletion	60
2R	23640934	23640990	Deletion	56
2R	23640936	23640990	Deletion	54
2R	23640941	23640990	Deletion	49
2R	23640958	23640990	Deletion	32
2R	23641937	23640990	Deletion	947
2R	23641937	23642014	Deletion	77
2R	23641937	23642009	Deletion	72
2R	23641937	23642045	Deletion	108
2R	23641937	23641970	Deletion	33
2R	23641937	23641999	Deletion	62
2R	23641937	23642007	Deletion	70
2R	23641937	23642003	Deletion	66
2R	23641937	23642031	Deletion	94
2R	23641937	23642050	Deletion	113
2R	23642810	23642920	Deletion	110
2R	23642827	23642920	Deletion	93
2R	23642833	23642920	Deletion	87
2R	23642854	23642920	Deletion	66
2R	23643018	23642920	Deletion	98
2R	23643018	23643051	Deletion	33
2R	23643018	23643138	Deletion	120
2R	23643018	23643057	Deletion	39
2R	23643018	23643078	Deletion	60
2R	23648802	23648901	Deletion	99
2R	23648815	23648901	Deletion	86
2R	23648950	23648991	Deletion	41
2R	23652564	23652686	Deletion	122
2R	23652569	23652686	Deletion	117
2R	23652619	23652686	Deletion	67
2R	23652631	23652686	Deletion	55
2R	23652634	23652686	Deletion	52
2R	23671818	23652686	Deletion	19132
2R	23671818	23671880	Deletion	62
2R	23671818	23671892	Deletion	74
2R	23688431	23688518	Deletion	87
2R	23688434	23688518	Deletion	84
2R	23688449	23688518	Deletion	69
2R	23688454	23688518	Deletion	64
2R	23688479	23688518	Deletion	39
2R	23688484	23688518	Deletion	34
2R	23697321	23688518	Deletion	8803
2R	23697321	23697443	Deletion	122
2R	23697321	23697408	Deletion	87
2R	23697321	23697378	Deletion	57
2R	23697321	23697360	Deletion	39
2R	23697321	23697363	Deletion	42
2R	23697321	23697413	Deletion	92
2R	23720844	23720898	Deletion	54
2R	23720868	23720898	Deletion	30
2R	23724713	23720898	Deletion	3815
2R	23724713	23724809	Deletion	96
2R	23727282	23727343	Deletion	61
2R	23727829	23727343	Deletion	486
2R	23727829	23727932	Deletion	103
2R	23727829	23727895	Deletion	66
2R	23734129	23734206	Deletion	77
2R	23734142	23734206	Deletion	64
2R	23734144	23734206	Deletion	62
2R	23734147	23734206	Deletion	59
2R	23736073	23734206	Deletion	1867
2R	23736073	23736123	Deletion	50
2R	23736073	23736138	Deletion	65
2R	23736073	23736136	Deletion	63
2R	23736073	23736192	Deletion	119
2R	23736073	23736174	Deletion	101
2R	23740437	23740508	Deletion	71
2R	23740441	23740508	Deletion	67
2R	23741006	23740508	Deletion	498
2R	23741006	23741061	Deletion	55
2R	23741006	23741065	Deletion	59
2R	23741006	23741117	Deletion	111
2R	23765445	23765522	Deletion	77
2R	23766883	23765522	Deletion	1361
2R	23795360	23795449	Deletion	89
2R	23795399	23795449	Deletion	50
2R	23795402	23795449	Deletion	47
2R	23795416	23795449	Deletion	33
2R	23795644	23795449	Deletion	195
2R	23795644	23795720	Deletion	76
2R	23795644	23795737	Deletion	93
2R	23795644	23795681	Deletion	37
2R	23809397	23809503	Deletion	106
2R	23809431	23809503	Deletion	72
2R	23809442	23809503	Deletion	61
2R	23809445	23809503	Deletion	58
2R	23809456	23809503	Deletion	47
2R	23809466	23809503	Deletion	37
2R	23811019	23809503	Deletion	1516
2R	23811019	23811086	Deletion	67
2R	23811019	23811100	Deletion	81
2R	23811019	23811124	Deletion	105
2R	23811019	23811110	Deletion	91
2R	23811019	23811075	Deletion	56
2R	23812254	23812350	Deletion	96
2R	23812294	23812350	Deletion	56
2R	23812313	23812350	Deletion	37
2R	23812596	23812350	Deletion	246
2R	23812596	23812629	Deletion	33
2R	23812596	23812688	Deletion	92
2R	23835419	23835509	Deletion	90
2R	23835422	23835509	Deletion	87
2R	23835439	23835509	Deletion	70
2R	23835477	23835509	Deletion	32
2R	23841692	23835509	Deletion	6183
2R	23841692	23841750	Deletion	58
2R	23841692	23841788	Deletion	96
2R	23841692	23841726	Deletion	34
2R	23841692	23841730	Deletion	38
2R	23841692	23841808	Deletion	116
2R	23842887	23842926	Deletion	39
2R	23847823	23842926	Deletion	4897
2R	23847823	23847938	Deletion	115
2R	23847823	23847881	Deletion	58
2R	23847823	23847937	Deletion	114
2R	23867123	23867218	Deletion	95
2R	23867138	23867218	Deletion	80
2R	23867144	23867218	Deletion	74
2R	23867168	23867218	Deletion	50
2R	23869203	23867218	Deletion	1985
2R	23869203	23869281	Deletion	78
2R	23869203	23869316	Deletion	113
2R	23869203	23869251	Deletion	48
2R	23869203	23869257	Deletion	54
2R	23870873	23870984	Deletion	111
2R	23870893	23870984	Deletion	91
2R	23870937	23870984	Deletion	47
2R	23870944	23870984	Deletion	40
2R	23871453	23871564	Deletion	111
2R	23871453	23871534	Deletion	81
2R	23871453	23871490	Deletion	37
2R	23877928	23878027	Deletion	99
2R	23877968	23878027	Deletion	59
2R	23878305	23878398	Deletion	93
2R	23878305	23878374	Deletion	69
2R	23878305	23878377	Deletion	72
2R	23898469	23898574	Deletion	105
2R	23898486	23898574	Deletion	88
2R	23898544	23898574	Deletion	30
2R	23898772	23898574	Deletion	198
2R	23898772	23898868	Deletion	96
2R	23909252	23909369	Deletion	117
2R	23909264	23909370	Deletion	106
2R	23909273	23909370	Deletion	97
2R	23909334	23909370	Deletion	36
2R	23909505	23909370	Deletion	135
2R	23909505	23909595	Deletion	90
2R	23917654	23917710	Deletion	56
2R	23937109	23921741	Deletion	15368
2R	23937109	23937206	Deletion	97
2R	23937109	23937194	Deletion	85
2R	23937109	23937228	Deletion	119
2R	23937109	23937172	Deletion	63
2R	23942843	23942958	Deletion	115
2R	23942872	23942958	Deletion	86
2R	23942888	23942958	Deletion	70
2R	23969891	23942958	Deletion	26933
2R	23969891	23969947	Deletion	56
2R	23969891	23969989	Deletion	98
2R	23969891	23969931	Deletion	40
2R	24017406	24017466	Deletion	60
2R	24017408	24017466	Deletion	58
2R	24019383	24017466	Deletion	1917
2R	24019383	24019451	Deletion	68
2R	24019383	24019449	Deletion	66
2R	24019383	24019497	Deletion	114
2R	24019383	24019496	Deletion	113
2R	24019383	24019489	Deletion	106
2R	24019383	24019424	Deletion	41
2R	24026911	24027007	Deletion	96
2R	24026961	24027007	Deletion	46
2R	24038073	24027007	Deletion	11066
2R	24038073	24038190	Deletion	117
2R	24038073	24038105	Deletion	32
2R	24047624	24047732	Deletion	108
2R	24047629	24047732	Deletion	103
2R	24047636	24047732	Deletion	96
2R	24047692	24047732	Deletion	40
2R	24049214	24047732	Deletion	1482
2R	24049214	24049300	Deletion	86
2R	24049214	24049335	Deletion	121
2R	24049214	24049317	Deletion	103
2R	24053569	24053626	Deletion	57
2R	24057003	24053626	Deletion	3377
2R	24057003	24057076	Deletion	73
2R	24064215	24064294	Deletion	79
2R	24064249	24064294	Deletion	45
2R	24066353	24064294	Deletion	2059
2R	24066353	24066452	Deletion	99
2R	24066353	24066456	Deletion	103
2R	24066353	24066397	Deletion	44
2R	24066353	24066400	Deletion	47
2R	24068844	24068963	Deletion	119
2R	24068869	24068963	Deletion	94
2R	24068870	24068963	Deletion	93
2R	24068906	24068963	Deletion	57
2R	24069087	24068963	Deletion	124
2R	24069087	24069120	Deletion	33
2R	24069087	24069156	Deletion	69
2R	24084416	24084482	Deletion	66
2R	24084438	24084482	Deletion	44
2R	24085418	24084482	Deletion	936
2R	24085418	24085502	Deletion	84
2R	24085418	24085518	Deletion	100
2R	24085418	24085532	Deletion	114
2R	24085418	24085539	Deletion	121
2R	24115175	24115235	Deletion	60
2R	24115179	24115235	Deletion	56
2R	24120231	24115235	Deletion	4996
2R	24120231	24120301	Deletion	70
2R	24120231	24120297	Deletion	66
2R	24124262	24124318	Deletion	56
2R	24124270	24124318	Deletion	48
2R	24124271	24124318	Deletion	47
2R	24124274	24124318	Deletion	44
2R	24124278	24124318	Deletion	40
2R	24124284	24124318	Deletion	34
2R	24128227	24124318	Deletion	3909
2R	24128227	24128286	Deletion	59
2R	24128227	24128293	Deletion	66
2R	24128227	24128285	Deletion	58
2R	24128227	24128289	Deletion	62
2R	24128227	24128319	Deletion	92
2R	24128227	24128299	Deletion	72
2R	24128227	24128309	Deletion	82
2R	24150509	24150546	Deletion	37
2R	24155468	24155506	Deletion	38
2R	24155468	24155547	Deletion	79
2R	24155468	24155579	Deletion	111
2R	24162211	24162296	Deletion	85
2R	24162219	24162296	Deletion	77
2R	24162253	24162296	Deletion	43
2R	24162262	24162296	Deletion	34
2R	24163055	24162296	Deletion	759
2R	24163055	24163178	Deletion	123
2R	24163055	24163138	Deletion	83
2R	24163055	24163163	Deletion	108
2R	24163055	24163096	Deletion	41
2R	24163055	24163154	Deletion	99
2R	24163055	24163147	Deletion	92
2R	24163055	24163162	Deletion	107
2R	24164513	24164599	Deletion	86
2R	24164514	24164599	Deletion	85
2R	24164522	24164599	Deletion	77
2R	24164555	24164599	Deletion	44
2R	24164568	24164599	Deletion	31
2R	24165578	24164599	Deletion	979
2R	24165578	24165621	Deletion	43
2R	24165578	24165620	Deletion	42
2R	24165578	24165662	Deletion	84
2R	24165578	24165675	Deletion	97
2R	24175089	24175202	Deletion	113
2R	24175091	24175202	Deletion	111
2R	24175136	24175202	Deletion	66
2R	24175144	24175202	Deletion	58
2R	24175157	24175202	Deletion	45
2R	24175162	24175202	Deletion	40
2R	24175165	24175202	Deletion	37
2R	24186330	24186381	Deletion	51
2R	24186334	24186381	Deletion	47
2R	24189425	24186381	Deletion	3044
2R	24189425	24189504	Deletion	79
2R	24189425	24189456	Deletion	31
2R	24195886	24195967	Deletion	81
2R	24195891	24195967	Deletion	76
2R	24196018	24195967	Deletion	51
2R	24196018	24196068	Deletion	50
2R	24196018	24196119	Deletion	101
2R	24196018	24196063	Deletion	45
2R	24197055	24197128	Deletion	73
2R	24197073	24197128	Deletion	55
2R	24204800	24197128	Deletion	7672
2R	24204800	24204871	Deletion	71
2R	24204800	24204904	Deletion	104
2R	24209977	24210072	Deletion	95
2R	24209984	24210072	Deletion	88
2R	24210041	24210072	Deletion	31
2R	24210848	24210072	Deletion	776
2R	24210848	24210886	Deletion	38
2R	24210848	24210879	Deletion	31
2R	24210848	24210964	Deletion	116
2R	24242448	24242490	Deletion	42
2R	24243156	24242490	Deletion	666
2R	24243156	24243241	Deletion	85
2R	24243156	24243268	Deletion	112
2R	24259785	24259856	Deletion	71
2R	24259821	24259856	Deletion	35
2R	24259910	24259856	Deletion	54
2R	24259910	24260004	Deletion	94
2R	24259910	24259989	Deletion	79
2R	24276209	24276304	Deletion	95
2R	24276233	24276304	Deletion	71
2R	24276236	24276304	Deletion	68
2R	24280138	24276304	Deletion	3834
2R	24280138	24280196	Deletion	58
2R	24280138	24280169	Deletion	31
2R	24280138	24280261	Deletion	123
2R	24290991	24291062	Deletion	71
2R	24291010	24291062	Deletion	52
2R	24291026	24291062	Deletion	36
2R	24308078	24291062	Deletion	17016
2R	24308078	24308201	Deletion	123
2R	24308078	24308133	Deletion	55
2R	24308082	24308168	Deletion	86
2R	24319938	24320020	Deletion	82
2R	24319953	24320020	Deletion	67
2R	24319974	24320020	Deletion	46
2R	24325819	24320020	Deletion	5799
2R	24325819	24325849	Deletion	30
2R	24325819	24325900	Deletion	81
2R	24325819	24325927	Deletion	108
2R	24325819	24325879	Deletion	60
2R	24325819	24325864	Deletion	45
2R	24340585	24340696	Deletion	111
2R	24340586	24340696	Deletion	110
2R	24340608	24340696	Deletion	88
2R	24340657	24340696	Deletion	39
2R	24341051	24340696	Deletion	355
2R	24341051	24341089	Deletion	38
2R	24341051	24341171	Deletion	120
2R	24341051	24341138	Deletion	87
2R	24341051	24341155	Deletion	104
2R	24375961	24376057	Deletion	96
2R	24375972	24376057	Deletion	85
2R	24376007	24376057	Deletion	50
2R	24376019	24376057	Deletion	38
2R	24376026	24376057	Deletion	31
2R	24376369	24376057	Deletion	312
2R	24376369	24376464	Deletion	95
2R	24376369	24376410	Deletion	41
2R	24376369	24376457	Deletion	88
2R	24376369	24376399	Deletion	30
2R	24381427	24381548	Deletion	121
2R	24381431	24381548	Deletion	117
2R	24381444	24381548	Deletion	104
2R	24381463	24381548	Deletion	85
2R	24381477	24381548	Deletion	71
2R	24381497	24381548	Deletion	51
2R	24381510	24381548	Deletion	38
2R	24381636	24381548	Deletion	88
2R	24381636	24381725	Deletion	89
2R	24381636	24381678	Deletion	42
2R	24381636	24381745	Deletion	109
2R	24381636	24381692	Deletion	56
2R	24408428	24405463	Deletion	2965
2R	24408428	24408525	Deletion	97
2R	24408428	24408463	Deletion	35
2R	24428387	24428510	Deletion	123
2R	24428410	24428510	Deletion	100
2R	24428425	24428510	Deletion	85
2R	24428445	24428510	Deletion	65
2R	24431376	24428510	Deletion	2866
2R	24431376	24431487	Deletion	111
2R	24431376	24431417	Deletion	41
2R	24453311	24453402	Deletion	91
2R	24453338	24453402	Deletion	64
2R	24453367	24453402	Deletion	35
2R	24453372	24453402	Deletion	30
2R	24469689	24453402	Deletion	16287
2R	24469689	24469724	Deletion	35
2R	24469689	24469780	Deletion	91
2R	24469689	24469785	Deletion	96
2R	24476457	24476545	Deletion	88
2R	24476467	24476545	Deletion	78
2R	24476762	24476545	Deletion	217
2R	24476762	24476802	Deletion	40
2R	24476766	24476868	Deletion	102
2R	24477313	24477369	Deletion	56
2R	24482048	24477369	Deletion	4679
2R	24482048	24482172	Deletion	124
2R	24482048	24482155	Deletion	107
2R	24490953	24491063	Deletion	110
2R	24490959	24491063	Deletion	104
2R	24490988	24491063	Deletion	75
2R	24491016	24491063	Deletion	47
2R	24502822	24491063	Deletion	11759
2R	24507848	24507949	Deletion	101
2R	24507854	24507949	Deletion	95
2R	24507874	24507949	Deletion	75
2R	24507893	24507949	Deletion	56
2R	24507901	24507949	Deletion	48
2R	24507902	24507949	Deletion	47
2R	24507907	24507949	Deletion	42
2R	24516310	24507949	Deletion	8361
2R	24516310	24516362	Deletion	52
2R	24516310	24516395	Deletion	85
2R	24516310	24516381	Deletion	71
2R	24516310	24516342	Deletion	32
2R	24516310	24516389	Deletion	79
2R	24516310	24516390	Deletion	80
2R	24518425	24518525	Deletion	100
2R	24518440	24518525	Deletion	85
2R	24518491	24518525	Deletion	34
2R	24519119	24519241	Deletion	122
2R	24519119	24519212	Deletion	93
2R	24519119	24519240	Deletion	121
2R	24521020	24521137	Deletion	117
2R	24521061	24521137	Deletion	76
2R	24521070	24521137	Deletion	67
2R	24521246	24521137	Deletion	109
2R	24521246	24521305	Deletion	59
2R	24521246	24521349	Deletion	103
2R	24523023	24523076	Deletion	53
2R	24523025	24523076	Deletion	51
2R	24523040	24523076	Deletion	36
2R	24528015	24523076	Deletion	4939
2R	24528015	24528088	Deletion	73
2R	24528015	24528105	Deletion	90
2R	24528015	24528128	Deletion	113
2R	24535563	24535512	Deletion	51
2R	24570549	24570655	Deletion	106
2R	24570570	24570655	Deletion	85
2R	24570601	24570655	Deletion	54
2R	24571798	24570655	Deletion	1143
2R	24571798	24571872	Deletion	74
2R	24597291	24597399	Deletion	108
2R	24597293	24597399	Deletion	106
2R	24597348	24597399	Deletion	51
2R	24597368	24597399	Deletion	31
2R	24607922	24597399	Deletion	10523
2R	24607922	24607997	Deletion	75
2R	24607922	24608017	Deletion	95
2R	24630797	24630917	Deletion	120
2R	24630803	24630917	Deletion	114
2R	24630846	24630917	Deletion	71
2R	24630866	24630917	Deletion	51
2R	24630870	24630917	Deletion	47
2R	24633057	24630917	Deletion	2140
2R	24633057	24633156	Deletion	99
2R	24633057	24633136	Deletion	79
2R	24633057	24633132	Deletion	75
2R	24633057	24633112	Deletion	55
2R	24645979	24646015	Deletion	36
2R	24655557	24655681	Deletion	124
2R	24655557	24655616	Deletion	59
2R	24655557	24655680	Deletion	123
2R	24667594	24667703	Deletion	109
2R	24667599	24667703	Deletion	104
2R	24667600	24667703	Deletion	103
2R	24667662	24667703	Deletion	41
2R	24668753	24667703	Deletion	1050
2R	24668753	24668866	Deletion	113
2R	24669101	24669207	Deletion	106
2R	24669111	24669207	Deletion	96
2R	24669130	24669207	Deletion	77
2R	24669142	24669207	Deletion	65
2R	24669150	24669207	Deletion	57
2R	24669162	24669207	Deletion	45
2R	24678674	24669207	Deletion	9467
2R	24678674	24678735	Deletion	61
2R	24678674	24678743	Deletion	69
2R	24678674	24678786	Deletion	112
2R	24678674	24678794	Deletion	120
2R	24678674	24678723	Deletion	49
2R	24678674	24678704	Deletion	30
2R	24678674	24678755	Deletion	81
2R	24683151	24683264	Deletion	113
2R	24683168	24683264	Deletion	96
2R	24683171	24683264	Deletion	93
2R	24683172	24683264	Deletion	92
2R	24683180	24683264	Deletion	84
2R	24683195	24683264	Deletion	69
2R	24683199	24683264	Deletion	65
2R	24683210	24683264	Deletion	54
2R	24683217	24683264	Deletion	47
2R	24683348	24683264	Deletion	84
2R	24683348	24683429	Deletion	81
2R	24683348	24683392	Deletion	44
2R	24683348	24683422	Deletion	74
2R	24683348	24683470	Deletion	122
2R	24683348	24683384	Deletion	36
2R	24683348	24683383	Deletion	35
2R	24683348	24683411	Deletion	63
2R	24683348	24683380	Deletion	32
2R	24687456	24687576	Deletion	120
2R	24687472	24687576	Deletion	104
2R	24687513	24687576	Deletion	63
2R	24687536	24687576	Deletion	40
2R	24687538	24687576	Deletion	38
2R	24698393	24687576	Deletion	10817
2R	24698393	24698481	Deletion	88
2R	24698393	24698456	Deletion	63
2R	24699661	24699763	Deletion	102
2R	24699679	24699763	Deletion	84
2R	24699687	24699763	Deletion	76
2R	24699698	24699763	Deletion	65
2R	24699702	24699763	Deletion	61
2R	24699707	24699763	Deletion	56
2R	24699712	24699763	Deletion	51
2R	24701471	24699763	Deletion	1708
2R	24701471	24701532	Deletion	61
2R	24701471	24701577	Deletion	106
2R	24701471	24701521	Deletion	50
2R	24701471	24701536	Deletion	65
2R	24701471	24701573	Deletion	102
2R	24701471	24701541	Deletion	70
2R	24701471	24701546	Deletion	75
2R	24738483	24738581	Deletion	98
2R	24738507	24738580	Deletion	73
2R	24738520	24738581	Deletion	61
2R	24738522	24738581	Deletion	59
2R	24738523	24738581	Deletion	58
2R	24738527	24738581	Deletion	54
2R	24738537	24738581	Deletion	44
2R	24738780	24738581	Deletion	199
2R	24738780	24738862	Deletion	82
2R	24738780	24738845	Deletion	65
2R	24738780	24738898	Deletion	118
2R	24738780	24738852	Deletion	72
2R	24738780	24738848	Deletion	68
2R	24738780	24738847	Deletion	67
2R	24741528	24741611	Deletion	83
2R	24741538	24741611	Deletion	73
2R	24741553	24741611	Deletion	58
2R	24741560	24741611	Deletion	51
2R	24741571	24741611	Deletion	40
2R	24742454	24741611	Deletion	843
2R	24742454	24742540	Deletion	86
2R	24742454	24742571	Deletion	117
2R	24742454	24742529	Deletion	75
2R	24742454	24742522	Deletion	68
2R	24742454	24742507	Deletion	53
2R	24753855	24753969	Deletion	114
2R	24753863	24753969	Deletion	106
2R	24753867	24753969	Deletion	102
2R	24753875	24753969	Deletion	94
2R	24753878	24753969	Deletion	91
2R	24753889	24753969	Deletion	80
2R	24753904	24753969	Deletion	65
2R	24753909	24753969	Deletion	60
2R	24753911	24753969	Deletion	58
2R	24780408	24780476	Deletion	68
2R	24780408	24780454	Deletion	46
2R	24780408	24780443	Deletion	35
2R	24780408	24780469	Deletion	61
2R	24851160	24851247	Deletion	87
2R	24851212	24851247	Deletion	35
2R	24856599	24851247	Deletion	5352
2R	24856599	24856639	Deletion	40
2R	24856599	24856706	Deletion	107
2R	24856599	24856697	Deletion	98
2R	24872059	24872113	Deletion	54
2R	24874502	24874575	Deletion	73
2R	24874502	24874624	Deletion	122
2R	24902334	24874691	Deletion	27643
2R	24902334	24902450	Deletion	116
2R	24902334	24902431	Deletion	97
2R	24906986	24907077	Deletion	91
2R	24906994	24907077	Deletion	83
2R	24906997	24907077	Deletion	80
2R	24906999	24907077	Deletion	78
2R	24907034	24907077	Deletion	43
2R	24922862	24907077	Deletion	15785
2R	24922862	24922908	Deletion	46
2R	24922862	24922977	Deletion	115
2R	24922862	24922973	Deletion	111
2R	24922862	24922962	Deletion	100
2R	24922862	24922897	Deletion	35
2R	24922862	24922910	Deletion	48
2R	24922862	24922945	Deletion	83
2R	24988655	24988718	Deletion	63
2R	24988656	24988718	Deletion	62
2R	24988658	24988718	Deletion	60
2R	24988661	24988718	Deletion	57
2R	24989656	24988718	Deletion	938
2R	24989656	24989690	Deletion	34
2R	24989656	24989719	Deletion	63
2R	24989656	24989720	Deletion	64
2R	24989656	24989722	Deletion	66
2R	24989794	24989890	Deletion	96
2R	24989817	24989890	Deletion	73
2R	24989836	24989890	Deletion	54
2R	24989975	24989890	Deletion	85
2R	24989975	24990085	Deletion	110
2R	24989975	24990047	Deletion	72
2R	24989975	24990083	Deletion	108
2R	24989975	24990028	Deletion	53
2R	24989975	24990090	Deletion	115
2R	24992955	24993026	Deletion	71
2R	24993295	24993026	Deletion	269
2R	24993295	24993410	Deletion	115
2R	24993295	24993350	Deletion	55
2R	24993295	24993395	Deletion	100
2R	24993295	24993341	Deletion	46
2R	24995434	24995545	Deletion	111
2R	24995459	24995545	Deletion	86
2R	24995460	24995545	Deletion	85
2R	24995466	24995545	Deletion	79
2R	25000628	24995545	Deletion	5083
2R	25000628	25000670	Deletion	42
2R	25000628	25000731	Deletion	103
2R	25000628	25000669	Deletion	41
2R	25000628	25000676	Deletion	48
2R	25018672	25018787	Deletion	115
2R	25018677	25018787	Deletion	110
2R	25018687	25018787	Deletion	100
2R	25018693	25018787	Deletion	94
2R	25018726	25018787	Deletion	61
2R	25018732	25018787	Deletion	55
2R	25018738	25018787	Deletion	49
2R	25019418	25018787	Deletion	631
2R	25019418	25019490	Deletion	72
2R	25019418	25019484	Deletion	66
2R	25019418	25019496	Deletion	78
2R	25019418	25019451	Deletion	33
2R	25024438	25024540	Deletion	102
2R	25024441	25024540	Deletion	99
2R	25024459	25024540	Deletion	81
2R	25024463	25024540	Deletion	77
2R	25024466	25024540	Deletion	74
2R	25024490	25024540	Deletion	50
2R	25024494	25024540	Deletion	46
2R	25024597	25024540	Deletion	57
2R	25024597	25024673	Deletion	76
2R	25024597	25024646	Deletion	49
2R	25024597	25024649	Deletion	52
2R	25024597	25024677	Deletion	80
2R	25025239	25025347	Deletion	108
2R	25025249	25025347	Deletion	98
2R	25025259	25025347	Deletion	88
2R	25025273	25025347	Deletion	74
2R	25025287	25025347	Deletion	60
2R	25025304	25025347	Deletion	43
2R	25028751	25025347	Deletion	3404
2R	25028751	25028820	Deletion	69
2R	25028751	25028837	Deletion	86
2R	25028751	25028806	Deletion	55
2R	25105581	25105652	Deletion	71
2R	25109868	25105652	Deletion	4216
2R	25123481	25123569	Deletion	88
2R	25123501	25123569	Deletion	68
2R	25123514	25123569	Deletion	55
2R	25124611	25123569	Deletion	1042
2R	25124611	25124711	Deletion	100
2R	25124611	25124650	Deletion	39
2R	25124611	25124683	Deletion	72
2R	25124611	25124670	Deletion	59
2R	25135460	25135536	Deletion	76
2R	25135468	25135536	Deletion	68
2R	25135471	25135536	Deletion	65
2R	25136827	25135536	Deletion	1291
2R	25136827	25136888	Deletion	61
2R	25136827	25136928	Deletion	101
2R	25136827	25136937	Deletion	110
2R	25136827	25136945	Deletion	118
2R	25136827	25136941	Deletion	114
2R	25136827	25136885	Deletion	58
2R	25136827	25136877	Deletion	50
2R	25159392	25159486	Deletion	94
2R	25159397	25159486	Deletion	89
2R	25159412	25159486	Deletion	74
2R	25159426	25159486	Deletion	60
2R	25159434	25159486	Deletion	52
2R	25159450	25159486	Deletion	36
2R	25159456	25159486	Deletion	30
2R	25172350	25159486	Deletion	12864
2R	25172350	25172424	Deletion	74
2R	25172350	25172382	Deletion	32
2R	25172350	25172416	Deletion	66
2R	25172350	25172402	Deletion	52
2R	25172350	25172440	Deletion	90
2R	25172350	25172387	Deletion	37
2R	25178290	25178382	Deletion	92
2R	25178338	25178321	Deletion	17
2R	25183703	25178382	Deletion	5321
2R	25183703	25183816	Deletion	113
2R	25185436	25185548	Deletion	112
2R	25185442	25185548	Deletion	106
2R	25185496	25185548	Deletion	52
2R	25185512	25185548	Deletion	36
2R	25188135	25185548	Deletion	2587
2R	25188135	25188210	Deletion	75
2R	25188135	25188236	Deletion	101
2R	25209278	25209327	Deletion	49
2R	25209287	25209327	Deletion	40
2R	25212017	25209327	Deletion	2690
2R	25212017	25212128	Deletion	111
2R	25212017	25212095	Deletion	78
2R	25212017	25212057	Deletion	40
2R	25212017	25212104	Deletion	87
2R	25238005	25238109	Deletion	104
2R	25238024	25238109	Deletion	85
2R	25238029	25238109	Deletion	80
2R	25238076	25238109	Deletion	33
2R	25271275	25271355	Deletion	80
2R	25271282	25271355	Deletion	73
2R	25271303	25271355	Deletion	52
2R	25271322	25271355	Deletion	33
2R	25271323	25271355	Deletion	32
2R	25271571	25271625	Deletion	54
2R	25271571	25271686	Deletion	115
2R	25279388	25279291	Deletion	97
2R	25279388	25279510	Deletion	122
2R	25282856	25282930	Deletion	74
2R	25282899	25282930	Deletion	31
3L	3070	3131	Deletion	61
3L	39387	39439	Deletion	52
3L	39400	39439	Deletion	39
3L	47056	39439	Deletion	7617
3L	47056	47174	Deletion	118
3L	47056	47130	Deletion	74
3L	47056	47143	Deletion	87
3L	47341	47412	Deletion	71
3L	47349	47412	Deletion	63
3L	47361	47412	Deletion	51
3L	47375	47412	Deletion	37
3L	47379	47412	Deletion	33
3L	47571	47412	Deletion	159
3L	47571	47647	Deletion	76
3L	47571	47601	Deletion	30
3L	47571	47661	Deletion	90
3L	47571	47627	Deletion	56
3L	47571	47665	Deletion	94
3L	48902	48983	Deletion	81
3L	48920	48983	Deletion	63
3L	48937	48983	Deletion	46
3L	49689	49737	Deletion	48
3L	49689	49722	Deletion	33
3L	49689	49797	Deletion	108
3L	49689	49772	Deletion	83
3L	68957	69031	Deletion	74
3L	68973	69031	Deletion	58
3L	68994	69031	Deletion	37
3L	68999	69031	Deletion	32
3L	69124	69031	Deletion	93
3L	69124	69176	Deletion	52
3L	69124	69222	Deletion	98
3L	69124	69213	Deletion	89
3L	69124	69237	Deletion	113
3L	69124	69218	Deletion	94
3L	84994	85046	Deletion	52
3L	84996	85046	Deletion	50
3L	86582	85046	Deletion	1536
3L	86582	86630	Deletion	48
3L	86582	86657	Deletion	75
3L	87030	87128	Deletion	98
3L	87031	87128	Deletion	97
3L	87056	87128	Deletion	72
3L	100341	87128	Deletion	13213
3L	100341	100464	Deletion	123
3L	103424	103500	Deletion	76
3L	103447	103500	Deletion	53
3L	104736	104809	Deletion	73
3L	104736	104769	Deletion	33
3L	104737	104786	Deletion	49
3L	107159	107224	Deletion	65
3L	107176	107224	Deletion	48
3L	107181	107224	Deletion	43
3L	124119	124195	Deletion	76
3L	128199	124195	Deletion	4004
3L	128199	128313	Deletion	114
3L	128199	128312	Deletion	113
3L	128199	128249	Deletion	50
3L	128856	128974	Deletion	118
3L	128870	128974	Deletion	104
3L	128876	128974	Deletion	98
3L	129181	128974	Deletion	207
3L	129181	129289	Deletion	108
3L	136240	136286	Deletion	46
3L	136395	136286	Deletion	109
3L	136395	136498	Deletion	103
3L	136395	136514	Deletion	119
3L	136395	136497	Deletion	102
3L	136395	136496	Deletion	101
3L	136395	136493	Deletion	98
3L	150218	150297	Deletion	79
3L	150226	150297	Deletion	71
3L	150230	150297	Deletion	67
3L	150781	150297	Deletion	484
3L	150781	150828	Deletion	47
3L	150781	150898	Deletion	117
3L	150781	150819	Deletion	38
3L	150781	150840	Deletion	59
3L	170507	170593	Deletion	86
3L	170533	170593	Deletion	60
3L	170536	170593	Deletion	57
3L	170554	170593	Deletion	39
3L	177426	170593	Deletion	6833
3L	177426	177496	Deletion	70
3L	177426	177493	Deletion	67
3L	177426	177514	Deletion	88
3L	177426	177467	Deletion	41
3L	177426	177544	Deletion	118
3L	181865	181986	Deletion	121
3L	181886	181986	Deletion	100
3L	181888	181986	Deletion	98
3L	181913	181986	Deletion	73
3L	181914	181986	Deletion	72
3L	181927	181986	Deletion	59
3L	181940	181986	Deletion	46
3L	181943	181986	Deletion	43
3L	181948	181986	Deletion	38
3L	181950	181986	Deletion	36
3L	185700	181986	Deletion	3714
3L	185700	185804	Deletion	104
3L	185700	185791	Deletion	91
3L	185700	185781	Deletion	81
3L	185700	185789	Deletion	89
3L	185700	185768	Deletion	68
3L	185700	185754	Deletion	54
3L	185700	185784	Deletion	84
3L	199244	199317	Deletion	73
3L	199244	199346	Deletion	102
3L	205312	205395	Deletion	83
3L	205323	205395	Deletion	72
3L	205326	205395	Deletion	69
3L	205354	205395	Deletion	41
3L	205359	205395	Deletion	36
3L	205546	205395	Deletion	151
3L	205546	205600	Deletion	54
3L	205546	205636	Deletion	90
3L	205546	205644	Deletion	98
3L	205546	205670	Deletion	124
3L	205546	205603	Deletion	57
3L	205546	205631	Deletion	85
3L	205546	205578	Deletion	32
3L	206735	206849	Deletion	114
3L	206761	206849	Deletion	88
3L	206792	206849	Deletion	57
3L	206808	206849	Deletion	41
3L	206811	206849	Deletion	38
3L	206814	206849	Deletion	35
3L	206816	206849	Deletion	33
3L	210092	206849	Deletion	3243
3L	210092	210185	Deletion	93
3L	210092	210177	Deletion	85
3L	210092	210180	Deletion	88
3L	210092	210161	Deletion	69
3L	210092	210183	Deletion	91
3L	210092	210203	Deletion	111
3L	234964	235063	Deletion	99
3L	234972	235063	Deletion	91
3L	235007	235063	Deletion	56
3L	235026	235063	Deletion	37
3L	235858	235063	Deletion	795
3L	235858	235930	Deletion	72
3L	235858	235982	Deletion	124
3L	235858	235957	Deletion	99
3L	235858	235895	Deletion	37
3L	235858	235949	Deletion	91
3L	237349	237454	Deletion	105
3L	250410	250496	Deletion	86
3L	250438	250496	Deletion	58
3L	250463	250496	Deletion	33
3L	250466	250496	Deletion	30
3L	253194	250496	Deletion	2698
3L	253194	253235	Deletion	41
3L	253194	253291	Deletion	97
3L	253194	253288	Deletion	94
3L	253194	253263	Deletion	69
3L	253194	253228	Deletion	34
3L	261501	261587	Deletion	86
3L	261507	261586	Deletion	79
3L	261817	261587	Deletion	230
3L	261817	261867	Deletion	50
3L	261821	261928	Deletion	107
3L	282814	282917	Deletion	103
3L	282826	282917	Deletion	91
3L	282834	282917	Deletion	83
3L	282835	282917	Deletion	82
3L	282840	282917	Deletion	77
3L	282842	282917	Deletion	75
3L	282850	282917	Deletion	67
3L	285629	282917	Deletion	2712
3L	285629	285681	Deletion	52
3L	285629	285673	Deletion	44
3L	285629	285674	Deletion	45
3L	285629	285735	Deletion	106
3L	285629	285679	Deletion	50
3L	285629	285689	Deletion	60
3L	292145	292213	Deletion	68
3L	292150	292213	Deletion	63
3L	292163	292213	Deletion	50
3L	292303	292213	Deletion	90
3L	292303	292379	Deletion	76
3L	292303	292401	Deletion	98
3L	292303	292366	Deletion	63
3L	292303	292424	Deletion	121
3L	292303	292333	Deletion	30
3L	314468	314565	Deletion	97
3L	314507	314565	Deletion	58
3L	314511	314565	Deletion	54
3L	314530	314565	Deletion	35
3L	320599	314565	Deletion	6034
3L	320599	320671	Deletion	72
3L	320599	320667	Deletion	68
3L	339393	339479	Deletion	86
3L	339398	339482	Deletion	84
3L	339425	339482	Deletion	57
3L	362405	339482	Deletion	22923
3L	362405	362508	Deletion	103
3L	362405	362474	Deletion	69
3L	362405	362447	Deletion	42
3L	362405	362442	Deletion	37
3L	362509	362439	Deletion	70
3L	362511	362624	Deletion	113
3L	362534	362624	Deletion	90
3L	362553	362624	Deletion	71
3L	362562	362624	Deletion	62
3L	362566	362624	Deletion	58
3L	362594	362624	Deletion	30
3L	372989	362624	Deletion	10365
3L	372989	373045	Deletion	56
3L	372989	373054	Deletion	65
3L	372989	373058	Deletion	69
3L	372989	373091	Deletion	102
3L	372989	373086	Deletion	97
3L	382669	382731	Deletion	62
3L	382677	382731	Deletion	54
3L	409862	409984	Deletion	122
3L	409862	409944	Deletion	82
3L	409862	409945	Deletion	83
3L	409862	409964	Deletion	102
3L	415194	415247	Deletion	53
3L	435698	415247	Deletion	20451
3L	435698	435771	Deletion	73
3L	435698	435756	Deletion	58
3L	435698	435796	Deletion	98
3L	435698	435799	Deletion	101
3L	444727	444757	Deletion	30
3L	454507	444757	Deletion	9750
3L	454507	454605	Deletion	98
3L	454507	454619	Deletion	112
3L	454507	454621	Deletion	114
3L	470927	471002	Deletion	75
3L	470952	471002	Deletion	50
3L	475667	471002	Deletion	4665
3L	475667	475786	Deletion	119
3L	475667	475719	Deletion	52
3L	475667	475717	Deletion	50
3L	503766	503824	Deletion	58
3L	503780	503824	Deletion	44
3L	503791	503824	Deletion	33
3L	504497	503824	Deletion	673
3L	504497	504599	Deletion	102
3L	504497	504549	Deletion	52
3L	504497	504591	Deletion	94
3L	504497	504616	Deletion	119
3L	542335	542411	Deletion	76
3L	542342	542411	Deletion	69
3L	542368	542409	Deletion	41
3L	542545	542411	Deletion	134
3L	542545	542629	Deletion	84
3L	542545	542585	Deletion	40
3L	542545	542596	Deletion	51
3L	542545	542603	Deletion	58
3L	551613	551687	Deletion	74
3L	560713	551687	Deletion	9026
3L	560713	560827	Deletion	114
3L	569864	569982	Deletion	118
3L	580439	580547	Deletion	108
3L	580457	580547	Deletion	90
3L	580484	580547	Deletion	63
3L	580922	580547	Deletion	375
3L	580922	580960	Deletion	38
3L	581502	581593	Deletion	91
3L	581542	581593	Deletion	51
3L	581553	581593	Deletion	40
3L	581561	581593	Deletion	32
3L	582998	581593	Deletion	1405
3L	582998	583084	Deletion	86
3L	582998	583073	Deletion	75
3L	582998	583033	Deletion	35
3L	582998	583118	Deletion	120
3L	584857	584964	Deletion	107
3L	584870	584964	Deletion	94
3L	584896	584964	Deletion	68
3L	590316	590423	Deletion	107
3L	590316	590374	Deletion	58
3L	599374	599463	Deletion	89
3L	599386	599463	Deletion	77
3L	599414	599463	Deletion	49
3L	599424	599463	Deletion	39
3L	599429	599463	Deletion	34
3L	599836	599463	Deletion	373
3L	599836	599887	Deletion	51
3L	599836	599915	Deletion	79
3L	599836	599875	Deletion	39
3L	599836	599925	Deletion	89
3L	599836	599930	Deletion	94
3L	611251	611331	Deletion	80
3L	611259	611331	Deletion	72
3L	611292	611331	Deletion	39
3L	611294	611331	Deletion	37
3L	612554	611331	Deletion	1223
3L	612554	612601	Deletion	47
3L	612554	612642	Deletion	88
3L	612554	612609	Deletion	55
3L	612554	612598	Deletion	44
3L	616125	616225	Deletion	100
3L	694421	694511	Deletion	90
3L	694438	694511	Deletion	73
3L	694465	694511	Deletion	46
3L	695878	694511	Deletion	1367
3L	695878	695958	Deletion	80
3L	695878	695981	Deletion	103
3L	695878	695914	Deletion	36
3L	696440	696556	Deletion	116
3L	696441	696556	Deletion	115
3L	696469	696556	Deletion	87
3L	696473	696556	Deletion	83
3L	696475	696556	Deletion	81
3L	696482	696556	Deletion	74
3L	696517	696556	Deletion	39
3L	700469	700510	Deletion	41
3L	700469	700558	Deletion	89
3L	700469	700516	Deletion	47
3L	700469	700514	Deletion	45
3L	716809	716929	Deletion	120
3L	716884	716929	Deletion	45
3L	720932	716929	Deletion	4003
3L	720932	721040	Deletion	108
3L	735554	735662	Deletion	108
3L	735714	735662	Deletion	52
3L	735714	735821	Deletion	107
3L	735714	735804	Deletion	90
3L	747078	747164	Deletion	86
3L	747110	747164	Deletion	54
3L	752086	747164	Deletion	4922
3L	752086	752185	Deletion	99
3L	752086	752189	Deletion	103
3L	752086	752200	Deletion	114
3L	752086	752127	Deletion	41
3L	752086	752159	Deletion	73
3L	754392	754455	Deletion	63
3L	754903	754455	Deletion	448
3L	754903	754966	Deletion	63
3L	754903	755009	Deletion	106
3L	784805	784918	Deletion	113
3L	784835	784918	Deletion	83
3L	784871	784918	Deletion	47
3L	786170	784918	Deletion	1252
3L	786170	786213	Deletion	43
3L	786170	786249	Deletion	79
3L	786170	786280	Deletion	110
3L	789625	789687	Deletion	62
3L	789626	789687	Deletion	61
3L	789630	789687	Deletion	57
3L	794958	790398	Deletion	4560
3L	794958	795067	Deletion	109
3L	794958	795024	Deletion	66
3L	794958	795023	Deletion	65
3L	794958	795028	Deletion	70
3L	804500	804550	Deletion	50
3L	804504	804555	Deletion	51
3L	812784	804555	Deletion	8229
3L	812784	812855	Deletion	71
3L	817730	815671	Deletion	2059
3L	817730	817814	Deletion	84
3L	825967	826070	Deletion	103
3L	825979	826070	Deletion	91
3L	826004	826070	Deletion	66
3L	826022	826070	Deletion	48
3L	826030	826070	Deletion	40
3L	828896	826070	Deletion	2826
3L	828896	829017	Deletion	121
3L	828896	828959	Deletion	63
3L	828896	828985	Deletion	89
3L	828896	829005	Deletion	109
3L	828896	828934	Deletion	38
3L	840996	841108	Deletion	112
3L	841001	841108	Deletion	107
3L	841020	841108	Deletion	88
3L	841062	841108	Deletion	46
3L	842430	841108	Deletion	1322
3L	842430	842510	Deletion	80
3L	842430	842529	Deletion	99
3L	877479	877534	Deletion	55
3L	880798	880903	Deletion	105
3L	880849	880903	Deletion	54
3L	880858	880903	Deletion	45
3L	882263	880903	Deletion	1360
3L	882263	882385	Deletion	122
3L	882263	882336	Deletion	73
3L	914344	914455	Deletion	111
3L	914358	914455	Deletion	97
3L	914368	914455	Deletion	87
3L	914375	914455	Deletion	80
3L	914386	914455	Deletion	69
3L	914393	914455	Deletion	62
3L	914855	914455	Deletion	400
3L	914855	914894	Deletion	39
3L	914855	914901	Deletion	46
3L	914855	914978	Deletion	123
3L	914855	914912	Deletion	57
3L	950358	950476	Deletion	118
3L	950358	950422	Deletion	64
3L	950358	950460	Deletion	102
3L	950358	950409	Deletion	51
3L	950358	950470	Deletion	112
3L	959296	959237	Deletion	59
3L	964430	964538	Deletion	108
3L	964462	964538	Deletion	76
3L	976172	964538	Deletion	11634
3L	976172	976223	Deletion	51
3L	978736	978816	Deletion	80
3L	978747	978816	Deletion	69
3L	978764	978816	Deletion	52
3L	983702	978816	Deletion	4886
3L	983702	983760	Deletion	58
3L	983702	983749	Deletion	47
3L	983702	983777	Deletion	75
3L	983705	983821	Deletion	116
3L	1012140	1012225	Deletion	85
3L	1012143	1012225	Deletion	82
3L	1012169	1012225	Deletion	56
3L	1012183	1012225	Deletion	42
3L	1012185	1012225	Deletion	40
3L	1012189	1012225	Deletion	36
3L	1019978	1012225	Deletion	7753
3L	1019978	1020068	Deletion	90
3L	1019978	1020062	Deletion	84
3L	1019978	1020019	Deletion	41
3L	1019978	1020048	Deletion	70
3L	1019978	1020022	Deletion	44
3L	1057419	1057467	Deletion	48
3L	1057419	1057452	Deletion	33
3L	1068743	1068850	Deletion	107
3L	1068751	1068850	Deletion	99
3L	1068761	1068849	Deletion	88
3L	1068762	1068850	Deletion	88
3L	1068767	1068850	Deletion	83
3L	1068770	1068850	Deletion	80
3L	1068799	1068850	Deletion	51
3L	1068800	1068850	Deletion	50
3L	1068806	1068850	Deletion	44
3L	1068809	1068850	Deletion	41
3L	1068810	1068850	Deletion	40
3L	1070713	1068850	Deletion	1863
3L	1070713	1070759	Deletion	46
3L	1070713	1070795	Deletion	82
3L	1070713	1070751	Deletion	38
3L	1070713	1070833	Deletion	120
3L	1070713	1070798	Deletion	85
3L	1070713	1070750	Deletion	37
3L	1070713	1070756	Deletion	43
3L	1070713	1070799	Deletion	86
3L	1070713	1070788	Deletion	75
3L	1091426	1091475	Deletion	49
3L	1091436	1091475	Deletion	39
3L	1091442	1091475	Deletion	33
3L	1091631	1091475	Deletion	156
3L	1091631	1091708	Deletion	77
3L	1091631	1091746	Deletion	115
3L	1091631	1091724	Deletion	93
3L	1091631	1091732	Deletion	101
3L	1091631	1091718	Deletion	87
3L	1100700	1100808	Deletion	108
3L	1100713	1100808	Deletion	95
3L	1100736	1100808	Deletion	72
3L	1100746	1100808	Deletion	62
3L	1100749	1100808	Deletion	59
3L	1100774	1100808	Deletion	34
3L	1109140	1100808	Deletion	8332
3L	1109140	1109208	Deletion	68
3L	1109140	1109205	Deletion	65
3L	1109140	1109172	Deletion	32
3L	1109140	1109233	Deletion	93
3L	1109140	1109195	Deletion	55
3L	1125541	1125624	Deletion	83
3L	1125566	1125624	Deletion	58
3L	1125587	1125624	Deletion	37
3L	1125766	1125624	Deletion	142
3L	1125766	1125835	Deletion	69
3L	1125766	1125873	Deletion	107
3L	1125766	1125810	Deletion	44
3L	1132194	1132302	Deletion	108
3L	1132234	1132302	Deletion	68
3L	1132246	1132302	Deletion	56
3L	1132248	1132302	Deletion	54
3L	1132266	1132302	Deletion	36
3L	1132268	1132302	Deletion	34
3L	1139762	1132302	Deletion	7460
3L	1139762	1139852	Deletion	90
3L	1139762	1139834	Deletion	72
3L	1139762	1139832	Deletion	70
3L	1139762	1139854	Deletion	92
3L	1139762	1139820	Deletion	58
3L	1144068	1144172	Deletion	104
3L	1144082	1144172	Deletion	90
3L	1144116	1144172	Deletion	56
3L	1144121	1144172	Deletion	51
3L	1144123	1144172	Deletion	49
3L	1144136	1144172	Deletion	36
3L	1146183	1144172	Deletion	2011
3L	1146183	1146219	Deletion	36
3L	1146183	1146260	Deletion	77
3L	1146183	1146258	Deletion	75
3L	1146183	1146285	Deletion	102
3L	1146183	1146273	Deletion	90
3L	1146183	1146253	Deletion	70
3L	1152711	1152791	Deletion	80
3L	1152714	1152791	Deletion	77
3L	1152753	1152791	Deletion	38
3L	1160602	1160668	Deletion	66
3L	1172701	1172747	Deletion	46
3L	1172709	1172747	Deletion	38
3L	1172710	1172747	Deletion	37
3L	1176691	1176771	Deletion	80
3L	1176691	1176750	Deletion	59
3L	1176691	1176779	Deletion	88
3L	1203563	1203641	Deletion	78
3L	1213084	1203641	Deletion	9443
3L	1213084	1213187	Deletion	103
3L	1218327	1218412	Deletion	85
3L	1218331	1218412	Deletion	81
3L	1218346	1218412	Deletion	66
3L	1218348	1218412	Deletion	64
3L	1218357	1218412	Deletion	55
3L	1218366	1218412	Deletion	46
3L	1227800	1227907	Deletion	107
3L	1227801	1227907	Deletion	106
3L	1227818	1227907	Deletion	89
3L	1227836	1227907	Deletion	71
3L	1227853	1227907	Deletion	54
3L	1227860	1227905	Deletion	45
3L	1230495	1227907	Deletion	2588
3L	1230495	1230568	Deletion	73
3L	1230495	1230551	Deletion	56
3L	1230495	1230575	Deletion	80
3L	1230509	1230626	Deletion	117
3L	1230528	1230626	Deletion	98
3L	1230532	1230626	Deletion	94
3L	1230533	1230626	Deletion	93
3L	1230540	1230626	Deletion	86
3L	1230542	1230626	Deletion	84
3L	1230561	1230626	Deletion	65
3L	1230584	1230626	Deletion	42
3L	1237601	1230626	Deletion	6975
3L	1237601	1237641	Deletion	40
3L	1237601	1237633	Deletion	32
3L	1237601	1237643	Deletion	42
3L	1237601	1237685	Deletion	84
3L	1237601	1237662	Deletion	61
3L	1240908	1240993	Deletion	85
3L	1240919	1240993	Deletion	74
3L	1242311	1240993	Deletion	1318
3L	1242311	1242354	Deletion	43
3L	1274437	1274533	Deletion	96
3L	1274442	1274533	Deletion	91
3L	1274471	1274533	Deletion	62
3L	1274488	1274533	Deletion	45
3L	1274491	1274533	Deletion	42
3L	1279945	1274533	Deletion	5412
3L	1279945	1280013	Deletion	68
3L	1279945	1280030	Deletion	85
3L	1279945	1279984	Deletion	39
3L	1279945	1279979	Deletion	34
3L	1279945	1280065	Deletion	120
3L	1286701	1286794	Deletion	93
3L	1286708	1286794	Deletion	86
3L	1286737	1286794	Deletion	57
3L	1286750	1286794	Deletion	44
3L	1287831	1286794	Deletion	1037
3L	1287831	1287864	Deletion	33
3L	1287831	1287900	Deletion	69
3L	1287831	1287913	Deletion	82
3L	1301164	1301259	Deletion	95
3L	1301178	1301259	Deletion	81
3L	1303484	1303588	Deletion	104
3L	1303484	1303529	Deletion	45
3L	1303484	1303515	Deletion	31
3L	1311537	1311600	Deletion	63
3L	1319385	1319459	Deletion	74
3L	1319399	1319459	Deletion	60
3L	1319410	1319459	Deletion	49
3L	1319425	1319459	Deletion	34
3L	1319427	1319459	Deletion	32
3L	1320956	1319459	Deletion	1497
3L	1320956	1321050	Deletion	94
3L	1320956	1321008	Deletion	52
3L	1320956	1321077	Deletion	121
3L	1320956	1321022	Deletion	66
3L	1320956	1321033	Deletion	77
3L	1320956	1321048	Deletion	92
3L	1345749	1345835	Deletion	86
3L	1345753	1345835	Deletion	82
3L	1345773	1345835	Deletion	62
3L	1345794	1345835	Deletion	41
3L	1345800	1345835	Deletion	35
3L	1348138	1345835	Deletion	2303
3L	1348138	1348224	Deletion	86
3L	1348138	1348183	Deletion	45
3L	1348138	1348203	Deletion	65
3L	1348138	1348179	Deletion	41
3L	1348138	1348230	Deletion	92
3L	1366911	1367011	Deletion	100
3L	1366941	1367011	Deletion	70
3L	1366961	1367011	Deletion	50
3L	1366967	1367011	Deletion	44
3L	1366973	1367011	Deletion	38
3L	1370644	1367011	Deletion	3633
3L	1370644	1370727	Deletion	83
3L	1370644	1370763	Deletion	119
3L	1370644	1370768	Deletion	124
3L	1370644	1370733	Deletion	89
3L	1370644	1370721	Deletion	77
3L	1370644	1370701	Deletion	57
3L	1370644	1370751	Deletion	107
3L	1390955	1391056	Deletion	101
3L	1390959	1391060	Deletion	101
3L	1390975	1391060	Deletion	85
3L	1390984	1391060	Deletion	76
3L	1391010	1391060	Deletion	50
3L	1391022	1391060	Deletion	38
3L	1391026	1391060	Deletion	34
3L	1404479	1391060	Deletion	13419
3L	1404479	1404529	Deletion	50
3L	1404479	1404520	Deletion	41
3L	1404479	1404576	Deletion	97
3L	1404479	1404567	Deletion	88
3L	1404479	1404555	Deletion	76
3L	1408136	1408239	Deletion	103
3L	1408156	1408239	Deletion	83
3L	1408165	1408239	Deletion	74
3L	1408481	1408239	Deletion	242
3L	1408481	1408524	Deletion	43
3L	1435444	1435540	Deletion	96
3L	1435458	1435540	Deletion	82
3L	1435500	1435540	Deletion	40
3L	1436237	1435540	Deletion	697
3L	1436237	1436324	Deletion	87
3L	1436237	1436268	Deletion	31
3L	1436237	1436356	Deletion	119
3L	1461224	1461329	Deletion	105
3L	1461238	1461329	Deletion	91
3L	1461260	1461329	Deletion	69
3L	1461278	1461329	Deletion	51
3L	1464815	1461329	Deletion	3486
3L	1464815	1464938	Deletion	123
3L	1464815	1464890	Deletion	75
3L	1464815	1464872	Deletion	57
3L	1464815	1464850	Deletion	35
3L	1483839	1483933	Deletion	94
3L	1483861	1483933	Deletion	72
3L	1483868	1483933	Deletion	65
3L	1483872	1483933	Deletion	61
3L	1483893	1483933	Deletion	40
3L	1483897	1483933	Deletion	36
3L	1483899	1483933	Deletion	34
3L	1514764	1514796	Deletion	32
3L	1514764	1514818	Deletion	54
3L	1514764	1514825	Deletion	61
3L	1514764	1514856	Deletion	92
3L	1514764	1514829	Deletion	65
3L	1514764	1514869	Deletion	105
3L	1514764	1514850	Deletion	86
3L	1521726	1521836	Deletion	110
3L	1521743	1521836	Deletion	93
3L	1521753	1521836	Deletion	83
3L	1521762	1521836	Deletion	74
3L	1524340	1521836	Deletion	2504
3L	1524340	1524373	Deletion	33
3L	1524340	1524392	Deletion	52
3L	1524340	1524447	Deletion	107
3L	1541338	1541407	Deletion	69
3L	1541347	1541407	Deletion	60
3L	1541355	1541407	Deletion	52
3L	1550679	1541407	Deletion	9272
3L	1550679	1550796	Deletion	117
3L	1550679	1550746	Deletion	67
3L	1550683	1550737	Deletion	54
3L	1560748	1560826	Deletion	78
3L	1560783	1560826	Deletion	43
3L	1579784	1560826	Deletion	18958
3L	1579784	1579832	Deletion	48
3L	1588760	1588845	Deletion	85
3L	1588764	1588845	Deletion	81
3L	1588767	1588845	Deletion	78
3L	1588796	1588845	Deletion	49
3L	1588807	1588845	Deletion	38
3L	1588813	1588845	Deletion	32
3L	1588815	1588845	Deletion	30
3L	1590360	1588845	Deletion	1515
3L	1590360	1590448	Deletion	88
3L	1590360	1590437	Deletion	77
3L	1590360	1590401	Deletion	41
3L	1590360	1590454	Deletion	94
3L	1590360	1590408	Deletion	48
3L	1590360	1590405	Deletion	45
3L	1601780	1594370	Deletion	7410
3L	1601780	1601900	Deletion	120
3L	1601780	1601894	Deletion	114
3L	1604290	1604387	Deletion	97
3L	1604299	1604387	Deletion	88
3L	1613872	1604387	Deletion	9485
3L	1616487	1616594	Deletion	107
3L	1616500	1616594	Deletion	94
3L	1616505	1616594	Deletion	89
3L	1616506	1616594	Deletion	88
3L	1616514	1616594	Deletion	80
3L	1616517	1616594	Deletion	77
3L	1616537	1616594	Deletion	57
3L	1616544	1616594	Deletion	50
3L	1616554	1616594	Deletion	40
3L	1616556	1616594	Deletion	38
3L	1616563	1616594	Deletion	31
3L	1627465	1616594	Deletion	10871
3L	1627465	1627498	Deletion	33
3L	1627465	1627561	Deletion	96
3L	1627465	1627512	Deletion	47
3L	1627465	1627504	Deletion	39
3L	1627465	1627552	Deletion	87
3L	1627465	1627503	Deletion	38
3L	1627465	1627542	Deletion	77
3L	1627465	1627515	Deletion	50
3L	1627465	1627554	Deletion	89
3L	1674410	1674516	Deletion	106
3L	1674425	1674516	Deletion	91
3L	1674461	1674516	Deletion	55
3L	1674463	1674516	Deletion	53
3L	1674483	1674516	Deletion	33
3L	1674485	1674516	Deletion	31
3L	1675682	1674516	Deletion	1166
3L	1675682	1675777	Deletion	95
3L	1675682	1675755	Deletion	73
3L	1675682	1675801	Deletion	119
3L	1675682	1675717	Deletion	35
3L	1675682	1675753	Deletion	71
3L	1675682	1675805	Deletion	123
3L	1680079	1680154	Deletion	75
3L	1680085	1680154	Deletion	69
3L	1680109	1680154	Deletion	45
3L	1680116	1680154	Deletion	38
3L	1680117	1680154	Deletion	37
3L	1680357	1680154	Deletion	203
3L	1680357	1680447	Deletion	90
3L	1680357	1680439	Deletion	82
3L	1680357	1680409	Deletion	52
3L	1680357	1680446	Deletion	89
3L	1680357	1680406	Deletion	49
3L	1683775	1683842	Deletion	67
3L	1683778	1683842	Deletion	64
3L	1683781	1683842	Deletion	61
3L	1683786	1683842	Deletion	56
3L	1683797	1683842	Deletion	45
3L	1683803	1683842	Deletion	39
3L	1690669	1690728	Deletion	59
3L	1690669	1690756	Deletion	87
3L	1690669	1690775	Deletion	106
3L	1690669	1690739	Deletion	70
3L	1690669	1690716	Deletion	47
3L	1690669	1690750	Deletion	81
3L	1690669	1690784	Deletion	115
3L	1690669	1690731	Deletion	62
3L	1695264	1695363	Deletion	99
3L	1695272	1695363	Deletion	91
3L	1695276	1695363	Deletion	87
3L	1695292	1695363	Deletion	71
3L	1695306	1695363	Deletion	57
3L	1695313	1695363	Deletion	50
3L	1696944	1695363	Deletion	1581
3L	1696944	1696979	Deletion	35
3L	1696944	1697049	Deletion	105
3L	1696944	1696999	Deletion	55
3L	1696944	1697020	Deletion	76
3L	1696944	1697062	Deletion	118
3L	1696944	1697042	Deletion	98
3L	1696944	1697013	Deletion	69
3L	1696944	1696983	Deletion	39
3L	1703285	1703368	Deletion	83
3L	1703294	1703364	Deletion	70
3L	1703301	1703368	Deletion	67
3L	1703311	1703368	Deletion	57
3L	1703315	1703368	Deletion	53
3L	1703329	1703368	Deletion	39
3L	1703334	1703368	Deletion	34
3L	1703335	1703368	Deletion	33
3L	1703336	1703368	Deletion	32
3L	1705001	1703368	Deletion	1633
3L	1705001	1705094	Deletion	93
3L	1705001	1705095	Deletion	94
3L	1705001	1705060	Deletion	59
3L	1705001	1705044	Deletion	43
3L	1705001	1705070	Deletion	69
3L	1705001	1705099	Deletion	98
3L	1705001	1705053	Deletion	52
3L	1705001	1705093	Deletion	92
3L	1705001	1705074	Deletion	73
3L	1719089	1705560	Deletion	13529
3L	1719089	1719141	Deletion	52
3L	1730282	1730350	Deletion	68
3L	1730319	1730350	Deletion	31
3L	1730641	1730350	Deletion	291
3L	1730641	1730700	Deletion	59
3L	1767821	1767916	Deletion	95
3L	1767840	1767916	Deletion	76
3L	1767847	1767916	Deletion	69
3L	1767849	1767916	Deletion	67
3L	1767853	1767916	Deletion	63
3L	1767856	1767916	Deletion	60
3L	1767857	1767916	Deletion	59
3L	1767866	1767916	Deletion	50
3L	1767869	1767916	Deletion	47
3L	1767875	1767916	Deletion	41
3L	1768546	1768596	Deletion	50
3L	1768546	1768613	Deletion	67
3L	1768546	1768603	Deletion	57
3L	1768546	1768605	Deletion	59
3L	1768546	1768652	Deletion	106
3L	1768546	1768625	Deletion	79
3L	1768546	1768577	Deletion	31
3L	1768546	1768622	Deletion	76
3L	1768546	1768631	Deletion	85
3L	1768547	1768609	Deletion	62
3L	1784530	1784615	Deletion	85
3L	1784554	1784615	Deletion	61
3L	1788936	1784615	Deletion	4321
3L	1788936	1789035	Deletion	99
3L	1788936	1788977	Deletion	41
3L	1788936	1789034	Deletion	98
3L	1798505	1798536	Deletion	31
3L	1798600	1798536	Deletion	64
3L	1798600	1798696	Deletion	96
3L	1798600	1798663	Deletion	63
3L	1805634	1805736	Deletion	102
3L	1805668	1805736	Deletion	68
3L	1805675	1805736	Deletion	61
3L	1805676	1805736	Deletion	60
3L	1805698	1805736	Deletion	38
3L	1805703	1805736	Deletion	33
3L	1807107	1805736	Deletion	1371
3L	1807107	1807201	Deletion	94
3L	1807107	1807173	Deletion	66
3L	1807107	1807166	Deletion	59
3L	1807107	1807196	Deletion	89
3L	1807107	1807174	Deletion	67
3L	1854251	1854371	Deletion	120
3L	1854252	1854371	Deletion	119
3L	1854258	1854371	Deletion	113
3L	1854262	1854371	Deletion	109
3L	1854273	1854371	Deletion	98
3L	1854289	1854371	Deletion	82
3L	1854291	1854371	Deletion	80
3L	1854294	1854371	Deletion	77
3L	1854300	1854371	Deletion	71
3L	1854421	1854371	Deletion	50
3L	1854421	1854465	Deletion	44
3L	1854421	1854467	Deletion	46
3L	1854421	1854470	Deletion	49
3L	1854421	1854532	Deletion	111
3L	1865857	1865970	Deletion	113
3L	1865862	1865969	Deletion	107
3L	1865867	1865970	Deletion	103
3L	1865889	1865970	Deletion	81
3L	1865895	1865970	Deletion	75
3L	1865896	1865970	Deletion	74
3L	1866210	1865970	Deletion	240
3L	1866210	1866313	Deletion	103
3L	1866210	1866331	Deletion	121
3L	1866210	1866324	Deletion	114
3L	1866210	1866261	Deletion	51
3L	1866210	1866255	Deletion	45
3L	1866210	1866262	Deletion	52
3L	1868172	1868272	Deletion	100
3L	1868178	1868272	Deletion	94
3L	1868202	1868272	Deletion	70
3L	1868233	1868272	Deletion	39
3L	1868241	1868272	Deletion	31
3L	1879825	1868272	Deletion	11553
3L	1879825	1879858	Deletion	33
3L	1879825	1879921	Deletion	96
3L	1879825	1879923	Deletion	98
3L	1879825	1879913	Deletion	88
3L	1883404	1883461	Deletion	57
3L	1883416	1883461	Deletion	45
3L	1883530	1883461	Deletion	69
3L	1883530	1883643	Deletion	113
3L	1883530	1883613	Deletion	83
3L	1883530	1883648	Deletion	118
3L	1884518	1884615	Deletion	97
3L	1884536	1884615	Deletion	79
3L	1884542	1884615	Deletion	73
3L	1884550	1884615	Deletion	65
3L	1884569	1884615	Deletion	46
3L	1887319	1884615	Deletion	2704
3L	1887319	1887399	Deletion	80
3L	1887319	1887372	Deletion	53
3L	1887319	1887380	Deletion	61
3L	1903517	1903622	Deletion	105
3L	1903525	1903622	Deletion	97
3L	1903543	1903622	Deletion	79
3L	1903564	1903622	Deletion	58
3L	1903916	1903622	Deletion	294
3L	1903916	1904032	Deletion	116
3L	1903916	1903963	Deletion	47
3L	1903916	1903984	Deletion	68
3L	1904505	1904582	Deletion	77
3L	1904522	1904582	Deletion	60
3L	1909237	1904582	Deletion	4655
3L	1909237	1909303	Deletion	66
3L	1909237	1909286	Deletion	49
3L	1912472	1912577	Deletion	105
3L	1912491	1912577	Deletion	86
3L	1912507	1912577	Deletion	70
3L	1912517	1912577	Deletion	60
3L	1912534	1912577	Deletion	43
3L	1918555	1912577	Deletion	5978
3L	1918555	1918612	Deletion	57
3L	1918555	1918596	Deletion	41
3L	1918555	1918639	Deletion	84
3L	1918555	1918622	Deletion	67
3L	1924859	1924933	Deletion	74
3L	1926936	1924933	Deletion	2003
3L	1926936	1926989	Deletion	53
3L	1936725	1936825	Deletion	100
3L	1936741	1936825	Deletion	84
3L	1936762	1936825	Deletion	63
3L	1936766	1936825	Deletion	59
3L	1936775	1936825	Deletion	50
3L	1936778	1936825	Deletion	47
3L	1939522	1936825	Deletion	2697
3L	1939522	1939645	Deletion	123
3L	1939522	1939625	Deletion	103
3L	1939522	1939598	Deletion	76
3L	1939522	1939585	Deletion	63
3L	1939522	1939601	Deletion	79
3L	1939522	1939589	Deletion	67
3L	1964449	1964531	Deletion	82
3L	1964464	1964531	Deletion	67
3L	1964470	1964531	Deletion	61
3L	1964483	1964531	Deletion	48
3L	1964501	1964531	Deletion	30
3L	1964645	1964531	Deletion	114
3L	1964645	1964724	Deletion	79
3L	1964645	1964711	Deletion	66
3L	1964645	1964705	Deletion	60
3L	1964645	1964690	Deletion	45
3L	1964645	1964680	Deletion	35
3L	1966939	1967062	Deletion	123
3L	1967018	1967062	Deletion	44
3L	1977635	1967062	Deletion	10573
3L	1977635	1977756	Deletion	121
3L	1977635	1977734	Deletion	99
3L	1978771	1978877	Deletion	106
3L	1978798	1978877	Deletion	79
3L	1978800	1978877	Deletion	77
3L	1978927	1978877	Deletion	50
3L	1978927	1979047	Deletion	120
3L	1978927	1979048	Deletion	121
3L	1978927	1978976	Deletion	49
3L	1978927	1979005	Deletion	78
3L	1982855	1982971	Deletion	116
3L	1982856	1982971	Deletion	115
3L	1982859	1982971	Deletion	112
3L	1982906	1982971	Deletion	65
3L	1982909	1982971	Deletion	62
3L	1982915	1982971	Deletion	56
3L	1983321	1982971	Deletion	350
3L	1983321	1983385	Deletion	64
3L	1983321	1983382	Deletion	61
3L	1983321	1983436	Deletion	115
3L	1999203	1999317	Deletion	114
3L	1999207	1999317	Deletion	110
3L	1999234	1999317	Deletion	83
3L	1999269	1999317	Deletion	48
3L	1999879	1999989	Deletion	110
3L	1999879	1999923	Deletion	44
3L	1999879	2000001	Deletion	122
3L	2000694	2000799	Deletion	105
3L	2000703	2000797	Deletion	94
3L	2000710	2000797	Deletion	87
3L	2000733	2000797	Deletion	64
3L	2000752	2000797	Deletion	45
3L	2000756	2000797	Deletion	41
3L	2003909	2000797	Deletion	3112
3L	2003909	2003990	Deletion	81
3L	2003909	2003948	Deletion	39
3L	2003909	2003994	Deletion	85
3L	2003909	2004008	Deletion	99
3L	2003909	2003941	Deletion	32
3L	2008420	2008491	Deletion	71
3L	2008425	2008491	Deletion	66
3L	2008448	2008491	Deletion	43
3L	2008454	2008491	Deletion	37
3L	2021942	2008491	Deletion	13451
3L	2021942	2022032	Deletion	90
3L	2021942	2022003	Deletion	61
3L	2021942	2022026	Deletion	84
3L	2021942	2021998	Deletion	56
3L	2025312	2025384	Deletion	72
3L	2025344	2025384	Deletion	40
3L	2025346	2025384	Deletion	38
3L	2060226	2025384	Deletion	34842
3L	2060226	2060280	Deletion	54
3L	2060226	2060314	Deletion	88
3L	2060226	2060334	Deletion	108
3L	2060226	2060312	Deletion	86
3L	2082756	2082856	Deletion	100
3L	2082799	2082856	Deletion	57
3L	2082939	2082856	Deletion	83
3L	2082939	2083008	Deletion	69
3L	2086596	2086640	Deletion	44
3L	2086604	2086640	Deletion	36
3L	2086606	2086640	Deletion	34
3L	2107565	2086640	Deletion	20925
3L	2107565	2107611	Deletion	46
3L	2107565	2107655	Deletion	90
3L	2107565	2107657	Deletion	92
3L	2124653	2113437	Deletion	11216
3L	2124653	2124710	Deletion	57
3L	2124653	2124760	Deletion	107
3L	2124653	2124754	Deletion	101
3L	2138472	2138543	Deletion	71
3L	2138474	2138543	Deletion	69
3L	2138495	2138543	Deletion	48
3L	2138501	2138543	Deletion	42
3L	2140495	2138543	Deletion	1952
3L	2140495	2140573	Deletion	78
3L	2140495	2140550	Deletion	55
3L	2140495	2140618	Deletion	123
3L	2140495	2140552	Deletion	57
3L	2140497	2140579	Deletion	82
3L	2140870	2140968	Deletion	98
3L	2140874	2140968	Deletion	94
3L	2140906	2140968	Deletion	62
3L	2140918	2140968	Deletion	50
3L	2140924	2140968	Deletion	44
3L	2140931	2140968	Deletion	37
3L	2143689	2140968	Deletion	2721
3L	2143689	2143721	Deletion	32
3L	2143689	2143753	Deletion	64
3L	2143689	2143765	Deletion	76
3L	2143689	2143778	Deletion	89
3L	2145036	2145141	Deletion	105
3L	2145049	2145141	Deletion	92
3L	2145081	2145141	Deletion	60
3L	2145085	2145141	Deletion	56
3L	2158737	2145141	Deletion	13596
3L	2158737	2158808	Deletion	71
3L	2158737	2158804	Deletion	67
3L	2158737	2158772	Deletion	35
3L	2158737	2158845	Deletion	108
3L	2158737	2158858	Deletion	121
3L	2164213	2164323	Deletion	110
3L	2164217	2164323	Deletion	106
3L	2164230	2164323	Deletion	93
3L	2164234	2164323	Deletion	89
3L	2164237	2164323	Deletion	86
3L	2164265	2164323	Deletion	58
3L	2166574	2164323	Deletion	2251
3L	2166574	2166671	Deletion	97
3L	2166574	2166684	Deletion	110
3L	2166574	2166614	Deletion	40
3L	2166574	2166675	Deletion	101
3L	2166574	2166687	Deletion	113
3L	2166574	2166642	Deletion	68
3L	2166574	2166611	Deletion	37
3L	2178219	2178324	Deletion	105
3L	2178226	2178324	Deletion	98
3L	2179227	2178324	Deletion	903
3L	2179227	2179338	Deletion	111
3L	2179227	2179345	Deletion	118
3L	2200887	2200976	Deletion	89
3L	2200927	2200976	Deletion	49
3L	2200929	2200976	Deletion	47
3L	2200935	2200976	Deletion	41
3L	2201057	2200976	Deletion	81
3L	2201057	2201140	Deletion	83
3L	2201057	2201098	Deletion	41
3L	2201057	2201174	Deletion	117
3L	2201057	2201146	Deletion	89
3L	2201057	2201175	Deletion	118
3L	2201057	2201138	Deletion	81
3L	2217210	2217315	Deletion	105
3L	2217221	2217315	Deletion	94
3L	2217446	2217554	Deletion	108
3L	2217485	2217579	Deletion	94
3L	2217537	2217579	Deletion	42
3L	2217538	2217579	Deletion	41
3L	2218865	2217579	Deletion	1286
3L	2218865	2218977	Deletion	112
3L	2218865	2218952	Deletion	87
3L	2218865	2218951	Deletion	86
3L	2225240	2225338	Deletion	98
3L	2225254	2225338	Deletion	84
3L	2225267	2225338	Deletion	71
3L	2225272	2225338	Deletion	66
3L	2225277	2225338	Deletion	61
3L	2228087	2225338	Deletion	2749
3L	2228087	2228129	Deletion	42
3L	2228087	2228142	Deletion	55
3L	2228087	2228152	Deletion	65
3L	2228404	2228464	Deletion	60
3L	2228414	2228464	Deletion	50
3L	2228420	2228464	Deletion	44
3L	2230871	2228464	Deletion	2407
3L	2230871	2230948	Deletion	77
3L	2230871	2230912	Deletion	41
3L	2230871	2230954	Deletion	83
3L	2233640	2233753	Deletion	113
3L	2233664	2233753	Deletion	89
3L	2233679	2233753	Deletion	74
3L	2233703	2233753	Deletion	50
3L	2234956	2233753	Deletion	1203
3L	2234956	2235009	Deletion	53
3L	2234956	2234994	Deletion	38
3L	2234956	2235072	Deletion	116
3L	2234956	2235033	Deletion	77
3L	2269256	2269370	Deletion	114
3L	2269260	2269370	Deletion	110
3L	2269278	2269366	Deletion	88
3L	2269291	2269370	Deletion	79
3L	2269323	2269370	Deletion	47
3L	2271814	2269370	Deletion	2444
3L	2271814	2271924	Deletion	110
3L	2271814	2271861	Deletion	47
3L	2271814	2271893	Deletion	79
3L	2271814	2271925	Deletion	111
3L	2277909	2277965	Deletion	56
3L	2281819	2281887	Deletion	68
3L	2281825	2281887	Deletion	62
3L	2281831	2281887	Deletion	56
3L	2283930	2281882	Deletion	2048
3L	2283930	2283995	Deletion	65
3L	2283930	2284040	Deletion	110
3L	2283930	2283988	Deletion	58
3L	2283930	2283989	Deletion	59
3L	2333999	2334094	Deletion	95
3L	2334029	2334094	Deletion	65
3L	2334036	2334094	Deletion	58
3L	2334045	2334094	Deletion	49
3L	2337836	2334094	Deletion	3742
3L	2337836	2337913	Deletion	77
3L	2337836	2337897	Deletion	61
3L	2337836	2337904	Deletion	68
3L	2370002	2370123	Deletion	121
3L	2370031	2370123	Deletion	92
3L	2370033	2370123	Deletion	90
3L	2370057	2370123	Deletion	66
3L	2373670	2370123	Deletion	3547
3L	2373670	2373745	Deletion	75
3L	2373670	2373707	Deletion	37
3L	2373670	2373731	Deletion	61
3L	2373679	2373705	Deletion	26
3L	2373706	2373745	Deletion	39
3L	2376082	2373745	Deletion	2337
3L	2376082	2376190	Deletion	108
3L	2376082	2376169	Deletion	87
3L	2376082	2376120	Deletion	38
3L	2376082	2376123	Deletion	41
3L	2376082	2376142	Deletion	60
3L	2376082	2376129	Deletion	47
3L	2378961	2377151	Deletion	1810
3L	2378961	2379079	Deletion	118
3L	2388250	2388345	Deletion	95
3L	2388261	2388345	Deletion	84
3L	2388264	2388345	Deletion	81
3L	2388267	2388345	Deletion	78
3L	2388292	2388345	Deletion	53
3L	2388300	2388345	Deletion	45
3L	2388310	2388345	Deletion	35
3L	2388315	2388345	Deletion	30
3L	2392434	2388345	Deletion	4089
3L	2392434	2392516	Deletion	82
3L	2392434	2392480	Deletion	46
3L	2392434	2392466	Deletion	32
3L	2392434	2392531	Deletion	97
3L	2392434	2392526	Deletion	92
3L	2392434	2392508	Deletion	74
3L	2392434	2392483	Deletion	49
3L	2403381	2403488	Deletion	107
3L	2403384	2403488	Deletion	104
3L	2403412	2403488	Deletion	76
3L	2403449	2403488	Deletion	39
3L	2403452	2403488	Deletion	36
3L	2405202	2403488	Deletion	1714
3L	2405202	2405302	Deletion	100
3L	2405202	2405290	Deletion	88
3L	2405202	2405293	Deletion	91
3L	2405202	2405314	Deletion	112
3L	2436028	2436110	Deletion	82
3L	2436061	2436110	Deletion	49
3L	2436077	2436110	Deletion	33
3L	2438258	2436110	Deletion	2148
3L	2438258	2438351	Deletion	93
3L	2438258	2438302	Deletion	44
3L	2446123	2446194	Deletion	71
3L	2446134	2446194	Deletion	60
3L	2446146	2446194	Deletion	48
3L	2446150	2446194	Deletion	44
3L	2446158	2446194	Deletion	36
3L	2446160	2446194	Deletion	34
3L	2446164	2446194	Deletion	30
3L	2458067	2458159	Deletion	92
3L	2458067	2458149	Deletion	82
3L	2458067	2458163	Deletion	96
3L	2458067	2458122	Deletion	55
3L	2458067	2458145	Deletion	78
3L	2458067	2458157	Deletion	90
3L	2458068	2458119	Deletion	51
3L	2467317	2467389	Deletion	72
3L	2468619	2467389	Deletion	1230
3L	2468619	2468741	Deletion	122
3L	2495332	2495418	Deletion	86
3L	2495336	2495418	Deletion	82
3L	2495361	2495418	Deletion	57
3L	2495379	2495418	Deletion	39
3L	2498070	2495418	Deletion	2652
3L	2498070	2498139	Deletion	69
3L	2498070	2498110	Deletion	40
3L	2498070	2498114	Deletion	44
3L	2503819	2503911	Deletion	92
3L	2503843	2503911	Deletion	68
3L	2503867	2503911	Deletion	44
3L	2520029	2503911	Deletion	16118
3L	2520029	2520061	Deletion	32
3L	2520029	2520111	Deletion	82
3L	2520029	2520137	Deletion	108
3L	2520029	2520130	Deletion	101
3L	2520029	2520063	Deletion	34
3L	2528301	2528359	Deletion	58
3L	2528314	2528359	Deletion	45
3L	2528319	2528359	Deletion	40
3L	2528320	2528359	Deletion	39
3L	2540055	2528359	Deletion	11696
3L	2540055	2540112	Deletion	57
3L	2540055	2540141	Deletion	86
3L	2540055	2540142	Deletion	87
3L	2540055	2540156	Deletion	101
3L	2540055	2540165	Deletion	110
3L	2540055	2540136	Deletion	81
3L	2540055	2540169	Deletion	114
3L	2540055	2540175	Deletion	120
3L	2540055	2540167	Deletion	112
3L	2546152	2546207	Deletion	55
3L	2546168	2546207	Deletion	39
3L	2546176	2546207	Deletion	31
3L	2551868	2546207	Deletion	5661
3L	2551868	2551917	Deletion	49
3L	2551868	2551963	Deletion	95
3L	2551868	2551955	Deletion	87
3L	2551868	2551978	Deletion	110
3L	2551868	2551987	Deletion	119
3L	2551868	2551965	Deletion	97
3L	2554772	2554868	Deletion	96
3L	2554786	2554868	Deletion	82
3L	2554790	2554868	Deletion	78
3L	2554814	2554868	Deletion	54
3L	2574411	2554868	Deletion	19543
3L	2574411	2574442	Deletion	31
3L	2574411	2574484	Deletion	73
3L	2574411	2574524	Deletion	113
3L	2574411	2574460	Deletion	49
3L	2578298	2578387	Deletion	89
3L	2578307	2578387	Deletion	80
3L	2578327	2578387	Deletion	60
3L	2578332	2578387	Deletion	55
3L	2578350	2578387	Deletion	37
3L	2585050	2578387	Deletion	6663
3L	2585050	2585116	Deletion	66
3L	2585050	2585087	Deletion	37
3L	2585050	2585139	Deletion	89
3L	2585050	2585096	Deletion	46
3L	2587024	2587136	Deletion	112
3L	2587059	2587136	Deletion	77
3L	2587090	2587136	Deletion	46
3L	2587575	2587136	Deletion	439
3L	2587575	2587656	Deletion	81
3L	2587575	2587697	Deletion	122
3L	2587575	2587680	Deletion	105
3L	2587577	2587673	Deletion	96
3L	2587583	2587676	Deletion	93
3L	2601477	2601554	Deletion	77
3L	2601483	2601554	Deletion	71
3L	2601507	2601554	Deletion	47
3L	2601789	2601554	Deletion	235
3L	2601789	2601844	Deletion	55
3L	2601789	2601868	Deletion	79
3L	2601789	2601838	Deletion	49
3L	2606271	2606366	Deletion	95
3L	2606285	2606366	Deletion	81
3L	2606415	2606366	Deletion	49
3L	2606415	2606462	Deletion	47
3L	2606415	2606448	Deletion	33
3L	2614925	2615025	Deletion	100
3L	2614954	2615025	Deletion	71
3L	2614992	2615025	Deletion	33
3L	2617451	2615025	Deletion	2426
3L	2617451	2617506	Deletion	55
3L	2650560	2650638	Deletion	78
3L	2650565	2650638	Deletion	73
3L	2650570	2650638	Deletion	68
3L	2652995	2650638	Deletion	2357
3L	2652995	2653054	Deletion	59
3L	2652995	2653044	Deletion	49
3L	2660070	2660181	Deletion	111
3L	2660132	2660181	Deletion	49
3L	2667519	2660181	Deletion	7338
3L	2667519	2667596	Deletion	77
3L	2699580	2699700	Deletion	120
3L	2699603	2699700	Deletion	97
3L	2699609	2699700	Deletion	91
3L	2699617	2699700	Deletion	83
3L	2699633	2699700	Deletion	67
3L	2699653	2699700	Deletion	47
3L	2699654	2699700	Deletion	46
3L	2699665	2699700	Deletion	35
3L	2708697	2699700	Deletion	8997
3L	2708697	2708758	Deletion	61
3L	2708697	2708728	Deletion	31
3L	2708697	2708779	Deletion	82
3L	2708697	2708742	Deletion	45
3L	2708697	2708821	Deletion	124
3L	2708697	2708734	Deletion	37
3L	2708697	2708790	Deletion	93
3L	2712741	2712855	Deletion	114
3L	2712750	2712855	Deletion	105
3L	2712751	2712855	Deletion	104
3L	2712772	2712855	Deletion	83
3L	2712791	2712855	Deletion	64
3L	2712799	2712855	Deletion	56
3L	2712825	2712855	Deletion	30
3L	2719588	2712855	Deletion	6733
3L	2719588	2719650	Deletion	62
3L	2719588	2719658	Deletion	70
3L	2719588	2719684	Deletion	96
3L	2722084	2722185	Deletion	101
3L	2722085	2722185	Deletion	100
3L	2722087	2722185	Deletion	98
3L	2722088	2722185	Deletion	97
3L	2722092	2722185	Deletion	93
3L	2722107	2722185	Deletion	78
3L	2722122	2722185	Deletion	63
3L	2722134	2722185	Deletion	51
3L	2722144	2722185	Deletion	41
3L	2722410	2722185	Deletion	225
3L	2722410	2722510	Deletion	100
3L	2722410	2722498	Deletion	88
3L	2722410	2722446	Deletion	36
3L	2722410	2722461	Deletion	51
3L	2722410	2722441	Deletion	31
3L	2722410	2722476	Deletion	66
3L	2741514	2741559	Deletion	45
3L	2743042	2741559	Deletion	1483
3L	2743042	2743162	Deletion	120
3L	2743042	2743123	Deletion	81
3L	2763011	2763110	Deletion	99
3L	2763013	2763110	Deletion	97
3L	2767116	2763110	Deletion	4006
3L	2768930	2769040	Deletion	110
3L	2768945	2769040	Deletion	95
3L	2768956	2769040	Deletion	84
3L	2768975	2769040	Deletion	65
3L	2769001	2769040	Deletion	39
3L	2769002	2769040	Deletion	38
3L	2803500	2769040	Deletion	34460
3L	2803500	2803561	Deletion	61
3L	2803500	2803542	Deletion	42
3L	2803503	2803587	Deletion	84
3L	2805036	2805146	Deletion	110
3L	2805083	2805146	Deletion	63
3L	2807994	2805146	Deletion	2848
3L	2807994	2808057	Deletion	63
3L	2820179	2820231	Deletion	52
3L	2820188	2820231	Deletion	43
3L	2820191	2820231	Deletion	40
3L	2820194	2820231	Deletion	37
3L	2820295	2820232	Deletion	63
3L	2820295	2820414	Deletion	119
3L	2820295	2820382	Deletion	87
3L	2820295	2820404	Deletion	109
3L	2820295	2820370	Deletion	75
3L	2820295	2820379	Deletion	84
3L	2820297	2820411	Deletion	114
3L	2820906	2820985	Deletion	79
3L	2820939	2820985	Deletion	46
3L	2825576	2820985	Deletion	4591
3L	2825576	2825685	Deletion	109
3L	2825576	2825658	Deletion	82
3L	2825576	2825675	Deletion	99
3L	2835318	2835396	Deletion	78
3L	2835321	2835396	Deletion	75
3L	2835326	2835396	Deletion	70
3L	2835340	2835396	Deletion	56
3L	2839235	2835396	Deletion	3839
3L	2839235	2839343	Deletion	108
3L	2839235	2839283	Deletion	48
3L	2839235	2839291	Deletion	56
3L	2839235	2839286	Deletion	51
3L	2839235	2839305	Deletion	70
3L	2847511	2847592	Deletion	81
3L	2847548	2847592	Deletion	44
3L	2847757	2847592	Deletion	165
3L	2847757	2847796	Deletion	39
3L	2847757	2847802	Deletion	45
3L	2852771	2852880	Deletion	109
3L	2852784	2852880	Deletion	96
3L	2856387	2852880	Deletion	3507
3L	2856387	2856485	Deletion	98
3L	2856387	2856418	Deletion	31
3L	2856387	2856492	Deletion	105
3L	2856387	2856493	Deletion	106
3L	2879767	2879881	Deletion	114
3L	2879773	2879881	Deletion	108
3L	2879786	2879881	Deletion	95
3L	2879806	2879881	Deletion	75
3L	2879819	2879881	Deletion	62
3L	2890242	2879881	Deletion	10361
3L	2890242	2890293	Deletion	51
3L	2890242	2890306	Deletion	64
3L	2890242	2890273	Deletion	31
3L	2896281	2896360	Deletion	79
3L	2896297	2896360	Deletion	63
3L	2896315	2896360	Deletion	45
3L	2896321	2896360	Deletion	39
3L	2896328	2896360	Deletion	32
3L	2902556	2896360	Deletion	6196
3L	2902556	2902673	Deletion	117
3L	2902556	2902650	Deletion	94
3L	2902556	2902637	Deletion	81
3L	2902556	2902643	Deletion	87
3L	2902556	2902676	Deletion	120
3L	2902556	2902603	Deletion	47
3L	2904878	2904923	Deletion	45
3L	2905170	2904923	Deletion	247
3L	2905170	2905277	Deletion	107
3L	2905170	2905270	Deletion	100
3L	2905968	2906051	Deletion	83
3L	2921888	2906051	Deletion	15837
3L	2921888	2921919	Deletion	31
3L	2921888	2921989	Deletion	101
3L	2921888	2922001	Deletion	113
3L	2935958	2936008	Deletion	50
3L	2940609	2940725	Deletion	116
3L	2940638	2940725	Deletion	87
3L	2940649	2940725	Deletion	76
3L	2940655	2940725	Deletion	70
3L	2940675	2940725	Deletion	50
3L	2940687	2940725	Deletion	38
3L	2943453	2943510	Deletion	57
3L	2943453	2943516	Deletion	63
3L	2943453	2943536	Deletion	83
3L	2943453	2943548	Deletion	95
3L	2949161	2949241	Deletion	80
3L	2949166	2949241	Deletion	75
3L	2949192	2949241	Deletion	49
3L	2949299	2949241	Deletion	58
3L	2949299	2949345	Deletion	46
3L	2949299	2949350	Deletion	51
3L	2949299	2949421	Deletion	122
3L	2950686	2950772	Deletion	86
3L	2950708	2950772	Deletion	64
3L	2950731	2950772	Deletion	41
3L	2950738	2950772	Deletion	34
3L	2950739	2950772	Deletion	33
3L	2974376	2974497	Deletion	121
3L	2974376	2974469	Deletion	93
3L	2974376	2974461	Deletion	85
3L	2974376	2974414	Deletion	38
3L	2974376	2974468	Deletion	92
3L	2974376	2974438	Deletion	62
3L	2975721	2975803	Deletion	82
3L	2975727	2975803	Deletion	76
3L	2975737	2975803	Deletion	66
3L	2975759	2975803	Deletion	44
3L	2975761	2975803	Deletion	42
3L	2975767	2975803	Deletion	36
3L	2975974	2975803	Deletion	171
3L	2975974	2976035	Deletion	61
3L	2975974	2976059	Deletion	85
3L	2975974	2976018	Deletion	44
3L	2975974	2976025	Deletion	51
3L	2975974	2976057	Deletion	83
3L	2975974	2976065	Deletion	91
3L	2975974	2976019	Deletion	45
3L	2982771	2982882	Deletion	111
3L	2982786	2982882	Deletion	96
3L	2982805	2982882	Deletion	77
3L	2982814	2982882	Deletion	68
3L	2982819	2982882	Deletion	63
3L	2982846	2982882	Deletion	36
3L	2996840	2982882	Deletion	13958
3L	2996840	2996931	Deletion	91
3L	2996840	2996904	Deletion	64
3L	2996840	2996944	Deletion	104
3L	2996840	2996890	Deletion	50
3L	2996840	2996899	Deletion	59
3L	2996840	2996950	Deletion	110
3L	3001229	3001287	Deletion	58
3L	3001257	3001287	Deletion	30
3L	3003435	3001287	Deletion	2148
3L	3003435	3003474	Deletion	39
3L	3003435	3003505	Deletion	70
3L	3003435	3003533	Deletion	98
3L	3020330	3020388	Deletion	58
3L	3020331	3020388	Deletion	57
3L	3020341	3020388	Deletion	47
3L	3026608	3020388	Deletion	6220
3L	3026608	3026678	Deletion	70
3L	3026608	3026688	Deletion	80
3L	3027149	3027258	Deletion	109
3L	3027159	3027258	Deletion	99
3L	3027181	3027258	Deletion	77
3L	3027187	3027258	Deletion	71
3L	3027217	3027258	Deletion	41
3L	3031178	3027258	Deletion	3920
3L	3031178	3031227	Deletion	49
3L	3031178	3031233	Deletion	55
3L	3031178	3031263	Deletion	85
3L	3031178	3031283	Deletion	105
3L	3038206	3038306	Deletion	100
3L	3038213	3038306	Deletion	93
3L	3038274	3038306	Deletion	32
3L	3038418	3038306	Deletion	112
3L	3038418	3038512	Deletion	94
3L	3057066	3057178	Deletion	112
3L	3057085	3057178	Deletion	93
3L	3057107	3057178	Deletion	71
3L	3076468	3076524	Deletion	56
3L	3076468	3076502	Deletion	34
3L	3092523	3092611	Deletion	88
3L	3092531	3092611	Deletion	80
3L	3092545	3092611	Deletion	66
3L	3092559	3092611	Deletion	52
3L	3092562	3092611	Deletion	49
3L	3092568	3092611	Deletion	43
3L	3092972	3092611	Deletion	361
3L	3092972	3093018	Deletion	46
3L	3092972	3093017	Deletion	45
3L	3100786	3093010	Deletion	7776
3L	3100786	3100820	Deletion	34
3L	3100786	3100841	Deletion	55
3L	3100786	3100826	Deletion	40
3L	3126278	3124166	Deletion	2112
3L	3126278	3126401	Deletion	123
3L	3126278	3126374	Deletion	96
3L	3131594	3131673	Deletion	79
3L	3131615	3131673	Deletion	58
3L	3151566	3131673	Deletion	19893
3L	3151566	3151634	Deletion	68
3L	3158289	3158382	Deletion	93
3L	3158292	3158382	Deletion	90
3L	3158306	3158382	Deletion	76
3L	3158347	3158382	Deletion	35
3L	3158546	3158382	Deletion	164
3L	3158546	3158659	Deletion	113
3L	3158546	3158582	Deletion	36
3L	3158546	3158637	Deletion	91
3L	3158546	3158596	Deletion	50
3L	3158546	3158577	Deletion	31
3L	3158546	3158640	Deletion	94
3L	3160215	3160269	Deletion	54
3L	3160225	3160269	Deletion	44
3L	3160237	3160269	Deletion	32
3L	3184604	3160269	Deletion	24335
3L	3184604	3184676	Deletion	72
3L	3184604	3184716	Deletion	112
3L	3184604	3184698	Deletion	94
3L	3198783	3198876	Deletion	93
3L	3198784	3198876	Deletion	92
3L	3198803	3198876	Deletion	73
3L	3198815	3198876	Deletion	61
3L	3198828	3198876	Deletion	48
3L	3203290	3198876	Deletion	4414
3L	3203290	3203358	Deletion	68
3L	3203290	3203326	Deletion	36
3L	3203290	3203371	Deletion	81
3L	3203290	3203346	Deletion	56
3L	3203290	3203391	Deletion	101
3L	3204385	3204491	Deletion	106
3L	3217677	3217784	Deletion	107
3L	3217703	3217784	Deletion	81
3L	3217736	3217784	Deletion	48
3L	3220919	3217784	Deletion	3135
3L	3220919	3220997	Deletion	78
3L	3220919	3221031	Deletion	112
3L	3220919	3221037	Deletion	118
3L	3230393	3230465	Deletion	72
3L	3230518	3230465	Deletion	53
3L	3230518	3230569	Deletion	51
3L	3231206	3231241	Deletion	35
3L	3231289	3231241	Deletion	48
3L	3231289	3231388	Deletion	99
3L	3231289	3231401	Deletion	112
3L	3231289	3231376	Deletion	87
3L	3231289	3231330	Deletion	41
3L	3256148	3256256	Deletion	108
3L	3270858	3270922	Deletion	64
3L	3270885	3270922	Deletion	37
3L	3270890	3270922	Deletion	32
3L	3271871	3270922	Deletion	949
3L	3271871	3271934	Deletion	63
3L	3271871	3271965	Deletion	94
3L	3271871	3271960	Deletion	89
3L	3274513	3274603	Deletion	90
3L	3274521	3274603	Deletion	82
3L	3274535	3274603	Deletion	68
3L	3274550	3274603	Deletion	53
3L	3281637	3274603	Deletion	7034
3L	3315676	3315713	Deletion	37
3L	3315676	3315750	Deletion	74
3L	3315676	3315785	Deletion	109
3L	3315676	3315708	Deletion	32
3L	3325458	3325563	Deletion	105
3L	3325484	3325563	Deletion	79
3L	3325489	3325563	Deletion	74
3L	3325657	3325563	Deletion	94
3L	3325657	3325762	Deletion	105
3L	3325657	3325709	Deletion	52
3L	3330533	3330588	Deletion	55
3L	3330555	3330588	Deletion	33
3L	3337421	3330588	Deletion	6833
3L	3337421	3337492	Deletion	71
3L	3342623	3342718	Deletion	95
3L	3342631	3342718	Deletion	87
3L	3342799	3342718	Deletion	81
3L	3342799	3342830	Deletion	31
3L	3349547	3349636	Deletion	89
3L	3349554	3349636	Deletion	82
3L	3349567	3349636	Deletion	69
3L	3349576	3349636	Deletion	60
3L	3349580	3349636	Deletion	56
3L	3354317	3349636	Deletion	4681
3L	3354317	3354362	Deletion	45
3L	3354317	3354388	Deletion	71
3L	3354317	3354375	Deletion	58
3L	3354317	3354355	Deletion	38
3L	3362583	3362665	Deletion	82
3L	3362601	3362665	Deletion	64
3L	3362615	3362665	Deletion	50
3L	3362621	3362665	Deletion	44
3L	3362632	3362665	Deletion	33
3L	3374061	3362665	Deletion	11396
3L	3374061	3374167	Deletion	106
3L	3374061	3374156	Deletion	95
3L	3374061	3374145	Deletion	84
3L	3374061	3374107	Deletion	46
3L	3374061	3374125	Deletion	64
3L	3374061	3374139	Deletion	78
3L	3380365	3380477	Deletion	112
3L	3380378	3380477	Deletion	99
3L	3380392	3380477	Deletion	85
3L	3380430	3380477	Deletion	47
3L	3380435	3380477	Deletion	42
3L	3380442	3380477	Deletion	35
3L	3389699	3380477	Deletion	9222
3L	3389699	3389790	Deletion	91
3L	3389699	3389783	Deletion	84
3L	3389699	3389740	Deletion	41
3L	3391250	3391350	Deletion	100
3L	3391273	3391350	Deletion	77
3L	3391291	3391350	Deletion	59
3L	3391301	3391350	Deletion	49
3L	3394773	3391350	Deletion	3423
3L	3394773	3394851	Deletion	78
3L	3394773	3394841	Deletion	68
3L	3428105	3428219	Deletion	114
3L	3428111	3428219	Deletion	108
3L	3428112	3428219	Deletion	107
3L	3428120	3428219	Deletion	99
3L	3428173	3428219	Deletion	46
3L	3428189	3428219	Deletion	30
3L	3429027	3428219	Deletion	808
3L	3429027	3429107	Deletion	80
3L	3461387	3461470	Deletion	83
3L	3461433	3461470	Deletion	37
3L	3461948	3461470	Deletion	478
3L	3461948	3461994	Deletion	46
3L	3461948	3462040	Deletion	92
3L	3461948	3461991	Deletion	43
3L	3470136	3470252	Deletion	116
3L	3470143	3470252	Deletion	109
3L	3470203	3470252	Deletion	49
3L	3470208	3470252	Deletion	44
3L	3471110	3470252	Deletion	858
3L	3471110	3471188	Deletion	78
3L	3471110	3471227	Deletion	117
3L	3471110	3471193	Deletion	83
3L	3483262	3483346	Deletion	84
3L	3483286	3483346	Deletion	60
3L	3483289	3483346	Deletion	57
3L	3483311	3483346	Deletion	35
3L	3485842	3483346	Deletion	2496
3L	3485842	3485908	Deletion	66
3L	3485842	3485911	Deletion	69
3L	3485842	3485942	Deletion	100
3L	3485842	3485956	Deletion	114
3L	3485842	3485884	Deletion	42
3L	3485842	3485946	Deletion	104
3L	3485842	3485933	Deletion	91
3L	3485842	3485960	Deletion	118
3L	3486993	3487087	Deletion	94
3L	3486999	3487087	Deletion	88
3L	3487007	3487087	Deletion	80
3L	3495558	3487087	Deletion	8471
3L	3495558	3495590	Deletion	32
3L	3495558	3495604	Deletion	46
3L	3495558	3495658	Deletion	100
3L	3495558	3495596	Deletion	38
3L	3531976	3532077	Deletion	101
3L	3531993	3532077	Deletion	84
3L	3532029	3532077	Deletion	48
3L	3532446	3532077	Deletion	369
3L	3532446	3532488	Deletion	42
3L	3532446	3532524	Deletion	78
3L	3553526	3553607	Deletion	81
3L	3553749	3553607	Deletion	142
3L	3553749	3553795	Deletion	46
3L	3553749	3553866	Deletion	117
3L	3553953	3554048	Deletion	95
3L	3553966	3554048	Deletion	82
3L	3553968	3554048	Deletion	80
3L	3553971	3554048	Deletion	77
3L	3553981	3554048	Deletion	67
3L	3553986	3554048	Deletion	62
3L	3554009	3554048	Deletion	39
3L	3554209	3554318	Deletion	109
3L	3554209	3554255	Deletion	46
3L	3554209	3554242	Deletion	33
3L	3554209	3554260	Deletion	51
3L	3554209	3554275	Deletion	66
3L	3554209	3554322	Deletion	113
3L	3554209	3554257	Deletion	48
3L	3554209	3554270	Deletion	61
3L	3571465	3571524	Deletion	59
3L	3571469	3571524	Deletion	55
3L	3579234	3571524	Deletion	7710
3L	3579234	3579301	Deletion	67
3L	3593127	3593226	Deletion	99
3L	3593134	3593226	Deletion	92
3L	3593164	3593226	Deletion	62
3L	3597831	3593226	Deletion	4605
3L	3597831	3597944	Deletion	113
3L	3597831	3597869	Deletion	38
3L	3597831	3597862	Deletion	31
3L	3597831	3597955	Deletion	124
3L	3611898	3611972	Deletion	74
3L	3611923	3611972	Deletion	49
3L	3611930	3611972	Deletion	42
3L	3611932	3611972	Deletion	40
3L	3612153	3611972	Deletion	181
3L	3612153	3612240	Deletion	87
3L	3612153	3612260	Deletion	107
3L	3612153	3612206	Deletion	53
3L	3612153	3612267	Deletion	114
3L	3612153	3612254	Deletion	101
3L	3612153	3612231	Deletion	78
3L	3612153	3612261	Deletion	108
3L	3633887	3633960	Deletion	73
3L	3633890	3633960	Deletion	70
3L	3633912	3633960	Deletion	48
3L	3643131	3633960	Deletion	9171
3L	3643131	3643236	Deletion	105
3L	3643131	3643209	Deletion	78
3L	3643131	3643187	Deletion	56
3L	3643713	3643816	Deletion	103
3L	3643721	3643816	Deletion	95
3L	3643733	3643816	Deletion	83
3L	3643743	3643816	Deletion	73
3L	3643747	3643816	Deletion	69
3L	3643768	3643816	Deletion	48
3L	3650316	3643816	Deletion	6500
3L	3650316	3650395	Deletion	79
3L	3650316	3650425	Deletion	109
3L	3650316	3650360	Deletion	44
3L	3650316	3650348	Deletion	32
3L	3650316	3650370	Deletion	54
3L	3650322	3650374	Deletion	52
3L	3650331	3650444	Deletion	113
3L	3650396	3650444	Deletion	48
3L	3650401	3650444	Deletion	43
3L	3650407	3650444	Deletion	37
3L	3651229	3650444	Deletion	785
3L	3651229	3651312	Deletion	83
3L	3651229	3651351	Deletion	122
3L	3651229	3651307	Deletion	78
3L	3651229	3651318	Deletion	89
3L	3661320	3661431	Deletion	111
3L	3661339	3661431	Deletion	92
3L	3661341	3661431	Deletion	90
3L	3661358	3661431	Deletion	73
3L	3661361	3661431	Deletion	70
3L	3661367	3661431	Deletion	64
3L	3661395	3661431	Deletion	36
3L	3675601	3661431	Deletion	14170
3L	3675601	3675654	Deletion	53
3L	3675601	3675637	Deletion	36
3L	3675601	3675635	Deletion	34
3L	3675601	3675657	Deletion	56
3L	3675601	3675702	Deletion	101
3L	3675601	3675663	Deletion	62
3L	3677973	3678070	Deletion	97
3L	3677978	3678070	Deletion	92
3L	3677996	3678070	Deletion	74
3L	3678000	3678070	Deletion	70
3L	3678512	3678070	Deletion	442
3L	3678512	3678547	Deletion	35
3L	3678512	3678542	Deletion	30
3L	3678512	3678565	Deletion	53
3L	3678512	3678569	Deletion	57
3L	3684743	3684843	Deletion	100
3L	3684749	3684843	Deletion	94
3L	3684756	3684843	Deletion	87
3L	3684776	3684843	Deletion	67
3L	3684788	3684843	Deletion	55
3L	3688950	3684843	Deletion	4107
3L	3688950	3689022	Deletion	72
3L	3688950	3688983	Deletion	33
3L	3688950	3689010	Deletion	60
3L	3697120	3697234	Deletion	114
3L	3697178	3697234	Deletion	56
3L	3697184	3697234	Deletion	50
3L	3716736	3697232	Deletion	19504
3L	3716736	3716806	Deletion	70
3L	3733859	3733973	Deletion	114
3L	3733872	3733973	Deletion	101
3L	3733882	3733973	Deletion	91
3L	3733906	3733973	Deletion	67
3L	3733916	3733973	Deletion	57
3L	3733919	3733973	Deletion	54
3L	3733934	3733973	Deletion	39
3L	3733939	3733973	Deletion	34
3L	3739026	3733973	Deletion	5053
3L	3739026	3739118	Deletion	92
3L	3739026	3739123	Deletion	97
3L	3739026	3739056	Deletion	30
3L	3739026	3739066	Deletion	40
3L	3739026	3739103	Deletion	77
3L	3739026	3739090	Deletion	64
3L	3739728	3739805	Deletion	77
3L	3739729	3739805	Deletion	76
3L	3739731	3739805	Deletion	74
3L	3739734	3739805	Deletion	71
3L	3739766	3739805	Deletion	39
3L	3750058	3739805	Deletion	10253
3L	3750058	3750110	Deletion	52
3L	3750058	3750147	Deletion	89
3L	3750058	3750167	Deletion	109
3L	3750058	3750109	Deletion	51
3L	3750058	3750115	Deletion	57
3L	3750862	3750893	Deletion	31
3L	3754203	3750893	Deletion	3310
3L	3754203	3754276	Deletion	73
3L	3755507	3755628	Deletion	121
3L	3755569	3755628	Deletion	59
3L	3755576	3755628	Deletion	52
3L	3755595	3755628	Deletion	33
3L	3756943	3755628	Deletion	1315
3L	3756943	3757018	Deletion	75
3L	3756943	3757037	Deletion	94
3L	3756943	3757048	Deletion	105
3L	3756943	3757060	Deletion	117
3L	3757507	3757606	Deletion	99
3L	3757524	3757606	Deletion	82
3L	3759647	3757606	Deletion	2041
3L	3773960	3774034	Deletion	74
3L	3773982	3774034	Deletion	52
3L	3774000	3774034	Deletion	34
3L	3774088	3774034	Deletion	54
3L	3774088	3774182	Deletion	94
3L	3774088	3774142	Deletion	54
3L	3774088	3774164	Deletion	76
3L	3774090	3774120	Deletion	30
3L	3801601	3801676	Deletion	75
3L	3801627	3801676	Deletion	49
3L	3805957	3801676	Deletion	4281
3L	3805957	3806034	Deletion	77
3L	3805957	3806071	Deletion	114
3L	3821620	3821732	Deletion	112
3L	3821626	3821732	Deletion	106
3L	3821632	3821732	Deletion	100
3L	3821648	3821732	Deletion	84
3L	3821664	3821732	Deletion	68
3L	3821680	3821732	Deletion	52
3L	3821683	3821732	Deletion	49
3L	3822288	3821732	Deletion	556
3L	3822288	3822412	Deletion	124
3L	3822288	3822333	Deletion	45
3L	3822288	3822390	Deletion	102
3L	3822288	3822348	Deletion	60
3L	3822288	3822402	Deletion	114
3L	3822288	3822367	Deletion	79
3L	3822288	3822403	Deletion	115
3L	3822288	3822364	Deletion	76
3L	3827125	3827223	Deletion	98
3L	3827135	3827223	Deletion	88
3L	3827141	3827223	Deletion	82
3L	3827142	3827223	Deletion	81
3L	3827176	3827223	Deletion	47
3L	3829339	3827223	Deletion	2116
3L	3829339	3829383	Deletion	44
3L	3829339	3829377	Deletion	38
3L	3836687	3836809	Deletion	122
3L	3836707	3836807	Deletion	100
3L	3836754	3836809	Deletion	55
3L	3836760	3836809	Deletion	49
3L	3841121	3836809	Deletion	4312
3L	3841121	3841192	Deletion	71
3L	3841121	3841228	Deletion	107
3L	3846327	3846424	Deletion	97
3L	3846377	3846424	Deletion	47
3L	3850326	3846424	Deletion	3902
3L	3850326	3850356	Deletion	30
3L	3850326	3850406	Deletion	80
3L	3855288	3855345	Deletion	57
3L	3855290	3855345	Deletion	55
3L	3858066	3855345	Deletion	2721
3L	3858066	3858184	Deletion	118
3L	3858066	3858181	Deletion	115
3L	3858066	3858109	Deletion	43
3L	3858066	3858137	Deletion	71
3L	3890262	3890382	Deletion	120
3L	3890268	3890382	Deletion	114
3L	3890270	3890382	Deletion	112
3L	3890283	3890382	Deletion	99
3L	3890296	3890382	Deletion	86
3L	3890298	3890382	Deletion	84
3L	3890310	3890382	Deletion	72
3L	3890313	3890382	Deletion	69
3L	3890877	3890382	Deletion	495
3L	3890877	3890933	Deletion	56
3L	3890877	3890919	Deletion	42
3L	3890877	3890936	Deletion	59
3L	3890877	3890921	Deletion	44
3L	3890877	3890987	Deletion	110
3L	3893251	3893345	Deletion	94
3L	3893311	3893345	Deletion	34
3L	3902165	3893345	Deletion	8820
3L	3902165	3902198	Deletion	33
3L	3903514	3903564	Deletion	50
3L	3903528	3903564	Deletion	36
3L	3903532	3903564	Deletion	32
3L	3917267	3903564	Deletion	13703
3L	3917267	3917357	Deletion	90
3L	3917267	3917336	Deletion	69
3L	3917267	3917361	Deletion	94
3L	4002912	4003022	Deletion	110
3L	4002912	4003027	Deletion	115
3L	4009436	4009484	Deletion	48
3L	4009439	4009484	Deletion	45
3L	4013148	4009484	Deletion	3664
3L	4013148	4013271	Deletion	123
3L	4013148	4013229	Deletion	81
3L	4018922	4019002	Deletion	80
3L	4018971	4019002	Deletion	31
3L	4028368	4019002	Deletion	9366
3L	4028368	4028403	Deletion	35
3L	4028368	4028414	Deletion	46
3L	4028368	4028470	Deletion	102
3L	4030690	4030793	Deletion	103
3L	4030700	4030791	Deletion	91
3L	4030709	4030793	Deletion	84
3L	4030712	4030793	Deletion	81
3L	4030725	4030793	Deletion	68
3L	4030763	4030793	Deletion	30
3L	4046901	4046998	Deletion	97
3L	4046901	4046944	Deletion	43
3L	4046901	4047002	Deletion	101
3L	4046901	4046935	Deletion	34
3L	4046901	4046947	Deletion	46
3L	4046901	4047000	Deletion	99
3L	4062981	4063092	Deletion	111
3L	4063001	4063092	Deletion	91
3L	4069696	4063092	Deletion	6604
3L	4069696	4069732	Deletion	36
3L	4069696	4069813	Deletion	117
3L	4107047	4107110	Deletion	63
3L	4107075	4107110	Deletion	35
3L	4110587	4110695	Deletion	108
3L	4110587	4110689	Deletion	102
3L	4110587	4110651	Deletion	64
3L	4112415	4112517	Deletion	102
3L	4112418	4112517	Deletion	99
3L	4119494	4112517	Deletion	6977
3L	4119494	4119602	Deletion	108
3L	4119494	4119607	Deletion	113
3L	4119494	4119618	Deletion	124
3L	4122070	4122180	Deletion	110
3L	4122079	4122180	Deletion	101
3L	4122614	4122180	Deletion	434
3L	4122873	4122924	Deletion	51
3L	4122881	4122924	Deletion	43
3L	4122976	4122924	Deletion	52
3L	4122976	4123079	Deletion	103
3L	4122976	4123059	Deletion	83
3L	4130932	4131021	Deletion	89
3L	4130934	4131021	Deletion	87
3L	4130942	4131021	Deletion	79
3L	4130952	4131021	Deletion	69
3L	4130990	4131021	Deletion	31
3L	4143057	4131021	Deletion	12036
3L	4143057	4143116	Deletion	59
3L	4143057	4143167	Deletion	110
3L	4143057	4143098	Deletion	41
3L	4143057	4143168	Deletion	111
3L	4143057	4143106	Deletion	49
3L	4143057	4143175	Deletion	118
3L	4143057	4143096	Deletion	39
3L	4153099	4153171	Deletion	72
3L	4153119	4153171	Deletion	52
3L	4153136	4153171	Deletion	35
3L	4153140	4153171	Deletion	31
3L	4158890	4153171	Deletion	5719
3L	4158890	4158946	Deletion	56
3L	4158890	4158966	Deletion	76
3L	4158890	4158987	Deletion	97
3L	4165508	4165615	Deletion	107
3L	4165514	4165615	Deletion	101
3L	4165565	4165615	Deletion	50
3L	4165584	4165615	Deletion	31
3L	4168037	4165615	Deletion	2422
3L	4168037	4168113	Deletion	76
3L	4168037	4168132	Deletion	95
3L	4168037	4168142	Deletion	105
3L	4170389	4170455	Deletion	66
3L	4170401	4170455	Deletion	54
3L	4170556	4170455	Deletion	101
3L	4170556	4170616	Deletion	60
3L	4170556	4170676	Deletion	120
3L	4170556	4170628	Deletion	72
3L	4181246	4181291	Deletion	45
3L	4181259	4181291	Deletion	32
3L	4184507	4181291	Deletion	3216
3L	4184507	4184610	Deletion	103
3L	4184507	4184622	Deletion	115
3L	4184507	4184588	Deletion	81
3L	4184507	4184612	Deletion	105
3L	4200381	4200413	Deletion	32
3L	4201174	4200413	Deletion	761
3L	4201174	4201233	Deletion	59
3L	4208895	4208987	Deletion	92
3L	4208908	4208987	Deletion	79
3L	4208916	4208987	Deletion	71
3L	4208945	4208987	Deletion	42
3L	4216066	4208987	Deletion	7079
3L	4216066	4216151	Deletion	85
3L	4216066	4216122	Deletion	56
3L	4216066	4216177	Deletion	111
3L	4216066	4216101	Deletion	35
3L	4225718	4225824	Deletion	106
3L	4225722	4225824	Deletion	102
3L	4225732	4225824	Deletion	92
3L	4225750	4225824	Deletion	74
3L	4225759	4225824	Deletion	65
3L	4225768	4225824	Deletion	56
3L	4225786	4225824	Deletion	38
3L	4226644	4225824	Deletion	820
3L	4226644	4226696	Deletion	52
3L	4226644	4226757	Deletion	113
3L	4226644	4226714	Deletion	70
3L	4226644	4226678	Deletion	34
3L	4226644	4226705	Deletion	61
3L	4231322	4231412	Deletion	90
3L	4231352	4231407	Deletion	55
3L	4231357	4231412	Deletion	55
3L	4231367	4231412	Deletion	45
3L	4232983	4231412	Deletion	1571
3L	4232983	4233019	Deletion	36
3L	4232983	4233054	Deletion	71
3L	4232983	4233049	Deletion	66
3L	4255795	4255894	Deletion	99
3L	4262539	4262649	Deletion	110
3L	4262545	4262649	Deletion	104
3L	4262557	4262649	Deletion	92
3L	4262581	4262649	Deletion	68
3L	4262594	4262649	Deletion	55
3L	4267578	4262649	Deletion	4929
3L	4267578	4267652	Deletion	74
3L	4267578	4267639	Deletion	61
3L	4267578	4267615	Deletion	37
3L	4273962	4274073	Deletion	111
3L	4273974	4274073	Deletion	99
3L	4274018	4274073	Deletion	55
3L	4274039	4274073	Deletion	34
3L	4274041	4274073	Deletion	32
3L	4274444	4274073	Deletion	371
3L	4274444	4274560	Deletion	116
3L	4274444	4274517	Deletion	73
3L	4274444	4274566	Deletion	122
3L	4274444	4274538	Deletion	94
3L	4274444	4274545	Deletion	101
3L	4286054	4286129	Deletion	75
3L	4286080	4286129	Deletion	49
3L	4286086	4286129	Deletion	43
3L	4286898	4286129	Deletion	769
3L	4286898	4286996	Deletion	98
3L	4286898	4286982	Deletion	84
3L	4286898	4286950	Deletion	52
3L	4293765	4292162	Deletion	1603
3L	4293765	4293879	Deletion	114
3L	4307207	4307308	Deletion	101
3L	4307274	4307308	Deletion	34
3L	4307358	4307308	Deletion	50
3L	4307358	4307450	Deletion	92
3L	4309874	4308504	Deletion	1370
3L	4309874	4309994	Deletion	120
3L	4309874	4309986	Deletion	112
3L	4326703	4326778	Deletion	75
3L	4326704	4326778	Deletion	74
3L	4326733	4326778	Deletion	45
3L	4326735	4326778	Deletion	43
3L	4326748	4326778	Deletion	30
3L	4327498	4326778	Deletion	720
3L	4327498	4327551	Deletion	53
3L	4327498	4327596	Deletion	98
3L	4327498	4327581	Deletion	83
3L	4327498	4327605	Deletion	107
3L	4327498	4327552	Deletion	54
3L	4344436	4344521	Deletion	85
3L	4344436	4344518	Deletion	82
3L	4344436	4344529	Deletion	93
3L	4344436	4344478	Deletion	42
3L	4363182	4363293	Deletion	111
3L	4363186	4363288	Deletion	102
3L	4363229	4363293	Deletion	64
3L	4363240	4363293	Deletion	53
3L	4367498	4363293	Deletion	4205
3L	4367498	4367560	Deletion	62
3L	4371463	4371568	Deletion	105
3L	4371496	4371568	Deletion	72
3L	4371502	4371568	Deletion	66
3L	4371520	4371568	Deletion	48
3L	4372691	4371568	Deletion	1123
3L	4372691	4372747	Deletion	56
3L	4372691	4372753	Deletion	62
3L	4372691	4372771	Deletion	80
3L	4374466	4374554	Deletion	88
3L	4374508	4374554	Deletion	46
3L	4374519	4374554	Deletion	35
3L	4374618	4374554	Deletion	64
3L	4374618	4374710	Deletion	92
3L	4374618	4374657	Deletion	39
3L	4374618	4374699	Deletion	81
3L	4374618	4374734	Deletion	116
3L	4374618	4374729	Deletion	111
3L	4375970	4376018	Deletion	48
3L	4375975	4376018	Deletion	43
3L	4391803	4376018	Deletion	15785
3L	4391803	4391881	Deletion	78
3L	4395942	4396050	Deletion	108
3L	4421974	4422057	Deletion	83
3L	4421987	4422057	Deletion	70
3L	4422000	4422057	Deletion	57
3L	4422017	4422057	Deletion	40
3L	4422191	4422057	Deletion	134
3L	4422191	4422277	Deletion	86
3L	4422191	4422247	Deletion	56
3L	4422191	4422260	Deletion	69
3L	4430442	4430538	Deletion	96
3L	4430447	4430539	Deletion	92
3L	4430454	4430539	Deletion	85
3L	4430493	4430539	Deletion	46
3L	4430499	4430539	Deletion	40
3L	4430504	4430539	Deletion	35
3L	4431054	4430539	Deletion	515
3L	4431054	4431084	Deletion	30
3L	4431054	4431146	Deletion	92
3L	4431054	4431089	Deletion	35
3L	4431054	4431096	Deletion	42
3L	4431054	4431141	Deletion	87
3L	4447869	4447964	Deletion	95
3L	4447893	4447959	Deletion	66
3L	4447899	4447964	Deletion	65
3L	4449749	4449850	Deletion	101
3L	4449749	4449812	Deletion	63
3L	4449749	4449854	Deletion	105
3L	4451502	4451559	Deletion	57
3L	4454784	4454855	Deletion	71
3L	4454793	4454894	Deletion	101
3L	4489895	4490002	Deletion	107
3L	4489930	4490002	Deletion	72
3L	4489937	4490002	Deletion	65
3L	4489945	4490002	Deletion	57
3L	4489961	4490002	Deletion	41
3L	4489962	4490002	Deletion	40
3L	4492281	4492352	Deletion	71
3L	4492281	4492337	Deletion	56
3L	4492281	4492368	Deletion	87
3L	4492281	4492344	Deletion	63
3L	4492281	4492378	Deletion	97
3L	4501953	4502030	Deletion	77
3L	4501981	4502030	Deletion	49
3L	4501987	4502030	Deletion	43
3L	4502087	4502030	Deletion	57
3L	4502087	4502164	Deletion	77
3L	4502087	4502170	Deletion	83
3L	4512416	4512531	Deletion	115
3L	4512422	4512531	Deletion	109
3L	4512430	4512531	Deletion	101
3L	4512466	4512531	Deletion	65
3L	4512468	4512531	Deletion	63
3L	4512476	4512531	Deletion	55
3L	4513448	4512531	Deletion	917
3L	4513448	4513556	Deletion	108
3L	4513448	4513519	Deletion	71
3L	4513448	4513553	Deletion	105
3L	4513448	4513509	Deletion	61
3L	4521306	4521426	Deletion	120
3L	4521310	4521426	Deletion	116
3L	4521379	4521426	Deletion	47
3L	4521385	4521426	Deletion	41
3L	4521389	4521426	Deletion	37
3L	4525333	4521426	Deletion	3907
3L	4525333	4525422	Deletion	89
3L	4525333	4525440	Deletion	107
3L	4525333	4525442	Deletion	109
3L	4525333	4525418	Deletion	85
3L	4525333	4525412	Deletion	79
3L	4530024	4530132	Deletion	108
3L	4530034	4530132	Deletion	98
3L	4530043	4530132	Deletion	89
3L	4530066	4530132	Deletion	66
3L	4530098	4530132	Deletion	34
3L	4533527	4530132	Deletion	3395
3L	4533527	4533646	Deletion	119
3L	4533527	4533634	Deletion	107
3L	4533527	4533620	Deletion	93
3L	4533527	4533639	Deletion	112
3L	4533527	4533588	Deletion	61
3L	4542287	4542362	Deletion	75
3L	4542316	4542362	Deletion	46
3L	4542698	4542362	Deletion	336
3L	4542698	4542780	Deletion	82
3L	4543051	4543156	Deletion	105
3L	4543063	4543156	Deletion	93
3L	4543079	4543156	Deletion	77
3L	4543084	4543156	Deletion	72
3L	4543120	4543156	Deletion	36
3L	4544268	4543156	Deletion	1112
3L	4544268	4544359	Deletion	91
3L	4544268	4544318	Deletion	50
3L	4544268	4544302	Deletion	34
3L	4548029	4548119	Deletion	90
3L	4548062	4548119	Deletion	57
3L	4548077	4548119	Deletion	42
3L	4548572	4548119	Deletion	453
3L	4548572	4548628	Deletion	56
3L	4548572	4548603	Deletion	31
3L	4548588	4548611	Deletion	23
3L	4558459	4548628	Deletion	9831
3L	4558459	4558490	Deletion	31
3L	4558459	4558575	Deletion	116
3L	4558459	4558513	Deletion	54
3L	4587760	4587862	Deletion	102
3L	4587775	4587862	Deletion	87
3L	4587789	4587862	Deletion	73
3L	4587820	4587862	Deletion	42
3L	4591374	4587862	Deletion	3512
3L	4591374	4591459	Deletion	85
3L	4591374	4591428	Deletion	54
3L	4592170	4592241	Deletion	71
3L	4592174	4592241	Deletion	67
3L	4592189	4592241	Deletion	52
3L	4592190	4592241	Deletion	51
3L	4593588	4592241	Deletion	1347
3L	4593588	4593695	Deletion	107
3L	4593588	4593663	Deletion	75
3L	4593588	4593648	Deletion	60
3L	4593588	4593619	Deletion	31
3L	4593588	4593664	Deletion	76
3L	4593588	4593711	Deletion	123
3L	4597463	4597516	Deletion	53
3L	4597468	4597516	Deletion	48
3L	4597472	4597516	Deletion	44
3L	4597479	4597516	Deletion	37
3L	4597480	4597516	Deletion	36
3L	4600650	4597516	Deletion	3134
3L	4600650	4600759	Deletion	109
3L	4600650	4600740	Deletion	90
3L	4600650	4600769	Deletion	119
3L	4600650	4600765	Deletion	115
3L	4600650	4600739	Deletion	89
3L	4600650	4600699	Deletion	49
3L	4600650	4600751	Deletion	101
3L	4600650	4600728	Deletion	78
3L	4600650	4600732	Deletion	82
3L	4619749	4619816	Deletion	67
3L	4619766	4619816	Deletion	50
3L	4624946	4619816	Deletion	5130
3L	4624946	4624992	Deletion	46
3L	4624946	4625068	Deletion	122
3L	4624946	4625005	Deletion	59
3L	4624946	4625044	Deletion	98
3L	4624946	4625063	Deletion	117
3L	4666432	4666542	Deletion	110
3L	4666434	4666542	Deletion	108
3L	4666440	4666542	Deletion	102
3L	4666458	4666542	Deletion	84
3L	4666461	4666542	Deletion	81
3L	4666504	4666542	Deletion	38
3L	4666823	4666542	Deletion	281
3L	4666823	4666868	Deletion	45
3L	4666823	4666865	Deletion	42
3L	4669589	4669691	Deletion	102
3L	4669605	4669691	Deletion	86
3L	4669608	4669691	Deletion	83
3L	4669615	4669691	Deletion	76
3L	4679052	4679095	Deletion	43
3L	4679052	4679102	Deletion	50
3L	4722320	4722433	Deletion	113
3L	4722324	4722433	Deletion	109
3L	4722326	4722433	Deletion	107
3L	4722345	4722433	Deletion	88
3L	4722389	4722433	Deletion	44
3L	4756733	4722433	Deletion	34300
3L	4756733	4756843	Deletion	110
3L	4756733	4756771	Deletion	38
3L	4758319	4758409	Deletion	90
3L	4758320	4758409	Deletion	89
3L	4758340	4758409	Deletion	69
3L	4758350	4758409	Deletion	59
3L	4759690	4758409	Deletion	1281
3L	4759690	4759752	Deletion	62
3L	4759690	4759762	Deletion	72
3L	4759690	4759731	Deletion	41
3L	4777453	4777486	Deletion	33
3L	4777600	4777486	Deletion	114
3L	4777600	4777694	Deletion	94
3L	4777600	4777640	Deletion	40
3L	4799366	4799473	Deletion	107
3L	4799386	4799473	Deletion	87
3L	4799430	4799473	Deletion	43
3L	4799438	4799473	Deletion	35
3L	4806421	4799473	Deletion	6948
3L	4806421	4806531	Deletion	110
3L	4806421	4806529	Deletion	108
3L	4806421	4806461	Deletion	40
3L	4806421	4806505	Deletion	84
3L	4819493	4819576	Deletion	83
3L	4819496	4819576	Deletion	80
3L	4819508	4819576	Deletion	68
3L	4819509	4819576	Deletion	67
3L	4819514	4819576	Deletion	62
3L	4828770	4819576	Deletion	9194
3L	4828770	4828813	Deletion	43
3L	4828770	4828816	Deletion	46
3L	4828770	4828828	Deletion	58
3L	4828770	4828834	Deletion	64
3L	4828770	4828885	Deletion	115
3L	4828770	4828829	Deletion	59
3L	4828770	4828876	Deletion	106
3L	4828770	4828891	Deletion	121
3L	4833661	4833696	Deletion	35
3L	4835968	4833696	Deletion	2272
3L	4835968	4836079	Deletion	111
3L	4835968	4836060	Deletion	92
3L	4835968	4836067	Deletion	99
3L	4851068	4851177	Deletion	109
3L	4851075	4851177	Deletion	102
3L	4851081	4851177	Deletion	96
3L	4851108	4851177	Deletion	69
3L	4851110	4851177	Deletion	67
3L	4851924	4852006	Deletion	82
3L	4851924	4851983	Deletion	59
3L	4851924	4851968	Deletion	44
3L	4851924	4852027	Deletion	103
3L	4851924	4851981	Deletion	57
3L	4851924	4852048	Deletion	124
3L	4851973	4852017	Deletion	44
3L	4864586	4864658	Deletion	72
3L	4864626	4864658	Deletion	32
3L	4865090	4864658	Deletion	432
3L	4865090	4865144	Deletion	54
3L	4865090	4865184	Deletion	94
3L	4865090	4865129	Deletion	39
3L	4878375	4878449	Deletion	74
3L	4878376	4878449	Deletion	73
3L	4878396	4878449	Deletion	53
3L	4878406	4878449	Deletion	43
3L	4878519	4878449	Deletion	70
3L	4878519	4878574	Deletion	55
3L	4878519	4878605	Deletion	86
3L	4878519	4878575	Deletion	56
3L	4898822	4898927	Deletion	105
3L	4898826	4898927	Deletion	101
3L	4898843	4898927	Deletion	84
3L	4898858	4898927	Deletion	69
3L	4898888	4898927	Deletion	39
3L	4910023	4910132	Deletion	109
3L	4910029	4910132	Deletion	103
3L	4910031	4910132	Deletion	101
3L	4910035	4910132	Deletion	97
3L	4910052	4910132	Deletion	80
3L	4910087	4910132	Deletion	45
3L	4910092	4910132	Deletion	40
3L	4910100	4910132	Deletion	32
3L	4911574	4910132	Deletion	1442
3L	4911574	4911670	Deletion	96
3L	4911574	4911657	Deletion	83
3L	4911574	4911692	Deletion	118
3L	4911574	4911686	Deletion	112
3L	4911574	4911622	Deletion	48
3L	4911574	4911605	Deletion	31
3L	4911574	4911696	Deletion	122
3L	4911574	4911673	Deletion	99
3L	4919993	4920086	Deletion	93
3L	4919995	4920086	Deletion	91
3L	4920053	4920086	Deletion	33
3L	4929139	4920086	Deletion	9053
3L	4929139	4929174	Deletion	35
3L	4929139	4929172	Deletion	33
3L	4929139	4929251	Deletion	112
3L	4929139	4929249	Deletion	110
3L	4929139	4929232	Deletion	93
3L	4932755	4932866	Deletion	111
3L	4932774	4932866	Deletion	92
3L	4932779	4932866	Deletion	87
3L	4932927	4932866	Deletion	61
3L	4932927	4932966	Deletion	39
3L	4948749	4948856	Deletion	107
3L	4948750	4948856	Deletion	106
3L	4948762	4948856	Deletion	94
3L	4948780	4948856	Deletion	76
3L	4948805	4948856	Deletion	51
3L	4948807	4948856	Deletion	49
3L	4949050	4948856	Deletion	194
3L	4949050	4949125	Deletion	75
3L	4949050	4949171	Deletion	121
3L	4949050	4949100	Deletion	50
3L	4949050	4949127	Deletion	77
3L	4949050	4949167	Deletion	117
3L	4970841	4970900	Deletion	59
3L	4970864	4970900	Deletion	36
3L	4970865	4970900	Deletion	35
3L	4982904	4970900	Deletion	12004
3L	4982904	4983012	Deletion	108
3L	4982904	4983007	Deletion	103
3L	4982904	4982994	Deletion	90
3L	4982904	4983027	Deletion	123
3L	4982904	4982971	Deletion	67
3L	4982904	4982995	Deletion	91
3L	4982904	4983015	Deletion	111
3L	4983484	4983541	Deletion	57
3L	4983488	4983541	Deletion	53
3L	4983496	4983541	Deletion	45
3L	4983499	4983541	Deletion	42
3L	4983509	4983541	Deletion	32
3L	4984399	4983541	Deletion	858
3L	4984399	4984469	Deletion	70
3L	4984399	4984473	Deletion	74
3L	4984399	4984494	Deletion	95
3L	4984399	4984484	Deletion	85
3L	5006219	5006312	Deletion	93
3L	5006239	5006312	Deletion	73
3L	5006255	5006312	Deletion	57
3L	5006282	5006312	Deletion	30
3L	5010451	5006312	Deletion	4139
3L	5010451	5010520	Deletion	69
3L	5010451	5010484	Deletion	33
3L	5010451	5010504	Deletion	53
3L	5010451	5010547	Deletion	96
3L	5045832	5045925	Deletion	93
3L	5055092	5055212	Deletion	120
3L	5055092	5055213	Deletion	121
3L	5069147	5069246	Deletion	99
3L	5069158	5069246	Deletion	88
3L	5069171	5069246	Deletion	75
3L	5069175	5069246	Deletion	71
3L	5069200	5069246	Deletion	46
3L	5077875	5069246	Deletion	8629
3L	5077875	5077983	Deletion	108
3L	5077875	5077956	Deletion	81
3L	5077875	5077914	Deletion	39
3L	5077875	5077931	Deletion	56
3L	5088501	5088609	Deletion	108
3L	5088512	5088609	Deletion	97
3L	5088533	5088609	Deletion	76
3L	5088547	5088609	Deletion	62
3L	5089096	5088609	Deletion	487
3L	5089096	5089211	Deletion	115
3L	5089096	5089146	Deletion	50
3L	5095425	5095537	Deletion	112
3L	5095434	5095537	Deletion	103
3L	5095451	5095537	Deletion	86
3L	5095458	5095537	Deletion	79
3L	5095468	5095537	Deletion	69
3L	5095482	5095537	Deletion	55
3L	5095495	5095537	Deletion	42
3L	5095507	5095537	Deletion	30
3L	5095601	5095537	Deletion	64
3L	5095601	5095642	Deletion	41
3L	5095601	5095686	Deletion	85
3L	5095601	5095649	Deletion	48
3L	5095601	5095673	Deletion	72
3L	5095601	5095715	Deletion	114
3L	5095601	5095698	Deletion	97
3L	5114766	5107766	Deletion	7000
3L	5116147	5116260	Deletion	113
3L	5116165	5116260	Deletion	95
3L	5116172	5116273	Deletion	101
3L	5116369	5116273	Deletion	96
3L	5124265	5124384	Deletion	119
3L	5133803	5133902	Deletion	99
3L	5133827	5133902	Deletion	75
3L	5133859	5133902	Deletion	43
3L	5133867	5133902	Deletion	35
3L	5133952	5133902	Deletion	50
3L	5133952	5134043	Deletion	91
3L	5133952	5134029	Deletion	77
3L	5133952	5134003	Deletion	51
3L	5133952	5134035	Deletion	83
3L	5142157	5142259	Deletion	102
3L	5142167	5142259	Deletion	92
3L	5142173	5142259	Deletion	86
3L	5142174	5142259	Deletion	85
3L	5142182	5142259	Deletion	77
3L	5142209	5142259	Deletion	50
3L	5142227	5142259	Deletion	32
3L	5146922	5142259	Deletion	4663
3L	5146922	5147022	Deletion	100
3L	5146922	5146963	Deletion	41
3L	5146922	5146972	Deletion	50
3L	5146922	5146957	Deletion	35
3L	5146922	5147017	Deletion	95
3L	5146922	5147041	Deletion	119
3L	5146922	5146999	Deletion	77
3L	5171344	5171391	Deletion	47
3L	5171359	5171391	Deletion	32
3L	5173952	5171391	Deletion	2561
3L	5173952	5174053	Deletion	101
3L	5173952	5174032	Deletion	80
3L	5173952	5174047	Deletion	95
3L	5173952	5174071	Deletion	119
3L	5173952	5174058	Deletion	106
3L	5173952	5174010	Deletion	58
3L	5186690	5186785	Deletion	95
3L	5186692	5186785	Deletion	93
3L	5186702	5186785	Deletion	83
3L	5186724	5186785	Deletion	61
3L	5187704	5186785	Deletion	919
3L	5187704	5187748	Deletion	44
3L	5187704	5187816	Deletion	112
3L	5187704	5187738	Deletion	34
3L	5187704	5187770	Deletion	66
3L	5192455	5192565	Deletion	110
3L	5192520	5192565	Deletion	45
3L	5192530	5192565	Deletion	35
3L	5196694	5192565	Deletion	4129
3L	5196694	5196789	Deletion	95
3L	5200822	5200900	Deletion	78
3L	5200835	5200900	Deletion	65
3L	5200845	5200900	Deletion	55
3L	5200850	5200900	Deletion	50
3L	5200855	5200896	Deletion	41
3L	5201365	5200900	Deletion	465
3L	5201365	5201414	Deletion	49
3L	5201365	5201475	Deletion	110
3L	5201365	5201484	Deletion	119
3L	5201365	5201437	Deletion	72
3L	5201365	5201427	Deletion	62
3L	5201365	5201481	Deletion	116
3L	5201365	5201442	Deletion	77
3L	5242587	5242700	Deletion	113
3L	5242620	5242700	Deletion	80
3L	5242630	5242700	Deletion	70
3L	5242649	5242700	Deletion	51
3L	5246198	5242700	Deletion	3498
3L	5246198	5246273	Deletion	75
3L	5246198	5246298	Deletion	100
3L	5246198	5246314	Deletion	116
3L	5246198	5246244	Deletion	46
3L	5246198	5246254	Deletion	56
3L	5250881	5250972	Deletion	91
3L	5250892	5250972	Deletion	80
3L	5250936	5250972	Deletion	36
3L	5250941	5250972	Deletion	31
3L	5253745	5250972	Deletion	2773
3L	5253745	5253792	Deletion	47
3L	5253745	5253856	Deletion	111
3L	5253745	5253852	Deletion	107
3L	5253745	5253781	Deletion	36
3L	5253745	5253841	Deletion	96
3L	5253745	5253851	Deletion	106
3L	5256138	5256248	Deletion	110
3L	5256197	5256248	Deletion	51
3L	5256213	5256248	Deletion	35
3L	5261508	5256248	Deletion	5260
3L	5261508	5261600	Deletion	92
3L	5261508	5261584	Deletion	76
3L	5267155	5263368	Deletion	3787
3L	5267155	5267267	Deletion	112
3L	5267155	5267232	Deletion	77
3L	5275381	5275470	Deletion	89
3L	5275384	5275470	Deletion	86
3L	5275391	5275470	Deletion	79
3L	5275398	5275470	Deletion	72
3L	5275404	5275470	Deletion	66
3L	5275414	5275467	Deletion	53
3L	5275426	5275470	Deletion	44
3L	5289605	5275470	Deletion	14135
3L	5289605	5289660	Deletion	55
3L	5289605	5289688	Deletion	83
3L	5289605	5289643	Deletion	38
3L	5289605	5289646	Deletion	41
3L	5289605	5289653	Deletion	48
3L	5289608	5289666	Deletion	58
3L	5293197	5293308	Deletion	111
3L	5293201	5293308	Deletion	107
3L	5308186	5308258	Deletion	72
3L	5308187	5308258	Deletion	71
3L	5308207	5308258	Deletion	51
3L	5308208	5308258	Deletion	50
3L	5308220	5308258	Deletion	38
3L	5308221	5308258	Deletion	37
3L	5325344	5308258	Deletion	17086
3L	5325344	5325398	Deletion	54
3L	5325344	5325459	Deletion	115
3L	5325344	5325432	Deletion	88
3L	5325344	5325433	Deletion	89
3L	5325344	5325446	Deletion	102
3L	5325344	5325420	Deletion	76
3L	5325344	5325383	Deletion	39
3L	5325344	5325455	Deletion	111
3L	5325344	5325419	Deletion	75
3L	5333653	5333748	Deletion	95
3L	5333661	5333748	Deletion	87
3L	5333672	5333748	Deletion	76
3L	5333684	5333748	Deletion	64
3L	5333694	5333748	Deletion	54
3L	5333697	5333748	Deletion	51
3L	5333700	5333748	Deletion	48
3L	5335649	5333748	Deletion	1901
3L	5335649	5335724	Deletion	75
3L	5335649	5335680	Deletion	31
3L	5335649	5335727	Deletion	78
3L	5335649	5335699	Deletion	50
3L	5335649	5335765	Deletion	116
3L	5335649	5335748	Deletion	99
3L	5335649	5335752	Deletion	103
3L	5335649	5335711	Deletion	62
3L	5335649	5335688	Deletion	39
3L	5347373	5347461	Deletion	88
3L	5347418	5347461	Deletion	43
3L	5347422	5347461	Deletion	39
3L	5347556	5347461	Deletion	95
3L	5347556	5347596	Deletion	40
3L	5347556	5347641	Deletion	85
3L	5347556	5347674	Deletion	118
3L	5349496	5349592	Deletion	96
3L	5349531	5349592	Deletion	61
3L	5349539	5349592	Deletion	53
3L	5352195	5349590	Deletion	2605
3L	5352195	5352260	Deletion	65
3L	5352195	5352225	Deletion	30
3L	5358884	5358999	Deletion	115
3L	5358895	5358999	Deletion	104
3L	5358900	5358999	Deletion	99
3L	5358903	5358999	Deletion	96
3L	5358938	5358999	Deletion	61
3L	5358947	5358999	Deletion	52
3L	5358963	5358999	Deletion	36
3L	5373421	5358999	Deletion	14422
3L	5373421	5373486	Deletion	65
3L	5373421	5373451	Deletion	30
3L	5373421	5373531	Deletion	110
3L	5373421	5373511	Deletion	90
3L	5373421	5373495	Deletion	74
3L	5390933	5391032	Deletion	99
3L	5390939	5391032	Deletion	93
3L	5390942	5391032	Deletion	90
3L	5390955	5391032	Deletion	77
3L	5390998	5391032	Deletion	34
3L	5418405	5418443	Deletion	38
3L	5418405	5418440	Deletion	35
3L	5418405	5418499	Deletion	94
3L	5418405	5418521	Deletion	116
3L	5418405	5418513	Deletion	108
3L	5418405	5418456	Deletion	51
3L	5423726	5423800	Deletion	74
3L	5423741	5423800	Deletion	59
3L	5423745	5423800	Deletion	55
3L	5423751	5423800	Deletion	49
3L	5423759	5423800	Deletion	41
3L	5423760	5423800	Deletion	40
3L	5425508	5423800	Deletion	1708
3L	5425508	5425585	Deletion	77
3L	5425508	5425575	Deletion	67
3L	5425508	5425579	Deletion	71
3L	5425508	5425630	Deletion	122
3L	5425508	5425560	Deletion	52
3L	5425508	5425627	Deletion	119
3L	5425508	5425593	Deletion	85
3L	5449710	5449797	Deletion	87
3L	5449739	5449797	Deletion	58
3L	5449757	5449797	Deletion	40
3L	5449763	5449797	Deletion	34
3L	5456259	5456351	Deletion	92
3L	5456259	5456345	Deletion	86
3L	5456259	5456327	Deletion	68
3L	5456259	5456372	Deletion	113
3L	5456259	5456298	Deletion	39
3L	5458387	5458455	Deletion	68
3L	5458394	5458455	Deletion	61
3L	5466476	5466509	Deletion	33
3L	5467302	5466523	Deletion	779
3L	5467302	5467382	Deletion	80
3L	5467302	5467389	Deletion	87
3L	5480377	5480469	Deletion	92
3L	5480382	5480469	Deletion	87
3L	5489130	5480469	Deletion	8661
3L	5489130	5489170	Deletion	40
3L	5489130	5489165	Deletion	35
3L	5493283	5493398	Deletion	115
3L	5493285	5493398	Deletion	113
3L	5493307	5493398	Deletion	91
3L	5493326	5493398	Deletion	72
3L	5493337	5493398	Deletion	61
3L	5493346	5493398	Deletion	52
3L	5493362	5493398	Deletion	36
3L	5494245	5494311	Deletion	66
3L	5494245	5494320	Deletion	75
3L	5494245	5494300	Deletion	55
3L	5494245	5494281	Deletion	36
3L	5499306	5499420	Deletion	114
3L	5499307	5499420	Deletion	113
3L	5499325	5499420	Deletion	95
3L	5499329	5499420	Deletion	91
3L	5499339	5499420	Deletion	81
3L	5499345	5499420	Deletion	75
3L	5499359	5499420	Deletion	61
3L	5499372	5499420	Deletion	48
3L	5499385	5499420	Deletion	35
3L	5500009	5499420	Deletion	589
3L	5500009	5500055	Deletion	46
3L	5500009	5500088	Deletion	79
3L	5500009	5500045	Deletion	36
3L	5500009	5500075	Deletion	66
3L	5500009	5500061	Deletion	52
3L	5500009	5500129	Deletion	120
3L	5500009	5500041	Deletion	32
3L	5502461	5502548	Deletion	87
3L	5502465	5502548	Deletion	83
3L	5502489	5502548	Deletion	59
3L	5502514	5502548	Deletion	34
3L	5508202	5502548	Deletion	5654
3L	5508202	5508241	Deletion	39
3L	5508202	5508311	Deletion	109
3L	5508202	5508245	Deletion	43
3L	5508202	5508326	Deletion	124
3L	5508202	5508269	Deletion	67
3L	5508202	5508314	Deletion	112
3L	5549439	5549548	Deletion	109
3L	5549449	5549548	Deletion	99
3L	5549463	5549548	Deletion	85
3L	5549468	5549548	Deletion	80
3L	5549496	5549548	Deletion	52
3L	5549501	5549548	Deletion	47
3L	5549513	5549548	Deletion	35
3L	5549516	5549548	Deletion	32
3L	5550214	5549548	Deletion	666
3L	5550214	5550256	Deletion	42
3L	5550214	5550261	Deletion	47
3L	5550214	5550289	Deletion	75
3L	5550214	5550320	Deletion	106
3L	5550214	5550306	Deletion	92
3L	5550214	5550294	Deletion	80
3L	5550214	5550325	Deletion	111
3L	5576281	5576379	Deletion	98
3L	5576282	5576379	Deletion	97
3L	5576294	5576379	Deletion	85
3L	5576324	5576379	Deletion	55
3L	5576325	5576379	Deletion	54
3L	5586991	5576379	Deletion	10612
3L	5586991	5587063	Deletion	72
3L	5586991	5587021	Deletion	30
3L	5586991	5587103	Deletion	112
3L	5602658	5602734	Deletion	76
3L	5602671	5602734	Deletion	63
3L	5602703	5602734	Deletion	31
3L	5606983	5602734	Deletion	4249
3L	5606983	5607034	Deletion	51
3L	5606983	5607079	Deletion	96
3L	5634295	5634406	Deletion	111
3L	5634300	5634406	Deletion	106
3L	5634318	5634406	Deletion	88
3L	5634337	5634406	Deletion	69
3L	5634344	5634406	Deletion	62
3L	5634359	5634406	Deletion	47
3L	5640808	5634406	Deletion	6402
3L	5640808	5640923	Deletion	115
3L	5640808	5640874	Deletion	66
3L	5640808	5640867	Deletion	59
3L	5640808	5640848	Deletion	40
3L	5640808	5640908	Deletion	100
3L	5645109	5645209	Deletion	100
3L	5645121	5645209	Deletion	88
3L	5645151	5645209	Deletion	58
3L	5660112	5645209	Deletion	14903
3L	5660112	5660150	Deletion	38
3L	5666337	5666387	Deletion	50
3L	5666341	5666387	Deletion	46
3L	5666776	5666387	Deletion	389
3L	5666776	5666894	Deletion	118
3L	5666776	5666808	Deletion	32
3L	5666776	5666853	Deletion	77
3L	5667086	5667164	Deletion	78
3L	5667116	5667164	Deletion	48
3L	5667121	5667164	Deletion	43
3L	5667125	5667164	Deletion	39
3L	5667131	5667164	Deletion	33
3L	5674133	5667164	Deletion	6969
3L	5674133	5674219	Deletion	86
3L	5674133	5674223	Deletion	90
3L	5674133	5674229	Deletion	96
3L	5674133	5674239	Deletion	106
3L	5674133	5674214	Deletion	81
3L	5674133	5674244	Deletion	111
3L	5702929	5703004	Deletion	75
3L	5702930	5703004	Deletion	74
3L	5702957	5703004	Deletion	47
3L	5704833	5703004	Deletion	1829
3L	5704833	5704885	Deletion	52
3L	5704833	5704913	Deletion	80
3L	5704833	5704869	Deletion	36
3L	5704833	5704942	Deletion	109
3L	5720448	5720490	Deletion	42
3L	5720899	5720490	Deletion	409
3L	5722728	5722841	Deletion	113
3L	5722744	5722841	Deletion	97
3L	5722754	5722841	Deletion	87
3L	5722785	5722841	Deletion	56
3L	5724711	5722841	Deletion	1870
3L	5724711	5724811	Deletion	100
3L	5724711	5724750	Deletion	39
3L	5724711	5724814	Deletion	103
3L	5730709	5730820	Deletion	111
3L	5730732	5730820	Deletion	88
3L	5730751	5730820	Deletion	69
3L	5730760	5730820	Deletion	60
3L	5730769	5730820	Deletion	51
3L	5730777	5730820	Deletion	43
3L	5730778	5730820	Deletion	42
3L	5730878	5730945	Deletion	67
3L	5730878	5730936	Deletion	58
3L	5730878	5730917	Deletion	39
3L	5730878	5730963	Deletion	85
3L	5730878	5730997	Deletion	119
3L	5730878	5730962	Deletion	84
3L	5730878	5730954	Deletion	76
3L	5732857	5732967	Deletion	110
3L	5732867	5732967	Deletion	100
3L	5732870	5732967	Deletion	97
3L	5732879	5732967	Deletion	88
3L	5732915	5732967	Deletion	52
3L	5734444	5732962	Deletion	1482
3L	5734444	5734556	Deletion	112
3L	5734444	5734518	Deletion	74
3L	5734444	5734568	Deletion	124
3L	5734444	5734482	Deletion	38
3L	5743007	5743104	Deletion	97
3L	5743024	5743104	Deletion	80
3L	5743030	5743104	Deletion	74
3L	5743043	5743104	Deletion	61
3L	5743060	5743104	Deletion	44
3L	5743063	5743104	Deletion	41
3L	5745756	5743104	Deletion	2652
3L	5745756	5745802	Deletion	46
3L	5745756	5745841	Deletion	85
3L	5745756	5745838	Deletion	82
3L	5745756	5745821	Deletion	65
3L	5750101	5750011	Deletion	90
3L	5750101	5750195	Deletion	94
3L	5779663	5779767	Deletion	104
3L	5779675	5779767	Deletion	92
3L	5779720	5779767	Deletion	47
3L	5779730	5779767	Deletion	37
3L	5783774	5779767	Deletion	4007
3L	5783774	5783808	Deletion	34
3L	5783774	5783863	Deletion	89
3L	5783774	5783853	Deletion	79
3L	5783774	5783892	Deletion	118
3L	5783774	5783880	Deletion	106
3L	5807163	5807268	Deletion	105
3L	5810249	5810363	Deletion	114
3L	5810252	5810363	Deletion	111
3L	5810283	5810363	Deletion	80
3L	5810298	5810363	Deletion	65
3L	5810308	5810363	Deletion	55
3L	5815142	5810363	Deletion	4779
3L	5815142	5815204	Deletion	62
3L	5815142	5815189	Deletion	47
3L	5815142	5815242	Deletion	100
3L	5843976	5838085	Deletion	5891
3L	5843976	5844086	Deletion	110
3L	5843976	5844051	Deletion	75
3L	5852474	5852570	Deletion	96
3L	5852486	5852570	Deletion	84
3L	5852489	5852570	Deletion	81
3L	5852527	5852570	Deletion	43
3L	5859633	5852570	Deletion	7063
3L	5859633	5859663	Deletion	30
3L	5859633	5859745	Deletion	112
3L	5859633	5859716	Deletion	83
3L	5859633	5859675	Deletion	42
3L	5865147	5865241	Deletion	94
3L	5865166	5865241	Deletion	75
3L	5865171	5865241	Deletion	70
3L	5865182	5865241	Deletion	59
3L	5865187	5865241	Deletion	54
3L	5865202	5865241	Deletion	39
3L	5867382	5865241	Deletion	2141
3L	5867382	5867469	Deletion	87
3L	5867382	5867414	Deletion	32
3L	5867382	5867485	Deletion	103
3L	5867382	5867433	Deletion	51
3L	5867382	5867449	Deletion	67
3L	5867382	5867454	Deletion	72
3L	5872865	5872928	Deletion	63
3L	5872878	5872928	Deletion	50
3L	5872881	5872928	Deletion	47
3L	5895157	5872928	Deletion	22229
3L	5895157	5895190	Deletion	33
3L	5895157	5895236	Deletion	79
3L	5895157	5895220	Deletion	63
3L	5897485	5897587	Deletion	102
3L	5898993	5897587	Deletion	1406
3L	5898993	5899111	Deletion	118
3L	5898993	5899113	Deletion	120
3L	5898993	5899117	Deletion	124
3L	5899443	5899525	Deletion	82
3L	5899448	5899525	Deletion	77
3L	5899452	5899525	Deletion	73
3L	5901178	5899525	Deletion	1653
3L	5901178	5901232	Deletion	54
3L	5901178	5901223	Deletion	45
3L	5905565	5905679	Deletion	114
3L	5905642	5905679	Deletion	37
3L	5905646	5905679	Deletion	33
3L	5907486	5907577	Deletion	91
3L	5912113	5912213	Deletion	100
3L	5912120	5912213	Deletion	93
3L	5912126	5912213	Deletion	87
3L	5912133	5912213	Deletion	80
3L	5912134	5912213	Deletion	79
3L	5912153	5912213	Deletion	60
3L	5912158	5912213	Deletion	55
3L	5912167	5912213	Deletion	46
3L	5912177	5912213	Deletion	36
3L	5912462	5912213	Deletion	249
3L	5912462	5912564	Deletion	102
3L	5912462	5912501	Deletion	39
3L	5912462	5912556	Deletion	94
3L	5912462	5912533	Deletion	71
3L	5912462	5912585	Deletion	123
3L	5912462	5912528	Deletion	66
3L	5912462	5912562	Deletion	100
3L	5912462	5912542	Deletion	80
3L	5912462	5912552	Deletion	90
3L	5912462	5912509	Deletion	47
3L	5912462	5912508	Deletion	46
3L	5933411	5919367	Deletion	14044
3L	5933411	5933523	Deletion	112
3L	5933411	5933535	Deletion	124
3L	5933411	5933496	Deletion	85
3L	5964877	5964997	Deletion	120
3L	5964879	5964997	Deletion	118
3L	5964881	5964997	Deletion	116
3L	5964895	5964997	Deletion	102
3L	5964900	5964997	Deletion	97
3L	5964919	5964997	Deletion	78
3L	5964936	5964997	Deletion	61
3L	5964939	5964997	Deletion	58
3L	5964940	5964997	Deletion	57
3L	5964947	5964997	Deletion	50
3L	5964949	5964997	Deletion	48
3L	5964953	5964997	Deletion	44
3L	5966548	5964997	Deletion	1551
3L	5966548	5966627	Deletion	79
3L	5966548	5966631	Deletion	83
3L	5966548	5966625	Deletion	77
3L	5966548	5966617	Deletion	69
3L	5966548	5966597	Deletion	49
3L	5966548	5966618	Deletion	70
3L	5966548	5966614	Deletion	66
3L	5978268	5978330	Deletion	62
3L	5978270	5978330	Deletion	60
3L	5978273	5978330	Deletion	57
3L	5978283	5978330	Deletion	47
3L	5978290	5978330	Deletion	40
3L	5982037	5978330	Deletion	3707
3L	5982037	5982101	Deletion	64
3L	5982037	5982116	Deletion	79
3L	5982037	5982123	Deletion	86
3L	5982037	5982106	Deletion	69
3L	5982037	5982138	Deletion	101
3L	5982037	5982157	Deletion	120
3L	5989640	5989687	Deletion	47
3L	5989652	5989687	Deletion	35
3L	5999469	5989687	Deletion	9782
3L	5999469	5999592	Deletion	123
3L	5999469	5999560	Deletion	91
3L	5999469	5999502	Deletion	33
3L	6056851	6056909	Deletion	58
3L	6065180	6056909	Deletion	8271
3L	6065180	6065288	Deletion	108
3L	6065180	6065290	Deletion	110
3L	6065180	6065248	Deletion	68
3L	6065180	6065286	Deletion	106
3L	6065180	6065303	Deletion	123
3L	6072346	6072409	Deletion	63
3L	6072363	6072409	Deletion	46
3L	6072369	6072409	Deletion	40
3L	6072370	6072409	Deletion	39
3L	6072694	6072409	Deletion	285
3L	6072694	6072813	Deletion	119
3L	6072694	6072757	Deletion	63
3L	6072694	6072781	Deletion	87
3L	6072694	6072774	Deletion	80
3L	6072694	6072795	Deletion	101
3L	6072694	6072801	Deletion	107
3L	6072694	6072751	Deletion	57
3L	6072694	6072804	Deletion	110
3L	6072694	6072815	Deletion	121
3L	6072694	6072803	Deletion	109
3L	6075565	6075630	Deletion	65
3L	6075593	6075630	Deletion	37
3L	6084189	6075630	Deletion	8559
3L	6084189	6084305	Deletion	116
3L	6084189	6084251	Deletion	62
3L	6084189	6084311	Deletion	122
3L	6084189	6084221	Deletion	32
3L	6084189	6084291	Deletion	102
3L	6090746	6090833	Deletion	87
3L	6095323	6090833	Deletion	4490
3L	6095323	6095423	Deletion	100
3L	6095323	6095424	Deletion	101
3L	6095323	6095446	Deletion	123
3L	6099800	6099906	Deletion	106
3L	6099866	6099906	Deletion	40
3L	6103553	6099906	Deletion	3647
3L	6103553	6103639	Deletion	86
3L	6103553	6103663	Deletion	110
3L	6109930	6109998	Deletion	68
3L	6109940	6109998	Deletion	58
3L	6110258	6109998	Deletion	260
3L	6110258	6110306	Deletion	48
3L	6110258	6110318	Deletion	60
3L	6110258	6110328	Deletion	70
3L	6117860	6117929	Deletion	69
3L	6117866	6117929	Deletion	63
3L	6117893	6117929	Deletion	36
3L	6120450	6117929	Deletion	2521
3L	6120450	6120549	Deletion	99
3L	6120450	6120513	Deletion	63
3L	6120450	6120540	Deletion	90
3L	6120450	6120561	Deletion	111
3L	6143482	6143562	Deletion	80
3L	6143483	6143562	Deletion	79
3L	6143525	6143562	Deletion	37
3L	6143528	6143562	Deletion	34
3L	6143528	6143558	Deletion	30
3L	6145182	6143562	Deletion	1620
3L	6145182	6145230	Deletion	48
3L	6145182	6145287	Deletion	105
3L	6145182	6145229	Deletion	47
3L	6145182	6145275	Deletion	93
3L	6159128	6159193	Deletion	65
3L	6159141	6159193	Deletion	52
3L	6159145	6159193	Deletion	48
3L	6159150	6159193	Deletion	43
3L	6159848	6159193	Deletion	655
3L	6159848	6159922	Deletion	74
3L	6159848	6159909	Deletion	61
3L	6159848	6159931	Deletion	83
3L	6159850	6159926	Deletion	76
3L	6160155	6160275	Deletion	120
3L	6160161	6160275	Deletion	114
3L	6160183	6160275	Deletion	92
3L	6160200	6160275	Deletion	75
3L	6160206	6160275	Deletion	69
3L	6160214	6160275	Deletion	61
3L	6160222	6160275	Deletion	53
3L	6160232	6160275	Deletion	43
3L	6160707	6160275	Deletion	432
3L	6160707	6160772	Deletion	65
3L	6160707	6160741	Deletion	34
3L	6160707	6160804	Deletion	97
3L	6160707	6160780	Deletion	73
3L	6160707	6160764	Deletion	57
3L	6160707	6160790	Deletion	83
3L	6169828	6169940	Deletion	112
3L	6169862	6169940	Deletion	78
3L	6169866	6169940	Deletion	74
3L	6169898	6169940	Deletion	42
3L	6170062	6169940	Deletion	122
3L	6170062	6170169	Deletion	107
3L	6170062	6170119	Deletion	57
3L	6170062	6170165	Deletion	103
3L	6170062	6170167	Deletion	105
3L	6170062	6170115	Deletion	53
3L	6170062	6170151	Deletion	89
3L	6198665	6198762	Deletion	97
3L	6198666	6198762	Deletion	96
3L	6198698	6198762	Deletion	64
3L	6198699	6198762	Deletion	63
3L	6198700	6198762	Deletion	62
3L	6198711	6198762	Deletion	51
3L	6198730	6198758	Deletion	28
3L	6199272	6198762	Deletion	510
3L	6199272	6199335	Deletion	63
3L	6199272	6199305	Deletion	33
3L	6199273	6199304	Deletion	31
3L	6201599	6201663	Deletion	64
3L	6201599	6201633	Deletion	34
3L	6213312	6213398	Deletion	86
3L	6213314	6213398	Deletion	84
3L	6213330	6213398	Deletion	68
3L	6213337	6213398	Deletion	61
3L	6213340	6213398	Deletion	58
3L	6213346	6213398	Deletion	52
3L	6213351	6213398	Deletion	47
3L	6213352	6213398	Deletion	46
3L	6213356	6213398	Deletion	42
3L	6214831	6213398	Deletion	1433
3L	6214831	6214871	Deletion	40
3L	6214831	6214873	Deletion	42
3L	6214831	6214899	Deletion	68
3L	6214831	6214889	Deletion	58
3L	6214831	6214911	Deletion	80
3L	6214831	6214905	Deletion	74
3L	6214831	6214915	Deletion	84
3L	6214831	6214910	Deletion	79
3L	6218907	6218998	Deletion	91
3L	6218929	6218998	Deletion	69
3L	6218933	6218998	Deletion	65
3L	6218940	6218998	Deletion	58
3L	6219100	6218998	Deletion	102
3L	6219100	6219157	Deletion	57
3L	6219100	6219168	Deletion	68
3L	6219100	6219161	Deletion	61
3L	6219138	6219135	Deletion	3
3L	6219184	6219262	Deletion	78
3L	6219224	6219262	Deletion	38
3L	6233370	6233426	Deletion	56
3L	6233388	6233426	Deletion	38
3L	6233390	6233426	Deletion	36
3L	6233550	6233426	Deletion	124
3L	6233550	6233641	Deletion	91
3L	6233550	6233621	Deletion	71
3L	6233550	6233639	Deletion	89
3L	6233550	6233671	Deletion	121
3L	6237235	6237305	Deletion	70
3L	6240109	6237305	Deletion	2804
3L	6240109	6240219	Deletion	110
3L	6240109	6240142	Deletion	33
3L	6240109	6240166	Deletion	57
3L	6240939	6241047	Deletion	108
3L	6240956	6241047	Deletion	91
3L	6240983	6241047	Deletion	64
3L	6240994	6241047	Deletion	53
3L	6242781	6241047	Deletion	1734
3L	6242781	6242854	Deletion	73
3L	6242781	6242886	Deletion	105
3L	6242781	6242843	Deletion	62
3L	6243915	6244000	Deletion	85
3L	6243946	6244000	Deletion	54
3L	6243956	6244000	Deletion	44
3L	6247585	6244000	Deletion	3585
3L	6247585	6247657	Deletion	72
3L	6247585	6247667	Deletion	82
3L	6247585	6247626	Deletion	41
3L	6247585	6247619	Deletion	34
3L	6275927	6276027	Deletion	100
3L	6275957	6276027	Deletion	70
3L	6275996	6276027	Deletion	31
3L	6276807	6276027	Deletion	780
3L	6276807	6276863	Deletion	56
3L	6276807	6276902	Deletion	95
3L	6290477	6290570	Deletion	93
3L	6290502	6290570	Deletion	68
3L	6290505	6290570	Deletion	65
3L	6290532	6290570	Deletion	38
3L	6290742	6290570	Deletion	172
3L	6290742	6290830	Deletion	88
3L	6290742	6290775	Deletion	33
3L	6290742	6290803	Deletion	61
3L	6290837	6290930	Deletion	93
3L	6290839	6290930	Deletion	91
3L	6290862	6290930	Deletion	68
3L	6290982	6290930	Deletion	52
3L	6290982	6291076	Deletion	94
3L	6290982	6291041	Deletion	59
3L	6290982	6291016	Deletion	34
3L	6290982	6291018	Deletion	36
3L	6296828	6296892	Deletion	64
3L	6296834	6296892	Deletion	58
3L	6298182	6296892	Deletion	1290
3L	6298182	6298303	Deletion	121
3L	6298182	6298244	Deletion	62
3L	6298182	6298221	Deletion	39
3L	6317756	6317836	Deletion	80
3L	6317769	6317836	Deletion	67
3L	6317776	6317836	Deletion	60
3L	6317779	6317836	Deletion	57
3L	6317790	6317836	Deletion	46
3L	6317796	6317836	Deletion	40
3L	6318318	6317836	Deletion	482
3L	6318318	6318406	Deletion	88
3L	6318318	6318386	Deletion	68
3L	6318318	6318434	Deletion	116
3L	6318318	6318379	Deletion	61
3L	6318318	6318400	Deletion	82
3L	6318318	6318389	Deletion	71
3L	6318318	6318420	Deletion	102
3L	6318318	6318439	Deletion	121
3L	6318318	6318436	Deletion	118
3L	6320028	6320123	Deletion	95
3L	6320034	6320123	Deletion	89
3L	6320050	6320123	Deletion	73
3L	6320063	6320123	Deletion	60
3L	6320076	6320123	Deletion	47
3L	6320089	6320123	Deletion	34
3L	6321772	6321864	Deletion	92
3L	6321772	6321889	Deletion	117
3L	6321772	6321887	Deletion	115
3L	6321772	6321838	Deletion	66
3L	6321772	6321825	Deletion	53
3L	6321772	6321809	Deletion	37
3L	6321772	6321851	Deletion	79
3L	6321958	6321990	Deletion	32
3L	6333010	6321990	Deletion	11020
3L	6333010	6333121	Deletion	111
3L	6333010	6333104	Deletion	94
3L	6333010	6333122	Deletion	112
3L	6333010	6333123	Deletion	113
3L	6378484	6378570	Deletion	86
3L	6378502	6378570	Deletion	68
3L	6378526	6378570	Deletion	44
3L	6378530	6378570	Deletion	40
3L	6382870	6378570	Deletion	4300
3L	6382870	6382929	Deletion	59
3L	6382870	6382981	Deletion	111
3L	6382870	6382957	Deletion	87
3L	6382870	6382911	Deletion	41
3L	6382870	6382953	Deletion	83
3L	6391617	6391710	Deletion	93
3L	6391640	6391710	Deletion	70
3L	6391642	6391710	Deletion	68
3L	6391654	6391710	Deletion	56
3L	6391655	6391710	Deletion	55
3L	6391662	6391710	Deletion	48
3L	6393470	6391710	Deletion	1760
3L	6393470	6393540	Deletion	70
3L	6393470	6393526	Deletion	56
3L	6393470	6393503	Deletion	33
3L	6393470	6393541	Deletion	71
3L	6393470	6393528	Deletion	58
3L	6393470	6393578	Deletion	108
3L	6436161	6436283	Deletion	122
3L	6436161	6436250	Deletion	89
3L	6436161	6436236	Deletion	75
3L	6436161	6436242	Deletion	81
3L	6436161	6436200	Deletion	39
3L	6436161	6436193	Deletion	32
3L	6439010	6439089	Deletion	79
3L	6439034	6439089	Deletion	55
3L	6440444	6439089	Deletion	1355
3L	6440444	6440552	Deletion	108
3L	6440444	6440557	Deletion	113
3L	6440444	6440474	Deletion	30
3L	6440444	6440515	Deletion	71
3L	6440446	6440553	Deletion	107
3L	6446363	6446454	Deletion	91
3L	6446375	6446454	Deletion	79
3L	6446376	6446454	Deletion	78
3L	6446376	6446451	Deletion	75
3L	6446377	6446454	Deletion	77
3L	6446504	6446539	Deletion	35
3L	6446504	6446625	Deletion	121
3L	6446504	6446607	Deletion	103
3L	6446504	6446552	Deletion	48
3L	6446504	6446553	Deletion	49
3L	6450590	6450664	Deletion	74
3L	6453310	6450664	Deletion	2646
3L	6453310	6453363	Deletion	53
3L	6453310	6453426	Deletion	116
3L	6453310	6453348	Deletion	38
3L	6453312	6453414	Deletion	102
3L	6463517	6463613	Deletion	96
3L	6463531	6463613	Deletion	82
3L	6463557	6463613	Deletion	56
3L	6463559	6463613	Deletion	54
3L	6463726	6463613	Deletion	113
3L	6463726	6463827	Deletion	101
3L	6463726	6463798	Deletion	72
3L	6463726	6463772	Deletion	46
3L	6463726	6463800	Deletion	74
3L	6478937	6479037	Deletion	100
3L	6478994	6479037	Deletion	43
3L	6479002	6479037	Deletion	35
3L	6479007	6479037	Deletion	30
3L	6482526	6479037	Deletion	3489
3L	6482526	6482618	Deletion	92
3L	6482526	6482623	Deletion	97
3L	6482526	6482632	Deletion	106
3L	6482526	6482610	Deletion	84
3L	6515602	6515700	Deletion	98
3L	6515631	6515700	Deletion	69
3L	6515636	6515700	Deletion	64
3L	6515649	6515700	Deletion	51
3L	6515658	6515700	Deletion	42
3L	6515663	6515700	Deletion	37
3L	6516216	6515700	Deletion	516
3L	6516216	6516333	Deletion	117
3L	6516216	6516275	Deletion	59
3L	6516216	6516280	Deletion	64
3L	6516216	6516302	Deletion	86
3L	6516216	6516307	Deletion	91
3L	6516216	6516337	Deletion	121
3L	6516216	6516293	Deletion	77
3L	6517092	6517185	Deletion	93
3L	6517115	6517185	Deletion	70
3L	6518202	6517185	Deletion	1017
3L	6518202	6518323	Deletion	121
3L	6518202	6518236	Deletion	34
3L	6521830	6521925	Deletion	95
3L	6521856	6521925	Deletion	69
3L	6521885	6521925	Deletion	40
3L	6529062	6521925	Deletion	7137
3L	6529062	6529120	Deletion	58
3L	6529062	6529094	Deletion	32
3L	6529062	6529149	Deletion	87
3L	6533206	6533294	Deletion	88
3L	6533219	6533294	Deletion	75
3L	6533227	6533294	Deletion	67
3L	6533228	6533294	Deletion	66
3L	6533231	6533294	Deletion	63
3L	6533361	6533294	Deletion	67
3L	6533361	6533412	Deletion	51
3L	6533361	6533424	Deletion	63
3L	6533361	6533399	Deletion	38
3L	6533361	6533420	Deletion	59
3L	6543441	6543518	Deletion	77
3L	6543570	6543518	Deletion	52
3L	6543570	6543661	Deletion	91
3L	6543570	6543619	Deletion	49
3L	6543570	6543676	Deletion	106
3L	6552360	6552403	Deletion	43
3L	6552669	6552403	Deletion	266
3L	6552669	6552752	Deletion	83
3L	6559150	6559186	Deletion	36
3L	6559234	6559186	Deletion	48
3L	6564256	6564354	Deletion	98
3L	6564287	6564354	Deletion	67
3L	6564312	6564354	Deletion	42
3L	6564321	6564354	Deletion	33
3L	6566320	6564354	Deletion	1966
3L	6566320	6566429	Deletion	109
3L	6566320	6566379	Deletion	59
3L	6566320	6566439	Deletion	119
3L	6566320	6566404	Deletion	84
3L	6566320	6566413	Deletion	93
3L	6566320	6566420	Deletion	100
3L	6566320	6566418	Deletion	98
3L	6567467	6567567	Deletion	100
3L	6567473	6567567	Deletion	94
3L	6567479	6567567	Deletion	88
3L	6567497	6567567	Deletion	70
3L	6567515	6567567	Deletion	52
3L	6567524	6567567	Deletion	43
3L	6567668	6567567	Deletion	101
3L	6567668	6567743	Deletion	75
3L	6567668	6567707	Deletion	39
3L	6567668	6567791	Deletion	123
3L	6567668	6567752	Deletion	84
3L	6567668	6567701	Deletion	33
3L	6578061	6578136	Deletion	75
3L	6578068	6578136	Deletion	68
3L	6579059	6578135	Deletion	924
3L	6579059	6579183	Deletion	124
3L	6579059	6579109	Deletion	50
3L	6579059	6579117	Deletion	58
3L	6579059	6579110	Deletion	51
3L	6579059	6579172	Deletion	113
3L	6580017	6580134	Deletion	117
3L	6580028	6580134	Deletion	106
3L	6580051	6580134	Deletion	83
3L	6580063	6580134	Deletion	71
3L	6580078	6580134	Deletion	56
3L	6583473	6580134	Deletion	3339
3L	6583473	6583575	Deletion	102
3L	6583473	6583592	Deletion	119
3L	6583473	6583531	Deletion	58
3L	6583473	6583519	Deletion	46
3L	6583477	6583546	Deletion	69
3L	6627062	6627153	Deletion	91
3L	6627077	6627153	Deletion	76
3L	6627116	6627153	Deletion	37
3L	6633128	6627153	Deletion	5975
3L	6633128	6633163	Deletion	35
3L	6633128	6633232	Deletion	104
3L	6633128	6633235	Deletion	107
3L	6633128	6633236	Deletion	108
3L	6633128	6633230	Deletion	102
3L	6633128	6633217	Deletion	89
3L	6634032	6634100	Deletion	68
3L	6634038	6634100	Deletion	62
3L	6634045	6634100	Deletion	55
3L	6634052	6634100	Deletion	48
3L	6634068	6634100	Deletion	32
3L	6636577	6634100	Deletion	2477
3L	6636577	6636656	Deletion	79
3L	6636577	6636678	Deletion	101
3L	6636577	6636642	Deletion	65
3L	6636577	6636672	Deletion	95
3L	6636577	6636649	Deletion	72
3L	6636577	6636622	Deletion	45
3L	6644477	6644567	Deletion	90
3L	6644513	6644567	Deletion	54
3L	6644528	6644567	Deletion	39
3L	6652862	6644567	Deletion	8295
3L	6652862	6652899	Deletion	37
3L	6652862	6652935	Deletion	73
3L	6656265	6656376	Deletion	111
3L	6656277	6656376	Deletion	99
3L	6656281	6656376	Deletion	95
3L	6656312	6656376	Deletion	64
3L	6656326	6656376	Deletion	50
3L	6656336	6656376	Deletion	40
3L	6656338	6656376	Deletion	38
3L	6656342	6656376	Deletion	34
3L	6656344	6656376	Deletion	32
3L	6657274	6656376	Deletion	898
3L	6657274	6657360	Deletion	86
3L	6657274	6657386	Deletion	112
3L	6657274	6657366	Deletion	92
3L	6657274	6657336	Deletion	62
3L	6657274	6657368	Deletion	94
3L	6657274	6657350	Deletion	76
3L	6657274	6657362	Deletion	88
3L	6658505	6658617	Deletion	112
3L	6658515	6658617	Deletion	102
3L	6658536	6658617	Deletion	81
3L	6658547	6658617	Deletion	70
3L	6658564	6658617	Deletion	53
3L	6661024	6658617	Deletion	2407
3L	6661024	6661126	Deletion	102
3L	6661024	6661138	Deletion	114
3L	6661024	6661070	Deletion	46
3L	6661024	6661098	Deletion	74
3L	6671176	6671285	Deletion	109
3L	6671409	6671285	Deletion	124
3L	6672149	6672245	Deletion	96
3L	6672152	6672245	Deletion	93
3L	6672195	6672245	Deletion	50
3L	6672206	6672245	Deletion	39
3L	6679248	6672245	Deletion	7003
3L	6679248	6679336	Deletion	88
3L	6679248	6679325	Deletion	77
3L	6679248	6679279	Deletion	31
3L	6679248	6679368	Deletion	120
3L	6679248	6679360	Deletion	112
3L	6679248	6679369	Deletion	121
3L	6679940	6680053	Deletion	113
3L	6679947	6680053	Deletion	106
3L	6680011	6680053	Deletion	42
3L	6680103	6680218	Deletion	115
3L	6680103	6680206	Deletion	103
3L	6680105	6680187	Deletion	82
3L	6697657	6697744	Deletion	87
3L	6697698	6697744	Deletion	46
3L	6697702	6697744	Deletion	42
3L	6709450	6697744	Deletion	11706
3L	6709450	6709554	Deletion	104
3L	6709450	6709490	Deletion	40
3L	6709450	6709531	Deletion	81
3L	6709450	6709564	Deletion	114
3L	6709450	6709535	Deletion	85
3L	6713874	6713985	Deletion	111
3L	6713879	6713985	Deletion	106
3L	6713900	6713985	Deletion	85
3L	6713903	6713985	Deletion	82
3L	6713912	6713985	Deletion	73
3L	6713922	6713985	Deletion	63
3L	6725586	6713985	Deletion	11601
3L	6725586	6725697	Deletion	111
3L	6725586	6725706	Deletion	120
3L	6725586	6725649	Deletion	63
3L	6725586	6725627	Deletion	41
3L	6725586	6725639	Deletion	53
3L	6731496	6731609	Deletion	113
3L	6731510	6731609	Deletion	99
3L	6731553	6731609	Deletion	56
3L	6731568	6731609	Deletion	41
3L	6736318	6731609	Deletion	4709
3L	6736318	6736388	Deletion	70
3L	6736318	6736403	Deletion	85
3L	6743502	6743611	Deletion	109
3L	6743518	6743612	Deletion	94
3L	6743566	6743612	Deletion	46
3L	6745254	6743612	Deletion	1642
3L	6745254	6745286	Deletion	32
3L	6745254	6745373	Deletion	119
3L	6787308	6787412	Deletion	104
3L	6787324	6787412	Deletion	88
3L	6787345	6787412	Deletion	67
3L	6787380	6787412	Deletion	32
3L	6787974	6787412	Deletion	562
3L	6787974	6788069	Deletion	95
3L	6787974	6788034	Deletion	60
3L	6797924	6797979	Deletion	55
3L	6797941	6797979	Deletion	38
3L	6799767	6797979	Deletion	1788
3L	6802061	6799800	Deletion	2261
3L	6802061	6802119	Deletion	58
3L	6802061	6802151	Deletion	90
3L	6802061	6802102	Deletion	41
3L	6802061	6802147	Deletion	86
3L	6802061	6802183	Deletion	122
3L	6802066	6802177	Deletion	111
3L	6805492	6805590	Deletion	98
3L	6805497	6805590	Deletion	93
3L	6805526	6805590	Deletion	64
3L	6805531	6805590	Deletion	59
3L	6805554	6805590	Deletion	36
3L	6805555	6805590	Deletion	35
3L	6811372	6805590	Deletion	5782
3L	6811372	6811463	Deletion	91
3L	6811372	6811440	Deletion	68
3L	6811372	6811435	Deletion	63
3L	6811372	6811406	Deletion	34
3L	6811372	6811464	Deletion	92
3L	6812820	6812938	Deletion	118
3L	6812824	6812938	Deletion	114
3L	6812842	6812938	Deletion	96
3L	6812885	6812938	Deletion	53
3L	6813478	6812938	Deletion	540
3L	6813478	6813600	Deletion	122
3L	6813478	6813601	Deletion	123
3L	6813478	6813508	Deletion	30
3L	6815349	6815454	Deletion	105
3L	6815373	6815454	Deletion	81
3L	6815377	6815454	Deletion	77
3L	6815401	6815454	Deletion	53
3L	6815407	6815454	Deletion	47
3L	6815419	6815454	Deletion	35
3L	6816574	6815454	Deletion	1120
3L	6816574	6816619	Deletion	45
3L	6816574	6816647	Deletion	73
3L	6816574	6816681	Deletion	107
3L	6816574	6816653	Deletion	79
3L	6816574	6816665	Deletion	91
3L	6819548	6819637	Deletion	89
3L	6819552	6819637	Deletion	85
3L	6820465	6819637	Deletion	828
3L	6820465	6820506	Deletion	41
3L	6831929	6832004	Deletion	75
3L	6831949	6832004	Deletion	55
3L	6831950	6832004	Deletion	54
3L	6831954	6832004	Deletion	50
3L	6831966	6832004	Deletion	38
3L	6831967	6832004	Deletion	37
3L	6848394	6832004	Deletion	16390
3L	6848394	6848483	Deletion	89
3L	6848394	6848515	Deletion	121
3L	6848394	6848466	Deletion	72
3L	6848394	6848465	Deletion	71
3L	6848394	6848482	Deletion	88
3L	6848394	6848470	Deletion	76
3L	6855285	6855396	Deletion	111
3L	6855307	6855396	Deletion	89
3L	6855310	6855396	Deletion	86
3L	6855335	6855396	Deletion	61
3L	6855337	6855396	Deletion	59
3L	6855488	6855396	Deletion	92
3L	6855488	6855555	Deletion	67
3L	6855488	6855525	Deletion	37
3L	6855488	6855528	Deletion	40
3L	6899469	6899554	Deletion	85
3L	6899513	6899554	Deletion	41
3L	6900237	6899554	Deletion	683
3L	6900237	6900278	Deletion	41
3L	6900237	6900342	Deletion	105
3L	6901838	6901955	Deletion	117
3L	6901844	6901955	Deletion	111
3L	6901863	6901955	Deletion	92
3L	6901884	6901955	Deletion	71
3L	6901906	6901955	Deletion	49
3L	6902141	6901955	Deletion	186
3L	6902141	6902196	Deletion	55
3L	6902141	6902218	Deletion	77
3L	6950769	6950802	Deletion	33
3L	6958352	6950802	Deletion	7550
3L	6958352	6958436	Deletion	84
3L	6978321	6978370	Deletion	49
3L	6978535	6978370	Deletion	165
3L	6978535	6978612	Deletion	77
3L	7002912	7003012	Deletion	100
3L	7002935	7003012	Deletion	77
3L	7002966	7003012	Deletion	46
3L	7002967	7003012	Deletion	45
3L	7002969	7003012	Deletion	43
3L	7002981	7003012	Deletion	31
3L	7003071	7003012	Deletion	59
3L	7003071	7003167	Deletion	96
3L	7003071	7003153	Deletion	82
3L	7003071	7003155	Deletion	84
3L	7003071	7003121	Deletion	50
3L	7016601	7016665	Deletion	64
3L	7016625	7016665	Deletion	40
3L	7016792	7016665	Deletion	127
3L	7016792	7016889	Deletion	97
3L	7016792	7016854	Deletion	62
3L	7016792	7016898	Deletion	106
3L	7016792	7016878	Deletion	86
3L	7030658	7030749	Deletion	91
3L	7030690	7030749	Deletion	59
3L	7030706	7030749	Deletion	43
3L	7035255	7035366	Deletion	111
3L	7035255	7035338	Deletion	83
3L	7035255	7035290	Deletion	35
3L	7035255	7035322	Deletion	67
3L	7035255	7035361	Deletion	106
3L	7040161	7040243	Deletion	82
3L	7040162	7040243	Deletion	81
3L	7040164	7040243	Deletion	79
3L	7040199	7040243	Deletion	44
3L	7046433	7040243	Deletion	6190
3L	7046433	7046478	Deletion	45
3L	7046433	7046530	Deletion	97
3L	7046433	7046515	Deletion	82
3L	7046433	7046473	Deletion	40
3L	7046433	7046477	Deletion	44
3L	7048238	7048294	Deletion	56
3L	7048255	7048294	Deletion	39
3L	7050197	7048294	Deletion	1903
3L	7050197	7050268	Deletion	71
3L	7050197	7050317	Deletion	120
3L	7051604	7051704	Deletion	100
3L	7051626	7051704	Deletion	78
3L	7051630	7051704	Deletion	74
3L	7051644	7051704	Deletion	60
3L	7051657	7051704	Deletion	47
3L	7051666	7051704	Deletion	38
3L	7051673	7051704	Deletion	31
3L	7055805	7051704	Deletion	4101
3L	7055805	7055872	Deletion	67
3L	7055805	7055858	Deletion	53
3L	7055805	7055914	Deletion	109
3L	7055805	7055885	Deletion	80
3L	7055805	7055854	Deletion	49
3L	7055805	7055894	Deletion	89
3L	7075661	7075732	Deletion	71
3L	7075693	7075732	Deletion	39
3L	7075984	7075732	Deletion	252
3L	7075984	7076071	Deletion	87
3L	7075984	7076095	Deletion	111
3L	7075984	7076032	Deletion	48
3L	7080910	7081009	Deletion	99
3L	7080935	7081009	Deletion	74
3L	7080939	7081009	Deletion	70
3L	7080956	7081009	Deletion	53
3L	7080959	7081009	Deletion	50
3L	7080963	7081009	Deletion	46
3L	7080977	7081009	Deletion	32
3L	7081623	7081009	Deletion	614
3L	7081623	7081696	Deletion	73
3L	7081623	7081699	Deletion	76
3L	7081623	7081703	Deletion	80
3L	7081623	7081679	Deletion	56
3L	7081623	7081717	Deletion	94
3L	7081627	7081675	Deletion	48
3L	7121674	7121748	Deletion	74
3L	7121702	7121748	Deletion	46
3L	7121715	7121748	Deletion	33
3L	7129418	7121748	Deletion	7670
3L	7129418	7129511	Deletion	93
3L	7129418	7129498	Deletion	80
3L	7129418	7129470	Deletion	52
3L	7134618	7134708	Deletion	90
3L	7134675	7134708	Deletion	33
3L	7156825	7134708	Deletion	22117
3L	7156825	7156863	Deletion	38
3L	7183607	7183723	Deletion	116
3L	7183609	7183723	Deletion	114
3L	7183627	7183723	Deletion	96
3L	7183637	7183723	Deletion	86
3L	7183655	7183723	Deletion	68
3L	7183657	7183723	Deletion	66
3L	7183689	7183723	Deletion	34
3L	7197000	7183723	Deletion	13277
3L	7197000	7197058	Deletion	58
3L	7197000	7197030	Deletion	30
3L	7197000	7197092	Deletion	92
3L	7197000	7197099	Deletion	99
3L	7224624	7224677	Deletion	53
3L	7224640	7224677	Deletion	37
3L	7224646	7224677	Deletion	31
3L	7227643	7224677	Deletion	2966
3L	7227643	7227744	Deletion	101
3L	7227643	7227740	Deletion	97
3L	7227643	7227755	Deletion	112
3L	7227643	7227732	Deletion	89
3L	7227643	7227738	Deletion	95
3L	7227643	7227716	Deletion	73
3L	7229124	7229212	Deletion	88
3L	7229140	7229212	Deletion	72
3L	7229157	7229212	Deletion	55
3L	7229163	7229212	Deletion	49
3L	7229168	7229212	Deletion	44
3L	7229178	7229212	Deletion	34
3L	7235065	7229212	Deletion	5853
3L	7235065	7235142	Deletion	77
3L	7235065	7235157	Deletion	92
3L	7235065	7235119	Deletion	54
3L	7235065	7235136	Deletion	71
3L	7235065	7235104	Deletion	39
3L	7235388	7235498	Deletion	110
3L	7235419	7235498	Deletion	79
3L	7235436	7235498	Deletion	62
3L	7235454	7235498	Deletion	44
3L	7250905	7235498	Deletion	15407
3L	7250905	7250987	Deletion	82
3L	7250905	7250952	Deletion	47
3L	7250905	7251015	Deletion	110
3L	7267038	7267111	Deletion	73
3L	7267051	7267111	Deletion	60
3L	7272984	7267111	Deletion	5873
3L	7272984	7273084	Deletion	100
3L	7272984	7273050	Deletion	66
3L	7272986	7273037	Deletion	51
3L	7285511	7285600	Deletion	89
3L	7285547	7285600	Deletion	53
3L	7285555	7285600	Deletion	45
3L	7285561	7285600	Deletion	39
3L	7285566	7285600	Deletion	34
3L	7291772	7285600	Deletion	6172
3L	7291772	7291810	Deletion	38
3L	7291772	7291854	Deletion	82
3L	7291772	7291872	Deletion	100
3L	7291772	7291846	Deletion	74
3L	7291772	7291875	Deletion	103
3L	7291772	7291860	Deletion	88
3L	7313841	7313930	Deletion	89
3L	7313887	7313930	Deletion	43
3L	7316661	7313930	Deletion	2731
3L	7316661	7316744	Deletion	83
3L	7322059	7322178	Deletion	119
3L	7322099	7322178	Deletion	79
3L	7322122	7322178	Deletion	56
3L	7322132	7322178	Deletion	46
3L	7328964	7322178	Deletion	6786
3L	7328964	7329069	Deletion	105
3L	7328964	7329034	Deletion	70
3L	7328964	7329044	Deletion	80
3L	7328964	7329086	Deletion	122
3L	7331831	7331927	Deletion	96
3L	7331843	7331927	Deletion	84
3L	7331861	7331927	Deletion	66
3L	7331888	7331927	Deletion	39
3L	7335798	7331927	Deletion	3871
3L	7335798	7335858	Deletion	60
3L	7335798	7335885	Deletion	87
3L	7335798	7335840	Deletion	42
3L	7336098	7336204	Deletion	106
3L	7336102	7336204	Deletion	102
3L	7336104	7336204	Deletion	100
3L	7336121	7336204	Deletion	83
3L	7336152	7336204	Deletion	52
3L	7337558	7336204	Deletion	1354
3L	7337558	7337632	Deletion	74
3L	7351186	7351255	Deletion	69
3L	7351700	7351255	Deletion	445
3L	7351700	7351759	Deletion	59
3L	7351700	7351819	Deletion	119
3L	7351700	7351802	Deletion	102
3L	7362399	7362503	Deletion	104
3L	7362470	7362503	Deletion	33
3L	7362552	7362503	Deletion	49
3L	7362552	7362638	Deletion	86
3L	7363547	7363642	Deletion	95
3L	7363561	7363642	Deletion	81
3L	7363562	7363642	Deletion	80
3L	7363565	7363642	Deletion	77
3L	7363567	7363642	Deletion	75
3L	7363604	7363642	Deletion	38
3L	7363689	7363642	Deletion	47
3L	7363689	7363793	Deletion	104
3L	7363689	7363737	Deletion	48
3L	7363689	7363738	Deletion	49
3L	7363689	7363741	Deletion	52
3L	7363689	7363723	Deletion	34
3L	7363689	7363780	Deletion	91
3L	7374746	7372119	Deletion	2627
3L	7374746	7374811	Deletion	65
3L	7376044	7376147	Deletion	103
3L	7376051	7376147	Deletion	96
3L	7376059	7376147	Deletion	88
3L	7376060	7376147	Deletion	87
3L	7376079	7376147	Deletion	68
3L	7376109	7376147	Deletion	38
3L	7376115	7376147	Deletion	32
3L	7379436	7379538	Deletion	102
3L	7381238	7381332	Deletion	94
3L	7381238	7381338	Deletion	100
3L	7381238	7381276	Deletion	38
3L	7381238	7381277	Deletion	39
3L	7381238	7381326	Deletion	88
3L	7381238	7381296	Deletion	58
3L	7387238	7387335	Deletion	97
3L	7387242	7387335	Deletion	93
3L	7387257	7387335	Deletion	78
3L	7387261	7387335	Deletion	74
3L	7387301	7387335	Deletion	34
3L	7387731	7387335	Deletion	396
3L	7387731	7387765	Deletion	34
3L	7387731	7387784	Deletion	53
3L	7387731	7387780	Deletion	49
3L	7387731	7387824	Deletion	93
3L	7399913	7399459	Deletion	454
3L	7399913	7400013	Deletion	100
3L	7423906	7423993	Deletion	87
3L	7423910	7423993	Deletion	83
3L	7423955	7423993	Deletion	38
3L	7423962	7423993	Deletion	31
3L	7427075	7423993	Deletion	3082
3L	7427075	7427115	Deletion	40
3L	7427075	7427191	Deletion	116
3L	7427075	7427171	Deletion	96
3L	7427075	7427119	Deletion	44
3L	7427075	7427113	Deletion	38
3L	7429013	7429086	Deletion	73
3L	7429033	7429086	Deletion	53
3L	7438367	7429086	Deletion	9281
3L	7438367	7438421	Deletion	54
3L	7438367	7438411	Deletion	44
3L	7455299	7455394	Deletion	95
3L	7455311	7455394	Deletion	83
3L	7455347	7455394	Deletion	47
3L	7455691	7455394	Deletion	297
3L	7455691	7455771	Deletion	80
3L	7455691	7455735	Deletion	44
3L	7455691	7455801	Deletion	110
3L	7455691	7455721	Deletion	30
3L	7467152	7467183	Deletion	31
3L	7467232	7467183	Deletion	49
3L	7467232	7467279	Deletion	47
3L	7467232	7467329	Deletion	97
3L	7467232	7467352	Deletion	120
3L	7467232	7467306	Deletion	74
3L	7484112	7484223	Deletion	111
3L	7484124	7484223	Deletion	99
3L	7484126	7484223	Deletion	97
3L	7484137	7484223	Deletion	86
3L	7484145	7484223	Deletion	78
3L	7484154	7484223	Deletion	69
3L	7484156	7484223	Deletion	67
3L	7484163	7484223	Deletion	60
3L	7484174	7484223	Deletion	49
3L	7484184	7484223	Deletion	39
3L	7484193	7484223	Deletion	30
3L	7487301	7484223	Deletion	3078
3L	7487301	7487349	Deletion	48
3L	7487301	7487367	Deletion	66
3L	7487301	7487388	Deletion	87
3L	7487301	7487397	Deletion	96
3L	7487301	7487360	Deletion	59
3L	7487301	7487341	Deletion	40
3L	7487301	7487378	Deletion	77
3L	7491814	7491928	Deletion	114
3L	7491817	7491928	Deletion	111
3L	7491854	7491928	Deletion	74
3L	7491857	7491928	Deletion	71
3L	7491865	7491928	Deletion	63
3L	7491894	7491928	Deletion	34
3L	7491896	7491928	Deletion	32
3L	7517848	7517909	Deletion	61
3L	7517848	7517900	Deletion	52
3L	7517854	7517903	Deletion	49
3L	7517863	7517909	Deletion	46
3L	7517871	7517909	Deletion	38
3L	7519487	7517909	Deletion	1578
3L	7519487	7519518	Deletion	31
3L	7519487	7519567	Deletion	80
3L	7519487	7519558	Deletion	71
3L	7519487	7519520	Deletion	33
3L	7519487	7519602	Deletion	115
3L	7533894	7534007	Deletion	113
3L	7533922	7534007	Deletion	85
3L	7533948	7534007	Deletion	59
3L	7533952	7534007	Deletion	55
3L	7533953	7534007	Deletion	54
3L	7533973	7534007	Deletion	34
3L	7535776	7534007	Deletion	1769
3L	7535776	7535850	Deletion	74
3L	7535776	7535819	Deletion	43
3L	7535776	7535878	Deletion	102
3L	7535776	7535845	Deletion	69
3L	7535776	7535870	Deletion	94
3L	7536669	7536714	Deletion	45
3L	7537221	7536714	Deletion	507
3L	7537221	7537302	Deletion	81
3L	7537221	7537318	Deletion	97
3L	7551058	7551134	Deletion	76
3L	7551079	7551134	Deletion	55
3L	7552401	7551134	Deletion	1267
3L	7552401	7552473	Deletion	72
3L	7552401	7552451	Deletion	50
3L	7552401	7552472	Deletion	71
3L	7552401	7552519	Deletion	118
3L	7572405	7572469	Deletion	64
3L	7572414	7572469	Deletion	55
3L	7572429	7572469	Deletion	40
3L	7574322	7572469	Deletion	1853
3L	7574322	7574411	Deletion	89
3L	7574322	7574439	Deletion	117
3L	7574322	7574356	Deletion	34
3L	7574322	7574387	Deletion	65
3L	7583110	7583160	Deletion	50
3L	7583256	7583160	Deletion	96
3L	7583256	7583310	Deletion	54
3L	7583256	7583362	Deletion	106
3L	7583256	7583333	Deletion	77
3L	7583256	7583361	Deletion	105
3L	7584825	7584913	Deletion	88
3L	7584853	7584913	Deletion	60
3L	7584882	7584913	Deletion	31
3L	7593193	7584913	Deletion	8280
3L	7593193	7593260	Deletion	67
3L	7593193	7593296	Deletion	103
3L	7593193	7593232	Deletion	39
3L	7593193	7593301	Deletion	108
3L	7593193	7593228	Deletion	35
3L	7604103	7604150	Deletion	47
3L	7604117	7604150	Deletion	33
3L	7604437	7604150	Deletion	287
3L	7604437	7604517	Deletion	80
3L	7604437	7604531	Deletion	94
3L	7620985	7621093	Deletion	108
3L	7621010	7621093	Deletion	83
3L	7621166	7621093	Deletion	73
3L	7621166	7621282	Deletion	116
3L	7621166	7621209	Deletion	43
3L	7621461	7621550	Deletion	89
3L	7621464	7621550	Deletion	86
3L	7621479	7621550	Deletion	71
3L	7623149	7621550	Deletion	1599
3L	7623149	7623205	Deletion	56
3L	7623149	7623187	Deletion	38
3L	7629866	7629948	Deletion	82
3L	7629867	7629948	Deletion	81
3L	7629868	7629948	Deletion	80
3L	7629873	7629948	Deletion	75
3L	7629907	7629948	Deletion	41
3L	7629915	7629948	Deletion	33
3L	7631600	7629948	Deletion	1652
3L	7631600	7631719	Deletion	119
3L	7631600	7631644	Deletion	44
3L	7631600	7631645	Deletion	45
3L	7631600	7631685	Deletion	85
3L	7631600	7631693	Deletion	93
3L	7631600	7631651	Deletion	51
3L	7632885	7632916	Deletion	31
3L	7640979	7632916	Deletion	8063
3L	7640979	7641050	Deletion	71
3L	7640979	7641074	Deletion	95
3L	7643378	7643491	Deletion	113
3L	7643410	7643491	Deletion	81
3L	7643416	7643491	Deletion	75
3L	7643438	7643491	Deletion	53
3L	7648159	7643491	Deletion	4668
3L	7648159	7648266	Deletion	107
3L	7648159	7648204	Deletion	45
3L	7648159	7648232	Deletion	73
3L	7648159	7648256	Deletion	97
3L	7648159	7648282	Deletion	123
3L	7661328	7661422	Deletion	94
3L	7661345	7661422	Deletion	77
3L	7661373	7661422	Deletion	49
3L	7661381	7661422	Deletion	41
3L	7661388	7661422	Deletion	34
3L	7674204	7674324	Deletion	120
3L	7674204	7674236	Deletion	32
3L	7675344	7675429	Deletion	85
3L	7675344	7675436	Deletion	92
3L	7695207	7695313	Deletion	106
3L	7695207	7695329	Deletion	122
3L	7695207	7695270	Deletion	63
3L	7696652	7696699	Deletion	47
3L	7697919	7696699	Deletion	1220
3L	7697919	7698033	Deletion	114
3L	7697919	7698026	Deletion	107
3L	7697919	7697999	Deletion	80
3L	7723988	7724075	Deletion	87
3L	7723995	7724075	Deletion	80
3L	7723998	7724075	Deletion	77
3L	7724125	7724075	Deletion	50
3L	7724125	7724172	Deletion	47
3L	7724125	7724205	Deletion	80
3L	7724125	7724232	Deletion	107
3L	7724125	7724229	Deletion	104
3L	7724125	7724164	Deletion	39
3L	7724125	7724221	Deletion	96
3L	7724125	7724175	Deletion	50
3L	7751289	7751388	Deletion	99
3L	7759533	7751388	Deletion	8145
3L	7759533	7759639	Deletion	106
3L	7762389	7762501	Deletion	112
3L	7762393	7762501	Deletion	108
3L	7762411	7762501	Deletion	90
3L	7762430	7762501	Deletion	71
3L	7762432	7762501	Deletion	69
3L	7762436	7762501	Deletion	65
3L	7762441	7762501	Deletion	60
3L	7762460	7762501	Deletion	41
3L	7772640	7772706	Deletion	66
3L	7772640	7772697	Deletion	57
3L	7772640	7772725	Deletion	85
3L	7772640	7772676	Deletion	36
3L	7772640	7772739	Deletion	99
3L	7772640	7772701	Deletion	61
3L	7787698	7787784	Deletion	86
3L	7787703	7787784	Deletion	81
3L	7787716	7787784	Deletion	68
3L	7787721	7787784	Deletion	63
3L	7787729	7787784	Deletion	55
3L	7787752	7787784	Deletion	32
3L	7787754	7787784	Deletion	30
3L	7787903	7787784	Deletion	119
3L	7787903	7788000	Deletion	97
3L	7787903	7787938	Deletion	35
3L	7787903	7787949	Deletion	46
3L	7787903	7787975	Deletion	72
3L	7787903	7787967	Deletion	64
3L	7787903	7787998	Deletion	95
3L	7787903	7787962	Deletion	59
3L	7833215	7800739	Deletion	32476
3L	7833215	7833306	Deletion	91
3L	7833215	7833319	Deletion	104
3L	7833215	7833287	Deletion	72
3L	7833215	7833269	Deletion	54
3L	7833215	7833309	Deletion	94
3L	7833215	7833300	Deletion	85
3L	7833215	7833247	Deletion	32
3L	7837097	7837177	Deletion	80
3L	7837118	7837177	Deletion	59
3L	7837124	7837177	Deletion	53
3L	7837142	7837177	Deletion	35
3L	7842108	7837177	Deletion	4931
3L	7842108	7842199	Deletion	91
3L	7842108	7842226	Deletion	118
3L	7842108	7842154	Deletion	46
3L	7842108	7842181	Deletion	73
3L	7842108	7842150	Deletion	42
3L	7845246	7845348	Deletion	102
3L	7845261	7845348	Deletion	87
3L	7845277	7845348	Deletion	71
3L	7864685	7845348	Deletion	19337
3L	7864685	7864798	Deletion	113
3L	7864685	7864801	Deletion	116
3L	7864685	7864725	Deletion	40
3L	7875451	7875535	Deletion	84
3L	7875491	7875535	Deletion	44
3L	7877833	7875535	Deletion	2298
3L	7877833	7877949	Deletion	116
3L	7877833	7877917	Deletion	84
3L	7889752	7889801	Deletion	49
3L	7889752	7889802	Deletion	50
3L	7889752	7889826	Deletion	74
3L	7889752	7889853	Deletion	101
3L	7889752	7889833	Deletion	81
3L	7889752	7889794	Deletion	42
3L	7889752	7889793	Deletion	41
3L	7889752	7889870	Deletion	118
3L	7905455	7905507	Deletion	52
3L	7905459	7905507	Deletion	48
3L	7905467	7905507	Deletion	40
3L	7907585	7905507	Deletion	2078
3L	7907585	7907632	Deletion	47
3L	7907585	7907660	Deletion	75
3L	7907585	7907672	Deletion	87
3L	7907585	7907692	Deletion	107
3L	7912003	7912096	Deletion	93
3L	7912012	7912096	Deletion	84
3L	7912040	7912096	Deletion	56
3L	7912065	7912096	Deletion	31
3L	7912361	7912096	Deletion	265
3L	7912361	7912433	Deletion	72
3L	7912361	7912472	Deletion	111
3L	7912361	7912396	Deletion	35
3L	7912361	7912405	Deletion	44
3L	7923340	7923414	Deletion	74
3L	7936829	7936916	Deletion	87
3L	7936847	7936916	Deletion	69
3L	7936850	7936916	Deletion	66
3L	7937281	7936916	Deletion	365
3L	7937281	7937320	Deletion	39
3L	7937281	7937388	Deletion	107
3L	7937281	7937341	Deletion	60
3L	7937281	7937400	Deletion	119
3L	7942048	7942127	Deletion	79
3L	7942082	7942127	Deletion	45
3L	7942087	7942127	Deletion	40
3L	7942207	7942127	Deletion	80
3L	7942207	7942295	Deletion	88
3L	7942207	7942249	Deletion	42
3L	7942207	7942290	Deletion	83
3L	7942207	7942310	Deletion	103
3L	7979137	7979251	Deletion	114
3L	7979148	7979251	Deletion	103
3L	7979153	7979251	Deletion	98
3L	7979160	7979251	Deletion	91
3L	7979180	7979251	Deletion	71
3L	7979201	7979251	Deletion	50
3L	7979217	7979251	Deletion	34
3L	7979330	7979251	Deletion	79
3L	7979330	7979381	Deletion	51
3L	7979332	7979365	Deletion	33
3L	7979338	7979381	Deletion	43
3L	7979450	7979381	Deletion	69
3L	7979450	7979533	Deletion	83
3L	7979450	7979491	Deletion	41
3L	7979450	7979527	Deletion	77
3L	7979450	7979515	Deletion	65
3L	7979450	7979570	Deletion	120
3L	7979450	7979499	Deletion	49
3L	7979450	7979520	Deletion	70
3L	8017946	8017362	Deletion	584
3L	8017946	8017986	Deletion	40
3L	8029122	8029227	Deletion	105
3L	8029134	8029227	Deletion	93
3L	8029146	8029227	Deletion	81
3L	8029195	8029227	Deletion	32
3L	8029363	8029227	Deletion	136
3L	8029363	8029396	Deletion	33
3L	8029363	8029408	Deletion	45
3L	8035414	8035504	Deletion	90
3L	8035448	8035504	Deletion	56
3L	8035452	8035504	Deletion	52
3L	8035473	8035504	Deletion	31
3L	8052263	8035504	Deletion	16759
3L	8052263	8052337	Deletion	74
3L	8052263	8052369	Deletion	106
3L	8052263	8052299	Deletion	36
3L	8052263	8052357	Deletion	94
3L	8071865	8071972	Deletion	107
3L	8071866	8071972	Deletion	106
3L	8071906	8071972	Deletion	66
3L	8071932	8071972	Deletion	40
3L	8071938	8071972	Deletion	34
3L	8072050	8071972	Deletion	78
3L	8072050	8072166	Deletion	116
3L	8072050	8072136	Deletion	86
3L	8072050	8072110	Deletion	60
3L	8080615	8080721	Deletion	106
3L	8080672	8080721	Deletion	49
3L	8082667	8080721	Deletion	1946
3L	8082667	8082764	Deletion	97
3L	8082667	8082744	Deletion	77
3L	8082671	8082789	Deletion	118
3L	8090833	8090929	Deletion	96
3L	8092622	8090929	Deletion	1693
3L	8092622	8092720	Deletion	98
3L	8097586	8097704	Deletion	118
3L	8097652	8097704	Deletion	52
3L	8097655	8097704	Deletion	49
3L	8099564	8097704	Deletion	1860
3L	8099564	8099668	Deletion	104
3L	8099564	8099642	Deletion	78
3L	8106826	8106937	Deletion	111
3L	8106874	8106937	Deletion	63
3L	8106878	8106937	Deletion	59
3L	8106879	8106937	Deletion	58
3L	8113296	8106937	Deletion	6359
3L	8113296	8113360	Deletion	64
3L	8113296	8113364	Deletion	68
3L	8124254	8124333	Deletion	79
3L	8124258	8124333	Deletion	75
3L	8124263	8124333	Deletion	70
3L	8124275	8124333	Deletion	58
3L	8124276	8124333	Deletion	57
3L	8124289	8124333	Deletion	44
3L	8124294	8124333	Deletion	39
3L	8124300	8124333	Deletion	33
3L	8131373	8124333	Deletion	7040
3L	8131373	8131429	Deletion	56
3L	8131373	8131420	Deletion	47
3L	8131373	8131455	Deletion	82
3L	8131373	8131442	Deletion	69
3L	8131373	8131424	Deletion	51
3L	8131373	8131466	Deletion	93
3L	8131373	8131482	Deletion	109
3L	8131373	8131441	Deletion	68
3L	8131373	8131460	Deletion	87
3L	8147744	8147842	Deletion	98
3L	8147766	8147842	Deletion	76
3L	8147777	8147842	Deletion	65
3L	8147807	8147842	Deletion	35
3L	8160047	8147842	Deletion	12205
3L	8160047	8160097	Deletion	50
3L	8160047	8160138	Deletion	91
3L	8160047	8160146	Deletion	99
3L	8160703	8160811	Deletion	108
3L	8160706	8160811	Deletion	105
3L	8160713	8160811	Deletion	98
3L	8160738	8160811	Deletion	73
3L	8160752	8160811	Deletion	59
3L	8160761	8160811	Deletion	50
3L	8160765	8160811	Deletion	46
3L	8169307	8160811	Deletion	8496
3L	8169308	8169415	Deletion	107
3L	8169308	8169388	Deletion	80
3L	8169308	8169415	Deletion	107
3L	8169308	8169361	Deletion	53
3L	8169308	8169375	Deletion	67
3L	8169348	8169384	Deletion	36
3L	8169362	8169415	Deletion	53
3L	8170500	8169415	Deletion	1085
3L	8170500	8170561	Deletion	61
3L	8170500	8170575	Deletion	75
3L	8227437	8227383	Deletion	54
3L	8227437	8227487	Deletion	50
3L	8227437	8227540	Deletion	103
3L	8235537	8235628	Deletion	91
3L	8254965	8255024	Deletion	59
3L	8254991	8255024	Deletion	33
3L	8258024	8255024	Deletion	3000
3L	8258024	8258117	Deletion	93
3L	8258024	8258125	Deletion	101
3L	8270920	8271040	Deletion	120
3L	8270968	8271040	Deletion	72
3L	8270974	8271040	Deletion	66
3L	8270977	8271040	Deletion	63
3L	8273258	8271040	Deletion	2218
3L	8273258	8273321	Deletion	63
3L	8273258	8273373	Deletion	115
3L	8273258	8273376	Deletion	118
3L	8273258	8273312	Deletion	54
3L	8288295	8288410	Deletion	115
3L	8288300	8288410	Deletion	110
3L	8288316	8288410	Deletion	94
3L	8288334	8288410	Deletion	76
3L	8288359	8288410	Deletion	51
3L	8288367	8288410	Deletion	43
3L	8291373	8288410	Deletion	2963
3L	8291373	8291458	Deletion	85
3L	8291373	8291450	Deletion	77
3L	8291373	8291484	Deletion	111
3L	8291373	8291407	Deletion	34
3L	8305432	8305497	Deletion	65
3L	8305441	8305497	Deletion	56
3L	8308980	8305497	Deletion	3483
3L	8308980	8309079	Deletion	99
3L	8308980	8309042	Deletion	62
3L	8308980	8309051	Deletion	71
3L	8311290	8311393	Deletion	103
3L	8311293	8311393	Deletion	100
3L	8311332	8311393	Deletion	61
3L	8311343	8311393	Deletion	50
3L	8311360	8311393	Deletion	33
3L	8321802	8311393	Deletion	10409
3L	8321802	8321924	Deletion	122
3L	8321802	8321879	Deletion	77
3L	8321802	8321896	Deletion	94
3L	8321802	8321868	Deletion	66
3L	8324121	8324238	Deletion	117
3L	8324137	8324238	Deletion	101
3L	8324191	8324238	Deletion	47
3L	8324341	8324238	Deletion	103
3L	8324341	8324420	Deletion	79
3L	8332661	8332756	Deletion	95
3L	8332686	8332756	Deletion	70
3L	8332687	8332756	Deletion	69
3L	8333223	8332756	Deletion	467
3L	8333223	8333282	Deletion	59
3L	8333223	8333323	Deletion	100
3L	8333223	8333326	Deletion	103
3L	8333223	8333257	Deletion	34
3L	8354729	8354843	Deletion	114
3L	8354732	8354843	Deletion	111
3L	8359342	8354843	Deletion	4499
3L	8366599	8366689	Deletion	90
3L	8366601	8366689	Deletion	88
3L	8366619	8366689	Deletion	70
3L	8366640	8366689	Deletion	49
3L	8366645	8366689	Deletion	44
3L	8371199	8366689	Deletion	4510
3L	8371199	8371281	Deletion	82
3L	8371199	8371229	Deletion	30
3L	8371199	8371235	Deletion	36
3L	8371199	8371237	Deletion	38
3L	8371199	8371276	Deletion	77
3L	8400436	8382063	Deletion	18373
3L	8400436	8400533	Deletion	97
3L	8400436	8400534	Deletion	98
3L	8410034	8410080	Deletion	46
3L	8411522	8410080	Deletion	1442
3L	8411522	8411571	Deletion	49
3L	8411522	8411602	Deletion	80
3L	8428009	8428067	Deletion	58
3L	8428025	8428067	Deletion	42
3L	8428031	8428067	Deletion	36
3L	8431919	8428067	Deletion	3852
3L	8431919	8431987	Deletion	68
3L	8431919	8431957	Deletion	38
3L	8431919	8432026	Deletion	107
3L	8431919	8432003	Deletion	84
3L	8431919	8432009	Deletion	90
3L	8435896	8435996	Deletion	100
3L	8435899	8435996	Deletion	97
3L	8435916	8435996	Deletion	80
3L	8435923	8435996	Deletion	73
3L	8435957	8435996	Deletion	39
3L	8436216	8435996	Deletion	220
3L	8436216	8436247	Deletion	31
3L	8436216	8436333	Deletion	117
3L	8436216	8436271	Deletion	55
3L	8436216	8436329	Deletion	113
3L	8436216	8436305	Deletion	89
3L	8436220	8436264	Deletion	44
3L	8440847	8440892	Deletion	45
3L	8440861	8440892	Deletion	31
3L	8447328	8440892	Deletion	6436
3L	8447328	8447441	Deletion	113
3L	8447328	8447424	Deletion	96
3L	8447328	8447431	Deletion	103
3L	8447328	8447410	Deletion	82
3L	8447328	8447372	Deletion	44
3L	8453771	8453827	Deletion	56
3L	8453793	8453827	Deletion	34
3L	8497286	8497387	Deletion	101
3L	8497286	8497377	Deletion	91
3L	8497286	8497366	Deletion	80
3L	8497286	8497369	Deletion	83
3L	8505305	8505411	Deletion	106
3L	8505852	8505971	Deletion	119
3L	8505852	8505925	Deletion	73
3L	8505852	8505951	Deletion	99
3L	8505852	8505957	Deletion	105
3L	8505852	8505912	Deletion	60
3L	8505852	8505967	Deletion	115
3L	8505852	8505947	Deletion	95
3L	8535982	8536092	Deletion	110
3L	8535985	8536092	Deletion	107
3L	8535994	8536092	Deletion	98
3L	8535997	8536092	Deletion	95
3L	8536014	8536092	Deletion	78
3L	8536032	8536092	Deletion	60
3L	8537742	8536092	Deletion	1650
3L	8537742	8537790	Deletion	48
3L	8537742	8537845	Deletion	103
3L	8537742	8537773	Deletion	31
3L	8538229	8538314	Deletion	85
3L	8538232	8538314	Deletion	82
3L	8538234	8538314	Deletion	80
3L	8538240	8538314	Deletion	74
3L	8538258	8538314	Deletion	56
3L	8538261	8538314	Deletion	53
3L	8539708	8538314	Deletion	1394
3L	8539708	8539754	Deletion	46
3L	8539708	8539749	Deletion	41
3L	8539708	8539778	Deletion	70
3L	8539708	8539781	Deletion	73
3L	8539708	8539752	Deletion	44
3L	8558455	8558571	Deletion	116
3L	8558465	8558571	Deletion	106
3L	8558473	8558571	Deletion	98
3L	8558501	8558571	Deletion	70
3L	8558530	8558571	Deletion	41
3L	8558531	8558571	Deletion	40
3L	8581146	8558571	Deletion	22575
3L	8581146	8581202	Deletion	56
3L	8581146	8581231	Deletion	85
3L	8583916	8583958	Deletion	42
3L	8583926	8583958	Deletion	32
3L	8584398	8583958	Deletion	440
3L	8584398	8584431	Deletion	33
3L	8584398	8584492	Deletion	94
3L	8584398	8584517	Deletion	119
3L	8584398	8584521	Deletion	123
3L	8604145	8604231	Deletion	86
3L	8604158	8604231	Deletion	73
3L	8604179	8604231	Deletion	52
3L	8604978	8604231	Deletion	747
3L	8604978	8605089	Deletion	111
3L	8604978	8605053	Deletion	75
3L	8604978	8605019	Deletion	41
3L	8611405	8611480	Deletion	75
3L	8611439	8611480	Deletion	41
3L	8622882	8611480	Deletion	11402
3L	8622882	8622990	Deletion	108
3L	8622882	8622933	Deletion	51
3L	8622882	8622983	Deletion	101
3L	8631386	8631434	Deletion	48
3L	8637593	8631434	Deletion	6159
3L	8637593	8637629	Deletion	36
3L	8637593	8637704	Deletion	111
3L	8637593	8637698	Deletion	105
3L	8640407	8640513	Deletion	106
3L	8640446	8640513	Deletion	67
3L	8645322	8640513	Deletion	4809
3L	8645322	8645382	Deletion	60
3L	8663267	8663367	Deletion	100
3L	8663278	8663367	Deletion	89
3L	8663421	8663367	Deletion	54
3L	8663421	8663533	Deletion	112
3L	8663421	8663458	Deletion	37
3L	8663421	8663509	Deletion	88
3L	8663421	8663525	Deletion	104
3L	8666639	8666737	Deletion	98
3L	8666660	8666737	Deletion	77
3L	8667469	8666737	Deletion	732
3L	8667469	8667585	Deletion	116
3L	8667469	8667499	Deletion	30
3L	8687290	8687393	Deletion	103
3L	8687311	8687393	Deletion	82
3L	8687330	8687393	Deletion	63
3L	8687344	8687393	Deletion	49
3L	8691503	8691567	Deletion	64
3L	8691503	8691581	Deletion	78
3L	8691503	8691548	Deletion	45
3L	8701071	8701161	Deletion	90
3L	8701103	8701161	Deletion	58
3L	8701114	8701161	Deletion	47
3L	8701117	8701161	Deletion	44
3L	8701131	8701161	Deletion	30
3L	8714262	8701161	Deletion	13101
3L	8714262	8714347	Deletion	85
3L	8714262	8714361	Deletion	99
3L	8714262	8714333	Deletion	71
3L	8714262	8714301	Deletion	39
3L	8714262	8714344	Deletion	82
3L	8714433	8714544	Deletion	111
3L	8714468	8714544	Deletion	76
3L	8714479	8714544	Deletion	65
3L	8714503	8714544	Deletion	41
3L	8720700	8720809	Deletion	109
3L	8720700	8720786	Deletion	86
3L	8720700	8720751	Deletion	51
3L	8721278	8721374	Deletion	96
3L	8721289	8721374	Deletion	85
3L	8721294	8721374	Deletion	80
3L	8721309	8721374	Deletion	65
3L	8721334	8721374	Deletion	40
3L	8721553	8721374	Deletion	179
3L	8721553	8721583	Deletion	30
3L	8721553	8721614	Deletion	61
3L	8721553	8721599	Deletion	46
3L	8721553	8721639	Deletion	86
3L	8721553	8721594	Deletion	41
3L	8739216	8739277	Deletion	61
3L	8739226	8739277	Deletion	51
3L	8739242	8739277	Deletion	35
3L	8746942	8739277	Deletion	7665
3L	8746942	8747007	Deletion	65
3L	8746942	8746983	Deletion	41
3L	8746942	8747033	Deletion	91
3L	8775386	8775506	Deletion	120
3L	8775449	8775506	Deletion	57
3L	8775461	8775506	Deletion	45
3L	8775686	8775506	Deletion	180
3L	8775686	8775798	Deletion	112
3L	8775686	8775767	Deletion	81
3L	8782449	8782526	Deletion	77
3L	8782482	8782526	Deletion	44
3L	8787072	8782526	Deletion	4546
3L	8787072	8787192	Deletion	120
3L	8787072	8787124	Deletion	52
3L	8787072	8787157	Deletion	85
3L	8787072	8787109	Deletion	37
3L	8787072	8787189	Deletion	117
3L	8802971	8803082	Deletion	111
3L	8802978	8803082	Deletion	104
3L	8802981	8803082	Deletion	101
3L	8802990	8803082	Deletion	92
3L	8802997	8803082	Deletion	85
3L	8803008	8803082	Deletion	74
3L	8803036	8803082	Deletion	46
3L	8803040	8803082	Deletion	42
3L	8803048	8803082	Deletion	34
3L	8805212	8803082	Deletion	2130
3L	8805212	8805254	Deletion	42
3L	8805212	8805297	Deletion	85
3L	8805212	8805293	Deletion	81
3L	8805212	8805324	Deletion	112
3L	8805212	8805314	Deletion	102
3L	8805212	8805305	Deletion	93
3L	8805212	8805247	Deletion	35
3L	8812602	8812703	Deletion	101
3L	8812606	8812703	Deletion	97
3L	8812613	8812703	Deletion	90
3L	8812632	8812703	Deletion	71
3L	8812639	8812703	Deletion	64
3L	8812647	8812703	Deletion	56
3L	8817844	8812703	Deletion	5141
3L	8817844	8817880	Deletion	36
3L	8817844	8817914	Deletion	70
3L	8817844	8817967	Deletion	123
3L	8817844	8817899	Deletion	55
3L	8817844	8817957	Deletion	113
3L	8817844	8817906	Deletion	62
3L	8828571	8828626	Deletion	55
3L	8828584	8828626	Deletion	42
3L	8834296	8828626	Deletion	5670
3L	8834296	8834401	Deletion	105
3L	8834296	8834380	Deletion	84
3L	8842111	8842215	Deletion	104
3L	8842145	8842215	Deletion	70
3L	8842158	8842215	Deletion	57
3L	8842337	8842215	Deletion	122
3L	8842337	8842407	Deletion	70
3L	8843658	8843756	Deletion	98
3L	8843665	8843756	Deletion	91
3L	8843674	8843756	Deletion	82
3L	8843706	8843756	Deletion	50
3L	8843821	8843756	Deletion	65
3L	8843821	8843866	Deletion	45
3L	8843821	8843857	Deletion	36
3L	8845479	8845586	Deletion	107
3L	8845537	8845586	Deletion	49
3L	8847412	8845586	Deletion	1826
3L	8853192	8853277	Deletion	85
3L	8853209	8853277	Deletion	68
3L	8853225	8853277	Deletion	52
3L	8853236	8853277	Deletion	41
3L	8853239	8853277	Deletion	38
3L	8854346	8854388	Deletion	42
3L	8854346	8854455	Deletion	109
3L	8854346	8854434	Deletion	88
3L	8854346	8854377	Deletion	31
3L	8854346	8854431	Deletion	85
3L	8854346	8854420	Deletion	74
3L	8854346	8854460	Deletion	114
3L	8861141	8861201	Deletion	60
3L	8861165	8861201	Deletion	36
3L	8873185	8861201	Deletion	11984
3L	8873185	8873299	Deletion	114
3L	8873185	8873276	Deletion	91
3L	8873674	8873771	Deletion	97
3L	8873703	8873771	Deletion	68
3L	8873726	8873771	Deletion	45
3L	8873733	8873771	Deletion	38
3L	8873908	8873771	Deletion	137
3L	8873908	8873938	Deletion	30
3L	8873908	8874014	Deletion	106
3L	8873908	8873997	Deletion	89
3L	8873908	8874011	Deletion	103
3L	8873908	8873967	Deletion	59
3L	8875949	8876039	Deletion	90
3L	8875958	8876039	Deletion	81
3L	8875975	8876039	Deletion	64
3L	8875993	8876039	Deletion	46
3L	8881742	8881804	Deletion	62
3L	8881742	8881787	Deletion	45
3L	8881742	8881851	Deletion	109
3L	8881742	8881841	Deletion	99
3L	8881742	8881857	Deletion	115
3L	8881742	8881778	Deletion	36
3L	8881742	8881853	Deletion	111
3L	8881742	8881863	Deletion	121
3L	8881742	8881855	Deletion	113
3L	8888446	8888556	Deletion	110
3L	8888467	8888556	Deletion	89
3L	8888472	8888556	Deletion	84
3L	8888480	8888556	Deletion	76
3L	8888481	8888556	Deletion	75
3L	8888484	8888556	Deletion	72
3L	8888486	8888556	Deletion	70
3L	8888487	8888556	Deletion	69
3L	8888515	8888556	Deletion	41
3L	8889327	8888556	Deletion	771
3L	8889327	8889369	Deletion	42
3L	8889327	8889384	Deletion	57
3L	8889327	8889412	Deletion	85
3L	8889327	8889378	Deletion	51
3L	8889327	8889443	Deletion	116
3L	8889327	8889377	Deletion	50
3L	8889327	8889420	Deletion	93
3L	8889327	8889364	Deletion	37
3L	8889327	8889381	Deletion	54
3L	8895534	8895607	Deletion	73
3L	8895538	8895607	Deletion	69
3L	8895545	8895607	Deletion	62
3L	8895551	8895607	Deletion	56
3L	8895561	8895607	Deletion	46
3L	8895564	8895607	Deletion	43
3L	8895665	8895607	Deletion	58
3L	8895665	8895746	Deletion	81
3L	8895665	8895723	Deletion	58
3L	8895665	8895719	Deletion	54
3L	8895665	8895736	Deletion	71
3L	8895665	8895698	Deletion	33
3L	8895665	8895730	Deletion	65
3L	8919039	8919136	Deletion	97
3L	8919048	8919136	Deletion	88
3L	8919089	8919136	Deletion	47
3L	8919090	8919136	Deletion	46
3L	8919104	8919136	Deletion	32
3L	8921006	8919136	Deletion	1870
3L	8921006	8921085	Deletion	79
3L	8921006	8921044	Deletion	38
3L	8921006	8921086	Deletion	80
3L	8921638	8921749	Deletion	111
3L	8921646	8921749	Deletion	103
3L	8921667	8921749	Deletion	82
3L	8921669	8921749	Deletion	80
3L	8921674	8921749	Deletion	75
3L	8921676	8921749	Deletion	73
3L	8921704	8921749	Deletion	45
3L	8921707	8921749	Deletion	42
3L	8921915	8921749	Deletion	166
3L	8921915	8922002	Deletion	87
3L	8921915	8921970	Deletion	55
3L	8921915	8921968	Deletion	53
3L	8921915	8921998	Deletion	83
3L	8921915	8921961	Deletion	46
3L	8925843	8925952	Deletion	109
3L	8925844	8925952	Deletion	108
3L	8925846	8925952	Deletion	106
3L	8925884	8925952	Deletion	68
3L	8925885	8925952	Deletion	67
3L	8925912	8925952	Deletion	40
3L	8925919	8925952	Deletion	33
3L	8926618	8925952	Deletion	666
3L	8926618	8926704	Deletion	86
3L	8926618	8926676	Deletion	58
3L	8926618	8926711	Deletion	93
3L	8926618	8926725	Deletion	107
3L	8934458	8930705	Deletion	3753
3L	8934458	8934541	Deletion	83
3L	8951348	8951445	Deletion	97
3L	8951350	8951445	Deletion	95
3L	8951375	8951445	Deletion	70
3L	8951377	8951445	Deletion	68
3L	8951389	8951445	Deletion	56
3L	8951407	8951445	Deletion	38
3L	8951728	8951445	Deletion	283
3L	8951728	8951800	Deletion	72
3L	8951728	8951818	Deletion	90
3L	8951728	8951759	Deletion	31
3L	8951728	8951786	Deletion	58
3L	8951728	8951833	Deletion	105
3L	8951728	8951788	Deletion	60
3L	8953673	8953783	Deletion	110
3L	8953677	8953783	Deletion	106
3L	8953679	8953783	Deletion	104
3L	8953682	8953783	Deletion	101
3L	8953697	8953783	Deletion	86
3L	8953714	8953783	Deletion	69
3L	8953717	8953783	Deletion	66
3L	8953719	8953783	Deletion	64
3L	8953727	8953783	Deletion	56
3L	8953742	8953783	Deletion	41
3L	8955522	8953783	Deletion	1739
3L	8955522	8955586	Deletion	64
3L	8955522	8955611	Deletion	89
3L	8955522	8955630	Deletion	108
3L	8955522	8955588	Deletion	66
3L	8955522	8955566	Deletion	44
3L	8955522	8955583	Deletion	61
3L	8963075	8963137	Deletion	62
3L	8963232	8963137	Deletion	95
3L	8963232	8963354	Deletion	122
3L	8963232	8963335	Deletion	103
3L	8963232	8963296	Deletion	64
3L	8963232	8963269	Deletion	37
3L	8978440	8978546	Deletion	106
3L	8978468	8978546	Deletion	78
3L	8979147	8978546	Deletion	601
3L	8979147	8979271	Deletion	124
3L	8984249	8984362	Deletion	113
3L	8984302	8984362	Deletion	60
3L	8984322	8984362	Deletion	40
3L	8984328	8984362	Deletion	34
3L	8988137	8984362	Deletion	3775
3L	8988137	8988229	Deletion	92
3L	8988137	8988249	Deletion	112
3L	8988137	8988203	Deletion	66
3L	8993702	8993757	Deletion	55
3L	8993711	8993757	Deletion	46
3L	8993720	8993757	Deletion	37
3L	8994512	8993757	Deletion	755
3L	8994512	8994592	Deletion	80
3L	8994512	8994601	Deletion	89
3L	9000566	9000634	Deletion	68
3L	9000604	9000634	Deletion	30
3L	9006860	9000634	Deletion	6226
3L	9006860	9006977	Deletion	117
3L	9006860	9006903	Deletion	43
3L	9006860	9006970	Deletion	110
3L	9006860	9006919	Deletion	59
3L	9006860	9006959	Deletion	99
3L	9006860	9006974	Deletion	114
3L	9006860	9006957	Deletion	97
3L	9011063	9011164	Deletion	101
3L	9011079	9011164	Deletion	85
3L	9011082	9011164	Deletion	82
3L	9011106	9011164	Deletion	58
3L	9011119	9011164	Deletion	45
3L	9013598	9011164	Deletion	2434
3L	9013598	9013668	Deletion	70
3L	9013598	9013720	Deletion	122
3L	9013598	9013681	Deletion	83
3L	9013598	9013644	Deletion	46
3L	9026056	9021245	Deletion	4811
3L	9026056	9026124	Deletion	68
3L	9028837	9028940	Deletion	103
3L	9028862	9028940	Deletion	78
3L	9028868	9028940	Deletion	72
3L	9028901	9028940	Deletion	39
3L	9028906	9028940	Deletion	34
3L	9030305	9028940	Deletion	1365
3L	9030305	9030428	Deletion	123
3L	9030305	9030359	Deletion	54
3L	9030305	9030397	Deletion	92
3L	9030305	9030392	Deletion	87
3L	9050873	9050932	Deletion	59
3L	9050879	9050932	Deletion	53
3L	9050880	9050932	Deletion	52
3L	9050893	9050932	Deletion	39
3L	9050894	9050932	Deletion	38
3L	9052293	9050932	Deletion	1361
3L	9052293	9052413	Deletion	120
3L	9052293	9052401	Deletion	108
3L	9052293	9052383	Deletion	90
3L	9052293	9052382	Deletion	89
3L	9052293	9052368	Deletion	75
3L	9052293	9052362	Deletion	69
3L	9066321	9066370	Deletion	49
3L	9066326	9066370	Deletion	44
3L	9071841	9066370	Deletion	5471
3L	9071841	9071961	Deletion	120
3L	9071841	9071923	Deletion	82
3L	9071841	9071918	Deletion	77
3L	9071841	9071944	Deletion	103
3L	9106303	9106401	Deletion	98
3L	9106354	9106401	Deletion	47
3L	9106358	9106401	Deletion	43
3L	9106457	9106401	Deletion	56
3L	9106457	9106537	Deletion	80
3L	9113321	9113441	Deletion	120
3L	9113324	9113441	Deletion	117
3L	9113327	9113441	Deletion	114
3L	9113346	9113441	Deletion	95
3L	9113354	9113441	Deletion	87
3L	9113376	9113441	Deletion	65
3L	9113389	9113441	Deletion	52
3L	9113397	9113441	Deletion	44
3L	9113401	9113441	Deletion	40
3L	9116416	9113441	Deletion	2975
3L	9116416	9116513	Deletion	97
3L	9116416	9116537	Deletion	121
3L	9116416	9116498	Deletion	82
3L	9116416	9116502	Deletion	86
3L	9116416	9116490	Deletion	74
3L	9116416	9116447	Deletion	31
3L	9116416	9116455	Deletion	39
3L	9116931	9116978	Deletion	47
3L	9116940	9116978	Deletion	38
3L	9117947	9116978	Deletion	969
3L	9117947	9118028	Deletion	81
3L	9117947	9118037	Deletion	90
3L	9146541	9146635	Deletion	94
3L	9146601	9146635	Deletion	34
3L	9147483	9146635	Deletion	848
3L	9147483	9147516	Deletion	33
3L	9147483	9147576	Deletion	93
3L	9147483	9147592	Deletion	109
3L	9147848	9147904	Deletion	56
3L	9147974	9147904	Deletion	70
3L	9193791	9193895	Deletion	104
3L	9193805	9193895	Deletion	90
3L	9193818	9193895	Deletion	77
3L	9193826	9193895	Deletion	69
3L	9193859	9193895	Deletion	36
3L	9195089	9193895	Deletion	1194
3L	9195089	9195196	Deletion	107
3L	9195089	9195206	Deletion	117
3L	9195089	9195125	Deletion	36
3L	9195089	9195138	Deletion	49
3L	9195089	9195146	Deletion	57
3L	9196275	9196386	Deletion	111
3L	9196280	9196386	Deletion	106
3L	9196287	9196386	Deletion	99
3L	9196290	9196386	Deletion	96
3L	9196300	9196386	Deletion	86
3L	9196310	9196386	Deletion	76
3L	9196326	9196386	Deletion	60
3L	9196333	9196386	Deletion	53
3L	9196336	9196386	Deletion	50
3L	9196337	9196386	Deletion	49
3L	9196344	9196386	Deletion	42
3L	9196347	9196386	Deletion	39
3L	9196354	9196386	Deletion	32
3L	9199715	9196386	Deletion	3329
3L	9199715	9199792	Deletion	77
3L	9199715	9199803	Deletion	88
3L	9199715	9199782	Deletion	67
3L	9199715	9199810	Deletion	95
3L	9199715	9199800	Deletion	85
3L	9199715	9199746	Deletion	31
3L	9199715	9199814	Deletion	99
3L	9199715	9199756	Deletion	41
3L	9199715	9199766	Deletion	51
3L	9199715	9199789	Deletion	74
3L	9211930	9212027	Deletion	97
3L	9211950	9212027	Deletion	77
3L	9211965	9212027	Deletion	62
3L	9211972	9212027	Deletion	55
3L	9211975	9212027	Deletion	52
3L	9211988	9212027	Deletion	39
3L	9211990	9212027	Deletion	37
3L	9211993	9212027	Deletion	34
3L	9214060	9212027	Deletion	2033
3L	9214060	9214147	Deletion	87
3L	9214060	9214182	Deletion	122
3L	9214060	9214131	Deletion	71
3L	9214060	9214152	Deletion	92
3L	9214060	9214134	Deletion	74
3L	9214060	9214149	Deletion	89
3L	9214060	9214124	Deletion	64
3L	9235585	9235686	Deletion	101
3L	9235587	9235686	Deletion	99
3L	9235593	9235686	Deletion	93
3L	9235596	9235686	Deletion	90
3L	9235606	9235686	Deletion	80
3L	9235639	9235686	Deletion	47
3L	9237860	9235686	Deletion	2174
3L	9237860	9237893	Deletion	33
3L	9237860	9237906	Deletion	46
3L	9237860	9237957	Deletion	97
3L	9237860	9237896	Deletion	36
3L	9253981	9254075	Deletion	94
3L	9253986	9254075	Deletion	89
3L	9253992	9254075	Deletion	83
3L	9254013	9254075	Deletion	62
3L	9254035	9254075	Deletion	40
3L	9255180	9254075	Deletion	1105
3L	9255180	9255219	Deletion	39
3L	9255180	9255211	Deletion	31
3L	9255180	9255246	Deletion	66
3L	9255180	9255214	Deletion	34
3L	9255183	9255268	Deletion	85
3L	9260290	9260363	Deletion	73
3L	9261828	9260363	Deletion	1465
3L	9261828	9261942	Deletion	114
3L	9261828	9261949	Deletion	121
3L	9261828	9261932	Deletion	104
3L	9292162	9291361	Deletion	801
3L	9297069	9297155	Deletion	86
3L	9297122	9297155	Deletion	33
3L	9301307	9297155	Deletion	4152
3L	9301307	9301347	Deletion	40
3L	9301307	9301400	Deletion	93
3L	9319690	9315875	Deletion	3815
3L	9320144	9320254	Deletion	110
3L	9328058	9328168	Deletion	110
3L	9328120	9328168	Deletion	48
3L	9328122	9328168	Deletion	46
3L	9328124	9328168	Deletion	44
3L	9328251	9328334	Deletion	83
3L	9328251	9328330	Deletion	79
3L	9334232	9334324	Deletion	92
3L	9334244	9334324	Deletion	80
3L	9334253	9334324	Deletion	71
3L	9334266	9334324	Deletion	58
3L	9334267	9334324	Deletion	57
3L	9334292	9334324	Deletion	32
3L	9334388	9334324	Deletion	64
3L	9334388	9334457	Deletion	69
3L	9334388	9334422	Deletion	34
3L	9334388	9334443	Deletion	55
3L	9334388	9334434	Deletion	46
3L	9334388	9334456	Deletion	68
3L	9356439	9356545	Deletion	106
3L	9356445	9356545	Deletion	100
3L	9356466	9356545	Deletion	79
3L	9356495	9356545	Deletion	50
3L	9356514	9356545	Deletion	31
3L	9357329	9356545	Deletion	784
3L	9357329	9357426	Deletion	97
3L	9357329	9357444	Deletion	115
3L	9357329	9357407	Deletion	78
3L	9364370	9364487	Deletion	117
3L	9364375	9364487	Deletion	112
3L	9364422	9364487	Deletion	65
3L	9364454	9364487	Deletion	33
3L	9384555	9364487	Deletion	20068
3L	9384555	9384649	Deletion	94
3L	9384555	9384672	Deletion	117
3L	9406817	9406875	Deletion	58
3L	9406819	9406876	Deletion	57
3L	9406828	9406876	Deletion	48
3L	9410965	9406876	Deletion	4089
3L	9410965	9411067	Deletion	102
3L	9410965	9411032	Deletion	67
3L	9410965	9411034	Deletion	69
3L	9410965	9410996	Deletion	31
3L	9411092	9411200	Deletion	108
3L	9411103	9411200	Deletion	97
3L	9411114	9411200	Deletion	86
3L	9411119	9411200	Deletion	81
3L	9411149	9411200	Deletion	51
3L	9411153	9411200	Deletion	47
3L	9411154	9411200	Deletion	46
3L	9411164	9411200	Deletion	36
3L	9411166	9411200	Deletion	34
3L	9411467	9411200	Deletion	267
3L	9411467	9411559	Deletion	92
3L	9411467	9411557	Deletion	90
3L	9411467	9411578	Deletion	111
3L	9411467	9411546	Deletion	79
3L	9411467	9411512	Deletion	45
3L	9411467	9411542	Deletion	75
3L	9411467	9411568	Deletion	101
3L	9411467	9411507	Deletion	40
3L	9425683	9425730	Deletion	47
3L	9432857	9425730	Deletion	7127
3L	9432857	9432909	Deletion	52
3L	9438410	9438514	Deletion	104
3L	9438411	9438514	Deletion	103
3L	9438444	9438514	Deletion	70
3L	9438480	9438514	Deletion	34
3L	9449998	9450092	Deletion	94
3L	9449998	9450121	Deletion	123
3L	9452384	9452460	Deletion	76
3L	9456225	9456255	Deletion	30
3L	9456225	9456335	Deletion	110
3L	9456225	9456280	Deletion	55
3L	9466409	9466519	Deletion	110
3L	9466435	9466519	Deletion	84
3L	9466448	9466519	Deletion	71
3L	9466450	9466519	Deletion	69
3L	9466452	9466519	Deletion	67
3L	9468940	9466519	Deletion	2421
3L	9468940	9468982	Deletion	42
3L	9468940	9468995	Deletion	55
3L	9468940	9468999	Deletion	59
3L	9470296	9470405	Deletion	109
3L	9470337	9470405	Deletion	68
3L	9470348	9470405	Deletion	57
3L	9470354	9470403	Deletion	49
3L	9470368	9470405	Deletion	37
3L	9470374	9470405	Deletion	31
3L	9472198	9470405	Deletion	1793
3L	9472199	9472269	Deletion	70
3L	9472199	9472275	Deletion	76
3L	9472199	9472258	Deletion	59
3L	9472199	9472289	Deletion	90
3L	9472199	9472314	Deletion	115
3L	9484961	9485058	Deletion	97
3L	9485011	9485058	Deletion	47
3L	9486059	9485058	Deletion	1001
3L	9486059	9486089	Deletion	30
3L	9486059	9486139	Deletion	80
3L	9504736	9504813	Deletion	77
3L	9504739	9504813	Deletion	74
3L	9504758	9504813	Deletion	55
3L	9504760	9504813	Deletion	53
3L	9504894	9504813	Deletion	81
3L	9504894	9505000	Deletion	106
3L	9504894	9504965	Deletion	71
3L	9504894	9504943	Deletion	49
3L	9504894	9504946	Deletion	52
3L	9507931	9508047	Deletion	116
3L	9507934	9508047	Deletion	113
3L	9507937	9508047	Deletion	110
3L	9507942	9508047	Deletion	105
3L	9507944	9508047	Deletion	103
3L	9507945	9508047	Deletion	102
3L	9507966	9508047	Deletion	81
3L	9507967	9508047	Deletion	80
3L	9507998	9508047	Deletion	49
3L	9531214	9531292	Deletion	78
3L	9531214	9531320	Deletion	106
3L	9531214	9531260	Deletion	46
3L	9559476	9559557	Deletion	81
3L	9559489	9559557	Deletion	68
3L	9559522	9559557	Deletion	35
3L	9583057	9583164	Deletion	107
3L	9583058	9583164	Deletion	106
3L	9583063	9583164	Deletion	101
3L	9583067	9583164	Deletion	97
3L	9583070	9583164	Deletion	94
3L	9583093	9583164	Deletion	71
3L	9583108	9583164	Deletion	56
3L	9583114	9583164	Deletion	50
3L	9583115	9583164	Deletion	49
3L	9583306	9583164	Deletion	142
3L	9583306	9583427	Deletion	121
3L	9583306	9583376	Deletion	70
3L	9583306	9583382	Deletion	76
3L	9583306	9583383	Deletion	77
3L	9583306	9583361	Deletion	55
3L	9583916	9583981	Deletion	65
3L	9583921	9583981	Deletion	60
3L	9583929	9583981	Deletion	52
3L	9645693	9583981	Deletion	61712
3L	9645693	9645767	Deletion	74
3L	9645693	9645810	Deletion	117
3L	9645693	9645759	Deletion	66
3L	9645693	9645742	Deletion	49
3L	9645693	9645805	Deletion	112
3L	9662088	9662190	Deletion	102
3L	9662107	9662190	Deletion	83
3L	9662130	9662190	Deletion	60
3L	9662135	9662190	Deletion	55
3L	9662136	9662190	Deletion	54
3L	9662152	9662190	Deletion	38
3L	9663142	9662190	Deletion	952
3L	9663142	9663214	Deletion	72
3L	9663142	9663186	Deletion	44
3L	9663142	9663244	Deletion	102
3L	9663142	9663215	Deletion	73
3L	9663142	9663231	Deletion	89
3L	9690718	9690818	Deletion	100
3L	9690720	9690818	Deletion	98
3L	9690745	9690818	Deletion	73
3L	9690753	9690818	Deletion	65
3L	9690758	9690818	Deletion	60
3L	9691466	9690818	Deletion	648
3L	9691466	9691532	Deletion	66
3L	9691466	9691565	Deletion	99
3L	9691466	9691519	Deletion	53
3L	9698440	9698538	Deletion	98
3L	9698442	9698538	Deletion	96
3L	9698446	9698538	Deletion	92
3L	9698467	9698538	Deletion	71
3L	9698478	9698538	Deletion	60
3L	9698484	9698538	Deletion	54
3L	9698491	9698538	Deletion	47
3L	9698674	9698538	Deletion	136
3L	9698674	9698741	Deletion	67
3L	9698674	9698754	Deletion	80
3L	9698674	9698709	Deletion	35
3L	9698674	9698730	Deletion	56
3L	9698674	9698747	Deletion	73
3L	9698676	9698705	Deletion	29
3L	9702610	9700517	Deletion	2093
3L	9702610	9702734	Deletion	124
3L	9709745	9709781	Deletion	36
3L	9716000	9709781	Deletion	6219
3L	9716000	9716111	Deletion	111
3L	9716000	9716062	Deletion	62
3L	9716000	9716102	Deletion	102
3L	9724448	9724539	Deletion	91
3L	9724508	9724539	Deletion	31
3L	9727836	9724539	Deletion	3297
3L	9727836	9727935	Deletion	99
3L	9727836	9727875	Deletion	39
3L	9733303	9733400	Deletion	97
3L	9733312	9733400	Deletion	88
3L	9733314	9733400	Deletion	86
3L	9733360	9733400	Deletion	40
3L	9733462	9733400	Deletion	62
3L	9733462	9733502	Deletion	40
3L	9733462	9733573	Deletion	111
3L	9733462	9733500	Deletion	38
3L	9733462	9733548	Deletion	86
3L	9733462	9733559	Deletion	97
3L	9745439	9745507	Deletion	68
3L	9745461	9745507	Deletion	46
3L	9745471	9745507	Deletion	36
3L	9749200	9745507	Deletion	3693
3L	9749200	9749258	Deletion	58
3L	9749200	9749290	Deletion	90
3L	9749200	9749280	Deletion	80
3L	9749200	9749314	Deletion	114
3L	9777816	9777911	Deletion	95
3L	9777828	9777911	Deletion	83
3L	9777836	9777911	Deletion	75
3L	9777840	9777911	Deletion	71
3L	9777844	9777911	Deletion	67
3L	9777851	9777911	Deletion	60
3L	9777857	9777911	Deletion	54
3L	9777857	9777910	Deletion	53
3L	9777871	9777911	Deletion	40
3L	9781568	9777911	Deletion	3657
3L	9781569	9781641	Deletion	72
3L	9781569	9781674	Deletion	105
3L	9781569	9781624	Deletion	55
3L	9781569	9781655	Deletion	86
3L	9781569	9781620	Deletion	51
3L	9781569	9781600	Deletion	31
3L	9781569	9781635	Deletion	66
3L	9781569	9781641	Deletion	72
3L	9781569	9781628	Deletion	59
3L	9783389	9783488	Deletion	99
3L	9783400	9783488	Deletion	88
3L	9783414	9783488	Deletion	74
3L	9791296	9783488	Deletion	7808
3L	9791296	9791349	Deletion	53
3L	9791296	9791415	Deletion	119
3L	9791296	9791396	Deletion	100
3L	9791296	9791335	Deletion	39
3L	9792982	9791526	Deletion	1456
3L	9792982	9793019	Deletion	37
3L	9811750	9795479	Deletion	16271
3L	9811750	9811855	Deletion	105
3L	9811750	9811860	Deletion	110
3L	9822899	9822342	Deletion	557
3L	9822899	9823018	Deletion	119
3L	9822899	9823014	Deletion	115
3L	9822899	9822977	Deletion	78
3L	9841046	9841157	Deletion	111
3L	9841059	9841157	Deletion	98
3L	9841064	9841157	Deletion	93
3L	9841079	9841157	Deletion	78
3L	9850790	9841157	Deletion	9633
3L	9850790	9850846	Deletion	56
3L	9850790	9850902	Deletion	112
3L	9850790	9850826	Deletion	36
3L	9850790	9850831	Deletion	41
3L	9852365	9852483	Deletion	118
3L	9852385	9852483	Deletion	98
3L	9852392	9852483	Deletion	91
3L	9852415	9852483	Deletion	68
3L	9852417	9852483	Deletion	66
3L	9852427	9852483	Deletion	56
3L	9852955	9852483	Deletion	472
3L	9852955	9852990	Deletion	35
3L	9852955	9853015	Deletion	60
3L	9852955	9853025	Deletion	70
3L	9852955	9853013	Deletion	58
3L	9859774	9859860	Deletion	86
3L	9859776	9859860	Deletion	84
3L	9859778	9859860	Deletion	82
3L	9859820	9859860	Deletion	40
3L	9859829	9859860	Deletion	31
3L	9862857	9859860	Deletion	2997
3L	9862857	9862944	Deletion	87
3L	9862857	9862900	Deletion	43
3L	9862857	9862974	Deletion	117
3L	9862857	9862953	Deletion	96
3L	9862857	9862981	Deletion	124
3L	9862857	9862902	Deletion	45
3L	9862857	9862891	Deletion	34
3L	9874410	9874528	Deletion	118
3L	9874420	9874528	Deletion	108
3L	9874439	9874528	Deletion	89
3L	9874443	9874528	Deletion	85
3L	9874461	9874528	Deletion	67
3L	9874474	9874528	Deletion	54
3L	9874476	9874528	Deletion	52
3L	9874482	9874528	Deletion	46
3L	9874497	9874528	Deletion	31
3L	9880470	9874528	Deletion	5942
3L	9880470	9880508	Deletion	38
3L	9880470	9880582	Deletion	112
3L	9880470	9880512	Deletion	42
3L	9880470	9880545	Deletion	75
3L	9880470	9880551	Deletion	81
3L	9880470	9880530	Deletion	60
3L	9880470	9880566	Deletion	96
3L	9881954	9882008	Deletion	54
3L	9881968	9882008	Deletion	40
3L	9881970	9882008	Deletion	38
3L	9881973	9882008	Deletion	35
3L	9886445	9882005	Deletion	4440
3L	9886445	9886563	Deletion	118
3L	9886445	9886517	Deletion	72
3L	9886445	9886531	Deletion	86
3L	9886445	9886533	Deletion	88
3L	9886445	9886548	Deletion	103
3L	9886449	9886504	Deletion	55
3L	9888487	9888577	Deletion	90
3L	9888498	9888577	Deletion	79
3L	9888503	9888577	Deletion	74
3L	9888530	9888577	Deletion	47
3L	9888547	9888577	Deletion	30
3L	9888625	9888577	Deletion	48
3L	9888625	9888746	Deletion	121
3L	9888625	9888675	Deletion	50
3L	9888625	9888680	Deletion	55
3L	9888625	9888724	Deletion	99
3L	9888625	9888707	Deletion	82
3L	9894740	9894819	Deletion	79
3L	9894746	9894819	Deletion	73
3L	9894753	9894819	Deletion	66
3L	9894762	9894819	Deletion	57
3L	9894769	9894819	Deletion	50
3L	9896773	9894819	Deletion	1954
3L	9896773	9896849	Deletion	76
3L	9896773	9896842	Deletion	69
3L	9896773	9896826	Deletion	53
3L	9896773	9896820	Deletion	47
3L	9912192	9912279	Deletion	87
3L	9912195	9912279	Deletion	84
3L	9913037	9912279	Deletion	758
3L	9913037	9913080	Deletion	43
3L	9913037	9913077	Deletion	40
3L	9939824	9939865	Deletion	41
3L	9940062	9939865	Deletion	197
3L	9940062	9940176	Deletion	114
3L	9940062	9940174	Deletion	112
3L	9940062	9940167	Deletion	105
3L	9941606	9941697	Deletion	91
3L	9941635	9941697	Deletion	62
3L	9941646	9941697	Deletion	51
3L	9956893	9941697	Deletion	15196
3L	9956893	9956958	Deletion	65
3L	9956893	9956929	Deletion	36
3L	9956893	9956969	Deletion	76
3L	9963316	9963415	Deletion	99
3L	9964574	9963415	Deletion	1159
3L	9964574	9964681	Deletion	107
3L	9970852	9970964	Deletion	112
3L	9970884	9970964	Deletion	80
3L	9970934	9970964	Deletion	30
3L	9984295	9970964	Deletion	13331
3L	9984295	9984401	Deletion	106
3L	9984295	9984391	Deletion	96
3L	9991505	9991605	Deletion	100
3L	9991513	9991605	Deletion	92
3L	9991519	9991605	Deletion	86
3L	9991523	9991605	Deletion	82
3L	9991555	9991605	Deletion	50
3L	9992983	9991605	Deletion	1378
3L	9992983	9993017	Deletion	34
3L	9992983	9993023	Deletion	40
3L	9992983	9993059	Deletion	76
3L	9992983	9993027	Deletion	44
3L	9996469	9996556	Deletion	87
3L	9996475	9996556	Deletion	81
3L	9996493	9996556	Deletion	63
3L	9997843	9996556	Deletion	1287
3L	9997843	9997906	Deletion	63
3L	9997843	9997882	Deletion	39
3L	9997843	9997876	Deletion	33
3L	10010204	10010323	Deletion	119
3L	10010209	10010323	Deletion	114
3L	10010210	10010323	Deletion	113
3L	10010262	10010323	Deletion	61
3L	10010284	10010323	Deletion	39
3L	10026460	10010323	Deletion	16137
3L	10026460	10026547	Deletion	87
3L	10026460	10026525	Deletion	65
3L	10026460	10026560	Deletion	100
3L	10026460	10026578	Deletion	118
3L	10026460	10026584	Deletion	124
3L	10042535	10042625	Deletion	90
3L	10042544	10042625	Deletion	81
3L	10042579	10042625	Deletion	46
3L	10042580	10042625	Deletion	45
3L	10042933	10042625	Deletion	308
3L	10042933	10043055	Deletion	122
3L	10042933	10043014	Deletion	81
3L	10042933	10042969	Deletion	36
3L	10042933	10042978	Deletion	45
3L	10063468	10063522	Deletion	54
3L	10063468	10063555	Deletion	87
3L	10063468	10063586	Deletion	118
3L	10066803	10066851	Deletion	48
3L	10072296	10072398	Deletion	102
3L	10072335	10072398	Deletion	63
3L	10072337	10072398	Deletion	61
3L	10072346	10072396	Deletion	50
3L	10075202	10072398	Deletion	2804
3L	10075202	10075318	Deletion	116
3L	10075202	10075267	Deletion	65
3L	10075203	10075278	Deletion	75
3L	10078247	10078304	Deletion	57
3L	10078265	10078304	Deletion	39
3L	10078270	10078304	Deletion	34
3L	10078273	10078301	Deletion	28
3L	10079214	10078304	Deletion	910
3L	10079214	10079283	Deletion	69
3L	10079214	10079309	Deletion	95
3L	10079214	10079322	Deletion	108
3L	10079214	10079306	Deletion	92
3L	10079214	10079301	Deletion	87
3L	10079214	10079328	Deletion	114
3L	10099583	10099614	Deletion	31
3L	10101019	10099614	Deletion	1405
3L	10101019	10101129	Deletion	110
3L	10101019	10101056	Deletion	37
3L	10116606	10116722	Deletion	116
3L	10116635	10116722	Deletion	87
3L	10116664	10116722	Deletion	58
3L	10116679	10116722	Deletion	43
3L	10117628	10116722	Deletion	906
3L	10117628	10117696	Deletion	68
3L	10117628	10117745	Deletion	117
3L	10117628	10117711	Deletion	83
3L	10143376	10143484	Deletion	108
3L	10143398	10143488	Deletion	90
3L	10143399	10143488	Deletion	89
3L	10143441	10143488	Deletion	47
3L	10144732	10143488	Deletion	1244
3L	10144732	10144812	Deletion	80
3L	10144732	10144770	Deletion	38
3L	10144732	10144832	Deletion	100
3L	10149229	10149270	Deletion	41
3L	10159553	10149270	Deletion	10283
3L	10159553	10159584	Deletion	31
3L	10172556	10172592	Deletion	36
3L	10174396	10172592	Deletion	1804
3L	10174396	10174460	Deletion	64
3L	10174396	10174486	Deletion	90
3L	10174396	10174519	Deletion	123
3L	10183187	10183240	Deletion	53
3L	10190200	10183240	Deletion	6960
3L	10190200	10190274	Deletion	74
3L	10223037	10223136	Deletion	99
3L	10223041	10223136	Deletion	95
3L	10223048	10223136	Deletion	88
3L	10223057	10223136	Deletion	79
3L	10223064	10223136	Deletion	72
3L	10223074	10223136	Deletion	62
3L	10223094	10223136	Deletion	42
3L	10227101	10227155	Deletion	54
3L	10227101	10227139	Deletion	38
3L	10227101	10227165	Deletion	64
3L	10227101	10227148	Deletion	47
3L	10227101	10227132	Deletion	31
3L	10227101	10227215	Deletion	114
3L	10227101	10227185	Deletion	84
3L	10227101	10227204	Deletion	103
3L	10227101	10227208	Deletion	107
3L	10245569	10245648	Deletion	79
3L	10245604	10245648	Deletion	44
3L	10254628	10245648	Deletion	8980
3L	10254628	10254735	Deletion	107
3L	10254628	10254710	Deletion	82
3L	10256953	10257025	Deletion	72
3L	10256975	10257025	Deletion	50
3L	10270086	10257025	Deletion	13061
3L	10270086	10270185	Deletion	99
3L	10270086	10270163	Deletion	77
3L	10270086	10270141	Deletion	55
3L	10270775	10270846	Deletion	71
3L	10270782	10270846	Deletion	64
3L	10270786	10270846	Deletion	60
3L	10286867	10270846	Deletion	16021
3L	10286867	10286900	Deletion	33
3L	10286867	10286935	Deletion	68
3L	10286867	10286924	Deletion	57
3L	10333581	10319631	Deletion	13950
3L	10333581	10333643	Deletion	62
3L	10333581	10333687	Deletion	106
3L	10337614	10337701	Deletion	87
3L	10337619	10337701	Deletion	82
3L	10337621	10337701	Deletion	80
3L	10337648	10337701	Deletion	53
3L	10339348	10337701	Deletion	1647
3L	10339348	10339421	Deletion	73
3L	10339348	10339387	Deletion	39
3L	10339348	10339392	Deletion	44
3L	10339348	10339448	Deletion	100
3L	10339348	10339394	Deletion	46
3L	10373084	10373125	Deletion	41
3L	10375111	10373125	Deletion	1986
3L	10384376	10384473	Deletion	97
3L	10384386	10384473	Deletion	87
3L	10384429	10384473	Deletion	44
3L	10386377	10386478	Deletion	101
3L	10386377	10386462	Deletion	85
3L	10386377	10386409	Deletion	32
3L	10428167	10428275	Deletion	108
3L	10428202	10428275	Deletion	73
3L	10428224	10428275	Deletion	51
3L	10428230	10428275	Deletion	45
3L	10428945	10428275	Deletion	670
3L	10428945	10428998	Deletion	53
3L	10428945	10429026	Deletion	81
3L	10428945	10429020	Deletion	75
3L	10428945	10429051	Deletion	106
3L	10457207	10457308	Deletion	101
3L	10457251	10457308	Deletion	57
3L	10463487	10457308	Deletion	6179
3L	10463487	10463607	Deletion	120
3L	10463487	10463586	Deletion	99
3L	10463487	10463556	Deletion	69
3L	10464674	10464792	Deletion	118
3L	10464697	10464792	Deletion	95
3L	10464738	10464792	Deletion	54
3L	10467125	10464792	Deletion	2333
3L	10467125	10467197	Deletion	72
3L	10467125	10467156	Deletion	31
3L	10467125	10467243	Deletion	118
3L	10472593	10472670	Deletion	77
3L	10472604	10472670	Deletion	66
3L	10481182	10472670	Deletion	8512
3L	10481182	10481245	Deletion	63
3L	10481182	10481234	Deletion	52
3L	10481182	10481293	Deletion	111
3L	10484717	10484761	Deletion	44
3L	10484727	10484761	Deletion	34
3L	10484878	10484761	Deletion	117
3L	10484878	10484991	Deletion	113
3L	10484878	10484961	Deletion	83
3L	10484878	10484983	Deletion	105
3L	10484878	10484971	Deletion	93
3L	10484878	10484979	Deletion	101
3L	10492688	10492782	Deletion	94
3L	10492692	10492782	Deletion	90
3L	10492693	10492782	Deletion	89
3L	10492709	10492782	Deletion	73
3L	10492741	10492782	Deletion	41
3L	10492748	10492782	Deletion	34
3L	10498084	10492782	Deletion	5302
3L	10498084	10498121	Deletion	37
3L	10498084	10498188	Deletion	104
3L	10498084	10498120	Deletion	36
3L	10498084	10498137	Deletion	53
3L	10498084	10498169	Deletion	85
3L	10498084	10498176	Deletion	92
3L	10498084	10498116	Deletion	32
3L	10508976	10509090	Deletion	114
3L	10509030	10509090	Deletion	60
3L	10509041	10509090	Deletion	49
3L	10510165	10509090	Deletion	1075
3L	10510165	10510269	Deletion	104
3L	10510165	10510274	Deletion	109
3L	10510165	10510242	Deletion	77
3L	10510165	10510231	Deletion	66
3L	10516883	10516980	Deletion	97
3L	10516885	10516980	Deletion	95
3L	10517035	10516980	Deletion	55
3L	10520437	10520489	Deletion	52
3L	10520446	10520489	Deletion	43
3L	10540922	10520489	Deletion	20433
3L	10540922	10540996	Deletion	74
3L	10540922	10541046	Deletion	124
3L	10540922	10540967	Deletion	45
3L	10540922	10541039	Deletion	117
3L	10555191	10555278	Deletion	87
3L	10555202	10555278	Deletion	76
3L	10555228	10555278	Deletion	50
3L	10555234	10555278	Deletion	44
3L	10557865	10555278	Deletion	2587
3L	10557865	10557941	Deletion	76
3L	10557865	10557975	Deletion	110
3L	10557865	10557904	Deletion	39
3L	10557865	10557947	Deletion	82
3L	10563197	10563279	Deletion	82
3L	10563232	10563279	Deletion	47
3L	10563511	10563279	Deletion	232
3L	10563511	10563562	Deletion	51
3L	10563511	10563612	Deletion	101
3L	10587540	10587630	Deletion	90
3L	10587555	10587630	Deletion	75
3L	10587587	10587630	Deletion	43
3L	10592722	10592759	Deletion	37
3L	10592722	10592806	Deletion	84
3L	10592722	10592838	Deletion	116
3L	10592723	10592774	Deletion	51
3L	10593728	10593830	Deletion	102
3L	10593739	10593830	Deletion	91
3L	10593747	10593830	Deletion	83
3L	10593758	10593830	Deletion	72
3L	10593761	10593830	Deletion	69
3L	10593781	10593830	Deletion	49
3L	10594055	10593830	Deletion	225
3L	10594055	10594132	Deletion	77
3L	10594055	10594090	Deletion	35
3L	10594055	10594098	Deletion	43
3L	10594055	10594112	Deletion	57
3L	10631799	10631854	Deletion	55
3L	10631807	10631854	Deletion	47
3L	10631824	10631854	Deletion	30
3L	10632024	10631854	Deletion	170
3L	10632024	10632103	Deletion	79
3L	10632024	10632122	Deletion	98
3L	10632024	10632120	Deletion	96
3L	10646849	10646940	Deletion	91
3L	10646856	10646940	Deletion	84
3L	10646991	10647033	Deletion	42
3L	10646991	10647111	Deletion	120
3L	10646991	10647026	Deletion	35
3L	10646991	10647110	Deletion	119
3L	10646991	10647093	Deletion	102
3L	10661442	10661560	Deletion	118
3L	10661523	10661560	Deletion	37
3L	10661528	10661560	Deletion	32
3L	10664718	10661560	Deletion	3158
3L	10664718	10664821	Deletion	103
3L	10664718	10664807	Deletion	89
3L	10668817	10668924	Deletion	107
3L	10668822	10668924	Deletion	102
3L	10668824	10668924	Deletion	100
3L	10668829	10668924	Deletion	95
3L	10671831	10668924	Deletion	2907
3L	10673043	10673090	Deletion	47
3L	10673498	10673090	Deletion	408
3L	10673498	10673578	Deletion	80
3L	10685898	10685965	Deletion	67
3L	10687130	10685965	Deletion	1165
3L	10687130	10687252	Deletion	122
3L	10694027	10694145	Deletion	118
3L	10694032	10694145	Deletion	113
3L	10694088	10694145	Deletion	57
3L	10694105	10694145	Deletion	40
3L	10694564	10694145	Deletion	419
3L	10694564	10694651	Deletion	87
3L	10694564	10694673	Deletion	109
3L	10708366	10708448	Deletion	82
3L	10708368	10708448	Deletion	80
3L	10708389	10708448	Deletion	59
3L	10708394	10708448	Deletion	54
3L	10708405	10708448	Deletion	43
3L	10728267	10708448	Deletion	19819
3L	10728267	10728377	Deletion	110
3L	10728267	10728342	Deletion	75
3L	10728267	10728337	Deletion	70
3L	10728267	10728316	Deletion	49
3L	10728267	10728353	Deletion	86
3L	10750499	10750600	Deletion	101
3L	10750504	10750600	Deletion	96
3L	10750506	10750600	Deletion	94
3L	10750548	10750600	Deletion	52
3L	10750555	10750600	Deletion	45
3L	10750556	10750600	Deletion	44
3L	10750568	10750600	Deletion	32
3L	10753828	10750600	Deletion	3228
3L	10753828	10753859	Deletion	31
3L	10753828	10753946	Deletion	118
3L	10753828	10753911	Deletion	83
3L	10753828	10753861	Deletion	33
3L	10753828	10753926	Deletion	98
3L	10753828	10753910	Deletion	82
3L	10753828	10753903	Deletion	75
3L	10756271	10756357	Deletion	86
3L	10756311	10756357	Deletion	46
3L	10756316	10756357	Deletion	41
3L	10756319	10756357	Deletion	38
3L	10758277	10756357	Deletion	1920
3L	10758277	10758362	Deletion	85
3L	10758277	10758317	Deletion	40
3L	10758277	10758381	Deletion	104
3L	10758277	10758357	Deletion	80
3L	10758277	10758365	Deletion	88
3L	10758277	10758315	Deletion	38
3L	10794809	10794914	Deletion	105
3L	10794818	10794914	Deletion	96
3L	10794864	10794914	Deletion	50
3L	10794871	10794914	Deletion	43
3L	10794874	10794914	Deletion	40
3L	10798457	10794914	Deletion	3543
3L	10798457	10798541	Deletion	84
3L	10798457	10798544	Deletion	87
3L	10798457	10798572	Deletion	115
3L	10798457	10798534	Deletion	77
3L	10850265	10850310	Deletion	45
3L	10859574	10850310	Deletion	9264
3L	10859574	10859678	Deletion	104
3L	10875799	10875887	Deletion	88
3L	10875812	10875887	Deletion	75
3L	10876665	10875887	Deletion	778
3L	10876665	10876704	Deletion	39
3L	10876665	10876717	Deletion	52
3L	10876665	10876781	Deletion	116
3L	10879823	10879940	Deletion	117
3L	10879874	10879940	Deletion	66
3L	10879891	10879940	Deletion	49
3L	10879897	10879940	Deletion	43
3L	10880222	10879940	Deletion	282
3L	10880222	10880285	Deletion	63
3L	10880222	10880302	Deletion	80
3L	10880222	10880341	Deletion	119
3L	10899133	10899222	Deletion	89
3L	10899137	10899222	Deletion	85
3L	10899138	10899222	Deletion	84
3L	10899929	10899222	Deletion	707
3L	10899929	10900047	Deletion	118
3L	10899929	10900035	Deletion	106
3L	10899929	10899968	Deletion	39
3L	10899929	10899973	Deletion	44
3L	10899929	10899972	Deletion	43
3L	10907223	10904208	Deletion	3015
3L	10935360	10934171	Deletion	1189
3L	10935360	10935447	Deletion	87
3L	10937751	10937846	Deletion	95
3L	10937757	10937846	Deletion	89
3L	10937781	10937846	Deletion	65
3L	10937797	10937846	Deletion	49
3L	10937800	10937846	Deletion	46
3L	10940399	10940462	Deletion	63
3L	10940399	10940481	Deletion	82
3L	10940399	10940432	Deletion	33
3L	10940399	10940430	Deletion	31
3L	10940403	10940478	Deletion	75
3L	10943404	10943498	Deletion	94
3L	10943423	10943498	Deletion	75
3L	10943460	10943498	Deletion	38
3L	10943462	10943498	Deletion	36
3L	10944264	10943498	Deletion	766
3L	10944264	10944372	Deletion	108
3L	10944264	10944296	Deletion	32
3L	10944264	10944366	Deletion	102
3L	10944264	10944354	Deletion	90
3L	10944264	10944352	Deletion	88
3L	10944264	10944315	Deletion	51
3L	10957705	10957812	Deletion	107
3L	10957715	10957812	Deletion	97
3L	10957753	10957812	Deletion	59
3L	10957768	10957812	Deletion	44
3L	10970455	10957812	Deletion	12643
3L	10970455	10970537	Deletion	82
3L	10970455	10970522	Deletion	67
3L	10982304	10982426	Deletion	122
3L	10982319	10982426	Deletion	107
3L	10982320	10982426	Deletion	106
3L	10982330	10982426	Deletion	96
3L	10982348	10982426	Deletion	78
3L	10982374	10982426	Deletion	52
3L	10982379	10982426	Deletion	47
3L	10990276	10982426	Deletion	7850
3L	10990276	10990326	Deletion	50
3L	10990276	10990352	Deletion	76
3L	10990276	10990308	Deletion	32
3L	10995706	10995751	Deletion	45
3L	10995707	10995751	Deletion	44
3L	10995709	10995751	Deletion	42
3L	10995822	10995751	Deletion	71
3L	10995822	10995931	Deletion	109
3L	10995822	10995905	Deletion	83
3L	10995822	10995869	Deletion	47
3L	10995822	10995907	Deletion	85
3L	10995822	10995904	Deletion	82
3L	10995822	10995943	Deletion	121
3L	11026190	11026265	Deletion	75
3L	11026858	11026265	Deletion	593
3L	11026858	11026970	Deletion	112
3L	11026858	11026910	Deletion	52
3L	11026858	11026958	Deletion	100
3L	11026858	11026971	Deletion	113
3L	11033386	11033460	Deletion	74
3L	11033411	11033460	Deletion	49
3L	11033424	11033460	Deletion	36
3L	11034253	11033460	Deletion	793
3L	11034253	11034304	Deletion	51
3L	11034253	11034305	Deletion	52
3L	11034253	11034343	Deletion	90
3L	11034253	11034377	Deletion	124
3L	11034253	11034352	Deletion	99
3L	11034253	11034375	Deletion	122
3L	11035970	11036059	Deletion	89
3L	11035993	11036056	Deletion	63
3L	11036019	11036059	Deletion	40
3L	11036021	11036059	Deletion	38
3L	11037227	11036059	Deletion	1168
3L	11037227	11037265	Deletion	38
3L	11037227	11037316	Deletion	89
3L	11037227	11037314	Deletion	87
3L	11037227	11037328	Deletion	101
3L	11050264	11050327	Deletion	63
3L	11050283	11050327	Deletion	44
3L	11050294	11050327	Deletion	33
3L	11050297	11050327	Deletion	30
3L	11063595	11050327	Deletion	13268
3L	11063595	11063658	Deletion	63
3L	11063595	11063691	Deletion	96
3L	11063595	11063677	Deletion	82
3L	11063595	11063702	Deletion	107
3L	11063595	11063708	Deletion	113
3L	11063596	11063636	Deletion	40
3L	11086796	11086858	Deletion	62
3L	11086824	11086858	Deletion	34
3L	11096532	11096624	Deletion	92
3L	11096532	11096596	Deletion	64
3L	11126718	11126819	Deletion	101
3L	11126733	11126819	Deletion	86
3L	11126749	11126819	Deletion	70
3L	11132443	11126819	Deletion	5624
3L	11132443	11132542	Deletion	99
3L	11132443	11132485	Deletion	42
3L	11132443	11132501	Deletion	58
3L	11137652	11137727	Deletion	75
3L	11137655	11137727	Deletion	72
3L	11137683	11137727	Deletion	44
3L	11137901	11137955	Deletion	54
3L	11137906	11137983	Deletion	77
3L	11140431	11140539	Deletion	108
3L	11140440	11140539	Deletion	99
3L	11151177	11151291	Deletion	114
3L	11151201	11151291	Deletion	90
3L	11151218	11151291	Deletion	73
3L	11151341	11151291	Deletion	50
3L	11151341	11151379	Deletion	38
3L	11158172	11158253	Deletion	81
3L	11158181	11158253	Deletion	72
3L	11158214	11158253	Deletion	39
3L	11158220	11158253	Deletion	33
3L	11158400	11158253	Deletion	147
3L	11158400	11158501	Deletion	101
3L	11158400	11158447	Deletion	47
3L	11158400	11158495	Deletion	95
3L	11158400	11158456	Deletion	56
3L	11158400	11158434	Deletion	34
3L	11170465	11170502	Deletion	37
3L	11175354	11170502	Deletion	4852
3L	11175354	11175443	Deletion	89
3L	11180364	11180444	Deletion	80
3L	11180385	11180444	Deletion	59
3L	11183407	11180444	Deletion	2963
3L	11183407	11183453	Deletion	46
3L	11183407	11183508	Deletion	101
3L	11192515	11192605	Deletion	90
3L	11192529	11192605	Deletion	76
3L	11192574	11192605	Deletion	31
3L	11196546	11192605	Deletion	3941
3L	11196546	11196643	Deletion	97
3L	11196546	11196584	Deletion	38
3L	11197978	11198101	Deletion	123
3L	11198027	11198101	Deletion	74
3L	11198037	11198101	Deletion	64
3L	11198043	11198101	Deletion	58
3L	11198044	11198101	Deletion	57
3L	11198054	11198101	Deletion	47
3L	11198063	11198101	Deletion	38
3L	11199880	11198101	Deletion	1779
3L	11199880	11199950	Deletion	70
3L	11199880	11199933	Deletion	53
3L	11199880	11199960	Deletion	80
3L	11199880	11199969	Deletion	89
3L	11199880	11199943	Deletion	63
3L	11201016	11201114	Deletion	98
3L	11201036	11201114	Deletion	78
3L	11201072	11201114	Deletion	42
3L	11202438	11201114	Deletion	1324
3L	11202438	11202523	Deletion	85
3L	11202438	11202487	Deletion	49
3L	11210016	11210096	Deletion	80
3L	11210018	11210096	Deletion	78
3L	11210040	11210096	Deletion	56
3L	11212074	11210096	Deletion	1978
3L	11212074	11212120	Deletion	46
3L	11212074	11212176	Deletion	102
3L	11212074	11212122	Deletion	48
3L	11212074	11212144	Deletion	70
3L	11239051	11239114	Deletion	63
3L	11239058	11239114	Deletion	56
3L	11239069	11239114	Deletion	45
3L	11239174	11239114	Deletion	60
3L	11239174	11239237	Deletion	63
3L	11239174	11239255	Deletion	81
3L	11250926	11251020	Deletion	94
3L	11250931	11251020	Deletion	89
3L	11250932	11251020	Deletion	88
3L	11254422	11251020	Deletion	3402
3L	11254422	11254460	Deletion	38
3L	11254422	11254459	Deletion	37
3L	11255018	11255107	Deletion	89
3L	11255028	11255107	Deletion	79
3L	11255041	11255107	Deletion	66
3L	11255055	11255107	Deletion	52
3L	11255060	11255107	Deletion	47
3L	11255064	11255107	Deletion	43
3L	11259704	11255107	Deletion	4597
3L	11259704	11259780	Deletion	76
3L	11259704	11259785	Deletion	81
3L	11259704	11259766	Deletion	62
3L	11259704	11259789	Deletion	85
3L	11259704	11259739	Deletion	35
3L	11259704	11259753	Deletion	49
3L	11259704	11259808	Deletion	104
3L	11280147	11280220	Deletion	73
3L	11280170	11280220	Deletion	50
3L	11280187	11280220	Deletion	33
3L	11280295	11280220	Deletion	75
3L	11280295	11280390	Deletion	95
3L	11280295	11280350	Deletion	55
3L	11280295	11280349	Deletion	54
3L	11280295	11280373	Deletion	78
3L	11281973	11282094	Deletion	121
3L	11282002	11282094	Deletion	92
3L	11287829	11282094	Deletion	5735
3L	11287830	11287952	Deletion	122
3L	11290124	11290193	Deletion	69
3L	11290161	11290193	Deletion	32
3L	11310701	11290193	Deletion	20508
3L	11310701	11310758	Deletion	57
3L	11310701	11310808	Deletion	107
3L	11310701	11310795	Deletion	94
3L	11312083	11312119	Deletion	36
3L	11312174	11312119	Deletion	55
3L	11312174	11312282	Deletion	108
3L	11312174	11312291	Deletion	117
3L	11324837	11324913	Deletion	76
3L	11324858	11324913	Deletion	55
3L	11324865	11324913	Deletion	48
3L	11328196	11324913	Deletion	3283
3L	11328196	11328274	Deletion	78
3L	11328196	11328246	Deletion	50
3L	11334644	11334737	Deletion	93
3L	11334648	11334737	Deletion	89
3L	11334665	11334737	Deletion	72
3L	11334701	11334737	Deletion	36
3L	11335595	11334737	Deletion	858
3L	11335595	11335709	Deletion	114
3L	11335595	11335628	Deletion	33
3L	11335595	11335692	Deletion	97
3L	11335595	11335685	Deletion	90
3L	11335595	11335632	Deletion	37
3L	11335595	11335649	Deletion	54
3L	11353689	11353783	Deletion	94
3L	11353694	11353783	Deletion	89
3L	11353698	11353783	Deletion	85
3L	11353726	11353783	Deletion	57
3L	11353729	11353783	Deletion	54
3L	11355042	11353783	Deletion	1259
3L	11355042	11355083	Deletion	41
3L	11355042	11355146	Deletion	104
3L	11355042	11355087	Deletion	45
3L	11355042	11355078	Deletion	36
3L	11355042	11355118	Deletion	76
3L	11355310	11355426	Deletion	116
3L	11355333	11355426	Deletion	93
3L	11355335	11355426	Deletion	91
3L	11355361	11355426	Deletion	65
3L	11355382	11355426	Deletion	44
3L	11355391	11355426	Deletion	35
3L	11355521	11355426	Deletion	95
3L	11355521	11355612	Deletion	91
3L	11355521	11355603	Deletion	82
3L	11355521	11355554	Deletion	33
3L	11355521	11355556	Deletion	35
3L	11383175	11383242	Deletion	67
3L	11383183	11383242	Deletion	59
3L	11383185	11383242	Deletion	57
3L	11385855	11383242	Deletion	2613
3L	11385855	11385925	Deletion	70
3L	11385855	11385977	Deletion	122
3L	11385855	11385927	Deletion	72
3L	11385855	11385965	Deletion	110
3L	11385855	11385917	Deletion	62
3L	11391322	11391402	Deletion	80
3L	11391339	11391402	Deletion	63
3L	11391345	11391402	Deletion	57
3L	11391355	11391402	Deletion	47
3L	11391361	11391402	Deletion	41
3L	11391367	11391402	Deletion	35
3L	11399290	11391402	Deletion	7888
3L	11399290	11399399	Deletion	109
3L	11399290	11399356	Deletion	66
3L	11399290	11399372	Deletion	82
3L	11399290	11399384	Deletion	94
3L	11399290	11399339	Deletion	49
3L	11399290	11399378	Deletion	88
3L	11399290	11399410	Deletion	120
3L	11399290	11399407	Deletion	117
3L	11399290	11399391	Deletion	101
3L	11408625	11408726	Deletion	101
3L	11408630	11408726	Deletion	96
3L	11408642	11408726	Deletion	84
3L	11408643	11408726	Deletion	83
3L	11408652	11408726	Deletion	74
3L	11408666	11408726	Deletion	60
3L	11408671	11408726	Deletion	55
3L	11408672	11408726	Deletion	54
3L	11408673	11408726	Deletion	53
3L	11408790	11408726	Deletion	64
3L	11408790	11408864	Deletion	74
3L	11408790	11408891	Deletion	101
3L	11408790	11408821	Deletion	31
3L	11408790	11408833	Deletion	43
3L	11408790	11408888	Deletion	98
3L	11408790	11408834	Deletion	44
3L	11408790	11408843	Deletion	53
3L	11408790	11408906	Deletion	116
3L	11408790	11408857	Deletion	67
3L	11408790	11408862	Deletion	72
3L	11420167	11420273	Deletion	106
3L	11420179	11420273	Deletion	94
3L	11420184	11420273	Deletion	89
3L	11420216	11420273	Deletion	57
3L	11420222	11420273	Deletion	51
3L	11420227	11420273	Deletion	46
3L	11429490	11420273	Deletion	9217
3L	11429490	11429572	Deletion	82
3L	11429490	11429593	Deletion	103
3L	11429490	11429561	Deletion	71
3L	11429490	11429529	Deletion	39
3L	11429490	11429604	Deletion	114
3L	11429490	11429524	Deletion	34
3L	11441590	11441659	Deletion	69
3L	11445772	11441659	Deletion	4113
3L	11445772	11445802	Deletion	30
3L	11445772	11445875	Deletion	103
3L	11445772	11445829	Deletion	57
3L	11461764	11461815	Deletion	51
3L	11462207	11461815	Deletion	392
3L	11462207	11462282	Deletion	75
3L	11462207	11462247	Deletion	40
3L	11462207	11462328	Deletion	121
3L	11465851	11465921	Deletion	70
3L	11465869	11465921	Deletion	52
3L	11465891	11465921	Deletion	30
3L	11466312	11465921	Deletion	391
3L	11466312	11466409	Deletion	97
3L	11466312	11466369	Deletion	57
3L	11466312	11466410	Deletion	98
3L	11466312	11466387	Deletion	75
3L	11469909	11469967	Deletion	58
3L	11469921	11469967	Deletion	46
3L	11469925	11469967	Deletion	42
3L	11479232	11469967	Deletion	9265
3L	11479232	11479314	Deletion	82
3L	11479232	11479302	Deletion	70
3L	11502199	11502294	Deletion	95
3L	11502199	11502321	Deletion	122
3L	11502199	11502319	Deletion	120
3L	11520790	11520902	Deletion	112
3L	11520797	11520902	Deletion	105
3L	11520817	11520902	Deletion	85
3L	11520833	11520902	Deletion	69
3L	11520836	11520902	Deletion	66
3L	11520865	11520902	Deletion	37
3L	11523435	11520902	Deletion	2533
3L	11523435	11523548	Deletion	113
3L	11523435	11523476	Deletion	41
3L	11523435	11523524	Deletion	89
3L	11523435	11523541	Deletion	106
3L	11523435	11523492	Deletion	57
3L	11523435	11523495	Deletion	60
3L	11530901	11530972	Deletion	71
3L	11530939	11530972	Deletion	33
3L	11571804	11571801	Deletion	3
3L	11582290	11582384	Deletion	94
3L	11582290	11582389	Deletion	99
3L	11582290	11582346	Deletion	56
3L	11584880	11584951	Deletion	71
3L	11584883	11584951	Deletion	68
3L	11584887	11584951	Deletion	64
3L	11584897	11584951	Deletion	54
3L	11584911	11584951	Deletion	40
3L	11589300	11584951	Deletion	4349
3L	11589300	11589386	Deletion	86
3L	11589300	11589355	Deletion	55
3L	11589300	11589362	Deletion	62
3L	11589300	11589358	Deletion	58
3L	11589300	11589372	Deletion	72
3L	11589300	11589412	Deletion	112
3L	11601375	11601473	Deletion	98
3L	11601381	11601473	Deletion	92
3L	11601395	11601473	Deletion	78
3L	11601415	11601473	Deletion	58
3L	11601424	11601473	Deletion	49
3L	11601430	11601473	Deletion	43
3L	11601440	11601473	Deletion	33
3L	11604148	11601473	Deletion	2675
3L	11604148	11604254	Deletion	106
3L	11604148	11604225	Deletion	77
3L	11604148	11604231	Deletion	83
3L	11604148	11604272	Deletion	124
3L	11604148	11604196	Deletion	48
3L	11604148	11604216	Deletion	68
3L	11604148	11604182	Deletion	34
3L	11604148	11604255	Deletion	107
3L	11621225	11621298	Deletion	73
3L	11621232	11621298	Deletion	66
3L	11621245	11621298	Deletion	53
3L	11621933	11621298	Deletion	635
3L	11621933	11622032	Deletion	99
3L	11621933	11621994	Deletion	61
3L	11621933	11622055	Deletion	122
3L	11621933	11622049	Deletion	116
3L	11621933	11622034	Deletion	101
3L	11621933	11622007	Deletion	74
3L	11621933	11621987	Deletion	54
3L	11626780	11626877	Deletion	97
3L	11626810	11626877	Deletion	67
3L	11634979	11626877	Deletion	8102
3L	11634979	11635038	Deletion	59
3L	11634979	11635082	Deletion	103
3L	11634979	11635076	Deletion	97
3L	11655655	11655731	Deletion	76
3L	11655687	11655731	Deletion	44
3L	11656287	11655731	Deletion	556
3L	11656287	11656411	Deletion	124
3L	11656287	11656370	Deletion	83
3L	11656287	11656319	Deletion	32
3L	11656291	11656399	Deletion	108
3L	11667005	11667073	Deletion	68
3L	11667009	11667073	Deletion	64
3L	11667034	11667073	Deletion	39
3L	11696234	11667073	Deletion	29161
3L	11696234	11696321	Deletion	87
3L	11696234	11696297	Deletion	63
3L	11696234	11696342	Deletion	108
3L	11718435	11718542	Deletion	107
3L	11718449	11718542	Deletion	93
3L	11718458	11718542	Deletion	84
3L	11721782	11718542	Deletion	3240
3L	11721782	11721816	Deletion	34
3L	11728225	11728283	Deletion	58
3L	11728246	11728283	Deletion	37
3L	11728380	11728283	Deletion	97
3L	11728380	11728469	Deletion	89
3L	11728380	11728480	Deletion	100
3L	11728382	11728448	Deletion	66
3L	11746273	11746351	Deletion	78
3L	11746304	11746342	Deletion	38
3L	11747049	11746351	Deletion	698
3L	11747049	11747156	Deletion	107
3L	11747049	11747153	Deletion	104
3L	11747049	11747097	Deletion	48
3L	11747049	11747128	Deletion	79
3L	11748110	11748222	Deletion	112
3L	11748131	11748222	Deletion	91
3L	11748167	11748222	Deletion	55
3L	11748283	11748222	Deletion	61
3L	11748283	11748388	Deletion	105
3L	11748283	11748319	Deletion	36
3L	11748283	11748355	Deletion	72
3L	11748283	11748407	Deletion	124
3L	11762340	11762428	Deletion	88
3L	11762356	11762428	Deletion	72
3L	11762358	11762428	Deletion	70
3L	11762360	11762428	Deletion	68
3L	11762385	11762428	Deletion	43
3L	11762391	11762428	Deletion	37
3L	11774947	11762428	Deletion	12519
3L	11774947	11775030	Deletion	83
3L	11774947	11775001	Deletion	54
3L	11774947	11774985	Deletion	38
3L	11774947	11775036	Deletion	89
3L	11774947	11775003	Deletion	56
3L	11778648	11778707	Deletion	59
3L	11783096	11778707	Deletion	4389
3L	11783096	11783166	Deletion	70
3L	11783096	11783164	Deletion	68
3L	11797326	11797428	Deletion	102
3L	11797331	11797428	Deletion	97
3L	11797335	11797428	Deletion	93
3L	11797351	11797428	Deletion	77
3L	11797357	11797428	Deletion	71
3L	11797394	11797428	Deletion	34
3L	11798194	11797428	Deletion	766
3L	11798194	11798224	Deletion	30
3L	11798194	11798287	Deletion	93
3L	11798194	11798250	Deletion	56
3L	11798197	11798228	Deletion	31
3L	11806058	11806138	Deletion	80
3L	11806061	11806138	Deletion	77
3L	11806067	11806138	Deletion	71
3L	11806085	11806138	Deletion	53
3L	11806093	11806138	Deletion	45
3L	11806094	11806138	Deletion	44
3L	11834885	11806138	Deletion	28747
3L	11834885	11834967	Deletion	82
3L	11834885	11834931	Deletion	46
3L	11834885	11834940	Deletion	55
3L	11834885	11834966	Deletion	81
3L	11834885	11834985	Deletion	100
3L	11834885	11834934	Deletion	49
3L	11870508	11870604	Deletion	96
3L	11870531	11870604	Deletion	73
3L	11870551	11870604	Deletion	53
3L	11870652	11870604	Deletion	48
3L	11870652	11870686	Deletion	34
3L	11870652	11870754	Deletion	102
3L	11870652	11870685	Deletion	33
3L	11870652	11870773	Deletion	121
3L	11870652	11870729	Deletion	77
3L	11872947	11873018	Deletion	71
3L	11872948	11873018	Deletion	70
3L	11872951	11873018	Deletion	67
3L	11872975	11873018	Deletion	43
3L	11873975	11873018	Deletion	957
3L	11873975	11874017	Deletion	42
3L	11873975	11874031	Deletion	56
3L	11873975	11874058	Deletion	83
3L	11885525	11885630	Deletion	105
3L	11885526	11885630	Deletion	104
3L	11885561	11885630	Deletion	69
3L	11885566	11885629	Deletion	63
3L	11885599	11885630	Deletion	31
3L	11887273	11885630	Deletion	1643
3L	11887273	11887368	Deletion	95
3L	11887273	11887330	Deletion	57
3L	11890705	11890775	Deletion	70
3L	11891647	11890775	Deletion	872
3L	11891647	11891748	Deletion	101
3L	11891647	11891677	Deletion	30
3L	11915644	11915722	Deletion	78
3L	11915658	11915722	Deletion	64
3L	11918038	11915722	Deletion	2316
3L	11918038	11918086	Deletion	48
3L	11922177	11922269	Deletion	92
3L	11922322	11922269	Deletion	53
3L	11922322	11922356	Deletion	34
3L	11922322	11922391	Deletion	69
3L	11922710	11922823	Deletion	113
3L	11922717	11922823	Deletion	106
3L	11922743	11922823	Deletion	80
3L	11922748	11922823	Deletion	75
3L	11922752	11922823	Deletion	71
3L	11922758	11922823	Deletion	65
3L	11922793	11922823	Deletion	30
3L	11923688	11922823	Deletion	865
3L	11923688	11923785	Deletion	97
3L	11923688	11923734	Deletion	46
3L	11923688	11923739	Deletion	51
3L	11923688	11923784	Deletion	96
3L	11923872	11923994	Deletion	122
3L	11923876	11923994	Deletion	118
3L	11923882	11923994	Deletion	112
3L	11923906	11923994	Deletion	88
3L	11923907	11923994	Deletion	87
3L	11923927	11923994	Deletion	67
3L	11923942	11923994	Deletion	52
3L	11924919	11923994	Deletion	925
3L	11924919	11924957	Deletion	38
3L	11924919	11924993	Deletion	74
3L	11924919	11924958	Deletion	39
3L	11924919	11925040	Deletion	121
3L	11936750	11936850	Deletion	100
3L	11936797	11936851	Deletion	54
3L	11936805	11936851	Deletion	46
3L	11944787	11936851	Deletion	7936
3L	11944787	11944898	Deletion	111
3L	11944787	11944868	Deletion	81
3L	11944787	11944860	Deletion	73
3L	11946014	11946065	Deletion	51
3L	11946018	11946065	Deletion	47
3L	11946119	11946065	Deletion	54
3L	11946119	11946198	Deletion	79
3L	11946119	11946194	Deletion	75
3L	11947840	11947948	Deletion	108
3L	11947852	11947948	Deletion	96
3L	11947857	11947948	Deletion	91
3L	11947872	11947948	Deletion	76
3L	11947910	11947948	Deletion	38
3L	11947912	11947948	Deletion	36
3L	11948494	11947948	Deletion	546
3L	11948494	11948582	Deletion	88
3L	11948494	11948544	Deletion	50
3L	11948494	11948529	Deletion	35
3L	11948494	11948524	Deletion	30
3L	11948494	11948584	Deletion	90
3L	11948494	11948607	Deletion	113
3L	11951729	11951837	Deletion	108
3L	11951729	11951784	Deletion	55
3L	11966196	11966230	Deletion	34
3L	11968444	11966230	Deletion	2214
3L	11968444	11968520	Deletion	76
3L	11968444	11968564	Deletion	120
3L	11968444	11968550	Deletion	106
3L	11968444	11968559	Deletion	115
3L	11968444	11968537	Deletion	93
3L	11977005	11977109	Deletion	104
3L	11977013	11977109	Deletion	96
3L	11977014	11977109	Deletion	95
3L	11977022	11977109	Deletion	87
3L	11977032	11977109	Deletion	77
3L	11977071	11977109	Deletion	38
3L	11989791	11977109	Deletion	12682
3L	11989791	11989896	Deletion	105
3L	11989791	11989821	Deletion	30
3L	11989791	11989822	Deletion	31
3L	11989791	11989900	Deletion	109
3L	11989791	11989830	Deletion	39
3L	11989791	11989879	Deletion	88
3L	11992886	11993005	Deletion	119
3L	11992894	11993005	Deletion	111
3L	11992907	11993005	Deletion	98
3L	11992913	11993005	Deletion	92
3L	11992928	11993005	Deletion	77
3L	11992955	11993005	Deletion	50
3L	11992957	11993005	Deletion	48
3L	11992963	11993005	Deletion	42
3L	11993055	11993005	Deletion	50
3L	11993055	11993139	Deletion	84
3L	11993055	11993179	Deletion	124
3L	11993055	11993131	Deletion	76
3L	11993055	11993104	Deletion	49
3L	11993059	11993089	Deletion	30
3L	11994366	11994455	Deletion	89
3L	11994387	11994455	Deletion	68
3L	11994389	11994455	Deletion	66
3L	11994395	11994455	Deletion	60
3L	11994404	11994455	Deletion	51
3L	11994406	11994455	Deletion	49
3L	11994422	11994455	Deletion	33
3L	11994954	11994455	Deletion	499
3L	11994954	11995049	Deletion	95
3L	11994954	11995022	Deletion	68
3L	11994954	11995014	Deletion	60
3L	11994954	11994993	Deletion	39
3L	11994954	11994990	Deletion	36
3L	11994954	11995059	Deletion	105
3L	11994954	11995031	Deletion	77
3L	11994954	11995016	Deletion	62
3L	12006125	12006045	Deletion	80
3L	12006125	12006242	Deletion	117
3L	12006125	12006225	Deletion	100
3L	12026398	12026440	Deletion	42
3L	12026402	12026440	Deletion	38
3L	12026406	12026440	Deletion	34
3L	12027865	12026440	Deletion	1425
3L	12027865	12027949	Deletion	84
3L	12027865	12027953	Deletion	88
3L	12027865	12027973	Deletion	108
3L	12027865	12027957	Deletion	92
3L	12042439	12042542	Deletion	103
3L	12042462	12042542	Deletion	80
3L	12042486	12042542	Deletion	56
3L	12042681	12042542	Deletion	139
3L	12042681	12042727	Deletion	46
3L	12042681	12042783	Deletion	102
3L	12042681	12042751	Deletion	70
3L	12043007	12043112	Deletion	105
3L	12043009	12043112	Deletion	103
3L	12043023	12043112	Deletion	89
3L	12043042	12043112	Deletion	70
3L	12050964	12043112	Deletion	7852
3L	12050964	12051001	Deletion	37
3L	12051104	12051191	Deletion	87
3L	12051141	12051191	Deletion	50
3L	12051143	12051191	Deletion	48
3L	12051160	12051191	Deletion	31
3L	12062492	12051191	Deletion	11301
3L	12062492	12062587	Deletion	95
3L	12062492	12062585	Deletion	93
3L	12062492	12062522	Deletion	30
3L	12062492	12062531	Deletion	39
3L	12062492	12062570	Deletion	78
3L	12062492	12062568	Deletion	76
3L	12079230	12079278	Deletion	48
3L	12079235	12079278	Deletion	43
3L	12084384	12079278	Deletion	5106
3L	12084384	12084462	Deletion	78
3L	12084384	12084481	Deletion	97
3L	12084384	12084467	Deletion	83
3L	12084384	12084416	Deletion	32
3L	12095607	12095701	Deletion	94
3L	12095618	12095701	Deletion	83
3L	12095644	12095701	Deletion	57
3L	12095671	12095701	Deletion	30
3L	12095910	12095701	Deletion	209
3L	12095910	12095942	Deletion	32
3L	12095910	12096028	Deletion	118
3L	12095910	12096006	Deletion	96
3L	12095910	12095953	Deletion	43
3L	12095910	12096008	Deletion	98
3L	12095910	12096021	Deletion	111
3L	12095910	12096031	Deletion	121
3L	12096207	12096328	Deletion	121
3L	12096214	12096328	Deletion	114
3L	12096215	12096328	Deletion	113
3L	12096235	12096328	Deletion	93
3L	12096249	12096328	Deletion	79
3L	12096253	12096328	Deletion	75
3L	12096298	12096328	Deletion	30
3L	12101426	12096328	Deletion	5098
3L	12101426	12101524	Deletion	98
3L	12101426	12101461	Deletion	35
3L	12101426	12101479	Deletion	53
3L	12111232	12111323	Deletion	91
3L	12111269	12111323	Deletion	54
3L	12111277	12111323	Deletion	46
3L	12111282	12111323	Deletion	41
3L	12115804	12111323	Deletion	4481
3L	12115804	12115909	Deletion	105
3L	12115804	12115840	Deletion	36
3L	12115804	12115876	Deletion	72
3L	12115804	12115889	Deletion	85
3L	12115804	12115884	Deletion	80
3L	12128770	12128819	Deletion	49
3L	12128772	12128819	Deletion	47
3L	12128789	12128819	Deletion	30
3L	12129613	12128819	Deletion	794
3L	12129613	12129717	Deletion	104
3L	12129613	12129732	Deletion	119
3L	12129613	12129692	Deletion	79
3L	12129613	12129643	Deletion	30
3L	12129613	12129690	Deletion	77
3L	12129613	12129721	Deletion	108
3L	12129613	12129709	Deletion	96
3L	12154319	12154420	Deletion	101
3L	12154365	12154420	Deletion	55
3L	12154655	12154420	Deletion	235
3L	12154655	12154766	Deletion	111
3L	12154655	12154764	Deletion	109
3L	12184322	12184407	Deletion	85
3L	12184338	12184407	Deletion	69
3L	12184352	12184407	Deletion	55
3L	12184365	12184407	Deletion	42
3L	12184374	12184402	Deletion	28
3L	12184461	12184407	Deletion	54
3L	12184461	12184518	Deletion	57
3L	12184461	12184532	Deletion	71
3L	12184461	12184567	Deletion	106
3L	12184461	12184545	Deletion	84
3L	12184461	12184502	Deletion	41
3L	12184461	12184497	Deletion	36
3L	12189088	12189190	Deletion	102
3L	12189139	12189190	Deletion	51
3L	12189148	12189190	Deletion	42
3L	12189157	12189190	Deletion	33
3L	12193236	12189190	Deletion	4046
3L	12193236	12193351	Deletion	115
3L	12193236	12193331	Deletion	95
3L	12193236	12193313	Deletion	77
3L	12197401	12194548	Deletion	2853
3L	12197401	12197507	Deletion	106
3L	12197401	12197491	Deletion	90
3L	12205648	12205755	Deletion	107
3L	12205652	12205755	Deletion	103
3L	12205687	12205755	Deletion	68
3L	12220872	12205755	Deletion	15117
3L	12220872	12220980	Deletion	108
3L	12234904	12234982	Deletion	78
3L	12234941	12234982	Deletion	41
3L	12235086	12234982	Deletion	104
3L	12235086	12235135	Deletion	49
3L	12235086	12235172	Deletion	86
3L	12269132	12269236	Deletion	104
3L	12269143	12269236	Deletion	93
3L	12269150	12269236	Deletion	86
3L	12269154	12269236	Deletion	82
3L	12269168	12269236	Deletion	68
3L	12269172	12269236	Deletion	64
3L	12273688	12269236	Deletion	4452
3L	12273688	12273793	Deletion	105
3L	12273688	12273795	Deletion	107
3L	12273688	12273746	Deletion	58
3L	12273688	12273721	Deletion	33
3L	12273688	12273786	Deletion	98
3L	12273688	12273728	Deletion	40
3L	12273688	12273732	Deletion	44
3L	12308424	12308538	Deletion	114
3L	12308429	12308538	Deletion	109
3L	12308431	12308538	Deletion	107
3L	12308441	12308538	Deletion	97
3L	12308464	12308538	Deletion	74
3L	12308467	12308538	Deletion	71
3L	12314286	12308538	Deletion	5748
3L	12314286	12314391	Deletion	105
3L	12314286	12314338	Deletion	52
3L	12314286	12314385	Deletion	99
3L	12337556	12337617	Deletion	61
3L	12338717	12337617	Deletion	1100
3L	12338717	12338783	Deletion	66
3L	12338717	12338832	Deletion	115
3L	12347366	12347458	Deletion	92
3L	12347506	12347542	Deletion	36
3L	12347507	12347536	Deletion	29
3L	12360466	12360416	Deletion	50
3L	12360466	12360587	Deletion	121
3L	12360466	12360565	Deletion	99
3L	12360466	12360581	Deletion	115
3L	12364740	12364812	Deletion	72
3L	12364768	12364812	Deletion	44
3L	12367396	12364812	Deletion	2584
3L	12367396	12367452	Deletion	56
3L	12367396	12367480	Deletion	84
3L	12367396	12367444	Deletion	48
3L	12367749	12367863	Deletion	114
3L	12367777	12367863	Deletion	86
3L	12368999	12367863	Deletion	1136
3L	12368999	12369118	Deletion	119
3L	12368999	12369100	Deletion	101
3L	12372338	12372425	Deletion	87
3L	12372379	12372425	Deletion	46
3L	12374221	12372425	Deletion	1796
3L	12374221	12374302	Deletion	81
3L	12392976	12393037	Deletion	61
3L	12392988	12393037	Deletion	49
3L	12393106	12393037	Deletion	69
3L	12393106	12393171	Deletion	65
3L	12393106	12393148	Deletion	42
3L	12393106	12393213	Deletion	107
3L	12393106	12393226	Deletion	120
3L	12396797	12396882	Deletion	85
3L	12396816	12396882	Deletion	66
3L	12396821	12396882	Deletion	61
3L	12396847	12396882	Deletion	35
3L	12397899	12396882	Deletion	1017
3L	12397899	12397940	Deletion	41
3L	12397899	12397964	Deletion	65
3L	12397899	12397959	Deletion	60
3L	12408129	12408176	Deletion	47
3L	12409182	12408176	Deletion	1006
3L	12409182	12409262	Deletion	80
3L	12409182	12409304	Deletion	122
3L	12417451	12417556	Deletion	105
3L	12417457	12417556	Deletion	99
3L	12417477	12417556	Deletion	79
3L	12417487	12417556	Deletion	69
3L	12417488	12417556	Deletion	68
3L	12417806	12417556	Deletion	250
3L	12417806	12417913	Deletion	107
3L	12417806	12417864	Deletion	58
3L	12417806	12417927	Deletion	121
3L	12417806	12417863	Deletion	57
3L	12435618	12435716	Deletion	98
3L	12435636	12435716	Deletion	80
3L	12435647	12435716	Deletion	69
3L	12435674	12435716	Deletion	42
3L	12440434	12435716	Deletion	4718
3L	12440434	12440554	Deletion	120
3L	12440434	12440519	Deletion	85
3L	12440434	12440492	Deletion	58
3L	12445913	12445967	Deletion	54
3L	12450972	12445967	Deletion	5005
3L	12450972	12451045	Deletion	73
3L	12450972	12451006	Deletion	34
3L	12472575	12459063	Deletion	13512
3L	12472575	12472691	Deletion	116
3L	12479160	12479212	Deletion	52
3L	12479167	12479212	Deletion	45
3L	12479175	12479212	Deletion	37
3L	12481257	12479212	Deletion	2045
3L	12481257	12481347	Deletion	90
3L	12481257	12481372	Deletion	115
3L	12481257	12481363	Deletion	106
3L	12481257	12481332	Deletion	75
3L	12507735	12507832	Deletion	97
3L	12507744	12507832	Deletion	88
3L	12507764	12507832	Deletion	68
3L	12507798	12507832	Deletion	34
3L	12522090	12522203	Deletion	113
3L	12522090	12522131	Deletion	41
3L	12522090	12522198	Deletion	108
3L	12522090	12522185	Deletion	95
3L	12522090	12522151	Deletion	61
3L	12522090	12522191	Deletion	101
3L	12534786	12534890	Deletion	104
3L	12534809	12534890	Deletion	81
3L	12534816	12534890	Deletion	74
3L	12534841	12534890	Deletion	49
3L	12534856	12534890	Deletion	34
3L	12535058	12534890	Deletion	168
3L	12535058	12535111	Deletion	53
3L	12535058	12535136	Deletion	78
3L	12535058	12535104	Deletion	46
3L	12542077	12539517	Deletion	2560
3L	12542077	12542157	Deletion	80
3L	12557643	12557722	Deletion	79
3L	12557691	12557722	Deletion	31
3L	12565951	12557722	Deletion	8229
3L	12565951	12566048	Deletion	97
3L	12565951	12566000	Deletion	49
3L	12565951	12566058	Deletion	107
3L	12589614	12589736	Deletion	122
3L	12589640	12589736	Deletion	96
3L	12589667	12589736	Deletion	69
3L	12589690	12589736	Deletion	46
3L	12592353	12589736	Deletion	2617
3L	12592353	12592411	Deletion	58
3L	12592353	12592434	Deletion	81
3L	12592353	12592465	Deletion	112
3L	12596983	12597098	Deletion	115
3L	12597013	12597098	Deletion	85
3L	12597017	12597098	Deletion	81
3L	12597018	12597098	Deletion	80
3L	12597022	12597098	Deletion	76
3L	12597052	12597098	Deletion	46
3L	12597059	12597098	Deletion	39
3L	12598868	12597098	Deletion	1770
3L	12598868	12598949	Deletion	81
3L	12598868	12598981	Deletion	113
3L	12598868	12598915	Deletion	47
3L	12598868	12598969	Deletion	101
3L	12598868	12598919	Deletion	51
3L	12598868	12598914	Deletion	46
3L	12598868	12598956	Deletion	88
3L	12604230	12604317	Deletion	87
3L	12604243	12604317	Deletion	74
3L	12604530	12604317	Deletion	213
3L	12604530	12604584	Deletion	54
3L	12604530	12604641	Deletion	111
3L	12604530	12604630	Deletion	100
3L	12604530	12604570	Deletion	40
3L	12605352	12605460	Deletion	108
3L	12605354	12605460	Deletion	106
3L	12605357	12605460	Deletion	103
3L	12605373	12605460	Deletion	87
3L	12605387	12605460	Deletion	73
3L	12606066	12605460	Deletion	606
3L	12606066	12606105	Deletion	39
3L	12646309	12646426	Deletion	117
3L	12646315	12646426	Deletion	111
3L	12646341	12646426	Deletion	85
3L	12646347	12646426	Deletion	79
3L	12646357	12646426	Deletion	69
3L	12646369	12646426	Deletion	57
3L	12660581	12646426	Deletion	14155
3L	12660581	12660622	Deletion	41
3L	12660581	12660697	Deletion	116
3L	12660581	12660638	Deletion	57
3L	12660581	12660650	Deletion	69
3L	12661009	12661101	Deletion	92
3L	12661012	12661101	Deletion	89
3L	12661047	12661101	Deletion	54
3L	12661063	12661101	Deletion	38
3L	12670005	12661101	Deletion	8904
3L	12670012	12670101	Deletion	89
3L	12670012	12670044	Deletion	32
3L	12670012	12670050	Deletion	38
3L	12670012	12670085	Deletion	73
3L	12692103	12692207	Deletion	104
3L	12692151	12692207	Deletion	56
3L	12692163	12692207	Deletion	44
3L	12692165	12692207	Deletion	42
3L	12692172	12692207	Deletion	35
3L	12695452	12692207	Deletion	3245
3L	12695452	12695534	Deletion	82
3L	12695452	12695522	Deletion	70
3L	12695452	12695543	Deletion	91
3L	12700161	12700267	Deletion	106
3L	12700187	12700267	Deletion	80
3L	12700202	12700267	Deletion	65
3L	12700220	12700267	Deletion	47
3L	12700231	12700267	Deletion	36
3L	12710964	12700267	Deletion	10697
3L	12710964	12711034	Deletion	70
3L	12710964	12711088	Deletion	124
3L	12710964	12711080	Deletion	116
3L	12710964	12711019	Deletion	55
3L	12710964	12711063	Deletion	99
3L	12732749	12732841	Deletion	92
3L	12732787	12732841	Deletion	54
3L	12732803	12732841	Deletion	38
3L	12743121	12732841	Deletion	10280
3L	12743121	12743209	Deletion	88
3L	12743121	12743155	Deletion	34
3L	12769992	12770072	Deletion	80
3L	12769997	12770072	Deletion	75
3L	12770030	12770072	Deletion	42
3L	12770033	12770072	Deletion	39
3L	12770285	12770369	Deletion	84
3L	12770285	12770372	Deletion	87
3L	12770285	12770406	Deletion	121
3L	12770285	12770336	Deletion	51
3L	12770285	12770383	Deletion	98
3L	12770285	12770329	Deletion	44
3L	12774837	12774904	Deletion	67
3L	12774847	12774904	Deletion	57
3L	12774851	12774904	Deletion	53
3L	12776055	12774904	Deletion	1151
3L	12776055	12776126	Deletion	71
3L	12776055	12776130	Deletion	75
3L	12778768	12778859	Deletion	91
3L	12778799	12778859	Deletion	60
3L	12778804	12778859	Deletion	55
3L	12778823	12778859	Deletion	36
3L	12791768	12778859	Deletion	12909
3L	12791768	12791840	Deletion	72
3L	12791768	12791835	Deletion	67
3L	12791768	12791886	Deletion	118
3L	12791768	12791804	Deletion	36
3L	12799824	12799926	Deletion	102
3L	12800027	12799926	Deletion	101
3L	12805950	12806054	Deletion	104
3L	12805959	12806054	Deletion	95
3L	12805976	12806054	Deletion	78
3L	12805977	12806054	Deletion	77
3L	12805983	12806054	Deletion	71
3L	12805992	12806054	Deletion	62
3L	12805993	12806054	Deletion	61
3L	12805994	12806054	Deletion	60
3L	12805999	12806054	Deletion	55
3L	12806010	12806054	Deletion	44
3L	12806013	12806054	Deletion	41
3L	12806016	12806054	Deletion	38
3L	12809218	12806054	Deletion	3164
3L	12809218	12809280	Deletion	62
3L	12809218	12809291	Deletion	73
3L	12809218	12809256	Deletion	38
3L	12809218	12809310	Deletion	92
3L	12809218	12809296	Deletion	78
3L	12809218	12809289	Deletion	71
3L	12809218	12809274	Deletion	56
3L	12809218	12809307	Deletion	89
3L	12809218	12809313	Deletion	95
3L	12809218	12809290	Deletion	72
3L	12845355	12845409	Deletion	54
3L	12846613	12845409	Deletion	1204
3L	12846613	12846735	Deletion	122
3L	12846613	12846685	Deletion	72
3L	12846613	12846658	Deletion	45
3L	12870044	12870102	Deletion	58
3L	12870057	12870102	Deletion	45
3L	12871174	12870102	Deletion	1072
3L	12871174	12871291	Deletion	117
3L	12871174	12871272	Deletion	98
3L	12871174	12871242	Deletion	68
3L	12871180	12871236	Deletion	56
3L	12878300	12878393	Deletion	93
3L	12878303	12878393	Deletion	90
3L	12878311	12878393	Deletion	82
3L	12878347	12878393	Deletion	46
3L	12883989	12878393	Deletion	5596
3L	12883989	12884022	Deletion	33
3L	12883989	12884033	Deletion	44
3L	12883989	12884025	Deletion	36
3L	12883989	12884092	Deletion	103
3L	12884370	12884447	Deletion	77
3L	12884402	12884447	Deletion	45
3L	12884528	12884447	Deletion	81
3L	12884528	12884609	Deletion	81
3L	12884528	12884558	Deletion	30
3L	12884528	12884577	Deletion	49
3L	12887411	12887504	Deletion	93
3L	12887412	12887504	Deletion	92
3L	12887440	12887504	Deletion	64
3L	12887443	12887504	Deletion	61
3L	12887457	12887504	Deletion	47
3L	12888157	12887504	Deletion	653
3L	12888157	12888219	Deletion	62
3L	12888157	12888222	Deletion	65
3L	12888157	12888260	Deletion	103
3L	12888157	12888190	Deletion	33
3L	12895634	12895207	Deletion	427
3L	12895634	12895734	Deletion	100
3L	12970328	12970429	Deletion	101
3L	12970387	12970429	Deletion	42
3L	12972904	12970427	Deletion	2477
3L	12977816	12977915	Deletion	99
3L	12977849	12977915	Deletion	66
3L	12977878	12977915	Deletion	37
3L	12978145	12977915	Deletion	230
3L	12978145	12978248	Deletion	103
3L	12978145	12978252	Deletion	107
3L	12978145	12978175	Deletion	30
3L	12978145	12978208	Deletion	63
3L	12983716	12983785	Deletion	69
3L	12983732	12983785	Deletion	53
3L	12983753	12983785	Deletion	32
3L	12984165	12983785	Deletion	380
3L	12984165	12984259	Deletion	94
3L	12984165	12984211	Deletion	46
3L	12984165	12984238	Deletion	73
3L	12984165	12984271	Deletion	106
3L	12987742	12987805	Deletion	63
3L	12987748	12987805	Deletion	57
3L	12987761	12987805	Deletion	44
3L	12987960	12987805	Deletion	155
3L	12987960	12988023	Deletion	63
3L	12987960	12988071	Deletion	111
3L	12987960	12988029	Deletion	69
3L	12994220	12994272	Deletion	52
3L	12994431	12994272	Deletion	159
3L	12994431	12994547	Deletion	116
3L	12994431	12994536	Deletion	105
3L	13000082	13000189	Deletion	107
3L	13000088	13000189	Deletion	101
3L	13000090	13000189	Deletion	99
3L	13000098	13000189	Deletion	91
3L	13000110	13000189	Deletion	79
3L	13000127	13000189	Deletion	62
3L	13000145	13000189	Deletion	44
3L	13000150	13000189	Deletion	39
3L	13015857	13000189	Deletion	15668
3L	13015857	13015942	Deletion	85
3L	13015857	13015887	Deletion	30
3L	13015857	13015947	Deletion	90
3L	13015857	13015895	Deletion	38
3L	13015857	13015907	Deletion	50
3L	13015857	13015969	Deletion	112
3L	13024545	13024624	Deletion	79
3L	13024581	13024624	Deletion	43
3L	13024585	13024624	Deletion	39
3L	13025659	13024624	Deletion	1035
3L	13025659	13025706	Deletion	47
3L	13025659	13025742	Deletion	83
3L	13025659	13025746	Deletion	87
3L	13028814	13028883	Deletion	69
3L	13028827	13028883	Deletion	56
3L	13029293	13028883	Deletion	410
3L	13029293	13029364	Deletion	71
3L	13029293	13029351	Deletion	58
3L	13029293	13029397	Deletion	104
3L	13032900	13033001	Deletion	101
3L	13032921	13033001	Deletion	80
3L	13032933	13033001	Deletion	68
3L	13032947	13033001	Deletion	54
3L	13041496	13033001	Deletion	8495
3L	13041496	13041542	Deletion	46
3L	13041496	13041600	Deletion	104
3L	13041496	13041568	Deletion	72
3L	13043529	13043637	Deletion	108
3L	13043537	13043637	Deletion	100
3L	13043555	13043637	Deletion	82
3L	13050401	13043637	Deletion	6764
3L	13050401	13050446	Deletion	45
3L	13051812	13051921	Deletion	109
3L	13051815	13051921	Deletion	106
3L	13051830	13051921	Deletion	91
3L	13051857	13051921	Deletion	64
3L	13051891	13051921	Deletion	30
3L	13055224	13051921	Deletion	3303
3L	13055224	13055263	Deletion	39
3L	13055224	13055333	Deletion	109
3L	13055224	13055340	Deletion	116
3L	13055224	13055290	Deletion	66
3L	13061020	13061139	Deletion	119
3L	13061026	13061139	Deletion	113
3L	13061070	13061139	Deletion	69
3L	13061105	13061139	Deletion	34
3L	13061109	13061139	Deletion	30
3L	13065702	13061139	Deletion	4563
3L	13065702	13065798	Deletion	96
3L	13065702	13065813	Deletion	111
3L	13065702	13065794	Deletion	92
3L	13065702	13065759	Deletion	57
3L	13068537	13068638	Deletion	101
3L	13068556	13068638	Deletion	82
3L	13068557	13068638	Deletion	81
3L	13068577	13068638	Deletion	61
3L	13068585	13068638	Deletion	53
3L	13068607	13068638	Deletion	31
3L	13068887	13068638	Deletion	249
3L	13068887	13068985	Deletion	98
3L	13068887	13068955	Deletion	68
3L	13068887	13068963	Deletion	76
3L	13068887	13068995	Deletion	108
3L	13068887	13068996	Deletion	109
3L	13068887	13068935	Deletion	48
3L	13068887	13068994	Deletion	107
3L	13072612	13072723	Deletion	111
3L	13072656	13072723	Deletion	67
3L	13072661	13072723	Deletion	62
3L	13075494	13072723	Deletion	2771
3L	13075494	13075558	Deletion	64
3L	13096974	13097058	Deletion	84
3L	13096984	13097058	Deletion	74
3L	13097021	13097058	Deletion	37
3L	13097625	13097058	Deletion	567
3L	13097625	13097677	Deletion	52
3L	13097625	13097743	Deletion	118
3L	13097625	13097665	Deletion	40
3L	13097625	13097734	Deletion	109
3L	13097625	13097714	Deletion	89
3L	13099257	13099357	Deletion	100
3L	13099314	13099357	Deletion	43
3L	13099316	13099357	Deletion	41
3L	13099319	13099357	Deletion	38
3L	13099325	13099357	Deletion	32
3L	13108404	13108492	Deletion	88
3L	13108404	13108489	Deletion	85
3L	13108404	13108498	Deletion	94
3L	13108404	13108517	Deletion	113
3L	13110262	13110356	Deletion	94
3L	13110282	13110356	Deletion	74
3L	13110319	13110356	Deletion	37
3L	13110323	13110356	Deletion	33
3L	13129882	13110356	Deletion	19526
3L	13129882	13129990	Deletion	108
3L	13129882	13129937	Deletion	55
3L	13129882	13129978	Deletion	96
3L	13129882	13129917	Deletion	35
3L	13136095	13136205	Deletion	110
3L	13136098	13136205	Deletion	107
3L	13136121	13136205	Deletion	84
3L	13136123	13136205	Deletion	82
3L	13137911	13136205	Deletion	1706
3L	13137911	13137955	Deletion	44
3L	13137911	13137957	Deletion	46
3L	13137911	13138011	Deletion	100
3L	13137911	13138031	Deletion	120
3L	13143366	13143452	Deletion	86
3L	13143375	13143452	Deletion	77
3L	13143382	13143452	Deletion	70
3L	13143407	13143452	Deletion	45
3L	13143412	13143452	Deletion	40
3L	13150752	13143452	Deletion	7300
3L	13150752	13150840	Deletion	88
3L	13150752	13150803	Deletion	51
3L	13150752	13150810	Deletion	58
3L	13150752	13150835	Deletion	83
3L	13155720	13155773	Deletion	53
3L	13157249	13157323	Deletion	74
3L	13157249	13157370	Deletion	121
3L	13157249	13157369	Deletion	120
3L	13160808	13160892	Deletion	84
3L	13160826	13160892	Deletion	66
3L	13160831	13160892	Deletion	61
3L	13160842	13160892	Deletion	50
3L	13161070	13160892	Deletion	178
3L	13161070	13161130	Deletion	60
3L	13161070	13161173	Deletion	103
3L	13161070	13161135	Deletion	65
3L	13161070	13161112	Deletion	42
3L	13161070	13161172	Deletion	102
3L	13161070	13161184	Deletion	114
3L	13161260	13161369	Deletion	109
3L	13161267	13161369	Deletion	102
3L	13161270	13161369	Deletion	99
3L	13161303	13161369	Deletion	66
3L	13161314	13161369	Deletion	55
3L	13161315	13161369	Deletion	54
3L	13171287	13161369	Deletion	9918
3L	13171287	13171361	Deletion	74
3L	13171287	13171360	Deletion	73
3L	13193705	13193800	Deletion	95
3L	13193751	13193800	Deletion	49
3L	13193753	13193800	Deletion	47
3L	13193763	13193800	Deletion	37
3L	13200346	13193800	Deletion	6546
3L	13200346	13200448	Deletion	102
3L	13200346	13200378	Deletion	32
3L	13200346	13200468	Deletion	122
3L	13200346	13200424	Deletion	78
3L	13200346	13200426	Deletion	80
3L	13200346	13200444	Deletion	98
3L	13200775	13200835	Deletion	60
3L	13213706	13200835	Deletion	12871
3L	13213706	13213763	Deletion	57
3L	13213720	13213774	Deletion	54
3L	13213738	13213800	Deletion	62
3L	13213764	13213800	Deletion	36
3L	13214028	13213800	Deletion	228
3L	13214028	13214092	Deletion	64
3L	13214028	13214118	Deletion	90
3L	13225144	13215636	Deletion	9508
3L	13249154	13249252	Deletion	98
3L	13249198	13249252	Deletion	54
3L	13249204	13249252	Deletion	48
3L	13249216	13249252	Deletion	36
3L	13254582	13249252	Deletion	5330
3L	13254582	13254672	Deletion	90
3L	13254582	13254654	Deletion	72
3L	13254582	13254693	Deletion	111
3L	13283995	13284090	Deletion	95
3L	13284021	13284090	Deletion	69
3L	13284042	13284090	Deletion	48
3L	13284679	13284086	Deletion	593
3L	13284679	13284710	Deletion	31
3L	13284679	13284736	Deletion	57
3L	13295087	13295178	Deletion	91
3L	13295114	13295178	Deletion	64
3L	13296486	13296521	Deletion	35
3L	13296486	13296548	Deletion	62
3L	13296486	13296609	Deletion	123
3L	13296486	13296588	Deletion	102
3L	13308287	13308381	Deletion	94
3L	13308302	13308381	Deletion	79
3L	13308307	13308381	Deletion	74
3L	13308325	13308381	Deletion	56
3L	13308344	13308381	Deletion	37
3L	13309060	13308381	Deletion	679
3L	13309060	13309109	Deletion	49
3L	13309060	13309094	Deletion	34
3L	13309060	13309151	Deletion	91
3L	13309060	13309114	Deletion	54
3L	13316935	13317035	Deletion	100
3L	13316941	13317035	Deletion	94
3L	13316985	13317035	Deletion	50
3L	13316989	13317035	Deletion	46
3L	13326676	13317035	Deletion	9641
3L	13326676	13326789	Deletion	113
3L	13326676	13326752	Deletion	76
3L	13326676	13326756	Deletion	80
3L	13331844	13331892	Deletion	48
3L	13332690	13331892	Deletion	798
3L	13332690	13332769	Deletion	79
3L	13332690	13332814	Deletion	124
3L	13349739	13349827	Deletion	88
3L	13349743	13349827	Deletion	84
3L	13349750	13349827	Deletion	77
3L	13349763	13349827	Deletion	64
3L	13376266	13349827	Deletion	26439
3L	13376266	13376376	Deletion	110
3L	13376266	13376330	Deletion	64
3L	13376266	13376306	Deletion	40
3L	13376266	13376310	Deletion	44
3L	13377366	13377444	Deletion	78
3L	13377378	13377444	Deletion	66
3L	13377398	13377444	Deletion	46
3L	13377413	13377444	Deletion	31
3L	13383889	13377444	Deletion	6445
3L	13383889	13383969	Deletion	80
3L	13383889	13384008	Deletion	119
3L	13383889	13383949	Deletion	60
3L	13383889	13384010	Deletion	121
3L	13383889	13383937	Deletion	48
3L	13384466	13384539	Deletion	73
3L	13384473	13384539	Deletion	66
3L	13384495	13384539	Deletion	44
3L	13384506	13384539	Deletion	33
3L	13388100	13384539	Deletion	3561
3L	13388100	13388182	Deletion	82
3L	13388100	13388160	Deletion	60
3L	13388100	13388153	Deletion	53
3L	13395395	13395495	Deletion	100
3L	13395414	13395495	Deletion	81
3L	13395415	13395495	Deletion	80
3L	13395423	13395495	Deletion	72
3L	13395442	13395495	Deletion	53
3L	13395443	13395495	Deletion	52
3L	13395445	13395495	Deletion	50
3L	13395447	13395495	Deletion	48
3L	13395448	13395495	Deletion	47
3L	13395464	13395495	Deletion	31
3L	13395556	13395495	Deletion	61
3L	13395556	13395632	Deletion	76
3L	13395556	13395653	Deletion	97
3L	13395556	13395604	Deletion	48
3L	13395556	13395636	Deletion	80
3L	13395556	13395637	Deletion	81
3L	13395556	13395634	Deletion	78
3L	13395556	13395673	Deletion	117
3L	13395556	13395612	Deletion	56
3L	13395556	13395603	Deletion	47
3L	13418434	13418516	Deletion	82
3L	13418441	13418516	Deletion	75
3L	13420059	13418516	Deletion	1543
3L	13420059	13420103	Deletion	44
3L	13420060	13420110	Deletion	50
3L	13426565	13424007	Deletion	2558
3L	13426565	13426684	Deletion	119
3L	13426565	13426602	Deletion	37
3L	13454366	13454454	Deletion	88
3L	13454371	13454454	Deletion	83
3L	13466588	13454454	Deletion	12134
3L	13466588	13466626	Deletion	38
3L	13466588	13466688	Deletion	100
3L	13466588	13466697	Deletion	109
3L	13469211	13469286	Deletion	75
3L	13469228	13469286	Deletion	58
3L	13471844	13471951	Deletion	107
3L	13471844	13471914	Deletion	70
3L	13471844	13471944	Deletion	100
3L	13471844	13471886	Deletion	42
3L	13489503	13489587	Deletion	84
3L	13489507	13489587	Deletion	80
3L	13489538	13489587	Deletion	49
3L	13489539	13489587	Deletion	48
3L	13489547	13489587	Deletion	40
3L	13490476	13489587	Deletion	889
3L	13490476	13490524	Deletion	48
3L	13490476	13490520	Deletion	44
3L	13490476	13490519	Deletion	43
3L	13490476	13490564	Deletion	88
3L	13490476	13490555	Deletion	79
3L	13491751	13491860	Deletion	109
3L	13491755	13491860	Deletion	105
3L	13491795	13491860	Deletion	65
3L	13491814	13491860	Deletion	46
3L	13494022	13491860	Deletion	2162
3L	13494022	13494083	Deletion	61
3L	13494022	13494137	Deletion	115
3L	13511185	13511295	Deletion	110
3L	13511192	13511305	Deletion	113
3L	13511199	13511300	Deletion	101
3L	13511208	13511305	Deletion	97
3L	13511209	13511305	Deletion	96
3L	13511212	13511305	Deletion	93
3L	13511227	13511305	Deletion	78
3L	13511228	13511305	Deletion	77
3L	13511257	13511305	Deletion	48
3L	13511548	13511305	Deletion	243
3L	13511548	13511578	Deletion	30
3L	13511548	13511597	Deletion	49
3L	13511548	13511581	Deletion	33
3L	13511548	13511596	Deletion	48
3L	13511548	13511626	Deletion	78
3L	13519138	13519179	Deletion	41
3L	13525028	13519179	Deletion	5849
3L	13525028	13525146	Deletion	118
3L	13525028	13525133	Deletion	105
3L	13525028	13525067	Deletion	39
3L	13525028	13525126	Deletion	98
3L	13531622	13531697	Deletion	75
3L	13537126	13535947	Deletion	1179
3L	13537126	13537248	Deletion	122
3L	13537832	13537942	Deletion	110
3L	13537834	13537942	Deletion	108
3L	13537841	13537942	Deletion	101
3L	13537851	13537942	Deletion	91
3L	13537887	13537942	Deletion	55
3L	13537890	13537942	Deletion	52
3L	13539001	13537942	Deletion	1059
3L	13539001	13539073	Deletion	72
3L	13539001	13539076	Deletion	75
3L	13539001	13539037	Deletion	36
3L	13550478	13548512	Deletion	1966
3L	13550478	13550591	Deletion	113
3L	13553222	13553327	Deletion	105
3L	13553237	13553327	Deletion	90
3L	13553251	13553327	Deletion	76
3L	13553284	13553327	Deletion	43
3L	13553383	13553327	Deletion	56
3L	13553383	13553419	Deletion	36
3L	13553383	13553433	Deletion	50
3L	13553383	13553466	Deletion	83
3L	13553383	13553446	Deletion	63
3L	13555660	13555764	Deletion	104
3L	13555670	13555764	Deletion	94
3L	13555672	13555764	Deletion	92
3L	13555684	13555764	Deletion	80
3L	13555696	13555764	Deletion	68
3L	13555700	13555764	Deletion	64
3L	13560069	13555764	Deletion	4305
3L	13560069	13560133	Deletion	64
3L	13560069	13560170	Deletion	101
3L	13560069	13560117	Deletion	48
3L	13560069	13560103	Deletion	34
3L	13560069	13560105	Deletion	36
3L	13574900	13574993	Deletion	93
3L	13574912	13574993	Deletion	81
3L	13574919	13574993	Deletion	74
3L	13574931	13574993	Deletion	62
3L	13574935	13574993	Deletion	58
3L	13584431	13584524	Deletion	93
3L	13584431	13584515	Deletion	84
3L	13584431	13584517	Deletion	86
3L	13584431	13584501	Deletion	70
3L	13584431	13584478	Deletion	47
3L	13584431	13584497	Deletion	66
3L	13584431	13584485	Deletion	54
3L	13584431	13584546	Deletion	115
3L	13584431	13584506	Deletion	75
3L	13584431	13584466	Deletion	35
3L	13586354	13586459	Deletion	105
3L	13586381	13586459	Deletion	78
3L	13586393	13586459	Deletion	66
3L	13586404	13586459	Deletion	55
3L	13586421	13586459	Deletion	38
3L	13590352	13586459	Deletion	3893
3L	13590352	13590423	Deletion	71
3L	13590352	13590400	Deletion	48
3L	13590352	13590412	Deletion	60
3L	13641469	13641575	Deletion	106
3L	13641470	13641570	Deletion	100
3L	13641472	13641575	Deletion	103
3L	13641523	13641575	Deletion	52
3L	13642007	13641575	Deletion	432
3L	13668215	13668318	Deletion	103
3L	13668254	13668318	Deletion	64
3L	13668257	13668318	Deletion	61
3L	13668260	13668318	Deletion	58
3L	13668265	13668318	Deletion	53
3L	13668281	13668318	Deletion	37
3L	13668285	13668318	Deletion	33
3L	13668417	13668318	Deletion	99
3L	13668417	13668508	Deletion	91
3L	13668417	13668484	Deletion	67
3L	13668417	13668512	Deletion	95
3L	13668417	13668487	Deletion	70
3L	13668417	13668481	Deletion	64
3L	13670109	13670213	Deletion	104
3L	13670115	13670213	Deletion	98
3L	13670137	13670213	Deletion	76
3L	13670151	13670213	Deletion	62
3L	13671452	13670213	Deletion	1239
3L	13671452	13671504	Deletion	52
3L	13671452	13671518	Deletion	66
3L	13671452	13671576	Deletion	124
3L	13675985	13676057	Deletion	72
3L	13676008	13676057	Deletion	49
3L	13676024	13676057	Deletion	33
3L	13677406	13676057	Deletion	1349
3L	13677406	13677517	Deletion	111
3L	13677406	13677499	Deletion	93
3L	13677406	13677522	Deletion	116
3L	13677411	13677445	Deletion	34
3L	13686753	13686848	Deletion	95
3L	13686808	13686848	Deletion	40
3L	13686809	13686848	Deletion	39
3L	13686817	13686848	Deletion	31
3L	13716815	13686848	Deletion	29967
3L	13716815	13716901	Deletion	86
3L	13716815	13716918	Deletion	103
3L	13716815	13716902	Deletion	87
3L	13723400	13723516	Deletion	116
3L	13723401	13723516	Deletion	115
3L	13723456	13723516	Deletion	60
3L	13723461	13723516	Deletion	55
3L	13723470	13723516	Deletion	46
3L	13726746	13723516	Deletion	3230
3L	13726746	13726862	Deletion	116
3L	13726746	13726861	Deletion	115
3L	13726746	13726815	Deletion	69
3L	13726746	13726820	Deletion	74
3L	13733360	13733469	Deletion	109
3L	13733363	13733469	Deletion	106
3L	13733410	13733469	Deletion	59
3L	13733608	13733469	Deletion	139
3L	13733608	13733720	Deletion	112
3L	13734310	13734368	Deletion	58
3L	13734312	13734368	Deletion	56
3L	13734320	13734368	Deletion	48
3L	13734324	13734368	Deletion	44
3L	13734750	13734368	Deletion	382
3L	13734750	13734868	Deletion	118
3L	13734750	13734818	Deletion	68
3L	13734750	13734820	Deletion	70
3L	13734750	13734828	Deletion	78
3L	13734750	13734874	Deletion	124
3L	13734750	13734832	Deletion	82
3L	13734750	13734867	Deletion	117
3L	13744482	13744586	Deletion	104
3L	13744491	13744586	Deletion	95
3L	13744493	13744586	Deletion	93
3L	13744522	13744586	Deletion	64
3L	13744543	13744586	Deletion	43
3L	13744549	13744586	Deletion	37
3L	13744550	13744586	Deletion	36
3L	13744767	13744586	Deletion	181
3L	13744767	13744801	Deletion	34
3L	13744767	13744889	Deletion	122
3L	13744767	13744857	Deletion	90
3L	13744767	13744858	Deletion	91
3L	13744767	13744888	Deletion	121
3L	13744767	13744830	Deletion	63
3L	13744767	13744851	Deletion	84
3L	13747679	13747792	Deletion	113
3L	13747696	13747792	Deletion	96
3L	13747703	13747792	Deletion	89
3L	13747721	13747792	Deletion	71
3L	13747724	13747792	Deletion	68
3L	13747725	13747792	Deletion	67
3L	13747726	13747792	Deletion	66
3L	13747746	13747792	Deletion	46
3L	13763441	13747792	Deletion	15649
3L	13763441	13763499	Deletion	58
3L	13763441	13763556	Deletion	115
3L	13763441	13763496	Deletion	55
3L	13763441	13763471	Deletion	30
3L	13763441	13763521	Deletion	80
3L	13763441	13763549	Deletion	108
3L	13763441	13763561	Deletion	120
3L	13763441	13763500	Deletion	59
3L	13763441	13763478	Deletion	37
3L	13831426	13831539	Deletion	113
3L	13831442	13831539	Deletion	97
3L	13831456	13831539	Deletion	83
3L	13831481	13831539	Deletion	58
3L	13831502	13831539	Deletion	37
3L	13832276	13831539	Deletion	737
3L	13832276	13832351	Deletion	75
3L	13832276	13832319	Deletion	43
3L	13832277	13832344	Deletion	67
3L	13832301	13832351	Deletion	50
3L	13838247	13832351	Deletion	5896
3L	13838247	13838299	Deletion	52
3L	13838247	13838283	Deletion	36
3L	13838247	13838294	Deletion	47
3L	13838290	13838323	Deletion	33
3L	13838299	13838394	Deletion	95
3L	13838309	13838394	Deletion	85
3L	13838333	13838394	Deletion	61
3L	13838344	13838394	Deletion	50
3L	13841804	13838394	Deletion	3410
3L	13841804	13841881	Deletion	77
3L	13841804	13841846	Deletion	42
3L	13841804	13841870	Deletion	66
3L	13880226	13880337	Deletion	111
3L	13880254	13880332	Deletion	78
3L	13880263	13880337	Deletion	74
3L	13880271	13880337	Deletion	66
3L	13880280	13880337	Deletion	57
3L	13880287	13880337	Deletion	50
3L	13880306	13880337	Deletion	31
3L	13882196	13880337	Deletion	1859
3L	13882196	13882258	Deletion	62
3L	13882196	13882241	Deletion	45
3L	13882196	13882267	Deletion	71
3L	13882196	13882293	Deletion	97
3L	13882196	13882250	Deletion	54
3L	13882196	13882320	Deletion	124
3L	13882196	13882306	Deletion	110
3L	13882906	13882986	Deletion	80
3L	13882939	13882986	Deletion	47
3L	13887461	13882986	Deletion	4475
3L	13887461	13887507	Deletion	46
3L	13887461	13887540	Deletion	79
3L	13887461	13887500	Deletion	39
3L	13950158	13950256	Deletion	98
3L	13950176	13950256	Deletion	80
3L	13950213	13950256	Deletion	43
3L	13950218	13950256	Deletion	38
3L	13950223	13950256	Deletion	33
3L	13950226	13950256	Deletion	30
3L	13951034	13950256	Deletion	778
3L	13951034	13951117	Deletion	83
3L	13951034	13951127	Deletion	93
3L	13951034	13951130	Deletion	96
3L	13951034	13951122	Deletion	88
3L	13970516	13970568	Deletion	52
3L	13970519	13970568	Deletion	49
3L	13972393	13970568	Deletion	1825
3L	13972393	13972467	Deletion	74
3L	13975544	13975625	Deletion	81
3L	13975552	13975625	Deletion	73
3L	13993377	13975625	Deletion	17752
3L	13993377	13993422	Deletion	45
3L	13993379	13993411	Deletion	32
3L	14038630	14038721	Deletion	91
3L	14038640	14038723	Deletion	83
3L	14038644	14038723	Deletion	79
3L	14038673	14038723	Deletion	50
3L	14038674	14038723	Deletion	49
3L	14038691	14038723	Deletion	32
3L	14040552	14038723	Deletion	1829
3L	14040552	14040585	Deletion	33
3L	14040552	14040628	Deletion	76
3L	14040552	14040599	Deletion	47
3L	14040552	14040646	Deletion	94
3L	14040552	14040661	Deletion	109
3L	14040552	14040657	Deletion	105
3L	14040552	14040629	Deletion	77
3L	14040552	14040595	Deletion	43
3L	14040552	14040667	Deletion	115
3L	14046579	14046669	Deletion	90
3L	14046635	14046669	Deletion	34
3L	14048028	14046669	Deletion	1359
3L	14048028	14048063	Deletion	35
3L	14048028	14048151	Deletion	123
3L	14048028	14048144	Deletion	116
3L	14048028	14048065	Deletion	37
3L	14048028	14048121	Deletion	93
3L	14049080	14049164	Deletion	84
3L	14049132	14049164	Deletion	32
3L	14049133	14049164	Deletion	31
3L	14051819	14049164	Deletion	2655
3L	14051819	14051861	Deletion	42
3L	14051819	14051914	Deletion	95
3L	14051819	14051912	Deletion	93
3L	14051819	14051855	Deletion	36
3L	14051819	14051913	Deletion	94
3L	14054896	14054990	Deletion	94
3L	14054912	14054990	Deletion	78
3L	14054915	14054990	Deletion	75
3L	14054919	14054990	Deletion	71
3L	14054920	14054990	Deletion	70
3L	14054936	14054990	Deletion	54
3L	14054957	14054990	Deletion	33
3L	14055282	14054990	Deletion	292
3L	14055282	14055354	Deletion	72
3L	14055282	14055337	Deletion	55
3L	14055282	14055333	Deletion	51
3L	14055282	14055330	Deletion	48
3L	14055282	14055314	Deletion	32
3L	14055282	14055375	Deletion	93
3L	14055282	14055338	Deletion	56
3L	14058995	14059086	Deletion	91
3L	14059037	14059086	Deletion	49
3L	14059048	14059086	Deletion	38
3L	14062159	14059086	Deletion	3073
3L	14062159	14062237	Deletion	78
3L	14062159	14062262	Deletion	103
3L	14062159	14062280	Deletion	121
3L	14062159	14062195	Deletion	36
3L	14062866	14062975	Deletion	109
3L	14062869	14062975	Deletion	106
3L	14062876	14062975	Deletion	99
3L	14062878	14062971	Deletion	93
3L	14062891	14062975	Deletion	84
3L	14062915	14062975	Deletion	60
3L	14063711	14062975	Deletion	736
3L	14063711	14063810	Deletion	99
3L	14063711	14063819	Deletion	108
3L	14063711	14063753	Deletion	42
3L	14064546	14064602	Deletion	56
3L	14064561	14064602	Deletion	41
3L	14064567	14064602	Deletion	35
3L	14078360	14078432	Deletion	72
3L	14078360	14078454	Deletion	94
3L	14078360	14078433	Deletion	73
3L	14096770	14096858	Deletion	88
3L	14096822	14096858	Deletion	36
3L	14097735	14096858	Deletion	877
3L	14097735	14097851	Deletion	116
3L	14097735	14097773	Deletion	38
3L	14125345	14125436	Deletion	91
3L	14125348	14125436	Deletion	88
3L	14125389	14125436	Deletion	47
3L	14138276	14125436	Deletion	12840
3L	14138276	14138312	Deletion	36
3L	14138276	14138356	Deletion	80
3L	14138276	14138315	Deletion	39
3L	14156676	14156779	Deletion	103
3L	14156695	14156779	Deletion	84
3L	14156703	14156779	Deletion	76
3L	14156706	14156779	Deletion	73
3L	14156717	14156779	Deletion	62
3L	14161011	14156779	Deletion	4232
3L	14161011	14161064	Deletion	53
3L	14161011	14161078	Deletion	67
3L	14161011	14161120	Deletion	109
3L	14161011	14161056	Deletion	45
3L	14161011	14161067	Deletion	56
3L	14176239	14176311	Deletion	72
3L	14176256	14176311	Deletion	55
3L	14176271	14176311	Deletion	40
3L	14176276	14176311	Deletion	35
3L	14176388	14176311	Deletion	77
3L	14176388	14176460	Deletion	72
3L	14176388	14176486	Deletion	98
3L	14176388	14176475	Deletion	87
3L	14191447	14191516	Deletion	69
3L	14191454	14191516	Deletion	62
3L	14191467	14191516	Deletion	49
3L	14193560	14191516	Deletion	2044
3L	14193560	14193624	Deletion	64
3L	14193560	14193637	Deletion	77
3L	14193560	14193617	Deletion	57
3L	14198125	14198178	Deletion	53
3L	14211617	14198178	Deletion	13439
3L	14211617	14211691	Deletion	74
3L	14211617	14211671	Deletion	54
3L	14223434	14219091	Deletion	4343
3L	14223434	14223550	Deletion	116
3L	14223434	14223554	Deletion	120
3L	14242515	14242633	Deletion	118
3L	14242534	14242633	Deletion	99
3L	14242569	14242633	Deletion	64
3L	14243000	14242633	Deletion	367
3L	14243000	14243107	Deletion	107
3L	14243000	14243123	Deletion	123
3L	14243000	14243064	Deletion	64
3L	14272125	14272206	Deletion	81
3L	14272384	14272206	Deletion	178
3L	14272384	14272429	Deletion	45
3L	14272384	14272487	Deletion	103
3L	14272384	14272499	Deletion	115
3L	14291562	14291631	Deletion	69
3L	14291563	14291631	Deletion	68
3L	14291576	14291631	Deletion	55
3L	14291588	14291631	Deletion	43
3L	14294630	14294688	Deletion	58
3L	14294630	14294701	Deletion	71
3L	14294630	14294687	Deletion	57
3L	14308024	14308104	Deletion	80
3L	14308039	14308104	Deletion	65
3L	14308050	14308104	Deletion	54
3L	14309061	14308104	Deletion	957
3L	14309061	14309184	Deletion	123
3L	14309061	14309182	Deletion	121
3L	14309061	14309177	Deletion	116
3L	14309061	14309169	Deletion	108
3L	14309061	14309178	Deletion	117
3L	14309061	14309134	Deletion	73
3L	14309061	14309123	Deletion	62
3L	14342224	14342312	Deletion	88
3L	14355588	14355665	Deletion	77
3L	14355602	14355665	Deletion	63
3L	14355603	14355665	Deletion	62
3L	14355633	14355665	Deletion	32
3L	14357513	14355665	Deletion	1848
3L	14357513	14357609	Deletion	96
3L	14357513	14357578	Deletion	65
3L	14357513	14357564	Deletion	51
3L	14368137	14368243	Deletion	106
3L	14368149	14368243	Deletion	94
3L	14368157	14368243	Deletion	86
3L	14368158	14368243	Deletion	85
3L	14368190	14368243	Deletion	53
3L	14369041	14368243	Deletion	798
3L	14369041	14369081	Deletion	40
3L	14369041	14369082	Deletion	41
3L	14369041	14369073	Deletion	32
3L	14383986	14384043	Deletion	57
3L	14383990	14384043	Deletion	53
3L	14384001	14384043	Deletion	42
3L	14384011	14384043	Deletion	32
3L	14384013	14384043	Deletion	30
3L	14385216	14384043	Deletion	1173
3L	14385216	14385285	Deletion	69
3L	14385216	14385312	Deletion	96
3L	14385216	14385287	Deletion	71
3L	14385216	14385302	Deletion	86
3L	14385216	14385314	Deletion	98
3L	14399327	14399370	Deletion	43
3L	14401783	14399370	Deletion	2413
3L	14401783	14401881	Deletion	98
3L	14401783	14401896	Deletion	113
3L	14414615	14414699	Deletion	84
3L	14414887	14414699	Deletion	188
3L	14414887	14415009	Deletion	122
3L	14424245	14424335	Deletion	90
3L	14424264	14424335	Deletion	71
3L	14424272	14424335	Deletion	63
3L	14424287	14424335	Deletion	48
3L	14424294	14424335	Deletion	41
3L	14424526	14424335	Deletion	191
3L	14424526	14424634	Deletion	108
3L	14424526	14424581	Deletion	55
3L	14424526	14424611	Deletion	85
3L	14424526	14424624	Deletion	98
3L	14424526	14424562	Deletion	36
3L	14424526	14424604	Deletion	78
3L	14424526	14424589	Deletion	63
3L	14425339	14425390	Deletion	51
3L	14425341	14425390	Deletion	49
3L	14425346	14425390	Deletion	44
3L	14427148	14425390	Deletion	1758
3L	14427148	14427263	Deletion	115
3L	14427148	14427225	Deletion	77
3L	14427148	14427223	Deletion	75
3L	14427148	14427230	Deletion	82
3L	14427148	14427256	Deletion	108
3L	14428311	14428408	Deletion	97
3L	14428319	14428408	Deletion	89
3L	14428336	14428408	Deletion	72
3L	14428346	14428408	Deletion	62
3L	14435617	14428408	Deletion	7209
3L	14435617	14435671	Deletion	54
3L	14436561	14436640	Deletion	79
3L	14436575	14436640	Deletion	65
3L	14436588	14436640	Deletion	52
3L	14440970	14436640	Deletion	4330
3L	14440970	14441090	Deletion	120
3L	14440970	14441044	Deletion	74
3L	14440970	14441031	Deletion	61
3L	14440970	14441067	Deletion	97
3L	14440970	14441017	Deletion	47
3L	14441786	14441861	Deletion	75
3L	14441809	14441861	Deletion	52
3L	14442590	14441861	Deletion	729
3L	14442590	14442711	Deletion	121
3L	14442590	14442664	Deletion	74
3L	14442590	14442641	Deletion	51
3L	14444173	14444277	Deletion	104
3L	14444207	14444277	Deletion	70
3L	14444209	14444277	Deletion	68
3L	14444237	14444277	Deletion	40
3L	14457969	14444277	Deletion	13692
3L	14457969	14458027	Deletion	58
3L	14457969	14458025	Deletion	56
3L	14457969	14458055	Deletion	86
3L	14482394	14482459	Deletion	65
3L	14482402	14482459	Deletion	57
3L	14482423	14482459	Deletion	36
3L	14484313	14482459	Deletion	1854
3L	14484313	14484435	Deletion	122
3L	14484313	14484375	Deletion	62
3L	14496905	14497018	Deletion	113
3L	14496985	14497018	Deletion	33
3L	14497340	14497018	Deletion	322
3L	14497340	14497413	Deletion	73
3L	14514339	14514412	Deletion	73
3L	14519136	14514412	Deletion	4724
3L	14519136	14519190	Deletion	54
3L	14533572	14533642	Deletion	70
3L	14533579	14533642	Deletion	63
3L	14533599	14533642	Deletion	43
3L	14533610	14533642	Deletion	32
3L	14549599	14533642	Deletion	15957
3L	14549599	14549656	Deletion	57
3L	14549599	14549663	Deletion	64
3L	14549599	14549714	Deletion	115
3L	14549599	14549710	Deletion	111
3L	14549599	14549717	Deletion	118
3L	14549599	14549694	Deletion	95
3L	14561368	14561443	Deletion	75
3L	14561385	14561443	Deletion	58
3L	14561391	14561443	Deletion	52
3L	14561884	14561443	Deletion	441
3L	14561884	14561954	Deletion	70
3L	14561884	14561937	Deletion	53
3L	14561884	14561924	Deletion	40
3L	14578689	14578765	Deletion	76
3L	14578705	14578765	Deletion	60
3L	14578714	14578765	Deletion	51
3L	14578728	14578765	Deletion	37
3L	14578729	14578765	Deletion	36
3L	14579199	14578765	Deletion	434
3L	14579199	14579249	Deletion	50
3L	14579199	14579274	Deletion	75
3L	14579199	14579308	Deletion	109
3L	14579199	14579289	Deletion	90
3L	14579199	14579265	Deletion	66
3L	14579204	14579229	Deletion	25
3L	14595591	14595704	Deletion	113
3L	14595641	14595701	Deletion	60
3L	14595643	14595704	Deletion	61
3L	14595644	14595704	Deletion	60
3L	14595645	14595704	Deletion	59
3L	14595660	14595704	Deletion	44
3L	14599157	14595704	Deletion	3453
3L	14599157	14599258	Deletion	101
3L	14599157	14599223	Deletion	66
3L	14599157	14599274	Deletion	117
3L	14599157	14599224	Deletion	67
3L	14599157	14599222	Deletion	65
3L	14599157	14599220	Deletion	63
3L	14609074	14609155	Deletion	81
3L	14609080	14609155	Deletion	75
3L	14609093	14609155	Deletion	62
3L	14609095	14609155	Deletion	60
3L	14617147	14609155	Deletion	7992
3L	14617147	14617211	Deletion	64
3L	14617147	14617198	Deletion	51
3L	14617147	14617244	Deletion	97
3L	14617147	14617192	Deletion	45
3L	14624894	14624986	Deletion	92
3L	14624932	14624986	Deletion	54
3L	14624944	14624986	Deletion	42
3L	14631498	14624986	Deletion	6512
3L	14631498	14631583	Deletion	85
3L	14631498	14631571	Deletion	73
3L	14665818	14665938	Deletion	120
3L	14665830	14665938	Deletion	108
3L	14665831	14665938	Deletion	107
3L	14665834	14665938	Deletion	104
3L	14665836	14665938	Deletion	102
3L	14665840	14665938	Deletion	98
3L	14665846	14665938	Deletion	92
3L	14665889	14665938	Deletion	49
3L	14665893	14665938	Deletion	45
3L	14666041	14665938	Deletion	103
3L	14666041	14666143	Deletion	102
3L	14666041	14666075	Deletion	34
3L	14666041	14666155	Deletion	114
3L	14666041	14666122	Deletion	81
3L	14666041	14666118	Deletion	77
3L	14702404	14702502	Deletion	98
3L	14702410	14702502	Deletion	92
3L	14702412	14702502	Deletion	90
3L	14702444	14702502	Deletion	58
3L	14702462	14702502	Deletion	40
3L	14703656	14702502	Deletion	1154
3L	14703656	14703693	Deletion	37
3L	14703656	14703691	Deletion	35
3L	14703656	14703743	Deletion	87
3L	14703656	14703725	Deletion	69
3L	14746222	14746335	Deletion	113
3L	14746223	14746335	Deletion	112
3L	14746228	14746335	Deletion	107
3L	14746253	14746335	Deletion	82
3L	14746284	14746335	Deletion	51
3L	14746289	14746335	Deletion	46
3L	14746292	14746335	Deletion	43
3L	14747311	14746335	Deletion	976
3L	14747311	14747355	Deletion	44
3L	14747311	14747413	Deletion	102
3L	14747311	14747414	Deletion	103
3L	14747311	14747386	Deletion	75
3L	14747311	14747394	Deletion	83
3L	14747311	14747412	Deletion	101
3L	14747311	14747409	Deletion	98
3L	14797736	14797825	Deletion	89
3L	14797752	14797825	Deletion	73
3L	14797779	14797825	Deletion	46
3L	14797782	14797825	Deletion	43
3L	14801643	14797825	Deletion	3818
3L	14801643	14801726	Deletion	83
3L	14801643	14801723	Deletion	80
3L	14801643	14801765	Deletion	122
3L	14801643	14801680	Deletion	37
3L	14810969	14811004	Deletion	35
3L	14813807	14811004	Deletion	2803
3L	14825218	14825286	Deletion	68
3L	14825218	14825255	Deletion	37
3L	14828266	14828374	Deletion	108
3L	14843256	14843333	Deletion	77
3L	14843259	14843333	Deletion	74
3L	14843386	14843333	Deletion	53
3L	14843386	14843438	Deletion	52
3L	14843386	14843463	Deletion	77
3L	14843386	14843424	Deletion	38
3L	14846249	14846317	Deletion	68
3L	14846251	14846317	Deletion	66
3L	14846257	14846317	Deletion	60
3L	14846938	14846317	Deletion	621
3L	14846938	14846998	Deletion	60
3L	14846938	14847004	Deletion	66
3L	14846938	14846996	Deletion	58
3L	14849868	14849969	Deletion	101
3L	14849887	14849969	Deletion	82
3L	14849913	14849968	Deletion	55
3L	14849914	14849969	Deletion	55
3L	14850970	14849969	Deletion	1001
3L	14850970	14851014	Deletion	44
3L	14850970	14851040	Deletion	70
3L	14850973	14851041	Deletion	68
3L	14854062	14854175	Deletion	113
3L	14854069	14854175	Deletion	106
3L	14854077	14854175	Deletion	98
3L	14854096	14854175	Deletion	79
3L	14854109	14854175	Deletion	66
3L	14854110	14854175	Deletion	65
3L	14854121	14854175	Deletion	54
3L	14854126	14854175	Deletion	49
3L	14856419	14854175	Deletion	2244
3L	14856419	14856467	Deletion	48
3L	14856419	14856497	Deletion	78
3L	14856419	14856533	Deletion	114
3L	14856419	14856481	Deletion	62
3L	14856419	14856480	Deletion	61
3L	14856419	14856536	Deletion	117
3L	14856419	14856492	Deletion	73
3L	14876506	14876618	Deletion	112
3L	14876516	14876618	Deletion	102
3L	14876557	14876618	Deletion	61
3L	14877345	14876618	Deletion	727
3L	14877345	14877457	Deletion	112
3L	14877345	14877411	Deletion	66
3L	14877345	14877468	Deletion	123
3L	14883084	14883120	Deletion	36
3L	14883503	14883120	Deletion	383
3L	14883503	14883594	Deletion	91
3L	14883503	14883562	Deletion	59
3L	14884878	14884977	Deletion	99
3L	14884918	14884977	Deletion	59
3L	14884931	14884977	Deletion	46
3L	14891171	14891288	Deletion	117
3L	14891171	14891238	Deletion	67
3L	14892773	14892861	Deletion	88
3L	14892782	14892861	Deletion	79
3L	14892798	14892861	Deletion	63
3L	14892824	14892861	Deletion	37
3L	14892827	14892861	Deletion	34
3L	14892829	14892861	Deletion	32
3L	14894722	14892861	Deletion	1861
3L	14894722	14894786	Deletion	64
3L	14894722	14894815	Deletion	93
3L	14894722	14894838	Deletion	116
3L	14894722	14894761	Deletion	39
3L	14894722	14894770	Deletion	48
3L	14894722	14894817	Deletion	95
3L	14895576	14895612	Deletion	36
3L	14909435	14909543	Deletion	108
3L	14909449	14909543	Deletion	94
3L	14909491	14909543	Deletion	52
3L	14909502	14909543	Deletion	41
3L	14909512	14909543	Deletion	31
3L	14909633	14909543	Deletion	90
3L	14909633	14909665	Deletion	32
3L	14909633	14909728	Deletion	95
3L	14909633	14909718	Deletion	85
3L	14921174	14921285	Deletion	111
3L	14921208	14921285	Deletion	77
3L	14921232	14921285	Deletion	53
3L	14921245	14921285	Deletion	40
3L	14924235	14921285	Deletion	2950
3L	14924235	14924289	Deletion	54
3L	14924235	14924326	Deletion	91
3L	14924235	14924352	Deletion	117
3L	14924235	14924313	Deletion	78
3L	14924235	14924337	Deletion	102
3L	14929193	14929262	Deletion	69
3L	14929209	14929262	Deletion	53
3L	14929228	14929262	Deletion	34
3L	14935452	14929262	Deletion	6190
3L	14935452	14935502	Deletion	50
3L	14935452	14935525	Deletion	73
3L	14935452	14935509	Deletion	57
3L	14937512	14937586	Deletion	74
3L	14937520	14937586	Deletion	66
3L	14937526	14937586	Deletion	60
3L	14937541	14937586	Deletion	45
3L	14940661	14937586	Deletion	3075
3L	14940661	14940777	Deletion	116
3L	14940661	14940742	Deletion	81
3L	14940661	14940721	Deletion	60
3L	14940663	14940727	Deletion	64
3L	14943060	14943150	Deletion	90
3L	14943063	14943150	Deletion	87
3L	14949438	14943150	Deletion	6288
3L	14949438	14949478	Deletion	40
3L	14952573	14952673	Deletion	100
3L	14952589	14952673	Deletion	84
3L	14952613	14952673	Deletion	60
3L	14952617	14952673	Deletion	56
3L	14952636	14952669	Deletion	33
3L	14952643	14952673	Deletion	30
3L	14954990	14955045	Deletion	55
3L	14954990	14955054	Deletion	64
3L	14994636	14994725	Deletion	89
3L	14994636	14994732	Deletion	96
3L	14994636	14994678	Deletion	42
3L	14994636	14994702	Deletion	66
3L	14995492	14995580	Deletion	88
3L	14995498	14995580	Deletion	82
3L	14995526	14995580	Deletion	54
3L	14995537	14995580	Deletion	43
3L	14999754	14995580	Deletion	4174
3L	14999754	14999792	Deletion	38
3L	14999754	14999837	Deletion	83
3L	14999754	14999826	Deletion	72
3L	14999754	14999798	Deletion	44
3L	15000071	15000170	Deletion	99
3L	15000118	15000170	Deletion	52
3L	15013629	15000170	Deletion	13459
3L	15013629	15013736	Deletion	107
3L	15013629	15013661	Deletion	32
3L	15013629	15013735	Deletion	106
3L	15013629	15013744	Deletion	115
3L	15013629	15013746	Deletion	117
3L	15022969	15023068	Deletion	99
3L	15022997	15023068	Deletion	71
3L	15023009	15023068	Deletion	59
3L	15023015	15023068	Deletion	53
3L	15023029	15023068	Deletion	39
3L	15023031	15023068	Deletion	37
3L	15023034	15023068	Deletion	34
3L	15043067	15023068	Deletion	19999
3L	15043067	15043183	Deletion	116
3L	15043067	15043154	Deletion	87
3L	15043067	15043140	Deletion	73
3L	15043067	15043176	Deletion	109
3L	15043067	15043134	Deletion	67
3L	15043067	15043122	Deletion	55
3L	15043067	15043159	Deletion	92
3L	15069836	15069940	Deletion	104
3L	15069883	15069940	Deletion	57
3L	15069897	15069940	Deletion	43
3L	15078571	15069940	Deletion	8631
3L	15078571	15078693	Deletion	122
3L	15078571	15078654	Deletion	83
3L	15105190	15105298	Deletion	108
3L	15105212	15105298	Deletion	86
3L	15105231	15105298	Deletion	67
3L	15105242	15105298	Deletion	56
3L	15105253	15105298	Deletion	45
3L	15113487	15105298	Deletion	8189
3L	15113487	15113546	Deletion	59
3L	15113487	15113610	Deletion	123
3L	15113487	15113557	Deletion	70
3L	15113487	15113527	Deletion	40
3L	15113487	15113606	Deletion	119
3L	15113487	15113568	Deletion	81
3L	15135830	15135928	Deletion	98
3L	15135846	15135928	Deletion	82
3L	15135857	15135928	Deletion	71
3L	15135872	15135928	Deletion	56
3L	15136466	15135928	Deletion	538
3L	15136466	15136510	Deletion	44
3L	15136466	15136587	Deletion	121
3L	15136466	15136521	Deletion	55
3L	15136466	15136536	Deletion	70
3L	15145580	15145678	Deletion	98
3L	15145623	15145678	Deletion	55
3L	15145813	15145678	Deletion	135
3L	15145813	15145886	Deletion	73
3L	15145813	15145915	Deletion	102
3L	15145813	15145933	Deletion	120
3L	15145813	15145914	Deletion	101
3L	15181102	15181154	Deletion	52
3L	15181119	15181154	Deletion	35
3L	15181545	15181154	Deletion	391
3L	15181545	15181637	Deletion	92
3L	15181545	15181667	Deletion	122
3L	15201098	15201167	Deletion	69
3L	15202614	15201167	Deletion	1447
3L	15202614	15202720	Deletion	106
3L	15202614	15202667	Deletion	53
3L	15202614	15202722	Deletion	108
3L	15203155	15203229	Deletion	74
3L	15203180	15203229	Deletion	49
3L	15203189	15203229	Deletion	40
3L	15203192	15203229	Deletion	37
3L	15204919	15203229	Deletion	1690
3L	15204919	15205032	Deletion	113
3L	15204919	15205005	Deletion	86
3L	15204919	15204971	Deletion	52
3L	15204919	15204967	Deletion	48
3L	15204919	15205008	Deletion	89
3L	15219099	15219146	Deletion	47
3L	15219101	15219146	Deletion	45
3L	15219196	15219146	Deletion	50
3L	15219196	15219272	Deletion	76
3L	15219196	15219275	Deletion	79
3L	15238868	15238959	Deletion	91
3L	15238888	15238959	Deletion	71
3L	15238906	15238956	Deletion	50
3L	15238921	15238959	Deletion	38
3L	15242921	15238959	Deletion	3962
3L	15242921	15242995	Deletion	74
3L	15242921	15243010	Deletion	89
3L	15242921	15242957	Deletion	36
3L	15242921	15242977	Deletion	56
3L	15248016	15248136	Deletion	120
3L	15248026	15248136	Deletion	110
3L	15248029	15248136	Deletion	107
3L	15248039	15248136	Deletion	97
3L	15248046	15248136	Deletion	90
3L	15248075	15248136	Deletion	61
3L	15248098	15248136	Deletion	38
3L	15274911	15248136	Deletion	26775
3L	15274911	15274944	Deletion	33
3L	15274911	15274996	Deletion	85
3L	15274911	15275008	Deletion	97
3L	15274911	15274973	Deletion	62
3L	15277128	15277205	Deletion	77
3L	15277137	15277205	Deletion	68
3L	15277145	15277205	Deletion	60
3L	15278017	15277205	Deletion	812
3L	15278017	15278083	Deletion	66
3L	15278017	15278066	Deletion	49
3L	15278017	15278075	Deletion	58
3L	15327604	15327698	Deletion	94
3L	15327616	15327698	Deletion	82
3L	15327627	15327698	Deletion	71
3L	15327638	15327698	Deletion	60
3L	15327643	15327698	Deletion	55
3L	15327644	15327698	Deletion	54
3L	15327655	15327698	Deletion	43
3L	15327656	15327698	Deletion	42
3L	15327659	15327698	Deletion	39
3L	15330721	15327698	Deletion	3023
3L	15330721	15330776	Deletion	55
3L	15330721	15330808	Deletion	87
3L	15330721	15330793	Deletion	72
3L	15330721	15330792	Deletion	71
3L	15330721	15330787	Deletion	66
3L	15330721	15330804	Deletion	83
3L	15330721	15330840	Deletion	119
3L	15330721	15330805	Deletion	84
3L	15330721	15330753	Deletion	32
3L	15345633	15345746	Deletion	113
3L	15345643	15345746	Deletion	103
3L	15345648	15345746	Deletion	98
3L	15345662	15345746	Deletion	84
3L	15345678	15345746	Deletion	68
3L	15345679	15345746	Deletion	67
3L	15350255	15345746	Deletion	4509
3L	15350255	15350359	Deletion	104
3L	15350255	15350313	Deletion	58
3L	15350255	15350314	Deletion	59
3L	15350255	15350357	Deletion	102
3L	15350255	15350297	Deletion	42
3L	15350255	15350356	Deletion	101
3L	15375205	15375296	Deletion	91
3L	15375222	15375296	Deletion	74
3L	15375262	15375296	Deletion	34
3L	15375936	15375296	Deletion	640
3L	15375936	15375988	Deletion	52
3L	15375936	15376028	Deletion	92
3L	15375936	15376039	Deletion	103
3L	15381741	15381858	Deletion	117
3L	15381793	15381858	Deletion	65
3L	15381821	15381858	Deletion	37
3L	15391568	15381858	Deletion	9710
3L	15391568	15391667	Deletion	99
3L	15391568	15391668	Deletion	100
3L	15391568	15391657	Deletion	89
3L	15391568	15391629	Deletion	61
3L	15392362	15392462	Deletion	100
3L	15392389	15392462	Deletion	73
3L	15392400	15392462	Deletion	62
3L	15392407	15392462	Deletion	55
3L	15392804	15392462	Deletion	342
3L	15392804	15392876	Deletion	72
3L	15392804	15392869	Deletion	65
3L	15392804	15392909	Deletion	105
3L	15392804	15392928	Deletion	124
3L	15392804	15392858	Deletion	54
3L	15406291	15406353	Deletion	62
3L	15406315	15406353	Deletion	38
3L	15409008	15406353	Deletion	2655
3L	15409008	15409072	Deletion	64
3L	15409008	15409040	Deletion	32
3L	15409008	15409122	Deletion	114
3L	15414177	15414247	Deletion	70
3L	15423568	15414247	Deletion	9321
3L	15423568	15423624	Deletion	56
3L	15425880	15425981	Deletion	101
3L	15425884	15425981	Deletion	97
3L	15426624	15426600	Deletion	24
3L	15426624	15426746	Deletion	122
3L	15426624	15426681	Deletion	57
3L	15431629	15431689	Deletion	60
3L	15431636	15431689	Deletion	53
3L	15431658	15431689	Deletion	31
3L	15447048	15431689	Deletion	15359
3L	15447048	15447144	Deletion	96
3L	15447048	15447115	Deletion	67
3L	15447048	15447122	Deletion	74
3L	15447048	15447082	Deletion	34
3L	15456022	15456115	Deletion	93
3L	15456027	15456115	Deletion	88
3L	15456029	15456115	Deletion	86
3L	15456036	15456115	Deletion	79
3L	15456926	15456973	Deletion	47
3L	15456926	15456964	Deletion	38
3L	15456926	15456966	Deletion	40
3L	15460430	15460543	Deletion	113
3L	15460434	15460543	Deletion	109
3L	15460442	15460543	Deletion	101
3L	15460467	15460543	Deletion	76
3L	15460496	15460543	Deletion	47
3L	15463120	15460543	Deletion	2577
3L	15463120	15463199	Deletion	79
3L	15469883	15469986	Deletion	103
3L	15469901	15469986	Deletion	85
3L	15469919	15469986	Deletion	67
3L	15472653	15469986	Deletion	2667
3L	15472653	15472694	Deletion	41
3L	15472653	15472757	Deletion	104
3L	15472653	15472712	Deletion	59
3L	15472653	15472763	Deletion	110
3L	15473959	15474075	Deletion	116
3L	15473989	15474075	Deletion	86
3L	15473999	15474075	Deletion	76
3L	15474022	15474075	Deletion	53
3L	15474025	15474068	Deletion	43
3L	15474033	15474075	Deletion	42
3L	15474034	15474075	Deletion	41
3L	15474562	15474075	Deletion	487
3L	15474562	15474612	Deletion	50
3L	15474562	15474636	Deletion	74
3L	15474562	15474647	Deletion	85
3L	15474562	15474602	Deletion	40
3L	15474562	15474638	Deletion	76
3L	15474562	15474660	Deletion	98
3L	15476255	15476309	Deletion	54
3L	15476260	15476309	Deletion	49
3L	15476265	15476309	Deletion	44
3L	15476275	15476309	Deletion	34
3L	15476481	15476309	Deletion	172
3L	15476481	15476563	Deletion	82
3L	15476481	15476553	Deletion	72
3L	15476481	15476558	Deletion	77
3L	15491187	15491299	Deletion	112
3L	15491220	15491299	Deletion	79
3L	15491229	15491299	Deletion	70
3L	15495198	15491299	Deletion	3899
3L	15495198	15495302	Deletion	104
3L	15495198	15495254	Deletion	56
3L	15502057	15502174	Deletion	117
3L	15502133	15502174	Deletion	41
3L	15502135	15502174	Deletion	39
3L	15502140	15502174	Deletion	34
3L	15502561	15502174	Deletion	387
3L	15502561	15502653	Deletion	92
3L	15502561	15502646	Deletion	85
3L	15506215	15506305	Deletion	90
3L	15506223	15506305	Deletion	82
3L	15506227	15506305	Deletion	78
3L	15506229	15506305	Deletion	76
3L	15506241	15506305	Deletion	64
3L	15506437	15506305	Deletion	132
3L	15506437	15506499	Deletion	62
3L	15506437	15506545	Deletion	108
3L	15506437	15506481	Deletion	44
3L	15506437	15506487	Deletion	50
3L	15506437	15506553	Deletion	116
3L	15506437	15506485	Deletion	48
3L	15523641	15523746	Deletion	105
3L	15523657	15523746	Deletion	89
3L	15523658	15523746	Deletion	88
3L	15523673	15523746	Deletion	73
3L	15523686	15523746	Deletion	60
3L	15530080	15523746	Deletion	6334
3L	15530080	15530195	Deletion	115
3L	15530080	15530118	Deletion	38
3L	15530080	15530147	Deletion	67
3L	15530080	15530134	Deletion	54
3L	15531756	15531843	Deletion	87
3L	15531762	15531843	Deletion	81
3L	15531768	15531843	Deletion	75
3L	15531797	15531843	Deletion	46
3L	15531800	15531843	Deletion	43
3L	15531807	15531843	Deletion	36
3L	15531809	15531843	Deletion	34
3L	15531812	15531843	Deletion	31
3L	15533577	15531843	Deletion	1734
3L	15533577	15533676	Deletion	99
3L	15533577	15533628	Deletion	51
3L	15533577	15533616	Deletion	39
3L	15533577	15533672	Deletion	95
3L	15533577	15533667	Deletion	90
3L	15533577	15533622	Deletion	45
3L	15533577	15533657	Deletion	80
3L	15533577	15533669	Deletion	92
3L	15537485	15536548	Deletion	937
3L	15537485	15537526	Deletion	41
3L	15537485	15537586	Deletion	101
3L	15537489	15537587	Deletion	98
3L	15542400	15542493	Deletion	93
3L	15542419	15542493	Deletion	74
3L	15542462	15542493	Deletion	31
3L	15544524	15544620	Deletion	96
3L	15544524	15544558	Deletion	34
3L	15546838	15546939	Deletion	101
3L	15546841	15546939	Deletion	98
3L	15546860	15546939	Deletion	79
3L	15550132	15546939	Deletion	3193
3L	15550132	15550246	Deletion	114
3L	15550132	15550180	Deletion	48
3L	15558784	15558891	Deletion	107
3L	15558811	15558891	Deletion	80
3L	15558831	15558891	Deletion	60
3L	15560312	15560428	Deletion	116
3L	15560312	15560379	Deletion	67
3L	15560312	15560359	Deletion	47
3L	15590766	15590833	Deletion	67
3L	15590768	15590833	Deletion	65
3L	15590789	15590833	Deletion	44
3L	15590794	15590833	Deletion	39
3L	15590797	15590833	Deletion	36
3L	15591054	15590833	Deletion	221
3L	15591054	15591085	Deletion	31
3L	15591054	15591175	Deletion	121
3L	15591054	15591113	Deletion	59
3L	15591054	15591144	Deletion	90
3L	15591054	15591136	Deletion	82
3L	15591054	15591115	Deletion	61
3L	15591054	15591161	Deletion	107
3L	15591533	15591597	Deletion	64
3L	15591534	15591597	Deletion	63
3L	15591666	15591597	Deletion	69
3L	15591666	15591728	Deletion	62
3L	15591666	15591729	Deletion	63
3L	15591666	15591703	Deletion	37
3L	15630707	15630786	Deletion	79
3L	15630712	15630786	Deletion	74
3L	15630736	15630786	Deletion	50
3L	15630744	15630786	Deletion	42
3L	15630836	15630786	Deletion	50
3L	15630836	15630888	Deletion	52
3L	15630836	15630912	Deletion	76
3L	15630836	15630883	Deletion	47
3L	15646799	15646899	Deletion	100
3L	15646812	15646899	Deletion	87
3L	15646825	15646899	Deletion	74
3L	15646834	15646899	Deletion	65
3L	15646858	15646899	Deletion	41
3L	15650408	15650470	Deletion	62
3L	15650408	15650461	Deletion	53
3L	15650408	15650448	Deletion	40
3L	15651463	15651551	Deletion	88
3L	15651472	15651551	Deletion	79
3L	15651507	15651551	Deletion	44
3L	15651509	15651551	Deletion	42
3L	15651516	15651551	Deletion	35
3L	15652664	15651551	Deletion	1113
3L	15652664	15652783	Deletion	119
3L	15652664	15652746	Deletion	82
3L	15652664	15652778	Deletion	114
3L	15652664	15652755	Deletion	91
3L	15652664	15652748	Deletion	84
3L	15652664	15652702	Deletion	38
3L	15681873	15681971	Deletion	98
3L	15681880	15681971	Deletion	91
3L	15681897	15681971	Deletion	74
3L	15681900	15681971	Deletion	71
3L	15681903	15681971	Deletion	68
3L	15687259	15681971	Deletion	5288
3L	15687259	15687294	Deletion	35
3L	15687259	15687311	Deletion	52
3L	15714598	15714709	Deletion	111
3L	15714614	15714709	Deletion	95
3L	15714618	15714709	Deletion	91
3L	15714621	15714709	Deletion	88
3L	15714624	15714709	Deletion	85
3L	15714634	15714709	Deletion	75
3L	15714641	15714709	Deletion	68
3L	15714643	15714709	Deletion	66
3L	15714678	15714709	Deletion	31
3L	15730231	15714709	Deletion	15522
3L	15730231	15730339	Deletion	108
3L	15730231	15730269	Deletion	38
3L	15730231	15730326	Deletion	95
3L	15730231	15730289	Deletion	58
3L	15730231	15730291	Deletion	60
3L	15730231	15730272	Deletion	41
3L	15730231	15730282	Deletion	51
3L	15730231	15730267	Deletion	36
3L	15730231	15730335	Deletion	104
3L	15734453	15734516	Deletion	63
3L	15734472	15734516	Deletion	44
3L	15734478	15734516	Deletion	38
3L	15735313	15734516	Deletion	797
3L	15735313	15735401	Deletion	88
3L	15735313	15735416	Deletion	103
3L	15735313	15735376	Deletion	63
3L	15735313	15735395	Deletion	82
3L	15740711	15740819	Deletion	108
3L	15740722	15740819	Deletion	97
3L	15740762	15740819	Deletion	57
3L	15740954	15740819	Deletion	135
3L	15740954	15740986	Deletion	32
3L	15740954	15741026	Deletion	72
3L	15743407	15743507	Deletion	100
3L	15743419	15743507	Deletion	88
3L	15743421	15743507	Deletion	86
3L	15743433	15743507	Deletion	74
3L	15743469	15743507	Deletion	38
3L	15743474	15743507	Deletion	33
3L	15743568	15743507	Deletion	61
3L	15743568	15743686	Deletion	118
3L	15743568	15743661	Deletion	93
3L	15743568	15743684	Deletion	116
3L	15743568	15743606	Deletion	38
3L	15743568	15743692	Deletion	124
3L	15743568	15743620	Deletion	52
3L	15743568	15743608	Deletion	40
3L	15768994	15769074	Deletion	80
3L	15769637	15769074	Deletion	563
3L	15769637	15769684	Deletion	47
3L	15769637	15769749	Deletion	112
3L	15790458	15790532	Deletion	74
3L	15792735	15790532	Deletion	2203
3L	15792735	15792787	Deletion	52
3L	15792735	15792837	Deletion	102
3L	15810151	15810261	Deletion	110
3L	15810195	15810261	Deletion	66
3L	15810224	15810261	Deletion	37
3L	15810226	15810261	Deletion	35
3L	15810559	15810261	Deletion	298
3L	15810559	15810648	Deletion	89
3L	15810559	15810650	Deletion	91
3L	15810562	15810619	Deletion	57
3L	15813993	15814114	Deletion	121
3L	15813995	15814114	Deletion	119
3L	15814001	15814114	Deletion	113
3L	15814006	15814114	Deletion	108
3L	15814019	15814114	Deletion	95
3L	15814169	15814202	Deletion	33
3L	15814169	15814276	Deletion	107
3L	15814171	15814255	Deletion	84
3L	15816919	15817013	Deletion	94
3L	15816922	15817013	Deletion	91
3L	15816935	15817013	Deletion	78
3L	15822694	15817013	Deletion	5681
3L	15822694	15822730	Deletion	36
3L	15822694	15822743	Deletion	49
3L	15822694	15822725	Deletion	31
3L	15822694	15822727	Deletion	33
3L	15831382	15831454	Deletion	72
3L	15831385	15831454	Deletion	69
3L	15831424	15831454	Deletion	30
3L	15841946	15831454	Deletion	10492
3L	15841946	15842003	Deletion	57
3L	15841946	15841996	Deletion	50
3L	15841946	15842042	Deletion	96
3L	15866544	15866636	Deletion	92
3L	15866564	15866636	Deletion	72
3L	15866573	15866636	Deletion	63
3L	15866573	15866637	Deletion	64
3L	15866575	15866636	Deletion	61
3L	15866594	15866636	Deletion	42
3L	15873040	15866636	Deletion	6404
3L	15873040	15873094	Deletion	54
3L	15873040	15873103	Deletion	63
3L	15873040	15873124	Deletion	84
3L	15873040	15873105	Deletion	65
3L	15873041	15873074	Deletion	33
3L	15919791	15905998	Deletion	13793
3L	15921255	15921359	Deletion	104
3L	15921263	15921359	Deletion	96
3L	15921281	15921359	Deletion	78
3L	15921302	15921359	Deletion	57
3L	15921324	15921359	Deletion	35
3L	15929264	15921359	Deletion	7905
3L	15929264	15929368	Deletion	104
3L	15943626	15943663	Deletion	37
3L	15943626	15943732	Deletion	106
3L	15943626	15943681	Deletion	55
3L	15943626	15943743	Deletion	117
3L	15943626	15943689	Deletion	63
3L	15943633	15943664	Deletion	31
3L	15948036	15948148	Deletion	112
3L	15948055	15948148	Deletion	93
3L	15948057	15948148	Deletion	91
3L	15948058	15948148	Deletion	90
3L	15948064	15948148	Deletion	84
3L	15948077	15948148	Deletion	71
3L	15948095	15948148	Deletion	53
3L	15961816	15948148	Deletion	13668
3L	15961816	15961853	Deletion	37
3L	15961816	15961891	Deletion	75
3L	15961816	15961854	Deletion	38
3L	15961816	15961921	Deletion	105
3L	15961816	15961873	Deletion	57
3L	15961816	15961920	Deletion	104
3L	15961816	15961851	Deletion	35
3L	15969898	15969989	Deletion	91
3L	15969943	15969989	Deletion	46
3L	15969959	15969989	Deletion	30
3L	15973972	15969989	Deletion	3983
3L	15973972	15974068	Deletion	96
3L	15973972	15974083	Deletion	111
3L	15973972	15974052	Deletion	80
3L	15973972	15974085	Deletion	113
3L	16039403	16039509	Deletion	106
3L	16039410	16039509	Deletion	99
3L	16039416	16039509	Deletion	93
3L	16039445	16039509	Deletion	64
3L	16039447	16039509	Deletion	62
3L	16039687	16039509	Deletion	178
3L	16039687	16039792	Deletion	105
3L	16039687	16039751	Deletion	64
3L	16039687	16039799	Deletion	112
3L	16039687	16039749	Deletion	62
3L	16039687	16039787	Deletion	100
3L	16051512	16051591	Deletion	79
3L	16051517	16051591	Deletion	74
3L	16051550	16051591	Deletion	41
3L	16051552	16051591	Deletion	39
3L	16061333	16051591	Deletion	9742
3L	16061333	16061418	Deletion	85
3L	16061333	16061385	Deletion	52
3L	16061333	16061420	Deletion	87
3L	16061333	16061380	Deletion	47
3L	16065712	16065826	Deletion	114
3L	16065719	16065826	Deletion	107
3L	16065727	16065826	Deletion	99
3L	16065731	16065826	Deletion	95
3L	16065741	16065826	Deletion	85
3L	16065767	16065826	Deletion	59
3L	16068294	16065826	Deletion	2468
3L	16068294	16068363	Deletion	69
3L	16068294	16068327	Deletion	33
3L	16089375	16089474	Deletion	99
3L	16089381	16089474	Deletion	93
3L	16089386	16089474	Deletion	88
3L	16089443	16089474	Deletion	31
3L	16089607	16089474	Deletion	133
3L	16089607	16089704	Deletion	97
3L	16089607	16089642	Deletion	35
3L	16089607	16089647	Deletion	40
3L	16093261	16093345	Deletion	84
3L	16093291	16093345	Deletion	54
3L	16093295	16093345	Deletion	50
3L	16093548	16093345	Deletion	203
3L	16093548	16093653	Deletion	105
3L	16093548	16093620	Deletion	72
3L	16093548	16093624	Deletion	76
3L	16094910	16095000	Deletion	90
3L	16094926	16095000	Deletion	74
3L	16094935	16095000	Deletion	65
3L	16094940	16095000	Deletion	60
3L	16094950	16095000	Deletion	50
3L	16094963	16095000	Deletion	37
3L	16095417	16095000	Deletion	417
3L	16095417	16095494	Deletion	77
3L	16095417	16095484	Deletion	67
3L	16095417	16095507	Deletion	90
3L	16095417	16095454	Deletion	37
3L	16095417	16095470	Deletion	53
3L	16102633	16102744	Deletion	111
3L	16102668	16102744	Deletion	76
3L	16103560	16102744	Deletion	816
3L	16105465	16105535	Deletion	70
3L	16105472	16105535	Deletion	63
3L	16105504	16105535	Deletion	31
3L	16115120	16105535	Deletion	9585
3L	16115120	16115183	Deletion	63
3L	16115120	16115158	Deletion	38
3L	16115120	16115176	Deletion	56
3L	16115120	16115228	Deletion	108
3L	16124734	16124790	Deletion	56
3L	16124736	16124790	Deletion	54
3L	16125510	16124790	Deletion	720
3L	16125510	16125580	Deletion	70
3L	16125510	16125582	Deletion	72
3L	16141168	16141231	Deletion	63
3L	16141175	16141231	Deletion	56
3L	16141180	16141231	Deletion	51
3L	16141200	16141231	Deletion	31
3L	16141427	16141231	Deletion	196
3L	16141427	16141492	Deletion	65
3L	16141427	16141504	Deletion	77
3L	16141427	16141524	Deletion	97
3L	16141427	16141533	Deletion	106
3L	16141427	16141499	Deletion	72
3L	16141427	16141491	Deletion	64
3L	16152529	16152633	Deletion	104
3L	16152534	16152633	Deletion	99
3L	16152552	16152633	Deletion	81
3L	16152566	16152633	Deletion	67
3L	16152748	16152633	Deletion	115
3L	16152748	16152807	Deletion	59
3L	16230455	16230557	Deletion	102
3L	16230457	16230557	Deletion	100
3L	16230473	16230557	Deletion	84
3L	16230480	16230552	Deletion	72
3L	16246316	16230557	Deletion	15759
3L	16246316	16246357	Deletion	41
3L	16246542	16246648	Deletion	106
3L	16246574	16246648	Deletion	74
3L	16246816	16246648	Deletion	168
3L	16259214	16259269	Deletion	55
3L	16259216	16259269	Deletion	53
3L	16259218	16259269	Deletion	51
3L	16259224	16259269	Deletion	45
3L	16259226	16259269	Deletion	43
3L	16259331	16259269	Deletion	62
3L	16259331	16259452	Deletion	121
3L	16259331	16259412	Deletion	81
3L	16259331	16259404	Deletion	73
3L	16259331	16259414	Deletion	83
3L	16259331	16259392	Deletion	61
3L	16259331	16259402	Deletion	71
3L	16271750	16270670	Deletion	1080
3L	16271750	16271871	Deletion	121
3L	16271750	16271849	Deletion	99
3L	16271750	16271851	Deletion	101
3L	16291128	16291232	Deletion	104
3L	16291131	16291232	Deletion	101
3L	16291136	16291232	Deletion	96
3L	16291149	16291232	Deletion	83
3L	16291150	16291232	Deletion	82
3L	16291176	16291232	Deletion	56
3L	16291177	16291232	Deletion	55
3L	16293956	16291232	Deletion	2724
3L	16293956	16293989	Deletion	33
3L	16293956	16294003	Deletion	47
3L	16293956	16294073	Deletion	117
3L	16293956	16294029	Deletion	73
3L	16293956	16294071	Deletion	115
3L	16293956	16294002	Deletion	46
3L	16293956	16294030	Deletion	74
3L	16297602	16297672	Deletion	70
3L	16297609	16297672	Deletion	63
3L	16297743	16297672	Deletion	71
3L	16297743	16297800	Deletion	57
3L	16297743	16297850	Deletion	107
3L	16297743	16297859	Deletion	116
3L	16297743	16297784	Deletion	41
3L	16297743	16297807	Deletion	64
3L	16297743	16297844	Deletion	101
3L	16301883	16301983	Deletion	100
3L	16301891	16301983	Deletion	92
3L	16301905	16301983	Deletion	78
3L	16301907	16301983	Deletion	76
3L	16301919	16301983	Deletion	64
3L	16301928	16301983	Deletion	55
3L	16302560	16301983	Deletion	577
3L	16302560	16302664	Deletion	104
3L	16302560	16302683	Deletion	123
3L	16302560	16302594	Deletion	34
3L	16302560	16302608	Deletion	48
3L	16302560	16302610	Deletion	50
3L	16302560	16302631	Deletion	71
3L	16314761	16314825	Deletion	64
3L	16314771	16314825	Deletion	54
3L	16314787	16314825	Deletion	38
3L	16315693	16314825	Deletion	868
3L	16315693	16315803	Deletion	110
3L	16315693	16315749	Deletion	56
3L	16315693	16315755	Deletion	62
3L	16315698	16315765	Deletion	67
3L	16322181	16322299	Deletion	118
3L	16322192	16322299	Deletion	107
3L	16322204	16322299	Deletion	95
3L	16322207	16322299	Deletion	92
3L	16322233	16322299	Deletion	66
3L	16322247	16322299	Deletion	52
3L	16322251	16322299	Deletion	48
3L	16322254	16322299	Deletion	45
3L	16322375	16322299	Deletion	76
3L	16322375	16322415	Deletion	40
3L	16322375	16322459	Deletion	84
3L	16322375	16322412	Deletion	37
3L	16322375	16322455	Deletion	80
3L	16322375	16322462	Deletion	87
3L	16355154	16355244	Deletion	90
3L	16355168	16355244	Deletion	76
3L	16356954	16355244	Deletion	1710
3L	16382945	16383055	Deletion	110
3L	16382947	16383055	Deletion	108
3L	16382948	16383055	Deletion	107
3L	16382954	16383055	Deletion	101
3L	16382993	16383055	Deletion	62
3L	16384552	16383055	Deletion	1497
3L	16388123	16388208	Deletion	85
3L	16388142	16388208	Deletion	66
3L	16392033	16388208	Deletion	3825
3L	16392033	16392155	Deletion	122
3L	16392033	16392094	Deletion	61
3L	16392033	16392075	Deletion	42
3L	16392033	16392144	Deletion	111
3L	16399218	16399319	Deletion	101
3L	16399219	16399319	Deletion	100
3L	16399244	16399319	Deletion	75
3L	16399279	16399319	Deletion	40
3L	16399282	16399319	Deletion	37
3L	16399392	16399319	Deletion	73
3L	16399392	16399482	Deletion	90
3L	16399392	16399479	Deletion	87
3L	16420349	16420447	Deletion	98
3L	16420365	16420447	Deletion	82
3L	16420374	16420447	Deletion	73
3L	16420382	16420447	Deletion	65
3L	16421909	16420447	Deletion	1462
3L	16421909	16421971	Deletion	62
3L	16421909	16421954	Deletion	45
3L	16421909	16422009	Deletion	100
3L	16422770	16422892	Deletion	122
3L	16422791	16422892	Deletion	101
3L	16422801	16422892	Deletion	91
3L	16426101	16422892	Deletion	3209
3L	16439851	16439938	Deletion	87
3L	16439887	16439938	Deletion	51
3L	16439896	16439938	Deletion	42
3L	16439905	16439938	Deletion	33
3L	16441449	16439938	Deletion	1511
3L	16441449	16441480	Deletion	31
3L	16441449	16441489	Deletion	40
3L	16441449	16441568	Deletion	119
3L	16441449	16441534	Deletion	85
3L	16441449	16441543	Deletion	94
3L	16441449	16441525	Deletion	76
3L	16444441	16444543	Deletion	102
3L	16444449	16444543	Deletion	94
3L	16444450	16444543	Deletion	93
3L	16444454	16444543	Deletion	89
3L	16444456	16444543	Deletion	87
3L	16444460	16444543	Deletion	83
3L	16444462	16444543	Deletion	81
3L	16444480	16444543	Deletion	63
3L	16444484	16444543	Deletion	59
3L	16444485	16444543	Deletion	58
3L	16444487	16444543	Deletion	56
3L	16444489	16444543	Deletion	54
3L	16444512	16444543	Deletion	31
3L	16466677	16446016	Deletion	20661
3L	16466677	16466741	Deletion	64
3L	16466677	16466715	Deletion	38
3L	16466677	16466773	Deletion	96
3L	16466677	16466723	Deletion	46
3L	16466677	16466721	Deletion	44
3L	16466677	16466748	Deletion	71
3L	16466677	16466745	Deletion	68
3L	16466677	16466746	Deletion	69
3L	16466677	16466717	Deletion	40
3L	16466677	16466711	Deletion	34
3L	16466677	16466710	Deletion	33
3L	16466677	16466750	Deletion	73
3L	16484401	16484506	Deletion	105
3L	16484443	16484506	Deletion	63
3L	16484450	16484506	Deletion	56
3L	16484460	16484506	Deletion	46
3L	16484473	16484506	Deletion	33
3L	16484565	16484506	Deletion	59
3L	16484565	16484660	Deletion	95
3L	16484565	16484666	Deletion	101
3L	16484565	16484647	Deletion	82
3L	16484565	16484680	Deletion	115
3L	16484565	16484679	Deletion	114
3L	16484565	16484637	Deletion	72
3L	16486742	16486820	Deletion	78
3L	16486756	16486820	Deletion	64
3L	16486772	16486820	Deletion	48
3L	16486780	16486820	Deletion	40
3L	16495392	16486820	Deletion	8572
3L	16495392	16495455	Deletion	63
3L	16495392	16495427	Deletion	35
3L	16495392	16495479	Deletion	87
3L	16495392	16495471	Deletion	79
3L	16501669	16501706	Deletion	37
3L	16504088	16501706	Deletion	2382
3L	16507429	16507546	Deletion	117
3L	16507435	16507546	Deletion	111
3L	16507442	16507546	Deletion	104
3L	16507491	16507546	Deletion	55
3L	16507500	16507546	Deletion	46
3L	16507505	16507546	Deletion	41
3L	16524806	16524904	Deletion	98
3L	16529914	16530001	Deletion	87
3L	16529933	16530005	Deletion	72
3L	16529954	16530005	Deletion	51
3L	16529974	16530005	Deletion	31
3L	16530114	16530005	Deletion	109
3L	16530114	16530168	Deletion	54
3L	16530114	16530209	Deletion	95
3L	16530114	16530214	Deletion	100
3L	16530114	16530149	Deletion	35
3L	16543230	16543327	Deletion	97
3L	16543240	16543327	Deletion	87
3L	16543250	16543327	Deletion	77
3L	16543257	16543327	Deletion	70
3L	16543292	16543327	Deletion	35
3L	16543296	16543327	Deletion	31
3L	16543297	16543327	Deletion	30
3L	16544059	16543327	Deletion	732
3L	16544059	16544150	Deletion	91
3L	16544059	16544108	Deletion	49
3L	16544059	16544154	Deletion	95
3L	16544059	16544098	Deletion	39
3L	16544059	16544115	Deletion	56
3L	16544059	16544181	Deletion	122
3L	16544061	16544155	Deletion	94
3L	16548364	16548475	Deletion	111
3L	16548381	16548475	Deletion	94
3L	16548403	16548475	Deletion	72
3L	16548408	16548475	Deletion	67
3L	16548409	16548475	Deletion	66
3L	16548431	16548475	Deletion	44
3L	16563773	16563855	Deletion	82
3L	16563773	16563827	Deletion	54
3L	16563773	16563805	Deletion	32
3L	16563773	16563870	Deletion	97
3L	16563773	16563833	Deletion	60
3L	16563773	16563874	Deletion	101
3L	16564348	16564462	Deletion	114
3L	16564373	16564462	Deletion	89
3L	16564513	16564462	Deletion	51
3L	16564513	16564621	Deletion	108
3L	16564513	16564550	Deletion	37
3L	16564513	16564594	Deletion	81
3L	16564513	16564622	Deletion	109
3L	16567337	16567444	Deletion	107
3L	16567348	16567444	Deletion	96
3L	16567361	16567444	Deletion	83
3L	16567377	16567444	Deletion	67
3L	16567413	16567444	Deletion	31
3L	16586383	16567444	Deletion	18939
3L	16586383	16586429	Deletion	46
3L	16586383	16586416	Deletion	33
3L	16586383	16586481	Deletion	98
3L	16597483	16597531	Deletion	48
3L	16602352	16602439	Deletion	87
3L	16602358	16602439	Deletion	81
3L	16602383	16602439	Deletion	56
3L	16602387	16602439	Deletion	52
3L	16602397	16602439	Deletion	42
3L	16602526	16602439	Deletion	87
3L	16602526	16602596	Deletion	70
3L	16602526	16602565	Deletion	39
3L	16602526	16602600	Deletion	74
3L	16602526	16602571	Deletion	45
3L	16605169	16605218	Deletion	49
3L	16605180	16605218	Deletion	38
3L	16612490	16612568	Deletion	78
3L	16612490	16612567	Deletion	77
3L	16612490	16612556	Deletion	66
3L	16612490	16612587	Deletion	97
3L	16612490	16612602	Deletion	112
3L	16612490	16612525	Deletion	35
3L	16622341	16622464	Deletion	123
3L	16622359	16622464	Deletion	105
3L	16622363	16622464	Deletion	101
3L	16622377	16622464	Deletion	87
3L	16622405	16622464	Deletion	59
3L	16622411	16622464	Deletion	53
3L	16622414	16622464	Deletion	50
3L	16622420	16622464	Deletion	44
3L	16622426	16622464	Deletion	38
3L	16622832	16622464	Deletion	368
3L	16622832	16622902	Deletion	70
3L	16622832	16622874	Deletion	42
3L	16622832	16622908	Deletion	76
3L	16622832	16622911	Deletion	79
3L	16622832	16622923	Deletion	91
3L	16624828	16624913	Deletion	85
3L	16624843	16624913	Deletion	70
3L	16624857	16624913	Deletion	56
3L	16624866	16624913	Deletion	47
3L	16625060	16624913	Deletion	147
3L	16625060	16625171	Deletion	111
3L	16625060	16625139	Deletion	79
3L	16625060	16625101	Deletion	41
3L	16625060	16625130	Deletion	70
3L	16625060	16625094	Deletion	34
3L	16625060	16625161	Deletion	101
3L	16650753	16650858	Deletion	105
3L	16650759	16650858	Deletion	99
3L	16650767	16650858	Deletion	91
3L	16650778	16650858	Deletion	80
3L	16650808	16650858	Deletion	50
3L	16650824	16650858	Deletion	34
3L	16654346	16650858	Deletion	3488
3L	16654346	16654439	Deletion	93
3L	16654346	16654393	Deletion	47
3L	16654346	16654382	Deletion	36
3L	16654346	16654423	Deletion	77
3L	16662241	16662333	Deletion	92
3L	16662252	16662333	Deletion	81
3L	16662271	16662333	Deletion	62
3L	16662281	16662333	Deletion	52
3L	16664005	16662333	Deletion	1672
3L	16664005	16664108	Deletion	103
3L	16664005	16664050	Deletion	45
3L	16664005	16664129	Deletion	124
3L	16664005	16664039	Deletion	34
3L	16664005	16664069	Deletion	64
3L	16680165	16680233	Deletion	68
3L	16680170	16680233	Deletion	63
3L	16680173	16680233	Deletion	60
3L	16680182	16680233	Deletion	51
3L	16680194	16680233	Deletion	39
3L	16687567	16687681	Deletion	114
3L	16692262	16692385	Deletion	123
3L	16692262	16692369	Deletion	107
3L	16692262	16692372	Deletion	110
3L	16692262	16692350	Deletion	88
3L	16692262	16692329	Deletion	67
3L	16692262	16692321	Deletion	59
3L	16692262	16692326	Deletion	64
3L	16695048	16695137	Deletion	89
3L	16696930	16695137	Deletion	1793
3L	16696930	16697039	Deletion	109
3L	16696930	16697041	Deletion	111
3L	16701987	16702090	Deletion	103
3L	16702012	16702090	Deletion	78
3L	16702031	16702090	Deletion	59
3L	16702048	16702090	Deletion	42
3L	16703039	16702090	Deletion	949
3L	16703039	16703123	Deletion	84
3L	16703039	16703087	Deletion	48
3L	16713831	16713933	Deletion	102
3L	16713842	16713933	Deletion	91
3L	16713895	16713933	Deletion	38
3L	16713983	16713933	Deletion	50
3L	16713983	16714071	Deletion	88
3L	16713983	16714100	Deletion	117
3L	16713983	16714064	Deletion	81
3L	16721226	16721327	Deletion	101
3L	16721239	16721327	Deletion	88
3L	16721262	16721327	Deletion	65
3L	16721291	16721327	Deletion	36
3L	16721297	16721327	Deletion	30
3L	16730451	16721327	Deletion	9124
3L	16730451	16730548	Deletion	97
3L	16730451	16730490	Deletion	39
3L	16730451	16730542	Deletion	91
3L	16734625	16734721	Deletion	96
3L	16734635	16734721	Deletion	86
3L	16734639	16734721	Deletion	82
3L	16734668	16734721	Deletion	53
3L	16734671	16734721	Deletion	50
3L	16734685	16734721	Deletion	36
3L	16744539	16734721	Deletion	9818
3L	16744539	16744657	Deletion	118
3L	16744539	16744584	Deletion	45
3L	16744539	16744651	Deletion	112
3L	16744539	16744640	Deletion	101
3L	16744539	16744630	Deletion	91
3L	16744539	16744570	Deletion	31
3L	16744539	16744580	Deletion	41
3L	16744539	16744616	Deletion	77
3L	16744539	16744613	Deletion	74
3L	16765123	16765216	Deletion	93
3L	16773266	16765216	Deletion	8050
3L	16773266	16773365	Deletion	99
3L	16773266	16773368	Deletion	102
3L	16784976	16785077	Deletion	101
3L	16784997	16785077	Deletion	80
3L	16785009	16785077	Deletion	68
3L	16785022	16785077	Deletion	55
3L	16785028	16785077	Deletion	49
3L	16785207	16785253	Deletion	46
3L	16785207	16785265	Deletion	58
3L	16785207	16785278	Deletion	71
3L	16785207	16785319	Deletion	112
3L	16794532	16794639	Deletion	107
3L	16794536	16794639	Deletion	103
3L	16794557	16794639	Deletion	82
3L	16794596	16794639	Deletion	43
3L	16794605	16794639	Deletion	34
3L	16794607	16794639	Deletion	32
3L	16805923	16794639	Deletion	11284
3L	16805923	16806017	Deletion	94
3L	16805923	16806015	Deletion	92
3L	16805923	16805967	Deletion	44
3L	16840306	16840421	Deletion	115
3L	16840323	16840421	Deletion	98
3L	16840327	16840421	Deletion	94
3L	16841616	16840421	Deletion	1195
3L	16850253	16850297	Deletion	44
3L	16850265	16850297	Deletion	32
3L	16850266	16850297	Deletion	31
3L	16864460	16850297	Deletion	14163
3L	16864460	16864576	Deletion	116
3L	16864460	16864554	Deletion	94
3L	16864460	16864493	Deletion	33
3L	16867421	16867541	Deletion	120
3L	16867433	16867541	Deletion	108
3L	16867435	16867541	Deletion	106
3L	16867441	16867541	Deletion	100
3L	16867475	16867541	Deletion	66
3L	16869943	16867541	Deletion	2402
3L	16869943	16870062	Deletion	119
3L	16869943	16870004	Deletion	61
3L	16869943	16870053	Deletion	110
3L	16877601	16877711	Deletion	110
3L	16877652	16877711	Deletion	59
3L	16877674	16877711	Deletion	37
3L	16878744	16877711	Deletion	1033
3L	16878744	16878833	Deletion	89
3L	16880781	16880874	Deletion	93
3L	16880783	16880874	Deletion	91
3L	16880788	16880874	Deletion	86
3L	16880929	16880874	Deletion	55
3L	16880929	16881035	Deletion	106
3L	16880929	16880964	Deletion	35
3L	16880929	16880969	Deletion	40
3L	16880929	16880999	Deletion	70
3L	16913827	16913901	Deletion	74
3L	16913840	16913901	Deletion	61
3L	16913847	16913901	Deletion	54
3L	16913853	16913901	Deletion	48
3L	16913854	16913901	Deletion	47
3L	16913863	16913901	Deletion	38
3L	16913870	16913901	Deletion	31
3L	16922536	16913901	Deletion	8635
3L	16922536	16922608	Deletion	72
3L	16922536	16922601	Deletion	65
3L	16922536	16922624	Deletion	88
3L	16922536	16922588	Deletion	52
3L	16922536	16922615	Deletion	79
3L	16922536	16922581	Deletion	45
3L	16922536	16922652	Deletion	116
3L	16922536	16922614	Deletion	78
3L	16925968	16925386	Deletion	582
3L	16925968	16925998	Deletion	30
3L	16969761	16969858	Deletion	97
3L	16969774	16969858	Deletion	84
3L	16969911	16969858	Deletion	53
3L	16969911	16969953	Deletion	42
3L	17035350	17035414	Deletion	64
3L	17035365	17035414	Deletion	49
3L	17039119	17035414	Deletion	3705
3L	17039119	17039196	Deletion	77
3L	17039119	17039181	Deletion	62
3L	17039784	17039883	Deletion	99
3L	17039827	17039882	Deletion	55
3L	17039829	17039883	Deletion	54
3L	17041924	17041997	Deletion	73
3L	17042069	17042130	Deletion	61
3L	17042072	17042130	Deletion	58
3L	17042798	17042130	Deletion	668
3L	17042798	17042866	Deletion	68
3L	17042798	17042917	Deletion	119
3L	17042798	17042905	Deletion	107
3L	17042798	17042863	Deletion	65
3L	17052168	17052236	Deletion	68
3L	17059077	17052236	Deletion	6841
3L	17059077	17059196	Deletion	119
3L	17059077	17059119	Deletion	42
3L	17067083	17067188	Deletion	105
3L	17067087	17067188	Deletion	101
3L	17067099	17067188	Deletion	89
3L	17067107	17067188	Deletion	81
3L	17067117	17067188	Deletion	71
3L	17073712	17067188	Deletion	6524
3L	17073712	17073768	Deletion	56
3L	17073712	17073758	Deletion	46
3L	17073712	17073815	Deletion	103
3L	17077815	17077915	Deletion	100
3L	17077819	17077915	Deletion	96
3L	17080954	17077915	Deletion	3039
3L	17080954	17081068	Deletion	114
3L	17082612	17082654	Deletion	42
3L	17083799	17082654	Deletion	1145
3L	17083799	17083866	Deletion	67
3L	17083799	17083884	Deletion	85
3L	17083799	17083910	Deletion	111
3L	17083799	17083897	Deletion	98
3L	17083799	17083918	Deletion	119
3L	17094878	17094932	Deletion	54
3L	17094878	17094919	Deletion	41
3L	17094878	17094967	Deletion	89
3L	17094878	17094929	Deletion	51
3L	17094878	17094999	Deletion	121
3L	17094878	17094966	Deletion	88
3L	17094878	17094979	Deletion	101
3L	17094878	17094939	Deletion	61
3L	17118831	17118940	Deletion	109
3L	17118839	17118941	Deletion	102
3L	17118841	17118941	Deletion	100
3L	17118849	17118941	Deletion	92
3L	17118885	17118941	Deletion	56
3L	17119452	17118941	Deletion	511
3L	17119452	17119488	Deletion	36
3L	17119452	17119524	Deletion	72
3L	17128491	17128593	Deletion	102
3L	17128514	17128593	Deletion	79
3L	17128528	17128593	Deletion	65
3L	17128537	17128593	Deletion	56
3L	17128553	17128593	Deletion	40
3L	17128559	17128593	Deletion	34
3L	17128715	17128593	Deletion	122
3L	17128715	17128808	Deletion	93
3L	17128715	17128777	Deletion	62
3L	17128715	17128802	Deletion	87
3L	17128715	17128763	Deletion	48
3L	17128715	17128786	Deletion	71
3L	17131712	17131813	Deletion	101
3L	17131714	17131813	Deletion	99
3L	17131746	17131813	Deletion	67
3L	17131769	17131813	Deletion	44
3L	17131777	17131813	Deletion	36
3L	17155943	17131813	Deletion	24130
3L	17155943	17156058	Deletion	115
3L	17155943	17156002	Deletion	59
3L	17155943	17156049	Deletion	106
3L	17155943	17156040	Deletion	97
3L	17155943	17156064	Deletion	121
3L	17155943	17156033	Deletion	90
3L	17157103	17157211	Deletion	108
3L	17157135	17157211	Deletion	76
3L	17157174	17157211	Deletion	37
3L	17161578	17157211	Deletion	4367
3L	17161578	17161695	Deletion	117
3L	17161578	17161667	Deletion	89
3L	17161578	17161701	Deletion	123
3L	17163233	17163276	Deletion	43
3L	17163450	17163276	Deletion	174
3L	17163450	17163574	Deletion	124
3L	17163450	17163527	Deletion	77
3L	17163450	17163563	Deletion	113
3L	17204918	17205001	Deletion	83
3L	17204923	17205001	Deletion	78
3L	17204925	17205001	Deletion	76
3L	17204944	17205001	Deletion	57
3L	17208086	17205001	Deletion	3085
3L	17208086	17208134	Deletion	48
3L	17208086	17208184	Deletion	98
3L	17208086	17208136	Deletion	50
3L	17208086	17208155	Deletion	69
3L	17208086	17208129	Deletion	43
3L	17211844	17211940	Deletion	96
3L	17211855	17211940	Deletion	85
3L	17211869	17211940	Deletion	71
3L	17211907	17211940	Deletion	33
3L	17222913	17211940	Deletion	10973
3L	17222913	17222954	Deletion	41
3L	17222913	17222968	Deletion	55
3L	17222913	17223016	Deletion	103
3L	17222913	17222943	Deletion	30
3L	17222913	17223006	Deletion	93
3L	17240888	17240995	Deletion	107
3L	17246731	17240995	Deletion	5736
3L	17246731	17246848	Deletion	117
3L	17265691	17265758	Deletion	67
3L	17265716	17265758	Deletion	42
3L	17265726	17265758	Deletion	32
3L	17273226	17265758	Deletion	7468
3L	17273226	17273285	Deletion	59
3L	17273226	17273310	Deletion	84
3L	17273226	17273320	Deletion	94
3L	17290020	17290089	Deletion	69
3L	17290050	17290089	Deletion	39
3L	17292573	17290089	Deletion	2484
3L	17292573	17292684	Deletion	111
3L	17292573	17292661	Deletion	88
3L	17295940	17296019	Deletion	79
3L	17295965	17296019	Deletion	54
3L	17296527	17296019	Deletion	508
3L	17296527	17296586	Deletion	59
3L	17296553	17296574	Deletion	21
3L	17296650	17296586	Deletion	64
3L	17296650	17296758	Deletion	108
3L	17296650	17296761	Deletion	111
3L	17296650	17296759	Deletion	109
3L	17313856	17313922	Deletion	66
3L	17313876	17313922	Deletion	46
3L	17313882	17313922	Deletion	40
3L	17333272	17313922	Deletion	19350
3L	17333272	17333355	Deletion	83
3L	17333272	17333335	Deletion	63
3L	17333272	17333385	Deletion	113
3L	17333272	17333361	Deletion	89
3L	17338564	17338604	Deletion	40
3L	17338567	17338604	Deletion	37
3L	17344939	17338604	Deletion	6335
3L	17344939	17345006	Deletion	67
3L	17344939	17345027	Deletion	88
3L	17344939	17345053	Deletion	114
3L	17361998	17362090	Deletion	92
3L	17362008	17362090	Deletion	82
3L	17362025	17362090	Deletion	65
3L	17376846	17362090	Deletion	14756
3L	17376846	17376880	Deletion	34
3L	17376846	17376876	Deletion	30
3L	17376846	17376890	Deletion	44
3L	17406868	17406964	Deletion	96
3L	17406877	17406964	Deletion	87
3L	17406919	17406964	Deletion	45
3L	17406925	17406964	Deletion	39
3L	17408201	17406964	Deletion	1237
3L	17408201	17408288	Deletion	87
3L	17408201	17408299	Deletion	98
3L	17408201	17408231	Deletion	30
3L	17408201	17408282	Deletion	81
3L	17427467	17427537	Deletion	70
3L	17427473	17427537	Deletion	64
3L	17427475	17427537	Deletion	62
3L	17427490	17427530	Deletion	40
3L	17440905	17427537	Deletion	13368
3L	17440905	17440984	Deletion	79
3L	17440905	17440959	Deletion	54
3L	17440905	17440969	Deletion	64
3L	17440905	17440961	Deletion	56
3L	17440905	17441018	Deletion	113
3L	17440905	17440967	Deletion	62
3L	17481858	17481953	Deletion	95
3L	17481883	17481953	Deletion	70
3L	17483956	17481953	Deletion	2003
3L	17483956	17483988	Deletion	32
3L	17483956	17484013	Deletion	57
3L	17501059	17501151	Deletion	92
3L	17501072	17501151	Deletion	79
3L	17502770	17501151	Deletion	1619
3L	17502770	17502819	Deletion	49
3L	17502770	17502806	Deletion	36
3L	17502770	17502800	Deletion	30
3L	17502770	17502886	Deletion	116
3L	17508366	17508452	Deletion	86
3L	17508505	17508452	Deletion	53
3L	17508505	17508545	Deletion	40
3L	17525293	17525357	Deletion	64
3L	17525304	17525357	Deletion	53
3L	17525308	17525357	Deletion	49
3L	17525322	17525357	Deletion	35
3L	17530626	17525357	Deletion	5269
3L	17530626	17530719	Deletion	93
3L	17530626	17530701	Deletion	75
3L	17530626	17530690	Deletion	64
3L	17530626	17530705	Deletion	79
3L	17530874	17530961	Deletion	87
3L	17530906	17530961	Deletion	55
3L	17530907	17530961	Deletion	54
3L	17530914	17530961	Deletion	47
3L	17530916	17530961	Deletion	45
3L	17530920	17530961	Deletion	41
3L	17530922	17530961	Deletion	39
3L	17554847	17530961	Deletion	23886
3L	17554847	17554962	Deletion	115
3L	17554847	17554935	Deletion	88
3L	17554847	17554929	Deletion	82
3L	17554847	17554963	Deletion	116
3L	17554847	17554927	Deletion	80
3L	17554847	17554920	Deletion	73
3L	17554847	17554887	Deletion	40
3L	17554847	17554933	Deletion	86
3L	17558825	17558934	Deletion	109
3L	17558836	17558934	Deletion	98
3L	17558839	17558934	Deletion	95
3L	17558850	17558934	Deletion	84
3L	17558851	17558934	Deletion	83
3L	17558867	17558934	Deletion	67
3L	17558890	17558934	Deletion	44
3L	17558993	17558929	Deletion	64
3L	17558993	17559037	Deletion	44
3L	17558993	17559088	Deletion	95
3L	17558993	17559025	Deletion	32
3L	17558993	17559112	Deletion	119
3L	17558993	17559036	Deletion	43
3L	17558993	17559095	Deletion	102
3L	17558993	17559053	Deletion	60
3L	17565977	17566051	Deletion	74
3L	17565989	17566051	Deletion	62
3L	17566008	17566051	Deletion	43
3L	17566229	17566051	Deletion	178
3L	17566229	17566281	Deletion	52
3L	17566229	17566312	Deletion	83
3L	17566229	17566262	Deletion	33
3L	17575558	17575625	Deletion	67
3L	17575588	17575625	Deletion	37
3L	17575590	17575625	Deletion	35
3L	17577274	17575625	Deletion	1649
3L	17577274	17577334	Deletion	60
3L	17577274	17577366	Deletion	92
3L	17577274	17577307	Deletion	33
3L	17577274	17577364	Deletion	90
3L	17592590	17592705	Deletion	115
3L	17592595	17592705	Deletion	110
3L	17592603	17592705	Deletion	102
3L	17592611	17592705	Deletion	94
3L	17592616	17592705	Deletion	89
3L	17592647	17592705	Deletion	58
3L	17592653	17592705	Deletion	52
3L	17592656	17592705	Deletion	49
3L	17592670	17592705	Deletion	35
3L	17592763	17592705	Deletion	58
3L	17592763	17592878	Deletion	115
3L	17592763	17592876	Deletion	113
3L	17592763	17592799	Deletion	36
3L	17592763	17592841	Deletion	78
3L	17592763	17592886	Deletion	123
3L	17592763	17592858	Deletion	95
3L	17592763	17592804	Deletion	41
3L	17592763	17592844	Deletion	81
3L	17610401	17610476	Deletion	75
3L	17610426	17610476	Deletion	50
3L	17610431	17610476	Deletion	45
3L	17624546	17610476	Deletion	14070
3L	17624546	17624656	Deletion	110
3L	17624546	17624627	Deletion	81
3L	17624546	17624651	Deletion	105
3L	17624546	17624597	Deletion	51
3L	17629957	17630016	Deletion	59
3L	17629965	17630016	Deletion	51
3L	17633962	17630016	Deletion	3946
3L	17633962	17634032	Deletion	70
3L	17633962	17634040	Deletion	78
3L	17645527	17645585	Deletion	58
3L	17645545	17645585	Deletion	40
3L	17646578	17645585	Deletion	993
3L	17646578	17646647	Deletion	69
3L	17646578	17646679	Deletion	101
3L	17646578	17646665	Deletion	87
3L	17648581	17648657	Deletion	76
3L	17655129	17648657	Deletion	6472
3L	17655129	17655229	Deletion	100
3L	17661698	17661770	Deletion	72
3L	17661711	17661775	Deletion	64
3L	17661728	17661775	Deletion	47
3L	17663793	17661775	Deletion	2018
3L	17663793	17663892	Deletion	99
3L	17663793	17663843	Deletion	50
3L	17663793	17663903	Deletion	110
3L	17663793	17663873	Deletion	80
3L	17670240	17670347	Deletion	107
3L	17670309	17670347	Deletion	38
3L	17673926	17670347	Deletion	3579
3L	17686495	17686599	Deletion	104
3L	17686496	17686594	Deletion	98
3L	17686513	17686599	Deletion	86
3L	17686547	17686599	Deletion	52
3L	17686554	17686599	Deletion	45
3L	17686558	17686599	Deletion	41
3L	17702645	17702730	Deletion	85
3L	17702645	17702685	Deletion	40
3L	17702645	17702750	Deletion	105
3L	17702645	17702749	Deletion	104
3L	17702645	17702719	Deletion	74
3L	17702940	17703041	Deletion	101
3L	17702949	17703041	Deletion	92
3L	17703090	17703041	Deletion	49
3L	17703090	17703208	Deletion	118
3L	17706077	17706183	Deletion	106
3L	17706105	17706183	Deletion	78
3L	17706125	17706183	Deletion	58
3L	17708881	17706183	Deletion	2698
3L	17708881	17708930	Deletion	49
3L	17708881	17708950	Deletion	69
3L	17719166	17713215	Deletion	5951
3L	17721066	17721174	Deletion	108
3L	17721080	17721174	Deletion	94
3L	17721116	17721174	Deletion	58
3L	17721139	17721174	Deletion	35
3L	17721320	17721174	Deletion	146
3L	17721320	17721423	Deletion	103
3L	17721320	17721388	Deletion	68
3L	17721320	17721411	Deletion	91
3L	17736993	17737062	Deletion	69
3L	17736993	17737032	Deletion	39
3L	17746026	17746134	Deletion	108
3L	17746047	17746134	Deletion	87
3L	17746070	17746134	Deletion	64
3L	17746094	17746134	Deletion	40
3L	17746305	17746134	Deletion	171
3L	17746305	17746391	Deletion	86
3L	17746305	17746344	Deletion	39
3L	17746305	17746367	Deletion	62
3L	17760584	17760677	Deletion	93
3L	17760597	17760677	Deletion	80
3L	17760625	17760675	Deletion	50
3L	17760727	17760677	Deletion	50
3L	17760727	17760764	Deletion	37
3L	17760727	17760839	Deletion	112
3L	17760730	17760805	Deletion	75
3L	17786376	17786422	Deletion	46
3L	17788065	17786422	Deletion	1643
3L	17788065	17788145	Deletion	80
3L	17788065	17788167	Deletion	102
3L	17813873	17813950	Deletion	77
3L	17814001	17813950	Deletion	51
3L	17814001	17814051	Deletion	50
3L	17814001	17814116	Deletion	115
3L	17814001	17814041	Deletion	40
3L	17814001	17814098	Deletion	97
3L	17816250	17816359	Deletion	109
3L	17816306	17816359	Deletion	53
3L	17816411	17816359	Deletion	52
3L	17821306	17821363	Deletion	57
3L	17821311	17821363	Deletion	52
3L	17842733	17821363	Deletion	21370
3L	17842733	17842802	Deletion	69
3L	17842733	17842840	Deletion	107
3L	17842733	17842851	Deletion	118
3L	17842733	17842807	Deletion	74
3L	17844227	17844258	Deletion	31
3L	17844781	17844258	Deletion	523
3L	17844781	17844877	Deletion	96
3L	17844781	17844886	Deletion	105
3L	17844781	17844887	Deletion	106
3L	17870605	17870702	Deletion	97
3L	17870639	17870702	Deletion	63
3L	17870669	17870702	Deletion	33
3L	17880863	17880928	Deletion	65
3L	17880863	17880894	Deletion	31
3L	17880863	17880984	Deletion	121
3L	17884936	17884987	Deletion	51
3L	17893917	17884987	Deletion	8930
3L	17893917	17893993	Deletion	76
3L	17893917	17894029	Deletion	112
3L	17893917	17894027	Deletion	110
3L	17893917	17893984	Deletion	67
3L	17893917	17894039	Deletion	122
3L	17903070	17903155	Deletion	85
3L	17903071	17903155	Deletion	84
3L	17903074	17903155	Deletion	81
3L	17903098	17903155	Deletion	57
3L	17903099	17903155	Deletion	56
3L	17908451	17903155	Deletion	5296
3L	17908451	17908493	Deletion	42
3L	17908451	17908497	Deletion	46
3L	17908451	17908494	Deletion	43
3L	17908451	17908522	Deletion	71
3L	17910263	17910351	Deletion	88
3L	17910265	17910351	Deletion	86
3L	17910312	17910351	Deletion	39
3L	17912889	17910351	Deletion	2538
3L	17912889	17912927	Deletion	38
3L	17912889	17912929	Deletion	40
3L	17912889	17912976	Deletion	87
3L	17917749	17917810	Deletion	61
3L	17920836	17920902	Deletion	66
3L	17923349	17923423	Deletion	74
3L	17923912	17923423	Deletion	489
3L	17923912	17923962	Deletion	50
3L	17925328	17925439	Deletion	111
3L	17925352	17925439	Deletion	87
3L	17925355	17925439	Deletion	84
3L	17925367	17925439	Deletion	72
3L	17925369	17925439	Deletion	70
3L	17925391	17925439	Deletion	48
3L	17925394	17925439	Deletion	45
3L	17927034	17925439	Deletion	1595
3L	17927034	17927113	Deletion	79
3L	17927034	17927146	Deletion	112
3L	17927034	17927091	Deletion	57
3L	17927034	17927074	Deletion	40
3L	17927034	17927077	Deletion	43
3L	17927034	17927132	Deletion	98
3L	17927034	17927134	Deletion	100
3L	17927034	17927116	Deletion	82
3L	17927034	17927140	Deletion	106
3L	17942638	17942723	Deletion	85
3L	17942643	17942723	Deletion	80
3L	17942650	17942723	Deletion	73
3L	17943013	17942723	Deletion	290
3L	17943013	17943066	Deletion	53
3L	17943013	17943054	Deletion	41
3L	17958851	17954197	Deletion	4654
3L	17958851	17958960	Deletion	109
3L	17958851	17958968	Deletion	117
3L	17958851	17958972	Deletion	121
3L	17958851	17958901	Deletion	50
3L	17965704	17965745	Deletion	41
3L	17965712	17965745	Deletion	33
3L	17969850	17965745	Deletion	4105
3L	17969850	17969913	Deletion	63
3L	17969850	17969943	Deletion	93
3L	17979963	17980060	Deletion	97
3L	17979990	17980060	Deletion	70
3L	17980508	17980060	Deletion	448
3L	17980508	17980564	Deletion	56
3L	17984066	17984118	Deletion	52
3L	17984088	17984118	Deletion	30
3L	17984623	17984118	Deletion	505
3L	17984623	17984719	Deletion	96
3L	17984623	17984728	Deletion	105
3L	17989408	17989513	Deletion	105
3L	17989423	17989513	Deletion	90
3L	17989444	17989513	Deletion	69
3L	17989451	17989513	Deletion	62
3L	17991639	17989513	Deletion	2126
3L	17991639	17991741	Deletion	102
3L	17991639	17991762	Deletion	123
3L	17991639	17991696	Deletion	57
3L	17991639	17991748	Deletion	109
3L	17991639	17991675	Deletion	36
3L	17991639	17991703	Deletion	64
3L	18011791	18011860	Deletion	69
3L	18011797	18011860	Deletion	63
3L	18012046	18011860	Deletion	186
3L	18012046	18012104	Deletion	58
3L	18012046	18012110	Deletion	64
3L	18012271	18012385	Deletion	114
3L	18012289	18012385	Deletion	96
3L	18012316	18012385	Deletion	69
3L	18012331	18012385	Deletion	54
3L	18012348	18012385	Deletion	37
3L	18019859	18012385	Deletion	7474
3L	18019859	18019916	Deletion	57
3L	18019859	18019931	Deletion	72
3L	18019859	18019889	Deletion	30
3L	18024120	18024206	Deletion	86
3L	18024142	18024206	Deletion	64
3L	18024157	18024206	Deletion	49
3L	18024174	18024206	Deletion	32
3L	18033671	18024206	Deletion	9465
3L	18033671	18033767	Deletion	96
3L	18033671	18033713	Deletion	42
3L	18033671	18033735	Deletion	64
3L	18040956	18041024	Deletion	68
3L	18040958	18041024	Deletion	66
3L	18040982	18041024	Deletion	42
3L	18040984	18041024	Deletion	40
3L	18044796	18041024	Deletion	3772
3L	18044796	18044856	Deletion	60
3L	18044796	18044854	Deletion	58
3L	18044796	18044904	Deletion	108
3L	18044796	18044882	Deletion	86
3L	18072587	18072654	Deletion	67
3L	18072587	18072639	Deletion	52
3L	18072587	18072697	Deletion	110
3L	18080943	18081050	Deletion	107
3L	18080975	18081050	Deletion	75
3L	18080982	18081050	Deletion	68
3L	18080988	18081050	Deletion	62
3L	18081698	18081050	Deletion	648
3L	18081698	18081811	Deletion	113
3L	18081698	18081757	Deletion	59
3L	18081698	18081763	Deletion	65
3L	18081698	18081750	Deletion	52
3L	18083586	18083653	Deletion	67
3L	18083605	18083653	Deletion	48
3L	18091368	18083653	Deletion	7715
3L	18091368	18091428	Deletion	60
3L	18091368	18091488	Deletion	120
3L	18091368	18091486	Deletion	118
3L	18103586	18103693	Deletion	107
3L	18103605	18103693	Deletion	88
3L	18103617	18103693	Deletion	76
3L	18103626	18103693	Deletion	67
3L	18103648	18103693	Deletion	45
3L	18106360	18103693	Deletion	2667
3L	18106360	18106461	Deletion	101
3L	18106360	18106410	Deletion	50
3L	18106360	18106483	Deletion	123
3L	18106360	18106441	Deletion	81
3L	18106360	18106419	Deletion	59
3L	18107326	18107385	Deletion	59
3L	18110453	18110568	Deletion	115
3L	18110453	18110505	Deletion	52
3L	18128897	18128978	Deletion	81
3L	18128904	18128978	Deletion	74
3L	18149820	18128978	Deletion	20842
3L	18149820	18149861	Deletion	41
3L	18149820	18149873	Deletion	53
3L	18168974	18169093	Deletion	119
3L	18168982	18169093	Deletion	111
3L	18168989	18169093	Deletion	104
3L	18169015	18169093	Deletion	78
3L	18169142	18169093	Deletion	49
3L	18170126	18170234	Deletion	108
3L	18170133	18170234	Deletion	101
3L	18170183	18170234	Deletion	51
3L	18183605	18170234	Deletion	13371
3L	18184687	18184786	Deletion	99
3L	18184693	18184786	Deletion	93
3L	18184705	18184786	Deletion	81
3L	18184710	18184786	Deletion	76
3L	18184729	18184786	Deletion	57
3L	18184737	18184786	Deletion	49
3L	18184940	18184786	Deletion	154
3L	18184940	18184987	Deletion	47
3L	18184940	18185043	Deletion	103
3L	18184940	18185019	Deletion	79
3L	18184940	18185060	Deletion	120
3L	18184940	18184975	Deletion	35
3L	18184940	18185057	Deletion	117
3L	18184940	18184992	Deletion	52
3L	18192801	18192902	Deletion	101
3L	18192851	18192902	Deletion	51
3L	18192856	18192902	Deletion	46
3L	18192858	18192902	Deletion	44
3L	18192859	18192902	Deletion	43
3L	18192862	18192902	Deletion	40
3L	18210912	18192902	Deletion	18010
3L	18210912	18210995	Deletion	83
3L	18210912	18210998	Deletion	86
3L	18210912	18210992	Deletion	80
3L	18210912	18210994	Deletion	82
3L	18218785	18218867	Deletion	82
3L	18218814	18218867	Deletion	53
3L	18225128	18218867	Deletion	6261
3L	18225128	18225173	Deletion	45
3L	18226339	18226399	Deletion	60
3L	18226345	18226399	Deletion	54
3L	18226353	18226399	Deletion	46
3L	18226854	18226399	Deletion	455
3L	18226854	18226927	Deletion	73
3L	18226854	18226921	Deletion	67
3L	18229427	18229502	Deletion	75
3L	18229554	18229502	Deletion	52
3L	18229554	18229605	Deletion	51
3L	18250827	18250936	Deletion	109
3L	18250879	18250936	Deletion	57
3L	18250888	18250936	Deletion	48
3L	18250890	18250936	Deletion	46
3L	18250892	18250936	Deletion	44
3L	18250895	18250936	Deletion	41
3L	18254890	18250936	Deletion	3954
3L	18254890	18254973	Deletion	83
3L	18254890	18254960	Deletion	70
3L	18254890	18254971	Deletion	81
3L	18254890	18254976	Deletion	86
3L	18258308	18258375	Deletion	67
3L	18258321	18258375	Deletion	54
3L	18258327	18258375	Deletion	48
3L	18261182	18258375	Deletion	2807
3L	18261182	18261296	Deletion	114
3L	18261182	18261260	Deletion	78
3L	18261182	18261241	Deletion	59
3L	18261182	18261254	Deletion	72
3L	18261182	18261279	Deletion	97
3L	18261235	18261341	Deletion	106
3L	18261239	18261341	Deletion	102
3L	18261260	18261341	Deletion	81
3L	18261281	18261341	Deletion	60
3L	18261292	18261341	Deletion	49
3L	18261922	18261341	Deletion	581
3L	18261922	18262000	Deletion	78
3L	18261922	18261989	Deletion	67
3L	18261922	18261968	Deletion	46
3L	18274905	18275001	Deletion	96
3L	18274925	18275001	Deletion	76
3L	18274929	18275001	Deletion	72
3L	18274944	18275001	Deletion	57
3L	18274951	18275001	Deletion	50
3L	18274960	18275001	Deletion	41
3L	18284962	18275001	Deletion	9961
3L	18284962	18285031	Deletion	69
3L	18284962	18285067	Deletion	105
3L	18284962	18285059	Deletion	97
3L	18284962	18285012	Deletion	50
3L	18284962	18285016	Deletion	54
3L	18284962	18285038	Deletion	76
3L	18284962	18285078	Deletion	116
3L	18284962	18285047	Deletion	85
3L	18284962	18284992	Deletion	30
3L	18288523	18288559	Deletion	36
3L	18288526	18288559	Deletion	33
3L	18291978	18288559	Deletion	3419
3L	18291978	18292013	Deletion	35
3L	18291978	18292070	Deletion	92
3L	18294798	18294844	Deletion	46
3L	18294807	18294844	Deletion	37
3L	18295130	18294844	Deletion	286
3L	18295130	18295230	Deletion	100
3L	18295130	18295211	Deletion	81
3L	18295130	18295220	Deletion	90
3L	18295130	18295177	Deletion	47
3L	18316313	18316413	Deletion	100
3L	18316321	18316413	Deletion	92
3L	18316345	18316413	Deletion	68
3L	18316350	18316413	Deletion	63
3L	18316354	18316413	Deletion	59
3L	18316358	18316413	Deletion	55
3L	18316369	18316413	Deletion	44
3L	18322110	18316413	Deletion	5697
3L	18322110	18322144	Deletion	34
3L	18322110	18322177	Deletion	67
3L	18322110	18322181	Deletion	71
3L	18322110	18322173	Deletion	63
3L	18322110	18322168	Deletion	58
3L	18357953	18358039	Deletion	86
3L	18357981	18358039	Deletion	58
3L	18357983	18358039	Deletion	56
3L	18358007	18358039	Deletion	32
3L	18361635	18358039	Deletion	3596
3L	18361635	18361705	Deletion	70
3L	18361635	18361703	Deletion	68
3L	18361635	18361729	Deletion	94
3L	18370695	18370798	Deletion	103
3L	18370696	18370798	Deletion	102
3L	18370712	18370798	Deletion	86
3L	18370862	18370798	Deletion	64
3L	18370862	18370970	Deletion	108
3L	18370862	18370969	Deletion	107
3L	18370862	18370902	Deletion	40
3L	18375610	18375708	Deletion	98
3L	18375641	18375708	Deletion	67
3L	18375647	18375708	Deletion	61
3L	18375665	18375708	Deletion	43
3L	18394168	18375708	Deletion	18460
3L	18394168	18394233	Deletion	65
3L	18394168	18394269	Deletion	101
3L	18394168	18394227	Deletion	59
3L	18406197	18406305	Deletion	108
3L	18406213	18406305	Deletion	92
3L	18406236	18406305	Deletion	69
3L	18406236	18406305	Deletion	69
3L	18406365	18406307	Deletion	58
3L	18406365	18406424	Deletion	59
3L	18406365	18406401	Deletion	36
3L	18406365	18406468	Deletion	103
3L	18406368	18406471	Deletion	103
3L	18409700	18409801	Deletion	101
3L	18409705	18409801	Deletion	96
3L	18409746	18409801	Deletion	55
3L	18409753	18409801	Deletion	48
3L	18419076	18409801	Deletion	9275
3L	18419076	18419109	Deletion	33
3L	18419076	18419157	Deletion	81
3L	18419076	18419150	Deletion	74
3L	18431551	18431609	Deletion	58
3L	18432230	18431609	Deletion	621
3L	18432230	18432328	Deletion	98
3L	18432230	18432299	Deletion	69
3L	18439826	18439908	Deletion	82
3L	18439830	18439908	Deletion	78
3L	18439876	18439908	Deletion	32
3L	18445311	18439908	Deletion	5403
3L	18445311	18445407	Deletion	96
3L	18445311	18445361	Deletion	50
3L	18448413	18448524	Deletion	111
3L	18448448	18448524	Deletion	76
3L	18448451	18448524	Deletion	73
3L	18454233	18448524	Deletion	5709
3L	18454233	18454286	Deletion	53
3L	18461188	18461298	Deletion	110
3L	18461209	18461298	Deletion	89
3L	18461220	18461298	Deletion	78
3L	18461230	18461298	Deletion	68
3L	18461259	18461298	Deletion	39
3L	18470536	18461298	Deletion	9238
3L	18470536	18470573	Deletion	37
3L	18470536	18470594	Deletion	58
3L	18470536	18470658	Deletion	122
3L	18470536	18470584	Deletion	48
3L	18471388	18471475	Deletion	87
3L	18471396	18471475	Deletion	79
3L	18471403	18471475	Deletion	72
3L	18471409	18471475	Deletion	66
3L	18471424	18471475	Deletion	51
3L	18471438	18471475	Deletion	37
3L	18471440	18471475	Deletion	35
3L	18487687	18471475	Deletion	16212
3L	18487687	18487762	Deletion	75
3L	18487687	18487778	Deletion	91
3L	18487687	18487741	Deletion	54
3L	18487687	18487776	Deletion	89
3L	18487687	18487747	Deletion	60
3L	18487687	18487726	Deletion	39
3L	18487687	18487734	Deletion	47
3L	18491327	18491398	Deletion	71
3L	18491359	18491398	Deletion	39
3L	18500370	18491398	Deletion	8972
3L	18500370	18500425	Deletion	55
3L	18500370	18500478	Deletion	108
3L	18513658	18513128	Deletion	530
3L	18513658	18513774	Deletion	116
3L	18513658	18513776	Deletion	118
3L	18513658	18513697	Deletion	39
3L	18518697	18518732	Deletion	35
3L	18525953	18526021	Deletion	68
3L	18525959	18526021	Deletion	62
3L	18525965	18526021	Deletion	56
3L	18527300	18526021	Deletion	1279
3L	18527300	18527358	Deletion	58
3L	18527300	18527370	Deletion	70
3L	18527300	18527364	Deletion	64
3L	18527300	18527343	Deletion	43
3L	18562173	18562242	Deletion	69
3L	18562180	18562242	Deletion	62
3L	18562181	18562242	Deletion	61
3L	18565732	18562242	Deletion	3490
3L	18565732	18565789	Deletion	57
3L	18565732	18565797	Deletion	65
3L	18576990	18577079	Deletion	89
3L	18576999	18577079	Deletion	80
3L	18577015	18577079	Deletion	64
3L	18577437	18577487	Deletion	50
3L	18577437	18577478	Deletion	41
3L	18582497	18582595	Deletion	98
3L	18582501	18582595	Deletion	94
3L	18582528	18582595	Deletion	67
3L	18582547	18582595	Deletion	48
3L	18582654	18582595	Deletion	59
3L	18582654	18582686	Deletion	32
3L	18582654	18582713	Deletion	59
3L	18582654	18582732	Deletion	78
3L	18600664	18600736	Deletion	72
3L	18605922	18600736	Deletion	5186
3L	18605922	18606028	Deletion	106
3L	18618163	18618255	Deletion	92
3L	18618184	18618255	Deletion	71
3L	18618189	18618255	Deletion	66
3L	18618196	18618255	Deletion	59
3L	18618203	18618255	Deletion	52
3L	18618775	18618255	Deletion	520
3L	18618775	18618832	Deletion	57
3L	18618775	18618811	Deletion	36
3L	18618775	18618844	Deletion	69
3L	18618775	18618851	Deletion	76
3L	18618775	18618891	Deletion	116
3L	18629518	18629624	Deletion	106
3L	18629526	18629624	Deletion	98
3L	18629527	18629624	Deletion	97
3L	18629529	18629624	Deletion	95
3L	18629540	18629624	Deletion	84
3L	18629585	18629624	Deletion	39
3L	18629674	18629624	Deletion	50
3L	18629674	18629762	Deletion	88
3L	18629674	18629717	Deletion	43
3L	18629674	18629706	Deletion	32
3L	18668677	18668787	Deletion	110
3L	18668696	18668787	Deletion	91
3L	18668734	18668787	Deletion	53
3L	18677653	18668787	Deletion	8866
3L	18677653	18677728	Deletion	75
3L	18677653	18677752	Deletion	99
3L	18689765	18689876	Deletion	111
3L	18689769	18689876	Deletion	107
3L	18689782	18689876	Deletion	94
3L	18689786	18689876	Deletion	90
3L	18689803	18689876	Deletion	73
3L	18689806	18689876	Deletion	70
3L	18689811	18689876	Deletion	65
3L	18689963	18689876	Deletion	87
3L	18689963	18690000	Deletion	37
3L	18689963	18690025	Deletion	62
3L	18689963	18690020	Deletion	57
3L	18689963	18690017	Deletion	54
3L	18718603	18718670	Deletion	67
3L	18747635	18747744	Deletion	109
3L	18747641	18747744	Deletion	103
3L	18747654	18747744	Deletion	90
3L	18747680	18747744	Deletion	64
3L	18747689	18747744	Deletion	55
3L	18748516	18748628	Deletion	112
3L	18748516	18748588	Deletion	72
3L	18748516	18748579	Deletion	63
3L	18764227	18764345	Deletion	118
3L	18764238	18764345	Deletion	107
3L	18764270	18764345	Deletion	75
3L	18764286	18764345	Deletion	59
3L	18764298	18764345	Deletion	47
3L	18764310	18764345	Deletion	35
3L	18767695	18764345	Deletion	3350
3L	18767695	18767798	Deletion	103
3L	18767695	18767775	Deletion	80
3L	18767695	18767763	Deletion	68
3L	18767695	18767747	Deletion	52
3L	18767695	18767787	Deletion	92
3L	18769406	18768645	Deletion	761
3L	18771067	18771177	Deletion	110
3L	18771100	18771177	Deletion	77
3L	18771130	18771177	Deletion	47
3L	18782495	18782547	Deletion	52
3L	18827386	18827467	Deletion	81
3L	18827405	18827467	Deletion	62
3L	18827408	18827467	Deletion	59
3L	18827416	18827467	Deletion	51
3L	18827569	18827644	Deletion	75
3L	18827569	18827614	Deletion	45
3L	18827569	18827636	Deletion	67
3L	18830182	18830251	Deletion	69
3L	18830192	18830251	Deletion	59
3L	18830200	18830251	Deletion	51
3L	18830210	18830251	Deletion	41
3L	18830403	18830251	Deletion	152
3L	18830403	18830470	Deletion	67
3L	18830403	18830460	Deletion	57
3L	18830403	18830488	Deletion	85
3L	18830403	18830478	Deletion	75
3L	18830403	18830454	Deletion	51
3L	18837924	18838041	Deletion	117
3L	18837931	18838041	Deletion	110
3L	18837947	18838041	Deletion	94
3L	18837954	18838041	Deletion	87
3L	18837966	18838041	Deletion	75
3L	18837971	18838041	Deletion	70
3L	18837982	18838041	Deletion	59
3L	18838000	18838041	Deletion	41
3L	18838005	18838041	Deletion	36
3L	18838747	18838041	Deletion	706
3L	18838747	18838865	Deletion	118
3L	18838747	18838832	Deletion	85
3L	18838747	18838779	Deletion	32
3L	18838747	18838786	Deletion	39
3L	18838747	18838798	Deletion	51
3L	18838747	18838859	Deletion	112
3L	18838747	18838837	Deletion	90
3L	18838747	18838814	Deletion	67
3L	18838747	18838869	Deletion	122
3L	18866962	18867043	Deletion	81
3L	18866978	18867043	Deletion	65
3L	18867001	18867043	Deletion	42
3L	18867453	18867043	Deletion	410
3L	18867453	18867514	Deletion	61
3L	18867453	18867497	Deletion	44
3L	18867453	18867537	Deletion	84
3L	18867453	18867569	Deletion	116
3L	18870434	18870535	Deletion	101
3L	18870443	18870535	Deletion	92
3L	18870460	18870535	Deletion	75
3L	18870491	18870535	Deletion	44
3L	18870501	18870535	Deletion	34
3L	18871319	18870535	Deletion	784
3L	18871319	18871424	Deletion	105
3L	18871319	18871353	Deletion	34
3L	18871319	18871370	Deletion	51
3L	18871319	18871411	Deletion	92
3L	18871319	18871401	Deletion	82
3L	18908240	18908346	Deletion	106
3L	18908276	18908346	Deletion	70
3L	18908308	18908346	Deletion	38
3L	18913427	18908346	Deletion	5081
3L	18913427	18913546	Deletion	119
3L	18913427	18913531	Deletion	104
3L	18913427	18913483	Deletion	56
3L	18926159	18926253	Deletion	94
3L	18926162	18926253	Deletion	91
3L	18926172	18926253	Deletion	81
3L	18926173	18926253	Deletion	80
3L	18926187	18926253	Deletion	66
3L	18926202	18926253	Deletion	51
3L	18926217	18926253	Deletion	36
3L	18931328	18931404	Deletion	76
3L	18931328	18931389	Deletion	61
3L	18931328	18931361	Deletion	33
3L	18931328	18931364	Deletion	36
3L	18931328	18931359	Deletion	31
3L	18931328	18931374	Deletion	46
3L	18935106	18935215	Deletion	109
3L	18935146	18935215	Deletion	69
3L	18935158	18935215	Deletion	57
3L	18935169	18935215	Deletion	46
3L	18935173	18935215	Deletion	42
3L	18935301	18935215	Deletion	86
3L	18935301	18935358	Deletion	57
3L	18935301	18935411	Deletion	110
3L	18935301	18935381	Deletion	80
3L	18954105	18954215	Deletion	110
3L	18954135	18954215	Deletion	80
3L	18954142	18954215	Deletion	73
3L	18954147	18954215	Deletion	68
3L	18954165	18954215	Deletion	50
3L	18954168	18954215	Deletion	47
3L	18954184	18954215	Deletion	31
3L	18956675	18954215	Deletion	2460
3L	18956675	18956734	Deletion	59
3L	18956675	18956752	Deletion	77
3L	18956675	18956788	Deletion	113
3L	18956675	18956795	Deletion	120
3L	18956675	18956771	Deletion	96
3L	18956675	18956729	Deletion	54
3L	18956675	18956755	Deletion	80
3L	18991917	18991997	Deletion	80
3L	18991919	18991997	Deletion	78
3L	18991925	18991997	Deletion	72
3L	18991935	18991997	Deletion	62
3L	18997375	18991997	Deletion	5378
3L	18997375	18997423	Deletion	48
3L	18997375	18997439	Deletion	64
3L	18997375	18997498	Deletion	123
3L	18997375	18997429	Deletion	54
3L	19008291	19008380	Deletion	89
3L	19008318	19008380	Deletion	62
3L	19008332	19008380	Deletion	48
3L	19012197	19008380	Deletion	3817
3L	19012197	19012275	Deletion	78
3L	19012197	19012227	Deletion	30
3L	19012197	19012261	Deletion	64
3L	19012902	19013021	Deletion	119
3L	19012918	19013021	Deletion	103
3L	19012975	19013021	Deletion	46
3L	19012976	19013021	Deletion	45
3L	19014783	19013021	Deletion	1762
3L	19014783	19014865	Deletion	82
3L	19014783	19014866	Deletion	83
3L	19015286	19015338	Deletion	52
3L	19015289	19015338	Deletion	49
3L	19015290	19015338	Deletion	48
3L	19015495	19015338	Deletion	157
3L	19015495	19015572	Deletion	77
3L	19015495	19015573	Deletion	78
3L	19015495	19015543	Deletion	48
3L	19018855	19018892	Deletion	37
3L	19018859	19018892	Deletion	33
3L	19018861	19018892	Deletion	31
3L	19020016	19018892	Deletion	1124
3L	19020016	19020111	Deletion	95
3L	19020016	19020109	Deletion	93
3L	19020016	19020105	Deletion	89
3L	19036087	19036190	Deletion	103
3L	19036118	19036190	Deletion	72
3L	19036122	19036190	Deletion	68
3L	19036139	19036190	Deletion	51
3L	19036728	19036190	Deletion	538
3L	19036728	19036847	Deletion	119
3L	19036728	19036786	Deletion	58
3L	19036728	19036803	Deletion	75
3L	19056874	19056938	Deletion	64
3L	19056886	19056938	Deletion	52
3L	19057028	19056938	Deletion	90
3L	19057028	19057134	Deletion	106
3L	19057028	19057102	Deletion	74
3L	19057029	19057073	Deletion	44
3L	19072487	19072603	Deletion	116
3L	19087705	19087795	Deletion	90
3L	19087706	19087795	Deletion	89
3L	19087746	19087795	Deletion	49
3L	19087752	19087795	Deletion	43
3L	19091234	19087795	Deletion	3439
3L	19091234	19091274	Deletion	40
3L	19091234	19091315	Deletion	81
3L	19091234	19091358	Deletion	124
3L	19091234	19091271	Deletion	37
3L	19091234	19091340	Deletion	106
3L	19091234	19091321	Deletion	87
3L	19095743	19095829	Deletion	86
3L	19095756	19095829	Deletion	73
3L	19095764	19095829	Deletion	65
3L	19095786	19095829	Deletion	43
3L	19095795	19095829	Deletion	34
3L	19095799	19095829	Deletion	30
3L	19096579	19095829	Deletion	750
3L	19096579	19096675	Deletion	96
3L	19096579	19096619	Deletion	40
3L	19096579	19096632	Deletion	53
3L	19096579	19096662	Deletion	83
3L	19096579	19096640	Deletion	61
3L	19098688	19098763	Deletion	75
3L	19098698	19098763	Deletion	65
3L	19098704	19098763	Deletion	59
3L	19098885	19098763	Deletion	122
3L	19098885	19098982	Deletion	97
3L	19098885	19098936	Deletion	51
3L	19098885	19098952	Deletion	67
3L	19098885	19099009	Deletion	124
3L	19098885	19098946	Deletion	61
3L	19099796	19099134	Deletion	662
3L	19099796	19099896	Deletion	100
3L	19102044	19102084	Deletion	40
3L	19103464	19102084	Deletion	1380
3L	19103464	19103545	Deletion	81
3L	19132276	19132356	Deletion	80
3L	19132292	19132356	Deletion	64
3L	19132293	19132356	Deletion	63
3L	19132534	19132356	Deletion	178
3L	19132534	19132580	Deletion	46
3L	19132534	19132627	Deletion	93
3L	19132534	19132596	Deletion	62
3L	19132538	19132597	Deletion	59
3L	19132566	19132570	Deletion	4
3L	19136885	19132627	Deletion	4258
3L	19136885	19136997	Deletion	112
3L	19144383	19137022	Deletion	7361
3L	19151427	19151518	Deletion	91
3L	19151459	19151518	Deletion	59
3L	19151462	19151518	Deletion	56
3L	19151468	19151518	Deletion	50
3L	19154086	19151518	Deletion	2568
3L	19154086	19154156	Deletion	70
3L	19154086	19154153	Deletion	67
3L	19154086	19154162	Deletion	76
3L	19154086	19154121	Deletion	35
3L	19173564	19173682	Deletion	118
3L	19173570	19173682	Deletion	112
3L	19173578	19173682	Deletion	104
3L	19173582	19173682	Deletion	100
3L	19173586	19173682	Deletion	96
3L	19173597	19173682	Deletion	85
3L	19173601	19173682	Deletion	81
3L	19173610	19173682	Deletion	72
3L	19173640	19173682	Deletion	42
3L	19173645	19173682	Deletion	37
3L	19173788	19173682	Deletion	106
3L	19173788	19173872	Deletion	84
3L	19173788	19173894	Deletion	106
3L	19173788	19173842	Deletion	54
3L	19173788	19173877	Deletion	89
3L	19173788	19173833	Deletion	45
3L	19173788	19173829	Deletion	41
3L	19179091	19179143	Deletion	52
3L	19179105	19179143	Deletion	38
3L	19179505	19179143	Deletion	362
3L	19179505	19179587	Deletion	82
3L	19179505	19179601	Deletion	96
3L	19182905	19183000	Deletion	95
3L	19182952	19183000	Deletion	48
3L	19184474	19184596	Deletion	122
3L	19184474	19184552	Deletion	78
3L	19184635	19184688	Deletion	53
3L	19199071	19184688	Deletion	14383
3L	19199071	19199144	Deletion	73
3L	19200557	19200638	Deletion	81
3L	19200702	19200638	Deletion	64
3L	19200702	19200748	Deletion	46
3L	19200702	19200803	Deletion	101
3L	19237544	19237634	Deletion	90
3L	19237550	19237634	Deletion	84
3L	19237575	19237634	Deletion	59
3L	19237577	19237634	Deletion	57
3L	19237602	19237634	Deletion	32
3L	19244106	19237634	Deletion	6472
3L	19244106	19244143	Deletion	37
3L	19244106	19244174	Deletion	68
3L	19244106	19244176	Deletion	70
3L	19244106	19244221	Deletion	115
3L	19244106	19244201	Deletion	95
3L	19249117	19249224	Deletion	107
3L	19249121	19249224	Deletion	103
3L	19249122	19249224	Deletion	102
3L	19249145	19249224	Deletion	79
3L	19249169	19249224	Deletion	55
3L	19249194	19249224	Deletion	30
3L	19249653	19249224	Deletion	429
3L	19249653	19249750	Deletion	97
3L	19249653	19249754	Deletion	101
3L	19249653	19249775	Deletion	122
3L	19249653	19249725	Deletion	72
3L	19254043	19254126	Deletion	83
3L	19254061	19254126	Deletion	65
3L	19254070	19254126	Deletion	56
3L	19254082	19254121	Deletion	39
3L	19254086	19254126	Deletion	40
3L	19259516	19254126	Deletion	5390
3L	19259516	19259559	Deletion	43
3L	19259516	19259602	Deletion	86
3L	19259516	19259577	Deletion	61
3L	19259516	19259586	Deletion	70
3L	19276429	19276532	Deletion	103
3L	19276473	19276532	Deletion	59
3L	19276477	19276532	Deletion	55
3L	19276487	19276532	Deletion	45
3L	19277016	19276532	Deletion	484
3L	19277016	19277085	Deletion	69
3L	19277016	19277125	Deletion	109
3L	19277016	19277099	Deletion	83
3L	19300630	19300738	Deletion	108
3L	19300648	19300738	Deletion	90
3L	19300662	19300738	Deletion	76
3L	19300682	19300738	Deletion	56
3L	19300689	19300738	Deletion	49
3L	19300703	19300738	Deletion	35
3L	19300840	19300738	Deletion	102
3L	19300840	19300917	Deletion	77
3L	19300840	19300931	Deletion	91
3L	19300840	19300910	Deletion	70
3L	19300840	19300944	Deletion	104
3L	19300840	19300890	Deletion	50
3L	19300840	19300958	Deletion	118
3L	19300840	19300876	Deletion	36
3L	19304437	19304527	Deletion	90
3L	19304450	19304527	Deletion	77
3L	19308845	19304527	Deletion	4318
3L	19308845	19308949	Deletion	104
3L	19308845	19308882	Deletion	37
3L	19315974	19316059	Deletion	85
3L	19315986	19316059	Deletion	73
3L	19320767	19316059	Deletion	4708
3L	19320767	19320870	Deletion	103
3L	19320767	19320803	Deletion	36
3L	19320767	19320881	Deletion	114
3L	19320767	19320874	Deletion	107
3L	19320767	19320820	Deletion	53
3L	19329920	19329985	Deletion	65
3L	19330043	19329985	Deletion	58
3L	19330043	19330163	Deletion	120
3L	19336575	19336683	Deletion	108
3L	19336593	19336683	Deletion	90
3L	19336622	19336683	Deletion	61
3L	19336642	19336683	Deletion	41
3L	19336911	19336683	Deletion	228
3L	19336911	19337020	Deletion	109
3L	19336911	19336978	Deletion	67
3L	19336911	19337028	Deletion	117
3L	19336911	19336949	Deletion	38
3L	19350731	19350835	Deletion	104
3L	19350769	19350835	Deletion	66
3L	19350798	19350835	Deletion	37
3L	19350801	19350835	Deletion	34
3L	19350927	19350835	Deletion	92
3L	19350927	19351019	Deletion	92
3L	19350927	19351031	Deletion	104
3L	19350927	19350987	Deletion	60
3L	19359014	19359090	Deletion	76
3L	19359028	19359090	Deletion	62
3L	19359057	19359090	Deletion	33
3L	19410343	19410431	Deletion	88
3L	19410343	19410407	Deletion	64
3L	19410343	19410427	Deletion	84
3L	19440273	19440339	Deletion	66
3L	19440300	19440339	Deletion	39
3L	19440302	19440339	Deletion	37
3L	19440815	19440339	Deletion	476
3L	19440815	19440904	Deletion	89
3L	19440815	19440906	Deletion	91
3L	19440815	19440914	Deletion	99
3L	19440815	19440923	Deletion	108
3L	19440815	19440853	Deletion	38
3L	19454097	19454208	Deletion	111
3L	19454110	19454208	Deletion	98
3L	19454141	19454208	Deletion	67
3L	19454158	19454208	Deletion	50
3L	19454171	19454208	Deletion	37
3L	19455853	19455944	Deletion	91
3L	19455853	19455883	Deletion	30
3L	19455853	19455931	Deletion	78
3L	19455853	19455953	Deletion	100
3L	19455853	19455914	Deletion	61
3L	19455853	19455977	Deletion	124
3L	19456601	19456711	Deletion	110
3L	19456602	19456711	Deletion	109
3L	19456766	19456890	Deletion	124
3L	19458810	19458916	Deletion	106
3L	19458835	19458916	Deletion	81
3L	19458852	19458916	Deletion	64
3L	19458857	19458916	Deletion	59
3L	19458858	19458916	Deletion	58
3L	19458879	19458916	Deletion	37
3L	19483923	19458916	Deletion	25007
3L	19483923	19484026	Deletion	103
3L	19483923	19484034	Deletion	111
3L	19483923	19483985	Deletion	62
3L	19483923	19483991	Deletion	68
3L	19483923	19483990	Deletion	67
3L	19483923	19483968	Deletion	45
3L	19492769	19492717	Deletion	52
3L	19492769	19492842	Deletion	73
3L	19518496	19518603	Deletion	107
3L	19518512	19518603	Deletion	91
3L	19518546	19518603	Deletion	57
3L	19518568	19518603	Deletion	35
3L	19518570	19518603	Deletion	33
3L	19528076	19518603	Deletion	9473
3L	19528076	19528112	Deletion	36
3L	19528076	19528182	Deletion	106
3L	19528076	19528146	Deletion	70
3L	19528076	19528170	Deletion	94
3L	19528076	19528168	Deletion	92
3L	19528076	19528190	Deletion	114
3L	19535813	19535911	Deletion	98
3L	19535823	19535911	Deletion	88
3L	19535857	19535911	Deletion	54
3L	19538860	19535911	Deletion	2949
3L	19538860	19538899	Deletion	39
3L	19538860	19538964	Deletion	104
3L	19538860	19538961	Deletion	101
3L	19538860	19538934	Deletion	74
3L	19552693	19552787	Deletion	94
3L	19552708	19552787	Deletion	79
3L	19552749	19552787	Deletion	38
3L	19552753	19552787	Deletion	34
3L	19563628	19552787	Deletion	10841
3L	19563628	19563751	Deletion	123
3L	19563628	19563716	Deletion	88
3L	19563628	19563675	Deletion	47
3L	19563628	19563720	Deletion	92
3L	19563628	19563728	Deletion	100
3L	19567953	19568002	Deletion	49
3L	19568016	19568071	Deletion	55
3L	19568018	19568071	Deletion	53
3L	19568025	19568071	Deletion	46
3L	19569544	19568071	Deletion	1473
3L	19569544	19569627	Deletion	83
3L	19569544	19569618	Deletion	74
3L	19569957	19570066	Deletion	109
3L	19569964	19570068	Deletion	104
3L	19569991	19570068	Deletion	77
3L	19570009	19570068	Deletion	59
3L	19570032	19570068	Deletion	36
3L	19575582	19575673	Deletion	91
3L	19575582	19575632	Deletion	50
3L	19576899	19577004	Deletion	105
3L	19576931	19577004	Deletion	73
3L	19576942	19577004	Deletion	62
3L	19576954	19577004	Deletion	50
3L	19586252	19577004	Deletion	9248
3L	19586252	19586307	Deletion	55
3L	19586252	19586318	Deletion	66
3L	19586252	19586362	Deletion	110
3L	19596144	19596239	Deletion	95
3L	19596158	19596239	Deletion	81
3L	19596163	19596239	Deletion	76
3L	19596178	19596239	Deletion	61
3L	19596179	19596239	Deletion	60
3L	19626067	19626117	Deletion	50
3L	19626067	19626112	Deletion	45
3L	19626067	19626132	Deletion	65
3L	19626067	19626133	Deletion	66
3L	19626067	19626098	Deletion	31
3L	19632989	19633060	Deletion	71
3L	19633034	19633065	Deletion	31
3L	19633035	19633065	Deletion	30
3L	19637554	19633065	Deletion	4489
3L	19637554	19637650	Deletion	96
3L	19637554	19637649	Deletion	95
3L	19638592	19638699	Deletion	107
3L	19638598	19638699	Deletion	101
3L	19638600	19638699	Deletion	99
3L	19638627	19638699	Deletion	72
3L	19638631	19638699	Deletion	68
3L	19638654	19638699	Deletion	45
3L	19639413	19638699	Deletion	714
3L	19639413	19639524	Deletion	111
3L	19639413	19639530	Deletion	117
3L	19639413	19639531	Deletion	118
3L	19639413	19639478	Deletion	65
3L	19639413	19639501	Deletion	88
3L	19658926	19659004	Deletion	78
3L	19658936	19659004	Deletion	68
3L	19658958	19659004	Deletion	46
3L	19659917	19659004	Deletion	913
3L	19659917	19660026	Deletion	109
3L	19659917	19659997	Deletion	80
3L	19659917	19659965	Deletion	48
3L	19692188	19692231	Deletion	43
3L	19692199	19692231	Deletion	32
3L	19699416	19692231	Deletion	7185
3L	19699416	19699499	Deletion	83
3L	19699416	19699458	Deletion	42
3L	19699416	19699510	Deletion	94
3L	19705419	19705523	Deletion	104
3L	19705425	19705523	Deletion	98
3L	19705430	19705523	Deletion	93
3L	19705431	19705523	Deletion	92
3L	19705458	19705523	Deletion	65
3L	19705468	19705523	Deletion	55
3L	19705481	19705523	Deletion	42
3L	19705492	19705523	Deletion	31
3L	19706427	19705523	Deletion	904
3L	19706427	19706528	Deletion	101
3L	19706427	19706504	Deletion	77
3L	19706427	19706466	Deletion	39
3L	19706427	19706494	Deletion	67
3L	19706427	19706517	Deletion	90
3L	19706427	19706467	Deletion	40
3L	19716822	19716873	Deletion	51
3L	19716943	19716873	Deletion	70
3L	19716943	19717050	Deletion	107
3L	19716943	19717053	Deletion	110
3L	19716943	19717032	Deletion	89
3L	19728025	19728094	Deletion	69
3L	19728027	19728094	Deletion	67
3L	19748359	19748404	Deletion	45
3L	19759424	19759509	Deletion	85
3L	19759428	19759509	Deletion	81
3L	19759452	19759509	Deletion	57
3L	19759453	19759509	Deletion	56
3L	19759462	19759509	Deletion	47
3L	19781551	19781597	Deletion	46
3L	19781551	19781622	Deletion	71
3L	19781551	19781611	Deletion	60
3L	19781551	19781621	Deletion	70
3L	19781551	19781586	Deletion	35
3L	19781551	19781609	Deletion	58
3L	19782203	19782277	Deletion	74
3L	19782214	19782277	Deletion	63
3L	19782219	19782277	Deletion	58
3L	19782230	19782277	Deletion	47
3L	19782242	19782277	Deletion	35
3L	19782244	19782277	Deletion	33
3L	19783817	19782277	Deletion	1540
3L	19783817	19783880	Deletion	63
3L	19783817	19783908	Deletion	91
3L	19783817	19783885	Deletion	68
3L	19783817	19783910	Deletion	93
3L	19783817	19783923	Deletion	106
3L	19783817	19783896	Deletion	79
3L	19783817	19783869	Deletion	52
3L	19791633	19791747	Deletion	114
3L	19791651	19791747	Deletion	96
3L	19791653	19791747	Deletion	94
3L	19791661	19791747	Deletion	86
3L	19791686	19791747	Deletion	61
3L	19791690	19791747	Deletion	57
3L	19791695	19791747	Deletion	52
3L	19791703	19791743	Deletion	40
3L	19791716	19791747	Deletion	31
3L	19800404	19791747	Deletion	8657
3L	19800404	19800514	Deletion	110
3L	19800404	19800501	Deletion	97
3L	19800404	19800488	Deletion	84
3L	19800404	19800475	Deletion	71
3L	19800404	19800511	Deletion	107
3L	19800404	19800446	Deletion	42
3L	19800404	19800480	Deletion	76
3L	19800404	19800471	Deletion	67
3L	19800404	19800438	Deletion	34
3L	19809412	19809509	Deletion	97
3L	19809417	19809509	Deletion	92
3L	19809463	19809509	Deletion	46
3L	19809472	19809509	Deletion	37
3L	19810305	19809509	Deletion	796
3L	19810305	19810387	Deletion	82
3L	19810305	19810396	Deletion	91
3L	19817768	19817874	Deletion	106
3L	19817791	19817874	Deletion	83
3L	19817792	19817874	Deletion	82
3L	19817924	19817968	Deletion	44
3L	19832774	19832886	Deletion	112
3L	19832808	19832886	Deletion	78
3L	19832849	19832886	Deletion	37
3L	19833734	19833782	Deletion	48
3L	19840372	19840465	Deletion	93
3L	19840373	19840465	Deletion	92
3L	19840378	19840465	Deletion	87
3L	19840408	19840465	Deletion	57
3L	19840412	19840465	Deletion	53
3L	19840422	19840465	Deletion	43
3L	19843148	19840465	Deletion	2683
3L	19843148	19843266	Deletion	118
3L	19843148	19843221	Deletion	73
3L	19843148	19843217	Deletion	69
3L	19843148	19843231	Deletion	83
3L	19843148	19843182	Deletion	34
3L	19843148	19843263	Deletion	115
3L	19843148	19843187	Deletion	39
3L	19858273	19858374	Deletion	101
3L	19858286	19858374	Deletion	88
3L	19858288	19858374	Deletion	86
3L	19858324	19858374	Deletion	50
3L	19861591	19858374	Deletion	3217
3L	19861591	19861707	Deletion	116
3L	19861591	19861668	Deletion	77
3L	19861591	19861630	Deletion	39
3L	19871443	19871520	Deletion	77
3L	19871465	19871520	Deletion	55
3L	19871466	19871520	Deletion	54
3L	19873461	19871520	Deletion	1941
3L	19873461	19873532	Deletion	71
3L	19873461	19873510	Deletion	49
3L	19873461	19873563	Deletion	102
3L	19891895	19891987	Deletion	92
3L	19891901	19891987	Deletion	86
3L	19891905	19891987	Deletion	82
3L	19891925	19891987	Deletion	62
3L	19891927	19891987	Deletion	60
3L	19891951	19891987	Deletion	36
3L	19892135	19891987	Deletion	148
3L	19892135	19892203	Deletion	68
3L	19892135	19892227	Deletion	92
3L	19892135	19892201	Deletion	66
3L	19892135	19892181	Deletion	46
3L	19892135	19892177	Deletion	42
3L	19892139	19892171	Deletion	32
3L	19896955	19897063	Deletion	108
3L	19896960	19897063	Deletion	103
3L	19897008	19897063	Deletion	55
3L	19897018	19897063	Deletion	45
3L	19897031	19897063	Deletion	32
3L	19897712	19897063	Deletion	649
3L	19897712	19897795	Deletion	83
3L	19897712	19897808	Deletion	96
3L	19897712	19897813	Deletion	101
3L	19897712	19897816	Deletion	104
3L	19897712	19897785	Deletion	73
3L	19908892	19908985	Deletion	93
3L	19908927	19908985	Deletion	58
3L	19908935	19908985	Deletion	50
3L	19913823	19908985	Deletion	4838
3L	19913823	19913857	Deletion	34
3L	19913823	19913927	Deletion	104
3L	19913823	19913900	Deletion	77
3L	19915670	19915783	Deletion	113
3L	19915701	19915783	Deletion	82
3L	19915721	19915783	Deletion	62
3L	19915728	19915783	Deletion	55
3L	19917679	19915783	Deletion	1896
3L	19917679	19917723	Deletion	44
3L	19917679	19917743	Deletion	64
3L	19951571	19951681	Deletion	110
3L	19951622	19951681	Deletion	59
3L	19951638	19951681	Deletion	43
3L	19952706	19951681	Deletion	1025
3L	19952706	19952773	Deletion	67
3L	19955820	19955913	Deletion	93
3L	19955833	19955913	Deletion	80
3L	19960345	19955913	Deletion	4432
3L	19960345	19960378	Deletion	33
3L	19960345	19960391	Deletion	46
3L	19960345	19960456	Deletion	111
3L	19964366	19964436	Deletion	70
3L	19964370	19964436	Deletion	66
3L	19964374	19964436	Deletion	62
3L	19964406	19964436	Deletion	30
3L	19966381	19964436	Deletion	1945
3L	19966381	19966478	Deletion	97
3L	19966381	19966446	Deletion	65
3L	19966381	19966479	Deletion	98
3L	19966381	19966442	Deletion	61
3L	19966475	19966591	Deletion	116
3L	19966497	19966591	Deletion	94
3L	19966515	19966591	Deletion	76
3L	19966516	19966591	Deletion	75
3L	19966528	19966591	Deletion	63
3L	19966532	19966591	Deletion	59
3L	19966760	19966591	Deletion	169
3L	19966760	19966794	Deletion	34
3L	19966760	19966825	Deletion	65
3L	19966760	19966812	Deletion	52
3L	19966760	19966861	Deletion	101
3L	19966760	19966813	Deletion	53
3L	19967699	19967810	Deletion	111
3L	19967713	19967810	Deletion	97
3L	19967729	19967810	Deletion	81
3L	19967749	19967810	Deletion	61
3L	19967760	19967810	Deletion	50
3L	19974349	19967810	Deletion	6539
3L	19974349	19974394	Deletion	45
3L	19974349	19974451	Deletion	102
3L	19974349	19974425	Deletion	76
3L	20005098	20005209	Deletion	111
3L	20005105	20005209	Deletion	104
3L	20005144	20005209	Deletion	65
3L	20005149	20005209	Deletion	60
3L	20005154	20005209	Deletion	55
3L	20005155	20005209	Deletion	54
3L	20005159	20005209	Deletion	50
3L	20005162	20005209	Deletion	47
3L	20005178	20005209	Deletion	31
3L	20017991	20005209	Deletion	12782
3L	20017991	20018055	Deletion	64
3L	20017991	20018089	Deletion	98
3L	20017991	20018066	Deletion	75
3L	20017991	20018065	Deletion	74
3L	20017991	20018060	Deletion	69
3L	20017991	20018073	Deletion	82
3L	20023979	20024047	Deletion	68
3L	20023981	20024047	Deletion	66
3L	20023992	20024047	Deletion	55
3L	20024007	20024047	Deletion	40
3L	20024108	20024047	Deletion	61
3L	20024108	20024196	Deletion	88
3L	20024108	20024208	Deletion	100
3L	20024108	20024170	Deletion	62
3L	20024108	20024181	Deletion	73
3L	20024108	20024168	Deletion	60
3L	20024579	20024666	Deletion	87
3L	20024735	20024666	Deletion	69
3L	20024735	20024775	Deletion	40
3L	20024735	20024849	Deletion	114
3L	20024735	20024851	Deletion	116
3L	20033863	20033967	Deletion	104
3L	20033904	20033967	Deletion	63
3L	20033928	20033967	Deletion	39
3L	20038479	20033967	Deletion	4512
3L	20038479	20038566	Deletion	87
3L	20055438	20055548	Deletion	110
3L	20055440	20055548	Deletion	108
3L	20055445	20055548	Deletion	103
3L	20055465	20055548	Deletion	83
3L	20055505	20055548	Deletion	43
3L	20057660	20055548	Deletion	2112
3L	20057660	20057703	Deletion	43
3L	20067376	20067460	Deletion	84
3L	20067411	20067460	Deletion	49
3L	20067510	20067460	Deletion	50
3L	20067510	20067627	Deletion	117
3L	20067510	20067587	Deletion	77
3L	20083502	20083568	Deletion	66
3L	20083522	20083568	Deletion	46
3L	20083525	20083568	Deletion	43
3L	20083528	20083568	Deletion	40
3L	20084943	20083568	Deletion	1375
3L	20084943	20085029	Deletion	86
3L	20084943	20085026	Deletion	83
3L	20084943	20085039	Deletion	96
3L	20084943	20085023	Deletion	80
3L	20084943	20084981	Deletion	38
3L	20091302	20091412	Deletion	110
3L	20091320	20091412	Deletion	92
3L	20091337	20091412	Deletion	75
3L	20091353	20091412	Deletion	59
3L	20091355	20091412	Deletion	57
3L	20091378	20091412	Deletion	34
3L	20091380	20091412	Deletion	32
3L	20091528	20091412	Deletion	116
3L	20091528	20091598	Deletion	70
3L	20091528	20091644	Deletion	116
3L	20091528	20091637	Deletion	109
3L	20091528	20091580	Deletion	52
3L	20091528	20091641	Deletion	113
3L	20091528	20091563	Deletion	35
3L	20091528	20091621	Deletion	93
3L	20091528	20091623	Deletion	95
3L	20098584	20098658	Deletion	74
3L	20107351	20098658	Deletion	8693
3L	20107351	20107389	Deletion	38
3L	20107351	20107469	Deletion	118
3L	20107351	20107471	Deletion	120
3L	20107351	20107462	Deletion	111
3L	20124046	20124092	Deletion	46
3L	20124046	20124087	Deletion	41
3L	20124046	20124169	Deletion	123
3L	20124046	20124094	Deletion	48
3L	20124046	20124109	Deletion	63
3L	20124046	20124122	Deletion	76
3L	20126216	20126287	Deletion	71
3L	20126217	20126287	Deletion	70
3L	20126228	20126287	Deletion	59
3L	20126471	20126287	Deletion	184
3L	20126471	20126538	Deletion	67
3L	20126471	20126517	Deletion	46
3L	20126471	20126527	Deletion	56
3L	20134797	20134916	Deletion	119
3L	20134820	20134916	Deletion	96
3L	20134825	20134916	Deletion	91
3L	20134833	20134916	Deletion	83
3L	20134837	20134916	Deletion	79
3L	20134881	20134916	Deletion	35
3L	20135101	20135144	Deletion	43
3L	20135101	20135136	Deletion	35
3L	20135101	20135192	Deletion	91
3L	20135101	20135148	Deletion	47
3L	20135368	20135430	Deletion	62
3L	20135390	20135430	Deletion	40
3L	20135398	20135430	Deletion	32
3L	20136579	20135430	Deletion	1149
3L	20136579	20136683	Deletion	104
3L	20136579	20136676	Deletion	97
3L	20136579	20136694	Deletion	115
3L	20136579	20136665	Deletion	86
3L	20136579	20136700	Deletion	121
3L	20136579	20136680	Deletion	101
3L	20136579	20136643	Deletion	64
3L	20152365	20149715	Deletion	2650
3L	20152365	20152468	Deletion	103
3L	20169938	20170041	Deletion	103
3L	20169965	20170041	Deletion	76
3L	20169972	20170041	Deletion	69
3L	20169983	20170041	Deletion	58
3L	20169994	20170041	Deletion	47
3L	20169996	20170041	Deletion	45
3L	20169998	20170041	Deletion	43
3L	20174451	20170041	Deletion	4410
3L	20174451	20174508	Deletion	57
3L	20174451	20174519	Deletion	68
3L	20174451	20174501	Deletion	50
3L	20174455	20174534	Deletion	79
3L	20195805	20195915	Deletion	110
3L	20195822	20195915	Deletion	93
3L	20195823	20195915	Deletion	92
3L	20195844	20195915	Deletion	71
3L	20195861	20195915	Deletion	54
3L	20195873	20195915	Deletion	42
3L	20220380	20220433	Deletion	53
3L	20220382	20220433	Deletion	51
3L	20220398	20220433	Deletion	35
3L	20221109	20220433	Deletion	676
3L	20221109	20221163	Deletion	54
3L	20221109	20221185	Deletion	76
3L	20221109	20221201	Deletion	92
3L	20223883	20223989	Deletion	106
3L	20225541	20225626	Deletion	85
3L	20225550	20225626	Deletion	76
3L	20225569	20225626	Deletion	57
3L	20225587	20225626	Deletion	39
3L	20232927	20225626	Deletion	7301
3L	20232927	20233014	Deletion	87
3L	20232927	20233042	Deletion	115
3L	20232927	20232977	Deletion	50
3L	20232927	20232968	Deletion	41
3L	20234729	20234847	Deletion	118
3L	20234740	20234847	Deletion	107
3L	20234742	20234847	Deletion	105
3L	20234744	20234847	Deletion	103
3L	20234748	20234847	Deletion	99
3L	20234750	20234847	Deletion	97
3L	20234757	20234847	Deletion	90
3L	20234812	20234847	Deletion	35
3L	20235793	20234847	Deletion	946
3L	20235793	20235829	Deletion	36
3L	20235793	20235884	Deletion	91
3L	20237729	20237820	Deletion	91
3L	20237741	20237820	Deletion	79
3L	20239484	20237820	Deletion	1664
3L	20239484	20239520	Deletion	36
3L	20241726	20241835	Deletion	109
3L	20241733	20241835	Deletion	102
3L	20241757	20241835	Deletion	78
3L	20241759	20241835	Deletion	76
3L	20241787	20241835	Deletion	48
3L	20241802	20241835	Deletion	33
3L	20255804	20241835	Deletion	13969
3L	20255804	20255925	Deletion	121
3L	20255804	20255882	Deletion	78
3L	20255804	20255854	Deletion	50
3L	20255804	20255852	Deletion	48
3L	20260349	20260403	Deletion	54
3L	20260356	20260403	Deletion	47
3L	20260372	20260403	Deletion	31
3L	20282467	20260403	Deletion	22064
3L	20282467	20282515	Deletion	48
3L	20282467	20282562	Deletion	95
3L	20282467	20282539	Deletion	72
3L	20282467	20282566	Deletion	99
3L	20282924	20283001	Deletion	77
3L	20282945	20283001	Deletion	56
3L	20282949	20283001	Deletion	52
3L	20282954	20283001	Deletion	47
3L	20285100	20285170	Deletion	70
3L	20285100	20285174	Deletion	74
3L	20285100	20285217	Deletion	117
3L	20285100	20285179	Deletion	79
3L	20285100	20285149	Deletion	49
3L	20301857	20301909	Deletion	52
3L	20310495	20301909	Deletion	8586
3L	20310495	20310618	Deletion	123
3L	20312353	20312444	Deletion	91
3L	20312368	20312444	Deletion	76
3L	20312371	20312444	Deletion	73
3L	20312384	20312444	Deletion	60
3L	20312388	20312444	Deletion	56
3L	20312396	20312444	Deletion	48
3L	20312404	20312444	Deletion	40
3L	20312406	20312444	Deletion	38
3L	20316780	20312444	Deletion	4336
3L	20316780	20316831	Deletion	51
3L	20316780	20316847	Deletion	67
3L	20316780	20316867	Deletion	87
3L	20316780	20316816	Deletion	36
3L	20316780	20316851	Deletion	71
3L	20316780	20316859	Deletion	79
3L	20316780	20316834	Deletion	54
3L	20317052	20317154	Deletion	102
3L	20317095	20317154	Deletion	59
3L	20317557	20317669	Deletion	112
3L	20317557	20317679	Deletion	122
3L	20317557	20317625	Deletion	68
3L	20331689	20331746	Deletion	57
3L	20332629	20332747	Deletion	118
3L	20332776	20332880	Deletion	104
3L	20338963	20339033	Deletion	70
3L	20349405	20349495	Deletion	90
3L	20349406	20349495	Deletion	89
3L	20349411	20349495	Deletion	84
3L	20349464	20349495	Deletion	31
3L	20351358	20349495	Deletion	1863
3L	20351358	20351390	Deletion	32
3L	20351358	20351456	Deletion	98
3L	20351358	20351397	Deletion	39
3L	20351358	20351398	Deletion	40
3L	20387739	20387820	Deletion	81
3L	20387766	20387816	Deletion	50
3L	20387769	20387820	Deletion	51
3L	20388899	20387820	Deletion	1079
3L	20388899	20388971	Deletion	72
3L	20388899	20388998	Deletion	99
3L	20388899	20388974	Deletion	75
3L	20388899	20388944	Deletion	45
3L	20390056	20390141	Deletion	85
3L	20390101	20390141	Deletion	40
3L	20392539	20390141	Deletion	2398
3L	20392539	20392625	Deletion	86
3L	20392539	20392580	Deletion	41
3L	20407293	20407351	Deletion	58
3L	20407297	20407351	Deletion	54
3L	20407305	20407351	Deletion	46
3L	20413420	20407351	Deletion	6069
3L	20413420	20413491	Deletion	71
3L	20413420	20413495	Deletion	75
3L	20413420	20413487	Deletion	67
3L	20413420	20413526	Deletion	106
3L	20429204	20429315	Deletion	111
3L	20429216	20429315	Deletion	99
3L	20429229	20429315	Deletion	86
3L	20429234	20429315	Deletion	81
3L	20429240	20429315	Deletion	75
3L	20429244	20429315	Deletion	71
3L	20429564	20429315	Deletion	249
3L	20429564	20429610	Deletion	46
3L	20429564	20429605	Deletion	41
3L	20429564	20429620	Deletion	56
3L	20429890	20429985	Deletion	95
3L	20429947	20429985	Deletion	38
3L	20429948	20429985	Deletion	37
3L	20430831	20429985	Deletion	846
3L	20430831	20430864	Deletion	33
3L	20430831	20430950	Deletion	119
3L	20430831	20430921	Deletion	90
3L	20430831	20430922	Deletion	91
3L	20431671	20431765	Deletion	94
3L	20431680	20431765	Deletion	85
3L	20431694	20431765	Deletion	71
3L	20431699	20431765	Deletion	66
3L	20431706	20431765	Deletion	59
3L	20431731	20431765	Deletion	34
3L	20450027	20431765	Deletion	18262
3L	20450027	20450150	Deletion	123
3L	20450027	20450060	Deletion	33
3L	20450027	20450069	Deletion	42
3L	20450027	20450083	Deletion	56
3L	20450027	20450088	Deletion	61
3L	20450027	20450120	Deletion	93
3L	20454372	20454424	Deletion	52
3L	20454373	20454424	Deletion	51
3L	20454561	20454424	Deletion	137
3L	20454561	20454636	Deletion	75
3L	20454561	20454668	Deletion	107
3L	20456412	20456519	Deletion	107
3L	20456415	20456519	Deletion	104
3L	20456427	20456519	Deletion	92
3L	20456478	20456519	Deletion	41
3L	20456488	20456519	Deletion	31
3L	20457074	20456519	Deletion	555
3L	20457074	20457178	Deletion	104
3L	20457074	20457159	Deletion	85
3L	20457074	20457169	Deletion	95
3L	20457074	20457172	Deletion	98
3L	20457074	20457192	Deletion	118
3L	20466693	20466753	Deletion	60
3L	20466698	20466753	Deletion	55
3L	20466723	20466753	Deletion	30
3L	20466888	20466955	Deletion	67
3L	20466888	20466960	Deletion	72
3L	20466888	20466948	Deletion	60
3L	20466888	20466985	Deletion	97
3L	20473332	20473419	Deletion	87
3L	20473357	20473419	Deletion	62
3L	20473379	20473419	Deletion	40
3L	20473381	20473419	Deletion	38
3L	20473387	20473419	Deletion	32
3L	20473499	20473419	Deletion	80
3L	20473499	20473538	Deletion	39
3L	20473499	20473566	Deletion	67
3L	20473499	20473588	Deletion	89
3L	20473499	20473590	Deletion	91
3L	20473499	20473610	Deletion	111
3L	20473499	20473614	Deletion	115
3L	20473499	20473541	Deletion	42
3L	20473499	20473596	Deletion	97
3L	20506860	20506945	Deletion	85
3L	20506860	20506919	Deletion	59
3L	20520964	20521004	Deletion	40
3L	20532381	20521004	Deletion	11377
3L	20532381	20532487	Deletion	106
3L	20532381	20532467	Deletion	86
3L	20532381	20532480	Deletion	99
3L	20547159	20547262	Deletion	103
3L	20547176	20547262	Deletion	86
3L	20547220	20547262	Deletion	42
3L	20547232	20547262	Deletion	30
3L	20547839	20547262	Deletion	577
3L	20547839	20547936	Deletion	97
3L	20547839	20547880	Deletion	41
3L	20550577	20550691	Deletion	114
3L	20550595	20550691	Deletion	96
3L	20550660	20550691	Deletion	31
3L	20552541	20550691	Deletion	1850
3L	20552541	20552572	Deletion	31
3L	20553731	20553832	Deletion	101
3L	20553741	20553832	Deletion	91
3L	20553754	20553832	Deletion	78
3L	20553764	20553832	Deletion	68
3L	20553771	20553832	Deletion	61
3L	20553797	20553832	Deletion	35
3L	20553800	20553832	Deletion	32
3L	20554111	20553832	Deletion	279
3L	20554111	20554206	Deletion	95
3L	20554111	20554214	Deletion	103
3L	20554111	20554160	Deletion	49
3L	20554111	20554203	Deletion	92
3L	20554111	20554170	Deletion	59
3L	20554111	20554147	Deletion	36
3L	20561517	20561613	Deletion	96
3L	20561547	20561613	Deletion	66
3L	20561561	20561613	Deletion	52
3L	20561576	20561613	Deletion	37
3L	20566047	20561613	Deletion	4434
3L	20566047	20566123	Deletion	76
3L	20566047	20566109	Deletion	62
3L	20566047	20566138	Deletion	91
3L	20577662	20577757	Deletion	95
3L	20577700	20577757	Deletion	57
3L	20577711	20577757	Deletion	46
3L	20582432	20577757	Deletion	4675
3L	20582432	20582501	Deletion	69
3L	20592641	20592740	Deletion	99
3L	20592646	20592740	Deletion	94
3L	20592648	20592740	Deletion	92
3L	20593372	20592740	Deletion	632
3L	20593372	20593472	Deletion	100
3L	20593372	20593404	Deletion	32
3L	20593372	20593493	Deletion	121
3L	20593375	20593406	Deletion	31
3L	20609315	20609392	Deletion	77
3L	20609318	20609392	Deletion	74
3L	20609326	20609392	Deletion	66
3L	20609362	20609392	Deletion	30
3L	20611496	20609392	Deletion	2104
3L	20611496	20611556	Deletion	60
3L	20611496	20611545	Deletion	49
3L	20611496	20611592	Deletion	96
3L	20611496	20611548	Deletion	52
3L	20611496	20611536	Deletion	40
3L	20615129	20615160	Deletion	31
3L	20615214	20615160	Deletion	54
3L	20615214	20615251	Deletion	37
3L	20616052	20616166	Deletion	114
3L	20616053	20616166	Deletion	113
3L	20616058	20616166	Deletion	108
3L	20616085	20616166	Deletion	81
3L	20617670	20616166	Deletion	1504
3L	20617670	20617774	Deletion	104
3L	20617670	20617786	Deletion	116
3L	20640184	20640276	Deletion	92
3L	20640198	20640276	Deletion	78
3L	20640226	20640276	Deletion	50
3L	20640245	20640276	Deletion	31
3L	20641302	20640276	Deletion	1026
3L	20641302	20641422	Deletion	120
3L	20641302	20641379	Deletion	77
3L	20641302	20641337	Deletion	35
3L	20641302	20641403	Deletion	101
3L	20641302	20641398	Deletion	96
3L	20641302	20641351	Deletion	49
3L	20641839	20641952	Deletion	113
3L	20641846	20641952	Deletion	106
3L	20641886	20641952	Deletion	66
3L	20641910	20641952	Deletion	42
3L	20641914	20641952	Deletion	38
3L	20649491	20641952	Deletion	7539
3L	20649491	20649552	Deletion	61
3L	20649491	20649614	Deletion	123
3L	20649491	20649594	Deletion	103
3L	20649491	20649580	Deletion	89
3L	20649491	20649576	Deletion	85
3L	20649491	20649598	Deletion	107
3L	20649677	20649777	Deletion	100
3L	20654647	20649777	Deletion	4870
3L	20656625	20656736	Deletion	111
3L	20656648	20656736	Deletion	88
3L	20656654	20656736	Deletion	82
3L	20656688	20656736	Deletion	48
3L	20657964	20656736	Deletion	1228
3L	20657964	20658063	Deletion	99
3L	20657964	20658009	Deletion	45
3L	20657964	20658003	Deletion	39
3L	20659827	20659912	Deletion	85
3L	20659851	20659912	Deletion	61
3L	20659871	20659912	Deletion	41
3L	20667910	20659912	Deletion	7998
3L	20667910	20667997	Deletion	87
3L	20667910	20667953	Deletion	43
3L	20693957	20694051	Deletion	94
3L	20694016	20694051	Deletion	35
3L	20698270	20694051	Deletion	4219
3L	20698270	20698303	Deletion	33
3L	20698270	20698387	Deletion	117
3L	20698270	20698373	Deletion	103
3L	20701656	20701732	Deletion	76
3L	20701678	20701732	Deletion	54
3L	20701943	20701732	Deletion	211
3L	20701943	20701993	Deletion	50
3L	20701943	20702015	Deletion	72
3L	20701943	20702065	Deletion	122
3L	20703662	20703755	Deletion	93
3L	20703684	20703755	Deletion	71
3L	20703723	20703755	Deletion	32
3L	20704363	20703755	Deletion	608
3L	20704363	20704418	Deletion	55
3L	20704363	20704396	Deletion	33
3L	20704363	20704460	Deletion	97
3L	20704363	20704464	Deletion	101
3L	20704504	20704595	Deletion	91
3L	20704512	20704595	Deletion	83
3L	20704520	20704595	Deletion	75
3L	20704543	20704595	Deletion	52
3L	20704549	20704595	Deletion	46
3L	20705584	20704595	Deletion	989
3L	20705584	20705619	Deletion	35
3L	20705584	20705664	Deletion	80
3L	20705584	20705635	Deletion	51
3L	20705584	20705658	Deletion	74
3L	20705584	20705703	Deletion	119
3L	20708624	20708667	Deletion	43
3L	20708627	20708667	Deletion	40
3L	20708869	20708667	Deletion	202
3L	20708869	20708972	Deletion	103
3L	20708869	20708952	Deletion	83
3L	20708869	20708955	Deletion	86
3L	20721219	20721328	Deletion	109
3L	20721248	20721328	Deletion	80
3L	20721271	20721328	Deletion	57
3L	20721274	20721328	Deletion	54
3L	20721291	20721328	Deletion	37
3L	20722282	20722330	Deletion	48
3L	20722282	20722356	Deletion	74
3L	20722282	20722386	Deletion	104
3L	20722282	20722353	Deletion	71
3L	20746953	20747062	Deletion	109
3L	20746963	20747062	Deletion	99
3L	20747009	20747062	Deletion	53
3L	20747018	20747062	Deletion	44
3L	20747143	20747062	Deletion	81
3L	20747143	20747246	Deletion	103
3L	20747143	20747243	Deletion	100
3L	20747143	20747217	Deletion	74
3L	20758750	20758826	Deletion	76
3L	20770305	20758826	Deletion	11479
3L	20783893	20783970	Deletion	77
3L	20786892	20783970	Deletion	2922
3L	20846568	20846662	Deletion	94
3L	20846605	20846662	Deletion	57
3L	20846611	20846662	Deletion	51
3L	20846616	20846662	Deletion	46
3L	20846712	20846662	Deletion	50
3L	20846712	20846792	Deletion	80
3L	20846712	20846781	Deletion	69
3L	20846712	20846787	Deletion	75
3L	20846712	20846744	Deletion	32
3L	20846712	20846816	Deletion	104
3L	20846712	20846831	Deletion	119
3L	20847765	20847862	Deletion	97
3L	20847777	20847862	Deletion	85
3L	20847814	20847862	Deletion	48
3L	20847823	20847862	Deletion	39
3L	20848267	20847862	Deletion	405
3L	20848267	20848308	Deletion	41
3L	20848267	20848372	Deletion	105
3L	20848267	20848345	Deletion	78
3L	20877613	20877711	Deletion	98
3L	20877616	20877711	Deletion	95
3L	20877618	20877711	Deletion	93
3L	20877619	20877711	Deletion	92
3L	20877628	20877711	Deletion	83
3L	20877643	20877711	Deletion	68
3L	20879697	20877711	Deletion	1986
3L	20879697	20879797	Deletion	100
3L	20879697	20879819	Deletion	122
3L	20879697	20879756	Deletion	59
3L	20879697	20879732	Deletion	35
3L	20879697	20879731	Deletion	34
3L	20879697	20879729	Deletion	32
3L	20911464	20911562	Deletion	98
3L	20911471	20911562	Deletion	91
3L	20911495	20911562	Deletion	67
3L	20911508	20911562	Deletion	54
3L	20911509	20911562	Deletion	53
3L	20911527	20911562	Deletion	35
3L	20912594	20911562	Deletion	1032
3L	20912594	20912667	Deletion	73
3L	20912594	20912686	Deletion	92
3L	20912594	20912630	Deletion	36
3L	20912594	20912654	Deletion	60
3L	20912594	20912668	Deletion	74
3L	20922889	20922992	Deletion	103
3L	20922895	20922992	Deletion	97
3L	20922940	20922992	Deletion	52
3L	20923246	20922992	Deletion	254
3L	20923246	20923276	Deletion	30
3L	20923246	20923346	Deletion	100
3L	20923246	20923321	Deletion	75
3L	20934766	20934864	Deletion	98
3L	20934777	20934864	Deletion	87
3L	20934780	20934864	Deletion	84
3L	20934790	20934864	Deletion	74
3L	20934819	20934864	Deletion	45
3L	20937133	20934859	Deletion	2274
3L	20937133	20937163	Deletion	30
3L	20937133	20937174	Deletion	41
3L	20937133	20937187	Deletion	54
3L	20937134	20937177	Deletion	43
3L	20939289	20939375	Deletion	86
3L	20939291	20939375	Deletion	84
3L	20939293	20939375	Deletion	82
3L	20939296	20939375	Deletion	79
3L	20939317	20939375	Deletion	58
3L	20939331	20939375	Deletion	44
3L	20939337	20939375	Deletion	38
3L	20939343	20939375	Deletion	32
3L	20956624	20939375	Deletion	17249
3L	20956624	20956671	Deletion	47
3L	20956624	20956664	Deletion	40
3L	20956624	20956718	Deletion	94
3L	20956624	20956706	Deletion	82
3L	20956624	20956692	Deletion	68
3L	20956624	20956666	Deletion	42
3L	20956624	20956712	Deletion	88
3L	20956624	20956747	Deletion	123
3L	20957891	20957983	Deletion	92
3L	20957926	20957983	Deletion	57
3L	20957942	20957983	Deletion	41
3L	20965235	20957983	Deletion	7252
3L	20965235	20965332	Deletion	97
3L	20965235	20965304	Deletion	69
3L	20965235	20965269	Deletion	34
3L	20965235	20965356	Deletion	121
3L	20965235	20965354	Deletion	119
3L	20965235	20965320	Deletion	85
3L	20966545	20966656	Deletion	111
3L	20966553	20966656	Deletion	103
3L	20966560	20966656	Deletion	96
3L	20966615	20966656	Deletion	41
3L	20969168	20966656	Deletion	2512
3L	20969168	20969288	Deletion	120
3L	20969168	20969198	Deletion	30
3L	20969168	20969286	Deletion	118
3L	20969168	20969253	Deletion	85
3L	20969168	20969279	Deletion	111
3L	20987617	20987666	Deletion	49
3L	21005758	21005877	Deletion	119
3L	21005758	21005862	Deletion	104
3L	21005758	21005859	Deletion	101
3L	21006830	21006948	Deletion	118
3L	21006835	21006948	Deletion	113
3L	21006874	21006948	Deletion	74
3L	21006875	21006948	Deletion	73
3L	21006877	21006948	Deletion	71
3L	21006880	21006948	Deletion	68
3L	21006898	21006948	Deletion	50
3L	21006903	21006948	Deletion	45
3L	21007197	21006948	Deletion	249
3L	21007197	21007257	Deletion	60
3L	21007197	21007280	Deletion	83
3L	21007197	21007251	Deletion	54
3L	21007197	21007301	Deletion	104
3L	21007197	21007320	Deletion	123
3L	21007197	21007275	Deletion	78
3L	21007197	21007252	Deletion	55
3L	21015869	21015947	Deletion	78
3L	21025091	21025203	Deletion	112
3L	21025129	21025203	Deletion	74
3L	21025155	21025203	Deletion	48
3L	21025172	21025203	Deletion	31
3L	21026092	21025203	Deletion	889
3L	21026092	21026171	Deletion	79
3L	21026092	21026202	Deletion	110
3L	21026092	21026145	Deletion	53
3L	21026092	21026194	Deletion	102
3L	21052407	21052511	Deletion	104
3L	21074233	21052511	Deletion	21722
3L	21074233	21074356	Deletion	123
3L	21088919	21088974	Deletion	55
3L	21088935	21088974	Deletion	39
3L	21088943	21088974	Deletion	31
3L	21089039	21088974	Deletion	65
3L	21089039	21089150	Deletion	111
3L	21089039	21089158	Deletion	119
3L	21089039	21089134	Deletion	95
3L	21089039	21089110	Deletion	71
3L	21096370	21096426	Deletion	56
3L	21096375	21096426	Deletion	51
3L	21096392	21096426	Deletion	34
3L	21100452	21096426	Deletion	4026
3L	21100452	21100544	Deletion	92
3L	21100452	21100527	Deletion	75
3L	21100452	21100519	Deletion	67
3L	21100452	21100554	Deletion	102
3L	21101081	21101144	Deletion	63
3L	21101780	21101144	Deletion	636
3L	21101780	21101843	Deletion	63
3L	21101780	21101899	Deletion	119
3L	21101780	21101823	Deletion	43
3L	21101780	21101877	Deletion	97
3L	21120203	21120287	Deletion	84
3L	21120212	21120287	Deletion	75
3L	21120225	21120287	Deletion	62
3L	21120226	21120287	Deletion	61
3L	21120245	21120287	Deletion	42
3L	21123368	21120287	Deletion	3081
3L	21123368	21123481	Deletion	113
3L	21123368	21123435	Deletion	67
3L	21123368	21123421	Deletion	53
3L	21123368	21123412	Deletion	44
3L	21123368	21123454	Deletion	86
3L	21123368	21123474	Deletion	106
3L	21123368	21123475	Deletion	107
3L	21123368	21123411	Deletion	43
3L	21146127	21146175	Deletion	48
3L	21147544	21146175	Deletion	1369
3L	21147544	21147623	Deletion	79
3L	21151968	21152053	Deletion	85
3L	21174691	21174774	Deletion	83
3L	21174696	21174774	Deletion	78
3L	21174700	21174774	Deletion	74
3L	21174707	21174774	Deletion	67
3L	21174712	21174774	Deletion	62
3L	21174734	21174774	Deletion	40
3L	21174738	21174774	Deletion	36
3L	21177824	21174774	Deletion	3050
3L	21177824	21177910	Deletion	86
3L	21177824	21177938	Deletion	114
3L	21177824	21177914	Deletion	90
3L	21177824	21177872	Deletion	48
3L	21177824	21177876	Deletion	52
3L	21177824	21177867	Deletion	43
3L	21177824	21177883	Deletion	59
3L	21180666	21180757	Deletion	91
3L	21180696	21180752	Deletion	56
3L	21186595	21180757	Deletion	5838
3L	21186595	21186630	Deletion	35
3L	21186595	21186626	Deletion	31
3L	21186595	21186704	Deletion	109
3L	21186595	21186660	Deletion	65
3L	21187191	21187102	Deletion	89
3L	21187191	21187293	Deletion	102
3L	21187191	21187314	Deletion	123
3L	21187956	21188064	Deletion	108
3L	21187958	21188064	Deletion	106
3L	21187990	21188064	Deletion	74
3L	21188031	21188064	Deletion	33
3L	21188153	21188064	Deletion	89
3L	21188153	21188248	Deletion	95
3L	21193424	21193509	Deletion	85
3L	21193466	21193509	Deletion	43
3L	21193474	21193509	Deletion	35
3L	21193584	21193509	Deletion	75
3L	21193584	21193667	Deletion	83
3L	21193584	21193622	Deletion	38
3L	21193584	21193675	Deletion	91
3L	21222790	21222871	Deletion	81
3L	21222839	21222871	Deletion	32
3L	21223590	21222871	Deletion	719
3L	21223590	21223636	Deletion	46
3L	21231387	21231486	Deletion	99
3L	21231444	21231486	Deletion	42
3L	21235770	21231486	Deletion	4284
3L	21235770	21235855	Deletion	85
3L	21238702	21238791	Deletion	89
3L	21238747	21238791	Deletion	44
3L	21238748	21238791	Deletion	43
3L	21238750	21238791	Deletion	41
3L	21239149	21238791	Deletion	358
3L	21239149	21239235	Deletion	86
3L	21239149	21239232	Deletion	83
3L	21239149	21239187	Deletion	38
3L	21247089	21247162	Deletion	73
3L	21250660	21250703	Deletion	43
3L	21270522	21270636	Deletion	114
3L	21270526	21270636	Deletion	110
3L	21270538	21270636	Deletion	98
3L	21270559	21270636	Deletion	77
3L	21270687	21270800	Deletion	113
3L	21270687	21270804	Deletion	117
3L	21271901	21272002	Deletion	101
3L	21271930	21272002	Deletion	72
3L	21271959	21272002	Deletion	43
3L	21271963	21272002	Deletion	39
3L	21272451	21272002	Deletion	449
3L	21272451	21272555	Deletion	104
3L	21272451	21272559	Deletion	108
3L	21272451	21272506	Deletion	55
3L	21272451	21272553	Deletion	102
3L	21272451	21272535	Deletion	84
3L	21296334	21296439	Deletion	105
3L	21296343	21296439	Deletion	96
3L	21296383	21296439	Deletion	56
3L	21296409	21296439	Deletion	30
3L	21297018	21296439	Deletion	579
3L	21297018	21297048	Deletion	30
3L	21297018	21297139	Deletion	121
3L	21297018	21297088	Deletion	70
3L	21297018	21297127	Deletion	109
3L	21301768	21301818	Deletion	50
3L	21301788	21301818	Deletion	30
3L	21303011	21301818	Deletion	1193
3L	21303011	21303134	Deletion	123
3L	21303011	21303133	Deletion	122
3L	21303011	21303089	Deletion	78
3L	21303011	21303050	Deletion	39
3L	21312053	21312069	Deletion	16
3L	21322635	21322678	Deletion	43
3L	21329403	21329477	Deletion	74
3L	21329421	21329477	Deletion	56
3L	21329432	21329477	Deletion	45
3L	21329446	21329477	Deletion	31
3L	21338656	21329477	Deletion	9179
3L	21338656	21338698	Deletion	42
3L	21338656	21338708	Deletion	52
3L	21338656	21338726	Deletion	70
3L	21338656	21338737	Deletion	81
3L	21347117	21346597	Deletion	520
3L	21347117	21347230	Deletion	113
3L	21347117	21347222	Deletion	105
3L	21352895	21353004	Deletion	109
3L	21352909	21353004	Deletion	95
3L	21358118	21353004	Deletion	5114
3L	21358118	21358149	Deletion	31
3L	21368835	21368905	Deletion	70
3L	21368856	21368941	Deletion	85
3L	21379311	21379349	Deletion	38
3L	21379311	21379368	Deletion	57
3L	21379311	21379345	Deletion	34
3L	21379311	21379411	Deletion	100
3L	21379311	21379379	Deletion	68
3L	21379311	21379427	Deletion	116
3L	21380905	21380974	Deletion	69
3L	21394307	21380974	Deletion	13333
3L	21394307	21394367	Deletion	60
3L	21394307	21394428	Deletion	121
3L	21394307	21394421	Deletion	114
3L	21395456	21395548	Deletion	92
3L	21395497	21395548	Deletion	51
3L	21401982	21395548	Deletion	6434
3L	21401982	21402101	Deletion	119
3L	21401982	21402016	Deletion	34
3L	21401982	21402081	Deletion	99
3L	21425625	21425723	Deletion	98
3L	21425630	21425723	Deletion	93
3L	21425670	21425723	Deletion	53
3L	21425675	21425723	Deletion	48
3L	21425898	21425723	Deletion	175
3L	21425898	21426018	Deletion	120
3L	21425898	21425932	Deletion	34
3L	21425898	21425972	Deletion	74
3L	21425898	21426001	Deletion	103
3L	21437253	21437320	Deletion	67
3L	21437260	21437320	Deletion	60
3L	21437272	21437320	Deletion	48
3L	21440939	21437320	Deletion	3619
3L	21440939	21440987	Deletion	48
3L	21440939	21441050	Deletion	111
3L	21440939	21441018	Deletion	79
3L	21440939	21441006	Deletion	67
3L	21445983	21446051	Deletion	68
3L	21449849	21446051	Deletion	3798
3L	21463541	21463631	Deletion	90
3L	21463548	21463631	Deletion	83
3L	21463553	21463631	Deletion	78
3L	21463571	21463631	Deletion	60
3L	21463582	21463631	Deletion	49
3L	21467970	21463631	Deletion	4339
3L	21467970	21468085	Deletion	115
3L	21467970	21468006	Deletion	36
3L	21467970	21468047	Deletion	77
3L	21467970	21468018	Deletion	48
3L	21467970	21468087	Deletion	117
3L	21467970	21468036	Deletion	66
3L	21467970	21468074	Deletion	104
3L	21472438	21472553	Deletion	115
3L	21472459	21472553	Deletion	94
3L	21472478	21472553	Deletion	75
3L	21472515	21472553	Deletion	38
3L	21472680	21472553	Deletion	127
3L	21472680	21472746	Deletion	66
3L	21472680	21472715	Deletion	35
3L	21472692	21472734	Deletion	42
3L	21472695	21472746	Deletion	51
3L	21472707	21472746	Deletion	39
3L	21472715	21472746	Deletion	31
3L	21473619	21472746	Deletion	873
3L	21473619	21473684	Deletion	65
3L	21473619	21473699	Deletion	80
3L	21473619	21473719	Deletion	100
3L	21483977	21484040	Deletion	63
3L	21483978	21484040	Deletion	62
3L	21483996	21484040	Deletion	44
3L	21484004	21484040	Deletion	36
3L	21484357	21484040	Deletion	317
3L	21484357	21484420	Deletion	63
3L	21484357	21484465	Deletion	108
3L	21484357	21484417	Deletion	60
3L	21484357	21484467	Deletion	110
3L	21484357	21484439	Deletion	82
3L	21484357	21484421	Deletion	64
3L	21484930	21484984	Deletion	54
3L	21498500	21498622	Deletion	122
3L	21498501	21498622	Deletion	121
3L	21498506	21498622	Deletion	116
3L	21498537	21498622	Deletion	85
3L	21526487	21526605	Deletion	118
3L	21526487	21526580	Deletion	93
3L	21528509	21528611	Deletion	102
3L	21528513	21528611	Deletion	98
3L	21528536	21528611	Deletion	75
3L	21528556	21528611	Deletion	55
3L	21528558	21528611	Deletion	53
3L	21528559	21528611	Deletion	52
3L	21528568	21528611	Deletion	43
3L	21538511	21528611	Deletion	9900
3L	21538511	21538624	Deletion	113
3L	21538511	21538562	Deletion	51
3L	21538511	21538616	Deletion	105
3L	21538511	21538584	Deletion	73
3L	21538511	21538582	Deletion	71
3L	21538511	21538594	Deletion	83
3L	21539651	21539728	Deletion	77
3L	21539661	21539728	Deletion	67
3L	21539670	21539728	Deletion	58
3L	21540161	21539728	Deletion	433
3L	21540161	21540221	Deletion	60
3L	21540161	21540266	Deletion	105
3L	21540161	21540230	Deletion	69
3L	21546651	21546766	Deletion	115
3L	21546659	21546766	Deletion	107
3L	21546683	21546766	Deletion	83
3L	21546720	21546766	Deletion	46
3L	21546733	21546766	Deletion	33
3L	21547989	21546766	Deletion	1223
3L	21547989	21548082	Deletion	93
3L	21547989	21548100	Deletion	111
3L	21547989	21548032	Deletion	43
3L	21551643	21551729	Deletion	86
3L	21551649	21551729	Deletion	80
3L	21551652	21551729	Deletion	77
3L	21551653	21551729	Deletion	76
3L	21551660	21551729	Deletion	69
3L	21551675	21551729	Deletion	54
3L	21551695	21551729	Deletion	34
3L	21556024	21551729	Deletion	4295
3L	21556024	21556073	Deletion	49
3L	21556024	21556074	Deletion	50
3L	21556024	21556096	Deletion	72
3L	21556024	21556081	Deletion	57
3L	21556024	21556070	Deletion	46
3L	21556024	21556064	Deletion	40
3L	21556024	21556116	Deletion	92
3L	21593722	21593773	Deletion	51
3L	21593724	21593773	Deletion	49
3L	21593740	21593773	Deletion	33
3L	21604304	21593773	Deletion	10531
3L	21604304	21604381	Deletion	77
3L	21604304	21604379	Deletion	75
3L	21607788	21607880	Deletion	92
3L	21607791	21607880	Deletion	89
3L	21607827	21607880	Deletion	53
3L	21607850	21607880	Deletion	30
3L	21608019	21608053	Deletion	34
3L	21608019	21608141	Deletion	122
3L	21608019	21608056	Deletion	37
3L	21608019	21608092	Deletion	73
3L	21608787	21608898	Deletion	111
3L	21608790	21608898	Deletion	108
3L	21608817	21608898	Deletion	81
3L	21608857	21608898	Deletion	41
3L	21608980	21608898	Deletion	82
3L	21608980	21609102	Deletion	122
3L	21608980	21609067	Deletion	87
3L	21608980	21609027	Deletion	47
3L	21611325	21611368	Deletion	43
3L	21614935	21611373	Deletion	3562
3L	21614935	21615036	Deletion	101
3L	21617997	21618103	Deletion	106
3L	21618022	21618103	Deletion	81
3L	21618037	21618103	Deletion	66
3L	21618047	21618103	Deletion	56
3L	21618072	21618103	Deletion	31
3L	21636627	21618103	Deletion	18524
3L	21636627	21636738	Deletion	111
3L	21636627	21636727	Deletion	100
3L	21636627	21636687	Deletion	60
3L	21636627	21636672	Deletion	45
3L	21636627	21636697	Deletion	70
3L	21636627	21636750	Deletion	123
3L	21644073	21644132	Deletion	59
3L	21644078	21644132	Deletion	54
3L	21644098	21644132	Deletion	34
3L	21644099	21644132	Deletion	33
3L	21680339	21644132	Deletion	36207
3L	21680339	21680432	Deletion	93
3L	21680339	21680411	Deletion	72
3L	21680339	21680406	Deletion	67
3L	21680339	21680401	Deletion	62
3L	21680339	21680431	Deletion	92
3L	21691294	21691387	Deletion	93
3L	21691301	21691387	Deletion	86
3L	21691326	21691387	Deletion	61
3L	21691342	21691387	Deletion	45
3L	21691355	21691387	Deletion	32
3L	21695410	21691387	Deletion	4023
3L	21695410	21695505	Deletion	95
3L	21695410	21695451	Deletion	41
3L	21695410	21695444	Deletion	34
3L	21695410	21695476	Deletion	66
3L	21695410	21695514	Deletion	104
3L	21705278	21705341	Deletion	63
3L	21711316	21705341	Deletion	5975
3L	21711316	21711377	Deletion	61
3L	21711316	21711425	Deletion	109
3L	21715265	21715364	Deletion	99
3L	21715275	21715364	Deletion	89
3L	21715297	21715364	Deletion	67
3L	21715305	21715364	Deletion	59
3L	21715306	21715364	Deletion	58
3L	21731237	21715364	Deletion	15873
3L	21731237	21731297	Deletion	60
3L	21731237	21731275	Deletion	38
3L	21731237	21731305	Deletion	68
3L	21731256	21731306	Deletion	50
3L	21731263	21731338	Deletion	75
3L	21731276	21731338	Deletion	62
3L	21731277	21731338	Deletion	61
3L	21731303	21731338	Deletion	35
3L	21733627	21731338	Deletion	2289
3L	21733627	21733719	Deletion	92
3L	21733627	21733693	Deletion	66
3L	21733627	21733747	Deletion	120
3L	21733627	21733751	Deletion	124
3L	21733627	21733679	Deletion	52
3L	21733627	21733739	Deletion	112
3L	21733627	21733746	Deletion	119
3L	21733627	21733692	Deletion	65
3L	21737196	21737231	Deletion	35
3L	21738403	21737231	Deletion	1172
3L	21738403	21738509	Deletion	106
3L	21738403	21738496	Deletion	93
3L	21742662	21742771	Deletion	109
3L	21742669	21742771	Deletion	102
3L	21742673	21742771	Deletion	98
3L	21742678	21742768	Deletion	90
3L	21742681	21742771	Deletion	90
3L	21742683	21742771	Deletion	88
3L	21742734	21742771	Deletion	37
3L	21757280	21757385	Deletion	105
3L	21757280	21757313	Deletion	33
3L	21757280	21757369	Deletion	89
3L	21757280	21757316	Deletion	36
3L	21757280	21757318	Deletion	38
3L	21757925	21758021	Deletion	96
3L	21757930	21758021	Deletion	91
3L	21757958	21758021	Deletion	63
3L	21757965	21758021	Deletion	56
3L	21758695	21758021	Deletion	674
3L	21758695	21758766	Deletion	71
3L	21758695	21758811	Deletion	116
3L	21758695	21758726	Deletion	31
3L	21758695	21758797	Deletion	102
3L	21758695	21758731	Deletion	36
3L	21758695	21758817	Deletion	122
3L	21769346	21769466	Deletion	120
3L	21769350	21769466	Deletion	116
3L	21769352	21769466	Deletion	114
3L	21769392	21769466	Deletion	74
3L	21776864	21769466	Deletion	7398
3L	21776864	21776982	Deletion	118
3L	21780174	21780289	Deletion	115
3L	21780183	21780289	Deletion	106
3L	21780234	21780289	Deletion	55
3L	21800123	21780289	Deletion	19834
3L	21802492	21802592	Deletion	100
3L	21802499	21802592	Deletion	93
3L	21802505	21802592	Deletion	87
3L	21802534	21802592	Deletion	58
3L	21802537	21802592	Deletion	55
3L	21804089	21802592	Deletion	1497
3L	21804089	21804162	Deletion	73
3L	21804089	21804124	Deletion	35
3L	21804089	21804159	Deletion	70
3L	21814603	21814679	Deletion	76
3L	21814611	21814679	Deletion	68
3L	21814638	21814679	Deletion	41
3L	21814639	21814679	Deletion	40
3L	21814648	21814679	Deletion	31
3L	21815318	21814679	Deletion	639
3L	21815318	21815404	Deletion	86
3L	21815318	21815376	Deletion	58
3L	21815318	21815403	Deletion	85
3L	21815318	21815348	Deletion	30
3L	21815318	21815436	Deletion	118
3L	21815318	21815368	Deletion	50
3L	21826676	21826798	Deletion	122
3L	21826680	21826798	Deletion	118
3L	21826682	21826798	Deletion	116
3L	21826698	21826798	Deletion	100
3L	21826712	21826798	Deletion	86
3L	21826715	21826798	Deletion	83
3L	21826717	21826798	Deletion	81
3L	21826730	21826798	Deletion	68
3L	21826740	21826796	Deletion	56
3L	21826764	21826798	Deletion	34
3L	21826858	21826798	Deletion	60
3L	21826858	21826957	Deletion	99
3L	21826858	21826905	Deletion	47
3L	21826858	21826900	Deletion	42
3L	21826858	21826961	Deletion	103
3L	21826858	21826928	Deletion	70
3L	21826858	21826952	Deletion	94
3L	21826858	21826903	Deletion	45
3L	21826859	21826969	Deletion	110
3L	21833576	21832315	Deletion	1261
3L	21877215	21877326	Deletion	111
3L	21877244	21877326	Deletion	82
3L	21877252	21877326	Deletion	74
3L	21877259	21877326	Deletion	67
3L	21877261	21877326	Deletion	65
3L	21877288	21877326	Deletion	38
3L	21879384	21877326	Deletion	2058
3L	21879384	21879446	Deletion	62
3L	21879384	21879473	Deletion	89
3L	21879384	21879444	Deletion	60
3L	21879384	21879429	Deletion	45
3L	21885270	21885393	Deletion	123
3L	21885277	21885393	Deletion	116
3L	21885303	21885393	Deletion	90
3L	21885306	21885388	Deletion	82
3L	21885326	21885393	Deletion	67
3L	21885327	21885393	Deletion	66
3L	21885337	21885393	Deletion	56
3L	21885346	21885393	Deletion	47
3L	21885668	21885393	Deletion	275
3L	21885668	21885748	Deletion	80
3L	21885668	21885705	Deletion	37
3L	21885668	21885739	Deletion	71
3L	21885668	21885708	Deletion	40
3L	21885673	21885729	Deletion	56
3L	21886352	21886470	Deletion	118
3L	21886378	21886470	Deletion	92
3L	21886384	21886470	Deletion	86
3L	21886414	21886470	Deletion	56
3L	21886440	21886470	Deletion	30
3L	21891133	21886470	Deletion	4663
3L	21891133	21891240	Deletion	107
3L	21891133	21891176	Deletion	43
3L	21891133	21891250	Deletion	117
3L	21891133	21891170	Deletion	37
3L	21891133	21891206	Deletion	73
3L	21892983	21893058	Deletion	75
3L	21892987	21893058	Deletion	71
3L	21892992	21893058	Deletion	66
3L	21896183	21893058	Deletion	3125
3L	21896183	21896283	Deletion	100
3L	21896183	21896227	Deletion	44
3L	21896183	21896245	Deletion	62
3L	21896183	21896294	Deletion	111
3L	21896183	21896236	Deletion	53
3L	21899899	21900001	Deletion	102
3L	21899945	21900001	Deletion	56
3L	21899962	21900001	Deletion	39
3L	21899967	21900001	Deletion	34
3L	21903490	21900001	Deletion	3489
3L	21903490	21903583	Deletion	93
3L	21903490	21903614	Deletion	124
3L	21903490	21903578	Deletion	88
3L	21911927	21912029	Deletion	102
3L	21911933	21912029	Deletion	96
3L	21911939	21912029	Deletion	90
3L	21911951	21912029	Deletion	78
3L	21911976	21912029	Deletion	53
3L	21911986	21912029	Deletion	43
3L	21915833	21912029	Deletion	3804
3L	21915833	21915919	Deletion	86
3L	21915833	21915866	Deletion	33
3L	21915833	21915909	Deletion	76
3L	21915833	21915884	Deletion	51
3L	21933560	21933662	Deletion	102
3L	21933588	21933662	Deletion	74
3L	21933598	21933662	Deletion	64
3L	21933611	21933662	Deletion	51
3L	21957797	21933662	Deletion	24135
3L	21957797	21957906	Deletion	109
3L	21957797	21957899	Deletion	102
3L	21957797	21957860	Deletion	63
3L	21960259	21960336	Deletion	77
3L	21972645	21966530	Deletion	6115
3L	22000454	22000562	Deletion	108
3L	22000477	22000562	Deletion	85
3L	22000489	22000562	Deletion	73
3L	22000513	22000562	Deletion	49
3L	22000526	22000562	Deletion	36
3L	22000528	22000562	Deletion	34
3L	22002138	22000562	Deletion	1576
3L	22002138	22002230	Deletion	92
3L	22002138	22002215	Deletion	77
3L	22002138	22002251	Deletion	113
3L	22002138	22002191	Deletion	53
3L	22002138	22002179	Deletion	41
3L	22002138	22002228	Deletion	90
3L	22021884	22022004	Deletion	120
3L	22021890	22022004	Deletion	114
3L	22021909	22022004	Deletion	95
3L	22021917	22022004	Deletion	87
3L	22021930	22022004	Deletion	74
3L	22021952	22022004	Deletion	52
3L	22021974	22022004	Deletion	30
3L	22025261	22025293	Deletion	32
3L	22025261	22025314	Deletion	53
3L	22025261	22025301	Deletion	40
3L	22025261	22025336	Deletion	75
3L	22029857	22029963	Deletion	106
3L	22029864	22029963	Deletion	99
3L	22029881	22029963	Deletion	82
3L	22029885	22029963	Deletion	78
3L	22030313	22029963	Deletion	350
3L	22030313	22030434	Deletion	121
3L	22030313	22030362	Deletion	49
3L	22042060	22042168	Deletion	108
3L	22042129	22042168	Deletion	39
3L	22042217	22042168	Deletion	49
3L	22042217	22042319	Deletion	102
3L	22042217	22042305	Deletion	88
3L	22046230	22046321	Deletion	91
3L	22046250	22046321	Deletion	71
3L	22046267	22046321	Deletion	54
3L	22046284	22046321	Deletion	37
3L	22061597	22046321	Deletion	15276
3L	22061597	22061688	Deletion	91
3L	22061597	22061654	Deletion	57
3L	22061597	22061634	Deletion	37
3L	22061597	22061699	Deletion	102
3L	22061597	22061671	Deletion	74
3L	22062413	22062513	Deletion	100
3L	22062431	22062513	Deletion	82
3L	22062432	22062513	Deletion	81
3L	22062447	22062513	Deletion	66
3L	22062470	22062513	Deletion	43
3L	22063287	22063333	Deletion	46
3L	22063287	22063403	Deletion	116
3L	22063287	22063332	Deletion	45
3L	22063287	22063398	Deletion	111
3L	22063287	22063348	Deletion	61
3L	22063709	22063824	Deletion	115
3L	22063740	22063824	Deletion	84
3L	22063762	22063824	Deletion	62
3L	22063777	22063824	Deletion	47
3L	22063783	22063824	Deletion	41
3L	22072868	22063824	Deletion	9044
3L	22072868	22072934	Deletion	66
3L	22072868	22072975	Deletion	107
3L	22072868	22072955	Deletion	87
3L	22072868	22072912	Deletion	44
3L	22074415	22074498	Deletion	83
3L	22074420	22074498	Deletion	78
3L	22074444	22074498	Deletion	54
3L	22074456	22074498	Deletion	42
3L	22074836	22074920	Deletion	84
3L	22074836	22074936	Deletion	100
3L	22074836	22074879	Deletion	43
3L	22074836	22074934	Deletion	98
3L	22074836	22074866	Deletion	30
3L	22074836	22074957	Deletion	121
3L	22074836	22074884	Deletion	48
3L	22079334	22079443	Deletion	109
3L	22079338	22079443	Deletion	105
3L	22079344	22079443	Deletion	99
3L	22079365	22079443	Deletion	78
3L	22079392	22079443	Deletion	51
3L	22084292	22079443	Deletion	4849
3L	22084292	22084340	Deletion	48
3L	22084292	22084395	Deletion	103
3L	22084292	22084398	Deletion	106
3L	22084292	22084399	Deletion	107
3L	22084292	22084367	Deletion	75
3L	22085097	22085185	Deletion	88
3L	22085105	22085185	Deletion	80
3L	22085118	22085185	Deletion	67
3L	22085150	22085185	Deletion	35
3L	22093615	22085185	Deletion	8430
3L	22093615	22093739	Deletion	124
3L	22093615	22093675	Deletion	60
3L	22093615	22093707	Deletion	92
3L	22093615	22093715	Deletion	100
3L	22093615	22093662	Deletion	47
3L	22093615	22093731	Deletion	116
3L	22097561	22097645	Deletion	84
3L	22097564	22097645	Deletion	81
3L	22097589	22097645	Deletion	56
3L	22097591	22097645	Deletion	54
3L	22104822	22104856	Deletion	34
3L	22104952	22104856	Deletion	96
3L	22104952	22105023	Deletion	71
3L	22104965	22105025	Deletion	60
3L	22108192	22108280	Deletion	88
3L	22110782	22108280	Deletion	2502
3L	22118759	22118802	Deletion	43
3L	22119282	22119365	Deletion	83
3L	22119282	22119384	Deletion	102
3L	22119282	22119386	Deletion	104
3L	22147108	22147156	Deletion	48
3L	22155702	22147156	Deletion	8546
3L	22155702	22155780	Deletion	78
3L	22155702	22155738	Deletion	36
3L	22159317	22159368	Deletion	51
3L	22159324	22159368	Deletion	44
3L	22174001	22159368	Deletion	14633
3L	22174001	22174115	Deletion	114
3L	22174001	22174076	Deletion	75
3L	22174001	22174074	Deletion	73
3L	22174001	22174118	Deletion	117
3L	22177048	22177100	Deletion	52
3L	22180573	22177100	Deletion	3473
3L	22181259	22181352	Deletion	93
3L	22181265	22181355	Deletion	90
3L	22181277	22181355	Deletion	78
3L	22181288	22181355	Deletion	67
3L	22181289	22181355	Deletion	66
3L	22181298	22181355	Deletion	57
3L	22181311	22181355	Deletion	44
3L	22181324	22181355	Deletion	31
3L	22181422	22181355	Deletion	67
3L	22181422	22181452	Deletion	30
3L	22181422	22181504	Deletion	82
3L	22181422	22181458	Deletion	36
3L	22181422	22181470	Deletion	48
3L	22181422	22181517	Deletion	95
3L	22181422	22181481	Deletion	59
3L	22181422	22181491	Deletion	69
3L	22181422	22181526	Deletion	104
3L	22181422	22181523	Deletion	101
3L	22207174	22207258	Deletion	84
3L	22207216	22207258	Deletion	42
3L	22207223	22207258	Deletion	35
3L	22207909	22207258	Deletion	651
3L	22207909	22207995	Deletion	86
3L	22207909	22208027	Deletion	118
3L	22207909	22208013	Deletion	104
3L	22207909	22208001	Deletion	92
3L	22209583	22209689	Deletion	106
3L	22209621	22209689	Deletion	68
3L	22209624	22209689	Deletion	65
3L	22217769	22209689	Deletion	8080
3L	22217769	22217876	Deletion	107
3L	22217769	22217830	Deletion	61
3L	22221258	22221343	Deletion	85
3L	22221273	22221343	Deletion	70
3L	22229943	22221343	Deletion	8600
3L	22229943	22229999	Deletion	56
3L	22229943	22230049	Deletion	106
3L	22235950	22236066	Deletion	116
3L	22235969	22236066	Deletion	97
3L	22235971	22236066	Deletion	95
3L	22236016	22236066	Deletion	50
3L	22236027	22236066	Deletion	39
3L	22236221	22236066	Deletion	155
3L	22236221	22236308	Deletion	87
3L	22236221	22236297	Deletion	76
3L	22238985	22239102	Deletion	117
3L	22239009	22239102	Deletion	93
3L	22239067	22239099	Deletion	32
3L	22239170	22239262	Deletion	92
3L	22239170	22239287	Deletion	117
3L	22239170	22239277	Deletion	107
3L	22239170	22239279	Deletion	109
3L	22239170	22239293	Deletion	123
3L	22239352	22239450	Deletion	98
3L	22239378	22239450	Deletion	72
3L	22239394	22239450	Deletion	56
3L	22239397	22239450	Deletion	53
3L	22239402	22239450	Deletion	48
3L	22239533	22239450	Deletion	83
3L	22239533	22239612	Deletion	79
3L	22239533	22239652	Deletion	119
3L	22239533	22239634	Deletion	101
3L	22239533	22239607	Deletion	74
3L	22239533	22239639	Deletion	106
3L	22239533	22239588	Deletion	55
3L	22250939	22251033	Deletion	94
3L	22259336	22259370	Deletion	34
3L	22260872	22260940	Deletion	68
3L	22260878	22260940	Deletion	62
3L	22271483	22260940	Deletion	10543
3L	22271483	22271549	Deletion	66
3L	22271483	22271513	Deletion	30
3L	22271483	22271588	Deletion	105
3L	22285917	22286032	Deletion	115
3L	22285920	22286032	Deletion	112
3L	22285934	22286032	Deletion	98
3L	22285992	22286032	Deletion	40
3L	22285993	22286032	Deletion	39
3L	22286001	22286032	Deletion	31
3L	22301070	22286032	Deletion	15038
3L	22301070	22301171	Deletion	101
3L	22301070	22301156	Deletion	86
3L	22309384	22309481	Deletion	97
3L	22309385	22309480	Deletion	95
3L	22309407	22309481	Deletion	74
3L	22309414	22309481	Deletion	67
3L	22309435	22309481	Deletion	46
3L	22310627	22309481	Deletion	1146
3L	22310627	22310679	Deletion	52
3L	22310627	22310657	Deletion	30
3L	22310627	22310707	Deletion	80
3L	22310627	22310727	Deletion	100
3L	22315807	22315851	Deletion	44
3L	22315813	22315851	Deletion	38
3L	22315820	22315851	Deletion	31
3L	22320311	22315851	Deletion	4460
3L	22320311	22320400	Deletion	89
3L	22320311	22320425	Deletion	114
3L	22320311	22320423	Deletion	112
3L	22320311	22320427	Deletion	116
3L	22347890	22345024	Deletion	2866
3L	22363632	22363710	Deletion	78
3L	22363636	22363710	Deletion	74
3L	22363646	22363710	Deletion	64
3L	22363675	22363710	Deletion	35
3L	22368034	22363710	Deletion	4324
3L	22368034	22368086	Deletion	52
3L	22368034	22368155	Deletion	121
3L	22368034	22368076	Deletion	42
3L	22368034	22368082	Deletion	48
3L	22368034	22368096	Deletion	62
3L	22368034	22368145	Deletion	111
3L	22368037	22368150	Deletion	113
3L	22371951	22371998	Deletion	47
3L	22373073	22371998	Deletion	1075
3L	22375716	22375835	Deletion	119
3L	22375783	22375835	Deletion	52
3L	22376181	22375835	Deletion	346
3L	22376181	22376256	Deletion	75
3L	22376181	22376291	Deletion	110
3L	22376181	22376276	Deletion	95
3L	22427009	22427050	Deletion	41
3L	22434606	22427050	Deletion	7556
3L	22434606	22434693	Deletion	87
3L	22434606	22434664	Deletion	58
3L	22435096	22435200	Deletion	104
3L	22435099	22435200	Deletion	101
3L	22435101	22435200	Deletion	99
3L	22435114	22435200	Deletion	86
3L	22435127	22435200	Deletion	73
3L	22435135	22435200	Deletion	65
3L	22444663	22435200	Deletion	9463
3L	22444663	22444704	Deletion	41
3L	22444663	22444761	Deletion	98
3L	22444663	22444725	Deletion	62
3L	22468162	22468274	Deletion	112
3L	22468198	22468269	Deletion	71
3L	22468229	22468274	Deletion	45
3L	22468337	22468269	Deletion	68
3L	22468337	22468387	Deletion	50
3L	22468337	22468418	Deletion	81
3L	22477837	22477952	Deletion	115
3L	22477850	22477952	Deletion	102
3L	22477854	22477952	Deletion	98
3L	22477900	22477952	Deletion	52
3L	22481188	22477952	Deletion	3236
3L	22481188	22481269	Deletion	81
3L	22481188	22481219	Deletion	31
3L	22482887	22482922	Deletion	35
3L	22482889	22482922	Deletion	33
3L	22482976	22482922	Deletion	54
3L	22482976	22483069	Deletion	93
3L	22482976	22483067	Deletion	91
3L	22482976	22483030	Deletion	54
3L	22482976	22483092	Deletion	116
3L	22482976	22483097	Deletion	121
3L	22496240	22496321	Deletion	81
3L	22496259	22496321	Deletion	62
3L	22496274	22496321	Deletion	47
3L	22496288	22496321	Deletion	33
3L	22497688	22496321	Deletion	1367
3L	22497688	22497789	Deletion	101
3L	22497688	22497810	Deletion	122
3L	22497688	22497767	Deletion	79
3L	22497688	22497733	Deletion	45
3L	22497688	22497781	Deletion	93
3L	22503700	22503766	Deletion	66
3L	22503840	22503766	Deletion	74
3L	22503840	22503901	Deletion	61
3L	22513152	22513241	Deletion	89
3L	22513177	22513241	Deletion	64
3L	22513181	22513241	Deletion	60
3L	22515845	22513241	Deletion	2604
3L	22515845	22515908	Deletion	63
3L	22515845	22515883	Deletion	38
3L	22515845	22515912	Deletion	67
3L	22520397	22520469	Deletion	72
3L	22520398	22520469	Deletion	71
3L	22520422	22520469	Deletion	47
3L	22522041	22520469	Deletion	1572
3L	22522041	22522120	Deletion	79
3L	22522041	22522095	Deletion	54
3L	22522041	22522096	Deletion	55
3L	22522041	22522140	Deletion	99
3L	22575934	22576027	Deletion	93
3L	22575934	22575986	Deletion	52
3L	22575934	22575980	Deletion	46
3L	22575934	22576005	Deletion	71
3L	22575934	22576009	Deletion	75
3L	22612235	22612295	Deletion	60
3L	22612705	22612295	Deletion	410
3L	22612705	22612813	Deletion	108
3L	22612705	22612772	Deletion	67
3L	22615668	22615781	Deletion	113
3L	22615689	22615781	Deletion	92
3L	22615697	22615781	Deletion	84
3L	22615714	22615781	Deletion	67
3L	22615715	22615781	Deletion	66
3L	22616454	22615781	Deletion	673
3L	22616454	22616496	Deletion	42
3L	22616454	22616514	Deletion	60
3L	22616454	22616488	Deletion	34
3L	22616454	22616567	Deletion	113
3L	22624975	22625032	Deletion	57
3L	22626722	22625032	Deletion	1690
3L	22626722	22626780	Deletion	58
3L	22626722	22626791	Deletion	69
3L	22632104	22632201	Deletion	97
3L	22632123	22632201	Deletion	78
3L	22632139	22632201	Deletion	62
3L	22632145	22632201	Deletion	56
3L	22632147	22632201	Deletion	54
3L	22632161	22632201	Deletion	40
3L	22632168	22632201	Deletion	33
3L	22639211	22632201	Deletion	7010
3L	22639211	22639297	Deletion	86
3L	22639211	22639304	Deletion	93
3L	22639211	22639275	Deletion	64
3L	22639211	22639283	Deletion	72
3L	22639211	22639317	Deletion	106
3L	22639211	22639324	Deletion	113
3L	22639211	22639259	Deletion	48
3L	22642680	22642748	Deletion	68
3L	22642691	22642748	Deletion	57
3L	22642712	22642748	Deletion	36
3L	22642945	22642748	Deletion	197
3L	22642945	22643069	Deletion	124
3L	22642945	22643035	Deletion	90
3L	22642945	22643003	Deletion	58
3L	22651474	22651575	Deletion	101
3L	22651513	22651575	Deletion	62
3L	22651526	22651575	Deletion	49
3L	22659736	22651575	Deletion	8161
3L	22659736	22659800	Deletion	64
3L	22685088	22685167	Deletion	79
3L	22685130	22685167	Deletion	37
3L	22685133	22685167	Deletion	34
3L	22690281	22685167	Deletion	5114
3L	22690281	22690391	Deletion	110
3L	22690281	22690370	Deletion	89
3L	22690281	22690373	Deletion	92
3L	22690281	22690312	Deletion	31
3L	22690281	22690328	Deletion	47
3L	22730113	22730172	Deletion	59
3L	22743366	22730172	Deletion	13194
3L	22743366	22743487	Deletion	121
3L	22743366	22743433	Deletion	67
3L	22743366	22743422	Deletion	56
3L	22752580	22752692	Deletion	112
3L	22752655	22752692	Deletion	37
3L	22752662	22752692	Deletion	30
3L	22753027	22752692	Deletion	335
3L	22753027	22753124	Deletion	97
3L	22758378	22758460	Deletion	82
3L	22758423	22758460	Deletion	37
3L	22760837	22758460	Deletion	2377
3L	22760837	22760942	Deletion	105
3L	22760837	22760881	Deletion	44
3L	22776824	22776891	Deletion	67
3L	22776847	22776891	Deletion	44
3L	22776850	22776891	Deletion	41
3L	22782007	22782089	Deletion	82
3L	22782007	22782066	Deletion	59
3L	22782007	22782092	Deletion	85
3L	22782713	22782794	Deletion	81
3L	22782743	22782794	Deletion	51
3L	22782746	22782794	Deletion	48
3L	22782754	22782794	Deletion	40
3L	22784619	22782794	Deletion	1825
3L	22784619	22784705	Deletion	86
3L	22784619	22784697	Deletion	78
3L	22784619	22784654	Deletion	35
3L	22784619	22784694	Deletion	75
3L	22792567	22792670	Deletion	103
3L	22792586	22792670	Deletion	84
3L	22792592	22792670	Deletion	78
3L	22793594	22792670	Deletion	924
3L	22793594	22793643	Deletion	49
3L	22800069	22800181	Deletion	112
3L	22800090	22800181	Deletion	91
3L	22800098	22800181	Deletion	83
3L	22800122	22800181	Deletion	59
3L	22800135	22800181	Deletion	46
3L	22800137	22800181	Deletion	44
3L	22800145	22800181	Deletion	36
3L	22800151	22800181	Deletion	30
3L	22803981	22804071	Deletion	90
3L	22822683	22822769	Deletion	86
3L	22822719	22822769	Deletion	50
3L	22822722	22822769	Deletion	47
3L	22833883	22822769	Deletion	11114
3L	22833883	22833962	Deletion	79
3L	22833883	22833959	Deletion	76
3L	22833883	22833923	Deletion	40
3L	22833883	22833983	Deletion	100
3L	22835248	22835329	Deletion	81
3L	22835252	22835334	Deletion	82
3L	22835270	22835329	Deletion	59
3L	22835271	22835334	Deletion	63
3L	22835280	22835334	Deletion	54
3L	22835292	22835334	Deletion	42
3L	22836867	22835334	Deletion	1533
3L	22836867	22836952	Deletion	85
3L	22836867	22836986	Deletion	119
3L	22836867	22836931	Deletion	64
3L	22836867	22836912	Deletion	45
3L	22836867	22836908	Deletion	41
3L	22836867	22836930	Deletion	63
3L	22836867	22836982	Deletion	115
3L	22838389	22838482	Deletion	93
3L	22853833	22838482	Deletion	15351
3L	22853833	22853934	Deletion	101
3L	22853833	22853940	Deletion	107
3L	22853833	22853867	Deletion	34
3L	22853833	22853947	Deletion	114
3L	22890685	22890802	Deletion	117
3L	22890693	22890802	Deletion	109
3L	22890711	22890802	Deletion	91
3L	22890727	22890802	Deletion	75
3L	22890752	22890802	Deletion	50
3L	22890754	22890802	Deletion	48
3L	22897006	22890802	Deletion	6204
3L	22897006	22897042	Deletion	36
3L	22897006	22897085	Deletion	79
3L	22897006	22897058	Deletion	52
3L	22897006	22897083	Deletion	77
3L	22902561	22902656	Deletion	95
3L	22902570	22902656	Deletion	86
3L	22902571	22902656	Deletion	85
3L	22902580	22902656	Deletion	76
3L	22902584	22902656	Deletion	72
3L	22902602	22902656	Deletion	54
3L	22902620	22902656	Deletion	36
3L	22903544	22902656	Deletion	888
3L	22903544	22903594	Deletion	50
3L	22903544	22903634	Deletion	90
3L	22903544	22903575	Deletion	31
3L	22903544	22903598	Deletion	54
3L	22903544	22903616	Deletion	72
3L	22903544	22903584	Deletion	40
3L	22903544	22903585	Deletion	41
3L	22903544	22903653	Deletion	109
3L	22914232	22914319	Deletion	87
3L	22914233	22914319	Deletion	86
3L	22914244	22914319	Deletion	75
3L	22919444	22914319	Deletion	5125
3L	22919444	22919484	Deletion	40
3L	22919444	22919483	Deletion	39
3L	22919444	22919566	Deletion	122
3L	22924612	22924709	Deletion	97
3L	22924637	22924709	Deletion	72
3L	22924662	22924709	Deletion	47
3L	22924676	22924709	Deletion	33
3L	22924677	22924708	Deletion	31
3L	22928954	22924709	Deletion	4245
3L	22928954	22929047	Deletion	93
3L	22928954	22929048	Deletion	94
3L	22928954	22929008	Deletion	54
3L	22930608	22930694	Deletion	86
3L	22930647	22930694	Deletion	47
3L	22932859	22930694	Deletion	2165
3L	22932859	22932963	Deletion	104
3L	22932859	22932899	Deletion	40
3L	22932859	22932938	Deletion	79
3L	23002069	23002149	Deletion	80
3L	23002069	23002132	Deletion	63
3L	23002618	23002684	Deletion	66
3L	23002622	23002684	Deletion	62
3L	23002636	23002684	Deletion	48
3L	23002654	23002684	Deletion	30
3L	23005037	23002684	Deletion	2353
3L	23005037	23005158	Deletion	121
3L	23005037	23005135	Deletion	98
3L	23005037	23005099	Deletion	62
3L	23005037	23005117	Deletion	80
3L	23025387	23025486	Deletion	99
3L	23025388	23025503	Deletion	115
3L	23025389	23025503	Deletion	114
3L	23025418	23025503	Deletion	85
3L	23025437	23025503	Deletion	66
3L	23025438	23025503	Deletion	65
3L	23025447	23025503	Deletion	56
3L	23027179	23025503	Deletion	1676
3L	23027179	23027221	Deletion	42
3L	23027179	23027250	Deletion	71
3L	23027179	23027241	Deletion	62
3L	23027179	23027283	Deletion	104
3L	23046703	23046806	Deletion	103
3L	23046724	23046806	Deletion	82
3L	23046736	23046806	Deletion	70
3L	23046740	23046806	Deletion	66
3L	23071547	23071631	Deletion	84
3L	23071553	23071631	Deletion	78
3L	23071566	23071631	Deletion	65
3L	23071575	23071631	Deletion	56
3L	23071595	23071631	Deletion	36
3L	23072408	23071631	Deletion	777
3L	23082851	23082918	Deletion	67
3L	23082872	23082918	Deletion	46
3L	23083228	23082918	Deletion	310
3L	23083228	23083287	Deletion	59
3L	23086807	23086915	Deletion	108
3L	23086808	23086915	Deletion	107
3L	23086828	23086915	Deletion	87
3L	23086838	23086915	Deletion	77
3L	23086858	23086915	Deletion	57
3L	23086859	23086915	Deletion	56
3L	23086860	23086915	Deletion	55
3L	23086865	23086915	Deletion	50
3L	23087144	23086915	Deletion	229
3L	23087144	23087220	Deletion	76
3L	23087144	23087214	Deletion	70
3L	23087144	23087213	Deletion	69
3L	23087144	23087215	Deletion	71
3L	23087144	23087193	Deletion	49
3L	23087144	23087183	Deletion	39
3L	23093372	23093487	Deletion	115
3L	23093393	23093487	Deletion	94
3L	23093394	23093487	Deletion	93
3L	23093415	23093487	Deletion	72
3L	23093437	23093483	Deletion	46
3L	23093456	23093487	Deletion	31
3L	23093576	23093487	Deletion	89
3L	23093576	23093652	Deletion	76
3L	23093576	23093676	Deletion	100
3L	23093576	23093630	Deletion	54
3L	23093576	23093678	Deletion	102
3L	23093576	23093671	Deletion	95
3L	23093576	23093608	Deletion	32
3L	23095970	23096021	Deletion	51
3L	23095980	23096021	Deletion	41
3L	23109768	23109843	Deletion	75
3L	23124503	23124590	Deletion	87
3L	23124534	23124585	Deletion	51
3L	23124536	23124590	Deletion	54
3L	23180823	23180863	Deletion	40
3L	23185520	23185608	Deletion	88
3L	23185532	23185608	Deletion	76
3L	23185573	23185608	Deletion	35
3L	23186646	23185608	Deletion	1038
3L	23186646	23186769	Deletion	123
3L	23186646	23186696	Deletion	50
3L	23186646	23186737	Deletion	91
3L	23190431	23190481	Deletion	50
3L	23196866	23196921	Deletion	55
3L	23197835	23196921	Deletion	914
3L	23197835	23197910	Deletion	75
3L	23223516	23223640	Deletion	124
3L	23223516	23223600	Deletion	84
3L	23223516	23223638	Deletion	122
3L	23223516	23223587	Deletion	71
3L	23223516	23223609	Deletion	93
3L	23229256	23229348	Deletion	92
3L	23229258	23229348	Deletion	90
3L	23229262	23229348	Deletion	86
3L	23229275	23229348	Deletion	73
3L	23233839	23229348	Deletion	4491
3L	23233839	23233936	Deletion	97
3L	23233839	23233875	Deletion	36
3L	23233839	23233892	Deletion	53
3L	23233839	23233939	Deletion	100
3L	23246889	23246971	Deletion	82
3L	23246895	23246971	Deletion	76
3L	23246897	23246971	Deletion	74
3L	23246905	23246971	Deletion	66
3L	23246920	23246971	Deletion	51
3L	23248483	23246971	Deletion	1512
3L	23248483	23248597	Deletion	114
3L	23248483	23248535	Deletion	52
3L	23248483	23248527	Deletion	44
3L	23248483	23248533	Deletion	50
3L	23248483	23248543	Deletion	60
3L	23248483	23248577	Deletion	94
3L	23248483	23248595	Deletion	112
3L	23248483	23248558	Deletion	75
3L	23261604	23261716	Deletion	112
3L	23261614	23261716	Deletion	102
3L	23261625	23261716	Deletion	91
3L	23261649	23261716	Deletion	67
3L	23261679	23261716	Deletion	37
3L	23261875	23261716	Deletion	159
3L	23261875	23261975	Deletion	100
3L	23261875	23261964	Deletion	89
3L	23261875	23261934	Deletion	59
3L	23261875	23261982	Deletion	107
3L	23261875	23261910	Deletion	35
3L	23281756	23281798	Deletion	42
3L	23281767	23281798	Deletion	31
3L	23283726	23283811	Deletion	85
3L	23283726	23283822	Deletion	96
3L	23285279	23285368	Deletion	89
3L	23285287	23285368	Deletion	81
3L	23285303	23285368	Deletion	65
3L	23285306	23285368	Deletion	62
3L	23285323	23285368	Deletion	45
3L	23285331	23285368	Deletion	37
3L	23328155	23328199	Deletion	44
3L	23328824	23328199	Deletion	625
3L	23328824	23328924	Deletion	100
3L	23328824	23328906	Deletion	82
3L	23328824	23328881	Deletion	57
3L	23329134	23329205	Deletion	71
3L	23329148	23329205	Deletion	57
3L	23330477	23329205	Deletion	1272
3L	23330477	23330547	Deletion	70
3L	23330477	23330593	Deletion	116
3L	23330477	23330516	Deletion	39
3L	23330477	23330578	Deletion	101
3L	23330477	23330575	Deletion	98
3L	23335117	23335220	Deletion	103
3L	23335118	23335220	Deletion	102
3L	23335123	23335220	Deletion	97
3L	23335149	23335220	Deletion	71
3L	23335157	23335220	Deletion	63
3L	23335175	23335220	Deletion	45
3L	23335186	23335220	Deletion	34
3L	23335189	23335220	Deletion	31
3L	23335351	23335406	Deletion	55
3L	23335351	23335452	Deletion	101
3L	23335351	23335432	Deletion	81
3L	23335351	23335414	Deletion	63
3L	23335351	23335446	Deletion	95
3L	23370964	23371043	Deletion	79
3L	23370964	23371053	Deletion	89
3L	23370964	23371078	Deletion	114
3L	23371607	23371655	Deletion	48
3L	23371719	23371655	Deletion	64
3L	23371719	23371790	Deletion	71
3L	23371719	23371799	Deletion	80
3L	23371719	23371796	Deletion	77
3L	23371719	23371771	Deletion	52
3L	23371719	23371819	Deletion	100
3L	23371719	23371810	Deletion	91
3L	23371719	23371797	Deletion	78
3L	23373020	23373141	Deletion	121
3L	23388212	23388248	Deletion	36
3L	23397090	23397183	Deletion	93
3L	23397106	23397183	Deletion	77
3L	23397112	23397183	Deletion	71
3L	23397127	23397183	Deletion	56
3L	23397147	23397183	Deletion	36
3L	23397245	23397183	Deletion	62
3L	23397245	23397337	Deletion	92
3L	23397245	23397280	Deletion	35
3L	23397245	23397302	Deletion	57
3L	23397245	23397296	Deletion	51
3L	23397245	23397346	Deletion	101
3L	23397245	23397278	Deletion	33
3L	23431779	23431809	Deletion	30
3L	23435350	23431809	Deletion	3541
3L	23435350	23435446	Deletion	96
3L	23452287	23452356	Deletion	69
3L	23452303	23452356	Deletion	53
3L	23452317	23452356	Deletion	39
3L	23454907	23452356	Deletion	2551
3L	23454907	23454943	Deletion	36
3L	23454907	23454967	Deletion	60
3L	23454907	23454997	Deletion	90
3L	23454907	23455012	Deletion	105
3L	23454907	23455018	Deletion	111
3L	23462613	23462712	Deletion	99
3L	23462652	23462712	Deletion	60
3L	23462656	23462712	Deletion	56
3L	23462677	23462712	Deletion	35
3L	23463389	23462712	Deletion	677
3L	23463389	23463480	Deletion	91
3L	23463389	23463484	Deletion	95
3L	23463389	23463504	Deletion	115
3L	23463389	23463498	Deletion	109
3L	23463389	23463459	Deletion	70
3L	23476633	23476754	Deletion	121
3L	23476657	23476754	Deletion	97
3L	23476658	23476754	Deletion	96
3L	23476670	23476754	Deletion	84
3L	23476676	23476754	Deletion	78
3L	23477962	23476754	Deletion	1208
3L	23477962	23478070	Deletion	108
3L	23477962	23478053	Deletion	91
3L	23477962	23477992	Deletion	30
3L	23477962	23478065	Deletion	103
3L	23477962	23478010	Deletion	48
3L	23484025	23484128	Deletion	103
3L	23488651	23484128	Deletion	4523
3L	23506784	23506869	Deletion	85
3L	23517966	23518064	Deletion	98
3L	23542644	23542677	Deletion	33
3L	23549113	23549162	Deletion	49
3L	23550076	23549162	Deletion	914
3L	23551005	23551055	Deletion	50
3L	23556501	23556577	Deletion	76
3L	23590650	23590710	Deletion	60
3L	23590653	23590710	Deletion	57
3L	23590679	23590710	Deletion	31
3L	23595849	23595916	Deletion	67
3L	23595849	23595919	Deletion	70
3L	23595849	23595880	Deletion	31
3L	23604560	23604504	Deletion	56
3L	23605655	23605623	Deletion	32
3L	23606569	23605716	Deletion	853
3L	23613137	23613241	Deletion	104
3L	23613166	23613241	Deletion	75
3L	23613182	23613241	Deletion	59
3L	23614191	23613241	Deletion	950
3L	23614191	23614311	Deletion	120
3L	23614191	23614243	Deletion	52
3L	23614191	23614304	Deletion	113
3L	23614191	23614292	Deletion	101
3L	23614191	23614259	Deletion	68
3L	23642575	23642652	Deletion	77
3L	23642591	23642652	Deletion	61
3L	23642622	23642652	Deletion	30
3L	23643542	23642652	Deletion	890
3L	23643542	23643609	Deletion	67
3L	23643542	23643593	Deletion	51
3L	23645576	23645647	Deletion	71
3L	23645586	23645647	Deletion	61
3L	23645607	23645647	Deletion	40
3L	23646795	23645647	Deletion	1148
3L	23646795	23646912	Deletion	117
3L	23646795	23646860	Deletion	65
3L	23646795	23646881	Deletion	86
3L	23646795	23646897	Deletion	102
3L	23651414	23651472	Deletion	58
3L	23651426	23651472	Deletion	46
3L	23652697	23651472	Deletion	1225
3L	23652697	23652763	Deletion	66
3L	23652697	23652739	Deletion	42
3L	23652697	23652774	Deletion	77
3L	23652697	23652765	Deletion	68
3L	23652697	23652754	Deletion	57
3L	23652701	23652731	Deletion	30
3L	23652702	23652774	Deletion	72
3L	23652829	23652774	Deletion	55
3L	23652829	23652922	Deletion	93
3L	23652829	23652883	Deletion	54
3L	23672444	23672496	Deletion	52
3L	23685134	23685216	Deletion	82
3L	23685169	23685216	Deletion	47
3L	23685693	23685216	Deletion	477
3L	23685693	23685772	Deletion	79
3L	23690556	23690615	Deletion	59
3L	23690562	23690615	Deletion	53
3L	23690572	23690615	Deletion	43
3L	23690761	23690615	Deletion	146
3L	23690761	23690834	Deletion	73
3L	23690761	23690828	Deletion	67
3L	23690761	23690844	Deletion	83
3L	23718694	23718817	Deletion	123
3L	23718694	23718735	Deletion	41
3L	23718694	23718801	Deletion	107
3L	23735109	23735219	Deletion	110
3L	23736657	23736753	Deletion	96
3L	23752513	23752582	Deletion	69
3L	23752760	23752582	Deletion	178
3L	23752760	23752867	Deletion	107
3L	23752760	23752863	Deletion	103
3L	23771057	23771144	Deletion	87
3L	23771061	23771144	Deletion	83
3L	23771069	23771144	Deletion	75
3L	23771101	23771144	Deletion	43
3L	23771243	23771327	Deletion	84
3L	23771243	23771282	Deletion	39
3L	23771243	23771295	Deletion	52
3L	23771243	23771356	Deletion	113
3L	23771243	23771283	Deletion	40
3L	23800207	23800306	Deletion	99
3L	23800207	23800278	Deletion	71
3L	23806365	23806477	Deletion	112
3L	23806377	23806477	Deletion	100
3L	23810990	23811087	Deletion	97
3L	23810997	23811087	Deletion	90
3L	23811135	23811087	Deletion	48
3L	23811135	23811166	Deletion	31
3L	23811135	23811173	Deletion	38
3L	23814660	23814702	Deletion	42
3L	23842374	23842467	Deletion	93
3L	23843970	23842467	Deletion	1503
3L	23858267	23857462	Deletion	805
3L	23858267	23858339	Deletion	72
3L	23860511	23860626	Deletion	115
3L	23860545	23860626	Deletion	81
3L	23865648	23865711	Deletion	63
3L	23866346	23865711	Deletion	635
3L	23866346	23866432	Deletion	86
3L	23866346	23866454	Deletion	108
3L	23866346	23866401	Deletion	55
3L	23899107	23899202	Deletion	95
3L	23899109	23899202	Deletion	93
3L	23899117	23899202	Deletion	85
3L	23906759	23906831	Deletion	72
3L	23906759	23906821	Deletion	62
3L	23906759	23906792	Deletion	33
3L	23906759	23906815	Deletion	56
3L	23906759	23906880	Deletion	121
3L	23906759	23906800	Deletion	41
3L	23906759	23906790	Deletion	31
3L	23915356	23915466	Deletion	110
3L	23923436	23923506	Deletion	70
3L	23923436	23923539	Deletion	103
3L	23923436	23923490	Deletion	54
3L	23930439	23930505	Deletion	66
3L	23930754	23930791	Deletion	37
3L	23930754	23930816	Deletion	62
3L	23930754	23930870	Deletion	116
3L	23970353	23970460	Deletion	107
3L	23970412	23970460	Deletion	48
3L	23970415	23970460	Deletion	45
3L	23970557	23970635	Deletion	78
3L	23971813	23971910	Deletion	97
3L	23971823	23971910	Deletion	87
3L	23971826	23971910	Deletion	84
3L	23971842	23971910	Deletion	68
3L	23972068	23972126	Deletion	58
3L	23972068	23972171	Deletion	103
3L	23972069	23972110	Deletion	41
3L	23993408	23993441	Deletion	33
3L	24011715	24011819	Deletion	104
3L	24011734	24011819	Deletion	85
3L	24011769	24011819	Deletion	50
3L	24021196	24021309	Deletion	113
3L	24021196	24021272	Deletion	76
3L	24050628	24050663	Deletion	35
3L	24050628	24050683	Deletion	55
3L	24050628	24050674	Deletion	46
3L	24050628	24050677	Deletion	49
3L	24076200	24076298	Deletion	98
3L	24076206	24076298	Deletion	92
3L	24076237	24076296	Deletion	59
3L	24076255	24076298	Deletion	43
3L	24085690	24076298	Deletion	9392
3L	24085690	24085775	Deletion	85
3L	24085690	24085757	Deletion	67
3L	24085690	24085720	Deletion	30
3L	24085691	24085793	Deletion	102
3L	24086224	24086290	Deletion	66
3L	24089622	24089682	Deletion	60
3L	24089622	24089664	Deletion	42
3L	24089622	24089686	Deletion	64
3L	24089622	24089669	Deletion	47
3L	24106119	24106196	Deletion	77
3L	24106126	24106196	Deletion	70
3L	24106146	24106196	Deletion	50
3L	24106155	24106196	Deletion	41
3L	24107471	24107528	Deletion	57
3L	24107471	24107548	Deletion	77
3L	24107471	24107557	Deletion	86
3L	24110407	24110513	Deletion	106
3L	24110416	24110513	Deletion	97
3L	24110423	24110513	Deletion	90
3L	24110444	24110513	Deletion	69
3L	24114441	24110513	Deletion	3928
3L	24118754	24118854	Deletion	100
3L	24118775	24118854	Deletion	79
3L	24118784	24118854	Deletion	70
3L	24118811	24118854	Deletion	43
3L	24122337	24118854	Deletion	3483
3L	24122337	24122458	Deletion	121
3L	24122337	24122384	Deletion	47
3L	24122337	24122444	Deletion	107
3L	24122337	24122428	Deletion	91
3L	24122339	24122393	Deletion	54
3L	24127203	24127291	Deletion	88
3L	24127208	24127291	Deletion	83
3L	24127210	24127291	Deletion	81
3L	24127223	24127291	Deletion	68
3L	24127226	24127291	Deletion	65
3L	24127233	24127291	Deletion	58
3L	24127237	24127291	Deletion	54
3L	24127247	24127291	Deletion	44
3L	24127251	24127291	Deletion	40
3L	24127586	24127291	Deletion	295
3L	24127586	24127631	Deletion	45
3L	24127586	24127624	Deletion	38
3L	24127586	24127629	Deletion	43
3L	24127586	24127658	Deletion	72
3L	24127586	24127668	Deletion	82
3L	24127586	24127672	Deletion	86
3L	24127586	24127647	Deletion	61
3L	24127586	24127644	Deletion	58
3L	24127586	24127702	Deletion	116
3L	24129144	24129225	Deletion	81
3L	24129146	24129225	Deletion	79
3L	24129195	24129225	Deletion	30
3L	24129273	24129225	Deletion	48
3L	24129273	24129349	Deletion	76
3L	24129273	24129395	Deletion	122
3L	24129273	24129386	Deletion	113
3L	24129273	24129321	Deletion	48
3L	24129273	24129372	Deletion	99
3L	24129273	24129393	Deletion	120
3L	24129273	24129323	Deletion	50
3L	24147024	24147092	Deletion	68
3L	24147028	24147092	Deletion	64
3L	24147050	24147092	Deletion	42
3L	24147056	24147092	Deletion	36
3L	24147057	24147092	Deletion	35
3L	24147149	24147092	Deletion	57
3L	24147149	24147233	Deletion	84
3L	24147149	24147267	Deletion	118
3L	24147149	24147239	Deletion	90
3L	24147149	24147207	Deletion	58
3L	24147149	24147240	Deletion	91
3L	24147149	24147211	Deletion	62
3L	24149774	24149872	Deletion	98
3L	24149803	24149872	Deletion	69
3L	24149824	24149872	Deletion	48
3L	24149833	24149872	Deletion	39
3L	24149840	24149872	Deletion	32
3L	24150190	24149872	Deletion	318
3L	24150190	24150277	Deletion	87
3L	24150190	24150268	Deletion	78
3L	24150190	24150247	Deletion	57
3L	24156747	24156846	Deletion	99
3L	24156750	24156846	Deletion	96
3L	24156752	24156846	Deletion	94
3L	24156754	24156846	Deletion	92
3L	24156757	24156846	Deletion	89
3L	24156793	24156846	Deletion	53
3L	24156814	24156846	Deletion	32
3L	24173563	24173636	Deletion	73
3L	24173563	24173657	Deletion	94
3L	24173563	24173600	Deletion	37
3L	24191099	24191199	Deletion	100
3L	24191127	24191199	Deletion	72
3L	24191522	24191199	Deletion	323
3L	24195701	24195778	Deletion	77
3L	24195731	24195778	Deletion	47
3L	24196865	24196959	Deletion	94
3L	24196875	24196959	Deletion	84
3L	24215363	24215427	Deletion	64
3L	24229921	24229983	Deletion	62
3L	24230594	24230637	Deletion	43
3L	24230607	24230637	Deletion	30
3L	24257643	24257711	Deletion	68
3L	24257643	24257739	Deletion	96
3L	24257643	24257726	Deletion	83
3L	24257643	24257754	Deletion	111
3L	24257643	24257753	Deletion	110
3L	24262144	24262228	Deletion	84
3L	24262156	24262228	Deletion	72
3L	24262180	24262228	Deletion	48
3L	24263617	24262228	Deletion	1389
3L	24263617	24263696	Deletion	79
3L	24263617	24263672	Deletion	55
3L	24263617	24263727	Deletion	110
3L	24263617	24263738	Deletion	121
3L	24265392	24265434	Deletion	42
3L	24265398	24265434	Deletion	36
3L	24265402	24265434	Deletion	32
3L	24270846	24265434	Deletion	5412
3L	24270846	24270918	Deletion	72
3L	24270846	24270930	Deletion	84
3L	24270846	24270940	Deletion	94
3L	24270846	24270936	Deletion	90
3L	24270846	24270951	Deletion	105
3L	24292152	24292267	Deletion	115
3L	24292202	24292267	Deletion	65
3L	24303251	24303312	Deletion	61
3L	24303251	24303375	Deletion	124
3L	24303251	24303343	Deletion	92
3L	24322378	24322487	Deletion	109
3L	24322386	24322487	Deletion	101
3L	24322387	24322487	Deletion	100
3L	24322417	24322487	Deletion	70
3L	24322418	24322487	Deletion	69
3L	24322430	24322487	Deletion	57
3L	24322451	24322487	Deletion	36
3L	24322453	24322487	Deletion	34
3L	24322552	24322487	Deletion	65
3L	24322552	24322609	Deletion	57
3L	24322552	24322621	Deletion	69
3L	24322552	24322608	Deletion	56
3L	24322552	24322669	Deletion	117
3L	24322552	24322642	Deletion	90
3L	24331848	24331888	Deletion	40
3L	24333346	24333401	Deletion	55
3L	24333346	24333435	Deletion	89
3L	24333771	24333894	Deletion	123
3L	24335387	24335455	Deletion	68
3L	24335387	24335482	Deletion	95
3L	24335387	24335486	Deletion	99
3L	24354413	24354515	Deletion	102
3L	24354413	24354506	Deletion	93
3L	24374263	24374339	Deletion	76
3L	24374295	24374339	Deletion	44
3L	24374762	24374339	Deletion	423
3L	24374762	24374846	Deletion	84
3L	24374762	24374877	Deletion	115
3L	24383147	24383261	Deletion	114
3L	24383160	24383261	Deletion	101
3L	24383223	24383261	Deletion	38
3L	24384157	24384224	Deletion	67
3L	24384719	24384829	Deletion	110
3L	24394230	24394314	Deletion	84
3L	24407303	24407348	Deletion	45
3L	24407472	24407348	Deletion	124
3L	24407472	24407575	Deletion	103
3L	24407472	24407541	Deletion	69
3L	24420355	24420427	Deletion	72
3L	24420567	24420427	Deletion	140
3L	24420567	24420625	Deletion	58
3L	24425145	24425199	Deletion	54
3L	24425145	24425249	Deletion	104
3L	24425145	24425189	Deletion	44
3L	24425145	24425195	Deletion	50
3L	24430382	24430490	Deletion	108
3L	24430410	24430490	Deletion	80
3L	24430417	24430490	Deletion	73
3L	24430433	24430490	Deletion	57
3L	24434742	24434797	Deletion	55
3L	24434742	24434850	Deletion	108
3L	24438668	24438716	Deletion	48
3L	24449483	24449433	Deletion	50
3L	24453371	24453482	Deletion	111
3L	24482760	24482860	Deletion	100
3L	24487335	24487439	Deletion	104
3L	24487375	24487439	Deletion	64
3L	24487382	24487439	Deletion	57
3L	24487579	24487439	Deletion	140
3L	24487579	24487655	Deletion	76
3L	24487582	24487682	Deletion	100
3L	24488549	24488649	Deletion	100
3L	24488554	24488649	Deletion	95
3L	24488616	24488649	Deletion	33
3L	24488976	24488649	Deletion	327
3L	24488976	24489074	Deletion	98
3L	24488976	24489069	Deletion	93
3L	24488976	24489089	Deletion	113
3L	24488976	24489076	Deletion	100
3L	24504751	24504841	Deletion	90
3L	24504760	24504841	Deletion	81
3L	24521637	24521719	Deletion	82
3L	24521637	24521713	Deletion	76
3L	24521637	24521743	Deletion	106
3L	24521637	24521745	Deletion	108
3L	24522683	24522771	Deletion	88
3L	24523896	24523766	Deletion	130
3L	24523962	24524053	Deletion	91
3L	24523962	24524067	Deletion	105
3L	24523962	24524046	Deletion	84
3L	24523962	24524081	Deletion	119
3L	24523962	24524036	Deletion	74
3L	24529056	24529136	Deletion	80
3L	24532394	24532182	Deletion	212
3L	24532394	24532506	Deletion	112
3L	24532394	24532495	Deletion	101
3L	24532394	24532436	Deletion	42
3L	24543514	24543584	Deletion	70
3L	24546826	24546862	Deletion	36
3L	24546844	24546900	Deletion	56
3L	24547012	24546900	Deletion	112
3L	24556627	24556701	Deletion	74
3L	24556649	24556701	Deletion	52
3L	24556670	24556701	Deletion	31
3L	24556801	24556701	Deletion	100
3L	24556801	24556897	Deletion	96
3L	24556801	24556907	Deletion	106
3L	24556801	24556865	Deletion	64
3L	24556801	24556861	Deletion	60
3L	24556801	24556854	Deletion	53
3L	24556801	24556876	Deletion	75
3L	24557699	24557797	Deletion	98
3L	24557700	24557797	Deletion	97
3L	24557747	24557797	Deletion	50
3L	24557751	24557797	Deletion	46
3L	24557754	24557797	Deletion	43
3L	24557765	24557797	Deletion	32
3L	24563323	24562970	Deletion	353
3L	24563323	24563407	Deletion	84
3L	24563323	24563404	Deletion	81
3L	24563323	24563400	Deletion	77
3L	24564982	24565051	Deletion	69
3L	24565005	24565051	Deletion	46
3L	24568596	24565051	Deletion	3545
3L	24568596	24568678	Deletion	82
3L	24568596	24568655	Deletion	59
3L	24573534	24573633	Deletion	99
3L	24573553	24573633	Deletion	80
3L	24573559	24573633	Deletion	74
3L	24573568	24573633	Deletion	65
3L	24573585	24573633	Deletion	48
3L	24573587	24573633	Deletion	46
3L	24573588	24573633	Deletion	45
3L	24573986	24573633	Deletion	353
3L	24573986	24574067	Deletion	81
3L	24573986	24574088	Deletion	102
3L	24573986	24574066	Deletion	80
3L	24573986	24574032	Deletion	46
3L	24573986	24574064	Deletion	78
3L	24573986	24574038	Deletion	52
3L	24573986	24574047	Deletion	61
3L	24576720	24576812	Deletion	92
3L	24578387	24578487	Deletion	100
3L	24578439	24578487	Deletion	48
3L	24578440	24578487	Deletion	47
3L	24584591	24584643	Deletion	52
3L	24586483	24586539	Deletion	56
3L	24592885	24592984	Deletion	99
3L	24592893	24592984	Deletion	91
3L	24593084	24593128	Deletion	44
3L	24593084	24593109	Deletion	25
3L	24593084	24593122	Deletion	38
3L	24594086	24594162	Deletion	76
3L	24594095	24594162	Deletion	67
3L	24594119	24594162	Deletion	43
3L	24594132	24594162	Deletion	30
3L	24594745	24594829	Deletion	84
3L	24594745	24594831	Deletion	86
3L	24594745	24594842	Deletion	97
3L	24599870	24599959	Deletion	89
3L	24599870	24599951	Deletion	81
3L	24599870	24599931	Deletion	61
3L	24603952	24604051	Deletion	99
3L	24603957	24604051	Deletion	94
3L	24603962	24604051	Deletion	89
3L	24603976	24604051	Deletion	75
3L	24604002	24604051	Deletion	49
3L	24604540	24604051	Deletion	489
3L	24604540	24604662	Deletion	122
3L	24604540	24604647	Deletion	107
3L	24604540	24604618	Deletion	78
3L	24604540	24604652	Deletion	112
3L	24604540	24604577	Deletion	37
3L	24604540	24604573	Deletion	33
3L	24608273	24608363	Deletion	90
3L	24608311	24608363	Deletion	52
3L	24611370	24611491	Deletion	121
3L	24611370	24611445	Deletion	75
3L	24627660	24627741	Deletion	81
3L	24627671	24627741	Deletion	70
3L	24631038	24631095	Deletion	57
3L	24633382	24633495	Deletion	113
3L	24633415	24633495	Deletion	80
3L	24633423	24633495	Deletion	72
3L	24634808	24634881	Deletion	73
3L	24634808	24634862	Deletion	54
3L	24636752	24636798	Deletion	46
3L	24637037	24637105	Deletion	68
3L	24637065	24637105	Deletion	40
3L	24637086	24637105	Deletion	19
3L	24637205	24637105	Deletion	100
3L	24637205	24637302	Deletion	97
3L	24637205	24637231	Deletion	26
3L	24637205	24637277	Deletion	72
3L	24643918	24644039	Deletion	121
3L	24660991	24661069	Deletion	78
3L	24692189	24692294	Deletion	105
3L	24706543	24706579	Deletion	36
3L	24710428	24706579	Deletion	3849
3L	24710428	24710520	Deletion	92
3L	24736910	24736980	Deletion	70
3L	24738928	24736980	Deletion	1948
3L	24740171	24740278	Deletion	107
3L	24740173	24740278	Deletion	105
3L	24740193	24740278	Deletion	85
3L	24740209	24740278	Deletion	69
3L	24747870	24740278	Deletion	7592
3L	24747870	24747911	Deletion	41
3L	24749957	24750049	Deletion	92
3L	24749965	24750049	Deletion	84
3L	24749966	24750049	Deletion	83
3L	24749969	24750049	Deletion	80
3L	24749976	24750049	Deletion	73
3L	24750477	24750049	Deletion	428
3L	24750477	24750511	Deletion	34
3L	24750477	24750579	Deletion	102
3L	24750477	24750519	Deletion	42
3L	24750477	24750530	Deletion	53
3L	24750481	24750520	Deletion	39
3L	24760333	24760382	Deletion	49
3L	24760347	24760382	Deletion	35
3L	24766388	24760382	Deletion	6006
3L	24766388	24766479	Deletion	91
3L	24766388	24766452	Deletion	64
3L	24777287	24777389	Deletion	102
3L	24777295	24777389	Deletion	94
3L	24777325	24777389	Deletion	64
3L	24777632	24777389	Deletion	243
3L	24777632	24777731	Deletion	99
3L	24815293	24815380	Deletion	87
3L	24815434	24815525	Deletion	91
3L	24815434	24815526	Deletion	92
3L	24826541	24826644	Deletion	103
3L	24826695	24826752	Deletion	57
3L	24826695	24826741	Deletion	46
3L	24861351	24860289	Deletion	1062
3L	24861882	24861998	Deletion	116
3L	24861882	24861961	Deletion	79
3L	24861882	24861958	Deletion	76
3L	24863439	24863472	Deletion	33
3L	24868940	24869033	Deletion	93
3L	24868940	24869015	Deletion	75
3L	24868940	24869030	Deletion	90
3L	24868940	24868973	Deletion	33
3L	24868940	24868976	Deletion	36
3L	24868940	24868981	Deletion	41
3L	24871050	24871165	Deletion	115
3L	24871070	24871165	Deletion	95
3L	24871082	24871165	Deletion	83
3L	24871087	24871165	Deletion	78
3L	24871103	24871165	Deletion	62
3L	24871108	24871165	Deletion	57
3L	24871112	24871165	Deletion	53
3L	24885369	24885417	Deletion	48
3L	24885369	24885433	Deletion	64
3L	24885369	24885412	Deletion	43
3L	24885369	24885442	Deletion	73
3L	24885369	24885474	Deletion	105
3L	24885369	24885400	Deletion	31
3L	24885369	24885438	Deletion	69
3L	24891896	24891957	Deletion	61
3L	24893252	24891957	Deletion	1295
3L	24893252	24893317	Deletion	65
3L	24893252	24893375	Deletion	123
3L	24893252	24893289	Deletion	37
3L	24899240	24899296	Deletion	56
3L	24899253	24899296	Deletion	43
3L	24899255	24899296	Deletion	41
3L	24899264	24899296	Deletion	32
3L	24900313	24899296	Deletion	1017
3L	24900313	24900398	Deletion	85
3L	24900313	24900429	Deletion	116
3L	24900313	24900396	Deletion	83
3L	24900313	24900383	Deletion	70
3L	24911347	24911458	Deletion	111
3L	24911350	24911458	Deletion	108
3L	24911402	24911458	Deletion	56
3L	24911407	24911458	Deletion	51
3L	24911409	24911458	Deletion	49
3L	24911560	24911456	Deletion	104
3L	24911560	24911638	Deletion	78
3L	24911560	24911630	Deletion	70
3L	24912961	24913061	Deletion	100
3L	24913023	24913061	Deletion	38
3L	24913413	24913061	Deletion	352
3L	24913413	24913454	Deletion	41
3L	24913413	24913480	Deletion	67
3L	24937336	24937445	Deletion	109
3L	24937336	24937441	Deletion	105
3L	24937336	24937377	Deletion	41
3L	24944940	24945022	Deletion	82
3L	24948294	24948404	Deletion	110
3L	24948294	24948328	Deletion	34
3L	24948294	24948379	Deletion	85
3L	24948294	24948353	Deletion	59
3L	24950590	24950686	Deletion	96
3L	24950591	24950686	Deletion	95
3L	24950615	24950686	Deletion	71
3L	24950618	24950686	Deletion	68
3L	24950624	24950686	Deletion	62
3L	24950631	24950686	Deletion	55
3L	24950650	24950686	Deletion	36
3L	24950998	24951028	Deletion	30
3L	24951003	24951069	Deletion	66
3L	24952567	24952635	Deletion	68
3L	24955340	24955389	Deletion	49
3L	24956324	24956385	Deletion	61
3L	24956334	24956385	Deletion	51
3L	24957445	24957518	Deletion	73
3L	24957445	24957563	Deletion	118
3L	24962342	24962432	Deletion	90
3L	24963308	24963415	Deletion	107
3L	24963308	24963349	Deletion	41
3L	24963308	24963362	Deletion	54
3L	24964236	24964311	Deletion	75
3L	24969798	24969872	Deletion	74
3L	24977505	24977557	Deletion	52
3L	24988782	24988814	Deletion	32
3L	24988784	24988814	Deletion	30
3L	25000485	25000573	Deletion	88
3L	25000485	25000583	Deletion	98
3L	25000485	25000597	Deletion	112
3L	25000658	25000734	Deletion	76
3L	25000663	25000734	Deletion	71
3L	25000667	25000734	Deletion	67
3L	25000680	25000734	Deletion	54
3L	25000695	25000734	Deletion	39
3L	25033347	25033460	Deletion	113
3L	25035173	25035287	Deletion	114
3L	25035187	25035287	Deletion	100
3L	25035218	25035287	Deletion	69
3L	25035251	25035287	Deletion	36
3L	25043654	25043744	Deletion	90
3L	25043654	25043762	Deletion	108
3L	25043654	25043711	Deletion	57
3L	25049927	25050012	Deletion	85
3L	25054879	25054953	Deletion	74
3L	25074308	25074360	Deletion	52
3L	25074416	25074360	Deletion	56
3L	25082165	25082267	Deletion	102
3L	25099528	25099617	Deletion	89
3L	25099541	25099617	Deletion	76
3L	25099553	25099617	Deletion	64
3L	25106027	25106141	Deletion	114
3L	25106030	25106141	Deletion	111
3L	25106032	25106141	Deletion	109
3L	25106042	25106141	Deletion	99
3L	25106073	25106141	Deletion	68
3L	25106081	25106141	Deletion	60
3L	25106085	25106141	Deletion	56
3L	25106091	25106141	Deletion	50
3L	25108297	25106141	Deletion	2156
3L	25108297	25108373	Deletion	76
3L	25108297	25108367	Deletion	70
3L	25108297	25108355	Deletion	58
3L	25139442	25139536	Deletion	94
3L	25147598	25147713	Deletion	115
3L	25147599	25147713	Deletion	114
3L	25147614	25147713	Deletion	99
3L	25147657	25147713	Deletion	56
3L	25154980	25147713	Deletion	7267
3L	25166000	25166036	Deletion	36
3L	25172574	25172622	Deletion	48
3L	25189595	25186236	Deletion	3359
3L	25189595	25189719	Deletion	124
3L	25189595	25189632	Deletion	37
3L	25189595	25189659	Deletion	64
3L	25189595	25189699	Deletion	104
3L	25189595	25189656	Deletion	61
3L	25195991	25196063	Deletion	72
3L	25231287	25231347	Deletion	60
3L	25231309	25231347	Deletion	38
3L	25231695	25231347	Deletion	348
3L	25231695	25231762	Deletion	67
3L	25241311	25241341	Deletion	30
3L	25248713	25248786	Deletion	73
3L	25248713	25248809	Deletion	96
3L	25253099	25253134	Deletion	35
3L	25264314	25264418	Deletion	104
3L	25264325	25264418	Deletion	93
3L	25264471	25264418	Deletion	53
3L	25264471	25264544	Deletion	73
3L	25264471	25264579	Deletion	108
3L	25292164	25292262	Deletion	98
3L	25292188	25292262	Deletion	74
3L	25292194	25292262	Deletion	68
3L	25292205	25292262	Deletion	57
3L	25292219	25292289	Deletion	70
3L	25292233	25292262	Deletion	29
3L	25321716	25321776	Deletion	60
3L	25321953	25321776	Deletion	177
3L	25321954	25322029	Deletion	75
3L	25321955	25322021	Deletion	66
3L	25321958	25322029	Deletion	71
3L	25321972	25322029	Deletion	57
3L	25321993	25322029	Deletion	36
3L	25334529	25334583	Deletion	54
3L	25334529	25334588	Deletion	59
3L	25334529	25334623	Deletion	94
3L	25334529	25334585	Deletion	56
3L	25336746	25336849	Deletion	103
3L	25336770	25336849	Deletion	79
3L	25336774	25336849	Deletion	75
3L	25336777	25336849	Deletion	72
3L	25336779	25336849	Deletion	70
3L	25336817	25336849	Deletion	32
3L	25346537	25336849	Deletion	9688
3L	25346537	25346651	Deletion	114
3L	25346537	25346584	Deletion	47
3L	25346537	25346636	Deletion	99
3L	25346537	25346593	Deletion	56
3L	25346537	25346645	Deletion	108
3L	25346537	25346591	Deletion	54
3L	25346537	25346631	Deletion	94
3L	25378816	25378892	Deletion	76
3L	25378821	25378892	Deletion	71
3L	25378831	25378892	Deletion	61
3L	25378860	25378892	Deletion	32
3L	25379267	25378892	Deletion	375
3L	25379267	25379370	Deletion	103
3L	25379267	25379318	Deletion	51
3L	25379267	25379323	Deletion	56
3L	25379267	25379373	Deletion	106
3L	25379267	25379374	Deletion	107
3L	25379267	25379383	Deletion	116
3L	25379267	25379380	Deletion	113
3L	25379267	25379333	Deletion	66
3L	25390145	25390226	Deletion	81
3L	25390164	25390226	Deletion	62
3L	25390177	25390226	Deletion	49
3L	25390178	25390226	Deletion	48
3L	25390188	25390226	Deletion	38
3L	25390196	25390226	Deletion	30
3L	25396797	25394439	Deletion	2358
3L	25396797	25396886	Deletion	89
3L	25396797	25396875	Deletion	78
3L	25396797	25396894	Deletion	97
3L	25396797	25396876	Deletion	79
3L	25396797	25396862	Deletion	65
3L	25398038	25398073	Deletion	35
3L	25398040	25398073	Deletion	33
3L	25399132	25399226	Deletion	94
3L	25399132	25399255	Deletion	123
3L	25412957	25413057	Deletion	100
3L	25412962	25413057	Deletion	95
3L	25412965	25413057	Deletion	92
3L	25412978	25413057	Deletion	79
3L	25413000	25413057	Deletion	57
3L	25413012	25413057	Deletion	45
3L	25413024	25413057	Deletion	33
3L	25413135	25413057	Deletion	78
3L	25413135	25413183	Deletion	48
3L	25413135	25413229	Deletion	94
3L	25413135	25413170	Deletion	35
3L	25413135	25413167	Deletion	32
3L	25413135	25413217	Deletion	82
3L	25415408	25415527	Deletion	119
3L	25430313	25430365	Deletion	52
3L	25430313	25430390	Deletion	77
3L	25430313	25430437	Deletion	124
3L	25430313	25430413	Deletion	100
3L	25430313	25430401	Deletion	88
3L	25441209	25441291	Deletion	82
3L	25441209	25441274	Deletion	65
3L	25446912	25447005	Deletion	93
3L	25446912	25447007	Deletion	95
3L	25446928	25447014	Deletion	86
3L	25446951	25447041	Deletion	90
3L	25446957	25447041	Deletion	84
3L	25446986	25447041	Deletion	55
3L	25446993	25447041	Deletion	48
3L	25456177	25456284	Deletion	107
3L	25456177	25456295	Deletion	118
3L	25456177	25456296	Deletion	119
3L	25456177	25456280	Deletion	103
3L	25456177	25456249	Deletion	72
3L	25456177	25456214	Deletion	37
3L	25456177	25456220	Deletion	43
3L	25458614	25458677	Deletion	63
3L	25458614	25458681	Deletion	67
3L	25465952	25466067	Deletion	115
3L	25474662	25474772	Deletion	110
3L	25493765	25493868	Deletion	103
3L	25493774	25493868	Deletion	94
3L	25493779	25493868	Deletion	89
3L	25493783	25493868	Deletion	85
3L	25493792	25493868	Deletion	76
3L	25493828	25493868	Deletion	40
3L	25502388	25493868	Deletion	8520
3L	25502388	25502430	Deletion	42
3L	25502388	25502497	Deletion	109
3L	25502388	25502426	Deletion	38
3L	25502388	25502506	Deletion	118
3L	25502388	25502421	Deletion	33
3L	25502388	25502475	Deletion	87
3L	25526484	25526585	Deletion	101
3L	25526509	25526585	Deletion	76
3L	25526519	25526585	Deletion	66
3L	25526532	25526585	Deletion	53
3L	25545723	25545774	Deletion	51
3L	25563719	25563814	Deletion	95
3L	25586735	25586827	Deletion	92
3L	25592097	25592167	Deletion	70
3L	25592131	25592156	Deletion	25
3L	25593060	25593092	Deletion	32
3L	25593360	25593483	Deletion	123
3L	25593360	25593403	Deletion	43
3L	25601767	25601877	Deletion	110
3L	25601800	25601877	Deletion	77
3L	25602228	25601877	Deletion	351
3L	25602228	25602332	Deletion	104
3L	25602228	25602280	Deletion	52
3L	25602228	25602327	Deletion	99
3L	25602228	25602295	Deletion	67
3L	25613676	25613788	Deletion	112
3L	25613681	25613788	Deletion	107
3L	25613689	25613788	Deletion	99
3L	25613699	25613788	Deletion	89
3L	25613749	25613788	Deletion	39
3L	25614984	25613788	Deletion	1196
3L	25615550	25615026	Deletion	524
3L	25624697	25624734	Deletion	37
3L	25633533	25633611	Deletion	78
3L	25633533	25633622	Deletion	89
3L	25633533	25633637	Deletion	104
3L	25658838	25658961	Deletion	123
3L	25658838	25658959	Deletion	121
3L	25658838	25658950	Deletion	112
3L	25672707	25672800	Deletion	93
3L	25677333	25677436	Deletion	103
3L	25677333	25677367	Deletion	34
3L	25679571	25679617	Deletion	46
3L	25679585	25679617	Deletion	32
3L	25688503	25688545	Deletion	42
3L	25688503	25688583	Deletion	80
3L	25727366	25727466	Deletion	100
3L	25728047	25727466	Deletion	581
3L	25728047	25728134	Deletion	87
3L	25728047	25728151	Deletion	104
3L	25735628	25735707	Deletion	79
3L	25765096	25765166	Deletion	70
3L	25765096	25765204	Deletion	108
3L	25765096	25765213	Deletion	117
3L	25766633	25766718	Deletion	85
3L	25766650	25766718	Deletion	68
3L	25766651	25766718	Deletion	67
3L	25766662	25766718	Deletion	56
3L	25770781	25766718	Deletion	4063
3L	25770781	25770840	Deletion	59
3L	25770781	25770822	Deletion	41
3L	25770781	25770882	Deletion	101
3L	25770781	25770839	Deletion	58
3L	25781242	25781235	Deletion	7
3L	25781242	25781332	Deletion	90
3L	25781242	25781326	Deletion	84
3L	25782216	25782320	Deletion	104
3L	25792144	25792253	Deletion	109
3L	25792144	25792205	Deletion	61
3L	25792144	25792185	Deletion	41
3L	25792144	25792261	Deletion	117
3L	25794041	25794117	Deletion	76
3L	25796446	25796551	Deletion	105
3L	25796448	25796551	Deletion	103
3L	25796488	25796551	Deletion	63
3L	25796653	25796551	Deletion	102
3L	25796653	25796764	Deletion	111
3L	25796653	25796731	Deletion	78
3L	25796653	25796732	Deletion	79
3L	25796653	25796766	Deletion	113
3L	25796653	25796757	Deletion	104
3L	25844625	25844669	Deletion	44
3L	25844630	25844669	Deletion	39
3L	25866625	25866712	Deletion	87
3L	25866625	25866680	Deletion	55
3L	25866625	25866743	Deletion	118
3L	25866625	25866731	Deletion	106
3L	25866625	25866724	Deletion	99
3L	25866851	25866944	Deletion	93
3L	25867215	25866944	Deletion	271
3L	25880146	25880229	Deletion	83
3L	25880148	25880229	Deletion	81
3L	25880159	25880229	Deletion	70
3L	25880169	25880229	Deletion	60
3L	25880176	25880229	Deletion	53
3L	25882993	25880229	Deletion	2764
3L	25882993	25883066	Deletion	73
3L	25882993	25883059	Deletion	66
3L	25882993	25883036	Deletion	43
3L	25882993	25883038	Deletion	45
3L	25882993	25883049	Deletion	56
3L	25891706	25891626	Deletion	80
3L	25891706	25891806	Deletion	100
3L	25891706	25891789	Deletion	83
3L	25891706	25891772	Deletion	66
3L	25891706	25891799	Deletion	93
3L	25909945	25910050	Deletion	105
3L	25909974	25910050	Deletion	76
3L	25909981	25910050	Deletion	69
3L	25909997	25910050	Deletion	53
3L	25910020	25910050	Deletion	30
3L	25923069	25923143	Deletion	74
3L	25923069	25923120	Deletion	51
3L	25923069	25923167	Deletion	98
3L	25923069	25923191	Deletion	122
3L	25923069	25923183	Deletion	114
3L	25923069	25923127	Deletion	58
3L	25924828	25924941	Deletion	113
3L	25924832	25924941	Deletion	109
3L	25924867	25924941	Deletion	74
3L	25924907	25924941	Deletion	34
3L	25925012	25924941	Deletion	71
3L	25925012	25925104	Deletion	92
3L	25925012	25925082	Deletion	70
3L	25944880	25944912	Deletion	32
3L	25953994	25954027	Deletion	33
3L	25954570	25954663	Deletion	93
3L	25974198	25974308	Deletion	110
3L	25974454	25974308	Deletion	146
3L	25974454	25974552	Deletion	98
3L	26006582	26006616	Deletion	34
3L	26006582	26006626	Deletion	44
3L	26013723	26013760	Deletion	37
3L	26015022	26013760	Deletion	1262
3L	26015022	26015112	Deletion	90
3L	26024186	26024230	Deletion	44
3L	26024186	26024219	Deletion	33
3L	26024186	26024235	Deletion	49
3L	26024186	26024231	Deletion	45
3L	26026449	26026486	Deletion	37
3L	26034332	26034382	Deletion	50
3L	26034539	26034623	Deletion	84
3L	26034539	26034625	Deletion	86
3L	26034539	26034615	Deletion	76
3L	26038939	26038979	Deletion	40
3L	26039127	26039245	Deletion	118
3L	26044484	26044539	Deletion	55
3L	26057716	26057834	Deletion	118
3L	26057729	26057834	Deletion	105
3L	26057744	26057834	Deletion	90
3L	26057775	26057834	Deletion	59
3L	26057797	26057834	Deletion	37
3L	26057803	26057834	Deletion	31
3L	26067484	26067579	Deletion	95
3L	26074029	26074099	Deletion	70
3L	26076808	26076886	Deletion	78
3L	26084393	26084482	Deletion	89
3L	26089192	26089226	Deletion	34
3L	26094539	26094624	Deletion	85
3L	26094565	26094624	Deletion	59
3L	26094568	26094624	Deletion	56
3L	26095801	26095871	Deletion	70
3L	26098080	26098171	Deletion	91
3L	26101939	26102046	Deletion	107
3L	26101939	26102052	Deletion	113
3L	26109149	26109242	Deletion	93
3L	26109150	26109242	Deletion	92
3L	26109173	26109242	Deletion	69
3L	26109201	26109238	Deletion	37
3L	26117260	26114844	Deletion	2416
3L	26117260	26117332	Deletion	72
3L	26117260	26117298	Deletion	38
3L	26123522	26123611	Deletion	89
3L	26123523	26123611	Deletion	88
3L	26123527	26123611	Deletion	84
3L	26123556	26123611	Deletion	55
3L	26125862	26123611	Deletion	2251
3L	26125862	26125905	Deletion	43
3L	26125862	26125965	Deletion	103
3L	26126048	26126089	Deletion	41
3L	26142126	26142145	Deletion	19
3L	26143494	26143600	Deletion	106
3L	26143964	26144078	Deletion	114
3L	26152599	26152665	Deletion	66
3L	26152839	26152665	Deletion	174
3L	26152839	26152873	Deletion	34
3L	26154229	26154158	Deletion	71
3L	26154229	26154284	Deletion	55
3L	26154229	26154268	Deletion	39
3L	26154229	26154277	Deletion	48
3L	26154229	26154330	Deletion	101
3L	26154229	26154279	Deletion	50
3L	26154558	26154654	Deletion	96
3L	26154566	26154654	Deletion	88
3L	26169852	26169945	Deletion	93
3L	26169874	26169945	Deletion	71
3L	26169876	26169945	Deletion	69
3L	26169885	26169945	Deletion	60
3L	26169912	26169945	Deletion	33
3L	26193436	26193502	Deletion	66
3L	26193436	26193529	Deletion	93
3L	26193436	26193469	Deletion	33
3L	26193436	26193493	Deletion	57
3L	26193436	26193536	Deletion	100
3L	26193436	26193491	Deletion	55
3L	26195022	26195128	Deletion	106
3L	26195022	26195141	Deletion	119
3L	26195022	26195143	Deletion	121
3L	26195022	26195129	Deletion	107
3L	26195022	26195125	Deletion	103
3L	26204215	26204297	Deletion	82
3L	26208718	26208797	Deletion	79
3L	26214695	26214804	Deletion	109
3L	26214705	26214804	Deletion	99
3L	26214770	26214804	Deletion	34
3L	26216652	26214804	Deletion	1848
3L	26220563	26220636	Deletion	73
3L	26220849	26220937	Deletion	88
3L	26222777	26220937	Deletion	1840
3L	26222777	26222871	Deletion	94
3L	26229507	26229628	Deletion	121
3L	26229507	26229561	Deletion	54
3L	26229507	26229560	Deletion	53
3L	26229507	26229559	Deletion	52
3L	26229507	26229600	Deletion	93
3L	26301687	26299365	Deletion	2322
3L	26301687	26301742	Deletion	55
3L	26301687	26301796	Deletion	109
3L	26301687	26301767	Deletion	80
3L	26301687	26301732	Deletion	45
3L	26301687	26301734	Deletion	47
3L	26301687	26301792	Deletion	105
3L	26310728	26310812	Deletion	84
3L	26333914	26334029	Deletion	115
3L	26340632	26340732	Deletion	100
3L	26341199	26341289	Deletion	90
3L	26341199	26341263	Deletion	64
3L	26341199	26341279	Deletion	80
3L	26354971	26355050	Deletion	79
3L	26355004	26355050	Deletion	46
3L	26373866	26373959	Deletion	93
3L	26373892	26373964	Deletion	72
3L	26373894	26373964	Deletion	70
3L	26373914	26373964	Deletion	50
3L	26374045	26373964	Deletion	81
3L	26374045	26374105	Deletion	60
3L	26374045	26374125	Deletion	80
3L	26374045	26374077	Deletion	32
3L	26376590	26376698	Deletion	108
3L	26376602	26376698	Deletion	96
3L	26376611	26376698	Deletion	87
3L	26384683	26384787	Deletion	104
3L	26400834	26400914	Deletion	80
3L	26400874	26400914	Deletion	40
3L	26401014	26400914	Deletion	100
3L	26401014	26401089	Deletion	75
3L	26401014	26401066	Deletion	52
3L	26401014	26401119	Deletion	105
3L	26401014	26401133	Deletion	119
3L	26401014	26401040	Deletion	26
3L	26401014	26401082	Deletion	68
3L	26403886	26403999	Deletion	113
3L	26403899	26403999	Deletion	100
3L	26403971	26403999	Deletion	28
3L	26406999	26403999	Deletion	3000
3L	26414040	26414138	Deletion	98
3L	26434041	26434128	Deletion	87
3L	26435398	26435471	Deletion	73
3L	26435423	26435471	Deletion	48
3L	26457905	26457965	Deletion	60
3L	26457905	26458002	Deletion	97
3L	26457905	26458017	Deletion	112
3L	26457905	26457962	Deletion	57
3L	26458635	26458759	Deletion	124
3L	26458635	26458746	Deletion	111
3L	26458635	26458694	Deletion	59
3L	26458635	26458757	Deletion	122
3L	26458635	26458758	Deletion	123
3L	26472083	26472195	Deletion	112
3L	26472083	26472200	Deletion	117
3L	26479615	26479702	Deletion	87
3L	26479641	26479702	Deletion	61
3L	26479654	26479702	Deletion	48
3L	26479660	26479702	Deletion	42
3L	26479805	26479702	Deletion	103
3L	26479805	26479846	Deletion	41
3L	26479805	26479911	Deletion	106
3L	26479805	26479872	Deletion	67
3L	26479805	26479885	Deletion	80
3L	26483694	26483738	Deletion	44
3L	26502528	26502588	Deletion	60
3L	26514443	26514524	Deletion	81
3L	26514449	26514524	Deletion	75
3L	26514452	26514524	Deletion	72
3L	26514456	26514524	Deletion	68
3L	26514458	26514524	Deletion	66
3L	26514461	26514524	Deletion	63
3L	26516529	26516646	Deletion	117
3L	26516529	26516594	Deletion	65
3L	26516529	26516582	Deletion	53
3L	26516529	26516591	Deletion	62
3L	26527699	26527776	Deletion	77
3L	26527705	26527776	Deletion	71
3L	26528031	26527776	Deletion	255
3L	26528031	26528088	Deletion	57
3L	26528031	26528082	Deletion	51
3L	26528065	26528175	Deletion	110
3L	26534704	26534740	Deletion	36
3L	26537662	26537762	Deletion	100
3L	26589686	26589764	Deletion	78
3L	26589695	26589764	Deletion	69
3L	26589707	26589764	Deletion	57
3L	26666114	26666197	Deletion	83
3L	26667703	26666197	Deletion	1506
3L	26667818	26667737	Deletion	81
3L	26698789	26698903	Deletion	114
3L	26698800	26698903	Deletion	103
3L	26698848	26698903	Deletion	55
3L	26698863	26698903	Deletion	40
3L	26698864	26698903	Deletion	39
3L	26698867	26698903	Deletion	36
3L	26701442	26698903	Deletion	2539
3L	26701442	26701555	Deletion	113
3L	26701442	26701514	Deletion	72
3L	26701442	26701529	Deletion	87
3L	26701442	26701565	Deletion	123
3L	26701442	26701530	Deletion	88
3L	26709237	26709318	Deletion	81
3L	26733185	26733300	Deletion	115
3L	26733193	26733300	Deletion	107
3L	26733211	26733300	Deletion	89
3L	26733217	26733300	Deletion	83
3L	26733218	26733300	Deletion	82
3L	26738081	26738118	Deletion	37
3L	26738081	26738180	Deletion	99
3L	26738081	26738125	Deletion	44
3L	26738081	26738124	Deletion	43
3L	26740517	26740586	Deletion	69
3L	26740531	26740586	Deletion	55
3L	26740535	26740586	Deletion	51
3L	26740539	26740586	Deletion	47
3L	26740549	26740586	Deletion	37
3L	26742518	26740586	Deletion	1932
3L	26742518	26742607	Deletion	89
3L	26742518	26742558	Deletion	40
3L	26742518	26742589	Deletion	71
3L	26742518	26742575	Deletion	57
3L	26742522	26742593	Deletion	71
3L	26754708	26754812	Deletion	104
3L	26754717	26754812	Deletion	95
3L	26754721	26754812	Deletion	91
3L	26754742	26754812	Deletion	70
3L	26754746	26754812	Deletion	66
3L	26754751	26754812	Deletion	61
3L	26754777	26754812	Deletion	35
3L	26756481	26754812	Deletion	1669
3L	26764547	26764655	Deletion	108
3L	26764547	26764579	Deletion	32
3L	26764547	26764613	Deletion	66
3L	26764547	26764608	Deletion	61
3L	26764547	26764639	Deletion	92
3L	26764552	26764583	Deletion	31
3L	26778950	26779047	Deletion	97
3L	26778950	26779038	Deletion	88
3L	26797826	26797857	Deletion	31
3L	26797907	26797857	Deletion	50
3L	26797907	26797982	Deletion	75
3L	26797907	26798021	Deletion	114
3L	26797907	26798027	Deletion	120
3L	26809562	26809662	Deletion	100
3L	26809571	26809662	Deletion	91
3L	26811072	26809662	Deletion	1410
3L	26811072	26811186	Deletion	114
3L	26812532	26812547	Deletion	15
3L	26819384	26819470	Deletion	86
3L	26819385	26819470	Deletion	85
3L	26819398	26819470	Deletion	72
3L	26819402	26819470	Deletion	68
3L	26819435	26819470	Deletion	35
3L	26820801	26819470	Deletion	1331
3L	26820801	26820856	Deletion	55
3L	26827547	26827629	Deletion	82
3L	26830578	26830666	Deletion	88
3L	26830580	26830666	Deletion	86
3L	26830582	26830666	Deletion	84
3L	26830602	26830666	Deletion	64
3L	26830608	26830666	Deletion	58
3L	26830635	26830666	Deletion	31
3L	26830971	26830666	Deletion	305
3L	26830971	26831013	Deletion	42
3L	26830971	26831066	Deletion	95
3L	26830971	26831001	Deletion	30
3L	26830971	26831039	Deletion	68
3L	26830971	26831009	Deletion	38
3L	26835585	26835650	Deletion	65
3L	26835593	26835650	Deletion	57
3L	26835934	26835650	Deletion	284
3L	26835934	26836003	Deletion	69
3L	26835934	26835995	Deletion	61
3L	26855687	26855735	Deletion	48
3L	26860209	26860300	Deletion	91
3L	26875475	26867868	Deletion	7607
3L	26875475	26875579	Deletion	104
3L	26875475	26875593	Deletion	118
3L	26875475	26875535	Deletion	60
3L	26875475	26875592	Deletion	117
3L	26877473	26877493	Deletion	20
3L	26877473	26877564	Deletion	91
3L	26877756	26877868	Deletion	112
3L	26877813	26877868	Deletion	55
3L	26882246	26882321	Deletion	75
3L	26936121	26882321	Deletion	53800
3L	26936121	26936176	Deletion	55
3L	26936121	26936204	Deletion	83
3L	26936125	26936171	Deletion	46
3L	26938024	26938139	Deletion	115
3L	26938024	26938096	Deletion	72
3L	26944592	26944634	Deletion	42
3L	26944628	26944634	Deletion	6
3L	26944628	26944736	Deletion	108
3L	26952494	26952525	Deletion	31
3L	27006385	26952525	Deletion	53860
3L	27007766	27007823	Deletion	57
3L	27011455	27011500	Deletion	45
3L	27011462	27011518	Deletion	56
3L	27019004	27019076	Deletion	72
3L	27020759	27020872	Deletion	113
3L	27021398	27021450	Deletion	52
3L	27038194	27038310	Deletion	116
3L	27038199	27038310	Deletion	111
3L	27038226	27038310	Deletion	84
3L	27038232	27038310	Deletion	78
3L	27038260	27038310	Deletion	50
3L	27073547	27073646	Deletion	99
3L	27073593	27073646	Deletion	53
3L	27073602	27073646	Deletion	44
3L	27073616	27073646	Deletion	30
3L	27074516	27073646	Deletion	870
3L	27074516	27074622	Deletion	106
3L	27074516	27074635	Deletion	119
3L	27078657	27077823	Deletion	834
3L	27078657	27078730	Deletion	73
3L	27078657	27078753	Deletion	96
3L	27078657	27078718	Deletion	61
3L	27092671	27092749	Deletion	78
3L	27092682	27092749	Deletion	67
3L	27092688	27092749	Deletion	61
3L	27092702	27092749	Deletion	47
3L	27093159	27093272	Deletion	113
3L	27093159	27093208	Deletion	49
3L	27093159	27093239	Deletion	80
3L	27093159	27093203	Deletion	44
3L	27093159	27093225	Deletion	66
3L	27107854	27107900	Deletion	46
3L	27107856	27107900	Deletion	44
3L	27107858	27107900	Deletion	42
3L	27107868	27107900	Deletion	32
3L	27109092	27107900	Deletion	1192
3L	27109092	27109174	Deletion	82
3L	27109092	27109188	Deletion	96
3L	27109092	27109178	Deletion	86
3L	27109092	27109176	Deletion	84
3L	27109092	27109198	Deletion	106
3L	27140459	27140518	Deletion	59
3L	27140479	27140518	Deletion	39
3L	27145361	27140518	Deletion	4843
3L	27145361	27145428	Deletion	67
3L	27145361	27145429	Deletion	68
3L	27153467	27145470	Deletion	7997
3L	27153467	27153569	Deletion	102
3L	27155772	27155589	Deletion	183
3L	27155772	27155842	Deletion	70
3L	27155772	27155844	Deletion	72
3L	27165135	27165236	Deletion	101
3L	27165135	27165231	Deletion	96
3L	27165137	27165236	Deletion	99
3L	27165144	27165236	Deletion	92
3L	27165152	27165236	Deletion	84
3L	27165155	27165236	Deletion	81
3L	27165169	27165236	Deletion	67
3L	27165192	27165236	Deletion	44
3L	27165200	27165236	Deletion	36
3L	27170364	27165236	Deletion	5128
3L	27170364	27170425	Deletion	61
3L	27170364	27170448	Deletion	84
3L	27170364	27170456	Deletion	92
3L	27170364	27170408	Deletion	44
3L	27170364	27170411	Deletion	47
3L	27178654	27178688	Deletion	34
3L	27188613	27188717	Deletion	104
3L	27189532	27189588	Deletion	56
3L	27208766	27208817	Deletion	51
3L	27209761	27209867	Deletion	106
3L	27209778	27209867	Deletion	89
3L	27209806	27209867	Deletion	61
3L	27209821	27209867	Deletion	46
3L	27215217	27215324	Deletion	107
3L	27215217	27215335	Deletion	118
3L	27233915	27234032	Deletion	117
3L	27235605	27235694	Deletion	89
3L	27235605	27235658	Deletion	53
3L	27235605	27235700	Deletion	95
3L	27235605	27235672	Deletion	67
3L	27239705	27239741	Deletion	36
3L	27239715	27239807	Deletion	92
3L	27239716	27239807	Deletion	91
3L	27239727	27239807	Deletion	80
3L	27239732	27239807	Deletion	75
3L	27239734	27239807	Deletion	73
3L	27239755	27239807	Deletion	52
3L	27239769	27239807	Deletion	38
3L	27262609	27262720	Deletion	111
3L	27262626	27262720	Deletion	94
3L	27262630	27262720	Deletion	90
3L	27262632	27262720	Deletion	88
3L	27262635	27262720	Deletion	85
3L	27262652	27262720	Deletion	68
3L	27262670	27262720	Deletion	50
3L	27273451	27262720	Deletion	10731
3L	27273451	27273483	Deletion	32
3L	27273451	27273487	Deletion	36
3L	27273451	27273527	Deletion	76
3L	27273451	27273509	Deletion	58
3L	27273451	27273492	Deletion	41
3L	27273677	27273756	Deletion	79
3L	27273692	27273756	Deletion	64
3L	27274722	27273756	Deletion	966
3L	27274722	27274769	Deletion	47
3L	27274722	27274842	Deletion	120
3L	27282878	27276066	Deletion	6812
3L	27285732	27285845	Deletion	113
3L	27285733	27285845	Deletion	112
3L	27285756	27285845	Deletion	89
3L	27285764	27285845	Deletion	81
3L	27285776	27285845	Deletion	69
3L	27285784	27285845	Deletion	61
3L	27285809	27285845	Deletion	36
3L	27285814	27285845	Deletion	31
3L	27288487	27285845	Deletion	2642
3L	27294696	27294783	Deletion	87
3L	27294727	27294783	Deletion	56
3L	27299180	27299192	Deletion	12
3L	27302859	27302117	Deletion	742
3L	27305976	27306036	Deletion	60
3L	27309705	27309707	Deletion	2
3L	27309739	27309753	Deletion	14
3L	27313112	27313153	Deletion	41
3L	27313464	27313568	Deletion	104
3L	27313483	27313568	Deletion	85
3L	27313485	27313587	Deletion	102
3L	27314181	27314271	Deletion	90
3L	27314181	27314249	Deletion	68
3L	27314185	27314258	Deletion	73
3L	27314282	27314240	Deletion	42
3L	27314601	27314348	Deletion	253
3L	27317150	27317238	Deletion	88
3L	27317157	27317238	Deletion	81
3L	27317241	27317219	Deletion	22
3L	27320916	27320965	Deletion	49
3L	27320932	27320997	Deletion	65
3L	27320939	27320999	Deletion	60
3L	27320951	27320999	Deletion	48
3L	27333070	27333130	Deletion	60
3L	27333077	27333130	Deletion	53
3L	27334079	27334185	Deletion	106
3L	27334079	27334190	Deletion	111
3L	27334079	27334153	Deletion	74
3L	27334079	27334191	Deletion	112
3L	27334731	27334786	Deletion	55
3L	27339491	27339550	Deletion	59
3L	27341781	27341835	Deletion	54
3L	27345728	27345800	Deletion	72
3L	27345728	27345839	Deletion	111
3L	27345728	27345774	Deletion	46
3L	27371829	27371947	Deletion	118
3L	27371864	27371947	Deletion	83
3L	27371874	27371938	Deletion	64
3L	27371881	27371947	Deletion	66
3L	27371882	27371947	Deletion	65
3L	27374639	27374690	Deletion	51
3L	27375847	27374713	Deletion	1134
3L	27375847	27375941	Deletion	94
3L	27375847	27375930	Deletion	83
3L	27375847	27375908	Deletion	61
3L	27377261	27377315	Deletion	54
3L	27378564	27377315	Deletion	1249
3L	27378564	27378670	Deletion	106
3L	27378564	27378680	Deletion	116
3L	27378564	27378631	Deletion	67
3L	27378564	27378659	Deletion	95
3L	27378564	27378647	Deletion	83
3L	27378564	27378636	Deletion	72
3L	27380999	27381064	Deletion	65
3L	27381009	27381064	Deletion	55
3L	27381010	27381064	Deletion	54
3L	27381126	27381064	Deletion	62
3L	27381126	27381156	Deletion	30
3L	27381126	27381198	Deletion	72
3L	27381126	27381199	Deletion	73
3L	27381126	27381248	Deletion	122
3L	27394501	27394584	Deletion	83
3L	27394556	27394607	Deletion	51
3L	27398257	27398363	Deletion	106
3L	27398257	27398365	Deletion	108
3L	27398257	27398317	Deletion	60
3L	27419017	27419117	Deletion	100
3L	27419023	27419117	Deletion	94
3L	27419028	27419117	Deletion	89
3L	27419035	27419117	Deletion	82
3L	27419038	27419117	Deletion	79
3L	27419055	27419117	Deletion	62
3L	27420777	27420815	Deletion	38
3L	27420777	27420891	Deletion	114
3L	27420777	27420825	Deletion	48
3L	27420777	27420822	Deletion	45
3L	27437290	27437384	Deletion	94
3L	27437300	27437384	Deletion	84
3L	27453775	27453898	Deletion	123
3L	27453775	27453817	Deletion	42
3L	27453775	27453869	Deletion	94
3L	27460403	27460495	Deletion	92
3L	27477097	27477144	Deletion	47
3L	27482682	27482766	Deletion	84
3L	27482700	27482766	Deletion	66
3L	27496711	27496797	Deletion	86
3L	27496741	27496797	Deletion	56
3L	27496753	27496797	Deletion	44
3L	27496759	27496797	Deletion	38
3L	27496854	27496797	Deletion	57
3L	27496854	27496953	Deletion	99
3L	27496854	27496911	Deletion	57
3L	27500049	27500105	Deletion	56
3L	27516200	27516275	Deletion	75
3L	27520414	27520492	Deletion	78
3L	27520415	27520492	Deletion	77
3L	27524544	27524631	Deletion	87
3L	27528536	27528556	Deletion	20
3L	27536740	27536229	Deletion	511
3L	27536740	27536851	Deletion	111
3L	27536740	27536809	Deletion	69
3L	27536740	27536816	Deletion	76
3L	27539084	27539194	Deletion	110
3L	27546054	27546160	Deletion	106
3L	27546054	27546154	Deletion	100
3L	27546054	27546161	Deletion	107
3L	27549082	27549160	Deletion	78
3L	27549101	27549160	Deletion	59
3L	27549112	27549160	Deletion	48
3L	27549260	27549361	Deletion	101
3L	27554987	27555033	Deletion	46
3L	27554987	27555030	Deletion	43
3L	27561081	27561202	Deletion	121
3L	27567553	27567563	Deletion	10
3L	27568898	27568969	Deletion	71
3L	27569026	27568969	Deletion	57
3L	27569026	27569083	Deletion	57
3L	27582566	27582659	Deletion	93
3L	27595324	27595419	Deletion	95
3L	27595332	27595419	Deletion	87
3L	27595350	27595419	Deletion	69
3L	27595384	27595419	Deletion	35
3L	27603442	27603557	Deletion	115
3L	27603442	27603565	Deletion	123
3L	27609360	27609440	Deletion	80
3L	27611425	27611501	Deletion	76
3L	27611434	27611486	Deletion	52
3L	27611434	27611532	Deletion	98
3L	27617101	27617147	Deletion	46
3L	27617425	27617496	Deletion	71
3L	27617425	27617479	Deletion	54
3L	27629994	27630115	Deletion	121
3L	27633268	27633307	Deletion	39
3L	27643151	27643129	Deletion	22
3L	27643151	27643259	Deletion	108
3L	27643151	27643248	Deletion	97
3L	27643151	27643206	Deletion	55
3L	27643151	27643263	Deletion	112
3L	27643151	27643271	Deletion	120
3L	27663696	27663776	Deletion	80
3L	27663696	27663780	Deletion	84
3L	27667795	27667909	Deletion	114
3L	27667808	27667909	Deletion	101
3L	27667834	27667909	Deletion	75
3L	27667844	27667909	Deletion	65
3L	27667851	27667909	Deletion	58
3L	27667872	27667909	Deletion	37
3L	27682607	27682659	Deletion	52
3L	27690297	27690387	Deletion	90
3L	27695575	27695619	Deletion	44
3L	27709088	27709163	Deletion	75
3L	27709102	27709163	Deletion	61
3L	27718241	27718325	Deletion	84
3L	27718255	27718325	Deletion	70
3L	27718257	27718325	Deletion	68
3L	27718266	27718325	Deletion	59
3L	27718290	27718325	Deletion	35
3L	27719774	27718325	Deletion	1449
3L	27719774	27719830	Deletion	56
3L	27719774	27719865	Deletion	91
3L	27719774	27719841	Deletion	67
3L	27719774	27719832	Deletion	58
3L	27719774	27719873	Deletion	99
3L	27749262	27749310	Deletion	48
3L	27770961	27771039	Deletion	78
3L	27770962	27771039	Deletion	77
3L	27772498	27772610	Deletion	112
3L	27772498	27772601	Deletion	103
3L	27778006	27778099	Deletion	93
3L	27790405	27790456	Deletion	51
3L	27798706	27798781	Deletion	75
3L	27798706	27798738	Deletion	32
3L	27798706	27798764	Deletion	58
3L	27798706	27798828	Deletion	122
3L	27798706	27798823	Deletion	117
3L	27798706	27798789	Deletion	83
3L	27798706	27798811	Deletion	105
3L	27798706	27798739	Deletion	33
3L	27813241	27813296	Deletion	55
3L	27813248	27813296	Deletion	48
3L	27830773	27830875	Deletion	102
3L	27845225	27845318	Deletion	93
3L	27845259	27845318	Deletion	59
3L	27845266	27845318	Deletion	52
3L	27845829	27845318	Deletion	511
3L	27845829	27845906	Deletion	77
3L	27845829	27845926	Deletion	97
3L	27848173	27848217	Deletion	44
3L	27848173	27848273	Deletion	100
3L	27858185	27858249	Deletion	64
3L	27878511	27878569	Deletion	58
3L	27904097	27904176	Deletion	79
3L	27904133	27904176	Deletion	43
3L	27904142	27904176	Deletion	34
3L	27912292	27912368	Deletion	76
3L	27912310	27912368	Deletion	58
3L	27912693	27912368	Deletion	325
3L	27912693	27912808	Deletion	115
3L	27912693	27912743	Deletion	50
3L	27912693	27912761	Deletion	68
3L	27912693	27912786	Deletion	93
3L	27914474	27914555	Deletion	81
3L	27914512	27914555	Deletion	43
3L	27938705	27938796	Deletion	91
3L	27938727	27938796	Deletion	69
3L	27944328	27944371	Deletion	43
3L	27955125	27955198	Deletion	73
3L	27967324	27967441	Deletion	117
3L	27967324	27967384	Deletion	60
3L	27967324	27967425	Deletion	101
3L	27967324	27967407	Deletion	83
3L	27967324	27967403	Deletion	79
3L	27971793	27971883	Deletion	90
3L	27971817	27971883	Deletion	66
3L	27971820	27971883	Deletion	63
3L	28011017	28011070	Deletion	53
3L	28011024	28011070	Deletion	46
3L	28011034	28011070	Deletion	36
3L	28011038	28011070	Deletion	32
3L	28014031	28011070	Deletion	2961
3L	28014031	28014125	Deletion	94
3L	28014031	28014131	Deletion	100
3L	28014031	28014121	Deletion	90
3L	28014031	28014135	Deletion	104
3L	28014031	28014149	Deletion	118
3L	28014031	28014111	Deletion	80
3L	28014031	28014101	Deletion	70
3L	28014635	28014711	Deletion	76
3L	28014642	28014711	Deletion	69
3L	28014646	28014711	Deletion	65
3L	28014651	28014711	Deletion	60
3L	28014655	28014711	Deletion	56
3L	28014660	28014711	Deletion	51
3L	28016727	28016794	Deletion	67
3L	28016727	28016798	Deletion	71
3L	28016727	28016850	Deletion	123
3L	28016727	28016803	Deletion	76
3L	28016727	28016789	Deletion	62
3L	28016727	28016778	Deletion	51
3L	28023205	28023276	Deletion	71
3L	28023213	28023276	Deletion	63
3L	28023310	28023276	Deletion	34
3L	28043736	28043785	Deletion	49
3L	28044360	28044393	Deletion	33
3L	28044360	28044404	Deletion	44
3L	28044360	28044415	Deletion	55
3L	28044360	28044474	Deletion	114
3L	28044360	28044426	Deletion	66
3L	28044360	28044469	Deletion	109
3L	28048366	28048419	Deletion	53
3L	28051881	28051941	Deletion	60
3L	28065096	28065167	Deletion	71
3L	28073124	28073172	Deletion	48
3L	28073124	28073207	Deletion	83
3L	28073124	28073181	Deletion	57
3L	28073124	28073212	Deletion	88
3L	28084900	28084943	Deletion	43
3L	28096708	28096812	Deletion	104
3L	28097520	28096812	Deletion	708
3L	28097991	28097568	Deletion	423
3L	28098234	28098033	Deletion	201
3R	6269	6346	Deletion	77
3R	8220	8318	Deletion	98
3R	8225	8331	Deletion	106
3R	10332	10413	Deletion	81
3R	10332	10449	Deletion	117
3R	15829	15958	Deletion	129
3R	26889	26590	Deletion	299
3R	27370	27455	Deletion	85
3R	27370	27428	Deletion	58
3R	27370	27491	Deletion	121
3R	30748	30824	Deletion	76
3R	30753	30824	Deletion	71
3R	30791	30824	Deletion	33
3R	30799	30824	Deletion	25
3R	30924	30824	Deletion	100
3R	30924	31036	Deletion	112
3R	30924	31031	Deletion	107
3R	30924	31014	Deletion	90
3R	30924	31039	Deletion	115
3R	44454	44499	Deletion	45
3R	50290	44499	Deletion	5791
3R	50290	50340	Deletion	50
3R	50290	50381	Deletion	91
3R	50290	50315	Deletion	25
3R	52522	52533	Deletion	11
3R	52527	52604	Deletion	77
3R	52533	52604	Deletion	71
3R	52541	52604	Deletion	63
3R	52704	52604	Deletion	100
3R	52704	52775	Deletion	71
3R	52704	52770	Deletion	66
3R	52704	52789	Deletion	85
3R	52704	52741	Deletion	37
3R	52704	52749	Deletion	45
3R	52704	52782	Deletion	78
3R	52704	52788	Deletion	84
3R	70062	70177	Deletion	115
3R	88713	88766	Deletion	53
3R	88718	88766	Deletion	48
3R	94119	94220	Deletion	101
3R	94119	94227	Deletion	108
3R	94119	94193	Deletion	74
3R	94119	94233	Deletion	114
3R	94119	94183	Deletion	64
3R	104547	104655	Deletion	108
3R	104548	104655	Deletion	107
3R	104573	104655	Deletion	82
3R	104598	104655	Deletion	57
3R	104601	104655	Deletion	54
3R	104602	104655	Deletion	53
3R	104747	104817	Deletion	70
3R	104747	104792	Deletion	45
3R	114208	114053	Deletion	155
3R	122590	122625	Deletion	35
3R	122725	122625	Deletion	100
3R	122725	122802	Deletion	77
3R	122725	122827	Deletion	102
3R	122725	122787	Deletion	62
3R	123672	123773	Deletion	101
3R	123683	123773	Deletion	90
3R	123696	123773	Deletion	77
3R	142999	142964	Deletion	35
3R	143249	143092	Deletion	157
3R	144529	143297	Deletion	1232
3R	159299	159399	Deletion	100
3R	159299	159384	Deletion	85
3R	159299	159391	Deletion	92
3R	168581	168639	Deletion	58
3R	168739	168639	Deletion	100
3R	168926	169033	Deletion	107
3R	168928	169033	Deletion	105
3R	172514	169033	Deletion	3481
3R	172514	172576	Deletion	62
3R	172514	172572	Deletion	58
3R	177219	177257	Deletion	38
3R	177220	177257	Deletion	37
3R	177222	177257	Deletion	35
3R	179238	179308	Deletion	70
3R	179273	179308	Deletion	35
3R	189037	189145	Deletion	108
3R	189087	189145	Deletion	58
3R	189089	189145	Deletion	56
3R	189245	189145	Deletion	100
3R	189245	189356	Deletion	111
3R	189629	189673	Deletion	44
3R	199636	199054	Deletion	582
3R	258165	258184	Deletion	19
3R	258165	258279	Deletion	114
3R	258165	258281	Deletion	116
3R	268464	268538	Deletion	74
3R	268638	268538	Deletion	100
3R	268638	268712	Deletion	74
3R	268638	268748	Deletion	110
3R	268639	268696	Deletion	57
3R	270680	270767	Deletion	87
3R	289014	289100	Deletion	86
3R	289026	289100	Deletion	74
3R	289030	289134	Deletion	104
3R	289047	289100	Deletion	53
3R	292386	292511	Deletion	125
3R	301883	301991	Deletion	108
3R	302048	302001	Deletion	47
3R	302095	302179	Deletion	84
3R	302095	302201	Deletion	106
3R	304738	304823	Deletion	85
3R	304739	304856	Deletion	117
3R	304814	304889	Deletion	75
3R	304830	304856	Deletion	26
3R	304989	304878	Deletion	111
3R	309697	309770	Deletion	73
3R	337336	337418	Deletion	82
3R	337672	337768	Deletion	96
3R	359485	359558	Deletion	73
3R	387462	387523	Deletion	61
3R	387462	387537	Deletion	75
3R	442140	442206	Deletion	66
3R	461235	461304	Deletion	69
3R	461260	461304	Deletion	44
3R	461654	461304	Deletion	350
3R	468343	468400	Deletion	57
3R	468343	468425	Deletion	82
3R	486648	485507	Deletion	1141
3R	486649	486762	Deletion	113
3R	486649	486754	Deletion	105
3R	488876	488963	Deletion	87
3R	492292	492333	Deletion	41
3R	498369	498452	Deletion	83
3R	498369	498459	Deletion	90
3R	498369	498487	Deletion	118
3R	498369	498450	Deletion	81
3R	499995	500057	Deletion	62
3R	500009	500057	Deletion	48
3R	500013	500057	Deletion	44
3R	500016	500057	Deletion	41
3R	508811	508591	Deletion	220
3R	508811	508895	Deletion	84
3R	526462	526581	Deletion	119
3R	526462	526492	Deletion	30
3R	545445	545559	Deletion	114
3R	545461	545559	Deletion	98
3R	545509	545559	Deletion	50
3R	561816	561859	Deletion	43
3R	562946	561859	Deletion	1087
3R	570460	563018	Deletion	7442
3R	570985	571037	Deletion	52
3R	571146	571037	Deletion	109
3R	575443	575334	Deletion	109
3R	579575	579630	Deletion	55
3R	579739	579630	Deletion	109
3R	579739	579817	Deletion	78
3R	579739	579814	Deletion	75
3R	579739	579820	Deletion	81
3R	588825	588875	Deletion	50
3R	591631	588875	Deletion	2756
3R	591631	591708	Deletion	77
3R	591631	591743	Deletion	112
3R	591631	591753	Deletion	122
3R	591853	591956	Deletion	103
3R	591882	591956	Deletion	74
3R	591883	591956	Deletion	73
3R	592033	591956	Deletion	77
3R	592033	592155	Deletion	122
3R	592033	592086	Deletion	53
3R	596870	596973	Deletion	103
3R	596871	596973	Deletion	102
3R	596916	596973	Deletion	57
3R	596935	596973	Deletion	38
3R	613352	613449	Deletion	97
3R	613352	613397	Deletion	45
3R	624571	624600	Deletion	29
3R	624571	624663	Deletion	92
3R	626610	626641	Deletion	31
3R	705261	705291	Deletion	30
3R	711553	711648	Deletion	95
3R	711600	711648	Deletion	48
3R	716819	716857	Deletion	38
3R	716819	716879	Deletion	60
3R	716821	716903	Deletion	82
3R	718171	718250	Deletion	79
3R	718171	718202	Deletion	31
3R	745952	746001	Deletion	49
3R	745955	746001	Deletion	46
3R	747853	747930	Deletion	77
3R	778568	778675	Deletion	107
3R	778613	778675	Deletion	62
3R	778618	778675	Deletion	57
3R	778631	778675	Deletion	44
3R	781324	781406	Deletion	82
3R	781324	781434	Deletion	110
3R	781324	781393	Deletion	69
3R	813994	814032	Deletion	38
3R	827673	827761	Deletion	88
3R	827673	827771	Deletion	98
3R	827673	827774	Deletion	101
3R	827673	827783	Deletion	110
3R	838778	838845	Deletion	67
3R	840209	840307	Deletion	98
3R	891931	892016	Deletion	85
3R	891939	892016	Deletion	77
3R	891952	892016	Deletion	64
3R	891960	892016	Deletion	56
3R	891979	892016	Deletion	37
3R	893785	892016	Deletion	1769
3R	893785	893908	Deletion	123
3R	893785	893847	Deletion	62
3R	893785	893817	Deletion	32
3R	893785	893855	Deletion	70
3R	893785	893874	Deletion	89
3R	893785	893826	Deletion	41
3R	893785	893834	Deletion	49
3R	893785	893888	Deletion	103
3R	894871	894975	Deletion	104
3R	894873	894975	Deletion	102
3R	894887	894975	Deletion	88
3R	894892	894975	Deletion	83
3R	894898	894975	Deletion	77
3R	894913	894975	Deletion	62
3R	894917	894975	Deletion	58
3R	894927	894975	Deletion	48
3R	904346	894975	Deletion	9371
3R	904346	904414	Deletion	68
3R	904346	904410	Deletion	64
3R	904346	904389	Deletion	43
3R	904346	904395	Deletion	49
3R	904346	904384	Deletion	38
3R	913724	913828	Deletion	104
3R	920658	920767	Deletion	109
3R	920693	920771	Deletion	78
3R	921624	921742	Deletion	118
3R	921624	921672	Deletion	48
3R	939365	939479	Deletion	114
3R	939425	939479	Deletion	54
3R	943891	939479	Deletion	4412
3R	943891	943983	Deletion	92
3R	943891	943975	Deletion	84
3R	955270	955308	Deletion	38
3R	965639	965680	Deletion	41
3R	969859	969899	Deletion	40
3R	969859	969909	Deletion	50
3R	973389	973502	Deletion	113
3R	973413	973502	Deletion	89
3R	973429	973502	Deletion	73
3R	973452	973502	Deletion	50
3R	973856	973502	Deletion	354
3R	973856	973910	Deletion	54
3R	973856	973964	Deletion	108
3R	973856	973894	Deletion	38
3R	984137	984077	Deletion	60
3R	984137	984176	Deletion	39
3R	984137	984196	Deletion	59
3R	984137	984241	Deletion	104
3R	984137	984229	Deletion	92
3R	984137	984167	Deletion	30
3R	984137	984230	Deletion	93
3R	992866	992942	Deletion	76
3R	996430	996548	Deletion	118
3R	996439	996548	Deletion	109
3R	1005393	1005460	Deletion	67
3R	1005393	1005459	Deletion	66
3R	1017556	1017655	Deletion	99
3R	1017557	1017655	Deletion	98
3R	1020828	1020876	Deletion	48
3R	1020828	1020898	Deletion	70
3R	1020828	1020886	Deletion	58
3R	1039280	1039310	Deletion	30
3R	1041249	1041360	Deletion	111
3R	1060253	1057552	Deletion	2701
3R	1060253	1060321	Deletion	68
3R	1060253	1060371	Deletion	118
3R	1060253	1060362	Deletion	109
3R	1066075	1066178	Deletion	103
3R	1066103	1066178	Deletion	75
3R	1066105	1066178	Deletion	73
3R	1066107	1066178	Deletion	71
3R	1066136	1066178	Deletion	42
3R	1067324	1067372	Deletion	48
3R	1071588	1071662	Deletion	74
3R	1080099	1080193	Deletion	94
3R	1080099	1080154	Deletion	55
3R	1092803	1092885	Deletion	82
3R	1092827	1092889	Deletion	62
3R	1094776	1094689	Deletion	87
3R	1094818	1094848	Deletion	30
3R	1096611	1096722	Deletion	111
3R	1097905	1097955	Deletion	50
3R	1101561	1101624	Deletion	63
3R	1101650	1101624	Deletion	26
3R	1101727	1101690	Deletion	37
3R	1101728	1101783	Deletion	55
3R	1101847	1101783	Deletion	64
3R	1104840	1104903	Deletion	63
3R	1117731	1117843	Deletion	112
3R	1120134	1120115	Deletion	19
3R	1120248	1120324	Deletion	76
3R	1120248	1120302	Deletion	54
3R	1120248	1120319	Deletion	71
3R	1127197	1127262	Deletion	65
3R	1136629	1136716	Deletion	87
3R	1136641	1136716	Deletion	75
3R	1136649	1136716	Deletion	67
3R	1136650	1136716	Deletion	66
3R	1136775	1136716	Deletion	59
3R	1136775	1136814	Deletion	39
3R	1136775	1136835	Deletion	60
3R	1136775	1136826	Deletion	51
3R	1136952	1137040	Deletion	88
3R	1136975	1137040	Deletion	65
3R	1136993	1137040	Deletion	47
3R	1137005	1137040	Deletion	35
3R	1137007	1137040	Deletion	33
3R	1149278	1149398	Deletion	120
3R	1149278	1149358	Deletion	80
3R	1156618	1156727	Deletion	109
3R	1156619	1156727	Deletion	108
3R	1156626	1156727	Deletion	101
3R	1156670	1156727	Deletion	57
3R	1156680	1156727	Deletion	47
3R	1163199	1156727	Deletion	6472
3R	1163199	1163296	Deletion	97
3R	1163199	1163268	Deletion	69
3R	1163199	1163278	Deletion	79
3R	1167920	1168002	Deletion	82
3R	1167928	1168002	Deletion	74
3R	1167935	1168002	Deletion	67
3R	1167946	1168002	Deletion	56
3R	1167952	1168002	Deletion	50
3R	1168891	1168002	Deletion	889
3R	1168891	1168967	Deletion	76
3R	1168891	1168943	Deletion	52
3R	1173174	1173244	Deletion	70
3R	1173174	1173218	Deletion	44
3R	1181009	1181127	Deletion	118
3R	1183751	1183790	Deletion	39
3R	1183751	1183808	Deletion	57
3R	1199069	1199186	Deletion	117
3R	1199074	1199186	Deletion	112
3R	1199076	1199186	Deletion	110
3R	1199092	1199186	Deletion	94
3R	1199100	1199186	Deletion	86
3R	1199115	1199186	Deletion	71
3R	1199120	1199186	Deletion	66
3R	1202391	1199186	Deletion	3205
3R	1202391	1202431	Deletion	40
3R	1202391	1202446	Deletion	55
3R	1202391	1202501	Deletion	110
3R	1202391	1202423	Deletion	32
3R	1202391	1202451	Deletion	60
3R	1220238	1220340	Deletion	102
3R	1220259	1220340	Deletion	81
3R	1220283	1220340	Deletion	57
3R	1224114	1220340	Deletion	3774
3R	1224114	1224233	Deletion	119
3R	1224114	1224232	Deletion	118
3R	1224114	1224222	Deletion	108
3R	1224114	1224184	Deletion	70
3R	1226781	1226874	Deletion	93
3R	1226804	1226874	Deletion	70
3R	1226817	1226874	Deletion	57
3R	1226976	1226874	Deletion	102
3R	1226976	1227011	Deletion	35
3R	1226976	1227047	Deletion	71
3R	1248713	1248767	Deletion	54
3R	1248717	1248767	Deletion	50
3R	1248736	1248767	Deletion	31
3R	1249684	1248767	Deletion	917
3R	1249684	1249779	Deletion	95
3R	1249684	1249732	Deletion	48
3R	1249684	1249760	Deletion	76
3R	1251238	1251325	Deletion	87
3R	1251245	1251325	Deletion	80
3R	1251254	1251325	Deletion	71
3R	1251273	1251325	Deletion	52
3R	1251278	1251325	Deletion	47
3R	1251286	1251325	Deletion	39
3R	1260029	1260076	Deletion	47
3R	1274532	1274583	Deletion	51
3R	1274532	1274628	Deletion	96
3R	1274532	1274590	Deletion	58
3R	1303937	1304059	Deletion	122
3R	1317272	1317342	Deletion	70
3R	1317272	1317314	Deletion	42
3R	1317272	1317307	Deletion	35
3R	1319577	1319686	Deletion	109
3R	1319610	1319686	Deletion	76
3R	1319611	1319686	Deletion	75
3R	1319652	1319686	Deletion	34
3R	1319654	1319686	Deletion	32
3R	1319655	1319686	Deletion	31
3R	1325118	1325078	Deletion	40
3R	1328853	1328904	Deletion	51
3R	1328853	1328948	Deletion	95
3R	1328853	1328945	Deletion	92
3R	1328853	1328950	Deletion	97
3R	1328853	1328947	Deletion	94
3R	1337065	1334178	Deletion	2887
3R	1338134	1337103	Deletion	1031
3R	1338146	1338213	Deletion	67
3R	1344383	1344456	Deletion	73
3R	1353711	1353800	Deletion	89
3R	1353727	1353800	Deletion	73
3R	1353751	1353800	Deletion	49
3R	1360981	1361096	Deletion	115
3R	1366591	1366702	Deletion	111
3R	1389970	1390064	Deletion	94
3R	1389972	1390064	Deletion	92
3R	1389979	1390064	Deletion	85
3R	1389987	1390064	Deletion	77
3R	1390007	1390064	Deletion	57
3R	1442884	1442968	Deletion	84
3R	1442891	1442968	Deletion	77
3R	1442892	1442968	Deletion	76
3R	1442918	1442968	Deletion	50
3R	1455079	1442968	Deletion	12111
3R	1455079	1455178	Deletion	99
3R	1455079	1455121	Deletion	42
3R	1455079	1455128	Deletion	49
3R	1455079	1455193	Deletion	114
3R	1455079	1455155	Deletion	76
3R	1461678	1461765	Deletion	87
3R	1461701	1461765	Deletion	64
3R	1461735	1461765	Deletion	30
3R	1461739	1461765	Deletion	26
3R	1461865	1461765	Deletion	100
3R	1461865	1461914	Deletion	49
3R	1461865	1461986	Deletion	121
3R	1468916	1468865	Deletion	51
3R	1474580	1474618	Deletion	38
3R	1474580	1474680	Deletion	100
3R	1486978	1487048	Deletion	70
3R	1493128	1493200	Deletion	72
3R	1494547	1494657	Deletion	110
3R	1494547	1494588	Deletion	41
3R	1494547	1494637	Deletion	90
3R	1495597	1495679	Deletion	82
3R	1495598	1495679	Deletion	81
3R	1495610	1495679	Deletion	69
3R	1495617	1495679	Deletion	62
3R	1499874	1499928	Deletion	54
3R	1501470	1501514	Deletion	44
3R	1501470	1501515	Deletion	45
3R	1503686	1503783	Deletion	97
3R	1503721	1503783	Deletion	62
3R	1509003	1509084	Deletion	81
3R	1509004	1509084	Deletion	80
3R	1509147	1509181	Deletion	34
3R	1509148	1509271	Deletion	123
3R	1516092	1516172	Deletion	80
3R	1516114	1516172	Deletion	58
3R	1516123	1516172	Deletion	49
3R	1516126	1516172	Deletion	46
3R	1516133	1516172	Deletion	39
3R	1520328	1516172	Deletion	4156
3R	1522992	1523023	Deletion	31
3R	1522992	1523072	Deletion	80
3R	1522992	1523093	Deletion	101
3R	1522992	1523060	Deletion	68
3R	1522992	1523069	Deletion	77
3R	1522992	1523038	Deletion	46
3R	1555501	1555594	Deletion	93
3R	1555506	1555594	Deletion	88
3R	1555531	1555594	Deletion	63
3R	1559209	1559248	Deletion	39
3R	1559209	1559331	Deletion	122
3R	1559209	1559281	Deletion	72
3R	1564382	1564440	Deletion	58
3R	1564407	1564440	Deletion	33
3R	1564871	1564440	Deletion	431
3R	1564871	1564941	Deletion	70
3R	1564871	1564966	Deletion	95
3R	1564871	1564988	Deletion	117
3R	1567602	1567708	Deletion	106
3R	1567632	1567708	Deletion	76
3R	1568778	1567708	Deletion	1070
3R	1586445	1586505	Deletion	60
3R	1586446	1586505	Deletion	59
3R	1586448	1586505	Deletion	57
3R	1586449	1586505	Deletion	56
3R	1586470	1586505	Deletion	35
3R	1587074	1586505	Deletion	569
3R	1587074	1587141	Deletion	67
3R	1587074	1587143	Deletion	69
3R	1587074	1587181	Deletion	107
3R	1587074	1587171	Deletion	97
3R	1587074	1587128	Deletion	54
3R	1587074	1587144	Deletion	70
3R	1587074	1587188	Deletion	114
3R	1587074	1587165	Deletion	91
3R	1596489	1596582	Deletion	93
3R	1596489	1596588	Deletion	99
3R	1614753	1614837	Deletion	84
3R	1614781	1614837	Deletion	56
3R	1614974	1614837	Deletion	137
3R	1614974	1615044	Deletion	70
3R	1620960	1621079	Deletion	119
3R	1620990	1621079	Deletion	89
3R	1620998	1621079	Deletion	81
3R	1621043	1621079	Deletion	36
3R	1621187	1621079	Deletion	108
3R	1621187	1621277	Deletion	90
3R	1621187	1621224	Deletion	37
3R	1621187	1621284	Deletion	97
3R	1621193	1621232	Deletion	39
3R	1625318	1625402	Deletion	84
3R	1625318	1625386	Deletion	68
3R	1626192	1626292	Deletion	100
3R	1626239	1626292	Deletion	53
3R	1637853	1636496	Deletion	1357
3R	1637853	1637969	Deletion	116
3R	1637853	1637944	Deletion	91
3R	1645205	1645324	Deletion	119
3R	1645207	1645327	Deletion	120
3R	1679508	1679578	Deletion	70
3R	1679514	1679578	Deletion	64
3R	1679529	1679578	Deletion	49
3R	1684404	1684466	Deletion	62
3R	1684404	1684481	Deletion	77
3R	1684404	1684460	Deletion	56
3R	1687736	1687772	Deletion	36
3R	1699416	1699503	Deletion	87
3R	1702380	1702423	Deletion	43
3R	1721650	1721680	Deletion	30
3R	1727729	1727825	Deletion	96
3R	1727753	1727825	Deletion	72
3R	1728134	1728197	Deletion	63
3R	1729852	1729944	Deletion	92
3R	1729852	1729907	Deletion	55
3R	1763521	1763462	Deletion	59
3R	1766651	1766742	Deletion	91
3R	1772280	1772225	Deletion	55
3R	1772831	1772901	Deletion	70
3R	1772838	1772939	Deletion	101
3R	1773168	1773256	Deletion	88
3R	1773168	1773267	Deletion	99
3R	1791991	1792072	Deletion	81
3R	1800804	1800745	Deletion	59
3R	1800804	1800897	Deletion	93
3R	1816322	1816353	Deletion	31
3R	1823215	1823294	Deletion	79
3R	1823219	1823294	Deletion	75
3R	1823223	1823294	Deletion	71
3R	1828548	1823294	Deletion	5254
3R	1828567	1828639	Deletion	72
3R	1828574	1828639	Deletion	65
3R	1829444	1828639	Deletion	805
3R	1829444	1829491	Deletion	47
3R	1829444	1829495	Deletion	51
3R	1829444	1829499	Deletion	55
3R	1833236	1833271	Deletion	35
3R	1833537	1833588	Deletion	51
3R	1833546	1833588	Deletion	42
3R	1839862	1839937	Deletion	75
3R	1839862	1839910	Deletion	48
3R	1840399	1840483	Deletion	84
3R	1844474	1844504	Deletion	30
3R	1844677	1844504	Deletion	173
3R	1844677	1844733	Deletion	56
3R	1844677	1844775	Deletion	98
3R	1844677	1844773	Deletion	96
3R	1844677	1844731	Deletion	54
3R	1856868	1856941	Deletion	73
3R	1856871	1856941	Deletion	70
3R	1856884	1856941	Deletion	57
3R	1856885	1856941	Deletion	56
3R	1857045	1856941	Deletion	104
3R	1857045	1857099	Deletion	54
3R	1857045	1857115	Deletion	70
3R	1857045	1857102	Deletion	57
3R	1864347	1864421	Deletion	74
3R	1864350	1864421	Deletion	71
3R	1864368	1864421	Deletion	53
3R	1864379	1864421	Deletion	42
3R	1864385	1864421	Deletion	36
3R	1865306	1864421	Deletion	885
3R	1865306	1865361	Deletion	55
3R	1865306	1865390	Deletion	84
3R	1865306	1865379	Deletion	73
3R	1865316	1865358	Deletion	42
3R	1869326	1869372	Deletion	46
3R	1869331	1869372	Deletion	41
3R	1874519	1874582	Deletion	63
3R	1874519	1874601	Deletion	82
3R	1874519	1874606	Deletion	87
3R	1874519	1874632	Deletion	113
3R	1874519	1874642	Deletion	123
3R	1882418	1882461	Deletion	43
3R	1884303	1884336	Deletion	33
3R	1886013	1886043	Deletion	30
3R	1886254	1886356	Deletion	102
3R	1886254	1886330	Deletion	76
3R	1886254	1886367	Deletion	113
3R	1886254	1886350	Deletion	96
3R	1892679	1892713	Deletion	34
3R	1892679	1892769	Deletion	90
3R	1923299	1923370	Deletion	71
3R	1923336	1923370	Deletion	34
3R	1927769	1927873	Deletion	104
3R	1927769	1927824	Deletion	55
3R	1927769	1927861	Deletion	92
3R	1927769	1927813	Deletion	44
3R	1929189	1929272	Deletion	83
3R	1940272	1940315	Deletion	43
3R	1940272	1940321	Deletion	49
3R	1940272	1940342	Deletion	70
3R	1954660	1954771	Deletion	111
3R	1954663	1954771	Deletion	108
3R	1954733	1954771	Deletion	38
3R	1954736	1954771	Deletion	35
3R	1954738	1954771	Deletion	33
3R	1975781	1975821	Deletion	40
3R	1991538	1991604	Deletion	66
3R	2003170	2003258	Deletion	88
3R	2003170	2003263	Deletion	93
3R	2003170	2003268	Deletion	98
3R	2003170	2003271	Deletion	101
3R	2008629	2008701	Deletion	72
3R	2019880	2019940	Deletion	60
3R	2027276	2027332	Deletion	56
3R	2043791	2043860	Deletion	69
3R	2048083	2048176	Deletion	93
3R	2048121	2048176	Deletion	55
3R	2056091	2056206	Deletion	115
3R	2056115	2056206	Deletion	91
3R	2057161	2057260	Deletion	99
3R	2057161	2057267	Deletion	106
3R	2057161	2057258	Deletion	97
3R	2057161	2057249	Deletion	88
3R	2057161	2057280	Deletion	119
3R	2057161	2057197	Deletion	36
3R	2059166	2059279	Deletion	113
3R	2062990	2063099	Deletion	109
3R	2063000	2063099	Deletion	99
3R	2063055	2063099	Deletion	44
3R	2063062	2063099	Deletion	37
3R	2063185	2063297	Deletion	112
3R	2063185	2063275	Deletion	90
3R	2073246	2073329	Deletion	83
3R	2073246	2073335	Deletion	89
3R	2099355	2099420	Deletion	65
3R	2099364	2099420	Deletion	56
3R	2100671	2099420	Deletion	1251
3R	2100671	2100732	Deletion	61
3R	2100671	2100741	Deletion	70
3R	2110708	2110820	Deletion	112
3R	2110740	2110820	Deletion	80
3R	2110745	2110820	Deletion	75
3R	2110758	2110818	Deletion	60
3R	2110772	2110820	Deletion	48
3R	2111075	2110820	Deletion	255
3R	2111075	2111121	Deletion	46
3R	2111075	2111126	Deletion	51
3R	2111075	2111153	Deletion	78
3R	2111075	2111136	Deletion	61
3R	2111075	2111184	Deletion	109
3R	2111080	2111180	Deletion	100
3R	2122161	2122245	Deletion	84
3R	2122163	2122245	Deletion	82
3R	2122181	2122245	Deletion	64
3R	2122205	2122245	Deletion	40
3R	2126607	2122245	Deletion	4362
3R	2156321	2156401	Deletion	80
3R	2156321	2156407	Deletion	86
3R	2156321	2156414	Deletion	93
3R	2158199	2158238	Deletion	39
3R	2159400	2159518	Deletion	118
3R	2177564	2177652	Deletion	88
3R	2177609	2177652	Deletion	43
3R	2177750	2177652	Deletion	98
3R	2177750	2177859	Deletion	109
3R	2177750	2177862	Deletion	112
3R	2178113	2178157	Deletion	44
3R	2178113	2178202	Deletion	89
3R	2191018	2191111	Deletion	93
3R	2191072	2191111	Deletion	39
3R	2192948	2191111	Deletion	1837
3R	2192948	2193034	Deletion	86
3R	2192948	2193004	Deletion	56
3R	2192948	2193025	Deletion	77
3R	2192948	2193016	Deletion	68
3R	2192948	2193024	Deletion	76
3R	2192948	2193036	Deletion	88
3R	2192948	2193056	Deletion	108
3R	2205649	2205727	Deletion	78
3R	2206456	2205724	Deletion	732
3R	2206456	2206538	Deletion	82
3R	2206456	2206506	Deletion	50
3R	2223214	2223293	Deletion	79
3R	2233745	2233846	Deletion	101
3R	2245886	2245962	Deletion	76
3R	2246057	2245962	Deletion	95
3R	2246057	2246087	Deletion	30
3R	2247656	2247739	Deletion	83
3R	2247656	2247712	Deletion	56
3R	2247656	2247686	Deletion	30
3R	2251739	2251844	Deletion	105
3R	2251762	2251844	Deletion	82
3R	2251774	2251844	Deletion	70
3R	2251804	2251844	Deletion	40
3R	2261441	2261551	Deletion	110
3R	2261482	2261551	Deletion	69
3R	2261484	2261551	Deletion	67
3R	2261757	2261551	Deletion	206
3R	2261757	2261817	Deletion	60
3R	2261757	2261869	Deletion	112
3R	2307220	2307314	Deletion	94
3R	2307227	2307314	Deletion	87
3R	2307243	2307314	Deletion	71
3R	2307251	2307314	Deletion	63
3R	2307276	2307314	Deletion	38
3R	2312172	2312260	Deletion	88
3R	2312172	2312204	Deletion	32
3R	2312172	2312278	Deletion	106
3R	2317148	2317187	Deletion	39
3R	2317148	2317203	Deletion	55
3R	2323650	2323734	Deletion	84
3R	2323650	2323714	Deletion	64
3R	2332126	2332204	Deletion	78
3R	2332161	2332204	Deletion	43
3R	2332164	2332204	Deletion	40
3R	2332165	2332204	Deletion	39
3R	2332169	2332204	Deletion	35
3R	2332575	2332204	Deletion	371
3R	2332575	2332661	Deletion	86
3R	2332575	2332691	Deletion	116
3R	2332575	2332658	Deletion	83
3R	2332575	2332666	Deletion	91
3R	2340215	2340249	Deletion	34
3R	2340219	2340249	Deletion	30
3R	2346015	2346062	Deletion	47
3R	2346141	2346226	Deletion	85
3R	2353253	2353366	Deletion	113
3R	2353415	2353366	Deletion	49
3R	2353434	2353530	Deletion	96
3R	2367173	2367284	Deletion	111
3R	2367179	2367284	Deletion	105
3R	2367187	2367284	Deletion	97
3R	2367191	2367284	Deletion	93
3R	2367195	2367284	Deletion	89
3R	2367215	2367284	Deletion	69
3R	2367218	2367284	Deletion	66
3R	2375590	2375628	Deletion	38
3R	2375590	2375620	Deletion	30
3R	2375608	2375624	Deletion	16
3R	2378233	2378341	Deletion	108
3R	2385702	2385767	Deletion	65
3R	2385702	2385807	Deletion	105
3R	2385702	2385777	Deletion	75
3R	2385702	2385825	Deletion	123
3R	2385702	2385775	Deletion	73
3R	2400141	2400243	Deletion	102
3R	2400149	2400243	Deletion	94
3R	2400171	2400243	Deletion	72
3R	2400212	2400243	Deletion	31
3R	2400213	2400243	Deletion	30
3R	2400423	2400243	Deletion	180
3R	2400423	2400520	Deletion	97
3R	2400423	2400479	Deletion	56
3R	2400423	2400521	Deletion	98
3R	2400423	2400457	Deletion	34
3R	2409450	2409541	Deletion	91
3R	2409455	2409541	Deletion	86
3R	2445189	2445272	Deletion	83
3R	2445206	2445272	Deletion	66
3R	2445210	2445272	Deletion	62
3R	2445220	2445272	Deletion	52
3R	2445457	2445568	Deletion	111
3R	2446343	2446426	Deletion	83
3R	2446350	2446426	Deletion	76
3R	2446374	2446426	Deletion	52
3R	2446526	2446426	Deletion	100
3R	2446526	2446572	Deletion	46
3R	2446526	2446573	Deletion	47
3R	2446526	2446604	Deletion	78
3R	2446526	2446638	Deletion	112
3R	2446526	2446624	Deletion	98
3R	2446818	2446936	Deletion	118
3R	2446824	2446936	Deletion	112
3R	2446839	2446936	Deletion	97
3R	2446848	2446936	Deletion	88
3R	2446849	2446936	Deletion	87
3R	2446862	2446936	Deletion	74
3R	2446884	2446936	Deletion	52
3R	2447270	2446936	Deletion	334
3R	2447270	2447331	Deletion	61
3R	2447270	2447345	Deletion	75
3R	2449162	2447367	Deletion	1795
3R	2449162	2449198	Deletion	36
3R	2456115	2456154	Deletion	39
3R	2456115	2456167	Deletion	52
3R	2456115	2456222	Deletion	107
3R	2456115	2456214	Deletion	99
3R	2456115	2456153	Deletion	38
3R	2473321	2473362	Deletion	41
3R	2473329	2473362	Deletion	33
3R	2474827	2473362	Deletion	1465
3R	2481259	2481383	Deletion	124
3R	2486539	2486612	Deletion	73
3R	2488587	2488683	Deletion	96
3R	2488592	2488683	Deletion	91
3R	2488783	2488683	Deletion	100
3R	2488783	2488807	Deletion	24
3R	2488783	2488878	Deletion	95
3R	2488783	2488866	Deletion	83
3R	2488783	2488859	Deletion	76
3R	2488783	2488829	Deletion	46
3R	2492796	2492820	Deletion	24
3R	2492800	2492820	Deletion	20
3R	2494720	2492820	Deletion	1900
3R	2497993	2498072	Deletion	79
3R	2498034	2498072	Deletion	38
3R	2499972	2498072	Deletion	1900
3R	2499972	2500013	Deletion	41
3R	2516632	2515632	Deletion	1000
3R	2516632	2516701	Deletion	69
3R	2519294	2519338	Deletion	44
3R	2519308	2519338	Deletion	30
3R	2519318	2519338	Deletion	20
3R	2520338	2520413	Deletion	75
3R	2520338	2520430	Deletion	92
3R	2520338	2520405	Deletion	67
3R	2520338	2520381	Deletion	43
3R	2522494	2522591	Deletion	97
3R	2522501	2522591	Deletion	90
3R	2522521	2522591	Deletion	70
3R	2522542	2522591	Deletion	49
3R	2522691	2522591	Deletion	100
3R	2527726	2527791	Deletion	65
3R	2527744	2527791	Deletion	47
3R	2527749	2527791	Deletion	42
3R	2527752	2527791	Deletion	39
3R	2527770	2527791	Deletion	21
3R	2530091	2527791	Deletion	2300
3R	2530091	2530138	Deletion	47
3R	2530091	2530186	Deletion	95
3R	2530091	2530189	Deletion	98
3R	2535919	2536031	Deletion	112
3R	2536004	2536031	Deletion	27
3R	2536006	2536031	Deletion	25
3R	2539430	2536031	Deletion	3399
3R	2539431	2539521	Deletion	90
3R	2539431	2539551	Deletion	120
3R	2539431	2539550	Deletion	119
3R	2539431	2539466	Deletion	35
3R	2543757	2543862	Deletion	105
3R	2543808	2543862	Deletion	54
3R	2543816	2543862	Deletion	46
3R	2543843	2543862	Deletion	19
3R	2543962	2543862	Deletion	100
3R	2543962	2544042	Deletion	80
3R	2543962	2544063	Deletion	101
3R	2543962	2544027	Deletion	65
3R	2543962	2544060	Deletion	98
3R	2543962	2544001	Deletion	39
3R	2548885	2548962	Deletion	77
3R	2564793	2564904	Deletion	111
3R	2564799	2564904	Deletion	105
3R	2568779	2568875	Deletion	96
3R	2568804	2568875	Deletion	71
3R	2570868	2570957	Deletion	89
3R	2570868	2570943	Deletion	75
3R	2575630	2575703	Deletion	73
3R	2576369	2576487	Deletion	118
3R	2576397	2576487	Deletion	90
3R	2576419	2576487	Deletion	68
3R	2576450	2576487	Deletion	37
3R	2576453	2576487	Deletion	34
3R	2578553	2578572	Deletion	19
3R	2582539	2579249	Deletion	3290
3R	2582539	2582629	Deletion	90
3R	2582539	2582658	Deletion	119
3R	2582539	2582576	Deletion	37
3R	2592144	2592252	Deletion	108
3R	2592185	2592252	Deletion	67
3R	2592204	2592252	Deletion	48
3R	2592222	2592252	Deletion	30
3R	2595582	2595678	Deletion	96
3R	2667532	2667655	Deletion	123
3R	2676202	2676269	Deletion	67
3R	2676213	2676269	Deletion	56
3R	2676217	2676269	Deletion	52
3R	2676446	2676480	Deletion	34
3R	2676446	2676517	Deletion	71
3R	2676446	2676521	Deletion	75
3R	2693190	2693270	Deletion	80
3R	2693191	2693270	Deletion	79
3R	2693220	2693270	Deletion	50
3R	2693570	2693270	Deletion	300
3R	2693570	2693674	Deletion	104
3R	2693570	2693617	Deletion	47
3R	2693570	2693647	Deletion	77
3R	2695530	2695626	Deletion	96
3R	2695534	2695626	Deletion	92
3R	2705950	2705984	Deletion	34
3R	2705950	2705980	Deletion	30
3R	2708016	2708066	Deletion	50
3R	2708297	2708411	Deletion	114
3R	2723615	2723710	Deletion	95
3R	2723628	2723710	Deletion	82
3R	2723631	2723710	Deletion	79
3R	2723641	2723710	Deletion	69
3R	2723668	2723710	Deletion	42
3R	2723677	2723710	Deletion	33
3R	2727441	2727472	Deletion	31
3R	2727441	2727498	Deletion	57
3R	2727441	2727485	Deletion	44
3R	2738944	2739047	Deletion	103
3R	2739200	2738992	Deletion	208
3R	2740796	2740853	Deletion	57
3R	2742125	2740853	Deletion	1272
3R	2747177	2747244	Deletion	67
3R	2747177	2747271	Deletion	94
3R	2747177	2747292	Deletion	115
3R	2750209	2750302	Deletion	93
3R	2750209	2750293	Deletion	84
3R	2760397	2760475	Deletion	78
3R	2760403	2760475	Deletion	72
3R	2766247	2766301	Deletion	54
3R	2768093	2768164	Deletion	71
3R	2768114	2768164	Deletion	50
3R	2769452	2768164	Deletion	1288
3R	2769452	2769564	Deletion	112
3R	2769452	2769560	Deletion	108
3R	2769452	2769508	Deletion	56
3R	2769452	2769522	Deletion	70
3R	2771748	2771851	Deletion	103
3R	2775789	2775902	Deletion	113
3R	2775842	2775902	Deletion	60
3R	2784164	2784274	Deletion	110
3R	2784186	2784274	Deletion	88
3R	2784327	2784274	Deletion	53
3R	2784327	2784365	Deletion	38
3R	2795113	2795187	Deletion	74
3R	2799385	2799472	Deletion	87
3R	2802769	2802876	Deletion	107
3R	2802815	2802876	Deletion	61
3R	2802835	2802876	Deletion	41
3R	2803230	2803351	Deletion	121
3R	2803230	2803282	Deletion	52
3R	2803230	2803315	Deletion	85
3R	2835846	2835959	Deletion	113
3R	2835865	2835959	Deletion	94
3R	2836781	2835959	Deletion	822
3R	2842340	2842204	Deletion	136
3R	2848758	2848852	Deletion	94
3R	2848795	2848852	Deletion	57
3R	2874699	2874731	Deletion	32
3R	2876705	2876817	Deletion	112
3R	2876722	2876817	Deletion	95
3R	2876730	2876817	Deletion	87
3R	2876745	2876817	Deletion	72
3R	2876771	2876817	Deletion	46
3R	2877823	2876817	Deletion	1006
3R	2877823	2877863	Deletion	40
3R	2877823	2877922	Deletion	99
3R	2877823	2877904	Deletion	81
3R	2877823	2877878	Deletion	55
3R	2906693	2906771	Deletion	78
3R	2906702	2906771	Deletion	69
3R	2906703	2906771	Deletion	68
3R	2906713	2906771	Deletion	58
3R	2912336	2912405	Deletion	69
3R	2912336	2912395	Deletion	59
3R	2912336	2912385	Deletion	49
3R	2912336	2912440	Deletion	104
3R	2914200	2914237	Deletion	37
3R	2915444	2914237	Deletion	1207
3R	2915444	2915565	Deletion	121
3R	2915444	2915533	Deletion	89
3R	2936568	2936668	Deletion	100
3R	2938810	2938928	Deletion	118
3R	2938831	2938928	Deletion	97
3R	2938864	2938928	Deletion	64
3R	2938882	2938928	Deletion	46
3R	2945443	2945523	Deletion	80
3R	2946352	2946444	Deletion	92
3R	2946354	2946444	Deletion	90
3R	2946361	2946444	Deletion	83
3R	2946398	2946444	Deletion	46
3R	2946413	2946444	Deletion	31
3R	2978763	2978825	Deletion	62
3R	2978785	2978825	Deletion	40
3R	2979311	2978825	Deletion	486
3R	2979311	2979397	Deletion	86
3R	2979311	2979375	Deletion	64
3R	2985676	2985751	Deletion	75
3R	2985696	2985751	Deletion	55
3R	2985704	2985751	Deletion	47
3R	2985711	2985751	Deletion	40
3R	2985842	2985751	Deletion	91
3R	2985842	2985922	Deletion	80
3R	2985842	2985914	Deletion	72
3R	2985842	2985894	Deletion	52
3R	3017344	3017387	Deletion	43
3R	3017346	3017387	Deletion	41
3R	3032453	3032539	Deletion	86
3R	3033697	3033768	Deletion	71
3R	3033874	3033720	Deletion	154
3R	3033874	3033914	Deletion	40
3R	3033874	3033924	Deletion	50
3R	3063041	3063145	Deletion	104
3R	3063056	3063145	Deletion	89
3R	3063642	3063145	Deletion	497
3R	3063642	3063679	Deletion	37
3R	3063642	3063746	Deletion	104
3R	3082552	3082651	Deletion	99
3R	3082552	3082621	Deletion	69
3R	3082552	3082608	Deletion	56
3R	3082552	3082591	Deletion	39
3R	3104107	3104054	Deletion	53
3R	3104522	3104174	Deletion	348
3R	3104522	3104621	Deletion	99
3R	3104522	3104646	Deletion	124
3R	3104522	3104642	Deletion	120
3R	3110343	3110391	Deletion	48
3R	3110344	3110391	Deletion	47
3R	3117377	3115500	Deletion	1877
3R	3119233	3118887	Deletion	346
3R	3119233	3119349	Deletion	116
3R	3119233	3119302	Deletion	69
3R	3119233	3119353	Deletion	120
3R	3147068	3147111	Deletion	43
3R	3151643	3151722	Deletion	79
3R	3151649	3151722	Deletion	73
3R	3151657	3151722	Deletion	65
3R	3156654	3156762	Deletion	108
3R	3156654	3156715	Deletion	61
3R	3156654	3156768	Deletion	114
3R	3156654	3156725	Deletion	71
3R	3156654	3156737	Deletion	83
3R	3156654	3156763	Deletion	109
3R	3169816	3169914	Deletion	98
3R	3170142	3170182	Deletion	40
3R	3170231	3170265	Deletion	34
3R	3170304	3170373	Deletion	69
3R	3172406	3172510	Deletion	104
3R	3172425	3172510	Deletion	85
3R	3172442	3172510	Deletion	68
3R	3172447	3172510	Deletion	63
3R	3176978	3172510	Deletion	4468
3R	3176978	3177036	Deletion	58
3R	3176978	3177041	Deletion	63
3R	3176978	3177019	Deletion	41
3R	3210567	3210618	Deletion	51
3R	3211960	3212045	Deletion	85
3R	3211968	3212045	Deletion	77
3R	3211979	3212045	Deletion	66
3R	3211990	3212045	Deletion	55
3R	3214320	3214436	Deletion	116
3R	3214320	3214359	Deletion	39
3R	3214320	3214369	Deletion	49
3R	3214899	3214967	Deletion	68
3R	3214904	3214967	Deletion	63
3R	3214908	3214967	Deletion	59
3R	3216240	3216307	Deletion	67
3R	3216240	3216303	Deletion	63
3R	3216503	3216598	Deletion	95
3R	3216648	3216691	Deletion	43
3R	3216648	3216745	Deletion	97
3R	3221931	3221993	Deletion	62
3R	3221938	3221993	Deletion	55
3R	3223600	3223641	Deletion	41
3R	3226938	3227053	Deletion	115
3R	3227827	3227882	Deletion	55
3R	3227827	3227875	Deletion	48
3R	3256143	3256217	Deletion	74
3R	3256152	3256217	Deletion	65
3R	3256172	3256217	Deletion	45
3R	3265247	3265359	Deletion	112
3R	3265247	3265370	Deletion	123
3R	3265247	3265332	Deletion	85
3R	3265247	3265309	Deletion	62
3R	3265247	3265329	Deletion	82
3R	3265247	3265350	Deletion	103
3R	3273703	3273810	Deletion	107
3R	3277152	3277248	Deletion	96
3R	3277163	3277248	Deletion	85
3R	3278856	3278938	Deletion	82
3R	3278856	3278894	Deletion	38
3R	3278856	3278960	Deletion	104
3R	3298113	3298176	Deletion	63
3R	3298127	3298176	Deletion	49
3R	3298160	3298176	Deletion	16
3R	3298319	3298226	Deletion	93
3R	3298319	3298433	Deletion	114
3R	3298319	3298396	Deletion	77
3R	3298319	3298422	Deletion	103
3R	3298319	3298427	Deletion	108
3R	3310393	3310471	Deletion	78
3R	3310418	3310471	Deletion	53
3R	3310423	3310471	Deletion	48
3R	3316717	3316754	Deletion	37
3R	3317904	3317810	Deletion	94
3R	3328318	3328391	Deletion	73
3R	3328318	3328399	Deletion	81
3R	3328318	3328396	Deletion	78
3R	3328318	3328440	Deletion	122
3R	3328318	3328366	Deletion	48
3R	3328318	3328431	Deletion	113
3R	3328938	3329002	Deletion	64
3R	3328952	3329002	Deletion	50
3R	3329818	3329922	Deletion	104
3R	3329818	3329924	Deletion	106
3R	3329818	3329898	Deletion	80
3R	3370150	3370252	Deletion	102
3R	3370156	3370254	Deletion	98
3R	3370165	3370254	Deletion	89
3R	3370224	3370254	Deletion	30
3R	3374266	3374304	Deletion	38
3R	3374266	3374382	Deletion	116
3R	3376980	3377053	Deletion	73
3R	3377006	3377053	Deletion	47
3R	3379391	3377053	Deletion	2338
3R	3379391	3379490	Deletion	99
3R	3379391	3379445	Deletion	54
3R	3379391	3379434	Deletion	43
3R	3381978	3382084	Deletion	106
3R	3381980	3382084	Deletion	104
3R	3381999	3382084	Deletion	85
3R	3382019	3382084	Deletion	65
3R	3382024	3382084	Deletion	60
3R	3382052	3382084	Deletion	32
3R	3383440	3382084	Deletion	1356
3R	3383440	3383541	Deletion	101
3R	3383440	3383481	Deletion	41
3R	3383440	3383501	Deletion	61
3R	3383440	3383534	Deletion	94
3R	3383440	3383543	Deletion	103
3R	3383445	3383506	Deletion	61
3R	3390617	3390710	Deletion	93
3R	3391802	3390710	Deletion	1092
3R	3394446	3394480	Deletion	34
3R	3411139	3411207	Deletion	68
3R	3411171	3411207	Deletion	36
3R	3414003	3414065	Deletion	62
3R	3416191	3416304	Deletion	113
3R	3416191	3416270	Deletion	79
3R	3416191	3416249	Deletion	58
3R	3416191	3416254	Deletion	63
3R	3416191	3416281	Deletion	90
3R	3417645	3417758	Deletion	113
3R	3430139	3430259	Deletion	120
3R	3430139	3430263	Deletion	124
3R	3430139	3430181	Deletion	42
3R	3430269	3430350	Deletion	81
3R	3430287	3430350	Deletion	63
3R	3430300	3430350	Deletion	50
3R	3430303	3430350	Deletion	47
3R	3435370	3435404	Deletion	34
3R	3440603	3440697	Deletion	94
3R	3440615	3440697	Deletion	82
3R	3440628	3440697	Deletion	69
3R	3442792	3442868	Deletion	76
3R	3442792	3442837	Deletion	45
3R	3442792	3442833	Deletion	41
3R	3447948	3448054	Deletion	106
3R	3451120	3451204	Deletion	84
3R	3465364	3465461	Deletion	97
3R	3465368	3465461	Deletion	93
3R	3465376	3465461	Deletion	85
3R	3465397	3465461	Deletion	64
3R	3474907	3474917	Deletion	10
3R	3474907	3474948	Deletion	41
3R	3474907	3474969	Deletion	62
3R	3477584	3477686	Deletion	102
3R	3477586	3477686	Deletion	100
3R	3494590	3494705	Deletion	115
3R	3494622	3494705	Deletion	83
3R	3494782	3494705	Deletion	77
3R	3498058	3498163	Deletion	105
3R	3498062	3498163	Deletion	101
3R	3498073	3498163	Deletion	90
3R	3498090	3498163	Deletion	73
3R	3498091	3498163	Deletion	72
3R	3498101	3498163	Deletion	62
3R	3498114	3498163	Deletion	49
3R	3498118	3498163	Deletion	45
3R	3498119	3498163	Deletion	44
3R	3498120	3498163	Deletion	43
3R	3513018	3513069	Deletion	51
3R	3523251	3523337	Deletion	86
3R	3523266	3523337	Deletion	71
3R	3523268	3523337	Deletion	69
3R	3523282	3523337	Deletion	55
3R	3523284	3523337	Deletion	53
3R	3523297	3523337	Deletion	40
3R	3523307	3523337	Deletion	30
3R	3535004	3535039	Deletion	35
3R	3535004	3535098	Deletion	94
3R	3535499	3535557	Deletion	58
3R	3552350	3552435	Deletion	85
3R	3552350	3552441	Deletion	91
3R	3552839	3552936	Deletion	97
3R	3555318	3555410	Deletion	92
3R	3555369	3555410	Deletion	41
3R	3563386	3563416	Deletion	30
3R	3566250	3566337	Deletion	87
3R	3566518	3566608	Deletion	90
3R	3566518	3566557	Deletion	39
3R	3576414	3576529	Deletion	115
3R	3576454	3576529	Deletion	75
3R	3576475	3576529	Deletion	54
3R	3576486	3576529	Deletion	43
3R	3576497	3576529	Deletion	32
3R	3581200	3576529	Deletion	4671
3R	3581200	3581284	Deletion	84
3R	3581200	3581252	Deletion	52
3R	3581203	3581295	Deletion	92
3R	3581844	3581922	Deletion	78
3R	3581891	3581922	Deletion	31
3R	3603177	3603273	Deletion	96
3R	3603195	3603273	Deletion	78
3R	3603329	3603273	Deletion	56
3R	3603329	3603437	Deletion	108
3R	3603329	3603424	Deletion	95
3R	3603329	3603429	Deletion	100
3R	3603329	3603359	Deletion	30
3R	3618678	3617288	Deletion	1390
3R	3618678	3618780	Deletion	102
3R	3618678	3618755	Deletion	77
3R	3618681	3618795	Deletion	114
3R	3622849	3622928	Deletion	79
3R	3622855	3622928	Deletion	73
3R	3622889	3622928	Deletion	39
3R	3632081	3622928	Deletion	9153
3R	3632081	3632189	Deletion	108
3R	3632081	3632169	Deletion	88
3R	3632081	3632135	Deletion	54
3R	3632081	3632129	Deletion	48
3R	3633120	3633218	Deletion	98
3R	3633138	3633218	Deletion	80
3R	3633151	3633218	Deletion	67
3R	3633153	3633218	Deletion	65
3R	3633173	3633218	Deletion	45
3R	3633303	3633395	Deletion	92
3R	3633303	3633362	Deletion	59
3R	3633303	3633364	Deletion	61
3R	3633303	3633383	Deletion	80
3R	3633303	3633384	Deletion	81
3R	3633303	3633416	Deletion	113
3R	3633303	3633349	Deletion	46
3R	3633303	3633417	Deletion	114
3R	3639240	3639340	Deletion	100
3R	3639249	3639340	Deletion	91
3R	3639267	3639340	Deletion	73
3R	3643440	3643493	Deletion	53
3R	3643440	3643508	Deletion	68
3R	3643440	3643559	Deletion	119
3R	3643440	3643475	Deletion	35
3R	3643441	3643563	Deletion	122
3R	3650067	3650176	Deletion	109
3R	3651504	3651535	Deletion	31
3R	3651980	3652084	Deletion	104
3R	3655339	3655384	Deletion	45
3R	3656745	3656856	Deletion	111
3R	3661416	3661511	Deletion	95
3R	3662195	3662294	Deletion	99
3R	3662195	3662252	Deletion	57
3R	3667899	3667946	Deletion	47
3R	3669131	3669247	Deletion	116
3R	3696736	3696777	Deletion	41
3R	3697955	3696777	Deletion	1178
3R	3706708	3706815	Deletion	107
3R	3706766	3706815	Deletion	49
3R	3706783	3706815	Deletion	32
3R	3713361	3706815	Deletion	6546
3R	3713361	3713485	Deletion	124
3R	3713361	3713455	Deletion	94
3R	3717432	3717467	Deletion	35
3R	3717432	3717521	Deletion	89
3R	3717617	3717654	Deletion	37
3R	3721102	3721198	Deletion	96
3R	3725083	3725187	Deletion	104
3R	3726381	3726472	Deletion	91
3R	3739853	3739961	Deletion	108
3R	3747836	3747923	Deletion	87
3R	3747836	3747916	Deletion	80
3R	3747836	3747874	Deletion	38
3R	3748102	3748210	Deletion	108
3R	3748108	3748210	Deletion	102
3R	3748109	3748210	Deletion	101
3R	3748110	3748210	Deletion	100
3R	3748146	3748210	Deletion	64
3R	3748169	3748210	Deletion	41
3R	3748179	3748210	Deletion	31
3R	3750305	3748210	Deletion	2095
3R	3750305	3750400	Deletion	95
3R	3750305	3750367	Deletion	62
3R	3750305	3750425	Deletion	120
3R	3750305	3750426	Deletion	121
3R	3750305	3750427	Deletion	122
3R	3750305	3750390	Deletion	85
3R	3750356	3750466	Deletion	110
3R	3750382	3750464	Deletion	82
3R	3750412	3750466	Deletion	54
3R	3750413	3750466	Deletion	53
3R	3755132	3750466	Deletion	4666
3R	3755134	3755193	Deletion	59
3R	3755145	3755193	Deletion	48
3R	3755203	3755193	Deletion	10
3R	3755203	3755316	Deletion	113
3R	3755203	3755319	Deletion	116
3R	3755203	3755306	Deletion	103
3R	3755203	3755275	Deletion	72
3R	3761337	3761433	Deletion	96
3R	3761376	3761433	Deletion	57
3R	3761385	3761433	Deletion	48
3R	3761387	3761433	Deletion	46
3R	3761391	3761433	Deletion	42
3R	3761918	3761433	Deletion	485
3R	3761918	3761996	Deletion	78
3R	3771432	3771491	Deletion	59
3R	3773578	3771491	Deletion	2087
3R	3773578	3773646	Deletion	68
3R	3800368	3800408	Deletion	40
3R	3800371	3800408	Deletion	37
3R	3803694	3803805	Deletion	111
3R	3819297	3819342	Deletion	45
3R	3875360	3875444	Deletion	84
3R	3875390	3875444	Deletion	54
3R	3875394	3875444	Deletion	50
3R	3892398	3892459	Deletion	61
3R	3896334	3896439	Deletion	105
3R	3896512	3896439	Deletion	73
3R	3896512	3896609	Deletion	97
3R	3908609	3908710	Deletion	101
3R	3908612	3908710	Deletion	98
3R	3908621	3908710	Deletion	89
3R	3908646	3908710	Deletion	64
3R	3924427	3924512	Deletion	85
3R	3924427	3924528	Deletion	101
3R	3935143	3935190	Deletion	47
3R	3935145	3935190	Deletion	45
3R	3935954	3935190	Deletion	764
3R	3935954	3935984	Deletion	30
3R	3935954	3936038	Deletion	84
3R	3952412	3952498	Deletion	86
3R	3952419	3952498	Deletion	79
3R	3953736	3953857	Deletion	121
3R	3953736	3953783	Deletion	47
3R	3953736	3953789	Deletion	53
3R	3967335	3967403	Deletion	68
3R	3975960	3976050	Deletion	90
3R	3975963	3976050	Deletion	87
3R	3975964	3976050	Deletion	86
3R	4001338	4001390	Deletion	52
3R	4001350	4001390	Deletion	40
3R	4003809	4003850	Deletion	41
3R	4009602	4009644	Deletion	42
3R	4011644	4009644	Deletion	2000
3R	4011644	4011727	Deletion	83
3R	4011644	4011736	Deletion	92
3R	4012124	4012019	Deletion	105
3R	4012124	4012143	Deletion	19
3R	4012124	4012165	Deletion	41
3R	4012124	4012166	Deletion	42
3R	4012124	4012219	Deletion	95
3R	4022288	4022354	Deletion	66
3R	4022288	4022410	Deletion	122
3R	4023924	4024026	Deletion	102
3R	4023940	4024026	Deletion	86
3R	4023973	4024026	Deletion	53
3R	4023990	4024026	Deletion	36
3R	4026869	4024026	Deletion	2843
3R	4033389	4033480	Deletion	91
3R	4033389	4033463	Deletion	74
3R	4036219	4036278	Deletion	59
3R	4037449	4036278	Deletion	1171
3R	4037449	4037526	Deletion	77
3R	4037449	4037516	Deletion	67
3R	4037449	4037549	Deletion	100
3R	4037449	4037566	Deletion	117
3R	4038762	4038850	Deletion	88
3R	4038777	4038850	Deletion	73
3R	4038817	4038850	Deletion	33
3R	4039076	4038850	Deletion	226
3R	4039076	4039130	Deletion	54
3R	4039076	4039170	Deletion	94
3R	4039076	4039115	Deletion	39
3R	4039995	4040109	Deletion	114
3R	4040009	4040113	Deletion	104
3R	4040010	4040113	Deletion	103
3R	4040012	4040113	Deletion	101
3R	4054754	4054366	Deletion	388
3R	4054754	4054873	Deletion	119
3R	4054754	4054864	Deletion	110
3R	4075834	4075954	Deletion	120
3R	4075838	4075954	Deletion	116
3R	4075862	4075954	Deletion	92
3R	4076004	4075954	Deletion	50
3R	4076004	4076109	Deletion	105
3R	4076004	4076038	Deletion	34
3R	4081241	4081344	Deletion	103
3R	4081252	4081344	Deletion	92
3R	4081260	4081344	Deletion	84
3R	4081262	4081344	Deletion	82
3R	4081265	4081344	Deletion	79
3R	4081282	4081344	Deletion	62
3R	4081307	4081344	Deletion	37
3R	4081539	4081344	Deletion	195
3R	4081539	4081581	Deletion	42
3R	4081539	4081583	Deletion	44
3R	4081539	4081628	Deletion	89
3R	4081539	4081647	Deletion	108
3R	4081539	4081604	Deletion	65
3R	4081539	4081586	Deletion	47
3R	4083912	4084022	Deletion	110
3R	4083915	4084022	Deletion	107
3R	4083935	4084022	Deletion	87
3R	4083950	4084022	Deletion	72
3R	4083960	4084022	Deletion	62
3R	4083967	4084022	Deletion	55
3R	4083979	4084022	Deletion	43
3R	4089373	4089438	Deletion	65
3R	4089373	4089486	Deletion	113
3R	4093504	4093561	Deletion	57
3R	4105236	4093561	Deletion	11675
3R	4108271	4108330	Deletion	59
3R	4113022	4113120	Deletion	98
3R	4113042	4113120	Deletion	78
3R	4126092	4126139	Deletion	47
3R	4136736	4136787	Deletion	51
3R	4136755	4136787	Deletion	32
3R	4142576	4142631	Deletion	55
3R	4142944	4142631	Deletion	313
3R	4143084	4142988	Deletion	96
3R	4143084	4143134	Deletion	50
3R	4143084	4143198	Deletion	114
3R	4143084	4143141	Deletion	57
3R	4143084	4143203	Deletion	119
3R	4161680	4161794	Deletion	114
3R	4161724	4161794	Deletion	70
3R	4161735	4161794	Deletion	59
3R	4161738	4161794	Deletion	56
3R	4161741	4161794	Deletion	53
3R	4161747	4161794	Deletion	47
3R	4161756	4161794	Deletion	38
3R	4167251	4161794	Deletion	5457
3R	4167251	4167319	Deletion	68
3R	4167251	4167331	Deletion	80
3R	4167251	4167365	Deletion	114
3R	4167251	4167325	Deletion	74
3R	4167251	4167308	Deletion	57
3R	4167251	4167322	Deletion	71
3R	4174080	4174148	Deletion	68
3R	4174126	4174168	Deletion	42
3R	4174133	4174168	Deletion	35
3R	4174278	4174158	Deletion	120
3R	4174278	4174393	Deletion	115
3R	4176828	4176920	Deletion	92
3R	4176834	4176920	Deletion	86
3R	4176852	4176920	Deletion	68
3R	4176878	4176920	Deletion	42
3R	4177153	4176920	Deletion	233
3R	4177153	4177237	Deletion	84
3R	4177153	4177187	Deletion	34
3R	4177153	4177193	Deletion	40
3R	4192639	4192740	Deletion	101
3R	4192644	4192740	Deletion	96
3R	4192691	4192740	Deletion	49
3R	4192701	4192740	Deletion	39
3R	4192702	4192740	Deletion	38
3R	4192703	4192740	Deletion	37
3R	4192834	4192740	Deletion	94
3R	4192834	4192921	Deletion	87
3R	4192834	4192911	Deletion	77
3R	4192834	4192956	Deletion	122
3R	4192834	4192864	Deletion	30
3R	4192834	4192922	Deletion	88
3R	4193180	4193252	Deletion	72
3R	4193187	4193252	Deletion	65
3R	4193207	4193252	Deletion	45
3R	4193215	4193252	Deletion	37
3R	4193217	4193252	Deletion	35
3R	4196552	4193252	Deletion	3300
3R	4196552	4196675	Deletion	123
3R	4196552	4196663	Deletion	111
3R	4196552	4196616	Deletion	64
3R	4196552	4196636	Deletion	84
3R	4196552	4196609	Deletion	57
3R	4196552	4196646	Deletion	94
3R	4203818	4203900	Deletion	82
3R	4203837	4203900	Deletion	63
3R	4203852	4203900	Deletion	48
3R	4203870	4203900	Deletion	30
3R	4204054	4203900	Deletion	154
3R	4204054	4204084	Deletion	30
3R	4204054	4204162	Deletion	108
3R	4204054	4204151	Deletion	97
3R	4204054	4204099	Deletion	45
3R	4204054	4204177	Deletion	123
3R	4204054	4204118	Deletion	64
3R	4205416	4205513	Deletion	97
3R	4205975	4205513	Deletion	462
3R	4205975	4206006	Deletion	31
3R	4205975	4206099	Deletion	124
3R	4207359	4207414	Deletion	55
3R	4207359	4207401	Deletion	42
3R	4217772	4217875	Deletion	103
3R	4217780	4217875	Deletion	95
3R	4217802	4217875	Deletion	73
3R	4217811	4217875	Deletion	64
3R	4217823	4217875	Deletion	52
3R	4219257	4217872	Deletion	1385
3R	4219257	4219310	Deletion	53
3R	4219257	4219332	Deletion	75
3R	4219257	4219367	Deletion	110
3R	4219257	4219319	Deletion	62
3R	4241060	4241132	Deletion	72
3R	4241074	4241132	Deletion	58
3R	4241075	4241132	Deletion	57
3R	4241076	4241132	Deletion	56
3R	4241077	4241132	Deletion	55
3R	4241088	4241132	Deletion	44
3R	4241977	4241132	Deletion	845
3R	4241977	4242096	Deletion	119
3R	4241977	4242080	Deletion	103
3R	4241977	4242045	Deletion	68
3R	4241977	4242031	Deletion	54
3R	4241977	4242047	Deletion	70
3R	4241977	4242059	Deletion	82
3R	4241977	4242048	Deletion	71
3R	4241977	4242046	Deletion	69
3R	4267775	4267837	Deletion	62
3R	4267804	4267837	Deletion	33
3R	4276551	4276658	Deletion	107
3R	4298825	4298931	Deletion	106
3R	4298839	4298931	Deletion	92
3R	4298864	4298931	Deletion	67
3R	4298882	4298931	Deletion	49
3R	4298888	4298931	Deletion	43
3R	4298899	4298931	Deletion	32
3R	4305564	4298931	Deletion	6633
3R	4305564	4305673	Deletion	109
3R	4305564	4305641	Deletion	77
3R	4305564	4305598	Deletion	34
3R	4305564	4305683	Deletion	119
3R	4305564	4305658	Deletion	94
3R	4305564	4305623	Deletion	59
3R	4305564	4305647	Deletion	83
3R	4310004	4310057	Deletion	53
3R	4310012	4310057	Deletion	45
3R	4310025	4310057	Deletion	32
3R	4310604	4310057	Deletion	547
3R	4310604	4310698	Deletion	94
3R	4310604	4310718	Deletion	114
3R	4310604	4310713	Deletion	109
3R	4310604	4310685	Deletion	81
3R	4310604	4310677	Deletion	73
3R	4310604	4310651	Deletion	47
3R	4322020	4322059	Deletion	39
3R	4322028	4322059	Deletion	31
3R	4322742	4322059	Deletion	683
3R	4322742	4322832	Deletion	90
3R	4322742	4322777	Deletion	35
3R	4329528	4329602	Deletion	74
3R	4330602	4329602	Deletion	1000
3R	4330602	4330703	Deletion	101
3R	4330602	4330655	Deletion	53
3R	4359318	4359430	Deletion	112
3R	4359356	4359430	Deletion	74
3R	4359384	4359430	Deletion	46
3R	4359894	4359430	Deletion	464
3R	4359894	4359974	Deletion	80
3R	4359894	4360009	Deletion	115
3R	4359894	4359991	Deletion	97
3R	4375110	4375227	Deletion	117
3R	4384955	4375227	Deletion	9728
3R	4384955	4385064	Deletion	109
3R	4384955	4385071	Deletion	116
3R	4385287	4385370	Deletion	83
3R	4385288	4385370	Deletion	82
3R	4385304	4385370	Deletion	66
3R	4385308	4385370	Deletion	62
3R	4385309	4385370	Deletion	61
3R	4385334	4385370	Deletion	36
3R	4392435	4385370	Deletion	7065
3R	4392435	4392465	Deletion	30
3R	4392546	4392467	Deletion	79
3R	4392546	4392580	Deletion	34
3R	4392546	4392634	Deletion	88
3R	4392546	4392618	Deletion	72
3R	4392546	4392670	Deletion	124
3R	4392546	4392579	Deletion	33
3R	4399296	4399353	Deletion	57
3R	4399305	4399353	Deletion	48
3R	4399320	4399353	Deletion	33
3R	4399511	4399353	Deletion	158
3R	4399511	4399583	Deletion	72
3R	4399511	4399618	Deletion	107
3R	4399511	4399556	Deletion	45
3R	4399511	4399592	Deletion	81
3R	4399511	4399630	Deletion	119
3R	4403826	4403931	Deletion	105
3R	4403845	4403931	Deletion	86
3R	4403862	4403931	Deletion	69
3R	4407619	4403931	Deletion	3688
3R	4407619	4407660	Deletion	41
3R	4409122	4409226	Deletion	104
3R	4410267	4410368	Deletion	101
3R	4410281	4410368	Deletion	87
3R	4410732	4410749	Deletion	17
3R	4429264	4429359	Deletion	95
3R	4429268	4429359	Deletion	91
3R	4429299	4429359	Deletion	60
3R	4429316	4429359	Deletion	43
3R	4429324	4429359	Deletion	35
3R	4437963	4429359	Deletion	8604
3R	4437963	4438054	Deletion	91
3R	4437963	4438076	Deletion	113
3R	4437963	4438046	Deletion	83
3R	4437963	4438029	Deletion	66
3R	4437964	4437998	Deletion	34
3R	4446407	4446514	Deletion	107
3R	4446409	4446514	Deletion	105
3R	4446416	4446514	Deletion	98
3R	4446428	4446514	Deletion	86
3R	4446434	4446514	Deletion	80
3R	4446469	4446514	Deletion	45
3R	4450190	4446514	Deletion	3676
3R	4450190	4450221	Deletion	31
3R	4450190	4450274	Deletion	84
3R	4450190	4450239	Deletion	49
3R	4496283	4496398	Deletion	115
3R	4496298	4496398	Deletion	100
3R	4496313	4496398	Deletion	85
3R	4496318	4496398	Deletion	80
3R	4496348	4496398	Deletion	50
3R	4500094	4496398	Deletion	3696
3R	4500094	4500135	Deletion	41
3R	4500094	4500170	Deletion	76
3R	4500094	4500191	Deletion	97
3R	4500094	4500140	Deletion	46
3R	4500097	4500199	Deletion	102
3R	4527029	4527149	Deletion	120
3R	4527044	4527149	Deletion	105
3R	4527079	4527149	Deletion	70
3R	4527097	4527149	Deletion	52
3R	4527100	4527149	Deletion	49
3R	4527105	4527149	Deletion	44
3R	4527484	4527149	Deletion	335
3R	4527484	4527566	Deletion	82
3R	4527484	4527558	Deletion	74
3R	4527484	4527540	Deletion	56
3R	4527484	4527561	Deletion	77
3R	4527484	4527605	Deletion	121
3R	4527484	4527606	Deletion	122
3R	4555956	4556070	Deletion	114
3R	4555965	4556070	Deletion	105
3R	4555983	4556070	Deletion	87
3R	4556040	4556070	Deletion	30
3R	4556172	4556070	Deletion	102
3R	4556172	4556270	Deletion	98
3R	4556172	4556274	Deletion	102
3R	4569656	4569764	Deletion	108
3R	4569664	4569764	Deletion	100
3R	4569702	4569764	Deletion	62
3R	4569727	4569764	Deletion	37
3R	4570284	4569764	Deletion	520
3R	4570284	4570349	Deletion	65
3R	4576811	4572833	Deletion	3978
3R	4576811	4576902	Deletion	91
3R	4601120	4601219	Deletion	99
3R	4601140	4601219	Deletion	79
3R	4605916	4601219	Deletion	4697
3R	4605916	4606039	Deletion	123
3R	4611591	4611672	Deletion	81
3R	4611610	4611672	Deletion	62
3R	4619576	4619624	Deletion	48
3R	4624768	4624881	Deletion	113
3R	4624813	4624881	Deletion	68
3R	4624815	4624881	Deletion	66
3R	4627597	4624881	Deletion	2716
3R	4627597	4627655	Deletion	58
3R	4637110	4637157	Deletion	47
3R	4638048	4637157	Deletion	891
3R	4638048	4638127	Deletion	79
3R	4638048	4638086	Deletion	38
3R	4638048	4638146	Deletion	98
3R	4639214	4639264	Deletion	50
3R	4639216	4639264	Deletion	48
3R	4639218	4639264	Deletion	46
3R	4639315	4639264	Deletion	51
3R	4639315	4639426	Deletion	111
3R	4639315	4639396	Deletion	81
3R	4639315	4639394	Deletion	79
3R	4639315	4639425	Deletion	110
3R	4642002	4642081	Deletion	79
3R	4642034	4642081	Deletion	47
3R	4642038	4642081	Deletion	43
3R	4642045	4642081	Deletion	36
3R	4646412	4642081	Deletion	4331
3R	4646412	4646497	Deletion	85
3R	4646412	4646504	Deletion	92
3R	4686213	4686300	Deletion	87
3R	4686225	4686300	Deletion	75
3R	4686252	4686300	Deletion	48
3R	4686259	4686300	Deletion	41
3R	4686263	4686300	Deletion	37
3R	4686270	4686300	Deletion	30
3R	4687138	4686300	Deletion	838
3R	4687138	4687255	Deletion	117
3R	4687138	4687223	Deletion	85
3R	4687138	4687216	Deletion	78
3R	4687138	4687189	Deletion	51
3R	4687138	4687227	Deletion	89
3R	4687138	4687177	Deletion	39
3R	4719903	4719968	Deletion	65
3R	4722710	4719968	Deletion	2742
3R	4722710	4722764	Deletion	54
3R	4733737	4733845	Deletion	108
3R	4733751	4733845	Deletion	94
3R	4733776	4733845	Deletion	69
3R	4733799	4733845	Deletion	46
3R	4733810	4733845	Deletion	35
3R	4739687	4733845	Deletion	5842
3R	4739687	4739788	Deletion	101
3R	4739687	4739746	Deletion	59
3R	4739687	4739769	Deletion	82
3R	4739687	4739780	Deletion	93
3R	4739687	4739795	Deletion	108
3R	4746310	4746428	Deletion	118
3R	4746326	4746428	Deletion	102
3R	4746338	4746428	Deletion	90
3R	4746350	4746428	Deletion	78
3R	4747318	4747415	Deletion	97
3R	4747318	4747426	Deletion	108
3R	4747318	4747366	Deletion	48
3R	4757057	4757171	Deletion	114
3R	4757069	4757171	Deletion	102
3R	4758141	4758237	Deletion	96
3R	4758141	4758189	Deletion	48
3R	4758141	4758248	Deletion	107
3R	4783423	4783162	Deletion	261
3R	4783423	4783533	Deletion	110
3R	4792243	4792366	Deletion	123
3R	4792270	4792366	Deletion	96
3R	4792313	4792366	Deletion	53
3R	4792320	4792366	Deletion	46
3R	4792326	4792366	Deletion	40
3R	4796948	4797028	Deletion	80
3R	4796948	4796978	Deletion	30
3R	4796948	4797034	Deletion	86
3R	4802157	4802272	Deletion	115
3R	4802167	4802272	Deletion	105
3R	4802227	4802272	Deletion	45
3R	4806929	4806980	Deletion	51
3R	4806934	4806980	Deletion	46
3R	4821500	4806982	Deletion	14518
3R	4821500	4821618	Deletion	118
3R	4821500	4821617	Deletion	117
3R	4821500	4821575	Deletion	75
3R	4821501	4821604	Deletion	103
3R	4829551	4829663	Deletion	112
3R	4829560	4829663	Deletion	103
3R	4829580	4829663	Deletion	83
3R	4829587	4829663	Deletion	76
3R	4829603	4829660	Deletion	57
3R	4829610	4829663	Deletion	53
3R	4829616	4829663	Deletion	47
3R	4838424	4829663	Deletion	8761
3R	4838424	4838490	Deletion	66
3R	4838424	4838474	Deletion	50
3R	4838424	4838503	Deletion	79
3R	4838424	4838538	Deletion	114
3R	4838424	4838534	Deletion	110
3R	4838424	4838497	Deletion	73
3R	4844190	4844262	Deletion	72
3R	4844219	4844262	Deletion	43
3R	4844232	4844262	Deletion	30
3R	4844526	4844262	Deletion	264
3R	4844526	4844643	Deletion	117
3R	4844526	4844623	Deletion	97
3R	4844526	4844610	Deletion	84
3R	4844526	4844650	Deletion	124
3R	4844526	4844576	Deletion	50
3R	4861800	4861885	Deletion	85
3R	4861808	4861885	Deletion	77
3R	4861837	4861885	Deletion	48
3R	4862193	4861885	Deletion	308
3R	4862193	4862243	Deletion	50
3R	4862193	4862292	Deletion	99
3R	4862193	4862235	Deletion	42
3R	4894377	4894471	Deletion	94
3R	4894377	4894493	Deletion	116
3R	4894377	4894437	Deletion	60
3R	4894377	4894491	Deletion	114
3R	4895917	4896009	Deletion	92
3R	4895954	4896009	Deletion	55
3R	4895964	4896009	Deletion	45
3R	4895972	4896009	Deletion	37
3R	4896271	4896009	Deletion	262
3R	4896271	4896306	Deletion	35
3R	4896271	4896394	Deletion	123
3R	4896271	4896343	Deletion	72
3R	4896271	4896379	Deletion	108
3R	4896271	4896361	Deletion	90
3R	4897235	4897321	Deletion	86
3R	4897267	4897321	Deletion	54
3R	4897271	4897321	Deletion	50
3R	4897272	4897321	Deletion	49
3R	4899334	4897321	Deletion	2013
3R	4899334	4899375	Deletion	41
3R	4899334	4899411	Deletion	77
3R	4906621	4906704	Deletion	83
3R	4906644	4906704	Deletion	60
3R	4906947	4906704	Deletion	243
3R	4906947	4906990	Deletion	43
3R	4908838	4908925	Deletion	87
3R	4908853	4908925	Deletion	72
3R	4908869	4908925	Deletion	56
3R	4909251	4908925	Deletion	326
3R	4909251	4909375	Deletion	124
3R	4909251	4909290	Deletion	39
3R	4909251	4909305	Deletion	54
3R	4915996	4916075	Deletion	79
3R	4916026	4916075	Deletion	49
3R	4916029	4916075	Deletion	46
3R	4929823	4916075	Deletion	13748
3R	4929823	4929903	Deletion	80
3R	4929823	4929941	Deletion	118
3R	4929823	4929900	Deletion	77
3R	4938836	4938917	Deletion	81
3R	4938850	4938917	Deletion	67
3R	4938852	4938917	Deletion	65
3R	4938859	4938917	Deletion	58
3R	4938860	4938917	Deletion	57
3R	4938874	4938917	Deletion	43
3R	4952299	4938917	Deletion	13382
3R	4952299	4952360	Deletion	61
3R	4952299	4952368	Deletion	69
3R	4952299	4952358	Deletion	59
3R	4952299	4952416	Deletion	117
3R	4952299	4952344	Deletion	45
3R	4952299	4952367	Deletion	68
3R	4952299	4952339	Deletion	40
3R	4952299	4952382	Deletion	83
3R	4959628	4959714	Deletion	86
3R	4959630	4959714	Deletion	84
3R	4959657	4959714	Deletion	57
3R	4963694	4959714	Deletion	3980
3R	4963694	4963734	Deletion	40
3R	4963694	4963763	Deletion	69
3R	4972210	4972282	Deletion	72
3R	4972221	4972282	Deletion	61
3R	4972228	4972282	Deletion	54
3R	4972230	4972282	Deletion	52
3R	4973249	4972282	Deletion	967
3R	4973249	4973324	Deletion	75
3R	4973249	4973315	Deletion	66
3R	4973249	4973304	Deletion	55
3R	4980605	4980689	Deletion	84
3R	4980650	4980689	Deletion	39
3R	4980738	4980689	Deletion	49
3R	4980738	4980814	Deletion	76
3R	4980738	4980782	Deletion	44
3R	4993621	4993723	Deletion	102
3R	4993646	4993723	Deletion	77
3R	4993647	4993723	Deletion	76
3R	4993663	4993723	Deletion	60
3R	4993673	4993723	Deletion	50
3R	4996101	4993723	Deletion	2378
3R	4996101	4996152	Deletion	51
3R	4996101	4996176	Deletion	75
3R	4996101	4996151	Deletion	50
3R	5002148	5002246	Deletion	98
3R	5002182	5002246	Deletion	64
3R	5002202	5002246	Deletion	44
3R	5005233	5005344	Deletion	111
3R	5008224	5008301	Deletion	77
3R	5020701	5020770	Deletion	69
3R	5023054	5020770	Deletion	2284
3R	5023054	5023162	Deletion	108
3R	5023054	5023158	Deletion	104
3R	5023054	5023111	Deletion	57
3R	5037475	5037589	Deletion	114
3R	5037503	5037589	Deletion	86
3R	5037538	5037589	Deletion	51
3R	5037550	5037589	Deletion	39
3R	5040925	5037589	Deletion	3336
3R	5040925	5041000	Deletion	75
3R	5040925	5041032	Deletion	107
3R	5040925	5040965	Deletion	40
3R	5065403	5065433	Deletion	30
3R	5065403	5065434	Deletion	31
3R	5065403	5065448	Deletion	45
3R	5065403	5065455	Deletion	52
3R	5065403	5065495	Deletion	92
3R	5065403	5065469	Deletion	66
3R	5065403	5065502	Deletion	99
3R	5098227	5098337	Deletion	110
3R	5098228	5098337	Deletion	109
3R	5098250	5098337	Deletion	87
3R	5098297	5098337	Deletion	40
3R	5100105	5098337	Deletion	1768
3R	5100105	5100210	Deletion	105
3R	5100105	5100144	Deletion	39
3R	5100105	5100209	Deletion	104
3R	5100105	5100225	Deletion	120
3R	5118975	5119048	Deletion	73
3R	5135897	5119048	Deletion	16849
3R	5135897	5135952	Deletion	55
3R	5139088	5139180	Deletion	92
3R	5139094	5139180	Deletion	86
3R	5139127	5139180	Deletion	53
3R	5144783	5139180	Deletion	5603
3R	5144783	5144884	Deletion	101
3R	5144783	5144880	Deletion	97
3R	5144783	5144895	Deletion	112
3R	5144783	5144907	Deletion	124
3R	5144783	5144823	Deletion	40
3R	5144783	5144817	Deletion	34
3R	5177744	5177831	Deletion	87
3R	5177759	5177831	Deletion	72
3R	5177768	5177831	Deletion	63
3R	5178026	5177831	Deletion	195
3R	5178026	5178081	Deletion	55
3R	5178026	5178066	Deletion	40
3R	5178026	5178150	Deletion	124
3R	5178026	5178090	Deletion	64
3R	5206655	5206703	Deletion	48
3R	5206672	5206703	Deletion	31
3R	5207081	5206703	Deletion	378
3R	5207081	5207159	Deletion	78
3R	5214342	5214451	Deletion	109
3R	5214378	5214451	Deletion	73
3R	5218037	5214451	Deletion	3586
3R	5218037	5218090	Deletion	53
3R	5218037	5218143	Deletion	106
3R	5218037	5218146	Deletion	109
3R	5234057	5234123	Deletion	66
3R	5234092	5234123	Deletion	31
3R	5240444	5234123	Deletion	6321
3R	5240444	5240505	Deletion	61
3R	5266662	5266774	Deletion	112
3R	5266688	5266774	Deletion	86
3R	5266699	5266774	Deletion	75
3R	5266710	5266774	Deletion	64
3R	5266715	5266774	Deletion	59
3R	5266727	5266774	Deletion	47
3R	5266736	5266774	Deletion	38
3R	5294305	5266774	Deletion	27531
3R	5294305	5294345	Deletion	40
3R	5294305	5294408	Deletion	103
3R	5294305	5294356	Deletion	51
3R	5294305	5294410	Deletion	105
3R	5294305	5294384	Deletion	79
3R	5294305	5294421	Deletion	116
3R	5294305	5294367	Deletion	62
3R	5294305	5294393	Deletion	88
3R	5319051	5319138	Deletion	87
3R	5319065	5319138	Deletion	73
3R	5319079	5319138	Deletion	59
3R	5319090	5319138	Deletion	48
3R	5319104	5319138	Deletion	34
3R	5319108	5319138	Deletion	30
3R	5329992	5319138	Deletion	10854
3R	5329992	5330084	Deletion	92
3R	5329992	5330070	Deletion	78
3R	5329992	5330088	Deletion	96
3R	5329992	5330059	Deletion	67
3R	5329992	5330031	Deletion	39
3R	5334003	5334080	Deletion	77
3R	5335950	5334080	Deletion	1870
3R	5335950	5336000	Deletion	50
3R	5366541	5362986	Deletion	3555
3R	5366541	5366600	Deletion	59
3R	5402342	5402446	Deletion	104
3R	5402400	5402446	Deletion	46
3R	5402406	5402446	Deletion	40
3R	5402414	5402446	Deletion	32
3R	5402907	5402446	Deletion	461
3R	5402907	5403001	Deletion	94
3R	5402907	5402987	Deletion	80
3R	5405739	5405830	Deletion	91
3R	5405759	5405830	Deletion	71
3R	5405761	5405830	Deletion	69
3R	5405772	5405830	Deletion	58
3R	5405784	5405830	Deletion	46
3R	5409018	5405830	Deletion	3188
3R	5409018	5409134	Deletion	116
3R	5409018	5409099	Deletion	81
3R	5409018	5409074	Deletion	56
3R	5409018	5409076	Deletion	58
3R	5409018	5409054	Deletion	36
3R	5409018	5409125	Deletion	107
3R	5409018	5409121	Deletion	103
3R	5411915	5411978	Deletion	63
3R	5411924	5411978	Deletion	54
3R	5411943	5411978	Deletion	35
3R	5419419	5411978	Deletion	7441
3R	5419419	5419510	Deletion	91
3R	5419419	5419482	Deletion	63
3R	5419419	5419491	Deletion	72
3R	5419419	5419451	Deletion	32
3R	5428661	5428749	Deletion	88
3R	5428662	5428749	Deletion	87
3R	5428699	5428749	Deletion	50
3R	5428707	5428749	Deletion	42
3R	5433460	5428749	Deletion	4711
3R	5433460	5433544	Deletion	84
3R	5433460	5433498	Deletion	38
3R	5433460	5433536	Deletion	76
3R	5434963	5435072	Deletion	109
3R	5435004	5435072	Deletion	68
3R	5438740	5435072	Deletion	3668
3R	5438807	5438887	Deletion	80
3R	5440135	5438887	Deletion	1248
3R	5440135	5440241	Deletion	106
3R	5440135	5440172	Deletion	37
3R	5442354	5442443	Deletion	89
3R	5443967	5442443	Deletion	1524
3R	5443967	5443997	Deletion	30
3R	5443967	5444068	Deletion	101
3R	5443967	5444004	Deletion	37
3R	5497770	5497867	Deletion	97
3R	5497778	5497867	Deletion	89
3R	5497821	5497867	Deletion	46
3R	5498304	5497867	Deletion	437
3R	5498304	5498385	Deletion	81
3R	5498304	5498342	Deletion	38
3R	5498755	5498798	Deletion	43
3R	5498756	5498798	Deletion	42
3R	5499645	5498798	Deletion	847
3R	5499645	5499729	Deletion	84
3R	5499645	5499723	Deletion	78
3R	5499645	5499754	Deletion	109
3R	5499645	5499728	Deletion	83
3R	5503114	5503235	Deletion	121
3R	5503126	5503235	Deletion	109
3R	5503142	5503235	Deletion	93
3R	5503153	5503235	Deletion	82
3R	5503155	5503235	Deletion	80
3R	5503190	5503235	Deletion	45
3R	5509081	5503235	Deletion	5846
3R	5509081	5509127	Deletion	46
3R	5509081	5509129	Deletion	48
3R	5509081	5509116	Deletion	35
3R	5520549	5520579	Deletion	30
3R	5520784	5520579	Deletion	205
3R	5520784	5520889	Deletion	105
3R	5523834	5523941	Deletion	107
3R	5523837	5523941	Deletion	104
3R	5523865	5523941	Deletion	76
3R	5523905	5523941	Deletion	36
3R	5523907	5523941	Deletion	34
3R	5557180	5523941	Deletion	33239
3R	5557180	5557234	Deletion	54
3R	5557180	5557286	Deletion	106
3R	5557180	5557274	Deletion	94
3R	5557180	5557301	Deletion	121
3R	5557180	5557281	Deletion	101
3R	5570146	5570250	Deletion	104
3R	5570185	5570250	Deletion	65
3R	5570192	5570250	Deletion	58
3R	5570214	5570250	Deletion	36
3R	5570947	5570250	Deletion	697
3R	5570947	5571009	Deletion	62
3R	5570947	5571054	Deletion	107
3R	5570947	5571038	Deletion	91
3R	5570947	5571053	Deletion	106
3R	5609513	5609571	Deletion	58
3R	5609531	5609571	Deletion	40
3R	5609636	5609571	Deletion	65
3R	5609636	5609751	Deletion	115
3R	5609636	5609676	Deletion	40
3R	5609636	5609722	Deletion	86
3R	5609636	5609704	Deletion	68
3R	5614627	5614735	Deletion	108
3R	5614639	5614735	Deletion	96
3R	5614649	5614735	Deletion	86
3R	5614667	5614735	Deletion	68
3R	5614679	5614735	Deletion	56
3R	5614682	5614735	Deletion	53
3R	5625968	5614735	Deletion	11233
3R	5625968	5626039	Deletion	71
3R	5625968	5626073	Deletion	105
3R	5625968	5626027	Deletion	59
3R	5625968	5626009	Deletion	41
3R	5625968	5626079	Deletion	111
3R	5625968	5626070	Deletion	102
3R	5637518	5637288	Deletion	230
3R	5665948	5666063	Deletion	115
3R	5665977	5666063	Deletion	86
3R	5665984	5666063	Deletion	79
3R	5665993	5666063	Deletion	70
3R	5666003	5666063	Deletion	60
3R	5666008	5666063	Deletion	55
3R	5666020	5666063	Deletion	43
3R	5666024	5666063	Deletion	39
3R	5681674	5666063	Deletion	15611
3R	5681674	5681716	Deletion	42
3R	5681674	5681747	Deletion	73
3R	5681674	5681732	Deletion	58
3R	5681674	5681785	Deletion	111
3R	5681674	5681763	Deletion	89
3R	5681674	5681742	Deletion	68
3R	5681674	5681723	Deletion	49
3R	5682970	5682210	Deletion	760
3R	5682980	5683066	Deletion	86
3R	5682986	5683066	Deletion	80
3R	5689707	5683066	Deletion	6641
3R	5689707	5689806	Deletion	99
3R	5689707	5689753	Deletion	46
3R	5689707	5689747	Deletion	40
3R	5695369	5695412	Deletion	43
3R	5695375	5695412	Deletion	37
3R	5695796	5695412	Deletion	384
3R	5695796	5695885	Deletion	89
3R	5695796	5695861	Deletion	65
3R	5712855	5712939	Deletion	84
3R	5712857	5712939	Deletion	82
3R	5712871	5712939	Deletion	68
3R	5712888	5712939	Deletion	51
3R	5715725	5712939	Deletion	2786
3R	5715725	5715800	Deletion	75
3R	5715725	5715769	Deletion	44
3R	5715725	5715766	Deletion	41
3R	5715725	5715783	Deletion	58
3R	5715725	5715843	Deletion	118
3R	5747486	5747551	Deletion	65
3R	5750893	5750955	Deletion	62
3R	5764630	5764733	Deletion	103
3R	5764637	5764733	Deletion	96
3R	5764646	5764733	Deletion	87
3R	5764672	5764733	Deletion	61
3R	5764673	5764733	Deletion	60
3R	5764675	5764733	Deletion	58
3R	5764701	5764733	Deletion	32
3R	5768773	5768812	Deletion	39
3R	5768773	5768838	Deletion	65
3R	5768773	5768887	Deletion	114
3R	5768773	5768841	Deletion	68
3R	5768773	5768803	Deletion	30
3R	5768773	5768839	Deletion	66
3R	5771839	5771938	Deletion	99
3R	5771860	5771938	Deletion	78
3R	5771862	5771938	Deletion	76
3R	5771864	5771938	Deletion	74
3R	5771880	5771938	Deletion	58
3R	5771905	5771936	Deletion	31
3R	5774286	5771938	Deletion	2348
3R	5774286	5774380	Deletion	94
3R	5774286	5774335	Deletion	49
3R	5774286	5774355	Deletion	69
3R	5774286	5774337	Deletion	51
3R	5778193	5778305	Deletion	112
3R	5778267	5778305	Deletion	38
3R	5778272	5778305	Deletion	33
3R	5778274	5778305	Deletion	31
3R	5779045	5778305	Deletion	740
3R	5779045	5779135	Deletion	90
3R	5779045	5779140	Deletion	95
3R	5783887	5783991	Deletion	104
3R	5783892	5783991	Deletion	99
3R	5783893	5783991	Deletion	98
3R	5783907	5783991	Deletion	84
3R	5783923	5783991	Deletion	68
3R	5783941	5783991	Deletion	50
3R	5784368	5783991	Deletion	377
3R	5784368	5784444	Deletion	76
3R	5784368	5784410	Deletion	42
3R	5784368	5784481	Deletion	113
3R	5784368	5784426	Deletion	58
3R	5802680	5802746	Deletion	66
3R	5802686	5802746	Deletion	60
3R	5802696	5802746	Deletion	50
3R	5820677	5802746	Deletion	17931
3R	5820677	5820737	Deletion	60
3R	5820677	5820791	Deletion	114
3R	5820677	5820753	Deletion	76
3R	5820677	5820743	Deletion	66
3R	5821170	5821280	Deletion	110
3R	5821213	5821280	Deletion	67
3R	5821219	5821280	Deletion	61
3R	5821220	5821280	Deletion	60
3R	5823076	5821280	Deletion	1796
3R	5833003	5833118	Deletion	115
3R	5833003	5833069	Deletion	66
3R	5833003	5833106	Deletion	103
3R	5833003	5833063	Deletion	60
3R	5833003	5833111	Deletion	108
3R	5836668	5836777	Deletion	109
3R	5836670	5836777	Deletion	107
3R	5836671	5836777	Deletion	106
3R	5836705	5836777	Deletion	72
3R	5837899	5836777	Deletion	1122
3R	5848358	5848467	Deletion	109
3R	5848391	5848467	Deletion	76
3R	5849303	5848467	Deletion	836
3R	5849303	5849353	Deletion	50
3R	5849303	5849421	Deletion	118
3R	5874418	5874515	Deletion	97
3R	5874465	5874515	Deletion	50
3R	5874466	5874515	Deletion	49
3R	5874467	5874515	Deletion	48
3R	5874484	5874515	Deletion	31
3R	5874565	5874515	Deletion	50
3R	5874565	5874643	Deletion	78
3R	5874565	5874660	Deletion	95
3R	5874565	5874642	Deletion	77
3R	5874565	5874659	Deletion	94
3R	5874565	5874664	Deletion	99
3R	5874565	5874679	Deletion	114
3R	5874565	5874641	Deletion	76
3R	5883370	5883489	Deletion	119
3R	5883370	5883486	Deletion	116
3R	5901095	5890459	Deletion	10636
3R	5901095	5901219	Deletion	124
3R	5901095	5901188	Deletion	93
3R	5903576	5903613	Deletion	37
3R	5904676	5903613	Deletion	1063
3R	5904676	5904760	Deletion	84
3R	5922216	5922316	Deletion	100
3R	5922221	5922316	Deletion	95
3R	5922222	5922316	Deletion	94
3R	5922228	5922316	Deletion	88
3R	5922229	5922316	Deletion	87
3R	5922242	5922316	Deletion	74
3R	5922243	5922316	Deletion	73
3R	5922277	5922316	Deletion	39
3R	5922283	5922316	Deletion	33
3R	5933793	5922316	Deletion	11477
3R	5933793	5933825	Deletion	32
3R	5933793	5933845	Deletion	52
3R	5933793	5933886	Deletion	93
3R	5933793	5933895	Deletion	102
3R	5933793	5933831	Deletion	38
3R	5933793	5933846	Deletion	53
3R	5933793	5933906	Deletion	113
3R	5933793	5933901	Deletion	108
3R	5933793	5933832	Deletion	39
3R	5933793	5933880	Deletion	87
3R	5936783	5936886	Deletion	103
3R	5936814	5936886	Deletion	72
3R	5940302	5936886	Deletion	3416
3R	5940302	5940411	Deletion	109
3R	5956342	5956456	Deletion	114
3R	5956357	5956456	Deletion	99
3R	5956366	5956456	Deletion	90
3R	5956402	5956456	Deletion	54
3R	5961039	5956456	Deletion	4583
3R	5961039	5961154	Deletion	115
3R	5961039	5961153	Deletion	114
3R	5961039	5961075	Deletion	36
3R	5961541	5961654	Deletion	113
3R	5961543	5961654	Deletion	111
3R	5961551	5961654	Deletion	103
3R	5961564	5961654	Deletion	90
3R	5961570	5961654	Deletion	84
3R	5961589	5961654	Deletion	65
3R	5961598	5961654	Deletion	56
3R	5967147	5961654	Deletion	5493
3R	5967147	5967189	Deletion	42
3R	5967147	5967217	Deletion	70
3R	5967147	5967252	Deletion	105
3R	5967147	5967258	Deletion	111
3R	5967147	5967183	Deletion	36
3R	5967147	5967268	Deletion	121
3R	5967147	5967208	Deletion	61
3R	5967147	5967261	Deletion	114
3R	5970467	5970567	Deletion	100
3R	5970498	5970567	Deletion	69
3R	5973198	5970567	Deletion	2631
3R	5973198	5973297	Deletion	99
3R	5982425	5982523	Deletion	98
3R	5982427	5982523	Deletion	96
3R	5982448	5982523	Deletion	75
3R	5982450	5982523	Deletion	73
3R	5982451	5982523	Deletion	72
3R	5982457	5982523	Deletion	66
3R	5982487	5982523	Deletion	36
3R	5982626	5982523	Deletion	103
3R	5982626	5982687	Deletion	61
3R	5982626	5982732	Deletion	106
3R	5982626	5982657	Deletion	31
3R	5982626	5982681	Deletion	55
3R	5982626	5982680	Deletion	54
3R	5982626	5982717	Deletion	91
3R	5993010	5993068	Deletion	58
3R	5993856	5993068	Deletion	788
3R	5993856	5993924	Deletion	68
3R	5997871	5997974	Deletion	103
3R	5997944	5997974	Deletion	30
3R	6001977	5997974	Deletion	4003
3R	6001987	6002073	Deletion	86
3R	6031374	6031435	Deletion	61
3R	6031375	6031435	Deletion	60
3R	6031382	6031435	Deletion	53
3R	6031401	6031435	Deletion	34
3R	6038205	6031435	Deletion	6770
3R	6038205	6038297	Deletion	92
3R	6038205	6038271	Deletion	66
3R	6038205	6038270	Deletion	65
3R	6038205	6038278	Deletion	73
3R	6038205	6038269	Deletion	64
3R	6039789	6039898	Deletion	109
3R	6039804	6039898	Deletion	94
3R	6039811	6039898	Deletion	87
3R	6039857	6039898	Deletion	41
3R	6039861	6039898	Deletion	37
3R	6040082	6039898	Deletion	184
3R	6040082	6040171	Deletion	89
3R	6040082	6040121	Deletion	39
3R	6040082	6040167	Deletion	85
3R	6041191	6041298	Deletion	107
3R	6041197	6041298	Deletion	101
3R	6041262	6041298	Deletion	36
3R	6051598	6041298	Deletion	10300
3R	6051598	6051702	Deletion	104
3R	6053127	6053189	Deletion	62
3R	6054144	6053189	Deletion	955
3R	6054144	6054189	Deletion	45
3R	6058974	6059082	Deletion	108
3R	6059004	6059082	Deletion	78
3R	6059012	6059082	Deletion	70
3R	6059043	6059082	Deletion	39
3R	6061303	6059082	Deletion	2221
3R	6061303	6061351	Deletion	48
3R	6061303	6061359	Deletion	56
3R	6072974	6073068	Deletion	94
3R	6073003	6073068	Deletion	65
3R	6073021	6073068	Deletion	47
3R	6073025	6073068	Deletion	43
3R	6073038	6073068	Deletion	30
3R	6076987	6073068	Deletion	3919
3R	6076987	6077019	Deletion	32
3R	6076987	6077099	Deletion	112
3R	6076987	6077048	Deletion	61
3R	6076987	6077070	Deletion	83
3R	6076987	6077083	Deletion	96
3R	6077100	6077181	Deletion	81
3R	6077128	6077181	Deletion	53
3R	6077131	6077181	Deletion	50
3R	6077149	6077181	Deletion	32
3R	6077462	6077181	Deletion	281
3R	6077462	6077507	Deletion	45
3R	6077462	6077492	Deletion	30
3R	6077462	6077561	Deletion	99
3R	6077462	6077538	Deletion	76
3R	6077462	6077556	Deletion	94
3R	6090990	6091086	Deletion	96
3R	6091020	6091086	Deletion	66
3R	6091046	6091086	Deletion	40
3R	6091053	6091086	Deletion	33
3R	6091982	6091086	Deletion	896
3R	6091982	6092078	Deletion	96
3R	6091982	6092100	Deletion	118
3R	6091982	6092015	Deletion	33
3R	6091982	6092071	Deletion	89
3R	6091982	6092101	Deletion	119
3R	6091982	6092103	Deletion	121
3R	6097063	6097149	Deletion	86
3R	6097091	6097149	Deletion	58
3R	6097096	6097149	Deletion	53
3R	6097103	6097149	Deletion	46
3R	6097105	6097149	Deletion	44
3R	6097726	6097149	Deletion	577
3R	6097726	6097806	Deletion	80
3R	6097726	6097845	Deletion	119
3R	6097726	6097808	Deletion	82
3R	6097726	6097766	Deletion	40
3R	6097726	6097799	Deletion	73
3R	6127938	6127999	Deletion	61
3R	6129460	6127999	Deletion	1461
3R	6129460	6129580	Deletion	120
3R	6129460	6129571	Deletion	111
3R	6129460	6129525	Deletion	65
3R	6129460	6129581	Deletion	121
3R	6144769	6144872	Deletion	103
3R	6144771	6144872	Deletion	101
3R	6144788	6144872	Deletion	84
3R	6144793	6144872	Deletion	79
3R	6144831	6144872	Deletion	41
3R	6145006	6144872	Deletion	134
3R	6145006	6145054	Deletion	48
3R	6145006	6145105	Deletion	99
3R	6145006	6145125	Deletion	119
3R	6145006	6145118	Deletion	112
3R	6145006	6145049	Deletion	43
3R	6145228	6145313	Deletion	85
3R	6145233	6145313	Deletion	80
3R	6145245	6145313	Deletion	68
3R	6145270	6145313	Deletion	43
3R	6149747	6145313	Deletion	4434
3R	6149747	6149793	Deletion	46
3R	6149747	6149788	Deletion	41
3R	6149747	6149830	Deletion	83
3R	6149747	6149857	Deletion	110
3R	6149747	6149850	Deletion	103
3R	6149747	6149805	Deletion	58
3R	6183018	6183138	Deletion	120
3R	6183028	6183138	Deletion	110
3R	6183054	6183138	Deletion	84
3R	6183064	6183138	Deletion	74
3R	6183067	6183138	Deletion	71
3R	6183086	6183138	Deletion	52
3R	6183097	6183138	Deletion	41
3R	6183098	6183138	Deletion	40
3R	6183099	6183138	Deletion	39
3R	6183515	6183138	Deletion	377
3R	6183515	6183558	Deletion	43
3R	6183515	6183603	Deletion	88
3R	6183515	6183590	Deletion	75
3R	6183515	6183630	Deletion	115
3R	6183515	6183616	Deletion	101
3R	6183515	6183571	Deletion	56
3R	6183515	6183601	Deletion	86
3R	6183515	6183602	Deletion	87
3R	6184035	6184127	Deletion	92
3R	6184062	6184127	Deletion	65
3R	6184071	6184127	Deletion	56
3R	6184090	6184127	Deletion	37
3R	6189442	6184127	Deletion	5315
3R	6189442	6189532	Deletion	90
3R	6189442	6189547	Deletion	105
3R	6189442	6189513	Deletion	71
3R	6189442	6189504	Deletion	62
3R	6189442	6189477	Deletion	35
3R	6190870	6190988	Deletion	118
3R	6190889	6190988	Deletion	99
3R	6190900	6190988	Deletion	88
3R	6190918	6190988	Deletion	70
3R	6190946	6190988	Deletion	42
3R	6190947	6190988	Deletion	41
3R	6190955	6190988	Deletion	33
3R	6199404	6190988	Deletion	8416
3R	6199404	6199506	Deletion	102
3R	6199404	6199497	Deletion	93
3R	6199404	6199489	Deletion	85
3R	6199404	6199521	Deletion	117
3R	6199404	6199513	Deletion	109
3R	6199404	6199442	Deletion	38
3R	6199404	6199461	Deletion	57
3R	6212439	6212503	Deletion	64
3R	6212691	6212503	Deletion	188
3R	6212691	6212807	Deletion	116
3R	6212691	6212751	Deletion	60
3R	6212691	6212755	Deletion	64
3R	6212691	6212800	Deletion	109
3R	6212691	6212815	Deletion	124
3R	6224263	6224324	Deletion	61
3R	6224277	6224324	Deletion	47
3R	6224288	6224324	Deletion	36
3R	6224768	6224324	Deletion	444
3R	6224768	6224835	Deletion	67
3R	6224768	6224860	Deletion	92
3R	6224768	6224873	Deletion	105
3R	6224768	6224799	Deletion	31
3R	6241124	6241190	Deletion	66
3R	6241132	6241190	Deletion	58
3R	6241151	6241190	Deletion	39
3R	6241656	6241190	Deletion	466
3R	6241656	6241774	Deletion	118
3R	6241656	6241717	Deletion	61
3R	6241656	6241744	Deletion	88
3R	6241656	6241725	Deletion	69
3R	6244266	6244376	Deletion	110
3R	6244301	6244376	Deletion	75
3R	6244309	6244376	Deletion	67
3R	6244346	6244376	Deletion	30
3R	6244628	6244376	Deletion	252
3R	6244628	6244724	Deletion	96
3R	6244628	6244687	Deletion	59
3R	6244628	6244725	Deletion	97
3R	6254092	6254168	Deletion	76
3R	6254113	6254168	Deletion	55
3R	6254309	6254168	Deletion	141
3R	6254309	6254360	Deletion	51
3R	6254309	6254402	Deletion	93
3R	6254309	6254353	Deletion	44
3R	6254309	6254381	Deletion	72
3R	6265085	6265147	Deletion	62
3R	6265115	6265147	Deletion	32
3R	6273967	6265147	Deletion	8820
3R	6273967	6274031	Deletion	64
3R	6273967	6274086	Deletion	119
3R	6273967	6274081	Deletion	114
3R	6279070	6279138	Deletion	68
3R	6279096	6279138	Deletion	42
3R	6280897	6279138	Deletion	1759
3R	6280897	6280958	Deletion	61
3R	6280897	6280984	Deletion	87
3R	6280897	6281013	Deletion	116
3R	6281574	6281682	Deletion	108
3R	6281578	6281682	Deletion	104
3R	6281596	6281682	Deletion	86
3R	6281615	6281682	Deletion	67
3R	6281616	6281682	Deletion	66
3R	6281630	6281682	Deletion	52
3R	6281649	6281682	Deletion	33
3R	6290971	6281682	Deletion	9289
3R	6290971	6291065	Deletion	94
3R	6290971	6291012	Deletion	41
3R	6290971	6291046	Deletion	75
3R	6290971	6291031	Deletion	60
3R	6327720	6327833	Deletion	113
3R	6327723	6327833	Deletion	110
3R	6327750	6327833	Deletion	83
3R	6327776	6327833	Deletion	57
3R	6327793	6327833	Deletion	40
3R	6327800	6327833	Deletion	33
3R	6327886	6327833	Deletion	53
3R	6327886	6328010	Deletion	124
3R	6327886	6327995	Deletion	109
3R	6327886	6327931	Deletion	45
3R	6327886	6327974	Deletion	88
3R	6327886	6327957	Deletion	71
3R	6360495	6360591	Deletion	96
3R	6360556	6360591	Deletion	35
3R	6360820	6360591	Deletion	229
3R	6360820	6360850	Deletion	30
3R	6368812	6368895	Deletion	83
3R	6368817	6368895	Deletion	78
3R	6368820	6368895	Deletion	75
3R	6375048	6368895	Deletion	6153
3R	6375048	6375102	Deletion	54
3R	6375048	6375094	Deletion	46
3R	6385174	6385267	Deletion	93
3R	6393809	6393874	Deletion	65
3R	6394925	6393874	Deletion	1051
3R	6394925	6395045	Deletion	120
3R	6394925	6394958	Deletion	33
3R	6409839	6409935	Deletion	96
3R	6409849	6409935	Deletion	86
3R	6409884	6409935	Deletion	51
3R	6411224	6409935	Deletion	1289
3R	6411224	6411301	Deletion	77
3R	6411224	6411266	Deletion	42
3R	6420800	6420837	Deletion	37
3R	6421239	6420837	Deletion	402
3R	6421239	6421329	Deletion	90
3R	6431707	6431817	Deletion	110
3R	6431736	6431817	Deletion	81
3R	6431754	6431817	Deletion	63
3R	6431769	6431817	Deletion	48
3R	6431771	6431817	Deletion	46
3R	6432247	6431817	Deletion	430
3R	6432247	6432350	Deletion	103
3R	6432247	6432294	Deletion	47
3R	6432247	6432327	Deletion	80
3R	6432247	6432329	Deletion	82
3R	6476479	6472890	Deletion	3589
3R	6483370	6483322	Deletion	48
3R	6483370	6483454	Deletion	84
3R	6483370	6483479	Deletion	109
3R	6483370	6483470	Deletion	100
3R	6483371	6483486	Deletion	115
3R	6494807	6494901	Deletion	94
3R	6494811	6494901	Deletion	90
3R	6494823	6494901	Deletion	78
3R	6494851	6494901	Deletion	50
3R	6495260	6494901	Deletion	359
3R	6495260	6495291	Deletion	31
3R	6495260	6495296	Deletion	36
3R	6495260	6495340	Deletion	80
3R	6495260	6495300	Deletion	40
3R	6496580	6496700	Deletion	120
3R	6496654	6496700	Deletion	46
3R	6504546	6496700	Deletion	7846
3R	6505068	6505173	Deletion	105
3R	6505075	6505173	Deletion	98
3R	6505085	6505173	Deletion	88
3R	6505118	6505173	Deletion	55
3R	6505119	6505173	Deletion	54
3R	6530915	6531027	Deletion	112
3R	6530915	6530988	Deletion	73
3R	6530915	6530954	Deletion	39
3R	6531740	6531770	Deletion	30
3R	6536342	6531770	Deletion	4572
3R	6536342	6536454	Deletion	112
3R	6536342	6536448	Deletion	106
3R	6559446	6559562	Deletion	116
3R	6559449	6559562	Deletion	113
3R	6559473	6559562	Deletion	89
3R	6559474	6559562	Deletion	88
3R	6559490	6559562	Deletion	72
3R	6559494	6559562	Deletion	68
3R	6559514	6559562	Deletion	48
3R	6559520	6559562	Deletion	42
3R	6561690	6559562	Deletion	2128
3R	6561690	6561728	Deletion	38
3R	6561690	6561790	Deletion	100
3R	6561690	6561744	Deletion	54
3R	6561690	6561727	Deletion	37
3R	6561690	6561774	Deletion	84
3R	6561690	6561748	Deletion	58
3R	6570579	6570632	Deletion	53
3R	6570581	6570632	Deletion	51
3R	6570586	6570632	Deletion	46
3R	6585892	6570632	Deletion	15260
3R	6585892	6585972	Deletion	80
3R	6585892	6586015	Deletion	123
3R	6585892	6585922	Deletion	30
3R	6585892	6585965	Deletion	73
3R	6590383	6590461	Deletion	78
3R	6590516	6590633	Deletion	117
3R	6597883	6597931	Deletion	48
3R	6603573	6597931	Deletion	5642
3R	6610730	6610772	Deletion	42
3R	6622086	6622127	Deletion	41
3R	6622086	6622186	Deletion	100
3R	6622086	6622171	Deletion	85
3R	6636602	6636715	Deletion	113
3R	6636657	6636715	Deletion	58
3R	6636666	6636715	Deletion	49
3R	6636808	6636715	Deletion	93
3R	6636808	6636927	Deletion	119
3R	6636808	6636885	Deletion	77
3R	6636916	6637023	Deletion	107
3R	6636933	6637023	Deletion	90
3R	6645622	6637023	Deletion	8599
3R	6645622	6645659	Deletion	37
3R	6645622	6645726	Deletion	104
3R	6646118	6646156	Deletion	38
3R	6646121	6646156	Deletion	35
3R	6653661	6646156	Deletion	7505
3R	6653661	6653763	Deletion	102
3R	6653661	6653749	Deletion	88
3R	6653661	6653752	Deletion	91
3R	6657550	6657655	Deletion	105
3R	6657577	6657655	Deletion	78
3R	6661513	6657655	Deletion	3858
3R	6661513	6661621	Deletion	108
3R	6661513	6661636	Deletion	123
3R	6661513	6661637	Deletion	124
3R	6681965	6682062	Deletion	97
3R	6682004	6682062	Deletion	58
3R	6682017	6682062	Deletion	45
3R	6682020	6682062	Deletion	42
3R	6682532	6682062	Deletion	470
3R	6682532	6682616	Deletion	84
3R	6682532	6682643	Deletion	111
3R	6682532	6682613	Deletion	81
3R	6682532	6682634	Deletion	102
3R	6684652	6684349	Deletion	303
3R	6684652	6684753	Deletion	101
3R	6684652	6684763	Deletion	111
3R	6684652	6684721	Deletion	69
3R	6684652	6684762	Deletion	110
3R	6715537	6715649	Deletion	112
3R	6715552	6715649	Deletion	97
3R	6715572	6715649	Deletion	77
3R	6715591	6715649	Deletion	58
3R	6717109	6717175	Deletion	66
3R	6718706	6718815	Deletion	109
3R	6718710	6718815	Deletion	105
3R	6718717	6718815	Deletion	98
3R	6718744	6718815	Deletion	71
3R	6718753	6718815	Deletion	62
3R	6718765	6718815	Deletion	50
3R	6718769	6718815	Deletion	46
3R	6718771	6718815	Deletion	44
3R	6718779	6718815	Deletion	36
3R	6719209	6718815	Deletion	394
3R	6719209	6719291	Deletion	82
3R	6719209	6719299	Deletion	90
3R	6719209	6719327	Deletion	118
3R	6719209	6719273	Deletion	64
3R	6719209	6719289	Deletion	80
3R	6719209	6719285	Deletion	76
3R	6772491	6772605	Deletion	114
3R	6772509	6772605	Deletion	96
3R	6772529	6772605	Deletion	76
3R	6772550	6772605	Deletion	55
3R	6772553	6772605	Deletion	52
3R	6774646	6772605	Deletion	2041
3R	6774646	6774688	Deletion	42
3R	6774837	6774676	Deletion	161
3R	6774837	6774869	Deletion	32
3R	6774837	6774902	Deletion	65
3R	6774837	6774955	Deletion	118
3R	6776001	6776089	Deletion	88
3R	6776005	6776089	Deletion	84
3R	6776225	6776089	Deletion	136
3R	6776225	6776267	Deletion	42
3R	6776225	6776271	Deletion	46
3R	6778362	6778400	Deletion	38
3R	6778579	6778400	Deletion	179
3R	6778579	6778702	Deletion	123
3R	6778579	6778667	Deletion	88
3R	6778579	6778643	Deletion	64
3R	6784275	6784336	Deletion	61
3R	6784286	6784336	Deletion	50
3R	6784294	6784336	Deletion	42
3R	6784582	6784336	Deletion	246
3R	6784582	6784659	Deletion	77
3R	6784582	6784648	Deletion	66
3R	6784582	6784667	Deletion	85
3R	6789384	6789499	Deletion	115
3R	6789384	6789482	Deletion	98
3R	6789384	6789507	Deletion	123
3R	6791208	6790437	Deletion	771
3R	6791208	6791330	Deletion	122
3R	6807820	6807886	Deletion	66
3R	6807847	6807886	Deletion	39
3R	6809203	6807886	Deletion	1317
3R	6809203	6809241	Deletion	38
3R	6809203	6809291	Deletion	88
3R	6827428	6827503	Deletion	75
3R	6827435	6827503	Deletion	68
3R	6827466	6827503	Deletion	37
3R	6845962	6827503	Deletion	18459
3R	6845962	6846022	Deletion	60
3R	6845962	6846066	Deletion	104
3R	6845962	6846010	Deletion	48
3R	6845962	6846015	Deletion	53
3R	6860853	6860937	Deletion	84
3R	6860863	6860937	Deletion	74
3R	6860875	6860937	Deletion	62
3R	6860881	6860937	Deletion	56
3R	6860906	6860937	Deletion	31
3R	6868383	6860937	Deletion	7446
3R	6868383	6868453	Deletion	70
3R	6868383	6868414	Deletion	31
3R	6868383	6868435	Deletion	52
3R	6868383	6868447	Deletion	64
3R	6868383	6868478	Deletion	95
3R	6868383	6868425	Deletion	42
3R	6878769	6878864	Deletion	95
3R	6878777	6878864	Deletion	87
3R	6878781	6878864	Deletion	83
3R	6878825	6878864	Deletion	39
3R	6879000	6878864	Deletion	136
3R	6879000	6879087	Deletion	87
3R	6879000	6879031	Deletion	31
3R	6879000	6879117	Deletion	117
3R	6879000	6879105	Deletion	105
3R	6879000	6879043	Deletion	43
3R	6879000	6879039	Deletion	39
3R	6882584	6882671	Deletion	87
3R	6882591	6882671	Deletion	80
3R	6882608	6882671	Deletion	63
3R	6882611	6882671	Deletion	60
3R	6882612	6882671	Deletion	59
3R	6898470	6882671	Deletion	15799
3R	6898470	6898576	Deletion	106
3R	6898470	6898536	Deletion	66
3R	6898470	6898533	Deletion	63
3R	6898470	6898516	Deletion	46
3R	6898470	6898537	Deletion	67
3R	6903987	6904090	Deletion	103
3R	6903988	6904090	Deletion	102
3R	6904020	6904090	Deletion	70
3R	6904026	6904090	Deletion	64
3R	6904055	6904090	Deletion	35
3R	6904057	6904090	Deletion	33
3R	6911450	6911569	Deletion	119
3R	6911450	6911544	Deletion	94
3R	6911450	6911542	Deletion	92
3R	6911450	6911513	Deletion	63
3R	6911450	6911571	Deletion	121
3R	6911576	6911691	Deletion	115
3R	6911599	6911691	Deletion	92
3R	6911648	6911691	Deletion	43
3R	6913046	6911691	Deletion	1355
3R	6913046	6913129	Deletion	83
3R	6913046	6913165	Deletion	119
3R	6913046	6913147	Deletion	101
3R	6913046	6913164	Deletion	118
3R	6965952	6966068	Deletion	116
3R	6965974	6966068	Deletion	94
3R	6965986	6966068	Deletion	82
3R	6966035	6966068	Deletion	33
3R	6967674	6966068	Deletion	1606
3R	6967674	6967791	Deletion	117
3R	6967674	6967797	Deletion	123
3R	6967674	6967706	Deletion	32
3R	6967674	6967781	Deletion	107
3R	6967678	6967718	Deletion	40
3R	6976591	6976685	Deletion	94
3R	6976627	6976685	Deletion	58
3R	6976643	6976685	Deletion	42
3R	6976654	6976685	Deletion	31
3R	6979630	6976685	Deletion	2945
3R	6979630	6979662	Deletion	32
3R	6979630	6979698	Deletion	68
3R	6979630	6979714	Deletion	84
3R	6988253	6988306	Deletion	53
3R	6988268	6988306	Deletion	38
3R	6998436	6988306	Deletion	10130
3R	6998436	6998512	Deletion	76
3R	6998436	6998527	Deletion	91
3R	6998436	6998553	Deletion	117
3R	7002914	7002976	Deletion	62
3R	7002937	7002976	Deletion	39
3R	7002944	7002976	Deletion	32
3R	7003300	7002976	Deletion	324
3R	7003300	7003418	Deletion	118
3R	7003300	7003394	Deletion	94
3R	7003300	7003341	Deletion	41
3R	7003300	7003364	Deletion	64
3R	7020978	7021071	Deletion	93
3R	7021018	7021071	Deletion	53
3R	7021022	7021071	Deletion	49
3R	7023077	7021071	Deletion	2006
3R	7023077	7023112	Deletion	35
3R	7023077	7023180	Deletion	103
3R	7023077	7023183	Deletion	106
3R	7023077	7023152	Deletion	75
3R	7023332	7023436	Deletion	104
3R	7023334	7023436	Deletion	102
3R	7023340	7023436	Deletion	96
3R	7023585	7023436	Deletion	149
3R	7023585	7023692	Deletion	107
3R	7023585	7023617	Deletion	32
3R	7028620	7028723	Deletion	103
3R	7028682	7028723	Deletion	41
3R	7030591	7028723	Deletion	1868
3R	7030591	7030700	Deletion	109
3R	7053335	7053427	Deletion	92
3R	7053370	7053427	Deletion	57
3R	7053384	7053427	Deletion	43
3R	7053391	7053427	Deletion	36
3R	7059918	7053427	Deletion	6491
3R	7059918	7060008	Deletion	90
3R	7059918	7059987	Deletion	69
3R	7086386	7086476	Deletion	90
3R	7086444	7086476	Deletion	32
3R	7092687	7086476	Deletion	6211
3R	7092687	7092786	Deletion	99
3R	7092687	7092718	Deletion	31
3R	7092687	7092728	Deletion	41
3R	7092869	7092931	Deletion	62
3R	7092871	7092931	Deletion	60
3R	7092893	7092931	Deletion	38
3R	7098555	7092931	Deletion	5624
3R	7098555	7098622	Deletion	67
3R	7098555	7098586	Deletion	31
3R	7098555	7098644	Deletion	89
3R	7105061	7105132	Deletion	71
3R	7107594	7105132	Deletion	2462
3R	7107594	7107649	Deletion	55
3R	7107594	7107695	Deletion	101
3R	7117100	7117172	Deletion	72
3R	7117107	7117172	Deletion	65
3R	7117134	7117172	Deletion	38
3R	7117780	7117172	Deletion	608
3R	7117780	7117837	Deletion	57
3R	7117780	7117844	Deletion	64
3R	7117780	7117871	Deletion	91
3R	7117780	7117814	Deletion	34
3R	7117780	7117882	Deletion	102
3R	7117783	7117903	Deletion	120
3R	7118433	7118495	Deletion	62
3R	7118456	7118500	Deletion	44
3R	7118468	7118500	Deletion	32
3R	7119552	7118500	Deletion	1052
3R	7119552	7119612	Deletion	60
3R	7119552	7119635	Deletion	83
3R	7119552	7119647	Deletion	95
3R	7162628	7162706	Deletion	78
3R	7162631	7162706	Deletion	75
3R	7162634	7162706	Deletion	72
3R	7162656	7162706	Deletion	50
3R	7164783	7162706	Deletion	2077
3R	7164783	7164831	Deletion	48
3R	7164783	7164837	Deletion	54
3R	7164783	7164859	Deletion	76
3R	7166060	7166166	Deletion	106
3R	7166072	7166166	Deletion	94
3R	7166090	7166166	Deletion	76
3R	7166289	7166166	Deletion	123
3R	7166299	7166340	Deletion	41
3R	7166311	7166411	Deletion	100
3R	7166355	7166411	Deletion	56
3R	7170571	7166411	Deletion	4160
3R	7170571	7170641	Deletion	70
3R	7179480	7179590	Deletion	110
3R	7179489	7179590	Deletion	101
3R	7179543	7179590	Deletion	47
3R	7199531	7199638	Deletion	107
3R	7199531	7199634	Deletion	103
3R	7227796	7227894	Deletion	98
3R	7227808	7227894	Deletion	86
3R	7227811	7227894	Deletion	83
3R	7227827	7227894	Deletion	67
3R	7227852	7227894	Deletion	42
3R	7227858	7227894	Deletion	36
3R	7231317	7227894	Deletion	3423
3R	7231317	7231408	Deletion	91
3R	7231317	7231361	Deletion	44
3R	7231317	7231402	Deletion	85
3R	7231317	7231377	Deletion	60
3R	7231317	7231358	Deletion	41
3R	7231317	7231419	Deletion	102
3R	7247012	7247107	Deletion	95
3R	7247016	7247107	Deletion	91
3R	7247029	7247107	Deletion	78
3R	7247034	7247107	Deletion	73
3R	7247037	7247107	Deletion	70
3R	7247041	7247107	Deletion	66
3R	7247066	7247107	Deletion	41
3R	7247071	7247107	Deletion	36
3R	7247077	7247107	Deletion	30
3R	7256279	7247107	Deletion	9172
3R	7256279	7256397	Deletion	118
3R	7256279	7256365	Deletion	86
3R	7256279	7256401	Deletion	122
3R	7256279	7256340	Deletion	61
3R	7256279	7256378	Deletion	99
3R	7256279	7256311	Deletion	32
3R	7256279	7256328	Deletion	49
3R	7256279	7256370	Deletion	91
3R	7256279	7256336	Deletion	57
3R	7256279	7256315	Deletion	36
3R	7256279	7256392	Deletion	113
3R	7256279	7256376	Deletion	97
3R	7266886	7266993	Deletion	107
3R	7266891	7266993	Deletion	102
3R	7266895	7266993	Deletion	98
3R	7266910	7266993	Deletion	83
3R	7266944	7266993	Deletion	49
3R	7266954	7266993	Deletion	39
3R	7279960	7266988	Deletion	12972
3R	7279960	7280060	Deletion	100
3R	7279960	7280037	Deletion	77
3R	7279960	7280071	Deletion	111
3R	7279960	7280047	Deletion	87
3R	7289126	7289172	Deletion	46
3R	7289128	7289172	Deletion	44
3R	7289130	7289172	Deletion	42
3R	7289138	7289172	Deletion	34
3R	7289140	7289172	Deletion	32
3R	7289227	7289172	Deletion	55
3R	7289227	7289331	Deletion	104
3R	7289227	7289303	Deletion	76
3R	7289227	7289278	Deletion	51
3R	7289227	7289311	Deletion	84
3R	7289227	7289319	Deletion	92
3R	7289227	7289321	Deletion	94
3R	7289227	7289307	Deletion	80
3R	7297989	7298071	Deletion	82
3R	7298009	7298071	Deletion	62
3R	7298029	7298071	Deletion	42
3R	7298039	7298071	Deletion	32
3R	7298357	7298071	Deletion	286
3R	7298357	7298425	Deletion	68
3R	7298357	7298405	Deletion	48
3R	7298357	7298445	Deletion	88
3R	7298357	7298455	Deletion	98
3R	7298357	7298472	Deletion	115
3R	7298692	7298770	Deletion	78
3R	7298698	7298770	Deletion	72
3R	7299016	7298770	Deletion	246
3R	7299016	7299116	Deletion	100
3R	7299016	7299126	Deletion	110
3R	7299016	7299063	Deletion	47
3R	7299016	7299065	Deletion	49
3R	7312181	7312295	Deletion	114
3R	7312187	7312295	Deletion	108
3R	7312189	7312295	Deletion	106
3R	7312261	7312295	Deletion	34
3R	7322955	7312295	Deletion	10660
3R	7322955	7323047	Deletion	92
3R	7322955	7323078	Deletion	123
3R	7322955	7323072	Deletion	117
3R	7340109	7340203	Deletion	94
3R	7340115	7340203	Deletion	88
3R	7340145	7340203	Deletion	58
3R	7341620	7341660	Deletion	40
3R	7341620	7341690	Deletion	70
3R	7341620	7341654	Deletion	34
3R	7343558	7343658	Deletion	100
3R	7343566	7343658	Deletion	92
3R	7343598	7343658	Deletion	60
3R	7343616	7343658	Deletion	42
3R	7344574	7343658	Deletion	916
3R	7344574	7344658	Deletion	84
3R	7344574	7344674	Deletion	100
3R	7344574	7344608	Deletion	34
3R	7344574	7344640	Deletion	66
3R	7346518	7346584	Deletion	66
3R	7346536	7346584	Deletion	48
3R	7346827	7346584	Deletion	243
3R	7346827	7346883	Deletion	56
3R	7346827	7346887	Deletion	60
3R	7364873	7364918	Deletion	45
3R	7364883	7364918	Deletion	35
3R	7374389	7364918	Deletion	9471
3R	7374389	7374502	Deletion	113
3R	7374389	7374480	Deletion	91
3R	7374389	7374510	Deletion	121
3R	7380804	7380918	Deletion	114
3R	7380809	7380918	Deletion	109
3R	7380823	7380918	Deletion	95
3R	7380826	7380918	Deletion	92
3R	7380845	7380918	Deletion	73
3R	7380848	7380918	Deletion	70
3R	7380853	7380918	Deletion	65
3R	7380870	7380918	Deletion	48
3R	7394537	7380918	Deletion	13619
3R	7394537	7394571	Deletion	34
3R	7394537	7394590	Deletion	53
3R	7394537	7394652	Deletion	115
3R	7394537	7394593	Deletion	56
3R	7394537	7394598	Deletion	61
3R	7394537	7394568	Deletion	31
3R	7400357	7400418	Deletion	61
3R	7400372	7400418	Deletion	46
3R	7400382	7400418	Deletion	36
3R	7402598	7400418	Deletion	2180
3R	7402598	7402688	Deletion	90
3R	7402598	7402663	Deletion	65
3R	7402598	7402678	Deletion	80
3R	7402598	7402636	Deletion	38
3R	7415494	7415567	Deletion	73
3R	7415518	7415567	Deletion	49
3R	7415809	7415567	Deletion	242
3R	7415809	7415924	Deletion	115
3R	7415809	7415863	Deletion	54
3R	7440556	7440624	Deletion	68
3R	7441162	7440624	Deletion	538
3R	7441162	7441285	Deletion	123
3R	7441162	7441221	Deletion	59
3R	7441162	7441280	Deletion	118
3R	7500119	7494178	Deletion	5941
3R	7500119	7500216	Deletion	97
3R	7500119	7500233	Deletion	114
3R	7500119	7500236	Deletion	117
3R	7510543	7510630	Deletion	87
3R	7510556	7510630	Deletion	74
3R	7512029	7510630	Deletion	1399
3R	7512029	7512150	Deletion	121
3R	7512029	7512068	Deletion	39
3R	7512029	7512081	Deletion	52
3R	7541887	7541972	Deletion	85
3R	7541893	7541972	Deletion	79
3R	7541910	7541972	Deletion	62
3R	7541939	7541972	Deletion	33
3R	7542052	7541972	Deletion	80
3R	7542052	7542117	Deletion	65
3R	7542052	7542094	Deletion	42
3R	7542052	7542146	Deletion	94
3R	7544025	7544122	Deletion	97
3R	7544028	7544122	Deletion	94
3R	7544057	7544122	Deletion	65
3R	7544073	7544122	Deletion	49
3R	7544076	7544122	Deletion	46
3R	7544947	7544122	Deletion	825
3R	7544947	7544981	Deletion	34
3R	7544947	7545010	Deletion	63
3R	7544947	7544978	Deletion	31
3R	7544947	7545051	Deletion	104
3R	7544947	7545029	Deletion	82
3R	7556536	7556608	Deletion	72
3R	7556552	7556608	Deletion	56
3R	7556807	7556608	Deletion	199
3R	7556807	7556919	Deletion	112
3R	7556807	7556861	Deletion	54
3R	7556807	7556850	Deletion	43
3R	7556807	7556877	Deletion	70
3R	7572844	7572939	Deletion	95
3R	7572858	7572939	Deletion	81
3R	7572860	7572939	Deletion	79
3R	7572886	7572939	Deletion	53
3R	7572896	7572939	Deletion	43
3R	7572906	7572939	Deletion	33
3R	7579575	7572939	Deletion	6636
3R	7579575	7579649	Deletion	74
3R	7579575	7579676	Deletion	101
3R	7579575	7579669	Deletion	94
3R	7579575	7579623	Deletion	48
3R	7579575	7579607	Deletion	32
3R	7598458	7598576	Deletion	118
3R	7598468	7598576	Deletion	108
3R	7598469	7598576	Deletion	107
3R	7598479	7598576	Deletion	97
3R	7598481	7598576	Deletion	95
3R	7598485	7598576	Deletion	91
3R	7598494	7598576	Deletion	82
3R	7604211	7598576	Deletion	5635
3R	7604211	7604243	Deletion	32
3R	7604211	7604241	Deletion	30
3R	7604211	7604247	Deletion	36
3R	7607131	7607203	Deletion	72
3R	7607144	7607203	Deletion	59
3R	7607172	7607203	Deletion	31
3R	7609878	7607203	Deletion	2675
3R	7609878	7609973	Deletion	95
3R	7609878	7609932	Deletion	54
3R	7609878	7609945	Deletion	67
3R	7610764	7610838	Deletion	74
3R	7610797	7610838	Deletion	41
3R	7620782	7620834	Deletion	52
3R	7625338	7625434	Deletion	96
3R	7625358	7625434	Deletion	76
3R	7625368	7625434	Deletion	66
3R	7625378	7625434	Deletion	56
3R	7625391	7625434	Deletion	43
3R	7625402	7625434	Deletion	32
3R	7637259	7625434	Deletion	11825
3R	7637259	7637355	Deletion	96
3R	7637259	7637311	Deletion	52
3R	7637259	7637331	Deletion	72
3R	7637259	7637321	Deletion	62
3R	7667927	7667996	Deletion	69
3R	7673955	7667996	Deletion	5959
3R	7673955	7674013	Deletion	58
3R	7681947	7682060	Deletion	113
3R	7681967	7682060	Deletion	93
3R	7681971	7682060	Deletion	89
3R	7681981	7682060	Deletion	79
3R	7681992	7682060	Deletion	68
3R	7682026	7682060	Deletion	34
3R	7684915	7682060	Deletion	2855
3R	7684915	7685008	Deletion	93
3R	7684915	7684953	Deletion	38
3R	7684915	7684974	Deletion	59
3R	7684915	7684963	Deletion	48
3R	7685790	7685900	Deletion	110
3R	7685811	7685900	Deletion	89
3R	7685824	7685900	Deletion	76
3R	7685826	7685900	Deletion	74
3R	7685834	7685900	Deletion	66
3R	7685850	7685895	Deletion	45
3R	7685868	7685900	Deletion	32
3R	7687834	7685900	Deletion	1934
3R	7687834	7687871	Deletion	37
3R	7687834	7687939	Deletion	105
3R	7687834	7687886	Deletion	52
3R	7687834	7687894	Deletion	60
3R	7687834	7687910	Deletion	76
3R	7687834	7687942	Deletion	108
3R	7687834	7687884	Deletion	50
3R	7689036	7689107	Deletion	71
3R	7689074	7689107	Deletion	33
3R	7700318	7700423	Deletion	105
3R	7703627	7703702	Deletion	75
3R	7721832	7721933	Deletion	101
3R	7721845	7721933	Deletion	88
3R	7721878	7721933	Deletion	55
3R	7721889	7721933	Deletion	44
3R	7721992	7721933	Deletion	59
3R	7721992	7722074	Deletion	82
3R	7721992	7722063	Deletion	71
3R	7721992	7722030	Deletion	38
3R	7727174	7727274	Deletion	100
3R	7727183	7727274	Deletion	91
3R	7727206	7727274	Deletion	68
3R	7727214	7727274	Deletion	60
3R	7727236	7727270	Deletion	34
3R	7727240	7727274	Deletion	34
3R	7743868	7743956	Deletion	88
3R	7743882	7743956	Deletion	74
3R	7746106	7743956	Deletion	2150
3R	7746106	7746161	Deletion	55
3R	7746106	7746147	Deletion	41
3R	7746106	7746212	Deletion	106
3R	7765119	7765173	Deletion	54
3R	7765127	7765173	Deletion	46
3R	7768812	7765173	Deletion	3639
3R	7768812	7768893	Deletion	81
3R	7768817	7768885	Deletion	68
3R	7785267	7785356	Deletion	89
3R	7785284	7785356	Deletion	72
3R	7785293	7785356	Deletion	63
3R	7785303	7785356	Deletion	53
3R	7785312	7785356	Deletion	44
3R	7785324	7785356	Deletion	32
3R	7785410	7785354	Deletion	56
3R	7785410	7785485	Deletion	75
3R	7785410	7785466	Deletion	56
3R	7785410	7785494	Deletion	84
3R	7785410	7785475	Deletion	65
3R	7785410	7785449	Deletion	39
3R	7785411	7785530	Deletion	119
3R	7802740	7802828	Deletion	88
3R	7802741	7802828	Deletion	87
3R	7802747	7802828	Deletion	81
3R	7802771	7802828	Deletion	57
3R	7802794	7802828	Deletion	34
3R	7804163	7802828	Deletion	1335
3R	7804163	7804262	Deletion	99
3R	7804163	7804232	Deletion	69
3R	7804163	7804255	Deletion	92
3R	7804163	7804202	Deletion	39
3R	7804168	7804201	Deletion	33
3R	7806841	7806914	Deletion	73
3R	7806845	7806914	Deletion	69
3R	7806848	7806914	Deletion	66
3R	7806857	7806914	Deletion	57
3R	7806873	7806914	Deletion	41
3R	7806880	7806914	Deletion	34
3R	7809487	7806914	Deletion	2573
3R	7809487	7809545	Deletion	58
3R	7809487	7809603	Deletion	116
3R	7809487	7809595	Deletion	108
3R	7809487	7809517	Deletion	30
3R	7809487	7809573	Deletion	86
3R	7809487	7809580	Deletion	93
3R	7809487	7809541	Deletion	54
3R	7809487	7809548	Deletion	61
3R	7836259	7836335	Deletion	76
3R	7836280	7836335	Deletion	55
3R	7841485	7836335	Deletion	5150
3R	7841485	7841537	Deletion	52
3R	7843613	7843717	Deletion	104
3R	7843660	7843717	Deletion	57
3R	7848877	7843717	Deletion	5160
3R	7848877	7848994	Deletion	117
3R	7848877	7848947	Deletion	70
3R	7858462	7858538	Deletion	76
3R	7858488	7858540	Deletion	52
3R	7858492	7858540	Deletion	48
3R	7858493	7858540	Deletion	47
3R	7858497	7858540	Deletion	43
3R	7861922	7858540	Deletion	3382
3R	7861922	7862001	Deletion	79
3R	7861922	7861996	Deletion	74
3R	7861922	7862031	Deletion	109
3R	7861922	7862000	Deletion	78
3R	7861922	7862005	Deletion	83
3R	7861922	7861970	Deletion	48
3R	7865179	7865220	Deletion	41
3R	7869313	7865220	Deletion	4093
3R	7869313	7869398	Deletion	85
3R	7870042	7870083	Deletion	41
3R	7870043	7870083	Deletion	40
3R	7870047	7870083	Deletion	36
3R	7873638	7870083	Deletion	3555
3R	7873638	7873725	Deletion	87
3R	7873638	7873724	Deletion	86
3R	7882354	7882427	Deletion	73
3R	7882357	7882427	Deletion	70
3R	7882390	7882427	Deletion	37
3R	7883548	7882427	Deletion	1121
3R	7883548	7883604	Deletion	56
3R	7883548	7883601	Deletion	53
3R	7883548	7883597	Deletion	49
3R	7883548	7883659	Deletion	111
3R	7890790	7890839	Deletion	49
3R	7893096	7890839	Deletion	2257
3R	7893096	7893211	Deletion	115
3R	7893096	7893173	Deletion	77
3R	7901205	7901268	Deletion	63
3R	7901214	7901268	Deletion	54
3R	7901234	7901268	Deletion	34
3R	7908131	7901268	Deletion	6863
3R	7908131	7908203	Deletion	72
3R	7908131	7908194	Deletion	63
3R	7908131	7908223	Deletion	92
3R	7944960	7945069	Deletion	109
3R	7945015	7945069	Deletion	54
3R	7945017	7945069	Deletion	52
3R	7945022	7945069	Deletion	47
3R	7945024	7945069	Deletion	45
3R	7945124	7945069	Deletion	55
3R	7945124	7945196	Deletion	72
3R	7945124	7945203	Deletion	79
3R	7945124	7945198	Deletion	74
3R	7948205	7948276	Deletion	71
3R	7948208	7948276	Deletion	68
3R	7948226	7948276	Deletion	50
3R	7948236	7948276	Deletion	40
3R	7956323	7948276	Deletion	8047
3R	7956323	7956373	Deletion	50
3R	7956323	7956410	Deletion	87
3R	7956323	7956379	Deletion	56
3R	7956323	7956400	Deletion	77
3R	7960251	7960349	Deletion	98
3R	7960292	7960349	Deletion	57
3R	7963950	7960349	Deletion	3601
3R	7963950	7964060	Deletion	110
3R	7975181	7975250	Deletion	69
3R	7975187	7975250	Deletion	63
3R	7975200	7975250	Deletion	50
3R	7975898	7975250	Deletion	648
3R	7975898	7975961	Deletion	63
3R	7975898	7976001	Deletion	103
3R	7975898	7976013	Deletion	115
3R	7975898	7975955	Deletion	57
3R	7977391	7977478	Deletion	87
3R	7977414	7977478	Deletion	64
3R	7977415	7977478	Deletion	63
3R	7981540	7977478	Deletion	4062
3R	7981540	7981603	Deletion	63
3R	7981540	7981602	Deletion	62
3R	7985335	7985441	Deletion	106
3R	8001491	8001606	Deletion	115
3R	8001503	8001606	Deletion	103
3R	8001521	8001606	Deletion	85
3R	8001523	8001606	Deletion	83
3R	8001558	8001606	Deletion	48
3R	8001566	8001606	Deletion	40
3R	8001567	8001606	Deletion	39
3R	8001570	8001606	Deletion	36
3R	8004834	8001606	Deletion	3228
3R	8004834	8004920	Deletion	86
3R	8004834	8004932	Deletion	98
3R	8004834	8004924	Deletion	90
3R	8004834	8004921	Deletion	87
3R	8004834	8004875	Deletion	41
3R	8004834	8004912	Deletion	78
3R	8005693	8005801	Deletion	108
3R	8005702	8005801	Deletion	99
3R	8005708	8005801	Deletion	93
3R	8005727	8005801	Deletion	74
3R	8005732	8005801	Deletion	69
3R	8007225	8005801	Deletion	1424
3R	8007225	8007325	Deletion	100
3R	8007225	8007259	Deletion	34
3R	8007225	8007333	Deletion	108
3R	8007225	8007328	Deletion	103
3R	8007225	8007283	Deletion	58
3R	8017247	8017307	Deletion	60
3R	8017261	8017307	Deletion	46
3R	8024413	8017307	Deletion	7106
3R	8024413	8024517	Deletion	104
3R	8024413	8024481	Deletion	68
3R	8024413	8024495	Deletion	82
3R	8027032	8027140	Deletion	108
3R	8027063	8027140	Deletion	77
3R	8027069	8027140	Deletion	71
3R	8027073	8027140	Deletion	67
3R	8027081	8027140	Deletion	59
3R	8027373	8027140	Deletion	233
3R	8027373	8027435	Deletion	62
3R	8027373	8027443	Deletion	70
3R	8027373	8027496	Deletion	123
3R	8027373	8027490	Deletion	117
3R	8027382	8027425	Deletion	43
3R	8045029	8045108	Deletion	79
3R	8045414	8045529	Deletion	115
3R	8047443	8047514	Deletion	71
3R	8047562	8047655	Deletion	93
3R	8064257	8064366	Deletion	109
3R	8064261	8064366	Deletion	105
3R	8064278	8064366	Deletion	88
3R	8064291	8064366	Deletion	75
3R	8064296	8064366	Deletion	70
3R	8064427	8064366	Deletion	61
3R	8064427	8064543	Deletion	116
3R	8064427	8064483	Deletion	56
3R	8064427	8064465	Deletion	38
3R	8087591	8087679	Deletion	88
3R	8087618	8087679	Deletion	61
3R	8100870	8100935	Deletion	65
3R	8100870	8100984	Deletion	114
3R	8104172	8104246	Deletion	74
3R	8106675	8106761	Deletion	86
3R	8106675	8106728	Deletion	53
3R	8106675	8106789	Deletion	114
3R	8106675	8106770	Deletion	95
3R	8106675	8106781	Deletion	106
3R	8106675	8106762	Deletion	87
3R	8106675	8106725	Deletion	50
3R	8106675	8106717	Deletion	42
3R	8106675	8106754	Deletion	79
3R	8117356	8117475	Deletion	119
3R	8117385	8117475	Deletion	90
3R	8117408	8117475	Deletion	67
3R	8117441	8117475	Deletion	34
3R	8119774	8117475	Deletion	2299
3R	8119774	8119810	Deletion	36
3R	8119774	8119882	Deletion	108
3R	8119774	8119833	Deletion	59
3R	8122188	8122302	Deletion	114
3R	8122190	8122302	Deletion	112
3R	8122212	8122302	Deletion	90
3R	8122223	8122302	Deletion	79
3R	8122239	8122302	Deletion	63
3R	8122255	8122302	Deletion	47
3R	8122255	8122302	Deletion	47
3R	8122262	8122299	Deletion	37
3R	8122272	8122302	Deletion	30
3R	8124990	8122302	Deletion	2688
3R	8124990	8125076	Deletion	86
3R	8124990	8125026	Deletion	36
3R	8124990	8125091	Deletion	101
3R	8124990	8125054	Deletion	64
3R	8124990	8125037	Deletion	47
3R	8124990	8125086	Deletion	96
3R	8155837	8155938	Deletion	101
3R	8155844	8155938	Deletion	94
3R	8155856	8155938	Deletion	82
3R	8175071	8155938	Deletion	19133
3R	8175071	8175115	Deletion	44
3R	8176605	8175649	Deletion	956
3R	8193997	8194117	Deletion	120
3R	8194011	8194117	Deletion	106
3R	8194062	8194117	Deletion	55
3R	8194181	8194117	Deletion	64
3R	8194181	8194254	Deletion	73
3R	8194181	8194281	Deletion	100
3R	8274308	8274382	Deletion	74
3R	8274324	8274382	Deletion	58
3R	8274441	8274382	Deletion	59
3R	8274441	8274493	Deletion	52
3R	8274441	8274490	Deletion	49
3R	8274441	8274509	Deletion	68
3R	8284490	8284534	Deletion	44
3R	8284503	8284534	Deletion	31
3R	8285872	8284534	Deletion	1338
3R	8285872	8285991	Deletion	119
3R	8285872	8285990	Deletion	118
3R	8285872	8285955	Deletion	83
3R	8285872	8285986	Deletion	114
3R	8285872	8285968	Deletion	96
3R	8289225	8289282	Deletion	57
3R	8295589	8289282	Deletion	6307
3R	8295589	8295713	Deletion	124
3R	8295592	8295659	Deletion	67
3R	8298828	8298922	Deletion	94
3R	8298843	8298922	Deletion	79
3R	8298851	8298922	Deletion	71
3R	8298853	8298922	Deletion	69
3R	8299305	8298922	Deletion	383
3R	8299305	8299361	Deletion	56
3R	8299305	8299353	Deletion	48
3R	8299305	8299363	Deletion	58
3R	8309942	8310036	Deletion	94
3R	8309958	8310036	Deletion	78
3R	8309964	8310036	Deletion	72
3R	8309969	8310036	Deletion	67
3R	8309978	8310036	Deletion	58
3R	8309989	8310036	Deletion	47
3R	8309990	8310036	Deletion	46
3R	8309996	8310036	Deletion	40
3R	8310265	8310036	Deletion	229
3R	8310265	8310319	Deletion	54
3R	8310265	8310324	Deletion	59
3R	8310265	8310344	Deletion	79
3R	8310265	8310345	Deletion	80
3R	8310265	8310313	Deletion	48
3R	8310265	8310333	Deletion	68
3R	8310265	8310297	Deletion	32
3R	8313832	8313925	Deletion	93
3R	8313835	8313925	Deletion	90
3R	8313836	8313925	Deletion	89
3R	8313852	8313925	Deletion	73
3R	8313862	8313925	Deletion	63
3R	8322891	8313925	Deletion	8966
3R	8322891	8322929	Deletion	38
3R	8322891	8322945	Deletion	54
3R	8322891	8322925	Deletion	34
3R	8322891	8322928	Deletion	37
3R	8325885	8325980	Deletion	95
3R	8325910	8325980	Deletion	70
3R	8325915	8325980	Deletion	65
3R	8325921	8325980	Deletion	59
3R	8325941	8325980	Deletion	39
3R	8326051	8325980	Deletion	71
3R	8326051	8326113	Deletion	62
3R	8326051	8326083	Deletion	32
3R	8326051	8326175	Deletion	124
3R	8326051	8326119	Deletion	68
3R	8326051	8326155	Deletion	104
3R	8326051	8326149	Deletion	98
3R	8326051	8326108	Deletion	57
3R	8328293	8328358	Deletion	65
3R	8328300	8328358	Deletion	58
3R	8353198	8328358	Deletion	24840
3R	8353198	8353303	Deletion	105
3R	8353198	8353259	Deletion	61
3R	8353198	8353314	Deletion	116
3R	8353198	8353247	Deletion	49
3R	8355428	8355546	Deletion	118
3R	8355504	8355546	Deletion	42
3R	8355508	8355546	Deletion	38
3R	8361193	8355546	Deletion	5647
3R	8361193	8361277	Deletion	84
3R	8362642	8362759	Deletion	117
3R	8362680	8362759	Deletion	79
3R	8362712	8362759	Deletion	47
3R	8385792	8362759	Deletion	23033
3R	8385792	8385907	Deletion	115
3R	8385792	8385871	Deletion	79
3R	8385792	8385903	Deletion	111
3R	8385792	8385905	Deletion	113
3R	8385792	8385897	Deletion	105
3R	8386786	8386891	Deletion	105
3R	8386791	8386891	Deletion	100
3R	8386801	8386891	Deletion	90
3R	8386811	8386891	Deletion	80
3R	8386813	8386891	Deletion	78
3R	8386837	8386891	Deletion	54
3R	8386844	8386891	Deletion	47
3R	8386850	8386891	Deletion	41
3R	8394665	8386891	Deletion	7774
3R	8394665	8394701	Deletion	36
3R	8394665	8394711	Deletion	46
3R	8394665	8394713	Deletion	48
3R	8394665	8394750	Deletion	85
3R	8394665	8394737	Deletion	72
3R	8425007	8425097	Deletion	90
3R	8425015	8425097	Deletion	82
3R	8425895	8425097	Deletion	798
3R	8425895	8425940	Deletion	45
3R	8425895	8426009	Deletion	114
3R	8425895	8425927	Deletion	32
3R	8429938	8429969	Deletion	31
3R	8430874	8429969	Deletion	905
3R	8430874	8430986	Deletion	112
3R	8430874	8430969	Deletion	95
3R	8430874	8430921	Deletion	47
3R	8430874	8430989	Deletion	115
3R	8433614	8433676	Deletion	62
3R	8433622	8433676	Deletion	54
3R	8433639	8433676	Deletion	37
3R	8454072	8433676	Deletion	20396
3R	8454072	8454106	Deletion	34
3R	8454072	8454162	Deletion	90
3R	8454072	8454145	Deletion	73
3R	8456533	8456615	Deletion	82
3R	8456537	8456615	Deletion	78
3R	8456568	8456615	Deletion	47
3R	8460794	8460840	Deletion	46
3R	8460794	8460844	Deletion	50
3R	8460794	8460875	Deletion	81
3R	8470283	8470394	Deletion	111
3R	8470300	8470394	Deletion	94
3R	8470319	8470394	Deletion	75
3R	8470328	8470394	Deletion	66
3R	8470348	8470394	Deletion	46
3R	8472557	8470394	Deletion	2163
3R	8472557	8472671	Deletion	114
3R	8472557	8472608	Deletion	51
3R	8472557	8472589	Deletion	32
3R	8472557	8472617	Deletion	60
3R	8479158	8479226	Deletion	68
3R	8491008	8479226	Deletion	11782
3R	8501113	8501201	Deletion	88
3R	8547498	8501201	Deletion	46297
3R	8554284	8554373	Deletion	89
3R	8554285	8554373	Deletion	88
3R	8554309	8554373	Deletion	64
3R	8554322	8554373	Deletion	51
3R	8554323	8554373	Deletion	50
3R	8554325	8554373	Deletion	48
3R	8556063	8554373	Deletion	1690
3R	8556063	8556141	Deletion	78
3R	8556063	8556101	Deletion	38
3R	8556063	8556139	Deletion	76
3R	8556063	8556138	Deletion	75
3R	8556063	8556100	Deletion	37
3R	8556437	8556538	Deletion	101
3R	8556458	8556538	Deletion	80
3R	8556470	8556538	Deletion	68
3R	8556503	8556538	Deletion	35
3R	8558602	8556538	Deletion	2064
3R	8558602	8558723	Deletion	121
3R	8558602	8558648	Deletion	46
3R	8558602	8558707	Deletion	105
3R	8558602	8558660	Deletion	58
3R	8561947	8562017	Deletion	70
3R	8561950	8562017	Deletion	67
3R	8567536	8562017	Deletion	5519
3R	8567536	8567593	Deletion	57
3R	8567536	8567596	Deletion	60
3R	8587210	8587274	Deletion	64
3R	8587239	8587274	Deletion	35
3R	8587717	8587274	Deletion	443
3R	8587717	8587837	Deletion	120
3R	8587717	8587809	Deletion	92
3R	8587717	8587780	Deletion	63
3R	8587902	8587969	Deletion	67
3R	8587914	8587969	Deletion	55
3R	8587931	8587969	Deletion	38
3R	8597958	8587969	Deletion	9989
3R	8597958	8598046	Deletion	88
3R	8597958	8598029	Deletion	71
3R	8597958	8598065	Deletion	107
3R	8597958	8598067	Deletion	109
3R	8597958	8598005	Deletion	47
3R	8613107	8613191	Deletion	84
3R	8613109	8613191	Deletion	82
3R	8616821	8613191	Deletion	3630
3R	8616821	8616865	Deletion	44
3R	8616893	8616995	Deletion	102
3R	8617046	8616995	Deletion	51
3R	8617660	8617747	Deletion	87
3R	8617699	8617747	Deletion	48
3R	8635071	8617747	Deletion	17324
3R	8635071	8635185	Deletion	114
3R	8635071	8635149	Deletion	78
3R	8635071	8635188	Deletion	117
3R	8635071	8635110	Deletion	39
3R	8636260	8636364	Deletion	104
3R	8636470	8636364	Deletion	106
3R	8645877	8645992	Deletion	115
3R	8645904	8645992	Deletion	88
3R	8645938	8645992	Deletion	54
3R	8645955	8645992	Deletion	37
3R	8646317	8646356	Deletion	39
3R	8646317	8646407	Deletion	90
3R	8655053	8655088	Deletion	35
3R	8655142	8655088	Deletion	54
3R	8655142	8655234	Deletion	92
3R	8655142	8655262	Deletion	120
3R	8661679	8661793	Deletion	114
3R	8661681	8661793	Deletion	112
3R	8661705	8661793	Deletion	88
3R	8661718	8661793	Deletion	75
3R	8661760	8661793	Deletion	33
3R	8662064	8661793	Deletion	271
3R	8662064	8662171	Deletion	107
3R	8662064	8662157	Deletion	93
3R	8662064	8662115	Deletion	51
3R	8700681	8700761	Deletion	80
3R	8700719	8700761	Deletion	42
3R	8700722	8700761	Deletion	39
3R	8700729	8700761	Deletion	32
3R	8701856	8700761	Deletion	1095
3R	8701856	8701900	Deletion	44
3R	8701856	8701943	Deletion	87
3R	8701856	8701902	Deletion	46
3R	8701856	8701940	Deletion	84
3R	8701856	8701950	Deletion	94
3R	8701856	8701972	Deletion	116
3R	8703238	8703306	Deletion	68
3R	8703261	8703306	Deletion	45
3R	8703264	8703306	Deletion	42
3R	8704988	8703306	Deletion	1682
3R	8704988	8705092	Deletion	104
3R	8704988	8705095	Deletion	107
3R	8704988	8705069	Deletion	81
3R	8704988	8705042	Deletion	54
3R	8704988	8705046	Deletion	58
3R	8706105	8706198	Deletion	93
3R	8709119	8709240	Deletion	121
3R	8709119	8709232	Deletion	113
3R	8709119	8709236	Deletion	117
3R	8728092	8728186	Deletion	94
3R	8728103	8728186	Deletion	83
3R	8728108	8728186	Deletion	78
3R	8728113	8728186	Deletion	73
3R	8728133	8728186	Deletion	53
3R	8728150	8728186	Deletion	36
3R	8729468	8728186	Deletion	1282
3R	8729468	8729523	Deletion	55
3R	8729468	8729569	Deletion	101
3R	8729468	8729543	Deletion	75
3R	8729468	8729513	Deletion	45
3R	8729468	8729575	Deletion	107
3R	8729468	8729518	Deletion	50
3R	8729468	8729571	Deletion	103
3R	8729468	8729502	Deletion	34
3R	8738713	8738809	Deletion	96
3R	8738745	8738809	Deletion	64
3R	8738764	8738809	Deletion	45
3R	8738773	8738809	Deletion	36
3R	8738873	8738809	Deletion	64
3R	8738873	8738964	Deletion	91
3R	8738873	8738936	Deletion	63
3R	8738873	8738904	Deletion	31
3R	8738873	8738979	Deletion	106
3R	8786033	8786126	Deletion	93
3R	8786066	8786126	Deletion	60
3R	8791881	8786126	Deletion	5755
3R	8791881	8791914	Deletion	33
3R	8821755	8821794	Deletion	39
3R	8823042	8821794	Deletion	1248
3R	8823042	8823163	Deletion	121
3R	8823042	8823158	Deletion	116
3R	8823042	8823129	Deletion	87
3R	8823911	8823997	Deletion	86
3R	8823926	8823997	Deletion	71
3R	8823930	8823997	Deletion	67
3R	8832466	8823997	Deletion	8469
3R	8832466	8832575	Deletion	109
3R	8832466	8832506	Deletion	40
3R	8832466	8832581	Deletion	115
3R	8832466	8832521	Deletion	55
3R	8845337	8845398	Deletion	61
3R	8845344	8845398	Deletion	54
3R	8846068	8845398	Deletion	670
3R	8846068	8846180	Deletion	112
3R	8846068	8846188	Deletion	120
3R	8846068	8846128	Deletion	60
3R	8846068	8846140	Deletion	72
3R	8852016	8852116	Deletion	100
3R	8852020	8852116	Deletion	96
3R	8852026	8852116	Deletion	90
3R	8852029	8852116	Deletion	87
3R	8852052	8852116	Deletion	64
3R	8853805	8852116	Deletion	1689
3R	8853805	8853916	Deletion	111
3R	8853805	8853867	Deletion	62
3R	8853805	8853844	Deletion	39
3R	8853805	8853909	Deletion	104
3R	8855374	8855488	Deletion	114
3R	8855401	8855488	Deletion	87
3R	8855406	8855488	Deletion	82
3R	8855436	8855488	Deletion	52
3R	8855452	8855488	Deletion	36
3R	8855456	8855488	Deletion	32
3R	8862149	8855488	Deletion	6661
3R	8862149	8862268	Deletion	119
3R	8862149	8862194	Deletion	45
3R	8862149	8862189	Deletion	40
3R	8862149	8862224	Deletion	75
3R	8862149	8862240	Deletion	91
3R	8862153	8862244	Deletion	91
3R	8862244	8862354	Deletion	110
3R	8862256	8862354	Deletion	98
3R	8862263	8862354	Deletion	91
3R	8862294	8862354	Deletion	60
3R	8862320	8862354	Deletion	34
3R	8885943	8885978	Deletion	35
3R	8885943	8886035	Deletion	92
3R	8885943	8886009	Deletion	66
3R	8890806	8890874	Deletion	68
3R	8890819	8890874	Deletion	55
3R	8894743	8890874	Deletion	3869
3R	8894743	8894815	Deletion	72
3R	8922138	8922210	Deletion	72
3R	8922143	8922210	Deletion	67
3R	8922144	8922210	Deletion	66
3R	8922153	8922210	Deletion	57
3R	8922174	8922210	Deletion	36
3R	8922177	8922210	Deletion	33
3R	8926867	8922210	Deletion	4657
3R	8926867	8926979	Deletion	112
3R	8926867	8926927	Deletion	60
3R	8926867	8926922	Deletion	55
3R	8926867	8926928	Deletion	61
3R	8926867	8926958	Deletion	91
3R	8926867	8926989	Deletion	122
3R	8926867	8926961	Deletion	94
3R	8939967	8940022	Deletion	55
3R	8939971	8940022	Deletion	51
3R	8939983	8940022	Deletion	39
3R	8940191	8940022	Deletion	169
3R	8940191	8940267	Deletion	76
3R	8940191	8940279	Deletion	88
3R	8940191	8940263	Deletion	72
3R	8940191	8940305	Deletion	114
3R	8962360	8962464	Deletion	104
3R	8962363	8962464	Deletion	101
3R	8962367	8962464	Deletion	97
3R	8962370	8962464	Deletion	94
3R	8962377	8962464	Deletion	87
3R	8962407	8962464	Deletion	57
3R	8962430	8962464	Deletion	34
3R	8962432	8962464	Deletion	32
3R	8988131	8962464	Deletion	25667
3R	8988131	8988225	Deletion	94
3R	8988131	8988163	Deletion	32
3R	8988131	8988223	Deletion	92
3R	8988131	8988200	Deletion	69
3R	8997129	8997235	Deletion	106
3R	8997158	8997235	Deletion	77
3R	8997165	8997235	Deletion	70
3R	8997170	8997235	Deletion	65
3R	8997176	8997235	Deletion	59
3R	8997177	8997235	Deletion	58
3R	8997181	8997235	Deletion	54
3R	8997194	8997235	Deletion	41
3R	8997203	8997235	Deletion	32
3R	8997205	8997235	Deletion	30
3R	9000804	8997235	Deletion	3569
3R	9000804	9000872	Deletion	68
3R	9000804	9000871	Deletion	67
3R	9000804	9000865	Deletion	61
3R	9000804	9000853	Deletion	49
3R	9000825	9000860	Deletion	35
3R	9000836	9000872	Deletion	36
3R	9000842	9000872	Deletion	30
3R	9008164	9000872	Deletion	7292
3R	9008164	9008243	Deletion	79
3R	9008164	9008260	Deletion	96
3R	9011100	9011166	Deletion	66
3R	9011114	9011166	Deletion	52
3R	9011132	9011166	Deletion	34
3R	9011656	9011166	Deletion	490
3R	9011656	9011691	Deletion	35
3R	9011656	9011749	Deletion	93
3R	9011656	9011766	Deletion	110
3R	9011656	9011717	Deletion	61
3R	9018145	9018235	Deletion	90
3R	9018160	9018235	Deletion	75
3R	9018163	9018235	Deletion	72
3R	9018186	9018235	Deletion	49
3R	9018505	9018235	Deletion	270
3R	9018505	9018607	Deletion	102
3R	9018505	9018559	Deletion	54
3R	9018505	9018556	Deletion	51
3R	9018505	9018612	Deletion	107
3R	9018505	9018541	Deletion	36
3R	9053741	9053783	Deletion	42
3R	9056036	9056156	Deletion	120
3R	9056036	9056140	Deletion	104
3R	9063383	9063488	Deletion	105
3R	9063430	9063488	Deletion	58
3R	9063440	9063488	Deletion	48
3R	9063454	9063488	Deletion	34
3R	9063615	9063488	Deletion	127
3R	9063615	9063733	Deletion	118
3R	9063615	9063707	Deletion	92
3R	9063615	9063693	Deletion	78
3R	9063615	9063739	Deletion	124
3R	9074395	9074350	Deletion	45
3R	9074395	9074516	Deletion	121
3R	9074395	9074514	Deletion	119
3R	9074395	9074504	Deletion	109
3R	9095831	9095927	Deletion	96
3R	9095834	9095927	Deletion	93
3R	9095842	9095927	Deletion	85
3R	9095845	9095927	Deletion	82
3R	9095847	9095927	Deletion	80
3R	9095854	9095927	Deletion	73
3R	9095885	9095927	Deletion	42
3R	9115224	9095927	Deletion	19297
3R	9115224	9115265	Deletion	41
3R	9115224	9115308	Deletion	84
3R	9115224	9115343	Deletion	119
3R	9115224	9115277	Deletion	53
3R	9115224	9115270	Deletion	46
3R	9115224	9115268	Deletion	44
3R	9115224	9115257	Deletion	33
3R	9115500	9115608	Deletion	108
3R	9115514	9115608	Deletion	94
3R	9115524	9115608	Deletion	84
3R	9115545	9115608	Deletion	63
3R	9115549	9115608	Deletion	59
3R	9115701	9115608	Deletion	93
3R	9115701	9115734	Deletion	33
3R	9115701	9115766	Deletion	65
3R	9115701	9115810	Deletion	109
3R	9115701	9115769	Deletion	68
3R	9115701	9115744	Deletion	43
3R	9116076	9116112	Deletion	36
3R	9116333	9116112	Deletion	221
3R	9116333	9116433	Deletion	100
3R	9116333	9116438	Deletion	105
3R	9116333	9116424	Deletion	91
3R	9116466	9116570	Deletion	104
3R	9116509	9116570	Deletion	61
3R	9116534	9116570	Deletion	36
3R	9116759	9116570	Deletion	189
3R	9116759	9116849	Deletion	90
3R	9127080	9127171	Deletion	91
3R	9127093	9127171	Deletion	78
3R	9127129	9127171	Deletion	42
3R	9130625	9127171	Deletion	3454
3R	9130625	9130674	Deletion	49
3R	9130625	9130661	Deletion	36
3R	9130625	9130742	Deletion	117
3R	9137386	9137498	Deletion	112
3R	9137390	9137498	Deletion	108
3R	9137392	9137498	Deletion	106
3R	9137418	9137498	Deletion	80
3R	9137427	9137498	Deletion	71
3R	9137428	9137498	Deletion	70
3R	9137450	9137498	Deletion	48
3R	9142190	9137494	Deletion	4696
3R	9142190	9142247	Deletion	57
3R	9142190	9142302	Deletion	112
3R	9142190	9142296	Deletion	106
3R	9142190	9142237	Deletion	47
3R	9142190	9142311	Deletion	121
3R	9142190	9142269	Deletion	79
3R	9150874	9150983	Deletion	109
3R	9150900	9150983	Deletion	83
3R	9150909	9150983	Deletion	74
3R	9150937	9150983	Deletion	46
3R	9154178	9150983	Deletion	3195
3R	9154178	9154230	Deletion	52
3R	9154178	9154258	Deletion	80
3R	9154178	9154221	Deletion	43
3R	9154178	9154291	Deletion	113
3R	9194602	9194276	Deletion	326
3R	9194602	9194716	Deletion	114
3R	9194602	9194666	Deletion	64
3R	9194602	9194721	Deletion	119
3R	9194602	9194715	Deletion	113
3R	9195206	9195324	Deletion	118
3R	9195224	9195324	Deletion	100
3R	9195251	9195324	Deletion	73
3R	9195293	9195324	Deletion	31
3R	9204196	9195324	Deletion	8872
3R	9204196	9204292	Deletion	96
3R	9204196	9204302	Deletion	106
3R	9204196	9204298	Deletion	102
3R	9204196	9204308	Deletion	112
3R	9211819	9211924	Deletion	105
3R	9211852	9211924	Deletion	72
3R	9211856	9211924	Deletion	68
3R	9211859	9211924	Deletion	65
3R	9211867	9211924	Deletion	57
3R	9211876	9211924	Deletion	48
3R	9239075	9211924	Deletion	27151
3R	9239075	9239130	Deletion	55
3R	9239075	9239145	Deletion	70
3R	9239075	9239137	Deletion	62
3R	9239075	9239154	Deletion	79
3R	9259384	9259445	Deletion	61
3R	9259385	9259445	Deletion	60
3R	9259386	9259445	Deletion	59
3R	9259393	9259445	Deletion	52
3R	9259406	9259445	Deletion	39
3R	9263232	9259445	Deletion	3787
3R	9263232	9263298	Deletion	66
3R	9263232	9263320	Deletion	88
3R	9263232	9263307	Deletion	75
3R	9263232	9263300	Deletion	68
3R	9263232	9263299	Deletion	67
3R	9265212	9265318	Deletion	106
3R	9265245	9265318	Deletion	73
3R	9265255	9265318	Deletion	63
3R	9265279	9265318	Deletion	39
3R	9267374	9265318	Deletion	2056
3R	9267374	9267490	Deletion	116
3R	9267374	9267461	Deletion	87
3R	9267374	9267427	Deletion	53
3R	9267374	9267487	Deletion	113
3R	9279306	9279375	Deletion	69
3R	9281542	9281625	Deletion	83
3R	9281542	9281618	Deletion	76
3R	9282248	9282289	Deletion	41
3R	9283727	9283829	Deletion	102
3R	9284879	9284946	Deletion	67
3R	9284900	9284946	Deletion	46
3R	9295004	9284946	Deletion	10058
3R	9295004	9295085	Deletion	81
3R	9304365	9302308	Deletion	2057
3R	9311812	9311916	Deletion	104
3R	9311823	9311916	Deletion	93
3R	9311847	9311916	Deletion	69
3R	9311849	9311916	Deletion	67
3R	9311855	9311916	Deletion	61
3R	9312972	9311916	Deletion	1056
3R	9312972	9313032	Deletion	60
3R	9312972	9313030	Deletion	58
3R	9312977	9313006	Deletion	29
3R	9329179	9329231	Deletion	52
3R	9329182	9329233	Deletion	51
3R	9329189	9329233	Deletion	44
3R	9329288	9329233	Deletion	55
3R	9329288	9329373	Deletion	85
3R	9329288	9329363	Deletion	75
3R	9330744	9330838	Deletion	94
3R	9330754	9330838	Deletion	84
3R	9330760	9330838	Deletion	78
3R	9330767	9330838	Deletion	71
3R	9345442	9330838	Deletion	14604
3R	9345442	9345475	Deletion	33
3R	9345442	9345491	Deletion	49
3R	9345447	9345498	Deletion	51
3R	9360785	9360888	Deletion	103
3R	9360827	9360888	Deletion	61
3R	9360832	9360888	Deletion	56
3R	9360839	9360888	Deletion	49
3R	9360841	9360888	Deletion	47
3R	9360851	9360888	Deletion	37
3R	9360855	9360888	Deletion	33
3R	9361293	9360888	Deletion	405
3R	9361293	9361373	Deletion	80
3R	9361293	9361387	Deletion	94
3R	9361293	9361364	Deletion	71
3R	9361293	9361399	Deletion	106
3R	9361293	9361371	Deletion	78
3R	9361293	9361383	Deletion	90
3R	9364400	9364466	Deletion	66
3R	9364408	9364466	Deletion	58
3R	9364411	9364466	Deletion	55
3R	9364426	9364466	Deletion	40
3R	9372075	9364466	Deletion	7609
3R	9372075	9372163	Deletion	88
3R	9372075	9372179	Deletion	104
3R	9372075	9372145	Deletion	70
3R	9372075	9372130	Deletion	55
3R	9372075	9372148	Deletion	73
3R	9384261	9384306	Deletion	45
3R	9384264	9384306	Deletion	42
3R	9384267	9384306	Deletion	39
3R	9405404	9384306	Deletion	21098
3R	9405404	9405493	Deletion	89
3R	9405404	9405490	Deletion	86
3R	9421224	9421304	Deletion	80
3R	9421228	9421304	Deletion	76
3R	9421240	9421304	Deletion	64
3R	9421253	9421304	Deletion	51
3R	9421267	9421304	Deletion	37
3R	9435697	9421304	Deletion	14393
3R	9435697	9435818	Deletion	121
3R	9435697	9435727	Deletion	30
3R	9435697	9435743	Deletion	46
3R	9435697	9435759	Deletion	62
3R	9435697	9435747	Deletion	50
3R	9435697	9435772	Deletion	75
3R	9435697	9435794	Deletion	97
3R	9440033	9440139	Deletion	106
3R	9440057	9440139	Deletion	82
3R	9440058	9440139	Deletion	81
3R	9440065	9440139	Deletion	74
3R	9440096	9440139	Deletion	43
3R	9450051	9440139	Deletion	9912
3R	9450051	9450172	Deletion	121
3R	9450051	9450173	Deletion	122
3R	9450051	9450104	Deletion	53
3R	9450051	9450097	Deletion	46
3R	9450051	9450135	Deletion	84
3R	9451782	9451857	Deletion	75
3R	9451785	9451857	Deletion	72
3R	9451817	9451857	Deletion	40
3R	9452512	9451857	Deletion	655
3R	9452512	9452564	Deletion	52
3R	9452512	9452567	Deletion	55
3R	9455628	9455702	Deletion	74
3R	9455633	9455702	Deletion	69
3R	9455637	9455702	Deletion	65
3R	9455656	9455702	Deletion	46
3R	9456670	9456731	Deletion	61
3R	9456670	9456727	Deletion	57
3R	9456670	9456750	Deletion	80
3R	9456670	9456772	Deletion	102
3R	9457695	9457762	Deletion	67
3R	9457701	9457762	Deletion	61
3R	9457720	9457762	Deletion	42
3R	9457723	9457762	Deletion	39
3R	9460454	9457762	Deletion	2692
3R	9460454	9460541	Deletion	87
3R	9460454	9460513	Deletion	59
3R	9460454	9460519	Deletion	65
3R	9460454	9460538	Deletion	84
3R	9460454	9460499	Deletion	45
3R	9460454	9460557	Deletion	103
3R	9471730	9471838	Deletion	108
3R	9471751	9471838	Deletion	87
3R	9471777	9471838	Deletion	61
3R	9471808	9471838	Deletion	30
3R	9472758	9471838	Deletion	920
3R	9472758	9472797	Deletion	39
3R	9472758	9472823	Deletion	65
3R	9472758	9472869	Deletion	111
3R	9542198	9542294	Deletion	96
3R	9542203	9542294	Deletion	91
3R	9542217	9542294	Deletion	77
3R	9542224	9542294	Deletion	70
3R	9542254	9542294	Deletion	40
3R	9543364	9542294	Deletion	1070
3R	9543364	9543413	Deletion	49
3R	9543364	9543420	Deletion	56
3R	9543364	9543450	Deletion	86
3R	9543364	9543394	Deletion	30
3R	9545477	9545581	Deletion	104
3R	9545486	9545581	Deletion	95
3R	9545515	9545581	Deletion	66
3R	9545536	9545581	Deletion	45
3R	9545542	9545581	Deletion	39
3R	9546158	9545581	Deletion	577
3R	9546158	9546246	Deletion	88
3R	9546158	9546219	Deletion	61
3R	9546158	9546278	Deletion	120
3R	9546158	9546190	Deletion	32
3R	9609426	9609533	Deletion	107
3R	9609428	9609533	Deletion	105
3R	9609445	9609533	Deletion	88
3R	9609457	9609533	Deletion	76
3R	9609494	9609533	Deletion	39
3R	9609500	9609533	Deletion	33
3R	9614427	9614523	Deletion	96
3R	9614427	9614517	Deletion	90
3R	9614427	9614469	Deletion	42
3R	9616675	9616764	Deletion	89
3R	9616717	9616764	Deletion	47
3R	9616726	9616764	Deletion	38
3R	9616729	9616764	Deletion	35
3R	9616732	9616764	Deletion	32
3R	9629161	9616764	Deletion	12397
3R	9629161	9629198	Deletion	37
3R	9629161	9629255	Deletion	94
3R	9629161	9629252	Deletion	91
3R	9629161	9629264	Deletion	103
3R	9629161	9629240	Deletion	79
3R	9637851	9637953	Deletion	102
3R	9637867	9637953	Deletion	86
3R	9637889	9637953	Deletion	64
3R	9637904	9637953	Deletion	49
3R	9637915	9637953	Deletion	38
3R	9637920	9637953	Deletion	33
3R	9640823	9640919	Deletion	96
3R	9640823	9640914	Deletion	91
3R	9640823	9640866	Deletion	43
3R	9640823	9640888	Deletion	65
3R	9640823	9640946	Deletion	123
3R	9640823	9640903	Deletion	80
3R	9650259	9650326	Deletion	67
3R	9650269	9650326	Deletion	57
3R	9650275	9650326	Deletion	51
3R	9653523	9650326	Deletion	3197
3R	9653523	9653598	Deletion	75
3R	9653523	9653592	Deletion	69
3R	9653523	9653582	Deletion	59
3R	9658399	9658493	Deletion	94
3R	9658418	9658493	Deletion	75
3R	9658429	9658493	Deletion	64
3R	9658437	9658493	Deletion	56
3R	9658449	9658493	Deletion	44
3R	9658582	9658493	Deletion	89
3R	9658582	9658615	Deletion	33
3R	9658582	9658645	Deletion	63
3R	9658582	9658634	Deletion	52
3R	9658582	9658665	Deletion	83
3R	9658582	9658653	Deletion	71
3R	9661033	9661101	Deletion	68
3R	9661035	9661101	Deletion	66
3R	9661038	9661101	Deletion	63
3R	9661050	9661101	Deletion	51
3R	9662478	9661101	Deletion	1377
3R	9662478	9662577	Deletion	99
3R	9662478	9662539	Deletion	61
3R	9662478	9662585	Deletion	107
3R	9662478	9662537	Deletion	59
3R	9662478	9662554	Deletion	76
3R	9679483	9679594	Deletion	111
3R	9679505	9679594	Deletion	89
3R	9679514	9679594	Deletion	80
3R	9679533	9679594	Deletion	61
3R	9679545	9679594	Deletion	49
3R	9679556	9679594	Deletion	38
3R	9680412	9679594	Deletion	818
3R	9680412	9680522	Deletion	110
3R	9680412	9680501	Deletion	89
3R	9680412	9680527	Deletion	115
3R	9680412	9680518	Deletion	106
3R	9680412	9680490	Deletion	78
3R	9680412	9680450	Deletion	38
3R	9680412	9680515	Deletion	103
3R	9680412	9680478	Deletion	66
3R	9683071	9683171	Deletion	100
3R	9683085	9683171	Deletion	86
3R	9683090	9683171	Deletion	81
3R	9683095	9683171	Deletion	76
3R	9683123	9683171	Deletion	48
3R	9683222	9683171	Deletion	51
3R	9683222	9683267	Deletion	45
3R	9683222	9683272	Deletion	50
3R	9683222	9683326	Deletion	104
3R	9683222	9683300	Deletion	78
3R	9683222	9683262	Deletion	40
3R	9686429	9686549	Deletion	120
3R	9686429	9686520	Deletion	91
3R	9686429	9686478	Deletion	49
3R	9693749	9693831	Deletion	82
3R	9693749	9693866	Deletion	117
3R	9693749	9693861	Deletion	112
3R	9696085	9696121	Deletion	36
3R	9696087	9696121	Deletion	34
3R	9731445	9731485	Deletion	40
3R	9768512	9731485	Deletion	37027
3R	9768512	9768632	Deletion	120
3R	9768512	9768601	Deletion	89
3R	9777013	9777101	Deletion	88
3R	9777018	9777101	Deletion	83
3R	9777068	9777101	Deletion	33
3R	9800563	9777101	Deletion	23462
3R	9800563	9800606	Deletion	43
3R	9800563	9800595	Deletion	32
3R	9800563	9800601	Deletion	38
3R	9800563	9800656	Deletion	93
3R	9800563	9800676	Deletion	113
3R	9807132	9807226	Deletion	94
3R	9807142	9807226	Deletion	84
3R	9807148	9807225	Deletion	77
3R	9807150	9807226	Deletion	76
3R	9807165	9807226	Deletion	61
3R	9807189	9807226	Deletion	37
3R	9809221	9807226	Deletion	1995
3R	9809221	9809319	Deletion	98
3R	9809221	9809253	Deletion	32
3R	9809221	9809269	Deletion	48
3R	9809221	9809310	Deletion	89
3R	9809221	9809271	Deletion	50
3R	9809221	9809263	Deletion	42
3R	9809221	9809286	Deletion	65
3R	9864149	9864250	Deletion	101
3R	9864178	9864250	Deletion	72
3R	9864182	9864250	Deletion	68
3R	9864187	9864250	Deletion	63
3R	9864219	9864250	Deletion	31
3R	9864220	9864250	Deletion	30
3R	9873284	9864250	Deletion	9034
3R	9873284	9873343	Deletion	59
3R	9873284	9873381	Deletion	97
3R	9873284	9873348	Deletion	64
3R	9873284	9873398	Deletion	114
3R	9873284	9873380	Deletion	96
3R	9885420	9885496	Deletion	76
3R	9885440	9885496	Deletion	56
3R	9895620	9885496	Deletion	10124
3R	9895620	9895690	Deletion	70
3R	9895620	9895670	Deletion	50
3R	9904033	9904134	Deletion	101
3R	9904092	9904134	Deletion	42
3R	9904997	9904134	Deletion	863
3R	9904997	9905082	Deletion	85
3R	9915042	9915132	Deletion	90
3R	9915059	9915132	Deletion	73
3R	9915085	9915132	Deletion	47
3R	9915092	9915132	Deletion	40
3R	9915741	9915132	Deletion	609
3R	9915741	9915820	Deletion	79
3R	9915741	9915794	Deletion	53
3R	9915741	9915777	Deletion	36
3R	9915741	9915827	Deletion	86
3R	9925666	9925761	Deletion	95
3R	9925686	9925761	Deletion	75
3R	9925992	9925761	Deletion	231
3R	9925992	9926043	Deletion	51
3R	9925992	9926102	Deletion	110
3R	9925992	9926023	Deletion	31
3R	9926741	9926806	Deletion	65
3R	9926775	9926806	Deletion	31
3R	9930369	9926806	Deletion	3563
3R	9930369	9930426	Deletion	57
3R	9930369	9930489	Deletion	120
3R	9930369	9930431	Deletion	62
3R	9930369	9930474	Deletion	105
3R	9930369	9930465	Deletion	96
3R	9930369	9930482	Deletion	113
3R	9943304	9943418	Deletion	114
3R	9943357	9943418	Deletion	61
3R	9950112	9943418	Deletion	6694
3R	9950112	9950179	Deletion	67
3R	9957032	9957089	Deletion	57
3R	9957034	9957089	Deletion	55
3R	9959899	9957089	Deletion	2810
3R	9959899	9959950	Deletion	51
3R	9959899	9959969	Deletion	70
3R	9959899	9960018	Deletion	119
3R	9959899	9959971	Deletion	72
3R	9961257	9961374	Deletion	117
3R	9961267	9961374	Deletion	107
3R	9961278	9961374	Deletion	96
3R	9961282	9961374	Deletion	92
3R	9961289	9961374	Deletion	85
3R	9961304	9961374	Deletion	70
3R	9961326	9961374	Deletion	48
3R	9961424	9961374	Deletion	50
3R	9961424	9961459	Deletion	35
3R	9961424	9961538	Deletion	114
3R	9961424	9961455	Deletion	31
3R	9961424	9961537	Deletion	113
3R	9961424	9961481	Deletion	57
3R	9961424	9961503	Deletion	79
3R	9967021	9967111	Deletion	90
3R	9967035	9967111	Deletion	76
3R	9967045	9967111	Deletion	66
3R	9967056	9967111	Deletion	55
3R	9967059	9967111	Deletion	52
3R	9968981	9967111	Deletion	1870
3R	9968981	9969056	Deletion	75
3R	9968981	9969053	Deletion	72
3R	9968981	9969032	Deletion	51
3R	9968981	9969018	Deletion	37
3R	9981377	9981449	Deletion	72
3R	9981382	9981449	Deletion	67
3R	9981397	9981449	Deletion	52
3R	9981409	9981449	Deletion	40
3R	9986275	9981449	Deletion	4826
3R	9986275	9986350	Deletion	75
3R	9986275	9986335	Deletion	60
3R	9986275	9986362	Deletion	87
3R	9989117	9989184	Deletion	67
3R	9989135	9989184	Deletion	49
3R	9989307	9989184	Deletion	123
3R	9989307	9989367	Deletion	60
3R	9989307	9989427	Deletion	120
3R	10001021	10001132	Deletion	111
3R	10001022	10001132	Deletion	110
3R	10001051	10001132	Deletion	81
3R	10001073	10001132	Deletion	59
3R	10001099	10001132	Deletion	33
3R	10002903	10001132	Deletion	1771
3R	10002903	10002948	Deletion	45
3R	10002903	10002996	Deletion	93
3R	10020098	10020181	Deletion	83
3R	10020141	10020181	Deletion	40
3R	10027065	10020181	Deletion	6884
3R	10027065	10027151	Deletion	86
3R	10027065	10027108	Deletion	43
3R	10028982	10029098	Deletion	116
3R	10029058	10029098	Deletion	40
3R	10030442	10029098	Deletion	1344
3R	10033874	10033970	Deletion	96
3R	10033893	10033970	Deletion	77
3R	10033922	10033970	Deletion	48
3R	10033939	10033970	Deletion	31
3R	10034306	10033970	Deletion	336
3R	10034306	10034401	Deletion	95
3R	10034306	10034336	Deletion	30
3R	10034306	10034384	Deletion	78
3R	10043925	10044010	Deletion	85
3R	10043926	10044010	Deletion	84
3R	10043960	10044010	Deletion	50
3R	10043972	10044010	Deletion	38
3R	10057920	10044010	Deletion	13910
3R	10057920	10058024	Deletion	104
3R	10057920	10058009	Deletion	89
3R	10057920	10057962	Deletion	42
3R	10057920	10057963	Deletion	43
3R	10057920	10058027	Deletion	107
3R	10064590	10064682	Deletion	92
3R	10064605	10064682	Deletion	77
3R	10069373	10069484	Deletion	111
3R	10069373	10069408	Deletion	35
3R	10069373	10069495	Deletion	122
3R	10073747	10073696	Deletion	51
3R	10073747	10073845	Deletion	98
3R	10073747	10073862	Deletion	115
3R	10073747	10073855	Deletion	108
3R	10073747	10073860	Deletion	113
3R	10084813	10084892	Deletion	79
3R	10089978	10084892	Deletion	5086
3R	10089978	10090081	Deletion	103
3R	10093160	10093224	Deletion	64
3R	10093179	10093224	Deletion	45
3R	10093181	10093224	Deletion	43
3R	10093182	10093224	Deletion	42
3R	10093183	10093224	Deletion	41
3R	10102129	10102212	Deletion	83
3R	10102129	10102214	Deletion	85
3R	10102129	10102232	Deletion	103
3R	10102129	10102191	Deletion	62
3R	10102129	10102253	Deletion	124
3R	10102129	10102210	Deletion	81
3R	10102129	10102213	Deletion	84
3R	10107021	10107141	Deletion	120
3R	10107032	10107141	Deletion	109
3R	10107042	10107141	Deletion	99
3R	10107049	10107141	Deletion	92
3R	10107082	10107141	Deletion	59
3R	10107084	10107141	Deletion	57
3R	10107085	10107141	Deletion	56
3R	10107086	10107141	Deletion	55
3R	10108769	10107141	Deletion	1628
3R	10108769	10108892	Deletion	123
3R	10108769	10108838	Deletion	69
3R	10108769	10108836	Deletion	67
3R	10108769	10108866	Deletion	97
3R	10108769	10108871	Deletion	102
3R	10108769	10108840	Deletion	71
3R	10108769	10108884	Deletion	115
3R	10108769	10108803	Deletion	34
3R	10112832	10112887	Deletion	55
3R	10113857	10112887	Deletion	970
3R	10113857	10113929	Deletion	72
3R	10136860	10136890	Deletion	30
3R	10147989	10136890	Deletion	11099
3R	10158955	10159038	Deletion	83
3R	10158957	10159038	Deletion	81
3R	10158959	10159038	Deletion	79
3R	10158998	10159038	Deletion	40
3R	10165250	10159038	Deletion	6212
3R	10165250	10165372	Deletion	122
3R	10165250	10165295	Deletion	45
3R	10165250	10165336	Deletion	86
3R	10165250	10165293	Deletion	43
3R	10165250	10165297	Deletion	47
3R	10173944	10174031	Deletion	87
3R	10173997	10174031	Deletion	34
3R	10174120	10174031	Deletion	89
3R	10174120	10174212	Deletion	92
3R	10174299	10174352	Deletion	53
3R	10177645	10174352	Deletion	3293
3R	10177645	10177767	Deletion	122
3R	10177645	10177718	Deletion	73
3R	10177645	10177697	Deletion	52
3R	10189363	10189482	Deletion	119
3R	10189367	10189482	Deletion	115
3R	10189368	10189482	Deletion	114
3R	10189380	10189482	Deletion	102
3R	10189388	10189482	Deletion	94
3R	10189425	10189482	Deletion	57
3R	10189447	10189482	Deletion	35
3R	10189719	10189482	Deletion	237
3R	10189719	10189752	Deletion	33
3R	10189719	10189820	Deletion	101
3R	10189719	10189811	Deletion	92
3R	10189719	10189789	Deletion	70
3R	10227008	10227129	Deletion	121
3R	10227012	10227129	Deletion	117
3R	10227031	10227129	Deletion	98
3R	10227048	10227129	Deletion	81
3R	10227051	10227129	Deletion	78
3R	10227056	10227129	Deletion	73
3R	10227059	10227129	Deletion	70
3R	10227073	10227129	Deletion	56
3R	10227091	10227129	Deletion	38
3R	10227097	10227129	Deletion	32
3R	10227295	10227129	Deletion	166
3R	10227295	10227348	Deletion	53
3R	10227295	10227340	Deletion	45
3R	10227295	10227389	Deletion	94
3R	10227295	10227351	Deletion	56
3R	10227295	10227383	Deletion	88
3R	10227295	10227398	Deletion	103
3R	10227295	10227365	Deletion	70
3R	10228214	10228295	Deletion	81
3R	10228242	10228295	Deletion	53
3R	10237833	10237863	Deletion	30
3R	10237833	10237878	Deletion	45
3R	10245000	10245119	Deletion	119
3R	10245005	10245119	Deletion	114
3R	10245022	10245119	Deletion	97
3R	10245040	10245119	Deletion	79
3R	10245050	10245119	Deletion	69
3R	10245054	10245119	Deletion	65
3R	10251135	10245119	Deletion	6016
3R	10251135	10251182	Deletion	47
3R	10251135	10251196	Deletion	61
3R	10251135	10251192	Deletion	57
3R	10251135	10251244	Deletion	109
3R	10256139	10256247	Deletion	108
3R	10262438	10262485	Deletion	47
3R	10262438	10262534	Deletion	96
3R	10262438	10262548	Deletion	110
3R	10262438	10262476	Deletion	38
3R	10262438	10262507	Deletion	69
3R	10262438	10262550	Deletion	112
3R	10262438	10262470	Deletion	32
3R	10262438	10262517	Deletion	79
3R	10262438	10262478	Deletion	40
3R	10263671	10263732	Deletion	61
3R	10263689	10263732	Deletion	43
3R	10263693	10263732	Deletion	39
3R	10269965	10263732	Deletion	6233
3R	10269965	10270065	Deletion	100
3R	10269965	10270073	Deletion	108
3R	10269965	10270066	Deletion	101
3R	10269965	10270052	Deletion	87
3R	10269965	10270085	Deletion	120
3R	10269965	10270048	Deletion	83
3R	10305752	10305837	Deletion	85
3R	10305753	10305837	Deletion	84
3R	10305768	10305837	Deletion	69
3R	10305773	10305837	Deletion	64
3R	10305774	10305837	Deletion	63
3R	10305795	10305837	Deletion	42
3R	10306233	10305837	Deletion	396
3R	10306233	10306296	Deletion	63
3R	10306233	10306316	Deletion	83
3R	10306233	10306266	Deletion	33
3R	10306233	10306274	Deletion	41
3R	10306233	10306295	Deletion	62
3R	10306233	10306339	Deletion	106
3R	10306233	10306290	Deletion	57
3R	10336376	10336465	Deletion	89
3R	10336402	10336465	Deletion	63
3R	10336430	10336465	Deletion	35
3R	10337078	10336465	Deletion	613
3R	10337078	10337198	Deletion	120
3R	10337078	10337202	Deletion	124
3R	10337146	10337140	Deletion	6
3R	10337320	10337220	Deletion	100
3R	10337320	10337372	Deletion	52
3R	10347855	10347893	Deletion	38
3R	10348487	10348558	Deletion	71
3R	10350035	10348527	Deletion	1508
3R	10350035	10350097	Deletion	62
3R	10350035	10350072	Deletion	37
3R	10350035	10350146	Deletion	111
3R	10350035	10350067	Deletion	32
3R	10351731	10351825	Deletion	94
3R	10351738	10351825	Deletion	87
3R	10351744	10351825	Deletion	81
3R	10351761	10351825	Deletion	64
3R	10351777	10351825	Deletion	48
3R	10351782	10351825	Deletion	43
3R	10360459	10351825	Deletion	8634
3R	10360459	10360505	Deletion	46
3R	10360459	10360538	Deletion	79
3R	10360459	10360492	Deletion	33
3R	10360459	10360499	Deletion	40
3R	10360459	10360522	Deletion	63
3R	10362343	10362459	Deletion	116
3R	10362371	10362459	Deletion	88
3R	10362374	10362459	Deletion	85
3R	10362382	10362459	Deletion	77
3R	10363784	10362459	Deletion	1325
3R	10363784	10363833	Deletion	49
3R	10363784	10363884	Deletion	100
3R	10363784	10363822	Deletion	38
3R	10371270	10371305	Deletion	35
3R	10371273	10371305	Deletion	32
3R	10372739	10371305	Deletion	1434
3R	10372739	10372823	Deletion	84
3R	10372739	10372834	Deletion	95
3R	10372739	10372850	Deletion	111
3R	10372739	10372831	Deletion	92
3R	10374752	10374865	Deletion	113
3R	10374764	10374865	Deletion	101
3R	10374810	10374865	Deletion	55
3R	10378039	10374865	Deletion	3174
3R	10387124	10387216	Deletion	92
3R	10387157	10387216	Deletion	59
3R	10387184	10387216	Deletion	32
3R	10390820	10390934	Deletion	114
3R	10390820	10390914	Deletion	94
3R	10390820	10390887	Deletion	67
3R	10390820	10390854	Deletion	34
3R	10390820	10390939	Deletion	119
3R	10390820	10390851	Deletion	31
3R	10391521	10391639	Deletion	118
3R	10391525	10391639	Deletion	114
3R	10391557	10391639	Deletion	82
3R	10395992	10391639	Deletion	4353
3R	10399730	10399817	Deletion	87
3R	10399746	10399817	Deletion	71
3R	10405055	10399817	Deletion	5238
3R	10405055	10405095	Deletion	40
3R	10405055	10405171	Deletion	116
3R	10405055	10405163	Deletion	108
3R	10410551	10410662	Deletion	111
3R	10410553	10410662	Deletion	109
3R	10410556	10410662	Deletion	106
3R	10410572	10410662	Deletion	90
3R	10410624	10410662	Deletion	38
3R	10412412	10410662	Deletion	1750
3R	10412412	10412533	Deletion	121
3R	10412412	10412451	Deletion	39
3R	10412412	10412530	Deletion	118
3R	10412412	10412523	Deletion	111
3R	10412412	10412532	Deletion	120
3R	10415188	10415303	Deletion	115
3R	10415192	10415303	Deletion	111
3R	10415214	10415303	Deletion	89
3R	10415228	10415303	Deletion	75
3R	10415270	10415303	Deletion	33
3R	10415611	10415303	Deletion	308
3R	10415611	10415733	Deletion	122
3R	10415611	10415648	Deletion	37
3R	10415611	10415714	Deletion	103
3R	10415611	10415729	Deletion	118
3R	10415611	10415704	Deletion	93
3R	10415611	10415717	Deletion	106
3R	10427938	10428028	Deletion	90
3R	10427943	10428028	Deletion	85
3R	10427955	10428028	Deletion	73
3R	10427980	10428028	Deletion	48
3R	10429717	10428028	Deletion	1689
3R	10429717	10429754	Deletion	37
3R	10429717	10429839	Deletion	122
3R	10429717	10429771	Deletion	54
3R	10429717	10429796	Deletion	79
3R	10435239	10435310	Deletion	71
3R	10435258	10435310	Deletion	52
3R	10435260	10435310	Deletion	50
3R	10435261	10435310	Deletion	49
3R	10437409	10435310	Deletion	2099
3R	10437409	10437486	Deletion	77
3R	10437409	10437453	Deletion	44
3R	10437409	10437517	Deletion	108
3R	10437409	10437487	Deletion	78
3R	10437409	10437465	Deletion	56
3R	10437409	10437484	Deletion	75
3R	10469444	10469532	Deletion	88
3R	10469457	10469532	Deletion	75
3R	10469462	10469532	Deletion	70
3R	10469471	10469532	Deletion	61
3R	10469480	10469532	Deletion	52
3R	10469675	10469532	Deletion	143
3R	10469675	10469713	Deletion	38
3R	10469675	10469740	Deletion	65
3R	10469675	10469726	Deletion	51
3R	10469675	10469731	Deletion	56
3R	10500148	10500250	Deletion	102
3R	10500161	10500250	Deletion	89
3R	10500164	10500250	Deletion	86
3R	10500189	10500250	Deletion	61
3R	10500191	10500250	Deletion	59
3R	10500215	10500250	Deletion	35
3R	10500945	10500250	Deletion	695
3R	10500945	10501049	Deletion	104
3R	10500945	10501010	Deletion	65
3R	10500945	10500982	Deletion	37
3R	10500945	10501036	Deletion	91
3R	10500945	10501012	Deletion	67
3R	10502692	10502780	Deletion	88
3R	10502693	10502780	Deletion	87
3R	10502723	10502780	Deletion	57
3R	10502735	10502780	Deletion	45
3R	10502746	10502780	Deletion	34
3R	10502747	10502780	Deletion	33
3R	10503154	10502780	Deletion	374
3R	10503154	10503247	Deletion	93
3R	10503154	10503235	Deletion	81
3R	10503154	10503246	Deletion	92
3R	10503154	10503192	Deletion	38
3R	10503154	10503193	Deletion	39
3R	10503154	10503267	Deletion	113
3R	10503154	10503223	Deletion	69
3R	10504323	10504445	Deletion	122
3R	10504386	10504445	Deletion	59
3R	10504394	10504445	Deletion	51
3R	10504402	10504445	Deletion	43
3R	10504404	10504445	Deletion	41
3R	10504410	10504445	Deletion	35
3R	10520926	10504445	Deletion	16481
3R	10520926	10521001	Deletion	75
3R	10520926	10521011	Deletion	85
3R	10520926	10520993	Deletion	67
3R	10520926	10521017	Deletion	91
3R	10547912	10548021	Deletion	109
3R	10547925	10548021	Deletion	96
3R	10547948	10548021	Deletion	73
3R	10547988	10548021	Deletion	33
3R	10548126	10548021	Deletion	105
3R	10548126	10548219	Deletion	93
3R	10548126	10548156	Deletion	30
3R	10548126	10548179	Deletion	53
3R	10555756	10555848	Deletion	92
3R	10555759	10555848	Deletion	89
3R	10555786	10555848	Deletion	62
3R	10562197	10555848	Deletion	6349
3R	10562197	10562236	Deletion	39
3R	10562197	10562298	Deletion	101
3R	10562197	10562311	Deletion	114
3R	10562197	10562233	Deletion	36
3R	10562197	10562263	Deletion	66
3R	10565948	10566033	Deletion	85
3R	10565950	10566033	Deletion	83
3R	10566002	10566033	Deletion	31
3R	10568392	10566033	Deletion	2359
3R	10568392	10568431	Deletion	39
3R	10568392	10568435	Deletion	43
3R	10568392	10568487	Deletion	95
3R	10568392	10568493	Deletion	101
3R	10584609	10584707	Deletion	98
3R	10584659	10584707	Deletion	48
3R	10584661	10584707	Deletion	46
3R	10584676	10584707	Deletion	31
3R	10584906	10584707	Deletion	199
3R	10584906	10584984	Deletion	78
3R	10584906	10584986	Deletion	80
3R	10585442	10585534	Deletion	92
3R	10585444	10585534	Deletion	90
3R	10585463	10585534	Deletion	71
3R	10585494	10585534	Deletion	40
3R	10586155	10585534	Deletion	621
3R	10586155	10586258	Deletion	103
3R	10586155	10586210	Deletion	55
3R	10586155	10586191	Deletion	36
3R	10586155	10586189	Deletion	34
3R	10586155	10586271	Deletion	116
3R	10588210	10588265	Deletion	55
3R	10588224	10588265	Deletion	41
3R	10588231	10588265	Deletion	34
3R	10601107	10588265	Deletion	12842
3R	10601107	10601192	Deletion	85
3R	10601107	10601178	Deletion	71
3R	10619427	10612416	Deletion	7011
3R	10619427	10619543	Deletion	116
3R	10619427	10619546	Deletion	119
3R	10619427	10619541	Deletion	114
3R	10624652	10624757	Deletion	105
3R	10624662	10624757	Deletion	95
3R	10624819	10624757	Deletion	62
3R	10625913	10625984	Deletion	71
3R	10634485	10625984	Deletion	8501
3R	10634485	10634540	Deletion	55
3R	10642172	10642283	Deletion	111
3R	10642179	10642283	Deletion	104
3R	10642230	10642283	Deletion	53
3R	10642242	10642283	Deletion	41
3R	10643238	10642283	Deletion	955
3R	10643238	10643352	Deletion	114
3R	10643238	10643323	Deletion	85
3R	10643238	10643358	Deletion	120
3R	10656267	10656334	Deletion	67
3R	10656278	10656334	Deletion	56
3R	10656286	10656334	Deletion	48
3R	10656287	10656334	Deletion	47
3R	10658562	10656334	Deletion	2228
3R	10658562	10658614	Deletion	52
3R	10658562	10658632	Deletion	70
3R	10658562	10658659	Deletion	97
3R	10658562	10658685	Deletion	123
3R	10658562	10658641	Deletion	79
3R	10658562	10658621	Deletion	59
3R	10658562	10658664	Deletion	102
3R	10670450	10670505	Deletion	55
3R	10678065	10670505	Deletion	7560
3R	10678065	10678099	Deletion	34
3R	10687293	10687370	Deletion	77
3R	10687305	10687370	Deletion	65
3R	10692446	10687370	Deletion	5076
3R	10692446	10692496	Deletion	50
3R	10692446	10692508	Deletion	62
3R	10692446	10692558	Deletion	112
3R	10692988	10693089	Deletion	101
3R	10692993	10693089	Deletion	96
3R	10692998	10693089	Deletion	91
3R	10692999	10693089	Deletion	90
3R	10693012	10693089	Deletion	77
3R	10693023	10693089	Deletion	66
3R	10712779	10693089	Deletion	19690
3R	10712779	10712815	Deletion	36
3R	10712779	10712809	Deletion	30
3R	10712779	10712839	Deletion	60
3R	10712779	10712891	Deletion	112
3R	10712779	10712814	Deletion	35
3R	10712779	10712899	Deletion	120
3R	10714948	10715040	Deletion	92
3R	10714955	10715040	Deletion	85
3R	10714974	10715040	Deletion	66
3R	10722920	10715040	Deletion	7880
3R	10722920	10722961	Deletion	41
3R	10722920	10723029	Deletion	109
3R	10722920	10722980	Deletion	60
3R	10729168	10729266	Deletion	98
3R	10738201	10738283	Deletion	82
3R	10738209	10738283	Deletion	74
3R	10738222	10738283	Deletion	61
3R	10739238	10738283	Deletion	955
3R	10739238	10739282	Deletion	44
3R	10739238	10739290	Deletion	52
3R	10742053	10742158	Deletion	105
3R	10742127	10742158	Deletion	31
3R	10745991	10742158	Deletion	3833
3R	10745991	10746106	Deletion	115
3R	10745991	10746099	Deletion	108
3R	10745991	10746104	Deletion	113
3R	10745991	10746112	Deletion	121
3R	10746182	10746226	Deletion	44
3R	10746195	10746226	Deletion	31
3R	10754170	10746226	Deletion	7944
3R	10754170	10754274	Deletion	104
3R	10754170	10754265	Deletion	95
3R	10754170	10754281	Deletion	111
3R	10754170	10754292	Deletion	122
3R	10754170	10754211	Deletion	41
3R	10770498	10770579	Deletion	81
3R	10770501	10770579	Deletion	78
3R	10770533	10770579	Deletion	46
3R	10773522	10770579	Deletion	2943
3R	10773522	10773567	Deletion	45
3R	10773522	10773627	Deletion	105
3R	10773522	10773602	Deletion	80
3R	10773522	10773643	Deletion	121
3R	10782538	10782589	Deletion	51
3R	10793828	10782589	Deletion	11239
3R	10793828	10793872	Deletion	44
3R	10794418	10794507	Deletion	89
3R	10794423	10794507	Deletion	84
3R	10794424	10794507	Deletion	83
3R	10794437	10794507	Deletion	70
3R	10794440	10794507	Deletion	67
3R	10794441	10794507	Deletion	66
3R	10795579	10794507	Deletion	1072
3R	10795579	10795622	Deletion	43
3R	10795579	10795639	Deletion	60
3R	10795579	10795621	Deletion	42
3R	10795579	10795692	Deletion	113
3R	10795579	10795635	Deletion	56
3R	10795579	10795616	Deletion	37
3R	10795579	10795611	Deletion	32
3R	10795579	10795638	Deletion	59
3R	10803823	10803940	Deletion	117
3R	10803859	10803940	Deletion	81
3R	10803881	10803940	Deletion	59
3R	10803883	10803940	Deletion	57
3R	10803885	10803940	Deletion	55
3R	10815230	10815308	Deletion	78
3R	10815262	10815308	Deletion	46
3R	10815355	10815308	Deletion	47
3R	10815355	10815406	Deletion	51
3R	10815355	10815395	Deletion	40
3R	10816829	10816934	Deletion	105
3R	10816875	10816934	Deletion	59
3R	10816877	10816934	Deletion	57
3R	10817784	10816934	Deletion	850
3R	10817784	10817894	Deletion	110
3R	10817784	10817854	Deletion	70
3R	10817784	10817903	Deletion	119
3R	10817784	10817852	Deletion	68
3R	10847235	10847328	Deletion	93
3R	10847244	10847328	Deletion	84
3R	10848479	10847328	Deletion	1151
3R	10848479	10848512	Deletion	33
3R	10855867	10855985	Deletion	118
3R	10855874	10855984	Deletion	110
3R	10855945	10855984	Deletion	39
3R	10861831	10855984	Deletion	5847
3R	10863778	10863878	Deletion	100
3R	10877789	10863878	Deletion	13911
3R	10877789	10877901	Deletion	112
3R	10878258	10878342	Deletion	84
3R	10878268	10878342	Deletion	74
3R	10878276	10878342	Deletion	66
3R	10879698	10879758	Deletion	60
3R	10879698	10879740	Deletion	42
3R	10879698	10879817	Deletion	119
3R	10893306	10893419	Deletion	113
3R	10893309	10893419	Deletion	110
3R	10893336	10893419	Deletion	83
3R	10893343	10893419	Deletion	76
3R	10893346	10893419	Deletion	73
3R	10893359	10893419	Deletion	60
3R	10893369	10893419	Deletion	50
3R	10893371	10893419	Deletion	48
3R	10894934	10893419	Deletion	1515
3R	10894934	10894977	Deletion	43
3R	10894934	10894984	Deletion	50
3R	10894934	10895010	Deletion	76
3R	10894934	10894987	Deletion	53
3R	10894934	10895012	Deletion	78
3R	10907517	10907636	Deletion	119
3R	10907525	10907636	Deletion	111
3R	10907531	10907636	Deletion	105
3R	10907552	10907636	Deletion	84
3R	10907554	10907636	Deletion	82
3R	10907573	10907636	Deletion	63
3R	10907591	10907636	Deletion	45
3R	10909852	10907636	Deletion	2216
3R	10909852	10909933	Deletion	81
3R	10909852	10909973	Deletion	121
3R	10909852	10909894	Deletion	42
3R	10909852	10909915	Deletion	63
3R	10909852	10909945	Deletion	93
3R	10917359	10917470	Deletion	111
3R	10917363	10917470	Deletion	107
3R	10917393	10917470	Deletion	77
3R	10917398	10917470	Deletion	72
3R	10917415	10917470	Deletion	55
3R	10917421	10917470	Deletion	49
3R	10917422	10917470	Deletion	48
3R	10919988	10917470	Deletion	2518
3R	10919988	10920065	Deletion	77
3R	10919988	10920059	Deletion	71
3R	10919988	10920066	Deletion	78
3R	10919988	10920042	Deletion	54
3R	10922619	10922721	Deletion	102
3R	10923352	10922721	Deletion	631
3R	10923352	10923450	Deletion	98
3R	10934767	10934866	Deletion	99
3R	10934780	10934866	Deletion	86
3R	10934828	10934866	Deletion	38
3R	10936156	10934866	Deletion	1290
3R	10936156	10936197	Deletion	41
3R	10949553	10949617	Deletion	64
3R	10949554	10949617	Deletion	63
3R	10949557	10949617	Deletion	60
3R	10949586	10949617	Deletion	31
3R	10968798	10968860	Deletion	62
3R	10968798	10968861	Deletion	63
3R	10968798	10968844	Deletion	46
3R	10968798	10968910	Deletion	112
3R	10968798	10968893	Deletion	95
3R	10968798	10968864	Deletion	66
3R	11002038	11002137	Deletion	99
3R	11002070	11002137	Deletion	67
3R	11003765	11002137	Deletion	1628
3R	11003765	11003877	Deletion	112
3R	11003765	11003879	Deletion	114
3R	11003765	11003824	Deletion	59
3R	11003765	11003875	Deletion	110
3R	11004293	11004382	Deletion	89
3R	11004337	11004382	Deletion	45
3R	11007099	11004382	Deletion	2717
3R	11007099	11007204	Deletion	105
3R	11007099	11007137	Deletion	38
3R	11040107	11040193	Deletion	86
3R	11040120	11040193	Deletion	73
3R	11040122	11040193	Deletion	71
3R	11040127	11040193	Deletion	66
3R	11040348	11040193	Deletion	155
3R	11040348	11040405	Deletion	57
3R	11040348	11040446	Deletion	98
3R	11040348	11040386	Deletion	38
3R	11040348	11040392	Deletion	44
3R	11040348	11040458	Deletion	110
3R	11040348	11040407	Deletion	59
3R	11042687	11042766	Deletion	79
3R	11042701	11042766	Deletion	65
3R	11043639	11042766	Deletion	873
3R	11043639	11043745	Deletion	106
3R	11043639	11043687	Deletion	48
3R	11067132	11067243	Deletion	111
3R	11094177	11094263	Deletion	86
3R	11094196	11094263	Deletion	67
3R	11094199	11094263	Deletion	64
3R	11094209	11094263	Deletion	54
3R	11094210	11094263	Deletion	53
3R	11094223	11094263	Deletion	40
3R	11094224	11094263	Deletion	39
3R	11097034	11094263	Deletion	2771
3R	11097034	11097106	Deletion	72
3R	11097034	11097074	Deletion	40
3R	11097034	11097121	Deletion	87
3R	11097034	11097137	Deletion	103
3R	11097034	11097093	Deletion	59
3R	11097034	11097096	Deletion	62
3R	11097034	11097120	Deletion	86
3R	11100603	11100642	Deletion	39
3R	11100608	11100642	Deletion	34
3R	11100612	11100642	Deletion	30
3R	11106796	11100642	Deletion	6154
3R	11106796	11106892	Deletion	96
3R	11106796	11106888	Deletion	92
3R	11116262	11116357	Deletion	95
3R	11116275	11116357	Deletion	82
3R	11116284	11116357	Deletion	73
3R	11116301	11116357	Deletion	56
3R	11116321	11116357	Deletion	36
3R	11120047	11116357	Deletion	3690
3R	11120047	11120137	Deletion	90
3R	11120047	11120091	Deletion	44
3R	11120047	11120148	Deletion	101
3R	11120047	11120078	Deletion	31
3R	11120047	11120117	Deletion	70
3R	11135052	11135139	Deletion	87
3R	11135189	11135292	Deletion	103
3R	11135189	11135228	Deletion	39
3R	11135189	11135311	Deletion	122
3R	11162257	11162339	Deletion	82
3R	11162264	11162339	Deletion	75
3R	11162273	11162339	Deletion	66
3R	11162283	11162339	Deletion	56
3R	11162288	11162339	Deletion	51
3R	11164448	11162339	Deletion	2109
3R	11164448	11164494	Deletion	46
3R	11164448	11164510	Deletion	62
3R	11164448	11164520	Deletion	72
3R	11164448	11164525	Deletion	77
3R	11166469	11166536	Deletion	67
3R	11166493	11166536	Deletion	43
3R	11166506	11166536	Deletion	30
3R	11166715	11166536	Deletion	179
3R	11166715	11166774	Deletion	59
3R	11166715	11166811	Deletion	96
3R	11166715	11166798	Deletion	83
3R	11172363	11172473	Deletion	110
3R	11172368	11172473	Deletion	105
3R	11172375	11172473	Deletion	98
3R	11172387	11172473	Deletion	86
3R	11172423	11172473	Deletion	50
3R	11172436	11172473	Deletion	37
3R	11184789	11172473	Deletion	12316
3R	11184789	11184898	Deletion	109
3R	11184789	11184829	Deletion	40
3R	11184789	11184900	Deletion	111
3R	11184789	11184865	Deletion	76
3R	11184789	11184878	Deletion	89
3R	11195927	11196025	Deletion	98
3R	11222921	11222958	Deletion	37
3R	11222924	11222958	Deletion	34
3R	11224342	11222958	Deletion	1384
3R	11224342	11224432	Deletion	90
3R	11224342	11224411	Deletion	69
3R	11235697	11235799	Deletion	102
3R	11235713	11235799	Deletion	86
3R	11235718	11235799	Deletion	81
3R	11235743	11235799	Deletion	56
3R	11235761	11235799	Deletion	38
3R	11235768	11235799	Deletion	31
3R	11235987	11235799	Deletion	188
3R	11235987	11236057	Deletion	70
3R	11235987	11236104	Deletion	117
3R	11235987	11236032	Deletion	45
3R	11235987	11236075	Deletion	88
3R	11235987	11236027	Deletion	40
3R	11237312	11237403	Deletion	91
3R	11237317	11237403	Deletion	86
3R	11237340	11237403	Deletion	63
3R	11237351	11237403	Deletion	52
3R	11237373	11237403	Deletion	30
3R	11243921	11237403	Deletion	6518
3R	11243921	11243984	Deletion	63
3R	11243921	11244025	Deletion	104
3R	11243921	11243961	Deletion	40
3R	11243921	11244029	Deletion	108
3R	11243921	11243956	Deletion	35
3R	11243924	11243995	Deletion	71
3R	11244893	11245003	Deletion	110
3R	11244901	11245003	Deletion	102
3R	11245187	11245003	Deletion	184
3R	11247422	11247492	Deletion	70
3R	11247657	11247492	Deletion	165
3R	11247657	11247713	Deletion	56
3R	11247657	11247756	Deletion	99
3R	11253483	11253578	Deletion	95
3R	11253492	11253578	Deletion	86
3R	11253507	11253578	Deletion	71
3R	11253509	11253578	Deletion	69
3R	11253513	11253578	Deletion	65
3R	11253517	11253578	Deletion	61
3R	11253520	11253578	Deletion	58
3R	11253548	11253578	Deletion	30
3R	11272647	11253578	Deletion	19069
3R	11272647	11272771	Deletion	124
3R	11272647	11272702	Deletion	55
3R	11272647	11272708	Deletion	61
3R	11272647	11272763	Deletion	116
3R	11272647	11272687	Deletion	40
3R	11272647	11272704	Deletion	57
3R	11272647	11272712	Deletion	65
3R	11272647	11272743	Deletion	96
3R	11272647	11272715	Deletion	68
3R	11275309	11275377	Deletion	68
3R	11275312	11275377	Deletion	65
3R	11275319	11275377	Deletion	58
3R	11276345	11275377	Deletion	968
3R	11276345	11276400	Deletion	55
3R	11276345	11276404	Deletion	59
3R	11276345	11276407	Deletion	62
3R	11281451	11281549	Deletion	98
3R	11281463	11281549	Deletion	86
3R	11281691	11281549	Deletion	142
3R	11281691	11281793	Deletion	102
3R	11281691	11281810	Deletion	119
3R	11315439	11315502	Deletion	63
3R	11315452	11315502	Deletion	50
3R	11315453	11315502	Deletion	49
3R	11315847	11315502	Deletion	345
3R	11315847	11315925	Deletion	78
3R	11315847	11315883	Deletion	36
3R	11315847	11315924	Deletion	77
3R	11327051	11327162	Deletion	111
3R	11327053	11327162	Deletion	109
3R	11327080	11327162	Deletion	82
3R	11327090	11327162	Deletion	72
3R	11327114	11327162	Deletion	48
3R	11327130	11327162	Deletion	32
3R	11330746	11327162	Deletion	3584
3R	11330746	11330841	Deletion	95
3R	11330746	11330791	Deletion	45
3R	11330746	11330862	Deletion	116
3R	11330746	11330852	Deletion	106
3R	11330746	11330825	Deletion	79
3R	11331886	11332003	Deletion	117
3R	11331890	11332003	Deletion	113
3R	11331895	11332003	Deletion	108
3R	11331901	11332003	Deletion	102
3R	11331931	11332003	Deletion	72
3R	11333426	11333533	Deletion	107
3R	11333426	11333480	Deletion	54
3R	11333426	11333547	Deletion	121
3R	11346085	11346155	Deletion	70
3R	11346123	11346155	Deletion	32
3R	11350291	11346155	Deletion	4136
3R	11350291	11350348	Deletion	57
3R	11350291	11350396	Deletion	105
3R	11350291	11350412	Deletion	121
3R	11350291	11350386	Deletion	95
3R	11350291	11350395	Deletion	104
3R	11350291	11350392	Deletion	101
3R	11390364	11390463	Deletion	99
3R	11390372	11390463	Deletion	91
3R	11390388	11390463	Deletion	75
3R	11390518	11390463	Deletion	55
3R	11390518	11390615	Deletion	97
3R	11390518	11390569	Deletion	51
3R	11390518	11390553	Deletion	35
3R	11390518	11390613	Deletion	95
3R	11390518	11390629	Deletion	111
3R	11390518	11390619	Deletion	101
3R	11411211	11411331	Deletion	120
3R	11411215	11411331	Deletion	116
3R	11411219	11411331	Deletion	112
3R	11411224	11411331	Deletion	107
3R	11411247	11411331	Deletion	84
3R	11411270	11411331	Deletion	61
3R	11411271	11411331	Deletion	60
3R	11412729	11411331	Deletion	1398
3R	11412729	11412795	Deletion	66
3R	11412729	11412828	Deletion	99
3R	11412729	11412846	Deletion	117
3R	11412729	11412794	Deletion	65
3R	11413631	11413720	Deletion	89
3R	11413633	11413720	Deletion	87
3R	11413640	11413720	Deletion	80
3R	11413649	11413720	Deletion	71
3R	11413662	11413720	Deletion	58
3R	11413664	11413720	Deletion	56
3R	11429186	11413720	Deletion	15466
3R	11429186	11429225	Deletion	39
3R	11429186	11429301	Deletion	115
3R	11429186	11429295	Deletion	109
3R	11429186	11429243	Deletion	57
3R	11429186	11429258	Deletion	72
3R	11429186	11429256	Deletion	70
3R	11429186	11429227	Deletion	41
3R	11429186	11429309	Deletion	123
3R	11429191	11429234	Deletion	43
3R	11432968	11433082	Deletion	114
3R	11432971	11433082	Deletion	111
3R	11432973	11433082	Deletion	109
3R	11432980	11433082	Deletion	102
3R	11432993	11433082	Deletion	89
3R	11432998	11433082	Deletion	84
3R	11433050	11433082	Deletion	32
3R	11442490	11433082	Deletion	9408
3R	11442490	11442586	Deletion	96
3R	11442490	11442602	Deletion	112
3R	11442490	11442534	Deletion	44
3R	11451327	11451422	Deletion	95
3R	11451341	11451422	Deletion	81
3R	11451351	11451422	Deletion	71
3R	11451362	11451422	Deletion	60
3R	11451371	11451422	Deletion	51
3R	11453771	11451422	Deletion	2349
3R	11453771	11453837	Deletion	66
3R	11453771	11453826	Deletion	55
3R	11453771	11453846	Deletion	75
3R	11453771	11453802	Deletion	31
3R	11453771	11453816	Deletion	45
3R	11465541	11465628	Deletion	87
3R	11465553	11465629	Deletion	76
3R	11466854	11465628	Deletion	1226
3R	11466855	11466905	Deletion	50
3R	11467312	11467424	Deletion	112
3R	11467340	11467424	Deletion	84
3R	11467362	11467424	Deletion	62
3R	11467363	11467424	Deletion	61
3R	11469995	11467424	Deletion	2571
3R	11469995	11470104	Deletion	109
3R	11469995	11470059	Deletion	64
3R	11469995	11470037	Deletion	42
3R	11484867	11484962	Deletion	95
3R	11484873	11484962	Deletion	89
3R	11484914	11484962	Deletion	48
3R	11505543	11484962	Deletion	20581
3R	11505543	11505661	Deletion	118
3R	11505543	11505580	Deletion	37
3R	11505543	11505621	Deletion	78
3R	11516036	11516127	Deletion	91
3R	11516058	11516127	Deletion	69
3R	11516097	11516127	Deletion	30
3R	11527670	11516127	Deletion	11543
3R	11527670	11527768	Deletion	98
3R	11527670	11527788	Deletion	118
3R	11527670	11527767	Deletion	97
3R	11527670	11527772	Deletion	102
3R	11527670	11527728	Deletion	58
3R	11531136	11531187	Deletion	51
3R	11537633	11531187	Deletion	6446
3R	11537633	11537703	Deletion	70
3R	11537633	11537736	Deletion	103
3R	11544430	11544518	Deletion	88
3R	11544448	11544518	Deletion	70
3R	11544482	11544518	Deletion	36
3R	11544483	11544518	Deletion	35
3R	11546804	11544518	Deletion	2286
3R	11546804	11546895	Deletion	91
3R	11546804	11546907	Deletion	103
3R	11546804	11546860	Deletion	56
3R	11546804	11546903	Deletion	99
3R	11546804	11546894	Deletion	90
3R	11555906	11555982	Deletion	76
3R	11555916	11555982	Deletion	66
3R	11555927	11555982	Deletion	55
3R	11555931	11555982	Deletion	51
3R	11559547	11555982	Deletion	3565
3R	11559547	11559619	Deletion	72
3R	11559547	11559658	Deletion	111
3R	11559547	11559623	Deletion	76
3R	11559547	11559583	Deletion	36
3R	11562016	11562088	Deletion	72
3R	11562039	11562088	Deletion	49
3R	11562043	11562088	Deletion	45
3R	11562271	11562088	Deletion	183
3R	11562271	11562374	Deletion	103
3R	11562271	11562349	Deletion	78
3R	11562271	11562326	Deletion	55
3R	11562271	11562325	Deletion	54
3R	11564079	11564180	Deletion	101
3R	11564096	11564180	Deletion	84
3R	11564099	11564180	Deletion	81
3R	11564103	11564180	Deletion	77
3R	11564121	11564180	Deletion	59
3R	11578058	11564180	Deletion	13878
3R	11578058	11578107	Deletion	49
3R	11578058	11578100	Deletion	42
3R	11578058	11578103	Deletion	45
3R	11585619	11585728	Deletion	109
3R	11585620	11585728	Deletion	108
3R	11585623	11585728	Deletion	105
3R	11585653	11585728	Deletion	75
3R	11585656	11585728	Deletion	72
3R	11585662	11585728	Deletion	66
3R	11585697	11585728	Deletion	31
3R	11586234	11585728	Deletion	506
3R	11586234	11586330	Deletion	96
3R	11586234	11586289	Deletion	55
3R	11586234	11586295	Deletion	61
3R	11603152	11603226	Deletion	74
3R	11603180	11603226	Deletion	46
3R	11603183	11603226	Deletion	43
3R	11603188	11603226	Deletion	38
3R	11603195	11603226	Deletion	31
3R	11621881	11603226	Deletion	18655
3R	11621881	11621964	Deletion	83
3R	11621881	11621933	Deletion	52
3R	11621881	11621927	Deletion	46
3R	11621881	11621961	Deletion	80
3R	11621881	11621976	Deletion	95
3R	11644185	11644274	Deletion	89
3R	11644195	11644274	Deletion	79
3R	11644207	11644274	Deletion	67
3R	11644220	11644274	Deletion	54
3R	11644222	11644274	Deletion	52
3R	11644243	11644274	Deletion	31
3R	11654480	11644274	Deletion	10206
3R	11654480	11654578	Deletion	98
3R	11654480	11654542	Deletion	62
3R	11654480	11654520	Deletion	40
3R	11654480	11654598	Deletion	118
3R	11654480	11654585	Deletion	105
3R	11654480	11654530	Deletion	50
3R	11654480	11654557	Deletion	77
3R	11695700	11694114	Deletion	1586
3R	11695700	11695814	Deletion	114
3R	11695700	11695762	Deletion	62
3R	11712515	11712633	Deletion	118
3R	11712532	11712633	Deletion	101
3R	11712544	11712633	Deletion	89
3R	11712549	11712633	Deletion	84
3R	11712578	11712633	Deletion	55
3R	11712693	11712633	Deletion	60
3R	11712693	11712735	Deletion	42
3R	11712693	11712798	Deletion	105
3R	11712693	11712764	Deletion	71
3R	11716739	11716849	Deletion	110
3R	11716746	11716849	Deletion	103
3R	11716786	11716849	Deletion	63
3R	11716813	11716849	Deletion	36
3R	11718718	11716849	Deletion	1869
3R	11718718	11718781	Deletion	63
3R	11718718	11718815	Deletion	97
3R	11718718	11718808	Deletion	90
3R	11735487	11735583	Deletion	96
3R	11735496	11735583	Deletion	87
3R	11735526	11735583	Deletion	57
3R	11735551	11735583	Deletion	32
3R	11737527	11735583	Deletion	1944
3R	11737527	11737596	Deletion	69
3R	11737527	11737557	Deletion	30
3R	11737527	11737649	Deletion	122
3R	11737527	11737621	Deletion	94
3R	11737527	11737626	Deletion	99
3R	11741614	11741733	Deletion	119
3R	11741615	11741733	Deletion	118
3R	11741644	11741733	Deletion	89
3R	11741649	11741733	Deletion	84
3R	11741656	11741733	Deletion	77
3R	11741666	11741733	Deletion	67
3R	11741684	11741733	Deletion	49
3R	11742474	11741733	Deletion	741
3R	11742474	11742517	Deletion	43
3R	11742474	11742534	Deletion	60
3R	11742474	11742524	Deletion	50
3R	11742474	11742552	Deletion	78
3R	11743468	11743551	Deletion	83
3R	11743485	11743551	Deletion	66
3R	11743516	11743551	Deletion	35
3R	11757464	11757524	Deletion	60
3R	11757464	11757555	Deletion	91
3R	11757464	11757566	Deletion	102
3R	11761841	11761918	Deletion	77
3R	11761858	11761918	Deletion	60
3R	11761884	11761918	Deletion	34
3R	11769061	11761918	Deletion	7143
3R	11769061	11769128	Deletion	67
3R	11769061	11769111	Deletion	50
3R	11769062	11769154	Deletion	92
3R	11812430	11812533	Deletion	103
3R	11812438	11812533	Deletion	95
3R	11812440	11812533	Deletion	93
3R	11812442	11812533	Deletion	91
3R	11812482	11812533	Deletion	51
3R	11812496	11812533	Deletion	37
3R	11812717	11812533	Deletion	184
3R	11812717	11812792	Deletion	75
3R	11812717	11812838	Deletion	121
3R	11812717	11812806	Deletion	89
3R	11812717	11812748	Deletion	31
3R	11812717	11812752	Deletion	35
3R	11846437	11846509	Deletion	72
3R	11846438	11846509	Deletion	71
3R	11846466	11846509	Deletion	43
3R	11846475	11846509	Deletion	34
3R	11849160	11846509	Deletion	2651
3R	11849160	11849215	Deletion	55
3R	11849160	11849252	Deletion	92
3R	11849160	11849214	Deletion	54
3R	11884794	11884881	Deletion	87
3R	11884818	11884881	Deletion	63
3R	11884830	11884881	Deletion	51
3R	11887385	11884881	Deletion	2504
3R	11887385	11887499	Deletion	114
3R	11887385	11887449	Deletion	64
3R	11887385	11887461	Deletion	76
3R	11891239	11887648	Deletion	3591
3R	11891239	11891363	Deletion	124
3R	11893910	11894026	Deletion	116
3R	11893915	11894026	Deletion	111
3R	11893929	11894026	Deletion	97
3R	11897737	11894026	Deletion	3711
3R	11914850	11914955	Deletion	105
3R	11914865	11914955	Deletion	90
3R	11914879	11914955	Deletion	76
3R	11914888	11914955	Deletion	67
3R	11914900	11914950	Deletion	50
3R	11914917	11914955	Deletion	38
3R	11918089	11914955	Deletion	3134
3R	11918089	11918149	Deletion	60
3R	11918089	11918161	Deletion	72
3R	11918089	11918126	Deletion	37
3R	11918089	11918178	Deletion	89
3R	11918089	11918197	Deletion	108
3R	11921946	11922039	Deletion	93
3R	11921948	11922039	Deletion	91
3R	11921976	11922039	Deletion	63
3R	11922000	11922039	Deletion	39
3R	11928301	11922039	Deletion	6262
3R	11928301	11928336	Deletion	35
3R	11928301	11928388	Deletion	87
3R	11928301	11928364	Deletion	63
3R	11928301	11928423	Deletion	122
3R	11928301	11928415	Deletion	114
3R	11934964	11935068	Deletion	104
3R	11934995	11935064	Deletion	69
3R	11935025	11935065	Deletion	40
3R	11935033	11935068	Deletion	35
3R	11959635	11955442	Deletion	4193
3R	11959635	11959689	Deletion	54
3R	11961396	11961317	Deletion	79
3R	11962467	11962567	Deletion	100
3R	11962472	11962567	Deletion	95
3R	11962486	11962567	Deletion	81
3R	11962500	11962567	Deletion	67
3R	11962506	11962567	Deletion	61
3R	11962517	11962567	Deletion	50
3R	11962535	11962567	Deletion	32
3R	11964613	11962567	Deletion	2046
3R	11964613	11964674	Deletion	61
3R	11964613	11964680	Deletion	67
3R	11964613	11964660	Deletion	47
3R	11964613	11964691	Deletion	78
3R	11964613	11964646	Deletion	33
3R	11999825	11999878	Deletion	53
3R	12000166	12000289	Deletion	123
3R	12000166	12000237	Deletion	71
3R	12000166	12000270	Deletion	104
3R	12008653	12008711	Deletion	58
3R	12011258	12008711	Deletion	2547
3R	12011258	12011326	Deletion	68
3R	12035291	12035355	Deletion	64
3R	12035295	12035355	Deletion	60
3R	12035304	12035355	Deletion	51
3R	12035316	12035355	Deletion	39
3R	12035321	12035355	Deletion	34
3R	12035324	12035355	Deletion	31
3R	12038015	12035355	Deletion	2660
3R	12038015	12038090	Deletion	75
3R	12038015	12038110	Deletion	95
3R	12038015	12038102	Deletion	87
3R	12038015	12038077	Deletion	62
3R	12038015	12038121	Deletion	106
3R	12038015	12038107	Deletion	92
3R	12049587	12049647	Deletion	60
3R	12050577	12049647	Deletion	930
3R	12050577	12050643	Deletion	66
3R	12050577	12050675	Deletion	98
3R	12050582	12050612	Deletion	30
3R	12050801	12050894	Deletion	93
3R	12050811	12050894	Deletion	83
3R	12050957	12051004	Deletion	47
3R	12071553	12071631	Deletion	78
3R	12071579	12071631	Deletion	52
3R	12072076	12071631	Deletion	445
3R	12072076	12072173	Deletion	97
3R	12072076	12072197	Deletion	121
3R	12072076	12072119	Deletion	43
3R	12072076	12072193	Deletion	117
3R	12072076	12072150	Deletion	74
3R	12073694	12073741	Deletion	47
3R	12073697	12073741	Deletion	44
3R	12073698	12073741	Deletion	43
3R	12107012	12073741	Deletion	33271
3R	12107012	12107114	Deletion	102
3R	12107012	12107073	Deletion	61
3R	12107012	12107103	Deletion	91
3R	12107012	12107074	Deletion	62
3R	12107012	12107128	Deletion	116
3R	12107012	12107122	Deletion	110
3R	12107012	12107077	Deletion	65
3R	12107012	12107102	Deletion	90
3R	12117405	12117511	Deletion	106
3R	12117410	12117511	Deletion	101
3R	12117421	12117511	Deletion	90
3R	12117440	12117511	Deletion	71
3R	12117448	12117511	Deletion	63
3R	12136982	12117511	Deletion	19471
3R	12136982	12137091	Deletion	109
3R	12136982	12137037	Deletion	55
3R	12136982	12137018	Deletion	36
3R	12136982	12137045	Deletion	63
3R	12154514	12154619	Deletion	105
3R	12154543	12154619	Deletion	76
3R	12156501	12154619	Deletion	1882
3R	12156501	12156607	Deletion	106
3R	12163511	12163575	Deletion	64
3R	12163530	12163575	Deletion	45
3R	12163531	12163575	Deletion	44
3R	12166854	12163575	Deletion	3279
3R	12166854	12166936	Deletion	82
3R	12166854	12166977	Deletion	123
3R	12166854	12166917	Deletion	63
3R	12166854	12166889	Deletion	35
3R	12166854	12166937	Deletion	83
3R	12184385	12184491	Deletion	106
3R	12184390	12184491	Deletion	101
3R	12184398	12184491	Deletion	93
3R	12184409	12184491	Deletion	82
3R	12184452	12184491	Deletion	39
3R	12184543	12184491	Deletion	52
3R	12184543	12184658	Deletion	115
3R	12184543	12184624	Deletion	81
3R	12184543	12184630	Deletion	87
3R	12184543	12184576	Deletion	33
3R	12199921	12200028	Deletion	107
3R	12199930	12200028	Deletion	98
3R	12199945	12200028	Deletion	83
3R	12199957	12200028	Deletion	71
3R	12199971	12200028	Deletion	57
3R	12202707	12200028	Deletion	2679
3R	12202707	12202776	Deletion	69
3R	12202707	12202811	Deletion	104
3R	12202707	12202750	Deletion	43
3R	12210891	12211008	Deletion	117
3R	12210892	12211008	Deletion	116
3R	12210899	12211008	Deletion	109
3R	12210902	12211008	Deletion	106
3R	12210912	12211008	Deletion	96
3R	12210917	12211008	Deletion	91
3R	12210929	12211008	Deletion	79
3R	12210949	12211003	Deletion	54
3R	12210967	12211008	Deletion	41
3R	12210970	12211008	Deletion	38
3R	12212313	12211008	Deletion	1305
3R	12212313	12212423	Deletion	110
3R	12212313	12212431	Deletion	118
3R	12212313	12212432	Deletion	119
3R	12212313	12212403	Deletion	90
3R	12212313	12212400	Deletion	87
3R	12212313	12212362	Deletion	49
3R	12212313	12212382	Deletion	69
3R	12212313	12212345	Deletion	32
3R	12216425	12216339	Deletion	86
3R	12216425	12216532	Deletion	107
3R	12216425	12216471	Deletion	46
3R	12218346	12218393	Deletion	47
3R	12218352	12218393	Deletion	41
3R	12254257	12218393	Deletion	35864
3R	12254257	12254372	Deletion	115
3R	12254257	12254336	Deletion	79
3R	12254257	12254342	Deletion	85
3R	12254257	12254373	Deletion	116
3R	12254257	12254295	Deletion	38
3R	12287188	12287288	Deletion	100
3R	12287195	12287288	Deletion	93
3R	12287209	12287288	Deletion	79
3R	12287237	12287288	Deletion	51
3R	12287238	12287288	Deletion	50
3R	12287255	12287288	Deletion	33
3R	12288289	12287288	Deletion	1001
3R	12288289	12288365	Deletion	76
3R	12288289	12288364	Deletion	75
3R	12288289	12288336	Deletion	47
3R	12288289	12288322	Deletion	33
3R	12304284	12304382	Deletion	98
3R	12304312	12304382	Deletion	70
3R	12304314	12304382	Deletion	68
3R	12304316	12304382	Deletion	66
3R	12304328	12304382	Deletion	54
3R	12304346	12304382	Deletion	36
3R	12311205	12304382	Deletion	6823
3R	12311205	12311261	Deletion	56
3R	12311205	12311277	Deletion	72
3R	12311205	12311265	Deletion	60
3R	12311205	12311263	Deletion	58
3R	12375945	12376048	Deletion	103
3R	12375961	12376048	Deletion	87
3R	12375969	12376048	Deletion	79
3R	12375972	12376048	Deletion	76
3R	12375974	12376048	Deletion	74
3R	12375977	12376048	Deletion	71
3R	12375994	12376048	Deletion	54
3R	12379944	12376048	Deletion	3896
3R	12379944	12379996	Deletion	52
3R	12379944	12380054	Deletion	110
3R	12379944	12380016	Deletion	72
3R	12379944	12380051	Deletion	107
3R	12379944	12379983	Deletion	39
3R	12379944	12380047	Deletion	103
3R	12379944	12379999	Deletion	55
3R	12379944	12379994	Deletion	50
3R	12379944	12380049	Deletion	105
3R	12399618	12399718	Deletion	100
3R	12399667	12399718	Deletion	51
3R	12399673	12399718	Deletion	45
3R	12399674	12399718	Deletion	44
3R	12399684	12399718	Deletion	34
3R	12399901	12399718	Deletion	183
3R	12399901	12399993	Deletion	92
3R	12399901	12399983	Deletion	82
3R	12399901	12399976	Deletion	75
3R	12438883	12438972	Deletion	89
3R	12439022	12438972	Deletion	50
3R	12439022	12439059	Deletion	37
3R	12439022	12439145	Deletion	123
3R	12439022	12439142	Deletion	120
3R	12459002	12459089	Deletion	87
3R	12459006	12459089	Deletion	83
3R	12459009	12459087	Deletion	78
3R	12459021	12459089	Deletion	68
3R	12459042	12459089	Deletion	47
3R	12459054	12459089	Deletion	35
3R	12459057	12459089	Deletion	32
3R	12465648	12465696	Deletion	48
3R	12465648	12465729	Deletion	81
3R	12475977	12476088	Deletion	111
3R	12475977	12476032	Deletion	55
3R	12475977	12476086	Deletion	109
3R	12498885	12499006	Deletion	121
3R	12513078	12513181	Deletion	103
3R	12513086	12513181	Deletion	95
3R	12513098	12513181	Deletion	83
3R	12513111	12513181	Deletion	70
3R	12513125	12513181	Deletion	56
3R	12513127	12513181	Deletion	54
3R	12513145	12513181	Deletion	36
3R	12519563	12513181	Deletion	6382
3R	12519563	12519634	Deletion	71
3R	12519563	12519620	Deletion	57
3R	12519563	12519654	Deletion	91
3R	12519563	12519595	Deletion	32
3R	12519563	12519636	Deletion	73
3R	12519563	12519679	Deletion	116
3R	12521003	12521080	Deletion	77
3R	12521015	12521080	Deletion	65
3R	12521019	12521080	Deletion	61
3R	12521026	12521080	Deletion	54
3R	12521036	12521080	Deletion	44
3R	12523281	12521080	Deletion	2201
3R	12523281	12523331	Deletion	50
3R	12523281	12523364	Deletion	83
3R	12523281	12523354	Deletion	73
3R	12523281	12523343	Deletion	62
3R	12523281	12523347	Deletion	66
3R	12528187	12528269	Deletion	82
3R	12528202	12528269	Deletion	67
3R	12528203	12528269	Deletion	66
3R	12528234	12528269	Deletion	35
3R	12528239	12528269	Deletion	30
3R	12528635	12528269	Deletion	366
3R	12528635	12528753	Deletion	118
3R	12528635	12528679	Deletion	44
3R	12528635	12528694	Deletion	59
3R	12528635	12528731	Deletion	96
3R	12528635	12528695	Deletion	60
3R	12528635	12528726	Deletion	91
3R	12528635	12528734	Deletion	99
3R	12535845	12535924	Deletion	79
3R	12535859	12535924	Deletion	65
3R	12536834	12535924	Deletion	910
3R	12536834	12536896	Deletion	62
3R	12536834	12536882	Deletion	48
3R	12536856	12536934	Deletion	78
3R	12536875	12536945	Deletion	70
3R	12536886	12536945	Deletion	59
3R	12536895	12536945	Deletion	50
3R	12536906	12536945	Deletion	39
3R	12536911	12536945	Deletion	34
3R	12536914	12536945	Deletion	31
3R	12541146	12536945	Deletion	4201
3R	12541146	12541223	Deletion	77
3R	12541146	12541214	Deletion	68
3R	12541146	12541239	Deletion	93
3R	12541146	12541242	Deletion	96
3R	12541146	12541184	Deletion	38
3R	12541146	12541244	Deletion	98
3R	12541146	12541234	Deletion	88
3R	12541146	12541258	Deletion	112
3R	12541146	12541203	Deletion	57
3R	12544854	12544941	Deletion	87
3R	12544859	12544941	Deletion	82
3R	12544863	12544941	Deletion	78
3R	12544882	12544941	Deletion	59
3R	12544911	12544941	Deletion	30
3R	12545133	12544941	Deletion	192
3R	12545133	12545177	Deletion	44
3R	12545133	12545172	Deletion	39
3R	12545133	12545252	Deletion	119
3R	12545133	12545181	Deletion	48
3R	12545133	12545236	Deletion	103
3R	12545133	12545199	Deletion	66
3R	12555026	12552667	Deletion	2359
3R	12555026	12555139	Deletion	113
3R	12555026	12555063	Deletion	37
3R	12574704	12571146	Deletion	3558
3R	12574704	12574774	Deletion	70
3R	12574704	12574811	Deletion	107
3R	12574754	12574828	Deletion	74
3R	12574765	12574852	Deletion	87
3R	12574778	12574852	Deletion	74
3R	12574809	12574852	Deletion	43
3R	12574813	12574852	Deletion	39
3R	12578097	12574852	Deletion	3245
3R	12578097	12578149	Deletion	52
3R	12578097	12578184	Deletion	87
3R	12578097	12578208	Deletion	111
3R	12578097	12578136	Deletion	39
3R	12587470	12587556	Deletion	86
3R	12587508	12587556	Deletion	48
3R	12587512	12587556	Deletion	44
3R	12587513	12587556	Deletion	43
3R	12588107	12588210	Deletion	103
3R	12588107	12588147	Deletion	40
3R	12588107	12588190	Deletion	83
3R	12588107	12588185	Deletion	78
3R	12588107	12588221	Deletion	114
3R	12599438	12599507	Deletion	69
3R	12603601	12599507	Deletion	4094
3R	12603601	12603723	Deletion	122
3R	12603601	12603659	Deletion	58
3R	12610661	12610778	Deletion	117
3R	12610677	12610778	Deletion	101
3R	12610717	12610778	Deletion	61
3R	12616041	12610778	Deletion	5263
3R	12616041	12616144	Deletion	103
3R	12622534	12622651	Deletion	117
3R	12622546	12622651	Deletion	105
3R	12622553	12622651	Deletion	98
3R	12622554	12622651	Deletion	97
3R	12622591	12622651	Deletion	60
3R	12622598	12622651	Deletion	53
3R	12622609	12622651	Deletion	42
3R	12622720	12622651	Deletion	69
3R	12622720	12622804	Deletion	84
3R	12622720	12622793	Deletion	73
3R	12622720	12622831	Deletion	111
3R	12623621	12623720	Deletion	99
3R	12623639	12623720	Deletion	81
3R	12623644	12623720	Deletion	76
3R	12623650	12623720	Deletion	70
3R	12623668	12623720	Deletion	52
3R	12629487	12623720	Deletion	5767
3R	12629487	12629537	Deletion	50
3R	12629487	12629594	Deletion	107
3R	12629487	12629532	Deletion	45
3R	12629487	12629561	Deletion	74
3R	12629487	12629543	Deletion	56
3R	12660007	12660071	Deletion	64
3R	12660041	12660071	Deletion	30
3R	12660703	12660071	Deletion	632
3R	12660703	12660817	Deletion	114
3R	12660703	12660766	Deletion	63
3R	12660703	12660800	Deletion	97
3R	12662793	12662902	Deletion	109
3R	12662805	12662902	Deletion	97
3R	12662811	12662902	Deletion	91
3R	12662840	12662895	Deletion	55
3R	12662859	12662902	Deletion	43
3R	12671083	12662902	Deletion	8181
3R	12671083	12671167	Deletion	84
3R	12671083	12671148	Deletion	65
3R	12671083	12671199	Deletion	116
3R	12673680	12673765	Deletion	85
3R	12673685	12673765	Deletion	80
3R	12673688	12673765	Deletion	77
3R	12673691	12673765	Deletion	74
3R	12673702	12673765	Deletion	63
3R	12673711	12673765	Deletion	54
3R	12673720	12673765	Deletion	45
3R	12673725	12673765	Deletion	40
3R	12673840	12673765	Deletion	75
3R	12673840	12673945	Deletion	105
3R	12673840	12673912	Deletion	72
3R	12673840	12673956	Deletion	116
3R	12673840	12673903	Deletion	63
3R	12673840	12673926	Deletion	86
3R	12673840	12673948	Deletion	108
3R	12673840	12673921	Deletion	81
3R	12673840	12673889	Deletion	49
3R	12673840	12673886	Deletion	46
3R	12673840	12673881	Deletion	41
3R	12673840	12673947	Deletion	107
3R	12674165	12674242	Deletion	77
3R	12674198	12674242	Deletion	44
3R	12674199	12674242	Deletion	43
3R	12674209	12674242	Deletion	33
3R	12685400	12674242	Deletion	11158
3R	12685400	12685439	Deletion	39
3R	12685400	12685484	Deletion	84
3R	12685400	12685495	Deletion	95
3R	12685400	12685485	Deletion	85
3R	12689944	12690046	Deletion	102
3R	12689992	12690046	Deletion	54
3R	12692271	12690046	Deletion	2225
3R	12692271	12692389	Deletion	118
3R	12692271	12692344	Deletion	73
3R	12692271	12692395	Deletion	124
3R	12697285	12697374	Deletion	89
3R	12697289	12697374	Deletion	85
3R	12697317	12697374	Deletion	57
3R	12697344	12697374	Deletion	30
3R	12697533	12697602	Deletion	69
3R	12697533	12697629	Deletion	96
3R	12697533	12697570	Deletion	37
3R	12697533	12697631	Deletion	98
3R	12715698	12715795	Deletion	97
3R	12715731	12715795	Deletion	64
3R	12715763	12715795	Deletion	32
3R	12715765	12715795	Deletion	30
3R	12732893	12715795	Deletion	17098
3R	12732893	12732993	Deletion	100
3R	12732893	12732955	Deletion	62
3R	12732893	12732989	Deletion	96
3R	12732893	12732987	Deletion	94
3R	12732893	12733001	Deletion	108
3R	12745621	12745702	Deletion	81
3R	12745630	12745702	Deletion	72
3R	12745636	12745702	Deletion	66
3R	12745642	12745702	Deletion	60
3R	12745666	12745702	Deletion	36
3R	12745668	12745702	Deletion	34
3R	12745669	12745702	Deletion	33
3R	12745670	12745702	Deletion	32
3R	12750046	12745702	Deletion	4344
3R	12750046	12750151	Deletion	105
3R	12750046	12750138	Deletion	92
3R	12750046	12750106	Deletion	60
3R	12750046	12750100	Deletion	54
3R	12750046	12750091	Deletion	45
3R	12750046	12750140	Deletion	94
3R	12750046	12750139	Deletion	93
3R	12750046	12750112	Deletion	66
3R	12750046	12750153	Deletion	107
3R	12750046	12750162	Deletion	116
3R	12771515	12771634	Deletion	119
3R	12771561	12771634	Deletion	73
3R	12771600	12771634	Deletion	34
3R	12775666	12771634	Deletion	4032
3R	12775666	12775775	Deletion	109
3R	12775666	12775788	Deletion	122
3R	12775666	12775758	Deletion	92
3R	12811173	12811261	Deletion	88
3R	12811179	12811261	Deletion	82
3R	12811184	12811261	Deletion	77
3R	12811203	12811261	Deletion	58
3R	12812878	12811261	Deletion	1617
3R	12812878	12812917	Deletion	39
3R	12812878	12812979	Deletion	101
3R	12812878	12812988	Deletion	110
3R	12812878	12812923	Deletion	45
3R	12812878	12812928	Deletion	50
3R	12831483	12831584	Deletion	101
3R	12831491	12831584	Deletion	93
3R	12831504	12831584	Deletion	80
3R	12831506	12831584	Deletion	78
3R	12831519	12831584	Deletion	65
3R	12831685	12831584	Deletion	101
3R	12831685	12831747	Deletion	62
3R	12831685	12831732	Deletion	47
3R	12831685	12831719	Deletion	34
3R	12854369	12854468	Deletion	99
3R	12854388	12854468	Deletion	80
3R	12865648	12854468	Deletion	11180
3R	12866282	12866382	Deletion	100
3R	12866292	12866382	Deletion	90
3R	12866673	12866382	Deletion	291
3R	12866673	12866778	Deletion	105
3R	12866673	12866710	Deletion	37
3R	12866673	12866787	Deletion	114
3R	12870947	12871060	Deletion	113
3R	12870949	12871060	Deletion	111
3R	12870955	12871060	Deletion	105
3R	12870963	12871060	Deletion	97
3R	12870993	12871060	Deletion	67
3R	12871028	12871060	Deletion	32
3R	12871169	12871060	Deletion	109
3R	12871169	12871263	Deletion	94
3R	12871169	12871228	Deletion	59
3R	12885727	12885828	Deletion	101
3R	12885736	12885828	Deletion	92
3R	12885741	12885828	Deletion	87
3R	12885743	12885828	Deletion	85
3R	12885755	12885828	Deletion	73
3R	12885764	12885828	Deletion	64
3R	12885790	12885828	Deletion	38
3R	12892205	12885828	Deletion	6377
3R	12892205	12892239	Deletion	34
3R	12892205	12892307	Deletion	102
3R	12892205	12892258	Deletion	53
3R	12892205	12892267	Deletion	62
3R	12892205	12892304	Deletion	99
3R	12892205	12892246	Deletion	41
3R	12892205	12892244	Deletion	39
3R	12892758	12892841	Deletion	83
3R	12892759	12892841	Deletion	82
3R	12892770	12892841	Deletion	71
3R	12892772	12892841	Deletion	69
3R	12892795	12892841	Deletion	46
3R	12892811	12892841	Deletion	30
3R	12897237	12892841	Deletion	4396
3R	12897237	12897318	Deletion	81
3R	12897237	12897334	Deletion	97
3R	12897237	12897282	Deletion	45
3R	12897237	12897269	Deletion	32
3R	12897237	12897336	Deletion	99
3R	12897237	12897281	Deletion	44
3R	12897237	12897295	Deletion	58
3R	12897237	12897293	Deletion	56
3R	12897237	12897340	Deletion	103
3R	12898194	12898309	Deletion	115
3R	12898226	12898309	Deletion	83
3R	12898229	12898309	Deletion	80
3R	12898265	12898309	Deletion	44
3R	12898268	12898309	Deletion	41
3R	12898360	12898309	Deletion	51
3R	12898360	12898442	Deletion	82
3R	12898360	12898403	Deletion	43
3R	12898360	12898474	Deletion	114
3R	12898360	12898445	Deletion	85
3R	12898360	12898406	Deletion	46
3R	12930960	12931042	Deletion	82
3R	12930981	12931042	Deletion	61
3R	12931004	12931042	Deletion	38
3R	12931005	12931042	Deletion	37
3R	12933760	12931042	Deletion	2718
3R	12933760	12933848	Deletion	88
3R	12933760	12933858	Deletion	98
3R	12933760	12933849	Deletion	89
3R	12933760	12933865	Deletion	105
3R	12933760	12933882	Deletion	122
3R	12933762	12933804	Deletion	42
3R	12938325	12938424	Deletion	99
3R	12938362	12938424	Deletion	62
3R	12938372	12938424	Deletion	52
3R	12946863	12938424	Deletion	8439
3R	12946863	12946977	Deletion	114
3R	12946863	12946962	Deletion	99
3R	12946863	12946927	Deletion	64
3R	12946863	12946972	Deletion	109
3R	12946863	12946937	Deletion	74
3R	12950369	12950409	Deletion	40
3R	12950377	12950409	Deletion	32
3R	12951484	12950409	Deletion	1075
3R	12951484	12951570	Deletion	86
3R	12951484	12951588	Deletion	104
3R	12951484	12951578	Deletion	94
3R	12995377	12995412	Deletion	35
3R	13000930	12995412	Deletion	5518
3R	13000930	13000972	Deletion	42
3R	13002618	13002717	Deletion	99
3R	13002623	13002717	Deletion	94
3R	13002631	13002717	Deletion	86
3R	13002642	13002717	Deletion	75
3R	13002663	13002717	Deletion	54
3R	13005068	13002717	Deletion	2351
3R	13005068	13005110	Deletion	42
3R	13005068	13005102	Deletion	34
3R	13005068	13005186	Deletion	118
3R	13005068	13005121	Deletion	53
3R	13016286	13016363	Deletion	77
3R	13016305	13016363	Deletion	58
3R	13016321	13016363	Deletion	42
3R	13016475	13016579	Deletion	104
3R	13016475	13016525	Deletion	50
3R	13016475	13016560	Deletion	85
3R	13024464	13024543	Deletion	79
3R	13024470	13024543	Deletion	73
3R	13024493	13024543	Deletion	50
3R	13033821	13024543	Deletion	9278
3R	13033821	13033936	Deletion	115
3R	13033821	13033932	Deletion	111
3R	13033821	13033868	Deletion	47
3R	13033821	13033874	Deletion	53
3R	13033821	13033897	Deletion	76
3R	13033821	13033929	Deletion	108
3R	13042704	13042796	Deletion	92
3R	13042711	13042796	Deletion	85
3R	13042752	13042796	Deletion	44
3R	13052724	13042796	Deletion	9928
3R	13052724	13052823	Deletion	99
3R	13052724	13052758	Deletion	34
3R	13054687	13054787	Deletion	100
3R	13054852	13054787	Deletion	65
3R	13054852	13054960	Deletion	108
3R	13054852	13054957	Deletion	105
3R	13054852	13054949	Deletion	97
3R	13054852	13054966	Deletion	114
3R	13059878	13059978	Deletion	100
3R	13059912	13059978	Deletion	66
3R	13059939	13059978	Deletion	39
3R	13065595	13059978	Deletion	5617
3R	13065595	13065718	Deletion	123
3R	13065595	13065682	Deletion	87
3R	13065595	13065712	Deletion	117
3R	13065595	13065710	Deletion	115
3R	13067007	13067084	Deletion	77
3R	13067014	13067084	Deletion	70
3R	13067025	13067084	Deletion	59
3R	13067040	13067084	Deletion	44
3R	13070325	13067084	Deletion	3241
3R	13070325	13070375	Deletion	50
3R	13070325	13070408	Deletion	83
3R	13070325	13070369	Deletion	44
3R	13070325	13070382	Deletion	57
3R	13078599	13078650	Deletion	51
3R	13080899	13080991	Deletion	92
3R	13080899	13081018	Deletion	119
3R	13094833	13094921	Deletion	88
3R	13096586	13094921	Deletion	1665
3R	13096586	13096624	Deletion	38
3R	13096586	13096693	Deletion	107
3R	13101278	13101384	Deletion	106
3R	13101286	13101384	Deletion	98
3R	13101287	13101384	Deletion	97
3R	13101324	13101384	Deletion	60
3R	13101330	13101384	Deletion	54
3R	13101352	13101384	Deletion	32
3R	13101543	13101384	Deletion	159
3R	13101543	13101615	Deletion	72
3R	13101545	13101610	Deletion	65
3R	13101960	13102018	Deletion	58
3R	13101983	13102018	Deletion	35
3R	13104103	13102018	Deletion	2085
3R	13104103	13104210	Deletion	107
3R	13104103	13104196	Deletion	93
3R	13104103	13104202	Deletion	99
3R	13104103	13104213	Deletion	110
3R	13124789	13124897	Deletion	108
3R	13124791	13124897	Deletion	106
3R	13124796	13124897	Deletion	101
3R	13124818	13124897	Deletion	79
3R	13124862	13124897	Deletion	35
3R	13128176	13124897	Deletion	3279
3R	13128176	13128223	Deletion	47
3R	13128176	13128273	Deletion	97
3R	13129416	13129503	Deletion	87
3R	13129425	13129503	Deletion	78
3R	13129428	13129503	Deletion	75
3R	13129432	13129503	Deletion	71
3R	13129437	13129503	Deletion	66
3R	13129438	13129503	Deletion	65
3R	13129467	13129503	Deletion	36
3R	13130535	13129503	Deletion	1032
3R	13130535	13130625	Deletion	90
3R	13130535	13130574	Deletion	39
3R	13130535	13130595	Deletion	60
3R	13130535	13130645	Deletion	110
3R	13130535	13130590	Deletion	55
3R	13130535	13130586	Deletion	51
3R	13130535	13130596	Deletion	61
3R	13169463	13169547	Deletion	84
3R	13169463	13169520	Deletion	57
3R	13169463	13169567	Deletion	104
3R	13169463	13169556	Deletion	93
3R	13169463	13169534	Deletion	71
3R	13173659	13173733	Deletion	74
3R	13173664	13173733	Deletion	69
3R	13173684	13173733	Deletion	49
3R	13173698	13173733	Deletion	35
3R	13174554	13173733	Deletion	821
3R	13174554	13174672	Deletion	118
3R	13174554	13174612	Deletion	58
3R	13174554	13174607	Deletion	53
3R	13174554	13174646	Deletion	92
3R	13174554	13174595	Deletion	41
3R	13180129	13180209	Deletion	80
3R	13180178	13180209	Deletion	31
3R	13190094	13180209	Deletion	9885
3R	13190094	13190202	Deletion	108
3R	13190094	13190136	Deletion	42
3R	13190098	13190141	Deletion	43
3R	13204563	13204675	Deletion	112
3R	13204571	13204675	Deletion	104
3R	13204588	13204675	Deletion	87
3R	13204605	13204675	Deletion	70
3R	13204616	13204675	Deletion	59
3R	13208501	13208560	Deletion	59
3R	13208501	13208571	Deletion	70
3R	13208501	13208543	Deletion	42
3R	13222577	13222681	Deletion	104
3R	13222579	13222681	Deletion	102
3R	13222581	13222681	Deletion	100
3R	13222597	13222681	Deletion	84
3R	13222599	13222681	Deletion	82
3R	13222608	13222681	Deletion	73
3R	13222614	13222681	Deletion	67
3R	13222643	13222683	Deletion	40
3R	13222645	13222681	Deletion	36
3R	13227558	13222681	Deletion	4877
3R	13227558	13227659	Deletion	101
3R	13227558	13227646	Deletion	88
3R	13227558	13227648	Deletion	90
3R	13227558	13227611	Deletion	53
3R	13227558	13227600	Deletion	42
3R	13227559	13227602	Deletion	43
3R	13232596	13232685	Deletion	89
3R	13232614	13232685	Deletion	71
3R	13232616	13232685	Deletion	69
3R	13232627	13232685	Deletion	58
3R	13233111	13232685	Deletion	426
3R	13233111	13233214	Deletion	103
3R	13233111	13233149	Deletion	38
3R	13233111	13233169	Deletion	58
3R	13233111	13233213	Deletion	102
3R	13233111	13233180	Deletion	69
3R	13271888	13271995	Deletion	107
3R	13271897	13271995	Deletion	98
3R	13271935	13271995	Deletion	60
3R	13271965	13271995	Deletion	30
3R	13272085	13271995	Deletion	90
3R	13272085	13272181	Deletion	96
3R	13276418	13276511	Deletion	93
3R	13276420	13276511	Deletion	91
3R	13276464	13276511	Deletion	47
3R	13276466	13276511	Deletion	45
3R	13283346	13276511	Deletion	6835
3R	13283346	13283427	Deletion	81
3R	13283346	13283381	Deletion	35
3R	13283346	13283425	Deletion	79
3R	13283346	13283450	Deletion	104
3R	13314119	13314197	Deletion	78
3R	13314138	13314197	Deletion	59
3R	13314152	13314197	Deletion	45
3R	13321500	13321549	Deletion	49
3R	13321500	13321601	Deletion	101
3R	13321500	13321568	Deletion	68
3R	13321500	13321617	Deletion	117
3R	13321500	13321622	Deletion	122
3R	13356309	13356406	Deletion	97
3R	13356359	13356406	Deletion	47
3R	13364314	13356406	Deletion	7908
3R	13364314	13364429	Deletion	115
3R	13364314	13364413	Deletion	99
3R	13364314	13364394	Deletion	80
3R	13364314	13364427	Deletion	113
3R	13383093	13383181	Deletion	88
3R	13395476	13383181	Deletion	12295
3R	13395476	13395576	Deletion	100
3R	13403876	13403942	Deletion	66
3R	13403903	13403942	Deletion	39
3R	13405061	13403942	Deletion	1119
3R	13405061	13405150	Deletion	89
3R	13405061	13405167	Deletion	106
3R	13405061	13405103	Deletion	42
3R	13405061	13405177	Deletion	116
3R	13405061	13405123	Deletion	62
3R	13406620	13406714	Deletion	94
3R	13406621	13406714	Deletion	93
3R	13406622	13406714	Deletion	92
3R	13406634	13406714	Deletion	80
3R	13406676	13406714	Deletion	38
3R	13424481	13406714	Deletion	17767
3R	13424481	13424597	Deletion	116
3R	13424481	13424516	Deletion	35
3R	13424481	13424530	Deletion	49
3R	13424481	13424518	Deletion	37
3R	13424481	13424517	Deletion	36
3R	13441155	13441205	Deletion	50
3R	13441163	13441205	Deletion	42
3R	13441174	13441205	Deletion	31
3R	13446607	13441205	Deletion	5402
3R	13446607	13446684	Deletion	77
3R	13446607	13446692	Deletion	85
3R	13447691	13447783	Deletion	92
3R	13447696	13447783	Deletion	87
3R	13447715	13447783	Deletion	68
3R	13447750	13447783	Deletion	33
3R	13457054	13447783	Deletion	9271
3R	13457054	13457113	Deletion	59
3R	13457054	13457094	Deletion	40
3R	13457054	13457148	Deletion	94
3R	13457054	13457089	Deletion	35
3R	13471438	13471546	Deletion	108
3R	13471468	13471546	Deletion	78
3R	13471487	13471546	Deletion	59
3R	13471515	13471546	Deletion	31
3R	13481588	13471546	Deletion	10042
3R	13481588	13481636	Deletion	48
3R	13481588	13481683	Deletion	95
3R	13488544	13488614	Deletion	70
3R	13488562	13488614	Deletion	52
3R	13488564	13488614	Deletion	50
3R	13488580	13488614	Deletion	34
3R	13493041	13488614	Deletion	4427
3R	13493041	13493115	Deletion	74
3R	13493041	13493144	Deletion	103
3R	13493041	13493097	Deletion	56
3R	13493041	13493146	Deletion	105
3R	13493041	13493133	Deletion	92
3R	13493041	13493139	Deletion	98
3R	13499805	13499891	Deletion	86
3R	13499837	13499898	Deletion	61
3R	13499854	13499898	Deletion	44
3R	13517085	13499898	Deletion	17187
3R	13517085	13517206	Deletion	121
3R	13517085	13517118	Deletion	33
3R	13517085	13517167	Deletion	82
3R	13539372	13539459	Deletion	87
3R	13539378	13539459	Deletion	81
3R	13539395	13539459	Deletion	64
3R	13539410	13539459	Deletion	49
3R	13540722	13539459	Deletion	1263
3R	13540722	13540761	Deletion	39
3R	13540722	13540757	Deletion	35
3R	13540722	13540767	Deletion	45
3R	13540722	13540799	Deletion	77
3R	13540722	13540784	Deletion	62
3R	13550740	13550844	Deletion	104
3R	13550763	13550844	Deletion	81
3R	13550788	13550844	Deletion	56
3R	13550800	13550844	Deletion	44
3R	13550802	13550844	Deletion	42
3R	13554744	13550844	Deletion	3900
3R	13554744	13554845	Deletion	101
3R	13554744	13554829	Deletion	85
3R	13554744	13554792	Deletion	48
3R	13554744	13554817	Deletion	73
3R	13554744	13554864	Deletion	120
3R	13557211	13557320	Deletion	109
3R	13557230	13557320	Deletion	90
3R	13557239	13557320	Deletion	81
3R	13557266	13557320	Deletion	54
3R	13561037	13557320	Deletion	3717
3R	13561037	13561161	Deletion	124
3R	13561037	13561074	Deletion	37
3R	13561037	13561110	Deletion	73
3R	13561037	13561147	Deletion	110
3R	13561037	13561142	Deletion	105
3R	13561398	13561473	Deletion	75
3R	13561413	13561473	Deletion	60
3R	13561418	13561473	Deletion	55
3R	13561897	13561948	Deletion	51
3R	13561897	13561963	Deletion	66
3R	13561897	13561935	Deletion	38
3R	13561897	13562010	Deletion	113
3R	13578294	13578378	Deletion	84
3R	13578299	13578378	Deletion	79
3R	13578300	13578378	Deletion	78
3R	13578335	13578378	Deletion	43
3R	13596467	13578378	Deletion	18089
3R	13596467	13596550	Deletion	83
3R	13596467	13596509	Deletion	42
3R	13596467	13596514	Deletion	47
3R	13596467	13596503	Deletion	36
3R	13608321	13608365	Deletion	44
3R	13609220	13608365	Deletion	855
3R	13609220	13609335	Deletion	115
3R	13615787	13615872	Deletion	85
3R	13615792	13615872	Deletion	80
3R	13615795	13615872	Deletion	77
3R	13615801	13615872	Deletion	71
3R	13615922	13615872	Deletion	50
3R	13615922	13615977	Deletion	55
3R	13615922	13616028	Deletion	106
3R	13615922	13615963	Deletion	41
3R	13615922	13615953	Deletion	31
3R	13615922	13615968	Deletion	46
3R	13667874	13667934	Deletion	60
3R	13667894	13667934	Deletion	40
3R	13668107	13667934	Deletion	173
3R	13668107	13668175	Deletion	68
3R	13668107	13668195	Deletion	88
3R	13670369	13670472	Deletion	103
3R	13670371	13670472	Deletion	101
3R	13670373	13670472	Deletion	99
3R	13670424	13670472	Deletion	48
3R	13672014	13670472	Deletion	1542
3R	13672014	13672128	Deletion	114
3R	13672014	13672092	Deletion	78
3R	13672014	13672117	Deletion	103
3R	13672975	13673060	Deletion	85
3R	13672980	13673060	Deletion	80
3R	13672986	13673060	Deletion	74
3R	13673007	13673060	Deletion	53
3R	13673027	13673060	Deletion	33
3R	13673193	13673060	Deletion	133
3R	13673193	13673296	Deletion	103
3R	13673193	13673317	Deletion	124
3R	13673193	13673266	Deletion	73
3R	13673193	13673245	Deletion	52
3R	13673193	13673234	Deletion	41
3R	13673193	13673239	Deletion	46
3R	13685474	13685573	Deletion	99
3R	13685485	13685573	Deletion	88
3R	13687653	13685573	Deletion	2080
3R	13687653	13687769	Deletion	116
3R	13688980	13689072	Deletion	92
3R	13688986	13689072	Deletion	86
3R	13689003	13689072	Deletion	69
3R	13689016	13689072	Deletion	56
3R	13689019	13689072	Deletion	53
3R	13689651	13689072	Deletion	579
3R	13689651	13689722	Deletion	71
3R	13689651	13689725	Deletion	74
3R	13689651	13689686	Deletion	35
3R	13689651	13689756	Deletion	105
3R	13689651	13689709	Deletion	58
3R	13692429	13692524	Deletion	95
3R	13692472	13692524	Deletion	52
3R	13692479	13692524	Deletion	45
3R	13692486	13692524	Deletion	38
3R	13717035	13692524	Deletion	24511
3R	13717035	13717123	Deletion	88
3R	13717035	13717109	Deletion	74
3R	13717035	13717066	Deletion	31
3R	13735446	13735520	Deletion	74
3R	13735450	13735520	Deletion	70
3R	13735454	13735520	Deletion	66
3R	13735460	13735520	Deletion	60
3R	13761423	13735520	Deletion	25903
3R	13761423	13761530	Deletion	107
3R	13761423	13761483	Deletion	60
3R	13761423	13761524	Deletion	101
3R	13761423	13761479	Deletion	56
3R	13761423	13761489	Deletion	66
3R	13761423	13761475	Deletion	52
3R	13776598	13776635	Deletion	37
3R	13776600	13776635	Deletion	35
3R	13778526	13776635	Deletion	1891
3R	13778526	13778621	Deletion	95
3R	13778526	13778604	Deletion	78
3R	13785623	13785674	Deletion	51
3R	13785626	13785674	Deletion	48
3R	13785643	13785674	Deletion	31
3R	13785644	13785674	Deletion	30
3R	13790410	13785674	Deletion	4736
3R	13790410	13790486	Deletion	76
3R	13790410	13790507	Deletion	97
3R	13790410	13790528	Deletion	118
3R	13790410	13790489	Deletion	79
3R	13790410	13790506	Deletion	96
3R	13790410	13790516	Deletion	106
3R	13790410	13790468	Deletion	58
3R	13790410	13790519	Deletion	109
3R	13798214	13798309	Deletion	95
3R	13798217	13798309	Deletion	92
3R	13798222	13798309	Deletion	87
3R	13798229	13798309	Deletion	80
3R	13798239	13798309	Deletion	70
3R	13798248	13798309	Deletion	61
3R	13805978	13798309	Deletion	7669
3R	13805978	13806043	Deletion	65
3R	13805978	13806024	Deletion	46
3R	13805978	13806034	Deletion	56
3R	13805978	13806012	Deletion	34
3R	13805978	13806017	Deletion	39
3R	13805978	13806009	Deletion	31
3R	13805978	13806083	Deletion	105
3R	13809962	13810026	Deletion	64
3R	13811110	13810026	Deletion	1084
3R	13811110	13811169	Deletion	59
3R	13811110	13811173	Deletion	63
3R	13811110	13811220	Deletion	110
3R	13825586	13825537	Deletion	49
3R	13825801	13825872	Deletion	71
3R	13825826	13825872	Deletion	46
3R	13828962	13825872	Deletion	3090
3R	13828962	13829045	Deletion	83
3R	13828962	13829008	Deletion	46
3R	13828980	13829020	Deletion	40
3R	13829001	13829100	Deletion	99
3R	13829010	13829100	Deletion	90
3R	13829039	13829100	Deletion	61
3R	13829068	13829100	Deletion	32
3R	13852204	13829100	Deletion	23104
3R	13852204	13852316	Deletion	112
3R	13852204	13852319	Deletion	115
3R	13852204	13852269	Deletion	65
3R	13852204	13852298	Deletion	94
3R	13853227	13853317	Deletion	90
3R	13853228	13853317	Deletion	89
3R	13853247	13853317	Deletion	70
3R	13853287	13853317	Deletion	30
3R	13855627	13853317	Deletion	2310
3R	13855627	13855728	Deletion	101
3R	13855627	13855668	Deletion	41
3R	13855627	13855688	Deletion	61
3R	13862672	13862786	Deletion	114
3R	13862680	13862783	Deletion	103
3R	13862708	13862786	Deletion	78
3R	13862721	13862786	Deletion	65
3R	13862756	13862786	Deletion	30
3R	13867914	13868014	Deletion	100
3R	13867914	13867962	Deletion	48
3R	13867914	13867975	Deletion	61
3R	13876592	13876689	Deletion	97
3R	13876650	13876689	Deletion	39
3R	13876653	13876689	Deletion	36
3R	13880155	13876689	Deletion	3466
3R	13880155	13880242	Deletion	87
3R	13903524	13903637	Deletion	113
3R	13903581	13903637	Deletion	56
3R	13903585	13903637	Deletion	52
3R	13903593	13903637	Deletion	44
3R	13903607	13903637	Deletion	30
3R	13903696	13903637	Deletion	59
3R	13903696	13903770	Deletion	74
3R	13903696	13903778	Deletion	82
3R	13903696	13903792	Deletion	96
3R	13906620	13906679	Deletion	59
3R	13906644	13906679	Deletion	35
3R	13926558	13906679	Deletion	19879
3R	13926558	13926656	Deletion	98
3R	13926558	13926649	Deletion	91
3R	13927466	13927556	Deletion	90
3R	13927469	13927556	Deletion	87
3R	13927496	13927556	Deletion	60
3R	13927526	13927556	Deletion	30
3R	13932359	13927556	Deletion	4803
3R	13932359	13932395	Deletion	36
3R	13932359	13932398	Deletion	39
3R	13932359	13932455	Deletion	96
3R	13932359	13932389	Deletion	30
3R	13936649	13936710	Deletion	61
3R	13936781	13936710	Deletion	71
3R	13936781	13936896	Deletion	115
3R	13936781	13936848	Deletion	67
3R	13936781	13936875	Deletion	94
3R	13937181	13937281	Deletion	100
3R	13937229	13937281	Deletion	52
3R	13937428	13937281	Deletion	147
3R	13950245	13950320	Deletion	75
3R	13950272	13950320	Deletion	48
3R	13950288	13950320	Deletion	32
3R	13954398	13950320	Deletion	4078
3R	13954398	13954481	Deletion	83
3R	13954398	13954513	Deletion	115
3R	13954398	13954497	Deletion	99
3R	13972110	13972208	Deletion	98
3R	13972111	13972208	Deletion	97
3R	13972116	13972208	Deletion	92
3R	13972117	13972208	Deletion	91
3R	13972125	13972208	Deletion	83
3R	13972144	13972208	Deletion	64
3R	13972363	13972208	Deletion	155
3R	13972363	13972393	Deletion	30
3R	13972363	13972408	Deletion	45
3R	13972363	13972400	Deletion	37
3R	13972363	13972427	Deletion	64
3R	13975406	13975469	Deletion	63
3R	13975419	13975469	Deletion	50
3R	13975424	13975469	Deletion	45
3R	13975427	13975469	Deletion	42
3R	13978395	13975469	Deletion	2926
3R	13978395	13978504	Deletion	109
3R	13978395	13978458	Deletion	63
3R	13978395	13978476	Deletion	81
3R	13978395	13978515	Deletion	120
3R	13978395	13978514	Deletion	119
3R	13978395	13978471	Deletion	76
3R	13981763	13981822	Deletion	59
3R	13981781	13981822	Deletion	41
3R	13985656	13981822	Deletion	3834
3R	13985656	13985762	Deletion	106
3R	13985656	13985743	Deletion	87
3R	13985656	13985699	Deletion	43
3R	14004262	14004367	Deletion	105
3R	14004270	14004367	Deletion	97
3R	14004279	14004367	Deletion	88
3R	14004309	14004367	Deletion	58
3R	14004470	14004510	Deletion	40
3R	14004470	14004501	Deletion	31
3R	14010539	14010608	Deletion	69
3R	14010550	14010608	Deletion	58
3R	14010669	14010608	Deletion	61
3R	14010669	14010738	Deletion	69
3R	14028343	14028416	Deletion	73
3R	14028383	14028416	Deletion	33
3R	14028483	14028416	Deletion	67
3R	14028483	14028581	Deletion	98
3R	14028483	14028526	Deletion	43
3R	14028483	14028576	Deletion	93
3R	14028483	14028536	Deletion	53
3R	14061371	14061470	Deletion	99
3R	14061413	14061470	Deletion	57
3R	14061424	14061470	Deletion	46
3R	14062341	14061470	Deletion	871
3R	14062341	14062440	Deletion	99
3R	14062341	14062444	Deletion	103
3R	14062341	14062422	Deletion	81
3R	14062341	14062411	Deletion	70
3R	14081075	14081182	Deletion	107
3R	14081084	14081182	Deletion	98
3R	14081109	14081182	Deletion	73
3R	14081128	14081182	Deletion	54
3R	14081146	14081182	Deletion	36
3R	14090473	14081182	Deletion	9291
3R	14090473	14090564	Deletion	91
3R	14090473	14090595	Deletion	122
3R	14090473	14090527	Deletion	54
3R	14107154	14107259	Deletion	105
3R	14107173	14107259	Deletion	86
3R	14107177	14107259	Deletion	82
3R	14107196	14107259	Deletion	63
3R	14107202	14107259	Deletion	57
3R	14107208	14107259	Deletion	51
3R	14107212	14107259	Deletion	47
3R	14107222	14107259	Deletion	37
3R	14114137	14107259	Deletion	6878
3R	14114137	14114181	Deletion	44
3R	14114137	14114200	Deletion	63
3R	14114137	14114177	Deletion	40
3R	14114137	14114259	Deletion	122
3R	14114137	14114216	Deletion	79
3R	14114137	14114206	Deletion	69
3R	14114137	14114226	Deletion	89
3R	14117607	14117694	Deletion	87
3R	14117624	14117694	Deletion	70
3R	14121333	14117694	Deletion	3639
3R	14121333	14121389	Deletion	56
3R	14123157	14123247	Deletion	90
3R	14123180	14123247	Deletion	67
3R	14154825	14123247	Deletion	31578
3R	14154825	14154932	Deletion	107
3R	14154825	14154884	Deletion	59
3R	14174601	14174703	Deletion	102
3R	14174628	14174703	Deletion	75
3R	14174642	14174703	Deletion	61
3R	14174653	14174703	Deletion	50
3R	14174663	14174703	Deletion	40
3R	14174671	14174703	Deletion	32
3R	14177489	14174703	Deletion	2786
3R	14177489	14177567	Deletion	78
3R	14177489	14177577	Deletion	88
3R	14177489	14177556	Deletion	67
3R	14177489	14177542	Deletion	53
3R	14179611	14179692	Deletion	81
3R	14179633	14179692	Deletion	59
3R	14185405	14185474	Deletion	69
3R	14192225	14192293	Deletion	68
3R	14192225	14192268	Deletion	43
3R	14194457	14194538	Deletion	81
3R	14203502	14203623	Deletion	121
3R	14214107	14214206	Deletion	99
3R	14214133	14214206	Deletion	73
3R	14223529	14214206	Deletion	9323
3R	14223529	14223627	Deletion	98
3R	14240030	14240074	Deletion	44
3R	14242265	14242347	Deletion	82
3R	14242545	14242663	Deletion	118
3R	14245076	14245197	Deletion	121
3R	14245090	14245197	Deletion	107
3R	14245091	14245197	Deletion	106
3R	14245102	14245197	Deletion	95
3R	14245110	14245197	Deletion	87
3R	14245112	14245197	Deletion	85
3R	14245130	14245197	Deletion	67
3R	14245146	14245197	Deletion	51
3R	14245154	14245197	Deletion	43
3R	14249890	14249973	Deletion	83
3R	14249890	14249921	Deletion	31
3R	14249890	14249965	Deletion	75
3R	14249890	14249929	Deletion	39
3R	14269670	14269723	Deletion	53
3R	14269675	14269723	Deletion	48
3R	14269779	14269723	Deletion	56
3R	14269779	14269853	Deletion	74
3R	14269779	14269894	Deletion	115
3R	14269779	14269833	Deletion	54
3R	14269779	14269879	Deletion	100
3R	14269779	14269897	Deletion	118
3R	14299913	14299982	Deletion	69
3R	14299929	14299982	Deletion	53
3R	14302055	14299982	Deletion	2073
3R	14302055	14302169	Deletion	114
3R	14302055	14302103	Deletion	48
3R	14302055	14302113	Deletion	58
3R	14305848	14305933	Deletion	85
3R	14305856	14305933	Deletion	77
3R	14305892	14305933	Deletion	41
3R	14313953	14305933	Deletion	8020
3R	14313953	14314003	Deletion	50
3R	14313953	14313995	Deletion	42
3R	14317027	14317083	Deletion	56
3R	14317035	14317083	Deletion	48
3R	14328353	14317083	Deletion	11270
3R	14328353	14328433	Deletion	80
3R	14328353	14328387	Deletion	34
3R	14328353	14328465	Deletion	112
3R	14336412	14336467	Deletion	55
3R	14336425	14336467	Deletion	42
3R	14336431	14336467	Deletion	36
3R	14338757	14336467	Deletion	2290
3R	14338757	14338860	Deletion	103
3R	14338757	14338879	Deletion	122
3R	14338757	14338848	Deletion	91
3R	14338757	14338842	Deletion	85
3R	14341472	14341576	Deletion	104
3R	14341496	14341576	Deletion	80
3R	14341503	14341576	Deletion	73
3R	14341539	14341576	Deletion	37
3R	14341789	14341576	Deletion	213
3R	14341789	14341842	Deletion	53
3R	14341789	14341834	Deletion	45
3R	14348096	14348207	Deletion	111
3R	14348102	14348207	Deletion	105
3R	14348114	14348207	Deletion	93
3R	14348142	14348207	Deletion	65
3R	14348157	14348207	Deletion	50
3R	14348165	14348207	Deletion	42
3R	14348288	14348207	Deletion	81
3R	14348288	14348372	Deletion	84
3R	14348288	14348364	Deletion	76
3R	14348288	14348321	Deletion	33
3R	14368562	14368655	Deletion	93
3R	14368594	14368655	Deletion	61
3R	14368597	14368655	Deletion	58
3R	14368711	14368655	Deletion	56
3R	14368711	14368781	Deletion	70
3R	14374043	14374124	Deletion	81
3R	14374072	14374124	Deletion	52
3R	14374094	14374124	Deletion	30
3R	14376352	14374124	Deletion	2228
3R	14376352	14376474	Deletion	122
3R	14376352	14376427	Deletion	75
3R	14376352	14376449	Deletion	97
3R	14376352	14376398	Deletion	46
3R	14379968	14380085	Deletion	117
3R	14379985	14380085	Deletion	100
3R	14379989	14380085	Deletion	96
3R	14380021	14380085	Deletion	64
3R	14380035	14380085	Deletion	50
3R	14380041	14380085	Deletion	44
3R	14389991	14380085	Deletion	9906
3R	14389991	14390103	Deletion	112
3R	14389991	14390022	Deletion	31
3R	14389991	14390108	Deletion	117
3R	14389991	14390068	Deletion	77
3R	14389991	14390074	Deletion	83
3R	14407450	14407519	Deletion	69
3R	14407458	14407519	Deletion	61
3R	14407647	14407519	Deletion	128
3R	14407647	14407695	Deletion	48
3R	14407647	14407766	Deletion	119
3R	14410865	14410977	Deletion	112
3R	14410906	14410977	Deletion	71
3R	14410917	14410977	Deletion	60
3R	14410926	14410977	Deletion	51
3R	14413220	14413296	Deletion	76
3R	14413220	14413321	Deletion	101
3R	14413220	14413276	Deletion	56
3R	14413220	14413338	Deletion	118
3R	14413220	14413287	Deletion	67
3R	14414324	14414435	Deletion	111
3R	14414328	14414435	Deletion	107
3R	14414387	14414435	Deletion	48
3R	14431900	14414435	Deletion	17465
3R	14454956	14455052	Deletion	96
3R	14454984	14455052	Deletion	68
3R	14455003	14455052	Deletion	49
3R	14455008	14455052	Deletion	44
3R	14457610	14455052	Deletion	2558
3R	14457610	14457669	Deletion	59
3R	14457610	14457693	Deletion	83
3R	14457610	14457716	Deletion	106
3R	14457610	14457641	Deletion	31
3R	14457614	14457730	Deletion	116
3R	14459461	14459561	Deletion	100
3R	14459491	14459561	Deletion	70
3R	14459516	14459561	Deletion	45
3R	14459517	14459561	Deletion	44
3R	14462493	14459561	Deletion	2932
3R	14462493	14462617	Deletion	124
3R	14462493	14462614	Deletion	121
3R	14462493	14462575	Deletion	82
3R	14462493	14462576	Deletion	83
3R	14462493	14462616	Deletion	123
3R	14462493	14462591	Deletion	98
3R	14462493	14462550	Deletion	57
3R	14472818	14472866	Deletion	48
3R	14472823	14472866	Deletion	43
3R	14485295	14472866	Deletion	12429
3R	14485295	14485374	Deletion	79
3R	14485295	14485329	Deletion	34
3R	14485295	14485411	Deletion	116
3R	14490496	14490555	Deletion	59
3R	14490501	14490550	Deletion	49
3R	14490520	14490555	Deletion	35
3R	14501204	14490555	Deletion	10649
3R	14501204	14501276	Deletion	72
3R	14501204	14501265	Deletion	61
3R	14501204	14501271	Deletion	67
3R	14501204	14501295	Deletion	91
3R	14503657	14503743	Deletion	86
3R	14503662	14503743	Deletion	81
3R	14503702	14503743	Deletion	41
3R	14516753	14503743	Deletion	13010
3R	14516753	14516838	Deletion	85
3R	14516753	14516793	Deletion	40
3R	14516753	14516860	Deletion	107
3R	14516753	14516798	Deletion	45
3R	14520212	14520319	Deletion	107
3R	14520232	14520319	Deletion	87
3R	14520246	14520319	Deletion	73
3R	14520248	14520319	Deletion	71
3R	14520266	14520319	Deletion	53
3R	14521094	14520319	Deletion	775
3R	14521094	14521147	Deletion	53
3R	14521094	14521133	Deletion	39
3R	14521094	14521200	Deletion	106
3R	14521094	14521149	Deletion	55
3R	14536601	14536660	Deletion	59
3R	14536608	14536660	Deletion	52
3R	14536612	14536657	Deletion	45
3R	14536625	14536660	Deletion	35
3R	14537956	14536660	Deletion	1296
3R	14537956	14538048	Deletion	92
3R	14537956	14538032	Deletion	76
3R	14537956	14538024	Deletion	68
3R	14543227	14543310	Deletion	83
3R	14543235	14543310	Deletion	75
3R	14543262	14543310	Deletion	48
3R	14543279	14543310	Deletion	31
3R	14552275	14543310	Deletion	8965
3R	14552275	14552326	Deletion	51
3R	14552275	14552353	Deletion	78
3R	14552275	14552318	Deletion	43
3R	14560131	14560234	Deletion	103
3R	14560154	14560234	Deletion	80
3R	14563034	14560234	Deletion	2800
3R	14563034	14563081	Deletion	47
3R	14571046	14571125	Deletion	79
3R	14571048	14571125	Deletion	77
3R	14571075	14571125	Deletion	50
3R	14588069	14571125	Deletion	16944
3R	14588069	14588145	Deletion	76
3R	14588069	14588116	Deletion	47
3R	14588342	14588428	Deletion	86
3R	14588390	14588428	Deletion	38
3R	14588751	14588428	Deletion	323
3R	14588751	14588857	Deletion	106
3R	14588751	14588791	Deletion	40
3R	14588751	14588852	Deletion	101
3R	14591668	14591761	Deletion	93
3R	14591682	14591761	Deletion	79
3R	14591683	14591761	Deletion	78
3R	14591688	14591761	Deletion	73
3R	14591690	14591761	Deletion	71
3R	14591692	14591761	Deletion	69
3R	14591699	14591761	Deletion	62
3R	14591725	14591761	Deletion	36
3R	14591820	14591761	Deletion	59
3R	14591820	14591853	Deletion	33
3R	14591820	14591868	Deletion	48
3R	14591820	14591877	Deletion	57
3R	14591820	14591910	Deletion	90
3R	14591820	14591873	Deletion	53
3R	14591820	14591875	Deletion	55
3R	14591820	14591867	Deletion	47
3R	14604411	14604479	Deletion	68
3R	14604428	14604479	Deletion	51
3R	14604437	14604479	Deletion	42
3R	14616828	14604479	Deletion	12349
3R	14616828	14616945	Deletion	117
3R	14616828	14616903	Deletion	75
3R	14616828	14616886	Deletion	58
3R	14616828	14616929	Deletion	101
3R	14642749	14630064	Deletion	12685
3R	14649544	14649638	Deletion	94
3R	14649553	14649638	Deletion	85
3R	14649557	14649638	Deletion	81
3R	14649578	14649638	Deletion	60
3R	14649597	14649638	Deletion	41
3R	14652636	14649638	Deletion	2998
3R	14652636	14652678	Deletion	42
3R	14652636	14652690	Deletion	54
3R	14652636	14652693	Deletion	57
3R	14652636	14652669	Deletion	33
3R	14653059	14652682	Deletion	377
3R	14653059	14653168	Deletion	109
3R	14653059	14653103	Deletion	44
3R	14657704	14657777	Deletion	73
3R	14657711	14657776	Deletion	65
3R	14657898	14657776	Deletion	122
3R	14657898	14657953	Deletion	55
3R	14657898	14657960	Deletion	62
3R	14684602	14684639	Deletion	37
3R	14684692	14684639	Deletion	53
3R	14684692	14684812	Deletion	120
3R	14690015	14690114	Deletion	99
3R	14690019	14690114	Deletion	95
3R	14690031	14690114	Deletion	83
3R	14690035	14690114	Deletion	79
3R	14702787	14690114	Deletion	12673
3R	14702787	14702832	Deletion	45
3R	14702787	14702836	Deletion	49
3R	14702787	14702895	Deletion	108
3R	14721105	14721208	Deletion	103
3R	14721115	14721208	Deletion	93
3R	14721134	14721208	Deletion	74
3R	14721145	14721208	Deletion	63
3R	14721150	14721208	Deletion	58
3R	14721170	14721208	Deletion	38
3R	14725532	14725600	Deletion	68
3R	14725532	14725565	Deletion	33
3R	14725532	14725620	Deletion	88
3R	14725532	14725647	Deletion	115
3R	14725532	14725584	Deletion	52
3R	14725532	14725641	Deletion	109
3R	14725532	14725595	Deletion	63
3R	14725532	14725638	Deletion	106
3R	14727953	14728073	Deletion	120
3R	14727956	14728073	Deletion	117
3R	14727968	14728073	Deletion	105
3R	14727981	14728073	Deletion	92
3R	14727991	14728073	Deletion	82
3R	14729082	14728073	Deletion	1009
3R	14729082	14729189	Deletion	107
3R	14729082	14729126	Deletion	44
3R	14729082	14729116	Deletion	34
3R	14729082	14729199	Deletion	117
3R	14730254	14730371	Deletion	117
3R	14730255	14730371	Deletion	116
3R	14730258	14730371	Deletion	113
3R	14730275	14730371	Deletion	96
3R	14730284	14730371	Deletion	87
3R	14730289	14730371	Deletion	82
3R	14730292	14730371	Deletion	79
3R	14730300	14730371	Deletion	71
3R	14730314	14730371	Deletion	57
3R	14740131	14730371	Deletion	9760
3R	14740131	14740243	Deletion	112
3R	14740131	14740172	Deletion	41
3R	14740131	14740202	Deletion	71
3R	14740131	14740188	Deletion	57
3R	14740131	14740180	Deletion	49
3R	14740131	14740177	Deletion	46
3R	14742011	14742124	Deletion	113
3R	14742036	14742124	Deletion	88
3R	14742038	14742124	Deletion	86
3R	14742047	14742124	Deletion	77
3R	14742071	14742124	Deletion	53
3R	14742076	14742124	Deletion	48
3R	14760247	14742124	Deletion	18123
3R	14760247	14760321	Deletion	74
3R	14760247	14760297	Deletion	50
3R	14760247	14760288	Deletion	41
3R	14760247	14760286	Deletion	39
3R	14760247	14760356	Deletion	109
3R	14761028	14761124	Deletion	96
3R	14761041	14761124	Deletion	83
3R	14761057	14761124	Deletion	67
3R	14762954	14761124	Deletion	1830
3R	14762954	14763057	Deletion	103
3R	14762954	14762997	Deletion	43
3R	14762954	14763013	Deletion	59
3R	14762954	14763054	Deletion	100
3R	14762954	14762984	Deletion	30
3R	14809319	14809383	Deletion	64
3R	14809347	14809383	Deletion	36
3R	14809348	14809383	Deletion	35
3R	14809350	14809383	Deletion	33
3R	14811840	14809383	Deletion	2457
3R	14811840	14811902	Deletion	62
3R	14811840	14811933	Deletion	93
3R	14811840	14811930	Deletion	90
3R	14833386	14833475	Deletion	89
3R	14833431	14833475	Deletion	44
3R	14833568	14833475	Deletion	93
3R	14833568	14833678	Deletion	110
3R	14833568	14833603	Deletion	35
3R	14833568	14833683	Deletion	115
3R	14833568	14833605	Deletion	37
3R	14855232	14855341	Deletion	109
3R	14855235	14855341	Deletion	106
3R	14855240	14855341	Deletion	101
3R	14855270	14855341	Deletion	71
3R	14855273	14855341	Deletion	68
3R	14855278	14855341	Deletion	63
3R	14855284	14855341	Deletion	57
3R	14855292	14855341	Deletion	49
3R	14855515	14855341	Deletion	174
3R	14855515	14855592	Deletion	77
3R	14855515	14855573	Deletion	58
3R	14855515	14855584	Deletion	69
3R	14855515	14855570	Deletion	55
3R	14855515	14855578	Deletion	63
3R	14864348	14864468	Deletion	120
3R	14864385	14864468	Deletion	83
3R	14864386	14864468	Deletion	82
3R	14864396	14864468	Deletion	72
3R	14864405	14864468	Deletion	63
3R	14864430	14864468	Deletion	38
3R	14864437	14864468	Deletion	31
3R	14864884	14864468	Deletion	416
3R	14864884	14864947	Deletion	63
3R	14864884	14864938	Deletion	54
3R	14864884	14864979	Deletion	95
3R	14864884	14864928	Deletion	44
3R	14864884	14864927	Deletion	43
3R	14864884	14864972	Deletion	88
3R	14871299	14871405	Deletion	106
3R	14871306	14871405	Deletion	99
3R	14871313	14871405	Deletion	92
3R	14871340	14871405	Deletion	65
3R	14871355	14871405	Deletion	50
3R	14879296	14871405	Deletion	7891
3R	14879296	14879330	Deletion	34
3R	14879296	14879395	Deletion	99
3R	14879296	14879372	Deletion	76
3R	14906204	14906293	Deletion	89
3R	14906222	14906293	Deletion	71
3R	14912224	14906293	Deletion	5931
3R	14912224	14912280	Deletion	56
3R	14912224	14912324	Deletion	100
3R	14912224	14912262	Deletion	38
3R	14935993	14936053	Deletion	60
3R	14936011	14936053	Deletion	42
3R	14937612	14936053	Deletion	1559
3R	14937612	14937722	Deletion	110
3R	14937612	14937680	Deletion	68
3R	14937612	14937698	Deletion	86
3R	14938197	14938272	Deletion	75
3R	14938206	14938272	Deletion	66
3R	14938218	14938272	Deletion	54
3R	14938219	14938272	Deletion	53
3R	14938236	14938272	Deletion	36
3R	14940138	14938272	Deletion	1866
3R	14940138	14940228	Deletion	90
3R	14940138	14940243	Deletion	105
3R	14940138	14940210	Deletion	72
3R	14940138	14940189	Deletion	51
3R	14940138	14940211	Deletion	73
3R	14940138	14940198	Deletion	60
3R	14946463	14946543	Deletion	80
3R	14946483	14946543	Deletion	60
3R	14959171	14946543	Deletion	12628
3R	14959171	14959237	Deletion	66
3R	14959171	14959280	Deletion	109
3R	14959171	14959217	Deletion	46
3R	14988160	14988273	Deletion	113
3R	14988186	14988273	Deletion	87
3R	14988187	14988273	Deletion	86
3R	14990423	14988273	Deletion	2150
3R	14990423	14990462	Deletion	39
3R	14990423	14990543	Deletion	120
3R	14990423	14990528	Deletion	105
3R	14993118	14993219	Deletion	101
3R	14993125	14993219	Deletion	94
3R	14993138	14993219	Deletion	81
3R	14993176	14993219	Deletion	43
3R	14993771	14993219	Deletion	552
3R	14993771	14993856	Deletion	85
3R	14993771	14993885	Deletion	114
3R	14993771	14993805	Deletion	34
3R	14993771	14993818	Deletion	47
3R	15008224	15008283	Deletion	59
3R	15008232	15008283	Deletion	51
3R	15028790	15008283	Deletion	20507
3R	15028790	15028865	Deletion	75
3R	15028790	15028887	Deletion	97
3R	15028791	15028823	Deletion	32
3R	15032974	15033067	Deletion	93
3R	15032991	15033067	Deletion	76
3R	15033018	15033067	Deletion	49
3R	15033031	15033067	Deletion	36
3R	15033031	15033066	Deletion	35
3R	15033121	15033067	Deletion	54
3R	15033121	15033197	Deletion	76
3R	15033121	15033211	Deletion	90
3R	15033121	15033171	Deletion	50
3R	15033121	15033241	Deletion	120
3R	15033121	15033226	Deletion	105
3R	15033121	15033198	Deletion	77
3R	15049250	15049303	Deletion	53
3R	15060787	15049303	Deletion	11484
3R	15060787	15060906	Deletion	119
3R	15088487	15088605	Deletion	118
3R	15088513	15088605	Deletion	92
3R	15088514	15088605	Deletion	91
3R	15088571	15088605	Deletion	34
3R	15088574	15088605	Deletion	31
3R	15088655	15088605	Deletion	50
3R	15088655	15088689	Deletion	34
3R	15088655	15088747	Deletion	92
3R	15088655	15088734	Deletion	79
3R	15088655	15088750	Deletion	95
3R	15101904	15102009	Deletion	105
3R	15101940	15102009	Deletion	69
3R	15101947	15102009	Deletion	62
3R	15101951	15102009	Deletion	58
3R	15101956	15102009	Deletion	53
3R	15128418	15128459	Deletion	41
3R	15128987	15128459	Deletion	528
3R	15128987	15129096	Deletion	109
3R	15148717	15148791	Deletion	74
3R	15148729	15148791	Deletion	62
3R	15148951	15148791	Deletion	160
3R	15148951	15148985	Deletion	34
3R	15148951	15149016	Deletion	65
3R	15154196	15154264	Deletion	68
3R	15154199	15154264	Deletion	65
3R	15154209	15154264	Deletion	55
3R	15158335	15154264	Deletion	4071
3R	15158335	15158393	Deletion	58
3R	15158335	15158406	Deletion	71
3R	15158335	15158396	Deletion	61
3R	15169653	15169700	Deletion	47
3R	15169653	15169697	Deletion	44
3R	15169653	15169717	Deletion	64
3R	15169653	15169729	Deletion	76
3R	15169653	15169695	Deletion	42
3R	15169653	15169747	Deletion	94
3R	15195367	15195484	Deletion	117
3R	15195417	15195484	Deletion	67
3R	15195419	15195484	Deletion	65
3R	15204879	15195484	Deletion	9395
3R	15204879	15204938	Deletion	59
3R	15204879	15204978	Deletion	99
3R	15204879	15204977	Deletion	98
3R	15204879	15204940	Deletion	61
3R	15204981	15205089	Deletion	108
3R	15204994	15205089	Deletion	95
3R	15205007	15205089	Deletion	82
3R	15205009	15205089	Deletion	80
3R	15205018	15205089	Deletion	71
3R	15205019	15205089	Deletion	70
3R	15205046	15205089	Deletion	43
3R	15205373	15205089	Deletion	284
3R	15205373	15205407	Deletion	34
3R	15205373	15205431	Deletion	58
3R	15205373	15205432	Deletion	59
3R	15205373	15205420	Deletion	47
3R	15205373	15205459	Deletion	86
3R	15206653	15206769	Deletion	116
3R	15206675	15206769	Deletion	94
3R	15206717	15206769	Deletion	52
3R	15209598	15206769	Deletion	2829
3R	15209598	15209722	Deletion	124
3R	15209598	15209710	Deletion	112
3R	15209598	15209674	Deletion	76
3R	15213482	15213556	Deletion	74
3R	15213511	15213556	Deletion	45
3R	15213524	15213556	Deletion	32
3R	15226135	15213556	Deletion	12579
3R	15226135	15226187	Deletion	52
3R	15226135	15226229	Deletion	94
3R	15226135	15226216	Deletion	81
3R	15242870	15242988	Deletion	118
3R	15242897	15242988	Deletion	91
3R	15242932	15242988	Deletion	56
3R	15242942	15242988	Deletion	46
3R	15242943	15242988	Deletion	45
3R	15243044	15242988	Deletion	56
3R	15243044	15243079	Deletion	35
3R	15243044	15243125	Deletion	81
3R	15243044	15243124	Deletion	80
3R	15243044	15243146	Deletion	102
3R	15243224	15243327	Deletion	103
3R	15243226	15243327	Deletion	101
3R	15243245	15243327	Deletion	82
3R	15243252	15243327	Deletion	75
3R	15243266	15243327	Deletion	61
3R	15243288	15243327	Deletion	39
3R	15244198	15244249	Deletion	51
3R	15244198	15244263	Deletion	65
3R	15244198	15244285	Deletion	87
3R	15244198	15244319	Deletion	121
3R	15244880	15244986	Deletion	106
3R	15244901	15244986	Deletion	85
3R	15244918	15244986	Deletion	68
3R	15244938	15244986	Deletion	48
3R	15245123	15244986	Deletion	137
3R	15245123	15245202	Deletion	79
3R	15245123	15245165	Deletion	42
3R	15245123	15245182	Deletion	59
3R	15249243	15249355	Deletion	112
3R	15249264	15249355	Deletion	91
3R	15249268	15249355	Deletion	87
3R	15249284	15249355	Deletion	71
3R	15249296	15249355	Deletion	59
3R	15249302	15249355	Deletion	53
3R	15249318	15249355	Deletion	37
3R	15249319	15249355	Deletion	36
3R	15249417	15249355	Deletion	62
3R	15249417	15249507	Deletion	90
3R	15249417	15249519	Deletion	102
3R	15249417	15249506	Deletion	89
3R	15249417	15249472	Deletion	55
3R	15249417	15249484	Deletion	67
3R	15249417	15249490	Deletion	73
3R	15249417	15249456	Deletion	39
3R	15267926	15268038	Deletion	112
3R	15267948	15268038	Deletion	90
3R	15267954	15268038	Deletion	84
3R	15267978	15268038	Deletion	60
3R	15267993	15268038	Deletion	45
3R	15267997	15268038	Deletion	41
3R	15268141	15268038	Deletion	103
3R	15268141	15268228	Deletion	87
3R	15268141	15268224	Deletion	83
3R	15268141	15268209	Deletion	68
3R	15268141	15268253	Deletion	112
3R	15268141	15268185	Deletion	44
3R	15272731	15272812	Deletion	81
3R	15272736	15272812	Deletion	76
3R	15272738	15272812	Deletion	74
3R	15276921	15272812	Deletion	4109
3R	15276921	15276973	Deletion	52
3R	15276921	15277019	Deletion	98
3R	15276921	15276971	Deletion	50
3R	15276921	15276951	Deletion	30
3R	15276921	15276966	Deletion	45
3R	15279018	15279098	Deletion	80
3R	15280756	15279098	Deletion	1658
3R	15280756	15280802	Deletion	46
3R	15280756	15280871	Deletion	115
3R	15280756	15280804	Deletion	48
3R	15282613	15282707	Deletion	94
3R	15282640	15282707	Deletion	67
3R	15282663	15282707	Deletion	44
3R	15282667	15282707	Deletion	40
3R	15282674	15282707	Deletion	33
3R	15284359	15282707	Deletion	1652
3R	15284359	15284452	Deletion	93
3R	15284359	15284441	Deletion	82
3R	15284359	15284445	Deletion	86
3R	15284359	15284418	Deletion	59
3R	15284359	15284391	Deletion	32
3R	15289402	15289452	Deletion	50
3R	15289406	15289452	Deletion	46
3R	15300631	15289452	Deletion	11179
3R	15300631	15300739	Deletion	108
3R	15300631	15300695	Deletion	64
3R	15300631	15300707	Deletion	76
3R	15300631	15300706	Deletion	75
3R	15301819	15301921	Deletion	102
3R	15301855	15301921	Deletion	66
3R	15301860	15301921	Deletion	61
3R	15301882	15301921	Deletion	39
3R	15304746	15301921	Deletion	2825
3R	15304746	15304836	Deletion	90
3R	15304746	15304809	Deletion	63
3R	15308219	15308324	Deletion	105
3R	15308234	15308324	Deletion	90
3R	15308249	15308324	Deletion	75
3R	15308253	15308324	Deletion	71
3R	15308270	15308324	Deletion	54
3R	15308289	15308324	Deletion	35
3R	15311604	15311660	Deletion	56
3R	15311604	15311725	Deletion	121
3R	15311604	15311696	Deletion	92
3R	15311604	15311709	Deletion	105
3R	15311604	15311656	Deletion	52
3R	15311604	15311677	Deletion	73
3R	15311604	15311723	Deletion	119
3R	15313516	15313568	Deletion	52
3R	15324704	15313568	Deletion	11136
3R	15324704	15324779	Deletion	75
3R	15328733	15328831	Deletion	98
3R	15328736	15328831	Deletion	95
3R	15328746	15328831	Deletion	85
3R	15328765	15328831	Deletion	66
3R	15328775	15328831	Deletion	56
3R	15328780	15328831	Deletion	51
3R	15328787	15328831	Deletion	44
3R	15329260	15329321	Deletion	61
3R	15329260	15329331	Deletion	71
3R	15329260	15329302	Deletion	42
3R	15329260	15329292	Deletion	32
3R	15329260	15329343	Deletion	83
3R	15329260	15329336	Deletion	76
3R	15340142	15340228	Deletion	86
3R	15340145	15340228	Deletion	83
3R	15340155	15340228	Deletion	73
3R	15340164	15340228	Deletion	64
3R	15340165	15340228	Deletion	63
3R	15340174	15340228	Deletion	54
3R	15341368	15340228	Deletion	1140
3R	15341368	15341421	Deletion	53
3R	15341368	15341431	Deletion	63
3R	15341368	15341411	Deletion	43
3R	15341368	15341490	Deletion	122
3R	15341368	15341408	Deletion	40
3R	15341368	15341430	Deletion	62
3R	15341368	15341489	Deletion	121
3R	15348990	15349053	Deletion	63
3R	15349000	15349053	Deletion	53
3R	15349001	15349053	Deletion	52
3R	15357791	15349053	Deletion	8738
3R	15357791	15357846	Deletion	55
3R	15357791	15357865	Deletion	74
3R	15357791	15357864	Deletion	73
3R	15357791	15357894	Deletion	103
3R	15360038	15360145	Deletion	107
3R	15360039	15360145	Deletion	106
3R	15360043	15360145	Deletion	102
3R	15360048	15360145	Deletion	97
3R	15360100	15360145	Deletion	45
3R	15360196	15360145	Deletion	51
3R	15360196	15360277	Deletion	81
3R	15360196	15360294	Deletion	98
3R	15368316	15368375	Deletion	59
3R	15383903	15368375	Deletion	15528
3R	15383903	15384012	Deletion	109
3R	15390911	15390989	Deletion	78
3R	15390926	15390989	Deletion	63
3R	15390936	15390989	Deletion	53
3R	15390958	15390989	Deletion	31
3R	15393468	15390989	Deletion	2479
3R	15393468	15393536	Deletion	68
3R	15393468	15393568	Deletion	100
3R	15393468	15393591	Deletion	123
3R	15393468	15393546	Deletion	78
3R	15393468	15393590	Deletion	122
3R	15393468	15393521	Deletion	53
3R	15393468	15393576	Deletion	108
3R	15393468	15393571	Deletion	103
3R	15450537	15450604	Deletion	67
3R	15450542	15450604	Deletion	62
3R	15450552	15450604	Deletion	52
3R	15450561	15450604	Deletion	43
3R	15450682	15450604	Deletion	78
3R	15450682	15450741	Deletion	59
3R	15450682	15450765	Deletion	83
3R	15450682	15450756	Deletion	74
3R	15450682	15450746	Deletion	64
3R	15450682	15450787	Deletion	105
3R	15452714	15452756	Deletion	42
3R	15453868	15452756	Deletion	1112
3R	15453868	15453973	Deletion	105
3R	15453868	15453954	Deletion	86
3R	15453868	15453984	Deletion	116
3R	15453868	15453936	Deletion	68
3R	15458662	15458707	Deletion	45
3R	15458673	15458707	Deletion	34
3R	15466263	15458707	Deletion	7556
3R	15466263	15466356	Deletion	93
3R	15466263	15466345	Deletion	82
3R	15466263	15466381	Deletion	118
3R	15471514	15471611	Deletion	97
3R	15471535	15471611	Deletion	76
3R	15471546	15471611	Deletion	65
3R	15471550	15471611	Deletion	61
3R	15475121	15471611	Deletion	3510
3R	15475121	15475187	Deletion	66
3R	15475121	15475240	Deletion	119
3R	15475121	15475172	Deletion	51
3R	15475121	15475183	Deletion	62
3R	15480868	15480924	Deletion	56
3R	15480877	15480924	Deletion	47
3R	15480886	15480924	Deletion	38
3R	15480888	15480924	Deletion	36
3R	15480890	15480924	Deletion	34
3R	15481762	15480924	Deletion	838
3R	15481762	15481832	Deletion	70
3R	15481762	15481854	Deletion	92
3R	15481762	15481841	Deletion	79
3R	15481762	15481817	Deletion	55
3R	15481762	15481863	Deletion	101
3R	15481762	15481865	Deletion	103
3R	15481762	15481852	Deletion	90
3R	15482725	15482818	Deletion	93
3R	15482733	15482818	Deletion	85
3R	15482766	15482818	Deletion	52
3R	15482872	15482818	Deletion	54
3R	15482872	15482993	Deletion	121
3R	15482872	15482995	Deletion	123
3R	15482872	15482946	Deletion	74
3R	15482872	15482913	Deletion	41
3R	15500878	15500962	Deletion	84
3R	15500897	15500962	Deletion	65
3R	15500924	15500962	Deletion	38
3R	15500932	15500962	Deletion	30
3R	15501105	15500962	Deletion	143
3R	15501105	15501166	Deletion	61
3R	15501105	15501201	Deletion	96
3R	15501105	15501205	Deletion	100
3R	15501105	15501217	Deletion	112
3R	15501105	15501193	Deletion	88
3R	15509582	15509687	Deletion	105
3R	15509584	15509689	Deletion	105
3R	15509596	15509689	Deletion	93
3R	15509740	15509853	Deletion	113
3R	15511824	15511920	Deletion	96
3R	15511827	15511920	Deletion	93
3R	15511838	15511920	Deletion	82
3R	15511851	15511920	Deletion	69
3R	15511888	15511920	Deletion	32
3R	15523685	15511920	Deletion	11765
3R	15523685	15523718	Deletion	33
3R	15523685	15523729	Deletion	44
3R	15523685	15523779	Deletion	94
3R	15523685	15523715	Deletion	30
3R	15534545	15534636	Deletion	91
3R	15534556	15534636	Deletion	80
3R	15534570	15534636	Deletion	66
3R	15534584	15534636	Deletion	52
3R	15534587	15534636	Deletion	49
3R	15534767	15534636	Deletion	131
3R	15534767	15534813	Deletion	46
3R	15534767	15534827	Deletion	60
3R	15534767	15534844	Deletion	77
3R	15563882	15563957	Deletion	75
3R	15563902	15563957	Deletion	55
3R	15577184	15563957	Deletion	13227
3R	15577184	15577235	Deletion	51
3R	15577184	15577230	Deletion	46
3R	15577184	15577285	Deletion	101
3R	15582142	15582254	Deletion	112
3R	15582177	15582254	Deletion	77
3R	15582204	15582254	Deletion	50
3R	15585236	15582254	Deletion	2982
3R	15585236	15585344	Deletion	108
3R	15585236	15585285	Deletion	49
3R	15585236	15585348	Deletion	112
3R	15585236	15585357	Deletion	121
3R	15585273	15585312	Deletion	39
3R	15585299	15585388	Deletion	89
3R	15585343	15585388	Deletion	45
3R	15585352	15585388	Deletion	36
3R	15586021	15585387	Deletion	634
3R	15586021	15586103	Deletion	82
3R	15586021	15586059	Deletion	38
3R	15586022	15586141	Deletion	119
3R	15587984	15588057	Deletion	73
3R	15587987	15588057	Deletion	70
3R	15588000	15588057	Deletion	57
3R	15588006	15588057	Deletion	51
3R	15588021	15588057	Deletion	36
3R	15588026	15588057	Deletion	31
3R	15588680	15588057	Deletion	623
3R	15588680	15588757	Deletion	77
3R	15588680	15588738	Deletion	58
3R	15588680	15588717	Deletion	37
3R	15588680	15588777	Deletion	97
3R	15588680	15588772	Deletion	92
3R	15588680	15588735	Deletion	55
3R	15609485	15609582	Deletion	97
3R	15609485	15609574	Deletion	89
3R	15609485	15609606	Deletion	121
3R	15617968	15618064	Deletion	96
3R	15617970	15618064	Deletion	94
3R	15617973	15618064	Deletion	91
3R	15617989	15618064	Deletion	75
3R	15617992	15618064	Deletion	72
3R	15618009	15618064	Deletion	55
3R	15618021	15618064	Deletion	43
3R	15618201	15618064	Deletion	137
3R	15618201	15618231	Deletion	30
3R	15618201	15618236	Deletion	35
3R	15618201	15618233	Deletion	32
3R	15618201	15618272	Deletion	71
3R	15618201	15618255	Deletion	54
3R	15618201	15618319	Deletion	118
3R	15618201	15618305	Deletion	104
3R	15618201	15618284	Deletion	83
3R	15626017	15626057	Deletion	40
3R	15630847	15630957	Deletion	110
3R	15630872	15630957	Deletion	85
3R	15630873	15630957	Deletion	84
3R	15630882	15630957	Deletion	75
3R	15630901	15630957	Deletion	56
3R	15630902	15630957	Deletion	55
3R	15630909	15630957	Deletion	48
3R	15636683	15630957	Deletion	5726
3R	15636683	15636753	Deletion	70
3R	15636683	15636761	Deletion	78
3R	15636683	15636754	Deletion	71
3R	15636683	15636734	Deletion	51
3R	15636683	15636791	Deletion	108
3R	15636683	15636724	Deletion	41
3R	15641130	15641202	Deletion	72
3R	15643950	15644004	Deletion	54
3R	15643950	15644065	Deletion	115
3R	15650492	15650575	Deletion	83
3R	15650524	15650575	Deletion	51
3R	15650539	15650575	Deletion	36
3R	15652505	15650575	Deletion	1930
3R	15652507	15652624	Deletion	117
3R	15652507	15652550	Deletion	43
3R	15652507	15652582	Deletion	75
3R	15652507	15652597	Deletion	90
3R	15658111	15658205	Deletion	94
3R	15658132	15658205	Deletion	73
3R	15658155	15658205	Deletion	50
3R	15660350	15658205	Deletion	2145
3R	15660350	15660403	Deletion	53
3R	15660350	15660382	Deletion	32
3R	15660350	15660474	Deletion	124
3R	15665372	15665475	Deletion	103
3R	15665393	15665475	Deletion	82
3R	15665418	15665475	Deletion	57
3R	15665422	15665475	Deletion	53
3R	15665432	15665475	Deletion	43
3R	15665433	15665475	Deletion	42
3R	15675716	15665475	Deletion	10241
3R	15675716	15675818	Deletion	102
3R	15675716	15675814	Deletion	98
3R	15675716	15675800	Deletion	84
3R	15675716	15675840	Deletion	124
3R	15675716	15675799	Deletion	83
3R	15675716	15675789	Deletion	73
3R	15675716	15675785	Deletion	69
3R	15686621	15686651	Deletion	30
3R	15686708	15686651	Deletion	57
3R	15686708	15686803	Deletion	95
3R	15694343	15694457	Deletion	114
3R	15694380	15694454	Deletion	74
3R	15694711	15694457	Deletion	254
3R	15694711	15694834	Deletion	123
3R	15697544	15697620	Deletion	76
3R	15697551	15697620	Deletion	69
3R	15697582	15697620	Deletion	38
3R	15697589	15697620	Deletion	31
3R	15702233	15697620	Deletion	4613
3R	15702233	15702338	Deletion	105
3R	15702233	15702283	Deletion	50
3R	15702233	15702328	Deletion	95
3R	15702233	15702321	Deletion	88
3R	15714541	15714586	Deletion	45
3R	15715599	15714586	Deletion	1013
3R	15715599	15715643	Deletion	44
3R	15737908	15737987	Deletion	79
3R	15742467	15742540	Deletion	73
3R	15742476	15742540	Deletion	64
3R	15742478	15742540	Deletion	62
3R	15742494	15742540	Deletion	46
3R	15745427	15742540	Deletion	2887
3R	15745427	15745480	Deletion	53
3R	15745427	15745472	Deletion	45
3R	15745427	15745551	Deletion	124
3R	15745427	15745491	Deletion	64
3R	15745427	15745507	Deletion	80
3R	15831675	15782679	Deletion	48996
3R	15831675	15831773	Deletion	98
3R	15857010	15857129	Deletion	119
3R	15857034	15857129	Deletion	95
3R	15857041	15857129	Deletion	88
3R	15857083	15857129	Deletion	46
3R	15857098	15857129	Deletion	31
3R	15857192	15857129	Deletion	63
3R	15857192	15857223	Deletion	31
3R	15857192	15857272	Deletion	80
3R	15857192	15857287	Deletion	95
3R	15857192	15857311	Deletion	119
3R	15857192	15857310	Deletion	118
3R	15867596	15867672	Deletion	76
3R	15867723	15867672	Deletion	51
3R	15867723	15867773	Deletion	50
3R	15867723	15867812	Deletion	89
3R	15877099	15877184	Deletion	85
3R	15877134	15877184	Deletion	50
3R	15877145	15877184	Deletion	39
3R	15877148	15877184	Deletion	36
3R	15877332	15877184	Deletion	148
3R	15877332	15877423	Deletion	91
3R	15877332	15877374	Deletion	42
3R	15877332	15877439	Deletion	107
3R	15877332	15877409	Deletion	77
3R	15877935	15878044	Deletion	109
3R	15877945	15878044	Deletion	99
3R	15877956	15878044	Deletion	88
3R	15877958	15878044	Deletion	86
3R	15877989	15878044	Deletion	55
3R	15878004	15878044	Deletion	40
3R	15878140	15878044	Deletion	96
3R	15878140	15878180	Deletion	40
3R	15878140	15878248	Deletion	108
3R	15878140	15878178	Deletion	38
3R	15878140	15878226	Deletion	86
3R	15892502	15892569	Deletion	67
3R	15892533	15892569	Deletion	36
3R	15892534	15892569	Deletion	35
3R	15894951	15892569	Deletion	2382
3R	15894951	15895010	Deletion	59
3R	15894951	15895056	Deletion	105
3R	15894951	15895042	Deletion	91
3R	15894951	15895071	Deletion	120
3R	15894951	15895041	Deletion	90
3R	15907740	15907831	Deletion	91
3R	15907787	15907831	Deletion	44
3R	15907801	15907831	Deletion	30
3R	15910178	15910261	Deletion	83
3R	15910178	15910224	Deletion	46
3R	15910178	15910275	Deletion	97
3R	15910178	15910214	Deletion	36
3R	15910178	15910260	Deletion	82
3R	15917491	15917597	Deletion	106
3R	15917493	15917597	Deletion	104
3R	15917545	15917597	Deletion	52
3R	15917565	15917597	Deletion	32
3R	15917657	15917597	Deletion	60
3R	15917657	15917731	Deletion	74
3R	15925427	15925500	Deletion	73
3R	15925428	15925500	Deletion	72
3R	15925429	15925500	Deletion	71
3R	15932464	15932517	Deletion	53
3R	15932464	15932518	Deletion	54
3R	15934018	15934048	Deletion	30
3R	15934099	15934048	Deletion	51
3R	15934099	15934196	Deletion	97
3R	15934099	15934192	Deletion	93
3R	15934099	15934209	Deletion	110
3R	15948729	15948797	Deletion	68
3R	15948748	15948797	Deletion	49
3R	15948751	15948797	Deletion	46
3R	15948761	15948797	Deletion	36
3R	15951129	15948797	Deletion	2332
3R	15951129	15951206	Deletion	77
3R	15951129	15951209	Deletion	80
3R	15951129	15951248	Deletion	119
3R	15951129	15951187	Deletion	58
3R	15951129	15951173	Deletion	44
3R	15960344	15960442	Deletion	98
3R	15960408	15960442	Deletion	34
3R	15961065	15960442	Deletion	623
3R	15961065	15961158	Deletion	93
3R	15967224	15967257	Deletion	33
3R	15973601	15967257	Deletion	6344
3R	15973601	15973639	Deletion	38
3R	15974393	15974512	Deletion	119
3R	15974423	15974512	Deletion	89
3R	15974428	15974512	Deletion	84
3R	15974439	15974512	Deletion	73
3R	15974441	15974512	Deletion	71
3R	15974451	15974512	Deletion	61
3R	15974473	15974512	Deletion	39
3R	15974479	15974512	Deletion	33
3R	15989981	15974512	Deletion	15469
3R	15989981	15990023	Deletion	42
3R	15989981	15990034	Deletion	53
3R	15989981	15990046	Deletion	65
3R	15989981	15990086	Deletion	105
3R	15989981	15990068	Deletion	87
3R	15989981	15990018	Deletion	37
3R	15989981	15990074	Deletion	93
3R	15994697	15994807	Deletion	110
3R	15994720	15994807	Deletion	87
3R	15994734	15994807	Deletion	73
3R	15994745	15994807	Deletion	62
3R	15994749	15994807	Deletion	58
3R	15994757	15994807	Deletion	50
3R	15996183	15994807	Deletion	1376
3R	15996183	15996248	Deletion	65
3R	15996183	15996303	Deletion	120
3R	15996183	15996282	Deletion	99
3R	15996183	15996252	Deletion	69
3R	15996183	15996223	Deletion	40
3R	15996183	15996260	Deletion	77
3R	16018483	16018573	Deletion	90
3R	16018524	16018573	Deletion	49
3R	16018535	16018573	Deletion	38
3R	16023156	16018573	Deletion	4583
3R	16023156	16023193	Deletion	37
3R	16023156	16023280	Deletion	124
3R	16023156	16023234	Deletion	78
3R	16023156	16023266	Deletion	110
3R	16023156	16023245	Deletion	89
3R	16030397	16030453	Deletion	56
3R	16030421	16030453	Deletion	32
3R	16033935	16030453	Deletion	3482
3R	16033935	16034005	Deletion	70
3R	16054071	16054135	Deletion	64
3R	16054076	16054135	Deletion	59
3R	16054101	16054135	Deletion	34
3R	16058048	16054135	Deletion	3913
3R	16058048	16058153	Deletion	105
3R	16058048	16058162	Deletion	114
3R	16058048	16058141	Deletion	93
3R	16058048	16058111	Deletion	63
3R	16058048	16058116	Deletion	68
3R	16069552	16069644	Deletion	92
3R	16077175	16069644	Deletion	7531
3R	16080444	16080549	Deletion	105
3R	16080512	16080549	Deletion	37
3R	16090133	16080549	Deletion	9584
3R	16090133	16090254	Deletion	121
3R	16090133	16090222	Deletion	89
3R	16092021	16092072	Deletion	51
3R	16092030	16092072	Deletion	42
3R	16092360	16092072	Deletion	288
3R	16092360	16092436	Deletion	76
3R	16092360	16092419	Deletion	59
3R	16097190	16097289	Deletion	99
3R	16097207	16097289	Deletion	82
3R	16097234	16097289	Deletion	55
3R	16097258	16097289	Deletion	31
3R	16097703	16097289	Deletion	414
3R	16097703	16097800	Deletion	97
3R	16097703	16097820	Deletion	117
3R	16097703	16097776	Deletion	73
3R	16123146	16123216	Deletion	70
3R	16123149	16123216	Deletion	67
3R	16123158	16123216	Deletion	58
3R	16123175	16123216	Deletion	41
3R	16123183	16123216	Deletion	33
3R	16123382	16123216	Deletion	166
3R	16123382	16123483	Deletion	101
3R	16123382	16123440	Deletion	58
3R	16123382	16123452	Deletion	70
3R	16123382	16123443	Deletion	61
3R	16123382	16123423	Deletion	41
3R	16123382	16123477	Deletion	95
3R	16123928	16124026	Deletion	98
3R	16123935	16124028	Deletion	93
3R	16123938	16124028	Deletion	90
3R	16123984	16124028	Deletion	44
3R	16123987	16124028	Deletion	41
3R	16124217	16124028	Deletion	189
3R	16124217	16124253	Deletion	36
3R	16124217	16124250	Deletion	33
3R	16124217	16124302	Deletion	85
3R	16124217	16124334	Deletion	117
3R	16124217	16124299	Deletion	82
3R	16160829	16160940	Deletion	111
3R	16160844	16160940	Deletion	96
3R	16160846	16160940	Deletion	94
3R	16160876	16160940	Deletion	64
3R	16160887	16160940	Deletion	53
3R	16160890	16160937	Deletion	47
3R	16168938	16160940	Deletion	7998
3R	16168938	16169000	Deletion	62
3R	16168938	16169011	Deletion	73
3R	16168938	16169014	Deletion	76
3R	16168938	16169058	Deletion	120
3R	16168938	16169041	Deletion	103
3R	16171349	16171456	Deletion	107
3R	16171350	16171456	Deletion	106
3R	16171358	16171456	Deletion	98
3R	16171383	16171456	Deletion	73
3R	16171400	16171456	Deletion	56
3R	16171410	16171456	Deletion	46
3R	16171423	16171456	Deletion	33
3R	16186567	16186647	Deletion	80
3R	16186567	16186620	Deletion	53
3R	16186567	16186637	Deletion	70
3R	16188809	16188910	Deletion	101
3R	16188824	16188910	Deletion	86
3R	16188849	16188910	Deletion	61
3R	16188860	16188910	Deletion	50
3R	16188863	16188910	Deletion	47
3R	16188865	16188910	Deletion	45
3R	16196074	16188910	Deletion	7164
3R	16196074	16196155	Deletion	81
3R	16196074	16196182	Deletion	108
3R	16196074	16196191	Deletion	117
3R	16196074	16196150	Deletion	76
3R	16196074	16196139	Deletion	65
3R	16196074	16196189	Deletion	115
3R	16196074	16196153	Deletion	79
3R	16201313	16201415	Deletion	102
3R	16201357	16201415	Deletion	58
3R	16205945	16201415	Deletion	4530
3R	16205945	16206060	Deletion	115
3R	16232660	16223100	Deletion	9560
3R	16232660	16232778	Deletion	118
3R	16246280	16246354	Deletion	74
3R	16246315	16246354	Deletion	39
3R	16246322	16246354	Deletion	32
3R	16255337	16246354	Deletion	8983
3R	16255337	16255424	Deletion	87
3R	16255337	16255431	Deletion	94
3R	16255337	16255378	Deletion	41
3R	16271978	16272054	Deletion	76
3R	16271982	16272054	Deletion	72
3R	16277526	16272054	Deletion	5472
3R	16277526	16277636	Deletion	110
3R	16277526	16277645	Deletion	119
3R	16277526	16277576	Deletion	50
3R	16279883	16279961	Deletion	78
3R	16279888	16279961	Deletion	73
3R	16280973	16279961	Deletion	1012
3R	16280973	16281021	Deletion	48
3R	16280973	16281078	Deletion	105
3R	16280973	16281008	Deletion	35
3R	16286827	16286913	Deletion	86
3R	16286868	16286913	Deletion	45
3R	16286991	16286913	Deletion	78
3R	16286991	16287074	Deletion	83
3R	16286991	16287033	Deletion	42
3R	16298283	16298364	Deletion	81
3R	16298315	16298364	Deletion	49
3R	16298413	16298364	Deletion	49
3R	16298413	16298459	Deletion	46
3R	16302912	16303022	Deletion	110
3R	16302915	16303022	Deletion	107
3R	16302945	16303022	Deletion	77
3R	16302948	16303022	Deletion	74
3R	16302958	16303022	Deletion	64
3R	16317330	16303022	Deletion	14308
3R	16317330	16317396	Deletion	66
3R	16317330	16317448	Deletion	118
3R	16317330	16317383	Deletion	53
3R	16317343	16317386	Deletion	43
3R	16317348	16317462	Deletion	114
3R	16317377	16317462	Deletion	85
3R	16317380	16317462	Deletion	82
3R	16317400	16317462	Deletion	62
3R	16317427	16317462	Deletion	35
3R	16318045	16317462	Deletion	583
3R	16318045	16318089	Deletion	44
3R	16318045	16318109	Deletion	64
3R	16318045	16318086	Deletion	41
3R	16318045	16318135	Deletion	90
3R	16319080	16319195	Deletion	115
3R	16319110	16319195	Deletion	85
3R	16319114	16319195	Deletion	81
3R	16319117	16319195	Deletion	78
3R	16319135	16319195	Deletion	60
3R	16319143	16319195	Deletion	52
3R	16319150	16319195	Deletion	45
3R	16319262	16319195	Deletion	67
3R	16319262	16319369	Deletion	107
3R	16319262	16319303	Deletion	41
3R	16319262	16319310	Deletion	48
3R	16319262	16319336	Deletion	74
3R	16319262	16319383	Deletion	121
3R	16319265	16319343	Deletion	78
3R	16319265	16319343	Deletion	78
3R	16328924	16329030	Deletion	106
3R	16328930	16329030	Deletion	100
3R	16328955	16329030	Deletion	75
3R	16328956	16329030	Deletion	74
3R	16328966	16329030	Deletion	64
3R	16328986	16329030	Deletion	44
3R	16328991	16329030	Deletion	39
3R	16336554	16329030	Deletion	7524
3R	16336554	16336605	Deletion	51
3R	16336554	16336675	Deletion	121
3R	16336554	16336616	Deletion	62
3R	16336554	16336665	Deletion	111
3R	16336554	16336636	Deletion	82
3R	16336554	16336606	Deletion	52
3R	16339225	16339315	Deletion	90
3R	16339237	16339315	Deletion	78
3R	16339257	16339315	Deletion	58
3R	16339261	16339315	Deletion	54
3R	16339265	16339315	Deletion	50
3R	16339271	16339315	Deletion	44
3R	16339274	16339315	Deletion	41
3R	16339283	16339315	Deletion	32
3R	16339428	16339315	Deletion	113
3R	16339428	16339461	Deletion	33
3R	16339428	16339496	Deletion	68
3R	16339428	16339548	Deletion	120
3R	16339428	16339500	Deletion	72
3R	16339428	16339504	Deletion	76
3R	16339428	16339464	Deletion	36
3R	16339428	16339522	Deletion	94
3R	16339428	16339510	Deletion	82
3R	16339428	16339476	Deletion	48
3R	16339428	16339513	Deletion	85
3R	16357995	16358079	Deletion	84
3R	16357999	16358079	Deletion	80
3R	16358043	16358079	Deletion	36
3R	16359329	16358079	Deletion	1250
3R	16359329	16359445	Deletion	116
3R	16359329	16359377	Deletion	48
3R	16359329	16359421	Deletion	92
3R	16359329	16359437	Deletion	108
3R	16360628	16360724	Deletion	96
3R	16360653	16360724	Deletion	71
3R	16360661	16360724	Deletion	63
3R	16360692	16360724	Deletion	32
3R	16361229	16360724	Deletion	505
3R	16361229	16361259	Deletion	30
3R	16361229	16361284	Deletion	55
3R	16361229	16361326	Deletion	97
3R	16361229	16361292	Deletion	63
3R	16368165	16368258	Deletion	93
3R	16368199	16368258	Deletion	59
3R	16368211	16368258	Deletion	47
3R	16368212	16368258	Deletion	46
3R	16370160	16368258	Deletion	1902
3R	16370160	16370193	Deletion	33
3R	16370160	16370227	Deletion	67
3R	16370160	16370239	Deletion	79
3R	16370165	16370284	Deletion	119
3R	16390254	16370553	Deletion	19701
3R	16390254	16390286	Deletion	32
3R	16390254	16390352	Deletion	98
3R	16390254	16390355	Deletion	101
3R	16441372	16441449	Deletion	77
3R	16441395	16441449	Deletion	54
3R	16441502	16441449	Deletion	53
3R	16441502	16441574	Deletion	72
3R	16441502	16441551	Deletion	49
3R	16445852	16445943	Deletion	91
3R	16445860	16445943	Deletion	83
3R	16445990	16446029	Deletion	39
3R	16445990	16446023	Deletion	33
3R	16445990	16446108	Deletion	118
3R	16445990	16446100	Deletion	110
3R	16445990	16446037	Deletion	47
3R	16445990	16446104	Deletion	114
3R	16464835	16464933	Deletion	98
3R	16464899	16464933	Deletion	34
3R	16468150	16464933	Deletion	3217
3R	16468150	16468242	Deletion	92
3R	16472653	16472744	Deletion	91
3R	16472669	16472744	Deletion	75
3R	16472671	16472744	Deletion	73
3R	16472678	16472744	Deletion	66
3R	16472691	16472744	Deletion	53
3R	16473172	16472741	Deletion	431
3R	16473172	16473288	Deletion	116
3R	16473172	16473275	Deletion	103
3R	16473172	16473233	Deletion	61
3R	16473172	16473224	Deletion	52
3R	16473172	16473207	Deletion	35
3R	16473172	16473208	Deletion	36
3R	16473175	16473246	Deletion	71
3R	16492879	16492958	Deletion	79
3R	16492883	16492958	Deletion	75
3R	16492884	16492958	Deletion	74
3R	16492923	16492958	Deletion	35
3R	16495214	16492958	Deletion	2256
3R	16495214	16495306	Deletion	92
3R	16495214	16495267	Deletion	53
3R	16495214	16495327	Deletion	113
3R	16495214	16495312	Deletion	98
3R	16495214	16495262	Deletion	48
3R	16498653	16498722	Deletion	69
3R	16498690	16498722	Deletion	32
3R	16498917	16498722	Deletion	195
3R	16498917	16498978	Deletion	61
3R	16498917	16499035	Deletion	118
3R	16498917	16499025	Deletion	108
3R	16511144	16511220	Deletion	76
3R	16511145	16511220	Deletion	75
3R	16511185	16511220	Deletion	35
3R	16511187	16511220	Deletion	33
3R	16516773	16511220	Deletion	5553
3R	16516773	16516824	Deletion	51
3R	16516773	16516865	Deletion	92
3R	16516773	16516867	Deletion	94
3R	16518066	16518176	Deletion	110
3R	16518074	16518176	Deletion	102
3R	16518084	16518176	Deletion	92
3R	16518119	16518176	Deletion	57
3R	16532378	16518176	Deletion	14202
3R	16532378	16532412	Deletion	34
3R	16532378	16532490	Deletion	112
3R	16532378	16532478	Deletion	100
3R	16532898	16532985	Deletion	87
3R	16532918	16532985	Deletion	67
3R	16532946	16532985	Deletion	39
3R	16534571	16532985	Deletion	1586
3R	16534571	16534660	Deletion	89
3R	16534571	16534612	Deletion	41
3R	16555789	16555843	Deletion	54
3R	16555804	16555843	Deletion	39
3R	16562546	16555843	Deletion	6703
3R	16562546	16562582	Deletion	36
3R	16562546	16562667	Deletion	121
3R	16562546	16562618	Deletion	72
3R	16591625	16591731	Deletion	106
3R	16591658	16591731	Deletion	73
3R	16591660	16591731	Deletion	71
3R	16591666	16591731	Deletion	65
3R	16591686	16591731	Deletion	45
3R	16591694	16591731	Deletion	37
3R	16591853	16591731	Deletion	122
3R	16591853	16591954	Deletion	101
3R	16591853	16591935	Deletion	82
3R	16591853	16591915	Deletion	62
3R	16591853	16591943	Deletion	90
3R	16591853	16591907	Deletion	54
3R	16614250	16614356	Deletion	106
3R	16614287	16614356	Deletion	69
3R	16614311	16614356	Deletion	45
3R	16629628	16614356	Deletion	15272
3R	16629628	16629685	Deletion	57
3R	16629628	16629743	Deletion	115
3R	16630745	16630842	Deletion	97
3R	16630794	16630842	Deletion	48
3R	16630795	16630842	Deletion	47
3R	16631264	16630842	Deletion	422
3R	16631264	16631369	Deletion	105
3R	16631264	16631343	Deletion	79
3R	16638646	16638697	Deletion	51
3R	16638661	16638698	Deletion	37
3R	16652326	16638698	Deletion	13628
3R	16652326	16652415	Deletion	89
3R	16670736	16670796	Deletion	60
3R	16670746	16670796	Deletion	50
3R	16670753	16670796	Deletion	43
3R	16670757	16670796	Deletion	39
3R	16670762	16670796	Deletion	34
3R	16678011	16670796	Deletion	7215
3R	16678011	16678103	Deletion	92
3R	16678011	16678094	Deletion	83
3R	16678011	16678087	Deletion	76
3R	16678011	16678077	Deletion	66
3R	16683476	16683541	Deletion	65
3R	16683497	16683541	Deletion	44
3R	16685943	16683541	Deletion	2402
3R	16685943	16686025	Deletion	82
3R	16724804	16724887	Deletion	83
3R	16724841	16724887	Deletion	46
3R	16724843	16724887	Deletion	44
3R	16724849	16724887	Deletion	38
3R	16734753	16724887	Deletion	9866
3R	16734753	16734796	Deletion	43
3R	16734753	16734833	Deletion	80
3R	16734753	16734794	Deletion	41
3R	16734753	16734841	Deletion	88
3R	16745594	16745692	Deletion	98
3R	16745621	16745692	Deletion	71
3R	16745632	16745692	Deletion	60
3R	16745642	16745692	Deletion	50
3R	16748232	16745692	Deletion	2540
3R	16748232	16748356	Deletion	124
3R	16748232	16748308	Deletion	76
3R	16748232	16748298	Deletion	66
3R	16750639	16750709	Deletion	70
3R	16750643	16750709	Deletion	66
3R	16750669	16750709	Deletion	40
3R	16755647	16750709	Deletion	4938
3R	16755647	16755747	Deletion	100
3R	16755647	16755733	Deletion	86
3R	16755647	16755751	Deletion	104
3R	16755647	16755707	Deletion	60
3R	16755649	16755703	Deletion	54
3R	16761555	16761591	Deletion	36
3R	16768416	16768515	Deletion	99
3R	16768445	16768515	Deletion	70
3R	16768472	16768515	Deletion	43
3R	16768928	16768515	Deletion	413
3R	16768928	16769014	Deletion	86
3R	16768928	16768987	Deletion	59
3R	16768928	16768958	Deletion	30
3R	16768928	16769034	Deletion	106
3R	16768928	16769040	Deletion	112
3R	16786061	16786170	Deletion	109
3R	16786072	16786170	Deletion	98
3R	16786078	16786170	Deletion	92
3R	16786086	16786170	Deletion	84
3R	16786091	16786170	Deletion	79
3R	16786097	16786170	Deletion	73
3R	16786401	16786170	Deletion	231
3R	16786401	16786435	Deletion	34
3R	16786401	16786505	Deletion	104
3R	16786401	16786507	Deletion	106
3R	16786401	16786454	Deletion	53
3R	16786401	16786508	Deletion	107
3R	16786401	16786448	Deletion	47
3R	16786425	16786443	Deletion	18
3R	16786432	16786508	Deletion	76
3R	16786436	16786508	Deletion	72
3R	16786474	16786508	Deletion	34
3R	16794035	16786508	Deletion	7527
3R	16794035	16794153	Deletion	118
3R	16794035	16794078	Deletion	43
3R	16794035	16794085	Deletion	50
3R	16794035	16794156	Deletion	121
3R	16794035	16794089	Deletion	54
3R	16796071	16796151	Deletion	80
3R	16796103	16796151	Deletion	48
3R	16798494	16796151	Deletion	2343
3R	16798494	16798573	Deletion	79
3R	16798494	16798616	Deletion	122
3R	16798494	16798612	Deletion	118
3R	16798494	16798597	Deletion	103
3R	16798494	16798601	Deletion	107
3R	16798494	16798541	Deletion	47
3R	16810951	16811019	Deletion	68
3R	16815481	16811019	Deletion	4462
3R	16817260	16817377	Deletion	117
3R	16817319	16817377	Deletion	58
3R	16817328	16817377	Deletion	49
3R	16817339	16817377	Deletion	38
3R	16818205	16817377	Deletion	828
3R	16818205	16818324	Deletion	119
3R	16818205	16818293	Deletion	88
3R	16818205	16818273	Deletion	68
3R	16829985	16830024	Deletion	39
3R	16829986	16830024	Deletion	38
3R	16851047	16830024	Deletion	21023
3R	16851047	16851154	Deletion	107
3R	16851047	16851136	Deletion	89
3R	16851047	16851158	Deletion	111
3R	16851047	16851098	Deletion	51
3R	16851047	16851137	Deletion	90
3R	16852544	16852638	Deletion	94
3R	16852600	16852638	Deletion	38
3R	16858950	16852638	Deletion	6312
3R	16858950	16858982	Deletion	32
3R	16858950	16859073	Deletion	123
3R	16893356	16893400	Deletion	44
3R	16893563	16893400	Deletion	163
3R	16893563	16893613	Deletion	50
3R	16905207	16905288	Deletion	81
3R	16905231	16905288	Deletion	57
3R	16905235	16905288	Deletion	53
3R	16905258	16905288	Deletion	30
3R	16906354	16906423	Deletion	69
3R	16906354	16906450	Deletion	96
3R	16906354	16906465	Deletion	111
3R	16906354	16906427	Deletion	73
3R	16911882	16911974	Deletion	92
3R	16911888	16911979	Deletion	91
3R	16911932	16911979	Deletion	47
3R	16911936	16911979	Deletion	43
3R	16911948	16911979	Deletion	31
3R	16914057	16911979	Deletion	2078
3R	16914057	16914179	Deletion	122
3R	16914057	16914136	Deletion	79
3R	16914057	16914092	Deletion	35
3R	16914057	16914152	Deletion	95
3R	16945378	16945452	Deletion	74
3R	16945781	16945452	Deletion	329
3R	16951633	16951735	Deletion	102
3R	16951658	16951735	Deletion	77
3R	16951659	16951735	Deletion	76
3R	16951665	16951735	Deletion	70
3R	16951699	16951735	Deletion	36
3R	16954116	16951735	Deletion	2381
3R	16954116	16954167	Deletion	51
3R	16954116	16954173	Deletion	57
3R	16954116	16954166	Deletion	50
3R	16963726	16963833	Deletion	107
3R	16963764	16963833	Deletion	69
3R	16963773	16963833	Deletion	60
3R	16963775	16963834	Deletion	59
3R	16963781	16963833	Deletion	52
3R	16963802	16963833	Deletion	31
3R	16963803	16963833	Deletion	30
3R	16964179	16963833	Deletion	346
3R	16964179	16964275	Deletion	96
3R	16964179	16964281	Deletion	102
3R	16964179	16964237	Deletion	58
3R	16964179	16964248	Deletion	69
3R	16964179	16964254	Deletion	75
3R	16964181	16964276	Deletion	95
3R	16974704	16974789	Deletion	85
3R	16974708	16974789	Deletion	81
3R	16978079	16974789	Deletion	3290
3R	16978079	16978177	Deletion	98
3R	16978079	16978188	Deletion	109
3R	16978079	16978124	Deletion	45
3R	16995327	16995447	Deletion	120
3R	16995369	16995447	Deletion	78
3R	16995377	16995447	Deletion	70
3R	16995397	16995447	Deletion	50
3R	16995398	16995447	Deletion	49
3R	16996570	16995447	Deletion	1123
3R	16996570	16996618	Deletion	48
3R	16996570	16996601	Deletion	31
3R	16996570	16996647	Deletion	77
3R	16996570	16996626	Deletion	56
3R	16996570	16996666	Deletion	96
3R	16996570	16996624	Deletion	54
3R	16996570	16996685	Deletion	115
3R	16996570	16996646	Deletion	76
3R	16996969	16997086	Deletion	117
3R	16996994	16997086	Deletion	92
3R	16997004	16997086	Deletion	82
3R	16997009	16997086	Deletion	77
3R	16997011	16997086	Deletion	75
3R	16997028	16997086	Deletion	58
3R	16997030	16997086	Deletion	56
3R	17008300	16997086	Deletion	11214
3R	17008300	17008407	Deletion	107
3R	17008300	17008336	Deletion	36
3R	17008300	17008404	Deletion	104
3R	17008300	17008346	Deletion	46
3R	17008300	17008372	Deletion	72
3R	17008300	17008419	Deletion	119
3R	17008300	17008351	Deletion	51
3R	17008300	17008353	Deletion	53
3R	17025190	17025284	Deletion	94
3R	17025204	17025284	Deletion	80
3R	17025227	17025284	Deletion	57
3R	17025254	17025284	Deletion	30
3R	17029301	17025284	Deletion	4017
3R	17029301	17029347	Deletion	46
3R	17029301	17029333	Deletion	32
3R	17029301	17029397	Deletion	96
3R	17029301	17029370	Deletion	69
3R	17038838	17038908	Deletion	70
3R	17038843	17038908	Deletion	65
3R	17038844	17038908	Deletion	64
3R	17038849	17038908	Deletion	59
3R	17044376	17038908	Deletion	5468
3R	17044376	17044444	Deletion	68
3R	17044376	17044433	Deletion	57
3R	17044376	17044486	Deletion	110
3R	17044376	17044438	Deletion	62
3R	17044376	17044479	Deletion	103
3R	17059074	17059112	Deletion	38
3R	17066633	17059112	Deletion	7521
3R	17066633	17066735	Deletion	102
3R	17066633	17066750	Deletion	117
3R	17067475	17067571	Deletion	96
3R	17067489	17067571	Deletion	82
3R	17067496	17067571	Deletion	75
3R	17067515	17067571	Deletion	56
3R	17070666	17067571	Deletion	3095
3R	17070666	17070789	Deletion	123
3R	17070666	17070718	Deletion	52
3R	17070666	17070737	Deletion	71
3R	17070666	17070711	Deletion	45
3R	17085642	17085724	Deletion	82
3R	17085655	17085724	Deletion	69
3R	17085656	17085724	Deletion	68
3R	17085667	17085724	Deletion	57
3R	17085690	17085724	Deletion	34
3R	17087215	17085724	Deletion	1491
3R	17087215	17087284	Deletion	69
3R	17087215	17087307	Deletion	92
3R	17087215	17087259	Deletion	44
3R	17087215	17087272	Deletion	57
3R	17121862	17121941	Deletion	79
3R	17121882	17121941	Deletion	59
3R	17121895	17121941	Deletion	46
3R	17129933	17121941	Deletion	7992
3R	17129933	17129981	Deletion	48
3R	17129933	17130014	Deletion	81
3R	17129933	17130052	Deletion	119
3R	17163784	17163854	Deletion	70
3R	17163805	17163854	Deletion	49
3R	17163812	17163854	Deletion	42
3R	17173971	17174073	Deletion	102
3R	17173971	17174087	Deletion	116
3R	17173971	17174055	Deletion	84
3R	17173971	17174027	Deletion	56
3R	17177693	17177728	Deletion	35
3R	17177979	17177728	Deletion	251
3R	17177979	17178103	Deletion	124
3R	17177979	17178086	Deletion	107
3R	17177979	17178020	Deletion	41
3R	17230529	17230648	Deletion	119
3R	17230596	17230648	Deletion	52
3R	17238147	17230648	Deletion	7499
3R	17238147	17238269	Deletion	122
3R	17238147	17238221	Deletion	74
3R	17241707	17241784	Deletion	77
3R	17241723	17241784	Deletion	61
3R	17241740	17241784	Deletion	44
3R	17241744	17241784	Deletion	40
3R	17243660	17241784	Deletion	1876
3R	17243660	17243742	Deletion	82
3R	17243660	17243709	Deletion	49
3R	17243660	17243725	Deletion	65
3R	17244203	17244311	Deletion	108
3R	17244204	17244311	Deletion	107
3R	17244244	17244311	Deletion	67
3R	17244249	17244311	Deletion	62
3R	17244265	17244311	Deletion	46
3R	17244270	17244311	Deletion	41
3R	17244276	17244311	Deletion	35
3R	17244426	17244311	Deletion	115
3R	17244426	17244512	Deletion	86
3R	17244426	17244491	Deletion	65
3R	17244426	17244518	Deletion	92
3R	17244426	17244486	Deletion	60
3R	17244426	17244507	Deletion	81
3R	17258186	17258294	Deletion	108
3R	17258212	17258294	Deletion	82
3R	17258216	17258294	Deletion	78
3R	17258221	17258294	Deletion	73
3R	17258223	17258294	Deletion	71
3R	17258237	17258294	Deletion	57
3R	17259827	17258294	Deletion	1533
3R	17259827	17259877	Deletion	50
3R	17259827	17259936	Deletion	109
3R	17259827	17259882	Deletion	55
3R	17259827	17259873	Deletion	46
3R	17259827	17259898	Deletion	71
3R	17261966	17262037	Deletion	71
3R	17262001	17262037	Deletion	36
3R	17265366	17262037	Deletion	3329
3R	17265366	17265421	Deletion	55
3R	17265366	17265456	Deletion	90
3R	17265366	17265468	Deletion	102
3R	17277901	17277940	Deletion	39
3R	17278128	17277940	Deletion	188
3R	17278128	17278231	Deletion	103
3R	17278128	17278228	Deletion	100
3R	17278128	17278238	Deletion	110
3R	17278128	17278246	Deletion	118
3R	17289255	17289345	Deletion	90
3R	17289262	17289345	Deletion	83
3R	17289281	17289345	Deletion	64
3R	17289304	17289345	Deletion	41
3R	17289315	17289345	Deletion	30
3R	17295184	17289345	Deletion	5839
3R	17295184	17295227	Deletion	43
3R	17295184	17295280	Deletion	96
3R	17295184	17295300	Deletion	116
3R	17295184	17295289	Deletion	105
3R	17295184	17295269	Deletion	85
3R	17295184	17295220	Deletion	36
3R	17304766	17304812	Deletion	46
3R	17327956	17304812	Deletion	23144
3R	17327956	17327995	Deletion	39
3R	17327956	17328058	Deletion	102
3R	17327956	17328064	Deletion	108
3R	17331630	17331741	Deletion	111
3R	17331632	17331741	Deletion	109
3R	17331642	17331741	Deletion	99
3R	17331649	17331741	Deletion	92
3R	17331656	17331741	Deletion	85
3R	17331662	17331741	Deletion	79
3R	17331685	17331741	Deletion	56
3R	17331687	17331741	Deletion	54
3R	17331699	17331741	Deletion	42
3R	17332040	17331741	Deletion	299
3R	17332040	17332124	Deletion	84
3R	17332040	17332074	Deletion	34
3R	17332040	17332143	Deletion	103
3R	17332040	17332112	Deletion	72
3R	17332040	17332110	Deletion	70
3R	17332040	17332087	Deletion	47
3R	17332040	17332139	Deletion	99
3R	17335809	17335887	Deletion	78
3R	17335815	17335887	Deletion	72
3R	17335838	17335887	Deletion	49
3R	17335857	17335887	Deletion	30
3R	17345315	17335887	Deletion	9428
3R	17345315	17345365	Deletion	50
3R	17345315	17345431	Deletion	116
3R	17345315	17345371	Deletion	56
3R	17345315	17345394	Deletion	79
3R	17358730	17358823	Deletion	93
3R	17358730	17358779	Deletion	49
3R	17358730	17358791	Deletion	61
3R	17358730	17358782	Deletion	52
3R	17358730	17358790	Deletion	60
3R	17358730	17358800	Deletion	70
3R	17377353	17377430	Deletion	77
3R	17377366	17377430	Deletion	64
3R	17377375	17377430	Deletion	55
3R	17377398	17377430	Deletion	32
3R	17377684	17377430	Deletion	254
3R	17377684	17377722	Deletion	38
3R	17377684	17377733	Deletion	49
3R	17377684	17377746	Deletion	62
3R	17377684	17377793	Deletion	109
3R	17377684	17377755	Deletion	71
3R	17387641	17387752	Deletion	111
3R	17387664	17387752	Deletion	88
3R	17387703	17387752	Deletion	49
3R	17389487	17387752	Deletion	1735
3R	17389487	17389527	Deletion	40
3R	17389487	17389598	Deletion	111
3R	17392388	17392476	Deletion	88
3R	17392394	17392476	Deletion	82
3R	17392423	17392476	Deletion	53
3R	17398239	17392476	Deletion	5763
3R	17398239	17398283	Deletion	44
3R	17398239	17398277	Deletion	38
3R	17425909	17425991	Deletion	82
3R	17425919	17425991	Deletion	72
3R	17425941	17425991	Deletion	50
3R	17425942	17425991	Deletion	49
3R	17425955	17425991	Deletion	36
3R	17435770	17425991	Deletion	9779
3R	17435770	17435861	Deletion	91
3R	17435770	17435825	Deletion	55
3R	17435770	17435847	Deletion	77
3R	17435770	17435815	Deletion	45
3R	17436959	17437058	Deletion	99
3R	17436972	17437058	Deletion	86
3R	17436975	17437058	Deletion	83
3R	17437009	17437058	Deletion	49
3R	17437017	17437057	Deletion	40
3R	17439546	17437058	Deletion	2488
3R	17439546	17439632	Deletion	86
3R	17439546	17439587	Deletion	41
3R	17439547	17439590	Deletion	43
3R	17442977	17443073	Deletion	96
3R	17442984	17443073	Deletion	89
3R	17443010	17443073	Deletion	63
3R	17443041	17443073	Deletion	32
3R	17443458	17443073	Deletion	385
3R	17443458	17443553	Deletion	95
3R	17443458	17443522	Deletion	64
3R	17443458	17443489	Deletion	31
3R	17446792	17446900	Deletion	108
3R	17446803	17446900	Deletion	97
3R	17446814	17446900	Deletion	86
3R	17446822	17446900	Deletion	78
3R	17446851	17446900	Deletion	49
3R	17446862	17446900	Deletion	38
3R	17471368	17446900	Deletion	24468
3R	17471368	17471398	Deletion	30
3R	17471368	17471446	Deletion	78
3R	17471368	17471468	Deletion	100
3R	17471368	17471409	Deletion	41
3R	17471368	17471475	Deletion	107
3R	17471368	17471417	Deletion	49
3R	17471368	17471467	Deletion	99
3R	17518688	17518790	Deletion	102
3R	17518688	17518806	Deletion	118
3R	17518688	17518773	Deletion	85
3R	17518688	17518751	Deletion	63
3R	17518688	17518768	Deletion	80
3R	17522108	17522169	Deletion	61
3R	17522118	17522169	Deletion	51
3R	17522124	17522169	Deletion	45
3R	17522804	17522169	Deletion	635
3R	17522804	17522926	Deletion	122
3R	17522804	17522870	Deletion	66
3R	17522804	17522886	Deletion	82
3R	17543270	17543373	Deletion	103
3R	17543273	17543373	Deletion	100
3R	17543296	17543373	Deletion	77
3R	17543308	17543373	Deletion	65
3R	17543326	17543373	Deletion	47
3R	17547117	17543373	Deletion	3744
3R	17547117	17547197	Deletion	80
3R	17547117	17547167	Deletion	50
3R	17555718	17555789	Deletion	71
3R	17555733	17555789	Deletion	56
3R	17555745	17555789	Deletion	44
3R	17563402	17555789	Deletion	7613
3R	17563402	17563458	Deletion	56
3R	17563402	17563501	Deletion	99
3R	17563402	17563485	Deletion	83
3R	17563402	17563473	Deletion	71
3R	17579463	17579516	Deletion	53
3R	17599022	17599125	Deletion	103
3R	17599023	17599125	Deletion	102
3R	17599030	17599125	Deletion	95
3R	17599032	17599125	Deletion	93
3R	17599043	17599125	Deletion	82
3R	17599058	17599125	Deletion	67
3R	17599076	17599125	Deletion	49
3R	17600700	17599125	Deletion	1575
3R	17600700	17600731	Deletion	31
3R	17600700	17600777	Deletion	77
3R	17600700	17600759	Deletion	59
3R	17600700	17600817	Deletion	117
3R	17600700	17600733	Deletion	33
3R	17600700	17600816	Deletion	116
3R	17618738	17618842	Deletion	104
3R	17618746	17618842	Deletion	96
3R	17618774	17618842	Deletion	68
3R	17618800	17618842	Deletion	42
3R	17619318	17618842	Deletion	476
3R	17619318	17619402	Deletion	84
3R	17619318	17619348	Deletion	30
3R	17619318	17619429	Deletion	111
3R	17619318	17619376	Deletion	58
3R	17619318	17619414	Deletion	96
3R	17619318	17619440	Deletion	122
3R	17636434	17636498	Deletion	64
3R	17637417	17636498	Deletion	919
3R	17637417	17637538	Deletion	121
3R	17637417	17637519	Deletion	102
3R	17641682	17641780	Deletion	98
3R	17641683	17641780	Deletion	97
3R	17641684	17641780	Deletion	96
3R	17641688	17641780	Deletion	92
3R	17641700	17641780	Deletion	80
3R	17666134	17666240	Deletion	106
3R	17666134	17666180	Deletion	46
3R	17681259	17681376	Deletion	117
3R	17681261	17681376	Deletion	115
3R	17681293	17681376	Deletion	83
3R	17681309	17681376	Deletion	67
3R	17681337	17681376	Deletion	39
3R	17681340	17681376	Deletion	36
3R	17681496	17681376	Deletion	120
3R	17681496	17681555	Deletion	59
3R	17681496	17681583	Deletion	87
3R	17681496	17681539	Deletion	43
3R	17704562	17704641	Deletion	79
3R	17704568	17704641	Deletion	73
3R	17704570	17704641	Deletion	71
3R	17704573	17704641	Deletion	68
3R	17704582	17704641	Deletion	59
3R	17704600	17704641	Deletion	41
3R	17708440	17704641	Deletion	3799
3R	17708440	17708508	Deletion	68
3R	17708440	17708494	Deletion	54
3R	17708440	17708476	Deletion	36
3R	17708440	17708488	Deletion	48
3R	17708440	17708526	Deletion	86
3R	17708440	17708496	Deletion	56
3R	17711369	17711449	Deletion	80
3R	17711377	17711449	Deletion	72
3R	17711386	17711449	Deletion	63
3R	17711392	17711449	Deletion	57
3R	17711937	17711449	Deletion	488
3R	17711937	17711979	Deletion	42
3R	17711937	17712037	Deletion	100
3R	17711937	17712001	Deletion	64
3R	17711937	17712045	Deletion	108
3R	17711937	17712056	Deletion	119
3R	17711937	17712007	Deletion	70
3R	17711937	17712058	Deletion	121
3R	17711937	17711992	Deletion	55
3R	17713710	17713801	Deletion	91
3R	17713740	17713801	Deletion	61
3R	17713752	17713801	Deletion	49
3R	17713757	17713801	Deletion	44
3R	17713771	17713801	Deletion	30
3R	17725899	17713801	Deletion	12098
3R	17725899	17725934	Deletion	35
3R	17725899	17725964	Deletion	65
3R	17725899	17726012	Deletion	113
3R	17725899	17726005	Deletion	106
3R	17725899	17725995	Deletion	96
3R	17725899	17725981	Deletion	82
3R	17729112	17729163	Deletion	51
3R	17757390	17729163	Deletion	28227
3R	17757390	17757494	Deletion	104
3R	17757390	17757466	Deletion	76
3R	17757390	17757503	Deletion	113
3R	17762342	17762449	Deletion	107
3R	17762344	17762449	Deletion	105
3R	17762360	17762449	Deletion	89
3R	17762374	17762449	Deletion	75
3R	17762402	17762449	Deletion	47
3R	17762404	17762449	Deletion	45
3R	17762408	17762449	Deletion	41
3R	17762528	17762449	Deletion	79
3R	17762528	17762581	Deletion	53
3R	17762528	17762611	Deletion	83
3R	17762528	17762636	Deletion	108
3R	17762528	17762638	Deletion	110
3R	17762528	17762615	Deletion	87
3R	17762528	17762609	Deletion	81
3R	17775579	17775647	Deletion	68
3R	17775580	17775647	Deletion	67
3R	17786388	17775647	Deletion	10741
3R	17786388	17786446	Deletion	58
3R	17802682	17802779	Deletion	97
3R	17802722	17802779	Deletion	57
3R	17804075	17802779	Deletion	1296
3R	17804075	17804186	Deletion	111
3R	17804075	17804144	Deletion	69
3R	17804075	17804176	Deletion	101
3R	17804216	17804282	Deletion	66
3R	17818284	17804282	Deletion	14002
3R	17818285	17818397	Deletion	112
3R	17818287	17818397	Deletion	110
3R	17818287	17818342	Deletion	55
3R	17818287	17818347	Deletion	60
3R	17818287	17818397	Deletion	110
3R	17818301	17818393	Deletion	92
3R	17818305	17818397	Deletion	92
3R	17818312	17818397	Deletion	85
3R	17818357	17818397	Deletion	40
3R	17819256	17818397	Deletion	859
3R	17819256	17819361	Deletion	105
3R	17819256	17819287	Deletion	31
3R	17819256	17819291	Deletion	35
3R	17819256	17819343	Deletion	87
3R	17845666	17845775	Deletion	109
3R	17845667	17845775	Deletion	108
3R	17845668	17845775	Deletion	107
3R	17845672	17845775	Deletion	103
3R	17845673	17845775	Deletion	102
3R	17845679	17845775	Deletion	96
3R	17845680	17845775	Deletion	95
3R	17845690	17845775	Deletion	85
3R	17845701	17845775	Deletion	74
3R	17846112	17845775	Deletion	337
3R	17846112	17846155	Deletion	43
3R	17846112	17846166	Deletion	54
3R	17846112	17846144	Deletion	32
3R	17884309	17884403	Deletion	94
3R	17884339	17884403	Deletion	64
3R	17884349	17884403	Deletion	54
3R	17884638	17884403	Deletion	235
3R	17884638	17884668	Deletion	30
3R	17884638	17884751	Deletion	113
3R	17884638	17884671	Deletion	33
3R	17884638	17884740	Deletion	102
3R	17884638	17884711	Deletion	73
3R	17885572	17885660	Deletion	88
3R	17885584	17885660	Deletion	76
3R	17885588	17885660	Deletion	72
3R	17885590	17885660	Deletion	70
3R	17885614	17885660	Deletion	46
3R	17885627	17885660	Deletion	33
3R	17885628	17885660	Deletion	32
3R	17888755	17885660	Deletion	3095
3R	17888755	17888835	Deletion	80
3R	17888755	17888865	Deletion	110
3R	17888755	17888848	Deletion	93
3R	17888755	17888793	Deletion	38
3R	17888755	17888811	Deletion	56
3R	17888755	17888849	Deletion	94
3R	17888755	17888805	Deletion	50
3R	17888755	17888870	Deletion	115
3R	17918545	17918646	Deletion	101
3R	17920105	17920186	Deletion	81
3R	17920107	17920186	Deletion	79
3R	17920111	17920186	Deletion	75
3R	17920154	17920186	Deletion	32
3R	17920269	17920186	Deletion	83
3R	17920269	17920316	Deletion	47
3R	17920269	17920314	Deletion	45
3R	17920269	17920320	Deletion	51
3R	17927204	17927151	Deletion	53
3R	17930835	17930945	Deletion	110
3R	17930847	17930945	Deletion	98
3R	17930862	17930945	Deletion	83
3R	17930867	17930945	Deletion	78
3R	17930892	17930945	Deletion	53
3R	17935144	17930945	Deletion	4199
3R	17935144	17935193	Deletion	49
3R	17935144	17935263	Deletion	119
3R	17935144	17935218	Deletion	74
3R	17935144	17935188	Deletion	44
3R	17943168	17943245	Deletion	77
3R	17943187	17943245	Deletion	58
3R	17943189	17943245	Deletion	56
3R	17943202	17943245	Deletion	43
3R	17946053	17943245	Deletion	2808
3R	17946053	17946102	Deletion	49
3R	17946053	17946136	Deletion	83
3R	17946053	17946123	Deletion	70
3R	17946053	17946176	Deletion	123
3R	17946053	17946121	Deletion	68
3R	17946053	17946100	Deletion	47
3R	17965877	17965936	Deletion	59
3R	17965881	17965936	Deletion	55
3R	17965888	17965936	Deletion	48
3R	17965890	17965936	Deletion	46
3R	17965904	17965936	Deletion	32
3R	17965995	17965936	Deletion	59
3R	17965995	17966073	Deletion	78
3R	17965995	17966075	Deletion	80
3R	17965995	17966100	Deletion	105
3R	17965995	17966062	Deletion	67
3R	17965995	17966066	Deletion	71
3R	17972767	17972870	Deletion	103
3R	17972781	17972870	Deletion	89
3R	17972782	17972870	Deletion	88
3R	17972812	17972870	Deletion	58
3R	17972820	17972870	Deletion	50
3R	17972838	17972870	Deletion	32
3R	17972919	17972870	Deletion	49
3R	17972919	17973040	Deletion	121
3R	17972919	17972960	Deletion	41
3R	17972919	17972991	Deletion	72
3R	17972919	17972999	Deletion	80
3R	17972919	17973017	Deletion	98
3R	17976589	17976633	Deletion	44
3R	17977450	17976633	Deletion	817
3R	17977450	17977572	Deletion	122
3R	17977450	17977507	Deletion	57
3R	17977450	17977532	Deletion	82
3R	18031851	18025918	Deletion	5933
3R	18048396	18048512	Deletion	116
3R	18048396	18048450	Deletion	54
3R	18048396	18048449	Deletion	53
3R	18048396	18048504	Deletion	108
3R	18048396	18048446	Deletion	50
3R	18048396	18048426	Deletion	30
3R	18054166	18054273	Deletion	107
3R	18054237	18054273	Deletion	36
3R	18054863	18054273	Deletion	590
3R	18054863	18054961	Deletion	98
3R	18054863	18054953	Deletion	90
3R	18060640	18059965	Deletion	675
3R	18060640	18060744	Deletion	104
3R	18060640	18060746	Deletion	106
3R	18060640	18060731	Deletion	91
3R	18065344	18065453	Deletion	109
3R	18065383	18065453	Deletion	70
3R	18065407	18065453	Deletion	46
3R	18066992	18065453	Deletion	1539
3R	18066992	18067072	Deletion	80
3R	18066992	18067048	Deletion	56
3R	18086214	18086337	Deletion	123
3R	18086254	18086337	Deletion	83
3R	18086278	18086337	Deletion	59
3R	18088714	18086337	Deletion	2377
3R	18088714	18088818	Deletion	104
3R	18088714	18088781	Deletion	67
3R	18094496	18094529	Deletion	33
3R	18096548	18094529	Deletion	2019
3R	18099370	18099460	Deletion	90
3R	18099378	18099460	Deletion	82
3R	18099379	18099460	Deletion	81
3R	18099398	18099460	Deletion	62
3R	18099409	18099460	Deletion	51
3R	18099418	18099460	Deletion	42
3R	18099424	18099460	Deletion	36
3R	18099770	18099460	Deletion	310
3R	18099770	18099815	Deletion	45
3R	18099770	18099877	Deletion	107
3R	18099770	18099846	Deletion	76
3R	18099770	18099835	Deletion	65
3R	18099770	18099855	Deletion	85
3R	18099770	18099807	Deletion	37
3R	18099770	18099885	Deletion	115
3R	18099770	18099816	Deletion	46
3R	18099770	18099861	Deletion	91
3R	18100464	18100550	Deletion	86
3R	18101027	18100550	Deletion	477
3R	18101027	18101069	Deletion	42
3R	18101027	18101133	Deletion	106
3R	18101346	18101446	Deletion	100
3R	18101385	18101446	Deletion	61
3R	18101396	18101446	Deletion	50
3R	18101864	18101446	Deletion	418
3R	18101864	18101929	Deletion	65
3R	18101864	18101976	Deletion	112
3R	18101864	18101984	Deletion	120
3R	18132353	18132457	Deletion	104
3R	18137801	18137845	Deletion	44
3R	18137810	18137845	Deletion	35
3R	18139378	18137845	Deletion	1533
3R	18139378	18139455	Deletion	77
3R	18139378	18139460	Deletion	82
3R	18143899	18144013	Deletion	114
3R	18143901	18144013	Deletion	112
3R	18143907	18144013	Deletion	106
3R	18143921	18144013	Deletion	92
3R	18143960	18144013	Deletion	53
3R	18143975	18144013	Deletion	38
3R	18144798	18144013	Deletion	785
3R	18144798	18144887	Deletion	89
3R	18144798	18144833	Deletion	35
3R	18144798	18144902	Deletion	104
3R	18178057	18178178	Deletion	121
3R	18178093	18178178	Deletion	85
3R	18178098	18178178	Deletion	80
3R	18180857	18178178	Deletion	2679
3R	18180857	18180977	Deletion	120
3R	18180857	18180975	Deletion	118
3R	18180857	18180966	Deletion	109
3R	18180857	18180960	Deletion	103
3R	18180857	18180906	Deletion	49
3R	18184138	18184222	Deletion	84
3R	18184153	18184222	Deletion	69
3R	18184163	18184222	Deletion	59
3R	18184168	18184222	Deletion	54
3R	18189125	18184222	Deletion	4903
3R	18189125	18189192	Deletion	67
3R	18189125	18189182	Deletion	57
3R	18189125	18189237	Deletion	112
3R	18189125	18189229	Deletion	104
3R	18189125	18189197	Deletion	72
3R	18189125	18189232	Deletion	107
3R	18190897	18190994	Deletion	97
3R	18190903	18190994	Deletion	91
3R	18190911	18190994	Deletion	83
3R	18191044	18190994	Deletion	50
3R	18191214	18191319	Deletion	105
3R	18191258	18191319	Deletion	61
3R	18191259	18191319	Deletion	60
3R	18191263	18191319	Deletion	56
3R	18197109	18191319	Deletion	5790
3R	18197109	18197181	Deletion	72
3R	18197109	18197222	Deletion	113
3R	18197109	18197221	Deletion	112
3R	18197109	18197177	Deletion	68
3R	18200361	18200441	Deletion	80
3R	18200388	18200441	Deletion	53
3R	18200392	18200441	Deletion	49
3R	18200398	18200441	Deletion	43
3R	18206983	18200441	Deletion	6542
3R	18206983	18207059	Deletion	76
3R	18206983	18207069	Deletion	86
3R	18206983	18207015	Deletion	32
3R	18206983	18207063	Deletion	80
3R	18211720	18211796	Deletion	76
3R	18211725	18211796	Deletion	71
3R	18212813	18211796	Deletion	1017
3R	18212813	18212868	Deletion	55
3R	18212813	18212922	Deletion	109
3R	18212814	18212863	Deletion	49
3R	18218306	18217247	Deletion	1059
3R	18218306	18218392	Deletion	86
3R	18218306	18218354	Deletion	48
3R	18243466	18243536	Deletion	70
3R	18243469	18243536	Deletion	67
3R	18243494	18243536	Deletion	42
3R	18243497	18243536	Deletion	39
3R	18243505	18243536	Deletion	31
3R	18243922	18244034	Deletion	112
3R	18243922	18243983	Deletion	61
3R	18243922	18244029	Deletion	107
3R	18243922	18243953	Deletion	31
3R	18243922	18243980	Deletion	58
3R	18243922	18244011	Deletion	89
3R	18243922	18244008	Deletion	86
3R	18243922	18244019	Deletion	97
3R	18243922	18244046	Deletion	124
3R	18244773	18244878	Deletion	105
3R	18244830	18244878	Deletion	48
3R	18244836	18244878	Deletion	42
3R	18244842	18244878	Deletion	36
3R	18266334	18244878	Deletion	21456
3R	18266334	18266425	Deletion	91
3R	18266334	18266440	Deletion	106
3R	18266334	18266419	Deletion	85
3R	18266334	18266452	Deletion	118
3R	18266338	18266413	Deletion	75
3R	18276551	18276606	Deletion	55
3R	18276567	18276606	Deletion	39
3R	18277511	18277583	Deletion	72
3R	18277511	18277609	Deletion	98
3R	18277514	18277599	Deletion	85
3R	18279611	18279716	Deletion	105
3R	18279671	18279716	Deletion	45
3R	18284370	18279716	Deletion	4654
3R	18284370	18284452	Deletion	82
3R	18284370	18284475	Deletion	105
3R	18286282	18286368	Deletion	86
3R	18286331	18286368	Deletion	37
3R	18286336	18286368	Deletion	32
3R	18290694	18290794	Deletion	100
3R	18290694	18290789	Deletion	95
3R	18290694	18290792	Deletion	98
3R	18290694	18290802	Deletion	108
3R	18290694	18290735	Deletion	41
3R	18292952	18293002	Deletion	50
3R	18292967	18293002	Deletion	35
3R	18293078	18293170	Deletion	92
3R	18293078	18293189	Deletion	111
3R	18293078	18293200	Deletion	122
3R	18293078	18293155	Deletion	77
3R	18293078	18293150	Deletion	72
3R	18306566	18306642	Deletion	76
3R	18306579	18306642	Deletion	63
3R	18306588	18306642	Deletion	54
3R	18306594	18306642	Deletion	48
3R	18306612	18306642	Deletion	30
3R	18306860	18306642	Deletion	218
3R	18306860	18306956	Deletion	96
3R	18306860	18306973	Deletion	113
3R	18306860	18306982	Deletion	122
3R	18306860	18306910	Deletion	50
3R	18306860	18306923	Deletion	63
3R	18306860	18306938	Deletion	78
3R	18323448	18323539	Deletion	91
3R	18323452	18323539	Deletion	87
3R	18323471	18323539	Deletion	68
3R	18323489	18323539	Deletion	50
3R	18323500	18323539	Deletion	39
3R	18331789	18323539	Deletion	8250
3R	18331789	18331828	Deletion	39
3R	18331789	18331847	Deletion	58
3R	18331789	18331865	Deletion	76
3R	18331789	18331876	Deletion	87
3R	18343670	18343719	Deletion	49
3R	18343678	18343719	Deletion	41
3R	18343682	18343719	Deletion	37
3R	18344658	18343719	Deletion	939
3R	18344658	18344708	Deletion	50
3R	18344658	18344735	Deletion	77
3R	18344658	18344747	Deletion	89
3R	18344857	18344923	Deletion	66
3R	18344872	18344923	Deletion	51
3R	18352333	18352438	Deletion	105
3R	18352333	18352408	Deletion	75
3R	18352333	18352434	Deletion	101
3R	18352333	18352392	Deletion	59
3R	18389014	18389093	Deletion	79
3R	18389023	18389093	Deletion	70
3R	18394172	18389093	Deletion	5079
3R	18394172	18394228	Deletion	56
3R	18394172	18394264	Deletion	92
3R	18394172	18394271	Deletion	99
3R	18394679	18394732	Deletion	53
3R	18394691	18394732	Deletion	41
3R	18396994	18394732	Deletion	2262
3R	18396994	18397100	Deletion	106
3R	18396994	18397079	Deletion	85
3R	18396994	18397096	Deletion	102
3R	18396994	18397047	Deletion	53
3R	18411842	18411948	Deletion	106
3R	18411998	18411948	Deletion	50
3R	18411998	18412107	Deletion	109
3R	18411998	18412112	Deletion	114
3R	18424898	18424970	Deletion	72
3R	18424931	18424970	Deletion	39
3R	18428573	18424970	Deletion	3603
3R	18428573	18428681	Deletion	108
3R	18428573	18428610	Deletion	37
3R	18428573	18428628	Deletion	55
3R	18436390	18436442	Deletion	52
3R	18461517	18461604	Deletion	87
3R	18461539	18461604	Deletion	65
3R	18461565	18461604	Deletion	39
3R	18461571	18461604	Deletion	33
3R	18461572	18461604	Deletion	32
3R	18470976	18461604	Deletion	9372
3R	18470976	18471087	Deletion	111
3R	18470976	18471099	Deletion	123
3R	18470976	18471038	Deletion	62
3R	18470976	18471016	Deletion	40
3R	18470976	18471064	Deletion	88
3R	18470976	18471071	Deletion	95
3R	18489621	18489716	Deletion	95
3R	18489626	18489716	Deletion	90
3R	18489638	18489716	Deletion	78
3R	18499330	18489716	Deletion	9614
3R	18499330	18499378	Deletion	48
3R	18499330	18499366	Deletion	36
3R	18499330	18499427	Deletion	97
3R	18499330	18499361	Deletion	31
3R	18503772	18503852	Deletion	80
3R	18503785	18503852	Deletion	67
3R	18503793	18503852	Deletion	59
3R	18503802	18503852	Deletion	50
3R	18503809	18503852	Deletion	43
3R	18512282	18503852	Deletion	8430
3R	18512282	18512349	Deletion	67
3R	18512282	18512323	Deletion	41
3R	18512282	18512328	Deletion	46
3R	18512282	18512365	Deletion	83
3R	18512282	18512341	Deletion	59
3R	18517531	18517621	Deletion	90
3R	18517542	18517621	Deletion	79
3R	18517550	18517621	Deletion	71
3R	18517556	18517621	Deletion	65
3R	18517563	18517621	Deletion	58
3R	18520566	18517621	Deletion	2945
3R	18520566	18520689	Deletion	123
3R	18520566	18520614	Deletion	48
3R	18520566	18520603	Deletion	37
3R	18520566	18520628	Deletion	62
3R	18520566	18520635	Deletion	69
3R	18542863	18542979	Deletion	116
3R	18542867	18542979	Deletion	112
3R	18542877	18542979	Deletion	102
3R	18542907	18542979	Deletion	72
3R	18542918	18542979	Deletion	61
3R	18543630	18542979	Deletion	651
3R	18543632	18543749	Deletion	117
3R	18543632	18543697	Deletion	65
3R	18555990	18556080	Deletion	90
3R	18555999	18556080	Deletion	81
3R	18557391	18556080	Deletion	1311
3R	18557391	18557494	Deletion	103
3R	18557391	18557510	Deletion	119
3R	18557391	18557436	Deletion	45
3R	18557391	18557427	Deletion	36
3R	18562082	18562149	Deletion	67
3R	18562114	18562149	Deletion	35
3R	18562218	18562149	Deletion	69
3R	18562218	18562311	Deletion	93
3R	18562218	18562268	Deletion	50
3R	18562218	18562279	Deletion	61
3R	18580519	18580606	Deletion	87
3R	18580526	18580606	Deletion	80
3R	18580538	18580606	Deletion	68
3R	18580554	18580606	Deletion	52
3R	18580576	18580606	Deletion	30
3R	18581014	18580606	Deletion	408
3R	18581014	18581072	Deletion	58
3R	18581014	18581053	Deletion	39
3R	18581014	18581088	Deletion	74
3R	18581014	18581060	Deletion	46
3R	18581797	18581450	Deletion	347
3R	18620283	18620395	Deletion	112
3R	18620336	18620395	Deletion	59
3R	18620356	18620395	Deletion	39
3R	18622343	18620395	Deletion	1948
3R	18622343	18622443	Deletion	100
3R	18622343	18622410	Deletion	67
3R	18624507	18624602	Deletion	95
3R	18624551	18624602	Deletion	51
3R	18625394	18624602	Deletion	792
3R	18625394	18625428	Deletion	34
3R	18632252	18632350	Deletion	98
3R	18632254	18632350	Deletion	96
3R	18632264	18632350	Deletion	86
3R	18632275	18632350	Deletion	75
3R	18632290	18632350	Deletion	60
3R	18632309	18632350	Deletion	41
3R	18632421	18632350	Deletion	71
3R	18632421	18632472	Deletion	51
3R	18632421	18632523	Deletion	102
3R	18632421	18632451	Deletion	30
3R	18632421	18632506	Deletion	85
3R	18632421	18632487	Deletion	66
3R	18632421	18632461	Deletion	40
3R	18636768	18636874	Deletion	106
3R	18636778	18636874	Deletion	96
3R	18636812	18636874	Deletion	62
3R	18636827	18636874	Deletion	47
3R	18636835	18636874	Deletion	39
3R	18636841	18636874	Deletion	33
3R	18639051	18636874	Deletion	2177
3R	18639051	18639144	Deletion	93
3R	18639051	18639138	Deletion	87
3R	18639051	18639159	Deletion	108
3R	18639051	18639172	Deletion	121
3R	18639051	18639081	Deletion	30
3R	18639051	18639115	Deletion	64
3R	18662694	18662757	Deletion	63
3R	18662699	18662757	Deletion	58
3R	18662702	18662757	Deletion	55
3R	18662714	18662757	Deletion	43
3R	18668147	18662757	Deletion	5390
3R	18668147	18668219	Deletion	72
3R	18668147	18668216	Deletion	69
3R	18668147	18668253	Deletion	106
3R	18668147	18668251	Deletion	104
3R	18668147	18668211	Deletion	64
3R	18680323	18680369	Deletion	46
3R	18680485	18680369	Deletion	116
3R	18680485	18680565	Deletion	80
3R	18680485	18680522	Deletion	37
3R	18680923	18680986	Deletion	63
3R	18680942	18680986	Deletion	44
3R	18680943	18680986	Deletion	43
3R	18683280	18680986	Deletion	2294
3R	18683280	18683380	Deletion	100
3R	18683280	18683363	Deletion	83
3R	18683280	18683343	Deletion	63
3R	18683280	18683362	Deletion	82
3R	18683391	18683465	Deletion	74
3R	18683886	18683995	Deletion	109
3R	18703684	18703749	Deletion	65
3R	18703693	18703749	Deletion	56
3R	18709277	18703749	Deletion	5528
3R	18709277	18709347	Deletion	70
3R	18709277	18709401	Deletion	124
3R	18714997	18715095	Deletion	98
3R	18715013	18715095	Deletion	82
3R	18715038	18715095	Deletion	57
3R	18715358	18715095	Deletion	263
3R	18715358	18715460	Deletion	102
3R	18715358	18715463	Deletion	105
3R	18715358	18715402	Deletion	44
3R	18721156	18721211	Deletion	55
3R	18721157	18721215	Deletion	58
3R	18721160	18721215	Deletion	55
3R	18721180	18721215	Deletion	35
3R	18735845	18721215	Deletion	14630
3R	18735845	18735960	Deletion	115
3R	18735845	18735917	Deletion	72
3R	18735845	18735913	Deletion	68
3R	18735845	18735914	Deletion	69
3R	18735845	18735937	Deletion	92
3R	18741790	18741869	Deletion	79
3R	18745675	18741869	Deletion	3806
3R	18750503	18750611	Deletion	108
3R	18750505	18750611	Deletion	106
3R	18750507	18750611	Deletion	104
3R	18750509	18750611	Deletion	102
3R	18750551	18750611	Deletion	60
3R	18750560	18750611	Deletion	51
3R	18750827	18750611	Deletion	216
3R	18750827	18750894	Deletion	67
3R	18750827	18750939	Deletion	112
3R	18755424	18755532	Deletion	108
3R	18755430	18755532	Deletion	102
3R	18755466	18755532	Deletion	66
3R	18755472	18755532	Deletion	60
3R	18755493	18755528	Deletion	35
3R	18755501	18755532	Deletion	31
3R	18756997	18757094	Deletion	97
3R	18756997	18757086	Deletion	89
3R	18756997	18757059	Deletion	62
3R	18760167	18760243	Deletion	76
3R	18760207	18760243	Deletion	36
3R	18760213	18760243	Deletion	30
3R	18760293	18760243	Deletion	50
3R	18760293	18760390	Deletion	97
3R	18760293	18760401	Deletion	108
3R	18760293	18760367	Deletion	74
3R	18760293	18760384	Deletion	91
3R	18760300	18760344	Deletion	44
3R	18768088	18768187	Deletion	99
3R	18768109	18768187	Deletion	78
3R	18768242	18768187	Deletion	55
3R	18768242	18768273	Deletion	31
3R	18768242	18768294	Deletion	52
3R	18801405	18801471	Deletion	66
3R	18801409	18801471	Deletion	62
3R	18801424	18801471	Deletion	47
3R	18804329	18801471	Deletion	2858
3R	18804329	18804393	Deletion	64
3R	18804329	18804389	Deletion	60
3R	18804329	18804447	Deletion	118
3R	18811796	18811868	Deletion	72
3R	18812067	18811868	Deletion	199
3R	18812067	18812102	Deletion	35
3R	18812067	18812173	Deletion	106
3R	18848717	18848806	Deletion	89
3R	18848768	18848806	Deletion	38
3R	18848776	18848806	Deletion	30
3R	18853704	18853800	Deletion	96
3R	18853704	18853792	Deletion	88
3R	18860094	18860197	Deletion	103
3R	18860095	18860197	Deletion	102
3R	18860103	18860197	Deletion	94
3R	18860132	18860197	Deletion	65
3R	18860145	18860197	Deletion	52
3R	18860149	18860197	Deletion	48
3R	18867389	18860197	Deletion	7192
3R	18867389	18867421	Deletion	32
3R	18867389	18867467	Deletion	78
3R	18867389	18867489	Deletion	100
3R	18867389	18867511	Deletion	122
3R	18867389	18867463	Deletion	74
3R	18867390	18867450	Deletion	60
3R	18887471	18887582	Deletion	111
3R	18887483	18887582	Deletion	99
3R	18887489	18887582	Deletion	93
3R	18887497	18887582	Deletion	85
3R	18887527	18887582	Deletion	55
3R	18887529	18887582	Deletion	53
3R	18887540	18887582	Deletion	42
3R	18887831	18887582	Deletion	249
3R	18887831	18887937	Deletion	106
3R	18887831	18887904	Deletion	73
3R	18887831	18887872	Deletion	41
3R	18887831	18887864	Deletion	33
3R	18887831	18887902	Deletion	71
3R	18889997	18890117	Deletion	120
3R	18890004	18890117	Deletion	113
3R	18890007	18890117	Deletion	110
3R	18890026	18890117	Deletion	91
3R	18890045	18890117	Deletion	72
3R	18890084	18890117	Deletion	33
3R	18890085	18890117	Deletion	32
3R	18914589	18890117	Deletion	24472
3R	18914589	18914698	Deletion	109
3R	18914589	18914683	Deletion	94
3R	18914589	18914682	Deletion	93
3R	18914589	18914643	Deletion	54
3R	18914589	18914624	Deletion	35
3R	18921525	18921602	Deletion	77
3R	18921554	18921602	Deletion	48
3R	18922161	18921602	Deletion	559
3R	18922161	18922258	Deletion	97
3R	18922161	18922239	Deletion	78
3R	18942945	18943057	Deletion	112
3R	18942984	18943057	Deletion	73
3R	18943000	18943057	Deletion	57
3R	18943003	18943057	Deletion	54
3R	18947493	18943057	Deletion	4436
3R	18947493	18947565	Deletion	72
3R	18947493	18947562	Deletion	69
3R	18947493	18947611	Deletion	118
3R	18947493	18947546	Deletion	53
3R	18961330	18961434	Deletion	104
3R	18961339	18961434	Deletion	95
3R	18961490	18961434	Deletion	56
3R	19016333	19016412	Deletion	79
3R	19016341	19016412	Deletion	71
3R	19016345	19016412	Deletion	67
3R	19016358	19016412	Deletion	54
3R	19016372	19016412	Deletion	40
3R	19019674	19016412	Deletion	3262
3R	19019674	19019721	Deletion	47
3R	19019674	19019729	Deletion	55
3R	19019674	19019746	Deletion	72
3R	19019674	19019760	Deletion	86
3R	19024030	19024132	Deletion	102
3R	19024035	19024132	Deletion	97
3R	19024069	19024132	Deletion	63
3R	19024073	19024132	Deletion	59
3R	19025173	19024132	Deletion	1041
3R	19025173	19025236	Deletion	63
3R	19025173	19025274	Deletion	101
3R	19025173	19025276	Deletion	103
3R	19041479	19041588	Deletion	109
3R	19041491	19041588	Deletion	97
3R	19041509	19041588	Deletion	79
3R	19041520	19041588	Deletion	68
3R	19041526	19041588	Deletion	62
3R	19041544	19041588	Deletion	44
3R	19041556	19041588	Deletion	32
3R	19043475	19041588	Deletion	1887
3R	19043475	19043541	Deletion	66
3R	19043475	19043559	Deletion	84
3R	19043475	19043535	Deletion	60
3R	19043475	19043592	Deletion	117
3R	19043475	19043571	Deletion	96
3R	19043475	19043524	Deletion	49
3R	19043475	19043506	Deletion	31
3R	19052150	19052213	Deletion	63
3R	19052155	19052213	Deletion	58
3R	19052170	19052213	Deletion	43
3R	19052179	19052213	Deletion	34
3R	19052182	19052213	Deletion	31
3R	19055460	19052213	Deletion	3247
3R	19055460	19055553	Deletion	93
3R	19055460	19055544	Deletion	84
3R	19055460	19055556	Deletion	96
3R	19055460	19055524	Deletion	64
3R	19056859	19056947	Deletion	88
3R	19056890	19056947	Deletion	57
3R	19082219	19056947	Deletion	25272
3R	19082219	19082257	Deletion	38
3R	19091084	19091171	Deletion	87
3R	19091085	19091171	Deletion	86
3R	19091095	19091171	Deletion	76
3R	19091112	19091171	Deletion	59
3R	19091137	19091171	Deletion	34
3R	19091327	19091171	Deletion	156
3R	19091327	19091367	Deletion	40
3R	19091327	19091420	Deletion	93
3R	19091327	19091395	Deletion	68
3R	19091327	19091444	Deletion	117
3R	19091327	19091368	Deletion	41
3R	19091327	19091449	Deletion	122
3R	19091327	19091378	Deletion	51
3R	19100737	19100835	Deletion	98
3R	19100746	19100835	Deletion	89
3R	19100759	19100835	Deletion	76
3R	19100886	19100835	Deletion	51
3R	19100886	19100928	Deletion	42
3R	19100886	19100919	Deletion	33
3R	19100886	19100941	Deletion	55
3R	19140801	19140882	Deletion	81
3R	19140803	19140882	Deletion	79
3R	19140809	19140882	Deletion	73
3R	19140823	19140882	Deletion	59
3R	19140836	19140882	Deletion	46
3R	19152719	19140882	Deletion	11837
3R	19152719	19152772	Deletion	53
3R	19152719	19152799	Deletion	80
3R	19152719	19152764	Deletion	45
3R	19152719	19152839	Deletion	120
3R	19152719	19152786	Deletion	67
3R	19152779	19152902	Deletion	123
3R	19152792	19152902	Deletion	110
3R	19152831	19152902	Deletion	71
3R	19152838	19152902	Deletion	64
3R	19152841	19152902	Deletion	61
3R	19152844	19152902	Deletion	58
3R	19152847	19152902	Deletion	55
3R	19152871	19152902	Deletion	31
3R	19160006	19152902	Deletion	7104
3R	19160006	19160071	Deletion	65
3R	19160006	19160077	Deletion	71
3R	19160006	19160061	Deletion	55
3R	19160006	19160101	Deletion	95
3R	19160008	19160074	Deletion	66
3R	19175482	19175583	Deletion	101
3R	19175484	19175583	Deletion	99
3R	19175485	19175583	Deletion	98
3R	19175487	19175583	Deletion	96
3R	19175494	19175583	Deletion	89
3R	19175499	19175583	Deletion	84
3R	19175520	19175583	Deletion	63
3R	19175539	19175583	Deletion	44
3R	19175551	19175583	Deletion	32
3R	19179187	19175583	Deletion	3604
3R	19179187	19179217	Deletion	30
3R	19179187	19179269	Deletion	82
3R	19179187	19179295	Deletion	108
3R	19179187	19179229	Deletion	42
3R	19179187	19179294	Deletion	107
3R	19179187	19179250	Deletion	63
3R	19179187	19179283	Deletion	96
3R	19179187	19179281	Deletion	94
3R	19179187	19179224	Deletion	37
3R	19197333	19197431	Deletion	98
3R	19197360	19197431	Deletion	71
3R	19197365	19197431	Deletion	66
3R	19197377	19197431	Deletion	54
3R	19197380	19197431	Deletion	51
3R	19197381	19197431	Deletion	50
3R	19218033	19197431	Deletion	20602
3R	19218033	19218109	Deletion	76
3R	19218033	19218108	Deletion	75
3R	19218033	19218093	Deletion	60
3R	19218033	19218140	Deletion	107
3R	19218033	19218153	Deletion	120
3R	19218033	19218088	Deletion	55
3R	19232684	19232759	Deletion	75
3R	19232938	19232759	Deletion	179
3R	19232938	19233055	Deletion	117
3R	19232938	19232969	Deletion	31
3R	19239545	19239632	Deletion	87
3R	19239569	19239632	Deletion	63
3R	19239595	19239629	Deletion	34
3R	19241913	19239632	Deletion	2281
3R	19241913	19242003	Deletion	90
3R	19241913	19241953	Deletion	40
3R	19241913	19242013	Deletion	100
3R	19241913	19241947	Deletion	34
3R	19270789	19270888	Deletion	99
3R	19302639	19302739	Deletion	100
3R	19302646	19302739	Deletion	93
3R	19302661	19302739	Deletion	78
3R	19302666	19302739	Deletion	73
3R	19302687	19302739	Deletion	52
3R	19311064	19302739	Deletion	8325
3R	19311064	19311118	Deletion	54
3R	19311064	19311139	Deletion	75
3R	19311064	19311098	Deletion	34
3R	19311064	19311113	Deletion	49
3R	19311305	19311350	Deletion	45
3R	19312130	19311350	Deletion	780
3R	19312130	19312200	Deletion	70
3R	19312130	19312254	Deletion	124
3R	19315229	19315336	Deletion	107
3R	19315247	19315336	Deletion	89
3R	19315265	19315336	Deletion	71
3R	19315282	19315336	Deletion	54
3R	19315302	19315336	Deletion	34
3R	19318526	19318647	Deletion	121
3R	19318526	19318618	Deletion	92
3R	19318526	19318581	Deletion	55
3R	19318526	19318563	Deletion	37
3R	19325112	19325207	Deletion	95
3R	19325153	19325207	Deletion	54
3R	19325164	19325207	Deletion	43
3R	19325165	19325207	Deletion	42
3R	19325298	19325207	Deletion	91
3R	19325298	19325371	Deletion	73
3R	19325298	19325383	Deletion	85
3R	19325298	19325330	Deletion	32
3R	19335403	19335500	Deletion	97
3R	19335424	19335500	Deletion	76
3R	19335447	19335500	Deletion	53
3R	19335469	19335500	Deletion	31
3R	19336029	19335500	Deletion	529
3R	19336029	19336140	Deletion	111
3R	19336029	19336124	Deletion	95
3R	19336029	19336102	Deletion	73
3R	19345623	19345723	Deletion	100
3R	19345671	19345723	Deletion	52
3R	19345672	19345723	Deletion	51
3R	19345684	19345723	Deletion	39
3R	19345687	19345723	Deletion	36
3R	19347198	19345723	Deletion	1475
3R	19347198	19347273	Deletion	75
3R	19347198	19347300	Deletion	102
3R	19347198	19347285	Deletion	87
3R	19347198	19347299	Deletion	101
3R	19347198	19347288	Deletion	90
3R	19347198	19347296	Deletion	98
3R	19347198	19347272	Deletion	74
3R	19347672	19347783	Deletion	111
3R	19347675	19347783	Deletion	108
3R	19347684	19347783	Deletion	99
3R	19347712	19347783	Deletion	71
3R	19347715	19347783	Deletion	68
3R	19347716	19347783	Deletion	67
3R	19347719	19347783	Deletion	64
3R	19347748	19347783	Deletion	35
3R	19348237	19347783	Deletion	454
3R	19348237	19348296	Deletion	59
3R	19348237	19348352	Deletion	115
3R	19348237	19348328	Deletion	91
3R	19348237	19348351	Deletion	114
3R	19348237	19348353	Deletion	116
3R	19348237	19348295	Deletion	58
3R	19348237	19348292	Deletion	55
3R	19351390	19351494	Deletion	104
3R	19351419	19351494	Deletion	75
3R	19351435	19351494	Deletion	59
3R	19351449	19351494	Deletion	45
3R	19351450	19351494	Deletion	44
3R	19360568	19351494	Deletion	9074
3R	19360568	19360643	Deletion	75
3R	19360568	19360678	Deletion	110
3R	19360568	19360658	Deletion	90
3R	19360568	19360657	Deletion	89
3R	19366502	19366590	Deletion	88
3R	19366534	19366590	Deletion	56
3R	19383686	19366590	Deletion	17096
3R	19383686	19383788	Deletion	102
3R	19383686	19383786	Deletion	100
3R	19383686	19383727	Deletion	41
3R	19383686	19383759	Deletion	73
3R	19398398	19398477	Deletion	79
3R	19398399	19398477	Deletion	78
3R	19411418	19398477	Deletion	12941
3R	19411418	19411530	Deletion	112
3R	19411418	19411534	Deletion	116
3R	19411418	19411469	Deletion	51
3R	19411418	19411468	Deletion	50
3R	19414984	19415074	Deletion	90
3R	19414998	19415074	Deletion	76
3R	19415000	19415074	Deletion	74
3R	19415004	19415074	Deletion	70
3R	19415028	19415074	Deletion	46
3R	19415038	19415074	Deletion	36
3R	19416741	19415074	Deletion	1667
3R	19416741	19416793	Deletion	52
3R	19416741	19416857	Deletion	116
3R	19416741	19416775	Deletion	34
3R	19416741	19416797	Deletion	56
3R	19416741	19416840	Deletion	99
3R	19416741	19416791	Deletion	50
3R	19416741	19416777	Deletion	36
3R	19416741	19416821	Deletion	80
3R	19416741	19416853	Deletion	112
3R	19416741	19416831	Deletion	90
3R	19419543	19419649	Deletion	106
3R	19419550	19419649	Deletion	99
3R	19419570	19419649	Deletion	79
3R	19419580	19419649	Deletion	69
3R	19419595	19419644	Deletion	49
3R	19419598	19419649	Deletion	51
3R	19419725	19419649	Deletion	76
3R	19419725	19419835	Deletion	110
3R	19419725	19419772	Deletion	47
3R	19419725	19419797	Deletion	72
3R	19419725	19419782	Deletion	57
3R	19422608	19422706	Deletion	98
3R	19422631	19422706	Deletion	75
3R	19422635	19422706	Deletion	71
3R	19422650	19422706	Deletion	56
3R	19422654	19422706	Deletion	52
3R	19440335	19440409	Deletion	74
3R	19440335	19440405	Deletion	70
3R	19440335	19440390	Deletion	55
3R	19440335	19440456	Deletion	121
3R	19440335	19440432	Deletion	97
3R	19454257	19454374	Deletion	117
3R	19454279	19454371	Deletion	92
3R	19454298	19454374	Deletion	76
3R	19454307	19454374	Deletion	67
3R	19454330	19454374	Deletion	44
3R	19454340	19454374	Deletion	34
3R	19454554	19454374	Deletion	180
3R	19454554	19454646	Deletion	92
3R	19454554	19454604	Deletion	50
3R	19454554	19454655	Deletion	101
3R	19454554	19454636	Deletion	82
3R	19454554	19454613	Deletion	59
3R	19465490	19465562	Deletion	72
3R	19465496	19465562	Deletion	66
3R	19465498	19465562	Deletion	64
3R	19465518	19465562	Deletion	44
3R	19465528	19465562	Deletion	34
3R	19465532	19465562	Deletion	30
3R	19487492	19465562	Deletion	21930
3R	19487492	19487588	Deletion	96
3R	19487492	19487584	Deletion	92
3R	19487492	19487604	Deletion	112
3R	19487492	19487574	Deletion	82
3R	19487492	19487546	Deletion	54
3R	19487492	19487554	Deletion	62
3R	19510626	19510724	Deletion	98
3R	19516374	19510724	Deletion	5650
3R	19516374	19516490	Deletion	116
3R	19538488	19535204	Deletion	3284
3R	19538488	19538610	Deletion	122
3R	19557625	19557717	Deletion	92
3R	19557679	19557717	Deletion	38
3R	19557685	19557717	Deletion	32
3R	19559943	19557717	Deletion	2226
3R	19559943	19560037	Deletion	94
3R	19559943	19560063	Deletion	120
3R	19559943	19559977	Deletion	34
3R	19596557	19596652	Deletion	95
3R	19596559	19596652	Deletion	93
3R	19596609	19596652	Deletion	43
3R	19606536	19606567	Deletion	31
3R	19606536	19606619	Deletion	83
3R	19606536	19606569	Deletion	33
3R	19614256	19614351	Deletion	95
3R	19614259	19614351	Deletion	92
3R	19614270	19614351	Deletion	81
3R	19614289	19614351	Deletion	62
3R	19614301	19614351	Deletion	50
3R	19627123	19614351	Deletion	12772
3R	19627123	19627235	Deletion	112
3R	19627123	19627157	Deletion	34
3R	19627123	19627199	Deletion	76
3R	19627123	19627187	Deletion	64
3R	19627123	19627154	Deletion	31
3R	19627123	19627168	Deletion	45
3R	19630260	19630370	Deletion	110
3R	19630298	19630370	Deletion	72
3R	19630300	19630370	Deletion	70
3R	19630316	19630370	Deletion	54
3R	19632312	19630370	Deletion	1942
3R	19632312	19632366	Deletion	54
3R	19632312	19632425	Deletion	113
3R	19632312	19632368	Deletion	56
3R	19634851	19634922	Deletion	71
3R	19634864	19634922	Deletion	58
3R	19659066	19659135	Deletion	69
3R	19659066	19659167	Deletion	101
3R	19659066	19659122	Deletion	56
3R	19659066	19659098	Deletion	32
3R	19661383	19661495	Deletion	112
3R	19661383	19661503	Deletion	120
3R	19661383	19661477	Deletion	94
3R	19669278	19669388	Deletion	110
3R	19669291	19669388	Deletion	97
3R	19669308	19669388	Deletion	80
3R	19669328	19669388	Deletion	60
3R	19669338	19669388	Deletion	50
3R	19670597	19669388	Deletion	1209
3R	19670597	19670674	Deletion	77
3R	19670597	19670644	Deletion	47
3R	19670597	19670627	Deletion	30
3R	19674296	19673876	Deletion	420
3R	19674296	19674408	Deletion	112
3R	19674296	19674410	Deletion	114
3R	19696603	19696679	Deletion	76
3R	19696625	19696679	Deletion	54
3R	19696626	19696679	Deletion	53
3R	19698950	19696679	Deletion	2271
3R	19698950	19699000	Deletion	50
3R	19698950	19699022	Deletion	72
3R	19702077	19702151	Deletion	74
3R	19702098	19702151	Deletion	53
3R	19702106	19702151	Deletion	45
3R	19702109	19702148	Deletion	39
3R	19702111	19702151	Deletion	40
3R	19713228	19713314	Deletion	86
3R	19713228	19713301	Deletion	73
3R	19713228	19713312	Deletion	84
3R	19713228	19713348	Deletion	120
3R	19713228	19713309	Deletion	81
3R	19713228	19713280	Deletion	52
3R	19716454	19716556	Deletion	102
3R	19716470	19716556	Deletion	86
3R	19716484	19716556	Deletion	72
3R	19719749	19716556	Deletion	3193
3R	19719749	19719789	Deletion	40
3R	19721028	19721092	Deletion	64
3R	19721032	19721092	Deletion	60
3R	19721061	19721092	Deletion	31
3R	19736953	19737020	Deletion	67
3R	19736953	19737060	Deletion	107
3R	19736953	19737076	Deletion	123
3R	19736953	19737072	Deletion	119
3R	19736953	19737016	Deletion	63
3R	19750156	19750255	Deletion	99
3R	19766668	19750255	Deletion	16413
3R	19766668	19766772	Deletion	104
3R	19766671	19766774	Deletion	103
3R	19792504	19792578	Deletion	74
3R	19798812	19792578	Deletion	6234
3R	19806411	19806519	Deletion	108
3R	19806423	19806519	Deletion	96
3R	19806468	19806519	Deletion	51
3R	19806571	19806519	Deletion	52
3R	19806571	19806602	Deletion	31
3R	19819391	19819491	Deletion	100
3R	19819406	19819491	Deletion	85
3R	19819596	19819491	Deletion	105
3R	19819596	19819700	Deletion	104
3R	19819596	19819640	Deletion	44
3R	19819907	19820022	Deletion	115
3R	19819923	19820022	Deletion	99
3R	19819950	19820022	Deletion	72
3R	19819955	19820022	Deletion	67
3R	19819960	19820022	Deletion	62
3R	19838708	19820022	Deletion	18686
3R	19838708	19838762	Deletion	54
3R	19838708	19838772	Deletion	64
3R	19852079	19852169	Deletion	90
3R	19852088	19852169	Deletion	81
3R	19852099	19852169	Deletion	70
3R	19852108	19852169	Deletion	61
3R	19852109	19852169	Deletion	60
3R	19852117	19852169	Deletion	52
3R	19852234	19852169	Deletion	65
3R	19852234	19852300	Deletion	66
3R	19852234	19852339	Deletion	105
3R	19852234	19852290	Deletion	56
3R	19852234	19852299	Deletion	65
3R	19852234	19852270	Deletion	36
3R	19852234	19852279	Deletion	45
3R	19858331	19858364	Deletion	33
3R	19860906	19858364	Deletion	2542
3R	19860906	19861009	Deletion	103
3R	19860906	19860999	Deletion	93
3R	19865802	19865910	Deletion	108
3R	19865803	19865910	Deletion	107
3R	19865844	19865910	Deletion	66
3R	19865857	19865910	Deletion	53
3R	19865862	19865910	Deletion	48
3R	19875057	19865910	Deletion	9147
3R	19875057	19875133	Deletion	76
3R	19875057	19875120	Deletion	63
3R	19875507	19875573	Deletion	66
3R	19879282	19875573	Deletion	3709
3R	19886927	19887049	Deletion	122
3R	19886945	19887049	Deletion	104
3R	19886957	19887049	Deletion	92
3R	19886975	19887049	Deletion	74
3R	19887004	19887049	Deletion	45
3R	19887018	19887049	Deletion	31
3R	19902423	19887049	Deletion	15374
3R	19902423	19902504	Deletion	81
3R	19902423	19902518	Deletion	95
3R	19902423	19902457	Deletion	34
3R	19902709	19902808	Deletion	99
3R	19902753	19902808	Deletion	55
3R	19902773	19902808	Deletion	35
3R	19909533	19902808	Deletion	6725
3R	19909538	19909624	Deletion	86
3R	19915695	19910113	Deletion	5582
3R	19921416	19921491	Deletion	75
3R	19921541	19921491	Deletion	50
3R	19921541	19921645	Deletion	104
3R	19921541	19921592	Deletion	51
3R	19961171	19961257	Deletion	86
3R	19961224	19961257	Deletion	33
3R	19964502	19961257	Deletion	3245
3R	19964502	19964546	Deletion	44
3R	19994997	19995039	Deletion	42
3R	19996733	19995039	Deletion	1694
3R	19996733	19996842	Deletion	109
3R	20006996	20007033	Deletion	37
3R	20007205	20007033	Deletion	172
3R	20007205	20007302	Deletion	97
3R	20007205	20007297	Deletion	92
3R	20007205	20007282	Deletion	77
3R	20031080	20031170	Deletion	90
3R	20031092	20031170	Deletion	78
3R	20031116	20031170	Deletion	54
3R	20031120	20031170	Deletion	50
3R	20038779	20031170	Deletion	7609
3R	20038779	20038851	Deletion	72
3R	20038779	20038815	Deletion	36
3R	20038779	20038827	Deletion	48
3R	20038779	20038855	Deletion	76
3R	20038782	20038902	Deletion	120
3R	20044643	20044751	Deletion	108
3R	20044650	20044751	Deletion	101
3R	20045758	20044751	Deletion	1007
3R	20045758	20045859	Deletion	101
3R	20054513	20054609	Deletion	96
3R	20054553	20054609	Deletion	56
3R	20054562	20054609	Deletion	47
3R	20054571	20054609	Deletion	38
3R	20068783	20054609	Deletion	14174
3R	20068783	20068871	Deletion	88
3R	20068783	20068813	Deletion	30
3R	20068783	20068889	Deletion	106
3R	20068783	20068862	Deletion	79
3R	20072657	20072754	Deletion	97
3R	20072682	20072754	Deletion	72
3R	20072703	20072754	Deletion	51
3R	20072711	20072754	Deletion	43
3R	20072715	20072754	Deletion	39
3R	20072815	20072754	Deletion	61
3R	20072815	20072926	Deletion	111
3R	20072815	20072895	Deletion	80
3R	20072815	20072928	Deletion	113
3R	20072815	20072874	Deletion	59
3R	20072815	20072907	Deletion	92
3R	20072815	20072849	Deletion	34
3R	20072815	20072927	Deletion	112
3R	20074627	20074711	Deletion	84
3R	20074646	20074711	Deletion	65
3R	20074648	20074711	Deletion	63
3R	20074657	20074711	Deletion	54
3R	20074669	20074711	Deletion	42
3R	20074672	20074711	Deletion	39
3R	20074679	20074711	Deletion	32
3R	20080747	20074711	Deletion	6036
3R	20080747	20080850	Deletion	103
3R	20080747	20080866	Deletion	119
3R	20080747	20080790	Deletion	43
3R	20080747	20080832	Deletion	85
3R	20080747	20080811	Deletion	64
3R	20080747	20080809	Deletion	62
3R	20080747	20080842	Deletion	95
3R	20080747	20080820	Deletion	73
3R	20095998	20096085	Deletion	87
3R	20096002	20096085	Deletion	83
3R	20096007	20096085	Deletion	78
3R	20096020	20096085	Deletion	65
3R	20096054	20096085	Deletion	31
3R	20108130	20096085	Deletion	12045
3R	20108130	20108170	Deletion	40
3R	20108130	20108179	Deletion	49
3R	20108130	20108192	Deletion	62
3R	20108130	20108174	Deletion	44
3R	20108130	20108226	Deletion	96
3R	20112153	20112175	Deletion	22
3R	20119274	20119370	Deletion	96
3R	20119288	20119370	Deletion	82
3R	20119340	20119370	Deletion	30
3R	20123209	20123254	Deletion	45
3R	20123209	20123306	Deletion	97
3R	20132665	20132779	Deletion	114
3R	20132666	20132779	Deletion	113
3R	20132680	20132779	Deletion	99
3R	20132691	20132779	Deletion	88
3R	20132703	20132779	Deletion	76
3R	20132705	20132779	Deletion	74
3R	20132710	20132779	Deletion	69
3R	20132712	20132779	Deletion	67
3R	20132736	20132779	Deletion	43
3R	20132865	20132779	Deletion	86
3R	20132865	20132904	Deletion	39
3R	20132865	20132923	Deletion	58
3R	20132865	20132969	Deletion	104
3R	20132865	20132916	Deletion	51
3R	20132865	20132925	Deletion	60
3R	20132865	20132918	Deletion	53
3R	20132865	20132971	Deletion	106
3R	20132869	20132963	Deletion	94
3R	20143487	20143599	Deletion	112
3R	20143488	20143599	Deletion	111
3R	20143511	20143599	Deletion	88
3R	20143522	20143599	Deletion	77
3R	20143552	20143599	Deletion	47
3R	20155229	20143599	Deletion	11630
3R	20155229	20155330	Deletion	101
3R	20155229	20155308	Deletion	79
3R	20155229	20155333	Deletion	104
3R	20155229	20155337	Deletion	108
3R	20157418	20157503	Deletion	85
3R	20162907	20162985	Deletion	78
3R	20162907	20162938	Deletion	31
3R	20162907	20162986	Deletion	79
3R	20162907	20163023	Deletion	116
3R	20162907	20162984	Deletion	77
3R	20162907	20162954	Deletion	47
3R	20162907	20162998	Deletion	91
3R	20174456	20174517	Deletion	61
3R	20174475	20174517	Deletion	42
3R	20174485	20174517	Deletion	32
3R	20174726	20174517	Deletion	209
3R	20174726	20174843	Deletion	117
3R	20174726	20174821	Deletion	95
3R	20174726	20174792	Deletion	66
3R	20174726	20174773	Deletion	47
3R	20188637	20188742	Deletion	105
3R	20188700	20188742	Deletion	42
3R	20188799	20188742	Deletion	57
3R	20188799	20188883	Deletion	84
3R	20192247	20192365	Deletion	118
3R	20192263	20192365	Deletion	102
3R	20197295	20197348	Deletion	53
3R	20197313	20197348	Deletion	35
3R	20207274	20197348	Deletion	9926
3R	20207274	20207350	Deletion	76
3R	20207274	20207387	Deletion	113
3R	20207274	20207368	Deletion	94
3R	20214706	20214801	Deletion	95
3R	20214708	20214801	Deletion	93
3R	20214747	20214801	Deletion	54
3R	20215893	20214801	Deletion	1092
3R	20215893	20215965	Deletion	72
3R	20215893	20215924	Deletion	31
3R	20215893	20215926	Deletion	33
3R	20215893	20216007	Deletion	114
3R	20215893	20215995	Deletion	102
3R	20215893	20216012	Deletion	119
3R	20224889	20225011	Deletion	122
3R	20224890	20225011	Deletion	121
3R	20224907	20225011	Deletion	104
3R	20224958	20225011	Deletion	53
3R	20224974	20225011	Deletion	37
3R	20225259	20225011	Deletion	248
3R	20225259	20225333	Deletion	74
3R	20236063	20236175	Deletion	112
3R	20236078	20236175	Deletion	97
3R	20236118	20236175	Deletion	57
3R	20236119	20236175	Deletion	56
3R	20236575	20236175	Deletion	400
3R	20236575	20236645	Deletion	70
3R	20236575	20236605	Deletion	30
3R	20243012	20243124	Deletion	112
3R	20243014	20243124	Deletion	110
3R	20243019	20243124	Deletion	105
3R	20243037	20243124	Deletion	87
3R	20243063	20243124	Deletion	61
3R	20243388	20243124	Deletion	264
3R	20243388	20243429	Deletion	41
3R	20243388	20243504	Deletion	116
3R	20243487	20243609	Deletion	122
3R	20243496	20243609	Deletion	113
3R	20243516	20243609	Deletion	93
3R	20264901	20265008	Deletion	107
3R	20265189	20265267	Deletion	78
3R	20265222	20265267	Deletion	45
3R	20292234	20292348	Deletion	114
3R	20292245	20292348	Deletion	103
3R	20292250	20292348	Deletion	98
3R	20292258	20292348	Deletion	90
3R	20292272	20292348	Deletion	76
3R	20292295	20292346	Deletion	51
3R	20308989	20292348	Deletion	16641
3R	20308989	20309039	Deletion	50
3R	20308989	20309096	Deletion	107
3R	20308989	20309025	Deletion	36
3R	20308989	20309100	Deletion	111
3R	20308996	20309111	Deletion	115
3R	20310782	20310871	Deletion	89
3R	20310837	20310871	Deletion	34
3R	20316012	20310871	Deletion	5141
3R	20316012	20316050	Deletion	38
3R	20316012	20316105	Deletion	93
3R	20321005	20321121	Deletion	116
3R	20321009	20321120	Deletion	111
3R	20321028	20321121	Deletion	93
3R	20321034	20321121	Deletion	87
3R	20321035	20321121	Deletion	86
3R	20321047	20321121	Deletion	74
3R	20321059	20321121	Deletion	62
3R	20321320	20321121	Deletion	199
3R	20321320	20321354	Deletion	34
3R	20321320	20321373	Deletion	53
3R	20321320	20321430	Deletion	110
3R	20321320	20321361	Deletion	41
3R	20321320	20321385	Deletion	65
3R	20321387	20321494	Deletion	107
3R	20321413	20321494	Deletion	81
3R	20321417	20321494	Deletion	77
3R	20324993	20321494	Deletion	3499
3R	20324993	20325039	Deletion	46
3R	20324993	20325043	Deletion	50
3R	20343256	20343346	Deletion	90
3R	20343257	20343346	Deletion	89
3R	20343262	20343346	Deletion	84
3R	20343280	20343346	Deletion	66
3R	20343288	20343346	Deletion	58
3R	20343315	20343346	Deletion	31
3R	20356950	20343346	Deletion	13604
3R	20356950	20357063	Deletion	113
3R	20356950	20356981	Deletion	31
3R	20356950	20357045	Deletion	95
3R	20356950	20356992	Deletion	42
3R	20356950	20357018	Deletion	68
3R	20356950	20357010	Deletion	60
3R	20356950	20356987	Deletion	37
3R	20356950	20356986	Deletion	36
3R	20368154	20368229	Deletion	75
3R	20368166	20368229	Deletion	63
3R	20368186	20368229	Deletion	43
3R	20374521	20368229	Deletion	6292
3R	20374521	20374636	Deletion	115
3R	20374521	20374574	Deletion	53
3R	20374521	20374606	Deletion	85
3R	20379552	20379668	Deletion	116
3R	20379566	20379668	Deletion	102
3R	20379574	20379668	Deletion	94
3R	20379577	20379668	Deletion	91
3R	20379598	20379668	Deletion	70
3R	20379628	20379668	Deletion	40
3R	20379637	20379668	Deletion	31
3R	20387123	20379668	Deletion	7455
3R	20387123	20387155	Deletion	32
3R	20387123	20387179	Deletion	56
3R	20387123	20387158	Deletion	35
3R	20387123	20387244	Deletion	121
3R	20387123	20387209	Deletion	86
3R	20387263	20387294	Deletion	31
3R	20391920	20387294	Deletion	4626
3R	20391920	20392015	Deletion	95
3R	20391920	20392039	Deletion	119
3R	20397533	20397637	Deletion	104
3R	20397542	20397637	Deletion	95
3R	20397548	20397637	Deletion	89
3R	20397571	20397637	Deletion	66
3R	20397580	20397637	Deletion	57
3R	20397589	20397637	Deletion	48
3R	20398230	20397637	Deletion	593
3R	20398230	20398263	Deletion	33
3R	20398230	20398292	Deletion	62
3R	20398230	20398301	Deletion	71
3R	20398230	20398334	Deletion	104
3R	20398230	20398310	Deletion	80
3R	20398230	20398269	Deletion	39
3R	20398551	20398639	Deletion	88
3R	20398578	20398639	Deletion	61
3R	20398582	20398639	Deletion	57
3R	20398603	20398639	Deletion	36
3R	20398608	20398639	Deletion	31
3R	20403147	20398639	Deletion	4508
3R	20403147	20403213	Deletion	66
3R	20403147	20403238	Deletion	91
3R	20403147	20403249	Deletion	102
3R	20403147	20403265	Deletion	118
3R	20403147	20403243	Deletion	96
3R	20403147	20403217	Deletion	70
3R	20408482	20408566	Deletion	84
3R	20408493	20408566	Deletion	73
3R	20408502	20408566	Deletion	64
3R	20408515	20408566	Deletion	51
3R	20408524	20408566	Deletion	42
3R	20413994	20408566	Deletion	5428
3R	20413994	20414097	Deletion	103
3R	20413994	20414047	Deletion	53
3R	20413994	20414078	Deletion	84
3R	20413994	20414056	Deletion	62
3R	20413994	20414069	Deletion	75
3R	20417328	20417441	Deletion	113
3R	20417331	20417441	Deletion	110
3R	20417334	20417441	Deletion	107
3R	20417341	20417441	Deletion	100
3R	20417364	20417441	Deletion	77
3R	20417372	20417441	Deletion	69
3R	20417379	20417441	Deletion	62
3R	20417390	20417441	Deletion	51
3R	20417399	20417441	Deletion	42
3R	20417408	20417441	Deletion	33
3R	20421682	20417441	Deletion	4241
3R	20421682	20421766	Deletion	84
3R	20421682	20421739	Deletion	57
3R	20421682	20421757	Deletion	75
3R	20421682	20421746	Deletion	64
3R	20421682	20421775	Deletion	93
3R	20421682	20421780	Deletion	98
3R	20440891	20440954	Deletion	63
3R	20440918	20440954	Deletion	36
3R	20442097	20440954	Deletion	1143
3R	20442097	20442160	Deletion	63
3R	20442097	20442210	Deletion	113
3R	20442097	20442187	Deletion	90
3R	20445370	20445466	Deletion	96
3R	20445398	20445466	Deletion	68
3R	20445424	20445466	Deletion	42
3R	20463583	20445466	Deletion	18117
3R	20463583	20463643	Deletion	60
3R	20463583	20463615	Deletion	32
3R	20463583	20463692	Deletion	109
3R	20463583	20463669	Deletion	86
3R	20481424	20474780	Deletion	6644
3R	20481424	20481544	Deletion	120
3R	20499967	20500077	Deletion	110
3R	20499980	20500077	Deletion	97
3R	20500025	20500077	Deletion	52
3R	20500031	20500077	Deletion	46
3R	20502643	20500077	Deletion	2566
3R	20502643	20502750	Deletion	107
3R	20502643	20502674	Deletion	31
3R	20502643	20502719	Deletion	76
3R	20503149	20503218	Deletion	69
3R	20503173	20503218	Deletion	45
3R	20503940	20503218	Deletion	722
3R	20503940	20503997	Deletion	57
3R	20503940	20504053	Deletion	113
3R	20503940	20504062	Deletion	122
3R	20521388	20521500	Deletion	112
3R	20521411	20521500	Deletion	89
3R	20521425	20521500	Deletion	75
3R	20521430	20521500	Deletion	70
3R	20521436	20521500	Deletion	64
3R	20521440	20521500	Deletion	60
3R	20521799	20521500	Deletion	299
3R	20521799	20521857	Deletion	58
3R	20521799	20521867	Deletion	68
3R	20521799	20521863	Deletion	64
3R	20521799	20521838	Deletion	39
3R	20536715	20536800	Deletion	85
3R	20536717	20536800	Deletion	83
3R	20536738	20536800	Deletion	62
3R	20536758	20536800	Deletion	42
3R	20541790	20536800	Deletion	4990
3R	20541790	20541834	Deletion	44
3R	20541790	20541857	Deletion	67
3R	20541790	20541836	Deletion	46
3R	20541790	20541910	Deletion	120
3R	20541790	20541877	Deletion	87
3R	20556787	20556871	Deletion	84
3R	20556798	20556871	Deletion	73
3R	20556812	20556871	Deletion	59
3R	20556964	20556871	Deletion	93
3R	20556964	20556997	Deletion	33
3R	20556964	20557006	Deletion	42
3R	20556964	20557017	Deletion	53
3R	20563065	20557028	Deletion	6037
3R	20563065	20563171	Deletion	106
3R	20563065	20563174	Deletion	109
3R	20563065	20563118	Deletion	53
3R	20564181	20564262	Deletion	81
3R	20564195	20564262	Deletion	67
3R	20564215	20564262	Deletion	47
3R	20568549	20564262	Deletion	4287
3R	20568549	20568661	Deletion	112
3R	20568549	20568628	Deletion	79
3R	20568549	20568594	Deletion	45
3R	20573074	20573134	Deletion	60
3R	20573100	20573134	Deletion	34
3R	20581243	20573134	Deletion	8109
3R	20581243	20581335	Deletion	92
3R	20581243	20581344	Deletion	101
3R	20581243	20581309	Deletion	66
3R	20581298	20581397	Deletion	99
3R	20581317	20581397	Deletion	80
3R	20581362	20581397	Deletion	35
3R	20586759	20581397	Deletion	5362
3R	20586759	20586805	Deletion	46
3R	20589263	20589355	Deletion	92
3R	20589283	20589355	Deletion	72
3R	20589290	20589355	Deletion	65
3R	20589294	20589355	Deletion	61
3R	20597919	20589355	Deletion	8564
3R	20597919	20597984	Deletion	65
3R	20597919	20597980	Deletion	61
3R	20597919	20597953	Deletion	34
3R	20597919	20597950	Deletion	31
3R	20597919	20597973	Deletion	54
3R	20600732	20600839	Deletion	107
3R	20600782	20600839	Deletion	57
3R	20600809	20600839	Deletion	30
3R	20605470	20600839	Deletion	4631
3R	20605470	20605566	Deletion	96
3R	20605470	20605573	Deletion	103
3R	20605470	20605583	Deletion	113
3R	20618364	20618453	Deletion	89
3R	20618411	20618453	Deletion	42
3R	20618416	20618453	Deletion	37
3R	20628295	20618453	Deletion	9842
3R	20628295	20628399	Deletion	104
3R	20628295	20628333	Deletion	38
3R	20628295	20628385	Deletion	90
3R	20628295	20628380	Deletion	85
3R	20647380	20647473	Deletion	93
3R	20647381	20647473	Deletion	92
3R	20647385	20647473	Deletion	88
3R	20647394	20647473	Deletion	79
3R	20647528	20647473	Deletion	55
3R	20647528	20647600	Deletion	72
3R	20647528	20647576	Deletion	48
3R	20647528	20647563	Deletion	35
3R	20647528	20647567	Deletion	39
3R	20647528	20647633	Deletion	105
3R	20652247	20652347	Deletion	100
3R	20652265	20652347	Deletion	82
3R	20652295	20652347	Deletion	52
3R	20652307	20652347	Deletion	40
3R	20652314	20652347	Deletion	33
3R	20652940	20652347	Deletion	593
3R	20652940	20653015	Deletion	75
3R	20652940	20653027	Deletion	87
3R	20652940	20652985	Deletion	45
3R	20657619	20657665	Deletion	46
3R	20657622	20657665	Deletion	43
3R	20657628	20657665	Deletion	37
3R	20662627	20657665	Deletion	4962
3R	20662627	20662711	Deletion	84
3R	20662627	20662708	Deletion	81
3R	20662627	20662749	Deletion	122
3R	20662627	20662670	Deletion	43
3R	20662627	20662727	Deletion	100
3R	20663741	20663841	Deletion	100
3R	20663745	20663841	Deletion	96
3R	20663762	20663841	Deletion	79
3R	20663803	20663841	Deletion	38
3R	20663990	20663841	Deletion	149
3R	20663990	20664089	Deletion	99
3R	20663990	20664099	Deletion	109
3R	20663990	20664037	Deletion	47
3R	20663990	20664078	Deletion	88
3R	20685541	20685651	Deletion	110
3R	20685551	20685651	Deletion	100
3R	20685608	20685651	Deletion	43
3R	20685610	20685651	Deletion	41
3R	20685708	20685651	Deletion	57
3R	20685708	20685795	Deletion	87
3R	20713960	20714067	Deletion	107
3R	20713981	20714067	Deletion	86
3R	20713982	20714067	Deletion	85
3R	20714019	20714067	Deletion	48
3R	20714020	20714067	Deletion	47
3R	20718513	20714067	Deletion	4446
3R	20718513	20718554	Deletion	41
3R	20718513	20718555	Deletion	42
3R	20718513	20718612	Deletion	99
3R	20718513	20718592	Deletion	79
3R	20726039	20726143	Deletion	104
3R	20726043	20726143	Deletion	100
3R	20726057	20726143	Deletion	86
3R	20726102	20726143	Deletion	41
3R	20726106	20726143	Deletion	37
3R	20726107	20726143	Deletion	36
3R	20726110	20726143	Deletion	33
3R	20727183	20726143	Deletion	1040
3R	20727183	20727224	Deletion	41
3R	20727183	20727298	Deletion	115
3R	20727183	20727274	Deletion	91
3R	20727183	20727277	Deletion	94
3R	20727183	20727273	Deletion	90
3R	20727183	20727269	Deletion	86
3R	20732200	20732279	Deletion	79
3R	20732206	20732279	Deletion	73
3R	20732214	20732279	Deletion	65
3R	20732220	20732279	Deletion	59
3R	20732605	20732279	Deletion	326
3R	20732605	20732653	Deletion	48
3R	20732605	20732659	Deletion	54
3R	20732605	20732719	Deletion	114
3R	20732605	20732673	Deletion	68
3R	20732605	20732718	Deletion	113
3R	20732605	20732667	Deletion	62
3R	20744066	20744176	Deletion	110
3R	20744086	20744176	Deletion	90
3R	20744087	20744176	Deletion	89
3R	20744096	20744176	Deletion	80
3R	20744109	20744176	Deletion	67
3R	20744140	20744176	Deletion	36
3R	20744297	20744334	Deletion	37
3R	20744297	20744419	Deletion	122
3R	20744297	20744356	Deletion	59
3R	20744297	20744387	Deletion	90
3R	20744297	20744333	Deletion	36
3R	20762178	20762271	Deletion	93
3R	20762239	20762271	Deletion	32
3R	20762240	20762271	Deletion	31
3R	20789096	20789210	Deletion	114
3R	20789096	20789203	Deletion	107
3R	20789096	20789206	Deletion	110
3R	20789096	20789190	Deletion	94
3R	20789096	20789129	Deletion	33
3R	20789096	20789191	Deletion	95
3R	20796572	20790336	Deletion	6236
3R	20810262	20810344	Deletion	82
3R	20810276	20810344	Deletion	68
3R	20823254	20810344	Deletion	12910
3R	20823254	20823377	Deletion	123
3R	20823254	20823298	Deletion	44
3R	20823254	20823312	Deletion	58
3R	20831191	20831252	Deletion	61
3R	20831192	20831253	Deletion	61
3R	20831203	20831253	Deletion	50
3R	20831322	20831253	Deletion	69
3R	20831322	20831386	Deletion	64
3R	20831322	20831398	Deletion	76
3R	20831322	20831387	Deletion	65
3R	20831322	20831440	Deletion	118
3R	20843403	20843513	Deletion	110
3R	20843418	20843513	Deletion	95
3R	20843426	20843513	Deletion	87
3R	20843450	20843513	Deletion	63
3R	20843476	20843513	Deletion	37
3R	20846691	20843513	Deletion	3178
3R	20846691	20846811	Deletion	120
3R	20846691	20846754	Deletion	63
3R	20846691	20846780	Deletion	89
3R	20846691	20846791	Deletion	100
3R	20846691	20846722	Deletion	31
3R	20860296	20860383	Deletion	87
3R	20860296	20860367	Deletion	71
3R	20860296	20860399	Deletion	103
3R	20860296	20860392	Deletion	96
3R	20861473	20861564	Deletion	91
3R	20861494	20861564	Deletion	70
3R	20861495	20861564	Deletion	69
3R	20861501	20861564	Deletion	63
3R	20861527	20861564	Deletion	37
3R	20861529	20861564	Deletion	35
3R	20871810	20861564	Deletion	10246
3R	20871810	20871867	Deletion	57
3R	20871810	20871901	Deletion	91
3R	20871810	20871845	Deletion	35
3R	20871810	20871873	Deletion	63
3R	20871810	20871899	Deletion	89
3R	20871810	20871914	Deletion	104
3R	20876022	20876133	Deletion	111
3R	20876033	20876133	Deletion	100
3R	20876041	20876133	Deletion	92
3R	20876046	20876133	Deletion	87
3R	20877899	20876133	Deletion	1766
3R	20877899	20878017	Deletion	118
3R	20877899	20877940	Deletion	41
3R	20877899	20878021	Deletion	122
3R	20887248	20887362	Deletion	114
3R	20887266	20887362	Deletion	96
3R	20887267	20887362	Deletion	95
3R	20887286	20887362	Deletion	76
3R	20887303	20887362	Deletion	59
3R	20887304	20887362	Deletion	58
3R	20887326	20887362	Deletion	36
3R	20892335	20887362	Deletion	4973
3R	20892335	20892366	Deletion	31
3R	20892335	20892425	Deletion	90
3R	20892335	20892437	Deletion	102
3R	20892335	20892452	Deletion	117
3R	20892335	20892365	Deletion	30
3R	20892335	20892403	Deletion	68
3R	20892335	20892402	Deletion	67
3R	20892335	20892434	Deletion	99
3R	20900981	20901081	Deletion	100
3R	20900992	20901081	Deletion	89
3R	20901004	20901081	Deletion	77
3R	20901130	20901081	Deletion	49
3R	20901130	20901207	Deletion	77
3R	20901130	20901168	Deletion	38
3R	20901130	20901248	Deletion	118
3R	20918340	20918443	Deletion	103
3R	20918345	20918443	Deletion	98
3R	20918350	20918443	Deletion	93
3R	20918351	20918443	Deletion	92
3R	20918362	20918443	Deletion	81
3R	20918374	20918443	Deletion	69
3R	20918375	20918443	Deletion	68
3R	20924531	20918443	Deletion	6088
3R	20924531	20924577	Deletion	46
3R	20924531	20924589	Deletion	58
3R	20924531	20924590	Deletion	59
3R	20924531	20924566	Deletion	35
3R	20924531	20924635	Deletion	104
3R	20942845	20942962	Deletion	117
3R	20942852	20942962	Deletion	110
3R	20942856	20942962	Deletion	106
3R	20942881	20942962	Deletion	81
3R	20942892	20942962	Deletion	70
3R	20942900	20942962	Deletion	62
3R	20942913	20942962	Deletion	49
3R	20948074	20942962	Deletion	5112
3R	20948074	20948151	Deletion	77
3R	20948074	20948180	Deletion	106
3R	20948074	20948130	Deletion	56
3R	20948074	20948119	Deletion	45
3R	20976652	20976759	Deletion	107
3R	20976653	20976759	Deletion	106
3R	20976664	20976759	Deletion	95
3R	20976677	20976759	Deletion	82
3R	20976692	20976759	Deletion	67
3R	20996415	20976759	Deletion	19656
3R	20996415	20996447	Deletion	32
3R	20996415	20996460	Deletion	45
3R	20996415	20996523	Deletion	108
3R	20996415	20996520	Deletion	105
3R	20996415	20996525	Deletion	110
3R	20996415	20996532	Deletion	117
3R	21003231	21003348	Deletion	117
3R	21003256	21003348	Deletion	92
3R	21003293	21003348	Deletion	55
3R	21003304	21003348	Deletion	44
3R	21003509	21003348	Deletion	161
3R	21003509	21003545	Deletion	36
3R	21003509	21003582	Deletion	73
3R	21015045	21015129	Deletion	84
3R	21015189	21015129	Deletion	60
3R	21015189	21015286	Deletion	97
3R	21020724	21020802	Deletion	78
3R	21021506	21020802	Deletion	704
3R	21021506	21021607	Deletion	101
3R	21021506	21021558	Deletion	52
3R	21021506	21021615	Deletion	109
3R	21021506	21021630	Deletion	124
3R	21021506	21021614	Deletion	108
3R	21027041	21027148	Deletion	107
3R	21027077	21027148	Deletion	71
3R	21027085	21027148	Deletion	63
3R	21027103	21027148	Deletion	45
3R	21033004	21027148	Deletion	5856
3R	21033004	21033059	Deletion	55
3R	21033004	21033106	Deletion	102
3R	21033006	21033067	Deletion	61
3R	21040307	21040397	Deletion	90
3R	21040331	21040397	Deletion	66
3R	21040360	21040397	Deletion	37
3R	21040496	21040397	Deletion	99
3R	21040496	21040585	Deletion	89
3R	21040496	21040556	Deletion	60
3R	21042471	21042506	Deletion	35
3R	21042592	21042506	Deletion	86
3R	21042592	21042683	Deletion	91
3R	21046067	21046176	Deletion	109
3R	21046117	21046176	Deletion	59
3R	21046126	21046176	Deletion	50
3R	21055406	21055473	Deletion	67
3R	21055406	21055522	Deletion	116
3R	21059152	21059257	Deletion	105
3R	21059175	21059257	Deletion	82
3R	21059190	21059257	Deletion	67
3R	21059202	21059257	Deletion	55
3R	21059203	21059257	Deletion	54
3R	21064229	21059257	Deletion	4972
3R	21064229	21064274	Deletion	45
3R	21064229	21064302	Deletion	73
3R	21064229	21064289	Deletion	60
3R	21075940	21076061	Deletion	121
3R	21075968	21076061	Deletion	93
3R	21076007	21076061	Deletion	54
3R	21076008	21076061	Deletion	53
3R	21080447	21076061	Deletion	4386
3R	21080447	21080521	Deletion	74
3R	21080447	21080571	Deletion	124
3R	21080447	21080565	Deletion	118
3R	21080447	21080482	Deletion	35
3R	21080447	21080562	Deletion	115
3R	21091733	21091820	Deletion	87
3R	21091736	21091820	Deletion	84
3R	21091757	21091820	Deletion	63
3R	21091766	21091820	Deletion	54
3R	21091790	21091820	Deletion	30
3R	21097054	21097094	Deletion	40
3R	21097054	21097151	Deletion	97
3R	21097054	21097127	Deletion	73
3R	21097054	21097118	Deletion	64
3R	21097054	21097097	Deletion	43
3R	21097054	21097159	Deletion	105
3R	21149153	21149194	Deletion	41
3R	21150092	21150198	Deletion	106
3R	21150108	21150198	Deletion	90
3R	21150131	21150198	Deletion	67
3R	21150143	21150198	Deletion	55
3R	21150153	21150198	Deletion	45
3R	21160156	21150198	Deletion	9958
3R	21160156	21160215	Deletion	59
3R	21160156	21160263	Deletion	107
3R	21160156	21160227	Deletion	71
3R	21160156	21160237	Deletion	81
3R	21166322	21166261	Deletion	61
3R	21198720	21198817	Deletion	97
3R	21198721	21198817	Deletion	96
3R	21198730	21198817	Deletion	87
3R	21198758	21198817	Deletion	59
3R	21198762	21198817	Deletion	55
3R	21198769	21198817	Deletion	48
3R	21198776	21198817	Deletion	41
3R	21199088	21198817	Deletion	271
3R	21199088	21199199	Deletion	111
3R	21199088	21199155	Deletion	67
3R	21199088	21199166	Deletion	78
3R	21199088	21199173	Deletion	85
3R	21199088	21199127	Deletion	39
3R	21199088	21199159	Deletion	71
3R	21204719	21204792	Deletion	73
3R	21204727	21204792	Deletion	65
3R	21204730	21204792	Deletion	62
3R	21205206	21204792	Deletion	414
3R	21207002	21205253	Deletion	1749
3R	21207002	21207124	Deletion	122
3R	21240927	21240960	Deletion	33
3R	21241027	21240960	Deletion	67
3R	21241027	21241107	Deletion	80
3R	21241027	21241120	Deletion	93
3R	21249766	21249829	Deletion	63
3R	21249792	21249829	Deletion	37
3R	21250398	21250487	Deletion	89
3R	21250398	21250452	Deletion	54
3R	21250398	21250461	Deletion	63
3R	21261847	21261967	Deletion	120
3R	21261847	21261955	Deletion	108
3R	21271269	21271347	Deletion	78
3R	21271317	21271347	Deletion	30
3R	21279331	21271347	Deletion	7984
3R	21279331	21279428	Deletion	97
3R	21279331	21279380	Deletion	49
3R	21286776	21286867	Deletion	91
3R	21286783	21286867	Deletion	84
3R	21286821	21286867	Deletion	46
3R	21286831	21286867	Deletion	36
3R	21287832	21286867	Deletion	965
3R	21287832	21287867	Deletion	35
3R	21287832	21287922	Deletion	90
3R	21287832	21287912	Deletion	80
3R	21297201	21297244	Deletion	43
3R	21297643	21297244	Deletion	399
3R	21299386	21299473	Deletion	87
3R	21299391	21299473	Deletion	82
3R	21299396	21299473	Deletion	77
3R	21299409	21299473	Deletion	64
3R	21299692	21299473	Deletion	219
3R	21299692	21299737	Deletion	45
3R	21299692	21299766	Deletion	74
3R	21299692	21299782	Deletion	90
3R	21299692	21299780	Deletion	88
3R	21299692	21299783	Deletion	91
3R	21300804	21300844	Deletion	40
3R	21304691	21304728	Deletion	37
3R	21304692	21304728	Deletion	36
3R	21318350	21318442	Deletion	92
3R	21318369	21318442	Deletion	73
3R	21318378	21318442	Deletion	64
3R	21318396	21318442	Deletion	46
3R	21318398	21318442	Deletion	44
3R	21318500	21318442	Deletion	58
3R	21318500	21318537	Deletion	37
3R	21318500	21318556	Deletion	56
3R	21318500	21318583	Deletion	83
3R	21318500	21318585	Deletion	85
3R	21318500	21318533	Deletion	33
3R	21362654	21362729	Deletion	75
3R	21362665	21362729	Deletion	64
3R	21362683	21362729	Deletion	46
3R	21362697	21362729	Deletion	32
3R	21369752	21362729	Deletion	7023
3R	21369752	21369783	Deletion	31
3R	21369752	21369803	Deletion	51
3R	21369752	21369832	Deletion	80
3R	21369752	21369814	Deletion	62
3R	21369752	21369872	Deletion	120
3R	21369752	21369846	Deletion	94
3R	21384411	21384489	Deletion	78
3R	21386458	21384489	Deletion	1969
3R	21386458	21386507	Deletion	49
3R	21399559	21399627	Deletion	68
3R	21399573	21399627	Deletion	54
3R	21421612	21399627	Deletion	21985
3R	21421612	21421684	Deletion	72
3R	21421612	21421730	Deletion	118
3R	21421612	21421710	Deletion	98
3R	21421612	21421670	Deletion	58
3R	21423366	21423477	Deletion	111
3R	21423378	21423477	Deletion	99
3R	21423402	21423477	Deletion	75
3R	21426048	21426165	Deletion	117
3R	21435495	21435537	Deletion	42
3R	21435504	21435537	Deletion	33
3R	21435791	21435537	Deletion	254
3R	21435791	21435876	Deletion	85
3R	21435791	21435867	Deletion	76
3R	21435791	21435896	Deletion	105
3R	21447813	21447907	Deletion	94
3R	21447824	21447907	Deletion	83
3R	21447828	21447907	Deletion	79
3R	21447859	21447907	Deletion	48
3R	21447977	21447907	Deletion	70
3R	21447977	21448099	Deletion	122
3R	21447977	21448024	Deletion	47
3R	21447977	21448009	Deletion	32
3R	21447977	21448081	Deletion	104
3R	21447977	21448055	Deletion	78
3R	21447977	21448020	Deletion	43
3R	21449792	21449887	Deletion	95
3R	21449821	21449887	Deletion	66
3R	21451523	21449887	Deletion	1636
3R	21451523	21451586	Deletion	63
3R	21451523	21451639	Deletion	116
3R	21459669	21454591	Deletion	5078
3R	21464546	21464611	Deletion	65
3R	21464565	21464611	Deletion	46
3R	21464711	21464611	Deletion	100
3R	21464711	21464817	Deletion	106
3R	21464711	21464792	Deletion	81
3R	21473941	21474041	Deletion	100
3R	21473976	21474041	Deletion	65
3R	21473986	21474041	Deletion	55
3R	21474003	21474041	Deletion	38
3R	21489064	21474041	Deletion	15023
3R	21489064	21489187	Deletion	123
3R	21489064	21489125	Deletion	61
3R	21489064	21489185	Deletion	121
3R	21489064	21489152	Deletion	88
3R	21495743	21495817	Deletion	74
3R	21497472	21495817	Deletion	1655
3R	21497472	21497580	Deletion	108
3R	21497472	21497517	Deletion	45
3R	21501419	21501485	Deletion	66
3R	21501444	21501485	Deletion	41
3R	21502136	21501485	Deletion	651
3R	21502136	21502197	Deletion	61
3R	21502136	21502222	Deletion	86
3R	21514124	21514213	Deletion	89
3R	21514130	21514213	Deletion	83
3R	21514143	21514213	Deletion	70
3R	21514146	21514213	Deletion	67
3R	21514150	21514213	Deletion	63
3R	21514155	21514213	Deletion	58
3R	21514174	21514213	Deletion	39
3R	21514332	21514213	Deletion	119
3R	21514332	21514377	Deletion	45
3R	21514332	21514365	Deletion	33
3R	21514332	21514390	Deletion	58
3R	21514332	21514371	Deletion	39
3R	21514332	21514433	Deletion	101
3R	21514332	21514421	Deletion	89
3R	21514332	21514397	Deletion	65
3R	21514332	21514393	Deletion	61
3R	21514332	21514431	Deletion	99
3R	21514332	21514450	Deletion	118
3R	21519249	21519306	Deletion	57
3R	21519256	21519306	Deletion	50
3R	21519265	21519306	Deletion	41
3R	21527157	21519306	Deletion	7851
3R	21527157	21527242	Deletion	85
3R	21527157	21527243	Deletion	86
3R	21527157	21527234	Deletion	77
3R	21527193	21527227	Deletion	34
3R	21530001	21527242	Deletion	2759
3R	21530001	21530078	Deletion	77
3R	21530001	21530114	Deletion	113
3R	21569110	21569140	Deletion	30
3R	21569312	21569140	Deletion	172
3R	21569312	21569408	Deletion	96
3R	21569312	21569433	Deletion	121
3R	21569312	21569432	Deletion	120
3R	21569312	21569393	Deletion	81
3R	21573603	21573704	Deletion	101
3R	21573644	21573704	Deletion	60
3R	21573660	21573704	Deletion	44
3R	21581886	21582004	Deletion	118
3R	21581886	21581953	Deletion	67
3R	21585052	21585135	Deletion	83
3R	21585087	21585135	Deletion	48
3R	21590995	21585135	Deletion	5860
3R	21590995	21591038	Deletion	43
3R	21590995	21591102	Deletion	107
3R	21591192	21591260	Deletion	68
3R	21591217	21591260	Deletion	43
3R	21591218	21591260	Deletion	42
3R	21592282	21591260	Deletion	1022
3R	21592282	21592365	Deletion	83
3R	21592282	21592366	Deletion	84
3R	21592282	21592385	Deletion	103
3R	21592282	21592382	Deletion	100
3R	21592282	21592335	Deletion	53
3R	21619940	21620035	Deletion	95
3R	21619955	21620035	Deletion	80
3R	21619967	21620035	Deletion	68
3R	21624007	21620035	Deletion	3972
3R	21624007	21624127	Deletion	120
3R	21624007	21624055	Deletion	48
3R	21624007	21624067	Deletion	60
3R	21624007	21624040	Deletion	33
3R	21631940	21632041	Deletion	101
3R	21631941	21632041	Deletion	100
3R	21638643	21638755	Deletion	112
3R	21638665	21638755	Deletion	90
3R	21638671	21638755	Deletion	84
3R	21638676	21638755	Deletion	79
3R	21638683	21638755	Deletion	72
3R	21638696	21638755	Deletion	59
3R	21639271	21638755	Deletion	516
3R	21639271	21639318	Deletion	47
3R	21639271	21639372	Deletion	101
3R	21639271	21639338	Deletion	67
3R	21639271	21639313	Deletion	42
3R	21645452	21645553	Deletion	101
3R	21645454	21645553	Deletion	99
3R	21645455	21645553	Deletion	98
3R	21645462	21645553	Deletion	91
3R	21645482	21645553	Deletion	71
3R	21645506	21645553	Deletion	47
3R	21645507	21645553	Deletion	46
3R	21645508	21645553	Deletion	45
3R	21647419	21645553	Deletion	1866
3R	21647419	21647475	Deletion	56
3R	21647419	21647538	Deletion	119
3R	21647419	21647526	Deletion	107
3R	21647419	21647500	Deletion	81
3R	21647419	21647455	Deletion	36
3R	21647419	21647499	Deletion	80
3R	21647419	21647501	Deletion	82
3R	21672145	21672254	Deletion	109
3R	21672152	21672254	Deletion	102
3R	21672156	21672254	Deletion	98
3R	21672170	21672254	Deletion	84
3R	21672196	21672254	Deletion	58
3R	21677271	21672254	Deletion	5017
3R	21677271	21677371	Deletion	100
3R	21677271	21677314	Deletion	43
3R	21677275	21677387	Deletion	112
3R	21677636	21677701	Deletion	65
3R	21677640	21677701	Deletion	61
3R	21677652	21677701	Deletion	49
3R	21678742	21677701	Deletion	1041
3R	21678742	21678844	Deletion	102
3R	21678742	21678804	Deletion	62
3R	21678742	21678820	Deletion	78
3R	21679878	21679993	Deletion	115
3R	21679911	21679993	Deletion	82
3R	21679927	21679993	Deletion	66
3R	21679947	21679993	Deletion	46
3R	21679948	21679993	Deletion	45
3R	21679952	21679993	Deletion	41
3R	21681427	21679993	Deletion	1434
3R	21681427	21681551	Deletion	124
3R	21681427	21681487	Deletion	60
3R	21681427	21681512	Deletion	85
3R	21681427	21681471	Deletion	44
3R	21681427	21681536	Deletion	109
3R	21681427	21681537	Deletion	110
3R	21681427	21681508	Deletion	81
3R	21698473	21698561	Deletion	88
3R	21698497	21698561	Deletion	64
3R	21698525	21698561	Deletion	36
3R	21703801	21698561	Deletion	5240
3R	21703801	21703891	Deletion	90
3R	21703801	21703839	Deletion	38
3R	21703801	21703899	Deletion	98
3R	21705686	21705799	Deletion	113
3R	21705687	21705799	Deletion	112
3R	21705693	21705799	Deletion	106
3R	21705707	21705799	Deletion	92
3R	21705715	21705799	Deletion	84
3R	21705743	21705799	Deletion	56
3R	21705951	21705799	Deletion	152
3R	21705951	21705986	Deletion	35
3R	21705951	21706022	Deletion	71
3R	21724084	21724191	Deletion	107
3R	21724088	21724191	Deletion	103
3R	21724094	21724191	Deletion	97
3R	21724141	21724191	Deletion	50
3R	21724450	21724191	Deletion	259
3R	21724450	21724568	Deletion	118
3R	21724450	21724528	Deletion	78
3R	21770513	21770568	Deletion	55
3R	21770527	21770568	Deletion	41
3R	21770644	21770568	Deletion	76
3R	21770644	21770715	Deletion	71
3R	21772872	21772991	Deletion	119
3R	21772893	21772991	Deletion	98
3R	21772899	21772991	Deletion	92
3R	21772942	21772991	Deletion	49
3R	21772951	21772991	Deletion	40
3R	21784402	21772991	Deletion	11411
3R	21784402	21784479	Deletion	77
3R	21784402	21784436	Deletion	34
3R	21784402	21784518	Deletion	116
3R	21784402	21784522	Deletion	120
3R	21787739	21787835	Deletion	96
3R	21787742	21787835	Deletion	93
3R	21787753	21787835	Deletion	82
3R	21787791	21787835	Deletion	44
3R	21787792	21787835	Deletion	43
3R	21787804	21787835	Deletion	31
3R	21792442	21787835	Deletion	4607
3R	21792442	21792565	Deletion	123
3R	21792442	21792486	Deletion	44
3R	21792442	21792525	Deletion	83
3R	21792442	21792537	Deletion	95
3R	21792442	21792524	Deletion	82
3R	21792442	21792472	Deletion	30
3R	21792442	21792543	Deletion	101
3R	21800601	21800702	Deletion	101
3R	21800620	21800702	Deletion	82
3R	21800623	21800702	Deletion	79
3R	21800645	21800702	Deletion	57
3R	21800662	21800702	Deletion	40
3R	21801679	21800702	Deletion	977
3R	21801679	21801784	Deletion	105
3R	21801679	21801726	Deletion	47
3R	21801679	21801748	Deletion	69
3R	21801679	21801723	Deletion	44
3R	21802911	21802999	Deletion	88
3R	21802916	21802999	Deletion	83
3R	21802950	21802999	Deletion	49
3R	21807068	21802999	Deletion	4069
3R	21807068	21807176	Deletion	108
3R	21807068	21807145	Deletion	77
3R	21807068	21807111	Deletion	43
3R	21823707	21823820	Deletion	113
3R	21823724	21823820	Deletion	96
3R	21831842	21823820	Deletion	8022
3R	21839949	21840042	Deletion	93
3R	21839955	21840042	Deletion	87
3R	21839996	21840042	Deletion	46
3R	21839999	21840042	Deletion	43
3R	21840001	21840041	Deletion	40
3R	21842345	21840042	Deletion	2303
3R	21842346	21842429	Deletion	83
3R	21842346	21842426	Deletion	80
3R	21842346	21842379	Deletion	33
3R	21882834	21882941	Deletion	107
3R	21882838	21882941	Deletion	103
3R	21882839	21882941	Deletion	102
3R	21882852	21882941	Deletion	89
3R	21882853	21882941	Deletion	88
3R	21882878	21882941	Deletion	63
3R	21882886	21882941	Deletion	55
3R	21882888	21882941	Deletion	53
3R	21882897	21882941	Deletion	44
3R	21885033	21882941	Deletion	2092
3R	21885033	21885115	Deletion	82
3R	21885033	21885148	Deletion	115
3R	21885033	21885106	Deletion	73
3R	21885033	21885130	Deletion	97
3R	21885033	21885096	Deletion	63
3R	21885033	21885071	Deletion	38
3R	21885033	21885155	Deletion	122
3R	21885033	21885133	Deletion	100
3R	21885033	21885104	Deletion	71
3R	21890252	21890325	Deletion	73
3R	21900254	21890325	Deletion	9929
3R	21904000	21904053	Deletion	53
3R	21904011	21904053	Deletion	42
3R	21904557	21904053	Deletion	504
3R	21904557	21904630	Deletion	73
3R	21904557	21904641	Deletion	84
3R	21917452	21917515	Deletion	63
3R	21917464	21917515	Deletion	51
3R	21920136	21917515	Deletion	2621
3R	21920136	21920211	Deletion	75
3R	21920136	21920197	Deletion	61
3R	21920136	21920199	Deletion	63
3R	21920136	21920234	Deletion	98
3R	21921710	21921801	Deletion	91
3R	21921715	21921801	Deletion	86
3R	21921755	21921801	Deletion	46
3R	21929341	21929459	Deletion	118
3R	21929341	21929423	Deletion	82
3R	21929341	21929383	Deletion	42
3R	21929341	21929378	Deletion	37
3R	21929341	21929440	Deletion	99
3R	21937300	21937412	Deletion	112
3R	21937312	21937412	Deletion	100
3R	21937332	21937412	Deletion	80
3R	21937334	21937412	Deletion	78
3R	21944305	21937412	Deletion	6893
3R	21944305	21944351	Deletion	46
3R	21944305	21944423	Deletion	118
3R	21944305	21944403	Deletion	98
3R	21944305	21944402	Deletion	97
3R	21944482	21944596	Deletion	114
3R	21944495	21944596	Deletion	101
3R	21944499	21944596	Deletion	97
3R	21944509	21944596	Deletion	87
3R	21944526	21944596	Deletion	70
3R	21944527	21944595	Deletion	68
3R	21944557	21944596	Deletion	39
3R	21946743	21944596	Deletion	2147
3R	21946744	21946800	Deletion	56
3R	21946744	21946801	Deletion	57
3R	21946744	21946831	Deletion	87
3R	21946744	21946783	Deletion	39
3R	21946744	21946866	Deletion	122
3R	21946744	21946860	Deletion	116
3R	21983537	21983643	Deletion	106
3R	21983570	21983643	Deletion	73
3R	21983594	21983642	Deletion	48
3R	21983600	21983643	Deletion	43
3R	21983958	21983643	Deletion	315
3R	21983958	21984036	Deletion	78
3R	21983958	21984042	Deletion	84
3R	21983959	21984076	Deletion	117
3R	21987257	21987313	Deletion	56
3R	21988052	21987313	Deletion	739
3R	21988052	21988124	Deletion	72
3R	21990951	21991045	Deletion	94
3R	21991093	21991045	Deletion	48
3R	21999997	22000096	Deletion	99
3R	22000010	22000096	Deletion	86
3R	22000020	22000096	Deletion	76
3R	22000033	22000096	Deletion	63
3R	22000042	22000096	Deletion	54
3R	22000280	22000096	Deletion	184
3R	22000280	22000321	Deletion	41
3R	22000280	22000331	Deletion	51
3R	22000280	22000353	Deletion	73
3R	22017943	22009634	Deletion	8309
3R	22022400	22022461	Deletion	61
3R	22025110	22022464	Deletion	2646
3R	22025110	22025222	Deletion	112
3R	22025110	22025145	Deletion	35
3R	22025110	22025172	Deletion	62
3R	22025110	22025229	Deletion	119
3R	22039446	22039566	Deletion	120
3R	22039454	22039566	Deletion	112
3R	22039463	22039566	Deletion	103
3R	22039482	22039566	Deletion	84
3R	22039487	22039566	Deletion	79
3R	22039511	22039566	Deletion	55
3R	22039530	22039566	Deletion	36
3R	22039633	22039566	Deletion	67
3R	22039633	22039725	Deletion	92
3R	22039633	22039682	Deletion	49
3R	22039633	22039706	Deletion	73
3R	22043591	22043704	Deletion	113
3R	22043606	22043704	Deletion	98
3R	22043626	22043704	Deletion	78
3R	22043658	22043704	Deletion	46
3R	22043671	22043704	Deletion	33
3R	22043672	22043704	Deletion	32
3R	22049912	22043704	Deletion	6208
3R	22049912	22050005	Deletion	93
3R	22049912	22050011	Deletion	99
3R	22049912	22050022	Deletion	110
3R	22049912	22050006	Deletion	94
3R	22049912	22049992	Deletion	80
3R	22058300	22058378	Deletion	78
3R	22058317	22058378	Deletion	61
3R	22075119	22058378	Deletion	16741
3R	22075119	22075239	Deletion	120
3R	22075119	22075186	Deletion	67
3R	22080984	22081058	Deletion	74
3R	22081010	22081058	Deletion	48
3R	22081016	22081058	Deletion	42
3R	22082270	22081058	Deletion	1212
3R	22082270	22082322	Deletion	52
3R	22082270	22082304	Deletion	34
3R	22082270	22082348	Deletion	78
3R	22082901	22082941	Deletion	40
3R	22091683	22082941	Deletion	8742
3R	22091683	22091781	Deletion	98
3R	22091683	22091784	Deletion	101
3R	22091683	22091807	Deletion	124
3R	22091683	22091770	Deletion	87
3R	22103017	22103126	Deletion	109
3R	22103018	22103126	Deletion	108
3R	22103038	22103126	Deletion	88
3R	22103047	22103126	Deletion	79
3R	22103059	22103126	Deletion	67
3R	22103084	22103126	Deletion	42
3R	22103093	22103126	Deletion	33
3R	22103094	22103126	Deletion	32
3R	22107811	22103126	Deletion	4685
3R	22107811	22107905	Deletion	94
3R	22107811	22107871	Deletion	60
3R	22107811	22107906	Deletion	95
3R	22107811	22107896	Deletion	85
3R	22107811	22107859	Deletion	48
3R	22111350	22111409	Deletion	59
3R	22111372	22111409	Deletion	37
3R	22111377	22111409	Deletion	32
3R	22111991	22111409	Deletion	582
3R	22111991	22112108	Deletion	117
3R	22111991	22112058	Deletion	67
3R	22111991	22112085	Deletion	94
3R	22111991	22112026	Deletion	35
3R	22113938	22114036	Deletion	98
3R	22113961	22114036	Deletion	75
3R	22114516	22114036	Deletion	480
3R	22114516	22114608	Deletion	92
3R	22114516	22114567	Deletion	51
3R	22114516	22114625	Deletion	109
3R	22114699	22114776	Deletion	77
3R	22114738	22114776	Deletion	38
3R	22114739	22114776	Deletion	37
3R	22114741	22114776	Deletion	35
3R	22132388	22114776	Deletion	17612
3R	22132388	22132476	Deletion	88
3R	22132388	22132477	Deletion	89
3R	22132388	22132427	Deletion	39
3R	22132388	22132437	Deletion	49
3R	22132388	22132487	Deletion	99
3R	22137784	22137897	Deletion	113
3R	22137786	22137897	Deletion	111
3R	22137804	22137897	Deletion	93
3R	22137811	22137897	Deletion	86
3R	22137824	22137897	Deletion	73
3R	22137835	22137897	Deletion	62
3R	22137843	22137897	Deletion	54
3R	22137851	22137897	Deletion	46
3R	22137854	22137897	Deletion	43
3R	22138582	22137897	Deletion	685
3R	22138582	22138648	Deletion	66
3R	22138582	22138656	Deletion	74
3R	22138582	22138624	Deletion	42
3R	22138582	22138667	Deletion	85
3R	22138582	22138705	Deletion	123
3R	22138582	22138664	Deletion	82
3R	22138582	22138637	Deletion	55
3R	22138582	22138617	Deletion	35
3R	22139467	22139547	Deletion	80
3R	22139487	22139547	Deletion	60
3R	22139490	22139547	Deletion	57
3R	22152030	22139547	Deletion	12483
3R	22152030	22152096	Deletion	66
3R	22152030	22152099	Deletion	69
3R	22152030	22152076	Deletion	46
3R	22154532	22154593	Deletion	61
3R	22154537	22154593	Deletion	56
3R	22154554	22154593	Deletion	39
3R	22154557	22154593	Deletion	36
3R	22155292	22154593	Deletion	699
3R	22155292	22155382	Deletion	90
3R	22155292	22155362	Deletion	70
3R	22155292	22155357	Deletion	65
3R	22155292	22155389	Deletion	97
3R	22155292	22155404	Deletion	112
3R	22155292	22155333	Deletion	41
3R	22162794	22162863	Deletion	69
3R	22162795	22162863	Deletion	68
3R	22162810	22162863	Deletion	53
3R	22162821	22162863	Deletion	42
3R	22163376	22162863	Deletion	513
3R	22163376	22163483	Deletion	107
3R	22163376	22163411	Deletion	35
3R	22163376	22163434	Deletion	58
3R	22163376	22163460	Deletion	84
3R	22163376	22163449	Deletion	73
3R	22163376	22163433	Deletion	57
3R	22173381	22173475	Deletion	94
3R	22173384	22173475	Deletion	91
3R	22173388	22173475	Deletion	87
3R	22173413	22173475	Deletion	62
3R	22173426	22173475	Deletion	49
3R	22173437	22173475	Deletion	38
3R	22175350	22173475	Deletion	1875
3R	22175350	22175385	Deletion	35
3R	22175350	22175451	Deletion	101
3R	22175350	22175438	Deletion	88
3R	22175350	22175414	Deletion	64
3R	22175350	22175427	Deletion	77
3R	22175350	22175389	Deletion	39
3R	22177453	22177539	Deletion	86
3R	22177494	22177539	Deletion	45
3R	22177501	22177539	Deletion	38
3R	22177621	22177539	Deletion	82
3R	22177621	22177702	Deletion	81
3R	22177621	22177709	Deletion	88
3R	22177621	22177735	Deletion	114
3R	22247745	22247849	Deletion	104
3R	22253509	22253612	Deletion	103
3R	22253661	22253612	Deletion	49
3R	22253661	22253785	Deletion	124
3R	22253661	22253742	Deletion	81
3R	22253661	22253766	Deletion	105
3R	22253661	22253761	Deletion	100
3R	22255831	22255868	Deletion	37
3R	22258035	22255868	Deletion	2167
3R	22258035	22258106	Deletion	71
3R	22276120	22276207	Deletion	87
3R	22276144	22276207	Deletion	63
3R	22293810	22276207	Deletion	17603
3R	22293810	22293849	Deletion	39
3R	22293810	22293873	Deletion	63
3R	22315256	22315326	Deletion	70
3R	22315275	22315326	Deletion	51
3R	22315296	22315326	Deletion	30
3R	22328948	22315326	Deletion	13622
3R	22328948	22329044	Deletion	96
3R	22328948	22329003	Deletion	55
3R	22328948	22329071	Deletion	123
3R	22328948	22329023	Deletion	75
3R	22334324	22334428	Deletion	104
3R	22334335	22334428	Deletion	93
3R	22334339	22334428	Deletion	89
3R	22334344	22334428	Deletion	84
3R	22334345	22334428	Deletion	83
3R	22334356	22334428	Deletion	72
3R	22334370	22334428	Deletion	58
3R	22335129	22334428	Deletion	701
3R	22335129	22335166	Deletion	37
3R	22335129	22335172	Deletion	43
3R	22335129	22335183	Deletion	54
3R	22335129	22335171	Deletion	42
3R	22335129	22335197	Deletion	68
3R	22335129	22335233	Deletion	104
3R	22335129	22335226	Deletion	97
3R	22344074	22344143	Deletion	69
3R	22344107	22344143	Deletion	36
3R	22351980	22344143	Deletion	7837
3R	22351980	22352070	Deletion	90
3R	22351980	22352037	Deletion	57
3R	22383916	22384026	Deletion	110
3R	22383947	22384021	Deletion	74
3R	22385393	22384026	Deletion	1367
3R	22385393	22385510	Deletion	117
3R	22389019	22389099	Deletion	80
3R	22389024	22389099	Deletion	75
3R	22389025	22389099	Deletion	74
3R	22389028	22389099	Deletion	71
3R	22392633	22389099	Deletion	3534
3R	22392633	22392689	Deletion	56
3R	22392633	22392680	Deletion	47
3R	22392633	22392738	Deletion	105
3R	22392633	22392686	Deletion	53
3R	22396982	22397080	Deletion	98
3R	22396993	22397080	Deletion	87
3R	22397038	22397080	Deletion	42
3R	22397039	22397080	Deletion	41
3R	22409411	22397080	Deletion	12331
3R	22409411	22409496	Deletion	85
3R	22409411	22409515	Deletion	104
3R	22412977	22413060	Deletion	83
3R	22412985	22413060	Deletion	75
3R	22413007	22413060	Deletion	53
3R	22423484	22413060	Deletion	10424
3R	22423484	22423557	Deletion	73
3R	22423484	22423589	Deletion	105
3R	22423484	22423535	Deletion	51
3R	22423488	22423596	Deletion	108
3R	22432786	22432890	Deletion	104
3R	22432857	22432890	Deletion	33
3R	22433015	22432890	Deletion	125
3R	22433015	22433136	Deletion	121
3R	22433015	22433130	Deletion	115
3R	22458548	22458662	Deletion	114
3R	22458571	22458662	Deletion	91
3R	22458625	22458662	Deletion	37
3R	22458630	22458662	Deletion	32
3R	22458711	22458784	Deletion	73
3R	22458711	22458811	Deletion	100
3R	22458711	22458823	Deletion	112
3R	22458711	22458814	Deletion	103
3R	22458711	22458801	Deletion	90
3R	22458711	22458747	Deletion	36
3R	22473449	22473539	Deletion	90
3R	22473491	22473537	Deletion	46
3R	22473495	22473539	Deletion	44
3R	22473587	22473539	Deletion	48
3R	22473587	22473672	Deletion	85
3R	22473587	22473626	Deletion	39
3R	22473587	22473709	Deletion	122
3R	22473589	22473668	Deletion	79
3R	22474704	22474810	Deletion	106
3R	22474705	22474810	Deletion	105
3R	22474706	22474810	Deletion	104
3R	22474747	22474810	Deletion	63
3R	22474768	22474810	Deletion	42
3R	22504782	22474810	Deletion	29972
3R	22504782	22504882	Deletion	100
3R	22504782	22504867	Deletion	85
3R	22504782	22504880	Deletion	98
3R	22504782	22504846	Deletion	64
3R	22513849	22513905	Deletion	56
3R	22513856	22513905	Deletion	49
3R	22513863	22513905	Deletion	42
3R	22513864	22513905	Deletion	41
3R	22513874	22513905	Deletion	31
3R	22525593	22513905	Deletion	11688
3R	22525593	22525671	Deletion	78
3R	22525593	22525679	Deletion	86
3R	22525593	22525664	Deletion	71
3R	22525593	22525689	Deletion	96
3R	22525593	22525678	Deletion	85
3R	22534655	22534715	Deletion	60
3R	22545508	22534715	Deletion	10793
3R	22545508	22545575	Deletion	67
3R	22546987	22547109	Deletion	122
3R	22546989	22547109	Deletion	120
3R	22547003	22547109	Deletion	106
3R	22547008	22547109	Deletion	101
3R	22547043	22547109	Deletion	66
3R	22547655	22547109	Deletion	546
3R	22547655	22547765	Deletion	110
3R	22547655	22547767	Deletion	112
3R	22547655	22547716	Deletion	61
3R	22551202	22551310	Deletion	108
3R	22551208	22551310	Deletion	102
3R	22551216	22551310	Deletion	94
3R	22551227	22551310	Deletion	83
3R	22557770	22551310	Deletion	6460
3R	22557770	22557804	Deletion	34
3R	22557770	22557815	Deletion	45
3R	22558566	22558646	Deletion	80
3R	22558574	22558646	Deletion	72
3R	22558589	22558646	Deletion	57
3R	22558596	22558646	Deletion	50
3R	22558606	22558646	Deletion	40
3R	22563730	22558646	Deletion	5084
3R	22563730	22563799	Deletion	69
3R	22563730	22563840	Deletion	110
3R	22563730	22563816	Deletion	86
3R	22563730	22563806	Deletion	76
3R	22563730	22563784	Deletion	54
3R	22563730	22563776	Deletion	46
3R	22592755	22592857	Deletion	102
3R	22592758	22592857	Deletion	99
3R	22592770	22592857	Deletion	87
3R	22592793	22592857	Deletion	64
3R	22592800	22592857	Deletion	57
3R	22592812	22592857	Deletion	45
3R	22592958	22592857	Deletion	101
3R	22592958	22593039	Deletion	81
3R	22592958	22593027	Deletion	69
3R	22592958	22593055	Deletion	97
3R	22592958	22593066	Deletion	108
3R	22592958	22592997	Deletion	39
3R	22592958	22593020	Deletion	62
3R	22608797	22608845	Deletion	48
3R	22608947	22608845	Deletion	102
3R	22608947	22609026	Deletion	79
3R	22608947	22609017	Deletion	70
3R	22611559	22611680	Deletion	121
3R	22611568	22611680	Deletion	112
3R	22611589	22611680	Deletion	91
3R	22611617	22611680	Deletion	63
3R	22611640	22611680	Deletion	40
3R	22618991	22611680	Deletion	7311
3R	22618991	22619110	Deletion	119
3R	22618991	22619054	Deletion	63
3R	22618991	22619077	Deletion	86
3R	22619661	22619759	Deletion	98
3R	22619686	22619759	Deletion	73
3R	22619697	22619759	Deletion	62
3R	22627573	22619759	Deletion	7814
3R	22627573	22627685	Deletion	112
3R	22627573	22627626	Deletion	53
3R	22627583	22627637	Deletion	54
3R	22627589	22627706	Deletion	117
3R	22627605	22627706	Deletion	101
3R	22627642	22627706	Deletion	64
3R	22627657	22627706	Deletion	49
3R	22628017	22627706	Deletion	311
3R	22628017	22628095	Deletion	78
3R	22628017	22628080	Deletion	63
3R	22633767	22633812	Deletion	45
3R	22633776	22633812	Deletion	36
3R	22657697	22633812	Deletion	23885
3R	22657697	22657817	Deletion	120
3R	22657697	22657779	Deletion	82
3R	22657697	22657795	Deletion	98
3R	22657697	22657820	Deletion	123
3R	22657697	22657772	Deletion	75
3R	22681449	22681505	Deletion	56
3R	22684543	22681505	Deletion	3038
3R	22684543	22684656	Deletion	113
3R	22684543	22684613	Deletion	70
3R	22707645	22707755	Deletion	110
3R	22707650	22707755	Deletion	105
3R	22707696	22707755	Deletion	59
3R	22707706	22707755	Deletion	49
3R	22707845	22707755	Deletion	90
3R	22707845	22707912	Deletion	67
3R	22707845	22707922	Deletion	77
3R	22728360	22728444	Deletion	84
3R	22728402	22728444	Deletion	42
3R	22728409	22728444	Deletion	35
3R	22728414	22728444	Deletion	30
3R	22729618	22728444	Deletion	1174
3R	22729618	22729714	Deletion	96
3R	22729618	22729660	Deletion	42
3R	22729618	22729702	Deletion	84
3R	22729618	22729715	Deletion	97
3R	22743679	22743772	Deletion	93
3R	22743740	22743772	Deletion	32
3R	22744163	22743772	Deletion	391
3R	22744163	22744262	Deletion	99
3R	22744163	22744258	Deletion	95
3R	22747893	22747996	Deletion	103
3R	22747898	22747996	Deletion	98
3R	22747911	22747996	Deletion	85
3R	22756823	22747996	Deletion	8827
3R	22756823	22756933	Deletion	110
3R	22756823	22756934	Deletion	111
3R	22756823	22756923	Deletion	100
3R	22763597	22763709	Deletion	112
3R	22785269	22785357	Deletion	88
3R	22785275	22785357	Deletion	82
3R	22785277	22785357	Deletion	80
3R	22785291	22785357	Deletion	66
3R	22785299	22785357	Deletion	58
3R	22785441	22785357	Deletion	84
3R	22785441	22785543	Deletion	102
3R	22785441	22785558	Deletion	117
3R	22785441	22785487	Deletion	46
3R	22785441	22785479	Deletion	38
3R	22785441	22785506	Deletion	65
3R	22785441	22785485	Deletion	44
3R	22785441	22785478	Deletion	37
3R	22785441	22785501	Deletion	60
3R	22786977	22787078	Deletion	101
3R	22786992	22787078	Deletion	86
3R	22787008	22787078	Deletion	70
3R	22787033	22787078	Deletion	45
3R	22789734	22787078	Deletion	2656
3R	22789734	22789852	Deletion	118
3R	22789734	22789816	Deletion	82
3R	22789734	22789775	Deletion	41
3R	22803101	22803186	Deletion	85
3R	22807140	22803186	Deletion	3954
3R	22807140	22807181	Deletion	41
3R	22807140	22807241	Deletion	101
3R	22841176	22841280	Deletion	104
3R	22841213	22841280	Deletion	67
3R	22842865	22841280	Deletion	1585
3R	22842865	22842963	Deletion	98
3R	22842865	22842924	Deletion	59
3R	22850739	22850825	Deletion	86
3R	22850743	22850829	Deletion	86
3R	22850744	22850829	Deletion	85
3R	22850752	22850829	Deletion	77
3R	22850779	22850829	Deletion	50
3R	22850782	22850829	Deletion	47
3R	22850785	22850829	Deletion	44
3R	22850792	22850829	Deletion	37
3R	22850882	22850829	Deletion	53
3R	22850882	22850931	Deletion	49
3R	22850882	22850964	Deletion	82
3R	22850882	22850914	Deletion	32
3R	22850882	22850971	Deletion	89
3R	22850882	22850922	Deletion	40
3R	22850882	22850923	Deletion	41
3R	22850882	22850958	Deletion	76
3R	22850882	22850961	Deletion	79
3R	22886432	22886522	Deletion	90
3R	22895182	22895296	Deletion	114
3R	22895198	22895296	Deletion	98
3R	22895217	22895296	Deletion	79
3R	22895253	22895296	Deletion	43
3R	22895371	22895296	Deletion	75
3R	22895371	22895419	Deletion	48
3R	22895371	22895455	Deletion	84
3R	22915481	22914256	Deletion	1225
3R	22918373	22918453	Deletion	80
3R	22918400	22918453	Deletion	53
3R	22939696	22918453	Deletion	21243
3R	22939696	22939749	Deletion	53
3R	22939696	22939796	Deletion	100
3R	22939696	22939817	Deletion	121
3R	22945156	22945256	Deletion	100
3R	22945156	22945269	Deletion	113
3R	22947102	22947219	Deletion	117
3R	22947111	22947219	Deletion	108
3R	22947112	22947219	Deletion	107
3R	22947141	22947219	Deletion	78
3R	22948775	22948823	Deletion	48
3R	22956209	22956252	Deletion	43
3R	22956213	22956252	Deletion	39
3R	22956550	22956252	Deletion	298
3R	22956550	22956640	Deletion	90
3R	22962709	22962799	Deletion	90
3R	22962715	22962799	Deletion	84
3R	22965707	22965749	Deletion	42
3R	22966549	22966643	Deletion	94
3R	22966582	22966643	Deletion	61
3R	22966587	22966643	Deletion	56
3R	22969891	22966643	Deletion	3248
3R	22969891	22969992	Deletion	101
3R	22969891	22969957	Deletion	66
3R	22969891	22970015	Deletion	124
3R	22969891	22969924	Deletion	33
3R	22969891	22969962	Deletion	71
3R	22975593	22975666	Deletion	73
3R	22983651	22975666	Deletion	7985
3R	22998595	22998678	Deletion	83
3R	22998608	22998678	Deletion	70
3R	22998634	22998678	Deletion	44
3R	22998641	22998678	Deletion	37
3R	22998867	22998678	Deletion	189
3R	22998867	22998956	Deletion	89
3R	22998867	22998900	Deletion	33
3R	22998867	22998988	Deletion	121
3R	22998867	22998910	Deletion	43
3R	22998867	22998923	Deletion	56
3R	23006471	23006516	Deletion	45
3R	23021427	23006516	Deletion	14911
3R	23021427	23021509	Deletion	82
3R	23021427	23021548	Deletion	121
3R	23031497	23031593	Deletion	96
3R	23031499	23031593	Deletion	94
3R	23031519	23031593	Deletion	74
3R	23031546	23031593	Deletion	47
3R	23031549	23031593	Deletion	44
3R	23032203	23031593	Deletion	610
3R	23032203	23032302	Deletion	99
3R	23032203	23032255	Deletion	52
3R	23032203	23032235	Deletion	32
3R	23032203	23032320	Deletion	117
3R	23032203	23032285	Deletion	82
3R	23032203	23032282	Deletion	79
3R	23032203	23032233	Deletion	30
3R	23034912	23034982	Deletion	70
3R	23034925	23034982	Deletion	57
3R	23034948	23034982	Deletion	34
3R	23035449	23034982	Deletion	467
3R	23035449	23035564	Deletion	115
3R	23035449	23035559	Deletion	110
3R	23035449	23035506	Deletion	57
3R	23035449	23035519	Deletion	70
3R	23035451	23035542	Deletion	91
3R	23043040	23043135	Deletion	95
3R	23043058	23043135	Deletion	77
3R	23043068	23043135	Deletion	67
3R	23043094	23043135	Deletion	41
3R	23044402	23043135	Deletion	1267
3R	23044402	23044452	Deletion	50
3R	23044402	23044462	Deletion	60
3R	23044402	23044434	Deletion	32
3R	23049822	23049875	Deletion	53
3R	23049835	23049875	Deletion	40
3R	23049844	23049875	Deletion	31
3R	23050572	23049875	Deletion	697
3R	23050572	23050668	Deletion	96
3R	23050572	23050659	Deletion	87
3R	23050572	23050646	Deletion	74
3R	23053945	23054058	Deletion	113
3R	23053955	23054058	Deletion	103
3R	23053956	23054058	Deletion	102
3R	23054001	23054058	Deletion	57
3R	23054022	23054058	Deletion	36
3R	23057219	23054058	Deletion	3161
3R	23057219	23057309	Deletion	90
3R	23061465	23061566	Deletion	101
3R	23061507	23061566	Deletion	59
3R	23063787	23061566	Deletion	2221
3R	23063787	23063905	Deletion	118
3R	23068710	23068797	Deletion	87
3R	23068725	23068797	Deletion	72
3R	23068730	23068797	Deletion	67
3R	23068764	23068797	Deletion	33
3R	23071753	23068797	Deletion	2956
3R	23071753	23071812	Deletion	59
3R	23071753	23071846	Deletion	93
3R	23071753	23071851	Deletion	98
3R	23071753	23071870	Deletion	117
3R	23071753	23071792	Deletion	39
3R	23071753	23071807	Deletion	54
3R	23076251	23076326	Deletion	75
3R	23076274	23076326	Deletion	52
3R	23076286	23076326	Deletion	40
3R	23087193	23076326	Deletion	10867
3R	23087193	23087244	Deletion	51
3R	23087193	23087279	Deletion	86
3R	23087193	23087293	Deletion	100
3R	23087193	23087267	Deletion	74
3R	23093961	23094032	Deletion	71
3R	23093974	23094032	Deletion	58
3R	23094154	23094032	Deletion	122
3R	23094154	23094222	Deletion	68
3R	23094154	23094275	Deletion	121
3R	23094154	23094204	Deletion	50
3R	23098467	23098560	Deletion	93
3R	23098477	23098560	Deletion	83
3R	23105665	23098560	Deletion	7105
3R	23105665	23105697	Deletion	32
3R	23105665	23105710	Deletion	45
3R	23114847	23114892	Deletion	45
3R	23115191	23114892	Deletion	299
3R	23115191	23115309	Deletion	118
3R	23115191	23115272	Deletion	81
3R	23121448	23121545	Deletion	97
3R	23121457	23121545	Deletion	88
3R	23121469	23121545	Deletion	76
3R	23121471	23121545	Deletion	74
3R	23121484	23121545	Deletion	61
3R	23121488	23121545	Deletion	57
3R	23126812	23121545	Deletion	5267
3R	23126812	23126877	Deletion	65
3R	23126812	23126850	Deletion	38
3R	23126812	23126881	Deletion	69
3R	23126812	23126921	Deletion	109
3R	23128692	23128798	Deletion	106
3R	23128694	23128798	Deletion	104
3R	23128745	23128798	Deletion	53
3R	23128752	23128798	Deletion	46
3R	23144087	23128798	Deletion	15289
3R	23144087	23144167	Deletion	80
3R	23144087	23144190	Deletion	103
3R	23144087	23144174	Deletion	87
3R	23144087	23144201	Deletion	114
3R	23145398	23145487	Deletion	89
3R	23145412	23145487	Deletion	75
3R	23145439	23145487	Deletion	48
3R	23145444	23145487	Deletion	43
3R	23146365	23145487	Deletion	878
3R	23146365	23146446	Deletion	81
3R	23146365	23146419	Deletion	54
3R	23146365	23146451	Deletion	86
3R	23146365	23146405	Deletion	40
3R	23169083	23169119	Deletion	36
3R	23169088	23169119	Deletion	31
3R	23175760	23169119	Deletion	6641
3R	23175760	23175852	Deletion	92
3R	23175760	23175804	Deletion	44
3R	23175760	23175878	Deletion	118
3R	23175760	23175859	Deletion	99
3R	23175760	23175863	Deletion	103
3R	23175760	23175869	Deletion	109
3R	23175760	23175867	Deletion	107
3R	23184649	23184756	Deletion	107
3R	23184660	23184756	Deletion	96
3R	23185069	23184756	Deletion	313
3R	23185069	23185180	Deletion	111
3R	23200107	23200188	Deletion	81
3R	23200136	23200188	Deletion	52
3R	23200145	23200188	Deletion	43
3R	23220320	23200188	Deletion	20132
3R	23220320	23220365	Deletion	45
3R	23220320	23220394	Deletion	74
3R	23220320	23220403	Deletion	83
3R	23247126	23247212	Deletion	86
3R	23247131	23247212	Deletion	81
3R	23247145	23247212	Deletion	67
3R	23247166	23247212	Deletion	46
3R	23247172	23247212	Deletion	40
3R	23247180	23247212	Deletion	32
3R	23249754	23247212	Deletion	2542
3R	23249754	23249814	Deletion	60
3R	23249754	23249860	Deletion	106
3R	23249754	23249795	Deletion	41
3R	23249754	23249849	Deletion	95
3R	23249754	23249841	Deletion	87
3R	23249754	23249800	Deletion	46
3R	23249754	23249859	Deletion	105
3R	23256712	23256822	Deletion	110
3R	23256713	23256822	Deletion	109
3R	23256717	23256822	Deletion	105
3R	23256722	23256822	Deletion	100
3R	23256738	23256822	Deletion	84
3R	23256751	23256822	Deletion	71
3R	23256778	23256822	Deletion	44
3R	23258273	23256822	Deletion	1451
3R	23258273	23258329	Deletion	56
3R	23258273	23258394	Deletion	121
3R	23258273	23258376	Deletion	103
3R	23258273	23258389	Deletion	116
3R	23258273	23258356	Deletion	83
3R	23258273	23258386	Deletion	113
3R	23263893	23264004	Deletion	111
3R	23263901	23264004	Deletion	103
3R	23263911	23264004	Deletion	93
3R	23263930	23264004	Deletion	74
3R	23263940	23264004	Deletion	64
3R	23263954	23264004	Deletion	50
3R	23263959	23264004	Deletion	45
3R	23266264	23266319	Deletion	55
3R	23266264	23266343	Deletion	79
3R	23266264	23266329	Deletion	65
3R	23266264	23266348	Deletion	84
3R	23266264	23266300	Deletion	36
3R	23271683	23271726	Deletion	43
3R	23272908	23271726	Deletion	1182
3R	23272908	23273020	Deletion	112
3R	23272908	23272991	Deletion	83
3R	23302705	23302777	Deletion	72
3R	23302712	23302777	Deletion	65
3R	23303208	23302777	Deletion	431
3R	23303208	23303263	Deletion	55
3R	23303208	23303256	Deletion	48
3R	23303208	23303330	Deletion	122
3R	23303208	23303320	Deletion	112
3R	23304746	23304862	Deletion	116
3R	23304757	23304862	Deletion	105
3R	23304771	23304862	Deletion	91
3R	23304781	23304862	Deletion	81
3R	23304784	23304862	Deletion	78
3R	23304796	23304862	Deletion	66
3R	23304800	23304862	Deletion	62
3R	23304802	23304862	Deletion	60
3R	23308155	23304862	Deletion	3293
3R	23308155	23308215	Deletion	60
3R	23308155	23308190	Deletion	35
3R	23308155	23308203	Deletion	48
3R	23308155	23308277	Deletion	122
3R	23308155	23308219	Deletion	64
3R	23308155	23308200	Deletion	45
3R	23313398	23313506	Deletion	108
3R	23313406	23313506	Deletion	100
3R	23313418	23313505	Deletion	87
3R	23313433	23313506	Deletion	73
3R	23313442	23313506	Deletion	64
3R	23313445	23313501	Deletion	56
3R	23313473	23313506	Deletion	33
3R	23315643	23313506	Deletion	2137
3R	23315643	23315696	Deletion	53
3R	23315643	23315681	Deletion	38
3R	23315643	23315736	Deletion	93
3R	23315643	23315705	Deletion	62
3R	23315643	23315767	Deletion	124
3R	23329681	23329793	Deletion	112
3R	23329705	23329793	Deletion	88
3R	23329713	23329793	Deletion	80
3R	23329719	23329793	Deletion	74
3R	23329752	23329793	Deletion	41
3R	23331900	23329793	Deletion	2107
3R	23331900	23331985	Deletion	85
3R	23331900	23331952	Deletion	52
3R	23331900	23331946	Deletion	46
3R	23335215	23335296	Deletion	81
3R	23335216	23335296	Deletion	80
3R	23340966	23341012	Deletion	46
3R	23340966	23341078	Deletion	112
3R	23340966	23341013	Deletion	47
3R	23340966	23341087	Deletion	121
3R	23345857	23345964	Deletion	107
3R	23345865	23345964	Deletion	99
3R	23348850	23348927	Deletion	77
3R	23349011	23348927	Deletion	84
3R	23349011	23349061	Deletion	50
3R	23349011	23349109	Deletion	98
3R	23349011	23349118	Deletion	107
3R	23373910	23374014	Deletion	104
3R	23373949	23374014	Deletion	65
3R	23373975	23374014	Deletion	39
3R	23373981	23374014	Deletion	33
3R	23375860	23374014	Deletion	1846
3R	23375860	23375956	Deletion	96
3R	23375860	23375960	Deletion	100
3R	23375860	23375972	Deletion	112
3R	23375860	23375924	Deletion	64
3R	23378511	23378553	Deletion	42
3R	23378515	23378553	Deletion	38
3R	23378523	23378553	Deletion	30
3R	23403387	23378553	Deletion	24834
3R	23403387	23403475	Deletion	88
3R	23403387	23403483	Deletion	96
3R	23403387	23403497	Deletion	110
3R	23403387	23403471	Deletion	84
3R	23408637	23408721	Deletion	84
3R	23408647	23408721	Deletion	74
3R	23408648	23408721	Deletion	73
3R	23408662	23408721	Deletion	59
3R	23408685	23408721	Deletion	36
3R	23410044	23408721	Deletion	1323
3R	23410044	23410078	Deletion	34
3R	23410044	23410087	Deletion	43
3R	23410044	23410135	Deletion	91
3R	23410044	23410097	Deletion	53
3R	23410044	23410098	Deletion	54
3R	23414071	23414173	Deletion	102
3R	23414093	23414173	Deletion	80
3R	23414094	23414173	Deletion	79
3R	23414101	23414173	Deletion	72
3R	23414103	23414173	Deletion	70
3R	23414128	23414173	Deletion	45
3R	23417243	23414173	Deletion	3070
3R	23417243	23417291	Deletion	48
3R	23417243	23417290	Deletion	47
3R	23417243	23417300	Deletion	57
3R	23425973	23420608	Deletion	5365
3R	23440706	23440804	Deletion	98
3R	23441587	23440804	Deletion	783
3R	23441587	23441689	Deletion	102
3R	23449066	23449151	Deletion	85
3R	23449093	23449151	Deletion	58
3R	23449907	23449151	Deletion	756
3R	23449907	23449975	Deletion	68
3R	23454765	23454801	Deletion	36
3R	23457459	23454801	Deletion	2658
3R	23457459	23457549	Deletion	90
3R	23457459	23457561	Deletion	102
3R	23464868	23464913	Deletion	45
3R	23464872	23464913	Deletion	41
3R	23465285	23464913	Deletion	372
3R	23465285	23465404	Deletion	119
3R	23465285	23465342	Deletion	57
3R	23465285	23465367	Deletion	82
3R	23465285	23465388	Deletion	103
3R	23477443	23477542	Deletion	99
3R	23477469	23477542	Deletion	73
3R	23477472	23477542	Deletion	70
3R	23477476	23477542	Deletion	66
3R	23477852	23477542	Deletion	310
3R	23477852	23477905	Deletion	53
3R	23477852	23477951	Deletion	99
3R	23477852	23477908	Deletion	56
3R	23477852	23477912	Deletion	60
3R	23493550	23493622	Deletion	72
3R	23493580	23493622	Deletion	42
3R	23511446	23493622	Deletion	17824
3R	23511446	23511531	Deletion	85
3R	23511446	23511544	Deletion	98
3R	23521040	23521125	Deletion	85
3R	23521059	23521125	Deletion	66
3R	23521066	23521125	Deletion	59
3R	23521071	23521125	Deletion	54
3R	23521081	23521125	Deletion	44
3R	23521484	23521526	Deletion	42
3R	23521484	23521544	Deletion	60
3R	23521484	23521551	Deletion	67
3R	23521484	23521566	Deletion	82
3R	23521484	23521556	Deletion	72
3R	23531287	23526588	Deletion	4699
3R	23531287	23531409	Deletion	122
3R	23531287	23531405	Deletion	118
3R	23531287	23531378	Deletion	91
3R	23531287	23531400	Deletion	113
3R	23538798	23538900	Deletion	102
3R	23538861	23538900	Deletion	39
3R	23541722	23538900	Deletion	2822
3R	23541722	23541830	Deletion	108
3R	23541722	23541810	Deletion	88
3R	23546204	23546288	Deletion	84
3R	23546207	23546288	Deletion	81
3R	23546212	23546288	Deletion	76
3R	23546243	23546288	Deletion	45
3R	23550539	23546288	Deletion	4251
3R	23550539	23550621	Deletion	82
3R	23550539	23550585	Deletion	46
3R	23550539	23550582	Deletion	43
3R	23550995	23551092	Deletion	97
3R	23551019	23551092	Deletion	73
3R	23551042	23551092	Deletion	50
3R	23551054	23551092	Deletion	38
3R	23551461	23551092	Deletion	369
3R	23551461	23551491	Deletion	30
3R	23551461	23551578	Deletion	117
3R	23551461	23551582	Deletion	121
3R	23551461	23551567	Deletion	106
3R	23551461	23551515	Deletion	54
3R	23551461	23551538	Deletion	77
3R	23556796	23556883	Deletion	87
3R	23556808	23556883	Deletion	75
3R	23556843	23556883	Deletion	40
3R	23556851	23556883	Deletion	32
3R	23557501	23556883	Deletion	618
3R	23557501	23557587	Deletion	86
3R	23557501	23557540	Deletion	39
3R	23557501	23557552	Deletion	51
3R	23563958	23564062	Deletion	104
3R	23563965	23564062	Deletion	97
3R	23563971	23564062	Deletion	91
3R	23563973	23564062	Deletion	89
3R	23564005	23564062	Deletion	57
3R	23564018	23564062	Deletion	44
3R	23569382	23564062	Deletion	5320
3R	23569382	23569465	Deletion	83
3R	23569382	23569420	Deletion	38
3R	23569382	23569418	Deletion	36
3R	23569382	23569496	Deletion	114
3R	23569382	23569452	Deletion	70
3R	23615556	23608052	Deletion	7504
3R	23616298	23616389	Deletion	91
3R	23616318	23616389	Deletion	71
3R	23616320	23616389	Deletion	69
3R	23617007	23616389	Deletion	618
3R	23617007	23617130	Deletion	123
3R	23617007	23617042	Deletion	35
3R	23617007	23617064	Deletion	57
3R	23617007	23617062	Deletion	55
3R	23647707	23647798	Deletion	91
3R	23647727	23647798	Deletion	71
3R	23647736	23647798	Deletion	62
3R	23647745	23647798	Deletion	53
3R	23647758	23647798	Deletion	40
3R	23648521	23647798	Deletion	723
3R	23648521	23648594	Deletion	73
3R	23648521	23648607	Deletion	86
3R	23648521	23648626	Deletion	105
3R	23648521	23648623	Deletion	102
3R	23648521	23648576	Deletion	55
3R	23648521	23648585	Deletion	64
3R	23661420	23661458	Deletion	38
3R	23661425	23661458	Deletion	33
3R	23661426	23661458	Deletion	32
3R	23662148	23661458	Deletion	690
3R	23662148	23662248	Deletion	100
3R	23662148	23662241	Deletion	93
3R	23662148	23662242	Deletion	94
3R	23662148	23662236	Deletion	88
3R	23662148	23662231	Deletion	83
3R	23680443	23678889	Deletion	1554
3R	23680443	23680560	Deletion	117
3R	23680443	23680493	Deletion	50
3R	23680443	23680557	Deletion	114
3R	23719334	23719385	Deletion	51
3R	23719593	23719385	Deletion	208
3R	23719593	23719670	Deletion	77
3R	23719593	23719638	Deletion	45
3R	23719593	23719692	Deletion	99
3R	23723853	23723935	Deletion	82
3R	23723866	23723935	Deletion	69
3R	23723875	23723935	Deletion	60
3R	23723881	23723935	Deletion	54
3R	23724213	23723935	Deletion	278
3R	23724213	23724286	Deletion	73
3R	23724213	23724280	Deletion	67
3R	23724213	23724258	Deletion	45
3R	23724213	23724271	Deletion	58
3R	23786073	23785721	Deletion	352
3R	23786073	23786176	Deletion	103
3R	23786966	23787043	Deletion	77
3R	23786980	23787043	Deletion	63
3R	23786984	23787043	Deletion	59
3R	23794747	23787043	Deletion	7704
3R	23794747	23794814	Deletion	67
3R	23794747	23794810	Deletion	63
3R	23794767	23794796	Deletion	29
3R	23794791	23794889	Deletion	98
3R	23794797	23794889	Deletion	92
3R	23794802	23794889	Deletion	87
3R	23794817	23794889	Deletion	72
3R	23794831	23794889	Deletion	58
3R	23804592	23794889	Deletion	9703
3R	23804592	23804697	Deletion	105
3R	23804592	23804660	Deletion	68
3R	23804592	23804631	Deletion	39
3R	23804592	23804646	Deletion	54
3R	23804592	23804626	Deletion	34
3R	23804592	23804693	Deletion	101
3R	23805061	23805164	Deletion	103
3R	23805067	23805164	Deletion	97
3R	23805097	23805164	Deletion	67
3R	23805114	23805164	Deletion	50
3R	23806372	23806486	Deletion	114
3R	23806372	23806450	Deletion	78
3R	23806372	23806489	Deletion	117
3R	23806372	23806433	Deletion	61
3R	23826393	23826493	Deletion	100
3R	23826415	23826493	Deletion	78
3R	23826444	23826493	Deletion	49
3R	23826812	23826493	Deletion	319
3R	23826812	23826860	Deletion	48
3R	23826812	23826889	Deletion	77
3R	23831556	23831621	Deletion	65
3R	23831560	23831621	Deletion	61
3R	23831570	23831621	Deletion	51
3R	23833018	23831621	Deletion	1397
3R	23833018	23833120	Deletion	102
3R	23833018	23833081	Deletion	63
3R	23833018	23833095	Deletion	77
3R	23842768	23842864	Deletion	96
3R	23842781	23842864	Deletion	83
3R	23892136	23892252	Deletion	116
3R	23892149	23892252	Deletion	103
3R	23892158	23892252	Deletion	94
3R	23892159	23892252	Deletion	93
3R	23892175	23892252	Deletion	77
3R	23892177	23892252	Deletion	75
3R	23892182	23892252	Deletion	70
3R	23892184	23892252	Deletion	68
3R	23899720	23892252	Deletion	7468
3R	23899720	23899756	Deletion	36
3R	23899720	23899779	Deletion	59
3R	23899720	23899774	Deletion	54
3R	23899720	23899772	Deletion	52
3R	23899720	23899781	Deletion	61
3R	23899720	23899827	Deletion	107
3R	23909999	23910103	Deletion	104
3R	23910025	23910103	Deletion	78
3R	23910032	23910103	Deletion	71
3R	23910040	23910103	Deletion	63
3R	23911880	23910103	Deletion	1777
3R	23911880	23911998	Deletion	118
3R	23911880	23911931	Deletion	51
3R	23911880	23911938	Deletion	58
3R	23912871	23912986	Deletion	115
3R	23912894	23912986	Deletion	92
3R	23912895	23912986	Deletion	91
3R	23912911	23912986	Deletion	75
3R	23912913	23912986	Deletion	73
3R	23912926	23912986	Deletion	60
3R	23912928	23912986	Deletion	58
3R	23912935	23912986	Deletion	51
3R	23914469	23912986	Deletion	1483
3R	23914469	23914546	Deletion	77
3R	23914469	23914580	Deletion	111
3R	23914469	23914505	Deletion	36
3R	23914469	23914522	Deletion	53
3R	23914469	23914524	Deletion	55
3R	23914469	23914537	Deletion	68
3R	23914469	23914539	Deletion	70
3R	23926808	23926898	Deletion	90
3R	23926846	23926898	Deletion	52
3R	23926855	23926898	Deletion	43
3R	23934588	23926898	Deletion	7690
3R	23934588	23934624	Deletion	36
3R	23934588	23934697	Deletion	109
3R	23934588	23934685	Deletion	97
3R	23934588	23934662	Deletion	74
3R	23976949	23977044	Deletion	95
3R	23976976	23977044	Deletion	68
3R	23976977	23977044	Deletion	67
3R	23977177	23977044	Deletion	133
3R	23977177	23977291	Deletion	114
3R	23977177	23977236	Deletion	59
3R	23977177	23977298	Deletion	121
3R	23977177	23977235	Deletion	58
3R	23987435	23987486	Deletion	51
3R	23987437	23987486	Deletion	49
3R	24005057	23987486	Deletion	17571
3R	24005057	24005135	Deletion	78
3R	24005057	24005123	Deletion	66
3R	24005057	24005167	Deletion	110
3R	24008148	24008219	Deletion	71
3R	24014369	24008219	Deletion	6150
3R	24014369	24014416	Deletion	47
3R	24014369	24014424	Deletion	55
3R	24014369	24014474	Deletion	105
3R	24020755	24020866	Deletion	111
3R	24020763	24020866	Deletion	103
3R	24020765	24020866	Deletion	101
3R	24020777	24020866	Deletion	89
3R	24020781	24020866	Deletion	85
3R	24020826	24020866	Deletion	40
3R	24023213	24020866	Deletion	2347
3R	24023213	24023323	Deletion	110
3R	24023213	24023261	Deletion	48
3R	24023213	24023257	Deletion	44
3R	24023213	24023246	Deletion	33
3R	24023213	24023243	Deletion	30
3R	24033679	24033795	Deletion	116
3R	24033705	24033795	Deletion	90
3R	24033714	24033795	Deletion	81
3R	24033720	24033795	Deletion	75
3R	24033754	24033795	Deletion	41
3R	24033764	24033795	Deletion	31
3R	24033846	24033795	Deletion	51
3R	24033846	24033891	Deletion	45
3R	24033846	24033941	Deletion	95
3R	24033846	24033897	Deletion	51
3R	24033846	24033882	Deletion	36
3R	24037979	24038055	Deletion	76
3R	24037981	24038056	Deletion	75
3R	24038001	24038055	Deletion	54
3R	24038011	24038055	Deletion	44
3R	24038199	24038055	Deletion	144
3R	24038199	24038274	Deletion	75
3R	24038199	24038254	Deletion	55
3R	24038199	24038299	Deletion	100
3R	24038199	24038284	Deletion	85
3R	24038199	24038314	Deletion	115
3R	24038203	24038308	Deletion	105
3R	24050372	24050473	Deletion	101
3R	24050392	24050473	Deletion	81
3R	24050414	24050473	Deletion	59
3R	24050628	24050473	Deletion	155
3R	24050628	24050695	Deletion	67
3R	24050628	24050673	Deletion	45
3R	24052230	24052326	Deletion	96
3R	24052412	24052326	Deletion	86
3R	24052519	24052628	Deletion	109
3R	24052591	24052628	Deletion	37
3R	24052596	24052628	Deletion	32
3R	24070351	24052628	Deletion	17723
3R	24070351	24070440	Deletion	89
3R	24083526	24083562	Deletion	36
3R	24083526	24083569	Deletion	43
3R	24083526	24083592	Deletion	66
3R	24083526	24083595	Deletion	69
3R	24089149	24089253	Deletion	104
3R	24089152	24089253	Deletion	101
3R	24089180	24089253	Deletion	73
3R	24089211	24089253	Deletion	42
3R	24089306	24089253	Deletion	53
3R	24089306	24089361	Deletion	55
3R	24089306	24089392	Deletion	86
3R	24089306	24089390	Deletion	84
3R	24093914	24094003	Deletion	89
3R	24093918	24094003	Deletion	85
3R	24093926	24094003	Deletion	77
3R	24093940	24094000	Deletion	60
3R	24093945	24094000	Deletion	55
3R	24093972	24094003	Deletion	31
3R	24107671	24094003	Deletion	13668
3R	24107671	24107735	Deletion	64
3R	24107671	24107740	Deletion	69
3R	24107671	24107783	Deletion	112
3R	24107671	24107709	Deletion	38
3R	24107671	24107767	Deletion	96
3R	24107671	24107703	Deletion	32
3R	24107671	24107713	Deletion	42
3R	24113813	24113861	Deletion	48
3R	24113910	24113861	Deletion	49
3R	24113910	24114009	Deletion	99
3R	24113910	24113987	Deletion	77
3R	24113910	24113990	Deletion	80
3R	24113910	24113943	Deletion	33
3R	24113910	24114014	Deletion	104
3R	24124546	24124637	Deletion	91
3R	24124551	24124637	Deletion	86
3R	24124588	24124637	Deletion	49
3R	24125006	24125046	Deletion	40
3R	24125006	24125083	Deletion	77
3R	24130588	24130705	Deletion	117
3R	24130594	24130705	Deletion	111
3R	24130595	24130705	Deletion	110
3R	24130603	24130705	Deletion	102
3R	24152427	24130705	Deletion	21722
3R	24152427	24152541	Deletion	114
3R	24160612	24160695	Deletion	83
3R	24160624	24160695	Deletion	71
3R	24161704	24160695	Deletion	1009
3R	24161704	24161738	Deletion	34
3R	24161704	24161747	Deletion	43
3R	24176427	24176526	Deletion	99
3R	24176428	24176526	Deletion	98
3R	24176460	24176526	Deletion	66
3R	24176462	24176526	Deletion	64
3R	24176468	24176526	Deletion	58
3R	24180713	24180781	Deletion	68
3R	24185978	24186057	Deletion	79
3R	24186011	24186057	Deletion	46
3R	24188775	24186057	Deletion	2718
3R	24188775	24188899	Deletion	124
3R	24188775	24188805	Deletion	30
3R	24188775	24188822	Deletion	47
3R	24202153	24202224	Deletion	71
3R	24202164	24202224	Deletion	60
3R	24202165	24202224	Deletion	59
3R	24202168	24202224	Deletion	56
3R	24202186	24202224	Deletion	38
3R	24202614	24202224	Deletion	390
3R	24202614	24202683	Deletion	69
3R	24202614	24202682	Deletion	68
3R	24202614	24202704	Deletion	90
3R	24202614	24202670	Deletion	56
3R	24202614	24202671	Deletion	57
3R	24219148	24219195	Deletion	47
3R	24219161	24219195	Deletion	34
3R	24219163	24219195	Deletion	32
3R	24226780	24219195	Deletion	7585
3R	24226780	24226859	Deletion	79
3R	24226780	24226874	Deletion	94
3R	24231819	24231885	Deletion	66
3R	24234016	24231885	Deletion	2131
3R	24234016	24234061	Deletion	45
3R	24234016	24234121	Deletion	105
3R	24253565	24253657	Deletion	92
3R	24253567	24253657	Deletion	90
3R	24253605	24253657	Deletion	52
3R	24253609	24253657	Deletion	48
3R	24260053	24253657	Deletion	6396
3R	24260053	24260090	Deletion	37
3R	24260053	24260132	Deletion	79
3R	24260053	24260128	Deletion	75
3R	24260053	24260088	Deletion	35
3R	24275968	24276076	Deletion	108
3R	24275970	24276076	Deletion	106
3R	24276013	24276076	Deletion	63
3R	24276014	24276076	Deletion	62
3R	24276026	24276076	Deletion	50
3R	24276032	24276076	Deletion	44
3R	24276038	24276076	Deletion	38
3R	24276043	24276076	Deletion	33
3R	24276490	24276076	Deletion	414
3R	24276490	24276567	Deletion	77
3R	24276490	24276555	Deletion	65
3R	24276490	24276612	Deletion	122
3R	24276490	24276579	Deletion	89
3R	24276490	24276573	Deletion	83
3R	24276490	24276584	Deletion	94
3R	24310018	24310075	Deletion	57
3R	24310026	24310075	Deletion	49
3R	24310034	24310075	Deletion	41
3R	24310044	24310075	Deletion	31
3R	24310755	24310075	Deletion	680
3R	24310755	24310850	Deletion	95
3R	24310755	24310832	Deletion	77
3R	24310755	24310840	Deletion	85
3R	24318026	24318090	Deletion	64
3R	24318040	24318090	Deletion	50
3R	24318769	24318090	Deletion	679
3R	24318769	24318832	Deletion	63
3R	24318769	24318846	Deletion	77
3R	24318769	24318874	Deletion	105
3R	24318769	24318883	Deletion	114
3R	24333261	24333369	Deletion	108
3R	24333284	24333369	Deletion	85
3R	24333302	24333369	Deletion	67
3R	24333311	24333369	Deletion	58
3R	24333332	24333369	Deletion	37
3R	24334435	24333369	Deletion	1066
3R	24334435	24334476	Deletion	41
3R	24334435	24334494	Deletion	59
3R	24334435	24334549	Deletion	114
3R	24334435	24334540	Deletion	105
3R	24334435	24334503	Deletion	68
3R	24334435	24334524	Deletion	89
3R	24338240	24338335	Deletion	95
3R	24338246	24338335	Deletion	89
3R	24338269	24338335	Deletion	66
3R	24338679	24338335	Deletion	344
3R	24338679	24338789	Deletion	110
3R	24338679	24338718	Deletion	39
3R	24338679	24338712	Deletion	33
3R	24339775	24339898	Deletion	123
3R	24339807	24339898	Deletion	91
3R	24339831	24339898	Deletion	67
3R	24339849	24339898	Deletion	49
3R	24339853	24339898	Deletion	45
3R	24339855	24339898	Deletion	43
3R	24339859	24339898	Deletion	39
3R	24339861	24339898	Deletion	37
3R	24343149	24339898	Deletion	3251
3R	24343149	24343232	Deletion	83
3R	24343149	24343208	Deletion	59
3R	24343149	24343226	Deletion	77
3R	24343149	24343230	Deletion	81
3R	24343149	24343248	Deletion	99
3R	24343149	24343236	Deletion	87
3R	24343149	24343184	Deletion	35
3R	24343149	24343251	Deletion	102
3R	24353775	24353835	Deletion	60
3R	24353795	24353835	Deletion	40
3R	24354671	24353835	Deletion	836
3R	24354671	24354703	Deletion	32
3R	24354671	24354757	Deletion	86
3R	24368483	24368581	Deletion	98
3R	24368488	24368585	Deletion	97
3R	24368516	24368585	Deletion	69
3R	24368527	24368585	Deletion	58
3R	24370557	24368585	Deletion	1972
3R	24370557	24370626	Deletion	69
3R	24370557	24370587	Deletion	30
3R	24370557	24370658	Deletion	101
3R	24385741	24385798	Deletion	57
3R	24385763	24385798	Deletion	35
3R	24385918	24385987	Deletion	69
3R	24385918	24386034	Deletion	116
3R	24390478	24390576	Deletion	98
3R	24390517	24390576	Deletion	59
3R	24390530	24390576	Deletion	46
3R	24390532	24390576	Deletion	44
3R	24390534	24390576	Deletion	42
3R	24403580	24390576	Deletion	13004
3R	24403580	24403664	Deletion	84
3R	24403580	24403647	Deletion	67
3R	24403580	24403683	Deletion	103
3R	24403580	24403662	Deletion	82
3R	24409365	24409435	Deletion	70
3R	24413516	24409435	Deletion	4081
3R	24413516	24413639	Deletion	123
3R	24413516	24413622	Deletion	106
3R	24413516	24413617	Deletion	101
3R	24413516	24413572	Deletion	56
3R	24468445	24468547	Deletion	102
3R	24468456	24468547	Deletion	91
3R	24468480	24468547	Deletion	67
3R	24468491	24468547	Deletion	56
3R	24468493	24468547	Deletion	54
3R	24468511	24468547	Deletion	36
3R	24475820	24468547	Deletion	7273
3R	24475820	24475929	Deletion	109
3R	24475820	24475890	Deletion	70
3R	24475820	24475910	Deletion	90
3R	24475820	24475943	Deletion	123
3R	24475820	24475855	Deletion	35
3R	24475820	24475892	Deletion	72
3R	24475820	24475879	Deletion	59
3R	24483586	24483655	Deletion	69
3R	24483588	24483655	Deletion	67
3R	24483593	24483655	Deletion	62
3R	24483599	24483655	Deletion	56
3R	24483604	24483655	Deletion	51
3R	24487804	24483655	Deletion	4149
3R	24487804	24487903	Deletion	99
3R	24487804	24487924	Deletion	120
3R	24487804	24487863	Deletion	59
3R	24487804	24487868	Deletion	64
3R	24487804	24487879	Deletion	75
3R	24487804	24487861	Deletion	57
3R	24505894	24505981	Deletion	87
3R	24505925	24505981	Deletion	56
3R	24505927	24505981	Deletion	54
3R	24506776	24505981	Deletion	795
3R	24506776	24506880	Deletion	104
3R	24506776	24506881	Deletion	105
3R	24506776	24506848	Deletion	72
3R	24506781	24506815	Deletion	34
3R	24508971	24509065	Deletion	94
3R	24508978	24509067	Deletion	89
3R	24508993	24509067	Deletion	74
3R	24509004	24509067	Deletion	63
3R	24528183	24528247	Deletion	64
3R	24528183	24528236	Deletion	53
3R	24528183	24528290	Deletion	107
3R	24528183	24528214	Deletion	31
3R	24567058	24567095	Deletion	37
3R	24567516	24567095	Deletion	421
3R	24571582	24571674	Deletion	92
3R	24571607	24571674	Deletion	67
3R	24571616	24571674	Deletion	58
3R	24571638	24571674	Deletion	36
3R	24571643	24571674	Deletion	31
3R	24571644	24571674	Deletion	30
3R	24576017	24571674	Deletion	4343
3R	24576017	24576087	Deletion	70
3R	24576017	24576053	Deletion	36
3R	24576017	24576109	Deletion	92
3R	24576017	24576115	Deletion	98
3R	24576017	24576118	Deletion	101
3R	24576017	24576114	Deletion	97
3R	24584329	24584398	Deletion	69
3R	24584350	24584398	Deletion	48
3R	24584356	24584398	Deletion	42
3R	24584362	24584398	Deletion	36
3R	24593897	24584398	Deletion	9499
3R	24593897	24593988	Deletion	91
3R	24593897	24593976	Deletion	79
3R	24593897	24593955	Deletion	58
3R	24593897	24593982	Deletion	85
3R	24593897	24593942	Deletion	45
3R	24599148	24599226	Deletion	78
3R	24599187	24599226	Deletion	39
3R	24604863	24599226	Deletion	5637
3R	24604863	24604950	Deletion	87
3R	24604863	24604893	Deletion	30
3R	24607133	24605303	Deletion	1830
3R	24607133	24607223	Deletion	90
3R	24609538	24609620	Deletion	82
3R	24609562	24609620	Deletion	58
3R	24609570	24609620	Deletion	50
3R	24610519	24609620	Deletion	899
3R	24610519	24610588	Deletion	69
3R	24610519	24610564	Deletion	45
3R	24659076	24659135	Deletion	59
3R	24659085	24659135	Deletion	50
3R	24665384	24659135	Deletion	6249
3R	24665384	24665429	Deletion	45
3R	24665384	24665452	Deletion	68
3R	24691037	24691152	Deletion	115
3R	24691054	24691152	Deletion	98
3R	24691082	24691152	Deletion	70
3R	24691092	24691152	Deletion	60
3R	24691099	24691152	Deletion	53
3R	24691110	24691152	Deletion	42
3R	24691114	24691152	Deletion	38
3R	24693415	24691152	Deletion	2263
3R	24693415	24693483	Deletion	68
3R	24693415	24693490	Deletion	75
3R	24693415	24693531	Deletion	116
3R	24693415	24693535	Deletion	120
3R	24693415	24693446	Deletion	31
3R	24693415	24693501	Deletion	86
3R	24693415	24693473	Deletion	58
3R	24708266	24708353	Deletion	87
3R	24708267	24708353	Deletion	86
3R	24708283	24708353	Deletion	70
3R	24708284	24708353	Deletion	69
3R	24708306	24708353	Deletion	47
3R	24708310	24708353	Deletion	43
3R	24708312	24708353	Deletion	41
3R	24711119	24708353	Deletion	2766
3R	24711119	24711176	Deletion	57
3R	24711119	24711160	Deletion	41
3R	24711119	24711159	Deletion	40
3R	24711119	24711205	Deletion	86
3R	24711119	24711157	Deletion	38
3R	24711119	24711177	Deletion	58
3R	24711119	24711199	Deletion	80
3R	24716338	24716394	Deletion	56
3R	24716348	24716394	Deletion	46
3R	24716349	24716394	Deletion	45
3R	24716352	24716394	Deletion	42
3R	24716582	24716394	Deletion	188
3R	24716582	24716663	Deletion	81
3R	24716582	24716685	Deletion	103
3R	24716582	24716652	Deletion	70
3R	24716586	24716666	Deletion	80
3R	24731443	24731524	Deletion	81
3R	24761649	24761704	Deletion	55
3R	24762374	24761704	Deletion	670
3R	24762374	24762445	Deletion	71
3R	24762374	24762408	Deletion	34
3R	24777594	24777679	Deletion	85
3R	24777612	24777679	Deletion	67
3R	24777623	24777679	Deletion	56
3R	24792466	24777679	Deletion	14787
3R	24792466	24792509	Deletion	43
3R	24792466	24792581	Deletion	115
3R	24792466	24792571	Deletion	105
3R	24792466	24792501	Deletion	35
3R	24792466	24792527	Deletion	61
3R	24795454	24795554	Deletion	100
3R	24795455	24795554	Deletion	99
3R	24795469	24795554	Deletion	85
3R	24795719	24795554	Deletion	165
3R	24806423	24806495	Deletion	72
3R	24806430	24806495	Deletion	65
3R	24806432	24806495	Deletion	63
3R	24806443	24806495	Deletion	52
3R	24806611	24806495	Deletion	116
3R	24806611	24806674	Deletion	63
3R	24806611	24806676	Deletion	65
3R	24806611	24806687	Deletion	76
3R	24806611	24806714	Deletion	103
3R	24814963	24815077	Deletion	114
3R	24814965	24815077	Deletion	112
3R	24815006	24815077	Deletion	71
3R	24821545	24815077	Deletion	6468
3R	24821545	24821600	Deletion	55
3R	24833873	24833912	Deletion	39
3R	24834084	24833912	Deletion	172
3R	24834084	24834200	Deletion	116
3R	24834084	24834173	Deletion	89
3R	24843780	24843850	Deletion	70
3R	24843790	24843850	Deletion	60
3R	24843817	24843850	Deletion	33
3R	24850295	24843850	Deletion	6445
3R	24850295	24850354	Deletion	59
3R	24850295	24850364	Deletion	69
3R	24853084	24853202	Deletion	118
3R	24853095	24853202	Deletion	107
3R	24853110	24853202	Deletion	92
3R	24853150	24853202	Deletion	52
3R	24853172	24853202	Deletion	30
3R	24856927	24853202	Deletion	3725
3R	24856927	24857023	Deletion	96
3R	24856927	24857001	Deletion	74
3R	24856927	24857029	Deletion	102
3R	24863902	24863987	Deletion	85
3R	24863920	24863987	Deletion	67
3R	24863925	24863987	Deletion	62
3R	24863948	24863987	Deletion	39
3R	24869624	24863987	Deletion	5637
3R	24869624	24869665	Deletion	41
3R	24869624	24869711	Deletion	87
3R	24869624	24869732	Deletion	108
3R	24869624	24869729	Deletion	105
3R	24869624	24869683	Deletion	59
3R	24890235	24890330	Deletion	95
3R	24890254	24890330	Deletion	76
3R	24890263	24890330	Deletion	67
3R	24890274	24890330	Deletion	56
3R	24890287	24890330	Deletion	43
3R	24895271	24890330	Deletion	4941
3R	24895271	24895322	Deletion	51
3R	24895271	24895342	Deletion	71
3R	24895271	24895374	Deletion	103
3R	24895271	24895331	Deletion	60
3R	24895271	24895303	Deletion	32
3R	24908453	24908549	Deletion	96
3R	24908490	24908549	Deletion	59
3R	24908504	24908549	Deletion	45
3R	24914847	24908549	Deletion	6298
3R	24915109	24914877	Deletion	232
3R	24915109	24915190	Deletion	81
3R	24915109	24915176	Deletion	67
3R	24915426	24915504	Deletion	78
3R	24915435	24915504	Deletion	69
3R	24915444	24915504	Deletion	60
3R	24915446	24915504	Deletion	58
3R	24916472	24915504	Deletion	968
3R	24916472	24916530	Deletion	58
3R	24916472	24916588	Deletion	116
3R	24916472	24916521	Deletion	49
3R	24916472	24916539	Deletion	67
3R	24932218	24932258	Deletion	40
3R	24932218	24932296	Deletion	78
3R	24932218	24932304	Deletion	86
3R	24932218	24932324	Deletion	106
3R	24932218	24932251	Deletion	33
3R	24932218	24932260	Deletion	42
3R	24932890	24932994	Deletion	104
3R	24932900	24932994	Deletion	94
3R	24932902	24932994	Deletion	92
3R	24932953	24932994	Deletion	41
3R	24935974	24932994	Deletion	2980
3R	24935974	24936009	Deletion	35
3R	24935974	24936075	Deletion	101
3R	24935974	24936093	Deletion	119
3R	24935974	24936087	Deletion	113
3R	24943418	24943526	Deletion	108
3R	24943421	24943526	Deletion	105
3R	24943438	24943526	Deletion	88
3R	24943439	24943526	Deletion	87
3R	24943470	24943526	Deletion	56
3R	24943674	24943526	Deletion	148
3R	24943677	24943710	Deletion	33
3R	24945377	24943710	Deletion	1667
3R	24945377	24945477	Deletion	100
3R	24945377	24945481	Deletion	104
3R	24945377	24945487	Deletion	110
3R	24945377	24945479	Deletion	102
3R	24945377	24945471	Deletion	94
3R	24945377	24945478	Deletion	101
3R	24977449	24977558	Deletion	109
3R	24977457	24977558	Deletion	101
3R	24977474	24977558	Deletion	84
3R	24977481	24977558	Deletion	77
3R	24977486	24977558	Deletion	72
3R	24977495	24977558	Deletion	63
3R	24977506	24977558	Deletion	52
3R	24987710	24977558	Deletion	10152
3R	24987710	24987834	Deletion	124
3R	24987710	24987764	Deletion	54
3R	24987710	24987759	Deletion	49
3R	24987710	24987784	Deletion	74
3R	24987710	24987752	Deletion	42
3R	24987710	24987773	Deletion	63
3R	24988854	24988971	Deletion	117
3R	24988863	24988971	Deletion	108
3R	24988867	24988971	Deletion	104
3R	24988941	24988971	Deletion	30
3R	24992926	24988971	Deletion	3955
3R	24992926	24993022	Deletion	96
3R	25020425	25020523	Deletion	98
3R	25020429	25020523	Deletion	94
3R	25020447	25020523	Deletion	76
3R	25020468	25020523	Deletion	55
3R	25020478	25020523	Deletion	45
3R	25020575	25020523	Deletion	52
3R	25020575	25020608	Deletion	33
3R	25020575	25020647	Deletion	72
3R	25020575	25020674	Deletion	99
3R	25020575	25020626	Deletion	51
3R	25031863	25031980	Deletion	117
3R	25031868	25031980	Deletion	112
3R	25031940	25031980	Deletion	40
3R	25032967	25031980	Deletion	987
3R	25070991	25071082	Deletion	91
3R	25071051	25071082	Deletion	31
3R	25072809	25071082	Deletion	1727
3R	25072809	25072928	Deletion	119
3R	25072809	25072916	Deletion	107
3R	25072809	25072917	Deletion	108
3R	25072809	25072845	Deletion	36
3R	25096341	25096426	Deletion	85
3R	25096349	25096426	Deletion	77
3R	25096353	25096426	Deletion	73
3R	25096362	25096426	Deletion	64
3R	25097441	25096426	Deletion	1015
3R	25097441	25097491	Deletion	50
3R	25097441	25097504	Deletion	63
3R	25097441	25097495	Deletion	54
3R	25097441	25097483	Deletion	42
3R	25147488	25147566	Deletion	78
3R	25147514	25147566	Deletion	52
3R	25147522	25147566	Deletion	44
3R	25147528	25147566	Deletion	38
3R	25147798	25147566	Deletion	232
3R	25147798	25147886	Deletion	88
3R	25147798	25147917	Deletion	119
3R	25147798	25147846	Deletion	48
3R	25147798	25147872	Deletion	74
3R	25176276	25176387	Deletion	111
3R	25176331	25176387	Deletion	56
3R	25176333	25176387	Deletion	54
3R	25195523	25176387	Deletion	19136
3R	25195523	25195637	Deletion	114
3R	25195523	25195595	Deletion	72
3R	25195523	25195641	Deletion	118
3R	25197270	25197339	Deletion	69
3R	25197293	25197339	Deletion	46
3R	25210045	25197339	Deletion	12706
3R	25210045	25210092	Deletion	47
3R	25210045	25210102	Deletion	57
3R	25210045	25210125	Deletion	80
3R	25225411	25225510	Deletion	99
3R	25225424	25225510	Deletion	86
3R	25225429	25225510	Deletion	81
3R	25225458	25225510	Deletion	52
3R	25225474	25225510	Deletion	36
3R	25225870	25225510	Deletion	360
3R	25225870	25225911	Deletion	41
3R	25225870	25225977	Deletion	107
3R	25225870	25225970	Deletion	100
3R	25225870	25225945	Deletion	75
3R	25225870	25225961	Deletion	91
3R	25225938	25226042	Deletion	104
3R	25225944	25226042	Deletion	98
3R	25225982	25226042	Deletion	60
3R	25228417	25226042	Deletion	2375
3R	25242765	25242818	Deletion	53
3R	25242772	25242818	Deletion	46
3R	25242774	25242818	Deletion	44
3R	25242781	25242818	Deletion	37
3R	25242783	25242818	Deletion	35
3R	25243868	25242818	Deletion	1050
3R	25243868	25243978	Deletion	110
3R	25243868	25243959	Deletion	91
3R	25243868	25243952	Deletion	84
3R	25243868	25243981	Deletion	113
3R	25243868	25243950	Deletion	82
3R	25243868	25243901	Deletion	33
3R	25243868	25243961	Deletion	93
3R	25264817	25264928	Deletion	111
3R	25264821	25264928	Deletion	107
3R	25264838	25264928	Deletion	90
3R	25270319	25264928	Deletion	5391
3R	25277465	25277497	Deletion	32
3R	25278602	25277497	Deletion	1105
3R	25278602	25278697	Deletion	95
3R	25279565	25279626	Deletion	61
3R	25279576	25279626	Deletion	50
3R	25279577	25279626	Deletion	49
3R	25291738	25279626	Deletion	12112
3R	25291738	25291858	Deletion	120
3R	25291738	25291804	Deletion	66
3R	25291738	25291815	Deletion	77
3R	25339142	25338476	Deletion	666
3R	25386384	25386303	Deletion	81
3R	25386384	25386479	Deletion	95
3R	25390122	25390218	Deletion	96
3R	25390126	25390218	Deletion	92
3R	25396407	25390218	Deletion	6189
3R	25396407	25396437	Deletion	30
3R	25396407	25396441	Deletion	34
3R	25406805	25406867	Deletion	62
3R	25406825	25406867	Deletion	42
3R	25407155	25406867	Deletion	288
3R	25407155	25407253	Deletion	98
3R	25407155	25407239	Deletion	84
3R	25407155	25407219	Deletion	64
3R	25439491	25439583	Deletion	92
3R	25439500	25439584	Deletion	84
3R	25440055	25439584	Deletion	471
3R	25440055	25440097	Deletion	42
3R	25440055	25440165	Deletion	110
3R	25445761	25442262	Deletion	3499
3R	25445761	25445876	Deletion	115
3R	25446334	25446454	Deletion	120
3R	25446398	25446454	Deletion	56
3R	25447377	25446454	Deletion	923
3R	25447377	25447448	Deletion	71
3R	25449663	25449770	Deletion	107
3R	25449684	25449770	Deletion	86
3R	25450140	25449770	Deletion	370
3R	25468692	25468745	Deletion	53
3R	25468711	25468745	Deletion	34
3R	25476676	25468745	Deletion	7931
3R	25476676	25476775	Deletion	99
3R	25476676	25476768	Deletion	92
3R	25476676	25476749	Deletion	73
3R	25476676	25476781	Deletion	105
3R	25487646	25487753	Deletion	107
3R	25487649	25487753	Deletion	104
3R	25487653	25487753	Deletion	100
3R	25487717	25487753	Deletion	36
3R	25490841	25487753	Deletion	3088
3R	25490841	25490932	Deletion	91
3R	25492425	25492500	Deletion	75
3R	25492928	25492500	Deletion	428
3R	25492928	25492961	Deletion	33
3R	25492928	25492979	Deletion	51
3R	25504029	25504139	Deletion	110
3R	25504049	25504139	Deletion	90
3R	25504064	25504139	Deletion	75
3R	25504080	25504139	Deletion	59
3R	25505260	25505374	Deletion	114
3R	25505260	25505312	Deletion	52
3R	25505260	25505297	Deletion	37
3R	25505260	25505328	Deletion	68
3R	25505260	25505380	Deletion	120
3R	25510968	25511071	Deletion	103
3R	25510985	25511071	Deletion	86
3R	25510996	25511071	Deletion	75
3R	25511003	25511071	Deletion	68
3R	25511017	25511071	Deletion	54
3R	25511024	25511071	Deletion	47
3R	25511026	25511071	Deletion	45
3R	25511029	25511071	Deletion	42
3R	25512503	25511071	Deletion	1432
3R	25512503	25512561	Deletion	58
3R	25512503	25512582	Deletion	79
3R	25512503	25512584	Deletion	81
3R	25512503	25512554	Deletion	51
3R	25512503	25512543	Deletion	40
3R	25512503	25512575	Deletion	72
3R	25528696	25528804	Deletion	108
3R	25528725	25528804	Deletion	79
3R	25528741	25528804	Deletion	63
3R	25528762	25528804	Deletion	42
3R	25542031	25542116	Deletion	85
3R	25542031	25542135	Deletion	104
3R	25542031	25542079	Deletion	48
3R	25550306	25550363	Deletion	57
3R	25550322	25550363	Deletion	41
3R	25550326	25550363	Deletion	37
3R	25561131	25550363	Deletion	10768
3R	25561131	25561220	Deletion	89
3R	25561131	25561163	Deletion	32
3R	25561131	25561251	Deletion	120
3R	25561131	25561216	Deletion	85
3R	25567956	25568058	Deletion	102
3R	25567981	25568058	Deletion	77
3R	25567998	25568058	Deletion	60
3R	25568006	25568058	Deletion	52
3R	25568016	25568058	Deletion	42
3R	25574139	25568058	Deletion	6081
3R	25574139	25574259	Deletion	120
3R	25574139	25574188	Deletion	49
3R	25574139	25574213	Deletion	74
3R	25574554	25574652	Deletion	98
3R	25574576	25574652	Deletion	76
3R	25574585	25574652	Deletion	67
3R	25575054	25574652	Deletion	402
3R	25575054	25575114	Deletion	60
3R	25584648	25584737	Deletion	89
3R	25584649	25584737	Deletion	88
3R	25584670	25584737	Deletion	67
3R	25584691	25584737	Deletion	46
3R	25584696	25584737	Deletion	41
3R	25584704	25584737	Deletion	33
3R	25584706	25584737	Deletion	31
3R	25611799	25584737	Deletion	27062
3R	25611799	25611836	Deletion	37
3R	25611799	25611837	Deletion	38
3R	25611799	25611858	Deletion	59
3R	25611799	25611913	Deletion	114
3R	25611799	25611894	Deletion	95
3R	25611799	25611879	Deletion	80
3R	25611799	25611884	Deletion	85
3R	25611799	25611899	Deletion	100
3R	25611799	25611892	Deletion	93
3R	25613863	25613965	Deletion	102
3R	25613879	25613965	Deletion	86
3R	25613904	25613965	Deletion	61
3R	25613911	25613965	Deletion	54
3R	25617584	25613965	Deletion	3619
3R	25617584	25617626	Deletion	42
3R	25617584	25617687	Deletion	103
3R	25617584	25617651	Deletion	67
3R	25631350	25631451	Deletion	101
3R	25631353	25631451	Deletion	98
3R	25631379	25631451	Deletion	72
3R	25631385	25631451	Deletion	66
3R	25631396	25631451	Deletion	55
3R	25640721	25631451	Deletion	9270
3R	25640721	25640827	Deletion	106
3R	25640721	25640841	Deletion	120
3R	25640721	25640778	Deletion	57
3R	25640721	25640752	Deletion	31
3R	25640721	25640795	Deletion	74
3R	25658181	25658284	Deletion	103
3R	25658189	25658284	Deletion	95
3R	25658192	25658284	Deletion	92
3R	25658207	25658284	Deletion	77
3R	25658213	25658284	Deletion	71
3R	25658251	25658284	Deletion	33
3R	25658723	25658284	Deletion	439
3R	25658723	25658816	Deletion	93
3R	25658723	25658835	Deletion	112
3R	25658723	25658778	Deletion	55
3R	25658723	25658772	Deletion	49
3R	25658723	25658831	Deletion	108
3R	25658723	25658822	Deletion	99
3R	25658723	25658757	Deletion	34
3R	25691472	25691562	Deletion	90
3R	25691482	25691562	Deletion	80
3R	25691497	25691562	Deletion	65
3R	25691498	25691562	Deletion	64
3R	25691520	25691562	Deletion	42
3R	25703860	25703922	Deletion	62
3R	25703860	25703921	Deletion	61
3R	25703860	25703906	Deletion	46
3R	25703860	25703896	Deletion	36
3R	25703860	25703968	Deletion	108
3R	25723860	25704031	Deletion	19829
3R	25723860	25723979	Deletion	119
3R	25731629	25731681	Deletion	52
3R	25746246	25746334	Deletion	88
3R	25746267	25746334	Deletion	67
3R	25746299	25746334	Deletion	35
3R	25746302	25746334	Deletion	32
3R	25750533	25746334	Deletion	4199
3R	25750533	25750571	Deletion	38
3R	25750533	25750624	Deletion	91
3R	25750533	25750592	Deletion	59
3R	25750533	25750632	Deletion	99
3R	25750533	25750569	Deletion	36
3R	25750533	25750638	Deletion	105
3R	25768511	25768630	Deletion	119
3R	25768523	25768630	Deletion	107
3R	25768539	25768630	Deletion	91
3R	25768589	25768630	Deletion	41
3R	25768681	25768630	Deletion	51
3R	25768681	25768716	Deletion	35
3R	25828441	25828537	Deletion	96
3R	25828457	25828537	Deletion	80
3R	25828459	25828537	Deletion	78
3R	25828460	25828537	Deletion	77
3R	25828507	25828537	Deletion	30
3R	25829327	25828537	Deletion	790
3R	25829327	25829436	Deletion	109
3R	25829327	25829373	Deletion	46
3R	25829327	25829375	Deletion	48
3R	25829327	25829426	Deletion	99
3R	25829327	25829376	Deletion	49
3R	25829327	25829357	Deletion	30
3R	25870869	25870970	Deletion	101
3R	25870872	25870970	Deletion	98
3R	25870889	25870970	Deletion	81
3R	25870906	25870970	Deletion	64
3R	25870928	25870970	Deletion	42
3R	25872753	25870970	Deletion	1783
3R	25872753	25872799	Deletion	46
3R	25872753	25872808	Deletion	55
3R	25872753	25872863	Deletion	110
3R	25872753	25872856	Deletion	103
3R	25872753	25872838	Deletion	85
3R	25872753	25872865	Deletion	112
3R	25877371	25877477	Deletion	106
3R	25877373	25877477	Deletion	104
3R	25877374	25877474	Deletion	100
3R	25877386	25877477	Deletion	91
3R	25877413	25877477	Deletion	64
3R	25877441	25877477	Deletion	36
3R	25877444	25877477	Deletion	33
3R	25882666	25877477	Deletion	5189
3R	25882666	25882729	Deletion	63
3R	25882666	25882780	Deletion	114
3R	25882666	25882702	Deletion	36
3R	25882666	25882760	Deletion	94
3R	25882666	25882757	Deletion	91
3R	25889722	25889823	Deletion	101
3R	25889724	25889823	Deletion	99
3R	25889733	25889823	Deletion	90
3R	25890646	25889823	Deletion	823
3R	25890646	25890751	Deletion	105
3R	25890646	25890753	Deletion	107
3R	25916047	25916152	Deletion	105
3R	25916077	25916152	Deletion	75
3R	25916078	25916152	Deletion	74
3R	25916102	25916152	Deletion	50
3R	25916104	25916152	Deletion	48
3R	25927810	25916152	Deletion	11658
3R	25927810	25927889	Deletion	79
3R	25927810	25927887	Deletion	77
3R	25927810	25927863	Deletion	53
3R	25927812	25927862	Deletion	50
3R	25964964	25965019	Deletion	55
3R	25968040	25965019	Deletion	3021
3R	25979331	25979361	Deletion	30
3R	25979698	25979361	Deletion	337
3R	25979698	25979805	Deletion	107
3R	25979698	25979794	Deletion	96
3R	25996830	25996911	Deletion	81
3R	25996864	25996911	Deletion	47
3R	26009418	25996911	Deletion	12507
3R	26009418	26009460	Deletion	42
3R	26009418	26009539	Deletion	121
3R	26009418	26009534	Deletion	116
3R	26009418	26009524	Deletion	106
3R	26009418	26009463	Deletion	45
3R	26009418	26009515	Deletion	97
3R	26011824	26011923	Deletion	99
3R	26011833	26011923	Deletion	90
3R	26011852	26011923	Deletion	71
3R	26013890	26011923	Deletion	1967
3R	26013890	26014002	Deletion	112
3R	26013890	26014008	Deletion	118
3R	26013890	26013926	Deletion	36
3R	26014094	26014201	Deletion	107
3R	26014095	26014201	Deletion	106
3R	26014107	26014201	Deletion	94
3R	26014137	26014201	Deletion	64
3R	26016373	26014201	Deletion	2172
3R	26016373	26016435	Deletion	62
3R	26016373	26016485	Deletion	112
3R	26016373	26016496	Deletion	123
3R	26026967	26027033	Deletion	66
3R	26026968	26027033	Deletion	65
3R	26026998	26027033	Deletion	35
3R	26030679	26027033	Deletion	3646
3R	26030679	26030784	Deletion	105
3R	26030679	26030786	Deletion	107
3R	26030679	26030800	Deletion	121
3R	26030679	26030741	Deletion	62
3R	26030679	26030772	Deletion	93
3R	26030679	26030742	Deletion	63
3R	26031257	26031300	Deletion	43
3R	26041456	26031300	Deletion	10156
3R	26041456	26041540	Deletion	84
3R	26048103	26048218	Deletion	115
3R	26048118	26048218	Deletion	100
3R	26048137	26048218	Deletion	81
3R	26048161	26048218	Deletion	57
3R	26057270	26048218	Deletion	9052
3R	26057270	26057372	Deletion	102
3R	26057270	26057316	Deletion	46
3R	26072527	26072607	Deletion	80
3R	26072531	26072607	Deletion	76
3R	26072563	26072607	Deletion	44
3R	26072566	26072607	Deletion	41
3R	26072575	26072607	Deletion	32
3R	26073989	26072607	Deletion	1382
3R	26073989	26074035	Deletion	46
3R	26073989	26074083	Deletion	94
3R	26073989	26074095	Deletion	106
3R	26073989	26074039	Deletion	50
3R	26073989	26074110	Deletion	121
3R	26073989	26074074	Deletion	85
3R	26075834	26075938	Deletion	104
3R	26075840	26075938	Deletion	98
3R	26075847	26075938	Deletion	91
3R	26075866	26075938	Deletion	72
3R	26075883	26075938	Deletion	55
3R	26075891	26075938	Deletion	47
3R	26075899	26075938	Deletion	39
3R	26077527	26075938	Deletion	1589
3R	26077527	26077562	Deletion	35
3R	26077527	26077606	Deletion	79
3R	26077527	26077614	Deletion	87
3R	26077527	26077581	Deletion	54
3R	26077527	26077598	Deletion	71
3R	26088090	26088194	Deletion	104
3R	26088109	26088194	Deletion	85
3R	26088122	26088194	Deletion	72
3R	26091325	26088194	Deletion	3131
3R	26091325	26091434	Deletion	109
3R	26091325	26091427	Deletion	102
3R	26091325	26091367	Deletion	42
3R	26097799	26097917	Deletion	118
3R	26097823	26097917	Deletion	94
3R	26097837	26097917	Deletion	80
3R	26097847	26097917	Deletion	70
3R	26097855	26097917	Deletion	62
3R	26097868	26097917	Deletion	49
3R	26097877	26097917	Deletion	40
3R	26097995	26097917	Deletion	78
3R	26097995	26098051	Deletion	56
3R	26097995	26098072	Deletion	77
3R	26097995	26098117	Deletion	122
3R	26097995	26098059	Deletion	64
3R	26097995	26098081	Deletion	86
3R	26097995	26098027	Deletion	32
3R	26102142	26102245	Deletion	103
3R	26102143	26102245	Deletion	102
3R	26102154	26102245	Deletion	91
3R	26102183	26102245	Deletion	62
3R	26102744	26102245	Deletion	499
3R	26102744	26102845	Deletion	101
3R	26102744	26102809	Deletion	65
3R	26144791	26144870	Deletion	79
3R	26144826	26144870	Deletion	44
3R	26146459	26144870	Deletion	1589
3R	26146459	26146573	Deletion	114
3R	26146459	26146506	Deletion	47
3R	26146459	26146490	Deletion	31
3R	26146459	26146566	Deletion	107
3R	26146459	26146558	Deletion	99
3R	26146459	26146574	Deletion	115
3R	26146459	26146541	Deletion	82
3R	26152377	26152463	Deletion	86
3R	26152385	26152463	Deletion	78
3R	26152388	26152463	Deletion	75
3R	26152392	26152463	Deletion	71
3R	26152398	26152463	Deletion	65
3R	26152417	26152463	Deletion	46
3R	26152592	26152463	Deletion	129
3R	26152592	26152655	Deletion	63
3R	26152592	26152622	Deletion	30
3R	26152592	26152674	Deletion	82
3R	26152592	26152692	Deletion	100
3R	26152592	26152649	Deletion	57
3R	26152592	26152645	Deletion	53
3R	26152592	26152634	Deletion	42
3R	26208915	26209023	Deletion	108
3R	26208931	26209023	Deletion	92
3R	26208976	26209023	Deletion	47
3R	26208978	26209023	Deletion	45
3R	26209076	26209023	Deletion	53
3R	26209076	26209180	Deletion	104
3R	26209076	26209155	Deletion	79
3R	26209076	26209157	Deletion	81
3R	26209076	26209175	Deletion	99
3R	26209076	26209192	Deletion	116
3R	26225645	26225762	Deletion	117
3R	26225666	26225762	Deletion	96
3R	26225685	26225762	Deletion	77
3R	26225695	26225762	Deletion	67
3R	26225718	26225762	Deletion	44
3R	26225722	26225762	Deletion	40
3R	26227287	26225762	Deletion	1525
3R	26227287	26227346	Deletion	59
3R	26227287	26227373	Deletion	86
3R	26227287	26227336	Deletion	49
3R	26227287	26227369	Deletion	82
3R	26246932	26247001	Deletion	69
3R	26246941	26247001	Deletion	60
3R	26247105	26247001	Deletion	104
3R	26247105	26247163	Deletion	58
3R	26247105	26247227	Deletion	122
3R	26250481	26250590	Deletion	109
3R	26250515	26250590	Deletion	75
3R	26250519	26250590	Deletion	71
3R	26250526	26250590	Deletion	64
3R	26250527	26250590	Deletion	63
3R	26250532	26250590	Deletion	58
3R	26250536	26250590	Deletion	54
3R	26251951	26250590	Deletion	1361
3R	26251951	26252014	Deletion	63
3R	26251951	26252002	Deletion	51
3R	26251951	26252006	Deletion	55
3R	26251951	26252023	Deletion	72
3R	26251951	26252013	Deletion	62
3R	26251951	26252052	Deletion	101
3R	26266005	26266103	Deletion	98
3R	26266015	26266103	Deletion	88
3R	26266044	26266103	Deletion	59
3R	26266072	26266103	Deletion	31
3R	26266204	26266244	Deletion	40
3R	26266204	26266328	Deletion	124
3R	26266204	26266273	Deletion	69
3R	26266204	26266319	Deletion	115
3R	26266204	26266234	Deletion	30
3R	26266204	26266301	Deletion	97
3R	26270951	26271007	Deletion	56
3R	26272055	26271007	Deletion	1048
3R	26272055	26272127	Deletion	72
3R	26296630	26296696	Deletion	66
3R	26296637	26296696	Deletion	59
3R	26296957	26296696	Deletion	261
3R	26296957	26297017	Deletion	60
3R	26296957	26297024	Deletion	67
3R	26309190	26309265	Deletion	75
3R	26309209	26309265	Deletion	56
3R	26309216	26309265	Deletion	49
3R	26309225	26309265	Deletion	40
3R	26309232	26309265	Deletion	33
3R	26309353	26309265	Deletion	88
3R	26309353	26309404	Deletion	51
3R	26309353	26309423	Deletion	70
3R	26309353	26309430	Deletion	77
3R	26309353	26309446	Deletion	93
3R	26309353	26309473	Deletion	120
3R	26336872	26336986	Deletion	114
3R	26336881	26336986	Deletion	105
3R	26336888	26336986	Deletion	98
3R	26336902	26336986	Deletion	84
3R	26336910	26336986	Deletion	76
3R	26336924	26336986	Deletion	62
3R	26338356	26336986	Deletion	1370
3R	26338356	26338406	Deletion	50
3R	26338356	26338398	Deletion	42
3R	26343694	26343801	Deletion	107
3R	26343703	26343801	Deletion	98
3R	26343706	26343801	Deletion	95
3R	26343754	26343801	Deletion	47
3R	26343755	26343801	Deletion	46
3R	26349941	26343801	Deletion	6140
3R	26349941	26349972	Deletion	31
3R	26349941	26350020	Deletion	79
3R	26349941	26350044	Deletion	103
3R	26359932	26360012	Deletion	80
3R	26370688	26360012	Deletion	10676
3R	26370688	26370801	Deletion	113
3R	26370688	26370734	Deletion	46
3R	26374407	26374478	Deletion	71
3R	26374419	26374478	Deletion	59
3R	26374433	26374478	Deletion	45
3R	26374446	26374478	Deletion	32
3R	26386157	26386268	Deletion	111
3R	26386163	26386268	Deletion	105
3R	26386199	26386268	Deletion	69
3R	26386220	26386268	Deletion	48
3R	26401674	26401731	Deletion	57
3R	26402029	26402070	Deletion	41
3R	26402031	26402070	Deletion	39
3R	26402789	26402070	Deletion	719
3R	26402789	26402874	Deletion	85
3R	26402789	26402863	Deletion	74
3R	26402789	26402876	Deletion	87
3R	26411685	26411761	Deletion	76
3R	26411702	26411761	Deletion	59
3R	26411704	26411761	Deletion	57
3R	26420426	26411761	Deletion	8665
3R	26420426	26420494	Deletion	68
3R	26420426	26420496	Deletion	70
3R	26420426	26420477	Deletion	51
3R	26451484	26451601	Deletion	117
3R	26451519	26451600	Deletion	81
3R	26451527	26451601	Deletion	74
3R	26453326	26451601	Deletion	1725
3R	26453326	26453420	Deletion	94
3R	26453326	26453370	Deletion	44
3R	26453326	26453378	Deletion	52
3R	26456082	26456154	Deletion	72
3R	26456092	26456154	Deletion	62
3R	26456092	26456154	Deletion	62
3R	26456100	26456152	Deletion	52
3R	26456102	26456154	Deletion	52
3R	26456105	26456154	Deletion	49
3R	26456691	26456154	Deletion	537
3R	26456691	26456770	Deletion	79
3R	26456691	26456757	Deletion	66
3R	26456691	26456747	Deletion	56
3R	26456691	26456767	Deletion	76
3R	26456691	26456803	Deletion	112
3R	26456692	26456765	Deletion	73
3R	26462851	26462949	Deletion	98
3R	26462887	26462949	Deletion	62
3R	26462898	26462949	Deletion	51
3R	26464767	26462949	Deletion	1818
3R	26464767	26464842	Deletion	75
3R	26464767	26464873	Deletion	106
3R	26497034	26497139	Deletion	105
3R	26497058	26497139	Deletion	81
3R	26497064	26497139	Deletion	75
3R	26497078	26497139	Deletion	61
3R	26497086	26497139	Deletion	53
3R	26497087	26497139	Deletion	52
3R	26497105	26497139	Deletion	34
3R	26497108	26497139	Deletion	31
3R	26497785	26497139	Deletion	646
3R	26497785	26497860	Deletion	75
3R	26497785	26497886	Deletion	101
3R	26497785	26497881	Deletion	96
3R	26497785	26497859	Deletion	74
3R	26497785	26497831	Deletion	46
3R	26497785	26497837	Deletion	52
3R	26497785	26497851	Deletion	66
3R	26510238	26510321	Deletion	83
3R	26510265	26510321	Deletion	56
3R	26510268	26510321	Deletion	53
3R	26523910	26524015	Deletion	105
3R	26523920	26524015	Deletion	95
3R	26523921	26524015	Deletion	94
3R	26523932	26524015	Deletion	83
3R	26523947	26524015	Deletion	68
3R	26523966	26524015	Deletion	49
3R	26524241	26524015	Deletion	226
3R	26524241	26524341	Deletion	100
3R	26524241	26524318	Deletion	77
3R	26524241	26524284	Deletion	43
3R	26524241	26524345	Deletion	104
3R	26524241	26524272	Deletion	31
3R	26524241	26524299	Deletion	58
3R	26542919	26542989	Deletion	70
3R	26542935	26542989	Deletion	54
3R	26542940	26542989	Deletion	49
3R	26544489	26542989	Deletion	1500
3R	26544489	26544545	Deletion	56
3R	26544489	26544562	Deletion	73
3R	26544489	26544567	Deletion	78
3R	26544489	26544546	Deletion	57
3R	26544489	26544588	Deletion	99
3R	26544489	26544589	Deletion	100
3R	26544490	26544601	Deletion	111
3R	26550143	26550209	Deletion	66
3R	26550169	26550209	Deletion	40
3R	26550672	26550209	Deletion	463
3R	26550672	26550732	Deletion	60
3R	26550672	26550726	Deletion	54
3R	26550672	26550775	Deletion	103
3R	26550672	26550758	Deletion	86
3R	26567443	26567556	Deletion	113
3R	26567451	26567556	Deletion	105
3R	26567474	26567556	Deletion	82
3R	26567503	26567556	Deletion	53
3R	26567509	26567556	Deletion	47
3R	26567512	26567556	Deletion	44
3R	26567525	26567556	Deletion	31
3R	26577864	26567556	Deletion	10308
3R	26577864	26577948	Deletion	84
3R	26577864	26577975	Deletion	111
3R	26577864	26577961	Deletion	97
3R	26577864	26577939	Deletion	75
3R	26577864	26577945	Deletion	81
3R	26577864	26577910	Deletion	46
3R	26614024	26614126	Deletion	102
3R	26614036	26614126	Deletion	90
3R	26614037	26614126	Deletion	89
3R	26614039	26614126	Deletion	87
3R	26614058	26614126	Deletion	68
3R	26621729	26614126	Deletion	7603
3R	26621729	26621769	Deletion	40
3R	26621729	26621767	Deletion	38
3R	26621729	26621788	Deletion	59
3R	26621729	26621853	Deletion	124
3R	26621729	26621766	Deletion	37
3R	26626237	26626332	Deletion	95
3R	26626265	26626332	Deletion	67
3R	26626270	26626332	Deletion	62
3R	26626274	26626332	Deletion	58
3R	26626283	26626332	Deletion	49
3R	26629492	26629594	Deletion	102
3R	26629492	26629608	Deletion	116
3R	26629492	26629552	Deletion	60
3R	26629492	26629561	Deletion	69
3R	26629492	26629570	Deletion	78
3R	26638165	26638271	Deletion	106
3R	26638175	26638271	Deletion	96
3R	26638195	26638271	Deletion	76
3R	26638208	26638271	Deletion	63
3R	26654024	26638271	Deletion	15753
3R	26654024	26654087	Deletion	63
3R	26654024	26654074	Deletion	50
3R	26655965	26656054	Deletion	89
3R	26655968	26656054	Deletion	86
3R	26656006	26656054	Deletion	48
3R	26656010	26656054	Deletion	44
3R	26656012	26656054	Deletion	42
3R	26657251	26656054	Deletion	1197
3R	26657251	26657329	Deletion	78
3R	26657251	26657291	Deletion	40
3R	26657251	26657333	Deletion	82
3R	26657251	26657281	Deletion	30
3R	26657251	26657288	Deletion	37
3R	26671250	26671332	Deletion	82
3R	26671275	26671332	Deletion	57
3R	26671302	26671332	Deletion	30
3R	26671448	26671332	Deletion	116
3R	26671448	26671564	Deletion	116
3R	26671448	26671545	Deletion	97
3R	26671448	26671518	Deletion	70
3R	26675501	26675575	Deletion	74
3R	26677455	26675575	Deletion	1880
3R	26677455	26677513	Deletion	58
3R	26684517	26684617	Deletion	100
3R	26684546	26684617	Deletion	71
3R	26684577	26684617	Deletion	40
3R	26686394	26684617	Deletion	1777
3R	26686394	26686450	Deletion	56
3R	26686394	26686500	Deletion	106
3R	26686394	26686515	Deletion	121
3R	26723087	26723202	Deletion	115
3R	26723093	26723202	Deletion	109
3R	26723105	26723202	Deletion	97
3R	26723128	26723202	Deletion	74
3R	26723134	26723202	Deletion	68
3R	26723148	26723202	Deletion	54
3R	26723155	26723202	Deletion	47
3R	26723170	26723202	Deletion	32
3R	26732829	26723202	Deletion	9627
3R	26732829	26732909	Deletion	80
3R	26732829	26732859	Deletion	30
3R	26732829	26732902	Deletion	73
3R	26732829	26732888	Deletion	59
3R	26732829	26732882	Deletion	53
3R	26732829	26732943	Deletion	114
3R	26734341	26734432	Deletion	91
3R	26734386	26734432	Deletion	46
3R	26736921	26734432	Deletion	2489
3R	26736921	26737039	Deletion	118
3R	26736921	26737018	Deletion	97
3R	26736921	26737001	Deletion	80
3R	26746212	26746276	Deletion	64
3R	26746214	26746276	Deletion	62
3R	26746223	26746276	Deletion	53
3R	26746456	26746276	Deletion	180
3R	26746456	26746529	Deletion	73
3R	26746456	26746520	Deletion	64
3R	26746456	26746561	Deletion	105
3R	26746456	26746507	Deletion	51
3R	26766303	26766403	Deletion	100
3R	26766343	26766403	Deletion	60
3R	26766348	26766403	Deletion	55
3R	26766368	26766403	Deletion	35
3R	26767297	26767368	Deletion	71
3R	26767297	26767388	Deletion	91
3R	26770211	26770281	Deletion	70
3R	26770219	26770281	Deletion	62
3R	26770237	26770281	Deletion	44
3R	26770242	26770281	Deletion	39
3R	26770251	26770281	Deletion	30
3R	26787637	26770281	Deletion	17356
3R	26787637	26787734	Deletion	97
3R	26787637	26787702	Deletion	65
3R	26787637	26787720	Deletion	83
3R	26787637	26787735	Deletion	98
3R	26787637	26787694	Deletion	57
3R	26787637	26787680	Deletion	43
3R	26789899	26790012	Deletion	113
3R	26789910	26790012	Deletion	102
3R	26789915	26790012	Deletion	97
3R	26789935	26790012	Deletion	77
3R	26789973	26790012	Deletion	39
3R	26789975	26790012	Deletion	37
3R	26789977	26790012	Deletion	35
3R	26802700	26790012	Deletion	12688
3R	26802700	26802789	Deletion	89
3R	26802700	26802749	Deletion	49
3R	26802700	26802804	Deletion	104
3R	26802700	26802819	Deletion	119
3R	26802700	26802787	Deletion	87
3R	26809185	26809271	Deletion	86
3R	26809202	26809271	Deletion	69
3R	26809225	26809271	Deletion	46
3R	26809597	26809271	Deletion	326
3R	26809597	26809655	Deletion	58
3R	26809597	26809716	Deletion	119
3R	26809597	26809636	Deletion	39
3R	26809597	26809638	Deletion	41
3R	26813264	26813359	Deletion	95
3R	26813264	26813363	Deletion	99
3R	26823694	26823792	Deletion	98
3R	26823703	26823792	Deletion	89
3R	26823740	26823792	Deletion	52
3R	26823746	26823792	Deletion	46
3R	26824244	26823792	Deletion	452
3R	26824244	26824326	Deletion	82
3R	26824244	26824274	Deletion	30
3R	26824244	26824283	Deletion	39
3R	26849027	26849131	Deletion	104
3R	26849044	26849131	Deletion	87
3R	26849060	26849131	Deletion	71
3R	26849063	26849131	Deletion	68
3R	26849069	26849131	Deletion	62
3R	26849077	26849131	Deletion	54
3R	26849089	26849131	Deletion	42
3R	26849090	26849131	Deletion	41
3R	26865266	26849131	Deletion	16135
3R	26865266	26865321	Deletion	55
3R	26865266	26865351	Deletion	85
3R	26865266	26865324	Deletion	58
3R	26865266	26865350	Deletion	84
3R	26865266	26865390	Deletion	124
3R	26865266	26865338	Deletion	72
3R	26865266	26865330	Deletion	64
3R	26870401	26870469	Deletion	68
3R	26870431	26870469	Deletion	38
3R	26870436	26870469	Deletion	33
3R	26886649	26870469	Deletion	16180
3R	26886650	26886700	Deletion	50
3R	26886650	26886700	Deletion	50
3R	26886650	26886680	Deletion	30
3R	26886662	26886698	Deletion	36
3R	26886665	26886700	Deletion	35
3R	26886667	26886700	Deletion	33
3R	26887811	26887901	Deletion	90
3R	26887811	26887906	Deletion	95
3R	26887811	26887854	Deletion	43
3R	26887811	26887904	Deletion	93
3R	26887811	26887859	Deletion	48
3R	26888509	26888578	Deletion	69
3R	26888533	26888578	Deletion	45
3R	26889481	26888578	Deletion	903
3R	26889481	26889564	Deletion	83
3R	26889481	26889597	Deletion	116
3R	26912264	26912353	Deletion	89
3R	26912276	26912353	Deletion	77
3R	26912277	26912353	Deletion	76
3R	26912302	26912353	Deletion	51
3R	26912307	26912353	Deletion	46
3R	26915180	26912353	Deletion	2827
3R	26915180	26915295	Deletion	115
3R	26915180	26915218	Deletion	38
3R	26915180	26915285	Deletion	105
3R	26915180	26915231	Deletion	51
3R	26915180	26915280	Deletion	100
3R	26915180	26915261	Deletion	81
3R	26915180	26915230	Deletion	50
3R	26915180	26915256	Deletion	76
3R	26925645	26925767	Deletion	122
3R	26925668	26925767	Deletion	99
3R	26925671	26925767	Deletion	96
3R	26925686	26925767	Deletion	81
3R	26926358	26925767	Deletion	591
3R	26926358	26926464	Deletion	106
3R	26926358	26926403	Deletion	45
3R	26926358	26926388	Deletion	30
3R	26926358	26926472	Deletion	114
3R	27026500	27026581	Deletion	81
3R	27026510	27026581	Deletion	71
3R	27026551	27026581	Deletion	30
3R	27027975	27026581	Deletion	1394
3R	27027975	27028021	Deletion	46
3R	27027975	27028072	Deletion	97
3R	27027975	27028031	Deletion	56
3R	27038537	27038654	Deletion	117
3R	27042888	27038654	Deletion	4234
3R	27046153	27046224	Deletion	71
3R	27046156	27046224	Deletion	68
3R	27046163	27046224	Deletion	61
3R	27046169	27046224	Deletion	55
3R	27046172	27046224	Deletion	52
3R	27066736	27046224	Deletion	20512
3R	27066736	27066793	Deletion	57
3R	27066736	27066849	Deletion	113
3R	27066736	27066803	Deletion	67
3R	27066736	27066796	Deletion	60
3R	27066736	27066841	Deletion	105
3R	27066736	27066812	Deletion	76
3R	27069923	27070007	Deletion	84
3R	27069928	27070007	Deletion	79
3R	27069931	27070007	Deletion	76
3R	27069932	27070007	Deletion	75
3R	27069955	27070007	Deletion	52
3R	27069966	27070007	Deletion	41
3R	27069973	27070007	Deletion	34
3R	27070976	27070007	Deletion	969
3R	27070976	27071050	Deletion	74
3R	27070976	27071061	Deletion	85
3R	27070976	27071027	Deletion	51
3R	27070976	27071026	Deletion	50
3R	27070976	27071023	Deletion	47
3R	27070976	27071068	Deletion	92
3R	27070976	27071018	Deletion	42
3R	27093725	27093762	Deletion	37
3R	27094717	27093762	Deletion	955
3R	27094717	27094817	Deletion	100
3R	27094717	27094807	Deletion	90
3R	27094717	27094840	Deletion	123
3R	27094717	27094834	Deletion	117
3R	27095040	27095102	Deletion	62
3R	27096712	27095102	Deletion	1610
3R	27096712	27096823	Deletion	111
3R	27096712	27096828	Deletion	116
3R	27096712	27096809	Deletion	97
3R	27096712	27096776	Deletion	64
3R	27106161	27106276	Deletion	115
3R	27116282	27116401	Deletion	119
3R	27116289	27116401	Deletion	112
3R	27116322	27116401	Deletion	79
3R	27116330	27116401	Deletion	71
3R	27116454	27116565	Deletion	111
3R	27116454	27116572	Deletion	118
3R	27116454	27116502	Deletion	48
3R	27116454	27116574	Deletion	120
3R	27116454	27116558	Deletion	104
3R	27126790	27126901	Deletion	111
3R	27126804	27126901	Deletion	97
3R	27126812	27126901	Deletion	89
3R	27127176	27126901	Deletion	275
3R	27127176	27127277	Deletion	101
3R	27154169	27154289	Deletion	120
3R	27154217	27154289	Deletion	72
3R	27154251	27154289	Deletion	38
3R	27154257	27154289	Deletion	32
3R	27154364	27154452	Deletion	88
3R	27154364	27154471	Deletion	107
3R	27154364	27154478	Deletion	114
3R	27154364	27154458	Deletion	94
3R	27159703	27159783	Deletion	80
3R	27159706	27159783	Deletion	77
3R	27159727	27159783	Deletion	56
3R	27159749	27159783	Deletion	34
3R	27159753	27159783	Deletion	30
3R	27172155	27159783	Deletion	12372
3R	27172155	27172248	Deletion	93
3R	27172155	27172205	Deletion	50
3R	27172155	27172252	Deletion	97
3R	27172155	27172202	Deletion	47
3R	27172155	27172253	Deletion	98
3R	27172503	27172563	Deletion	60
3R	27172515	27172563	Deletion	48
3R	27198725	27198779	Deletion	54
3R	27198725	27198791	Deletion	66
3R	27199340	27199408	Deletion	68
3R	27199349	27199408	Deletion	59
3R	27199350	27199408	Deletion	58
3R	27199361	27199408	Deletion	47
3R	27199367	27199408	Deletion	41
3R	27201829	27199408	Deletion	2421
3R	27201829	27201898	Deletion	69
3R	27201829	27201915	Deletion	86
3R	27201829	27201909	Deletion	80
3R	27201829	27201867	Deletion	38
3R	27201829	27201888	Deletion	59
3R	27201829	27201932	Deletion	103
3R	27232084	27232175	Deletion	91
3R	27232091	27232175	Deletion	84
3R	27232125	27232175	Deletion	50
3R	27232137	27232175	Deletion	38
3R	27232332	27232408	Deletion	76
3R	27232332	27232420	Deletion	88
3R	27232332	27232374	Deletion	42
3R	27237305	27237385	Deletion	80
3R	27237314	27237385	Deletion	71
3R	27237345	27237385	Deletion	40
3R	27237350	27237385	Deletion	35
3R	27241678	27237385	Deletion	4293
3R	27241678	27241733	Deletion	55
3R	27241678	27241779	Deletion	101
3R	27241678	27241724	Deletion	46
3R	27241678	27241764	Deletion	86
3R	27241678	27241769	Deletion	91
3R	27261887	27261968	Deletion	81
3R	27261905	27261968	Deletion	63
3R	27261924	27261968	Deletion	44
3R	27261934	27261968	Deletion	34
3R	27262313	27261968	Deletion	345
3R	27262313	27262378	Deletion	65
3R	27262313	27262407	Deletion	94
3R	27262313	27262397	Deletion	84
3R	27262313	27262426	Deletion	113
3R	27269829	27269932	Deletion	103
3R	27269873	27269932	Deletion	59
3R	27269888	27269932	Deletion	44
3R	27269889	27269932	Deletion	43
3R	27274065	27269932	Deletion	4133
3R	27274065	27274147	Deletion	82
3R	27274065	27274148	Deletion	83
3R	27293077	27293178	Deletion	101
3R	27293104	27293178	Deletion	74
3R	27293105	27293178	Deletion	73
3R	27293116	27293178	Deletion	62
3R	27293117	27293178	Deletion	61
3R	27293123	27293178	Deletion	55
3R	27293146	27293178	Deletion	32
3R	27293563	27293178	Deletion	385
3R	27293563	27293657	Deletion	94
3R	27293563	27293615	Deletion	52
3R	27293563	27293616	Deletion	53
3R	27293563	27293627	Deletion	64
3R	27293563	27293628	Deletion	65
3R	27296144	27296254	Deletion	110
3R	27296214	27296254	Deletion	40
3R	27296220	27296254	Deletion	34
3R	27306543	27296254	Deletion	10289
3R	27306543	27306635	Deletion	92
3R	27308033	27308138	Deletion	105
3R	27308041	27308138	Deletion	97
3R	27308059	27308138	Deletion	79
3R	27308072	27308138	Deletion	66
3R	27308107	27308138	Deletion	31
3R	27309017	27308138	Deletion	879
3R	27309017	27309112	Deletion	95
3R	27309019	27309077	Deletion	58
3R	27341463	27341574	Deletion	111
3R	27341473	27341574	Deletion	101
3R	27341487	27341574	Deletion	87
3R	27341490	27341574	Deletion	84
3R	27342191	27341574	Deletion	617
3R	27342191	27342233	Deletion	42
3R	27342191	27342307	Deletion	116
3R	27353184	27353289	Deletion	105
3R	27353190	27353289	Deletion	99
3R	27353206	27353289	Deletion	83
3R	27353215	27353289	Deletion	74
3R	27353236	27353289	Deletion	53
3R	27374055	27353289	Deletion	20766
3R	27374055	27374098	Deletion	43
3R	27374055	27374107	Deletion	52
3R	27374055	27374173	Deletion	118
3R	27374055	27374177	Deletion	122
3R	27387540	27387648	Deletion	108
3R	27387560	27387648	Deletion	88
3R	27387575	27387648	Deletion	73
3R	27387611	27387648	Deletion	37
3R	27387614	27387648	Deletion	34
3R	27388287	27387648	Deletion	639
3R	27388287	27388325	Deletion	38
3R	27388287	27388398	Deletion	111
3R	27388287	27388379	Deletion	92
3R	27388287	27388399	Deletion	112
3R	27388287	27388391	Deletion	104
3R	27388287	27388376	Deletion	89
3R	27388287	27388389	Deletion	102
3R	27393645	27393754	Deletion	109
3R	27394680	27393754	Deletion	926
3R	27398452	27398520	Deletion	68
3R	27398457	27398520	Deletion	63
3R	27398470	27398520	Deletion	50
3R	27398472	27398520	Deletion	48
3R	27398816	27398520	Deletion	296
3R	27398816	27398892	Deletion	76
3R	27398816	27398879	Deletion	63
3R	27398819	27398894	Deletion	75
3R	27412137	27412237	Deletion	100
3R	27412148	27412237	Deletion	89
3R	27412165	27412237	Deletion	72
3R	27412184	27412237	Deletion	53
3R	27412343	27412237	Deletion	106
3R	27412343	27412417	Deletion	74
3R	27412343	27412381	Deletion	38
3R	27421603	27421675	Deletion	72
3R	27421613	27421675	Deletion	62
3R	27421618	27421675	Deletion	57
3R	27421625	27421675	Deletion	50
3R	27428342	27421675	Deletion	6667
3R	27428342	27428374	Deletion	32
3R	27428342	27428451	Deletion	109
3R	27428342	27428396	Deletion	54
3R	27428342	27428406	Deletion	64
3R	27428342	27428418	Deletion	76
3R	27447709	27447828	Deletion	119
3R	27447728	27447828	Deletion	100
3R	27447735	27447828	Deletion	93
3R	27447737	27447828	Deletion	91
3R	27447739	27447828	Deletion	89
3R	27447746	27447828	Deletion	82
3R	27447786	27447828	Deletion	42
3R	27452188	27447828	Deletion	4360
3R	27452188	27452227	Deletion	39
3R	27452188	27452305	Deletion	117
3R	27452188	27452223	Deletion	35
3R	27452188	27452234	Deletion	46
3R	27452191	27452225	Deletion	34
3R	27477838	27477928	Deletion	90
3R	27477847	27477928	Deletion	81
3R	27477873	27477928	Deletion	55
3R	27477875	27477928	Deletion	53
3R	27487242	27477928	Deletion	9314
3R	27487242	27487313	Deletion	71
3R	27487242	27487278	Deletion	36
3R	27487242	27487315	Deletion	73
3R	27487242	27487287	Deletion	45
3R	27487242	27487365	Deletion	123
3R	27493384	27493495	Deletion	111
3R	27493398	27493495	Deletion	97
3R	27493417	27493495	Deletion	78
3R	27493423	27493495	Deletion	72
3R	27493445	27493495	Deletion	50
3R	27493459	27493495	Deletion	36
3R	27493461	27493495	Deletion	34
3R	27493897	27493495	Deletion	402
3R	27493897	27493951	Deletion	54
3R	27493897	27493989	Deletion	92
3R	27493897	27493987	Deletion	90
3R	27493897	27494014	Deletion	117
3R	27493897	27493945	Deletion	48
3R	27494625	27494740	Deletion	115
3R	27494635	27494740	Deletion	105
3R	27494677	27494740	Deletion	63
3R	27494680	27494740	Deletion	60
3R	27494682	27494740	Deletion	58
3R	27494683	27494740	Deletion	57
3R	27496571	27494740	Deletion	1831
3R	27496571	27496641	Deletion	70
3R	27496571	27496640	Deletion	69
3R	27496571	27496635	Deletion	64
3R	27513069	27513171	Deletion	102
3R	27513089	27513171	Deletion	82
3R	27513105	27513166	Deletion	61
3R	27513121	27513171	Deletion	50
3R	27513297	27513171	Deletion	126
3R	27513297	27513342	Deletion	45
3R	27513297	27513398	Deletion	101
3R	27513297	27513358	Deletion	61
3R	27513297	27513404	Deletion	107
3R	27530895	27530948	Deletion	53
3R	27530895	27530944	Deletion	49
3R	27530895	27531007	Deletion	112
3R	27530895	27530941	Deletion	46
3R	27530895	27530968	Deletion	73
3R	27555403	27555495	Deletion	92
3R	27555425	27555495	Deletion	70
3R	27555443	27555495	Deletion	52
3R	27555597	27555495	Deletion	102
3R	27555597	27555671	Deletion	74
3R	27555597	27555653	Deletion	56
3R	27558187	27558245	Deletion	58
3R	27558199	27558245	Deletion	46
3R	27558208	27558245	Deletion	37
3R	27570402	27558245	Deletion	12157
3R	27570402	27570491	Deletion	89
3R	27587942	27587978	Deletion	36
3R	27588028	27587978	Deletion	50
3R	27590639	27590721	Deletion	82
3R	27590660	27590718	Deletion	58
3R	27591561	27590721	Deletion	840
3R	27591561	27591606	Deletion	45
3R	27591561	27591630	Deletion	69
3R	27591563	27591674	Deletion	111
3R	27591843	27591929	Deletion	86
3R	27591892	27591929	Deletion	37
3R	27591897	27591929	Deletion	32
3R	27598946	27591929	Deletion	7017
3R	27598946	27599041	Deletion	95
3R	27598946	27598987	Deletion	41
3R	27599400	27599092	Deletion	308
3R	27624029	27624121	Deletion	92
3R	27624078	27624121	Deletion	43
3R	27624080	27624121	Deletion	41
3R	27626688	27624121	Deletion	2567
3R	27626688	27626775	Deletion	87
3R	27626688	27626724	Deletion	36
3R	27626688	27626773	Deletion	85
3R	27629148	27629248	Deletion	100
3R	27629159	27629248	Deletion	89
3R	27629164	27629248	Deletion	84
3R	27629185	27629248	Deletion	63
3R	27629217	27629248	Deletion	31
3R	27629783	27629847	Deletion	64
3R	27629783	27629826	Deletion	43
3R	27629783	27629821	Deletion	38
3R	27642625	27642716	Deletion	91
3R	27645792	27642716	Deletion	3076
3R	27645792	27645823	Deletion	31
3R	27669283	27669335	Deletion	52
3R	27669286	27669335	Deletion	49
3R	27669290	27669335	Deletion	45
3R	27669299	27669335	Deletion	36
3R	27669386	27669335	Deletion	51
3R	27669386	27669464	Deletion	78
3R	27669386	27669468	Deletion	82
3R	27669386	27669477	Deletion	91
3R	27669386	27669461	Deletion	75
3R	27669386	27669505	Deletion	119
3R	27669386	27669493	Deletion	107
3R	27669386	27669486	Deletion	100
3R	27672307	27672416	Deletion	109
3R	27672340	27672416	Deletion	76
3R	27672838	27672416	Deletion	422
3R	27672838	27672940	Deletion	102
3R	27672838	27672961	Deletion	123
3R	27701118	27701192	Deletion	74
3R	27701119	27701192	Deletion	73
3R	27701257	27701192	Deletion	65
3R	27701257	27701292	Deletion	35
3R	27701257	27701312	Deletion	55
3R	27705213	27705333	Deletion	120
3R	27705217	27705333	Deletion	116
3R	27705229	27705333	Deletion	104
3R	27705234	27705333	Deletion	99
3R	27705262	27705333	Deletion	71
3R	27705274	27705333	Deletion	59
3R	27705299	27705333	Deletion	34
3R	27705302	27705333	Deletion	31
3R	27712279	27705333	Deletion	6946
3R	27712279	27712374	Deletion	95
3R	27712279	27712346	Deletion	67
3R	27712279	27712393	Deletion	114
3R	27712279	27712334	Deletion	55
3R	27714298	27714417	Deletion	119
3R	27714305	27714417	Deletion	112
3R	27714314	27714417	Deletion	103
3R	27714328	27714417	Deletion	89
3R	27714367	27714417	Deletion	50
3R	27714492	27714417	Deletion	75
3R	27714492	27714597	Deletion	105
3R	27714492	27714530	Deletion	38
3R	27718743	27718831	Deletion	88
3R	27718757	27718837	Deletion	80
3R	27718887	27718837	Deletion	50
3R	27718887	27718933	Deletion	46
3R	27721415	27721503	Deletion	88
3R	27721421	27721503	Deletion	82
3R	27721459	27721503	Deletion	44
3R	27723862	27721503	Deletion	2359
3R	27723862	27723901	Deletion	39
3R	27723862	27723945	Deletion	83
3R	27723862	27723907	Deletion	45
3R	27723862	27723983	Deletion	121
3R	27725420	27725521	Deletion	101
3R	27725423	27725521	Deletion	98
3R	27725427	27725521	Deletion	94
3R	27725428	27725521	Deletion	93
3R	27725435	27725521	Deletion	86
3R	27725460	27725521	Deletion	61
3R	27725469	27725521	Deletion	52
3R	27725471	27725521	Deletion	50
3R	27725485	27725521	Deletion	36
3R	27725651	27725521	Deletion	130
3R	27725651	27725774	Deletion	123
3R	27750559	27750649	Deletion	90
3R	27750559	27750678	Deletion	119
3R	27750559	27750635	Deletion	76
3R	27750559	27750592	Deletion	33
3R	27750559	27750624	Deletion	65
3R	27750559	27750591	Deletion	32
3R	27750559	27750599	Deletion	40
3R	27750707	27750810	Deletion	103
3R	27750749	27750810	Deletion	61
3R	27750872	27750810	Deletion	62
3R	27759854	27759957	Deletion	103
3R	27759918	27759957	Deletion	39
3R	27761027	27759957	Deletion	1070
3R	27776813	27776922	Deletion	109
3R	27776837	27776922	Deletion	85
3R	27776849	27776922	Deletion	73
3R	27776854	27776922	Deletion	68
3R	27776864	27776922	Deletion	58
3R	27776871	27776922	Deletion	51
3R	27776888	27776922	Deletion	34
3R	27782699	27776922	Deletion	5777
3R	27782699	27782741	Deletion	42
3R	27782699	27782753	Deletion	54
3R	27782699	27782775	Deletion	76
3R	27782699	27782758	Deletion	59
3R	27782699	27782768	Deletion	69
3R	27801574	27801644	Deletion	70
3R	27802952	27801644	Deletion	1308
3R	27802952	27803009	Deletion	57
3R	27802952	27803076	Deletion	124
3R	27802952	27803062	Deletion	110
3R	27804254	27804298	Deletion	44
3R	27805956	27804298	Deletion	1658
3R	27805956	27806037	Deletion	81
3R	27805956	27806071	Deletion	115
3R	27805956	27806065	Deletion	109
3R	27805956	27806076	Deletion	120
3R	27805956	27806041	Deletion	85
3R	27805956	27806073	Deletion	117
3R	27808484	27808582	Deletion	98
3R	27808509	27808582	Deletion	73
3R	27808510	27808582	Deletion	72
3R	27808524	27808582	Deletion	58
3R	27812895	27808582	Deletion	4313
3R	27812895	27812997	Deletion	102
3R	27812895	27812963	Deletion	68
3R	27812895	27812948	Deletion	53
3R	27813659	27813729	Deletion	70
3R	27813665	27813729	Deletion	64
3R	27813683	27813729	Deletion	46
3R	27813695	27813729	Deletion	34
3R	27813789	27813729	Deletion	60
3R	27813789	27813907	Deletion	118
3R	27813789	27813852	Deletion	63
3R	27813789	27813846	Deletion	57
3R	27813789	27813824	Deletion	35
3R	27813789	27813882	Deletion	93
3R	27830653	27830747	Deletion	94
3R	27830654	27830747	Deletion	93
3R	27830672	27830747	Deletion	75
3R	27830983	27830747	Deletion	236
3R	27830983	27831094	Deletion	111
3R	27830983	27831016	Deletion	33
3R	27830983	27831097	Deletion	114
3R	27830983	27831099	Deletion	116
3R	27830983	27831015	Deletion	32
3R	27830983	27831085	Deletion	102
3R	27854411	27854507	Deletion	96
3R	27854415	27854507	Deletion	92
3R	27854472	27854507	Deletion	35
3R	27854745	27854507	Deletion	238
3R	27854745	27854780	Deletion	35
3R	27854745	27854776	Deletion	31
3R	27854745	27854854	Deletion	109
3R	27854745	27854843	Deletion	98
3R	27863519	27863595	Deletion	76
3R	27901396	27901491	Deletion	95
3R	27901409	27901491	Deletion	82
3R	27901411	27901491	Deletion	80
3R	27901430	27901491	Deletion	61
3R	27901432	27901491	Deletion	59
3R	27901446	27901491	Deletion	45
3R	27906214	27901491	Deletion	4723
3R	27906214	27906281	Deletion	67
3R	27906214	27906260	Deletion	46
3R	27906214	27906279	Deletion	65
3R	27906214	27906295	Deletion	81
3R	27906214	27906258	Deletion	44
3R	27914444	27914539	Deletion	95
3R	27914464	27914539	Deletion	75
3R	27914470	27914539	Deletion	69
3R	27914758	27914539	Deletion	219
3R	27914758	27914794	Deletion	36
3R	27914758	27914820	Deletion	62
3R	27929667	27929776	Deletion	109
3R	27929713	27929776	Deletion	63
3R	27929725	27929776	Deletion	51
3R	27929733	27929776	Deletion	43
3R	27929890	27929776	Deletion	114
3R	27929890	27929973	Deletion	83
3R	27929890	27930013	Deletion	123
3R	27929890	27929965	Deletion	75
3R	27929890	27929953	Deletion	63
3R	27929890	27930008	Deletion	118
3R	27929890	27929987	Deletion	97
3R	27952101	27952160	Deletion	59
3R	27952120	27952160	Deletion	40
3R	27953054	27952160	Deletion	894
3R	27953054	27953123	Deletion	69
3R	27953054	27953142	Deletion	88
3R	27958443	27958499	Deletion	56
3R	27958462	27958499	Deletion	37
3R	27958469	27958499	Deletion	30
3R	27984079	27958499	Deletion	25580
3R	27984079	27984175	Deletion	96
3R	27984079	27984149	Deletion	70
3R	27986825	27986938	Deletion	113
3R	27986830	27986938	Deletion	108
3R	27986856	27986938	Deletion	82
3R	27986867	27986938	Deletion	71
3R	27986883	27986938	Deletion	55
3R	27986904	27986938	Deletion	34
3R	27991664	27986938	Deletion	4726
3R	27991664	27991708	Deletion	44
3R	27991664	27991719	Deletion	55
3R	27991664	27991785	Deletion	121
3R	27991664	27991756	Deletion	92
3R	27991664	27991778	Deletion	114
3R	27992328	27992390	Deletion	62
3R	27992330	27992390	Deletion	60
3R	27992748	27992386	Deletion	362
3R	27992748	27992814	Deletion	66
3R	27992748	27992789	Deletion	41
3R	28001534	28001615	Deletion	81
3R	28001542	28001615	Deletion	73
3R	28001555	28001615	Deletion	60
3R	28001578	28001615	Deletion	37
3R	28001675	28001615	Deletion	60
3R	28001675	28001720	Deletion	45
3R	28001675	28001741	Deletion	66
3R	28001675	28001728	Deletion	53
3R	28012188	28012301	Deletion	113
3R	28012232	28012301	Deletion	69
3R	28012238	28012301	Deletion	63
3R	28012443	28012301	Deletion	142
3R	28012443	28012555	Deletion	112
3R	28012443	28012506	Deletion	63
3R	28012443	28012564	Deletion	121
3R	28020737	28020806	Deletion	69
3R	28020738	28020806	Deletion	68
3R	28020739	28020806	Deletion	67
3R	28020741	28020806	Deletion	65
3R	28020756	28020806	Deletion	50
3R	28020770	28020806	Deletion	36
3R	28021237	28020806	Deletion	431
3R	28021237	28021274	Deletion	37
3R	28021237	28021295	Deletion	58
3R	28021237	28021299	Deletion	62
3R	28021237	28021357	Deletion	120
3R	28021237	28021328	Deletion	91
3R	28021237	28021297	Deletion	60
3R	28021237	28021296	Deletion	59
3R	28024115	28024180	Deletion	65
3R	28024144	28024180	Deletion	36
3R	28024696	28024180	Deletion	516
3R	28024696	28024757	Deletion	61
3R	28024696	28024786	Deletion	90
3R	28028185	28028289	Deletion	104
3R	28028217	28028289	Deletion	72
3R	28028258	28028289	Deletion	31
3R	28030480	28028289	Deletion	2191
3R	28030480	28030576	Deletion	96
3R	28030480	28030601	Deletion	121
3R	28030480	28030600	Deletion	120
3R	28072973	28073069	Deletion	96
3R	28078316	28073902	Deletion	4414
3R	28078316	28078362	Deletion	46
3R	28078316	28078391	Deletion	75
3R	28078321	28078366	Deletion	45
3R	28078342	28078423	Deletion	81
3R	28082404	28078423	Deletion	3981
3R	28082404	28082449	Deletion	45
3R	28082404	28082512	Deletion	108
3R	28090203	28090323	Deletion	120
3R	28090241	28090323	Deletion	82
3R	28090242	28090323	Deletion	81
3R	28090251	28090323	Deletion	72
3R	28090255	28090323	Deletion	68
3R	28090261	28090323	Deletion	62
3R	28090266	28090323	Deletion	57
3R	28090382	28090323	Deletion	59
3R	28090382	28090441	Deletion	59
3R	28090382	28090437	Deletion	55
3R	28090382	28090452	Deletion	70
3R	28090382	28090428	Deletion	46
3R	28090382	28090447	Deletion	65
3R	28090382	28090487	Deletion	105
3R	28090382	28090486	Deletion	104
3R	28090383	28090427	Deletion	44
3R	28092815	28092875	Deletion	60
3R	28092841	28092875	Deletion	34
3R	28103082	28092875	Deletion	10207
3R	28103082	28103187	Deletion	105
3R	28103082	28103174	Deletion	92
3R	28103082	28103144	Deletion	62
3R	28103082	28103148	Deletion	66
3R	28103178	28103285	Deletion	107
3R	28103191	28103285	Deletion	94
3R	28103204	28103285	Deletion	81
3R	28103216	28103285	Deletion	69
3R	28103221	28103285	Deletion	64
3R	28103223	28103285	Deletion	62
3R	28103226	28103285	Deletion	59
3R	28103228	28103285	Deletion	57
3R	28103229	28103285	Deletion	56
3R	28103235	28103285	Deletion	50
3R	28105279	28103285	Deletion	1994
3R	28105279	28105349	Deletion	70
3R	28105279	28105346	Deletion	67
3R	28105279	28105343	Deletion	64
3R	28105279	28105324	Deletion	45
3R	28105279	28105336	Deletion	57
3R	28105279	28105348	Deletion	69
3R	28105279	28105355	Deletion	76
3R	28105279	28105311	Deletion	32
3R	28114961	28115006	Deletion	45
3R	28114967	28115006	Deletion	39
3R	28114973	28115006	Deletion	33
3R	28114975	28115006	Deletion	31
3R	28118843	28115006	Deletion	3837
3R	28118843	28118931	Deletion	88
3R	28118843	28118925	Deletion	82
3R	28118843	28118937	Deletion	94
3R	28118843	28118939	Deletion	96
3R	28122356	28122462	Deletion	106
3R	28122367	28122462	Deletion	95
3R	28122732	28122462	Deletion	270
3R	28122732	28122840	Deletion	108
3R	28122732	28122848	Deletion	116
3R	28131210	28131296	Deletion	86
3R	28131226	28131297	Deletion	71
3R	28131243	28131297	Deletion	54
3R	28131245	28131297	Deletion	52
3R	28131257	28131297	Deletion	40
3R	28131258	28131297	Deletion	39
3R	28131574	28131297	Deletion	277
3R	28131574	28131629	Deletion	55
3R	28131574	28131648	Deletion	74
3R	28131574	28131660	Deletion	86
3R	28131574	28131692	Deletion	118
3R	28131574	28131661	Deletion	87
3R	28131574	28131613	Deletion	39
3R	28142921	28143004	Deletion	83
3R	28142929	28143004	Deletion	75
3R	28142933	28143004	Deletion	71
3R	28142968	28143004	Deletion	36
3R	28148167	28143004	Deletion	5163
3R	28148167	28148210	Deletion	43
3R	28148167	28148222	Deletion	55
3R	28148167	28148286	Deletion	119
3R	28148167	28148218	Deletion	51
3R	28148167	28148257	Deletion	90
3R	28150322	28150439	Deletion	117
3R	28150387	28150439	Deletion	52
3R	28150393	28150439	Deletion	46
3R	28151533	28150439	Deletion	1094
3R	28151533	28151647	Deletion	114
3R	28151533	28151614	Deletion	81
3R	28151533	28151608	Deletion	75
3R	28160395	28160505	Deletion	110
3R	28160414	28160505	Deletion	91
3R	28160420	28160505	Deletion	85
3R	28160433	28160505	Deletion	72
3R	28160461	28160505	Deletion	44
3R	28168253	28168295	Deletion	42
3R	28168253	28168289	Deletion	36
3R	28168253	28168352	Deletion	99
3R	28168253	28168353	Deletion	100
3R	28168253	28168376	Deletion	123
3R	28168253	28168308	Deletion	55
3R	28168253	28168336	Deletion	83
3R	28180529	28180617	Deletion	88
3R	28184556	28184632	Deletion	76
3R	28184556	28184639	Deletion	83
3R	28184556	28184596	Deletion	40
3R	28184556	28184589	Deletion	33
3R	28202109	28202224	Deletion	115
3R	28202119	28202224	Deletion	105
3R	28202145	28202224	Deletion	79
3R	28202156	28202224	Deletion	68
3R	28212363	28202224	Deletion	10139
3R	28212363	28212410	Deletion	47
3R	28212363	28212421	Deletion	58
3R	28212363	28212481	Deletion	118
3R	28221533	28221609	Deletion	76
3R	28253416	28221609	Deletion	31807
3R	28265057	28265107	Deletion	50
3R	28265057	28265096	Deletion	39
3R	28295260	28295343	Deletion	83
3R	28295306	28295343	Deletion	37
3R	28295308	28295343	Deletion	35
3R	28295968	28295343	Deletion	625
3R	28295968	28296057	Deletion	89
3R	28295968	28296078	Deletion	110
3R	28295968	28296059	Deletion	91
3R	28295968	28296011	Deletion	43
3R	28298945	28299004	Deletion	59
3R	28300580	28299004	Deletion	1576
3R	28326890	28326978	Deletion	88
3R	28327029	28326978	Deletion	51
3R	28327029	28327069	Deletion	40
3R	28330200	28330243	Deletion	43
3R	28332202	28330243	Deletion	1959
3R	28335253	28335332	Deletion	79
3R	28335282	28335332	Deletion	50
3R	28335653	28335703	Deletion	50
3R	28335653	28335777	Deletion	124
3R	28335653	28335732	Deletion	79
3R	28335653	28335695	Deletion	42
3R	28348029	28348138	Deletion	109
3R	28348072	28348138	Deletion	66
3R	28348089	28348138	Deletion	49
3R	28348090	28348138	Deletion	48
3R	28372600	28348138	Deletion	24462
3R	28372600	28372660	Deletion	60
3R	28372600	28372677	Deletion	77
3R	28372600	28372704	Deletion	104
3R	28384296	28384379	Deletion	83
3R	28384314	28384379	Deletion	65
3R	28384325	28384379	Deletion	54
3R	28384327	28384379	Deletion	52
3R	28384345	28384379	Deletion	34
3R	28384949	28384379	Deletion	570
3R	28384949	28385060	Deletion	111
3R	28384949	28385071	Deletion	122
3R	28384949	28385041	Deletion	92
3R	28384949	28384992	Deletion	43
3R	28384949	28385021	Deletion	72
3R	28384949	28385010	Deletion	61
3R	28389896	28390000	Deletion	104
3R	28389927	28390000	Deletion	73
3R	28389967	28390000	Deletion	33
3R	28389968	28390000	Deletion	32
3R	28389970	28390000	Deletion	30
3R	28400388	28390000	Deletion	10388
3R	28400388	28400484	Deletion	96
3R	28400388	28400441	Deletion	53
3R	28400388	28400481	Deletion	93
3R	28426194	28426242	Deletion	48
3R	28429137	28426242	Deletion	2895
3R	28429137	28429211	Deletion	74
3R	28429137	28429243	Deletion	106
3R	28443072	28443183	Deletion	111
3R	28443073	28443183	Deletion	110
3R	28443084	28443183	Deletion	99
3R	28443091	28443183	Deletion	92
3R	28443109	28443183	Deletion	74
3R	28443129	28443183	Deletion	54
3R	28446803	28443183	Deletion	3620
3R	28446803	28446838	Deletion	35
3R	28446803	28446856	Deletion	53
3R	28453867	28453915	Deletion	48
3R	28453867	28453915	Deletion	48
3R	28458415	28453911	Deletion	4504
3R	28458415	28458493	Deletion	78
3R	28459994	28460073	Deletion	79
3R	28460022	28460073	Deletion	51
3R	28460030	28460073	Deletion	43
3R	28460040	28460073	Deletion	33
3R	28470418	28460073	Deletion	10345
3R	28470418	28470466	Deletion	48
3R	28470418	28470502	Deletion	84
3R	28470418	28470524	Deletion	106
3R	28470418	28470494	Deletion	76
3R	28479979	28480082	Deletion	103
3R	28479994	28480082	Deletion	88
3R	28480018	28480082	Deletion	64
3R	28480036	28480082	Deletion	46
3R	28480292	28480082	Deletion	210
3R	28480292	28480396	Deletion	104
3R	28480292	28480372	Deletion	80
3R	28480292	28480330	Deletion	38
3R	28486784	28486886	Deletion	102
3R	28500171	28500289	Deletion	118
3R	28500179	28500289	Deletion	110
3R	28500182	28500289	Deletion	107
3R	28500206	28500289	Deletion	83
3R	28500216	28500289	Deletion	73
3R	28500241	28500289	Deletion	48
3R	28500245	28500289	Deletion	44
3R	28500253	28500289	Deletion	36
3R	28500517	28500289	Deletion	228
3R	28500517	28500636	Deletion	119
3R	28500517	28500600	Deletion	83
3R	28500517	28500561	Deletion	44
3R	28500517	28500571	Deletion	54
3R	28500517	28500596	Deletion	79
3R	28500587	28500675	Deletion	88
3R	28500613	28500675	Deletion	62
3R	28500615	28500675	Deletion	60
3R	28500828	28500675	Deletion	153
3R	28500828	28500939	Deletion	111
3R	28500828	28500931	Deletion	103
3R	28500828	28500938	Deletion	110
3R	28500828	28500892	Deletion	64
3R	28500828	28500866	Deletion	38
3R	28500828	28500949	Deletion	121
3R	28521926	28522037	Deletion	111
3R	28521932	28522037	Deletion	105
3R	28521935	28522037	Deletion	102
3R	28521960	28522037	Deletion	77
3R	28521989	28522037	Deletion	48
3R	28521999	28522037	Deletion	38
3R	28522001	28522037	Deletion	36
3R	28522002	28522037	Deletion	35
3R	28533566	28522037	Deletion	11529
3R	28533566	28533657	Deletion	91
3R	28533566	28533616	Deletion	50
3R	28533566	28533658	Deletion	92
3R	28533566	28533645	Deletion	79
3R	28533566	28533667	Deletion	101
3R	28533566	28533655	Deletion	89
3R	28539505	28539603	Deletion	98
3R	28539524	28539603	Deletion	79
3R	28539531	28539603	Deletion	72
3R	28539540	28539603	Deletion	63
3R	28540087	28539603	Deletion	484
3R	28540087	28540119	Deletion	32
3R	28540087	28540139	Deletion	52
3R	28540087	28540120	Deletion	33
3R	28540087	28540155	Deletion	68
3R	28540087	28540200	Deletion	113
3R	28542839	28542936	Deletion	97
3R	28542844	28542936	Deletion	92
3R	28542850	28542936	Deletion	86
3R	28542888	28542936	Deletion	48
3R	28542905	28542936	Deletion	31
3R	28547032	28542936	Deletion	4096
3R	28547032	28547136	Deletion	104
3R	28547032	28547110	Deletion	78
3R	28547032	28547131	Deletion	99
3R	28547032	28547066	Deletion	34
3R	28547032	28547072	Deletion	40
3R	28549424	28549513	Deletion	89
3R	28549425	28549513	Deletion	88
3R	28549440	28549513	Deletion	73
3R	28549470	28549513	Deletion	43
3R	28549474	28549513	Deletion	39
3R	28549924	28549513	Deletion	411
3R	28549924	28549962	Deletion	38
3R	28549924	28550012	Deletion	88
3R	28549924	28549963	Deletion	39
3R	28549924	28549978	Deletion	54
3R	28549928	28550008	Deletion	80
3R	28577302	28577355	Deletion	53
3R	28578326	28577355	Deletion	971
3R	28583812	28583904	Deletion	92
3R	28583818	28583904	Deletion	86
3R	28583846	28583904	Deletion	58
3R	28584068	28583904	Deletion	164
3R	28584068	28584137	Deletion	69
3R	28607709	28607807	Deletion	98
3R	28607710	28607807	Deletion	97
3R	28607730	28607807	Deletion	77
3R	28607732	28607807	Deletion	75
3R	28607733	28607807	Deletion	74
3R	28607747	28607807	Deletion	60
3R	28614558	28607807	Deletion	6751
3R	28614558	28614609	Deletion	51
3R	28614558	28614624	Deletion	66
3R	28614558	28614610	Deletion	52
3R	28622016	28622114	Deletion	98
3R	28622051	28622114	Deletion	63
3R	28622083	28622114	Deletion	31
3R	28631472	28622114	Deletion	9358
3R	28631472	28631579	Deletion	107
3R	28631472	28631567	Deletion	95
3R	28631472	28631535	Deletion	63
3R	28641349	28641420	Deletion	71
3R	28641500	28641420	Deletion	80
3R	28641500	28641545	Deletion	45
3R	28641500	28641557	Deletion	57
3R	28641500	28641616	Deletion	116
3R	28641500	28641624	Deletion	124
3R	28649219	28649283	Deletion	64
3R	28649228	28649283	Deletion	55
3R	28649645	28649283	Deletion	362
3R	28649645	28649708	Deletion	63
3R	28649645	28649767	Deletion	122
3R	28649645	28649717	Deletion	72
3R	28649645	28649764	Deletion	119
3R	28649648	28649749	Deletion	101
3R	28650230	28650274	Deletion	44
3R	28654743	28650274	Deletion	4469
3R	28654743	28654841	Deletion	98
3R	28654743	28654816	Deletion	73
3R	28654743	28654856	Deletion	113
3R	28663992	28664101	Deletion	109
3R	28664064	28664101	Deletion	37
3R	28664069	28664101	Deletion	32
3R	28664905	28664101	Deletion	804
3R	28664905	28664994	Deletion	89
3R	28664905	28665013	Deletion	108
3R	28664905	28664999	Deletion	94
3R	28669445	28669350	Deletion	95
3R	28669445	28669538	Deletion	93
3R	28669445	28669569	Deletion	124
3R	28670392	28670451	Deletion	59
3R	28670412	28670451	Deletion	39
3R	28670419	28670451	Deletion	32
3R	28670421	28670451	Deletion	30
3R	28673982	28670451	Deletion	3531
3R	28673982	28674049	Deletion	67
3R	28673982	28674078	Deletion	96
3R	28673982	28674027	Deletion	45
3R	28673982	28674069	Deletion	87
3R	28674813	28674910	Deletion	97
3R	28674853	28674910	Deletion	57
3R	28674862	28674910	Deletion	48
3R	28674873	28674910	Deletion	37
3R	28675176	28675254	Deletion	78
3R	28675176	28675245	Deletion	69
3R	28683955	28683986	Deletion	31
3R	28693527	28683986	Deletion	9541
3R	28693527	28693644	Deletion	117
3R	28693527	28693632	Deletion	105
3R	28693527	28693645	Deletion	118
3R	28693527	28693622	Deletion	95
3R	28693527	28693639	Deletion	112
3R	28693527	28693634	Deletion	107
3R	28707941	28708045	Deletion	104
3R	28707948	28708045	Deletion	97
3R	28707957	28708045	Deletion	88
3R	28707969	28708045	Deletion	76
3R	28710371	28708045	Deletion	2326
3R	28710371	28710401	Deletion	30
3R	28710371	28710410	Deletion	39
3R	28710371	28710489	Deletion	118
3R	28732702	28732812	Deletion	110
3R	28732780	28732811	Deletion	31
3R	28735959	28732812	Deletion	3147
3R	28736318	28736426	Deletion	108
3R	28736347	28736426	Deletion	79
3R	28736381	28736426	Deletion	45
3R	28736385	28736426	Deletion	41
3R	28737054	28736426	Deletion	628
3R	28737054	28737139	Deletion	85
3R	28737054	28737135	Deletion	81
3R	28741186	28741250	Deletion	64
3R	28741200	28741250	Deletion	50
3R	28743600	28741250	Deletion	2350
3R	28743600	28743676	Deletion	76
3R	28743600	28743656	Deletion	56
3R	28743600	28743711	Deletion	111
3R	28744625	28744703	Deletion	78
3R	28744643	28744703	Deletion	60
3R	28752538	28744703	Deletion	7835
3R	28752538	28752577	Deletion	39
3R	28752538	28752588	Deletion	50
3R	28752538	28752650	Deletion	112
3R	28752538	28752606	Deletion	68
3R	28775978	28776073	Deletion	95
3R	28775995	28776073	Deletion	78
3R	28776244	28776073	Deletion	171
3R	28776244	28776292	Deletion	48
3R	28776244	28776361	Deletion	117
3R	28776244	28776275	Deletion	31
3R	28797388	28797440	Deletion	52
3R	28833073	28833135	Deletion	62
3R	28833078	28833135	Deletion	57
3R	28836194	28833135	Deletion	3059
3R	28836194	28836238	Deletion	44
3R	28836194	28836263	Deletion	69
3R	28842952	28843055	Deletion	103
3R	28842953	28843055	Deletion	102
3R	28842957	28843055	Deletion	98
3R	28843115	28843055	Deletion	60
3R	28843117	28843222	Deletion	105
3R	28843143	28843248	Deletion	105
3R	28843174	28843248	Deletion	74
3R	28843198	28843248	Deletion	50
3R	28843203	28843248	Deletion	45
3R	28843204	28843248	Deletion	44
3R	28846026	28843248	Deletion	2778
3R	28846026	28846126	Deletion	100
3R	28846026	28846107	Deletion	81
3R	28846026	28846124	Deletion	98
3R	28846026	28846108	Deletion	82
3R	28846026	28846102	Deletion	76
3R	28848665	28848695	Deletion	30
3R	28850326	28848695	Deletion	1631
3R	28850326	28850422	Deletion	96
3R	28850326	28850449	Deletion	123
3R	28859427	28859491	Deletion	64
3R	28859435	28859491	Deletion	56
3R	28859446	28859491	Deletion	45
3R	28859451	28859491	Deletion	40
3R	28859969	28859491	Deletion	478
3R	28859969	28860015	Deletion	46
3R	28859969	28860039	Deletion	70
3R	28859969	28860031	Deletion	62
3R	28859969	28860050	Deletion	81
3R	28859969	28860055	Deletion	86
3R	28861323	28861421	Deletion	98
3R	28861343	28861421	Deletion	78
3R	28865451	28861421	Deletion	4030
3R	28865451	28865504	Deletion	53
3R	28874297	28874409	Deletion	112
3R	28874304	28874409	Deletion	105
3R	28874317	28874409	Deletion	92
3R	28874321	28874409	Deletion	88
3R	28874339	28874409	Deletion	70
3R	28880001	28874409	Deletion	5592
3R	28880001	28880111	Deletion	110
3R	28880001	28880040	Deletion	39
3R	28880001	28880058	Deletion	57
3R	28881569	28881682	Deletion	113
3R	28881580	28881682	Deletion	102
3R	28881592	28881682	Deletion	90
3R	28881594	28881682	Deletion	88
3R	28881640	28881682	Deletion	42
3R	28881647	28881682	Deletion	35
3R	28881742	28881682	Deletion	60
3R	28881742	28881835	Deletion	93
3R	28881742	28881865	Deletion	123
3R	28881742	28881780	Deletion	38
3R	28881742	28881825	Deletion	83
3R	28881742	28881856	Deletion	114
3R	28884829	28884923	Deletion	94
3R	28884863	28884923	Deletion	60
3R	28884867	28884923	Deletion	56
3R	28884875	28884923	Deletion	48
3R	28884877	28884923	Deletion	46
3R	28884881	28884923	Deletion	42
3R	28885921	28884923	Deletion	998
3R	28885921	28885954	Deletion	33
3R	28885921	28886006	Deletion	85
3R	28885921	28886000	Deletion	79
3R	28885921	28886002	Deletion	81
3R	28885921	28885992	Deletion	71
3R	28950834	28950938	Deletion	104
3R	28950850	28950938	Deletion	88
3R	28950854	28950938	Deletion	84
3R	28950859	28950938	Deletion	79
3R	28950884	28950938	Deletion	54
3R	28951399	28951496	Deletion	97
3R	28951399	28951471	Deletion	72
3R	28951399	28951446	Deletion	47
3R	28951399	28951437	Deletion	38
3R	28959856	28959950	Deletion	94
3R	28959858	28959950	Deletion	92
3R	28959882	28959950	Deletion	68
3R	28959902	28959950	Deletion	48
3R	28967189	28959950	Deletion	7239
3R	28967189	28967223	Deletion	34
3R	28967189	28967221	Deletion	32
3R	28967189	28967307	Deletion	118
3R	28967189	28967267	Deletion	78
3R	28967189	28967247	Deletion	58
3R	28967189	28967293	Deletion	104
3R	28967618	28967734	Deletion	116
3R	28967625	28967734	Deletion	109
3R	28967626	28967734	Deletion	108
3R	28967628	28967734	Deletion	106
3R	28967630	28967734	Deletion	104
3R	28967631	28967734	Deletion	103
3R	28967643	28967734	Deletion	91
3R	28967658	28967734	Deletion	76
3R	28967694	28967734	Deletion	40
3R	28970302	28970337	Deletion	35
3R	28970302	28970405	Deletion	103
3R	28970302	28970419	Deletion	117
3R	28970302	28970352	Deletion	50
3R	28970302	28970408	Deletion	106
3R	28972200	28972298	Deletion	98
3R	28972206	28972298	Deletion	92
3R	28972216	28972298	Deletion	82
3R	28972243	28972298	Deletion	55
3R	28972261	28972298	Deletion	37
3R	28972267	28972298	Deletion	31
3R	28972678	28972298	Deletion	380
3R	28972678	28972794	Deletion	116
3R	28972678	28972767	Deletion	89
3R	28972678	28972773	Deletion	95
3R	28972678	28972780	Deletion	102
3R	28972678	28972782	Deletion	104
3R	28972678	28972712	Deletion	34
3R	28972678	28972722	Deletion	44
3R	28979315	28979388	Deletion	73
3R	28979320	28979388	Deletion	68
3R	28979327	28979388	Deletion	61
3R	28979337	28979388	Deletion	51
3R	28979543	28979388	Deletion	155
3R	28979543	28979603	Deletion	60
3R	28979543	28979580	Deletion	37
3R	28979543	28979610	Deletion	67
3R	28979543	28979598	Deletion	55
3R	28979543	28979643	Deletion	100
3R	28984928	28984995	Deletion	67
3R	28984945	28984995	Deletion	50
3R	29002977	28984995	Deletion	17982
3R	29002977	29003053	Deletion	76
3R	29002977	29003090	Deletion	113
3R	29003707	29003798	Deletion	91
3R	29003718	29003797	Deletion	79
3R	29003733	29003798	Deletion	65
3R	29004935	29003798	Deletion	1137
3R	29004935	29005033	Deletion	98
3R	29004935	29004970	Deletion	35
3R	29004935	29004981	Deletion	46
3R	29004935	29004996	Deletion	61
3R	29013734	29013776	Deletion	42
3R	29013746	29013776	Deletion	30
3R	29013832	29013776	Deletion	56
3R	29013832	29013902	Deletion	70
3R	29013832	29013954	Deletion	122
3R	29013832	29013928	Deletion	96
3R	29030042	29030129	Deletion	87
3R	29030095	29030129	Deletion	34
3R	29037206	29030129	Deletion	7077
3R	29037206	29037298	Deletion	92
3R	29037206	29037312	Deletion	106
3R	29041348	29041446	Deletion	98
3R	29041362	29041446	Deletion	84
3R	29041374	29041446	Deletion	72
3R	29041384	29041446	Deletion	62
3R	29041384	29041444	Deletion	60
3R	29041387	29041446	Deletion	59
3R	29041393	29041446	Deletion	53
3R	29069350	29041444	Deletion	27906
3R	29069350	29069405	Deletion	55
3R	29069350	29069415	Deletion	65
3R	29069350	29069393	Deletion	43
3R	29069350	29069424	Deletion	74
3R	29069350	29069418	Deletion	68
3R	29083434	29083525	Deletion	91
3R	29083490	29083525	Deletion	35
3R	29083495	29083525	Deletion	30
3R	29083618	29083525	Deletion	93
3R	29083618	29083653	Deletion	35
3R	29083618	29083709	Deletion	91
3R	29083618	29083714	Deletion	96
3R	29083618	29083724	Deletion	106
3R	29087073	29087167	Deletion	94
3R	29087117	29087167	Deletion	50
3R	29087136	29087167	Deletion	31
3R	29099144	29087167	Deletion	11977
3R	29099144	29099267	Deletion	123
3R	29099144	29099239	Deletion	95
3R	29099144	29099176	Deletion	32
3R	29099144	29099220	Deletion	76
3R	29099412	29099530	Deletion	118
3R	29099417	29099530	Deletion	113
3R	29099426	29099530	Deletion	104
3R	29099441	29099530	Deletion	89
3R	29099465	29099530	Deletion	65
3R	29099496	29099530	Deletion	34
3R	29113506	29099530	Deletion	13976
3R	29113506	29113629	Deletion	123
3R	29113506	29113567	Deletion	61
3R	29113506	29113598	Deletion	92
3R	29114949	29115048	Deletion	99
3R	29114957	29115048	Deletion	91
3R	29114961	29115048	Deletion	87
3R	29114977	29115048	Deletion	71
3R	29114979	29115048	Deletion	69
3R	29114988	29115048	Deletion	60
3R	29114992	29115048	Deletion	56
3R	29114996	29115048	Deletion	52
3R	29114999	29115048	Deletion	49
3R	29126822	29115048	Deletion	11774
3R	29126822	29126862	Deletion	40
3R	29126822	29126897	Deletion	75
3R	29126822	29126940	Deletion	118
3R	29126822	29126942	Deletion	120
3R	29126822	29126858	Deletion	36
3R	29126822	29126900	Deletion	78
3R	29126822	29126889	Deletion	67
3R	29126822	29126934	Deletion	112
3R	29126822	29126878	Deletion	56
3R	29126822	29126893	Deletion	71
3R	29126822	29126880	Deletion	58
3R	29146633	29146707	Deletion	74
3R	29146654	29146707	Deletion	53
3R	29146655	29146707	Deletion	52
3R	29146905	29146707	Deletion	198
3R	29146905	29146978	Deletion	73
3R	29146905	29146957	Deletion	52
3R	29146905	29146956	Deletion	51
3R	29146905	29146979	Deletion	74
3R	29189518	29189622	Deletion	104
3R	29189528	29189622	Deletion	94
3R	29189551	29189622	Deletion	71
3R	29189578	29189622	Deletion	44
3R	29195241	29189622	Deletion	5619
3R	29195241	29195274	Deletion	33
3R	29195241	29195365	Deletion	124
3R	29195241	29195324	Deletion	83
3R	29195241	29195297	Deletion	56
3R	29212391	29212438	Deletion	47
3R	29212490	29212438	Deletion	52
3R	29212490	29212569	Deletion	79
3R	29212490	29212543	Deletion	53
3R	29216666	29216723	Deletion	57
3R	29216690	29216723	Deletion	33
3R	29217300	29216723	Deletion	577
3R	29217300	29217369	Deletion	69
3R	29217300	29217347	Deletion	47
3R	29225477	29225599	Deletion	122
3R	29225487	29225599	Deletion	112
3R	29225527	29225599	Deletion	72
3R	29225554	29225599	Deletion	45
3R	29228384	29225595	Deletion	2789
3R	29228384	29228500	Deletion	116
3R	29228384	29228440	Deletion	56
3R	29228384	29228467	Deletion	83
3R	29240798	29240868	Deletion	70
3R	29240817	29240866	Deletion	49
3R	29248631	29248688	Deletion	57
3R	29248631	29248675	Deletion	44
3R	29248631	29248707	Deletion	76
3R	29253579	29253635	Deletion	56
3R	29253602	29253635	Deletion	33
3R	29254815	29253635	Deletion	1180
3R	29254815	29254886	Deletion	71
3R	29257064	29257149	Deletion	85
3R	29257066	29257149	Deletion	83
3R	29257109	29257149	Deletion	40
3R	29257118	29257149	Deletion	31
3R	29258333	29257149	Deletion	1184
3R	29258333	29258374	Deletion	41
3R	29258333	29258376	Deletion	43
3R	29258333	29258419	Deletion	86
3R	29268078	29268164	Deletion	86
3R	29268113	29268164	Deletion	51
3R	29268123	29268164	Deletion	41
3R	29268213	29268164	Deletion	49
3R	29268213	29268290	Deletion	77
3R	29268213	29268255	Deletion	42
3R	29268484	29268582	Deletion	98
3R	29268486	29268582	Deletion	96
3R	29268551	29268582	Deletion	31
3R	29269859	29268582	Deletion	1277
3R	29269859	29269977	Deletion	118
3R	29279070	29279135	Deletion	65
3R	29279098	29279135	Deletion	37
3R	29280565	29279135	Deletion	1430
3R	29280565	29280655	Deletion	90
3R	29287146	29287251	Deletion	105
3R	29287150	29287251	Deletion	101
3R	29287162	29287251	Deletion	89
3R	29287164	29287251	Deletion	87
3R	29287168	29287251	Deletion	83
3R	29287192	29287251	Deletion	59
3R	29288239	29287251	Deletion	988
3R	29288239	29288306	Deletion	67
3R	29288239	29288278	Deletion	39
3R	29288239	29288282	Deletion	43
3R	29298065	29298178	Deletion	113
3R	29298120	29298178	Deletion	58
3R	29298341	29298178	Deletion	163
3R	29303688	29303805	Deletion	117
3R	29304828	29304946	Deletion	118
3R	29304839	29304946	Deletion	107
3R	29304879	29304946	Deletion	67
3R	29304911	29304946	Deletion	35
3R	29305497	29304946	Deletion	551
3R	29305497	29305557	Deletion	60
3R	29305497	29305606	Deletion	109
3R	29305497	29305589	Deletion	92
3R	29312653	29312695	Deletion	42
3R	29314057	29312695	Deletion	1362
3R	29334416	29334493	Deletion	77
3R	29334425	29334493	Deletion	68
3R	29334455	29334493	Deletion	38
3R	29342177	29334493	Deletion	7684
3R	29342177	29342235	Deletion	58
3R	29342177	29342265	Deletion	88
3R	29342177	29342300	Deletion	123
3R	29353541	29353617	Deletion	76
3R	29353775	29353617	Deletion	158
3R	29353775	29353825	Deletion	50
3R	29356921	29357011	Deletion	90
3R	29356940	29357011	Deletion	71
3R	29356953	29357011	Deletion	58
3R	29356964	29357008	Deletion	44
3R	29359701	29357011	Deletion	2690
3R	29359701	29359737	Deletion	36
3R	29359701	29359800	Deletion	99
3R	29359701	29359769	Deletion	68
3R	29359701	29359780	Deletion	79
3R	29363814	29363915	Deletion	101
3R	29363851	29363915	Deletion	64
3R	29363992	29363915	Deletion	77
3R	29363992	29364105	Deletion	113
3R	29379029	29374501	Deletion	4528
3R	29402426	29402482	Deletion	56
3R	29402426	29402509	Deletion	83
3R	29402426	29402512	Deletion	86
3R	29402426	29402520	Deletion	94
3R	29402426	29402516	Deletion	90
3R	29403119	29403168	Deletion	49
3R	29403138	29403168	Deletion	30
3R	29403225	29403168	Deletion	57
3R	29403225	29403328	Deletion	103
3R	29403225	29403261	Deletion	36
3R	29403225	29403303	Deletion	78
3R	29411756	29411833	Deletion	77
3R	29411759	29411833	Deletion	74
3R	29411764	29411833	Deletion	69
3R	29411777	29411833	Deletion	56
3R	29411788	29411833	Deletion	45
3R	29416859	29411833	Deletion	5026
3R	29416859	29416909	Deletion	50
3R	29416859	29416917	Deletion	58
3R	29416859	29416912	Deletion	53
3R	29416859	29416930	Deletion	71
3R	29419517	29419617	Deletion	100
3R	29419537	29419617	Deletion	80
3R	29419562	29419617	Deletion	55
3R	29419567	29419617	Deletion	50
3R	29419584	29419617	Deletion	33
3R	29432171	29419617	Deletion	12554
3R	29432171	29432245	Deletion	74
3R	29432171	29432217	Deletion	46
3R	29432196	29432242	Deletion	46
3R	29432205	29432245	Deletion	40
3R	29434486	29432245	Deletion	2241
3R	29434486	29434572	Deletion	86
3R	29434486	29434594	Deletion	108
3R	29434486	29434562	Deletion	76
3R	29434879	29434988	Deletion	109
3R	29434910	29434988	Deletion	78
3R	29434912	29434988	Deletion	76
3R	29434914	29434988	Deletion	74
3R	29436212	29436262	Deletion	50
3R	29436212	29436260	Deletion	48
3R	29436212	29436317	Deletion	105
3R	29436212	29436264	Deletion	52
3R	29437192	29437289	Deletion	97
3R	29437347	29437289	Deletion	58
3R	29437347	29437454	Deletion	107
3R	29437347	29437459	Deletion	112
3R	29437347	29437445	Deletion	98
3R	29440766	29440866	Deletion	100
3R	29440798	29440866	Deletion	68
3R	29440808	29440866	Deletion	58
3R	29444234	29440866	Deletion	3368
3R	29444234	29444302	Deletion	68
3R	29444234	29444339	Deletion	105
3R	29444234	29444350	Deletion	116
3R	29475506	29469319	Deletion	6187
3R	29475506	29475617	Deletion	111
3R	29492036	29492069	Deletion	33
3R	29492037	29492069	Deletion	32
3R	29493581	29492069	Deletion	1512
3R	29493581	29493675	Deletion	94
3R	29494714	29494774	Deletion	60
3R	29494721	29494774	Deletion	53
3R	29500079	29494774	Deletion	5305
3R	29500079	29500115	Deletion	36
3R	29500079	29500146	Deletion	67
3R	29500079	29500185	Deletion	106
3R	29500079	29500153	Deletion	74
3R	29514162	29514203	Deletion	41
3R	29521484	29514203	Deletion	7281
3R	29521484	29521569	Deletion	85
3R	29521484	29521601	Deletion	117
3R	29533106	29533175	Deletion	69
3R	29533115	29533175	Deletion	60
3R	29533144	29533175	Deletion	31
3R	29534763	29533175	Deletion	1588
3R	29534763	29534820	Deletion	57
3R	29534763	29534884	Deletion	121
3R	29534763	29534797	Deletion	34
3R	29534763	29534870	Deletion	107
3R	29534763	29534829	Deletion	66
3R	29541185	29541263	Deletion	78
3R	29541663	29541263	Deletion	400
3R	29541663	29541711	Deletion	48
3R	29570356	29570446	Deletion	90
3R	29570379	29570446	Deletion	67
3R	29570383	29570446	Deletion	63
3R	29570386	29570446	Deletion	60
3R	29570403	29570446	Deletion	43
3R	29587908	29570446	Deletion	17462
3R	29587908	29587991	Deletion	83
3R	29587908	29587971	Deletion	63
3R	29587908	29587974	Deletion	66
3R	29587908	29587944	Deletion	36
3R	29633962	29634045	Deletion	83
3R	29633965	29634045	Deletion	80
3R	29633980	29634045	Deletion	65
3R	29633988	29634045	Deletion	57
3R	29633991	29634045	Deletion	54
3R	29633993	29634045	Deletion	52
3R	29633995	29634045	Deletion	50
3R	29634011	29634045	Deletion	34
3R	29637285	29634045	Deletion	3240
3R	29637285	29637328	Deletion	43
3R	29637285	29637397	Deletion	112
3R	29637285	29637331	Deletion	46
3R	29637285	29637346	Deletion	61
3R	29637285	29637354	Deletion	69
3R	29637285	29637361	Deletion	76
3R	29637285	29637359	Deletion	74
3R	29637285	29637377	Deletion	92
3R	29654605	29654717	Deletion	112
3R	29654611	29654717	Deletion	106
3R	29654618	29654717	Deletion	99
3R	29667299	29667384	Deletion	85
3R	29667299	29667360	Deletion	61
3R	29667299	29667356	Deletion	57
3R	29667299	29667413	Deletion	114
3R	29676782	29676897	Deletion	115
3R	29676803	29676897	Deletion	94
3R	29676814	29676897	Deletion	83
3R	29676853	29676897	Deletion	44
3R	29676861	29676897	Deletion	36
3R	29690061	29676897	Deletion	13164
3R	29690061	29690145	Deletion	84
3R	29690061	29690153	Deletion	92
3R	29690061	29690176	Deletion	115
3R	29690061	29690177	Deletion	116
3R	29690061	29690095	Deletion	34
3R	29695672	29695775	Deletion	103
3R	29695690	29695775	Deletion	85
3R	29695698	29695775	Deletion	77
3R	29695700	29695775	Deletion	75
3R	29695715	29695775	Deletion	60
3R	29695738	29695775	Deletion	37
3R	29695743	29695775	Deletion	32
3R	29700877	29695775	Deletion	5102
3R	29700877	29700918	Deletion	41
3R	29700877	29700928	Deletion	51
3R	29700877	29700971	Deletion	94
3R	29700877	29700943	Deletion	66
3R	29700877	29700926	Deletion	49
3R	29709593	29709670	Deletion	77
3R	29716883	29709670	Deletion	7213
3R	29722255	29722336	Deletion	81
3R	29722300	29722336	Deletion	36
3R	29722304	29722336	Deletion	32
3R	29724669	29722336	Deletion	2333
3R	29724669	29724763	Deletion	94
3R	29724669	29724773	Deletion	104
3R	29724669	29724759	Deletion	90
3R	29724669	29724778	Deletion	109
3R	29729122	29729224	Deletion	102
3R	29729151	29729224	Deletion	73
3R	29729178	29729224	Deletion	46
3R	29729180	29729224	Deletion	44
3R	29735494	29729224	Deletion	6270
3R	29735494	29735574	Deletion	80
3R	29735494	29735594	Deletion	100
3R	29735494	29735576	Deletion	82
3R	29735497	29735614	Deletion	117
3R	29749997	29750085	Deletion	88
3R	29750014	29750085	Deletion	71
3R	29750449	29750504	Deletion	55
3R	29750449	29750548	Deletion	99
3R	29750449	29750564	Deletion	115
3R	29756923	29756999	Deletion	76
3R	29756938	29756999	Deletion	61
3R	29756941	29756999	Deletion	58
3R	29756955	29756999	Deletion	44
3R	29769481	29769546	Deletion	65
3R	29769481	29769580	Deletion	99
3R	29769481	29769581	Deletion	100
3R	29769481	29769522	Deletion	41
3R	29769481	29769531	Deletion	50
3R	29769481	29769563	Deletion	82
3R	29817890	29818003	Deletion	113
3R	29817939	29818003	Deletion	64
3R	29817954	29818003	Deletion	49
3R	29829025	29829103	Deletion	78
3R	29829025	29829142	Deletion	117
3R	29829025	29829088	Deletion	63
3R	29853811	29853914	Deletion	103
3R	29853816	29853914	Deletion	98
3R	29853819	29853914	Deletion	95
3R	29853822	29853914	Deletion	92
3R	29853851	29853914	Deletion	63
3R	29853857	29853914	Deletion	57
3R	29857028	29853914	Deletion	3114
3R	29857028	29857061	Deletion	33
3R	29857028	29857099	Deletion	71
3R	29857028	29857151	Deletion	123
3R	29857028	29857093	Deletion	65
3R	29857028	29857064	Deletion	36
3R	29863367	29863437	Deletion	70
3R	29863402	29863437	Deletion	35
3R	29871372	29863437	Deletion	7935
3R	29871372	29871464	Deletion	92
3R	29871372	29871484	Deletion	112
3R	29871372	29871429	Deletion	57
3R	29872384	29872483	Deletion	99
3R	29872430	29872483	Deletion	53
3R	29872436	29872483	Deletion	47
3R	29872437	29872483	Deletion	46
3R	29872929	29872483	Deletion	446
3R	29872929	29873009	Deletion	80
3R	29872929	29873038	Deletion	109
3R	29872929	29873002	Deletion	73
3R	29873408	29873501	Deletion	93
3R	29873549	29873501	Deletion	48
3R	29878542	29878641	Deletion	99
3R	29878544	29878641	Deletion	97
3R	29878595	29878641	Deletion	46
3R	29878607	29878641	Deletion	34
3R	29881283	29878641	Deletion	2642
3R	29881283	29881363	Deletion	80
3R	29893690	29893783	Deletion	93
3R	29893707	29893783	Deletion	76
3R	29893712	29893783	Deletion	71
3R	29893751	29893783	Deletion	32
3R	29893753	29893783	Deletion	30
3R	29893838	29893783	Deletion	55
3R	29893838	29893893	Deletion	55
3R	29893838	29893888	Deletion	50
3R	29893838	29893871	Deletion	33
3R	29893838	29893932	Deletion	94
3R	29893838	29893934	Deletion	96
3R	29893838	29893955	Deletion	117
3R	29895406	29895439	Deletion	33
3R	29900742	29895439	Deletion	5303
3R	29900742	29900848	Deletion	106
3R	29900742	29900836	Deletion	94
3R	29900742	29900856	Deletion	114
3R	29900742	29900844	Deletion	102
3R	29900742	29900780	Deletion	38
3R	29905902	29905963	Deletion	61
3R	29905914	29905963	Deletion	49
3R	29905933	29905963	Deletion	30
3R	29910244	29905963	Deletion	4281
3R	29910244	29910309	Deletion	65
3R	29910244	29910340	Deletion	96
3R	29910244	29910321	Deletion	77
3R	29923192	29923301	Deletion	109
3R	29923203	29923301	Deletion	98
3R	29923440	29923301	Deletion	139
3R	29937600	29937668	Deletion	68
3R	29937604	29937668	Deletion	64
3R	29937613	29937668	Deletion	55
3R	29937620	29937668	Deletion	48
3R	29938059	29938137	Deletion	78
3R	29938059	29938130	Deletion	71
3R	29938059	29938117	Deletion	58
3R	29938059	29938121	Deletion	62
3R	29938059	29938159	Deletion	100
3R	29945550	29945651	Deletion	101
3R	29945557	29945651	Deletion	94
3R	29945574	29945651	Deletion	77
3R	29945599	29945651	Deletion	52
3R	29945600	29945651	Deletion	51
3R	29954308	29945651	Deletion	8657
3R	29954308	29954432	Deletion	124
3R	29954308	29954382	Deletion	74
3R	29954308	29954340	Deletion	32
3R	29954308	29954383	Deletion	75
3R	29954630	29954719	Deletion	89
3R	29954652	29954719	Deletion	67
3R	29954656	29954719	Deletion	63
3R	29957519	29954719	Deletion	2800
3R	29957519	29957639	Deletion	120
3R	29957519	29957633	Deletion	114
3R	29957519	29957556	Deletion	37
3R	29957521	29957582	Deletion	61
3R	29967499	29967607	Deletion	108
3R	29967500	29967607	Deletion	107
3R	29967508	29967607	Deletion	99
3R	29967512	29967607	Deletion	95
3R	29967538	29967607	Deletion	69
3R	29967547	29967607	Deletion	60
3R	29967553	29967607	Deletion	54
3R	29967569	29967607	Deletion	38
3R	29967577	29967607	Deletion	30
3R	29967719	29967607	Deletion	112
3R	29967719	29967776	Deletion	57
3R	29967719	29967791	Deletion	72
3R	29967719	29967837	Deletion	118
3R	29967719	29967807	Deletion	88
3R	29967719	29967815	Deletion	96
3R	29967719	29967750	Deletion	31
3R	29967719	29967785	Deletion	66
3R	29975157	29975268	Deletion	111
3R	29975192	29975268	Deletion	76
3R	29975207	29975268	Deletion	61
3R	29975218	29975268	Deletion	50
3R	29975224	29975268	Deletion	44
3R	29975238	29975268	Deletion	30
3R	29975753	29975268	Deletion	485
3R	29975753	29975836	Deletion	83
3R	29975753	29975875	Deletion	122
3R	29975753	29975819	Deletion	66
3R	29975753	29975850	Deletion	97
3R	29975753	29975830	Deletion	77
3R	29984021	29984109	Deletion	88
3R	29984043	29984109	Deletion	66
3R	29984052	29984109	Deletion	57
3R	29984074	29984109	Deletion	35
3R	29984077	29984109	Deletion	32
3R	29993848	29984109	Deletion	9739
3R	29993848	29993943	Deletion	95
3R	29993848	29993912	Deletion	64
3R	29993848	29993946	Deletion	98
3R	29993848	29993921	Deletion	73
3R	29993848	29993953	Deletion	105
3R	30003914	29996531	Deletion	7383
3R	30003914	30004023	Deletion	109
3R	30003914	30004014	Deletion	100
3R	30008253	30008346	Deletion	93
3R	30008483	30008346	Deletion	137
3R	30008483	30008580	Deletion	97
3R	30008483	30008516	Deletion	33
3R	30008483	30008592	Deletion	109
3R	30031304	30031410	Deletion	106
3R	30031305	30031410	Deletion	105
3R	30031330	30031410	Deletion	80
3R	30031331	30031410	Deletion	79
3R	30031334	30031410	Deletion	76
3R	30031341	30031410	Deletion	69
3R	30031349	30031410	Deletion	61
3R	30031364	30031410	Deletion	46
3R	30031371	30031410	Deletion	39
3R	30031372	30031410	Deletion	38
3R	30031378	30031410	Deletion	32
3R	30045576	30031410	Deletion	14166
3R	30045576	30045626	Deletion	50
3R	30045576	30045633	Deletion	57
3R	30045576	30045641	Deletion	65
3R	30045576	30045622	Deletion	46
3R	30045576	30045663	Deletion	87
3R	30045576	30045687	Deletion	111
3R	30045576	30045656	Deletion	80
3R	30045576	30045664	Deletion	88
3R	30045576	30045623	Deletion	47
3R	30053099	30053207	Deletion	108
3R	30053118	30053207	Deletion	89
3R	30053119	30053207	Deletion	88
3R	30053176	30053207	Deletion	31
3R	30053177	30053207	Deletion	30
3R	30054175	30053207	Deletion	968
3R	30054175	30054270	Deletion	95
3R	30054175	30054271	Deletion	96
3R	30054175	30054213	Deletion	38
3R	30056426	30056528	Deletion	102
3R	30056430	30056528	Deletion	98
3R	30056447	30056528	Deletion	81
3R	30056448	30056528	Deletion	80
3R	30056456	30056528	Deletion	72
3R	30056465	30056528	Deletion	63
3R	30062905	30056528	Deletion	6377
3R	30062905	30062969	Deletion	64
3R	30062905	30063016	Deletion	111
3R	30062905	30062952	Deletion	47
3R	30062905	30062960	Deletion	55
3R	30082459	30082567	Deletion	108
3R	30082487	30082567	Deletion	80
3R	30084988	30085019	Deletion	31
3R	30086569	30086616	Deletion	47
3R	30086569	30086687	Deletion	118
3R	30106282	30106393	Deletion	111
3R	30106287	30106393	Deletion	106
3R	30106303	30106393	Deletion	90
3R	30106332	30106393	Deletion	61
3R	30109652	30106393	Deletion	3259
3R	30109652	30109688	Deletion	36
3R	30112159	30112271	Deletion	112
3R	30112207	30112271	Deletion	64
3R	30112209	30112271	Deletion	62
3R	30112211	30112271	Deletion	60
3R	30112217	30112271	Deletion	54
3R	30112343	30112271	Deletion	72
3R	30112343	30112466	Deletion	123
3R	30112343	30112410	Deletion	67
3R	30112343	30112416	Deletion	73
3R	30112343	30112408	Deletion	65
3R	30112761	30112836	Deletion	75
3R	30112781	30112836	Deletion	55
3R	30116701	30116750	Deletion	49
3R	30116701	30116752	Deletion	51
3R	30117095	30117148	Deletion	53
3R	30118615	30117148	Deletion	1467
3R	30118615	30118677	Deletion	62
3R	30118615	30118714	Deletion	99
3R	30120514	30120590	Deletion	76
3R	30120517	30120590	Deletion	73
3R	30120525	30120590	Deletion	65
3R	30120532	30120590	Deletion	58
3R	30120533	30120590	Deletion	57
3R	30120539	30120590	Deletion	51
3R	30120542	30120590	Deletion	48
3R	30120549	30120590	Deletion	41
3R	30123749	30120590	Deletion	3159
3R	30123749	30123834	Deletion	85
3R	30123749	30123799	Deletion	50
3R	30123749	30123802	Deletion	53
3R	30123749	30123817	Deletion	68
3R	30123749	30123824	Deletion	75
3R	30123749	30123818	Deletion	69
3R	30123749	30123857	Deletion	108
3R	30123749	30123810	Deletion	61
3R	30125177	30125248	Deletion	71
3R	30125183	30125248	Deletion	65
3R	30125206	30125248	Deletion	42
3R	30135488	30125248	Deletion	10240
3R	30135488	30135549	Deletion	61
3R	30135488	30135543	Deletion	55
3R	30135488	30135528	Deletion	40
3R	30135488	30135588	Deletion	100
3R	30135488	30135586	Deletion	98
3R	30135488	30135572	Deletion	84
3R	30135854	30135964	Deletion	110
3R	30135859	30135964	Deletion	105
3R	30135877	30135964	Deletion	87
3R	30135905	30135964	Deletion	59
3R	30135923	30135964	Deletion	41
3R	30135924	30135964	Deletion	40
3R	30146994	30135964	Deletion	11030
3R	30146994	30147081	Deletion	87
3R	30146994	30147063	Deletion	69
3R	30146994	30147102	Deletion	108
3R	30146994	30147111	Deletion	117
3R	30154046	30154133	Deletion	87
3R	30154047	30154133	Deletion	86
3R	30154072	30154133	Deletion	61
3R	30154088	30154133	Deletion	45
3R	30154099	30154133	Deletion	34
3R	30154103	30154133	Deletion	30
3R	30154607	30154133	Deletion	474
3R	30154607	30154672	Deletion	65
3R	30154607	30154688	Deletion	81
3R	30154607	30154706	Deletion	99
3R	30154607	30154703	Deletion	96
3R	30154607	30154647	Deletion	40
3R	30154607	30154705	Deletion	98
3R	30154607	30154646	Deletion	39
3R	30167331	30167414	Deletion	83
3R	30167336	30167414	Deletion	78
3R	30167353	30167414	Deletion	61
3R	30167360	30167414	Deletion	54
3R	30185104	30167414	Deletion	17690
3R	30185104	30185139	Deletion	35
3R	30185104	30185176	Deletion	72
3R	30185104	30185147	Deletion	43
3R	30185104	30185169	Deletion	65
3R	30185104	30185203	Deletion	99
3R	30185104	30185222	Deletion	118
3R	30186651	30186702	Deletion	51
3R	30188901	30186702	Deletion	2199
3R	30188901	30188976	Deletion	75
3R	30188901	30189007	Deletion	106
3R	30188901	30189018	Deletion	117
3R	30200561	30200670	Deletion	109
3R	30200618	30200670	Deletion	52
3R	30200632	30200670	Deletion	38
3R	30200635	30200670	Deletion	35
3R	30201075	30200670	Deletion	405
3R	30201075	30201183	Deletion	108
3R	30201075	30201166	Deletion	91
3R	30201075	30201149	Deletion	74
3R	30210332	30210408	Deletion	76
3R	30211369	30210408	Deletion	961
3R	30211369	30211421	Deletion	52
3R	30211369	30211468	Deletion	99
3R	30222628	30222659	Deletion	31
3R	30222711	30222659	Deletion	52
3R	30222711	30222794	Deletion	83
3R	30222711	30222760	Deletion	49
3R	30222711	30222806	Deletion	95
3R	30222711	30222813	Deletion	102
3R	30222711	30222835	Deletion	124
3R	30232112	30232216	Deletion	104
3R	30232121	30232216	Deletion	95
3R	30232139	30232216	Deletion	77
3R	30232155	30232216	Deletion	61
3R	30232172	30232216	Deletion	44
3R	30233142	30232216	Deletion	926
3R	30233142	30233226	Deletion	84
3R	30233142	30233209	Deletion	67
3R	30233142	30233175	Deletion	33
3R	30235384	30235437	Deletion	53
3R	30236789	30235437	Deletion	1352
3R	30236789	30236901	Deletion	112
3R	30236789	30236863	Deletion	74
3R	30270633	30270705	Deletion	72
3R	30270651	30270705	Deletion	54
3R	30270655	30270705	Deletion	50
3R	30273300	30270705	Deletion	2595
3R	30273300	30273423	Deletion	123
3R	30273300	30273373	Deletion	73
3R	30273300	30273415	Deletion	115
3R	30273300	30273355	Deletion	55
3R	30301527	30301630	Deletion	103
3R	30301530	30301630	Deletion	100
3R	30301560	30301630	Deletion	70
3R	30301565	30301630	Deletion	65
3R	30301848	30301630	Deletion	218
3R	30301848	30301905	Deletion	57
3R	30301848	30301910	Deletion	62
3R	30308826	30308923	Deletion	97
3R	30311032	30308923	Deletion	2109
3R	30312483	30312602	Deletion	119
3R	30312565	30312602	Deletion	37
3R	30347362	30347474	Deletion	112
3R	30347422	30347474	Deletion	52
3R	30347524	30347474	Deletion	50
3R	30347524	30347599	Deletion	75
3R	30347524	30347637	Deletion	113
3R	30375326	30357939	Deletion	17387
3R	30375326	30375364	Deletion	38
3R	30385118	30385155	Deletion	37
3R	30385121	30385155	Deletion	34
3R	30391527	30385155	Deletion	6372
3R	30391527	30391619	Deletion	92
3R	30391527	30391637	Deletion	110
3R	30391527	30391574	Deletion	47
3R	30400093	30400214	Deletion	121
3R	30400093	30400124	Deletion	31
3R	30400093	30400123	Deletion	30
3R	30400093	30400145	Deletion	52
3R	30400093	30400175	Deletion	82
3R	30400093	30400216	Deletion	123
3R	30403261	30403365	Deletion	104
3R	30412668	30412751	Deletion	83
3R	30412693	30412751	Deletion	58
3R	30415870	30412751	Deletion	3119
3R	30415870	30415914	Deletion	44
3R	30415870	30415987	Deletion	117
3R	30415870	30415939	Deletion	69
3R	30418398	30418506	Deletion	108
3R	30418416	30418506	Deletion	90
3R	30418462	30418506	Deletion	44
3R	30418469	30418506	Deletion	37
3R	30418470	30418506	Deletion	36
3R	30418474	30418506	Deletion	32
3R	30420756	30418506	Deletion	2250
3R	30420756	30420850	Deletion	94
3R	30420756	30420863	Deletion	107
3R	30420756	30420792	Deletion	36
3R	30420756	30420846	Deletion	90
3R	30420756	30420845	Deletion	89
3R	30420756	30420838	Deletion	82
3R	30421457	30421568	Deletion	111
3R	30421466	30421568	Deletion	102
3R	30421470	30421568	Deletion	98
3R	30421476	30421568	Deletion	92
3R	30421485	30421568	Deletion	83
3R	30421495	30421568	Deletion	73
3R	30421518	30421568	Deletion	50
3R	30421526	30421568	Deletion	42
3R	30421621	30421568	Deletion	53
3R	30421621	30421697	Deletion	76
3R	30421621	30421705	Deletion	84
3R	30421621	30421674	Deletion	53
3R	30421621	30421664	Deletion	43
3R	30441462	30441569	Deletion	107
3R	30441481	30441569	Deletion	88
3R	30441530	30441569	Deletion	39
3R	30442555	30441569	Deletion	986
3R	30442555	30442644	Deletion	89
3R	30454226	30454301	Deletion	75
3R	30454260	30454301	Deletion	41
3R	30454356	30454301	Deletion	55
3R	30454356	30454459	Deletion	103
3R	30454356	30454466	Deletion	110
3R	30454356	30454441	Deletion	85
3R	30454356	30454393	Deletion	37
3R	30461148	30461234	Deletion	86
3R	30461163	30461234	Deletion	71
3R	30461164	30461234	Deletion	70
3R	30471690	30461234	Deletion	10456
3R	30471690	30471746	Deletion	56
3R	30471690	30471745	Deletion	55
3R	30471690	30471730	Deletion	40
3R	30473566	30473618	Deletion	52
3R	30473590	30473620	Deletion	30
3R	30480136	30473620	Deletion	6516
3R	30480136	30480208	Deletion	72
3R	30480136	30480245	Deletion	109
3R	30480136	30480198	Deletion	62
3R	30496164	30496212	Deletion	48
3R	30499175	30496212	Deletion	2963
3R	30499175	30499253	Deletion	78
3R	30499175	30499292	Deletion	117
3R	30499175	30499297	Deletion	122
3R	30521913	30522030	Deletion	117
3R	30521915	30522030	Deletion	115
3R	30521953	30522030	Deletion	77
3R	30521969	30522030	Deletion	61
3R	30543618	30522030	Deletion	21588
3R	30543618	30543668	Deletion	50
3R	30543618	30543684	Deletion	66
3R	30549717	30549798	Deletion	81
3R	30549751	30549798	Deletion	47
3R	30549768	30549798	Deletion	30
3R	30550530	30549798	Deletion	732
3R	30550530	30550628	Deletion	98
3R	30550530	30550577	Deletion	47
3R	30585988	30586091	Deletion	103
3R	30585992	30586091	Deletion	99
3R	30586015	30586091	Deletion	76
3R	30586021	30586091	Deletion	70
3R	30586044	30586091	Deletion	47
3R	30593488	30586091	Deletion	7397
3R	30593488	30593607	Deletion	119
3R	30593488	30593538	Deletion	50
3R	30593488	30593567	Deletion	79
3R	30593488	30593588	Deletion	100
3R	30593488	30593544	Deletion	56
3R	30603636	30603746	Deletion	110
3R	30603647	30603746	Deletion	99
3R	30603657	30603746	Deletion	89
3R	30603680	30603746	Deletion	66
3R	30603698	30603746	Deletion	48
3R	30603873	30603746	Deletion	127
3R	30603873	30603995	Deletion	122
3R	30603873	30603951	Deletion	78
3R	30603873	30603972	Deletion	99
3R	30603873	30603933	Deletion	60
3R	30607744	30607830	Deletion	86
3R	30607745	30607830	Deletion	85
3R	30607775	30607830	Deletion	55
3R	30607776	30607830	Deletion	54
3R	30607793	30607830	Deletion	37
3R	30608199	30608240	Deletion	41
3R	30608199	30608288	Deletion	89
3R	30608199	30608301	Deletion	102
3R	30608199	30608312	Deletion	113
3R	30608199	30608237	Deletion	38
3R	30608199	30608310	Deletion	111
3R	30608199	30608271	Deletion	72
3R	30619883	30619958	Deletion	75
3R	30619885	30619958	Deletion	73
3R	30619917	30619958	Deletion	41
3R	30631124	30631209	Deletion	85
3R	30631124	30631177	Deletion	53
3R	30631124	30631175	Deletion	51
3R	30631127	30631231	Deletion	104
3R	30634951	30635018	Deletion	67
3R	30634978	30635018	Deletion	40
3R	30637103	30635018	Deletion	2085
3R	30637103	30637162	Deletion	59
3R	30639921	30640012	Deletion	91
3R	30639948	30640012	Deletion	64
3R	30639968	30640012	Deletion	44
3R	30641223	30640012	Deletion	1211
3R	30641223	30641329	Deletion	106
3R	30641223	30641258	Deletion	35
3R	30641223	30641285	Deletion	62
3R	30641223	30641305	Deletion	82
3R	30641223	30641332	Deletion	109
3R	30642318	30642420	Deletion	102
3R	30642344	30642420	Deletion	76
3R	30642346	30642420	Deletion	74
3R	30649412	30642420	Deletion	6992
3R	30649412	30649464	Deletion	52
3R	30660162	30660234	Deletion	72
3R	30660185	30660234	Deletion	49
3R	30660186	30660234	Deletion	48
3R	30660204	30660234	Deletion	30
3R	30660432	30660234	Deletion	198
3R	30660432	30660528	Deletion	96
3R	30660432	30660510	Deletion	78
3R	30660432	30660509	Deletion	77
3R	30664691	30664792	Deletion	101
3R	30664701	30664792	Deletion	91
3R	30664711	30664792	Deletion	81
3R	30666373	30664792	Deletion	1581
3R	30666373	30666490	Deletion	117
3R	30666373	30666418	Deletion	45
3R	30692285	30692384	Deletion	99
3R	30692345	30692384	Deletion	39
3R	30693571	30692384	Deletion	1187
3R	30693571	30693658	Deletion	87
3R	30695331	30695430	Deletion	99
3R	30695361	30695430	Deletion	69
3R	30695371	30695430	Deletion	59
3R	30695983	30695430	Deletion	553
3R	30695983	30696106	Deletion	123
3R	30695983	30696050	Deletion	67
3R	30702104	30702214	Deletion	110
3R	30702112	30702214	Deletion	102
3R	30702178	30702214	Deletion	36
3R	30702269	30702214	Deletion	55
3R	30767268	30767330	Deletion	62
3R	30767273	30767330	Deletion	57
3R	30771115	30767330	Deletion	3785
3R	30771115	30771179	Deletion	64
3R	30771115	30771176	Deletion	61
3R	30809588	30809706	Deletion	118
3R	30809651	30809706	Deletion	55
3R	30809653	30809706	Deletion	53
3R	30813948	30809706	Deletion	4242
3R	30813948	30814022	Deletion	74
3R	30813948	30814020	Deletion	72
3R	30826006	30826102	Deletion	96
3R	30826008	30826102	Deletion	94
3R	30826018	30826100	Deletion	82
3R	30826047	30826102	Deletion	55
3R	30826055	30826102	Deletion	47
3R	30826069	30826102	Deletion	33
3R	30826279	30826102	Deletion	177
3R	30826279	30826309	Deletion	30
3R	30826279	30826403	Deletion	124
3R	30826279	30826321	Deletion	42
3R	30826279	30826372	Deletion	93
3R	30826279	30826311	Deletion	32
3R	30826279	30826350	Deletion	71
3R	30833457	30833559	Deletion	102
3R	30833508	30833559	Deletion	51
3R	30834061	30833559	Deletion	502
3R	30855494	30855552	Deletion	58
3R	30855626	30855552	Deletion	74
3R	30855626	30855678	Deletion	52
3R	30855626	30855731	Deletion	105
3R	30855920	30856034	Deletion	114
3R	30855956	30856034	Deletion	78
3R	30855966	30856034	Deletion	68
3R	30855976	30856034	Deletion	58
3R	30856141	30856034	Deletion	107
3R	30856141	30856189	Deletion	48
3R	30856141	30856199	Deletion	58
3R	30856141	30856239	Deletion	98
3R	30886677	30886759	Deletion	82
3R	30886688	30886759	Deletion	71
3R	30886700	30886759	Deletion	59
3R	30886707	30886759	Deletion	52
3R	30886714	30886759	Deletion	45
3R	30887415	30886759	Deletion	656
3R	30887415	30887496	Deletion	81
3R	30887415	30887522	Deletion	107
3R	30887415	30887470	Deletion	55
3R	30887415	30887482	Deletion	67
3R	30887415	30887489	Deletion	74
3R	30909331	30909419	Deletion	88
3R	30909335	30909419	Deletion	84
3R	30909349	30909419	Deletion	70
3R	30909370	30909419	Deletion	49
3R	30909382	30909419	Deletion	37
3R	30916834	30909419	Deletion	7415
3R	30916834	30916923	Deletion	89
3R	30916834	30916876	Deletion	42
3R	30916834	30916911	Deletion	77
3R	30916834	30916890	Deletion	56
3R	30936898	30936937	Deletion	39
3R	30936907	30936937	Deletion	30
3R	30937021	30936937	Deletion	84
3R	30937021	30937117	Deletion	96
3R	30937021	30937121	Deletion	100
3R	30980274	30980378	Deletion	104
3R	30980292	30980378	Deletion	86
3R	30980295	30980378	Deletion	83
3R	30980457	30980378	Deletion	79
3R	30980457	30980500	Deletion	43
3R	30984556	30984662	Deletion	106
3R	30984563	30984662	Deletion	99
3R	30984578	30984662	Deletion	84
3R	30984607	30984662	Deletion	55
3R	30984622	30984662	Deletion	40
3R	30984626	30984662	Deletion	36
3R	30984628	30984662	Deletion	34
3R	30984954	30984662	Deletion	292
3R	30984954	30985046	Deletion	92
3R	30984954	30985040	Deletion	86
3R	30984954	30985044	Deletion	90
3R	30984954	30985025	Deletion	71
3R	30989339	30989410	Deletion	71
3R	30989378	30989410	Deletion	32
3R	30989380	30989410	Deletion	30
3R	31002367	30989410	Deletion	12957
3R	31002367	31002474	Deletion	107
3R	31002367	31002422	Deletion	55
3R	31002367	31002463	Deletion	96
3R	31002367	31002470	Deletion	103
3R	31019667	31019762	Deletion	95
3R	31019687	31019762	Deletion	75
3R	31019688	31019762	Deletion	74
3R	31019704	31019762	Deletion	58
3R	31022592	31019762	Deletion	2830
3R	31022592	31022702	Deletion	110
3R	31022592	31022624	Deletion	32
3R	31022592	31022645	Deletion	53
3R	31022592	31022644	Deletion	52
3R	31022592	31022661	Deletion	69
3R	31063366	31063463	Deletion	97
3R	31063409	31063463	Deletion	54
3R	31063425	31063463	Deletion	38
3R	31065007	31063463	Deletion	1544
3R	31065007	31065097	Deletion	90
3R	31065007	31065038	Deletion	31
3R	31065007	31065111	Deletion	104
3R	31079744	31079780	Deletion	36
3R	31081260	31081341	Deletion	81
3R	31081396	31081475	Deletion	79
3R	31081817	31081895	Deletion	78
3R	31081817	31081859	Deletion	42
3R	31101288	31101368	Deletion	80
3R	31101318	31101368	Deletion	50
3R	31101321	31101368	Deletion	47
3R	31101325	31101368	Deletion	43
3R	31102539	31101368	Deletion	1171
3R	31102539	31102585	Deletion	46
3R	31102539	31102624	Deletion	85
3R	31102539	31102648	Deletion	109
3R	31102539	31102587	Deletion	48
3R	31102539	31102617	Deletion	78
3R	31107307	31107391	Deletion	84
3R	31107315	31107391	Deletion	76
3R	31107332	31107391	Deletion	59
3R	31107344	31107391	Deletion	47
3R	31107356	31107391	Deletion	35
3R	31109265	31107391	Deletion	1874
3R	31109265	31109334	Deletion	69
3R	31109265	31109309	Deletion	44
3R	31109265	31109358	Deletion	93
3R	31109265	31109346	Deletion	81
3R	31120351	31120461	Deletion	110
3R	31120360	31120461	Deletion	101
3R	31120369	31120461	Deletion	92
3R	31120393	31120461	Deletion	68
3R	31122178	31120461	Deletion	1717
3R	31122178	31122212	Deletion	34
3R	31122178	31122278	Deletion	100
3R	31125344	31125447	Deletion	103
3R	31125364	31125447	Deletion	83
3R	31125400	31125447	Deletion	47
3R	31134368	31125447	Deletion	8921
3R	31134368	31134448	Deletion	80
3R	31151767	31151851	Deletion	84
3R	31151776	31151851	Deletion	75
3R	31151787	31151851	Deletion	64
3R	31151803	31151851	Deletion	48
3R	31152035	31151851	Deletion	184
3R	31152035	31152089	Deletion	54
3R	31152035	31152080	Deletion	45
3R	31152035	31152116	Deletion	81
3R	31152035	31152074	Deletion	39
3R	31156979	31157098	Deletion	119
3R	31156982	31157098	Deletion	116
3R	31157021	31157098	Deletion	77
3R	31157031	31157098	Deletion	67
3R	31157046	31157098	Deletion	52
3R	31157058	31157098	Deletion	40
3R	31157063	31157098	Deletion	35
3R	31157189	31157098	Deletion	91
3R	31157189	31157287	Deletion	98
3R	31157189	31157238	Deletion	49
3R	31157189	31157275	Deletion	86
3R	31157189	31157280	Deletion	91
3R	31157189	31157248	Deletion	59
3R	31172855	31172945	Deletion	90
3R	31172898	31172945	Deletion	47
3R	31187919	31172945	Deletion	14974
3R	31187919	31188024	Deletion	105
3R	31187919	31188001	Deletion	82
3R	31204333	31204429	Deletion	96
3R	31204396	31204429	Deletion	33
3R	31206886	31204429	Deletion	2457
3R	31206886	31207003	Deletion	117
3R	31206886	31207005	Deletion	119
3R	31206886	31206920	Deletion	34
3R	31216873	31216959	Deletion	86
3R	31216880	31216959	Deletion	79
3R	31216897	31216959	Deletion	62
3R	31216903	31216959	Deletion	56
3R	31216909	31216959	Deletion	50
3R	31216913	31216959	Deletion	46
3R	31217091	31216959	Deletion	132
3R	31217091	31217156	Deletion	65
3R	31217091	31217162	Deletion	71
3R	31217091	31217168	Deletion	77
3R	31217091	31217172	Deletion	81
3R	31217091	31217132	Deletion	41
3R	31217095	31217139	Deletion	44
3R	31229817	31229933	Deletion	116
3R	31229827	31229933	Deletion	106
3R	31229861	31229933	Deletion	72
3R	31229897	31229933	Deletion	36
3R	31229902	31229933	Deletion	31
3R	31230082	31229933	Deletion	149
3R	31230082	31230178	Deletion	96
3R	31230082	31230137	Deletion	55
3R	31246858	31246907	Deletion	49
3R	31247401	31246907	Deletion	494
3R	31247401	31247478	Deletion	77
3R	31247401	31247460	Deletion	59
3R	31247404	31247524	Deletion	120
3R	31254982	31255044	Deletion	62
3R	31254991	31255044	Deletion	53
3R	31255540	31255044	Deletion	496
3R	31255540	31255613	Deletion	73
3R	31255540	31255652	Deletion	112
3R	31256055	31256104	Deletion	49
3R	31256064	31256101	Deletion	37
3R	31256167	31256104	Deletion	63
3R	31256167	31256290	Deletion	123
3R	31256167	31256280	Deletion	113
3R	31256167	31256204	Deletion	37
3R	31256167	31256279	Deletion	112
3R	31256167	31256253	Deletion	86
3R	31256432	31256541	Deletion	109
3R	31256446	31256541	Deletion	95
3R	31256465	31256541	Deletion	76
3R	31256500	31256541	Deletion	41
3R	31261493	31256541	Deletion	4952
3R	31261493	31261525	Deletion	32
3R	31261493	31261579	Deletion	86
3R	31261943	31262018	Deletion	75
3R	31261946	31262018	Deletion	72
3R	31261954	31262018	Deletion	64
3R	31268064	31268172	Deletion	108
3R	31268064	31268097	Deletion	33
3R	31268064	31268165	Deletion	101
3R	31268064	31268118	Deletion	54
3R	31268064	31268126	Deletion	62
3R	31268064	31268170	Deletion	106
3R	31276503	31276605	Deletion	102
3R	31276504	31276605	Deletion	101
3R	31276516	31276605	Deletion	89
3R	31276543	31276605	Deletion	62
3R	31276552	31276605	Deletion	53
3R	31276560	31276605	Deletion	45
3R	31287115	31287227	Deletion	112
3R	31287115	31287152	Deletion	37
3R	31287115	31287228	Deletion	113
3R	31287115	31287196	Deletion	81
3R	31287115	31287218	Deletion	103
3R	31287115	31287179	Deletion	64
3R	31303323	31303387	Deletion	64
3R	31303327	31303387	Deletion	60
3R	31303332	31303387	Deletion	55
3R	31303339	31303387	Deletion	48
3R	31309272	31303387	Deletion	5885
3R	31309272	31309343	Deletion	71
3R	31309272	31309338	Deletion	66
3R	31309272	31309350	Deletion	78
3R	31319123	31319203	Deletion	80
3R	31319148	31319203	Deletion	55
3R	31319170	31319203	Deletion	33
3R	31319171	31319203	Deletion	32
3R	31319315	31319203	Deletion	112
3R	31319315	31319408	Deletion	93
3R	31319315	31319386	Deletion	71
3R	31319315	31319409	Deletion	94
3R	31337260	31335600	Deletion	1660
3R	31337260	31337339	Deletion	79
3R	31337260	31337331	Deletion	71
3R	31337260	31337362	Deletion	102
3R	31337260	31337340	Deletion	80
3R	31337260	31337324	Deletion	64
3R	31349526	31349627	Deletion	101
3R	31349527	31349627	Deletion	100
3R	31349543	31349627	Deletion	84
3R	31349565	31349627	Deletion	62
3R	31349584	31349627	Deletion	43
3R	31349595	31349627	Deletion	32
3R	31367418	31349627	Deletion	17791
3R	31367418	31367512	Deletion	94
3R	31367418	31367482	Deletion	64
3R	31367418	31367460	Deletion	42
3R	31367418	31367537	Deletion	119
3R	31373849	31373935	Deletion	86
3R	31373853	31373935	Deletion	82
3R	31373858	31373935	Deletion	77
3R	31373876	31373935	Deletion	59
3R	31373880	31373935	Deletion	55
3R	31396261	31373930	Deletion	22331
3R	31396261	31396333	Deletion	72
3R	31396261	31396328	Deletion	67
3R	31396261	31396310	Deletion	49
3R	31396261	31396370	Deletion	109
3R	31396261	31396301	Deletion	40
3R	31403406	31403505	Deletion	99
3R	31403429	31403505	Deletion	76
3R	31403432	31403505	Deletion	73
3R	31403449	31403505	Deletion	56
3R	31404258	31403505	Deletion	753
3R	31404258	31404359	Deletion	101
3R	31404258	31404309	Deletion	51
3R	31404258	31404329	Deletion	71
3R	31404258	31404358	Deletion	100
3R	31404449	31404551	Deletion	102
3R	31404496	31404551	Deletion	55
3R	31404512	31404551	Deletion	39
3R	31404514	31404551	Deletion	37
3R	31404518	31404551	Deletion	33
3R	31405086	31404551	Deletion	535
3R	31405086	31405197	Deletion	111
3R	31405086	31405176	Deletion	90
3R	31405086	31405158	Deletion	72
3R	31405086	31405174	Deletion	88
3R	31412817	31412934	Deletion	117
3R	31412830	31412934	Deletion	104
3R	31412839	31412934	Deletion	95
3R	31412853	31412934	Deletion	81
3R	31412856	31412934	Deletion	78
3R	31412863	31412934	Deletion	71
3R	31412898	31412934	Deletion	36
3R	31413315	31413414	Deletion	99
3R	31422254	31422341	Deletion	87
3R	31422256	31422341	Deletion	85
3R	31422266	31422341	Deletion	75
3R	31422278	31422341	Deletion	63
3R	31422286	31422341	Deletion	55
3R	31422311	31422341	Deletion	30
3R	31422727	31422341	Deletion	386
3R	31422727	31422778	Deletion	51
3R	31422727	31422757	Deletion	30
3R	31422727	31422823	Deletion	96
3R	31422727	31422768	Deletion	41
3R	31422727	31422798	Deletion	71
3R	31422727	31422840	Deletion	113
3R	31422727	31422790	Deletion	63
3R	31439604	31439680	Deletion	76
3R	31439616	31439675	Deletion	59
3R	31439644	31439680	Deletion	36
3R	31442669	31439680	Deletion	2989
3R	31442669	31442731	Deletion	62
3R	31442669	31442719	Deletion	50
3R	31445017	31445135	Deletion	118
3R	31445027	31445135	Deletion	108
3R	31445041	31445135	Deletion	94
3R	31445044	31445135	Deletion	91
3R	31445065	31445135	Deletion	70
3R	31445081	31445135	Deletion	54
3R	31445084	31445135	Deletion	51
3R	31446144	31445135	Deletion	1009
3R	31446144	31446179	Deletion	35
3R	31446144	31446267	Deletion	123
3R	31446144	31446176	Deletion	32
3R	31446144	31446260	Deletion	116
3R	31446144	31446200	Deletion	56
3R	31446144	31446219	Deletion	75
3R	31446760	31446799	Deletion	39
3R	31449356	31446799	Deletion	2557
3R	31449356	31449443	Deletion	87
3R	31449356	31449461	Deletion	105
3R	31450867	31450926	Deletion	59
3R	31450870	31450926	Deletion	56
3R	31451075	31450926	Deletion	149
3R	31451075	31451146	Deletion	71
3R	31451589	31451643	Deletion	54
3R	31451602	31451643	Deletion	41
3R	31451605	31451643	Deletion	38
3R	31451610	31451643	Deletion	33
3R	31454848	31451643	Deletion	3205
3R	31454848	31454933	Deletion	85
3R	31454848	31454936	Deletion	88
3R	31454848	31454920	Deletion	72
3R	31454848	31454972	Deletion	124
3R	31456170	31456246	Deletion	76
3R	31456172	31456246	Deletion	74
3R	31456190	31456246	Deletion	56
3R	31456206	31456246	Deletion	40
3R	31496255	31496307	Deletion	52
3R	31496255	31496341	Deletion	86
3R	31496255	31496305	Deletion	50
3R	31496255	31496298	Deletion	43
3R	31537993	31538116	Deletion	123
3R	31538015	31538116	Deletion	101
3R	31538019	31538116	Deletion	97
3R	31538056	31538116	Deletion	60
3R	31538082	31538116	Deletion	34
3R	31538792	31538116	Deletion	676
3R	31538792	31538884	Deletion	92
3R	31539464	31539576	Deletion	112
3R	31539466	31539576	Deletion	110
3R	31539478	31539576	Deletion	98
3R	31539492	31539576	Deletion	84
3R	31539493	31539576	Deletion	83
3R	31539513	31539576	Deletion	63
3R	31539535	31539576	Deletion	41
3R	31540082	31539576	Deletion	506
3R	31540082	31540167	Deletion	85
3R	31540082	31540124	Deletion	42
3R	31540082	31540145	Deletion	63
3R	31545238	31545346	Deletion	108
3R	31545243	31545346	Deletion	103
3R	31545254	31545346	Deletion	92
3R	31545260	31545346	Deletion	86
3R	31545267	31545346	Deletion	79
3R	31545272	31545346	Deletion	74
3R	31545284	31545346	Deletion	62
3R	31545289	31545346	Deletion	57
3R	31557693	31545346	Deletion	12347
3R	31557693	31557759	Deletion	66
3R	31557693	31557735	Deletion	42
3R	31557693	31557742	Deletion	49
3R	31557693	31557729	Deletion	36
3R	31557693	31557764	Deletion	71
3R	31576804	31576898	Deletion	94
3R	31576822	31576898	Deletion	76
3R	31576840	31576898	Deletion	58
3R	31576853	31576898	Deletion	45
3R	31576857	31576898	Deletion	41
3R	31591868	31576898	Deletion	14970
3R	31591868	31591900	Deletion	32
3R	31591868	31591936	Deletion	68
3R	31591868	31591949	Deletion	81
3R	31591868	31591918	Deletion	50
3R	31591868	31591953	Deletion	85
3R	31609717	31609834	Deletion	117
3R	31609727	31609834	Deletion	107
3R	31609731	31609834	Deletion	103
3R	31609773	31609834	Deletion	61
3R	31609779	31609834	Deletion	55
3R	31609930	31609834	Deletion	96
3R	31609930	31610001	Deletion	71
3R	31612361	31612426	Deletion	65
3R	31612375	31612426	Deletion	51
3R	31612380	31612426	Deletion	46
3R	31612394	31612426	Deletion	32
3R	31612676	31612426	Deletion	250
3R	31612676	31612757	Deletion	81
3R	31612676	31612738	Deletion	62
3R	31612676	31612790	Deletion	114
3R	31612676	31612798	Deletion	122
3R	31612676	31612780	Deletion	104
3R	31612676	31612771	Deletion	95
3R	31615624	31615723	Deletion	99
3R	31615663	31615723	Deletion	60
3R	31616450	31615723	Deletion	727
3R	31616450	31616551	Deletion	101
3R	31616450	31616558	Deletion	108
3R	31616450	31616516	Deletion	66
3R	31640876	31640993	Deletion	117
3R	31640891	31640993	Deletion	102
3R	31640912	31640993	Deletion	81
3R	31640935	31640993	Deletion	58
3R	31641151	31640993	Deletion	158
3R	31641151	31641220	Deletion	69
3R	31641156	31641197	Deletion	41
3R	31647356	31647394	Deletion	38
3R	31647748	31647394	Deletion	354
3R	31654670	31654725	Deletion	55
3R	31654685	31654725	Deletion	40
3R	31654692	31654725	Deletion	33
3R	31656262	31654725	Deletion	1537
3R	31656262	31656349	Deletion	87
3R	31656262	31656311	Deletion	49
3R	31656262	31656356	Deletion	94
3R	31661440	31661537	Deletion	97
3R	31661441	31661537	Deletion	96
3R	31661483	31661537	Deletion	54
3R	31661491	31661537	Deletion	46
3R	31662797	31661537	Deletion	1260
3R	31662797	31662827	Deletion	30
3R	31662797	31662896	Deletion	99
3R	31662797	31662878	Deletion	81
3R	31662797	31662870	Deletion	73
3R	31670971	31671069	Deletion	98
3R	31670995	31671069	Deletion	74
3R	31671002	31671069	Deletion	67
3R	31671195	31671069	Deletion	126
3R	31671195	31671307	Deletion	112
3R	31671195	31671225	Deletion	30
3R	31671195	31671304	Deletion	109
3R	31671195	31671256	Deletion	61
3R	31671454	31671551	Deletion	97
3R	31671461	31671551	Deletion	90
3R	31671463	31671551	Deletion	88
3R	31671475	31671551	Deletion	76
3R	31671477	31671551	Deletion	74
3R	31671483	31671551	Deletion	68
3R	31671486	31671551	Deletion	65
3R	31671492	31671551	Deletion	59
3R	31671498	31671551	Deletion	53
3R	31671504	31671551	Deletion	47
3R	31671612	31671551	Deletion	61
3R	31671612	31671662	Deletion	50
3R	31671612	31671670	Deletion	58
3R	31671612	31671650	Deletion	38
3R	31671612	31671691	Deletion	79
3R	31671612	31671716	Deletion	104
3R	31671612	31671648	Deletion	36
3R	31671612	31671664	Deletion	52
3R	31671612	31671679	Deletion	67
3R	31671612	31671685	Deletion	73
3R	31671612	31671734	Deletion	122
3R	31671612	31671715	Deletion	103
3R	31690469	31690525	Deletion	56
3R	31715005	31715113	Deletion	108
3R	31715019	31715113	Deletion	94
3R	31715024	31715113	Deletion	89
3R	31715040	31715113	Deletion	73
3R	31715050	31715113	Deletion	63
3R	31715075	31715113	Deletion	38
3R	31715269	31715113	Deletion	156
3R	31715269	31715322	Deletion	53
3R	31715269	31715301	Deletion	32
3R	31715269	31715306	Deletion	37
3R	31715269	31715357	Deletion	88
3R	31723726	31723782	Deletion	56
3R	31723747	31723782	Deletion	35
3R	31723748	31723782	Deletion	34
3R	31724903	31723782	Deletion	1121
3R	31724903	31724994	Deletion	91
3R	31724903	31724973	Deletion	70
3R	31728718	31728822	Deletion	104
3R	31728724	31728822	Deletion	98
3R	31728727	31728822	Deletion	95
3R	31728787	31728822	Deletion	35
3R	31728874	31728822	Deletion	52
3R	31728874	31728965	Deletion	91
3R	31728874	31728973	Deletion	99
3R	31734900	31734951	Deletion	51
3R	31734918	31734951	Deletion	33
3R	31735094	31734951	Deletion	143
3R	31735094	31735187	Deletion	93
3R	31735094	31735215	Deletion	121
3R	31735661	31735767	Deletion	106
3R	31735715	31735767	Deletion	52
3R	31736175	31735767	Deletion	408
3R	31745277	31745354	Deletion	77
3R	31745323	31745354	Deletion	31
3R	31748788	31745354	Deletion	3434
3R	31748788	31748827	Deletion	39
3R	31748788	31748837	Deletion	49
3R	31759500	31759586	Deletion	86
3R	31759512	31759586	Deletion	74
3R	31759537	31759586	Deletion	49
3R	31763799	31759586	Deletion	4213
3R	31763799	31763851	Deletion	52
3R	31763799	31763839	Deletion	40
3R	31763799	31763876	Deletion	77
3R	31767232	31767316	Deletion	84
3R	31767274	31767316	Deletion	42
3R	31782617	31767316	Deletion	15301
3R	31782617	31782659	Deletion	42
3R	31782617	31782724	Deletion	107
3R	31786085	31786132	Deletion	47
3R	31786183	31786132	Deletion	51
3R	31786183	31786230	Deletion	47
3R	31786183	31786262	Deletion	79
3R	31792635	31792707	Deletion	72
3R	31792636	31792707	Deletion	71
3R	31792640	31792707	Deletion	67
3R	31792670	31792707	Deletion	37
3R	31794413	31792707	Deletion	1706
3R	31794413	31794504	Deletion	91
3R	31794413	31794474	Deletion	61
3R	31794413	31794469	Deletion	56
3R	31794413	31794513	Deletion	100
3R	31805380	31805502	Deletion	122
3R	31805408	31805501	Deletion	93
3R	31805412	31805502	Deletion	90
3R	31805429	31805502	Deletion	73
3R	31805451	31805502	Deletion	51
3R	31823682	31805502	Deletion	18180
3R	31823682	31823802	Deletion	120
3R	31823682	31823719	Deletion	37
3R	31823682	31823715	Deletion	33
3R	31823682	31823736	Deletion	54
3R	31831785	31831837	Deletion	52
3R	31831802	31831837	Deletion	35
3R	31840848	31831837	Deletion	9011
3R	31840848	31840922	Deletion	74
3R	31857690	31857768	Deletion	78
3R	31857695	31857768	Deletion	73
3R	31857700	31857768	Deletion	68
3R	31857720	31857768	Deletion	48
3R	31859773	31857768	Deletion	2005
3R	31859773	31859828	Deletion	55
3R	31859773	31859833	Deletion	60
3R	31859773	31859823	Deletion	50
3R	31864342	31864448	Deletion	106
3R	31864396	31864448	Deletion	52
3R	31864397	31864448	Deletion	51
3R	31864416	31864448	Deletion	32
3R	31866768	31864448	Deletion	2320
3R	31866768	31866844	Deletion	76
3R	31866768	31866885	Deletion	117
3R	31866768	31866863	Deletion	95
3R	31872423	31872536	Deletion	113
3R	31872480	31872536	Deletion	56
3R	31872484	31872536	Deletion	52
3R	31881414	31872536	Deletion	8878
3R	31881414	31881488	Deletion	74
3R	31881414	31881515	Deletion	101
3R	31897181	31897245	Deletion	64
3R	31897181	31897241	Deletion	60
3R	31909469	31909543	Deletion	74
3R	31909482	31909543	Deletion	61
3R	31909483	31909543	Deletion	60
3R	31909495	31909543	Deletion	48
3R	31909496	31909543	Deletion	47
3R	31909508	31909543	Deletion	35
3R	31912399	31909543	Deletion	2856
3R	31912399	31912479	Deletion	80
3R	31912399	31912465	Deletion	66
3R	31912399	31912452	Deletion	53
3R	31912399	31912431	Deletion	32
3R	31912399	31912478	Deletion	79
3R	31912399	31912466	Deletion	67
3R	31912403	31912491	Deletion	88
3R	31917883	31918001	Deletion	118
3R	31917939	31918001	Deletion	62
3R	31917941	31918001	Deletion	60
3R	31917947	31918001	Deletion	54
3R	31917969	31918001	Deletion	32
3R	31917970	31918001	Deletion	31
3R	31939862	31918001	Deletion	21861
3R	31939862	31939979	Deletion	117
3R	31939862	31939957	Deletion	95
3R	31939862	31939928	Deletion	66
3R	31939862	31939926	Deletion	64
3R	31939862	31939956	Deletion	94
3R	31978596	31978713	Deletion	117
3R	31978607	31978713	Deletion	106
3R	31978640	31978708	Deletion	68
3R	31978670	31978713	Deletion	43
3R	31978680	31978713	Deletion	33
3R	31978777	31978713	Deletion	64
3R	31978777	31978861	Deletion	84
3R	31978777	31978831	Deletion	54
3R	32000731	32000780	Deletion	49
3R	32012978	32013050	Deletion	72
3R	32012978	32013072	Deletion	94
3R	32012978	32013021	Deletion	43
3R	32012978	32013077	Deletion	99
3R	32016773	32016822	Deletion	49
3R	32016776	32016825	Deletion	49
3R	32016880	32016825	Deletion	55
3R	32016880	32016991	Deletion	111
3R	32016880	32016912	Deletion	32
3R	32016880	32016954	Deletion	74
3R	32016880	32017002	Deletion	122
3R	32064519	32064601	Deletion	82
3R	32064530	32064601	Deletion	71
3R	32064538	32064601	Deletion	63
3R	32064556	32064601	Deletion	45
3R	32064562	32064601	Deletion	39
3R	32066690	32064601	Deletion	2089
3R	32066690	32066772	Deletion	82
3R	32066690	32066735	Deletion	45
3R	32066690	32066754	Deletion	64
3R	32066690	32066746	Deletion	56
3R	32066690	32066809	Deletion	119
3R	32066693	32066778	Deletion	85
4	7526	7582	Deletion	56
4	20860	20981	Deletion	121
4	40174	40260	Deletion	86
4	40179	40260	Deletion	81
4	40183	40260	Deletion	77
4	40202	40260	Deletion	58
4	40230	40258	Deletion	28
4	50262	40260	Deletion	10002
4	50263	50332	Deletion	69
4	50263	50364	Deletion	101
4	50263	50309	Deletion	46
4	50263	50360	Deletion	97
4	50263	50304	Deletion	41
4	51247	51337	Deletion	90
4	51258	51337	Deletion	79
4	51298	51337	Deletion	39
4	53598	51337	Deletion	2261
4	53598	53645	Deletion	47
4	53598	53720	Deletion	122
4	53598	53705	Deletion	107
4	53598	53634	Deletion	36
4	53598	53703	Deletion	105
4	58680	58542	Deletion	138
4	66999	67060	Deletion	61
4	67003	67060	Deletion	57
4	67008	67060	Deletion	52
4	67030	67060	Deletion	30
4	67995	67060	Deletion	935
4	67995	68092	Deletion	97
4	67995	68070	Deletion	75
4	67995	68108	Deletion	113
4	67995	68096	Deletion	101
4	67995	68061	Deletion	66
4	81232	81290	Deletion	58
4	85069	85150	Deletion	81
4	85089	85150	Deletion	61
4	85100	85150	Deletion	50
4	85101	85150	Deletion	49
4	85105	85150	Deletion	45
4	85348	85150	Deletion	198
4	85348	85425	Deletion	77
4	85348	85393	Deletion	45
4	85348	85424	Deletion	76
4	85348	85429	Deletion	81
4	85348	85467	Deletion	119
4	85348	85385	Deletion	37
4	98691	98441	Deletion	250
4	98691	98803	Deletion	112
4	102469	102581	Deletion	112
4	102483	102581	Deletion	98
4	102489	102581	Deletion	92
4	102506	102581	Deletion	75
4	102510	102581	Deletion	71
4	102516	102581	Deletion	65
4	102538	102581	Deletion	43
4	102539	102581	Deletion	42
4	102542	102581	Deletion	39
4	102652	102581	Deletion	71
4	102652	102707	Deletion	55
4	102652	102739	Deletion	87
4	102652	102736	Deletion	84
4	102652	102735	Deletion	83
4	102652	102762	Deletion	110
4	102652	102771	Deletion	119
4	102652	102703	Deletion	51
4	102652	102686	Deletion	34
4	122839	122945	Deletion	106
4	122847	122945	Deletion	98
4	122869	122945	Deletion	76
4	122870	122945	Deletion	75
4	122871	122945	Deletion	74
4	145999	122945	Deletion	23054
4	145999	146051	Deletion	52
4	145999	146049	Deletion	50
4	147679	147775	Deletion	96
4	147698	147775	Deletion	77
4	147706	147775	Deletion	69
4	147721	147775	Deletion	54
4	147727	147775	Deletion	48
4	152126	147775	Deletion	4351
4	152126	152224	Deletion	98
4	152126	152225	Deletion	99
4	152126	152185	Deletion	59
4	152126	152206	Deletion	80
4	152126	152200	Deletion	74
4	152126	152215	Deletion	89
4	152126	152158	Deletion	32
4	157338	157446	Deletion	108
4	157345	157446	Deletion	101
4	157346	157446	Deletion	100
4	157391	157446	Deletion	55
4	157402	157446	Deletion	44
4	157412	157446	Deletion	34
4	160630	157446	Deletion	3184
4	160630	160722	Deletion	92
4	160630	160712	Deletion	82
4	160721	160834	Deletion	113
4	160727	160834	Deletion	107
4	160754	160834	Deletion	80
4	160772	160834	Deletion	62
4	160784	160834	Deletion	50
4	160795	160834	Deletion	39
4	173987	160834	Deletion	13153
4	173987	174091	Deletion	104
4	173987	174089	Deletion	102
4	173987	174074	Deletion	87
4	173987	174033	Deletion	46
4	173987	174096	Deletion	109
4	180207	179684	Deletion	523
4	233858	233965	Deletion	107
4	233862	233965	Deletion	103
4	233911	233965	Deletion	54
4	233915	233965	Deletion	50
4	233921	233965	Deletion	44
4	234191	233965	Deletion	226
4	234191	234265	Deletion	74
4	234191	234275	Deletion	84
4	234191	234310	Deletion	119
4	234191	234303	Deletion	112
4	234191	234269	Deletion	78
4	257614	257716	Deletion	102
4	258431	257716	Deletion	715
4	264988	260200	Deletion	4788
4	264988	265111	Deletion	123
4	267192	267271	Deletion	79
4	267213	267271	Deletion	58
4	267219	267271	Deletion	52
4	267236	267271	Deletion	35
4	267521	267271	Deletion	250
4	267521	267589	Deletion	68
4	267521	267568	Deletion	47
4	267521	267595	Deletion	74
4	284386	284497	Deletion	111
4	284402	284497	Deletion	95
4	284413	284497	Deletion	84
4	292589	284497	Deletion	8092
4	292589	292696	Deletion	107
4	292589	292706	Deletion	117
4	292589	292632	Deletion	43
4	294611	294725	Deletion	114
4	294676	294725	Deletion	49
4	297467	294725	Deletion	2742
4	311431	311543	Deletion	112
4	311500	311543	Deletion	43
4	311604	311543	Deletion	61
4	311604	311687	Deletion	83
4	313576	313687	Deletion	111
4	313603	313687	Deletion	84
4	313605	313687	Deletion	82
4	313619	313687	Deletion	68
4	313633	313687	Deletion	54
4	328475	328584	Deletion	109
4	328491	328584	Deletion	93
4	329483	328584	Deletion	899
4	329483	329516	Deletion	33
4	343246	343348	Deletion	102
4	343255	343348	Deletion	93
4	343299	343348	Deletion	49
4	343303	343348	Deletion	45
4	352319	352401	Deletion	82
4	352319	352353	Deletion	34
4	357772	357845	Deletion	73
4	357782	357845	Deletion	63
4	357791	357845	Deletion	54
4	357795	357845	Deletion	50
4	363859	357845	Deletion	6014
4	363859	363931	Deletion	72
4	363859	363935	Deletion	76
4	363859	363912	Deletion	53
4	363859	363965	Deletion	106
4	369905	369995	Deletion	90
4	369957	369995	Deletion	38
4	372307	369995	Deletion	2312
4	372307	372339	Deletion	32
4	372307	372418	Deletion	111
4	372307	372399	Deletion	92
4	385059	385159	Deletion	100
4	385067	385159	Deletion	92
4	385116	385159	Deletion	43
4	385123	385159	Deletion	36
4	385210	385300	Deletion	90
4	385210	385244	Deletion	34
4	398396	398510	Deletion	114
4	398398	398510	Deletion	112
4	398451	398510	Deletion	59
4	398462	398510	Deletion	48
4	406711	398510	Deletion	8201
4	406711	406790	Deletion	79
4	420122	420208	Deletion	86
4	420156	420208	Deletion	52
4	420171	420208	Deletion	37
4	420567	420208	Deletion	359
4	420567	420656	Deletion	89
4	420567	420684	Deletion	117
4	420567	420674	Deletion	107
4	420567	420641	Deletion	74
4	424762	424882	Deletion	120
4	424767	424882	Deletion	115
4	424837	424882	Deletion	45
4	424838	424882	Deletion	44
4	429041	424882	Deletion	4159
4	429041	429123	Deletion	82
4	429041	429140	Deletion	99
4	429041	429122	Deletion	81
4	450205	450236	Deletion	31
4	454453	454462	Deletion	9
4	454453	454548	Deletion	95
4	460344	460386	Deletion	42
4	460345	460386	Deletion	41
4	461411	460386	Deletion	1025
4	461411	461517	Deletion	106
4	461411	461497	Deletion	86
4	461411	461496	Deletion	85
4	461411	461510	Deletion	99
4	461411	461453	Deletion	42
4	464821	464917	Deletion	96
4	464843	464917	Deletion	74
4	464870	464917	Deletion	47
4	464884	464917	Deletion	33
4	470123	464917	Deletion	5206
4	470123	470204	Deletion	81
4	470123	470177	Deletion	54
4	470123	470223	Deletion	100
4	470123	470235	Deletion	112
4	470123	470218	Deletion	95
4	491919	491473	Deletion	446
4	538066	538159	Deletion	93
4	538077	538159	Deletion	82
4	539687	538159	Deletion	1528
4	539687	539800	Deletion	113
4	539687	539718	Deletion	31
4	539687	539727	Deletion	40
4	539687	539786	Deletion	99
4	539687	539787	Deletion	100
4	550781	550896	Deletion	115
4	550783	550896	Deletion	113
4	550819	550896	Deletion	77
4	550842	550896	Deletion	54
4	550843	550896	Deletion	53
4	550846	550896	Deletion	50
4	550848	550896	Deletion	48
4	550851	550896	Deletion	45
4	550866	550896	Deletion	30
4	550950	550896	Deletion	54
4	550950	551030	Deletion	80
4	550950	551062	Deletion	112
4	550950	551027	Deletion	77
4	550950	551032	Deletion	82
4	550950	551026	Deletion	76
4	550950	551035	Deletion	85
4	550950	551050	Deletion	100
4	577842	577892	Deletion	50
4	579443	577892	Deletion	1551
4	579443	579551	Deletion	108
4	579448	579521	Deletion	73
4	587900	587982	Deletion	82
4	587908	587982	Deletion	74
4	587909	587982	Deletion	73
4	587929	587982	Deletion	53
4	590190	587982	Deletion	2208
4	590190	590264	Deletion	74
4	590190	590303	Deletion	113
4	590190	590244	Deletion	54
4	590190	590243	Deletion	53
4	590266	590367	Deletion	101
4	590267	590367	Deletion	100
4	590276	590367	Deletion	91
4	590320	590367	Deletion	47
4	591451	590367	Deletion	1084
4	591451	591531	Deletion	80
4	591451	591549	Deletion	98
4	591451	591487	Deletion	36
4	592291	592398	Deletion	107
4	592320	592398	Deletion	78
4	592328	592398	Deletion	70
4	592342	592398	Deletion	56
4	610081	610165	Deletion	84
4	612160	610165	Deletion	1995
4	612160	612282	Deletion	122
4	612160	612268	Deletion	108
4	625699	625796	Deletion	97
4	625715	625796	Deletion	81
4	625724	625796	Deletion	72
4	625761	625796	Deletion	35
4	629214	625796	Deletion	3418
4	629214	629259	Deletion	45
4	629214	629316	Deletion	102
4	629214	629312	Deletion	98
4	629214	629268	Deletion	54
4	640827	640925	Deletion	98
4	640827	640866	Deletion	39
4	640831	640942	Deletion	111
4	646015	646127	Deletion	112
4	646178	646127	Deletion	51
4	646178	646262	Deletion	84
4	646178	646292	Deletion	114
4	647186	647295	Deletion	109
4	647191	647295	Deletion	104
4	647244	647295	Deletion	51
4	647256	647295	Deletion	39
4	647576	647295	Deletion	281
4	647576	647665	Deletion	89
4	647576	647679	Deletion	103
4	669219	669279	Deletion	60
4	669237	669279	Deletion	42
4	669239	669279	Deletion	40
4	671435	669279	Deletion	2156
4	671435	671493	Deletion	58
4	671435	671502	Deletion	67
4	671435	671522	Deletion	87
4	671435	671557	Deletion	122
4	671723	671835	Deletion	112
4	671747	671835	Deletion	88
4	671751	671835	Deletion	84
4	671771	671835	Deletion	64
4	679071	679183	Deletion	112
4	679078	679183	Deletion	105
4	687914	688031	Deletion	117
4	687966	688031	Deletion	65
4	687976	688031	Deletion	55
4	687986	688031	Deletion	45
4	687998	688031	Deletion	33
4	711626	688031	Deletion	23595
4	711626	711713	Deletion	87
4	711626	711693	Deletion	67
4	711626	711703	Deletion	77
4	725415	725501	Deletion	86
4	725416	725501	Deletion	85
4	725417	725501	Deletion	84
4	725461	725501	Deletion	40
4	725462	725501	Deletion	39
4	734697	725501	Deletion	9196
4	734697	734740	Deletion	43
4	734697	734741	Deletion	44
4	734697	734742	Deletion	45
4	734697	734786	Deletion	89
4	753149	753270	Deletion	121
4	753191	753270	Deletion	79
4	753197	753270	Deletion	73
4	753211	753270	Deletion	59
4	753228	753270	Deletion	42
4	758287	753270	Deletion	5017
4	758288	758406	Deletion	118
4	758288	758387	Deletion	99
4	758288	758372	Deletion	84
4	758288	758412	Deletion	124
4	758288	758341	Deletion	53
4	758288	758355	Deletion	67
4	761565	761677	Deletion	112
4	761570	761677	Deletion	107
4	761639	761677	Deletion	38
4	761727	761677	Deletion	50
4	761727	761815	Deletion	88
4	765617	765716	Deletion	99
4	765621	765716	Deletion	95
4	765625	765716	Deletion	91
4	765635	765716	Deletion	81
4	765644	765716	Deletion	72
4	765665	765716	Deletion	51
4	766692	765716	Deletion	976
4	766692	766772	Deletion	80
4	766692	766768	Deletion	76
4	766692	766738	Deletion	46
4	766692	766747	Deletion	55
4	766692	766728	Deletion	36
4	766694	766724	Deletion	30
4	766711	766772	Deletion	61
4	766728	766772	Deletion	44
4	766732	766772	Deletion	40
4	766834	766772	Deletion	62
4	766834	766874	Deletion	40
4	766834	766920	Deletion	86
4	766834	766954	Deletion	120
4	766834	766882	Deletion	48
4	766834	766916	Deletion	82
4	798533	798601	Deletion	68
4	798559	798601	Deletion	42
4	798680	798601	Deletion	79
4	798680	798785	Deletion	105
4	798680	798731	Deletion	51
4	798680	798798	Deletion	118
4	798680	798739	Deletion	59
4	798680	798793	Deletion	113
4	798922	799042	Deletion	120
4	798931	799042	Deletion	111
4	798942	799042	Deletion	100
4	798954	799042	Deletion	88
4	798963	799042	Deletion	79
4	798964	799042	Deletion	78
4	798988	799042	Deletion	54
4	799731	799042	Deletion	689
4	799731	799778	Deletion	47
4	799731	799779	Deletion	48
4	799731	799803	Deletion	72
4	814620	814740	Deletion	120
4	814621	814740	Deletion	119
4	814636	814740	Deletion	104
4	814644	814740	Deletion	96
4	814672	814740	Deletion	68
4	814693	814740	Deletion	47
4	814702	814740	Deletion	38
4	814709	814740	Deletion	31
4	821315	814740	Deletion	6575
4	821315	821410	Deletion	95
4	821315	821373	Deletion	58
4	821315	821412	Deletion	97
4	821315	821394	Deletion	79
4	821315	821403	Deletion	88
4	827631	827716	Deletion	85
4	827637	827716	Deletion	79
4	851606	851718	Deletion	112
4	851606	851725	Deletion	119
4	851606	851647	Deletion	41
4	851606	851727	Deletion	121
4	852098	852154	Deletion	56
4	852114	852154	Deletion	40
4	857682	852153	Deletion	5529
4	865441	857736	Deletion	7705
4	865444	865530	Deletion	86
4	865444	865546	Deletion	102
4	865445	865500	Deletion	55
4	867066	867187	Deletion	121
4	867091	867187	Deletion	96
4	867092	867187	Deletion	95
4	867116	867187	Deletion	71
4	867122	867187	Deletion	65
4	867132	867187	Deletion	55
4	867148	867187	Deletion	39
4	867149	867187	Deletion	38
4	869851	867187	Deletion	2664
4	869851	869939	Deletion	88
4	869851	869938	Deletion	87
4	869851	869882	Deletion	31
4	869851	869922	Deletion	71
4	869851	869881	Deletion	30
4	869851	869912	Deletion	61
4	881019	881134	Deletion	115
4	896354	896391	Deletion	37
4	901684	896391	Deletion	5293
4	905372	905487	Deletion	115
4	905400	905487	Deletion	87
4	905405	905487	Deletion	82
4	905423	905487	Deletion	64
4	921025	921065	Deletion	40
4	921025	921146	Deletion	121
4	921025	921088	Deletion	63
4	921025	921070	Deletion	45
4	921025	921140	Deletion	115
4	926105	926220	Deletion	115
4	926120	926220	Deletion	100
4	926147	926218	Deletion	71
4	926184	926220	Deletion	36
4	927383	926220	Deletion	1163
4	927383	927436	Deletion	53
4	927383	927501	Deletion	118
4	927383	927499	Deletion	116
4	933025	933141	Deletion	116
4	933027	933141	Deletion	114
4	933048	933141	Deletion	93
4	933076	933141	Deletion	65
4	933078	933141	Deletion	63
4	933090	933141	Deletion	51
4	933097	933141	Deletion	44
4	933099	933141	Deletion	42
4	934308	933141	Deletion	1167
4	934308	934371	Deletion	63
4	934308	934431	Deletion	123
4	934308	934416	Deletion	108
4	934308	934390	Deletion	82
4	934308	934392	Deletion	84
4	934308	934369	Deletion	61
4	934308	934341	Deletion	33
4	934308	934383	Deletion	75
4	935007	935050	Deletion	43
4	946388	946483	Deletion	95
4	946434	946483	Deletion	49
4	946449	946483	Deletion	34
4	948911	946483	Deletion	2428
4	948911	948989	Deletion	78
4	948911	949026	Deletion	115
4	948911	949034	Deletion	123
4	948911	949019	Deletion	108
4	948911	949004	Deletion	93
4	951314	951403	Deletion	89
4	951336	951403	Deletion	67
4	952123	951403	Deletion	720
4	952123	952222	Deletion	99
4	952123	952238	Deletion	115
4	952123	952183	Deletion	60
4	1012253	1012374	Deletion	121
4	1012254	1012374	Deletion	120
4	1012279	1012374	Deletion	95
4	1012294	1012374	Deletion	80
4	1012322	1012374	Deletion	52
4	1012338	1012374	Deletion	36
4	1013738	1012374	Deletion	1364
4	1013738	1013787	Deletion	49
4	1013738	1013831	Deletion	93
4	1013738	1013844	Deletion	106
4	1013738	1013815	Deletion	77
4	1013738	1013841	Deletion	103
4	1024196	1024246	Deletion	50
4	1024212	1024246	Deletion	34
4	1029384	1024246	Deletion	5138
4	1029384	1029501	Deletion	117
4	1029384	1029460	Deletion	76
4	1029384	1029429	Deletion	45
4	1050174	1050213	Deletion	39
4	1050181	1050213	Deletion	32
4	1050501	1050213	Deletion	288
4	1050501	1050595	Deletion	94
4	1050501	1050588	Deletion	87
4	1050501	1050547	Deletion	46
4	1055476	1055594	Deletion	118
4	1055481	1055594	Deletion	113
4	1055484	1055594	Deletion	110
4	1055548	1055594	Deletion	46
4	1055711	1055594	Deletion	117
4	1056841	1056938	Deletion	97
4	1056854	1056938	Deletion	84
4	1056860	1056938	Deletion	78
4	1056867	1056938	Deletion	71
4	1056869	1056938	Deletion	69
4	1056895	1056938	Deletion	43
4	1057653	1056938	Deletion	715
4	1057653	1057701	Deletion	48
4	1057653	1057708	Deletion	55
4	1057653	1057736	Deletion	83
4	1057653	1057695	Deletion	42
4	1076672	1076783	Deletion	111
4	1076676	1076783	Deletion	107
4	1076703	1076774	Deletion	71
4	1076707	1076783	Deletion	76
4	1076709	1076783	Deletion	74
4	1076711	1076783	Deletion	72
4	1076747	1076783	Deletion	36
4	1076749	1076783	Deletion	34
4	1076751	1076783	Deletion	32
4	1086863	1076783	Deletion	10080
4	1086863	1086913	Deletion	50
4	1086863	1086957	Deletion	94
4	1086863	1086917	Deletion	54
4	1086863	1086980	Deletion	117
4	1086863	1086909	Deletion	46
4	1086863	1086953	Deletion	90
4	1086863	1086915	Deletion	52
4	1087746	1087790	Deletion	44
4	1088193	1087790	Deletion	403
4	1088193	1088303	Deletion	110
4	1088193	1088302	Deletion	109
4	1088193	1088235	Deletion	42
4	1100285	1100393	Deletion	108
4	1100287	1100393	Deletion	106
4	1100298	1100393	Deletion	95
4	1100316	1100393	Deletion	77
4	1100328	1100393	Deletion	65
4	1100332	1100393	Deletion	61
4	1100342	1100393	Deletion	51
4	1100344	1100393	Deletion	49
4	1104015	1100393	Deletion	3622
4	1104015	1104064	Deletion	49
4	1104015	1104080	Deletion	65
4	1104015	1104076	Deletion	61
4	1104015	1104090	Deletion	75
4	1104015	1104092	Deletion	77
4	1104015	1104129	Deletion	114
4	1108411	1108514	Deletion	103
4	1108472	1108514	Deletion	42
4	1130117	1108514	Deletion	21603
4	1136187	1136299	Deletion	112
4	1136216	1136301	Deletion	85
4	1136225	1136301	Deletion	76
4	1136233	1136301	Deletion	68
4	1141959	1136301	Deletion	5658
4	1141959	1142011	Deletion	52
4	1141959	1142066	Deletion	107
4	1141959	1142071	Deletion	112
4	1141959	1142074	Deletion	115
4	1141959	1142002	Deletion	43
4	1155153	1155204	Deletion	51
4	1155172	1155201	Deletion	29
4	1157368	1155204	Deletion	2164
4	1157368	1157476	Deletion	108
4	1157368	1157472	Deletion	104
4	1157368	1157489	Deletion	121
4	1157368	1157469	Deletion	101
4	1157369	1157465	Deletion	96
4	1172644	1172738	Deletion	94
4	1172667	1172742	Deletion	75
4	1172669	1172742	Deletion	73
4	1172672	1172742	Deletion	70
4	1172679	1172742	Deletion	63
4	1172681	1172742	Deletion	61
4	1172682	1172738	Deletion	56
4	1172702	1172742	Deletion	40
4	1179000	1172742	Deletion	6258
4	1179000	1179065	Deletion	65
4	1179000	1179030	Deletion	30
4	1179000	1179088	Deletion	88
4	1179000	1179055	Deletion	55
4	1179000	1179102	Deletion	102
4	1179000	1179058	Deletion	58
4	1179000	1179068	Deletion	68
4	1179000	1179067	Deletion	67
4	1181395	1181499	Deletion	104
4	1181404	1181499	Deletion	95
4	1181405	1181499	Deletion	94
4	1181408	1181499	Deletion	91
4	1181412	1181499	Deletion	87
4	1181423	1181499	Deletion	76
4	1181438	1181499	Deletion	61
4	1181439	1181499	Deletion	60
4	1181450	1181499	Deletion	49
4	1181468	1181499	Deletion	31
4	1191580	1191657	Deletion	77
4	1191580	1191619	Deletion	39
4	1191580	1191645	Deletion	65
4	1191580	1191675	Deletion	95
4	1191580	1191611	Deletion	31
4	1191580	1191630	Deletion	50
4	1191580	1191615	Deletion	35
4	1200595	1200662	Deletion	67
4	1200622	1200662	Deletion	40
4	1217662	1200662	Deletion	17000
4	1217662	1217778	Deletion	116
4	1217662	1217756	Deletion	94
4	1217662	1217712	Deletion	50
4	1217662	1217736	Deletion	74
4	1217662	1217731	Deletion	69
4	1217662	1217748	Deletion	86
4	1219828	1219909	Deletion	81
4	1219838	1219909	Deletion	71
4	1219844	1219909	Deletion	65
4	1220974	1219909	Deletion	1065
4	1220974	1221084	Deletion	110
4	1220974	1221037	Deletion	63
4	1220974	1221031	Deletion	57
4	1220974	1221021	Deletion	47
4	1226382	1226455	Deletion	73
4	1226393	1226455	Deletion	62
4	1226405	1226455	Deletion	50
4	1226413	1226455	Deletion	42
4	1240598	1226455	Deletion	14143
4	1240598	1240674	Deletion	76
4	1240598	1240644	Deletion	46
4	1240598	1240682	Deletion	84
4	1240598	1240651	Deletion	53
4	1241814	1241906	Deletion	92
4	1241825	1241906	Deletion	81
4	1241856	1241906	Deletion	50
4	1241861	1241906	Deletion	45
4	1241865	1241906	Deletion	41
4	1241869	1241906	Deletion	37
4	1249536	1249614	Deletion	78
4	1249536	1249572	Deletion	36
4	1249536	1249627	Deletion	91
4	1249536	1249657	Deletion	121
4	1249536	1249623	Deletion	87
4	1249536	1249654	Deletion	118
4	1249536	1249619	Deletion	83
4	1255112	1255233	Deletion	121
4	1255136	1255233	Deletion	97
4	1255139	1255233	Deletion	94
4	1255155	1255233	Deletion	78
4	1255195	1255233	Deletion	38
4	1257882	1255233	Deletion	2649
4	1270596	1257943	Deletion	12653
4	1270596	1270628	Deletion	32
4	1270596	1270644	Deletion	48
4	1270597	1270701	Deletion	104
4	1283081	1283122	Deletion	41
4	1288040	1288137	Deletion	97
4	1288085	1288137	Deletion	52
4	1288096	1288137	Deletion	41
4	1288100	1288137	Deletion	37
4	1288106	1288137	Deletion	31
4	1288107	1288137	Deletion	30
4	1288663	1288137	Deletion	526
4	1288663	1288771	Deletion	108
4	1288663	1288748	Deletion	85
4	1288663	1288758	Deletion	95
4	1288663	1288770	Deletion	107
4	1288663	1288763	Deletion	100
4	1288663	1288752	Deletion	89
4	1288663	1288759	Deletion	96
4	1291523	1291572	Deletion	49
4	1294836	1294945	Deletion	109
4	1294836	1294947	Deletion	111
4	1294836	1294880	Deletion	44
4	1294836	1294896	Deletion	60
4	1296543	1296616	Deletion	73
4	1296551	1296616	Deletion	65
4	1296559	1296616	Deletion	57
4	1300286	1300339	Deletion	53
4	1301241	1301334	Deletion	93
4	1310778	1310895	Deletion	117
4	1310778	1310836	Deletion	58
4	1315955	1315831	Deletion	124
4	1315955	1316012	Deletion	57
4	1315955	1316058	Deletion	103
4	1315955	1316059	Deletion	104
4	1326221	1326260	Deletion	39
X	2888	2984	Deletion	96
X	10220	10266	Deletion	46
X	33764	33854	Deletion	90
X	60791	60877	Deletion	86
X	61404	61492	Deletion	88
X	61411	61492	Deletion	81
X	61418	61492	Deletion	74
X	61425	61492	Deletion	67
X	70289	70389	Deletion	100
X	70289	70407	Deletion	118
X	76325	76410	Deletion	85
X	76330	76361	Deletion	31
X	76335	76361	Deletion	26
X	76537	76578	Deletion	41
X	76537	76644	Deletion	107
X	78905	78958	Deletion	53
X	78920	78958	Deletion	38
X	82877	82907	Deletion	30
X	85262	82907	Deletion	2355
X	85732	85330	Deletion	402
X	97284	97361	Deletion	77
X	98557	98592	Deletion	35
X	103254	103344	Deletion	90
X	103700	103778	Deletion	78
X	108052	108131	Deletion	79
X	108056	108131	Deletion	75
X	108065	108131	Deletion	66
X	108255	108131	Deletion	124
X	108255	108334	Deletion	79
X	108255	108306	Deletion	51
X	108255	108361	Deletion	106
X	108255	108369	Deletion	114
X	108255	108315	Deletion	60
X	112054	112109	Deletion	55
X	130214	130308	Deletion	94
X	130218	130308	Deletion	90
X	130219	130308	Deletion	89
X	130241	130308	Deletion	67
X	130271	130308	Deletion	37
X	130275	130308	Deletion	33
X	134679	130308	Deletion	4371
X	134679	134772	Deletion	93
X	134679	134738	Deletion	59
X	134679	134768	Deletion	89
X	134679	134716	Deletion	37
X	134679	134711	Deletion	32
X	134679	134715	Deletion	36
X	148887	148960	Deletion	73
X	148909	148960	Deletion	51
X	148917	148960	Deletion	43
X	152002	148960	Deletion	3042
X	152002	152077	Deletion	75
X	152002	152055	Deletion	53
X	153261	153372	Deletion	111
X	153300	153372	Deletion	72
X	153339	153372	Deletion	33
X	153872	153372	Deletion	500
X	153872	153965	Deletion	93
X	153872	153971	Deletion	99
X	153872	153926	Deletion	54
X	153872	153991	Deletion	119
X	168070	168166	Deletion	96
X	168125	168166	Deletion	41
X	168130	168166	Deletion	36
X	168132	168166	Deletion	34
X	199897	168166	Deletion	31731
X	199897	199927	Deletion	30
X	199897	199989	Deletion	92
X	199897	200001	Deletion	104
X	199897	199986	Deletion	89
X	199897	199987	Deletion	90
X	257711	257823	Deletion	112
X	257728	257823	Deletion	95
X	257773	257823	Deletion	50
X	262317	257823	Deletion	4494
X	262317	262348	Deletion	31
X	262317	262434	Deletion	117
X	276672	276754	Deletion	82
X	276674	276754	Deletion	80
X	276866	276754	Deletion	112
X	276866	276915	Deletion	49
X	289383	289495	Deletion	112
X	289386	289495	Deletion	109
X	289398	289495	Deletion	97
X	289407	289495	Deletion	88
X	289409	289495	Deletion	86
X	289417	289495	Deletion	78
X	289453	289495	Deletion	42
X	290983	289495	Deletion	1488
X	290983	291022	Deletion	39
X	290983	291024	Deletion	41
X	290983	291068	Deletion	85
X	290983	291085	Deletion	102
X	290983	291032	Deletion	49
X	290983	291099	Deletion	116
X	290983	291104	Deletion	121
X	325918	325956	Deletion	38
X	325918	326000	Deletion	82
X	325918	326007	Deletion	89
X	325918	326001	Deletion	83
X	355967	356077	Deletion	110
X	355977	356077	Deletion	100
X	356008	356077	Deletion	69
X	356019	356077	Deletion	58
X	361319	356077	Deletion	5242
X	361319	361433	Deletion	114
X	361319	361417	Deletion	98
X	361319	361376	Deletion	57
X	365344	365439	Deletion	95
X	365356	365439	Deletion	83
X	365379	365439	Deletion	60
X	366624	365437	Deletion	1187
X	366624	366690	Deletion	66
X	366624	366655	Deletion	31
X	376592	376652	Deletion	60
X	376609	376652	Deletion	43
X	376617	376652	Deletion	35
X	384214	376652	Deletion	7562
X	384214	384299	Deletion	85
X	384214	384282	Deletion	68
X	384214	384307	Deletion	93
X	387290	387382	Deletion	92
X	387294	387382	Deletion	88
X	387297	387382	Deletion	85
X	387886	387382	Deletion	504
X	387886	387992	Deletion	106
X	387886	387989	Deletion	103
X	387886	387926	Deletion	40
X	387886	387994	Deletion	108
X	387886	387929	Deletion	43
X	387886	387922	Deletion	36
X	387886	387990	Deletion	104
X	392682	392797	Deletion	115
X	392688	392797	Deletion	109
X	392689	392797	Deletion	108
X	392697	392797	Deletion	100
X	392700	392797	Deletion	97
X	392709	392797	Deletion	88
X	392723	392797	Deletion	74
X	392736	392797	Deletion	61
X	403864	392797	Deletion	11067
X	403864	403982	Deletion	118
X	403864	403930	Deletion	66
X	403864	403903	Deletion	39
X	403864	403917	Deletion	53
X	404896	404987	Deletion	91
X	404904	404987	Deletion	83
X	404910	404987	Deletion	77
X	404933	404987	Deletion	54
X	408444	404987	Deletion	3457
X	408444	408484	Deletion	40
X	408444	408557	Deletion	113
X	408444	408492	Deletion	48
X	408444	408498	Deletion	54
X	408444	408564	Deletion	120
X	408444	408556	Deletion	112
X	408941	409052	Deletion	111
X	408947	409052	Deletion	105
X	408948	409052	Deletion	104
X	408965	409052	Deletion	87
X	408981	409052	Deletion	71
X	408984	409052	Deletion	68
X	426228	409052	Deletion	17176
X	426228	426268	Deletion	40
X	426228	426287	Deletion	59
X	427260	427357	Deletion	97
X	427321	427357	Deletion	36
X	427322	427357	Deletion	35
X	427325	427357	Deletion	32
X	428397	427357	Deletion	1040
X	428397	428495	Deletion	98
X	428397	428487	Deletion	90
X	428397	428507	Deletion	110
X	428402	428491	Deletion	89
X	428406	428488	Deletion	82
X	428444	428522	Deletion	78
X	428452	428522	Deletion	70
X	433235	433308	Deletion	73
X	456574	456669	Deletion	95
X	456574	456692	Deletion	118
X	456574	456630	Deletion	56
X	456574	456622	Deletion	48
X	459059	459139	Deletion	80
X	459061	459139	Deletion	78
X	459085	459139	Deletion	54
X	459094	459139	Deletion	45
X	459104	459139	Deletion	35
X	467176	459139	Deletion	8037
X	467176	467291	Deletion	115
X	467176	467220	Deletion	44
X	467176	467268	Deletion	92
X	467176	467223	Deletion	47
X	467176	467258	Deletion	82
X	467176	467225	Deletion	49
X	470870	470958	Deletion	88
X	470872	470958	Deletion	86
X	470897	470958	Deletion	61
X	470924	470958	Deletion	34
X	471146	470958	Deletion	188
X	471146	471259	Deletion	113
X	471146	471187	Deletion	41
X	471146	471267	Deletion	121
X	471146	471241	Deletion	95
X	471146	471181	Deletion	35
X	471146	471214	Deletion	68
X	496478	496580	Deletion	102
X	496490	496580	Deletion	90
X	496516	496580	Deletion	64
X	496524	496580	Deletion	56
X	496537	496580	Deletion	43
X	496549	496580	Deletion	31
X	497639	496580	Deletion	1059
X	497639	497675	Deletion	36
X	497639	497722	Deletion	83
X	497639	497752	Deletion	113
X	497639	497734	Deletion	95
X	497639	497709	Deletion	70
X	499741	499848	Deletion	107
X	499771	499848	Deletion	77
X	499781	499848	Deletion	67
X	499805	499848	Deletion	43
X	503489	499848	Deletion	3641
X	503489	503548	Deletion	59
X	503489	503572	Deletion	83
X	521736	521845	Deletion	109
X	521750	521845	Deletion	95
X	521752	521845	Deletion	93
X	521788	521845	Deletion	57
X	521797	521845	Deletion	48
X	521807	521845	Deletion	38
X	522198	521845	Deletion	353
X	522198	522300	Deletion	102
X	522198	522277	Deletion	79
X	522198	522287	Deletion	89
X	522198	522230	Deletion	32
X	522198	522232	Deletion	34
X	522198	522316	Deletion	118
X	522198	522268	Deletion	70
X	532968	533081	Deletion	113
X	532975	533081	Deletion	106
X	532984	533081	Deletion	97
X	533001	533081	Deletion	80
X	533011	533081	Deletion	70
X	533015	533081	Deletion	66
X	533019	533081	Deletion	62
X	533022	533081	Deletion	59
X	533024	533081	Deletion	57
X	538520	533081	Deletion	5439
X	538520	538589	Deletion	69
X	538520	538577	Deletion	57
X	538520	538584	Deletion	64
X	538520	538587	Deletion	67
X	538520	538580	Deletion	60
X	552234	552308	Deletion	74
X	554764	554826	Deletion	62
X	555666	555710	Deletion	44
X	614578	614674	Deletion	96
X	614600	614674	Deletion	74
X	614623	614674	Deletion	51
X	614631	614674	Deletion	43
X	616148	614674	Deletion	1474
X	616148	616271	Deletion	123
X	616148	616231	Deletion	83
X	616148	616200	Deletion	52
X	616148	616223	Deletion	75
X	673589	673647	Deletion	58
X	673608	673647	Deletion	39
X	677598	673647	Deletion	3951
X	677598	677701	Deletion	103
X	677598	677666	Deletion	68
X	677598	677685	Deletion	87
X	677598	677708	Deletion	110
X	696207	696299	Deletion	92
X	696208	696299	Deletion	91
X	696212	696299	Deletion	87
X	696253	696299	Deletion	46
X	706086	696299	Deletion	9787
X	706086	706120	Deletion	34
X	706086	706116	Deletion	30
X	706086	706185	Deletion	99
X	706086	706125	Deletion	39
X	706086	706193	Deletion	107
X	706086	706121	Deletion	35
X	714568	714662	Deletion	94
X	714574	714662	Deletion	88
X	714590	714662	Deletion	72
X	714628	714662	Deletion	34
X	714942	714662	Deletion	280
X	714942	714996	Deletion	54
X	714942	714980	Deletion	38
X	714944	714972	Deletion	28
X	714965	715034	Deletion	69
X	715006	715054	Deletion	48
X	715012	715054	Deletion	42
X	723628	715054	Deletion	8574
X	723628	723665	Deletion	37
X	725205	725318	Deletion	113
X	725207	725318	Deletion	111
X	725223	725318	Deletion	95
X	725227	725318	Deletion	91
X	725250	725318	Deletion	68
X	725253	725318	Deletion	65
X	725272	725318	Deletion	46
X	725286	725318	Deletion	32
X	725287	725318	Deletion	31
X	743682	725318	Deletion	18364
X	743682	743778	Deletion	96
X	743682	743741	Deletion	59
X	743682	743714	Deletion	32
X	743682	743763	Deletion	81
X	743682	743718	Deletion	36
X	743682	743777	Deletion	95
X	746770	746855	Deletion	85
X	746780	746855	Deletion	75
X	746810	746855	Deletion	45
X	746811	746855	Deletion	44
X	747904	746855	Deletion	1049
X	747904	748002	Deletion	98
X	747904	747986	Deletion	82
X	747904	748021	Deletion	117
X	747904	747955	Deletion	51
X	747904	748010	Deletion	106
X	747904	747985	Deletion	81
X	750102	750200	Deletion	98
X	750128	750200	Deletion	72
X	750254	750200	Deletion	54
X	750254	750308	Deletion	54
X	750254	750370	Deletion	116
X	765491	765604	Deletion	113
X	765492	765604	Deletion	112
X	765505	765604	Deletion	99
X	765538	765604	Deletion	66
X	765547	765604	Deletion	57
X	766083	765604	Deletion	479
X	766083	766143	Deletion	60
X	766083	766193	Deletion	110
X	767769	767846	Deletion	77
X	767802	767846	Deletion	44
X	768000	767846	Deletion	154
X	768000	768082	Deletion	82
X	768000	768038	Deletion	38
X	768000	768106	Deletion	106
X	768000	768114	Deletion	114
X	779437	779493	Deletion	56
X	779444	779493	Deletion	49
X	794359	779493	Deletion	14866
X	794359	794479	Deletion	120
X	794359	794429	Deletion	70
X	794359	794483	Deletion	124
X	794359	794470	Deletion	111
X	813019	813035	Deletion	16
X	827814	827833	Deletion	19
X	848776	848894	Deletion	118
X	848788	848894	Deletion	106
X	848837	848894	Deletion	57
X	848853	848894	Deletion	41
X	848858	848894	Deletion	36
X	852207	848894	Deletion	3313
X	852207	852293	Deletion	86
X	852207	852304	Deletion	97
X	852207	852277	Deletion	70
X	852207	852330	Deletion	123
X	865225	865333	Deletion	108
X	865227	865333	Deletion	106
X	865236	865333	Deletion	97
X	865245	865333	Deletion	88
X	865277	865333	Deletion	56
X	865689	865333	Deletion	356
X	865689	865728	Deletion	39
X	865689	865719	Deletion	30
X	865689	865813	Deletion	124
X	865689	865796	Deletion	107
X	876684	876769	Deletion	85
X	876692	876769	Deletion	77
X	876701	876769	Deletion	68
X	877058	876769	Deletion	289
X	877058	877168	Deletion	110
X	877058	877099	Deletion	41
X	877058	877107	Deletion	49
X	877058	877116	Deletion	58
X	877058	877162	Deletion	104
X	877058	877170	Deletion	112
X	893163	893229	Deletion	66
X	893184	893229	Deletion	45
X	907495	907525	Deletion	30
X	907533	907563	Deletion	30
X	920895	920956	Deletion	61
X	920895	920977	Deletion	82
X	934013	934113	Deletion	100
X	934045	934113	Deletion	68
X	934073	934113	Deletion	40
X	938834	934113	Deletion	4721
X	938834	938892	Deletion	58
X	938834	938920	Deletion	86
X	951069	951158	Deletion	89
X	951085	951158	Deletion	73
X	951097	951158	Deletion	61
X	951108	951158	Deletion	50
X	951122	951158	Deletion	36
X	953556	951158	Deletion	2398
X	953556	953656	Deletion	100
X	953556	953632	Deletion	76
X	953556	953646	Deletion	90
X	953556	953655	Deletion	99
X	953556	953621	Deletion	65
X	953556	953609	Deletion	53
X	953556	953593	Deletion	37
X	972125	972220	Deletion	95
X	972127	972220	Deletion	93
X	972144	972220	Deletion	76
X	972154	972220	Deletion	66
X	975713	972220	Deletion	3493
X	975713	975773	Deletion	60
X	975713	975744	Deletion	31
X	975713	975763	Deletion	50
X	980409	980506	Deletion	97
X	980443	980506	Deletion	63
X	980447	980506	Deletion	59
X	988867	980506	Deletion	8361
X	988867	988970	Deletion	103
X	988867	988930	Deletion	63
X	992055	992171	Deletion	116
X	992064	992171	Deletion	107
X	992074	992171	Deletion	97
X	992095	992171	Deletion	76
X	999400	992171	Deletion	7229
X	999400	999518	Deletion	118
X	1002080	1002147	Deletion	67
X	1002107	1002147	Deletion	40
X	1002117	1002147	Deletion	30
X	1002233	1002147	Deletion	86
X	1002233	1002329	Deletion	96
X	1002233	1002288	Deletion	55
X	1002233	1002292	Deletion	59
X	1002233	1002319	Deletion	86
X	1007587	1007685	Deletion	98
X	1007594	1007685	Deletion	91
X	1007609	1007685	Deletion	76
X	1007618	1007685	Deletion	67
X	1007622	1007685	Deletion	63
X	1008015	1007685	Deletion	330
X	1008015	1008051	Deletion	36
X	1008015	1008066	Deletion	51
X	1008015	1008079	Deletion	64
X	1031558	1031630	Deletion	72
X	1031570	1031630	Deletion	60
X	1031582	1031630	Deletion	48
X	1036381	1036462	Deletion	81
X	1046020	1046141	Deletion	121
X	1046020	1046099	Deletion	79
X	1046020	1046087	Deletion	67
X	1048084	1048185	Deletion	101
X	1048110	1048185	Deletion	75
X	1048137	1048185	Deletion	48
X	1051905	1048185	Deletion	3720
X	1051905	1051983	Deletion	78
X	1051905	1051956	Deletion	51
X	1051905	1052029	Deletion	124
X	1051905	1052009	Deletion	104
X	1064740	1064833	Deletion	93
X	1064775	1064845	Deletion	70
X	1089866	1089939	Deletion	73
X	1089890	1089939	Deletion	49
X	1089892	1089939	Deletion	47
X	1089906	1089939	Deletion	33
X	1090226	1089939	Deletion	287
X	1090226	1090283	Deletion	57
X	1090226	1090307	Deletion	81
X	1090226	1090309	Deletion	83
X	1090226	1090323	Deletion	97
X	1120973	1121086	Deletion	113
X	1120981	1121086	Deletion	105
X	1121009	1121086	Deletion	77
X	1121017	1121086	Deletion	69
X	1121043	1121086	Deletion	43
X	1121048	1121086	Deletion	38
X	1122580	1121086	Deletion	1494
X	1122580	1122630	Deletion	50
X	1122580	1122682	Deletion	102
X	1122580	1122664	Deletion	84
X	1122580	1122680	Deletion	100
X	1122580	1122689	Deletion	109
X	1125439	1125526	Deletion	87
X	1125440	1125526	Deletion	86
X	1125445	1125526	Deletion	81
X	1125471	1125526	Deletion	55
X	1125482	1125526	Deletion	44
X	1125716	1125526	Deletion	190
X	1125716	1125754	Deletion	38
X	1125716	1125787	Deletion	71
X	1125716	1125761	Deletion	45
X	1125716	1125829	Deletion	113
X	1125716	1125755	Deletion	39
X	1125716	1125828	Deletion	112
X	1128501	1128620	Deletion	119
X	1128525	1128620	Deletion	95
X	1128556	1128620	Deletion	64
X	1128569	1128620	Deletion	51
X	1128588	1128620	Deletion	32
X	1137528	1128620	Deletion	8908
X	1137528	1137591	Deletion	63
X	1137528	1137604	Deletion	76
X	1137528	1137560	Deletion	32
X	1142920	1143018	Deletion	98
X	1142940	1143018	Deletion	78
X	1142951	1143018	Deletion	67
X	1142968	1143018	Deletion	50
X	1142983	1143018	Deletion	35
X	1145515	1143018	Deletion	2497
X	1145516	1145636	Deletion	120
X	1145516	1145621	Deletion	105
X	1145516	1145575	Deletion	59
X	1145516	1145635	Deletion	119
X	1145516	1145592	Deletion	76
X	1145516	1145607	Deletion	91
X	1145516	1145564	Deletion	48
X	1158808	1158869	Deletion	61
X	1158824	1158869	Deletion	45
X	1158826	1158869	Deletion	43
X	1158828	1158869	Deletion	41
X	1158830	1158869	Deletion	39
X	1160776	1158869	Deletion	1907
X	1160776	1160841	Deletion	65
X	1160776	1160859	Deletion	83
X	1160776	1160861	Deletion	85
X	1160776	1160897	Deletion	121
X	1160776	1160896	Deletion	120
X	1160776	1160857	Deletion	81
X	1166206	1166317	Deletion	111
X	1166215	1166317	Deletion	102
X	1166235	1166317	Deletion	82
X	1166249	1166317	Deletion	68
X	1166253	1166317	Deletion	64
X	1166272	1166317	Deletion	45
X	1175751	1166317	Deletion	9434
X	1175751	1175832	Deletion	81
X	1175751	1175809	Deletion	58
X	1186163	1186257	Deletion	94
X	1186180	1186257	Deletion	77
X	1186183	1186257	Deletion	74
X	1186188	1186257	Deletion	69
X	1186189	1186257	Deletion	68
X	1186200	1186257	Deletion	57
X	1189490	1186257	Deletion	3233
X	1189490	1189524	Deletion	34
X	1189490	1189602	Deletion	112
X	1189490	1189544	Deletion	54
X	1189490	1189541	Deletion	51
X	1189490	1189561	Deletion	71
X	1189490	1189592	Deletion	102
X	1189490	1189550	Deletion	60
X	1243087	1243154	Deletion	67
X	1243103	1243154	Deletion	51
X	1243105	1243154	Deletion	49
X	1243124	1243154	Deletion	30
X	1243214	1243154	Deletion	60
X	1243214	1243275	Deletion	61
X	1243214	1243312	Deletion	98
X	1243214	1243291	Deletion	77
X	1293616	1293714	Deletion	98
X	1293637	1293714	Deletion	77
X	1293645	1293714	Deletion	69
X	1293775	1293714	Deletion	61
X	1293775	1293835	Deletion	60
X	1293775	1293806	Deletion	31
X	1310952	1311043	Deletion	91
X	1310957	1311043	Deletion	86
X	1310966	1311043	Deletion	77
X	1310982	1311043	Deletion	61
X	1310993	1311043	Deletion	50
X	1332134	1311043	Deletion	21091
X	1332134	1332249	Deletion	115
X	1332134	1332174	Deletion	40
X	1332134	1332210	Deletion	76
X	1332134	1332165	Deletion	31
X	1332134	1332169	Deletion	35
X	1332134	1332199	Deletion	65
X	1332134	1332235	Deletion	101
X	1332953	1333036	Deletion	83
X	1332961	1333036	Deletion	75
X	1332973	1333036	Deletion	63
X	1333000	1333036	Deletion	36
X	1334774	1333036	Deletion	1738
X	1334774	1334840	Deletion	66
X	1334774	1334828	Deletion	54
X	1334774	1334867	Deletion	93
X	1343192	1343143	Deletion	49
X	1343192	1343301	Deletion	109
X	1367673	1367735	Deletion	62
X	1367703	1367735	Deletion	32
X	1382805	1367735	Deletion	15070
X	1382805	1382869	Deletion	64
X	1382805	1382924	Deletion	119
X	1382805	1382899	Deletion	94
X	1382805	1382867	Deletion	62
X	1385064	1385176	Deletion	112
X	1385068	1385176	Deletion	108
X	1385074	1385176	Deletion	102
X	1385093	1385176	Deletion	83
X	1385127	1385176	Deletion	49
X	1385250	1385176	Deletion	74
X	1385250	1385327	Deletion	77
X	1385250	1385353	Deletion	103
X	1385250	1385293	Deletion	43
X	1385250	1385349	Deletion	99
X	1388167	1388256	Deletion	89
X	1388175	1388256	Deletion	81
X	1388196	1388256	Deletion	60
X	1388200	1388256	Deletion	56
X	1388214	1388256	Deletion	42
X	1388217	1388256	Deletion	39
X	1413118	1388256	Deletion	24862
X	1413118	1413156	Deletion	38
X	1413118	1413189	Deletion	71
X	1413118	1413185	Deletion	67
X	1413118	1413224	Deletion	106
X	1413118	1413234	Deletion	116
X	1413118	1413203	Deletion	85
X	1413118	1413206	Deletion	88
X	1417983	1418085	Deletion	102
X	1417991	1418085	Deletion	94
X	1418002	1418085	Deletion	83
X	1418019	1418085	Deletion	66
X	1418021	1418085	Deletion	64
X	1418629	1418085	Deletion	544
X	1418629	1418661	Deletion	32
X	1418629	1418672	Deletion	43
X	1418629	1418689	Deletion	60
X	1418629	1418691	Deletion	62
X	1423561	1423621	Deletion	60
X	1423722	1423621	Deletion	101
X	1423722	1423757	Deletion	35
X	1423722	1423789	Deletion	67
X	1423722	1423844	Deletion	122
X	1423722	1423830	Deletion	108
X	1436425	1436514	Deletion	89
X	1436449	1436514	Deletion	65
X	1436480	1436514	Deletion	34
X	1436482	1436514	Deletion	32
X	1437350	1436514	Deletion	836
X	1437350	1437413	Deletion	63
X	1437350	1437444	Deletion	94
X	1437350	1437389	Deletion	39
X	1437350	1437384	Deletion	34
X	1439585	1439698	Deletion	113
X	1439629	1439698	Deletion	69
X	1444051	1444163	Deletion	112
X	1448012	1448100	Deletion	88
X	1448017	1448100	Deletion	83
X	1448034	1448100	Deletion	66
X	1448063	1448100	Deletion	37
X	1448064	1448100	Deletion	36
X	1448859	1448100	Deletion	759
X	1448859	1448950	Deletion	91
X	1448859	1448898	Deletion	39
X	1448859	1448903	Deletion	44
X	1448859	1448963	Deletion	104
X	1448859	1448920	Deletion	61
X	1448859	1448972	Deletion	113
X	1448859	1448962	Deletion	103
X	1449032	1449094	Deletion	62
X	1449062	1449094	Deletion	32
X	1449063	1449094	Deletion	31
X	1454242	1449094	Deletion	5148
X	1454242	1454338	Deletion	96
X	1454242	1454348	Deletion	106
X	1454242	1454307	Deletion	65
X	1454326	1454423	Deletion	97
X	1454341	1454423	Deletion	82
X	1454393	1454423	Deletion	30
X	1454549	1454423	Deletion	126
X	1454549	1454643	Deletion	94
X	1454549	1454622	Deletion	73
X	1454549	1454657	Deletion	108
X	1454549	1454608	Deletion	59
X	1454549	1454669	Deletion	120
X	1454549	1454662	Deletion	113
X	1454549	1454593	Deletion	44
X	1454549	1454670	Deletion	121
X	1454549	1454660	Deletion	111
X	1454661	1454714	Deletion	53
X	1455866	1455950	Deletion	84
X	1455874	1455950	Deletion	76
X	1455879	1455950	Deletion	71
X	1455903	1455950	Deletion	47
X	1457848	1455950	Deletion	1898
X	1457848	1457891	Deletion	43
X	1457848	1457904	Deletion	56
X	1457848	1457899	Deletion	51
X	1457848	1457966	Deletion	118
X	1457848	1457882	Deletion	34
X	1457892	1457928	Deletion	36
X	1457898	1457974	Deletion	76
X	1457909	1457974	Deletion	65
X	1457917	1457974	Deletion	57
X	1457922	1457974	Deletion	52
X	1486458	1457974	Deletion	28484
X	1486458	1486508	Deletion	50
X	1486462	1486507	Deletion	45
X	1486477	1486508	Deletion	31
X	1496302	1486508	Deletion	9794
X	1496302	1496383	Deletion	81
X	1496302	1496332	Deletion	30
X	1509120	1509232	Deletion	112
X	1509152	1509232	Deletion	80
X	1509158	1509232	Deletion	74
X	1509174	1509232	Deletion	58
X	1509197	1509232	Deletion	35
X	1518919	1519007	Deletion	88
X	1529472	1529532	Deletion	60
X	1531946	1529532	Deletion	2414
X	1531946	1532060	Deletion	114
X	1531946	1531994	Deletion	48
X	1571940	1572053	Deletion	113
X	1572619	1572714	Deletion	95
X	1572676	1572714	Deletion	38
X	1572679	1572714	Deletion	35
X	1575297	1572714	Deletion	2583
X	1575297	1575328	Deletion	31
X	1575297	1575388	Deletion	91
X	1587369	1587422	Deletion	53
X	1587388	1587422	Deletion	34
X	1587729	1587422	Deletion	307
X	1587729	1587803	Deletion	74
X	1587729	1587804	Deletion	75
X	1587729	1587853	Deletion	124
X	1587729	1587840	Deletion	111
X	1610097	1610208	Deletion	111
X	1610104	1610208	Deletion	104
X	1610178	1610208	Deletion	30
X	1610854	1610208	Deletion	646
X	1610854	1610950	Deletion	96
X	1617441	1617492	Deletion	51
X	1617447	1617492	Deletion	45
X	1617455	1617492	Deletion	37
X	1623984	1617492	Deletion	6492
X	1623984	1624082	Deletion	98
X	1623984	1624059	Deletion	75
X	1623984	1624087	Deletion	103
X	1623984	1624024	Deletion	40
X	1623984	1624073	Deletion	89
X	1623984	1624065	Deletion	81
X	1631331	1631438	Deletion	107
X	1635629	1635685	Deletion	56
X	1635629	1635753	Deletion	124
X	1635629	1635714	Deletion	85
X	1635629	1635697	Deletion	68
X	1635629	1635704	Deletion	75
X	1654757	1654870	Deletion	113
X	1654825	1654870	Deletion	45
X	1654835	1654870	Deletion	35
X	1654837	1654870	Deletion	33
X	1656541	1654870	Deletion	1671
X	1656541	1656622	Deletion	81
X	1656541	1656632	Deletion	91
X	1656541	1656658	Deletion	117
X	1656541	1656641	Deletion	100
X	1691051	1691141	Deletion	90
X	1691081	1691141	Deletion	60
X	1691086	1691141	Deletion	55
X	1691104	1691141	Deletion	37
X	1693634	1691141	Deletion	2493
X	1693634	1693670	Deletion	36
X	1693634	1693705	Deletion	71
X	1693634	1693723	Deletion	89
X	1696578	1696690	Deletion	112
X	1699087	1699199	Deletion	112
X	1699128	1699199	Deletion	71
X	1699149	1699199	Deletion	50
X	1699161	1699198	Deletion	37
X	1708838	1699194	Deletion	9644
X	1708838	1708961	Deletion	123
X	1708838	1708954	Deletion	116
X	1708838	1708894	Deletion	56
X	1708839	1708928	Deletion	89
X	1773198	1773266	Deletion	68
X	1773230	1773266	Deletion	36
X	1773871	1773266	Deletion	605
X	1773871	1773929	Deletion	58
X	1773871	1773961	Deletion	90
X	1813919	1813952	Deletion	33
X	1820388	1820483	Deletion	95
X	1851857	1851976	Deletion	119
X	1852668	1852763	Deletion	95
X	1852673	1852763	Deletion	90
X	1852690	1852763	Deletion	73
X	1852695	1852763	Deletion	68
X	1854658	1852763	Deletion	1895
X	1854658	1854777	Deletion	119
X	1854658	1854711	Deletion	53
X	1854658	1854782	Deletion	124
X	1854658	1854716	Deletion	58
X	1854658	1854689	Deletion	31
X	1854661	1854694	Deletion	33
X	1863308	1863375	Deletion	67
X	1867248	1863375	Deletion	3873
X	1867248	1867309	Deletion	61
X	1867248	1867361	Deletion	113
X	1867248	1867364	Deletion	116
X	1868495	1868581	Deletion	86
X	1868501	1868581	Deletion	80
X	1868521	1868581	Deletion	60
X	1868532	1868581	Deletion	49
X	1868544	1868581	Deletion	37
X	1868642	1868581	Deletion	61
X	1868642	1868720	Deletion	78
X	1868642	1868732	Deletion	90
X	1868642	1868689	Deletion	47
X	1868642	1868683	Deletion	41
X	1868642	1868755	Deletion	113
X	1868642	1868757	Deletion	115
X	1869065	1869154	Deletion	89
X	1869067	1869154	Deletion	87
X	1869103	1869154	Deletion	51
X	1869106	1869154	Deletion	48
X	1869969	1869154	Deletion	815
X	1869969	1870047	Deletion	78
X	1869969	1870044	Deletion	75
X	1869969	1870006	Deletion	37
X	1876972	1877066	Deletion	94
X	1877012	1877066	Deletion	54
X	1881495	1877066	Deletion	4429
X	1881495	1881528	Deletion	33
X	1900527	1900613	Deletion	86
X	1900531	1900613	Deletion	82
X	1900532	1900613	Deletion	81
X	1900577	1900613	Deletion	36
X	1906900	1900613	Deletion	6287
X	1906900	1907008	Deletion	108
X	1906900	1906992	Deletion	92
X	1906900	1906942	Deletion	42
X	1906900	1906947	Deletion	47
X	1931936	1932041	Deletion	105
X	1944972	1945075	Deletion	103
X	1945011	1945075	Deletion	64
X	1945014	1945075	Deletion	61
X	1945045	1945075	Deletion	30
X	1945904	1945969	Deletion	65
X	1945904	1946022	Deletion	118
X	1945904	1946002	Deletion	98
X	1945904	1945966	Deletion	62
X	1967338	1967453	Deletion	115
X	1967344	1967453	Deletion	109
X	1967351	1967453	Deletion	102
X	1967412	1967453	Deletion	41
X	1967415	1967453	Deletion	38
X	1967418	1967453	Deletion	35
X	1967421	1967453	Deletion	32
X	1967591	1967453	Deletion	138
X	1967591	1967676	Deletion	85
X	1967591	1967679	Deletion	88
X	1967591	1967704	Deletion	113
X	1967591	1967685	Deletion	94
X	1967591	1967709	Deletion	118
X	1967591	1967713	Deletion	122
X	1967591	1967682	Deletion	91
X	1967970	1968026	Deletion	56
X	1967974	1968026	Deletion	52
X	1967982	1968026	Deletion	44
X	1967995	1968026	Deletion	31
X	1968409	1968480	Deletion	71
X	1968409	1968484	Deletion	75
X	1968409	1968492	Deletion	83
X	1968409	1968464	Deletion	55
X	1968409	1968517	Deletion	108
X	1970289	1970236	Deletion	53
X	1990086	1990188	Deletion	102
X	1990153	1990188	Deletion	35
X	1997315	1990188	Deletion	7127
X	1997315	1997407	Deletion	92
X	2004369	2004478	Deletion	109
X	2004371	2004478	Deletion	107
X	2004396	2004478	Deletion	82
X	2004399	2004478	Deletion	79
X	2004402	2004478	Deletion	76
X	2004445	2004478	Deletion	33
X	2005129	2005173	Deletion	44
X	2005129	2005229	Deletion	100
X	2005129	2005222	Deletion	93
X	2005129	2005226	Deletion	97
X	2005129	2005235	Deletion	106
X	2005129	2005179	Deletion	50
X	2016435	2016539	Deletion	104
X	2016455	2016539	Deletion	84
X	2016468	2016539	Deletion	71
X	2016504	2016539	Deletion	35
X	2018074	2016539	Deletion	1535
X	2018074	2018165	Deletion	91
X	2018074	2018116	Deletion	42
X	2018074	2018190	Deletion	116
X	2035516	2035287	Deletion	229
X	2084435	2084522	Deletion	87
X	2084466	2084522	Deletion	56
X	2084470	2084522	Deletion	52
X	2084482	2084522	Deletion	40
X	2084616	2084522	Deletion	94
X	2084616	2084692	Deletion	76
X	2084616	2084657	Deletion	41
X	2084616	2084688	Deletion	72
X	2084616	2084704	Deletion	88
X	2084616	2084728	Deletion	112
X	2084616	2084723	Deletion	107
X	2084616	2084740	Deletion	124
X	2084676	2084778	Deletion	102
X	2084693	2084778	Deletion	85
X	2084716	2084778	Deletion	62
X	2084726	2084778	Deletion	52
X	2085640	2084778	Deletion	862
X	2085640	2085704	Deletion	64
X	2085640	2085756	Deletion	116
X	2085640	2085739	Deletion	99
X	2085640	2085745	Deletion	105
X	2085640	2085714	Deletion	74
X	2094907	2094980	Deletion	73
X	2095832	2094980	Deletion	852
X	2095832	2095934	Deletion	102
X	2095832	2095953	Deletion	121
X	2095832	2095941	Deletion	109
X	2095832	2095937	Deletion	105
X	2096137	2096234	Deletion	97
X	2096203	2096234	Deletion	31
X	2112592	2096234	Deletion	16358
X	2112592	2112622	Deletion	30
X	2112592	2112688	Deletion	96
X	2112592	2112700	Deletion	108
X	2113272	2113359	Deletion	87
X	2113284	2113359	Deletion	75
X	2113289	2113359	Deletion	70
X	2113302	2113359	Deletion	57
X	2113321	2113359	Deletion	38
X	2129706	2129805	Deletion	99
X	2129706	2129794	Deletion	88
X	2129706	2129762	Deletion	56
X	2129706	2129807	Deletion	101
X	2129706	2129742	Deletion	36
X	2129706	2129775	Deletion	69
X	2129706	2129757	Deletion	51
X	2134984	2135049	Deletion	65
X	2135019	2135049	Deletion	30
X	2137680	2135049	Deletion	2631
X	2137680	2137790	Deletion	110
X	2137680	2137742	Deletion	62
X	2137680	2137801	Deletion	121
X	2137680	2137777	Deletion	97
X	2145178	2145248	Deletion	70
X	2145181	2145248	Deletion	67
X	2152934	2145248	Deletion	7686
X	2152934	2152994	Deletion	60
X	2152934	2152991	Deletion	57
X	2152934	2152975	Deletion	41
X	2161257	2161296	Deletion	39
X	2178177	2161296	Deletion	16881
X	2200143	2200212	Deletion	69
X	2200162	2200212	Deletion	50
X	2201863	2200212	Deletion	1651
X	2201863	2201920	Deletion	57
X	2201863	2201985	Deletion	122
X	2201863	2201901	Deletion	38
X	2201863	2201939	Deletion	76
X	2207446	2207519	Deletion	73
X	2217493	2207519	Deletion	9974
X	2217493	2217614	Deletion	121
X	2217493	2217537	Deletion	44
X	2222623	2222715	Deletion	92
X	2222633	2222715	Deletion	82
X	2222658	2222715	Deletion	57
X	2223418	2222715	Deletion	703
X	2223418	2223464	Deletion	46
X	2223418	2223518	Deletion	100
X	2223418	2223489	Deletion	71
X	2237020	2237099	Deletion	79
X	2237048	2237099	Deletion	51
X	2237053	2237099	Deletion	46
X	2240011	2237099	Deletion	2912
X	2240011	2240118	Deletion	107
X	2240011	2240108	Deletion	97
X	2240011	2240091	Deletion	80
X	2240011	2240058	Deletion	47
X	2240011	2240127	Deletion	116
X	2240011	2240052	Deletion	41
X	2244651	2244695	Deletion	44
X	2244656	2244695	Deletion	39
X	2265097	2244695	Deletion	20402
X	2265097	2265207	Deletion	110
X	2265097	2265179	Deletion	82
X	2265097	2265184	Deletion	87
X	2265097	2265162	Deletion	65
X	2267182	2267272	Deletion	90
X	2267200	2267272	Deletion	72
X	2267240	2267272	Deletion	32
X	2283493	2267272	Deletion	16221
X	2283493	2283547	Deletion	54
X	2283493	2283529	Deletion	36
X	2283714	2283818	Deletion	104
X	2283729	2283818	Deletion	89
X	2283731	2283818	Deletion	87
X	2283738	2283818	Deletion	80
X	2283752	2283818	Deletion	66
X	2283775	2283818	Deletion	43
X	2284042	2284103	Deletion	61
X	2284042	2284082	Deletion	40
X	2284042	2284080	Deletion	38
X	2284042	2284126	Deletion	84
X	2284042	2284089	Deletion	47
X	2311030	2311112	Deletion	82
X	2335467	2335543	Deletion	76
X	2336195	2335543	Deletion	652
X	2336195	2336294	Deletion	99
X	2336195	2336244	Deletion	49
X	2336195	2336245	Deletion	50
X	2343416	2343536	Deletion	120
X	2343435	2343536	Deletion	101
X	2343440	2343536	Deletion	96
X	2343441	2343536	Deletion	95
X	2343445	2343536	Deletion	91
X	2343477	2343536	Deletion	59
X	2343481	2343536	Deletion	55
X	2345038	2343536	Deletion	1502
X	2345038	2345069	Deletion	31
X	2345038	2345109	Deletion	71
X	2345038	2345147	Deletion	109
X	2345038	2345105	Deletion	67
X	2345038	2345068	Deletion	30
X	2345038	2345135	Deletion	97
X	2345038	2345073	Deletion	35
X	2376816	2376852	Deletion	36
X	2376822	2376852	Deletion	30
X	2380323	2376852	Deletion	3471
X	2380323	2380414	Deletion	91
X	2380323	2380420	Deletion	97
X	2380323	2380445	Deletion	122
X	2413561	2408150	Deletion	5411
X	2413561	2413623	Deletion	62
X	2413561	2413671	Deletion	110
X	2413561	2413656	Deletion	95
X	2413561	2413643	Deletion	82
X	2418392	2418499	Deletion	107
X	2418396	2418499	Deletion	103
X	2418417	2418499	Deletion	82
X	2418426	2418499	Deletion	73
X	2435965	2418499	Deletion	17466
X	2435965	2436018	Deletion	53
X	2435965	2436009	Deletion	44
X	2453336	2453443	Deletion	107
X	2453337	2453443	Deletion	106
X	2453361	2453443	Deletion	82
X	2453369	2453443	Deletion	74
X	2453392	2453443	Deletion	51
X	2453408	2453443	Deletion	35
X	2454513	2453443	Deletion	1070
X	2454513	2454588	Deletion	75
X	2454513	2454604	Deletion	91
X	2454513	2454565	Deletion	52
X	2454513	2454619	Deletion	106
X	2454513	2454636	Deletion	123
X	2464253	2464312	Deletion	59
X	2464266	2464312	Deletion	46
X	2472396	2464312	Deletion	8084
X	2472396	2472463	Deletion	67
X	2477500	2477603	Deletion	103
X	2477505	2477603	Deletion	98
X	2477525	2477603	Deletion	78
X	2477526	2477603	Deletion	77
X	2477559	2477603	Deletion	44
X	2477563	2477603	Deletion	40
X	2481235	2477603	Deletion	3632
X	2481235	2481358	Deletion	123
X	2481235	2481317	Deletion	82
X	2481235	2481321	Deletion	86
X	2481235	2481333	Deletion	98
X	2481235	2481284	Deletion	49
X	2487486	2487579	Deletion	93
X	2487503	2487579	Deletion	76
X	2487511	2487579	Deletion	68
X	2487526	2487579	Deletion	53
X	2489241	2487579	Deletion	1662
X	2489241	2489314	Deletion	73
X	2489241	2489274	Deletion	33
X	2489241	2489299	Deletion	58
X	2500365	2500412	Deletion	47
X	2500380	2500412	Deletion	32
X	2500381	2500412	Deletion	31
X	2501202	2500412	Deletion	790
X	2501202	2501297	Deletion	95
X	2501202	2501281	Deletion	79
X	2501202	2501296	Deletion	94
X	2504992	2505049	Deletion	57
X	2510608	2505049	Deletion	5559
X	2510608	2510718	Deletion	110
X	2510608	2510680	Deletion	72
X	2578459	2578532	Deletion	73
X	2581880	2578532	Deletion	3348
X	2581880	2581991	Deletion	111
X	2581880	2582000	Deletion	120
X	2581880	2581934	Deletion	54
X	2581880	2581982	Deletion	102
X	2581880	2581973	Deletion	93
X	2589881	2589973	Deletion	92
X	2589883	2589973	Deletion	90
X	2589884	2589973	Deletion	89
X	2589887	2589973	Deletion	86
X	2589889	2589973	Deletion	84
X	2590029	2589973	Deletion	56
X	2590029	2590069	Deletion	40
X	2590029	2590071	Deletion	42
X	2590029	2590066	Deletion	37
X	2590029	2590065	Deletion	36
X	2590029	2590102	Deletion	73
X	2595752	2595827	Deletion	75
X	2595766	2595827	Deletion	61
X	2595793	2595827	Deletion	34
X	2595796	2595827	Deletion	31
X	2600090	2595827	Deletion	4263
X	2600090	2600155	Deletion	65
X	2600090	2600182	Deletion	92
X	2600090	2600141	Deletion	51
X	2600090	2600138	Deletion	48
X	2603656	2603715	Deletion	59
X	2607057	2603713	Deletion	3344
X	2617726	2617840	Deletion	114
X	2617736	2617840	Deletion	104
X	2617743	2617840	Deletion	97
X	2617744	2617840	Deletion	96
X	2617756	2617840	Deletion	84
X	2617761	2617840	Deletion	79
X	2617776	2617840	Deletion	64
X	2618093	2617840	Deletion	253
X	2618093	2618136	Deletion	43
X	2618093	2618141	Deletion	48
X	2618093	2618156	Deletion	63
X	2618093	2618123	Deletion	30
X	2618093	2618205	Deletion	112
X	2626123	2623592	Deletion	2531
X	2627343	2627446	Deletion	103
X	2627352	2627446	Deletion	94
X	2627356	2627446	Deletion	90
X	2627365	2627446	Deletion	81
X	2627408	2627446	Deletion	38
X	2630696	2627446	Deletion	3250
X	2630696	2630728	Deletion	32
X	2630696	2630802	Deletion	106
X	2630696	2630784	Deletion	88
X	2630868	2630987	Deletion	119
X	2630877	2630986	Deletion	109
X	2630878	2630987	Deletion	109
X	2630901	2630982	Deletion	81
X	2630903	2630987	Deletion	84
X	2630938	2630987	Deletion	49
X	2630939	2630987	Deletion	48
X	2630945	2630987	Deletion	42
X	2630948	2630987	Deletion	39
X	2631606	2630987	Deletion	619
X	2631606	2631714	Deletion	108
X	2631606	2631684	Deletion	78
X	2631606	2631693	Deletion	87
X	2631606	2631645	Deletion	39
X	2631606	2631683	Deletion	77
X	2631606	2631690	Deletion	84
X	2639683	2639794	Deletion	111
X	2639690	2639794	Deletion	104
X	2639698	2639794	Deletion	96
X	2639717	2639794	Deletion	77
X	2639719	2639794	Deletion	75
X	2639724	2639794	Deletion	70
X	2639736	2639794	Deletion	58
X	2639764	2639794	Deletion	30
X	2642111	2639794	Deletion	2317
X	2642111	2642180	Deletion	69
X	2642111	2642213	Deletion	102
X	2642111	2642168	Deletion	57
X	2642111	2642208	Deletion	97
X	2642111	2642224	Deletion	113
X	2642111	2642142	Deletion	31
X	2642111	2642161	Deletion	50
X	2683248	2683340	Deletion	92
X	2683254	2683340	Deletion	86
X	2683266	2683340	Deletion	74
X	2689794	2683340	Deletion	6454
X	2689794	2689829	Deletion	35
X	2689794	2689835	Deletion	41
X	2690817	2690919	Deletion	102
X	2690827	2690919	Deletion	92
X	2690844	2690919	Deletion	75
X	2690851	2690919	Deletion	68
X	2690881	2690919	Deletion	38
X	2690884	2690919	Deletion	35
X	2691019	2690919	Deletion	100
X	2691019	2691117	Deletion	98
X	2691019	2691126	Deletion	107
X	2691019	2691122	Deletion	103
X	2691019	2691077	Deletion	58
X	2691019	2691070	Deletion	51
X	2691019	2691110	Deletion	91
X	2691019	2691107	Deletion	88
X	2710712	2710797	Deletion	85
X	2710733	2710797	Deletion	64
X	2710746	2710797	Deletion	51
X	2712918	2710797	Deletion	2121
X	2712918	2712994	Deletion	76
X	2712918	2712981	Deletion	63
X	2721160	2721264	Deletion	104
X	2721170	2721264	Deletion	94
X	2721177	2721264	Deletion	87
X	2721211	2721264	Deletion	53
X	2721215	2721264	Deletion	49
X	2721222	2721264	Deletion	42
X	2725493	2721264	Deletion	4229
X	2725493	2725532	Deletion	39
X	2725493	2725599	Deletion	106
X	2725493	2725566	Deletion	73
X	2725493	2725525	Deletion	32
X	2725493	2725577	Deletion	84
X	2725493	2725610	Deletion	117
X	2746746	2746856	Deletion	110
X	2746782	2746856	Deletion	74
X	2746906	2746856	Deletion	50
X	2746906	2746958	Deletion	52
X	2746906	2746986	Deletion	80
X	2779661	2779767	Deletion	106
X	2779720	2779767	Deletion	47
X	2779721	2779765	Deletion	44
X	2779736	2779767	Deletion	31
X	2781974	2779767	Deletion	2207
X	2781976	2782056	Deletion	80
X	2781976	2782057	Deletion	81
X	2781976	2782072	Deletion	96
X	2787354	2787409	Deletion	55
X	2791576	2787409	Deletion	4167
X	2791576	2791649	Deletion	73
X	2791576	2791686	Deletion	110
X	2807399	2807468	Deletion	69
X	2807429	2807468	Deletion	39
X	2807435	2807468	Deletion	33
X	2814150	2807468	Deletion	6682
X	2814150	2814256	Deletion	106
X	2814150	2814271	Deletion	121
X	2814150	2814208	Deletion	58
X	2814150	2814183	Deletion	33
X	2814150	2814244	Deletion	94
X	2814151	2814238	Deletion	87
X	2833462	2833557	Deletion	95
X	2833486	2833557	Deletion	71
X	2833503	2833557	Deletion	54
X	2833523	2833557	Deletion	34
X	2835927	2833557	Deletion	2370
X	2835927	2836020	Deletion	93
X	2835927	2835983	Deletion	56
X	2835927	2836000	Deletion	73
X	2835927	2836035	Deletion	108
X	2848559	2848671	Deletion	112
X	2863932	2864032	Deletion	100
X	2863959	2864036	Deletion	77
X	2863970	2864036	Deletion	66
X	2863975	2864036	Deletion	61
X	2863976	2864036	Deletion	60
X	2865459	2864036	Deletion	1423
X	2865459	2865510	Deletion	51
X	2865459	2865570	Deletion	111
X	2865459	2865526	Deletion	67
X	2865459	2865527	Deletion	68
X	2874451	2874541	Deletion	90
X	2874491	2874541	Deletion	50
X	2874492	2874541	Deletion	49
X	2874503	2874541	Deletion	38
X	2877228	2874541	Deletion	2687
X	2877228	2877264	Deletion	36
X	2877228	2877305	Deletion	77
X	2877228	2877304	Deletion	76
X	2877660	2877737	Deletion	77
X	2877681	2877737	Deletion	56
X	2877704	2877737	Deletion	33
X	2885425	2877737	Deletion	7688
X	2885425	2885526	Deletion	101
X	2885425	2885460	Deletion	35
X	2885425	2885481	Deletion	56
X	2885425	2885543	Deletion	118
X	2885426	2885522	Deletion	96
X	2892629	2892750	Deletion	121
X	2892673	2892750	Deletion	77
X	2892691	2892748	Deletion	57
X	2892707	2892750	Deletion	43
X	2896851	2892750	Deletion	4101
X	2896851	2896918	Deletion	67
X	2896851	2896934	Deletion	83
X	2896851	2896944	Deletion	93
X	2896851	2896959	Deletion	108
X	2898477	2898574	Deletion	97
X	2898492	2898569	Deletion	77
X	2898501	2898574	Deletion	73
X	2898517	2898574	Deletion	57
X	2898523	2898574	Deletion	51
X	2906515	2898574	Deletion	7941
X	2906515	2906569	Deletion	54
X	2906515	2906545	Deletion	30
X	2906515	2906591	Deletion	76
X	2906515	2906623	Deletion	108
X	2906515	2906560	Deletion	45
X	2906917	2906999	Deletion	82
X	2906942	2906999	Deletion	57
X	2906949	2906999	Deletion	50
X	2906959	2906999	Deletion	40
X	2906964	2906999	Deletion	35
X	2908257	2906999	Deletion	1258
X	2908257	2908358	Deletion	101
X	2908257	2908365	Deletion	108
X	2908257	2908301	Deletion	44
X	2908257	2908348	Deletion	91
X	2908257	2908333	Deletion	76
X	2908257	2908343	Deletion	86
X	2908257	2908326	Deletion	69
X	2908736	2908845	Deletion	109
X	2908741	2908845	Deletion	104
X	2908747	2908845	Deletion	98
X	2908769	2908845	Deletion	76
X	2912598	2908845	Deletion	3753
X	2912598	2912705	Deletion	107
X	2912598	2912648	Deletion	50
X	2916029	2916131	Deletion	102
X	2916033	2916131	Deletion	98
X	2934322	2934422	Deletion	100
X	2934325	2934422	Deletion	97
X	2934347	2934422	Deletion	75
X	2934348	2934422	Deletion	74
X	2934383	2934422	Deletion	39
X	2934503	2934422	Deletion	81
X	2934503	2934533	Deletion	30
X	2934503	2934602	Deletion	99
X	2934503	2934591	Deletion	88
X	2934503	2934556	Deletion	53
X	2934503	2934612	Deletion	109
X	2934503	2934607	Deletion	104
X	2934681	2934789	Deletion	108
X	2934726	2934789	Deletion	63
X	2934742	2934789	Deletion	47
X	2934749	2934789	Deletion	40
X	2934755	2934789	Deletion	34
X	2934756	2934789	Deletion	33
X	2937003	2934789	Deletion	2214
X	2937003	2937109	Deletion	106
X	2937003	2937089	Deletion	86
X	2937003	2937095	Deletion	92
X	2937003	2937112	Deletion	109
X	2937003	2937096	Deletion	93
X	2937003	2937066	Deletion	63
X	2937003	2937082	Deletion	79
X	2956257	2951873	Deletion	4384
X	2956257	2956330	Deletion	73
X	2960593	2960700	Deletion	107
X	2960611	2960700	Deletion	89
X	2960621	2960700	Deletion	79
X	2960634	2960700	Deletion	66
X	2960641	2960700	Deletion	59
X	2981466	2960700	Deletion	20766
X	2981466	2981503	Deletion	37
X	2981466	2981533	Deletion	67
X	2981466	2981526	Deletion	60
X	3011453	3011532	Deletion	79
X	3011456	3011531	Deletion	75
X	3011485	3011532	Deletion	47
X	3013772	3011532	Deletion	2240
X	3013772	3013885	Deletion	113
X	3013772	3013852	Deletion	80
X	3013772	3013805	Deletion	33
X	3013773	3013823	Deletion	50
X	3015557	3015661	Deletion	104
X	3015583	3015661	Deletion	78
X	3015595	3015661	Deletion	66
X	3020374	3015661	Deletion	4713
X	3020374	3020435	Deletion	61
X	3020374	3020483	Deletion	109
X	3021978	3021666	Deletion	312
X	3024697	3024776	Deletion	79
X	3024712	3024776	Deletion	64
X	3024731	3024776	Deletion	45
X	3024734	3024776	Deletion	42
X	3024859	3024776	Deletion	83
X	3024859	3024923	Deletion	64
X	3024859	3024942	Deletion	83
X	3024859	3024905	Deletion	46
X	3024862	3024945	Deletion	83
X	3041854	3041934	Deletion	80
X	3041889	3041934	Deletion	45
X	3042649	3041934	Deletion	715
X	3042649	3042735	Deletion	86
X	3042649	3042700	Deletion	51
X	3042649	3042687	Deletion	38
X	3049170	3049251	Deletion	81
X	3049184	3049251	Deletion	67
X	3049210	3049251	Deletion	41
X	3052147	3049251	Deletion	2896
X	3052147	3052234	Deletion	87
X	3052147	3052208	Deletion	61
X	3052147	3052260	Deletion	113
X	3091910	3091952	Deletion	42
X	3101153	3091952	Deletion	9201
X	3101153	3101238	Deletion	85
X	3101153	3101218	Deletion	65
X	3101153	3101259	Deletion	106
X	3127310	3127390	Deletion	80
X	3127329	3127390	Deletion	61
X	3127352	3127390	Deletion	38
X	3132021	3127390	Deletion	4631
X	3132021	3132139	Deletion	118
X	3132021	3132086	Deletion	65
X	3132021	3132067	Deletion	46
X	3136684	3136763	Deletion	79
X	3136716	3136763	Deletion	47
X	3136730	3136763	Deletion	33
X	3147176	3136763	Deletion	10413
X	3147176	3147256	Deletion	80
X	3147176	3147284	Deletion	108
X	3147176	3147224	Deletion	48
X	3150456	3150544	Deletion	88
X	3150458	3150544	Deletion	86
X	3150459	3150544	Deletion	85
X	3154196	3150544	Deletion	3652
X	3154196	3154294	Deletion	98
X	3154196	3154230	Deletion	34
X	3154196	3154237	Deletion	41
X	3154196	3154299	Deletion	103
X	3154196	3154235	Deletion	39
X	3154196	3154302	Deletion	106
X	3163135	3163200	Deletion	65
X	3163138	3163200	Deletion	62
X	3163140	3163200	Deletion	60
X	3163154	3163200	Deletion	46
X	3163161	3163200	Deletion	39
X	3163168	3163200	Deletion	32
X	3163787	3163200	Deletion	587
X	3163787	3163831	Deletion	44
X	3163787	3163875	Deletion	88
X	3163787	3163855	Deletion	68
X	3163787	3163868	Deletion	81
X	3163787	3163895	Deletion	108
X	3163787	3163882	Deletion	95
X	3163787	3163852	Deletion	65
X	3171477	3171577	Deletion	100
X	3171496	3171577	Deletion	81
X	3171533	3171577	Deletion	44
X	3176170	3171577	Deletion	4593
X	3176170	3176288	Deletion	118
X	3176170	3176252	Deletion	82
X	3191515	3191558	Deletion	43
X	3191525	3191558	Deletion	33
X	3198110	3198194	Deletion	84
X	3198110	3198211	Deletion	101
X	3203241	3203323	Deletion	82
X	3203264	3203323	Deletion	59
X	3203284	3203323	Deletion	39
X	3217618	3203323	Deletion	14295
X	3217618	3217729	Deletion	111
X	3217618	3217727	Deletion	109
X	3217618	3217662	Deletion	44
X	3217618	3217685	Deletion	67
X	3230612	3230730	Deletion	118
X	3230616	3230730	Deletion	114
X	3230622	3230730	Deletion	108
X	3230664	3230730	Deletion	66
X	3230674	3230730	Deletion	56
X	3230690	3230730	Deletion	40
X	3232953	3230730	Deletion	2223
X	3232953	3233072	Deletion	119
X	3232953	3233065	Deletion	112
X	3232953	3233023	Deletion	70
X	3232953	3233039	Deletion	86
X	3237250	3237336	Deletion	86
X	3237277	3237336	Deletion	59
X	3238281	3237336	Deletion	945
X	3238281	3238312	Deletion	31
X	3238281	3238393	Deletion	112
X	3238281	3238348	Deletion	67
X	3238281	3238321	Deletion	40
X	3252549	3252594	Deletion	45
X	3252936	3252594	Deletion	342
X	3252936	3253050	Deletion	114
X	3252936	3253005	Deletion	69
X	3252936	3253020	Deletion	84
X	3252936	3253038	Deletion	102
X	3255105	3255196	Deletion	91
X	3255136	3255196	Deletion	60
X	3255161	3255196	Deletion	35
X	3256318	3255196	Deletion	1122
X	3256318	3256353	Deletion	35
X	3256318	3256409	Deletion	91
X	3256318	3256384	Deletion	66
X	3275162	3275226	Deletion	64
X	3277420	3275226	Deletion	2194
X	3299511	3299595	Deletion	84
X	3299549	3299595	Deletion	46
X	3307765	3299595	Deletion	8170
X	3307765	3307845	Deletion	80
X	3314355	3314476	Deletion	121
X	3314372	3314476	Deletion	104
X	3314426	3314476	Deletion	50
X	3314442	3314476	Deletion	34
X	3314627	3314476	Deletion	151
X	3314627	3314704	Deletion	77
X	3323884	3323956	Deletion	72
X	3323926	3323956	Deletion	30
X	3329449	3323956	Deletion	5493
X	3329449	3329504	Deletion	55
X	3329449	3329555	Deletion	106
X	3329449	3329571	Deletion	122
X	3329449	3329546	Deletion	97
X	3329449	3329562	Deletion	113
X	3355255	3355372	Deletion	117
X	3355279	3355372	Deletion	93
X	3355298	3355372	Deletion	74
X	3355302	3355372	Deletion	70
X	3355337	3355372	Deletion	35
X	3366521	3355372	Deletion	11149
X	3366521	3366556	Deletion	35
X	3366521	3366614	Deletion	93
X	3366521	3366579	Deletion	58
X	3381366	3381459	Deletion	93
X	3381380	3381459	Deletion	79
X	3381398	3381459	Deletion	61
X	3382671	3381459	Deletion	1212
X	3382671	3382777	Deletion	106
X	3382671	3382773	Deletion	102
X	3382671	3382783	Deletion	112
X	3382671	3382772	Deletion	101
X	3382676	3382718	Deletion	42
X	3382909	3383029	Deletion	120
X	3382953	3383029	Deletion	76
X	3382977	3383029	Deletion	52
X	3382978	3383029	Deletion	51
X	3382982	3383029	Deletion	47
X	3382983	3383029	Deletion	46
X	3383356	3383029	Deletion	327
X	3383356	3383437	Deletion	81
X	3383356	3383432	Deletion	76
X	3383356	3383431	Deletion	75
X	3383356	3383455	Deletion	99
X	3383356	3383407	Deletion	51
X	3383356	3383463	Deletion	107
X	3400649	3400759	Deletion	110
X	3400668	3400759	Deletion	91
X	3400676	3400759	Deletion	83
X	3400695	3400759	Deletion	64
X	3400703	3400759	Deletion	56
X	3400709	3400759	Deletion	50
X	3401910	3400759	Deletion	1151
X	3401910	3401946	Deletion	36
X	3401910	3401954	Deletion	44
X	3401910	3401987	Deletion	77
X	3401910	3402027	Deletion	117
X	3401910	3401973	Deletion	63
X	3420606	3420674	Deletion	68
X	3424889	3424998	Deletion	109
X	3424928	3424997	Deletion	69
X	3424934	3424993	Deletion	59
X	3424955	3424998	Deletion	43
X	3425718	3424998	Deletion	720
X	3425718	3425835	Deletion	117
X	3425718	3425820	Deletion	102
X	3425718	3425801	Deletion	83
X	3425718	3425780	Deletion	62
X	3427887	3427984	Deletion	97
X	3427931	3427984	Deletion	53
X	3427944	3427984	Deletion	40
X	3427953	3427984	Deletion	31
X	3428036	3427984	Deletion	52
X	3428036	3428109	Deletion	73
X	3428036	3428131	Deletion	95
X	3428036	3428134	Deletion	98
X	3430991	3431028	Deletion	37
X	3432005	3431028	Deletion	977
X	3432005	3432095	Deletion	90
X	3432005	3432115	Deletion	110
X	3436512	3436589	Deletion	77
X	3438644	3436589	Deletion	2055
X	3438644	3438693	Deletion	49
X	3448077	3448139	Deletion	62
X	3448099	3448139	Deletion	40
X	3455239	3448139	Deletion	7100
X	3455239	3455352	Deletion	113
X	3455239	3455355	Deletion	116
X	3455239	3455305	Deletion	66
X	3457648	3457716	Deletion	68
X	3457672	3457716	Deletion	44
X	3457674	3457716	Deletion	42
X	3457841	3457716	Deletion	125
X	3457841	3457927	Deletion	86
X	3457841	3457929	Deletion	88
X	3458957	3459014	Deletion	57
X	3458964	3459014	Deletion	50
X	3469553	3459014	Deletion	10539
X	3469553	3469655	Deletion	102
X	3469553	3469667	Deletion	114
X	3469553	3469623	Deletion	70
X	3469559	3469674	Deletion	115
X	3481633	3481743	Deletion	110
X	3481634	3481743	Deletion	109
X	3481679	3481743	Deletion	64
X	3482974	3481743	Deletion	1231
X	3482974	3483095	Deletion	121
X	3486460	3486568	Deletion	108
X	3486518	3486568	Deletion	50
X	3486530	3486568	Deletion	38
X	3486532	3486568	Deletion	36
X	3511082	3502145	Deletion	8937
X	3511082	3511129	Deletion	47
X	3511082	3511152	Deletion	70
X	3511082	3511143	Deletion	61
X	3511082	3511145	Deletion	63
X	3511082	3511149	Deletion	67
X	3511082	3511113	Deletion	31
X	3511082	3511134	Deletion	52
X	3511120	3511138	Deletion	18
X	3511313	3511152	Deletion	161
X	3511313	3511354	Deletion	41
X	3511313	3511358	Deletion	45
X	3511313	3511430	Deletion	117
X	3511313	3511410	Deletion	97
X	3511313	3511435	Deletion	122
X	3514182	3514247	Deletion	65
X	3514196	3514247	Deletion	51
X	3514325	3514247	Deletion	78
X	3514325	3514400	Deletion	75
X	3514325	3514386	Deletion	61
X	3519034	3519107	Deletion	73
X	3519036	3519107	Deletion	71
X	3519058	3519107	Deletion	49
X	3521687	3519107	Deletion	2580
X	3521687	3521740	Deletion	53
X	3521687	3521724	Deletion	37
X	3521687	3521787	Deletion	100
X	3521687	3521764	Deletion	77
X	3531304	3531402	Deletion	98
X	3531311	3531402	Deletion	91
X	3531319	3531402	Deletion	83
X	3531470	3531402	Deletion	68
X	3531470	3531589	Deletion	119
X	3531470	3531514	Deletion	44
X	3540470	3540583	Deletion	113
X	3540480	3540583	Deletion	103
X	3540497	3540583	Deletion	86
X	3540513	3540583	Deletion	70
X	3540536	3540583	Deletion	47
X	3541470	3540583	Deletion	887
X	3541470	3541527	Deletion	57
X	3541470	3541550	Deletion	80
X	3541470	3541583	Deletion	113
X	3557030	3549417	Deletion	7613
X	3557030	3557134	Deletion	104
X	3557030	3557114	Deletion	84
X	3561087	3560417	Deletion	670
X	3561087	3561191	Deletion	104
X	3561087	3561179	Deletion	92
X	3561087	3561196	Deletion	109
X	3561087	3561206	Deletion	119
X	3626831	3626880	Deletion	49
X	3626834	3626880	Deletion	46
X	3626837	3626880	Deletion	43
X	3629988	3626880	Deletion	3108
X	3629988	3630066	Deletion	78
X	3629988	3630069	Deletion	81
X	3632852	3632924	Deletion	72
X	3632880	3632924	Deletion	44
X	3637573	3632924	Deletion	4649
X	3637573	3637628	Deletion	55
X	3637573	3637688	Deletion	115
X	3637573	3637656	Deletion	83
X	3679331	3679375	Deletion	44
X	3692524	3679375	Deletion	13149
X	3692524	3692606	Deletion	82
X	3692524	3692625	Deletion	101
X	3692524	3692634	Deletion	110
X	3692524	3692590	Deletion	66
X	3692524	3692638	Deletion	114
X	3698883	3698946	Deletion	63
X	3698884	3698946	Deletion	62
X	3698892	3698946	Deletion	54
X	3698906	3698946	Deletion	40
X	3700044	3698946	Deletion	1098
X	3700044	3700108	Deletion	64
X	3700044	3700116	Deletion	72
X	3700044	3700149	Deletion	105
X	3700044	3700107	Deletion	63
X	3700044	3700142	Deletion	98
X	3700044	3700167	Deletion	123
X	3700044	3700130	Deletion	86
X	3703094	3703183	Deletion	89
X	3703106	3703183	Deletion	77
X	3703109	3703183	Deletion	74
X	3703126	3703183	Deletion	57
X	3703144	3703183	Deletion	39
X	3705160	3703183	Deletion	1977
X	3705160	3705276	Deletion	116
X	3705160	3705229	Deletion	69
X	3705160	3705212	Deletion	52
X	3705160	3705197	Deletion	37
X	3705160	3705209	Deletion	49
X	3705878	3705964	Deletion	86
X	3705886	3705964	Deletion	78
X	3713876	3705964	Deletion	7912
X	3713876	3713925	Deletion	49
X	3713876	3713917	Deletion	41
X	3720823	3720869	Deletion	46
X	3720831	3720873	Deletion	42
X	3721866	3720873	Deletion	993
X	3721866	3721943	Deletion	77
X	3721866	3721951	Deletion	85
X	3721866	3721974	Deletion	108
X	3721866	3721932	Deletion	66
X	3722219	3722287	Deletion	68
X	3722225	3722287	Deletion	62
X	3722252	3722287	Deletion	35
X	3739482	3739575	Deletion	93
X	3739482	3739589	Deletion	107
X	3739482	3739600	Deletion	118
X	3739482	3739542	Deletion	60
X	3743754	3743865	Deletion	111
X	3743773	3743865	Deletion	92
X	3743784	3743865	Deletion	81
X	3743789	3743865	Deletion	76
X	3743810	3743862	Deletion	52
X	3743828	3743865	Deletion	37
X	3743830	3743865	Deletion	35
X	3744577	3743865	Deletion	712
X	3744577	3744700	Deletion	123
X	3744577	3744667	Deletion	90
X	3744577	3744678	Deletion	101
X	3744577	3744649	Deletion	72
X	3744577	3744694	Deletion	117
X	3744577	3744623	Deletion	46
X	3744577	3744691	Deletion	114
X	3744577	3744628	Deletion	51
X	3744577	3744612	Deletion	35
X	3748045	3748153	Deletion	108
X	3748061	3748153	Deletion	92
X	3748064	3748153	Deletion	89
X	3748095	3748153	Deletion	58
X	3748097	3748153	Deletion	56
X	3748099	3748153	Deletion	54
X	3748105	3748153	Deletion	48
X	3748108	3748153	Deletion	45
X	3748118	3748153	Deletion	35
X	3750892	3748153	Deletion	2739
X	3750892	3750962	Deletion	70
X	3750892	3750929	Deletion	37
X	3750892	3750960	Deletion	68
X	3750892	3750926	Deletion	34
X	3750892	3750983	Deletion	91
X	3750892	3750973	Deletion	81
X	3750892	3750996	Deletion	104
X	3750892	3750970	Deletion	78
X	3760575	3760634	Deletion	59
X	3760582	3760634	Deletion	52
X	3763841	3763907	Deletion	66
X	3765141	3763907	Deletion	1234
X	3765141	3765254	Deletion	113
X	3765141	3765201	Deletion	60
X	3765141	3765259	Deletion	118
X	3769492	3769536	Deletion	44
X	3776708	3769536	Deletion	7172
X	3776708	3776809	Deletion	101
X	3776708	3776821	Deletion	113
X	3776708	3776790	Deletion	82
X	3776708	3776806	Deletion	98
X	3801112	3801221	Deletion	109
X	3801121	3801221	Deletion	100
X	3801149	3801221	Deletion	72
X	3801152	3801221	Deletion	69
X	3801165	3801221	Deletion	56
X	3805378	3805448	Deletion	70
X	3805378	3805468	Deletion	90
X	3805378	3805432	Deletion	54
X	3805378	3805435	Deletion	57
X	3827241	3827280	Deletion	39
X	3827243	3827280	Deletion	37
X	3827247	3827280	Deletion	33
X	3827338	3827280	Deletion	58
X	3827338	3827427	Deletion	89
X	3827338	3827425	Deletion	87
X	3827338	3827446	Deletion	108
X	3837056	3829473	Deletion	7583
X	3837056	3837163	Deletion	107
X	3837056	3837161	Deletion	105
X	3837060	3837092	Deletion	32
X	3846148	3846210	Deletion	62
X	3846161	3846210	Deletion	49
X	3846169	3846210	Deletion	41
X	3847875	3846210	Deletion	1665
X	3847875	3847939	Deletion	64
X	3847875	3847952	Deletion	77
X	3847875	3847960	Deletion	85
X	3847878	3847913	Deletion	35
X	3860953	3861057	Deletion	104
X	3860964	3861057	Deletion	93
X	3861005	3861057	Deletion	52
X	3861019	3861057	Deletion	38
X	3861024	3861057	Deletion	33
X	3864847	3861057	Deletion	3790
X	3864847	3864961	Deletion	114
X	3864847	3864940	Deletion	93
X	3864847	3864955	Deletion	108
X	3864847	3864935	Deletion	88
X	3864847	3864880	Deletion	33
X	3871058	3871140	Deletion	82
X	3871095	3871140	Deletion	45
X	3871252	3871140	Deletion	112
X	3871252	3871296	Deletion	44
X	3871252	3871359	Deletion	107
X	3871252	3871333	Deletion	81
X	3871252	3871289	Deletion	37
X	3871252	3871355	Deletion	103
X	3879377	3879489	Deletion	112
X	3879379	3879489	Deletion	110
X	3879432	3879489	Deletion	57
X	3879454	3879489	Deletion	35
X	3897160	3879489	Deletion	17671
X	3897160	3897265	Deletion	105
X	3897160	3897229	Deletion	69
X	3897631	3897715	Deletion	84
X	3898098	3897715	Deletion	383
X	3898098	3898203	Deletion	105
X	3898098	3898128	Deletion	30
X	3898098	3898140	Deletion	42
X	3899778	3899844	Deletion	66
X	3899789	3899844	Deletion	55
X	3899799	3899844	Deletion	45
X	3908030	3899844	Deletion	8186
X	3908030	3908111	Deletion	81
X	3908030	3908101	Deletion	71
X	3908030	3908138	Deletion	108
X	3908030	3908082	Deletion	52
X	3908030	3908090	Deletion	60
X	3912339	3912439	Deletion	100
X	3912352	3912439	Deletion	87
X	3912358	3912439	Deletion	81
X	3912375	3912439	Deletion	64
X	3912385	3912439	Deletion	54
X	3912401	3912439	Deletion	38
X	3920628	3912439	Deletion	8189
X	3920628	3920703	Deletion	75
X	3920628	3920748	Deletion	120
X	3920628	3920719	Deletion	91
X	3920628	3920693	Deletion	65
X	3920628	3920676	Deletion	48
X	3920628	3920670	Deletion	42
X	3928468	3928587	Deletion	119
X	3928475	3928587	Deletion	112
X	3928491	3928587	Deletion	96
X	3928493	3928587	Deletion	94
X	3928520	3928587	Deletion	67
X	3928525	3928587	Deletion	62
X	3928546	3928587	Deletion	41
X	3928548	3928587	Deletion	39
X	3928774	3928587	Deletion	187
X	3928774	3928859	Deletion	85
X	3928774	3928838	Deletion	64
X	3928774	3928806	Deletion	32
X	3928774	3928861	Deletion	87
X	3928774	3928833	Deletion	59
X	3931061	3931168	Deletion	107
X	3931091	3931168	Deletion	77
X	3931102	3931168	Deletion	66
X	3931106	3931168	Deletion	62
X	3931107	3931168	Deletion	61
X	3931111	3931168	Deletion	57
X	3931124	3931168	Deletion	44
X	3931129	3931168	Deletion	39
X	3931391	3931168	Deletion	223
X	3931391	3931478	Deletion	87
X	3931391	3931440	Deletion	49
X	3931391	3931503	Deletion	112
X	3931391	3931473	Deletion	82
X	3931391	3931451	Deletion	60
X	3931391	3931460	Deletion	69
X	3931391	3931456	Deletion	65
X	3931391	3931496	Deletion	105
X	3931391	3931500	Deletion	109
X	3941143	3941241	Deletion	98
X	3942029	3942133	Deletion	104
X	3966599	3966692	Deletion	93
X	3966608	3966692	Deletion	84
X	3966635	3966692	Deletion	57
X	3966636	3966692	Deletion	56
X	3966642	3966692	Deletion	50
X	3969486	3966692	Deletion	2794
X	3969486	3969563	Deletion	77
X	3969486	3969592	Deletion	106
X	3969486	3969556	Deletion	70
X	3969486	3969557	Deletion	71
X	3969486	3969609	Deletion	123
X	3969486	3969529	Deletion	43
X	3972099	3972212	Deletion	113
X	3972103	3972212	Deletion	109
X	3972108	3972212	Deletion	104
X	3972121	3972212	Deletion	91
X	3972131	3972212	Deletion	81
X	3972138	3972212	Deletion	74
X	3972170	3972212	Deletion	42
X	3972172	3972212	Deletion	40
X	3987204	3987293	Deletion	89
X	3987204	3987291	Deletion	87
X	3996217	3996324	Deletion	107
X	3996219	3996324	Deletion	105
X	3996237	3996324	Deletion	87
X	3996247	3996324	Deletion	77
X	3996269	3996324	Deletion	55
X	3996285	3996324	Deletion	39
X	3996290	3996324	Deletion	34
X	4000929	3996324	Deletion	4605
X	4000929	4000978	Deletion	49
X	4000929	4001016	Deletion	87
X	4000929	4000968	Deletion	39
X	4000929	4001021	Deletion	92
X	4001228	4001300	Deletion	72
X	4001246	4001300	Deletion	54
X	4001260	4001300	Deletion	40
X	4007101	4007173	Deletion	72
X	4007101	4007155	Deletion	54
X	4007101	4007145	Deletion	44
X	4019180	4019283	Deletion	103
X	4019197	4019283	Deletion	86
X	4019200	4019283	Deletion	83
X	4019233	4019283	Deletion	50
X	4019239	4019283	Deletion	44
X	4023995	4019283	Deletion	4712
X	4023995	4024077	Deletion	82
X	4023995	4024071	Deletion	76
X	4023995	4024035	Deletion	40
X	4044559	4044673	Deletion	114
X	4044561	4044673	Deletion	112
X	4044580	4044673	Deletion	93
X	4044620	4044673	Deletion	53
X	4046678	4044673	Deletion	2005
X	4046678	4046712	Deletion	34
X	4046678	4046752	Deletion	74
X	4046678	4046801	Deletion	123
X	4056356	4056465	Deletion	109
X	4056377	4056465	Deletion	88
X	4056408	4056465	Deletion	57
X	4056432	4056465	Deletion	33
X	4056583	4056465	Deletion	118
X	4056583	4056677	Deletion	94
X	4056583	4056704	Deletion	121
X	4056583	4056653	Deletion	70
X	4056583	4056622	Deletion	39
X	4090177	4090271	Deletion	94
X	4090180	4090271	Deletion	91
X	4090210	4090271	Deletion	61
X	4090239	4090271	Deletion	32
X	4090348	4090271	Deletion	77
X	4090348	4090384	Deletion	36
X	4090348	4090381	Deletion	33
X	4090348	4090414	Deletion	66
X	4090348	4090463	Deletion	115
X	4090348	4090443	Deletion	95
X	4090859	4090965	Deletion	106
X	4090911	4090965	Deletion	54
X	4095407	4090965	Deletion	4442
X	4095407	4095480	Deletion	73
X	4095407	4095531	Deletion	124
X	4097452	4097524	Deletion	72
X	4097684	4097524	Deletion	160
X	4097684	4097740	Deletion	56
X	4097684	4097796	Deletion	112
X	4112059	4112128	Deletion	69
X	4112093	4112128	Deletion	35
X	4112416	4112128	Deletion	288
X	4112416	4112510	Deletion	94
X	4112416	4112446	Deletion	30
X	4112416	4112525	Deletion	109
X	4112416	4112531	Deletion	115
X	4145440	4145548	Deletion	108
X	4145468	4145548	Deletion	80
X	4145513	4145548	Deletion	35
X	4145518	4145548	Deletion	30
X	4147623	4145548	Deletion	2075
X	4147623	4147714	Deletion	91
X	4147623	4147719	Deletion	96
X	4150668	4150737	Deletion	69
X	4150672	4150737	Deletion	65
X	4150674	4150737	Deletion	63
X	4157961	4150737	Deletion	7224
X	4169145	4169253	Deletion	108
X	4169191	4169253	Deletion	62
X	4169194	4169253	Deletion	59
X	4169200	4169253	Deletion	53
X	4169218	4169253	Deletion	35
X	4178711	4169253	Deletion	9458
X	4178711	4178784	Deletion	73
X	4178711	4178833	Deletion	122
X	4178711	4178826	Deletion	115
X	4178711	4178778	Deletion	67
X	4178711	4178775	Deletion	64
X	4178711	4178829	Deletion	118
X	4225389	4225487	Deletion	98
X	4225406	4225487	Deletion	81
X	4225427	4225487	Deletion	60
X	4225433	4225487	Deletion	54
X	4225449	4225487	Deletion	38
X	4225546	4225487	Deletion	59
X	4225546	4225591	Deletion	45
X	4225546	4225612	Deletion	66
X	4225546	4225618	Deletion	72
X	4252849	4252956	Deletion	107
X	4252867	4252956	Deletion	89
X	4252872	4252956	Deletion	84
X	4252877	4252956	Deletion	79
X	4252910	4252956	Deletion	46
X	4252915	4252956	Deletion	41
X	4252920	4252956	Deletion	36
X	4253010	4252956	Deletion	54
X	4253010	4253128	Deletion	118
X	4253010	4253058	Deletion	48
X	4253010	4253048	Deletion	38
X	4253010	4253112	Deletion	102
X	4253010	4253089	Deletion	79
X	4253010	4253101	Deletion	91
X	4253010	4253096	Deletion	86
X	4253010	4253053	Deletion	43
X	4274510	4274624	Deletion	114
X	4274516	4274624	Deletion	108
X	4274535	4274624	Deletion	89
X	4274565	4274624	Deletion	59
X	4274587	4274624	Deletion	37
X	4278045	4274624	Deletion	3421
X	4278045	4278135	Deletion	90
X	4278045	4278152	Deletion	107
X	4278045	4278113	Deletion	68
X	4293802	4293909	Deletion	107
X	4293802	4293880	Deletion	78
X	4293802	4293853	Deletion	51
X	4293802	4293839	Deletion	37
X	4293802	4293882	Deletion	80
X	4293802	4293842	Deletion	40
X	4293802	4293903	Deletion	101
X	4319380	4319469	Deletion	89
X	4319385	4319469	Deletion	84
X	4319391	4319469	Deletion	78
X	4319398	4319469	Deletion	71
X	4319400	4319469	Deletion	69
X	4326094	4326131	Deletion	37
X	4326094	4326136	Deletion	42
X	4326094	4326151	Deletion	57
X	4326094	4326197	Deletion	103
X	4326094	4326149	Deletion	55
X	4332068	4332135	Deletion	67
X	4332084	4332135	Deletion	51
X	4332103	4332135	Deletion	32
X	4340956	4332135	Deletion	8821
X	4340956	4341031	Deletion	75
X	4340956	4341050	Deletion	94
X	4358721	4358829	Deletion	108
X	4358730	4358829	Deletion	99
X	4358740	4358829	Deletion	89
X	4358748	4358829	Deletion	81
X	4358755	4358829	Deletion	74
X	4358773	4358829	Deletion	56
X	4362183	4358829	Deletion	3354
X	4362183	4362220	Deletion	37
X	4362183	4362235	Deletion	52
X	4362183	4362228	Deletion	45
X	4373939	4374050	Deletion	111
X	4373940	4374050	Deletion	110
X	4373957	4374050	Deletion	93
X	4373969	4374050	Deletion	81
X	4374017	4374050	Deletion	33
X	4374132	4374050	Deletion	82
X	4374132	4374178	Deletion	46
X	4374132	4374166	Deletion	34
X	4385969	4386046	Deletion	77
X	4385975	4386046	Deletion	71
X	4385988	4386046	Deletion	58
X	4385992	4386046	Deletion	54
X	4386002	4386046	Deletion	44
X	4386007	4386046	Deletion	39
X	4386586	4386654	Deletion	68
X	4386586	4386689	Deletion	103
X	4386586	4386668	Deletion	82
X	4386586	4386659	Deletion	73
X	4386586	4386673	Deletion	87
X	4386590	4386635	Deletion	45
X	4386792	4386854	Deletion	62
X	4386815	4386854	Deletion	39
X	4386820	4386854	Deletion	34
X	4410957	4386854	Deletion	24103
X	4410957	4411016	Deletion	59
X	4416493	4411008	Deletion	5485
X	4416493	4416555	Deletion	62
X	4416493	4416529	Deletion	36
X	4470479	4470519	Deletion	40
X	4470483	4470519	Deletion	36
X	4471133	4470516	Deletion	617
X	4471133	4471257	Deletion	124
X	4471133	4471249	Deletion	116
X	4471133	4471219	Deletion	86
X	4471133	4471223	Deletion	90
X	4487981	4488071	Deletion	90
X	4487993	4488071	Deletion	78
X	4488015	4488071	Deletion	56
X	4488022	4488071	Deletion	49
X	4488041	4488071	Deletion	30
X	4488760	4488071	Deletion	689
X	4488760	4488837	Deletion	77
X	4488760	4488883	Deletion	123
X	4488760	4488830	Deletion	70
X	4488760	4488796	Deletion	36
X	4488760	4488808	Deletion	48
X	4488760	4488870	Deletion	110
X	4488760	4488856	Deletion	96
X	4542215	4542269	Deletion	54
X	4542227	4542269	Deletion	42
X	4542232	4542269	Deletion	37
X	4542486	4542269	Deletion	217
X	4542486	4542545	Deletion	59
X	4542486	4542609	Deletion	123
X	4542486	4542558	Deletion	72
X	4542486	4542604	Deletion	118
X	4542488	4542575	Deletion	87
X	4546016	4546116	Deletion	100
X	4546037	4546116	Deletion	79
X	4546510	4546116	Deletion	394
X	4546510	4546614	Deletion	104
X	4546510	4546618	Deletion	108
X	4546510	4546632	Deletion	122
X	4569380	4569476	Deletion	96
X	4569388	4569476	Deletion	88
X	4569403	4569476	Deletion	73
X	4569431	4569476	Deletion	45
X	4569444	4569476	Deletion	32
X	4569547	4569476	Deletion	71
X	4569547	4569601	Deletion	54
X	4569547	4569642	Deletion	95
X	4569547	4569629	Deletion	82
X	4569547	4569586	Deletion	39
X	4589590	4589692	Deletion	102
X	4589598	4589692	Deletion	94
X	4589628	4589692	Deletion	64
X	4589646	4589692	Deletion	46
X	4589772	4589692	Deletion	80
X	4589772	4589804	Deletion	32
X	4589772	4589834	Deletion	62
X	4589772	4589852	Deletion	80
X	4589772	4589896	Deletion	124
X	4596990	4597058	Deletion	68
X	4597173	4597058	Deletion	115
X	4605665	4605727	Deletion	62
X	4605697	4605727	Deletion	30
X	4643701	4605727	Deletion	37974
X	4643701	4643814	Deletion	113
X	4643701	4643813	Deletion	112
X	4643701	4643797	Deletion	96
X	4652455	4652542	Deletion	87
X	4652456	4652542	Deletion	86
X	4652464	4652542	Deletion	78
X	4652508	4652542	Deletion	34
X	4656986	4652542	Deletion	4444
X	4656986	4657079	Deletion	93
X	4656986	4657086	Deletion	100
X	4656986	4657035	Deletion	49
X	4656986	4657089	Deletion	103
X	4656986	4657027	Deletion	41
X	4656986	4657109	Deletion	123
X	4663552	4663622	Deletion	70
X	4663566	4663622	Deletion	56
X	4663588	4663622	Deletion	34
X	4663904	4663622	Deletion	282
X	4663904	4663935	Deletion	31
X	4663904	4664015	Deletion	111
X	4663904	4664025	Deletion	121
X	4663904	4663961	Deletion	57
X	4663904	4663975	Deletion	71
X	4716392	4716482	Deletion	90
X	4716395	4716482	Deletion	87
X	4716423	4716482	Deletion	59
X	4716441	4716482	Deletion	41
X	4717985	4716482	Deletion	1503
X	4717985	4718021	Deletion	36
X	4717985	4718070	Deletion	85
X	4717985	4718024	Deletion	39
X	4727155	4727251	Deletion	96
X	4727169	4727251	Deletion	82
X	4727171	4727251	Deletion	80
X	4727183	4727251	Deletion	68
X	4727203	4727251	Deletion	48
X	4729821	4727251	Deletion	2570
X	4729821	4729936	Deletion	115
X	4729821	4729852	Deletion	31
X	4729821	4729880	Deletion	59
X	4729821	4729868	Deletion	47
X	4729821	4729866	Deletion	45
X	4751277	4751368	Deletion	91
X	4751314	4751368	Deletion	54
X	4751334	4751368	Deletion	34
X	4751423	4751368	Deletion	55
X	4751423	4751537	Deletion	114
X	4751423	4751458	Deletion	35
X	4751423	4751515	Deletion	92
X	4751423	4751541	Deletion	118
X	4751423	4751540	Deletion	117
X	4751423	4751495	Deletion	72
X	4764944	4765009	Deletion	65
X	4779105	4765009	Deletion	14096
X	4779105	4779157	Deletion	52
X	4798278	4798328	Deletion	50
X	4798284	4798328	Deletion	44
X	4798298	4798328	Deletion	30
X	4798733	4798328	Deletion	405
X	4798733	4798815	Deletion	82
X	4798733	4798782	Deletion	49
X	4798733	4798829	Deletion	96
X	4798733	4798809	Deletion	76
X	4824107	4824223	Deletion	116
X	4824150	4824223	Deletion	73
X	4824157	4824223	Deletion	66
X	4824178	4824223	Deletion	45
X	4824189	4824223	Deletion	34
X	4824609	4824223	Deletion	386
X	4824609	4824718	Deletion	109
X	4824609	4824690	Deletion	81
X	4824609	4824662	Deletion	53
X	4824609	4824685	Deletion	76
X	4824609	4824731	Deletion	122
X	4824609	4824701	Deletion	92
X	4824717	4824824	Deletion	107
X	4824774	4824824	Deletion	50
X	4824789	4824824	Deletion	35
X	4827108	4824824	Deletion	2284
X	4827108	4827199	Deletion	91
X	4831450	4831534	Deletion	84
X	4847552	4847620	Deletion	68
X	4847590	4847620	Deletion	30
X	4848051	4847620	Deletion	431
X	4848051	4848160	Deletion	109
X	4848051	4848109	Deletion	58
X	4848051	4848172	Deletion	121
X	4863276	4863385	Deletion	109
X	4863302	4863385	Deletion	83
X	4863305	4863385	Deletion	80
X	4871781	4863385	Deletion	8396
X	4872213	4871831	Deletion	382
X	4872213	4872257	Deletion	44
X	4872213	4872334	Deletion	121
X	4886594	4886670	Deletion	76
X	4898559	4886670	Deletion	11889
X	4898559	4898609	Deletion	50
X	4898559	4898602	Deletion	43
X	4900996	4901095	Deletion	99
X	4901038	4901095	Deletion	57
X	4909818	4901095	Deletion	8723
X	4909818	4909887	Deletion	69
X	4909818	4909926	Deletion	108
X	4912466	4912541	Deletion	75
X	4912501	4912541	Deletion	40
X	4912507	4912541	Deletion	34
X	4912842	4912541	Deletion	301
X	4912842	4912944	Deletion	102
X	4912842	4912934	Deletion	92
X	4931296	4931381	Deletion	85
X	4944067	4944153	Deletion	86
X	4944076	4944153	Deletion	77
X	4945833	4944153	Deletion	1680
X	4945833	4945932	Deletion	99
X	4945833	4945951	Deletion	118
X	4947749	4947863	Deletion	114
X	4947759	4947863	Deletion	104
X	4947777	4947863	Deletion	86
X	4947796	4947863	Deletion	67
X	4947799	4947863	Deletion	64
X	4947810	4947863	Deletion	53
X	4947813	4947863	Deletion	50
X	4947819	4947863	Deletion	44
X	4968161	4947863	Deletion	20298
X	4968161	4968221	Deletion	60
X	4968161	4968262	Deletion	101
X	4968161	4968235	Deletion	74
X	4968161	4968244	Deletion	83
X	4968161	4968202	Deletion	41
X	4968161	4968224	Deletion	63
X	4995552	4995665	Deletion	113
X	5004109	5004186	Deletion	77
X	5004109	5004219	Deletion	110
X	5004109	5004207	Deletion	98
X	5010950	5011066	Deletion	116
X	5011017	5011066	Deletion	49
X	5011279	5011356	Deletion	77
X	5011279	5011402	Deletion	123
X	5011279	5011392	Deletion	113
X	5023600	5023668	Deletion	68
X	5023635	5023668	Deletion	33
X	5038334	5023668	Deletion	14666
X	5038334	5038428	Deletion	94
X	5087513	5087633	Deletion	120
X	5087532	5087633	Deletion	101
X	5087535	5087633	Deletion	98
X	5087537	5087633	Deletion	96
X	5087588	5087633	Deletion	45
X	5087791	5087872	Deletion	81
X	5090859	5090967	Deletion	108
X	5090886	5090967	Deletion	81
X	5091434	5090967	Deletion	467
X	5091434	5091556	Deletion	122
X	5099751	5099842	Deletion	91
X	5102061	5102169	Deletion	108
X	5102061	5102101	Deletion	40
X	5107251	5107340	Deletion	89
X	5115586	5107340	Deletion	8246
X	5115586	5115693	Deletion	107
X	5145939	5146029	Deletion	90
X	5145954	5146029	Deletion	75
X	5145981	5146029	Deletion	48
X	5145986	5146029	Deletion	43
X	5152340	5152423	Deletion	83
X	5152340	5152418	Deletion	78
X	5152340	5152391	Deletion	51
X	5152340	5152457	Deletion	117
X	5152340	5152376	Deletion	36
X	5166477	5166560	Deletion	83
X	5166483	5166560	Deletion	77
X	5166495	5166560	Deletion	65
X	5166516	5166560	Deletion	44
X	5166518	5166560	Deletion	42
X	5169939	5166560	Deletion	3379
X	5169939	5169969	Deletion	30
X	5169939	5170055	Deletion	116
X	5169939	5170024	Deletion	85
X	5169939	5170022	Deletion	83
X	5169939	5169983	Deletion	44
X	5169939	5170001	Deletion	62
X	5169939	5169989	Deletion	50
X	5169939	5170041	Deletion	102
X	5204139	5204245	Deletion	106
X	5204175	5204245	Deletion	70
X	5205479	5204245	Deletion	1234
X	5207232	5207310	Deletion	78
X	5207265	5207310	Deletion	45
X	5210952	5207310	Deletion	3642
X	5210952	5211070	Deletion	118
X	5210952	5211034	Deletion	82
X	5210952	5211000	Deletion	48
X	5212701	5211398	Deletion	1303
X	5212701	5212745	Deletion	44
X	5212701	5212811	Deletion	110
X	5227194	5227280	Deletion	86
X	5229619	5227275	Deletion	2344
X	5229619	5229660	Deletion	41
X	5229619	5229739	Deletion	120
X	5229619	5229656	Deletion	37
X	5236731	5236828	Deletion	97
X	5236750	5236828	Deletion	78
X	5236751	5236828	Deletion	77
X	5236754	5236828	Deletion	74
X	5236786	5236828	Deletion	42
X	5236792	5236828	Deletion	36
X	5241902	5236828	Deletion	5074
X	5241902	5241987	Deletion	85
X	5241902	5241955	Deletion	53
X	5241902	5241993	Deletion	91
X	5241902	5242016	Deletion	114
X	5241902	5242002	Deletion	100
X	5241902	5241952	Deletion	50
X	5241902	5241951	Deletion	49
X	5241906	5241932	Deletion	26
X	5246091	5246208	Deletion	117
X	5246096	5246208	Deletion	112
X	5246099	5246208	Deletion	109
X	5246117	5246208	Deletion	91
X	5246123	5246208	Deletion	85
X	5246124	5246208	Deletion	84
X	5246154	5246208	Deletion	54
X	5246166	5246208	Deletion	42
X	5250657	5246208	Deletion	4449
X	5250657	5250700	Deletion	43
X	5250657	5250743	Deletion	86
X	5250657	5250731	Deletion	74
X	5250657	5250701	Deletion	44
X	5253931	5254026	Deletion	95
X	5253948	5254026	Deletion	78
X	5253987	5254026	Deletion	39
X	5267401	5254026	Deletion	13375
X	5267401	5267433	Deletion	32
X	5267401	5267450	Deletion	49
X	5269962	5270056	Deletion	94
X	5269996	5270056	Deletion	60
X	5270372	5270056	Deletion	316
X	5270372	5270438	Deletion	66
X	5297861	5297970	Deletion	109
X	5297891	5297970	Deletion	79
X	5297931	5297970	Deletion	39
X	5297934	5297970	Deletion	36
X	5309302	5297970	Deletion	11332
X	5309302	5309391	Deletion	89
X	5309302	5309394	Deletion	92
X	5312622	5312736	Deletion	114
X	5312627	5312736	Deletion	109
X	5312678	5312736	Deletion	58
X	5312690	5312736	Deletion	46
X	5312704	5312736	Deletion	32
X	5314161	5312736	Deletion	1425
X	5314161	5314262	Deletion	101
X	5314161	5314229	Deletion	68
X	5314161	5314255	Deletion	94
X	5320077	5320150	Deletion	73
X	5320085	5320150	Deletion	65
X	5320106	5320150	Deletion	44
X	5322226	5320150	Deletion	2076
X	5322226	5322287	Deletion	61
X	5322226	5322330	Deletion	104
X	5322226	5322279	Deletion	53
X	5322230	5322308	Deletion	78
X	5326442	5326479	Deletion	37
X	5327076	5326479	Deletion	597
X	5327076	5327166	Deletion	90
X	5327076	5327187	Deletion	111
X	5327585	5327669	Deletion	84
X	5327598	5327669	Deletion	71
X	5327612	5327669	Deletion	57
X	5341835	5341931	Deletion	96
X	5341835	5341933	Deletion	98
X	5341835	5341872	Deletion	37
X	5341835	5341935	Deletion	100
X	5351535	5351574	Deletion	39
X	5351666	5351574	Deletion	92
X	5351666	5351704	Deletion	38
X	5358207	5358297	Deletion	90
X	5358213	5358297	Deletion	84
X	5358253	5358297	Deletion	44
X	5364607	5358297	Deletion	6310
X	5364607	5364649	Deletion	42
X	5364607	5364729	Deletion	122
X	5364607	5364689	Deletion	82
X	5364607	5364643	Deletion	36
X	5372572	5372667	Deletion	95
X	5372612	5372667	Deletion	55
X	5375865	5372667	Deletion	3198
X	5375865	5375936	Deletion	71
X	5378853	5378950	Deletion	97
X	5378877	5378950	Deletion	73
X	5378880	5378950	Deletion	70
X	5378901	5378950	Deletion	49
X	5378907	5378950	Deletion	43
X	5378917	5378950	Deletion	33
X	5382320	5378950	Deletion	3370
X	5382320	5382421	Deletion	101
X	5382320	5382397	Deletion	77
X	5382320	5382413	Deletion	93
X	5382320	5382403	Deletion	83
X	5382320	5382373	Deletion	53
X	5388823	5388919	Deletion	96
X	5388833	5388919	Deletion	86
X	5388834	5388919	Deletion	85
X	5388850	5388919	Deletion	69
X	5388881	5388919	Deletion	38
X	5389612	5388919	Deletion	693
X	5389612	5389725	Deletion	113
X	5389612	5389653	Deletion	41
X	5389612	5389724	Deletion	112
X	5389612	5389652	Deletion	40
X	5389612	5389669	Deletion	57
X	5389612	5389700	Deletion	88
X	5399423	5399529	Deletion	106
X	5399435	5399529	Deletion	94
X	5399446	5399529	Deletion	83
X	5399478	5399529	Deletion	51
X	5399915	5399529	Deletion	386
X	5399915	5399960	Deletion	45
X	5399915	5400018	Deletion	103
X	5430699	5430784	Deletion	85
X	5430705	5430784	Deletion	79
X	5430713	5430784	Deletion	71
X	5466874	5466922	Deletion	48
X	5466874	5466930	Deletion	56
X	5466874	5466916	Deletion	42
X	5466874	5466997	Deletion	123
X	5486641	5486692	Deletion	51
X	5486641	5486682	Deletion	41
X	5486641	5486718	Deletion	77
X	5502405	5502505	Deletion	100
X	5502412	5502505	Deletion	93
X	5502418	5502505	Deletion	87
X	5502434	5502505	Deletion	71
X	5502457	5502505	Deletion	48
X	5502569	5502505	Deletion	64
X	5502569	5502625	Deletion	56
X	5502569	5502682	Deletion	113
X	5502569	5502609	Deletion	40
X	5502569	5502603	Deletion	34
X	5535617	5535730	Deletion	113
X	5535646	5535734	Deletion	88
X	5535667	5535734	Deletion	67
X	5535689	5535734	Deletion	45
X	5535800	5535734	Deletion	66
X	5535800	5535912	Deletion	112
X	5535800	5535838	Deletion	38
X	5535800	5535881	Deletion	81
X	5537068	5536570	Deletion	498
X	5537068	5537166	Deletion	98
X	5537068	5537188	Deletion	120
X	5537068	5537168	Deletion	100
X	5537068	5537183	Deletion	115
X	5543036	5543148	Deletion	112
X	5543040	5543148	Deletion	108
X	5543061	5543148	Deletion	87
X	5543079	5543148	Deletion	69
X	5543089	5543148	Deletion	59
X	5543091	5543148	Deletion	57
X	5547770	5543148	Deletion	4622
X	5547770	5547876	Deletion	106
X	5547770	5547839	Deletion	69
X	5547770	5547809	Deletion	39
X	5549815	5549931	Deletion	116
X	5549846	5549931	Deletion	85
X	5549858	5549931	Deletion	73
X	5549862	5549931	Deletion	69
X	5558583	5549931	Deletion	8652
X	5558583	5558625	Deletion	42
X	5558583	5558687	Deletion	104
X	5558583	5558688	Deletion	105
X	5558583	5558641	Deletion	58
X	5561432	5561538	Deletion	106
X	5561436	5561538	Deletion	102
X	5561438	5561538	Deletion	100
X	5561440	5561538	Deletion	98
X	5561447	5561538	Deletion	91
X	5561488	5561538	Deletion	50
X	5562503	5561538	Deletion	965
X	5562503	5562601	Deletion	98
X	5562503	5562538	Deletion	35
X	5569748	5569849	Deletion	101
X	5569758	5569849	Deletion	91
X	5569777	5569849	Deletion	72
X	5569780	5569849	Deletion	69
X	5569798	5569849	Deletion	51
X	5569807	5569849	Deletion	42
X	5569809	5569849	Deletion	40
X	5570874	5569849	Deletion	1025
X	5570874	5570959	Deletion	85
X	5570874	5570973	Deletion	99
X	5570874	5570950	Deletion	76
X	5570874	5570961	Deletion	87
X	5570874	5570929	Deletion	55
X	5570874	5570910	Deletion	36
X	5592473	5592506	Deletion	33
X	5607648	5592506	Deletion	15142
X	5607648	5607764	Deletion	116
X	5607648	5607741	Deletion	93
X	5607648	5607692	Deletion	44
X	5622333	5622426	Deletion	93
X	5624211	5622426	Deletion	1785
X	5624211	5624244	Deletion	33
X	5642357	5642432	Deletion	75
X	5642394	5642432	Deletion	38
X	5642397	5642432	Deletion	35
X	5643401	5642432	Deletion	969
X	5643401	5643489	Deletion	88
X	5643401	5643492	Deletion	91
X	5670269	5670217	Deletion	52
X	5670269	5670353	Deletion	84
X	5670269	5670381	Deletion	112
X	5670269	5670366	Deletion	97
X	5670269	5670387	Deletion	118
X	5679577	5679663	Deletion	86
X	5679599	5679663	Deletion	64
X	5679610	5679663	Deletion	53
X	5679613	5679663	Deletion	50
X	5679629	5679663	Deletion	34
X	5681353	5679663	Deletion	1690
X	5681353	5681415	Deletion	62
X	5681353	5681463	Deletion	110
X	5681353	5681429	Deletion	76
X	5681353	5681393	Deletion	40
X	5681353	5681445	Deletion	92
X	5681353	5681453	Deletion	100
X	5689758	5687979	Deletion	1779
X	5689758	5689871	Deletion	113
X	5689758	5689861	Deletion	103
X	5689758	5689881	Deletion	123
X	5697722	5697768	Deletion	46
X	5697723	5697768	Deletion	45
X	5735918	5735987	Deletion	69
X	5735918	5736003	Deletion	85
X	5744635	5744716	Deletion	81
X	5744642	5744716	Deletion	74
X	5744647	5744716	Deletion	69
X	5744666	5744716	Deletion	50
X	5752910	5744716	Deletion	8194
X	5752910	5752945	Deletion	35
X	5753186	5752942	Deletion	244
X	5764707	5764815	Deletion	108
X	5764739	5764815	Deletion	76
X	5764752	5764815	Deletion	63
X	5764778	5764815	Deletion	37
X	5765263	5764815	Deletion	448
X	5765263	5765353	Deletion	90
X	5765263	5765327	Deletion	64
X	5771267	5771327	Deletion	60
X	5771269	5771327	Deletion	58
X	5771272	5771327	Deletion	55
X	5783630	5771327	Deletion	12303
X	5783630	5783701	Deletion	71
X	5783630	5783699	Deletion	69
X	5783630	5783682	Deletion	52
X	5798999	5799096	Deletion	97
X	5799009	5799096	Deletion	87
X	5799049	5799096	Deletion	47
X	5799060	5799096	Deletion	36
X	5805260	5805299	Deletion	39
X	5805260	5805339	Deletion	79
X	5821960	5821990	Deletion	30
X	5822042	5821990	Deletion	52
X	5822042	5822138	Deletion	96
X	5836672	5836775	Deletion	103
X	5836722	5836775	Deletion	53
X	5837545	5836775	Deletion	770
X	5837545	5837653	Deletion	108
X	5837545	5837647	Deletion	102
X	5837545	5837618	Deletion	73
X	5840483	5840590	Deletion	107
X	5840554	5840590	Deletion	36
X	5840830	5840590	Deletion	240
X	5840830	5840920	Deletion	90
X	5840830	5840929	Deletion	99
X	5859573	5859661	Deletion	88
X	5859577	5859661	Deletion	84
X	5859582	5859661	Deletion	79
X	5859583	5859661	Deletion	78
X	5859587	5859661	Deletion	74
X	5862882	5859661	Deletion	3221
X	5862882	5862920	Deletion	38
X	5862882	5862934	Deletion	52
X	5862882	5862929	Deletion	47
X	5862882	5862982	Deletion	100
X	5862882	5862930	Deletion	48
X	5862882	5862925	Deletion	43
X	5873130	5873199	Deletion	69
X	5873157	5873199	Deletion	42
X	5877424	5873197	Deletion	4227
X	5877425	5877510	Deletion	85
X	5877425	5877475	Deletion	50
X	5877425	5877539	Deletion	114
X	5877425	5877483	Deletion	58
X	5886781	5886865	Deletion	84
X	5886792	5886865	Deletion	73
X	5886799	5886865	Deletion	66
X	5886804	5886865	Deletion	61
X	5894114	5886865	Deletion	7249
X	5894114	5894175	Deletion	61
X	5894114	5894151	Deletion	37
X	5894114	5894168	Deletion	54
X	5894114	5894157	Deletion	43
X	5894114	5894180	Deletion	66
X	5895220	5895312	Deletion	92
X	5895233	5895312	Deletion	79
X	5895259	5895312	Deletion	53
X	5895280	5895312	Deletion	32
X	5897894	5895312	Deletion	2582
X	5897894	5897967	Deletion	73
X	5897894	5897988	Deletion	94
X	5897894	5897926	Deletion	32
X	5897894	5898009	Deletion	115
X	5897894	5897928	Deletion	34
X	5897894	5897941	Deletion	47
X	5911013	5911066	Deletion	53
X	5911016	5911066	Deletion	50
X	5911021	5911066	Deletion	45
X	5911022	5911066	Deletion	44
X	5915382	5911066	Deletion	4316
X	5915382	5915458	Deletion	76
X	5915382	5915464	Deletion	82
X	5915382	5915418	Deletion	36
X	5915382	5915455	Deletion	73
X	5916277	5916057	Deletion	220
X	5916277	5916387	Deletion	110
X	5955054	5955158	Deletion	104
X	5955080	5955158	Deletion	78
X	5955088	5955158	Deletion	70
X	5955126	5955158	Deletion	32
X	5955127	5955158	Deletion	31
X	5956492	5955158	Deletion	1334
X	5956492	5956588	Deletion	96
X	5956492	5956541	Deletion	49
X	5956492	5956602	Deletion	110
X	5956492	5956587	Deletion	95
X	5956492	5956549	Deletion	57
X	5969342	5969429	Deletion	87
X	5969681	5969429	Deletion	252
X	5980975	5981022	Deletion	47
X	5981233	5981022	Deletion	211
X	5981233	5981288	Deletion	55
X	5981233	5981314	Deletion	81
X	5981233	5981348	Deletion	115
X	5982856	5982949	Deletion	93
X	5982863	5982949	Deletion	86
X	5982870	5982949	Deletion	79
X	5982882	5982949	Deletion	67
X	5982886	5982949	Deletion	63
X	5982888	5982949	Deletion	61
X	5982893	5982949	Deletion	56
X	5983046	5982949	Deletion	97
X	5983046	5983164	Deletion	118
X	5983046	5983149	Deletion	103
X	5983046	5983112	Deletion	66
X	5983046	5983117	Deletion	71
X	5983046	5983087	Deletion	41
X	5983046	5983152	Deletion	106
X	5983046	5983106	Deletion	60
X	5983046	5983094	Deletion	48
X	5983046	5983110	Deletion	64
X	5992133	5992233	Deletion	100
X	5992134	5992233	Deletion	99
X	5992142	5992233	Deletion	91
X	5992165	5992233	Deletion	68
X	5992173	5992233	Deletion	60
X	5992183	5992233	Deletion	50
X	5992517	5992233	Deletion	284
X	5992517	5992593	Deletion	76
X	5992517	5992583	Deletion	66
X	5992517	5992624	Deletion	107
X	5992517	5992552	Deletion	35
X	5992517	5992575	Deletion	58
X	5998763	5998833	Deletion	70
X	5998766	5998833	Deletion	67
X	6008110	5998833	Deletion	9277
X	6008110	6008170	Deletion	60
X	6008110	6008167	Deletion	57
X	6028947	6029045	Deletion	98
X	6028960	6029045	Deletion	85
X	6028981	6029045	Deletion	64
X	6029002	6029045	Deletion	43
X	6029008	6029045	Deletion	37
X	6032743	6029045	Deletion	3698
X	6032743	6032806	Deletion	63
X	6032743	6032845	Deletion	102
X	6032743	6032827	Deletion	84
X	6032743	6032833	Deletion	90
X	6032743	6032785	Deletion	42
X	6032743	6032853	Deletion	110
X	6034525	6034629	Deletion	104
X	6034537	6034629	Deletion	92
X	6034540	6034629	Deletion	89
X	6034564	6034629	Deletion	65
X	6049053	6034629	Deletion	14424
X	6049053	6049091	Deletion	38
X	6049053	6049088	Deletion	35
X	6083359	6083453	Deletion	94
X	6083368	6083453	Deletion	85
X	6083392	6083453	Deletion	61
X	6083415	6083453	Deletion	38
X	6085503	6083453	Deletion	2050
X	6085503	6085569	Deletion	66
X	6085503	6085545	Deletion	42
X	6085503	6085536	Deletion	33
X	6085503	6085611	Deletion	108
X	6085503	6085625	Deletion	122
X	6085503	6085592	Deletion	89
X	6099559	6099670	Deletion	111
X	6099576	6099670	Deletion	94
X	6099588	6099670	Deletion	82
X	6099607	6099670	Deletion	63
X	6099638	6099670	Deletion	32
X	6104877	6099670	Deletion	5207
X	6104877	6104972	Deletion	95
X	6104877	6104922	Deletion	45
X	6104877	6104941	Deletion	64
X	6104877	6104910	Deletion	33
X	6115248	6115287	Deletion	39
X	6116997	6115287	Deletion	1710
X	6116997	6117064	Deletion	67
X	6187062	6187176	Deletion	114
X	6187072	6187176	Deletion	104
X	6187089	6187176	Deletion	87
X	6187140	6187176	Deletion	36
X	6191625	6187176	Deletion	4449
X	6191625	6191743	Deletion	118
X	6191625	6191738	Deletion	113
X	6191625	6191723	Deletion	98
X	6191625	6191747	Deletion	122
X	6191625	6191665	Deletion	40
X	6191625	6191737	Deletion	112
X	6193765	6193807	Deletion	42
X	6193772	6193807	Deletion	35
X	6198393	6193807	Deletion	4586
X	6198393	6198424	Deletion	31
X	6198393	6198477	Deletion	84
X	6198393	6198484	Deletion	91
X	6211432	6211487	Deletion	55
X	6211916	6211487	Deletion	429
X	6218057	6218134	Deletion	77
X	6218059	6218134	Deletion	75
X	6218063	6218134	Deletion	71
X	6218075	6218134	Deletion	59
X	6218078	6218134	Deletion	56
X	6218083	6218134	Deletion	51
X	6218086	6218134	Deletion	48
X	6218089	6218134	Deletion	45
X	6219065	6218134	Deletion	931
X	6219065	6219115	Deletion	50
X	6219065	6219097	Deletion	32
X	6219065	6219144	Deletion	79
X	6219065	6219147	Deletion	82
X	6219065	6219176	Deletion	111
X	6219065	6219136	Deletion	71
X	6219065	6219121	Deletion	56
X	6219065	6219117	Deletion	52
X	6219065	6219133	Deletion	68
X	6224628	6224683	Deletion	55
X	6224641	6224683	Deletion	42
X	6227414	6224683	Deletion	2731
X	6227414	6227482	Deletion	68
X	6227414	6227531	Deletion	117
X	6227414	6227486	Deletion	72
X	6229437	6229514	Deletion	77
X	6229460	6229514	Deletion	54
X	6229462	6229514	Deletion	52
X	6229470	6229514	Deletion	44
X	6229472	6229514	Deletion	42
X	6229482	6229514	Deletion	32
X	6229753	6229514	Deletion	239
X	6229753	6229852	Deletion	99
X	6229753	6229796	Deletion	43
X	6229753	6229847	Deletion	94
X	6229753	6229827	Deletion	74
X	6229753	6229835	Deletion	82
X	6229753	6229825	Deletion	72
X	6229753	6229872	Deletion	119
X	6229753	6229802	Deletion	49
X	6232206	6232276	Deletion	70
X	6232241	6232276	Deletion	35
X	6233581	6232276	Deletion	1305
X	6233581	6233637	Deletion	56
X	6233581	6233705	Deletion	124
X	6240208	6240311	Deletion	103
X	6240241	6240311	Deletion	70
X	6240278	6240311	Deletion	33
X	6249093	6240311	Deletion	8782
X	6249093	6249202	Deletion	109
X	6249093	6249149	Deletion	56
X	6250739	6250774	Deletion	35
X	6273239	6250774	Deletion	22465
X	6273239	6273290	Deletion	51
X	6273239	6273330	Deletion	91
X	6273239	6273350	Deletion	111
X	6278300	6278355	Deletion	55
X	6278304	6278355	Deletion	51
X	6278508	6278583	Deletion	75
X	6278643	6278696	Deletion	53
X	6278643	6278714	Deletion	71
X	6301256	6301360	Deletion	104
X	6301266	6301360	Deletion	94
X	6301289	6301360	Deletion	71
X	6302650	6301360	Deletion	1290
X	6302650	6302767	Deletion	117
X	6302650	6302709	Deletion	59
X	6302650	6302765	Deletion	115
X	6302650	6302686	Deletion	36
X	6314422	6314525	Deletion	103
X	6314426	6314525	Deletion	99
X	6314474	6314525	Deletion	51
X	6314482	6314525	Deletion	43
X	6324435	6314525	Deletion	9910
X	6324435	6324510	Deletion	75
X	6324435	6324555	Deletion	120
X	6381627	6381566	Deletion	61
X	6381627	6381742	Deletion	115
X	6381627	6381722	Deletion	95
X	6382924	6383006	Deletion	82
X	6382934	6383006	Deletion	72
X	6382963	6383006	Deletion	43
X	6382964	6383006	Deletion	42
X	6382967	6383006	Deletion	39
X	6382973	6383006	Deletion	33
X	6385717	6385801	Deletion	84
X	6385717	6385762	Deletion	45
X	6385717	6385830	Deletion	113
X	6385717	6385772	Deletion	55
X	6385717	6385802	Deletion	85
X	6385717	6385817	Deletion	100
X	6385717	6385758	Deletion	41
X	6385717	6385805	Deletion	88
X	6424634	6424742	Deletion	108
X	6424636	6424742	Deletion	106
X	6424658	6424742	Deletion	84
X	6424684	6424742	Deletion	58
X	6424693	6424742	Deletion	49
X	6424704	6424742	Deletion	38
X	6424706	6424742	Deletion	36
X	6429716	6424742	Deletion	4974
X	6429716	6429761	Deletion	45
X	6429716	6429807	Deletion	91
X	6429716	6429796	Deletion	80
X	6429716	6429809	Deletion	93
X	6429716	6429787	Deletion	71
X	6429716	6429833	Deletion	117
X	6435128	6435089	Deletion	39
X	6452810	6452863	Deletion	53
X	6452810	6452893	Deletion	83
X	6458374	6458459	Deletion	85
X	6458377	6458459	Deletion	82
X	6458398	6458459	Deletion	61
X	6458630	6458459	Deletion	171
X	6458630	6458664	Deletion	34
X	6458630	6458695	Deletion	65
X	6458630	6458671	Deletion	41
X	6458630	6458674	Deletion	44
X	6458630	6458732	Deletion	102
X	6465862	6465924	Deletion	62
X	6471237	6465924	Deletion	5313
X	6512461	6512577	Deletion	116
X	6512484	6512577	Deletion	93
X	6512487	6512577	Deletion	90
X	6512545	6512577	Deletion	32
X	6522219	6512577	Deletion	9642
X	6522219	6522255	Deletion	36
X	6522219	6522337	Deletion	118
X	6522219	6522313	Deletion	94
X	6522219	6522323	Deletion	104
X	6531260	6531340	Deletion	80
X	6531261	6531340	Deletion	79
X	6531275	6531340	Deletion	65
X	6531451	6531340	Deletion	111
X	6531451	6531564	Deletion	113
X	6531451	6531512	Deletion	61
X	6531451	6531497	Deletion	46
X	6531451	6531563	Deletion	112
X	6531451	6531487	Deletion	36
X	6541416	6541509	Deletion	93
X	6541421	6541509	Deletion	88
X	6541437	6541509	Deletion	72
X	6541452	6541509	Deletion	57
X	6541724	6541509	Deletion	215
X	6541724	6541779	Deletion	55
X	6541724	6541763	Deletion	39
X	6541724	6541835	Deletion	111
X	6541724	6541794	Deletion	70
X	6544681	6544779	Deletion	98
X	6544690	6544779	Deletion	89
X	6544730	6544779	Deletion	49
X	6544749	6544779	Deletion	30
X	6544886	6544779	Deletion	107
X	6544886	6544983	Deletion	97
X	6544886	6544998	Deletion	112
X	6544886	6544924	Deletion	38
X	6572132	6572239	Deletion	107
X	6572154	6572239	Deletion	85
X	6572199	6572239	Deletion	40
X	6573966	6572239	Deletion	1727
X	6573966	6574070	Deletion	104
X	6573966	6574059	Deletion	93
X	6573966	6574065	Deletion	99
X	6573966	6574090	Deletion	124
X	6574575	6574672	Deletion	97
X	6574593	6574672	Deletion	79
X	6574637	6574672	Deletion	35
X	6574721	6574672	Deletion	49
X	6574721	6574751	Deletion	30
X	6574721	6574824	Deletion	103
X	6574721	6574813	Deletion	92
X	6575236	6575289	Deletion	53
X	6579438	6575289	Deletion	4149
X	6584107	6584212	Deletion	105
X	6584112	6584212	Deletion	100
X	6584148	6584212	Deletion	64
X	6586157	6584212	Deletion	1945
X	6586157	6586219	Deletion	62
X	6588043	6587146	Deletion	897
X	6632322	6632391	Deletion	69
X	6632327	6632391	Deletion	64
X	6632328	6632391	Deletion	63
X	6632350	6632391	Deletion	41
X	6633427	6632391	Deletion	1036
X	6633427	6633485	Deletion	58
X	6633427	6633491	Deletion	64
X	6633427	6633513	Deletion	86
X	6650467	6650583	Deletion	116
X	6650469	6650583	Deletion	114
X	6650493	6650583	Deletion	90
X	6650517	6650583	Deletion	66
X	6650529	6650583	Deletion	54
X	6650546	6650583	Deletion	37
X	6650550	6650583	Deletion	33
X	6651735	6650583	Deletion	1152
X	6651735	6651807	Deletion	72
X	6651735	6651824	Deletion	89
X	6651735	6651795	Deletion	60
X	6651735	6651828	Deletion	93
X	6651735	6651849	Deletion	114
X	6654428	6654541	Deletion	113
X	6654438	6654541	Deletion	103
X	6654462	6654541	Deletion	79
X	6654465	6654541	Deletion	76
X	6654478	6654541	Deletion	63
X	6654754	6654541	Deletion	213
X	6654754	6654859	Deletion	105
X	6654754	6654853	Deletion	99
X	6654754	6654852	Deletion	98
X	6654754	6654802	Deletion	48
X	6654754	6654818	Deletion	64
X	6654754	6654863	Deletion	109
X	6654754	6654805	Deletion	51
X	6662141	6662237	Deletion	96
X	6662144	6662237	Deletion	93
X	6662154	6662237	Deletion	83
X	6662156	6662237	Deletion	81
X	6662161	6662237	Deletion	76
X	6662167	6662237	Deletion	70
X	6662447	6662237	Deletion	210
X	6662447	6662480	Deletion	33
X	6662447	6662497	Deletion	50
X	6662447	6662503	Deletion	56
X	6662447	6662477	Deletion	30
X	6662447	6662548	Deletion	101
X	6662447	6662490	Deletion	43
X	6673127	6673213	Deletion	86
X	6673133	6673213	Deletion	80
X	6673139	6673213	Deletion	74
X	6673173	6673213	Deletion	40
X	6675400	6673213	Deletion	2187
X	6675400	6675433	Deletion	33
X	6675400	6675442	Deletion	42
X	6675400	6675488	Deletion	88
X	6675400	6675454	Deletion	54
X	6682931	6683029	Deletion	98
X	6682990	6683026	Deletion	36
X	6682991	6683029	Deletion	38
X	6683939	6683029	Deletion	910
X	6683939	6684051	Deletion	112
X	6683939	6684027	Deletion	88
X	6683939	6684026	Deletion	87
X	6683939	6684058	Deletion	119
X	6683939	6684053	Deletion	114
X	6683939	6684036	Deletion	97
X	6683939	6684046	Deletion	107
X	6684415	6684518	Deletion	103
X	6684430	6684518	Deletion	88
X	6686068	6684518	Deletion	1550
X	6686068	6686106	Deletion	38
X	6694501	6694581	Deletion	80
X	6698563	6694581	Deletion	3982
X	6698563	6698594	Deletion	31
X	6698563	6698670	Deletion	107
X	6698563	6698609	Deletion	46
X	6712838	6712926	Deletion	88
X	6712840	6712926	Deletion	86
X	6712866	6712926	Deletion	60
X	6712878	6712926	Deletion	48
X	6712891	6712926	Deletion	35
X	6721385	6712926	Deletion	8459
X	6721385	6721463	Deletion	78
X	6721385	6721425	Deletion	40
X	6721385	6721496	Deletion	111
X	6721385	6721423	Deletion	38
X	6721385	6721476	Deletion	91
X	6723278	6723376	Deletion	98
X	6723291	6723376	Deletion	85
X	6723304	6723376	Deletion	72
X	6723320	6723376	Deletion	56
X	6723326	6723376	Deletion	50
X	6723328	6723376	Deletion	48
X	6725795	6723376	Deletion	2419
X	6725795	6725904	Deletion	109
X	6725795	6725875	Deletion	80
X	6725795	6725825	Deletion	30
X	6725795	6725851	Deletion	56
X	6725795	6725873	Deletion	78
X	6725795	6725838	Deletion	43
X	6729987	6730095	Deletion	108
X	6729996	6730095	Deletion	99
X	6730044	6730095	Deletion	51
X	6730057	6730095	Deletion	38
X	6730062	6730095	Deletion	33
X	6730145	6730095	Deletion	50
X	6730145	6730247	Deletion	102
X	6730145	6730238	Deletion	93
X	6730145	6730233	Deletion	88
X	6730145	6730248	Deletion	103
X	6730145	6730259	Deletion	114
X	6730145	6730256	Deletion	111
X	6741996	6742063	Deletion	67
X	6742023	6742063	Deletion	40
X	6742029	6742063	Deletion	34
X	6744981	6742063	Deletion	2918
X	6744981	6745041	Deletion	60
X	6744981	6745096	Deletion	115
X	6744981	6745068	Deletion	87
X	6807343	6807426	Deletion	83
X	6807345	6807426	Deletion	81
X	6807349	6807426	Deletion	77
X	6807363	6807426	Deletion	63
X	6807376	6807426	Deletion	50
X	6808730	6807426	Deletion	1304
X	6808730	6808794	Deletion	64
X	6808730	6808776	Deletion	46
X	6808730	6808774	Deletion	44
X	6808730	6808807	Deletion	77
X	6808730	6808780	Deletion	50
X	6808730	6808765	Deletion	35
X	6818426	6818511	Deletion	85
X	6818430	6818511	Deletion	81
X	6818475	6818511	Deletion	36
X	6818480	6818511	Deletion	31
X	6819530	6818511	Deletion	1019
X	6819530	6819620	Deletion	90
X	6819530	6819575	Deletion	45
X	6819530	6819571	Deletion	41
X	6823830	6823913	Deletion	83
X	6823844	6823913	Deletion	69
X	6823857	6823913	Deletion	56
X	6823879	6823913	Deletion	34
X	6824115	6823913	Deletion	202
X	6824115	6824172	Deletion	57
X	6824115	6824217	Deletion	102
X	6824115	6824153	Deletion	38
X	6824115	6824207	Deletion	92
X	6824115	6824158	Deletion	43
X	6846159	6845855	Deletion	304
X	6849851	6849959	Deletion	108
X	6849908	6849959	Deletion	51
X	6850303	6849959	Deletion	344
X	6850303	6850412	Deletion	109
X	6850303	6850426	Deletion	123
X	6850303	6850378	Deletion	75
X	6854504	6854595	Deletion	91
X	6854521	6854595	Deletion	74
X	6856748	6854590	Deletion	2158
X	6856748	6856783	Deletion	35
X	6856752	6856848	Deletion	96
X	6857571	6857607	Deletion	36
X	6859247	6859309	Deletion	62
X	6860092	6859309	Deletion	783
X	6860092	6860157	Deletion	65
X	6860092	6860198	Deletion	106
X	6860092	6860154	Deletion	62
X	6861848	6861924	Deletion	76
X	6861855	6861924	Deletion	69
X	6861868	6861924	Deletion	56
X	6861886	6861924	Deletion	38
X	6878637	6861924	Deletion	16713
X	6878637	6878710	Deletion	73
X	6878637	6878689	Deletion	52
X	6878637	6878727	Deletion	90
X	6878637	6878696	Deletion	59
X	6878637	6878732	Deletion	95
X	6878637	6878753	Deletion	116
X	6878637	6878675	Deletion	38
X	6903162	6890474	Deletion	12688
X	6903162	6903270	Deletion	108
X	6913206	6913316	Deletion	110
X	6913251	6913316	Deletion	65
X	6913255	6913316	Deletion	61
X	6913257	6913316	Deletion	59
X	6913273	6913316	Deletion	43
X	6916083	6913316	Deletion	2767
X	6916083	6916184	Deletion	101
X	6916083	6916149	Deletion	66
X	6916083	6916145	Deletion	62
X	6916083	6916167	Deletion	84
X	6916083	6916151	Deletion	68
X	6922844	6922941	Deletion	97
X	6922853	6922941	Deletion	88
X	6922888	6922941	Deletion	53
X	6922891	6922941	Deletion	50
X	6926893	6922941	Deletion	3952
X	6927781	6926963	Deletion	818
X	6927781	6927820	Deletion	39
X	6927781	6927858	Deletion	77
X	6927781	6927811	Deletion	30
X	6939298	6939409	Deletion	111
X	6939307	6939409	Deletion	102
X	6939315	6939409	Deletion	94
X	6939319	6939409	Deletion	90
X	6944199	6939409	Deletion	4790
X	6944199	6944231	Deletion	32
X	6944199	6944312	Deletion	113
X	6949024	6949095	Deletion	71
X	6949036	6949095	Deletion	59
X	6953897	6954006	Deletion	109
X	6954179	6954224	Deletion	45
X	6954273	6954224	Deletion	49
X	6955216	6955329	Deletion	113
X	6955216	6955312	Deletion	96
X	6958129	6958239	Deletion	110
X	6958129	6958227	Deletion	98
X	6958129	6958217	Deletion	88
X	6958256	6958369	Deletion	113
X	6958283	6958369	Deletion	86
X	6958284	6958369	Deletion	85
X	6958313	6958369	Deletion	56
X	6958326	6958369	Deletion	43
X	6958327	6958369	Deletion	42
X	6960032	6958369	Deletion	1663
X	6960032	6960073	Deletion	41
X	6960032	6960074	Deletion	42
X	6960032	6960103	Deletion	71
X	6960032	6960116	Deletion	84
X	6960032	6960117	Deletion	85
X	6985797	6985882	Deletion	85
X	6985799	6985882	Deletion	83
X	6985805	6985882	Deletion	77
X	6986136	6985882	Deletion	254
X	6986136	6986252	Deletion	116
X	6986136	6986173	Deletion	37
X	6986136	6986185	Deletion	49
X	6986136	6986179	Deletion	43
X	6986136	6986239	Deletion	103
X	6998893	6998955	Deletion	62
X	6998895	6998955	Deletion	60
X	7009083	6998955	Deletion	10128
X	7009083	7009149	Deletion	66
X	7018208	7018307	Deletion	99
X	7018223	7018307	Deletion	84
X	7018585	7018664	Deletion	79
X	7030989	7031099	Deletion	110
X	7030993	7031099	Deletion	106
X	7031017	7031099	Deletion	82
X	7031018	7031099	Deletion	81
X	7031027	7031099	Deletion	72
X	7031045	7031099	Deletion	54
X	7031837	7031099	Deletion	738
X	7031837	7031909	Deletion	72
X	7031837	7031937	Deletion	100
X	7031837	7031939	Deletion	102
X	7031837	7031891	Deletion	54
X	7031837	7031952	Deletion	115
X	7031837	7031882	Deletion	45
X	7031837	7031881	Deletion	44
X	7034217	7034301	Deletion	84
X	7034225	7034297	Deletion	72
X	7034263	7034301	Deletion	38
X	7034268	7034301	Deletion	33
X	7036279	7034301	Deletion	1978
X	7036279	7036329	Deletion	50
X	7036279	7036321	Deletion	42
X	7036279	7036372	Deletion	93
X	7036838	7036928	Deletion	90
X	7036858	7036928	Deletion	70
X	7036989	7036928	Deletion	61
X	7036989	7037091	Deletion	102
X	7036989	7037086	Deletion	97
X	7036989	7037104	Deletion	115
X	7036989	7037045	Deletion	56
X	7036989	7037110	Deletion	121
X	7071275	7071351	Deletion	76
X	7071284	7071351	Deletion	67
X	7074573	7074624	Deletion	51
X	7074573	7074697	Deletion	124
X	7074573	7074676	Deletion	103
X	7078088	7078176	Deletion	88
X	7078116	7078176	Deletion	60
X	7078117	7078176	Deletion	59
X	7078146	7078176	Deletion	30
X	7080468	7078176	Deletion	2292
X	7080468	7080506	Deletion	38
X	7080468	7080583	Deletion	115
X	7080468	7080534	Deletion	66
X	7080468	7080535	Deletion	67
X	7084421	7084501	Deletion	80
X	7084429	7084501	Deletion	72
X	7084450	7084501	Deletion	51
X	7085374	7084501	Deletion	873
X	7085374	7085449	Deletion	75
X	7085374	7085428	Deletion	54
X	7085374	7085479	Deletion	105
X	7085374	7085420	Deletion	46
X	7098578	7098680	Deletion	102
X	7098594	7098680	Deletion	86
X	7102723	7098680	Deletion	4043
X	7107176	7107275	Deletion	99
X	7107190	7107275	Deletion	85
X	7107199	7107275	Deletion	76
X	7107212	7107275	Deletion	63
X	7107604	7107270	Deletion	334
X	7107604	7107725	Deletion	121
X	7107604	7107645	Deletion	41
X	7107604	7107704	Deletion	100
X	7107604	7107654	Deletion	50
X	7118024	7118140	Deletion	116
X	7118035	7118140	Deletion	105
X	7118059	7118140	Deletion	81
X	7118086	7118140	Deletion	54
X	7118098	7118140	Deletion	42
X	7120659	7118140	Deletion	2519
X	7120659	7120704	Deletion	45
X	7120659	7120743	Deletion	84
X	7138513	7138628	Deletion	115
X	7138516	7138628	Deletion	112
X	7138542	7138628	Deletion	86
X	7138578	7138628	Deletion	50
X	7138683	7138628	Deletion	55
X	7138683	7138794	Deletion	111
X	7138685	7138760	Deletion	75
X	7143751	7143850	Deletion	99
X	7143763	7143850	Deletion	87
X	7143782	7143850	Deletion	68
X	7143812	7143850	Deletion	38
X	7144184	7143850	Deletion	334
X	7144184	7144242	Deletion	58
X	7144184	7144223	Deletion	39
X	7148740	7148850	Deletion	110
X	7148747	7148850	Deletion	103
X	7148753	7148850	Deletion	97
X	7148812	7148850	Deletion	38
X	7148819	7148850	Deletion	31
X	7152811	7148850	Deletion	3961
X	7152811	7152900	Deletion	89
X	7152811	7152841	Deletion	30
X	7152811	7152911	Deletion	100
X	7171569	7171662	Deletion	93
X	7171575	7171662	Deletion	87
X	7171627	7171662	Deletion	35
X	7171736	7171662	Deletion	74
X	7171736	7171769	Deletion	33
X	7171736	7171775	Deletion	39
X	7171736	7171827	Deletion	91
X	7177184	7177289	Deletion	105
X	7177199	7177289	Deletion	90
X	7177251	7177289	Deletion	38
X	7185748	7177289	Deletion	8459
X	7185748	7185838	Deletion	90
X	7191913	7192003	Deletion	90
X	7191914	7192003	Deletion	89
X	7191940	7192003	Deletion	63
X	7191957	7192003	Deletion	46
X	7195097	7192003	Deletion	3094
X	7195097	7195180	Deletion	83
X	7195097	7195137	Deletion	40
X	7195097	7195163	Deletion	66
X	7195097	7195136	Deletion	39
X	7224630	7224736	Deletion	106
X	7224659	7224736	Deletion	77
X	7224672	7224736	Deletion	64
X	7225091	7224736	Deletion	355
X	7225091	7225212	Deletion	121
X	7225091	7225140	Deletion	49
X	7256268	7256343	Deletion	75
X	7256298	7256343	Deletion	45
X	7258096	7256343	Deletion	1753
X	7258096	7258148	Deletion	52
X	7258096	7258141	Deletion	45
X	7267603	7267675	Deletion	72
X	7267622	7267675	Deletion	53
X	7269271	7267675	Deletion	1596
X	7269271	7269325	Deletion	54
X	7269271	7269383	Deletion	112
X	7296596	7296307	Deletion	289
X	7296596	7296663	Deletion	67
X	7296596	7296719	Deletion	123
X	7297169	7297265	Deletion	96
X	7297175	7297265	Deletion	90
X	7297195	7297265	Deletion	70
X	7297234	7297265	Deletion	31
X	7297408	7297265	Deletion	143
X	7297408	7297444	Deletion	36
X	7297408	7297503	Deletion	95
X	7297411	7297438	Deletion	27
X	7302710	7302770	Deletion	60
X	7302714	7302770	Deletion	56
X	7302722	7302770	Deletion	48
X	7302735	7302770	Deletion	35
X	7303027	7302770	Deletion	257
X	7303027	7303106	Deletion	79
X	7303027	7303150	Deletion	123
X	7303027	7303119	Deletion	92
X	7303027	7303138	Deletion	111
X	7303027	7303078	Deletion	51
X	7303027	7303098	Deletion	71
X	7318510	7318618	Deletion	108
X	7318522	7318618	Deletion	96
X	7318577	7318618	Deletion	41
X	7318579	7318618	Deletion	39
X	7329455	7318618	Deletion	10837
X	7329455	7329485	Deletion	30
X	7329455	7329540	Deletion	85
X	7329455	7329555	Deletion	100
X	7329455	7329542	Deletion	87
X	7334922	7334955	Deletion	33
X	7351775	7334955	Deletion	16820
X	7351775	7351846	Deletion	71
X	7351775	7351868	Deletion	93
X	7351775	7351884	Deletion	109
X	7351775	7351883	Deletion	108
X	7360480	7360572	Deletion	92
X	7360485	7360572	Deletion	87
X	7360491	7360572	Deletion	81
X	7360528	7360572	Deletion	44
X	7365291	7360572	Deletion	4719
X	7365291	7365373	Deletion	82
X	7365291	7365399	Deletion	108
X	7365291	7365330	Deletion	39
X	7365291	7365336	Deletion	45
X	7365291	7365405	Deletion	114
X	7380916	7381005	Deletion	89
X	7380965	7381005	Deletion	40
X	7380970	7381005	Deletion	35
X	7382600	7381005	Deletion	1595
X	7382600	7382691	Deletion	91
X	7382600	7382637	Deletion	37
X	7383448	7383526	Deletion	78
X	7383471	7383526	Deletion	55
X	7383475	7383526	Deletion	51
X	7383478	7383526	Deletion	48
X	7383690	7383526	Deletion	164
X	7383690	7383738	Deletion	48
X	7383690	7383768	Deletion	78
X	7383690	7383761	Deletion	71
X	7383700	7383732	Deletion	32
X	7407591	7407664	Deletion	73
X	7407592	7407664	Deletion	72
X	7407594	7407664	Deletion	70
X	7407986	7407664	Deletion	322
X	7407986	7408093	Deletion	107
X	7407986	7408040	Deletion	54
X	7407986	7408043	Deletion	57
X	7412304	7412412	Deletion	108
X	7412319	7412412	Deletion	93
X	7412904	7412412	Deletion	492
X	7420708	7420754	Deletion	46
X	7420710	7420754	Deletion	44
X	7421503	7420754	Deletion	749
X	7421503	7421585	Deletion	82
X	7421503	7421602	Deletion	99
X	7421503	7421547	Deletion	44
X	7421503	7421618	Deletion	115
X	7421503	7421583	Deletion	80
X	7456083	7456192	Deletion	109
X	7456120	7456192	Deletion	72
X	7456130	7456192	Deletion	62
X	7456145	7456192	Deletion	47
X	7456393	7456192	Deletion	201
X	7456393	7456505	Deletion	112
X	7456393	7456460	Deletion	67
X	7456393	7456475	Deletion	82
X	7460786	7460883	Deletion	97
X	7460789	7460883	Deletion	94
X	7460796	7460883	Deletion	87
X	7460801	7460883	Deletion	82
X	7460807	7460883	Deletion	76
X	7460810	7460883	Deletion	73
X	7460826	7460883	Deletion	57
X	7460847	7460883	Deletion	36
X	7460852	7460883	Deletion	31
X	7460853	7460883	Deletion	30
X	7463830	7460883	Deletion	2947
X	7463830	7463883	Deletion	53
X	7463830	7463925	Deletion	95
X	7463830	7463926	Deletion	96
X	7463830	7463862	Deletion	32
X	7463830	7463952	Deletion	122
X	7463830	7463899	Deletion	69
X	7463830	7463920	Deletion	90
X	7463830	7463943	Deletion	113
X	7463830	7463874	Deletion	44
X	7463830	7463869	Deletion	39
X	7474249	7474350	Deletion	101
X	7474257	7474349	Deletion	92
X	7474311	7474350	Deletion	39
X	7474315	7474350	Deletion	35
X	7476996	7474350	Deletion	2646
X	7476996	7477086	Deletion	90
X	7476996	7477083	Deletion	87
X	7476996	7477087	Deletion	91
X	7478120	7478206	Deletion	86
X	7478137	7478206	Deletion	69
X	7479328	7478206	Deletion	1122
X	7479328	7479430	Deletion	102
X	7479328	7479368	Deletion	40
X	7507085	7507190	Deletion	105
X	7507097	7507190	Deletion	93
X	7507286	7507190	Deletion	96
X	7518804	7518878	Deletion	74
X	7518812	7518883	Deletion	71
X	7518817	7518883	Deletion	66
X	7519803	7518883	Deletion	920
X	7519803	7519858	Deletion	55
X	7519803	7519850	Deletion	47
X	7519803	7519863	Deletion	60
X	7523768	7523847	Deletion	79
X	7523791	7523847	Deletion	56
X	7523794	7523847	Deletion	53
X	7523799	7523847	Deletion	48
X	7523805	7523847	Deletion	42
X	7523811	7523847	Deletion	36
X	7526947	7523847	Deletion	3100
X	7526947	7526994	Deletion	47
X	7526947	7527059	Deletion	112
X	7526947	7527017	Deletion	70
X	7526947	7527049	Deletion	102
X	7526947	7527020	Deletion	73
X	7526947	7527037	Deletion	90
X	7526947	7527031	Deletion	84
X	7540250	7540361	Deletion	111
X	7540263	7540361	Deletion	98
X	7540270	7540361	Deletion	91
X	7540287	7540361	Deletion	74
X	7540296	7540361	Deletion	65
X	7540310	7540361	Deletion	51
X	7553653	7540361	Deletion	13292
X	7553653	7553688	Deletion	35
X	7553653	7553728	Deletion	75
X	7553653	7553714	Deletion	61
X	7553653	7553705	Deletion	52
X	7576261	7576381	Deletion	120
X	7576287	7576381	Deletion	94
X	7576289	7576381	Deletion	92
X	7576303	7576381	Deletion	78
X	7576324	7576381	Deletion	57
X	7576347	7576381	Deletion	34
X	7581935	7576381	Deletion	5554
X	7581935	7581984	Deletion	49
X	7581935	7582028	Deletion	93
X	7581935	7581970	Deletion	35
X	7581935	7582005	Deletion	70
X	7582482	7582590	Deletion	108
X	7582497	7582590	Deletion	93
X	7582501	7582590	Deletion	89
X	7582504	7582590	Deletion	86
X	7582510	7582590	Deletion	80
X	7582515	7582590	Deletion	75
X	7582523	7582590	Deletion	67
X	7582533	7582590	Deletion	57
X	7582551	7582590	Deletion	39
X	7582671	7582590	Deletion	81
X	7582671	7582731	Deletion	60
X	7582671	7582741	Deletion	70
X	7582671	7582712	Deletion	41
X	7582671	7582718	Deletion	47
X	7582671	7582790	Deletion	119
X	7582671	7582759	Deletion	88
X	7582671	7582772	Deletion	101
X	7582671	7582705	Deletion	34
X	7582671	7582787	Deletion	116
X	7582671	7582723	Deletion	52
X	7593350	7593465	Deletion	115
X	7593360	7593465	Deletion	105
X	7593363	7593465	Deletion	102
X	7593369	7593465	Deletion	96
X	7593408	7593465	Deletion	57
X	7593428	7593465	Deletion	37
X	7600709	7593465	Deletion	7244
X	7600709	7600798	Deletion	89
X	7600709	7600739	Deletion	30
X	7600709	7600778	Deletion	69
X	7617359	7617453	Deletion	94
X	7617363	7617453	Deletion	90
X	7617365	7617453	Deletion	88
X	7617368	7617453	Deletion	85
X	7617389	7617453	Deletion	64
X	7617423	7617453	Deletion	30
X	7624284	7617453	Deletion	6831
X	7624284	7624347	Deletion	63
X	7624284	7624317	Deletion	33
X	7624284	7624381	Deletion	97
X	7624284	7624321	Deletion	37
X	7624284	7624326	Deletion	42
X	7624284	7624323	Deletion	39
X	7630760	7630836	Deletion	76
X	7630764	7630836	Deletion	72
X	7637475	7630836	Deletion	6639
X	7637475	7637596	Deletion	121
X	7637475	7637529	Deletion	54
X	7637475	7637525	Deletion	50
X	7637475	7637572	Deletion	97
X	7637476	7637573	Deletion	97
X	7638818	7638922	Deletion	104
X	7638839	7638922	Deletion	83
X	7638842	7638922	Deletion	80
X	7638855	7638922	Deletion	67
X	7638873	7638922	Deletion	49
X	7638880	7638922	Deletion	42
X	7638884	7638922	Deletion	38
X	7638891	7638922	Deletion	31
X	7642219	7638922	Deletion	3297
X	7642219	7642262	Deletion	43
X	7642219	7642296	Deletion	77
X	7642219	7642307	Deletion	88
X	7642219	7642314	Deletion	95
X	7642219	7642278	Deletion	59
X	7642219	7642303	Deletion	84
X	7642219	7642265	Deletion	46
X	7642665	7642770	Deletion	105
X	7642668	7642770	Deletion	102
X	7642675	7642770	Deletion	95
X	7642678	7642770	Deletion	92
X	7642685	7642770	Deletion	85
X	7646862	7642770	Deletion	4092
X	7646862	7646960	Deletion	98
X	7646862	7646985	Deletion	123
X	7646862	7646904	Deletion	42
X	7646862	7646897	Deletion	35
X	7646862	7646894	Deletion	32
X	7653301	7653397	Deletion	96
X	7653308	7653397	Deletion	89
X	7653348	7653397	Deletion	49
X	7653352	7653397	Deletion	45
X	7675504	7653397	Deletion	22107
X	7675504	7675583	Deletion	79
X	7675504	7675543	Deletion	39
X	7675504	7675587	Deletion	83
X	7677901	7677944	Deletion	43
X	7677913	7677944	Deletion	31
X	7690129	7677944	Deletion	12185
X	7690129	7690242	Deletion	113
X	7690129	7690226	Deletion	97
X	7690129	7690177	Deletion	48
X	7690129	7690214	Deletion	85
X	7692396	7692485	Deletion	89
X	7692441	7692485	Deletion	44
X	7692446	7692485	Deletion	39
X	7692453	7692485	Deletion	32
X	7692569	7692485	Deletion	84
X	7692569	7692656	Deletion	87
X	7692569	7692663	Deletion	94
X	7692569	7692690	Deletion	121
X	7692569	7692606	Deletion	37
X	7692569	7692651	Deletion	82
X	7692569	7692692	Deletion	123
X	7698403	7698460	Deletion	57
X	7701839	7698460	Deletion	3379
X	7723350	7723469	Deletion	119
X	7723432	7723469	Deletion	37
X	7724748	7723469	Deletion	1279
X	7724748	7724869	Deletion	121
X	7724748	7724845	Deletion	97
X	7724748	7724837	Deletion	89
X	7724748	7724858	Deletion	110
X	7727981	7728073	Deletion	92
X	7728006	7728073	Deletion	67
X	7728490	7728073	Deletion	417
X	7728490	7728524	Deletion	34
X	7728490	7728600	Deletion	110
X	7740655	7740762	Deletion	107
X	7740675	7740762	Deletion	87
X	7740695	7740762	Deletion	67
X	7740724	7740762	Deletion	38
X	7741720	7740762	Deletion	958
X	7741720	7741779	Deletion	59
X	7741720	7741839	Deletion	119
X	7741720	7741842	Deletion	122
X	7741720	7741759	Deletion	39
X	7741720	7741808	Deletion	88
X	7741720	7741817	Deletion	97
X	7760958	7761078	Deletion	120
X	7760964	7761078	Deletion	114
X	7767225	7761078	Deletion	6147
X	7767225	7767324	Deletion	99
X	7776041	7776136	Deletion	95
X	7776058	7776136	Deletion	78
X	7797104	7776136	Deletion	20968
X	7797104	7797152	Deletion	48
X	7804613	7804706	Deletion	93
X	7807403	7804706	Deletion	2697
X	7807403	7807516	Deletion	113
X	7807403	7807523	Deletion	120
X	7807403	7807437	Deletion	34
X	7807403	7807500	Deletion	97
X	7821151	7821246	Deletion	95
X	7821202	7821246	Deletion	44
X	7821205	7821246	Deletion	41
X	7821313	7821246	Deletion	67
X	7821313	7821422	Deletion	109
X	7846184	7845894	Deletion	290
X	7846184	7846290	Deletion	106
X	7846184	7846294	Deletion	110
X	7846184	7846303	Deletion	119
X	7864952	7865052	Deletion	100
X	7864954	7865052	Deletion	98
X	7864990	7865052	Deletion	62
X	7864993	7865052	Deletion	59
X	7865009	7865052	Deletion	43
X	7865386	7865052	Deletion	334
X	7865386	7865491	Deletion	105
X	7865386	7865470	Deletion	84
X	7865386	7865501	Deletion	115
X	7865386	7865454	Deletion	68
X	7865386	7865484	Deletion	98
X	7897229	7897319	Deletion	90
X	7906039	7906127	Deletion	88
X	7906064	7906127	Deletion	63
X	7906075	7906127	Deletion	52
X	7907762	7906127	Deletion	1635
X	7907762	7907800	Deletion	38
X	7907762	7907836	Deletion	74
X	7907762	7907861	Deletion	99
X	7907762	7907876	Deletion	114
X	7929799	7929884	Deletion	85
X	7929804	7929884	Deletion	80
X	7929807	7929882	Deletion	75
X	7929827	7929884	Deletion	57
X	7940176	7929884	Deletion	10292
X	7940176	7940217	Deletion	41
X	7940176	7940222	Deletion	46
X	7940176	7940225	Deletion	49
X	7940176	7940245	Deletion	69
X	7940176	7940210	Deletion	34
X	7945353	7945434	Deletion	81
X	7945551	7945434	Deletion	117
X	7951854	7951953	Deletion	99
X	7951871	7951953	Deletion	82
X	7954862	7951953	Deletion	2909
X	7954862	7954965	Deletion	103
X	7954862	7954979	Deletion	117
X	7954862	7954906	Deletion	44
X	7967118	7967185	Deletion	67
X	7967125	7967185	Deletion	60
X	7975679	7967185	Deletion	8494
X	7975679	7975738	Deletion	59
X	7975679	7975797	Deletion	118
X	8001517	8001631	Deletion	114
X	8001528	8001631	Deletion	103
X	8001538	8001631	Deletion	93
X	8001545	8001631	Deletion	86
X	8001555	8001631	Deletion	76
X	8001569	8001631	Deletion	62
X	8002775	8001631	Deletion	1144
X	8002775	8002839	Deletion	64
X	8002775	8002808	Deletion	33
X	8002775	8002815	Deletion	40
X	8002775	8002825	Deletion	50
X	8002775	8002889	Deletion	114
X	8033302	8033393	Deletion	91
X	8035552	8035601	Deletion	49
X	8039993	8040092	Deletion	99
X	8039993	8040030	Deletion	37
X	8039993	8040090	Deletion	97
X	8039993	8040054	Deletion	61
X	8039993	8040034	Deletion	41
X	8050319	8050386	Deletion	67
X	8050332	8050386	Deletion	54
X	8050333	8050386	Deletion	53
X	8050346	8050386	Deletion	40
X	8080677	8050386	Deletion	30291
X	8080677	8080737	Deletion	60
X	8080677	8080751	Deletion	74
X	8080677	8080796	Deletion	119
X	8080677	8080750	Deletion	73
X	8086148	8086243	Deletion	95
X	8086154	8086243	Deletion	89
X	8089471	8086243	Deletion	3228
X	8089471	8089503	Deletion	32
X	8089471	8089509	Deletion	38
X	8089471	8089585	Deletion	114
X	8094853	8094956	Deletion	103
X	8094867	8094956	Deletion	89
X	8094873	8094956	Deletion	83
X	8094899	8094956	Deletion	57
X	8094920	8094956	Deletion	36
X	8096179	8094956	Deletion	1223
X	8096179	8096270	Deletion	91
X	8096179	8096294	Deletion	115
X	8096179	8096249	Deletion	70
X	8096179	8096217	Deletion	38
X	8105931	8105966	Deletion	35
X	8106438	8105966	Deletion	472
X	8106438	8106485	Deletion	47
X	8106438	8106553	Deletion	115
X	8106439	8106530	Deletion	91
X	8111911	8112031	Deletion	120
X	8111944	8112031	Deletion	87
X	8111951	8112031	Deletion	80
X	8111953	8112031	Deletion	78
X	8111970	8112031	Deletion	61
X	8112841	8112031	Deletion	810
X	8112841	8112957	Deletion	116
X	8112841	8112908	Deletion	67
X	8112841	8112891	Deletion	50
X	8112841	8112882	Deletion	41
X	8120083	8120162	Deletion	79
X	8120460	8120162	Deletion	298
X	8120460	8120507	Deletion	47
X	8121806	8121921	Deletion	115
X	8121823	8121921	Deletion	98
X	8121824	8121921	Deletion	97
X	8121847	8121921	Deletion	74
X	8121849	8121921	Deletion	72
X	8121851	8121921	Deletion	70
X	8121860	8121921	Deletion	61
X	8137993	8138047	Deletion	54
X	8137993	8138045	Deletion	52
X	8137993	8138082	Deletion	89
X	8137993	8138058	Deletion	65
X	8137996	8138049	Deletion	53
X	8163541	8163660	Deletion	119
X	8163545	8163660	Deletion	115
X	8163558	8163660	Deletion	102
X	8163629	8163660	Deletion	31
X	8166756	8163660	Deletion	3096
X	8166756	8166854	Deletion	98
X	8166756	8166857	Deletion	101
X	8166756	8166851	Deletion	95
X	8174157	8174232	Deletion	75
X	8174165	8174232	Deletion	67
X	8174186	8174232	Deletion	46
X	8174606	8174232	Deletion	374
X	8174606	8174717	Deletion	111
X	8174606	8174657	Deletion	51
X	8174606	8174665	Deletion	59
X	8174606	8174720	Deletion	114
X	8175276	8175367	Deletion	91
X	8175278	8175364	Deletion	86
X	8175306	8175367	Deletion	61
X	8175334	8175367	Deletion	33
X	8178793	8175367	Deletion	3426
X	8178793	8178903	Deletion	110
X	8178793	8178886	Deletion	93
X	8178793	8178858	Deletion	65
X	8178793	8178830	Deletion	37
X	8178793	8178901	Deletion	108
X	8188198	8188290	Deletion	92
X	8195053	8188290	Deletion	6763
X	8195053	8195087	Deletion	34
X	8213150	8213229	Deletion	79
X	8213176	8213229	Deletion	53
X	8213182	8213229	Deletion	47
X	8213189	8213229	Deletion	40
X	8213191	8213229	Deletion	38
X	8213199	8213229	Deletion	30
X	8216287	8213229	Deletion	3058
X	8216287	8216383	Deletion	96
X	8216287	8216375	Deletion	88
X	8216287	8216366	Deletion	79
X	8216287	8216360	Deletion	73
X	8216287	8216373	Deletion	86
X	8217022	8217077	Deletion	55
X	8217028	8217078	Deletion	50
X	8217038	8217078	Deletion	40
X	8232474	8217078	Deletion	15396
X	8232474	8232584	Deletion	110
X	8232474	8232563	Deletion	89
X	8232474	8232581	Deletion	107
X	8232474	8232553	Deletion	79
X	8232474	8232586	Deletion	112
X	8234414	8234476	Deletion	62
X	8235027	8234476	Deletion	551
X	8235027	8235139	Deletion	112
X	8235027	8235091	Deletion	64
X	8241260	8241331	Deletion	71
X	8241267	8241331	Deletion	64
X	8241301	8241331	Deletion	30
X	8250417	8241331	Deletion	9086
X	8250417	8250472	Deletion	55
X	8250417	8250479	Deletion	62
X	8250417	8250513	Deletion	96
X	8250417	8250457	Deletion	40
X	8266708	8266774	Deletion	66
X	8266712	8266774	Deletion	62
X	8266714	8266774	Deletion	60
X	8266728	8266774	Deletion	46
X	8266743	8266774	Deletion	31
X	8271551	8266774	Deletion	4777
X	8271551	8271632	Deletion	81
X	8271551	8271616	Deletion	65
X	8271551	8271612	Deletion	61
X	8271551	8271618	Deletion	67
X	8271551	8271647	Deletion	96
X	8271551	8271655	Deletion	104
X	8278111	8278192	Deletion	81
X	8278160	8278192	Deletion	32
X	8278583	8278192	Deletion	391
X	8278583	8278677	Deletion	94
X	8320647	8319098	Deletion	1549
X	8320647	8320747	Deletion	100
X	8320649	8320710	Deletion	61
X	8333084	8333181	Deletion	97
X	8333110	8333181	Deletion	71
X	8333113	8333181	Deletion	68
X	8334101	8333181	Deletion	920
X	8334101	8334156	Deletion	55
X	8334101	8334198	Deletion	97
X	8334101	8334159	Deletion	58
X	8338180	8338281	Deletion	101
X	8338223	8338281	Deletion	58
X	8338231	8338281	Deletion	50
X	8338242	8338281	Deletion	39
X	8350454	8338281	Deletion	12173
X	8350454	8350522	Deletion	68
X	8350454	8350530	Deletion	76
X	8350454	8350541	Deletion	87
X	8350454	8350577	Deletion	123
X	8350454	8350573	Deletion	119
X	8357629	8357702	Deletion	73
X	8357648	8357702	Deletion	54
X	8357670	8357702	Deletion	32
X	8359493	8357702	Deletion	1791
X	8359493	8359591	Deletion	98
X	8359493	8359546	Deletion	53
X	8359493	8359565	Deletion	72
X	8361073	8361151	Deletion	78
X	8361084	8361151	Deletion	67
X	8362243	8361151	Deletion	1092
X	8362243	8362292	Deletion	49
X	8362243	8362362	Deletion	119
X	8362243	8362303	Deletion	60
X	8363796	8363905	Deletion	109
X	8367758	8367853	Deletion	95
X	8367764	8367853	Deletion	89
X	8367773	8367853	Deletion	80
X	8367792	8367853	Deletion	61
X	8368063	8367853	Deletion	210
X	8368063	8368128	Deletion	65
X	8368063	8368094	Deletion	31
X	8368063	8368100	Deletion	37
X	8370542	8370589	Deletion	47
X	8370550	8370589	Deletion	39
X	8370551	8370589	Deletion	38
X	8370554	8370589	Deletion	35
X	8377004	8370589	Deletion	6415
X	8377004	8377107	Deletion	103
X	8377004	8377104	Deletion	100
X	8377004	8377092	Deletion	88
X	8377004	8377041	Deletion	37
X	8377004	8377083	Deletion	79
X	8377004	8377091	Deletion	87
X	8378439	8378556	Deletion	117
X	8378440	8378556	Deletion	116
X	8378452	8378556	Deletion	104
X	8378481	8378556	Deletion	75
X	8378499	8378556	Deletion	57
X	8378507	8378556	Deletion	49
X	8378512	8378556	Deletion	44
X	8378514	8378556	Deletion	42
X	8378516	8378556	Deletion	40
X	8378518	8378556	Deletion	38
X	8380783	8378556	Deletion	2227
X	8380783	8380883	Deletion	100
X	8380783	8380865	Deletion	82
X	8380783	8380869	Deletion	86
X	8380783	8380867	Deletion	84
X	8380783	8380884	Deletion	101
X	8380783	8380871	Deletion	88
X	8380783	8380905	Deletion	122
X	8380783	8380860	Deletion	77
X	8380783	8380852	Deletion	69
X	8384102	8384199	Deletion	97
X	8384104	8384199	Deletion	95
X	8384108	8384199	Deletion	91
X	8384136	8384199	Deletion	63
X	8384157	8384199	Deletion	42
X	8384260	8384199	Deletion	61
X	8384260	8384298	Deletion	38
X	8384260	8384375	Deletion	115
X	8384260	8384347	Deletion	87
X	8384260	8384369	Deletion	109
X	8384260	8384292	Deletion	32
X	8384260	8384326	Deletion	66
X	8388307	8388361	Deletion	54
X	8388320	8388361	Deletion	41
X	8393535	8388361	Deletion	5174
X	8393535	8393608	Deletion	73
X	8393535	8393621	Deletion	86
X	8395410	8395489	Deletion	79
X	8396619	8395489	Deletion	1130
X	8396619	8396725	Deletion	106
X	8401111	8401230	Deletion	119
X	8401123	8401230	Deletion	107
X	8401150	8401230	Deletion	80
X	8401163	8401230	Deletion	67
X	8401189	8401230	Deletion	41
X	8401192	8401230	Deletion	38
X	8401193	8401230	Deletion	37
X	8401626	8401230	Deletion	396
X	8401626	8401715	Deletion	89
X	8401626	8401711	Deletion	85
X	8401626	8401672	Deletion	46
X	8401626	8401731	Deletion	105
X	8401626	8401685	Deletion	59
X	8402918	8402973	Deletion	55
X	8403589	8402973	Deletion	616
X	8403589	8403662	Deletion	73
X	8403589	8403693	Deletion	104
X	8403589	8403688	Deletion	99
X	8403589	8403660	Deletion	71
X	8410031	8410129	Deletion	98
X	8410034	8410129	Deletion	95
X	8410036	8410129	Deletion	93
X	8410039	8410129	Deletion	90
X	8410071	8410129	Deletion	58
X	8410083	8410129	Deletion	46
X	8410095	8410129	Deletion	34
X	8412247	8410129	Deletion	2118
X	8412249	8412346	Deletion	97
X	8412249	8412361	Deletion	112
X	8412249	8412317	Deletion	68
X	8412249	8412329	Deletion	80
X	8412249	8412282	Deletion	33
X	8412249	8412341	Deletion	92
X	8412249	8412285	Deletion	36
X	8428620	8428716	Deletion	96
X	8428640	8428716	Deletion	76
X	8428657	8428716	Deletion	59
X	8428686	8428716	Deletion	30
X	8428874	8428716	Deletion	158
X	8428874	8428986	Deletion	112
X	8428874	8428925	Deletion	51
X	8428874	8428905	Deletion	31
X	8428874	8428942	Deletion	68
X	8432230	8432321	Deletion	91
X	8432269	8432321	Deletion	52
X	8432270	8432321	Deletion	51
X	8432274	8432321	Deletion	47
X	8432286	8432321	Deletion	35
X	8490053	8432321	Deletion	57732
X	8490053	8490128	Deletion	75
X	8490053	8490132	Deletion	79
X	8490053	8490088	Deletion	35
X	8490053	8490086	Deletion	33
X	8490053	8490127	Deletion	74
X	8490053	8490155	Deletion	102
X	8490053	8490157	Deletion	104
X	8493373	8493459	Deletion	86
X	8493423	8493459	Deletion	36
X	8493750	8493459	Deletion	291
X	8493750	8493868	Deletion	118
X	8493750	8493790	Deletion	40
X	8493750	8493852	Deletion	102
X	8499511	8499616	Deletion	105
X	8501974	8502064	Deletion	90
X	8501975	8502064	Deletion	89
X	8501996	8502064	Deletion	68
X	8504615	8504652	Deletion	37
X	8504615	8504737	Deletion	122
X	8504615	8504721	Deletion	106
X	8515633	8515679	Deletion	46
X	8516718	8515679	Deletion	1039
X	8516718	8516840	Deletion	122
X	8516718	8516793	Deletion	75
X	8516718	8516799	Deletion	81
X	8516718	8516828	Deletion	110
X	8517152	8517264	Deletion	112
X	8517183	8517264	Deletion	81
X	8517219	8517264	Deletion	45
X	8530972	8517264	Deletion	13708
X	8548727	8531014	Deletion	17713
X	8548727	8548772	Deletion	45
X	8548727	8548808	Deletion	81
X	8548727	8548831	Deletion	104
X	8553215	8553312	Deletion	97
X	8553235	8553312	Deletion	77
X	8553246	8553312	Deletion	66
X	8553273	8553312	Deletion	39
X	8554942	8553312	Deletion	1630
X	8554942	8555029	Deletion	87
X	8554942	8555002	Deletion	60
X	8557354	8557474	Deletion	120
X	8557406	8557474	Deletion	68
X	8557420	8557474	Deletion	54
X	8557434	8557474	Deletion	40
X	8557440	8557474	Deletion	34
X	8557983	8557474	Deletion	509
X	8557983	8558075	Deletion	92
X	8557983	8558089	Deletion	106
X	8557983	8558069	Deletion	86
X	8557983	8558055	Deletion	72
X	8567639	8567026	Deletion	613
X	8576890	8576979	Deletion	89
X	8576891	8576979	Deletion	88
X	8576893	8576979	Deletion	86
X	8576912	8576979	Deletion	67
X	8576926	8576979	Deletion	53
X	8576929	8576979	Deletion	50
X	8576930	8576979	Deletion	49
X	8577555	8576979	Deletion	576
X	8577555	8577595	Deletion	40
X	8577555	8577654	Deletion	99
X	8577555	8577659	Deletion	104
X	8577555	8577634	Deletion	79
X	8577555	8577594	Deletion	39
X	8577555	8577630	Deletion	75
X	8577555	8577616	Deletion	61
X	8577555	8577633	Deletion	78
X	8580039	8580159	Deletion	120
X	8580047	8580159	Deletion	112
X	8580081	8580156	Deletion	75
X	8580106	8580159	Deletion	53
X	8580115	8580159	Deletion	44
X	8583502	8583575	Deletion	73
X	8583502	8583584	Deletion	82
X	8608743	8608837	Deletion	94
X	8609409	8608837	Deletion	572
X	8624143	8624227	Deletion	84
X	8624147	8624227	Deletion	80
X	8624153	8624227	Deletion	74
X	8624171	8624227	Deletion	56
X	8630307	8630353	Deletion	46
X	8630307	8630359	Deletion	52
X	8630307	8630418	Deletion	111
X	8630307	8630349	Deletion	42
X	8635962	8636069	Deletion	107
X	8635978	8636069	Deletion	91
X	8636016	8636069	Deletion	53
X	8636875	8636069	Deletion	806
X	8636875	8636910	Deletion	35
X	8636875	8636980	Deletion	105
X	8641091	8641198	Deletion	107
X	8641106	8641198	Deletion	92
X	8641107	8641198	Deletion	91
X	8641143	8641198	Deletion	55
X	8641144	8641198	Deletion	54
X	8642837	8641198	Deletion	1639
X	8642837	8642911	Deletion	74
X	8642837	8642944	Deletion	107
X	8642837	8642912	Deletion	75
X	8642837	8642874	Deletion	37
X	8642837	8642954	Deletion	117
X	8644456	8644546	Deletion	90
X	8644467	8644546	Deletion	79
X	8644512	8644546	Deletion	34
X	8656510	8644546	Deletion	11964
X	8656510	8656603	Deletion	93
X	8656510	8656623	Deletion	113
X	8656510	8656547	Deletion	37
X	8660489	8660589	Deletion	100
X	8660518	8660589	Deletion	71
X	8660542	8660589	Deletion	47
X	8660772	8660589	Deletion	183
X	8660772	8660879	Deletion	107
X	8660772	8660829	Deletion	57
X	8690476	8690553	Deletion	77
X	8690487	8690553	Deletion	66
X	8690496	8690553	Deletion	57
X	8696860	8690553	Deletion	6307
X	8696860	8696909	Deletion	49
X	8696860	8696975	Deletion	115
X	8696860	8696966	Deletion	106
X	8696860	8696920	Deletion	60
X	8696860	8696967	Deletion	107
X	8701613	8701678	Deletion	65
X	8703479	8703591	Deletion	112
X	8703479	8703563	Deletion	84
X	8703479	8703511	Deletion	32
X	8703479	8703541	Deletion	62
X	8703479	8703566	Deletion	87
X	8719595	8719697	Deletion	102
X	8719596	8719697	Deletion	101
X	8719628	8719697	Deletion	69
X	8719657	8719697	Deletion	40
X	8720796	8720882	Deletion	86
X	8720796	8720853	Deletion	57
X	8723739	8723838	Deletion	99
X	8723804	8723838	Deletion	34
X	8725116	8723838	Deletion	1278
X	8725116	8725211	Deletion	95
X	8725116	8725146	Deletion	30
X	8725116	8725221	Deletion	105
X	8745395	8745490	Deletion	95
X	8745400	8745490	Deletion	90
X	8745406	8745490	Deletion	84
X	8745543	8745575	Deletion	32
X	8745543	8745586	Deletion	43
X	8745636	8745733	Deletion	97
X	8745654	8745733	Deletion	79
X	8745659	8745733	Deletion	74
X	8745672	8745733	Deletion	61
X	8745685	8745733	Deletion	48
X	8745698	8745733	Deletion	35
X	8746098	8745733	Deletion	365
X	8746098	8746206	Deletion	108
X	8746098	8746213	Deletion	115
X	8746098	8746209	Deletion	111
X	8746098	8746145	Deletion	47
X	8746098	8746189	Deletion	91
X	8746098	8746150	Deletion	52
X	8746098	8746176	Deletion	78
X	8746470	8746573	Deletion	103
X	8746494	8746573	Deletion	79
X	8746498	8746573	Deletion	75
X	8746508	8746573	Deletion	65
X	8746531	8746573	Deletion	42
X	8746723	8746573	Deletion	150
X	8746723	8746784	Deletion	61
X	8746723	8746824	Deletion	101
X	8746723	8746807	Deletion	84
X	8746723	8746774	Deletion	51
X	8755081	8755173	Deletion	92
X	8755081	8755173	Deletion	92
X	8755130	8755168	Deletion	38
X	8755229	8755339	Deletion	110
X	8755229	8755263	Deletion	34
X	8755229	8755348	Deletion	119
X	8755229	8755312	Deletion	83
X	8755229	8755328	Deletion	99
X	8755229	8755349	Deletion	120
X	8755229	8755344	Deletion	115
X	8758321	8758397	Deletion	76
X	8758338	8758397	Deletion	59
X	8758350	8758397	Deletion	47
X	8758352	8758397	Deletion	45
X	8758353	8758397	Deletion	44
X	8758362	8758397	Deletion	35
X	8759391	8758397	Deletion	994
X	8759391	8759438	Deletion	47
X	8759391	8759475	Deletion	84
X	8759391	8759444	Deletion	53
X	8759391	8759476	Deletion	85
X	8759391	8759461	Deletion	70
X	8759391	8759485	Deletion	94
X	8759391	8759473	Deletion	82
X	8759772	8759883	Deletion	111
X	8759810	8759883	Deletion	73
X	8761298	8759883	Deletion	1415
X	8761298	8761414	Deletion	116
X	8761298	8761351	Deletion	53
X	8761298	8761411	Deletion	113
X	8768659	8768746	Deletion	87
X	8768675	8768746	Deletion	71
X	8768688	8768746	Deletion	58
X	8768705	8768746	Deletion	41
X	8768711	8768746	Deletion	35
X	8779383	8768746	Deletion	10637
X	8779383	8779468	Deletion	85
X	8779383	8779422	Deletion	39
X	8779383	8779418	Deletion	35
X	8779383	8779474	Deletion	91
X	8779383	8779438	Deletion	55
X	8796290	8787925	Deletion	8365
X	8796290	8796357	Deletion	67
X	8800099	8800180	Deletion	81
X	8800121	8800180	Deletion	59
X	8800128	8800180	Deletion	52
X	8800146	8800180	Deletion	34
X	8800407	8800180	Deletion	227
X	8800407	8800500	Deletion	93
X	8800407	8800475	Deletion	68
X	8800407	8800482	Deletion	75
X	8875209	8875302	Deletion	93
X	8875229	8875302	Deletion	73
X	8875264	8875302	Deletion	38
X	8880658	8875302	Deletion	5356
X	8880658	8880712	Deletion	54
X	8880658	8880692	Deletion	34
X	8882748	8882828	Deletion	80
X	8882775	8882828	Deletion	53
X	8884718	8882828	Deletion	1890
X	8884718	8884791	Deletion	73
X	8884718	8884816	Deletion	98
X	8894125	8894164	Deletion	39
X	8899005	8894164	Deletion	4841
X	8899005	8899123	Deletion	118
X	8899005	8899093	Deletion	88
X	8902013	8902101	Deletion	88
X	8902031	8902101	Deletion	70
X	8902032	8902101	Deletion	69
X	8902034	8902101	Deletion	67
X	8902035	8902101	Deletion	66
X	8902040	8902101	Deletion	61
X	8902044	8902101	Deletion	57
X	8902051	8902101	Deletion	50
X	8902065	8902101	Deletion	36
X	8912970	8902101	Deletion	10869
X	8912970	8913001	Deletion	31
X	8912970	8913036	Deletion	66
X	8912970	8913072	Deletion	102
X	8912970	8913027	Deletion	57
X	8912970	8913040	Deletion	70
X	8912970	8913031	Deletion	61
X	8912970	8913047	Deletion	77
X	8912970	8913061	Deletion	91
X	8912970	8913075	Deletion	105
X	8912970	8913028	Deletion	58
X	8912970	8913030	Deletion	60
X	8934678	8934775	Deletion	97
X	8934688	8934775	Deletion	87
X	8934695	8934775	Deletion	80
X	8934702	8934775	Deletion	73
X	8934741	8934775	Deletion	34
X	8934941	8934775	Deletion	166
X	8934941	8935056	Deletion	115
X	8934941	8935034	Deletion	93
X	8934941	8935065	Deletion	124
X	8934941	8934981	Deletion	40
X	8934941	8934971	Deletion	30
X	8934941	8934996	Deletion	55
X	8934941	8934988	Deletion	47
X	8941045	8941133	Deletion	88
X	8941070	8941133	Deletion	63
X	8941083	8941133	Deletion	50
X	8942065	8941133	Deletion	932
X	8942065	8942143	Deletion	78
X	8942065	8942182	Deletion	117
X	8942065	8942169	Deletion	104
X	8942065	8942130	Deletion	65
X	8962089	8962184	Deletion	95
X	8962097	8962184	Deletion	87
X	8962102	8962184	Deletion	82
X	8962125	8962184	Deletion	59
X	8962138	8962184	Deletion	46
X	8962141	8962184	Deletion	43
X	8974008	8962184	Deletion	11824
X	8974008	8974091	Deletion	83
X	8974008	8974124	Deletion	116
X	8974008	8974088	Deletion	80
X	8974008	8974075	Deletion	67
X	8974008	8974052	Deletion	44
X	8974008	8974047	Deletion	39
X	8988651	8988733	Deletion	82
X	8989012	8988733	Deletion	279
X	8989012	8989127	Deletion	115
X	8989012	8989056	Deletion	44
X	8992625	8992715	Deletion	90
X	8992646	8992715	Deletion	69
X	8992660	8992715	Deletion	55
X	8992668	8992715	Deletion	47
X	8992677	8992715	Deletion	38
X	9001815	8992715	Deletion	9100
X	9001815	9001851	Deletion	36
X	9001815	9001886	Deletion	71
X	9001815	9001916	Deletion	101
X	9001815	9001903	Deletion	88
X	9029399	9029448	Deletion	49
X	9029414	9029448	Deletion	34
X	9029632	9029448	Deletion	184
X	9029632	9029731	Deletion	99
X	9029632	9029694	Deletion	62
X	9029632	9029709	Deletion	77
X	9078023	9078124	Deletion	101
X	9078026	9078124	Deletion	98
X	9078056	9078124	Deletion	68
X	9078070	9078124	Deletion	54
X	9078077	9078124	Deletion	47
X	9079318	9078124	Deletion	1194
X	9079318	9079391	Deletion	73
X	9079318	9079377	Deletion	59
X	9079318	9079398	Deletion	80
X	9082195	9082283	Deletion	88
X	9082217	9082283	Deletion	66
X	9082239	9082283	Deletion	44
X	9082252	9082283	Deletion	31
X	9084277	9082283	Deletion	1994
X	9084277	9084387	Deletion	110
X	9084277	9084376	Deletion	99
X	9084277	9084316	Deletion	39
X	9084282	9084373	Deletion	91
X	9085199	9085315	Deletion	116
X	9085223	9085315	Deletion	92
X	9085241	9085315	Deletion	74
X	9085245	9085315	Deletion	70
X	9099133	9085315	Deletion	13818
X	9099133	9099167	Deletion	34
X	9099133	9099189	Deletion	56
X	9099133	9099235	Deletion	102
X	9099133	9099185	Deletion	52
X	9099560	9099651	Deletion	91
X	9099592	9099651	Deletion	59
X	9099611	9099651	Deletion	40
X	9099612	9099651	Deletion	39
X	9099613	9099651	Deletion	38
X	9100181	9099651	Deletion	530
X	9100181	9100249	Deletion	68
X	9100181	9100285	Deletion	104
X	9100181	9100269	Deletion	88
X	9100181	9100292	Deletion	111
X	9100181	9100281	Deletion	100
X	9100181	9100270	Deletion	89
X	9123854	9123906	Deletion	52
X	9123858	9123906	Deletion	48
X	9135494	9123906	Deletion	11588
X	9135494	9135568	Deletion	74
X	9135494	9135572	Deletion	78
X	9163755	9163864	Deletion	109
X	9163801	9163864	Deletion	63
X	9164567	9164631	Deletion	64
X	9164567	9164684	Deletion	117
X	9180398	9180504	Deletion	106
X	9180409	9180504	Deletion	95
X	9180425	9180504	Deletion	79
X	9180429	9180504	Deletion	75
X	9180432	9180504	Deletion	72
X	9181408	9180504	Deletion	904
X	9181408	9181459	Deletion	51
X	9181408	9181463	Deletion	55
X	9181408	9181443	Deletion	35
X	9189348	9189445	Deletion	97
X	9189358	9189445	Deletion	87
X	9189378	9189445	Deletion	67
X	9189379	9189445	Deletion	66
X	9189385	9189445	Deletion	60
X	9189404	9189445	Deletion	41
X	9189410	9189445	Deletion	35
X	9190001	9189445	Deletion	556
X	9190001	9190067	Deletion	66
X	9190001	9190061	Deletion	60
X	9190001	9190086	Deletion	85
X	9190001	9190120	Deletion	119
X	9190001	9190092	Deletion	91
X	9190001	9190040	Deletion	39
X	9217116	9217220	Deletion	104
X	9217145	9217220	Deletion	75
X	9217180	9217220	Deletion	40
X	9217272	9217220	Deletion	52
X	9217272	9217358	Deletion	86
X	9217272	9217345	Deletion	73
X	9273758	9273851	Deletion	93
X	9273762	9273851	Deletion	89
X	9273771	9273851	Deletion	80
X	9273791	9273851	Deletion	60
X	9273808	9273851	Deletion	43
X	9273811	9273851	Deletion	40
X	9278481	9273851	Deletion	4630
X	9278481	9278598	Deletion	117
X	9278481	9278519	Deletion	38
X	9278481	9278589	Deletion	108
X	9278481	9278568	Deletion	87
X	9278481	9278548	Deletion	67
X	9278481	9278596	Deletion	115
X	9278481	9278565	Deletion	84
X	9293612	9293723	Deletion	111
X	9293614	9293723	Deletion	109
X	9293625	9293723	Deletion	98
X	9293635	9293723	Deletion	88
X	9293636	9293723	Deletion	87
X	9293680	9293723	Deletion	43
X	9314858	9293723	Deletion	21135
X	9314858	9314898	Deletion	40
X	9314858	9314943	Deletion	85
X	9314858	9314979	Deletion	121
X	9314858	9314957	Deletion	99
X	9314858	9314888	Deletion	30
X	9315790	9315865	Deletion	75
X	9315801	9315865	Deletion	64
X	9315820	9315865	Deletion	45
X	9315823	9315865	Deletion	42
X	9316841	9315865	Deletion	976
X	9316841	9316924	Deletion	83
X	9316841	9316905	Deletion	64
X	9316841	9316927	Deletion	86
X	9316841	9316894	Deletion	53
X	9377148	9377237	Deletion	89
X	9377153	9377237	Deletion	84
X	9377177	9377237	Deletion	60
X	9377190	9377237	Deletion	47
X	9377203	9377237	Deletion	34
X	9380470	9377237	Deletion	3233
X	9380470	9380513	Deletion	43
X	9380470	9380585	Deletion	115
X	9380470	9380563	Deletion	93
X	9380470	9380550	Deletion	80
X	9380470	9380508	Deletion	38
X	9404166	9404286	Deletion	120
X	9404167	9404286	Deletion	119
X	9404188	9404286	Deletion	98
X	9404203	9404286	Deletion	83
X	9404211	9404286	Deletion	75
X	9404255	9404286	Deletion	31
X	9404338	9404461	Deletion	123
X	9404338	9404434	Deletion	96
X	9404338	9404382	Deletion	44
X	9404338	9404390	Deletion	52
X	9404717	9404821	Deletion	104
X	9404727	9404821	Deletion	94
X	9422566	9404821	Deletion	17745
X	9422566	9422598	Deletion	32
X	9422566	9422679	Deletion	113
X	9422566	9422675	Deletion	109
X	9440506	9440549	Deletion	43
X	9445225	9440549	Deletion	4676
X	9445225	9445262	Deletion	37
X	9445225	9445311	Deletion	86
X	9453118	9453219	Deletion	101
X	9453137	9453219	Deletion	82
X	9453147	9453214	Deletion	67
X	9453183	9453219	Deletion	36
X	9454633	9453219	Deletion	1414
X	9454633	9454687	Deletion	54
X	9454633	9454677	Deletion	44
X	9463421	9463527	Deletion	106
X	9463485	9463527	Deletion	42
X	9463490	9463527	Deletion	37
X	9464011	9463527	Deletion	484
X	9464011	9464120	Deletion	109
X	9464011	9464097	Deletion	86
X	9468298	9468348	Deletion	50
X	9485822	9468348	Deletion	17474
X	9485822	9485887	Deletion	65
X	9485822	9485912	Deletion	90
X	9485822	9485931	Deletion	109
X	9485822	9485930	Deletion	108
X	9485822	9485918	Deletion	96
X	9485822	9485921	Deletion	99
X	9485983	9486099	Deletion	116
X	9485992	9486099	Deletion	107
X	9486023	9486099	Deletion	76
X	9486024	9486099	Deletion	75
X	9505438	9486099	Deletion	19339
X	9505438	9505537	Deletion	99
X	9505438	9505491	Deletion	53
X	9516706	9516761	Deletion	55
X	9516715	9516761	Deletion	46
X	9516961	9516761	Deletion	200
X	9516961	9517042	Deletion	81
X	9516961	9517033	Deletion	72
X	9518931	9519023	Deletion	92
X	9518949	9519023	Deletion	74
X	9518964	9519023	Deletion	59
X	9518981	9519023	Deletion	42
X	9521902	9519023	Deletion	2879
X	9521902	9522011	Deletion	109
X	9521902	9521937	Deletion	35
X	9521902	9521957	Deletion	55
X	9521902	9522009	Deletion	107
X	9521902	9521939	Deletion	37
X	9521902	9521989	Deletion	87
X	9523479	9523581	Deletion	102
X	9523508	9523581	Deletion	73
X	9525502	9523581	Deletion	1921
X	9525502	9525624	Deletion	122
X	9525502	9525602	Deletion	100
X	9525502	9525605	Deletion	103
X	9539082	9539186	Deletion	104
X	9539149	9539186	Deletion	37
X	9545005	9539186	Deletion	5819
X	9545005	9545117	Deletion	112
X	9560470	9560534	Deletion	64
X	9560477	9560534	Deletion	57
X	9560501	9560534	Deletion	33
X	9563298	9560534	Deletion	2764
X	9563298	9563411	Deletion	113
X	9563298	9563334	Deletion	36
X	9563298	9563367	Deletion	69
X	9563298	9563360	Deletion	62
X	9563302	9563391	Deletion	89
X	9576844	9576964	Deletion	120
X	9576845	9576964	Deletion	119
X	9576893	9576964	Deletion	71
X	9576902	9576964	Deletion	62
X	9576925	9576964	Deletion	39
X	9576932	9576964	Deletion	32
X	9576933	9576964	Deletion	31
X	9576934	9576964	Deletion	30
X	9577342	9576964	Deletion	378
X	9577342	9577397	Deletion	55
X	9577342	9577436	Deletion	94
X	9577342	9577438	Deletion	96
X	9577342	9577429	Deletion	87
X	9577342	9577406	Deletion	64
X	9586781	9586840	Deletion	59
X	9587765	9586840	Deletion	925
X	9587765	9587888	Deletion	123
X	9587765	9587832	Deletion	67
X	9599054	9595479	Deletion	3575
X	9602074	9602116	Deletion	42
X	9602384	9602116	Deletion	268
X	9602384	9602430	Deletion	46
X	9602384	9602468	Deletion	84
X	9610565	9610641	Deletion	76
X	9610608	9610641	Deletion	33
X	9614165	9610641	Deletion	3524
X	9614165	9614258	Deletion	93
X	9614165	9614280	Deletion	115
X	9614165	9614215	Deletion	50
X	9623055	9623157	Deletion	102
X	9623093	9623157	Deletion	64
X	9629550	9623157	Deletion	6393
X	9629550	9629673	Deletion	123
X	9629550	9629613	Deletion	63
X	9629550	9629653	Deletion	103
X	9631030	9631106	Deletion	76
X	9631034	9631106	Deletion	72
X	9631162	9631106	Deletion	56
X	9631162	9631216	Deletion	54
X	9631162	9631265	Deletion	103
X	9631162	9631261	Deletion	99
X	9631162	9631212	Deletion	50
X	9637437	9637533	Deletion	96
X	9637443	9637533	Deletion	90
X	9637444	9637533	Deletion	89
X	9637473	9637533	Deletion	60
X	9637474	9637533	Deletion	59
X	9637481	9637533	Deletion	52
X	9637484	9637533	Deletion	49
X	9637497	9637533	Deletion	36
X	9637879	9637533	Deletion	346
X	9637879	9637947	Deletion	68
X	9637879	9637957	Deletion	78
X	9637879	9637986	Deletion	107
X	9637879	9637946	Deletion	67
X	9637879	9637910	Deletion	31
X	9637879	9637917	Deletion	38
X	9637879	9637916	Deletion	37
X	9637879	9637970	Deletion	91
X	9677735	9677828	Deletion	93
X	9677755	9677828	Deletion	73
X	9677764	9677828	Deletion	64
X	9677784	9677828	Deletion	44
X	9677786	9677828	Deletion	42
X	9677789	9677828	Deletion	39
X	9683410	9677828	Deletion	5582
X	9683410	9683473	Deletion	63
X	9683410	9683493	Deletion	83
X	9683410	9683498	Deletion	88
X	9683410	9683495	Deletion	85
X	9683410	9683464	Deletion	54
X	9705905	9705942	Deletion	37
X	9705907	9705942	Deletion	35
X	9706458	9705942	Deletion	516
X	9706458	9706493	Deletion	35
X	9706458	9706581	Deletion	123
X	9707110	9707188	Deletion	78
X	9707115	9707188	Deletion	73
X	9707134	9707188	Deletion	54
X	9707147	9707188	Deletion	41
X	9707769	9707188	Deletion	581
X	9707769	9707817	Deletion	48
X	9707769	9707854	Deletion	85
X	9707769	9707807	Deletion	38
X	9707769	9707822	Deletion	53
X	9713240	9710353	Deletion	2887
X	9713240	9713346	Deletion	106
X	9713240	9713339	Deletion	99
X	9713401	9713480	Deletion	79
X	9713404	9713480	Deletion	76
X	9713425	9713480	Deletion	55
X	9739572	9713480	Deletion	26092
X	9739572	9739616	Deletion	44
X	9739572	9739619	Deletion	47
X	9739572	9739693	Deletion	121
X	9739572	9739643	Deletion	71
X	9739572	9739673	Deletion	101
X	9739572	9739691	Deletion	119
X	9739572	9739694	Deletion	122
X	9739572	9739622	Deletion	50
X	9739712	9739796	Deletion	84
X	9739715	9739796	Deletion	81
X	9739716	9739796	Deletion	80
X	9739724	9739796	Deletion	72
X	9739743	9739796	Deletion	53
X	9740775	9739796	Deletion	979
X	9740775	9740873	Deletion	98
X	9740775	9740866	Deletion	91
X	9740775	9740877	Deletion	102
X	9740775	9740848	Deletion	73
X	9740775	9740821	Deletion	46
X	9740775	9740817	Deletion	42
X	9740775	9740829	Deletion	54
X	9741207	9741264	Deletion	57
X	9741211	9741264	Deletion	53
X	9741221	9741264	Deletion	43
X	9744867	9741264	Deletion	3603
X	9744867	9744940	Deletion	73
X	9744867	9744897	Deletion	30
X	9744867	9744950	Deletion	83
X	9777533	9777640	Deletion	107
X	9777554	9777640	Deletion	86
X	9777569	9777640	Deletion	71
X	9777610	9777640	Deletion	30
X	9789401	9777640	Deletion	11761
X	9789401	9789510	Deletion	109
X	9789401	9789456	Deletion	55
X	9789401	9789441	Deletion	40
X	9790052	9790103	Deletion	51
X	9798776	9798823	Deletion	47
X	9817858	9817935	Deletion	77
X	9819924	9820036	Deletion	112
X	9819934	9820036	Deletion	102
X	9819938	9820036	Deletion	98
X	9819941	9820036	Deletion	95
X	9819947	9820036	Deletion	89
X	9819977	9820036	Deletion	59
X	9819992	9820036	Deletion	44
X	9820400	9820036	Deletion	364
X	9820400	9820520	Deletion	120
X	9820400	9820438	Deletion	38
X	9820400	9820524	Deletion	124
X	9820400	9820499	Deletion	99
X	9820400	9820468	Deletion	68
X	9820400	9820483	Deletion	83
X	9823491	9823558	Deletion	67
X	9823492	9823558	Deletion	66
X	9823514	9823558	Deletion	44
X	9829841	9823558	Deletion	6283
X	9829841	9829951	Deletion	110
X	9829841	9829923	Deletion	82
X	9829841	9829879	Deletion	38
X	9829841	9829901	Deletion	60
X	9835805	9835899	Deletion	94
X	9835822	9835899	Deletion	77
X	9836837	9835899	Deletion	938
X	9836837	9836870	Deletion	33
X	9836837	9836956	Deletion	119
X	9849934	9849997	Deletion	63
X	9849939	9849997	Deletion	58
X	9849943	9849997	Deletion	54
X	9856096	9849997	Deletion	6099
X	9856096	9856165	Deletion	69
X	9856096	9856198	Deletion	102
X	9856096	9856220	Deletion	124
X	9856096	9856137	Deletion	41
X	9856096	9856169	Deletion	73
X	9856096	9856202	Deletion	106
X	9866122	9866235	Deletion	113
X	9866137	9866235	Deletion	98
X	9866139	9866235	Deletion	96
X	9866205	9866235	Deletion	30
X	9877059	9866235	Deletion	10824
X	9877059	9877176	Deletion	117
X	9877059	9877089	Deletion	30
X	9887895	9887997	Deletion	102
X	9887912	9887997	Deletion	85
X	9887913	9887997	Deletion	84
X	9887921	9887997	Deletion	76
X	9888050	9887997	Deletion	53
X	9888050	9888100	Deletion	50
X	9888050	9888092	Deletion	42
X	9888050	9888131	Deletion	81
X	9897360	9897443	Deletion	83
X	9897373	9897443	Deletion	70
X	9897397	9897443	Deletion	46
X	9900565	9897443	Deletion	3122
X	9900565	9900623	Deletion	58
X	9900565	9900674	Deletion	109
X	9900565	9900610	Deletion	45
X	9900565	9900600	Deletion	35
X	9923855	9923902	Deletion	47
X	9923991	9924050	Deletion	59
X	9925681	9925788	Deletion	107
X	9925682	9925788	Deletion	106
X	9925688	9925788	Deletion	100
X	9925704	9925788	Deletion	84
X	9925725	9925788	Deletion	63
X	9925733	9925788	Deletion	55
X	9925739	9925788	Deletion	49
X	9925749	9925788	Deletion	39
X	9929220	9925788	Deletion	3432
X	9929220	9929324	Deletion	104
X	9929220	9929307	Deletion	87
X	9929220	9929291	Deletion	71
X	9929220	9929330	Deletion	110
X	9929220	9929297	Deletion	77
X	9929220	9929319	Deletion	99
X	9929220	9929283	Deletion	63
X	9931962	9932046	Deletion	84
X	9931964	9932046	Deletion	82
X	9931967	9932046	Deletion	79
X	9931990	9932046	Deletion	56
X	9931993	9932046	Deletion	53
X	9931995	9932046	Deletion	51
X	9932140	9932046	Deletion	94
X	9932140	9932260	Deletion	120
X	9932140	9932189	Deletion	49
X	9932140	9932218	Deletion	78
X	9932140	9932192	Deletion	52
X	9932140	9932220	Deletion	80
X	9932140	9932187	Deletion	47
X	9934751	9934857	Deletion	106
X	9934785	9934857	Deletion	72
X	9934795	9934857	Deletion	62
X	9934808	9934857	Deletion	49
X	9938034	9934857	Deletion	3177
X	9938034	9938149	Deletion	115
X	9938034	9938088	Deletion	54
X	9938034	9938098	Deletion	64
X	9941693	9941771	Deletion	78
X	9941701	9941771	Deletion	70
X	9941721	9941771	Deletion	50
X	9941730	9941771	Deletion	41
X	9941732	9941771	Deletion	39
X	9941733	9941771	Deletion	38
X	9941914	9941771	Deletion	143
X	9941914	9941972	Deletion	58
X	9941914	9941945	Deletion	31
X	9941914	9942038	Deletion	124
X	9941914	9942001	Deletion	87
X	9941914	9942003	Deletion	89
X	9941914	9941992	Deletion	78
X	9941914	9941964	Deletion	50
X	9943776	9943855	Deletion	79
X	9943786	9943855	Deletion	69
X	9943792	9943855	Deletion	63
X	9943800	9943855	Deletion	55
X	9943821	9943855	Deletion	34
X	9948290	9943855	Deletion	4435
X	9948290	9948349	Deletion	59
X	9948290	9948339	Deletion	49
X	9948290	9948363	Deletion	73
X	9948290	9948355	Deletion	65
X	9960434	9960513	Deletion	79
X	9960482	9960513	Deletion	31
X	9970553	9960513	Deletion	10040
X	9970553	9970600	Deletion	47
X	9970553	9970648	Deletion	95
X	9979621	9979716	Deletion	95
X	9979624	9979716	Deletion	92
X	9979654	9979716	Deletion	62
X	9979662	9979716	Deletion	54
X	9985908	9979716	Deletion	6192
X	9985908	9985981	Deletion	73
X	9985908	9985973	Deletion	65
X	9985908	9985940	Deletion	32
X	10002276	10002374	Deletion	98
X	10002303	10002374	Deletion	71
X	10002304	10002374	Deletion	70
X	10002307	10002374	Deletion	67
X	10002331	10002374	Deletion	43
X	10002334	10002374	Deletion	40
X	10003285	10002374	Deletion	911
X	10003285	10003345	Deletion	60
X	10003285	10003369	Deletion	84
X	10003285	10003372	Deletion	87
X	10003285	10003341	Deletion	56
X	10003285	10003407	Deletion	122
X	10019725	10019844	Deletion	119
X	10019786	10019844	Deletion	58
X	10019796	10019844	Deletion	48
X	10019812	10019844	Deletion	32
X	10019977	10019844	Deletion	133
X	10019977	10020045	Deletion	68
X	10019977	10020071	Deletion	94
X	10035817	10035904	Deletion	87
X	10049652	10049694	Deletion	42
X	10052487	10052437	Deletion	50
X	10057724	10057796	Deletion	72
X	10057755	10057796	Deletion	41
X	10057760	10057796	Deletion	36
X	10060521	10057796	Deletion	2725
X	10060521	10060612	Deletion	91
X	10060521	10060606	Deletion	85
X	10065305	10065426	Deletion	121
X	10065344	10065426	Deletion	82
X	10073246	10065426	Deletion	7820
X	10073246	10073358	Deletion	112
X	10090685	10090759	Deletion	74
X	10104042	10104095	Deletion	53
X	10104042	10104116	Deletion	74
X	10104042	10104134	Deletion	92
X	10104042	10104159	Deletion	117
X	10104042	10104124	Deletion	82
X	10125904	10125995	Deletion	91
X	10125908	10125995	Deletion	87
X	10125913	10125995	Deletion	82
X	10125950	10125995	Deletion	45
X	10125959	10125995	Deletion	36
X	10127625	10125995	Deletion	1630
X	10127625	10127665	Deletion	40
X	10127625	10127670	Deletion	45
X	10127625	10127707	Deletion	82
X	10127625	10127716	Deletion	91
X	10128001	10128085	Deletion	84
X	10128007	10128085	Deletion	78
X	10128032	10128085	Deletion	53
X	10128045	10128085	Deletion	40
X	10128051	10128085	Deletion	34
X	10128140	10128085	Deletion	55
X	10128140	10128227	Deletion	87
X	10128140	10128177	Deletion	37
X	10128140	10128214	Deletion	74
X	10128140	10128189	Deletion	49
X	10128140	10128183	Deletion	43
X	10128140	10128264	Deletion	124
X	10129908	10130019	Deletion	111
X	10129909	10130019	Deletion	110
X	10129951	10130019	Deletion	68
X	10129957	10130019	Deletion	62
X	10129960	10130019	Deletion	59
X	10129986	10130019	Deletion	33
X	10131459	10130019	Deletion	1440
X	10131459	10131517	Deletion	58
X	10131459	10131526	Deletion	67
X	10131459	10131552	Deletion	93
X	10131459	10131583	Deletion	124
X	10131459	10131523	Deletion	64
X	10138635	10138668	Deletion	33
X	10139128	10139207	Deletion	79
X	10145526	10145628	Deletion	102
X	10145538	10145628	Deletion	90
X	10145550	10145628	Deletion	78
X	10148233	10145628	Deletion	2605
X	10148233	10148281	Deletion	48
X	10148233	10148326	Deletion	93
X	10148233	10148269	Deletion	36
X	10149636	10149719	Deletion	83
X	10149637	10149719	Deletion	82
X	10149655	10149719	Deletion	64
X	10149656	10149719	Deletion	63
X	10150400	10150463	Deletion	63
X	10150400	10150445	Deletion	45
X	10150400	10150522	Deletion	122
X	10150400	10150464	Deletion	64
X	10182585	10182685	Deletion	100
X	10182591	10182685	Deletion	94
X	10182594	10182685	Deletion	91
X	10182595	10182685	Deletion	90
X	10182599	10182685	Deletion	86
X	10182614	10182685	Deletion	71
X	10182651	10182685	Deletion	34
X	10182790	10182685	Deletion	105
X	10182790	10182911	Deletion	121
X	10182790	10182839	Deletion	49
X	10182790	10182831	Deletion	41
X	10182790	10182854	Deletion	64
X	10182790	10182835	Deletion	45
X	10182790	10182891	Deletion	101
X	10209555	10209645	Deletion	90
X	10214578	10209645	Deletion	4933
X	10221941	10221986	Deletion	45
X	10221948	10221986	Deletion	38
X	10221950	10221986	Deletion	36
X	10222581	10221986	Deletion	595
X	10222581	10222663	Deletion	82
X	10222581	10222672	Deletion	91
X	10222581	10222680	Deletion	99
X	10223309	10223415	Deletion	106
X	10223336	10223415	Deletion	79
X	10223337	10223415	Deletion	78
X	10223338	10223415	Deletion	77
X	10223347	10223415	Deletion	68
X	10223352	10223415	Deletion	63
X	10232150	10223415	Deletion	8735
X	10232150	10232208	Deletion	58
X	10232150	10232198	Deletion	48
X	10232150	10232197	Deletion	47
X	10232150	10232257	Deletion	107
X	10232150	10232270	Deletion	120
X	10232150	10232199	Deletion	49
X	10232150	10232213	Deletion	63
X	10233715	10233766	Deletion	51
X	10233719	10233766	Deletion	47
X	10246928	10233766	Deletion	13162
X	10246928	10247008	Deletion	80
X	10251132	10251240	Deletion	108
X	10251167	10251241	Deletion	74
X	10251173	10251241	Deletion	68
X	10251179	10251241	Deletion	62
X	10251185	10251241	Deletion	56
X	10251199	10251241	Deletion	42
X	10251202	10251241	Deletion	39
X	10251207	10251241	Deletion	34
X	10251912	10251241	Deletion	671
X	10251912	10252035	Deletion	123
X	10251912	10252002	Deletion	90
X	10251912	10252007	Deletion	95
X	10251912	10252033	Deletion	121
X	10251912	10251973	Deletion	61
X	10251912	10251999	Deletion	87
X	10251912	10251985	Deletion	73
X	10251912	10252017	Deletion	105
X	10251912	10251967	Deletion	55
X	10281091	10281164	Deletion	73
X	10281092	10281164	Deletion	72
X	10281095	10281164	Deletion	69
X	10283016	10281164	Deletion	1852
X	10283016	10283073	Deletion	57
X	10283016	10283069	Deletion	53
X	10291462	10291577	Deletion	115
X	10291463	10291577	Deletion	114
X	10291476	10291577	Deletion	101
X	10291493	10291577	Deletion	84
X	10291502	10291577	Deletion	75
X	10291537	10291577	Deletion	40
X	10298865	10291577	Deletion	7288
X	10298865	10298983	Deletion	118
X	10298865	10298908	Deletion	43
X	10298865	10298985	Deletion	120
X	10298865	10298917	Deletion	52
X	10310317	10310393	Deletion	76
X	10310321	10310393	Deletion	72
X	10310331	10310393	Deletion	62
X	10310356	10310393	Deletion	37
X	10310359	10310393	Deletion	34
X	10311609	10310393	Deletion	1216
X	10311609	10311701	Deletion	92
X	10311609	10311666	Deletion	57
X	10311609	10311655	Deletion	46
X	10311609	10311662	Deletion	53
X	10311609	10311704	Deletion	95
X	10311609	10311676	Deletion	67
X	10324085	10324156	Deletion	71
X	10324117	10324156	Deletion	39
X	10324550	10324156	Deletion	394
X	10324550	10324585	Deletion	35
X	10324550	10324605	Deletion	55
X	10335227	10335316	Deletion	89
X	10335250	10335316	Deletion	66
X	10335275	10335316	Deletion	41
X	10335284	10335316	Deletion	32
X	10345760	10335316	Deletion	10444
X	10345760	10345855	Deletion	95
X	10345760	10345880	Deletion	120
X	10345760	10345846	Deletion	86
X	10345760	10345798	Deletion	38
X	10399125	10399228	Deletion	103
X	10399141	10399228	Deletion	87
X	10399153	10399228	Deletion	75
X	10399160	10399228	Deletion	68
X	10399178	10399228	Deletion	50
X	10401816	10399228	Deletion	2588
X	10401816	10401874	Deletion	58
X	10401816	10401892	Deletion	76
X	10401816	10401855	Deletion	39
X	10408813	10408927	Deletion	114
X	10408867	10408927	Deletion	60
X	10408894	10408927	Deletion	33
X	10410696	10408927	Deletion	1769
X	10410696	10410790	Deletion	94
X	10440113	10440204	Deletion	91
X	10440118	10440204	Deletion	86
X	10440132	10440204	Deletion	72
X	10440150	10440204	Deletion	54
X	10440153	10440204	Deletion	51
X	10440155	10440204	Deletion	49
X	10440158	10440204	Deletion	46
X	10441142	10440204	Deletion	938
X	10441142	10441199	Deletion	57
X	10441142	10441225	Deletion	83
X	10441142	10441185	Deletion	43
X	10441142	10441217	Deletion	75
X	10441142	10441251	Deletion	109
X	10441142	10441220	Deletion	78
X	10441142	10441180	Deletion	38
X	10441142	10441239	Deletion	97
X	10451303	10451401	Deletion	98
X	10451313	10451401	Deletion	88
X	10451314	10451401	Deletion	87
X	10451323	10451401	Deletion	78
X	10451327	10451401	Deletion	74
X	10452382	10452421	Deletion	39
X	10452382	10452431	Deletion	49
X	10452382	10452422	Deletion	40
X	10455971	10456069	Deletion	98
X	10455974	10456069	Deletion	95
X	10455992	10456069	Deletion	77
X	10456001	10456069	Deletion	68
X	10456009	10456069	Deletion	60
X	10456019	10456069	Deletion	50
X	10458074	10456069	Deletion	2005
X	10458074	10458123	Deletion	49
X	10458074	10458189	Deletion	115
X	10458074	10458105	Deletion	31
X	10458074	10458140	Deletion	66
X	10458074	10458150	Deletion	76
X	10461420	10461516	Deletion	96
X	10461424	10461516	Deletion	92
X	10461426	10461516	Deletion	90
X	10461430	10461516	Deletion	86
X	10461480	10461516	Deletion	36
X	10472958	10461516	Deletion	11442
X	10472958	10472998	Deletion	40
X	10472958	10472992	Deletion	34
X	10472958	10472994	Deletion	36
X	10475278	10475395	Deletion	117
X	10475287	10475395	Deletion	108
X	10475305	10475395	Deletion	90
X	10475351	10475395	Deletion	44
X	10475362	10475395	Deletion	33
X	10492075	10475395	Deletion	16680
X	10492075	10492179	Deletion	104
X	10492075	10492183	Deletion	108
X	10492075	10492168	Deletion	93
X	10492075	10492157	Deletion	82
X	10492075	10492111	Deletion	36
X	10492075	10492192	Deletion	117
X	10512204	10512321	Deletion	117
X	10512221	10512321	Deletion	100
X	10512237	10512321	Deletion	84
X	10512245	10512321	Deletion	76
X	10512269	10512321	Deletion	52
X	10512279	10512321	Deletion	42
X	10516815	10512321	Deletion	4494
X	10516815	10516891	Deletion	76
X	10516815	10516901	Deletion	86
X	10516815	10516931	Deletion	116
X	10516815	10516859	Deletion	44
X	10533512	10533607	Deletion	95
X	10533554	10533607	Deletion	53
X	10537235	10537266	Deletion	31
X	10606416	10606492	Deletion	76
X	10606423	10606492	Deletion	69
X	10606439	10606492	Deletion	53
X	10612587	10606492	Deletion	6095
X	10612587	10612685	Deletion	98
X	10612587	10612707	Deletion	120
X	10612587	10612637	Deletion	50
X	10612587	10612703	Deletion	116
X	10612587	10612644	Deletion	57
X	10612587	10612660	Deletion	73
X	10612587	10612693	Deletion	106
X	10629039	10629119	Deletion	80
X	10629087	10629119	Deletion	32
X	10641413	10629119	Deletion	12294
X	10641413	10641518	Deletion	105
X	10641413	10641507	Deletion	94
X	10641413	10641523	Deletion	110
X	10641413	10641514	Deletion	101
X	10655679	10655716	Deletion	37
X	10656130	10655716	Deletion	414
X	10663489	10663537	Deletion	48
X	10663587	10663537	Deletion	50
X	10663587	10663661	Deletion	74
X	10665763	10665850	Deletion	87
X	10665770	10665850	Deletion	80
X	10665778	10665850	Deletion	72
X	10665818	10665850	Deletion	32
X	10668307	10665850	Deletion	2457
X	10668307	10668347	Deletion	40
X	10668307	10668354	Deletion	47
X	10668307	10668402	Deletion	95
X	10686912	10687016	Deletion	104
X	10713826	10713906	Deletion	80
X	10713862	10713906	Deletion	44
X	10714524	10713906	Deletion	618
X	10714524	10714610	Deletion	86
X	10714524	10714625	Deletion	101
X	10714524	10714556	Deletion	32
X	10714524	10714637	Deletion	113
X	10725477	10725550	Deletion	73
X	10725514	10725550	Deletion	36
X	10726556	10725550	Deletion	1006
X	10726556	10726658	Deletion	102
X	10726556	10726646	Deletion	90
X	10748896	10748980	Deletion	84
X	10748922	10748980	Deletion	58
X	10748925	10748980	Deletion	55
X	10748929	10748980	Deletion	51
X	10748935	10748980	Deletion	45
X	10749112	10748980	Deletion	132
X	10749112	10749182	Deletion	70
X	10749112	10749185	Deletion	73
X	10749112	10749189	Deletion	77
X	10749112	10749195	Deletion	83
X	10749114	10749156	Deletion	42
X	10751944	10752015	Deletion	71
X	10751953	10752015	Deletion	62
X	10751957	10752015	Deletion	58
X	10751972	10752015	Deletion	43
X	10752478	10752015	Deletion	463
X	10752478	10752601	Deletion	123
X	10752478	10752548	Deletion	70
X	10752478	10752563	Deletion	85
X	10752478	10752535	Deletion	57
X	10757886	10757968	Deletion	82
X	10757903	10757968	Deletion	65
X	10757905	10757968	Deletion	63
X	10757929	10757968	Deletion	39
X	10764853	10764914	Deletion	61
X	10764853	10764940	Deletion	87
X	10764853	10764916	Deletion	63
X	10786143	10786249	Deletion	106
X	10786160	10786249	Deletion	89
X	10786169	10786249	Deletion	80
X	10788871	10788910	Deletion	39
X	10806667	10806735	Deletion	68
X	10806672	10806735	Deletion	63
X	10806678	10806735	Deletion	57
X	10806693	10806735	Deletion	42
X	10806700	10806735	Deletion	35
X	10832210	10832301	Deletion	91
X	10832210	10832279	Deletion	69
X	10832210	10832294	Deletion	84
X	10832210	10832273	Deletion	63
X	10855904	10855991	Deletion	87
X	10884884	10882617	Deletion	2267
X	10884884	10884973	Deletion	89
X	10887507	10887609	Deletion	102
X	10887511	10887609	Deletion	98
X	10906881	10887609	Deletion	19272
X	10915242	10915349	Deletion	107
X	10915263	10915349	Deletion	86
X	10915265	10915349	Deletion	84
X	10915277	10915349	Deletion	72
X	10915279	10915349	Deletion	70
X	10915282	10915349	Deletion	67
X	10918906	10915349	Deletion	3557
X	10918906	10918960	Deletion	54
X	10918906	10918962	Deletion	56
X	10918906	10919007	Deletion	101
X	10918906	10918948	Deletion	42
X	10918906	10919012	Deletion	106
X	10918906	10918965	Deletion	59
X	10923367	10923447	Deletion	80
X	10923381	10923447	Deletion	66
X	10923387	10923447	Deletion	60
X	10923400	10923447	Deletion	47
X	10924550	10923447	Deletion	1103
X	10924550	10924650	Deletion	100
X	10924550	10924629	Deletion	79
X	10924550	10924672	Deletion	122
X	10924550	10924596	Deletion	46
X	10924550	10924610	Deletion	60
X	10924550	10924654	Deletion	104
X	10943211	10937098	Deletion	6113
X	10943211	10943312	Deletion	101
X	10969887	10969970	Deletion	83
X	10969915	10969970	Deletion	55
X	10969924	10969970	Deletion	46
X	10969926	10969970	Deletion	44
X	10969932	10969970	Deletion	38
X	10969940	10969970	Deletion	30
X	10972955	10969970	Deletion	2985
X	10972955	10973043	Deletion	88
X	10972955	10973051	Deletion	96
X	10972955	10973026	Deletion	71
X	10972955	10973035	Deletion	80
X	10972955	10973037	Deletion	82
X	10972955	10972998	Deletion	43
X	10980107	10980198	Deletion	91
X	10980130	10980198	Deletion	68
X	10980449	10980198	Deletion	251
X	10980449	10980484	Deletion	35
X	10996964	10997067	Deletion	103
X	10996966	10997067	Deletion	101
X	10996981	10997067	Deletion	86
X	10996987	10997067	Deletion	80
X	10997009	10997067	Deletion	58
X	10997031	10997067	Deletion	36
X	10997284	10997067	Deletion	217
X	10997284	10997393	Deletion	109
X	10997284	10997326	Deletion	42
X	10997284	10997376	Deletion	92
X	10997284	10997354	Deletion	70
X	10997284	10997332	Deletion	48
X	10997284	10997395	Deletion	111
X	11017986	11018044	Deletion	58
X	11017988	11018044	Deletion	56
X	11017994	11018044	Deletion	50
X	11017995	11018044	Deletion	49
X	11019693	11018044	Deletion	1649
X	11019693	11019751	Deletion	58
X	11019693	11019803	Deletion	110
X	11019693	11019761	Deletion	68
X	11019693	11019770	Deletion	77
X	11019693	11019769	Deletion	76
X	11031574	11031641	Deletion	67
X	11031587	11031641	Deletion	54
X	11031590	11031641	Deletion	51
X	11031604	11031641	Deletion	37
X	11031859	11031641	Deletion	218
X	11031859	11031934	Deletion	75
X	11031859	11031948	Deletion	89
X	11031859	11031960	Deletion	101
X	11031859	11031931	Deletion	72
X	11031859	11031961	Deletion	102
X	11031859	11031918	Deletion	59
X	11047239	11047357	Deletion	118
X	11047250	11047357	Deletion	107
X	11047281	11047357	Deletion	76
X	11047302	11047357	Deletion	55
X	11056163	11047357	Deletion	8806
X	11056163	11056274	Deletion	111
X	11056163	11056236	Deletion	73
X	11056163	11056215	Deletion	52
X	11065667	11065763	Deletion	96
X	11065674	11065763	Deletion	89
X	11065683	11065763	Deletion	80
X	11065687	11065763	Deletion	76
X	11065689	11065763	Deletion	74
X	11065696	11065763	Deletion	67
X	11065722	11065763	Deletion	41
X	11065728	11065760	Deletion	32
X	11075318	11065763	Deletion	9555
X	11075318	11075364	Deletion	46
X	11075318	11075370	Deletion	52
X	11075318	11075368	Deletion	50
X	11075318	11075377	Deletion	59
X	11075318	11075355	Deletion	37
X	11075318	11075348	Deletion	30
X	11075318	11075427	Deletion	109
X	11075318	11075409	Deletion	91
X	11081305	11081411	Deletion	106
X	11081363	11081411	Deletion	48
X	11081368	11081411	Deletion	43
X	11081371	11081411	Deletion	40
X	11081579	11081411	Deletion	168
X	11081579	11081667	Deletion	88
X	11081579	11081664	Deletion	85
X	11081579	11081696	Deletion	117
X	11081579	11081695	Deletion	116
X	11088652	11088721	Deletion	69
X	11088653	11088721	Deletion	68
X	11088675	11088721	Deletion	46
X	11088676	11088721	Deletion	45
X	11088680	11088721	Deletion	41
X	11088813	11088721	Deletion	92
X	11088813	11088894	Deletion	81
X	11088813	11088893	Deletion	80
X	11088813	11088871	Deletion	58
X	11088813	11088898	Deletion	85
X	11094757	11094852	Deletion	95
X	11094786	11094856	Deletion	70
X	11094804	11094856	Deletion	52
X	11105828	11105893	Deletion	65
X	11105838	11105886	Deletion	48
X	11107236	11105893	Deletion	1343
X	11107236	11107270	Deletion	34
X	11107236	11107307	Deletion	71
X	11127803	11127906	Deletion	103
X	11127828	11127906	Deletion	78
X	11139963	11140077	Deletion	114
X	11139963	11140074	Deletion	111
X	11139963	11140012	Deletion	49
X	11165658	11165759	Deletion	101
X	11165666	11165759	Deletion	93
X	11165667	11165759	Deletion	92
X	11165702	11165759	Deletion	57
X	11165710	11165759	Deletion	49
X	11165715	11165759	Deletion	44
X	11165717	11165759	Deletion	42
X	11168416	11165759	Deletion	2657
X	11168416	11168501	Deletion	85
X	11168416	11168486	Deletion	70
X	11168416	11168499	Deletion	83
X	11168416	11168494	Deletion	78
X	11168416	11168451	Deletion	35
X	11170503	11170561	Deletion	58
X	11170515	11170561	Deletion	46
X	11170522	11170561	Deletion	39
X	11171855	11170561	Deletion	1294
X	11171855	11171961	Deletion	106
X	11171855	11171943	Deletion	88
X	11171855	11171924	Deletion	69
X	11171855	11171936	Deletion	81
X	11247625	11247731	Deletion	106
X	11247660	11247731	Deletion	71
X	11247673	11247731	Deletion	58
X	11247691	11247731	Deletion	40
X	11247875	11247731	Deletion	144
X	11247875	11247984	Deletion	109
X	11247875	11247943	Deletion	68
X	11247875	11247981	Deletion	106
X	11247875	11247930	Deletion	55
X	11271987	11272060	Deletion	73
X	11275510	11275585	Deletion	75
X	11275511	11275585	Deletion	74
X	11280516	11275585	Deletion	4931
X	11280516	11280572	Deletion	56
X	11280516	11280571	Deletion	55
X	11280516	11280617	Deletion	101
X	11327934	11327975	Deletion	41
X	11327934	11328022	Deletion	88
X	11327934	11328027	Deletion	93
X	11327934	11328057	Deletion	123
X	11327934	11328043	Deletion	109
X	11344436	11344547	Deletion	111
X	11344451	11344547	Deletion	96
X	11344508	11344547	Deletion	39
X	11344509	11344547	Deletion	38
X	11344516	11344547	Deletion	31
X	11344698	11344547	Deletion	151
X	11344698	11344810	Deletion	112
X	11344698	11344818	Deletion	120
X	11344698	11344786	Deletion	88
X	11344698	11344729	Deletion	31
X	11344698	11344799	Deletion	101
X	11344698	11344787	Deletion	89
X	11372596	11368938	Deletion	3658
X	11372596	11372706	Deletion	110
X	11372596	11372708	Deletion	112
X	11374918	11374950	Deletion	32
X	11379034	11374950	Deletion	4084
X	11380812	11380880	Deletion	68
X	11380824	11380880	Deletion	56
X	11384043	11380880	Deletion	3163
X	11384043	11384157	Deletion	114
X	11384043	11384102	Deletion	59
X	11384043	11384166	Deletion	123
X	11395675	11392066	Deletion	3609
X	11396750	11396807	Deletion	57
X	11396770	11396807	Deletion	37
X	11396773	11396807	Deletion	34
X	11396777	11396807	Deletion	30
X	11401315	11396807	Deletion	4508
X	11401315	11401409	Deletion	94
X	11401315	11401406	Deletion	91
X	11401315	11401358	Deletion	43
X	11401315	11401438	Deletion	123
X	11401315	11401436	Deletion	121
X	11401315	11401413	Deletion	98
X	11401315	11401386	Deletion	71
X	11403148	11403247	Deletion	99
X	11403152	11403247	Deletion	95
X	11403170	11403247	Deletion	77
X	11403191	11403247	Deletion	56
X	11403193	11403247	Deletion	54
X	11417589	11403247	Deletion	14342
X	11417589	11417662	Deletion	73
X	11417589	11417660	Deletion	71
X	11417589	11417639	Deletion	50
X	11423641	11423746	Deletion	105
X	11423647	11423746	Deletion	99
X	11423649	11423746	Deletion	97
X	11423660	11423746	Deletion	86
X	11423672	11423746	Deletion	74
X	11423685	11423746	Deletion	61
X	11423688	11423746	Deletion	58
X	11423692	11423744	Deletion	52
X	11423808	11423746	Deletion	62
X	11423808	11423881	Deletion	73
X	11423808	11423861	Deletion	53
X	11423808	11423874	Deletion	66
X	11423808	11423838	Deletion	30
X	11423808	11423849	Deletion	41
X	11423813	11423877	Deletion	64
X	11424812	11424898	Deletion	86
X	11424817	11424898	Deletion	81
X	11424818	11424898	Deletion	80
X	11424825	11424898	Deletion	73
X	11424830	11424898	Deletion	68
X	11424834	11424898	Deletion	64
X	11424842	11424898	Deletion	56
X	11424861	11424896	Deletion	35
X	11427731	11424898	Deletion	2833
X	11427731	11427802	Deletion	71
X	11427731	11427830	Deletion	99
X	11427731	11427777	Deletion	46
X	11427731	11427790	Deletion	59
X	11427731	11427821	Deletion	90
X	11427731	11427794	Deletion	63
X	11427731	11427778	Deletion	47
X	11427731	11427785	Deletion	54
X	11427731	11427772	Deletion	41
X	11439380	11439465	Deletion	85
X	11442114	11439465	Deletion	2649
X	11442114	11442229	Deletion	115
X	11442471	11442578	Deletion	107
X	11442522	11442578	Deletion	56
X	11442542	11442573	Deletion	31
X	11442932	11442578	Deletion	354
X	11442932	11443022	Deletion	90
X	11442932	11443037	Deletion	105
X	11442934	11443002	Deletion	68
X	11485044	11467506	Deletion	17538
X	11487116	11487186	Deletion	70
X	11487150	11487186	Deletion	36
X	11487156	11487186	Deletion	30
X	11497736	11487186	Deletion	10550
X	11497736	11497826	Deletion	90
X	11497736	11497832	Deletion	96
X	11503193	11503256	Deletion	63
X	11503207	11503256	Deletion	49
X	11503212	11503256	Deletion	44
X	11503219	11503256	Deletion	37
X	11506908	11503256	Deletion	3652
X	11506908	11506991	Deletion	83
X	11506908	11506986	Deletion	78
X	11506908	11507015	Deletion	107
X	11506908	11506998	Deletion	90
X	11507878	11507684	Deletion	194
X	11507878	11507914	Deletion	36
X	11507878	11507997	Deletion	119
X	11521434	11521540	Deletion	106
X	11521454	11521540	Deletion	86
X	11521472	11521540	Deletion	68
X	11521486	11521540	Deletion	54
X	11521492	11521540	Deletion	48
X	11528281	11521540	Deletion	6741
X	11528281	11528395	Deletion	114
X	11528281	11528404	Deletion	123
X	11528281	11528393	Deletion	112
X	11528281	11528341	Deletion	60
X	11528281	11528355	Deletion	74
X	11528281	11528361	Deletion	80
X	11528281	11528323	Deletion	42
X	11546963	11547058	Deletion	95
X	11546997	11547058	Deletion	61
X	11547002	11547058	Deletion	56
X	11551744	11547058	Deletion	4686
X	11551744	11551814	Deletion	70
X	11551744	11551809	Deletion	65
X	11573184	11573255	Deletion	71
X	11581797	11573255	Deletion	8542
X	11581797	11581898	Deletion	101
X	11581797	11581852	Deletion	55
X	11583346	11583425	Deletion	79
X	11583361	11583425	Deletion	64
X	11584501	11584549	Deletion	48
X	11589638	11589684	Deletion	46
X	11589638	11589676	Deletion	38
X	11614431	11614490	Deletion	59
X	11614446	11614490	Deletion	44
X	11614751	11614490	Deletion	261
X	11614751	11614852	Deletion	101
X	11614751	11614818	Deletion	67
X	11614751	11614854	Deletion	103
X	11620098	11620177	Deletion	79
X	11620101	11620177	Deletion	76
X	11620110	11620177	Deletion	67
X	11625307	11620177	Deletion	5130
X	11625307	11625357	Deletion	50
X	11625307	11625366	Deletion	59
X	11625307	11625339	Deletion	32
X	11625307	11625412	Deletion	105
X	11636087	11636142	Deletion	55
X	11648269	11648392	Deletion	123
X	11648269	11648366	Deletion	97
X	11648269	11648343	Deletion	74
X	11667943	11668037	Deletion	94
X	11667980	11668037	Deletion	57
X	11667998	11668037	Deletion	39
X	11668424	11668037	Deletion	387
X	11668424	11668546	Deletion	122
X	11668424	11668547	Deletion	123
X	11668424	11668456	Deletion	32
X	11668424	11668511	Deletion	87
X	11679961	11668801	Deletion	11160
X	11679961	11680022	Deletion	61
X	11696524	11696625	Deletion	101
X	11696530	11696625	Deletion	95
X	11696548	11696625	Deletion	77
X	11696550	11696625	Deletion	75
X	11696552	11696625	Deletion	73
X	11696562	11696625	Deletion	63
X	11697393	11696625	Deletion	768
X	11697393	11697458	Deletion	65
X	11697393	11697426	Deletion	33
X	11697393	11697446	Deletion	53
X	11697393	11697444	Deletion	51
X	11699294	11699369	Deletion	75
X	11699507	11699369	Deletion	138
X	11699507	11699539	Deletion	32
X	11700981	11701028	Deletion	47
X	11700987	11701028	Deletion	41
X	11700993	11701028	Deletion	35
X	11701105	11701028	Deletion	77
X	11701105	11701196	Deletion	91
X	11701105	11701181	Deletion	76
X	11701105	11701184	Deletion	79
X	11701105	11701207	Deletion	102
X	11717383	11717483	Deletion	100
X	11726879	11726955	Deletion	76
X	11726881	11726955	Deletion	74
X	11726888	11726955	Deletion	67
X	11726904	11726955	Deletion	51
X	11726915	11726955	Deletion	40
X	11731680	11726955	Deletion	4725
X	11731680	11731739	Deletion	59
X	11731680	11731766	Deletion	86
X	11731680	11731723	Deletion	43
X	11731680	11731732	Deletion	52
X	11731680	11731795	Deletion	115
X	11731680	11731730	Deletion	50
X	11731958	11732069	Deletion	111
X	11732007	11732069	Deletion	62
X	11733756	11732069	Deletion	1687
X	11733756	11733820	Deletion	64
X	11733756	11733867	Deletion	111
X	11759596	11759638	Deletion	42
X	11761390	11759638	Deletion	1752
X	11761390	11761459	Deletion	69
X	11761390	11761511	Deletion	121
X	11761390	11761504	Deletion	114
X	11781978	11782076	Deletion	98
X	11781978	11782095	Deletion	117
X	11781978	11782023	Deletion	45
X	11813451	11813507	Deletion	56
X	11814766	11813507	Deletion	1259
X	11814766	11814871	Deletion	105
X	11814766	11814820	Deletion	54
X	11814766	11814888	Deletion	122
X	11814766	11814887	Deletion	121
X	11814766	11814836	Deletion	70
X	11814766	11814867	Deletion	101
X	11814766	11814876	Deletion	110
X	11815667	11815744	Deletion	77
X	11815670	11815744	Deletion	74
X	11815678	11815744	Deletion	66
X	11815684	11815744	Deletion	60
X	11815706	11815744	Deletion	38
X	11817708	11817798	Deletion	90
X	11817708	11817759	Deletion	51
X	11817708	11817770	Deletion	62
X	11817708	11817762	Deletion	54
X	11817708	11817755	Deletion	47
X	11821695	11821780	Deletion	85
X	11821709	11821780	Deletion	71
X	11822266	11822369	Deletion	103
X	11822266	11822307	Deletion	41
X	11822266	11822321	Deletion	55
X	11828111	11828213	Deletion	102
X	11828119	11828213	Deletion	94
X	11828135	11828208	Deletion	73
X	11828149	11828213	Deletion	64
X	11828151	11828213	Deletion	62
X	11828177	11828213	Deletion	36
X	11828292	11828340	Deletion	48
X	11828292	11828324	Deletion	32
X	11828292	11828354	Deletion	62
X	11828292	11828356	Deletion	64
X	11843414	11843523	Deletion	109
X	11843420	11843523	Deletion	103
X	11843431	11843523	Deletion	92
X	11843447	11843523	Deletion	76
X	11844224	11843523	Deletion	701
X	11844224	11844337	Deletion	113
X	11844224	11844275	Deletion	51
X	11844224	11844259	Deletion	35
X	11844224	11844333	Deletion	109
X	11862754	11862864	Deletion	110
X	11862758	11862864	Deletion	106
X	11862778	11862864	Deletion	86
X	11865358	11862864	Deletion	2494
X	11865358	11865475	Deletion	117
X	11907347	11907425	Deletion	78
X	11907374	11907425	Deletion	51
X	11907387	11907425	Deletion	38
X	11907767	11907815	Deletion	48
X	11907767	11907867	Deletion	100
X	11907767	11907842	Deletion	75
X	11920880	11921002	Deletion	122
X	11920917	11921002	Deletion	85
X	11921052	11921002	Deletion	50
X	11921052	11921093	Deletion	41
X	11951594	11951683	Deletion	89
X	11951597	11951683	Deletion	86
X	11951608	11951683	Deletion	75
X	11951627	11951683	Deletion	56
X	11954306	11951683	Deletion	2623
X	11954306	11954412	Deletion	106
X	11954306	11954344	Deletion	38
X	11954306	11954347	Deletion	41
X	11954306	11954377	Deletion	71
X	11954764	11954852	Deletion	88
X	11954774	11954852	Deletion	78
X	11954814	11954852	Deletion	38
X	11969147	11954852	Deletion	14295
X	11969147	11969187	Deletion	40
X	11969147	11969237	Deletion	90
X	11990394	11990503	Deletion	109
X	11990397	11990503	Deletion	106
X	11990434	11990503	Deletion	69
X	11990440	11990503	Deletion	63
X	11990464	11990503	Deletion	39
X	11990664	11990503	Deletion	161
X	11990664	11990727	Deletion	63
X	11990664	11990751	Deletion	87
X	12003265	12003368	Deletion	103
X	12003288	12003368	Deletion	80
X	12003328	12003368	Deletion	40
X	12003337	12003368	Deletion	31
X	12009804	12003368	Deletion	6436
X	12009804	12009899	Deletion	95
X	12009804	12009850	Deletion	46
X	12009808	12009890	Deletion	82
X	12046591	12046680	Deletion	89
X	12046610	12046680	Deletion	70
X	12046620	12046680	Deletion	60
X	12046650	12046680	Deletion	30
X	12049507	12046680	Deletion	2827
X	12049507	12049603	Deletion	96
X	12049507	12049573	Deletion	66
X	12049507	12049616	Deletion	109
X	12049507	12049544	Deletion	37
X	12052581	12052639	Deletion	58
X	12052586	12052639	Deletion	53
X	12055757	12052639	Deletion	3118
X	12055757	12055876	Deletion	119
X	12055757	12055787	Deletion	30
X	12055757	12055831	Deletion	74
X	12063783	12063902	Deletion	119
X	12063787	12063902	Deletion	115
X	12063803	12063902	Deletion	99
X	12063818	12063902	Deletion	84
X	12063862	12063902	Deletion	40
X	12063866	12063902	Deletion	36
X	12064360	12063902	Deletion	458
X	12064360	12064464	Deletion	104
X	12064360	12064450	Deletion	90
X	12064360	12064402	Deletion	42
X	12064360	12064465	Deletion	105
X	12064360	12064446	Deletion	86
X	12064360	12064471	Deletion	111
X	12071932	12072042	Deletion	110
X	12071941	12072042	Deletion	101
X	12071966	12072042	Deletion	76
X	12071975	12072042	Deletion	67
X	12071994	12072042	Deletion	48
X	12090472	12072042	Deletion	18430
X	12090472	12090522	Deletion	50
X	12090472	12090531	Deletion	59
X	12090472	12090550	Deletion	78
X	12099568	12099672	Deletion	104
X	12099571	12099672	Deletion	101
X	12100235	12099672	Deletion	563
X	12100235	12100352	Deletion	117
X	12101717	12101798	Deletion	81
X	12101720	12101798	Deletion	78
X	12101731	12101798	Deletion	67
X	12102192	12101798	Deletion	394
X	12102192	12102253	Deletion	61
X	12102192	12102242	Deletion	50
X	12102192	12102295	Deletion	103
X	12102192	12102302	Deletion	110
X	12102972	12103070	Deletion	98
X	12102989	12103070	Deletion	81
X	12103122	12103167	Deletion	45
X	12103122	12103239	Deletion	117
X	12103122	12103243	Deletion	121
X	12107437	12107546	Deletion	109
X	12107465	12107546	Deletion	81
X	12107488	12107546	Deletion	58
X	12107492	12107546	Deletion	54
X	12107502	12107546	Deletion	44
X	12107681	12107546	Deletion	135
X	12107681	12107727	Deletion	46
X	12107681	12107764	Deletion	83
X	12107681	12107750	Deletion	69
X	12115433	12115503	Deletion	70
X	12115441	12115503	Deletion	62
X	12115449	12115503	Deletion	54
X	12115451	12115503	Deletion	52
X	12115457	12115503	Deletion	46
X	12115634	12115503	Deletion	131
X	12115634	12115716	Deletion	82
X	12115634	12115692	Deletion	58
X	12115634	12115668	Deletion	34
X	12115634	12115749	Deletion	115
X	12115634	12115700	Deletion	66
X	12115634	12115710	Deletion	76
X	12123641	12123742	Deletion	101
X	12123643	12123742	Deletion	99
X	12123648	12123742	Deletion	94
X	12123653	12123742	Deletion	89
X	12123666	12123742	Deletion	76
X	12123669	12123742	Deletion	73
X	12123671	12123742	Deletion	71
X	12123798	12123742	Deletion	56
X	12123798	12123852	Deletion	54
X	12123798	12123849	Deletion	51
X	12123798	12123905	Deletion	107
X	12123798	12123831	Deletion	33
X	12123798	12123854	Deletion	56
X	12123798	12123836	Deletion	38
X	12131653	12131731	Deletion	78
X	12131698	12131731	Deletion	33
X	12131998	12132091	Deletion	93
X	12131998	12132038	Deletion	40
X	12144711	12144778	Deletion	67
X	12144747	12144778	Deletion	31
X	12145018	12144778	Deletion	240
X	12145018	12145077	Deletion	59
X	12145018	12145116	Deletion	98
X	12145018	12145113	Deletion	95
X	12145018	12145131	Deletion	113
X	12145018	12145128	Deletion	110
X	12146373	12146450	Deletion	77
X	12146375	12146450	Deletion	75
X	12146382	12146450	Deletion	68
X	12146391	12146450	Deletion	59
X	12148226	12146450	Deletion	1776
X	12148226	12148275	Deletion	49
X	12148226	12148284	Deletion	58
X	12148226	12148277	Deletion	51
X	12148226	12148262	Deletion	36
X	12163919	12164024	Deletion	105
X	12163935	12164024	Deletion	89
X	12163939	12164024	Deletion	85
X	12163961	12164024	Deletion	63
X	12163968	12164024	Deletion	56
X	12163981	12164024	Deletion	43
X	12163990	12164024	Deletion	34
X	12163993	12164024	Deletion	31
X	12164657	12164024	Deletion	633
X	12164657	12164727	Deletion	70
X	12164657	12164749	Deletion	92
X	12164657	12164720	Deletion	63
X	12164657	12164698	Deletion	41
X	12164657	12164740	Deletion	83
X	12164657	12164752	Deletion	95
X	12177442	12177524	Deletion	82
X	12177454	12177524	Deletion	70
X	12177461	12177524	Deletion	63
X	12177477	12177524	Deletion	47
X	12177838	12177524	Deletion	314
X	12177838	12177903	Deletion	65
X	12177838	12177919	Deletion	81
X	12177838	12177896	Deletion	58
X	12181455	12181534	Deletion	79
X	12181464	12181534	Deletion	70
X	12181483	12181534	Deletion	51
X	12181491	12181534	Deletion	43
X	12181499	12181534	Deletion	35
X	12181502	12181534	Deletion	32
X	12197216	12181534	Deletion	15682
X	12197216	12197334	Deletion	118
X	12197216	12197291	Deletion	75
X	12197216	12197283	Deletion	67
X	12197216	12197302	Deletion	86
X	12197216	12197264	Deletion	48
X	12197216	12197255	Deletion	39
X	12203275	12203363	Deletion	88
X	12203278	12203363	Deletion	85
X	12203289	12203363	Deletion	74
X	12203311	12203363	Deletion	52
X	12212893	12203363	Deletion	9530
X	12212893	12212931	Deletion	38
X	12212893	12213000	Deletion	107
X	12212893	12212945	Deletion	52
X	12212893	12212967	Deletion	74
X	12212893	12212934	Deletion	41
X	12212893	12212996	Deletion	103
X	12218337	12218440	Deletion	103
X	12218342	12218440	Deletion	98
X	12218357	12218440	Deletion	83
X	12218385	12218440	Deletion	55
X	12218387	12218440	Deletion	53
X	12228311	12218440	Deletion	9871
X	12228311	12228430	Deletion	119
X	12228311	12228382	Deletion	71
X	12228311	12228384	Deletion	73
X	12228311	12228354	Deletion	43
X	12238821	12238921	Deletion	100
X	12238831	12238921	Deletion	90
X	12238841	12238921	Deletion	80
X	12238850	12238921	Deletion	71
X	12238873	12238921	Deletion	48
X	12238881	12238921	Deletion	40
X	12239796	12238921	Deletion	875
X	12239796	12239907	Deletion	111
X	12239796	12239896	Deletion	100
X	12239796	12239832	Deletion	36
X	12239796	12239851	Deletion	55
X	12239796	12239842	Deletion	46
X	12239796	12239882	Deletion	86
X	12239796	12239874	Deletion	78
X	12248336	12248457	Deletion	121
X	12248390	12248457	Deletion	67
X	12248395	12248457	Deletion	62
X	12248412	12248457	Deletion	45
X	12248414	12248457	Deletion	43
X	12248425	12248457	Deletion	32
X	12248647	12248457	Deletion	190
X	12248647	12248706	Deletion	59
X	12248647	12248741	Deletion	94
X	12248647	12248728	Deletion	81
X	12248647	12248730	Deletion	83
X	12252165	12252282	Deletion	117
X	12252175	12252282	Deletion	107
X	12252186	12252282	Deletion	96
X	12252188	12252282	Deletion	94
X	12252227	12252282	Deletion	55
X	12252584	12252282	Deletion	302
X	12252584	12252707	Deletion	123
X	12252584	12252616	Deletion	32
X	12252584	12252655	Deletion	71
X	12269839	12269920	Deletion	81
X	12269859	12269920	Deletion	61
X	12269872	12269920	Deletion	48
X	12269880	12269920	Deletion	40
X	12270811	12269920	Deletion	891
X	12270811	12270876	Deletion	65
X	12270811	12270897	Deletion	86
X	12270811	12270921	Deletion	110
X	12270811	12270889	Deletion	78
X	12283715	12283808	Deletion	93
X	12283726	12283808	Deletion	82
X	12283733	12283808	Deletion	75
X	12283766	12283808	Deletion	42
X	12284403	12283808	Deletion	595
X	12284403	12284447	Deletion	44
X	12284403	12284454	Deletion	51
X	12284403	12284487	Deletion	84
X	12294563	12294632	Deletion	69
X	12294704	12294628	Deletion	76
X	12294704	12294802	Deletion	98
X	12294704	12294747	Deletion	43
X	12311727	12311828	Deletion	101
X	12311743	12311828	Deletion	85
X	12311755	12311828	Deletion	73
X	12311758	12311828	Deletion	70
X	12311767	12311828	Deletion	61
X	12311784	12311828	Deletion	44
X	12312428	12311828	Deletion	600
X	12312428	12312486	Deletion	58
X	12312428	12312530	Deletion	102
X	12312428	12312483	Deletion	55
X	12312428	12312471	Deletion	43
X	12312428	12312495	Deletion	67
X	12319119	12319221	Deletion	102
X	12319134	12319221	Deletion	87
X	12319158	12319221	Deletion	63
X	12319186	12319221	Deletion	35
X	12319188	12319221	Deletion	33
X	12322326	12319221	Deletion	3105
X	12322326	12322390	Deletion	64
X	12322326	12322418	Deletion	92
X	12322326	12322420	Deletion	94
X	12322326	12322366	Deletion	40
X	12336233	12336273	Deletion	40
X	12336238	12336273	Deletion	35
X	12337601	12337677	Deletion	76
X	12343669	12343770	Deletion	101
X	12343676	12343770	Deletion	94
X	12343681	12343770	Deletion	89
X	12343682	12343770	Deletion	88
X	12343843	12343770	Deletion	73
X	12343843	12343875	Deletion	32
X	12343843	12343881	Deletion	38
X	12343843	12343880	Deletion	37
X	12343843	12343952	Deletion	109
X	12343843	12343947	Deletion	104
X	12361165	12361258	Deletion	93
X	12361165	12361253	Deletion	88
X	12361179	12361258	Deletion	79
X	12361212	12361258	Deletion	46
X	12361213	12361258	Deletion	45
X	12361216	12361258	Deletion	42
X	12361223	12361258	Deletion	35
X	12363944	12361258	Deletion	2686
X	12363944	12364029	Deletion	85
X	12363944	12363992	Deletion	48
X	12363944	12364025	Deletion	81
X	12363944	12364036	Deletion	92
X	12363944	12364026	Deletion	82
X	12363944	12363978	Deletion	34
X	12363944	12364062	Deletion	118
X	12372441	12372528	Deletion	87
X	12372443	12372528	Deletion	85
X	12372453	12372528	Deletion	75
X	12372454	12372528	Deletion	74
X	12372483	12372528	Deletion	45
X	12377901	12372528	Deletion	5373
X	12377901	12377942	Deletion	41
X	12377901	12377952	Deletion	51
X	12377901	12377982	Deletion	81
X	12377901	12377999	Deletion	98
X	12377901	12377953	Deletion	52
X	12382065	12382121	Deletion	56
X	12385474	12385587	Deletion	113
X	12385502	12385587	Deletion	85
X	12385880	12385587	Deletion	293
X	12385880	12385921	Deletion	41
X	12385880	12385946	Deletion	66
X	12385880	12385950	Deletion	70
X	12385880	12385948	Deletion	68
X	12406290	12406372	Deletion	82
X	12406308	12406372	Deletion	64
X	12406322	12406372	Deletion	50
X	12406330	12406372	Deletion	42
X	12406499	12406372	Deletion	127
X	12406499	12406616	Deletion	117
X	12406499	12406597	Deletion	98
X	12406499	12406535	Deletion	36
X	12406499	12406544	Deletion	45
X	12406499	12406576	Deletion	77
X	12420686	12420759	Deletion	73
X	12424718	12420759	Deletion	3959
X	12424718	12424823	Deletion	105
X	12424718	12424748	Deletion	30
X	12424718	12424771	Deletion	53
X	12453530	12453608	Deletion	78
X	12453553	12453608	Deletion	55
X	12454292	12453608	Deletion	684
X	12454292	12454364	Deletion	72
X	12454292	12454341	Deletion	49
X	12454292	12454416	Deletion	124
X	12460438	12460538	Deletion	100
X	12460482	12460538	Deletion	56
X	12460747	12460538	Deletion	209
X	12468719	12468807	Deletion	88
X	12468857	12468807	Deletion	50
X	12468857	12468976	Deletion	119
X	12473511	12473564	Deletion	53
X	12473524	12473564	Deletion	40
X	12473525	12473564	Deletion	39
X	12476176	12473564	Deletion	2612
X	12476176	12476263	Deletion	87
X	12476176	12476280	Deletion	104
X	12476176	12476262	Deletion	86
X	12508568	12508613	Deletion	45
X	12508582	12508613	Deletion	31
X	12508721	12508613	Deletion	108
X	12508721	12508839	Deletion	118
X	12508721	12508802	Deletion	81
X	12508721	12508751	Deletion	30
X	12528819	12528880	Deletion	61
X	12528842	12528880	Deletion	38
X	12529281	12528880	Deletion	401
X	12529281	12529387	Deletion	106
X	12529281	12529369	Deletion	88
X	12529281	12529379	Deletion	98
X	12579443	12579535	Deletion	92
X	12579454	12579535	Deletion	81
X	12579462	12579535	Deletion	73
X	12579501	12579535	Deletion	34
X	12579588	12579535	Deletion	53
X	12579588	12579622	Deletion	34
X	12579588	12579680	Deletion	92
X	12579588	12579641	Deletion	53
X	12579588	12579633	Deletion	45
X	12587096	12587172	Deletion	76
X	12587097	12587172	Deletion	75
X	12587109	12587172	Deletion	63
X	12587110	12587172	Deletion	62
X	12587126	12587172	Deletion	46
X	12587129	12587172	Deletion	43
X	12594793	12587172	Deletion	7621
X	12594793	12594891	Deletion	98
X	12594793	12594826	Deletion	33
X	12594793	12594856	Deletion	63
X	12594793	12594844	Deletion	51
X	12594793	12594857	Deletion	64
X	12594793	12594876	Deletion	83
X	12594793	12594902	Deletion	109
X	12594793	12594873	Deletion	80
X	12663365	12663464	Deletion	99
X	12663366	12663464	Deletion	98
X	12663373	12663464	Deletion	91
X	12663380	12663464	Deletion	84
X	12663384	12663464	Deletion	80
X	12663385	12663464	Deletion	79
X	12663393	12663464	Deletion	71
X	12663399	12663464	Deletion	65
X	12663401	12663464	Deletion	63
X	12665476	12663464	Deletion	2012
X	12665476	12665537	Deletion	61
X	12665476	12665518	Deletion	42
X	12665476	12665523	Deletion	47
X	12665476	12665576	Deletion	100
X	12665476	12665531	Deletion	55
X	12665476	12665539	Deletion	63
X	12665476	12665522	Deletion	46
X	12686551	12686630	Deletion	79
X	12686554	12686630	Deletion	76
X	12686595	12686630	Deletion	35
X	12686597	12686630	Deletion	33
X	12687122	12686630	Deletion	492
X	12687122	12687213	Deletion	91
X	12687122	12687169	Deletion	47
X	12687122	12687215	Deletion	93
X	12691232	12691320	Deletion	88
X	12691270	12691320	Deletion	50
X	12691370	12691320	Deletion	50
X	12691370	12691408	Deletion	38
X	12700010	12700131	Deletion	121
X	12700379	12700453	Deletion	74
X	12703971	12700453	Deletion	3518
X	12703971	12704017	Deletion	46
X	12706348	12706457	Deletion	109
X	12706388	12706457	Deletion	69
X	12716207	12706457	Deletion	9750
X	12726416	12722614	Deletion	3802
X	12726416	12726475	Deletion	59
X	12726416	12726539	Deletion	123
X	12734259	12734309	Deletion	50
X	12746170	12734309	Deletion	11861
X	12746653	12746762	Deletion	109
X	12746659	12746762	Deletion	103
X	12746691	12746762	Deletion	71
X	12746694	12746762	Deletion	68
X	12746702	12746762	Deletion	60
X	12746708	12746762	Deletion	54
X	12767308	12746762	Deletion	20546
X	12767308	12767364	Deletion	56
X	12767308	12767375	Deletion	67
X	12767308	12767381	Deletion	73
X	12768163	12768200	Deletion	37
X	12773384	12768200	Deletion	5184
X	12773384	12773475	Deletion	91
X	12773384	12773487	Deletion	103
X	12797165	12797208	Deletion	43
X	12797168	12797208	Deletion	40
X	12799340	12799425	Deletion	85
X	12799340	12799417	Deletion	77
X	12799340	12799426	Deletion	86
X	12799340	12799447	Deletion	107
X	12811356	12811464	Deletion	108
X	12811370	12811464	Deletion	94
X	12811375	12811464	Deletion	89
X	12811394	12811464	Deletion	70
X	12811418	12811464	Deletion	46
X	12811429	12811464	Deletion	35
X	12814508	12811464	Deletion	3044
X	12814508	12814545	Deletion	37
X	12814508	12814564	Deletion	56
X	12814508	12814540	Deletion	32
X	12814508	12814588	Deletion	80
X	12849740	12849799	Deletion	59
X	12849749	12849799	Deletion	50
X	12849767	12849799	Deletion	32
X	12850942	12849799	Deletion	1143
X	12850942	12851036	Deletion	94
X	12850942	12851050	Deletion	108
X	12850942	12851018	Deletion	76
X	12850942	12851009	Deletion	67
X	12868874	12868983	Deletion	109
X	12868895	12868983	Deletion	88
X	12868916	12868983	Deletion	67
X	12868928	12868983	Deletion	55
X	12868951	12868983	Deletion	32
X	12871729	12868983	Deletion	2746
X	12871729	12871800	Deletion	71
X	12871729	12871788	Deletion	59
X	12871729	12871767	Deletion	38
X	12871729	12871823	Deletion	94
X	12913413	12913505	Deletion	92
X	12913419	12913505	Deletion	86
X	12913460	12913505	Deletion	45
X	12913680	12913501	Deletion	179
X	12913680	12913720	Deletion	40
X	12913680	12913789	Deletion	109
X	12918693	12918727	Deletion	34
X	12926769	12918727	Deletion	8042
X	12926769	12926868	Deletion	99
X	12926769	12926862	Deletion	93
X	12926769	12926877	Deletion	108
X	12931030	12931104	Deletion	74
X	12932074	12932129	Deletion	55
X	12932074	12932185	Deletion	111
X	12943603	12943726	Deletion	123
X	12943632	12943726	Deletion	94
X	12943686	12943726	Deletion	40
X	12943689	12943726	Deletion	37
X	12943691	12943726	Deletion	35
X	12943694	12943726	Deletion	32
X	12943695	12943726	Deletion	31
X	12944482	12944568	Deletion	86
X	12944482	12944571	Deletion	89
X	12944482	12944514	Deletion	32
X	12944482	12944592	Deletion	110
X	12944482	12944576	Deletion	94
X	12944482	12944573	Deletion	91
X	12944482	12944577	Deletion	95
X	12949764	12949858	Deletion	94
X	12949771	12949858	Deletion	87
X	12949784	12949858	Deletion	74
X	12949787	12949858	Deletion	71
X	12949807	12949858	Deletion	51
X	12949823	12949858	Deletion	35
X	12951098	12949858	Deletion	1240
X	12951098	12951153	Deletion	55
X	12951098	12951189	Deletion	91
X	12951098	12951173	Deletion	75
X	12951098	12951150	Deletion	52
X	12951098	12951137	Deletion	39
X	12975142	12975241	Deletion	99
X	12975154	12975241	Deletion	87
X	12975167	12975241	Deletion	74
X	12975203	12975241	Deletion	38
X	12975208	12975241	Deletion	33
X	12990703	12975241	Deletion	15462
X	12990703	12990798	Deletion	95
X	12990703	12990793	Deletion	90
X	12990703	12990757	Deletion	54
X	13000754	13000860	Deletion	106
X	13000781	13000860	Deletion	79
X	13000827	13000860	Deletion	33
X	13000829	13000860	Deletion	31
X	13004579	13000860	Deletion	3719
X	13004579	13004626	Deletion	47
X	13004579	13004674	Deletion	95
X	13004579	13004687	Deletion	108
X	13004579	13004672	Deletion	93
X	13010904	13011012	Deletion	108
X	13010909	13011012	Deletion	103
X	13010918	13011012	Deletion	94
X	13010919	13011012	Deletion	93
X	13010948	13011012	Deletion	64
X	13017350	13011012	Deletion	6338
X	13017350	13017384	Deletion	34
X	13017350	13017413	Deletion	63
X	13017350	13017465	Deletion	115
X	13021715	13021764	Deletion	49
X	13021983	13021764	Deletion	219
X	13021983	13022084	Deletion	101
X	13021983	13022028	Deletion	45
X	13051546	13051639	Deletion	93
X	13051552	13051639	Deletion	87
X	13051589	13051639	Deletion	50
X	13051597	13051639	Deletion	42
X	13051598	13051639	Deletion	41
X	13051600	13051639	Deletion	39
X	13052514	13051639	Deletion	875
X	13052514	13052554	Deletion	40
X	13052514	13052599	Deletion	85
X	13052514	13052625	Deletion	111
X	13052514	13052600	Deletion	86
X	13052514	13052602	Deletion	88
X	13052514	13052548	Deletion	34
X	13052514	13052591	Deletion	77
X	13052514	13052613	Deletion	99
X	13069851	13069966	Deletion	115
X	13069892	13069966	Deletion	74
X	13069909	13069966	Deletion	57
X	13069919	13069966	Deletion	47
X	13082758	13069966	Deletion	12792
X	13082758	13082827	Deletion	69
X	13082758	13082837	Deletion	79
X	13097648	13097760	Deletion	112
X	13097662	13097760	Deletion	98
X	13097665	13097760	Deletion	95
X	13097705	13097760	Deletion	55
X	13097716	13097760	Deletion	44
X	13099045	13097760	Deletion	1285
X	13099045	13099168	Deletion	123
X	13099045	13099075	Deletion	30
X	13099045	13099118	Deletion	73
X	13099045	13099152	Deletion	107
X	13106712	13106804	Deletion	92
X	13106724	13106804	Deletion	80
X	13106747	13106799	Deletion	52
X	13108693	13106804	Deletion	1889
X	13108693	13108729	Deletion	36
X	13108695	13108764	Deletion	69
X	13137340	13137446	Deletion	106
X	13137366	13137446	Deletion	80
X	13137367	13137446	Deletion	79
X	13137377	13137446	Deletion	69
X	13151561	13137446	Deletion	14115
X	13151561	13151619	Deletion	58
X	13151561	13151609	Deletion	48
X	13151561	13151608	Deletion	47
X	13167000	13167058	Deletion	58
X	13167009	13167058	Deletion	49
X	13173251	13167058	Deletion	6193
X	13173251	13173343	Deletion	92
X	13173251	13173375	Deletion	124
X	13173251	13173328	Deletion	77
X	13173251	13173319	Deletion	68
X	13173251	13173364	Deletion	113
X	13176120	13176220	Deletion	100
X	13176165	13176220	Deletion	55
X	13176169	13176220	Deletion	51
X	13177945	13178063	Deletion	118
X	13177945	13178047	Deletion	102
X	13177945	13178066	Deletion	121
X	13177945	13178021	Deletion	76
X	13187030	13187082	Deletion	52
X	13187037	13187082	Deletion	45
X	13187354	13187428	Deletion	74
X	13187952	13188022	Deletion	70
X	13187959	13188022	Deletion	63
X	13187965	13188022	Deletion	57
X	13187966	13188022	Deletion	56
X	13188605	13188675	Deletion	70
X	13188605	13188653	Deletion	48
X	13188605	13188661	Deletion	56
X	13188605	13188668	Deletion	63
X	13202032	13202135	Deletion	103
X	13202073	13202135	Deletion	62
X	13211742	13202135	Deletion	9607
X	13211742	13211851	Deletion	109
X	13247819	13247897	Deletion	78
X	13247863	13247897	Deletion	34
X	13257929	13247897	Deletion	10032
X	13257929	13258028	Deletion	99
X	13257929	13257959	Deletion	30
X	13257931	13258021	Deletion	90
X	13268077	13268124	Deletion	47
X	13268081	13268124	Deletion	43
X	13268427	13268124	Deletion	303
X	13268427	13268508	Deletion	81
X	13268427	13268512	Deletion	85
X	13269909	13269998	Deletion	89
X	13269952	13269998	Deletion	46
X	13270577	13269998	Deletion	579
X	13270577	13270659	Deletion	82
X	13270577	13270683	Deletion	106
X	13270644	13270746	Deletion	102
X	13270696	13270746	Deletion	50
X	13270697	13270746	Deletion	49
X	13270710	13270746	Deletion	36
X	13270713	13270746	Deletion	33
X	13271143	13270746	Deletion	397
X	13271143	13271233	Deletion	90
X	13271143	13271258	Deletion	115
X	13271143	13271248	Deletion	105
X	13271143	13271236	Deletion	93
X	13271143	13271219	Deletion	76
X	13271307	13271369	Deletion	62
X	13271311	13271369	Deletion	58
X	13273003	13271369	Deletion	1634
X	13273003	13273077	Deletion	74
X	13273003	13273071	Deletion	68
X	13273003	13273121	Deletion	118
X	13273003	13273042	Deletion	39
X	13273003	13273067	Deletion	64
X	13273003	13273099	Deletion	96
X	13273003	13273125	Deletion	122
X	13273003	13273088	Deletion	85
X	13283217	13283268	Deletion	51
X	13283227	13283268	Deletion	41
X	13287483	13283268	Deletion	4215
X	13287483	13287559	Deletion	76
X	13287483	13287601	Deletion	118
X	13287483	13287535	Deletion	52
X	13287483	13287588	Deletion	105
X	13287483	13287589	Deletion	106
X	13299271	13299368	Deletion	97
X	13299301	13299368	Deletion	67
X	13299312	13299368	Deletion	56
X	13299313	13299368	Deletion	55
X	13299335	13299368	Deletion	33
X	13300081	13299368	Deletion	713
X	13300081	13300153	Deletion	72
X	13300081	13300152	Deletion	71
X	13300081	13300175	Deletion	94
X	13300081	13300141	Deletion	60
X	13311275	13311354	Deletion	79
X	13311313	13311354	Deletion	41
X	13311322	13311354	Deletion	32
X	13311426	13311354	Deletion	72
X	13311426	13311512	Deletion	86
X	13311426	13311521	Deletion	95
X	13311426	13311549	Deletion	123
X	13311426	13311474	Deletion	48
X	13311426	13311540	Deletion	114
X	13311426	13311533	Deletion	107
X	13317567	13317673	Deletion	106
X	13317574	13317673	Deletion	99
X	13340842	13340899	Deletion	57
X	13340851	13340899	Deletion	48
X	13343727	13343805	Deletion	78
X	13343727	13343796	Deletion	69
X	13353326	13353433	Deletion	107
X	13382949	13383016	Deletion	67
X	13382969	13383016	Deletion	47
X	13385186	13383016	Deletion	2170
X	13385186	13385245	Deletion	59
X	13385186	13385265	Deletion	79
X	13388055	13388120	Deletion	65
X	13388071	13388120	Deletion	49
X	13388073	13388120	Deletion	47
X	13401135	13388120	Deletion	13015
X	13401135	13401214	Deletion	79
X	13401135	13401179	Deletion	44
X	13401135	13401238	Deletion	103
X	13401135	13401235	Deletion	100
X	13401135	13401216	Deletion	81
X	13401135	13401198	Deletion	63
X	13410344	13410463	Deletion	119
X	13410367	13410463	Deletion	96
X	13410368	13410463	Deletion	95
X	13410372	13410463	Deletion	91
X	13410388	13410463	Deletion	75
X	13410408	13410463	Deletion	55
X	13410414	13410463	Deletion	49
X	13410427	13410463	Deletion	36
X	13410629	13410463	Deletion	166
X	13410629	13410681	Deletion	52
X	13410629	13410660	Deletion	31
X	13410629	13410701	Deletion	72
X	13410629	13410707	Deletion	78
X	13410629	13410720	Deletion	91
X	13410629	13410661	Deletion	32
X	13410629	13410665	Deletion	36
X	13410629	13410739	Deletion	110
X	13431006	13431083	Deletion	77
X	13431133	13431236	Deletion	103
X	13431133	13431234	Deletion	101
X	13431133	13431239	Deletion	106
X	13431133	13431254	Deletion	121
X	13431133	13431182	Deletion	49
X	13469731	13469774	Deletion	43
X	13469735	13469774	Deletion	39
X	13469741	13469774	Deletion	33
X	13473030	13469774	Deletion	3256
X	13473030	13473141	Deletion	111
X	13473030	13473149	Deletion	119
X	13473030	13473062	Deletion	32
X	13473030	13473119	Deletion	89
X	13473030	13473125	Deletion	95
X	13486072	13486162	Deletion	90
X	13486089	13486162	Deletion	73
X	13486100	13486162	Deletion	62
X	13486108	13486162	Deletion	54
X	13486117	13486162	Deletion	45
X	13488059	13486162	Deletion	1897
X	13488059	13488140	Deletion	81
X	13488059	13488112	Deletion	53
X	13488059	13488173	Deletion	114
X	13488059	13488095	Deletion	36
X	13488059	13488123	Deletion	64
X	13501629	13501737	Deletion	108
X	13501643	13501737	Deletion	94
X	13501652	13501737	Deletion	85
X	13501665	13501737	Deletion	72
X	13501682	13501737	Deletion	55
X	13503467	13501737	Deletion	1730
X	13503467	13503499	Deletion	32
X	13503467	13503521	Deletion	54
X	13503467	13503508	Deletion	41
X	13503467	13503572	Deletion	105
X	13503467	13503570	Deletion	103
X	13510716	13510787	Deletion	71
X	13510728	13510787	Deletion	59
X	13511277	13510787	Deletion	490
X	13511277	13511344	Deletion	67
X	13511277	13511392	Deletion	115
X	13511277	13511393	Deletion	116
X	13514948	13515026	Deletion	78
X	13514965	13515026	Deletion	61
X	13514975	13515026	Deletion	51
X	13514983	13515026	Deletion	43
X	13515087	13515026	Deletion	61
X	13515087	13515152	Deletion	65
X	13515087	13515135	Deletion	48
X	13515087	13515162	Deletion	75
X	13515087	13515205	Deletion	118
X	13546539	13546643	Deletion	104
X	13546540	13546643	Deletion	103
X	13546544	13546643	Deletion	99
X	13546572	13546643	Deletion	71
X	13546575	13546643	Deletion	68
X	13546578	13546643	Deletion	65
X	13546583	13546643	Deletion	60
X	13546592	13546643	Deletion	51
X	13546600	13546643	Deletion	43
X	13559166	13546643	Deletion	12523
X	13559166	13559249	Deletion	83
X	13559166	13559222	Deletion	56
X	13559166	13559232	Deletion	66
X	13559166	13559224	Deletion	58
X	13559166	13559227	Deletion	61
X	13561125	13561229	Deletion	104
X	13561146	13561229	Deletion	83
X	13569273	13561229	Deletion	8044
X	13569273	13569376	Deletion	103
X	13569273	13569388	Deletion	115
X	13569273	13569317	Deletion	44
X	13569273	13569394	Deletion	121
X	13577076	13577145	Deletion	69
X	13577083	13577145	Deletion	62
X	13577113	13577145	Deletion	32
X	13578463	13577145	Deletion	1318
X	13578463	13578559	Deletion	96
X	13578463	13578522	Deletion	59
X	13578463	13578529	Deletion	66
X	13578463	13578564	Deletion	101
X	13578463	13578516	Deletion	53
X	13580337	13580450	Deletion	113
X	13580345	13580450	Deletion	105
X	13580365	13580450	Deletion	85
X	13580377	13580450	Deletion	73
X	13580386	13580450	Deletion	64
X	13580394	13580450	Deletion	56
X	13580404	13580450	Deletion	46
X	13580652	13580450	Deletion	202
X	13580652	13580693	Deletion	41
X	13580652	13580752	Deletion	100
X	13580652	13580760	Deletion	108
X	13580652	13580722	Deletion	70
X	13580652	13580705	Deletion	53
X	13580652	13580732	Deletion	80
X	13580652	13580769	Deletion	117
X	13592213	13592317	Deletion	104
X	13592277	13592317	Deletion	40
X	13592283	13592317	Deletion	34
X	13592720	13592317	Deletion	403
X	13592720	13592815	Deletion	95
X	13594105	13594161	Deletion	56
X	13594124	13594161	Deletion	37
X	13594125	13594161	Deletion	36
X	13594640	13594161	Deletion	479
X	13594640	13594730	Deletion	90
X	13594640	13594677	Deletion	37
X	13594640	13594731	Deletion	91
X	13596587	13596624	Deletion	37
X	13596706	13596624	Deletion	82
X	13596706	13596790	Deletion	84
X	13599024	13599127	Deletion	103
X	13599044	13599127	Deletion	83
X	13599051	13599127	Deletion	76
X	13599057	13599127	Deletion	70
X	13608343	13599127	Deletion	9216
X	13608343	13608449	Deletion	106
X	13608343	13608386	Deletion	43
X	13608343	13608399	Deletion	56
X	13608343	13608393	Deletion	50
X	13631196	13631310	Deletion	114
X	13631202	13631310	Deletion	108
X	13631205	13631310	Deletion	105
X	13631216	13631310	Deletion	94
X	13631220	13631310	Deletion	90
X	13631247	13631310	Deletion	63
X	13631255	13631310	Deletion	55
X	13652592	13652626	Deletion	34
X	13652592	13652630	Deletion	38
X	13652592	13652697	Deletion	105
X	13652592	13652696	Deletion	104
X	13652592	13652665	Deletion	73
X	13684862	13684965	Deletion	103
X	13684880	13684965	Deletion	85
X	13685016	13685057	Deletion	41
X	13705982	13706093	Deletion	111
X	13705996	13706093	Deletion	97
X	13706016	13706093	Deletion	77
X	13706025	13706093	Deletion	68
X	13706049	13706093	Deletion	44
X	13706500	13706093	Deletion	407
X	13706500	13706558	Deletion	58
X	13706500	13706582	Deletion	82
X	13719752	13719858	Deletion	106
X	13728312	13719858	Deletion	8454
X	13736127	13736236	Deletion	109
X	13736157	13736236	Deletion	79
X	13736161	13736236	Deletion	75
X	13736177	13736236	Deletion	59
X	13736191	13736236	Deletion	45
X	13736202	13736236	Deletion	34
X	13736467	13736236	Deletion	231
X	13736467	13736570	Deletion	103
X	13736467	13736549	Deletion	82
X	13736467	13736519	Deletion	52
X	13736467	13736515	Deletion	48
X	13736467	13736535	Deletion	68
X	13736467	13736560	Deletion	93
X	13744572	13744643	Deletion	71
X	13744587	13744643	Deletion	56
X	13744595	13744643	Deletion	48
X	13744770	13744644	Deletion	126
X	13744770	13744825	Deletion	55
X	13744771	13744840	Deletion	69
X	13750308	13750397	Deletion	89
X	13750326	13750397	Deletion	71
X	13750358	13750397	Deletion	39
X	13753181	13750397	Deletion	2784
X	13753181	13753290	Deletion	109
X	13753181	13753268	Deletion	87
X	13753181	13753218	Deletion	37
X	13753181	13753236	Deletion	55
X	13772231	13772304	Deletion	73
X	13772254	13772304	Deletion	50
X	13772258	13772304	Deletion	46
X	13773129	13772304	Deletion	825
X	13773129	13773247	Deletion	118
X	13773129	13773175	Deletion	46
X	13773129	13773205	Deletion	76
X	13773129	13773182	Deletion	53
X	13779658	13779749	Deletion	91
X	13779682	13779749	Deletion	67
X	13779718	13779749	Deletion	31
X	13780465	13780500	Deletion	35
X	13780465	13780579	Deletion	114
X	13780465	13780560	Deletion	95
X	13780465	13780524	Deletion	59
X	13780465	13780562	Deletion	97
X	13780465	13780582	Deletion	117
X	13790583	13790632	Deletion	49
X	13799379	13790632	Deletion	8747
X	13799379	13799430	Deletion	51
X	13799381	13799487	Deletion	106
X	13804461	13804540	Deletion	79
X	13804462	13804540	Deletion	78
X	13804478	13804540	Deletion	62
X	13804492	13804540	Deletion	48
X	13805697	13804540	Deletion	1157
X	13805697	13805761	Deletion	64
X	13805697	13805775	Deletion	78
X	13805697	13805744	Deletion	47
X	13805697	13805813	Deletion	116
X	13808309	13808403	Deletion	94
X	13808327	13808403	Deletion	76
X	13808457	13808580	Deletion	123
X	13808457	13808507	Deletion	50
X	13813508	13813595	Deletion	87
X	13813521	13813595	Deletion	74
X	13813543	13813595	Deletion	52
X	13813546	13813595	Deletion	49
X	13813556	13813595	Deletion	39
X	13818119	13813595	Deletion	4524
X	13818119	13818171	Deletion	52
X	13818119	13818193	Deletion	74
X	13818119	13818158	Deletion	39
X	13818119	13818206	Deletion	87
X	13834870	13834953	Deletion	83
X	13834908	13834953	Deletion	45
X	13865117	13865149	Deletion	32
X	13865117	13865198	Deletion	81
X	13865117	13865160	Deletion	43
X	13867053	13867159	Deletion	106
X	13867076	13867159	Deletion	83
X	13867641	13867159	Deletion	482
X	13867641	13867684	Deletion	43
X	13890981	13891092	Deletion	111
X	13891016	13891092	Deletion	76
X	13891032	13891092	Deletion	60
X	13891042	13891092	Deletion	50
X	13891052	13891092	Deletion	40
X	13893298	13891092	Deletion	2206
X	13893298	13893419	Deletion	121
X	13893298	13893364	Deletion	66
X	13893298	13893405	Deletion	107
X	13893298	13893348	Deletion	50
X	13893298	13893384	Deletion	86
X	13917799	13917903	Deletion	104
X	13917807	13917903	Deletion	96
X	13917852	13917903	Deletion	51
X	13930929	13917903	Deletion	13026
X	13930929	13930959	Deletion	30
X	13930929	13931040	Deletion	111
X	13930929	13931004	Deletion	75
X	13959817	13959899	Deletion	82
X	13959818	13959899	Deletion	81
X	13959857	13959899	Deletion	42
X	13959952	13959899	Deletion	53
X	13959952	13959996	Deletion	44
X	13959952	13960036	Deletion	84
X	13959952	13959997	Deletion	45
X	13983004	13983082	Deletion	78
X	13983023	13983082	Deletion	59
X	13983770	13983082	Deletion	688
X	13983770	13983818	Deletion	48
X	13983770	13983879	Deletion	109
X	14004793	14004913	Deletion	120
X	14008531	14008634	Deletion	103
X	14008531	14008594	Deletion	63
X	14008531	14008637	Deletion	106
X	14008531	14008627	Deletion	96
X	14009134	14009225	Deletion	91
X	14009145	14009225	Deletion	80
X	14009146	14009225	Deletion	79
X	14009157	14009225	Deletion	68
X	14009183	14009225	Deletion	42
X	14009192	14009225	Deletion	33
X	14009347	14009225	Deletion	122
X	14009347	14009458	Deletion	111
X	14009347	14009440	Deletion	93
X	14009347	14009405	Deletion	58
X	14009347	14009382	Deletion	35
X	14009347	14009470	Deletion	123
X	14009347	14009431	Deletion	84
X	14009347	14009393	Deletion	46
X	14011052	14011088	Deletion	36
X	14011826	14011088	Deletion	738
X	14011826	14011916	Deletion	90
X	14011826	14011943	Deletion	117
X	14011826	14011939	Deletion	113
X	14011826	14011924	Deletion	98
X	14013423	14013509	Deletion	86
X	14013436	14013509	Deletion	73
X	14013448	14013509	Deletion	61
X	14013453	14013509	Deletion	56
X	14013878	14013509	Deletion	369
X	14013878	14013944	Deletion	66
X	14013878	14013977	Deletion	99
X	14013878	14013982	Deletion	104
X	14013878	14013932	Deletion	54
X	14013878	14013949	Deletion	71
X	14013878	14013995	Deletion	117
X	14058082	14058191	Deletion	109
X	14070520	14070641	Deletion	121
X	14070537	14070641	Deletion	104
X	14070583	14070641	Deletion	58
X	14085658	14070641	Deletion	15017
X	14095470	14095587	Deletion	117
X	14095476	14095587	Deletion	111
X	14095485	14095587	Deletion	102
X	14095489	14095587	Deletion	98
X	14095502	14095587	Deletion	85
X	14095512	14095587	Deletion	75
X	14095514	14095587	Deletion	73
X	14095518	14095587	Deletion	69
X	14095520	14095587	Deletion	67
X	14095531	14095587	Deletion	56
X	14096680	14095587	Deletion	1093
X	14096680	14096734	Deletion	54
X	14096680	14096740	Deletion	60
X	14096680	14096751	Deletion	71
X	14096680	14096722	Deletion	42
X	14096680	14096738	Deletion	58
X	14096680	14096774	Deletion	94
X	14096680	14096780	Deletion	100
X	14096680	14096801	Deletion	121
X	14147332	14147430	Deletion	98
X	14147367	14147430	Deletion	63
X	14147370	14147430	Deletion	60
X	14147392	14147430	Deletion	38
X	14147395	14147430	Deletion	35
X	14148115	14147430	Deletion	685
X	14148115	14148225	Deletion	110
X	14148115	14148239	Deletion	124
X	14148115	14148183	Deletion	68
X	14148115	14148205	Deletion	90
X	14148115	14148145	Deletion	30
X	14148115	14148208	Deletion	93
X	14149366	14149444	Deletion	78
X	14149385	14149444	Deletion	59
X	14153987	14154054	Deletion	67
X	14153987	14154097	Deletion	110
X	14156205	14156299	Deletion	94
X	14156222	14156299	Deletion	77
X	14156227	14156299	Deletion	72
X	14156229	14156299	Deletion	70
X	14156233	14156299	Deletion	66
X	14156237	14156299	Deletion	62
X	14156240	14156299	Deletion	59
X	14156248	14156299	Deletion	51
X	14156251	14156299	Deletion	48
X	14156253	14156299	Deletion	46
X	14160480	14160527	Deletion	47
X	14163304	14163409	Deletion	105
X	14163336	14163409	Deletion	73
X	14163341	14163409	Deletion	68
X	14163357	14163409	Deletion	52
X	14163359	14163409	Deletion	50
X	14163362	14163408	Deletion	46
X	14163759	14163409	Deletion	350
X	14163759	14163841	Deletion	82
X	14163759	14163868	Deletion	109
X	14163759	14163820	Deletion	61
X	14163759	14163815	Deletion	56
X	14163759	14163860	Deletion	101
X	14163762	14163836	Deletion	74
X	14163764	14163838	Deletion	74
X	14163772	14163872	Deletion	100
X	14163807	14163872	Deletion	65
X	14172096	14163872	Deletion	8224
X	14181567	14172139	Deletion	9428
X	14181567	14181682	Deletion	115
X	14181621	14181629	Deletion	8
X	14181623	14181745	Deletion	122
X	14181639	14181745	Deletion	106
X	14181656	14181745	Deletion	89
X	14181657	14181745	Deletion	88
X	14181678	14181745	Deletion	67
X	14181799	14181745	Deletion	54
X	14181799	14181837	Deletion	38
X	14181799	14181836	Deletion	37
X	14181799	14181923	Deletion	124
X	14181799	14181889	Deletion	90
X	14192079	14192141	Deletion	62
X	14192098	14192141	Deletion	43
X	14192421	14192141	Deletion	280
X	14192421	14192504	Deletion	83
X	14192907	14192990	Deletion	83
X	14192912	14192990	Deletion	78
X	14192914	14192990	Deletion	76
X	14192940	14192990	Deletion	50
X	14193134	14192990	Deletion	144
X	14193134	14193253	Deletion	119
X	14193134	14193183	Deletion	49
X	14193134	14193185	Deletion	51
X	14193134	14193211	Deletion	77
X	14193147	14193178	Deletion	31
X	14193149	14193253	Deletion	104
X	14193174	14193253	Deletion	79
X	14193188	14193253	Deletion	65
X	14193214	14193253	Deletion	39
X	14193892	14193253	Deletion	639
X	14193892	14194013	Deletion	121
X	14193892	14193956	Deletion	64
X	14193892	14194001	Deletion	109
X	14193892	14193942	Deletion	50
X	14194665	14194781	Deletion	116
X	14194695	14194781	Deletion	86
X	14194724	14194781	Deletion	57
X	14194740	14194781	Deletion	41
X	14195093	14194781	Deletion	312
X	14195093	14195162	Deletion	69
X	14195093	14195178	Deletion	85
X	14214865	14214968	Deletion	103
X	14214871	14214968	Deletion	97
X	14214893	14214968	Deletion	75
X	14214896	14214968	Deletion	72
X	14214915	14214968	Deletion	53
X	14220084	14214968	Deletion	5116
X	14220084	14220137	Deletion	53
X	14220084	14220115	Deletion	31
X	14220084	14220140	Deletion	56
X	14233308	14233380	Deletion	72
X	14233316	14233394	Deletion	78
X	14233339	14233394	Deletion	55
X	14233349	14233394	Deletion	45
X	14238475	14233394	Deletion	5081
X	14238475	14238523	Deletion	48
X	14238475	14238556	Deletion	81
X	14238475	14238515	Deletion	40
X	14238475	14238546	Deletion	71
X	14242204	14241829	Deletion	375
X	14242204	14242280	Deletion	76
X	14257347	14257448	Deletion	101
X	14257349	14257448	Deletion	99
X	14257359	14257448	Deletion	89
X	14257361	14257448	Deletion	87
X	14257376	14257448	Deletion	72
X	14259001	14257448	Deletion	1553
X	14259001	14259055	Deletion	54
X	14259001	14259038	Deletion	37
X	14259001	14259040	Deletion	39
X	14265353	14265456	Deletion	103
X	14265360	14265456	Deletion	96
X	14265362	14265456	Deletion	94
X	14265368	14265456	Deletion	88
X	14265389	14265456	Deletion	67
X	14265415	14265456	Deletion	41
X	14265424	14265456	Deletion	32
X	14266417	14265456	Deletion	961
X	14266417	14266502	Deletion	85
X	14266417	14266511	Deletion	94
X	14266417	14266476	Deletion	59
X	14266417	14266455	Deletion	38
X	14266417	14266449	Deletion	32
X	14276544	14276645	Deletion	101
X	14276591	14276645	Deletion	54
X	14276608	14276642	Deletion	34
X	14277693	14276645	Deletion	1048
X	14277693	14277806	Deletion	113
X	14277693	14277765	Deletion	72
X	14292749	14292813	Deletion	64
X	14292780	14292813	Deletion	33
X	14301387	14292813	Deletion	8574
X	14301387	14301449	Deletion	62
X	14311778	14311877	Deletion	99
X	14311780	14311877	Deletion	97
X	14311782	14311877	Deletion	95
X	14311825	14311877	Deletion	52
X	14311827	14311877	Deletion	50
X	14312817	14311877	Deletion	940
X	14312817	14312893	Deletion	76
X	14312817	14312891	Deletion	74
X	14312817	14312934	Deletion	117
X	14316447	14316535	Deletion	88
X	14316474	14316535	Deletion	61
X	14316481	14316535	Deletion	54
X	14316482	14316535	Deletion	53
X	14316605	14316535	Deletion	70
X	14316605	14316636	Deletion	31
X	14316605	14316727	Deletion	122
X	14369435	14369522	Deletion	87
X	14369473	14369522	Deletion	49
X	14369479	14369522	Deletion	43
X	14369492	14369522	Deletion	30
X	14370707	14369522	Deletion	1185
X	14370707	14370804	Deletion	97
X	14370707	14370791	Deletion	84
X	14370707	14370785	Deletion	78
X	14370707	14370815	Deletion	108
X	14370707	14370822	Deletion	115
X	14370707	14370816	Deletion	109
X	14379284	14379350	Deletion	66
X	14379420	14379504	Deletion	84
X	14394961	14395029	Deletion	68
X	14394987	14395029	Deletion	42
X	14396153	14395029	Deletion	1124
X	14396153	14396239	Deletion	86
X	14396153	14396213	Deletion	60
X	14396153	14396267	Deletion	114
X	14396153	14396265	Deletion	112
X	14398068	14398163	Deletion	95
X	14398069	14398163	Deletion	94
X	14398073	14398163	Deletion	90
X	14398122	14398163	Deletion	41
X	14398126	14398163	Deletion	37
X	14399052	14398163	Deletion	889
X	14399052	14399090	Deletion	38
X	14399052	14399086	Deletion	34
X	14399052	14399166	Deletion	114
X	14399052	14399143	Deletion	91
X	14399052	14399139	Deletion	87
X	14409415	14409489	Deletion	74
X	14409419	14409489	Deletion	70
X	14409450	14409489	Deletion	39
X	14416079	14409489	Deletion	6590
X	14416079	14416171	Deletion	92
X	14416079	14416140	Deletion	61
X	14420338	14420420	Deletion	82
X	14421929	14422024	Deletion	95
X	14421956	14422024	Deletion	68
X	14424653	14424684	Deletion	31
X	14424653	14424711	Deletion	58
X	14424653	14424759	Deletion	106
X	14424653	14424771	Deletion	118
X	14459911	14459946	Deletion	35
X	14461109	14459946	Deletion	1163
X	14461109	14461209	Deletion	100
X	14461109	14461177	Deletion	68
X	14461109	14461227	Deletion	118
X	14495154	14495215	Deletion	61
X	14495174	14495215	Deletion	41
X	14495276	14495215	Deletion	61
X	14495276	14495376	Deletion	100
X	14495276	14495361	Deletion	85
X	14495276	14495341	Deletion	65
X	14495276	14495339	Deletion	63
X	14495278	14495400	Deletion	122
X	14498549	14498652	Deletion	103
X	14498565	14498652	Deletion	87
X	14498572	14498652	Deletion	80
X	14498577	14498652	Deletion	75
X	14498617	14498652	Deletion	35
X	14500226	14498652	Deletion	1574
X	14500226	14500335	Deletion	109
X	14500226	14500266	Deletion	40
X	14500226	14500318	Deletion	92
X	14500226	14500326	Deletion	100
X	14500226	14500273	Deletion	47
X	14500226	14500278	Deletion	52
X	14513668	14513761	Deletion	93
X	14513682	14513761	Deletion	79
X	14513688	14513761	Deletion	73
X	14513731	14513761	Deletion	30
X	14516508	14513761	Deletion	2747
X	14516508	14516555	Deletion	47
X	14516508	14516540	Deletion	32
X	14516508	14516604	Deletion	96
X	14516508	14516561	Deletion	53
X	14517976	14518035	Deletion	59
X	14518003	14518035	Deletion	32
X	14518876	14518035	Deletion	841
X	14518876	14518975	Deletion	99
X	14518876	14518990	Deletion	114
X	14518876	14518944	Deletion	68
X	14526062	14526118	Deletion	56
X	14526080	14526118	Deletion	38
X	14526087	14526118	Deletion	31
X	14538916	14526118	Deletion	12798
X	14538916	14538986	Deletion	70
X	14538916	14539011	Deletion	95
X	14553500	14553541	Deletion	41
X	14553849	14553941	Deletion	92
X	14560318	14560422	Deletion	104
X	14560318	14560371	Deletion	53
X	14564305	14564417	Deletion	112
X	14564331	14564417	Deletion	86
X	14564347	14564417	Deletion	70
X	14564358	14564417	Deletion	59
X	14565799	14564417	Deletion	1382
X	14565799	14565866	Deletion	67
X	14565799	14565839	Deletion	40
X	14583957	14584039	Deletion	82
X	14583960	14584039	Deletion	79
X	14584175	14584039	Deletion	136
X	14584175	14584221	Deletion	46
X	14586445	14586538	Deletion	93
X	14587327	14586538	Deletion	789
X	14587327	14587442	Deletion	115
X	14591608	14591702	Deletion	94
X	14591646	14591702	Deletion	56
X	14591668	14591702	Deletion	34
X	14591898	14591702	Deletion	196
X	14591898	14591969	Deletion	71
X	14591898	14592019	Deletion	121
X	14591898	14592021	Deletion	123
X	14591898	14592008	Deletion	110
X	14591898	14591931	Deletion	33
X	14591898	14591999	Deletion	101
X	14591898	14591930	Deletion	32
X	14592421	14592506	Deletion	85
X	14592426	14592506	Deletion	80
X	14592432	14592506	Deletion	74
X	14592453	14592506	Deletion	53
X	14600106	14592506	Deletion	7600
X	14600106	14600181	Deletion	75
X	14600106	14600149	Deletion	43
X	14600106	14600212	Deletion	106
X	14600106	14600154	Deletion	48
X	14623437	14623535	Deletion	98
X	14623438	14623535	Deletion	97
X	14623483	14623535	Deletion	52
X	14623488	14623535	Deletion	47
X	14623489	14623535	Deletion	46
X	14623491	14623535	Deletion	44
X	14623844	14623535	Deletion	309
X	14623844	14623926	Deletion	82
X	14623844	14623928	Deletion	84
X	14623844	14623920	Deletion	76
X	14623844	14623875	Deletion	31
X	14623844	14623874	Deletion	30
X	14623844	14623925	Deletion	81
X	14625443	14625549	Deletion	106
X	14625447	14625549	Deletion	102
X	14625465	14625549	Deletion	84
X	14625481	14625544	Deletion	63
X	14625773	14625549	Deletion	224
X	14625773	14625817	Deletion	44
X	14625773	14625881	Deletion	108
X	14625773	14625892	Deletion	119
X	14629950	14630059	Deletion	109
X	14629952	14630059	Deletion	107
X	14629986	14630059	Deletion	73
X	14630012	14630059	Deletion	47
X	14640654	14640741	Deletion	87
X	14640710	14640741	Deletion	31
X	14650587	14650683	Deletion	96
X	14650596	14650683	Deletion	87
X	14650605	14650683	Deletion	78
X	14650645	14650683	Deletion	38
X	14652171	14650683	Deletion	1488
X	14652171	14652260	Deletion	89
X	14652171	14652275	Deletion	104
X	14652171	14652220	Deletion	49
X	14652171	14652211	Deletion	40
X	14676063	14676176	Deletion	113
X	14676071	14676176	Deletion	105
X	14676092	14676176	Deletion	84
X	14676097	14676176	Deletion	79
X	14676100	14676176	Deletion	76
X	14676124	14676176	Deletion	52
X	14676134	14676176	Deletion	42
X	14676144	14676176	Deletion	32
X	14687960	14676176	Deletion	11784
X	14687960	14688046	Deletion	86
X	14687960	14688004	Deletion	44
X	14687960	14688012	Deletion	52
X	14687960	14688066	Deletion	106
X	14687960	14688056	Deletion	96
X	14687960	14688009	Deletion	49
X	14689517	14689625	Deletion	108
X	14689524	14689625	Deletion	101
X	14689549	14689625	Deletion	76
X	14689563	14689625	Deletion	62
X	14698452	14689625	Deletion	8827
X	14698452	14698565	Deletion	113
X	14698452	14698561	Deletion	109
X	14698452	14698502	Deletion	50
X	14698452	14698516	Deletion	64
X	14704694	14704774	Deletion	80
X	14704706	14704774	Deletion	68
X	14704735	14704774	Deletion	39
X	14704742	14704774	Deletion	32
X	14706036	14704774	Deletion	1262
X	14706036	14706082	Deletion	46
X	14706036	14706130	Deletion	94
X	14706036	14706094	Deletion	58
X	14712070	14712181	Deletion	111
X	14712076	14712181	Deletion	105
X	14712100	14712181	Deletion	81
X	14712108	14712181	Deletion	73
X	14712109	14712181	Deletion	72
X	14712134	14712181	Deletion	47
X	14712142	14712181	Deletion	39
X	14712596	14712181	Deletion	415
X	14712596	14712650	Deletion	54
X	14712596	14712641	Deletion	45
X	14712596	14712649	Deletion	53
X	14712596	14712683	Deletion	87
X	14712596	14712675	Deletion	79
X	14787163	14787261	Deletion	98
X	14787164	14787261	Deletion	97
X	14787168	14787261	Deletion	93
X	14787187	14787261	Deletion	74
X	14795658	14795691	Deletion	33
X	14795658	14795779	Deletion	121
X	14802972	14803086	Deletion	114
X	14802999	14803086	Deletion	87
X	14803016	14803086	Deletion	70
X	14803017	14803086	Deletion	69
X	14803056	14803086	Deletion	30
X	14832710	14832800	Deletion	90
X	14832727	14832800	Deletion	73
X	14832731	14832800	Deletion	69
X	14832736	14832800	Deletion	64
X	14832741	14832800	Deletion	59
X	14832760	14832800	Deletion	40
X	14832768	14832800	Deletion	32
X	14835530	14832800	Deletion	2730
X	14835530	14835587	Deletion	57
X	14835530	14835583	Deletion	53
X	14835530	14835566	Deletion	36
X	14835530	14835592	Deletion	62
X	14835530	14835597	Deletion	67
X	14835530	14835649	Deletion	119
X	14835530	14835624	Deletion	94
X	14835533	14835652	Deletion	119
X	14846628	14846715	Deletion	87
X	14846680	14846715	Deletion	35
X	14846684	14846715	Deletion	31
X	14849098	14846715	Deletion	2383
X	14849098	14849197	Deletion	99
X	14849098	14849138	Deletion	40
X	14849098	14849198	Deletion	100
X	14849098	14849194	Deletion	96
X	14863442	14863534	Deletion	92
X	14863462	14863534	Deletion	72
X	14863490	14863534	Deletion	44
X	14863491	14863534	Deletion	43
X	14865802	14863534	Deletion	2268
X	14865802	14865836	Deletion	34
X	14865802	14865884	Deletion	82
X	14865802	14865885	Deletion	83
X	14865806	14865909	Deletion	103
X	14899622	14899712	Deletion	90
X	14899629	14899712	Deletion	83
X	14899630	14899712	Deletion	82
X	14899638	14899712	Deletion	74
X	14899639	14899712	Deletion	73
X	14899648	14899712	Deletion	64
X	14899660	14899712	Deletion	52
X	14900904	14899712	Deletion	1192
X	14900904	14900948	Deletion	44
X	14900904	14900956	Deletion	52
X	14900904	14901023	Deletion	119
X	14900904	14900978	Deletion	74
X	14900904	14900957	Deletion	53
X	14900904	14900940	Deletion	36
X	14900904	14900947	Deletion	43
X	14900904	14901005	Deletion	101
X	14905941	14906027	Deletion	86
X	14905966	14906027	Deletion	61
X	14905970	14906027	Deletion	57
X	14905991	14906027	Deletion	36
X	14905996	14906027	Deletion	31
X	14917476	14906027	Deletion	11449
X	14917476	14917552	Deletion	76
X	14917476	14917542	Deletion	66
X	14917476	14917546	Deletion	70
X	14917494	14917517	Deletion	23
X	14917496	14917552	Deletion	56
X	14920793	14920902	Deletion	109
X	14920793	14920861	Deletion	68
X	14920793	14920829	Deletion	36
X	14957534	14957607	Deletion	73
X	14957558	14957607	Deletion	49
X	14957693	14957607	Deletion	86
X	14957693	14957746	Deletion	53
X	14957693	14957814	Deletion	121
X	14957693	14957815	Deletion	122
X	14958352	14958464	Deletion	112
X	14958360	14958464	Deletion	104
X	14958376	14958464	Deletion	88
X	14964887	14958464	Deletion	6423
X	14968770	14968891	Deletion	121
X	14968780	14968891	Deletion	111
X	14968781	14968891	Deletion	110
X	14968822	14968891	Deletion	69
X	14968824	14968891	Deletion	67
X	14968834	14968891	Deletion	57
X	14968835	14968891	Deletion	56
X	14968836	14968891	Deletion	55
X	14976451	14968891	Deletion	7560
X	14976451	14976523	Deletion	72
X	14976451	14976510	Deletion	59
X	14976451	14976512	Deletion	61
X	14976451	14976524	Deletion	73
X	14976451	14976548	Deletion	97
X	14976483	14976522	Deletion	39
X	14976504	14976548	Deletion	44
X	14976712	14976548	Deletion	164
X	14976712	14976794	Deletion	82
X	14976712	14976773	Deletion	61
X	14978147	14978250	Deletion	103
X	14978148	14978251	Deletion	103
X	14978168	14978251	Deletion	83
X	14978181	14978251	Deletion	70
X	14978184	14978251	Deletion	67
X	14978210	14978251	Deletion	41
X	14978214	14978251	Deletion	37
X	14978216	14978251	Deletion	35
X	14982802	14978251	Deletion	4551
X	14982802	14982891	Deletion	89
X	14982802	14982887	Deletion	85
X	14982802	14982893	Deletion	91
X	14982802	14982861	Deletion	59
X	14982802	14982858	Deletion	56
X	14991396	14991473	Deletion	77
X	14991426	14991473	Deletion	47
X	14991825	14991473	Deletion	352
X	14991825	14991936	Deletion	111
X	14991825	14991928	Deletion	103
X	14991825	14991904	Deletion	79
X	14991825	14991939	Deletion	114
X	14991825	14991934	Deletion	109
X	14998574	14998672	Deletion	98
X	14998575	14998672	Deletion	97
X	14998579	14998672	Deletion	93
X	14998608	14998672	Deletion	64
X	14998613	14998672	Deletion	59
X	14998620	14998672	Deletion	52
X	14999249	14998672	Deletion	577
X	14999249	14999314	Deletion	65
X	14999249	14999280	Deletion	31
X	14999249	14999319	Deletion	70
X	14999249	14999326	Deletion	77
X	14999249	14999285	Deletion	36
X	14999249	14999281	Deletion	32
X	15004958	15005072	Deletion	114
X	15004962	15005072	Deletion	110
X	15004968	15005072	Deletion	104
X	15004970	15005072	Deletion	102
X	15004972	15005072	Deletion	100
X	15004994	15005072	Deletion	78
X	15005009	15005072	Deletion	63
X	15005019	15005072	Deletion	53
X	15005032	15005072	Deletion	40
X	15005039	15005072	Deletion	33
X	15005405	15005503	Deletion	98
X	15005405	15005454	Deletion	49
X	15005405	15005499	Deletion	94
X	15005405	15005479	Deletion	74
X	15005405	15005492	Deletion	87
X	15024681	15024754	Deletion	73
X	15024700	15024754	Deletion	54
X	15024705	15024754	Deletion	49
X	15024713	15024754	Deletion	41
X	15031203	15024754	Deletion	6449
X	15031203	15031281	Deletion	78
X	15031203	15031289	Deletion	86
X	15031203	15031324	Deletion	121
X	15031203	15031257	Deletion	54
X	15037966	15038047	Deletion	81
X	15099014	15099117	Deletion	103
X	15099015	15099117	Deletion	102
X	15099021	15099117	Deletion	96
X	15099068	15099117	Deletion	49
X	15103551	15099117	Deletion	4434
X	15103551	15103581	Deletion	30
X	15103551	15103655	Deletion	104
X	15126197	15126298	Deletion	101
X	15126198	15126298	Deletion	100
X	15126216	15126298	Deletion	82
X	15126225	15126298	Deletion	73
X	15126264	15126298	Deletion	34
X	15126268	15126298	Deletion	30
X	15129198	15126298	Deletion	2900
X	15129198	15129242	Deletion	44
X	15129198	15129251	Deletion	53
X	15129198	15129290	Deletion	92
X	15129198	15129294	Deletion	96
X	15132250	15132337	Deletion	87
X	15132254	15132337	Deletion	83
X	15132268	15132337	Deletion	69
X	15132307	15132337	Deletion	30
X	15134944	15132337	Deletion	2607
X	15134944	15134988	Deletion	44
X	15134944	15135002	Deletion	58
X	15134944	15135041	Deletion	97
X	15140220	15140273	Deletion	53
X	15140226	15140271	Deletion	45
X	15140445	15140273	Deletion	172
X	15140445	15140524	Deletion	79
X	15140445	15140488	Deletion	43
X	15149821	15149924	Deletion	103
X	15149866	15149924	Deletion	58
X	15149871	15149924	Deletion	53
X	15149889	15149924	Deletion	35
X	15150261	15150329	Deletion	68
X	15150261	15150370	Deletion	109
X	15150261	15150352	Deletion	91
X	15150261	15150334	Deletion	73
X	15150261	15150362	Deletion	101
X	15150261	15150358	Deletion	97
X	15169775	15169861	Deletion	86
X	15169781	15169861	Deletion	80
X	15170991	15169861	Deletion	1130
X	15170991	15171041	Deletion	50
X	15170991	15171092	Deletion	101
X	15170991	15171108	Deletion	117
X	15173145	15173248	Deletion	103
X	15173148	15173248	Deletion	100
X	15173164	15173248	Deletion	84
X	15173174	15173248	Deletion	74
X	15173175	15173248	Deletion	73
X	15173181	15173248	Deletion	67
X	15173211	15173248	Deletion	37
X	15174432	15173248	Deletion	1184
X	15174432	15174521	Deletion	89
X	15174432	15174485	Deletion	53
X	15174432	15174474	Deletion	42
X	15174432	15174538	Deletion	106
X	15174432	15174543	Deletion	111
X	15174432	15174491	Deletion	59
X	15174432	15174484	Deletion	52
X	15174745	15174848	Deletion	103
X	15183861	15183962	Deletion	101
X	15183913	15183962	Deletion	49
X	15183930	15183962	Deletion	32
X	15184332	15183962	Deletion	370
X	15184332	15184426	Deletion	94
X	15184332	15184409	Deletion	77
X	15184332	15184423	Deletion	91
X	15190205	15190264	Deletion	59
X	15190215	15190264	Deletion	49
X	15192053	15190264	Deletion	1789
X	15192053	15192132	Deletion	79
X	15192053	15192084	Deletion	31
X	15192053	15192157	Deletion	104
X	15192053	15192163	Deletion	110
X	15196192	15196292	Deletion	100
X	15196215	15196292	Deletion	77
X	15198836	15196292	Deletion	2544
X	15198836	15198885	Deletion	49
X	15198836	15198941	Deletion	105
X	15198836	15198953	Deletion	117
X	15198836	15198942	Deletion	106
X	15198836	15198935	Deletion	99
X	15200330	15200426	Deletion	96
X	15200367	15200426	Deletion	59
X	15200369	15200426	Deletion	57
X	15201976	15200426	Deletion	1550
X	15201976	15202047	Deletion	71
X	15201976	15202008	Deletion	32
X	15205242	15205275	Deletion	33
X	15205806	15205275	Deletion	531
X	15205806	15205910	Deletion	104
X	15205806	15205899	Deletion	93
X	15213652	15213721	Deletion	69
X	15213672	15213721	Deletion	49
X	15222861	15213721	Deletion	9140
X	15222861	15222919	Deletion	58
X	15222861	15222911	Deletion	50
X	15222861	15222939	Deletion	78
X	15259236	15259291	Deletion	55
X	15259254	15259291	Deletion	37
X	15259375	15259291	Deletion	84
X	15259375	15259490	Deletion	115
X	15259375	15259484	Deletion	109
X	15259375	15259447	Deletion	72
X	15259375	15259491	Deletion	116
X	15259542	15259620	Deletion	78
X	15259547	15259620	Deletion	73
X	15259549	15259620	Deletion	71
X	15259562	15259620	Deletion	58
X	15259567	15259620	Deletion	53
X	15259570	15259620	Deletion	50
X	15259589	15259620	Deletion	31
X	15260784	15259620	Deletion	1164
X	15260784	15260852	Deletion	68
X	15260784	15260860	Deletion	76
X	15260784	15260837	Deletion	53
X	15260784	15260839	Deletion	55
X	15260784	15260879	Deletion	95
X	15260784	15260857	Deletion	73
X	15261625	15261730	Deletion	105
X	15261639	15261730	Deletion	91
X	15261644	15261730	Deletion	86
X	15261688	15261730	Deletion	42
X	15273410	15261730	Deletion	11680
X	15273410	15273495	Deletion	85
X	15273410	15273530	Deletion	120
X	15273415	15273451	Deletion	36
X	15284380	15284441	Deletion	61
X	15284393	15284441	Deletion	48
X	15290282	15284441	Deletion	5841
X	15290282	15290399	Deletion	117
X	15290282	15290348	Deletion	66
X	15303641	15303732	Deletion	91
X	15303647	15303732	Deletion	85
X	15303653	15303732	Deletion	79
X	15303676	15303732	Deletion	56
X	15303683	15303732	Deletion	49
X	15303687	15303732	Deletion	45
X	15305769	15303732	Deletion	2037
X	15305769	15305812	Deletion	43
X	15305769	15305841	Deletion	72
X	15305769	15305806	Deletion	37
X	15305769	15305876	Deletion	107
X	15305769	15305888	Deletion	119
X	15305769	15305870	Deletion	101
X	15305769	15305818	Deletion	49
X	15305769	15305852	Deletion	83
X	15305769	15305802	Deletion	33
X	15322947	15323055	Deletion	108
X	15322952	15323055	Deletion	103
X	15322958	15323055	Deletion	97
X	15322989	15323055	Deletion	66
X	15322995	15323055	Deletion	60
X	15323008	15323055	Deletion	47
X	15325483	15323055	Deletion	2428
X	15325483	15325514	Deletion	31
X	15325483	15325545	Deletion	62
X	15325483	15325551	Deletion	68
X	15334642	15334720	Deletion	78
X	15342187	15334720	Deletion	7467
X	15342187	15342293	Deletion	106
X	15352524	15352566	Deletion	42
X	15352525	15352566	Deletion	41
X	15352622	15352727	Deletion	105
X	15352622	15352707	Deletion	85
X	15352622	15352735	Deletion	113
X	15352622	15352728	Deletion	106
X	15352622	15352732	Deletion	110
X	15359564	15359681	Deletion	117
X	15359641	15359681	Deletion	40
X	15388659	15388747	Deletion	88
X	15427392	15427457	Deletion	65
X	15427395	15427457	Deletion	62
X	15427405	15427457	Deletion	52
X	15427416	15427457	Deletion	41
X	15438048	15427457	Deletion	10591
X	15438048	15438109	Deletion	61
X	15438048	15438133	Deletion	85
X	15438048	15438112	Deletion	64
X	15438048	15438150	Deletion	102
X	15460519	15460596	Deletion	77
X	15460550	15460596	Deletion	46
X	15460552	15460596	Deletion	44
X	15464263	15460596	Deletion	3667
X	15464263	15464314	Deletion	51
X	15464263	15464383	Deletion	120
X	15464263	15464378	Deletion	115
X	15464263	15464347	Deletion	84
X	15467172	15467222	Deletion	50
X	15469518	15467222	Deletion	2296
X	15469518	15469639	Deletion	121
X	15469518	15469636	Deletion	118
X	15474439	15474560	Deletion	121
X	15474453	15474560	Deletion	107
X	15474464	15474560	Deletion	96
X	15474468	15474560	Deletion	92
X	15474471	15474560	Deletion	89
X	15474478	15474560	Deletion	82
X	15474517	15474560	Deletion	43
X	15474610	15474560	Deletion	50
X	15474610	15474693	Deletion	83
X	15474610	15474654	Deletion	44
X	15474610	15474640	Deletion	30
X	15474610	15474724	Deletion	114
X	15474610	15474644	Deletion	34
X	15479109	15479219	Deletion	110
X	15479127	15479219	Deletion	92
X	15479130	15479219	Deletion	89
X	15479132	15479219	Deletion	87
X	15489133	15479219	Deletion	9914
X	15489133	15489249	Deletion	116
X	15489133	15489244	Deletion	111
X	15489133	15489167	Deletion	34
X	15489133	15489170	Deletion	37
X	15505664	15505740	Deletion	76
X	15505667	15505740	Deletion	73
X	15505687	15505740	Deletion	53
X	15505690	15505740	Deletion	50
X	15506909	15505740	Deletion	1169
X	15506909	15506962	Deletion	53
X	15506909	15507010	Deletion	101
X	15506909	15506982	Deletion	73
X	15506909	15506959	Deletion	50
X	15506909	15506985	Deletion	76
X	15514896	15514993	Deletion	97
X	15514962	15514993	Deletion	31
X	15518433	15518529	Deletion	96
X	15518433	15518463	Deletion	30
X	15523222	15523318	Deletion	96
X	15523368	15523398	Deletion	30
X	15523368	15523479	Deletion	111
X	15523368	15523476	Deletion	108
X	15523368	15523470	Deletion	102
X	15527934	15528055	Deletion	121
X	15527935	15528055	Deletion	120
X	15527979	15528055	Deletion	76
X	15528011	15528055	Deletion	44
X	15528016	15528055	Deletion	39
X	15528294	15528347	Deletion	53
X	15528294	15528379	Deletion	85
X	15528294	15528397	Deletion	103
X	15528294	15528384	Deletion	90
X	15552408	15552448	Deletion	40
X	15552516	15552448	Deletion	68
X	15552516	15552628	Deletion	112
X	15552516	15552549	Deletion	33
X	15580578	15580654	Deletion	76
X	15580588	15580654	Deletion	66
X	15580597	15580654	Deletion	57
X	15580611	15580654	Deletion	43
X	15581239	15580654	Deletion	585
X	15581239	15581289	Deletion	50
X	15581239	15581299	Deletion	60
X	15581239	15581322	Deletion	83
X	15639491	15639604	Deletion	113
X	15639537	15639604	Deletion	67
X	15639553	15639604	Deletion	51
X	15639558	15639604	Deletion	46
X	15642996	15639604	Deletion	3392
X	15642996	15643077	Deletion	81
X	15642996	15643072	Deletion	76
X	15647849	15647941	Deletion	92
X	15647877	15647941	Deletion	64
X	15647882	15647941	Deletion	59
X	15647885	15647941	Deletion	56
X	15648060	15648130	Deletion	70
X	15648060	15648092	Deletion	32
X	15648060	15648122	Deletion	62
X	15648060	15648094	Deletion	34
X	15651586	15651681	Deletion	95
X	15651613	15651681	Deletion	68
X	15651634	15651681	Deletion	47
X	15651637	15651681	Deletion	44
X	15651647	15651681	Deletion	34
X	15657104	15651681	Deletion	5423
X	15657104	15657163	Deletion	59
X	15657104	15657187	Deletion	83
X	15657104	15657136	Deletion	32
X	15657109	15657197	Deletion	88
X	15659352	15659458	Deletion	106
X	15659408	15659458	Deletion	50
X	15659422	15659458	Deletion	36
X	15659525	15659458	Deletion	67
X	15659525	15659605	Deletion	80
X	15659525	15659619	Deletion	94
X	15662654	15662763	Deletion	109
X	15662666	15662763	Deletion	97
X	15662673	15662763	Deletion	90
X	15662675	15662763	Deletion	88
X	15662700	15662763	Deletion	63
X	15662722	15662763	Deletion	41
X	15663915	15662763	Deletion	1152
X	15663915	15664000	Deletion	85
X	15663915	15663978	Deletion	63
X	15663915	15663953	Deletion	38
X	15663915	15663951	Deletion	36
X	15670629	15670743	Deletion	114
X	15670634	15670743	Deletion	109
X	15670650	15670743	Deletion	93
X	15670651	15670743	Deletion	92
X	15671933	15670743	Deletion	1190
X	15671933	15672045	Deletion	112
X	15671933	15672030	Deletion	97
X	15671933	15671966	Deletion	33
X	15679141	15679219	Deletion	78
X	15679143	15679219	Deletion	76
X	15679148	15679219	Deletion	71
X	15679155	15679219	Deletion	64
X	15679188	15679219	Deletion	31
X	15680041	15679219	Deletion	822
X	15680041	15680103	Deletion	62
X	15680041	15680089	Deletion	48
X	15680041	15680091	Deletion	50
X	15680041	15680136	Deletion	95
X	15680041	15680148	Deletion	107
X	15685614	15685731	Deletion	117
X	15685649	15685731	Deletion	82
X	15685656	15685731	Deletion	75
X	15691322	15685731	Deletion	5591
X	15691322	15691430	Deletion	108
X	15691322	15691374	Deletion	52
X	15697486	15697596	Deletion	110
X	15697494	15697596	Deletion	102
X	15697497	15697596	Deletion	99
X	15697525	15697596	Deletion	71
X	15697540	15697596	Deletion	56
X	15697547	15697596	Deletion	49
X	15697564	15697596	Deletion	32
X	15697707	15697596	Deletion	111
X	15697707	15697801	Deletion	94
X	15697707	15697784	Deletion	77
X	15697707	15697777	Deletion	70
X	15702773	15702825	Deletion	52
X	15702781	15702825	Deletion	44
X	15718668	15702825	Deletion	15843
X	15718668	15718744	Deletion	76
X	15720369	15720477	Deletion	108
X	15720372	15720477	Deletion	105
X	15720391	15720477	Deletion	86
X	15720429	15720477	Deletion	48
X	15720437	15720477	Deletion	40
X	15720525	15720477	Deletion	48
X	15720525	15720605	Deletion	80
X	15720525	15720567	Deletion	42
X	15729281	15729337	Deletion	56
X	15729302	15729337	Deletion	35
X	15741642	15729337	Deletion	12305
X	15741642	15741755	Deletion	113
X	15741642	15741712	Deletion	70
X	15741642	15741733	Deletion	91
X	15750625	15750710	Deletion	85
X	15750633	15750710	Deletion	77
X	15750657	15750710	Deletion	53
X	15754865	15754906	Deletion	41
X	15754865	15754914	Deletion	49
X	15800861	15800963	Deletion	102
X	15800886	15800963	Deletion	77
X	15800905	15800963	Deletion	58
X	15800919	15800963	Deletion	44
X	15810029	15800963	Deletion	9066
X	15810029	15810130	Deletion	101
X	15810029	15810078	Deletion	49
X	15810029	15810111	Deletion	82
X	15810029	15810139	Deletion	110
X	15813850	15813956	Deletion	106
X	15813865	15813956	Deletion	91
X	15813874	15813956	Deletion	82
X	15813898	15813956	Deletion	58
X	15814246	15813956	Deletion	290
X	15814246	15814368	Deletion	122
X	15814246	15814281	Deletion	35
X	15814246	15814314	Deletion	68
X	15814246	15814354	Deletion	108
X	15814246	15814290	Deletion	44
X	15848645	15848746	Deletion	101
X	15848653	15848746	Deletion	93
X	15848656	15848746	Deletion	90
X	15848658	15848746	Deletion	88
X	15848674	15848746	Deletion	72
X	15848709	15848746	Deletion	37
X	15850933	15848746	Deletion	2187
X	15850933	15851047	Deletion	114
X	15850933	15850987	Deletion	54
X	15850933	15851056	Deletion	123
X	15850933	15850971	Deletion	38
X	15850933	15850969	Deletion	36
X	15850933	15851022	Deletion	89
X	15873582	15873647	Deletion	65
X	15873592	15873647	Deletion	55
X	15873610	15873647	Deletion	37
X	15874748	15873647	Deletion	1101
X	15874748	15874810	Deletion	62
X	15874748	15874856	Deletion	108
X	15874748	15874820	Deletion	72
X	15874748	15874847	Deletion	99
X	15874748	15874780	Deletion	32
X	15874749	15874838	Deletion	89
X	15874751	15874856	Deletion	105
X	15874762	15874856	Deletion	94
X	15874796	15874856	Deletion	60
X	15874806	15874856	Deletion	50
X	15880404	15874856	Deletion	5548
X	15880404	15880470	Deletion	66
X	15880404	15880523	Deletion	119
X	15880404	15880510	Deletion	106
X	15880455	15880480	Deletion	25
X	15880461	15880578	Deletion	117
X	15880494	15880578	Deletion	84
X	15880671	15880578	Deletion	93
X	15880671	15880787	Deletion	116
X	15880671	15880792	Deletion	121
X	15880671	15880785	Deletion	114
X	15881943	15882057	Deletion	114
X	15881944	15882057	Deletion	113
X	15881976	15882057	Deletion	81
X	15892255	15882057	Deletion	10198
X	15892255	15892375	Deletion	120
X	15892255	15892354	Deletion	99
X	15895107	15895189	Deletion	82
X	15895108	15895189	Deletion	81
X	15895113	15895189	Deletion	76
X	15895124	15895189	Deletion	65
X	15917127	15917228	Deletion	101
X	15917127	15917174	Deletion	47
X	15917127	15917190	Deletion	63
X	15917127	15917179	Deletion	52
X	15917617	15917722	Deletion	105
X	15917638	15917722	Deletion	84
X	15933184	15917722	Deletion	15462
X	15934006	15934052	Deletion	46
X	15935044	15935124	Deletion	80
X	15945633	15945741	Deletion	108
X	15945638	15945746	Deletion	108
X	15945660	15945746	Deletion	86
X	15945670	15945746	Deletion	76
X	15945677	15945746	Deletion	69
X	15945695	15945746	Deletion	51
X	15945706	15945746	Deletion	40
X	15950486	15945746	Deletion	4740
X	15950486	15950536	Deletion	50
X	15950486	15950588	Deletion	102
X	15950486	15950561	Deletion	75
X	15950486	15950572	Deletion	86
X	15953197	15953299	Deletion	102
X	15953202	15953299	Deletion	97
X	15953226	15953301	Deletion	75
X	15953230	15953299	Deletion	69
X	15953236	15953299	Deletion	63
X	15955437	15953299	Deletion	2138
X	15955437	15955494	Deletion	57
X	15955437	15955500	Deletion	63
X	15957261	15957345	Deletion	84
X	15957266	15957345	Deletion	79
X	15957284	15957345	Deletion	61
X	15957285	15957345	Deletion	60
X	15961139	15957345	Deletion	3794
X	15961139	15961251	Deletion	112
X	15961139	15961239	Deletion	100
X	15961139	15961181	Deletion	42
X	15961139	15961186	Deletion	47
X	15961139	15961204	Deletion	65
X	15964682	15964787	Deletion	105
X	15964687	15964787	Deletion	100
X	15964707	15964787	Deletion	80
X	15972062	15964787	Deletion	7275
X	15972062	15972108	Deletion	46
X	15972062	15972181	Deletion	119
X	15974108	15974209	Deletion	101
X	15974127	15974209	Deletion	82
X	15974137	15974209	Deletion	72
X	15974173	15974209	Deletion	36
X	15975496	15974209	Deletion	1287
X	15975496	15975586	Deletion	90
X	15975496	15975601	Deletion	105
X	15975496	15975613	Deletion	117
X	15975496	15975550	Deletion	54
X	16001557	16001662	Deletion	105
X	16001578	16001662	Deletion	84
X	16001712	16001754	Deletion	42
X	16001712	16001812	Deletion	100
X	16005822	16005926	Deletion	104
X	16005827	16005926	Deletion	99
X	16005828	16005926	Deletion	98
X	16005893	16005926	Deletion	33
X	16005894	16005926	Deletion	32
X	16006084	16005926	Deletion	158
X	16006084	16006205	Deletion	121
X	16006084	16006179	Deletion	95
X	16006084	16006200	Deletion	116
X	16008234	16008321	Deletion	87
X	16008249	16008321	Deletion	72
X	16008259	16008321	Deletion	62
X	16008272	16008321	Deletion	49
X	16018951	16019015	Deletion	64
X	16020425	16019057	Deletion	1368
X	16021007	16020479	Deletion	528
X	16034322	16034415	Deletion	93
X	16034367	16034415	Deletion	48
X	16034481	16034415	Deletion	66
X	16034481	16034597	Deletion	116
X	16043238	16043270	Deletion	32
X	16044446	16044551	Deletion	105
X	16044454	16044551	Deletion	97
X	16044456	16044551	Deletion	95
X	16044493	16044551	Deletion	58
X	16044615	16044725	Deletion	110
X	16044615	16044646	Deletion	31
X	16046040	16046134	Deletion	94
X	16047283	16047377	Deletion	94
X	16048266	16048377	Deletion	111
X	16057943	16058042	Deletion	99
X	16058117	16058167	Deletion	50
X	16058341	16058414	Deletion	73
X	16074017	16074113	Deletion	96
X	16074031	16074113	Deletion	82
X	16074070	16074113	Deletion	43
X	16074543	16074113	Deletion	430
X	16074543	16074627	Deletion	84
X	16074543	16074574	Deletion	31
X	16074543	16074588	Deletion	45
X	16074543	16074646	Deletion	103
X	16077809	16077859	Deletion	50
X	16077810	16077859	Deletion	49
X	16077919	16077859	Deletion	60
X	16077919	16077978	Deletion	59
X	16077919	16077995	Deletion	76
X	16092957	16093054	Deletion	97
X	16092965	16093054	Deletion	89
X	16092975	16093054	Deletion	79
X	16092990	16093054	Deletion	64
X	16098916	16093054	Deletion	5862
X	16098916	16099030	Deletion	114
X	16098916	16099035	Deletion	119
X	16098916	16098966	Deletion	50
X	16098916	16098948	Deletion	32
X	16098916	16098981	Deletion	65
X	16098916	16099034	Deletion	118
X	16104002	16104060	Deletion	58
X	16104012	16104060	Deletion	48
X	16117539	16104060	Deletion	13479
X	16117539	16117652	Deletion	113
X	16117539	16117659	Deletion	120
X	16117539	16117618	Deletion	79
X	16117539	16117571	Deletion	32
X	16120123	16120183	Deletion	60
X	16124136	16120183	Deletion	3953
X	16124136	16124203	Deletion	67
X	16124136	16124235	Deletion	99
X	16124136	16124254	Deletion	118
X	16151062	16151141	Deletion	79
X	16151080	16151141	Deletion	61
X	16151100	16151141	Deletion	41
X	16151104	16151141	Deletion	37
X	16152943	16151141	Deletion	1802
X	16152943	16152990	Deletion	47
X	16152943	16153008	Deletion	65
X	16152943	16152978	Deletion	35
X	16152943	16153054	Deletion	111
X	16152943	16153051	Deletion	108
X	16152943	16153028	Deletion	85
X	16157182	16157296	Deletion	114
X	16157228	16157296	Deletion	68
X	16185346	16157296	Deletion	28050
X	16185346	16185404	Deletion	58
X	16188850	16188969	Deletion	119
X	16188909	16188969	Deletion	60
X	16188910	16188969	Deletion	59
X	16188913	16188969	Deletion	56
X	16188925	16188969	Deletion	44
X	16188929	16188969	Deletion	40
X	16188938	16188969	Deletion	31
X	16192113	16188969	Deletion	3144
X	16192113	16192186	Deletion	73
X	16192113	16192183	Deletion	70
X	16192113	16192226	Deletion	113
X	16192113	16192211	Deletion	98
X	16192113	16192230	Deletion	117
X	16192113	16192202	Deletion	89
X	16199458	16199562	Deletion	104
X	16199466	16199562	Deletion	96
X	16199481	16199562	Deletion	81
X	16199496	16199562	Deletion	66
X	16208053	16199562	Deletion	8491
X	16208053	16208113	Deletion	60
X	16208053	16208098	Deletion	45
X	16208053	16208150	Deletion	97
X	16224410	16224418	Deletion	8
X	16250401	16250473	Deletion	72
X	16250409	16250473	Deletion	64
X	16250443	16250473	Deletion	30
X	16251811	16250473	Deletion	1338
X	16251811	16251907	Deletion	96
X	16251811	16251865	Deletion	54
X	16251811	16251873	Deletion	62
X	16251811	16251928	Deletion	117
X	16261844	16261930	Deletion	86
X	16261854	16261930	Deletion	76
X	16261872	16261930	Deletion	58
X	16262468	16261930	Deletion	538
X	16262468	16262507	Deletion	39
X	16262468	16262567	Deletion	99
X	16262468	16262519	Deletion	51
X	16262468	16262537	Deletion	69
X	16262509	16262509	Deletion	0
X	16262518	16262567	Deletion	49
X	16268791	16262567	Deletion	6224
X	16268791	16268859	Deletion	68
X	16276705	16276809	Deletion	104
X	16276709	16276809	Deletion	100
X	16276721	16276809	Deletion	88
X	16276731	16276809	Deletion	78
X	16276747	16276809	Deletion	62
X	16276775	16276809	Deletion	34
X	16277224	16276809	Deletion	415
X	16277224	16277316	Deletion	92
X	16277224	16277262	Deletion	38
X	16277229	16277272	Deletion	43
X	16278279	16278373	Deletion	94
X	16278298	16278373	Deletion	75
X	16278299	16278373	Deletion	74
X	16278324	16278373	Deletion	49
X	16285279	16278373	Deletion	6906
X	16285279	16285331	Deletion	52
X	16285279	16285330	Deletion	51
X	16285279	16285387	Deletion	108
X	16285279	16285356	Deletion	77
X	16291184	16291306	Deletion	122
X	16291220	16291306	Deletion	86
X	16297561	16291306	Deletion	6255
X	16297561	16297664	Deletion	103
X	16314727	16314825	Deletion	98
X	16314731	16314825	Deletion	94
X	16314747	16314825	Deletion	78
X	16314770	16314825	Deletion	55
X	16314778	16314825	Deletion	47
X	16314792	16314825	Deletion	33
X	16314942	16314825	Deletion	117
X	16314942	16315021	Deletion	79
X	16314942	16315035	Deletion	93
X	16314942	16314974	Deletion	32
X	16314942	16314990	Deletion	48
X	16320781	16320885	Deletion	104
X	16320796	16320885	Deletion	89
X	16320816	16320885	Deletion	69
X	16320840	16320885	Deletion	45
X	16334690	16320885	Deletion	13805
X	16334690	16334727	Deletion	37
X	16334690	16334771	Deletion	81
X	16334690	16334747	Deletion	57
X	16352760	16352826	Deletion	66
X	16352772	16352826	Deletion	54
X	16352774	16352826	Deletion	52
X	16352784	16352826	Deletion	42
X	16352792	16352826	Deletion	34
X	16354414	16352826	Deletion	1588
X	16354414	16354488	Deletion	74
X	16354414	16354498	Deletion	84
X	16354414	16354525	Deletion	111
X	16354414	16354486	Deletion	72
X	16354414	16354533	Deletion	119
X	16354414	16354474	Deletion	60
X	16354414	16354531	Deletion	117
X	16367697	16367810	Deletion	113
X	16371759	16371861	Deletion	102
X	16371763	16371861	Deletion	98
X	16371790	16371861	Deletion	71
X	16373984	16374039	Deletion	55
X	16378579	16378499	Deletion	80
X	16378579	16378683	Deletion	104
X	16429151	16429270	Deletion	119
X	16429188	16429270	Deletion	82
X	16429193	16429270	Deletion	77
X	16429197	16429270	Deletion	73
X	16429203	16429270	Deletion	67
X	16429212	16429270	Deletion	58
X	16429217	16429270	Deletion	53
X	16429228	16429270	Deletion	42
X	16429234	16429270	Deletion	36
X	16432729	16429270	Deletion	3459
X	16432729	16432797	Deletion	68
X	16432729	16432782	Deletion	53
X	16432729	16432813	Deletion	84
X	16432729	16432819	Deletion	90
X	16432729	16432802	Deletion	73
X	16432729	16432845	Deletion	116
X	16432729	16432778	Deletion	49
X	16432729	16432773	Deletion	44
X	16485338	16485430	Deletion	92
X	16485343	16485430	Deletion	87
X	16485360	16485430	Deletion	70
X	16489427	16485430	Deletion	3997
X	16489427	16489468	Deletion	41
X	16489427	16489463	Deletion	36
X	16493781	16493858	Deletion	77
X	16524674	16524782	Deletion	108
X	16524680	16524782	Deletion	102
X	16524681	16524782	Deletion	101
X	16526341	16524782	Deletion	1559
X	16555408	16555519	Deletion	111
X	16555409	16555519	Deletion	110
X	16555421	16555519	Deletion	98
X	16555462	16555519	Deletion	57
X	16563000	16555519	Deletion	7481
X	16563000	16563071	Deletion	71
X	16563000	16563030	Deletion	30
X	16563000	16563124	Deletion	124
X	16569481	16569566	Deletion	85
X	16569520	16569566	Deletion	46
X	16569523	16569566	Deletion	43
X	16575060	16569566	Deletion	5494
X	16575060	16575140	Deletion	80
X	16575060	16575143	Deletion	83
X	16579025	16579101	Deletion	76
X	16579033	16579101	Deletion	68
X	16579059	16579101	Deletion	42
X	16579068	16579101	Deletion	33
X	16580759	16579101	Deletion	1658
X	16580759	16580810	Deletion	51
X	16580759	16580844	Deletion	85
X	16580759	16580818	Deletion	59
X	16580759	16580853	Deletion	94
X	16580759	16580862	Deletion	103
X	16586600	16583336	Deletion	3264
X	16586600	16586681	Deletion	81
X	16631563	16631621	Deletion	58
X	16631584	16631621	Deletion	37
X	16632019	16631621	Deletion	398
X	16632019	16632062	Deletion	43
X	16632019	16632131	Deletion	112
X	16632019	16632108	Deletion	89
X	16632019	16632122	Deletion	103
X	16641070	16641171	Deletion	101
X	16641103	16641171	Deletion	68
X	16641120	16641171	Deletion	51
X	16641129	16641171	Deletion	42
X	16642264	16641171	Deletion	1093
X	16642264	16642339	Deletion	75
X	16642264	16642322	Deletion	58
X	16649375	16649434	Deletion	59
X	16649377	16649434	Deletion	57
X	16652251	16649434	Deletion	2817
X	16652251	16652351	Deletion	100
X	16652251	16652320	Deletion	69
X	16652813	16652893	Deletion	80
X	16652950	16652893	Deletion	57
X	16652950	16652996	Deletion	46
X	16652950	16653068	Deletion	118
X	16657274	16657368	Deletion	94
X	16657278	16657368	Deletion	90
X	16657313	16657368	Deletion	55
X	16658030	16657368	Deletion	662
X	16658030	16658102	Deletion	72
X	16658030	16658140	Deletion	110
X	16658030	16658154	Deletion	124
X	16658030	16658067	Deletion	37
X	16662864	16662974	Deletion	110
X	16662888	16662974	Deletion	86
X	16662912	16662974	Deletion	62
X	16662915	16662974	Deletion	59
X	16662921	16662974	Deletion	53
X	16662931	16662974	Deletion	43
X	16670945	16662974	Deletion	7971
X	16670945	16671028	Deletion	83
X	16670945	16670985	Deletion	40
X	16670945	16671012	Deletion	67
X	16670945	16671018	Deletion	73
X	16684652	16684748	Deletion	96
X	16684701	16684748	Deletion	47
X	16686476	16684748	Deletion	1728
X	16686476	16686508	Deletion	32
X	16686476	16686575	Deletion	99
X	16687447	16687555	Deletion	108
X	16687464	16687555	Deletion	91
X	16687496	16687555	Deletion	59
X	16687506	16687555	Deletion	49
X	16687949	16687555	Deletion	394
X	16687949	16687985	Deletion	36
X	16687949	16688027	Deletion	78
X	16693885	16693998	Deletion	113
X	16693895	16693998	Deletion	103
X	16693939	16693998	Deletion	59
X	16694697	16693998	Deletion	699
X	16694697	16694765	Deletion	68
X	16696679	16696753	Deletion	74
X	16696723	16696753	Deletion	30
X	16710409	16696753	Deletion	13656
X	16710409	16710461	Deletion	52
X	16710409	16710505	Deletion	96
X	16714120	16714191	Deletion	71
X	16714121	16714191	Deletion	70
X	16714138	16714191	Deletion	53
X	16722325	16714191	Deletion	8134
X	16722325	16722436	Deletion	111
X	16722325	16722381	Deletion	56
X	16722325	16722360	Deletion	35
X	16753718	16753838	Deletion	120
X	16753719	16753838	Deletion	119
X	16753720	16753838	Deletion	118
X	16769166	16769267	Deletion	101
X	16769210	16769267	Deletion	57
X	16769224	16769267	Deletion	43
X	16777035	16769267	Deletion	7768
X	16777035	16777118	Deletion	83
X	16777035	16777104	Deletion	69
X	16784067	16784113	Deletion	46
X	16784651	16784113	Deletion	538
X	16784651	16784732	Deletion	81
X	16788560	16788510	Deletion	50
X	16788560	16788684	Deletion	124
X	16788560	16788591	Deletion	31
X	16788560	16788671	Deletion	111
X	16790458	16790578	Deletion	120
X	16790458	16790574	Deletion	116
X	16790458	16790569	Deletion	111
X	16795986	16796082	Deletion	96
X	16795989	16796082	Deletion	93
X	16795997	16796082	Deletion	85
X	16796014	16796082	Deletion	68
X	16796025	16796082	Deletion	57
X	16796044	16796082	Deletion	38
X	16801123	16796082	Deletion	5041
X	16801123	16801192	Deletion	69
X	16801123	16801153	Deletion	30
X	16801123	16801211	Deletion	88
X	16801123	16801156	Deletion	33
X	16801123	16801181	Deletion	58
X	16814185	16814255	Deletion	70
X	16814201	16814255	Deletion	54
X	16814210	16814255	Deletion	45
X	16814224	16814255	Deletion	31
X	16825694	16814255	Deletion	11439
X	16825694	16825734	Deletion	40
X	16825694	16825790	Deletion	96
X	16825694	16825776	Deletion	82
X	16825694	16825767	Deletion	73
X	16839090	16839203	Deletion	113
X	16840546	16840653	Deletion	107
X	16840554	16840653	Deletion	99
X	16840568	16840653	Deletion	85
X	16843500	16840653	Deletion	2847
X	16843500	16843541	Deletion	41
X	16867964	16868036	Deletion	72
X	16867968	16868036	Deletion	68
X	16867990	16868036	Deletion	46
X	16867999	16868036	Deletion	37
X	16871847	16868036	Deletion	3811
X	16871847	16871962	Deletion	115
X	16871847	16871936	Deletion	89
X	16871847	16871927	Deletion	80
X	16871847	16871905	Deletion	58
X	16871847	16871888	Deletion	41
X	16880383	16880487	Deletion	104
X	16880385	16880487	Deletion	102
X	16880390	16880487	Deletion	97
X	16880399	16880487	Deletion	88
X	16880404	16880487	Deletion	83
X	16880409	16880487	Deletion	78
X	16887971	16880487	Deletion	7484
X	16887971	16888012	Deletion	41
X	16887971	16888017	Deletion	46
X	16887971	16888003	Deletion	32
X	16891028	16891099	Deletion	71
X	16891036	16891099	Deletion	63
X	16891049	16891099	Deletion	50
X	16891065	16891099	Deletion	34
X	16896286	16891101	Deletion	5185
X	16896286	16896351	Deletion	65
X	16896286	16896364	Deletion	78
X	16896289	16896391	Deletion	102
X	16948905	16949003	Deletion	98
X	16948915	16949003	Deletion	88
X	16948928	16949003	Deletion	75
X	16948962	16949003	Deletion	41
X	16960460	16949003	Deletion	11457
X	16960460	16960512	Deletion	52
X	16960460	16960576	Deletion	116
X	16960460	16960499	Deletion	39
X	16960460	16960546	Deletion	86
X	16965214	16965322	Deletion	108
X	16965220	16965322	Deletion	102
X	16965226	16965322	Deletion	96
X	16965240	16965322	Deletion	82
X	16965264	16965322	Deletion	58
X	16965281	16965322	Deletion	41
X	16965290	16965322	Deletion	32
X	16967262	16965322	Deletion	1940
X	16967262	16967292	Deletion	30
X	16967262	16967306	Deletion	44
X	16967262	16967356	Deletion	94
X	16967262	16967330	Deletion	68
X	16967262	16967347	Deletion	85
X	16967262	16967363	Deletion	101
X	16972650	16972724	Deletion	74
X	16972651	16972724	Deletion	73
X	16972652	16972724	Deletion	72
X	16972669	16972724	Deletion	55
X	16972673	16972724	Deletion	51
X	16972675	16972724	Deletion	49
X	16972685	16972724	Deletion	39
X	16990055	16972724	Deletion	17331
X	16990055	16990143	Deletion	88
X	16990055	16990127	Deletion	72
X	16990055	16990108	Deletion	53
X	16990055	16990090	Deletion	35
X	16990055	16990133	Deletion	78
X	16990055	16990131	Deletion	76
X	16990055	16990109	Deletion	54
X	17018503	17018589	Deletion	86
X	17018516	17018589	Deletion	73
X	17018524	17018589	Deletion	65
X	17018526	17018589	Deletion	63
X	17018528	17018589	Deletion	61
X	17018544	17018589	Deletion	45
X	17019536	17018589	Deletion	947
X	17019536	17019589	Deletion	53
X	17019536	17019599	Deletion	63
X	17019536	17019597	Deletion	61
X	17019536	17019617	Deletion	81
X	17019536	17019573	Deletion	37
X	17019536	17019648	Deletion	112
X	17019536	17019576	Deletion	40
X	17023649	17023744	Deletion	95
X	17023651	17023744	Deletion	93
X	17023663	17023744	Deletion	81
X	17023668	17023744	Deletion	76
X	17023669	17023744	Deletion	75
X	17024247	17023744	Deletion	503
X	17024247	17024292	Deletion	45
X	17024247	17024297	Deletion	50
X	17024247	17024298	Deletion	51
X	17028544	17027066	Deletion	1478
X	17029311	17029366	Deletion	55
X	17029332	17029366	Deletion	34
X	17037098	17029366	Deletion	7732
X	17037098	17037171	Deletion	73
X	17037098	17037192	Deletion	94
X	17046270	17046361	Deletion	91
X	17046282	17046361	Deletion	79
X	17046600	17046361	Deletion	239
X	17046600	17046647	Deletion	47
X	17059791	17059894	Deletion	103
X	17059826	17059894	Deletion	68
X	17059844	17059894	Deletion	50
X	17063340	17059894	Deletion	3446
X	17063340	17063416	Deletion	76
X	17063340	17063398	Deletion	58
X	17066812	17066917	Deletion	105
X	17066833	17066917	Deletion	84
X	17066857	17066917	Deletion	60
X	17066865	17066917	Deletion	52
X	17066869	17066917	Deletion	48
X	17066870	17066917	Deletion	47
X	17074255	17066917	Deletion	7338
X	17074255	17074321	Deletion	66
X	17074255	17074333	Deletion	78
X	17074255	17074364	Deletion	109
X	17074255	17074297	Deletion	42
X	17074255	17074329	Deletion	74
X	17095082	17095177	Deletion	95
X	17095098	17095177	Deletion	79
X	17095238	17095177	Deletion	61
X	17095238	17095286	Deletion	48
X	17095238	17095361	Deletion	123
X	17095238	17095270	Deletion	32
X	17138560	17138657	Deletion	97
X	17138597	17138657	Deletion	60
X	17138603	17138657	Deletion	54
X	17138611	17138657	Deletion	46
X	17139075	17138657	Deletion	418
X	17139075	17139155	Deletion	80
X	17139075	17139182	Deletion	107
X	17139075	17139141	Deletion	66
X	17147147	17147264	Deletion	117
X	17147149	17147264	Deletion	115
X	17147169	17147264	Deletion	95
X	17147182	17147264	Deletion	82
X	17147214	17147264	Deletion	50
X	17147353	17147264	Deletion	89
X	17147353	17147385	Deletion	32
X	17147353	17147398	Deletion	45
X	17147353	17147430	Deletion	77
X	17150879	17150979	Deletion	100
X	17150887	17150984	Deletion	97
X	17150901	17150984	Deletion	83
X	17150910	17150984	Deletion	74
X	17150953	17150984	Deletion	31
X	17154898	17150984	Deletion	3914
X	17154898	17155003	Deletion	105
X	17154898	17154941	Deletion	43
X	17154898	17154993	Deletion	95
X	17158280	17158374	Deletion	94
X	17158293	17158374	Deletion	81
X	17158303	17158374	Deletion	71
X	17158324	17158374	Deletion	50
X	17158343	17158374	Deletion	31
X	17159905	17158374	Deletion	1531
X	17159905	17160000	Deletion	95
X	17159905	17159937	Deletion	32
X	17159905	17159960	Deletion	55
X	17159905	17159981	Deletion	76
X	17180976	17181073	Deletion	97
X	17180999	17181073	Deletion	74
X	17181034	17181073	Deletion	39
X	17216148	17216255	Deletion	107
X	17216153	17216255	Deletion	102
X	17216178	17216255	Deletion	77
X	17216180	17216255	Deletion	75
X	17216973	17216255	Deletion	718
X	17216973	17217022	Deletion	49
X	17219562	17219650	Deletion	88
X	17219570	17219650	Deletion	80
X	17219574	17219650	Deletion	76
X	17219576	17219650	Deletion	74
X	17219589	17219650	Deletion	61
X	17235397	17219651	Deletion	15746
X	17235397	17235504	Deletion	107
X	17235397	17235520	Deletion	123
X	17235397	17235444	Deletion	47
X	17235397	17235518	Deletion	121
X	17235397	17235450	Deletion	53
X	17235397	17235436	Deletion	39
X	17235397	17235448	Deletion	51
X	17235399	17235515	Deletion	116
X	17247654	17247715	Deletion	61
X	17247668	17247715	Deletion	47
X	17247812	17247715	Deletion	97
X	17247812	17247913	Deletion	101
X	17247812	17247893	Deletion	81
X	17257716	17257787	Deletion	71
X	17257735	17257787	Deletion	52
X	17258357	17257787	Deletion	570
X	17258357	17258480	Deletion	123
X	17258357	17258473	Deletion	116
X	17258357	17258432	Deletion	75
X	17279208	17279306	Deletion	98
X	17279217	17279306	Deletion	89
X	17279222	17279306	Deletion	84
X	17279223	17279306	Deletion	83
X	17279243	17279306	Deletion	63
X	17279248	17279306	Deletion	58
X	17280391	17279306	Deletion	1085
X	17280391	17280514	Deletion	123
X	17280391	17280510	Deletion	119
X	17280391	17280428	Deletion	37
X	17280391	17280459	Deletion	68
X	17280391	17280504	Deletion	113
X	17280391	17280498	Deletion	107
X	17280391	17280500	Deletion	109
X	17280391	17280434	Deletion	43
X	17288637	17288721	Deletion	84
X	17288647	17288721	Deletion	74
X	17288679	17288721	Deletion	42
X	17288689	17288721	Deletion	32
X	17288855	17288721	Deletion	134
X	17288855	17288892	Deletion	37
X	17288855	17288957	Deletion	102
X	17288855	17288976	Deletion	121
X	17288855	17288950	Deletion	95
X	17288855	17288898	Deletion	43
X	17288855	17288978	Deletion	123
X	17288855	17288940	Deletion	85
X	17288855	17288974	Deletion	119
X	17301524	17301624	Deletion	100
X	17301537	17301623	Deletion	86
X	17301550	17301624	Deletion	74
X	17301551	17301624	Deletion	73
X	17301572	17301624	Deletion	52
X	17301574	17301624	Deletion	50
X	17301586	17301624	Deletion	38
X	17301954	17301624	Deletion	330
X	17301954	17302028	Deletion	74
X	17301954	17302006	Deletion	52
X	17301954	17302061	Deletion	107
X	17301954	17302007	Deletion	53
X	17301954	17302057	Deletion	103
X	17301954	17302030	Deletion	76
X	17301954	17302042	Deletion	88
X	17301954	17302055	Deletion	101
X	17307713	17307804	Deletion	91
X	17307729	17307804	Deletion	75
X	17307740	17307804	Deletion	64
X	17309236	17307804	Deletion	1432
X	17309236	17309287	Deletion	51
X	17309236	17309298	Deletion	62
X	17354629	17354725	Deletion	96
X	17354642	17354725	Deletion	83
X	17354675	17354725	Deletion	50
X	17354692	17354725	Deletion	33
X	17363706	17354725	Deletion	8981
X	17363706	17363782	Deletion	76
X	17363706	17363736	Deletion	30
X	17363706	17363799	Deletion	93
X	17363706	17363749	Deletion	43
X	17371817	17371881	Deletion	64
X	17371819	17371881	Deletion	62
X	17371827	17371881	Deletion	54
X	17371832	17371881	Deletion	49
X	17372502	17371881	Deletion	621
X	17372502	17372558	Deletion	56
X	17372502	17372579	Deletion	77
X	17372502	17372603	Deletion	101
X	17372502	17372574	Deletion	72
X	17372502	17372566	Deletion	64
X	17375297	17375381	Deletion	84
X	17375327	17375381	Deletion	54
X	17375330	17375381	Deletion	51
X	17415688	17375381	Deletion	40307
X	17415688	17415760	Deletion	72
X	17415688	17415730	Deletion	42
X	17420027	17420129	Deletion	102
X	17420045	17420129	Deletion	84
X	17420066	17420129	Deletion	63
X	17420083	17420129	Deletion	46
X	17420086	17420129	Deletion	43
X	17420092	17420129	Deletion	37
X	17431434	17420129	Deletion	11305
X	17438714	17431498	Deletion	7216
X	17438714	17438794	Deletion	80
X	17438714	17438756	Deletion	42
X	17438714	17438797	Deletion	83
X	17438714	17438777	Deletion	63
X	17438714	17438803	Deletion	89
X	17453049	17453132	Deletion	83
X	17453062	17453132	Deletion	70
X	17453073	17453132	Deletion	59
X	17453091	17453132	Deletion	41
X	17467859	17453132	Deletion	14727
X	17467859	17467902	Deletion	43
X	17467859	17467926	Deletion	67
X	17467859	17467963	Deletion	104
X	17467859	17467915	Deletion	56
X	17472045	17472131	Deletion	86
X	17472099	17472131	Deletion	32
X	17472181	17472131	Deletion	50
X	17472181	17472222	Deletion	41
X	17472181	17472276	Deletion	95
X	17491778	17491859	Deletion	81
X	17499529	17491859	Deletion	7670
X	17519061	17519173	Deletion	112
X	17519072	17519173	Deletion	101
X	17519076	17519173	Deletion	97
X	17519097	17519173	Deletion	76
X	17522248	17519173	Deletion	3075
X	17522248	17522357	Deletion	109
X	17539636	17539717	Deletion	81
X	17539665	17539717	Deletion	52
X	17539668	17539717	Deletion	49
X	17539781	17539717	Deletion	64
X	17539781	17539856	Deletion	75
X	17539781	17539827	Deletion	46
X	17539781	17539859	Deletion	78
X	17539781	17539897	Deletion	116
X	17539781	17539812	Deletion	31
X	17559766	17559872	Deletion	106
X	17559782	17559872	Deletion	90
X	17559827	17559872	Deletion	45
X	17559839	17559872	Deletion	33
X	17563008	17563045	Deletion	37
X	17563008	17563090	Deletion	82
X	17584730	17584845	Deletion	115
X	17584732	17584845	Deletion	113
X	17584761	17584845	Deletion	84
X	17584765	17584845	Deletion	80
X	17586218	17584845	Deletion	1373
X	17586218	17586265	Deletion	47
X	17586218	17586339	Deletion	121
X	17586218	17586337	Deletion	119
X	17586218	17586320	Deletion	102
X	17586218	17586261	Deletion	43
X	17589787	17589720	Deletion	67
X	17589787	17589893	Deletion	106
X	17589787	17589841	Deletion	54
X	17636003	17636096	Deletion	93
X	17636015	17636096	Deletion	81
X	17645201	17636096	Deletion	9105
X	17645201	17645232	Deletion	31
X	17645201	17645315	Deletion	114
X	17645201	17645247	Deletion	46
X	17645201	17645308	Deletion	107
X	17664870	17664984	Deletion	114
X	17664877	17664984	Deletion	107
X	17664884	17664984	Deletion	100
X	17664902	17664984	Deletion	82
X	17664923	17664984	Deletion	61
X	17664932	17664984	Deletion	52
X	17665060	17664984	Deletion	76
X	17665060	17665182	Deletion	122
X	17665060	17665134	Deletion	74
X	17665060	17665167	Deletion	107
X	17665060	17665104	Deletion	44
X	17678791	17678909	Deletion	118
X	17678802	17678909	Deletion	107
X	17678859	17678904	Deletion	45
X	17678876	17678909	Deletion	33
X	17678877	17678909	Deletion	32
X	17679061	17678909	Deletion	152
X	17679061	17679160	Deletion	99
X	17679061	17679182	Deletion	121
X	17679061	17679159	Deletion	98
X	17687396	17687460	Deletion	64
X	17687424	17687460	Deletion	36
X	17687430	17687460	Deletion	30
X	17687562	17687460	Deletion	102
X	17687562	17687652	Deletion	90
X	17687562	17687658	Deletion	96
X	17687562	17687624	Deletion	62
X	17687562	17687618	Deletion	56
X	17707210	17707323	Deletion	113
X	17707228	17707323	Deletion	95
X	17707237	17707323	Deletion	86
X	17707261	17707323	Deletion	62
X	17707270	17707323	Deletion	53
X	17707284	17707323	Deletion	39
X	17707290	17707323	Deletion	33
X	17708907	17707323	Deletion	1584
X	17708907	17709001	Deletion	94
X	17708907	17708995	Deletion	88
X	17708907	17708939	Deletion	32
X	17708907	17708972	Deletion	65
X	17708907	17709017	Deletion	110
X	17708907	17708981	Deletion	74
X	17708907	17709023	Deletion	116
X	17712454	17712518	Deletion	64
X	17712467	17712518	Deletion	51
X	17712480	17712518	Deletion	38
X	17713284	17712518	Deletion	766
X	17713284	17713400	Deletion	116
X	17713284	17713405	Deletion	121
X	17713284	17713372	Deletion	88
X	17713284	17713359	Deletion	75
X	17719252	17719349	Deletion	97
X	17719259	17719349	Deletion	90
X	17719267	17719349	Deletion	82
X	17719278	17719349	Deletion	71
X	17719283	17719349	Deletion	66
X	17721064	17719349	Deletion	1715
X	17721064	17721094	Deletion	30
X	17721064	17721179	Deletion	115
X	17721064	17721120	Deletion	56
X	17721064	17721109	Deletion	45
X	17721064	17721101	Deletion	37
X	17744012	17744057	Deletion	45
X	17744016	17744057	Deletion	41
X	17744107	17744057	Deletion	50
X	17744107	17744217	Deletion	110
X	17744107	17744208	Deletion	101
X	17744107	17744215	Deletion	108
X	17744107	17744188	Deletion	81
X	17744177	17744192	Deletion	15
X	17744183	17744297	Deletion	114
X	17744189	17744297	Deletion	108
X	17744227	17744297	Deletion	70
X	17744255	17744297	Deletion	42
X	17744263	17744297	Deletion	34
X	17744265	17744297	Deletion	32
X	17746551	17744297	Deletion	2254
X	17746551	17746607	Deletion	56
X	17746551	17746643	Deletion	92
X	17746551	17746645	Deletion	94
X	17756158	17756273	Deletion	115
X	17756171	17756273	Deletion	102
X	17756218	17756273	Deletion	55
X	17756468	17756273	Deletion	195
X	17756468	17756539	Deletion	71
X	17756468	17756565	Deletion	97
X	17764954	17765043	Deletion	89
X	17765008	17765043	Deletion	35
X	17779528	17765043	Deletion	14485
X	17779528	17779629	Deletion	101
X	17779528	17779567	Deletion	39
X	17779528	17779565	Deletion	37
X	17779528	17779644	Deletion	116
X	17781394	17781501	Deletion	107
X	17781398	17781501	Deletion	103
X	17781417	17781501	Deletion	84
X	17781426	17781501	Deletion	75
X	17781439	17781501	Deletion	62
X	17781451	17781501	Deletion	50
X	17781466	17781501	Deletion	35
X	17788196	17781501	Deletion	6695
X	17788196	17788287	Deletion	91
X	17788196	17788272	Deletion	76
X	17788196	17788306	Deletion	110
X	17788196	17788238	Deletion	42
X	17788196	17788305	Deletion	109
X	17788196	17788247	Deletion	51
X	17793121	17793214	Deletion	93
X	17802988	17796179	Deletion	6809
X	17802988	17803107	Deletion	119
X	17802988	17803022	Deletion	34
X	17802988	17803043	Deletion	55
X	17817854	17817946	Deletion	92
X	17817895	17817946	Deletion	51
X	17820303	17817946	Deletion	2357
X	17820303	17820411	Deletion	108
X	17820303	17820379	Deletion	76
X	17831799	17831879	Deletion	80
X	17831808	17831879	Deletion	71
X	17831842	17831879	Deletion	37
X	17832002	17831879	Deletion	123
X	17832002	17832092	Deletion	90
X	17832002	17832058	Deletion	56
X	17832002	17832120	Deletion	118
X	17832002	17832049	Deletion	47
X	17832002	17832109	Deletion	107
X	17832002	17832107	Deletion	105
X	17837656	17837755	Deletion	99
X	17837685	17837755	Deletion	70
X	17837689	17837755	Deletion	66
X	17837692	17837755	Deletion	63
X	17837710	17837755	Deletion	45
X	17840879	17837756	Deletion	3123
X	17840879	17840941	Deletion	62
X	17840879	17840944	Deletion	65
X	17840879	17840989	Deletion	110
X	17840882	17840937	Deletion	55
X	17848517	17848579	Deletion	62
X	17849565	17848579	Deletion	986
X	17849565	17849631	Deletion	66
X	17879398	17879499	Deletion	101
X	17879400	17879499	Deletion	99
X	17879401	17879499	Deletion	98
X	17879402	17879499	Deletion	97
X	17879430	17879499	Deletion	69
X	17879455	17879499	Deletion	44
X	17879465	17879499	Deletion	34
X	17880122	17880239	Deletion	117
X	17880122	17880231	Deletion	109
X	17880122	17880204	Deletion	82
X	17880122	17880179	Deletion	57
X	17898626	17898722	Deletion	96
X	17904940	17905040	Deletion	100
X	17904957	17905040	Deletion	83
X	17906907	17905991	Deletion	916
X	17906907	17907030	Deletion	123
X	17906907	17907031	Deletion	124
X	17906907	17906951	Deletion	44
X	17913762	17913860	Deletion	98
X	17913800	17913860	Deletion	60
X	17918916	17913860	Deletion	5056
X	17918916	17918984	Deletion	68
X	17918916	17919023	Deletion	107
X	17923737	17923842	Deletion	105
X	17923741	17923842	Deletion	101
X	17923743	17923842	Deletion	99
X	17923747	17923842	Deletion	95
X	17923785	17923842	Deletion	57
X	17923788	17923842	Deletion	54
X	17923811	17923842	Deletion	31
X	17924178	17923842	Deletion	336
X	17924178	17924286	Deletion	108
X	17924178	17924289	Deletion	111
X	17924178	17924273	Deletion	95
X	17924178	17924209	Deletion	31
X	17924178	17924250	Deletion	72
X	17924178	17924282	Deletion	104
X	17924178	17924247	Deletion	69
X	17934682	17934741	Deletion	59
X	17935884	17934741	Deletion	1143
X	17935884	17935987	Deletion	103
X	17935884	17935951	Deletion	67
X	17943191	17943298	Deletion	107
X	17943489	17943298	Deletion	191
X	17949883	17949954	Deletion	71
X	17949885	17949954	Deletion	69
X	17950815	17949954	Deletion	861
X	17950815	17950874	Deletion	59
X	17970309	17969583	Deletion	726
X	17986001	17986114	Deletion	113
X	17986010	17986114	Deletion	104
X	17993171	17993270	Deletion	99
X	17993176	17993270	Deletion	94
X	17993211	17993270	Deletion	59
X	17993234	17993270	Deletion	36
X	17997889	17993270	Deletion	4619
X	17997889	17998006	Deletion	117
X	17997889	17998002	Deletion	113
X	17997889	17997922	Deletion	33
X	17997889	17998005	Deletion	116
X	17997889	17997957	Deletion	68
X	17997889	17997993	Deletion	104
X	18011183	18011280	Deletion	97
X	18018967	18011280	Deletion	7687
X	18018967	18019083	Deletion	116
X	18026644	18026738	Deletion	94
X	18026690	18026738	Deletion	48
X	18026691	18026738	Deletion	47
X	18026787	18026738	Deletion	49
X	18026787	18026866	Deletion	79
X	18026787	18026907	Deletion	120
X	18026787	18026820	Deletion	33
X	18026787	18026908	Deletion	121
X	18032962	18033068	Deletion	106
X	18032964	18033068	Deletion	104
X	18032975	18033068	Deletion	93
X	18033000	18033068	Deletion	68
X	18033009	18033068	Deletion	59
X	18033792	18033851	Deletion	59
X	18033792	18033913	Deletion	121
X	18033792	18033900	Deletion	108
X	18033792	18033860	Deletion	68
X	18037363	18037460	Deletion	97
X	18037394	18037460	Deletion	66
X	18037423	18037460	Deletion	37
X	18037425	18037460	Deletion	35
X	18037426	18037460	Deletion	34
X	18042909	18037460	Deletion	5449
X	18042909	18042998	Deletion	89
X	18042909	18043028	Deletion	119
X	18042909	18043018	Deletion	109
X	18042909	18042969	Deletion	60
X	18042909	18043000	Deletion	91
X	18059853	18059900	Deletion	47
X	18061999	18059900	Deletion	2099
X	18061999	18062078	Deletion	79
X	18066697	18066767	Deletion	70
X	18066718	18066767	Deletion	49
X	18066927	18066767	Deletion	160
X	18066927	18066957	Deletion	30
X	18066927	18066983	Deletion	56
X	18066927	18067031	Deletion	104
X	18074782	18074897	Deletion	115
X	18074786	18074897	Deletion	111
X	18074794	18074897	Deletion	103
X	18074797	18074897	Deletion	100
X	18074801	18074897	Deletion	96
X	18074947	18074977	Deletion	30
X	18074947	18075061	Deletion	114
X	18074947	18075048	Deletion	101
X	18094886	18095000	Deletion	114
X	18094941	18095000	Deletion	59
X	18096013	18095000	Deletion	1013
X	18096013	18096080	Deletion	67
X	18096013	18096137	Deletion	124
X	18096013	18096122	Deletion	109
X	18096013	18096116	Deletion	103
X	18096013	18096134	Deletion	121
X	18099692	18099755	Deletion	63
X	18100513	18099755	Deletion	758
X	18100513	18100574	Deletion	61
X	18100513	18100576	Deletion	63
X	18100513	18100632	Deletion	119
X	18100513	18100620	Deletion	107
X	18100513	18100616	Deletion	103
X	18117276	18117366	Deletion	90
X	18117300	18117366	Deletion	66
X	18117310	18117366	Deletion	56
X	18117327	18117366	Deletion	39
X	18135404	18117366	Deletion	18038
X	18135404	18135493	Deletion	89
X	18135404	18135466	Deletion	62
X	18135404	18135510	Deletion	106
X	18147956	18148033	Deletion	77
X	18147961	18148033	Deletion	72
X	18147969	18148033	Deletion	64
X	18147991	18148033	Deletion	42
X	18148532	18148033	Deletion	499
X	18148532	18148582	Deletion	50
X	18148532	18148635	Deletion	103
X	18148532	18148617	Deletion	85
X	18148532	18148595	Deletion	63
X	18148532	18148587	Deletion	55
X	18159217	18159280	Deletion	63
X	18159246	18159280	Deletion	34
X	18159353	18159280	Deletion	73
X	18159353	18159416	Deletion	63
X	18164762	18164864	Deletion	102
X	18164812	18164864	Deletion	52
X	18164814	18164864	Deletion	50
X	18164954	18164864	Deletion	90
X	18164954	18165030	Deletion	76
X	18164954	18165077	Deletion	123
X	18181760	18181866	Deletion	106
X	18181788	18181863	Deletion	75
X	18183029	18181866	Deletion	1163
X	18183029	18183077	Deletion	48
X	18190371	18190466	Deletion	95
X	18190536	18190466	Deletion	70
X	18190536	18190653	Deletion	117
X	18191152	18191237	Deletion	85
X	18191156	18191237	Deletion	81
X	18191190	18191237	Deletion	47
X	18191191	18191237	Deletion	46
X	18202097	18191237	Deletion	10860
X	18202097	18202177	Deletion	80
X	18202097	18202139	Deletion	42
X	18202097	18202143	Deletion	46
X	18202097	18202178	Deletion	81
X	18210513	18210577	Deletion	64
X	18218197	18210577	Deletion	7620
X	18218197	18218305	Deletion	108
X	18218197	18218258	Deletion	61
X	18218197	18218316	Deletion	119
X	18218197	18218260	Deletion	63
X	18220890	18220977	Deletion	87
X	18220901	18220977	Deletion	76
X	18220918	18220977	Deletion	59
X	18220922	18220977	Deletion	55
X	18220934	18220977	Deletion	43
X	18220943	18220977	Deletion	34
X	18227666	18220977	Deletion	6689
X	18227666	18227737	Deletion	71
X	18227666	18227705	Deletion	39
X	18227666	18227758	Deletion	92
X	18227666	18227778	Deletion	112
X	18227666	18227749	Deletion	83
X	18227666	18227767	Deletion	101
X	18227666	18227733	Deletion	67
X	18227666	18227703	Deletion	37
X	18261395	18261450	Deletion	55
X	18261411	18261450	Deletion	39
X	18275601	18261450	Deletion	14151
X	18275601	18275659	Deletion	58
X	18275601	18275672	Deletion	71
X	18310730	18310817	Deletion	87
X	18310731	18310817	Deletion	86
X	18310741	18310817	Deletion	76
X	18310767	18310817	Deletion	50
X	18310768	18310817	Deletion	49
X	18310782	18310817	Deletion	35
X	18316132	18310817	Deletion	5315
X	18316132	18316223	Deletion	91
X	18316132	18316172	Deletion	40
X	18316132	18316182	Deletion	50
X	18316132	18316209	Deletion	77
X	18320132	18320176	Deletion	44
X	18320139	18320176	Deletion	37
X	18320140	18320176	Deletion	36
X	18320145	18320176	Deletion	31
X	18323934	18320176	Deletion	3758
X	18323934	18324024	Deletion	90
X	18323934	18324016	Deletion	82
X	18323934	18323965	Deletion	31
X	18323934	18324051	Deletion	117
X	18323934	18324029	Deletion	95
X	18324941	18325040	Deletion	99
X	18324976	18325040	Deletion	64
X	18325754	18325040	Deletion	714
X	18336577	18336695	Deletion	118
X	18336588	18336695	Deletion	107
X	18336596	18336695	Deletion	99
X	18336641	18336695	Deletion	54
X	18336642	18336692	Deletion	50
X	18336646	18336695	Deletion	49
X	18336664	18336695	Deletion	31
X	18344820	18336695	Deletion	8125
X	18344820	18344918	Deletion	98
X	18344820	18344919	Deletion	99
X	18344820	18344892	Deletion	72
X	18344820	18344893	Deletion	73
X	18344820	18344943	Deletion	123
X	18344820	18344897	Deletion	77
X	18348790	18348894	Deletion	104
X	18348798	18348894	Deletion	96
X	18348818	18348894	Deletion	76
X	18348836	18348894	Deletion	58
X	18348851	18348894	Deletion	43
X	18348857	18348894	Deletion	37
X	18361456	18348894	Deletion	12562
X	18361456	18361486	Deletion	30
X	18361456	18361545	Deletion	89
X	18361456	18361506	Deletion	50
X	18361456	18361524	Deletion	68
X	18367006	18367051	Deletion	45
X	18367012	18367051	Deletion	39
X	18367116	18367051	Deletion	65
X	18367116	18367197	Deletion	81
X	18367116	18367160	Deletion	44
X	18367116	18367233	Deletion	117
X	18367116	18367203	Deletion	87
X	18373175	18373227	Deletion	52
X	18373648	18373227	Deletion	421
X	18373648	18373724	Deletion	76
X	18373648	18373752	Deletion	104
X	18374202	18374290	Deletion	88
X	18374203	18374290	Deletion	87
X	18374206	18374290	Deletion	84
X	18374210	18374290	Deletion	80
X	18374214	18374290	Deletion	76
X	18374221	18374290	Deletion	69
X	18374231	18374290	Deletion	59
X	18374249	18374290	Deletion	41
X	18374258	18374290	Deletion	32
X	18374259	18374290	Deletion	31
X	18383160	18374290	Deletion	8870
X	18383160	18383254	Deletion	94
X	18383160	18383199	Deletion	39
X	18383160	18383245	Deletion	85
X	18383160	18383266	Deletion	106
X	18383160	18383259	Deletion	99
X	18383160	18383217	Deletion	57
X	18383160	18383227	Deletion	67
X	18383160	18383255	Deletion	95
X	18383160	18383202	Deletion	42
X	18383160	18383206	Deletion	46
X	18383160	18383198	Deletion	38
X	18386287	18386367	Deletion	80
X	18386326	18386367	Deletion	41
X	18386328	18386367	Deletion	39
X	18386725	18386367	Deletion	358
X	18386725	18386774	Deletion	49
X	18386725	18386813	Deletion	88
X	18386727	18386815	Deletion	88
X	18415469	18415586	Deletion	117
X	18415486	18415586	Deletion	100
X	18415490	18415586	Deletion	96
X	18415498	18415586	Deletion	88
X	18415543	18415586	Deletion	43
X	18415756	18415586	Deletion	170
X	18415756	18415786	Deletion	30
X	18415756	18415794	Deletion	38
X	18432550	18432598	Deletion	48
X	18440508	18440579	Deletion	71
X	18440534	18440579	Deletion	45
X	18440549	18440579	Deletion	30
X	18441798	18440579	Deletion	1219
X	18441798	18441894	Deletion	96
X	18441798	18441879	Deletion	81
X	18441798	18441901	Deletion	103
X	18441798	18441915	Deletion	117
X	18462458	18462499	Deletion	41
X	18462465	18462499	Deletion	34
X	18463127	18462499	Deletion	628
X	18463127	18463222	Deletion	95
X	18463127	18463161	Deletion	34
X	18463127	18463229	Deletion	102
X	18469067	18469120	Deletion	53
X	18469078	18469120	Deletion	42
X	18469082	18469120	Deletion	38
X	18469185	18469271	Deletion	86
X	18469185	18469300	Deletion	115
X	18469185	18469296	Deletion	111
X	18469185	18469275	Deletion	90
X	18472581	18472623	Deletion	42
X	18472591	18472623	Deletion	32
X	18472592	18472623	Deletion	31
X	18475028	18472623	Deletion	2405
X	18475028	18475146	Deletion	118
X	18475028	18475080	Deletion	52
X	18475028	18475122	Deletion	94
X	18475028	18475123	Deletion	95
X	18475028	18475112	Deletion	84
X	18514756	18514802	Deletion	46
X	18514772	18514802	Deletion	30
X	18527823	18514802	Deletion	13021
X	18527823	18527930	Deletion	107
X	18527823	18527903	Deletion	80
X	18527823	18527919	Deletion	96
X	18527823	18527866	Deletion	43
X	18540897	18541002	Deletion	105
X	18540923	18541002	Deletion	79
X	18540962	18541002	Deletion	40
X	18540967	18541002	Deletion	35
X	18543165	18541002	Deletion	2163
X	18543165	18543252	Deletion	87
X	18543165	18543257	Deletion	92
X	18543165	18543213	Deletion	48
X	18543165	18543264	Deletion	99
X	18546356	18546459	Deletion	103
X	18546394	18546459	Deletion	65
X	18546396	18546459	Deletion	63
X	18546643	18546459	Deletion	184
X	18546643	18546705	Deletion	62
X	18547771	18547892	Deletion	121
X	18547775	18547892	Deletion	117
X	18547781	18547892	Deletion	111
X	18547800	18547892	Deletion	92
X	18547841	18547892	Deletion	51
X	18547844	18547892	Deletion	48
X	18591043	18591088	Deletion	45
X	18591045	18591088	Deletion	43
X	18591046	18591088	Deletion	42
X	18591052	18591088	Deletion	36
X	18591809	18591088	Deletion	721
X	18591809	18591893	Deletion	84
X	18591809	18591892	Deletion	83
X	18591809	18591924	Deletion	115
X	18591809	18591890	Deletion	81
X	18591809	18591920	Deletion	111
X	18608857	18608944	Deletion	87
X	18608898	18608944	Deletion	46
X	18608911	18608944	Deletion	33
X	18609971	18608944	Deletion	1027
X	18609971	18610085	Deletion	114
X	18609971	18610081	Deletion	110
X	18609971	18610012	Deletion	41
X	18609971	18610095	Deletion	124
X	18609971	18610053	Deletion	82
X	18619763	18619856	Deletion	93
X	18619795	18619856	Deletion	61
X	18620080	18619856	Deletion	224
X	18620080	18620192	Deletion	112
X	18620080	18620149	Deletion	69
X	18622774	18622882	Deletion	108
X	18622787	18622882	Deletion	95
X	18622797	18622882	Deletion	85
X	18622809	18622882	Deletion	73
X	18622837	18622882	Deletion	45
X	18622960	18622882	Deletion	78
X	18622960	18623013	Deletion	53
X	18622960	18623001	Deletion	41
X	18622960	18623041	Deletion	81
X	18622960	18623067	Deletion	107
X	18628805	18628908	Deletion	103
X	18628820	18628908	Deletion	88
X	18628838	18628908	Deletion	70
X	18628846	18628908	Deletion	62
X	18628848	18628908	Deletion	60
X	18628871	18628908	Deletion	37
X	18628873	18628908	Deletion	35
X	18629704	18628908	Deletion	796
X	18629704	18629772	Deletion	68
X	18629704	18629795	Deletion	91
X	18629704	18629744	Deletion	40
X	18629704	18629821	Deletion	117
X	18629704	18629805	Deletion	101
X	18629704	18629797	Deletion	93
X	18629704	18629762	Deletion	58
X	18631802	18631903	Deletion	101
X	18631821	18631903	Deletion	82
X	18631864	18631903	Deletion	39
X	18631873	18631903	Deletion	30
X	18631950	18631903	Deletion	47
X	18631950	18632049	Deletion	99
X	18631950	18632070	Deletion	120
X	18631950	18631997	Deletion	47
X	18631950	18632067	Deletion	117
X	18666543	18666627	Deletion	84
X	18666544	18666627	Deletion	83
X	18666545	18666627	Deletion	82
X	18666552	18666627	Deletion	75
X	18666556	18666627	Deletion	71
X	18666572	18666627	Deletion	55
X	18666591	18666627	Deletion	36
X	18673960	18674002	Deletion	42
X	18673960	18674004	Deletion	44
X	18673960	18674015	Deletion	55
X	18673960	18674083	Deletion	123
X	18673960	18674011	Deletion	51
X	18673960	18674003	Deletion	43
X	18673960	18674079	Deletion	119
X	18673960	18674050	Deletion	90
X	18673960	18674031	Deletion	71
X	18673960	18674075	Deletion	115
X	18678885	18678995	Deletion	110
X	18678905	18678993	Deletion	88
X	18678954	18678993	Deletion	39
X	18699968	18678993	Deletion	20975
X	18699968	18700074	Deletion	106
X	18699968	18700055	Deletion	87
X	18700366	18700468	Deletion	102
X	18700421	18700468	Deletion	47
X	18701293	18700468	Deletion	825
X	18741301	18741419	Deletion	118
X	18741323	18741419	Deletion	96
X	18741336	18741418	Deletion	82
X	18741358	18741419	Deletion	61
X	18741364	18741419	Deletion	55
X	18742960	18741419	Deletion	1541
X	18742962	18742992	Deletion	30
X	18742962	18743005	Deletion	43
X	18742962	18743027	Deletion	65
X	18742962	18743078	Deletion	116
X	18744547	18744654	Deletion	107
X	18744559	18744654	Deletion	95
X	18744567	18744654	Deletion	87
X	18744600	18744654	Deletion	54
X	18744604	18744654	Deletion	50
X	18745409	18744654	Deletion	755
X	18745409	18745524	Deletion	115
X	18745409	18745451	Deletion	42
X	18745409	18745484	Deletion	75
X	18745409	18745488	Deletion	79
X	18745409	18745511	Deletion	102
X	18747152	18747247	Deletion	95
X	18747173	18747250	Deletion	77
X	18747203	18747250	Deletion	47
X	18747207	18747250	Deletion	43
X	18747218	18747250	Deletion	32
X	18747219	18747250	Deletion	31
X	18747301	18747250	Deletion	51
X	18747301	18747351	Deletion	50
X	18747301	18747396	Deletion	95
X	18747301	18747381	Deletion	80
X	18747301	18747397	Deletion	96
X	18747301	18747385	Deletion	84
X	18747301	18747403	Deletion	102
X	18771933	18772048	Deletion	115
X	18771933	18772035	Deletion	102
X	18771933	18772017	Deletion	84
X	18771933	18772003	Deletion	70
X	18771933	18772020	Deletion	87
X	18775589	18775698	Deletion	109
X	18775594	18775698	Deletion	104
X	18775599	18775698	Deletion	99
X	18775603	18775698	Deletion	95
X	18775607	18775698	Deletion	91
X	18775625	18775698	Deletion	73
X	18775631	18775698	Deletion	67
X	18775637	18775698	Deletion	61
X	18775644	18775698	Deletion	54
X	18775654	18775698	Deletion	44
X	18777578	18775698	Deletion	1880
X	18777578	18777613	Deletion	35
X	18777578	18777650	Deletion	72
X	18777578	18777637	Deletion	59
X	18777578	18777643	Deletion	65
X	18777578	18777609	Deletion	31
X	18777578	18777660	Deletion	82
X	18792873	18792919	Deletion	46
X	18792875	18792919	Deletion	44
X	18792878	18792919	Deletion	41
X	18800226	18800311	Deletion	85
X	18800226	18800332	Deletion	106
X	18800226	18800295	Deletion	69
X	18800226	18800350	Deletion	124
X	18800226	18800314	Deletion	88
X	18800226	18800341	Deletion	115
X	18807539	18807647	Deletion	108
X	18807546	18807647	Deletion	101
X	18807575	18807647	Deletion	72
X	18807592	18807647	Deletion	55
X	18807593	18807647	Deletion	54
X	18807613	18807647	Deletion	34
X	18810481	18807647	Deletion	2834
X	18810481	18810553	Deletion	72
X	18810481	18810586	Deletion	105
X	18810481	18810573	Deletion	92
X	18810481	18810535	Deletion	54
X	18810481	18810552	Deletion	71
X	18832274	18832351	Deletion	77
X	18867574	18832351	Deletion	35223
X	18867574	18867695	Deletion	121
X	18867574	18867678	Deletion	104
X	18867574	18867626	Deletion	52
X	18868130	18868226	Deletion	96
X	18868148	18868226	Deletion	78
X	18868163	18868226	Deletion	63
X	18872371	18868226	Deletion	4145
X	18872371	18872471	Deletion	100
X	18872371	18872434	Deletion	63
X	18872371	18872419	Deletion	48
X	18872373	18872401	Deletion	28
X	18893995	18894102	Deletion	107
X	18894018	18894102	Deletion	84
X	18894035	18894102	Deletion	67
X	18894044	18894102	Deletion	58
X	18894060	18894102	Deletion	42
X	18894066	18894102	Deletion	36
X	18894326	18894102	Deletion	224
X	18894326	18894368	Deletion	42
X	18894326	18894394	Deletion	68
X	18894326	18894416	Deletion	90
X	18894326	18894410	Deletion	84
X	18898498	18898584	Deletion	86
X	18898509	18898584	Deletion	75
X	18898535	18898584	Deletion	49
X	18902295	18898584	Deletion	3711
X	18902295	18902399	Deletion	104
X	18902295	18902335	Deletion	40
X	18902297	18902372	Deletion	75
X	18914187	18914299	Deletion	112
X	18914191	18914299	Deletion	108
X	18914228	18914299	Deletion	71
X	18918763	18914299	Deletion	4464
X	18918763	18918875	Deletion	112
X	18918763	18918883	Deletion	120
X	18922263	18922370	Deletion	107
X	18922309	18922370	Deletion	61
X	18922311	18922370	Deletion	59
X	18922312	18922370	Deletion	58
X	18922318	18922370	Deletion	52
X	18934547	18922370	Deletion	12177
X	18934547	18934622	Deletion	75
X	18934547	18934616	Deletion	69
X	18934547	18934615	Deletion	68
X	18934547	18934663	Deletion	116
X	18935480	18935589	Deletion	109
X	18935490	18935589	Deletion	99
X	18935508	18935589	Deletion	81
X	18935515	18935589	Deletion	74
X	18935541	18935589	Deletion	48
X	18939763	18939868	Deletion	105
X	18939763	18939809	Deletion	46
X	18939763	18939816	Deletion	53
X	18939768	18939842	Deletion	74
X	18942823	18942907	Deletion	84
X	18942837	18942907	Deletion	70
X	18942840	18942907	Deletion	67
X	18942857	18942907	Deletion	50
X	18942858	18942907	Deletion	49
X	18944907	18942907	Deletion	2000
X	18944907	18944966	Deletion	59
X	18944907	18944987	Deletion	80
X	18944907	18944986	Deletion	79
X	18944907	18944947	Deletion	40
X	18944907	18945017	Deletion	110
X	18944907	18945026	Deletion	119
X	18949500	18949582	Deletion	82
X	18949523	18949582	Deletion	59
X	18960629	18960712	Deletion	83
X	18969605	18969704	Deletion	99
X	18969629	18969704	Deletion	75
X	18969650	18969704	Deletion	54
X	18969665	18969704	Deletion	39
X	18969666	18969704	Deletion	38
X	18969667	18969704	Deletion	37
X	18969670	18969704	Deletion	34
X	18975256	18969704	Deletion	5552
X	18975256	18975346	Deletion	90
X	18975256	18975308	Deletion	52
X	18975256	18975344	Deletion	88
X	18975256	18975329	Deletion	73
X	18975256	18975345	Deletion	89
X	18976578	18976648	Deletion	70
X	18976604	18976648	Deletion	44
X	18976931	18976648	Deletion	283
X	18976931	18977036	Deletion	105
X	18976931	18976989	Deletion	58
X	18976931	18977053	Deletion	122
X	18976931	18977039	Deletion	108
X	18976931	18976966	Deletion	35
X	18990187	18990248	Deletion	61
X	18990190	18990248	Deletion	58
X	18991109	18990248	Deletion	861
X	18991109	18991158	Deletion	49
X	18991109	18991177	Deletion	68
X	18991109	18991228	Deletion	119
X	18991109	18991208	Deletion	99
X	19016879	19016994	Deletion	115
X	19016899	19016994	Deletion	95
X	19016900	19016994	Deletion	94
X	19016903	19016994	Deletion	91
X	19016906	19016994	Deletion	88
X	19016907	19016994	Deletion	87
X	19016959	19016994	Deletion	35
X	19018175	19016994	Deletion	1181
X	19018175	19018213	Deletion	38
X	19018175	19018288	Deletion	113
X	19018175	19018210	Deletion	35
X	19018175	19018214	Deletion	39
X	19018175	19018207	Deletion	32
X	19018175	19018266	Deletion	91
X	19018175	19018206	Deletion	31
X	19036775	19036827	Deletion	52
X	19037022	19036827	Deletion	195
X	19037022	19037094	Deletion	72
X	19051022	19051137	Deletion	115
X	19051033	19051137	Deletion	104
X	19051052	19051137	Deletion	85
X	19052225	19051137	Deletion	1088
X	19053891	19053944	Deletion	53
X	19053894	19053944	Deletion	50
X	19053900	19053944	Deletion	44
X	19053912	19053944	Deletion	32
X	19053913	19053944	Deletion	31
X	19054995	19053944	Deletion	1051
X	19054995	19055069	Deletion	74
X	19054995	19055072	Deletion	77
X	19054995	19055078	Deletion	83
X	19054995	19055091	Deletion	96
X	19059090	19059151	Deletion	61
X	19059103	19059151	Deletion	48
X	19059111	19059151	Deletion	40
X	19070700	19070766	Deletion	66
X	19070700	19070787	Deletion	87
X	19070700	19070779	Deletion	79
X	19070700	19070801	Deletion	101
X	19085908	19085974	Deletion	66
X	19085910	19085974	Deletion	64
X	19086426	19085974	Deletion	452
X	19086426	19086537	Deletion	111
X	19086426	19086488	Deletion	62
X	19086426	19086529	Deletion	103
X	19086426	19086486	Deletion	60
X	19088575	19088672	Deletion	97
X	19088577	19088672	Deletion	95
X	19088578	19088672	Deletion	94
X	19088585	19088672	Deletion	87
X	19088588	19088672	Deletion	84
X	19088595	19088672	Deletion	77
X	19088600	19088672	Deletion	72
X	19088609	19088672	Deletion	63
X	19088615	19088672	Deletion	57
X	19088624	19088672	Deletion	48
X	19089529	19088672	Deletion	857
X	19089529	19089568	Deletion	39
X	19089529	19089571	Deletion	42
X	19089529	19089598	Deletion	69
X	19089529	19089583	Deletion	54
X	19089529	19089561	Deletion	32
X	19089529	19089560	Deletion	31
X	19089529	19089592	Deletion	63
X	19089529	19089608	Deletion	79
X	19091864	19091971	Deletion	107
X	19091895	19091971	Deletion	76
X	19091899	19091971	Deletion	72
X	19091931	19091971	Deletion	40
X	19095596	19091971	Deletion	3625
X	19095596	19095712	Deletion	116
X	19095596	19095652	Deletion	56
X	19095596	19095699	Deletion	103
X	19095596	19095688	Deletion	92
X	19122895	19122955	Deletion	60
X	19122920	19122955	Deletion	35
X	19123015	19122955	Deletion	60
X	19123015	19123082	Deletion	67
X	19123015	19123132	Deletion	117
X	19136917	19136964	Deletion	47
X	19170340	19170429	Deletion	89
X	19171631	19171737	Deletion	106
X	19171631	19171751	Deletion	120
X	19171631	19171668	Deletion	37
X	19174450	19174520	Deletion	70
X	19174453	19174520	Deletion	67
X	19174474	19174520	Deletion	46
X	19174482	19174520	Deletion	38
X	19174485	19174520	Deletion	35
X	19174486	19174520	Deletion	34
X	19175616	19174520	Deletion	1096
X	19175616	19175708	Deletion	92
X	19175616	19175673	Deletion	57
X	19175616	19175676	Deletion	60
X	19175616	19175709	Deletion	93
X	19175616	19175705	Deletion	89
X	19179381	19179459	Deletion	78
X	19179384	19179454	Deletion	70
X	19179385	19179459	Deletion	74
X	19179399	19179459	Deletion	60
X	19179408	19179459	Deletion	51
X	19179424	19179459	Deletion	35
X	19181206	19179459	Deletion	1747
X	19181206	19181282	Deletion	76
X	19181206	19181298	Deletion	92
X	19181206	19181247	Deletion	41
X	19181206	19181258	Deletion	52
X	19181206	19181255	Deletion	49
X	19181206	19181273	Deletion	67
X	19184241	19184348	Deletion	107
X	19184249	19184348	Deletion	99
X	19184274	19184348	Deletion	74
X	19184306	19184348	Deletion	42
X	19200591	19184348	Deletion	16243
X	19200591	19200698	Deletion	107
X	19200591	19200675	Deletion	84
X	19200591	19200700	Deletion	109
X	19205478	19205597	Deletion	119
X	19205485	19205597	Deletion	112
X	19205489	19205597	Deletion	108
X	19205508	19205597	Deletion	89
X	19205528	19205597	Deletion	69
X	19205558	19205597	Deletion	39
X	19209244	19205597	Deletion	3647
X	19209244	19209364	Deletion	120
X	19209244	19209281	Deletion	37
X	19209244	19209331	Deletion	87
X	19209244	19209366	Deletion	122
X	19209244	19209367	Deletion	123
X	19221260	19221296	Deletion	36
X	19236617	19221296	Deletion	15321
X	19236617	19236707	Deletion	90
X	19236617	19236698	Deletion	81
X	19237231	19237301	Deletion	70
X	19237618	19237301	Deletion	317
X	19237618	19237677	Deletion	59
X	19237618	19237732	Deletion	114
X	19240624	19240697	Deletion	73
X	19240625	19240697	Deletion	72
X	19240642	19240697	Deletion	55
X	19241581	19240697	Deletion	884
X	19241581	19241635	Deletion	54
X	19241581	19241701	Deletion	120
X	19241581	19241634	Deletion	53
X	19246921	19246991	Deletion	70
X	19246936	19246991	Deletion	55
X	19246953	19246991	Deletion	38
X	19246961	19246991	Deletion	30
X	19248786	19246991	Deletion	1795
X	19248786	19248883	Deletion	97
X	19248786	19248875	Deletion	89
X	19248786	19248843	Deletion	57
X	19269204	19269315	Deletion	111
X	19269209	19269315	Deletion	106
X	19269237	19269315	Deletion	78
X	19269241	19269315	Deletion	74
X	19269246	19269315	Deletion	69
X	19269460	19269315	Deletion	145
X	19269460	19269512	Deletion	52
X	19269460	19269551	Deletion	91
X	19269460	19269508	Deletion	48
X	19269460	19269517	Deletion	57
X	19316838	19316950	Deletion	112
X	19316841	19316950	Deletion	109
X	19316857	19316950	Deletion	93
X	19316864	19316950	Deletion	86
X	19316879	19316950	Deletion	71
X	19316907	19316950	Deletion	43
X	19316908	19316950	Deletion	42
X	19316913	19316950	Deletion	37
X	19319010	19316950	Deletion	2060
X	19319010	19319043	Deletion	33
X	19319010	19319094	Deletion	84
X	19319010	19319050	Deletion	40
X	19319010	19319065	Deletion	55
X	19319010	19319099	Deletion	89
X	19333697	19333770	Deletion	73
X	19336774	19336807	Deletion	33
X	19336774	19336827	Deletion	53
X	19336774	19336890	Deletion	116
X	19336774	19336891	Deletion	117
X	19341862	19341939	Deletion	77
X	19341878	19341939	Deletion	61
X	19341909	19341939	Deletion	30
X	19362516	19362565	Deletion	49
X	19362516	19362617	Deletion	101
X	19362516	19362612	Deletion	96
X	19362516	19362638	Deletion	122
X	19374723	19374821	Deletion	98
X	19374737	19374821	Deletion	84
X	19374746	19374821	Deletion	75
X	19374780	19374821	Deletion	41
X	19379660	19374821	Deletion	4839
X	19379660	19379702	Deletion	42
X	19379660	19379745	Deletion	85
X	19379660	19379772	Deletion	112
X	19387142	19387249	Deletion	107
X	19387153	19387249	Deletion	96
X	19387163	19387249	Deletion	86
X	19387174	19387249	Deletion	75
X	19387183	19387249	Deletion	66
X	19387187	19387249	Deletion	62
X	19387189	19387249	Deletion	60
X	19387192	19387249	Deletion	57
X	19387219	19387249	Deletion	30
X	19391292	19387249	Deletion	4043
X	19391292	19391344	Deletion	52
X	19391292	19391359	Deletion	67
X	19391292	19391389	Deletion	97
X	19391292	19391323	Deletion	31
X	19391292	19391353	Deletion	61
X	19391292	19391357	Deletion	65
X	19391292	19391333	Deletion	41
X	19396633	19396750	Deletion	117
X	19396651	19396750	Deletion	99
X	19396675	19396750	Deletion	75
X	19396682	19396750	Deletion	68
X	19396690	19396750	Deletion	60
X	19396700	19396750	Deletion	50
X	19399879	19396750	Deletion	3129
X	19399879	19399930	Deletion	51
X	19399879	19399954	Deletion	75
X	19399879	19399937	Deletion	58
X	19420864	19420640	Deletion	224
X	19425707	19425752	Deletion	45
X	19425722	19425752	Deletion	30
X	19425801	19425752	Deletion	49
X	19425801	19425899	Deletion	98
X	19425801	19425878	Deletion	77
X	19432970	19433084	Deletion	114
X	19432989	19433084	Deletion	95
X	19432998	19433084	Deletion	86
X	19433021	19433084	Deletion	63
X	19433034	19433084	Deletion	50
X	19433047	19433084	Deletion	37
X	19451407	19451453	Deletion	46
X	19451411	19451453	Deletion	42
X	19451828	19451943	Deletion	115
X	19451828	19451910	Deletion	82
X	19451828	19451914	Deletion	86
X	19452825	19452925	Deletion	100
X	19452839	19452925	Deletion	86
X	19452857	19452907	Deletion	50
X	19456695	19456753	Deletion	58
X	19456695	19456794	Deletion	99
X	19457279	19457385	Deletion	106
X	19457286	19457385	Deletion	99
X	19457292	19457385	Deletion	93
X	19457306	19457385	Deletion	79
X	19457315	19457385	Deletion	70
X	19457321	19457385	Deletion	64
X	19457322	19457385	Deletion	63
X	19458648	19457385	Deletion	1263
X	19458648	19458711	Deletion	63
X	19458648	19458752	Deletion	104
X	19458648	19458712	Deletion	64
X	19458648	19458705	Deletion	57
X	19458648	19458696	Deletion	48
X	19523795	19523832	Deletion	37
X	19523801	19523832	Deletion	31
X	19525591	19523832	Deletion	1759
X	19525591	19525685	Deletion	94
X	19526482	19526526	Deletion	44
X	19527806	19526526	Deletion	1280
X	19527806	19527839	Deletion	33
X	19528408	19528478	Deletion	70
X	19528416	19528478	Deletion	62
X	19528447	19528478	Deletion	31
X	19545227	19528478	Deletion	16749
X	19545227	19545322	Deletion	95
X	19545227	19545291	Deletion	64
X	19545227	19545283	Deletion	56
X	19553214	19553287	Deletion	73
X	19553222	19553287	Deletion	65
X	19553228	19553287	Deletion	59
X	19553245	19553287	Deletion	42
X	19554139	19553287	Deletion	852
X	19554139	19554206	Deletion	67
X	19554139	19554192	Deletion	53
X	19554139	19554200	Deletion	61
X	19554560	19554661	Deletion	101
X	19554568	19554661	Deletion	93
X	19554604	19554661	Deletion	57
X	19554612	19554661	Deletion	49
X	19554618	19554661	Deletion	43
X	19555102	19554661	Deletion	441
X	19555102	19555179	Deletion	77
X	19555102	19555135	Deletion	33
X	19555102	19555171	Deletion	69
X	19555102	19555185	Deletion	83
X	19555333	19555434	Deletion	101
X	19555335	19555434	Deletion	99
X	19555381	19555434	Deletion	53
X	19555397	19555434	Deletion	37
X	19555566	19555434	Deletion	132
X	19555566	19555660	Deletion	94
X	19555566	19555598	Deletion	32
X	19555566	19555596	Deletion	30
X	19560761	19560836	Deletion	75
X	19560773	19560836	Deletion	63
X	19560777	19560836	Deletion	59
X	19560781	19560836	Deletion	55
X	19560782	19560836	Deletion	54
X	19560783	19560836	Deletion	53
X	19561936	19560836	Deletion	1100
X	19561936	19562009	Deletion	73
X	19561936	19561971	Deletion	35
X	19561936	19562003	Deletion	67
X	19561936	19562008	Deletion	72
X	19561936	19561999	Deletion	63
X	19561936	19561987	Deletion	51
X	19571832	19571908	Deletion	76
X	19571840	19571908	Deletion	68
X	19571850	19571908	Deletion	58
X	19571856	19571908	Deletion	52
X	19571862	19571908	Deletion	46
X	19571864	19571908	Deletion	44
X	19571866	19571908	Deletion	42
X	19571871	19571908	Deletion	37
X	19571873	19571908	Deletion	35
X	19571874	19571908	Deletion	34
X	19571876	19571908	Deletion	32
X	19572566	19571908	Deletion	658
X	19572566	19572624	Deletion	58
X	19572566	19572660	Deletion	94
X	19572566	19572646	Deletion	80
X	19572566	19572648	Deletion	82
X	19572566	19572655	Deletion	89
X	19572566	19572640	Deletion	74
X	19572566	19572683	Deletion	117
X	19572566	19572634	Deletion	68
X	19572566	19572657	Deletion	91
X	19572566	19572650	Deletion	84
X	19572566	19572658	Deletion	92
X	19585447	19585502	Deletion	55
X	19585455	19585502	Deletion	47
X	19585456	19585502	Deletion	46
X	19585813	19585502	Deletion	311
X	19585813	19585884	Deletion	71
X	19585813	19585892	Deletion	79
X	19612380	19612457	Deletion	77
X	19612411	19612457	Deletion	46
X	19612413	19612457	Deletion	44
X	19612414	19612457	Deletion	43
X	19612420	19612457	Deletion	37
X	19612421	19612457	Deletion	36
X	19612427	19612457	Deletion	30
X	19618688	19612457	Deletion	6231
X	19618688	19618778	Deletion	90
X	19618688	19618770	Deletion	82
X	19618688	19618809	Deletion	121
X	19618688	19618777	Deletion	89
X	19618688	19618737	Deletion	49
X	19618688	19618797	Deletion	109
X	19618688	19618768	Deletion	80
X	19618688	19618784	Deletion	96
X	19618688	19618771	Deletion	83
X	19620372	19620470	Deletion	98
X	19620387	19620470	Deletion	83
X	19620403	19620470	Deletion	67
X	19620792	19620470	Deletion	322
X	19620792	19620851	Deletion	59
X	19620792	19620835	Deletion	43
X	19620792	19620898	Deletion	106
X	19639958	19640020	Deletion	62
X	19644293	19640020	Deletion	4273
X	19644293	19644394	Deletion	101
X	19644293	19644401	Deletion	108
X	19656843	19656930	Deletion	87
X	19656893	19656944	Deletion	51
X	19656903	19656944	Deletion	41
X	19656910	19656944	Deletion	34
X	19658219	19656944	Deletion	1275
X	19658219	19658306	Deletion	87
X	19658219	19658296	Deletion	77
X	19658219	19658330	Deletion	111
X	19662560	19662592	Deletion	32
X	19666300	19662592	Deletion	3708
X	19666300	19666394	Deletion	94
X	19666300	19666392	Deletion	92
X	19679383	19679449	Deletion	66
X	19698002	19679449	Deletion	18553
X	19703854	19703963	Deletion	109
X	19703915	19703963	Deletion	48
X	19703916	19703963	Deletion	47
X	19704195	19703963	Deletion	232
X	19704195	19704273	Deletion	78
X	19704195	19704314	Deletion	119
X	19704195	19704318	Deletion	123
X	19708714	19708809	Deletion	95
X	19708749	19708809	Deletion	60
X	19708758	19708809	Deletion	51
X	19708770	19708809	Deletion	39
X	19709118	19708809	Deletion	309
X	19709118	19709205	Deletion	87
X	19709118	19709184	Deletion	66
X	19709118	19709193	Deletion	75
X	19713414	19713496	Deletion	82
X	19713546	19713496	Deletion	50
X	19713546	19713661	Deletion	115
X	19713546	19713655	Deletion	109
X	19713546	19713590	Deletion	44
X	19716160	19716267	Deletion	107
X	19716165	19716267	Deletion	102
X	19716168	19716267	Deletion	99
X	19716177	19716267	Deletion	90
X	19716192	19716267	Deletion	75
X	19716193	19716267	Deletion	74
X	19716201	19716267	Deletion	66
X	19716203	19716267	Deletion	64
X	19716214	19716267	Deletion	53
X	19716234	19716266	Deletion	32
X	19716904	19716267	Deletion	637
X	19716904	19717020	Deletion	116
X	19716904	19716957	Deletion	53
X	19716904	19716956	Deletion	52
X	19716904	19717004	Deletion	100
X	19716904	19717014	Deletion	110
X	19716904	19716995	Deletion	91
X	19716904	19716941	Deletion	37
X	19716905	19716965	Deletion	60
X	19722047	19722157	Deletion	110
X	19722064	19722157	Deletion	93
X	19722079	19722157	Deletion	78
X	19722089	19722157	Deletion	68
X	19722101	19722157	Deletion	56
X	19722115	19722157	Deletion	42
X	19740699	19722157	Deletion	18542
X	19740699	19740734	Deletion	35
X	19740699	19740749	Deletion	50
X	19740699	19740759	Deletion	60
X	19740699	19740771	Deletion	72
X	19747354	19747399	Deletion	45
X	19751253	19747399	Deletion	3854
X	19751253	19751370	Deletion	117
X	19751253	19751289	Deletion	36
X	19751253	19751374	Deletion	121
X	19751253	19751334	Deletion	81
X	19756047	19756140	Deletion	93
X	19756067	19756140	Deletion	73
X	19756099	19756140	Deletion	41
X	19763537	19756140	Deletion	7397
X	19763537	19763629	Deletion	92
X	19763537	19763652	Deletion	115
X	19763537	19763622	Deletion	85
X	19763537	19763590	Deletion	53
X	19764110	19764183	Deletion	73
X	19764112	19764183	Deletion	71
X	19764113	19764183	Deletion	70
X	19764119	19764183	Deletion	64
X	19764327	19764183	Deletion	144
X	19764327	19764381	Deletion	54
X	19764327	19764364	Deletion	37
X	19764327	19764383	Deletion	56
X	19764327	19764384	Deletion	57
X	19764327	19764430	Deletion	103
X	19773175	19773292	Deletion	117
X	19773214	19773292	Deletion	78
X	19773236	19773292	Deletion	56
X	19773254	19773292	Deletion	38
X	19783933	19773292	Deletion	10641
X	19783933	19784021	Deletion	88
X	19783933	19784003	Deletion	70
X	19783933	19784048	Deletion	115
X	19816992	19817068	Deletion	76
X	19821631	19817068	Deletion	4563
X	19829858	19829924	Deletion	66
X	19829893	19829924	Deletion	31
X	19834265	19829924	Deletion	4341
X	19834265	19834326	Deletion	61
X	19840479	19840574	Deletion	95
X	19840512	19840574	Deletion	62
X	19840515	19840574	Deletion	59
X	19840524	19840574	Deletion	50
X	19840536	19840574	Deletion	38
X	19860315	19840574	Deletion	19741
X	19860315	19860379	Deletion	64
X	19860315	19860391	Deletion	76
X	19860315	19860346	Deletion	31
X	19860315	19860382	Deletion	67
X	19861640	19861751	Deletion	111
X	19861647	19861751	Deletion	104
X	19861681	19861751	Deletion	70
X	19861690	19861751	Deletion	61
X	19861831	19861751	Deletion	80
X	19861831	19861937	Deletion	106
X	19861831	19861896	Deletion	65
X	19861831	19861887	Deletion	56
X	19867551	19867669	Deletion	118
X	19867558	19867669	Deletion	111
X	19867561	19867669	Deletion	108
X	19867623	19867669	Deletion	46
X	19867628	19867669	Deletion	41
X	19867629	19867669	Deletion	40
X	19873131	19867669	Deletion	5462
X	19873131	19873252	Deletion	121
X	19873131	19873218	Deletion	87
X	19873131	19873238	Deletion	107
X	19873131	19873212	Deletion	81
X	19878285	19878387	Deletion	102
X	19878303	19878387	Deletion	84
X	19878315	19878387	Deletion	72
X	19878356	19878387	Deletion	31
X	19883850	19878387	Deletion	5463
X	19883850	19883892	Deletion	42
X	19883850	19883904	Deletion	54
X	19897209	19897309	Deletion	100
X	19897215	19897309	Deletion	94
X	19897239	19897309	Deletion	70
X	19897258	19897309	Deletion	51
X	19909167	19909252	Deletion	85
X	19911784	19911867	Deletion	83
X	19911987	19911867	Deletion	120
X	19911987	19912028	Deletion	41
X	19911987	19912030	Deletion	43
X	19914625	19914669	Deletion	44
X	19914625	19914732	Deletion	107
X	19917621	19917677	Deletion	56
X	19919898	19920001	Deletion	103
X	19927968	19928014	Deletion	46
X	19928143	19928014	Deletion	129
X	19928143	19928259	Deletion	116
X	19928143	19928239	Deletion	96
X	19941332	19941441	Deletion	109
X	19943610	19943677	Deletion	67
X	19952548	19952593	Deletion	45
X	19953078	19953151	Deletion	73
X	19954482	19954519	Deletion	37
X	19956594	19956669	Deletion	75
X	19961367	19961439	Deletion	72
X	19961388	19961439	Deletion	51
X	19961397	19961439	Deletion	42
X	19961403	19961439	Deletion	36
X	19962307	19961439	Deletion	868
X	19967773	19962338	Deletion	5435
X	19967773	19967892	Deletion	119
X	19967773	19967835	Deletion	62
X	19967773	19967820	Deletion	47
X	19968878	19968986	Deletion	108
X	19968914	19968986	Deletion	72
X	19968951	19968986	Deletion	35
X	19970297	19968987	Deletion	1310
X	19970297	19970395	Deletion	98
X	19970297	19970351	Deletion	54
X	19970298	19970406	Deletion	108
X	19996579	19996632	Deletion	53
X	19996582	19996632	Deletion	50
X	19996587	19996632	Deletion	45
X	19996592	19996632	Deletion	40
X	19997244	19996632	Deletion	612
X	19997249	19997284	Deletion	35
X	20000526	19997284	Deletion	3242
X	20000526	20000568	Deletion	42
X	20000526	20000573	Deletion	47
X	20000526	20000560	Deletion	34
X	20000526	20000606	Deletion	80
X	20000526	20000563	Deletion	37
X	20009979	20010097	Deletion	118
X	20010020	20010097	Deletion	77
X	20010022	20010097	Deletion	75
X	20010027	20010097	Deletion	70
X	20010482	20010097	Deletion	385
X	20010482	20010538	Deletion	56
X	20010482	20010581	Deletion	99
X	20010482	20010533	Deletion	51
X	20041869	20041918	Deletion	49
X	20041869	20041991	Deletion	122
X	20043045	20043147	Deletion	102
X	20044582	20043147	Deletion	1435
X	20046278	20046309	Deletion	31
X	20046427	20046309	Deletion	118
X	20046427	20046523	Deletion	96
X	20046427	20046470	Deletion	43
X	20046427	20046537	Deletion	110
X	20046427	20046527	Deletion	100
X	20059968	20060073	Deletion	105
X	20059970	20060073	Deletion	103
X	20060002	20060073	Deletion	71
X	20060004	20060073	Deletion	69
X	20060020	20060073	Deletion	53
X	20060351	20060073	Deletion	278
X	20060351	20060406	Deletion	55
X	20060351	20060424	Deletion	73
X	20065072	20064240	Deletion	832
X	20069141	20069242	Deletion	101
X	20069144	20069242	Deletion	98
X	20069146	20069242	Deletion	96
X	20069156	20069242	Deletion	86
X	20069199	20069242	Deletion	43
X	20069201	20069242	Deletion	41
X	20083829	20069242	Deletion	14587
X	20083829	20083920	Deletion	91
X	20083829	20083938	Deletion	109
X	20083829	20083875	Deletion	46
X	20083829	20083865	Deletion	36
X	20104727	20104806	Deletion	79
X	20104759	20104806	Deletion	47
X	20104767	20104806	Deletion	39
X	20104774	20104806	Deletion	32
X	20105565	20104806	Deletion	759
X	20105565	20105644	Deletion	79
X	20105565	20105597	Deletion	32
X	20105565	20105659	Deletion	94
X	20105565	20105652	Deletion	87
X	20109667	20109756	Deletion	89
X	20109700	20109756	Deletion	56
X	20114299	20114337	Deletion	38
X	20114645	20114755	Deletion	110
X	20114651	20114755	Deletion	104
X	20114686	20114755	Deletion	69
X	20114702	20114755	Deletion	53
X	20125126	20114755	Deletion	10371
X	20125126	20125199	Deletion	73
X	20125126	20125236	Deletion	110
X	20125126	20125229	Deletion	103
X	20129210	20129292	Deletion	82
X	20129215	20129292	Deletion	77
X	20129237	20129292	Deletion	55
X	20129450	20129292	Deletion	158
X	20129450	20129570	Deletion	120
X	20129450	20129499	Deletion	49
X	20129450	20129494	Deletion	44
X	20132666	20132774	Deletion	108
X	20132677	20132774	Deletion	97
X	20132681	20132774	Deletion	93
X	20132682	20132774	Deletion	92
X	20132692	20132774	Deletion	82
X	20132711	20132774	Deletion	63
X	20132727	20132774	Deletion	47
X	20132744	20132774	Deletion	30
X	20134169	20132774	Deletion	1395
X	20134169	20134248	Deletion	79
X	20134169	20134213	Deletion	44
X	20134169	20134265	Deletion	96
X	20134169	20134202	Deletion	33
X	20134169	20134203	Deletion	34
X	20144315	20144419	Deletion	104
X	20144355	20144419	Deletion	64
X	20144356	20144419	Deletion	63
X	20144375	20144419	Deletion	44
X	20144377	20144419	Deletion	42
X	20145493	20144419	Deletion	1074
X	20145493	20145557	Deletion	64
X	20145493	20145592	Deletion	99
X	20145493	20145558	Deletion	65
X	20145493	20145605	Deletion	112
X	20145493	20145579	Deletion	86
X	20147238	20147325	Deletion	87
X	20147250	20147325	Deletion	75
X	20147280	20147325	Deletion	45
X	20147293	20147325	Deletion	32
X	20153827	20147325	Deletion	6502
X	20153827	20153938	Deletion	111
X	20153827	20153878	Deletion	51
X	20153827	20153929	Deletion	102
X	20153827	20153866	Deletion	39
X	20153827	20153860	Deletion	33
X	20153827	20153949	Deletion	122
X	20153827	20153921	Deletion	94
X	20170974	20171057	Deletion	83
X	20171002	20171057	Deletion	55
X	20171007	20171057	Deletion	50
X	20171016	20171057	Deletion	41
X	20171021	20171057	Deletion	36
X	20172331	20172402	Deletion	71
X	20172331	20172443	Deletion	112
X	20172331	20172416	Deletion	85
X	20172331	20172407	Deletion	76
X	20172331	20172374	Deletion	43
X	20182266	20182347	Deletion	81
X	20184303	20184345	Deletion	42
X	20189043	20189124	Deletion	81
X	20191890	20191937	Deletion	47
X	20226672	20226751	Deletion	79
X	20238256	20238354	Deletion	98
X	20238257	20238354	Deletion	97
X	20238284	20238351	Deletion	67
X	20238314	20238354	Deletion	40
X	20238321	20238354	Deletion	33
X	20238843	20238354	Deletion	489
X	20238843	20238947	Deletion	104
X	20238843	20238929	Deletion	86
X	20238843	20238899	Deletion	56
X	20238899	20238989	Deletion	90
X	20238928	20238989	Deletion	61
X	20238930	20238989	Deletion	59
X	20240683	20238989	Deletion	1694
X	20240683	20240752	Deletion	69
X	20240683	20240721	Deletion	38
X	20244611	20244222	Deletion	389
X	20244611	20244710	Deletion	99
X	20247381	20247490	Deletion	109
X	20247440	20247490	Deletion	50
X	20247457	20247490	Deletion	33
X	20247460	20247490	Deletion	30
X	20250319	20247490	Deletion	2829
X	20250319	20250442	Deletion	123
X	20250319	20250395	Deletion	76
X	20250319	20250412	Deletion	93
X	20250319	20250415	Deletion	96
X	20261958	20262065	Deletion	107
X	20261981	20262065	Deletion	84
X	20261986	20262065	Deletion	79
X	20261990	20262065	Deletion	75
X	20261998	20262065	Deletion	67
X	20262004	20262065	Deletion	61
X	20262019	20262065	Deletion	46
X	20262029	20262065	Deletion	36
X	20265916	20265958	Deletion	42
X	20265916	20265967	Deletion	51
X	20265916	20265996	Deletion	80
X	20265916	20266028	Deletion	112
X	20265916	20265981	Deletion	65
X	20265916	20266033	Deletion	117
X	20265916	20265975	Deletion	59
X	20265916	20266035	Deletion	119
X	20265916	20265963	Deletion	47
X	20278593	20278713	Deletion	120
X	20278629	20278713	Deletion	84
X	20278665	20278713	Deletion	48
X	20279183	20278713	Deletion	470
X	20279183	20279296	Deletion	113
X	20279183	20279262	Deletion	79
X	20292625	20292704	Deletion	79
X	20293052	20293150	Deletion	98
X	20302959	20302995	Deletion	36
X	20302959	20303058	Deletion	99
X	20336627	20336674	Deletion	47
X	20336820	20336674	Deletion	146
X	20336820	20336899	Deletion	79
X	20347920	20348001	Deletion	81
X	20348052	20348165	Deletion	113
X	20369343	20369429	Deletion	86
X	20369362	20369429	Deletion	67
X	20374795	20369429	Deletion	5366
X	20374795	20374855	Deletion	60
X	20374795	20374909	Deletion	114
X	20374795	20374918	Deletion	123
X	20374795	20374898	Deletion	103
X	20377373	20377454	Deletion	81
X	20383300	20383333	Deletion	33
X	20383302	20383333	Deletion	31
X	20383383	20383333	Deletion	50
X	20383383	20383476	Deletion	93
X	20383383	20383481	Deletion	98
X	20383383	20383499	Deletion	116
X	20383383	20383478	Deletion	95
X	20383383	20383430	Deletion	47
X	20388873	20388951	Deletion	78
X	20388887	20388951	Deletion	64
X	20388906	20388951	Deletion	45
X	20391266	20388951	Deletion	2315
X	20391266	20391310	Deletion	44
X	20391266	20391347	Deletion	81
X	20391266	20391328	Deletion	62
X	20392962	20393004	Deletion	42
X	20393494	20393004	Deletion	490
X	20393494	20393578	Deletion	84
X	20393494	20393594	Deletion	100
X	20410644	20410745	Deletion	101
X	20410649	20410745	Deletion	96
X	20410671	20410745	Deletion	74
X	20410902	20411000	Deletion	98
X	20410902	20411003	Deletion	101
X	20410902	20410932	Deletion	30
X	20410902	20410954	Deletion	52
X	20412746	20412840	Deletion	94
X	20412755	20412840	Deletion	85
X	20412775	20412840	Deletion	65
X	20412891	20412932	Deletion	41
X	20412891	20412923	Deletion	32
X	20412891	20412994	Deletion	103
X	20412892	20413004	Deletion	112
X	20443927	20444046	Deletion	119
X	20443944	20444046	Deletion	102
X	20443949	20444046	Deletion	97
X	20443968	20444046	Deletion	78
X	20443984	20444046	Deletion	62
X	20443993	20444046	Deletion	53
X	20443996	20444046	Deletion	50
X	20444011	20444046	Deletion	35
X	20447218	20444046	Deletion	3172
X	20447218	20447310	Deletion	92
X	20447218	20447292	Deletion	74
X	20447218	20447248	Deletion	30
X	20447218	20447295	Deletion	77
X	20447218	20447341	Deletion	123
X	20447218	20447332	Deletion	114
X	20447218	20447338	Deletion	120
X	20450504	20450552	Deletion	48
X	20468545	20468625	Deletion	80
X	20468545	20468655	Deletion	110
X	20471641	20471687	Deletion	46
X	20471853	20471687	Deletion	166
X	20471853	20471967	Deletion	114
X	20471853	20471976	Deletion	123
X	20494270	20472433	Deletion	21837
X	20507811	20507927	Deletion	116
X	20507826	20507927	Deletion	101
X	20507841	20507927	Deletion	86
X	20507871	20507927	Deletion	56
X	20507878	20507927	Deletion	49
X	20508535	20507927	Deletion	608
X	20508535	20508605	Deletion	70
X	20508535	20508612	Deletion	77
X	20508535	20508640	Deletion	105
X	20508535	20508575	Deletion	40
X	20509395	20509482	Deletion	87
X	20509420	20509482	Deletion	62
X	20509422	20509482	Deletion	60
X	20509437	20509482	Deletion	45
X	20510088	20510154	Deletion	66
X	20510088	20510152	Deletion	64
X	20510088	20510169	Deletion	81
X	20510088	20510190	Deletion	102
X	20515193	20515230	Deletion	37
X	20515200	20515230	Deletion	30
X	20516274	20515230	Deletion	1044
X	20516274	20516377	Deletion	103
X	20516274	20516385	Deletion	111
X	20516274	20516363	Deletion	89
X	20536089	20536182	Deletion	93
X	20536111	20536182	Deletion	71
X	20536132	20536182	Deletion	50
X	20536146	20536182	Deletion	36
X	20536402	20536182	Deletion	220
X	20536402	20536458	Deletion	56
X	20536402	20536436	Deletion	34
X	20536404	20536479	Deletion	75
X	20537585	20537665	Deletion	80
X	20537626	20537665	Deletion	39
X	20538264	20537665	Deletion	599
X	20538264	20538372	Deletion	108
X	20538264	20538310	Deletion	46
X	20538267	20538351	Deletion	84
X	20538301	20538372	Deletion	71
X	20538305	20538372	Deletion	67
X	20538325	20538372	Deletion	47
X	20538342	20538372	Deletion	30
X	20543197	20538372	Deletion	4825
X	20543197	20543277	Deletion	80
X	20543197	20543309	Deletion	112
X	20543197	20543312	Deletion	115
X	20543197	20543257	Deletion	60
X	20543197	20543253	Deletion	56
X	20543985	20544071	Deletion	86
X	20543993	20544069	Deletion	76
X	20545589	20544071	Deletion	1518
X	20545598	20545638	Deletion	40
X	20545598	20545637	Deletion	39
X	20566275	20566345	Deletion	70
X	20566290	20566345	Deletion	55
X	20566295	20566345	Deletion	50
X	20566300	20566345	Deletion	45
X	20572547	20566345	Deletion	6202
X	20572547	20572604	Deletion	57
X	20572547	20572624	Deletion	77
X	20572547	20572619	Deletion	72
X	20593384	20593498	Deletion	114
X	20593405	20593498	Deletion	93
X	20593437	20593498	Deletion	61
X	20593443	20593498	Deletion	55
X	20593463	20593498	Deletion	35
X	20596495	20593498	Deletion	2997
X	20596495	20596560	Deletion	65
X	20596495	20596566	Deletion	71
X	20596495	20596586	Deletion	91
X	20605170	20605275	Deletion	105
X	20605179	20605275	Deletion	96
X	20605198	20605275	Deletion	77
X	20605241	20605275	Deletion	34
X	20612073	20605275	Deletion	6798
X	20612073	20612182	Deletion	109
X	20612073	20612167	Deletion	94
X	20612073	20612195	Deletion	122
X	20612073	20612189	Deletion	116
X	20612073	20612105	Deletion	32
X	20651021	20651082	Deletion	61
X	20651024	20651082	Deletion	58
X	20651036	20651082	Deletion	46
X	20651049	20651082	Deletion	33
X	20651416	20651527	Deletion	111
X	20651416	20651485	Deletion	69
X	20651416	20651482	Deletion	66
X	20651416	20651510	Deletion	94
X	20651416	20651497	Deletion	81
X	20664248	20664345	Deletion	97
X	20664256	20664345	Deletion	89
X	20664259	20664345	Deletion	86
X	20664279	20664345	Deletion	66
X	20667235	20664345	Deletion	2890
X	20667235	20667272	Deletion	37
X	20667235	20667275	Deletion	40
X	20723012	20723091	Deletion	79
X	20723045	20723091	Deletion	46
X	20723055	20723091	Deletion	36
X	20738562	20723091	Deletion	15471
X	20738562	20738653	Deletion	91
X	20738562	20738643	Deletion	81
X	20738562	20738610	Deletion	48
X	20739610	20739728	Deletion	118
X	20739643	20739728	Deletion	85
X	20739649	20739728	Deletion	79
X	20739667	20739728	Deletion	61
X	20739669	20739728	Deletion	59
X	20739670	20739728	Deletion	58
X	20739686	20739728	Deletion	42
X	20746139	20739728	Deletion	6411
X	20746139	20746180	Deletion	41
X	20746139	20746206	Deletion	67
X	20746139	20746186	Deletion	47
X	20746139	20746207	Deletion	68
X	20746139	20746240	Deletion	101
X	20746139	20746204	Deletion	65
X	20767139	20767234	Deletion	95
X	20767146	20767234	Deletion	88
X	20767162	20767234	Deletion	72
X	20767184	20767234	Deletion	50
X	20767186	20767234	Deletion	48
X	20769065	20767234	Deletion	1831
X	20769065	20769142	Deletion	77
X	20769065	20769167	Deletion	102
X	20769065	20769181	Deletion	116
X	20769065	20769104	Deletion	39
X	20769065	20769144	Deletion	79
X	20769065	20769097	Deletion	32
X	20782238	20782330	Deletion	92
X	20782247	20782330	Deletion	83
X	20782256	20782330	Deletion	74
X	20782265	20782330	Deletion	65
X	20782283	20782330	Deletion	47
X	20786092	20782330	Deletion	3762
X	20786092	20786172	Deletion	80
X	20786092	20786136	Deletion	44
X	20786092	20786154	Deletion	62
X	20786092	20786145	Deletion	53
X	20786092	20786127	Deletion	35
X	20788098	20788185	Deletion	87
X	20788114	20788185	Deletion	71
X	20788139	20788185	Deletion	46
X	20788142	20788185	Deletion	43
X	20788154	20788185	Deletion	31
X	20796345	20788185	Deletion	8160
X	20796345	20796375	Deletion	30
X	20796345	20796430	Deletion	85
X	20796345	20796427	Deletion	82
X	20796345	20796402	Deletion	57
X	20796345	20796386	Deletion	41
X	20796345	20796455	Deletion	110
X	20796390	20796476	Deletion	86
X	20796391	20796476	Deletion	85
X	20796401	20796476	Deletion	75
X	20796413	20796476	Deletion	63
X	20798683	20796476	Deletion	2207
X	20798683	20798724	Deletion	41
X	20798683	20798723	Deletion	40
X	20798683	20798795	Deletion	112
X	20798683	20798734	Deletion	51
X	20798683	20798799	Deletion	116
X	20813389	20813473	Deletion	84
X	20813399	20813473	Deletion	74
X	20813421	20813473	Deletion	52
X	20813430	20813473	Deletion	43
X	20813539	20813473	Deletion	66
X	20813539	20813636	Deletion	97
X	20813539	20813622	Deletion	83
X	20813539	20813591	Deletion	52
X	20813539	20813613	Deletion	74
X	20816163	20816249	Deletion	86
X	20816165	20816249	Deletion	84
X	20816168	20816249	Deletion	81
X	20816178	20816249	Deletion	71
X	20816199	20816246	Deletion	47
X	20816200	20816249	Deletion	49
X	20816201	20816249	Deletion	48
X	20819848	20816249	Deletion	3599
X	20819848	20819926	Deletion	78
X	20819848	20819924	Deletion	76
X	20819848	20819890	Deletion	42
X	20819848	20819893	Deletion	45
X	20819848	20819925	Deletion	77
X	20819848	20819971	Deletion	123
X	20819848	20819888	Deletion	40
X	20819848	20819903	Deletion	55
X	20824201	20824320	Deletion	119
X	20824206	20824320	Deletion	114
X	20824230	20824320	Deletion	90
X	20824254	20824320	Deletion	66
X	20824277	20824320	Deletion	43
X	20824278	20824320	Deletion	42
X	20824403	20824320	Deletion	83
X	20824403	20824487	Deletion	84
X	20824403	20824501	Deletion	98
X	20824403	20824440	Deletion	37
X	20824403	20824464	Deletion	61
X	20824403	20824523	Deletion	120
X	20833532	20833632	Deletion	100
X	20833538	20833632	Deletion	94
X	20833552	20833632	Deletion	80
X	20833559	20833632	Deletion	73
X	20833595	20833632	Deletion	37
X	20833952	20833632	Deletion	320
X	20833952	20834069	Deletion	117
X	20833952	20834041	Deletion	89
X	20833952	20833984	Deletion	32
X	20833952	20833998	Deletion	46
X	20920231	20920313	Deletion	82
X	20920263	20920313	Deletion	50
X	20920264	20920313	Deletion	49
X	20921719	20920313	Deletion	1406
X	20921719	20921751	Deletion	32
X	20921719	20921765	Deletion	46
X	20921719	20921797	Deletion	78
X	20921719	20921798	Deletion	79
X	20921724	20921813	Deletion	89
X	20921729	20921813	Deletion	84
X	20921734	20921813	Deletion	79
X	20921762	20921813	Deletion	51
X	20921773	20921813	Deletion	40
X	20921780	20921813	Deletion	33
X	20922205	20921813	Deletion	392
X	20922205	20922248	Deletion	43
X	20922205	20922299	Deletion	94
X	20922205	20922243	Deletion	38
X	20922205	20922281	Deletion	76
X	20922205	20922253	Deletion	48
X	20925091	20925205	Deletion	114
X	20925096	20925205	Deletion	109
X	20925099	20925205	Deletion	106
X	20925117	20925205	Deletion	88
X	20925161	20925205	Deletion	44
X	20930563	20930601	Deletion	38
X	20930563	20930645	Deletion	82
X	20932625	20932659	Deletion	34
X	20940486	20932659	Deletion	7827
X	20940486	20940580	Deletion	94
X	20940486	20940576	Deletion	90
X	20950388	20948991	Deletion	1397
X	20950388	20950510	Deletion	122
X	20958456	20958501	Deletion	45
X	20962580	20962696	Deletion	116
X	20962580	20962665	Deletion	85
X	20964834	20964932	Deletion	98
X	20964852	20964932	Deletion	80
X	20964868	20964932	Deletion	64
X	20964883	20964932	Deletion	49
X	20971242	20964932	Deletion	6310
X	20971242	20971349	Deletion	107
X	20971242	20971304	Deletion	62
X	20971242	20971319	Deletion	77
X	20971242	20971288	Deletion	46
X	20972683	20972788	Deletion	105
X	20972712	20972788	Deletion	76
X	20972731	20972788	Deletion	57
X	20973317	20972788	Deletion	529
X	20996034	20996115	Deletion	81
X	20996045	20996115	Deletion	70
X	20996070	20996115	Deletion	45
X	20996072	20996115	Deletion	43
X	20996083	20996115	Deletion	32
X	20997127	20996115	Deletion	1012
X	20997127	20997172	Deletion	45
X	20997127	20997223	Deletion	96
X	20997127	20997229	Deletion	102
X	20997127	20997185	Deletion	58
X	20997127	20997210	Deletion	83
X	20997127	20997248	Deletion	121
X	20997127	20997212	Deletion	85
X	21002005	21002118	Deletion	113
X	21002007	21002118	Deletion	111
X	21002009	21002118	Deletion	109
X	21002055	21002118	Deletion	63
X	21002061	21002118	Deletion	57
X	21002063	21002118	Deletion	55
X	21005818	21002118	Deletion	3700
X	21005818	21005890	Deletion	72
X	21005818	21005888	Deletion	70
X	21014257	21014293	Deletion	36
X	21014397	21014293	Deletion	104
X	21014397	21014488	Deletion	91
X	21014397	21014511	Deletion	114
X	21014397	21014508	Deletion	111
X	21014397	21014499	Deletion	102
X	21021531	21021649	Deletion	118
X	21021555	21021649	Deletion	94
X	21021569	21021649	Deletion	80
X	21021571	21021649	Deletion	78
X	21021574	21021649	Deletion	75
X	21021581	21021649	Deletion	68
X	21021594	21021649	Deletion	55
X	21028027	21021649	Deletion	6378
X	21028027	21028126	Deletion	99
X	21028027	21028138	Deletion	111
X	21028027	21028140	Deletion	113
X	21028027	21028059	Deletion	32
X	21028027	21028098	Deletion	71
X	21028027	21028078	Deletion	51
X	21028027	21028075	Deletion	48
X	21028027	21028085	Deletion	58
X	21033523	21033621	Deletion	98
X	21033525	21033621	Deletion	96
X	21034036	21033621	Deletion	415
X	21034036	21034156	Deletion	120
X	21034036	21034111	Deletion	75
X	21034036	21034122	Deletion	86
X	21034036	21034150	Deletion	114
X	21046492	21046546	Deletion	54
X	21046506	21046546	Deletion	40
X	21046513	21046546	Deletion	33
X	21051301	21046546	Deletion	4755
X	21051301	21051373	Deletion	72
X	21051301	21051407	Deletion	106
X	21051301	21051408	Deletion	107
X	21051301	21051394	Deletion	93
X	21051301	21051349	Deletion	48
X	21051301	21051414	Deletion	113
X	21096621	21096737	Deletion	116
X	21096629	21096737	Deletion	108
X	21097374	21096737	Deletion	637
X	21112883	21112963	Deletion	80
X	21112902	21112963	Deletion	61
X	21112923	21112963	Deletion	40
X	21112924	21112963	Deletion	39
X	21112932	21112963	Deletion	31
X	21113627	21112963	Deletion	664
X	21113627	21113715	Deletion	88
X	21113627	21113693	Deletion	66
X	21113627	21113674	Deletion	47
X	21113627	21113714	Deletion	87
X	21113627	21113733	Deletion	106
X	21113627	21113723	Deletion	96
X	21113627	21113738	Deletion	111
X	21114111	21114221	Deletion	110
X	21114132	21114221	Deletion	89
X	21114139	21114221	Deletion	82
X	21114140	21114221	Deletion	81
X	21114148	21114221	Deletion	73
X	21114178	21114221	Deletion	43
X	21114185	21114221	Deletion	36
X	21127433	21114221	Deletion	13212
X	21127433	21127550	Deletion	117
X	21127433	21127525	Deletion	92
X	21127433	21127533	Deletion	100
X	21127433	21127472	Deletion	39
X	21127433	21127479	Deletion	46
X	21127433	21127488	Deletion	55
X	21127433	21127518	Deletion	85
X	21132442	21132472	Deletion	30
X	21132654	21132472	Deletion	182
X	21132654	21132751	Deletion	97
X	21143136	21143224	Deletion	88
X	21148776	21148877	Deletion	101
X	21148776	21148835	Deletion	59
X	21148776	21148889	Deletion	113
X	21148776	21148817	Deletion	41
X	21148776	21148861	Deletion	85
X	21168766	21168834	Deletion	68
X	21172426	21172376	Deletion	50
X	21172426	21172528	Deletion	102
X	21207944	21208007	Deletion	63
X	21207965	21208007	Deletion	42
X	21207973	21208007	Deletion	34
X	21216941	21208007	Deletion	8934
X	21216941	21217058	Deletion	117
X	21216941	21217054	Deletion	113
X	21216941	21217033	Deletion	92
X	21216941	21217004	Deletion	63
X	21216941	21217025	Deletion	84
X	21259276	21259333	Deletion	57
X	21261083	21259333	Deletion	1750
X	21261083	21261153	Deletion	70
X	21261083	21261189	Deletion	106
X	21261083	21261141	Deletion	58
X	21268355	21265575	Deletion	2780
X	21279186	21279286	Deletion	100
X	21280959	21281071	Deletion	112
X	21280970	21281071	Deletion	101
X	21280978	21281071	Deletion	93
X	21280993	21281071	Deletion	78
X	21281000	21281071	Deletion	71
X	21281436	21281071	Deletion	365
X	21281436	21281470	Deletion	34
X	21281436	21281555	Deletion	119
X	21281436	21281485	Deletion	49
X	21290729	21290818	Deletion	89
X	21290740	21290818	Deletion	78
X	21290755	21290818	Deletion	63
X	21293422	21290818	Deletion	2604
X	21293422	21293470	Deletion	48
X	21293422	21293459	Deletion	37
X	21298887	21298993	Deletion	106
X	21298900	21298993	Deletion	93
X	21298915	21298993	Deletion	78
X	21298921	21298993	Deletion	72
X	21298926	21298993	Deletion	67
X	21298943	21298991	Deletion	48
X	21300803	21298993	Deletion	1810
X	21300803	21300855	Deletion	52
X	21300803	21300919	Deletion	116
X	21300803	21300883	Deletion	80
X	21300803	21300906	Deletion	103
X	21300803	21300840	Deletion	37
X	21300806	21300861	Deletion	55
X	21325106	21325198	Deletion	92
X	21325113	21325198	Deletion	85
X	21325120	21325197	Deletion	77
X	21325337	21325198	Deletion	139
X	21325337	21325447	Deletion	110
X	21325337	21325443	Deletion	106
X	21325337	21325385	Deletion	48
X	21325337	21325368	Deletion	31
X	21325337	21325371	Deletion	34
X	21336111	21336203	Deletion	92
X	21336137	21336203	Deletion	66
X	21336142	21336203	Deletion	61
X	21336143	21336203	Deletion	60
X	21336161	21336203	Deletion	42
X	21336166	21336203	Deletion	37
X	21336167	21336203	Deletion	36
X	21341137	21336203	Deletion	4934
X	21341137	21341228	Deletion	91
X	21341137	21341245	Deletion	108
X	21341137	21341198	Deletion	61
X	21341137	21341222	Deletion	85
X	21341137	21341172	Deletion	35
X	21341137	21341203	Deletion	66
X	21341137	21341204	Deletion	67
X	21375938	21376045	Deletion	107
X	21375945	21376045	Deletion	100
X	21375972	21376045	Deletion	73
X	21376005	21376045	Deletion	40
X	21376007	21376045	Deletion	38
X	21382688	21382789	Deletion	101
X	21382688	21382774	Deletion	86
X	21382688	21382776	Deletion	88
X	21382688	21382741	Deletion	53
X	21384390	21384470	Deletion	80
X	21384392	21384470	Deletion	78
X	21384412	21384470	Deletion	58
X	21384426	21384470	Deletion	44
X	21384431	21384470	Deletion	39
X	21384437	21384470	Deletion	33
X	21390195	21384470	Deletion	5725
X	21390195	21390288	Deletion	93
X	21390195	21390277	Deletion	82
X	21390195	21390282	Deletion	87
X	21390195	21390258	Deletion	63
X	21390195	21390316	Deletion	121
X	21390195	21390234	Deletion	39
X	21390195	21390308	Deletion	113
X	21404398	21404511	Deletion	113
X	21404399	21404511	Deletion	112
X	21404400	21404506	Deletion	106
X	21404418	21404511	Deletion	93
X	21404432	21404511	Deletion	79
X	21405190	21404511	Deletion	679
X	21405190	21405304	Deletion	114
X	21405190	21405289	Deletion	99
X	21405190	21405224	Deletion	34
X	21412700	21412796	Deletion	96
X	21412716	21412796	Deletion	80
X	21412721	21412796	Deletion	75
X	21412734	21412796	Deletion	62
X	21413061	21412796	Deletion	265
X	21413061	21413126	Deletion	65
X	21413061	21413113	Deletion	52
X	21413061	21413092	Deletion	31
X	21430361	21430472	Deletion	111
X	21430365	21430472	Deletion	107
X	21430382	21430472	Deletion	90
X	21430393	21430472	Deletion	79
X	21430399	21430472	Deletion	73
X	21430415	21430472	Deletion	57
X	21430423	21430472	Deletion	49
X	21430438	21430472	Deletion	34
X	21460296	21460409	Deletion	113
X	21460296	21460326	Deletion	30
X	21460296	21460411	Deletion	115
X	21463252	21463330	Deletion	78
X	21463252	21463373	Deletion	121
X	21471931	21472027	Deletion	96
X	21478833	21478913	Deletion	80
X	21478865	21478913	Deletion	48
X	21479235	21478913	Deletion	322
X	21479235	21479351	Deletion	116
X	21479235	21479358	Deletion	123
X	21479235	21479282	Deletion	47
X	21508075	21508191	Deletion	116
X	21508079	21508191	Deletion	112
X	21508082	21508191	Deletion	109
X	21508086	21508191	Deletion	105
X	21508100	21508191	Deletion	91
X	21508101	21508191	Deletion	90
X	21509004	21509040	Deletion	36
X	21526735	21526152	Deletion	583
X	21526735	21526823	Deletion	88
X	21546449	21546533	Deletion	84
X	21567588	21567668	Deletion	80
X	21567630	21567668	Deletion	38
X	21567914	21567668	Deletion	246
X	21567914	21568002	Deletion	88
X	21577015	21577104	Deletion	89
X	21577025	21577104	Deletion	79
X	21577028	21577104	Deletion	76
X	21577041	21577104	Deletion	63
X	21577070	21577104	Deletion	34
X	21577394	21577104	Deletion	290
X	21577394	21577491	Deletion	97
X	21577394	21577457	Deletion	63
X	21577394	21577486	Deletion	92
X	21577394	21577431	Deletion	37
X	21577394	21577441	Deletion	47
X	21585448	21585562	Deletion	114
X	21585507	21585562	Deletion	55
X	21585509	21585562	Deletion	53
X	21585515	21585562	Deletion	47
X	21587390	21585562	Deletion	1828
X	21587390	21587463	Deletion	73
X	21587390	21587511	Deletion	121
X	21587390	21587461	Deletion	71
X	21587390	21587469	Deletion	79
X	21596240	21596305	Deletion	65
X	21605754	21605288	Deletion	466
X	21605754	21605808	Deletion	54
X	21605754	21605874	Deletion	120
X	21605754	21605863	Deletion	109
X	21607766	21607827	Deletion	61
X	21613858	21613924	Deletion	66
X	21613858	21613919	Deletion	61
X	21616393	21616490	Deletion	97
X	21616394	21616490	Deletion	96
X	21616410	21616490	Deletion	80
X	21616412	21616490	Deletion	78
X	21616837	21616867	Deletion	30
X	21616837	21616886	Deletion	49
X	21619950	21620048	Deletion	98
X	21622945	21623013	Deletion	68
X	21625251	21625367	Deletion	116
X	21625407	21625491	Deletion	84
X	21625414	21625491	Deletion	77
X	21625423	21625491	Deletion	68
X	21625425	21625491	Deletion	66
X	21631369	21631419	Deletion	50
X	21631369	21631472	Deletion	103
X	21631369	21631430	Deletion	61
X	21631369	21631412	Deletion	43
X	21631369	21631403	Deletion	34
X	21631369	21631428	Deletion	59
X	21631369	21631481	Deletion	112
X	21655441	21655467	Deletion	26
X	21669957	21670014	Deletion	57
X	21669968	21670014	Deletion	46
X	21670638	21670014	Deletion	624
X	21670638	21670670	Deletion	32
X	21670638	21670714	Deletion	76
X	21670638	21670677	Deletion	39
X	21670638	21670709	Deletion	71
X	21671112	21670716	Deletion	396
X	21671112	21671228	Deletion	116
X	21671112	21671181	Deletion	69
X	21679762	21679810	Deletion	48
X	21680879	21680951	Deletion	72
X	21687920	21688033	Deletion	113
X	21687968	21687994	Deletion	26
X	21730913	21731018	Deletion	105
X	21730919	21731018	Deletion	99
X	21731272	21731018	Deletion	254
X	21731272	21731322	Deletion	50
X	21748243	21748364	Deletion	121
X	21748243	21748365	Deletion	122
X	21784295	21784406	Deletion	111
X	21794416	21794460	Deletion	44
X	21796141	21796184	Deletion	43
X	21796436	21796535	Deletion	99
X	21796436	21796521	Deletion	85
X	21798094	21798166	Deletion	72
X	21798095	21798166	Deletion	71
X	21798127	21798166	Deletion	39
X	21803144	21803178	Deletion	34
X	21805806	21805849	Deletion	43
X	21813243	21813340	Deletion	97
X	21817631	21817735	Deletion	104
X	21817632	21817735	Deletion	103
X	21833006	21833080	Deletion	74
X	21843366	21843450	Deletion	84
X	21844474	21844517	Deletion	43
X	21854361	21854465	Deletion	104
X	21854375	21854465	Deletion	90
X	21854377	21854465	Deletion	88
X	21854414	21854465	Deletion	51
X	21854433	21854465	Deletion	32
X	21856024	21856100	Deletion	76
X	21859591	21859626	Deletion	35
X	21872432	21872490	Deletion	58
X	21872432	21872543	Deletion	111
X	21873423	21873424	Deletion	1
X	21873956	21874023	Deletion	67
X	21876093	21876186	Deletion	93
X	21884009	21884094	Deletion	85
X	21891861	21891939	Deletion	78
X	21907114	21907215	Deletion	101
X	21907118	21907215	Deletion	97
X	21907126	21907215	Deletion	89
X	21907154	21907215	Deletion	61
X	21907162	21907215	Deletion	53
X	21907166	21907215	Deletion	49
X	21907169	21907215	Deletion	46
X	21907315	21907215	Deletion	100
X	21907315	21907370	Deletion	55
X	21907315	21907347	Deletion	32
X	21907315	21907434	Deletion	119
X	21908541	21908639	Deletion	98
X	21908554	21908639	Deletion	85
X	21908581	21908639	Deletion	58
X	21908588	21908639	Deletion	51
X	21912283	21912325	Deletion	42
X	21918457	21918557	Deletion	100
X	21918522	21918557	Deletion	35
X	21921757	21921841	Deletion	84
X	21921757	21921837	Deletion	80
X	21921757	21921849	Deletion	92
X	21923289	21923402	Deletion	113
X	21961139	21961246	Deletion	107
X	21961140	21961246	Deletion	106
X	21961151	21961246	Deletion	95
X	21961159	21961246	Deletion	87
X	21961177	21961246	Deletion	69
X	21961187	21961246	Deletion	59
X	21961190	21961246	Deletion	56
X	21962000	21961246	Deletion	754
X	21962000	21962039	Deletion	39
X	21962000	21962120	Deletion	120
X	21962000	21962031	Deletion	31
X	21962000	21962116	Deletion	116
X	21962000	21962070	Deletion	70
X	21962000	21962057	Deletion	57
X	22004534	22004553	Deletion	19
X	22008019	22008120	Deletion	101
X	22030664	22030739	Deletion	75
X	22031079	22031177	Deletion	98
X	22040613	22040712	Deletion	99
X	22040627	22040712	Deletion	85
X	22040662	22040712	Deletion	50
X	22040666	22040712	Deletion	46
X	22063774	22063812	Deletion	38
X	22097475	22097588	Deletion	113
X	22104493	22104600	Deletion	107
X	22113150	22113232	Deletion	82
X	22113169	22113232	Deletion	63
X	22113193	22113232	Deletion	39
X	22113196	22113232	Deletion	36
X	22113197	22113232	Deletion	35
X	22120132	22120222	Deletion	90
X	22120132	22120195	Deletion	63
X	22120132	22120219	Deletion	87
X	22120132	22120223	Deletion	91
X	22120132	22120163	Deletion	31
X	22137368	22135735	Deletion	1633
X	22137368	22137429	Deletion	61
X	22152086	22152194	Deletion	108
X	22163247	22163350	Deletion	103
X	22172889	22172945	Deletion	56
X	22177383	22177478	Deletion	95
X	22231772	22231874	Deletion	102
X	22231827	22231874	Deletion	47
X	22250522	22250622	Deletion	100
X	22250542	22250622	Deletion	80
X	22250548	22250622	Deletion	74
X	22257498	22257620	Deletion	122
X	22257537	22257620	Deletion	83
X	22257538	22257620	Deletion	82
X	22257544	22257620	Deletion	76
X	22257549	22257620	Deletion	71
X	22259551	22257620	Deletion	1931
X	22259551	22259603	Deletion	52
X	22259551	22259596	Deletion	45
X	22259551	22259668	Deletion	117
X	22259551	22259608	Deletion	57
X	22260449	22260554	Deletion	105
X	22260480	22260554	Deletion	74
X	22260494	22260554	Deletion	60
X	22260501	22260554	Deletion	53
X	22260654	22260554	Deletion	100
X	22260654	22260746	Deletion	92
X	22263804	22263845	Deletion	41
X	22266864	22266959	Deletion	95
X	22273776	22273829	Deletion	53
X	22281153	22281227	Deletion	74
X	22281192	22281227	Deletion	35
X	22281842	22281913	Deletion	71
X	22281842	22281938	Deletion	96
X	22282897	22282923	Deletion	26
X	22314923	22282923	Deletion	32000
X	22316140	22316205	Deletion	65
X	22317730	22317804	Deletion	74
X	22317748	22317804	Deletion	56
X	22317760	22317804	Deletion	44
X	22349804	22317804	Deletion	32000
X	22351379	22351468	Deletion	89
X	22351389	22351468	Deletion	79
X	22351758	22351868	Deletion	110
X	22351763	22351868	Deletion	105
X	22351880	22351971	Deletion	91
X	22354126	22354223	Deletion	97
X	22354141	22354228	Deletion	87
X	22354154	22354228	Deletion	74
X	22354170	22354228	Deletion	58
X	22354188	22354228	Deletion	40
X	22354328	22354228	Deletion	100
X	22354328	22354379	Deletion	51
X	22354328	22354406	Deletion	78
X	22354328	22354362	Deletion	34
X	22354328	22354400	Deletion	72
X	22354328	22354437	Deletion	109
X	22357299	22357354	Deletion	55
X	22363550	22363592	Deletion	42
X	22371795	22371888	Deletion	93
X	22371797	22371888	Deletion	91
X	22371813	22371888	Deletion	75
X	22372447	22371888	Deletion	559
X	22377275	22377368	Deletion	93
X	22378710	22377368	Deletion	1342
X	22378710	22378821	Deletion	111
X	22378710	22378761	Deletion	51
X	22380432	22380548	Deletion	116
X	22380450	22380548	Deletion	98
X	22380492	22380548	Deletion	56
X	22381890	22380548	Deletion	1342
X	22383608	22383032	Deletion	576
X	22383608	22383689	Deletion	81
X	22383608	22383641	Deletion	33
X	22383608	22383675	Deletion	67
X	22390177	22390244	Deletion	67
X	22390195	22390244	Deletion	49
X	22395632	22395674	Deletion	42
X	22395768	22395827	Deletion	59
X	22397861	22397977	Deletion	116
X	22397904	22397977	Deletion	73
X	22397936	22397977	Deletion	41
X	22398067	22397977	Deletion	90
X	22398067	22398159	Deletion	92
X	22398067	22398178	Deletion	111
X	22398067	22398120	Deletion	53
X	22400872	22400786	Deletion	86
X	22407018	22407131	Deletion	113
X	22407069	22407131	Deletion	62
X	22407083	22407131	Deletion	48
X	22408247	22408332	Deletion	85
X	22421109	22421184	Deletion	75
X	22438566	22438615	Deletion	49
X	22438897	22438973	Deletion	76
X	22466865	22466963	Deletion	98
X	22466866	22466963	Deletion	97
X	22466876	22466963	Deletion	87
X	22466882	22466963	Deletion	81
X	22466883	22466963	Deletion	80
X	22469319	22466963	Deletion	2356
X	22469319	22469429	Deletion	110
X	22469319	22469365	Deletion	46
X	22469319	22469364	Deletion	45
X	22472147	22472252	Deletion	105
X	22472160	22472252	Deletion	92
X	22472163	22472252	Deletion	89
X	22472218	22472252	Deletion	34
X	22474128	22472252	Deletion	1876
X	22474128	22474221	Deletion	93
X	22474128	22474166	Deletion	38
X	22493322	22493436	Deletion	114
X	22493389	22493436	Deletion	47
X	22493520	22493436	Deletion	84
X	22518256	22518372	Deletion	116
X	22518273	22518372	Deletion	99
X	22518318	22518372	Deletion	54
X	22518323	22518372	Deletion	49
X	22519140	22518372	Deletion	768
X	22519140	22519245	Deletion	105
X	22519140	22519255	Deletion	115
X	22519140	22519239	Deletion	99
X	22519140	22519212	Deletion	72
X	22552335	22552408	Deletion	73
X	22565035	22565123	Deletion	88
X	22565051	22565123	Deletion	72
X	22567947	22568042	Deletion	95
X	22571411	22571495	Deletion	84
X	22571411	22571465	Deletion	54
X	22580011	22580070	Deletion	59
X	22580026	22580070	Deletion	44
X	22580036	22580070	Deletion	34
X	22583572	22580070	Deletion	3502
X	22583572	22583630	Deletion	58
X	22583597	22583605	Deletion	8
X	22585397	22583630	Deletion	1767
X	22585397	22585458	Deletion	61
X	22585397	22585435	Deletion	38
X	22585397	22585497	Deletion	100
X	22603092	22603203	Deletion	111
X	22603111	22603203	Deletion	92
X	22603149	22603203	Deletion	54
X	22606683	22603203	Deletion	3480
X	22606683	22606758	Deletion	75
X	22606683	22606791	Deletion	108
X	22606683	22606795	Deletion	112
X	22656438	22656481	Deletion	43
X	22657908	22656481	Deletion	1427
X	22657908	22658024	Deletion	116
X	22657908	22657993	Deletion	85
X	22670060	22670171	Deletion	111
X	22670074	22670171	Deletion	97
X	22670082	22670171	Deletion	89
X	22670126	22670171	Deletion	45
X	22670140	22670171	Deletion	31
X	22675625	22670171	Deletion	5454
X	22675625	22675720	Deletion	95
X	22675625	22675735	Deletion	110
X	22675625	22675706	Deletion	81
X	22694093	22694151	Deletion	58
X	22695056	22694151	Deletion	905
X	22695056	22695125	Deletion	69
X	22695056	22695157	Deletion	101
X	22695056	22695164	Deletion	108
X	22704275	22701719	Deletion	2556
X	22704275	22704305	Deletion	30
X	22704275	22704311	Deletion	36
X	22704275	22704312	Deletion	37
X	22704275	22704395	Deletion	120
X	22704275	22704376	Deletion	101
X	22704275	22704325	Deletion	50
X	22724058	22724176	Deletion	118
X	22724079	22724176	Deletion	97
X	22724080	22724176	Deletion	96
X	22724111	22724176	Deletion	65
X	22724528	22724176	Deletion	352
X	22724528	22724558	Deletion	30
X	22724528	22724649	Deletion	121
X	22724528	22724589	Deletion	61
X	22725553	22725659	Deletion	106
X	22725558	22725659	Deletion	101
X	22725573	22725659	Deletion	86
X	22725583	22725659	Deletion	76
X	22725608	22725659	Deletion	51
X	22728015	22725659	Deletion	2356
X	22728015	22728067	Deletion	52
X	22728015	22728092	Deletion	77
X	22728015	22728134	Deletion	119
X	22735113	22735182	Deletion	69
X	22735118	22735182	Deletion	64
X	22739616	22735182	Deletion	4434
X	22739616	22739737	Deletion	121
X	22739616	22739716	Deletion	100
X	22739616	22739653	Deletion	37
X	22739616	22739673	Deletion	57
X	22743563	22743671	Deletion	108
X	22743576	22743671	Deletion	95
X	22743626	22743671	Deletion	45
X	22755287	22755391	Deletion	104
X	22755287	22755318	Deletion	31
X	22755287	22755368	Deletion	81
X	22756406	22756477	Deletion	71
X	22756409	22756477	Deletion	68
X	22756411	22756477	Deletion	66
X	22756425	22756477	Deletion	52
X	22756441	22756477	Deletion	36
X	22756446	22756477	Deletion	31
X	22759224	22756477	Deletion	2747
X	22759224	22759284	Deletion	60
X	22759224	22759279	Deletion	55
X	22759224	22759314	Deletion	90
X	22759224	22759260	Deletion	36
X	22759224	22759298	Deletion	74
X	22759224	22759282	Deletion	58
X	22759224	22759332	Deletion	108
X	22764970	22765071	Deletion	101
X	22764997	22765071	Deletion	74
X	22765010	22765071	Deletion	61
X	22794604	22794666	Deletion	62
X	22807401	22794666	Deletion	12735
X	22807401	22807465	Deletion	64
X	22807401	22807525	Deletion	124
X	22828289	22828362	Deletion	73
X	22828290	22828362	Deletion	72
X	22828308	22828362	Deletion	54
X	22828317	22828362	Deletion	45
X	22828322	22828362	Deletion	40
X	22831178	22828362	Deletion	2816
X	22831178	22831250	Deletion	72
X	22831178	22831221	Deletion	43
X	22831178	22831231	Deletion	53
X	22831178	22831259	Deletion	81
X	22831178	22831232	Deletion	54
X	22843554	22843609	Deletion	55
X	22849314	22843609	Deletion	5705
X	22849314	22849418	Deletion	104
X	22849314	22849385	Deletion	71
X	22870574	22870638	Deletion	64
X	22870593	22870638	Deletion	45
X	22870602	22870638	Deletion	36
X	22872126	22870638	Deletion	1488
X	22872126	22872188	Deletion	62
X	22872126	22872230	Deletion	104
X	22872126	22872207	Deletion	81
X	22872126	22872237	Deletion	111
X	22872126	22872216	Deletion	90
X	22872126	22872158	Deletion	32
X	22875121	22875239	Deletion	118
X	22875133	22875239	Deletion	106
X	22875158	22875239	Deletion	81
X	22875164	22875239	Deletion	75
X	22875194	22875239	Deletion	45
X	22887477	22887558	Deletion	81
X	22891997	22892036	Deletion	39
X	22892089	22892036	Deletion	53
X	22892089	22892174	Deletion	85
X	22892089	22892140	Deletion	51
X	22908364	22908440	Deletion	76
X	22908368	22908440	Deletion	72
X	22908945	22908999	Deletion	54
X	22908945	22908995	Deletion	50
X	22908949	22909047	Deletion	98
X	22918308	22918398	Deletion	90
X	22918344	22918398	Deletion	54
X	22924345	22918398	Deletion	5947
X	22924345	22924381	Deletion	36
X	22924345	22924465	Deletion	120
X	22924345	22924417	Deletion	72
X	22953157	22953202	Deletion	45
X	22966019	22966110	Deletion	91
X	22966049	22966110	Deletion	61
X	22966069	22966110	Deletion	41
X	22966077	22966110	Deletion	33
X	22981362	22981477	Deletion	115
X	22981362	22981428	Deletion	66
X	22981362	22981448	Deletion	86
X	22981362	22981456	Deletion	94
X	22993338	22990577	Deletion	2761
X	23016459	23016572	Deletion	113
X	23016482	23016572	Deletion	90
X	23016521	23016572	Deletion	51
X	23016529	23016572	Deletion	43
X	23019657	23019692	Deletion	35
X	23019657	23019766	Deletion	109
X	23019657	23019755	Deletion	98
X	23019657	23019740	Deletion	83
X	23042207	23042316	Deletion	109
X	23042213	23042316	Deletion	103
X	23042233	23042316	Deletion	83
X	23042247	23042316	Deletion	69
X	23042255	23042316	Deletion	61
X	23042266	23042316	Deletion	50
X	23042283	23042316	Deletion	33
X	23042286	23042316	Deletion	30
X	23047834	23042316	Deletion	5518
X	23047834	23047929	Deletion	95
X	23047834	23047879	Deletion	45
X	23047834	23047936	Deletion	102
X	23047834	23047893	Deletion	59
X	23047834	23047912	Deletion	78
X	23047834	23047932	Deletion	98
X	23047835	23047901	Deletion	66
X	23079619	23079705	Deletion	86
X	23079653	23079705	Deletion	52
X	23079666	23079705	Deletion	39
X	23079671	23079705	Deletion	34
X	23080965	23079705	Deletion	1260
X	23080965	23081006	Deletion	41
X	23080965	23081053	Deletion	88
X	23080965	23081065	Deletion	100
X	23080965	23081040	Deletion	75
X	23080965	23081077	Deletion	112
X	23080965	23081063	Deletion	98
X	23093785	23093845	Deletion	60
X	23093814	23093845	Deletion	31
X	23096012	23096108	Deletion	96
X	23096012	23096132	Deletion	120
X	23096012	23096079	Deletion	67
X	23099367	23099472	Deletion	105
X	23099380	23099472	Deletion	92
X	23099386	23099472	Deletion	86
X	23099422	23099472	Deletion	50
X	23099433	23099472	Deletion	39
X	23101861	23099472	Deletion	2389
X	23101861	23101948	Deletion	87
X	23101861	23101901	Deletion	40
X	23101861	23101895	Deletion	34
X	23101861	23101974	Deletion	113
X	23101861	23101971	Deletion	110
X	23110965	23111013	Deletion	48
X	23121177	23121207	Deletion	30
X	23121177	23121301	Deletion	124
X	23121177	23121262	Deletion	85
X	23121177	23121295	Deletion	118
X	23132948	23133071	Deletion	123
X	23147068	23147190	Deletion	122
X	23159183	23159227	Deletion	44
X	23160606	23160687	Deletion	81
X	23160606	23160718	Deletion	112
X	23165124	23165243	Deletion	119
X	23165124	23165221	Deletion	97
X	23165124	23165225	Deletion	101
X	23165124	23165226	Deletion	102
X	23165124	23165206	Deletion	82
X	23170681	23170569	Deletion	112
X	23170681	23170787	Deletion	106
X	23170681	23170796	Deletion	115
X	23170681	23170769	Deletion	88
X	23170682	23170744	Deletion	62
X	23179994	23180084	Deletion	90
X	23180042	23180084	Deletion	42
X	23180046	23180084	Deletion	38
X	23180133	23180084	Deletion	49
X	23180133	23180171	Deletion	38
X	23180133	23180223	Deletion	90
X	23180133	23180249	Deletion	116
X	23194890	23194961	Deletion	71
X	23194916	23194961	Deletion	45
X	23194919	23194961	Deletion	42
X	23194927	23194961	Deletion	34
X	23195060	23194961	Deletion	99
X	23195060	23195144	Deletion	84
X	23195060	23195170	Deletion	110
X	23195060	23195115	Deletion	55
X	23195060	23195184	Deletion	124
X	23195060	23195152	Deletion	92
X	23195060	23195141	Deletion	81
X	23201766	23201882	Deletion	116
X	23201781	23201882	Deletion	101
X	23201794	23201882	Deletion	88
X	23201796	23201882	Deletion	86
X	23201797	23201882	Deletion	85
X	23201809	23201882	Deletion	73
X	23201811	23201882	Deletion	71
X	23201815	23201882	Deletion	67
X	23201835	23201882	Deletion	47
X	23201838	23201882	Deletion	44
X	23210079	23210120	Deletion	41
X	23210079	23210158	Deletion	79
X	23210079	23210117	Deletion	38
X	23210079	23210161	Deletion	82
X	23210079	23210134	Deletion	55
X	23210079	23210138	Deletion	59
X	23210079	23210197	Deletion	118
X	23210079	23210185	Deletion	106
X	23210079	23210132	Deletion	53
X	23214650	23214752	Deletion	102
X	23214655	23214752	Deletion	97
X	23219581	23219368	Deletion	213
X	23223109	23223219	Deletion	110
X	23223160	23223219	Deletion	59
X	23223627	23223219	Deletion	408
X	23223627	23223694	Deletion	67
X	23223627	23223732	Deletion	105
X	23248111	23248187	Deletion	76
X	23257392	23257510	Deletion	118
X	23257459	23257510	Deletion	51
X	23257460	23257510	Deletion	50
X	23257480	23257510	Deletion	30
X	23258256	23258357	Deletion	101
X	23258256	23258368	Deletion	112
X	23258256	23258370	Deletion	114
X	23269499	23269573	Deletion	74
X	23277892	23277970	Deletion	78
X	23277903	23277970	Deletion	67
X	23278034	23277970	Deletion	64
X	23278034	23278142	Deletion	108
X	23278034	23278141	Deletion	107
X	23278034	23278134	Deletion	100
X	23278034	23278139	Deletion	105
X	23278034	23278154	Deletion	120
X	23278034	23278156	Deletion	122
X	23278034	23278093	Deletion	59
X	23278034	23278066	Deletion	32
X	23282114	23282206	Deletion	92
X	23286391	23286494	Deletion	103
X	23286407	23286494	Deletion	87
X	23288350	23288415	Deletion	65
X	23288995	23288415	Deletion	580
X	23296388	23296494	Deletion	106
X	23310062	23310146	Deletion	84
X	23313774	23313890	Deletion	116
X	23313774	23313886	Deletion	112
X	23313774	23313889	Deletion	115
X	23321075	23321165	Deletion	90
X	23321121	23321165	Deletion	44
X	23321265	23321165	Deletion	100
X	23321265	23321354	Deletion	89
X	23321265	23321357	Deletion	92
X	23321265	23321336	Deletion	71
X	23321265	23321364	Deletion	99
X	23321265	23321362	Deletion	97
X	23321871	23321957	Deletion	86
X	23321878	23321957	Deletion	79
X	23324122	23324233	Deletion	111
X	23324290	23324390	Deletion	100
X	23327325	23327383	Deletion	58
X	23329569	23329654	Deletion	85
X	23332657	23332767	Deletion	110
X	23332702	23332767	Deletion	65
X	23336832	23336120	Deletion	712
X	23344873	23344940	Deletion	67
X	23344904	23344940	Deletion	36
X	23347750	23347852	Deletion	102
X	23356529	23356567	Deletion	38
X	23358067	23358105	Deletion	38
X	23358067	23358157	Deletion	90
X	23358067	23358183	Deletion	116
X	23358067	23358158	Deletion	91
X	23358067	23358173	Deletion	106
X	23382442	23382515	Deletion	73
X	23386585	23386691	Deletion	106
X	23386625	23386691	Deletion	66
X	23386631	23386691	Deletion	60
X	23386641	23386691	Deletion	50
X	23392884	23393001	Deletion	117
X	23392884	23392985	Deletion	101
X	23392884	23392953	Deletion	69
X	23392884	23392991	Deletion	107
X	23392884	23392947	Deletion	63
X	23403088	23403168	Deletion	80
X	23412237	23412306	Deletion	69
X	23417339	23415858	Deletion	1481
X	23433169	23433256	Deletion	87
X	23433169	23433279	Deletion	110
X	23433169	23433288	Deletion	119
X	23434511	23434614	Deletion	103
X	23437129	23437174	Deletion	45
X	23437314	23437174	Deletion	140
X	23437843	23437357	Deletion	486
X	23438291	23437903	Deletion	388
X	23438291	23438366	Deletion	75
X	23438296	23438402	Deletion	106
X	23439151	23439250	Deletion	99
X	23456100	23456220	Deletion	120
X	23457474	23457557	Deletion	83
X	23457474	23457596	Deletion	122
X	23461503	23461584	Deletion	81
X	23461511	23461587	Deletion	76
X	23461552	23461589	Deletion	37
X	23461558	23461589	Deletion	31
X	23467156	23467224	Deletion	68
X	23467156	23467223	Deletion	67
X	23473824	23473918	Deletion	94
X	23473851	23473918	Deletion	67
X	23473863	23473918	Deletion	55
X	23473873	23473918	Deletion	45
X	23473893	23473918	Deletion	25
X	23474018	23473918	Deletion	100
X	23474018	23474049	Deletion	31
X	23474018	23474103	Deletion	85
X	23485683	23485738	Deletion	55
X	23496099	23496150	Deletion	51
X	23501089	23501126	Deletion	37
X	23509704	23509818	Deletion	114
X	23509711	23509818	Deletion	107
X	23509738	23509818	Deletion	80
X	23509771	23509818	Deletion	47
X	23509781	23509818	Deletion	37
X	23510504	23510593	Deletion	89
X	23510504	23510550	Deletion	46
X	23510504	23510619	Deletion	115
X	23514018	23514120	Deletion	102
X	23514018	23514139	Deletion	121
X	23514018	23514054	Deletion	36
X	23519258	23519254	Deletion	4
X	23534448	23534534	Deletion	86
X	23534456	23534534	Deletion	78
X	23534468	23534534	Deletion	66
X	23534913	23534534	Deletion	379
X	23534913	23534961	Deletion	48
X	23540346	23540402	Deletion	56
Y	1409	1490	Deletion	81
Y	1451	1490	Deletion	39
Y	8990	1490	Deletion	7500
Y	8990	9036	Deletion	46
Y	14280	14338	Deletion	58
Y	14287	14338	Deletion	51
Y	14441	14338	Deletion	103
Y	14441	14473	Deletion	32
Y	14441	14557	Deletion	116
Y	14441	14544	Deletion	103
Y	14441	14512	Deletion	71
Y	14441	14518	Deletion	77
Y	14441	14546	Deletion	105
Y	22024	22086	Deletion	62
Y	22186	22086	Deletion	100
Y	22186	22268	Deletion	82
Y	22186	22217	Deletion	31
Y	22476	22547	Deletion	71
Y	22485	22547	Deletion	62
Y	22647	22547	Deletion	100
Y	22647	22730	Deletion	83
Y	22647	22737	Deletion	90
Y	22647	22685	Deletion	38
Y	25416	25521	Deletion	105
Y	25467	25521	Deletion	54
Y	25472	25521	Deletion	49
Y	25487	25520	Deletion	33
Y	27583	25521	Deletion	2062
Y	27583	27675	Deletion	92
Y	27583	27660	Deletion	77
Y	27583	27655	Deletion	72
Y	37460	37544	Deletion	84
Y	37469	37544	Deletion	75
Y	37484	37544	Deletion	60
Y	50273	50309	Deletion	36
Y	50984	50309	Deletion	675
Y	50984	51076	Deletion	92
Y	50984	51071	Deletion	87
Y	58104	58148	Deletion	44
Y	58109	58148	Deletion	39
Y	59069	58148	Deletion	921
Y	59069	59191	Deletion	122
Y	59069	59135	Deletion	66
Y	59069	59154	Deletion	85
Y	60132	60241	Deletion	109
Y	63814	63857	Deletion	43
Y	70202	70283	Deletion	81
Y	71136	71222	Deletion	86
Y	71185	71222	Deletion	37
Y	72910	72946	Deletion	36
Y	79981	80021	Deletion	40
Y	82104	82146	Deletion	42
Y	82104	82194	Deletion	90
Y	83066	83124	Deletion	58
Y	83079	83124	Deletion	45
Y	83224	83124	Deletion	100
Y	83224	83250	Deletion	26
Y	83224	83301	Deletion	77
Y	83224	83320	Deletion	96
Y	83224	83304	Deletion	80
Y	84179	84294	Deletion	115
Y	84186	84294	Deletion	108
Y	84206	84294	Deletion	88
Y	84208	84294	Deletion	86
Y	84215	84294	Deletion	79
Y	84219	84294	Deletion	75
Y	84226	84294	Deletion	68
Y	84259	84294	Deletion	35
Y	85609	84294	Deletion	1315
Y	85609	85647	Deletion	38
Y	85609	85667	Deletion	58
Y	85609	85649	Deletion	40
Y	85609	85660	Deletion	51
Y	85609	85719	Deletion	110
Y	85609	85723	Deletion	114
Y	85609	85656	Deletion	47
Y	87316	87411	Deletion	95
Y	87370	87411	Deletion	41
Y	87373	87411	Deletion	38
Y	87911	87411	Deletion	500
Y	87911	87947	Deletion	36
Y	87911	87930	Deletion	19
Y	87911	87940	Deletion	29
Y	87911	88000	Deletion	89
Y	87911	88003	Deletion	92
Y	87911	88013	Deletion	102
Y	88606	88684	Deletion	78
Y	88607	88684	Deletion	77
Y	88617	88684	Deletion	67
Y	88653	88684	Deletion	31
Y	88784	88684	Deletion	100
Y	88784	88899	Deletion	115
Y	88784	88806	Deletion	22
Y	88784	88887	Deletion	103
Y	88784	88872	Deletion	88
Y	88785	88878	Deletion	93
Y	90135	90199	Deletion	64
Y	90137	90199	Deletion	62
Y	90402	90199	Deletion	203
Y	90402	90518	Deletion	116
Y	90402	90526	Deletion	124
Y	90402	90456	Deletion	54
Y	90402	90467	Deletion	65
Y	92462	92562	Deletion	100
Y	92487	92562	Deletion	75
Y	92503	92562	Deletion	59
Y	92506	92562	Deletion	56
Y	92527	92562	Deletion	35
Y	92529	92562	Deletion	33
Y	92935	93056	Deletion	121
Y	92935	93028	Deletion	93
Y	92935	92986	Deletion	51
Y	92935	93030	Deletion	95
Y	92935	93053	Deletion	118
Y	92935	93002	Deletion	67
Y	92935	93005	Deletion	70
Y	95951	96044	Deletion	93
Y	96007	96044	Deletion	37
Y	99074	96044	Deletion	3030
Y	99074	99175	Deletion	101
Y	99074	99180	Deletion	106
Y	99074	99108	Deletion	34
Y	103081	103137	Deletion	56
Y	103095	103137	Deletion	42
Y	103103	103137	Deletion	34
Y	103107	103137	Deletion	30
Y	104025	103137	Deletion	888
Y	104025	104095	Deletion	70
Y	104025	104121	Deletion	96
Y	104025	104117	Deletion	92
Y	104025	104109	Deletion	84
Y	104025	104058	Deletion	33
Y	110560	110667	Deletion	107
Y	110596	110667	Deletion	71
Y	110610	110667	Deletion	57
Y	110618	110667	Deletion	49
Y	110967	110667	Deletion	300
Y	110967	111002	Deletion	35
Y	110967	111082	Deletion	115
Y	110967	111029	Deletion	62
Y	110967	110988	Deletion	21
Y	110967	111067	Deletion	100
Y	124057	124109	Deletion	52
Y	124066	124109	Deletion	43
Y	124079	124109	Deletion	30
Y	124209	124308	Deletion	99
Y	124209	124274	Deletion	65
Y	124209	124299	Deletion	90
Y	124244	124276	Deletion	32
Y	126553	126616	Deletion	63
Y	132338	132438	Deletion	100
Y	132338	132437	Deletion	99
Y	132338	132399	Deletion	61
Y	137164	137254	Deletion	90
Y	137210	137254	Deletion	44
Y	137231	137254	Deletion	23
Y	137354	137254	Deletion	100
Y	137354	137384	Deletion	30
Y	137354	137464	Deletion	110
Y	137354	137466	Deletion	112
Y	137455	137530	Deletion	75
Y	137462	137530	Deletion	68
Y	137468	137530	Deletion	62
Y	137490	137530	Deletion	40
Y	137630	137530	Deletion	100
Y	137630	137690	Deletion	60
Y	137630	137721	Deletion	91
Y	137630	137747	Deletion	117
Y	137630	137694	Deletion	64
Y	137630	137717	Deletion	87
Y	138474	138584	Deletion	110
Y	138474	138584	Deletion	110
Y	138495	138580	Deletion	85
Y	138504	138584	Deletion	80
Y	138547	138584	Deletion	37
Y	146084	138584	Deletion	7500
Y	146084	146186	Deletion	102
Y	146084	146160	Deletion	76
Y	146084	146144	Deletion	60
Y	146084	146176	Deletion	92
Y	148808	148890	Deletion	82
Y	148820	148890	Deletion	70
Y	148855	148890	Deletion	35
Y	148990	148890	Deletion	100
Y	148990	149095	Deletion	105
Y	148990	149066	Deletion	76
Y	185875	185991	Deletion	116
Y	185918	185991	Deletion	73
Y	185949	185991	Deletion	42
Y	186395	185991	Deletion	404
Y	186395	186494	Deletion	99
Y	186395	186480	Deletion	85
Y	186395	186449	Deletion	54
Y	200819	200877	Deletion	58
Y	200839	200877	Deletion	38
Y	203437	200877	Deletion	2560
Y	203462	203538	Deletion	76
Y	203507	203553	Deletion	46
Y	203587	203534	Deletion	53
Y	212869	212921	Deletion	52
Y	219853	219887	Deletion	34
Y	223547	223652	Deletion	105
Y	223559	223652	Deletion	93
Y	223570	223652	Deletion	82
Y	223577	223652	Deletion	75
Y	223580	223652	Deletion	72
Y	223590	223652	Deletion	62
Y	227836	227893	Deletion	57
Y	233695	233750	Deletion	55
Y	234361	234471	Deletion	110
Y	234521	234471	Deletion	50
Y	234521	234582	Deletion	61
Y	235591	235698	Deletion	107
Y	235615	235698	Deletion	83
Y	235616	235698	Deletion	82
Y	237399	237512	Deletion	113
Y	237399	237510	Deletion	111
Y	238600	238682	Deletion	82
Y	240258	240352	Deletion	94
Y	240281	240352	Deletion	71
Y	240286	240352	Deletion	66
Y	240852	240352	Deletion	500
Y	240852	240971	Deletion	119
Y	240852	240954	Deletion	102
Y	240852	240928	Deletion	76
Y	240852	240911	Deletion	59
Y	240856	240925	Deletion	69
Y	242061	242135	Deletion	74
Y	242635	242135	Deletion	500
Y	242635	242727	Deletion	92
Y	242635	242712	Deletion	77
Y	242635	242701	Deletion	66
Y	242635	242694	Deletion	59
Y	247432	247539	Deletion	107
Y	247443	247539	Deletion	96
Y	247444	247539	Deletion	95
Y	247475	247539	Deletion	64
Y	254397	247539	Deletion	6858
Y	254397	254462	Deletion	65
Y	254397	254431	Deletion	34
Y	254397	254430	Deletion	33
Y	258125	258233	Deletion	108
Y	260039	260151	Deletion	112
Y	260077	260151	Deletion	74
Y	260251	260151	Deletion	100
Y	260251	260329	Deletion	78
Y	260251	260296	Deletion	45
Y	260251	260358	Deletion	107
Y	260251	260335	Deletion	84
Y	268012	268114	Deletion	102
Y	268021	268114	Deletion	93
Y	268072	268114	Deletion	42
Y	272571	272605	Deletion	34
Y	272571	272685	Deletion	114
Y	272571	272689	Deletion	118
Y	272571	272627	Deletion	56
Y	273583	273673	Deletion	90
Y	273632	273673	Deletion	41
Y	277657	277755	Deletion	98
Y	277657	277743	Deletion	86
Y	280108	280172	Deletion	64
Y	282669	280167	Deletion	2502
Y	282669	282787	Deletion	118
Y	282669	282771	Deletion	102
Y	285042	285127	Deletion	85
Y	285049	285127	Deletion	78
Y	285062	285127	Deletion	65
Y	285072	285127	Deletion	55
Y	285078	285127	Deletion	49
Y	285085	285127	Deletion	42
Y	285104	285127	Deletion	23
Y	285227	285127	Deletion	100
Y	285227	285246	Deletion	19
Y	285227	285346	Deletion	119
Y	304047	304164	Deletion	117
Y	304047	304082	Deletion	35
Y	305183	305267	Deletion	84
Y	305195	305267	Deletion	72
Y	305225	305267	Deletion	42
Y	305228	305267	Deletion	39
Y	309612	309696	Deletion	84
Y	309612	309666	Deletion	54
Y	309612	309654	Deletion	42
Y	312909	312986	Deletion	77
Y	312910	312986	Deletion	76
Y	318160	318207	Deletion	47
Y	334582	318207	Deletion	16375
Y	334598	334646	Deletion	48
Y	334732	334646	Deletion	86
Y	334732	334813	Deletion	81
Y	334732	334776	Deletion	44
Y	334732	334783	Deletion	51
Y	334732	334811	Deletion	79
Y	334732	334817	Deletion	85
Y	334732	334832	Deletion	100
Y	334732	334767	Deletion	35
Y	334732	334784	Deletion	52
Y	340921	340980	Deletion	59
Y	340927	340980	Deletion	53
Y	340933	340980	Deletion	47
Y	340935	340980	Deletion	45
Y	345817	340980	Deletion	4837
Y	349762	349839	Deletion	77
Y	350233	350112	Deletion	121
Y	350233	350333	Deletion	100
Y	350233	350334	Deletion	101
Y	350233	350315	Deletion	82
Y	350233	350285	Deletion	52
Y	351963	352081	Deletion	118
Y	351976	352081	Deletion	105
Y	351995	352081	Deletion	86
Y	352006	352081	Deletion	75
Y	352025	352081	Deletion	56
Y	352031	352081	Deletion	50
Y	352033	352081	Deletion	48
Y	352035	352081	Deletion	46
Y	352781	352081	Deletion	700
Y	352781	352823	Deletion	42
Y	352781	352874	Deletion	93
Y	352781	352817	Deletion	36
Y	352781	352804	Deletion	23
Y	352781	352867	Deletion	86
Y	352781	352843	Deletion	62
Y	352781	352886	Deletion	105
Y	352781	352890	Deletion	109
Y	353143	353242	Deletion	99
Y	353147	353242	Deletion	95
Y	353154	353242	Deletion	88
Y	353172	353242	Deletion	70
Y	353191	353242	Deletion	51
Y	353342	353242	Deletion	100
Y	364675	364712	Deletion	37
Y	364770	364867	Deletion	97
Y	364770	364838	Deletion	68
Y	376052	376151	Deletion	99
Y	376121	376151	Deletion	30
Y	376209	376254	Deletion	45
Y	376209	376264	Deletion	55
Y	376209	376308	Deletion	99
Y	376209	376289	Deletion	80
Y	384494	384560	Deletion	66
Y	386436	386366	Deletion	70
Y	392510	392589	Deletion	79
Y	392510	392596	Deletion	86
Y	404519	404591	Deletion	72
Y	404660	404591	Deletion	69
Y	408128	408226	Deletion	98
Y	408966	409035	Deletion	69
Y	410250	410311	Deletion	61
Y	410450	410523	Deletion	73
Y	413004	413093	Deletion	89
Y	413032	413093	Deletion	61
Y	413042	413093	Deletion	51
Y	417223	417076	Deletion	147
Y	417223	417299	Deletion	76
Y	417223	417289	Deletion	66
Y	417223	417312	Deletion	89
Y	417223	417326	Deletion	103
Y	418784	418889	Deletion	105
Y	418784	418844	Deletion	60
Y	418784	418850	Deletion	66
Y	421319	421439	Deletion	120
Y	421331	421439	Deletion	108
Y	421338	421439	Deletion	101
Y	421401	421439	Deletion	38
Y	421933	421439	Deletion	494
Y	423446	423534	Deletion	88
Y	423484	423534	Deletion	50
Y	423491	423534	Deletion	43
Y	423584	423534	Deletion	50
Y	423584	423623	Deletion	39
Y	423584	423707	Deletion	123
Y	423584	423703	Deletion	119
Y	423584	423661	Deletion	77
Y	424228	424337	Deletion	109
Y	424244	424337	Deletion	93
Y	424249	424337	Deletion	88
Y	424250	424337	Deletion	87
Y	424269	424337	Deletion	68
Y	424292	424337	Deletion	45
Y	424449	424337	Deletion	112
Y	439195	438728	Deletion	467
Y	439195	439235	Deletion	40
Y	439199	439278	Deletion	79
Y	445901	446002	Deletion	101
Y	445901	445961	Deletion	60
Y	456414	455510	Deletion	904
Y	456414	456535	Deletion	121
Y	456414	456453	Deletion	39
Y	463485	463563	Deletion	78
Y	473529	473565	Deletion	36
Y	473665	473565	Deletion	100
Y	473665	473694	Deletion	29
Y	473665	473736	Deletion	71
Y	473665	473687	Deletion	22
Y	473665	473705	Deletion	40
Y	478291	478380	Deletion	89
Y	478315	478380	Deletion	65
Y	478469	478588	Deletion	119
Y	478469	478566	Deletion	97
Y	478469	478506	Deletion	37
Y	482979	483018	Deletion	39
Y	484018	484086	Deletion	68
Y	487018	487122	Deletion	104
Y	487025	487122	Deletion	97
Y	487027	487122	Deletion	95
Y	487057	487122	Deletion	65
Y	487078	487122	Deletion	44
Y	494819	487122	Deletion	7697
Y	494819	494902	Deletion	83
Y	494819	494881	Deletion	62
Y	494819	494849	Deletion	30
Y	494819	494934	Deletion	115
Y	497095	497185	Deletion	90
Y	497104	497185	Deletion	81
Y	497285	497185	Deletion	100
Y	497285	497398	Deletion	113
Y	497285	497322	Deletion	37
Y	497285	497361	Deletion	76
Y	509783	509883	Deletion	100
Y	509788	509883	Deletion	95
Y	509806	509847	Deletion	41
Y	509822	509883	Deletion	61
Y	509828	509883	Deletion	55
Y	509838	509883	Deletion	45
Y	509848	509883	Deletion	35
Y	509857	509883	Deletion	26
Y	509983	509883	Deletion	100
Y	509983	510080	Deletion	97
Y	509983	510026	Deletion	43
Y	509983	510024	Deletion	41
Y	509983	510088	Deletion	105
Y	509983	510015	Deletion	32
Y	509983	510082	Deletion	99
Y	530151	522151	Deletion	8000
Y	530151	530227	Deletion	76
Y	530151	530220	Deletion	69
Y	531323	531415	Deletion	92
Y	531325	531415	Deletion	90
Y	531336	531415	Deletion	79
Y	535415	531415	Deletion	4000
Y	535415	535457	Deletion	42
Y	535415	535478	Deletion	63
Y	535415	535477	Deletion	62
Y	535415	535527	Deletion	112
Y	535415	535450	Deletion	35
Y	535415	535486	Deletion	71
Y	535415	535525	Deletion	110
Y	535415	535524	Deletion	109
Y	535415	535475	Deletion	60
Y	535415	535490	Deletion	75
Y	535415	535494	Deletion	79
Y	542241	542319	Deletion	78
Y	542287	542319	Deletion	32
Y	557766	557868	Deletion	102
Y	557771	557868	Deletion	97
Y	557793	557868	Deletion	75
Y	557848	557868	Deletion	20
Y	557968	557868	Deletion	100
Y	557968	558048	Deletion	80
Y	561509	561623	Deletion	114
Y	561785	561840	Deletion	55
Y	561793	561840	Deletion	47
Y	561808	561889	Deletion	81
Y	562010	561910	Deletion	100
Y	562010	562055	Deletion	45
Y	562010	562107	Deletion	97
Y	562010	562092	Deletion	82
Y	562010	562033	Deletion	23
Y	562209	562297	Deletion	88
Y	562224	562297	Deletion	73
Y	562225	562297	Deletion	72
Y	562262	562297	Deletion	35
Y	563218	562297	Deletion	921
Y	563218	563271	Deletion	53
Y	563218	563249	Deletion	31
Y	563218	563256	Deletion	38
Y	563218	563309	Deletion	91
Y	563218	563272	Deletion	54
Y	563218	563318	Deletion	100
Y	564041	564137	Deletion	96
Y	564045	564137	Deletion	92
Y	564050	564137	Deletion	87
Y	564237	564137	Deletion	100
Y	564237	564322	Deletion	85
Y	564237	564331	Deletion	94
Y	564237	564344	Deletion	107
Y	564237	564265	Deletion	28
Y	564237	564285	Deletion	48
Y	564237	564346	Deletion	109
Y	564242	564268	Deletion	26
Y	564738	564811	Deletion	73
Y	564748	564811	Deletion	63
Y	564772	564811	Deletion	39
Y	564785	564811	Deletion	26
Y	572811	572890	Deletion	79
Y	572811	572847	Deletion	36
Y	572811	572931	Deletion	120
Y	573704	573757	Deletion	53
Y	573726	573757	Deletion	31
Y	573733	573757	Deletion	24
Y	581757	573757	Deletion	8000
Y	581757	581826	Deletion	69
Y	581757	581834	Deletion	77
Y	581757	581825	Deletion	68
Y	581757	581871	Deletion	114
Y	582167	582268	Deletion	101
Y	582176	582268	Deletion	92
Y	582186	582268	Deletion	82
Y	582187	582268	Deletion	81
Y	582193	582268	Deletion	75
Y	582368	582268	Deletion	100
Y	582368	582418	Deletion	50
Y	582368	582454	Deletion	86
Y	583031	583149	Deletion	118
Y	583071	583149	Deletion	78
Y	583084	583149	Deletion	65
Y	583096	583149	Deletion	53
Y	583099	583149	Deletion	50
Y	597788	597836	Deletion	48
Y	597788	597864	Deletion	76
Y	597788	597849	Deletion	61
Y	599001	599090	Deletion	89
Y	599002	599090	Deletion	88
Y	599007	599090	Deletion	83
Y	599020	599090	Deletion	70
Y	599034	599090	Deletion	56
Y	603891	604000	Deletion	109
Y	605608	605662	Deletion	54
Y	608910	608981	Deletion	71
Y	608914	609029	Deletion	115
Y	624606	624663	Deletion	57
Y	624606	624708	Deletion	102
Y	628497	628600	Deletion	103
Y	628518	628600	Deletion	82
Y	628530	628600	Deletion	70
Y	628540	628600	Deletion	60
Y	628575	628600	Deletion	25
Y	629740	628600	Deletion	1140
Y	629865	629765	Deletion	100
Y	629865	629920	Deletion	55
Y	629865	629893	Deletion	28
Y	629865	629902	Deletion	37
Y	629865	629950	Deletion	85
Y	630774	630889	Deletion	115
Y	630777	630889	Deletion	112
Y	630786	630889	Deletion	103
Y	630801	630889	Deletion	88
Y	630970	630889	Deletion	81
Y	630970	631008	Deletion	38
Y	633005	631005	Deletion	2000
Y	633005	633085	Deletion	80
Y	633005	633043	Deletion	38
Y	633005	633113	Deletion	108
Y	633005	633091	Deletion	86
Y	633005	633061	Deletion	56
Y	633005	633093	Deletion	88
Y	650293	650390	Deletion	97
Y	650369	650390	Deletion	21
Y	650490	650574	Deletion	84
Y	652732	652830	Deletion	98
Y	652738	652830	Deletion	92
Y	652768	652830	Deletion	62
Y	652788	652830	Deletion	42
Y	653015	653033	Deletion	18
Y	653024	653106	Deletion	82
Y	653038	653077	Deletion	39
Y	653085	653097	Deletion	12
Y	655942	656009	Deletion	67
Y	655959	656009	Deletion	50
Y	655962	656009	Deletion	47
Y	655980	656009	Deletion	29
Y	655984	656009	Deletion	25
Y	655984	656009	Deletion	25
Y	655985	656007	Deletion	22
Y	656109	656160	Deletion	51
Y	656109	656223	Deletion	114
Y	671998	672108	Deletion	110
Y	671998	672038	Deletion	40
Y	671998	672101	Deletion	103
Y	671998	672119	Deletion	121
Y	692566	692673	Deletion	107
Y	692616	692673	Deletion	57
Y	692617	692673	Deletion	56
Y	692639	692673	Deletion	34
Y	692640	692673	Deletion	33
Y	697894	692673	Deletion	5221
Y	697894	697988	Deletion	94
Y	697894	697998	Deletion	104
Y	697894	698004	Deletion	110
Y	697894	697993	Deletion	99
Y	697894	697987	Deletion	93
Y	697894	697964	Deletion	70
Y	697894	698011	Deletion	117
Y	715112	715166	Deletion	54
Y	715117	715166	Deletion	49
Y	715557	715185	Deletion	372
Y	715557	715629	Deletion	72
Y	715557	715655	Deletion	98
Y	715557	715639	Deletion	82
Y	718525	718624	Deletion	99
Y	718551	718624	Deletion	73
Y	718553	718624	Deletion	71
Y	744629	744738	Deletion	109
Y	750620	750660	Deletion	40
Y	758290	758384	Deletion	94
Y	758293	758384	Deletion	91
Y	758311	758384	Deletion	73
Y	758964	758384	Deletion	580
Y	758981	759015	Deletion	34
Y	767436	767537	Deletion	101
Y	788675	788747	Deletion	72
Y	794431	794493	Deletion	62
Y	794431	794500	Deletion	69
Y	794431	794555	Deletion	124
Y	794431	794554	Deletion	123
Y	794431	794484	Deletion	53
Y	794431	794543	Deletion	112
Y	794431	794538	Deletion	107
Y	794431	794526	Deletion	95
Y	794431	794472	Deletion	41
Y	809371	809227	Deletion	144
Y	809371	809474	Deletion	103
Y	809371	809412	Deletion	41
Y	809373	809416	Deletion	43
Y	823300	823369	Deletion	69
Y	823337	823369	Deletion	32
Y	823679	823369	Deletion	310
Y	833578	833641	Deletion	63
Y	833581	833636	Deletion	55
Y	833597	833641	Deletion	44
Y	835020	833641	Deletion	1379
Y	835020	835054	Deletion	34
Y	835020	835122	Deletion	102
Y	835020	835086	Deletion	66
Y	835020	835066	Deletion	46
Y	835020	835078	Deletion	58
Y	835020	835052	Deletion	32
Y	839771	839827	Deletion	56
Y	839773	839827	Deletion	54
Y	841351	839827	Deletion	1524
Y	845979	846040	Deletion	61
Y	846011	846040	Deletion	29
Y	846140	846040	Deletion	100
Y	846140	846170	Deletion	30
Y	846140	846202	Deletion	62
Y	846140	846249	Deletion	109
Y	846140	846193	Deletion	53
Y	846140	846251	Deletion	111
Y	846793	846883	Deletion	90
Y	846816	846883	Deletion	67
Y	846839	846883	Deletion	44
Y	846861	846883	Deletion	22
Y	846983	846883	Deletion	100
Y	846983	847076	Deletion	93
Y	846983	847054	Deletion	71
Y	846983	847009	Deletion	26
Y	846983	847086	Deletion	103
Y	846986	847090	Deletion	104
Y	847638	847697	Deletion	59
Y	847662	847717	Deletion	55
Y	847669	847717	Deletion	48
Y	847689	847717	Deletion	28
Y	847817	847904	Deletion	87
Y	847817	847927	Deletion	110
Y	847817	847894	Deletion	77
Y	848402	848447	Deletion	45
Y	848427	848447	Deletion	20
Y	848547	848447	Deletion	100
Y	848547	848568	Deletion	21
Y	849358	849455	Deletion	97
Y	849362	849455	Deletion	93
Y	849436	849455	Deletion	19
Y	849555	849455	Deletion	100
Y	849555	849665	Deletion	110
Y	849555	849625	Deletion	70
Y	849555	849657	Deletion	102
Y	850518	850620	Deletion	102
Y	850521	850620	Deletion	99
Y	850539	850620	Deletion	81
Y	850542	850620	Deletion	78
Y	850544	850620	Deletion	76
Y	850559	850620	Deletion	61
Y	850576	850620	Deletion	44
Y	850585	850620	Deletion	35
Y	850588	850620	Deletion	32
Y	850720	850620	Deletion	100
Y	850720	850759	Deletion	39
Y	851578	851681	Deletion	103
Y	852445	852533	Deletion	88
Y	852450	852533	Deletion	83
Y	852455	852533	Deletion	78
Y	852458	852533	Deletion	75
Y	852481	852533	Deletion	52
Y	852484	852533	Deletion	49
Y	852499	852533	Deletion	34
Y	852633	852694	Deletion	61
Y	852633	852754	Deletion	121
Y	852633	852721	Deletion	88
Y	852633	852724	Deletion	91
Y	853364	853437	Deletion	73
Y	853369	853437	Deletion	68
Y	853390	853437	Deletion	47
Y	853411	853437	Deletion	26
Y	853414	853437	Deletion	23
Y	853537	853437	Deletion	100
Y	853537	853621	Deletion	84
Y	853537	853601	Deletion	64
Y	853537	853564	Deletion	27
Y	853537	853653	Deletion	116
Y	853537	853640	Deletion	103
Y	853537	853632	Deletion	95
Y	853537	853605	Deletion	68
Y	853537	853641	Deletion	104
Y	855862	855902	Deletion	40
Y	855879	855983	Deletion	104
Y	855919	855983	Deletion	64
Y	855934	855983	Deletion	49
Y	855944	855983	Deletion	39
Y	855951	855983	Deletion	32
Y	855954	855983	Deletion	29
Y	856083	855983	Deletion	100
Y	856083	856128	Deletion	45
Y	856680	856797	Deletion	117
Y	856681	856797	Deletion	116
Y	856694	856797	Deletion	103
Y	856695	856797	Deletion	102
Y	856897	856797	Deletion	100
Y	856897	857010	Deletion	113
Y	856897	856993	Deletion	96
Y	856897	856983	Deletion	86
Y	857860	857952	Deletion	92
Y	857867	857952	Deletion	85
Y	857868	857952	Deletion	84
Y	857882	857952	Deletion	70
Y	857904	857952	Deletion	48
Y	858052	857952	Deletion	100
Y	858052	858164	Deletion	112
Y	858052	858136	Deletion	84
Y	858052	858083	Deletion	31
Y	858052	858159	Deletion	107
Y	858052	858121	Deletion	69
Y	858672	858657	Deletion	15
Y	858679	858779	Deletion	100
Y	858682	858779	Deletion	97
Y	858699	858779	Deletion	80
Y	858757	858779	Deletion	22
Y	858879	858779	Deletion	100
Y	858879	858933	Deletion	54
Y	858879	858947	Deletion	68
Y	858879	858974	Deletion	95
Y	858882	858928	Deletion	46
Y	859529	859570	Deletion	41
Y	859533	859570	Deletion	37
Y	859670	859570	Deletion	100
Y	859670	859791	Deletion	121
Y	859670	859712	Deletion	42
Y	859670	859745	Deletion	75
Y	859670	859758	Deletion	88
Y	859670	859770	Deletion	100
Y	861233	861325	Deletion	92
Y	861256	861325	Deletion	69
Y	861265	861325	Deletion	60
Y	861268	861325	Deletion	57
Y	861269	861325	Deletion	56
Y	861278	861325	Deletion	47
Y	861289	861325	Deletion	36
Y	861305	861325	Deletion	20
Y	861425	861325	Deletion	100
Y	861425	861464	Deletion	39
Y	861425	861504	Deletion	79
Y	861425	861452	Deletion	27
Y	861425	861539	Deletion	114
Y	861427	861498	Deletion	71
Y	862485	862596	Deletion	111
Y	862492	862598	Deletion	106
Y	862499	862598	Deletion	99
Y	862509	862598	Deletion	89
Y	862511	862598	Deletion	87
Y	862553	862598	Deletion	45
Y	862556	862598	Deletion	42
Y	866662	866737	Deletion	75
Y	866677	866737	Deletion	60
Y	866706	866737	Deletion	31
Y	866713	866737	Deletion	24
Y	866837	866737	Deletion	100
Y	866837	866934	Deletion	97
Y	866837	866957	Deletion	120
Y	866837	866954	Deletion	117
Y	868562	868643	Deletion	81
Y	868572	868643	Deletion	71
Y	868743	868781	Deletion	38
Y	868743	868819	Deletion	76
Y	868743	868798	Deletion	55
Y	868743	868854	Deletion	111
Y	869696	869791	Deletion	95
Y	869719	869791	Deletion	72
Y	869730	869791	Deletion	61
Y	869745	869791	Deletion	46
Y	869761	869791	Deletion	30
Y	869891	869791	Deletion	100
Y	869891	869981	Deletion	90
Y	869891	869961	Deletion	70
Y	869891	869988	Deletion	97
Y	869891	869925	Deletion	34
Y	869891	869983	Deletion	92
Y	872487	872579	Deletion	92
Y	872488	872579	Deletion	91
Y	872551	872579	Deletion	28
Y	872558	872579	Deletion	21
Y	872679	872768	Deletion	89
Y	872679	872766	Deletion	87
Y	872679	872786	Deletion	107
Y	872679	872793	Deletion	114
Y	872679	872759	Deletion	80
Y	873834	873940	Deletion	106
Y	873839	873940	Deletion	101
Y	873843	873940	Deletion	97
Y	873867	873940	Deletion	73
Y	873894	873940	Deletion	46
Y	874040	874155	Deletion	115
Y	874040	874071	Deletion	31
Y	874040	874115	Deletion	75
Y	874040	874146	Deletion	106
Y	874040	874069	Deletion	29
Y	874040	874063	Deletion	23
Y	874966	875069	Deletion	103
Y	875008	875069	Deletion	61
Y	875025	875069	Deletion	44
Y	875034	875069	Deletion	35
Y	875035	875069	Deletion	34
Y	875036	875069	Deletion	33
Y	875169	875069	Deletion	100
Y	875169	875197	Deletion	28
Y	875169	875284	Deletion	115
Y	875169	875235	Deletion	66
Y	875169	875281	Deletion	112
Y	875169	875256	Deletion	87
Y	877663	877729	Deletion	66
Y	877664	877729	Deletion	65
Y	877694	877729	Deletion	35
Y	877704	877729	Deletion	25
Y	877705	877729	Deletion	24
Y	877829	877729	Deletion	100
Y	877829	877871	Deletion	42
Y	877829	877869	Deletion	40
Y	877829	877904	Deletion	75
Y	877829	877880	Deletion	51
Y	879514	879601	Deletion	87
Y	879553	879601	Deletion	48
Y	879564	879601	Deletion	37
Y	879701	879821	Deletion	120
Y	879701	879731	Deletion	30
Y	880856	880964	Deletion	108
Y	880857	880964	Deletion	107
Y	880866	880964	Deletion	98
Y	880878	880964	Deletion	86
Y	880894	880964	Deletion	70
Y	880900	880964	Deletion	64
Y	880910	880964	Deletion	54
Y	880920	880964	Deletion	44
Y	881064	880964	Deletion	100
Y	881064	881151	Deletion	87
Y	881064	881143	Deletion	79
Y	881064	881147	Deletion	83
Y	881764	881832	Deletion	68
Y	882038	882111	Deletion	73
Y	882049	882111	Deletion	62
Y	882064	882111	Deletion	47
Y	882083	882111	Deletion	28
Y	882211	882111	Deletion	100
Y	882211	882304	Deletion	93
Y	882211	882281	Deletion	70
Y	882211	882256	Deletion	45
Y	882211	882300	Deletion	89
Y	883301	883396	Deletion	95
Y	883303	883396	Deletion	93
Y	883312	883396	Deletion	84
Y	883375	883396	Deletion	21
Y	883496	883396	Deletion	100
Y	883496	883537	Deletion	41
Y	883496	883553	Deletion	57
Y	883496	883603	Deletion	107
Y	883496	883525	Deletion	29
Y	883496	883528	Deletion	32
Y	883496	883565	Deletion	69
Y	886771	886869	Deletion	98
Y	886796	886869	Deletion	73
Y	886797	886869	Deletion	72
Y	886809	886869	Deletion	60
Y	886833	886869	Deletion	36
Y	886969	887015	Deletion	46
Y	886969	887027	Deletion	58
Y	886969	887064	Deletion	95
Y	886969	887075	Deletion	106
Y	886969	887089	Deletion	120
Y	887711	887762	Deletion	51
Y	887876	887762	Deletion	114
Y	887876	887995	Deletion	119
Y	887880	887951	Deletion	71
Y	887906	888001	Deletion	95
Y	887939	888001	Deletion	62
Y	887942	888001	Deletion	59
Y	887947	888001	Deletion	54
Y	887978	888001	Deletion	23
Y	887981	888001	Deletion	20
Y	888101	888001	Deletion	100
Y	888101	888207	Deletion	106
Y	888101	888154	Deletion	53
Y	888101	888142	Deletion	41
Y	889547	889656	Deletion	109
Y	889568	889656	Deletion	88
Y	889594	889656	Deletion	62
Y	889627	889656	Deletion	29
Y	889630	889656	Deletion	26
Y	889756	889656	Deletion	100
Y	889756	889805	Deletion	49
Y	889756	889783	Deletion	27
Y	889756	889835	Deletion	79
Y	889756	889820	Deletion	64
Y	889756	889846	Deletion	90
Y	889756	889822	Deletion	66
Y	889756	889870	Deletion	114
Y	895487	895558	Deletion	71
Y	895499	895558	Deletion	59
Y	895658	895558	Deletion	100
Y	895658	895740	Deletion	82
Y	895658	895730	Deletion	72
Y	896232	896344	Deletion	112
Y	896232	896263	Deletion	31
Y	897769	897841	Deletion	72
Y	897792	897841	Deletion	49
Y	897941	897841	Deletion	100
Y	897941	897984	Deletion	43
Y	897941	897988	Deletion	47
Y	897941	898003	Deletion	62
Y	899675	899771	Deletion	96
Y	899686	899771	Deletion	85
Y	899688	899771	Deletion	83
Y	899699	899771	Deletion	72
Y	899707	899771	Deletion	64
Y	899725	899771	Deletion	46
Y	899737	899771	Deletion	34
Y	899740	899771	Deletion	31
Y	899871	899986	Deletion	115
Y	899871	899908	Deletion	37
Y	902112	902012	Deletion	100
Y	902112	902181	Deletion	69
Y	902112	902219	Deletion	107
Y	902112	902222	Deletion	110
Y	902112	902143	Deletion	31
Y	902112	902232	Deletion	120
Y	902112	902144	Deletion	32
Y	902112	902156	Deletion	44
Y	902112	902185	Deletion	73
Y	904645	904758	Deletion	113
Y	904651	904758	Deletion	107
Y	904652	904758	Deletion	106
Y	904654	904758	Deletion	104
Y	904667	904758	Deletion	91
Y	904669	904758	Deletion	89
Y	904686	904758	Deletion	72
Y	904712	904753	Deletion	41
Y	904858	904758	Deletion	100
Y	907491	907587	Deletion	96
Y	907513	907587	Deletion	74
Y	907560	907587	Deletion	27
Y	907687	907587	Deletion	100
Y	907687	907802	Deletion	115
Y	907687	907781	Deletion	94
Y	907687	907723	Deletion	36
Y	907687	907738	Deletion	51
Y	908734	908814	Deletion	80
Y	908744	908814	Deletion	70
Y	908766	908814	Deletion	48
Y	908767	908814	Deletion	47
Y	908783	908814	Deletion	31
Y	908914	909017	Deletion	103
Y	908914	908943	Deletion	29
Y	908914	909011	Deletion	97
Y	908914	909018	Deletion	104
Y	909869	909946	Deletion	77
Y	909898	909946	Deletion	48
Y	910992	909946	Deletion	1046
Y	911855	911057	Deletion	798
Y	912336	912439	Deletion	103
Y	912371	912439	Deletion	68
Y	912416	912439	Deletion	23
Y	912539	912439	Deletion	100
Y	912539	912594	Deletion	55
Y	912539	912589	Deletion	50
Y	912539	912656	Deletion	117
Y	912539	912631	Deletion	92
Y	912539	912652	Deletion	113
Y	912539	912573	Deletion	34
Y	914188	914301	Deletion	113
Y	914199	914296	Deletion	97
Y	914236	914301	Deletion	65
Y	914265	914301	Deletion	36
Y	914271	914301	Deletion	30
Y	914401	914301	Deletion	100
Y	914401	914422	Deletion	21
Y	914401	914425	Deletion	24
Y	916221	916337	Deletion	116
Y	916230	916337	Deletion	107
Y	916231	916337	Deletion	106
Y	916287	916337	Deletion	50
Y	916312	916337	Deletion	25
Y	916437	916337	Deletion	100
Y	916437	916514	Deletion	77
Y	916437	916488	Deletion	51
Y	916437	916509	Deletion	72
Y	916437	916480	Deletion	43
Y	916437	916534	Deletion	97
Y	916437	916535	Deletion	98
Y	916437	916505	Deletion	68
Y	918289	918354	Deletion	65
Y	918294	918354	Deletion	60
Y	918316	918354	Deletion	38
Y	918319	918354	Deletion	35
Y	918322	918354	Deletion	32
Y	918454	918354	Deletion	100
Y	918454	918575	Deletion	121
Y	918454	918496	Deletion	42
Y	918454	918522	Deletion	68
Y	921966	922041	Deletion	75
Y	922017	922041	Deletion	24
Y	922141	922041	Deletion	100
Y	922141	922232	Deletion	91
Y	922141	922183	Deletion	42
Y	922141	922181	Deletion	40
Y	922141	922219	Deletion	78
Y	922141	922165	Deletion	24
Y	924040	924135	Deletion	95
Y	924088	924135	Deletion	47
Y	924235	924351	Deletion	116
Y	924235	924293	Deletion	58
Y	924235	924254	Deletion	19
Y	924235	924315	Deletion	80
Y	924235	924286	Deletion	51
Y	924235	924265	Deletion	30
Y	925526	925588	Deletion	62
Y	925530	925588	Deletion	58
Y	925552	925588	Deletion	36
Y	925688	925588	Deletion	100
Y	927495	927554	Deletion	59
Y	927497	927554	Deletion	57
Y	927501	927554	Deletion	53
Y	927527	927554	Deletion	27
Y	927654	927554	Deletion	100
Y	927654	927752	Deletion	98
Y	927654	927732	Deletion	78
Y	927654	927766	Deletion	112
Y	927654	927753	Deletion	99
Y	927654	927763	Deletion	109
Y	927654	927751	Deletion	97
Y	927654	927675	Deletion	21
Y	927654	927744	Deletion	90
Y	927654	927756	Deletion	102
Y	927654	927699	Deletion	45
Y	927654	927728	Deletion	74
Y	929259	929368	Deletion	109
Y	929288	929368	Deletion	80
Y	929340	929368	Deletion	28
Y	929468	929368	Deletion	100
Y	929468	929522	Deletion	54
Y	929468	929550	Deletion	82
Y	929468	929517	Deletion	49
Y	929468	929538	Deletion	70
Y	929468	929568	Deletion	100
Y	931658	931732	Deletion	74
Y	931663	931732	Deletion	69
Y	931678	931732	Deletion	54
Y	931710	931732	Deletion	22
Y	931832	931732	Deletion	100
Y	931832	931913	Deletion	81
Y	931832	931878	Deletion	46
Y	931837	931903	Deletion	66
Y	933207	933309	Deletion	102
Y	933215	933309	Deletion	94
Y	933235	933309	Deletion	74
Y	933409	933309	Deletion	100
Y	933409	933498	Deletion	89
Y	933409	933455	Deletion	46
Y	933409	933433	Deletion	24
Y	936509	936588	Deletion	79
Y	936520	936588	Deletion	68
Y	936528	936588	Deletion	60
Y	936534	936588	Deletion	54
Y	936551	936588	Deletion	37
Y	936564	936588	Deletion	24
Y	936688	936588	Deletion	100
Y	936688	936790	Deletion	102
Y	939472	939566	Deletion	94
Y	939475	939566	Deletion	91
Y	939498	939566	Deletion	68
Y	939533	939566	Deletion	33
Y	939538	939566	Deletion	28
Y	939666	939767	Deletion	101
Y	939666	939777	Deletion	111
Y	939666	939772	Deletion	106
Y	939666	939727	Deletion	61
Y	941911	942020	Deletion	109
Y	941913	942020	Deletion	107
Y	941935	942020	Deletion	85
Y	941945	942020	Deletion	75
Y	941982	942020	Deletion	38
Y	941983	942020	Deletion	37
Y	941991	942020	Deletion	29
Y	942120	942190	Deletion	70
Y	942120	942198	Deletion	78
Y	942120	942184	Deletion	64
Y	943302	943392	Deletion	90
Y	943314	943392	Deletion	78
Y	943322	943392	Deletion	70
Y	943323	943391	Deletion	68
Y	943334	943392	Deletion	58
Y	943345	943392	Deletion	47
Y	943346	943392	Deletion	46
Y	943358	943392	Deletion	34
Y	943492	943392	Deletion	100
Y	943492	943595	Deletion	103
Y	943492	943596	Deletion	104
Y	943492	943574	Deletion	82
Y	943492	943556	Deletion	64
Y	943492	943516	Deletion	24
Y	945072	945145	Deletion	73
Y	945075	945145	Deletion	70
Y	945107	945145	Deletion	38
Y	945115	945145	Deletion	30
Y	945245	945145	Deletion	100
Y	945245	945285	Deletion	40
Y	945245	945353	Deletion	108
Y	945245	945358	Deletion	113
Y	945245	945266	Deletion	21
Y	945245	945303	Deletion	58
Y	945245	945329	Deletion	84
Y	945245	945351	Deletion	106
Y	946217	946300	Deletion	83
Y	946272	946300	Deletion	28
Y	946400	946300	Deletion	100
Y	946400	946458	Deletion	58
Y	946400	946488	Deletion	88
Y	946400	946443	Deletion	43
Y	946400	946426	Deletion	26
Y	946400	946497	Deletion	97
Y	946400	946468	Deletion	68
Y	946400	946433	Deletion	33
Y	946400	946432	Deletion	32
Y	947384	947403	Deletion	19
Y	947503	947403	Deletion	100
Y	947503	947565	Deletion	62
Y	947503	947577	Deletion	74
Y	947503	947529	Deletion	26
Y	947503	947609	Deletion	106
Y	947503	947583	Deletion	80
Y	948554	948654	Deletion	100
Y	948558	948654	Deletion	96
Y	948569	948654	Deletion	85
Y	948604	948654	Deletion	50
Y	948754	948654	Deletion	100
Y	951049	951072	Deletion	23
Y	951051	951072	Deletion	21
Y	951172	951072	Deletion	100
Y	951172	951242	Deletion	70
Y	951172	951210	Deletion	38
Y	951172	951196	Deletion	24
Y	951172	951204	Deletion	32
Y	952411	952498	Deletion	87
Y	952420	952498	Deletion	78
Y	952428	952498	Deletion	70
Y	952452	952498	Deletion	46
Y	952454	952498	Deletion	44
Y	952598	952498	Deletion	100
Y	952598	952719	Deletion	121
Y	952598	952688	Deletion	90
Y	952598	952659	Deletion	61
Y	955362	955434	Deletion	72
Y	955411	955434	Deletion	23
Y	955534	955565	Deletion	31
Y	955534	955632	Deletion	98
Y	958005	958063	Deletion	58
Y	958011	958063	Deletion	52
Y	958016	958063	Deletion	47
Y	958033	958063	Deletion	30
Y	958163	958258	Deletion	95
Y	958163	958222	Deletion	59
Y	958163	958208	Deletion	45
Y	958163	958199	Deletion	36
Y	958163	958233	Deletion	70
Y	958163	958214	Deletion	51
Y	959276	959383	Deletion	107
Y	959483	959383	Deletion	100
Y	959483	959532	Deletion	49
Y	959483	959565	Deletion	82
Y	959483	959570	Deletion	87
Y	959483	959518	Deletion	35
Y	959483	959591	Deletion	108
Y	959483	959590	Deletion	107
Y	959483	959568	Deletion	85
Y	960485	960542	Deletion	57
Y	960489	960542	Deletion	53
Y	960513	960542	Deletion	29
Y	968542	960542	Deletion	8000
Y	968542	968633	Deletion	91
Y	968542	968561	Deletion	19
Y	968542	968605	Deletion	63
Y	968542	968650	Deletion	108
Y	968542	968644	Deletion	102
Y	969976	970063	Deletion	87
Y	969987	970063	Deletion	76
Y	969989	970063	Deletion	74
Y	970026	970063	Deletion	37
Y	970563	970063	Deletion	500
Y	970563	970670	Deletion	107
Y	970563	970617	Deletion	54
Y	971226	971301	Deletion	75
Y	971236	971301	Deletion	65
Y	971239	971301	Deletion	62
Y	971280	971301	Deletion	21
Y	971401	971301	Deletion	100
Y	971401	971460	Deletion	59
Y	971401	971459	Deletion	58
Y	973680	973757	Deletion	77
Y	973682	973757	Deletion	75
Y	973690	973757	Deletion	67
Y	973707	973757	Deletion	50
Y	973857	973757	Deletion	100
Y	973857	973949	Deletion	92
Y	973857	973973	Deletion	116
Y	975961	976078	Deletion	117
Y	975981	976078	Deletion	97
Y	975987	976078	Deletion	91
Y	975996	976078	Deletion	82
Y	976005	976078	Deletion	73
Y	976030	976078	Deletion	48
Y	976032	976078	Deletion	46
Y	976178	976078	Deletion	100
Y	976178	976276	Deletion	98
Y	976178	976197	Deletion	19
Y	976178	976299	Deletion	121
Y	976178	976257	Deletion	79
Y	976178	976271	Deletion	93
Y	977433	977519	Deletion	86
Y	977448	977521	Deletion	73
Y	977482	977521	Deletion	39
Y	977621	977521	Deletion	100
Y	977621	977684	Deletion	63
Y	979309	979429	Deletion	120
Y	979334	979429	Deletion	95
Y	979354	979429	Deletion	75
Y	979381	979429	Deletion	48
Y	979390	979429	Deletion	39
Y	979529	979429	Deletion	100
Y	979529	979554	Deletion	25
Y	979529	979603	Deletion	74
Y	979529	979606	Deletion	77
Y	979529	979599	Deletion	70
Y	979529	979624	Deletion	95
Y	979529	979632	Deletion	103
Y	979529	979649	Deletion	120
Y	979529	979642	Deletion	113
Y	979529	979616	Deletion	87
Y	979529	979635	Deletion	106
Y	980838	980897	Deletion	59
Y	980848	980897	Deletion	49
Y	980997	980897	Deletion	100
Y	980997	981068	Deletion	71
Y	980997	981025	Deletion	28
Y	980997	981046	Deletion	49
Y	980997	981052	Deletion	55
Y	980997	981082	Deletion	85
Y	980997	981102	Deletion	105
Y	983235	983135	Deletion	100
Y	983235	983294	Deletion	59
Y	983235	983332	Deletion	97
Y	983235	983277	Deletion	42
Y	983235	983335	Deletion	100
Y	983235	983306	Deletion	71
Y	983729	983789	Deletion	60
Y	983729	983841	Deletion	112
Y	986845	986927	Deletion	82
Y	986849	986927	Deletion	78
Y	987027	986927	Deletion	100
Y	987027	987098	Deletion	71
Y	987027	987129	Deletion	102
Y	987027	987108	Deletion	81
Y	987996	988093	Deletion	97
Y	988010	988093	Deletion	83
Y	988011	988093	Deletion	82
Y	988018	988093	Deletion	75
Y	988030	988093	Deletion	63
Y	988062	988093	Deletion	31
Y	988193	988093	Deletion	100
Y	988193	988221	Deletion	28
Y	988193	988228	Deletion	35
Y	988193	988212	Deletion	19
Y	988193	988310	Deletion	117
Y	992179	992262	Deletion	83
Y	992184	992262	Deletion	78
Y	992198	992262	Deletion	64
Y	992362	992477	Deletion	115
Y	992362	992385	Deletion	23
Y	992362	992462	Deletion	100
Y	992362	992439	Deletion	77
Y	992362	992472	Deletion	110
Y	992362	992483	Deletion	121
Y	995731	995840	Deletion	109
Y	995763	995840	Deletion	77
Y	995782	995840	Deletion	58
Y	995813	995840	Deletion	27
Y	995940	995840	Deletion	100
Y	995940	996006	Deletion	66
Y	995940	996042	Deletion	102
Y	995940	996031	Deletion	91
Y	998583	998682	Deletion	99
Y	998587	998682	Deletion	95
Y	998589	998682	Deletion	93
Y	998605	998682	Deletion	77
Y	998611	998682	Deletion	71
Y	998619	998682	Deletion	63
Y	998626	998682	Deletion	56
Y	998636	998682	Deletion	46
Y	998782	998682	Deletion	100
Y	998782	998816	Deletion	34
Y	998782	998896	Deletion	114
Y	998782	998846	Deletion	64
Y	998782	998802	Deletion	20
Y	998782	998902	Deletion	120
Y	998782	998861	Deletion	79
Y	998782	998870	Deletion	88
Y	1000231	1000317	Deletion	86
Y	1004524	1004639	Deletion	115
Y	1004565	1004639	Deletion	74
Y	1004580	1004639	Deletion	59
Y	1004601	1004639	Deletion	38
Y	1004739	1004639	Deletion	100
Y	1004739	1004788	Deletion	49
Y	1004739	1004774	Deletion	35
Y	1009267	1009359	Deletion	92
Y	1009281	1009359	Deletion	78
Y	1009293	1009359	Deletion	66
Y	1009298	1009359	Deletion	61
Y	1009312	1009359	Deletion	47
Y	1009459	1009359	Deletion	100
Y	1009459	1009490	Deletion	31
Y	1009459	1009528	Deletion	69
Y	1009459	1009570	Deletion	111
Y	1009459	1009519	Deletion	60
Y	1009570	1009666	Deletion	96
Y	1011071	1009666	Deletion	1405
Y	1013996	1014100	Deletion	104
Y	1014012	1014100	Deletion	88
Y	1014021	1014100	Deletion	79
Y	1014023	1014100	Deletion	77
Y	1014025	1014100	Deletion	75
Y	1014026	1014100	Deletion	74
Y	1014037	1014100	Deletion	63
Y	1014044	1014100	Deletion	56
Y	1014049	1014100	Deletion	51
Y	1014059	1014100	Deletion	41
Y	1014064	1014100	Deletion	36
Y	1014070	1014100	Deletion	30
Y	1014200	1014100	Deletion	100
Y	1014200	1014265	Deletion	65
Y	1014200	1014226	Deletion	26
Y	1014200	1014246	Deletion	46
Y	1019660	1019730	Deletion	70
Y	1019830	1019852	Deletion	22
Y	1019830	1019873	Deletion	43
Y	1020502	1020606	Deletion	104
Y	1020515	1020606	Deletion	91
Y	1020524	1020606	Deletion	82
Y	1020539	1020606	Deletion	67
Y	1020575	1020606	Deletion	31
Y	1029069	1029164	Deletion	95
Y	1029069	1029104	Deletion	35
Y	1029069	1029128	Deletion	59
Y	1029069	1029181	Deletion	112
Y	1029560	1029671	Deletion	111
Y	1029566	1029671	Deletion	105
Y	1029577	1029671	Deletion	94
Y	1029587	1029671	Deletion	84
Y	1029594	1029671	Deletion	77
Y	1029599	1029671	Deletion	72
Y	1029600	1029671	Deletion	71
Y	1029603	1029671	Deletion	68
Y	1029620	1029671	Deletion	51
Y	1029628	1029671	Deletion	43
Y	1029633	1029671	Deletion	38
Y	1029648	1029671	Deletion	23
Y	1029651	1029671	Deletion	20
Y	1029771	1029671	Deletion	100
Y	1029771	1029877	Deletion	106
Y	1029771	1029881	Deletion	110
Y	1029771	1029858	Deletion	87
Y	1032868	1032946	Deletion	78
Y	1032869	1032946	Deletion	77
Y	1032875	1032946	Deletion	71
Y	1033046	1032946	Deletion	100
Y	1033046	1033164	Deletion	118
Y	1033046	1033091	Deletion	45
Y	1033046	1033161	Deletion	115
Y	1033046	1033165	Deletion	119
Y	1033046	1033069	Deletion	23
Y	1033046	1033125	Deletion	79
Y	1033046	1033115	Deletion	69
Y	1035648	1035716	Deletion	68
Y	1035816	1035716	Deletion	100
Y	1035816	1035901	Deletion	85
Y	1039008	1039082	Deletion	74
Y	1039017	1039082	Deletion	65
Y	1039033	1039082	Deletion	49
Y	1039050	1039082	Deletion	32
Y	1039182	1039082	Deletion	100
Y	1039182	1039247	Deletion	65
Y	1039182	1039231	Deletion	49
Y	1042482	1042549	Deletion	67
Y	1042501	1042549	Deletion	48
Y	1042514	1042549	Deletion	35
Y	1050549	1042549	Deletion	8000
Y	1050549	1050592	Deletion	43
Y	1050549	1050659	Deletion	110
Y	1050549	1050617	Deletion	68
Y	1054027	1053927	Deletion	100
Y	1054027	1054058	Deletion	31
Y	1058285	1058370	Deletion	85
Y	1058298	1058370	Deletion	72
Y	1058306	1058370	Deletion	64
Y	1058318	1058370	Deletion	52
Y	1058328	1058370	Deletion	42
Y	1058364	1058370	Deletion	6
Y	1058587	1058407	Deletion	180
Y	1085740	1085812	Deletion	72
Y	1087965	1088084	Deletion	119
Y	1087965	1088085	Deletion	120
Y	1089951	1090029	Deletion	78
Y	1101915	1097782	Deletion	4133
Y	1101915	1101971	Deletion	56
Y	1101915	1101977	Deletion	62
Y	1101915	1102028	Deletion	113
Y	1104251	1104346	Deletion	95
Y	1104256	1104346	Deletion	90
Y	1104269	1104346	Deletion	77
Y	1104278	1104346	Deletion	68
Y	1121066	1104346	Deletion	16720
Y	1121066	1121102	Deletion	36
Y	1121066	1121115	Deletion	49
Y	1121066	1121097	Deletion	31
Y	1127690	1127744	Deletion	54
Y	1128111	1128150	Deletion	39
Y	1128111	1128151	Deletion	40
Y	1128111	1128219	Deletion	108
Y	1128111	1128220	Deletion	109
Y	1128111	1128184	Deletion	73
Y	1128111	1128170	Deletion	59
Y	1132164	1132205	Deletion	41
Y	1136450	1136528	Deletion	78
Y	1143729	1143815	Deletion	86
Y	1146085	1146179	Deletion	94
Y	1150789	1150815	Deletion	26
Y	1154186	1154244	Deletion	58
Y	1154553	1154244	Deletion	309
Y	1164672	1164724	Deletion	52
Y	1164676	1164724	Deletion	48
Y	1164682	1164724	Deletion	42
Y	1165724	1164724	Deletion	1000
Y	1165724	1165760	Deletion	36
Y	1165724	1165840	Deletion	116
Y	1170803	1170908	Deletion	105
Y	1173946	1174037	Deletion	91
Y	1184053	1184159	Deletion	106
Y	1197371	1197475	Deletion	104
Y	1199680	1199739	Deletion	59
Y	1208097	1208204	Deletion	107
Y	1208117	1208204	Deletion	87
Y	1208133	1208204	Deletion	71
Y	1208149	1208204	Deletion	55
Y	1210335	1210370	Deletion	35
Y	1215089	1215120	Deletion	31
Y	1215220	1215120	Deletion	100
Y	1215220	1215282	Deletion	62
Y	1215220	1215271	Deletion	51
Y	1215220	1215279	Deletion	59
Y	1215220	1215298	Deletion	78
Y	1215220	1215285	Deletion	65
Y	1215220	1215303	Deletion	83
Y	1218368	1218327	Deletion	41
Y	1229326	1229441	Deletion	115
Y	1229349	1229441	Deletion	92
Y	1229366	1229441	Deletion	75
Y	1229369	1229441	Deletion	72
Y	1229384	1229441	Deletion	57
Y	1237402	1237436	Deletion	34
Y	1237402	1237453	Deletion	51
Y	1237402	1237456	Deletion	54
Y	1237402	1237526	Deletion	124
Y	1237402	1237523	Deletion	121
Y	1251495	1251563	Deletion	68
Y	1263934	1263984	Deletion	50
Y	1275454	1275548	Deletion	94
Y	1275458	1275548	Deletion	90
Y	1277933	1277878	Deletion	55
Y	1281984	1281963	Deletion	21
Y	1284200	1284267	Deletion	67
Y	1291879	1291963	Deletion	84
Y	1306166	1306192	Deletion	26
Y	1314247	1314321	Deletion	74
Y	1315877	1315975	Deletion	98
Y	1363530	1363620	Deletion	90
Y	1371813	1371861	Deletion	48
Y	1391633	1391583	Deletion	50
Y	1400770	1400855	Deletion	85
Y	1400770	1400842	Deletion	72
Y	1416712	1416803	Deletion	91
Y	1416740	1416803	Deletion	63
Y	1416768	1416803	Deletion	35
Y	1416908	1416803	Deletion	105
Y	1416933	1417004	Deletion	71
Y	1420120	1420194	Deletion	74
Y	1424305	1420194	Deletion	4111
Y	1424305	1424410	Deletion	105
Y	1438546	1438661	Deletion	115
Y	1438556	1438661	Deletion	105
Y	1438559	1438661	Deletion	102
Y	1438786	1438661	Deletion	125
Y	1449354	1449450	Deletion	96
Y	1449354	1449464	Deletion	110
Y	1449354	1449404	Deletion	50
Y	1450331	1450443	Deletion	112
Y	1450337	1450443	Deletion	106
Y	1450340	1450443	Deletion	103
Y	1450392	1450443	Deletion	51
Y	1453066	1450443	Deletion	2623
Y	1453804	1453105	Deletion	699
Y	1456965	1457079	Deletion	114
Y	1456999	1457079	Deletion	80
Y	1457003	1457079	Deletion	76
Y	1457011	1457079	Deletion	68
Y	1457175	1457079	Deletion	96
Y	1457179	1457250	Deletion	71
Y	1457179	1457250	Deletion	71
Y	1457179	1457210	Deletion	31
Y	1474695	1471634	Deletion	3061
Y	1474695	1474789	Deletion	94
Y	1474695	1474740	Deletion	45
Y	1477096	1477187	Deletion	91
Y	1477114	1477187	Deletion	73
Y	1479656	1479774	Deletion	118
Y	1486823	1486945	Deletion	122
Y	1486823	1486944	Deletion	121
Y	1489029	1489062	Deletion	33
Y	1497846	1497877	Deletion	31
Y	1510219	1510289	Deletion	70
Y	1524664	1524721	Deletion	57
Y	1525524	1524721	Deletion	803
Y	1525524	1525618	Deletion	94
Y	1526905	1526982	Deletion	77
Y	1526905	1526986	Deletion	81
Y	1532662	1532786	Deletion	124
Y	1532662	1532697	Deletion	35
Y	1549955	1550019	Deletion	64
Y	1556957	1557037	Deletion	80
Y	1556971	1557037	Deletion	66
Y	1556982	1557037	Deletion	55
Y	1557004	1557037	Deletion	33
Y	1557424	1557037	Deletion	387
Y	1557424	1557485	Deletion	61
Y	1557424	1557518	Deletion	94
Y	1571809	1571899	Deletion	90
Y	1571821	1571899	Deletion	78
Y	1571827	1571899	Deletion	72
Y	1574445	1572877	Deletion	1568
Y	1574445	1574494	Deletion	49
Y	1584779	1584849	Deletion	70
Y	1585789	1585843	Deletion	54
Y	1585789	1585876	Deletion	87
Y	1587402	1587519	Deletion	117
Y	1587402	1587457	Deletion	55
Y	1587402	1587500	Deletion	98
Y	1606279	1606373	Deletion	94
Y	1606423	1606373	Deletion	50
Y	1606423	1606542	Deletion	119
Y	1606423	1606545	Deletion	122
Y	1606459	1606533	Deletion	74
Y	1606474	1606577	Deletion	103
Y	1612720	1612778	Deletion	58
Y	1613347	1613446	Deletion	99
Y	1616589	1616690	Deletion	101
Y	1618781	1618828	Deletion	47
Y	1626100	1626186	Deletion	86
Y	1626144	1626186	Deletion	42
Y	1629739	1629855	Deletion	116
Y	1629849	1629838	Deletion	11
Y	1638124	1638203	Deletion	79
Y	1638139	1638203	Deletion	64
Y	1638166	1638203	Deletion	37
Y	1638303	1638203	Deletion	100
Y	1638303	1638396	Deletion	93
Y	1642476	1642504	Deletion	28
Y	1642477	1642583	Deletion	106
Y	1642486	1642583	Deletion	97
Y	1642537	1642583	Deletion	46
Y	1642541	1642583	Deletion	42
Y	1642548	1642583	Deletion	35
Y	1642683	1642733	Deletion	50
Y	1642683	1642799	Deletion	116
Y	1642683	1642771	Deletion	88
Y	1642683	1642755	Deletion	72
Y	1642683	1642797	Deletion	114
Y	1642683	1642786	Deletion	103
Y	1642683	1642791	Deletion	108
Y	1643107	1643213	Deletion	106
Y	1643119	1643213	Deletion	94
Y	1643120	1643213	Deletion	93
Y	1643153	1643213	Deletion	60
Y	1643161	1643213	Deletion	52
Y	1651213	1643213	Deletion	8000
Y	1651213	1651303	Deletion	90
Y	1651213	1651319	Deletion	106
Y	1651559	1651664	Deletion	105
Y	1651581	1651664	Deletion	83
Y	1651595	1651664	Deletion	69
Y	1651603	1651664	Deletion	61
Y	1651604	1651664	Deletion	60
Y	1651615	1651664	Deletion	49
Y	1651617	1651664	Deletion	47
Y	1651640	1651664	Deletion	24
Y	1651764	1651664	Deletion	100
Y	1651764	1651807	Deletion	43
Y	1651764	1651870	Deletion	106
Y	1651764	1651850	Deletion	86
Y	1655277	1655357	Deletion	80
Y	1655293	1655357	Deletion	64
Y	1655303	1655357	Deletion	54
Y	1655307	1655357	Deletion	50
Y	1655323	1655357	Deletion	34
Y	1655457	1655357	Deletion	100
Y	1655457	1655480	Deletion	23
Y	1655457	1655494	Deletion	37
Y	1655457	1655533	Deletion	76
Y	1657585	1657658	Deletion	73
Y	1657758	1657658	Deletion	100
Y	1657758	1657858	Deletion	100
Y	1657758	1657814	Deletion	56
Y	1659764	1659858	Deletion	94
Y	1659819	1659858	Deletion	39
Y	1663944	1664050	Deletion	106
Y	1663946	1664050	Deletion	104
Y	1663965	1664050	Deletion	85
Y	1664015	1664050	Deletion	35
Y	1664024	1664050	Deletion	26
Y	1664028	1664050	Deletion	22
Y	1664031	1664050	Deletion	19
Y	1664150	1664050	Deletion	100
Y	1664154	1664244	Deletion	90
Y	1665333	1665409	Deletion	76
Y	1665370	1665401	Deletion	31
Y	1665388	1665409	Deletion	21
Y	1665509	1665409	Deletion	100
Y	1665509	1665585	Deletion	76
Y	1667674	1667574	Deletion	100
Y	1667674	1667761	Deletion	87
Y	1677596	1677676	Deletion	80
Y	1681148	1681207	Deletion	59
Y	1684877	1684930	Deletion	53
Y	1685013	1684930	Deletion	83
Y	1685042	1685120	Deletion	78
Y	1696923	1696970	Deletion	47
Y	1696923	1697017	Deletion	94
Y	1696923	1697003	Deletion	80
Y	1696923	1697004	Deletion	81
Y	1709947	1702526	Deletion	7421
Y	1712591	1709989	Deletion	2602
Y	1715345	1712675	Deletion	2670
Y	1720854	1720955	Deletion	101
Y	1723490	1723572	Deletion	82
Y	1723493	1723572	Deletion	79
Y	1723503	1723572	Deletion	69
Y	1723515	1723572	Deletion	57
Y	1723521	1723572	Deletion	51
Y	1738252	1738316	Deletion	64
Y	1738277	1738316	Deletion	39
Y	1738463	1738316	Deletion	147
Y	1738463	1738585	Deletion	122
Y	1738463	1738531	Deletion	68
Y	1738463	1738583	Deletion	120
Y	1738463	1738581	Deletion	118
Y	1738463	1738575	Deletion	112
Y	1747109	1747133	Deletion	24
Y	1747233	1747133	Deletion	100
Y	1748378	1748407	Deletion	29
Y	1748507	1748407	Deletion	100
Y	1748507	1748569	Deletion	62
Y	1748507	1748529	Deletion	22
Y	1748507	1748599	Deletion	92
Y	1748507	1748545	Deletion	38
Y	1749830	1749730	Deletion	100
Y	1749830	1749887	Deletion	57
Y	1749830	1749932	Deletion	102
Y	1749830	1749858	Deletion	28
Y	1751336	1751361	Deletion	25
Y	1751461	1751361	Deletion	100
Y	1751461	1751524	Deletion	63
Y	1751461	1751496	Deletion	35
Y	1754747	1752724	Deletion	2023
Y	1754771	1754804	Deletion	33
Y	1754771	1754867	Deletion	96
Y	1759173	1759026	Deletion	147
Y	1759173	1759221	Deletion	48
Y	1760156	1760215	Deletion	59
Y	1760156	1760199	Deletion	43
Y	1760156	1760260	Deletion	104
Y	1769812	1769872	Deletion	60
Y	1780816	1780861	Deletion	45
Y	1784325	1784366	Deletion	41
Y	1785327	1785431	Deletion	104
Y	1785327	1785409	Deletion	82
Y	1786244	1786333	Deletion	89
Y	1788615	1788703	Deletion	88
Y	1788639	1788757	Deletion	118
Y	1788639	1788742	Deletion	103
Y	1788639	1788733	Deletion	94
Y	1790626	1790714	Deletion	88
Y	1790626	1790668	Deletion	42
Y	1790703	1790671	Deletion	32
Y	1791908	1791961	Deletion	53
Y	1791908	1792029	Deletion	121
Y	1810686	1810720	Deletion	34
Y	1810695	1810720	Deletion	25
Y	1810820	1810720	Deletion	100
Y	1810820	1810907	Deletion	87
Y	1815970	1816040	Deletion	70
Y	1815990	1816040	Deletion	50
Y	1816843	1816040	Deletion	803
Y	1816843	1816887	Deletion	44
Y	1816843	1816899	Deletion	56
Y	1822384	1822504	Deletion	120
Y	1840194	1840303	Deletion	109
Y	1842094	1842167	Deletion	73
Y	1854696	1854740	Deletion	44
Y	1861633	1861666	Deletion	33
Y	1861789	1861666	Deletion	123
Y	1863280	1863376	Deletion	96
Y	1863297	1863376	Deletion	79
Y	1863298	1863376	Deletion	78
Y	1864377	1863376	Deletion	1001
Y	1864377	1864411	Deletion	34
Y	1864377	1864461	Deletion	84
Y	1866754	1866869	Deletion	115
Y	1866790	1866869	Deletion	79
Y	1866824	1866869	Deletion	45
Y	1869930	1870030	Deletion	100
Y	1869930	1870033	Deletion	103
Y	1869930	1870012	Deletion	82
Y	1870666	1870606	Deletion	60
Y	1883765	1883803	Deletion	38
Y	1884364	1883803	Deletion	561
Y	1884366	1884385	Deletion	19
Y	1888721	1888772	Deletion	51
Y	1889293	1888772	Deletion	521
Y	1889293	1889364	Deletion	71
Y	1889296	1889355	Deletion	59
Y	1889345	1889364	Deletion	19
Y	1889345	1889392	Deletion	47
Y	1890848	1890912	Deletion	64
Y	1890849	1890912	Deletion	63
Y	1891520	1890912	Deletion	608
Y	1891520	1891631	Deletion	111
Y	1891520	1891582	Deletion	62
Y	1891520	1891635	Deletion	115
Y	1891520	1891569	Deletion	49
Y	1893933	1894010	Deletion	77
Y	1893933	1894025	Deletion	92
Y	1893933	1893969	Deletion	36
Y	1896686	1896801	Deletion	115
Y	1896710	1896801	Deletion	91
Y	1896715	1896801	Deletion	86
Y	1896719	1896801	Deletion	82
Y	1896733	1896801	Deletion	68
Y	1901479	1900871	Deletion	608
Y	1913509	1913550	Deletion	41
Y	1913512	1913550	Deletion	38
Y	1913515	1913550	Deletion	35
Y	1913520	1913550	Deletion	30
Y	1917267	1917352	Deletion	85
Y	1917267	1917363	Deletion	96
Y	1917267	1917358	Deletion	91
Y	1921944	1922018	Deletion	74
Y	1933241	1933355	Deletion	114
Y	1948353	1948463	Deletion	110
Y	1948357	1948463	Deletion	106
Y	1949586	1949708	Deletion	122
Y	1949586	1949649	Deletion	63
Y	1949586	1949630	Deletion	44
Y	1955448	1955478	Deletion	30
Y	1962921	1963020	Deletion	99
Y	1970850	1970956	Deletion	106
Y	1985192	1985286	Deletion	94
Y	1987309	1987425	Deletion	116
Y	1987315	1987425	Deletion	110
Y	1987475	1987425	Deletion	50
Y	1993068	1993116	Deletion	48
Y	2004847	2004934	Deletion	87
Y	2004866	2004934	Deletion	68
Y	2004878	2004934	Deletion	56
Y	2004896	2004934	Deletion	38
Y	2004900	2004934	Deletion	34
Y	2005034	2004934	Deletion	100
Y	2005034	2005124	Deletion	90
Y	2005034	2005132	Deletion	98
Y	2006899	2006980	Deletion	81
Y	2019594	2019660	Deletion	66
Y	2019611	2019660	Deletion	49
Y	2021905	2021982	Deletion	77
Y	2021905	2021974	Deletion	69
Y	2021905	2022027	Deletion	122
Y	2021905	2022000	Deletion	95
Y	2021905	2022013	Deletion	108
Y	2044326	2044387	Deletion	61
Y	2046160	2046230	Deletion	70
Y	2051248	2051357	Deletion	109
Y	2053446	2053517	Deletion	71
Y	2055592	2055663	Deletion	71
Y	2057128	2057244	Deletion	116
Y	2057159	2057244	Deletion	85
Y	2057210	2057244	Deletion	34
Y	2062560	2062608	Deletion	48
Y	2078452	2078526	Deletion	74
Y	2086895	2086956	Deletion	61
Y	2086919	2086956	Deletion	37
Y	2086925	2086956	Deletion	31
Y	2086931	2086956	Deletion	25
Y	2087056	2086956	Deletion	100
Y	2087056	2087157	Deletion	101
Y	2087056	2087109	Deletion	53
Y	2087056	2087119	Deletion	63
Y	2087056	2087092	Deletion	36
Y	2087056	2087131	Deletion	75
Y	2087056	2087170	Deletion	114
Y	2090210	2090292	Deletion	82
Y	2090246	2090292	Deletion	46
Y	2090253	2090292	Deletion	39
Y	2094531	2094575	Deletion	44
Y	2108768	2108870	Deletion	102
Y	2133207	2133328	Deletion	121
Y	2133881	2133938	Deletion	57
Y	2133898	2133938	Deletion	40
Y	2133903	2133938	Deletion	35
Y	2133907	2133938	Deletion	31
Y	2136184	2136275	Deletion	91
Y	2136184	2136233	Deletion	49
Y	2137285	2137322	Deletion	37
Y	2137696	2137732	Deletion	36
Y	2160457	2160512	Deletion	55
Y	2160460	2160567	Deletion	107
Y	2160522	2160567	Deletion	45
Y	2162002	2162112	Deletion	110
Y	2169856	2169923	Deletion	67
Y	2169856	2169906	Deletion	50
Y	2176824	2176893	Deletion	69
Y	2181928	2181972	Deletion	44
Y	2182164	2182277	Deletion	113
Y	2182193	2182277	Deletion	84
Y	2182200	2182277	Deletion	77
Y	2182215	2182277	Deletion	62
Y	2182217	2182277	Deletion	60
Y	2182230	2182277	Deletion	47
Y	2182234	2182277	Deletion	43
Y	2182240	2182277	Deletion	37
Y	2182242	2182277	Deletion	35
Y	2182243	2182277	Deletion	34
Y	2182245	2182277	Deletion	32
Y	2182246	2182277	Deletion	31
Y	2183495	2183618	Deletion	123
Y	2183498	2183560	Deletion	62
Y	2188961	2189026	Deletion	65
Y	2198394	2198449	Deletion	55
Y	2226071	2226143	Deletion	72
Y	2229633	2229730	Deletion	97
Y	2230736	2230676	Deletion	60
Y	2232404	2232462	Deletion	58
Y	2232424	2232462	Deletion	38
Y	2236816	2236905	Deletion	89
Y	2236816	2236913	Deletion	97
Y	2236816	2236908	Deletion	92
Y	2236816	2236938	Deletion	122
Y	2236816	2236885	Deletion	69
Y	2240402	2240477	Deletion	75
Y	2253470	2253557	Deletion	87
Y	2255567	2255619	Deletion	52
Y	2257957	2258031	Deletion	74
Y	2257957	2258073	Deletion	116
Y	2257957	2258050	Deletion	93
Y	2259601	2259676	Deletion	75
Y	2261349	2261419	Deletion	70
Y	2262351	2261419	Deletion	932
Y	2262352	2262382	Deletion	30
Y	2262673	2262382	Deletion	291
Y	2262673	2262741	Deletion	68
Y	2262673	2262768	Deletion	95
Y	2262673	2262773	Deletion	100
Y	2262673	2262792	Deletion	119
Y	2262761	2262802	Deletion	41
Y	2277906	2277919	Deletion	13
Y	2277961	2278007	Deletion	46
Y	2278298	2278007	Deletion	291
Y	2279261	2278329	Deletion	932
Y	2279261	2279346	Deletion	85
Y	2279261	2279305	Deletion	44
Y	2283392	2283479	Deletion	87
Y	2283417	2283479	Deletion	62
Y	2283422	2283479	Deletion	57
Y	2285062	2283479	Deletion	1583
Y	2285062	2285095	Deletion	33
Y	2309956	2309956	Deletion	0
Y	2310026	2310068	Deletion	42
Y	2310962	2311003	Deletion	41
Y	2310962	2311063	Deletion	101
Y	2317702	2317810	Deletion	108
Y	2337226	2337343	Deletion	117
Y	2341854	2341949	Deletion	95
Y	2341854	2341906	Deletion	52
Y	2341854	2341933	Deletion	79
Y	2355426	2355534	Deletion	108
Y	2355428	2355534	Deletion	106
Y	2356865	2356836	Deletion	29
Y	2361782	2361866	Deletion	84
Y	2361823	2361866	Deletion	43
Y	2364467	2364510	Deletion	43
Y	2365002	2365051	Deletion	49
Y	2367513	2367554	Deletion	41
Y	2375239	2375332	Deletion	93
Y	2375239	2375308	Deletion	69
Y	2377037	2377120	Deletion	83
Y	2377051	2377120	Deletion	69
Y	2377069	2377120	Deletion	51
Y	2379253	2379313	Deletion	60
Y	2379746	2379802	Deletion	56
Y	2392436	2392489	Deletion	53
Y	2393343	2393427	Deletion	84
Y	2395698	2395787	Deletion	89
Y	2395698	2395768	Deletion	70
Y	2402992	2403054	Deletion	62
Y	2404816	2404888	Deletion	72
Y	2404818	2404888	Deletion	70
Y	2404838	2404888	Deletion	50
Y	2404865	2404888	Deletion	23
Y	2404988	2404888	Deletion	100
Y	2404988	2405073	Deletion	85
Y	2404988	2405019	Deletion	31
Y	2404988	2405025	Deletion	37
Y	2404988	2405059	Deletion	71
Y	2404988	2405013	Deletion	25
Y	2405673	2405775	Deletion	102
Y	2405678	2405775	Deletion	97
Y	2405711	2405775	Deletion	64
Y	2405726	2405775	Deletion	49
Y	2405730	2405775	Deletion	45
Y	2411975	2405775	Deletion	6200
Y	2411975	2412076	Deletion	101
Y	2411975	2412043	Deletion	68
Y	2415448	2415473	Deletion	25
Y	2421673	2421716	Deletion	43
Y	2422265	2422375	Deletion	110
Y	2422275	2422375	Deletion	100
Y	2422280	2422375	Deletion	95
Y	2422299	2422375	Deletion	76
Y	2422314	2422375	Deletion	61
Y	2422505	2422375	Deletion	130
Y	2422505	2422613	Deletion	108
Y	2422505	2422543	Deletion	38
Y	2423701	2423783	Deletion	82
Y	2423705	2423783	Deletion	78
Y	2423740	2423783	Deletion	43
Y	2423749	2423783	Deletion	34
Y	2423883	2423959	Deletion	76
Y	2423883	2423933	Deletion	50
Y	2423883	2423998	Deletion	115
Y	2433369	2433422	Deletion	53
Y	2434816	2434904	Deletion	88
Y	2434841	2434904	Deletion	63
Y	2435104	2434904	Deletion	200
Y	2436309	2436405	Deletion	96
Y	2436379	2436405	Deletion	26
Y	2436605	2436405	Deletion	200
Y	2436605	2436723	Deletion	118
Y	2436605	2436657	Deletion	52
Y	2436605	2436656	Deletion	51
Y	2436605	2436675	Deletion	70
Y	2436605	2436698	Deletion	93
Y	2436605	2436654	Deletion	49
Y	2446897	2446970	Deletion	73
Y	2446897	2446986	Deletion	89
Y	2447511	2447626	Deletion	115
Y	2447849	2447899	Deletion	50
Y	2456990	2457096	Deletion	106
Y	2456995	2457096	Deletion	101
Y	2457002	2457096	Deletion	94
Y	2457011	2457096	Deletion	85
Y	2457040	2457096	Deletion	56
Y	2457062	2457096	Deletion	34
Y	2458843	2457096	Deletion	1747
Y	2458843	2458958	Deletion	115
Y	2463964	2463998	Deletion	34
Y	2463964	2464036	Deletion	72
Y	2469981	2470072	Deletion	91
Y	2474943	2475061	Deletion	118
Y	2487267	2487308	Deletion	41
Y	2489514	2489559	Deletion	45
Y	2489514	2489596	Deletion	82
Y	2496001	2496120	Deletion	119
Y	2496009	2496120	Deletion	111
Y	2496022	2496120	Deletion	98
Y	2496037	2496120	Deletion	83
Y	2496041	2496120	Deletion	79
Y	2496061	2496120	Deletion	59
Y	2496075	2496120	Deletion	45
Y	2496088	2496120	Deletion	32
Y	2496220	2496120	Deletion	100
Y	2496220	2496265	Deletion	45
Y	2496220	2496306	Deletion	86
Y	2496220	2496322	Deletion	102
Y	2496220	2496280	Deletion	60
Y	2496220	2496257	Deletion	37
Y	2508442	2508522	Deletion	80
Y	2513269	2513329	Deletion	60
Y	2515747	2515801	Deletion	54
Y	2515885	2515931	Deletion	46
Y	2521310	2521396	Deletion	86
Y	2521708	2521798	Deletion	90
Y	2532767	2532875	Deletion	108
Y	2532767	2532870	Deletion	103
Y	2533792	2533847	Deletion	55
Y	2533802	2533847	Deletion	45
Y	2534021	2533847	Deletion	174
Y	2534274	2534059	Deletion	215
Y	2534292	2534333	Deletion	41
Y	2540745	2540817	Deletion	72
Y	2540745	2540838	Deletion	93
Y	2542890	2542989	Deletion	99
Y	2545413	2545454	Deletion	41
Y	2546143	2546262	Deletion	119
Y	2551439	2551538	Deletion	99
Y	2551453	2551538	Deletion	85
Y	2553723	2553771	Deletion	48
Y	2553733	2553830	Deletion	97
Y	2628106	2628174	Deletion	68
Y	2628117	2628174	Deletion	57
Y	2628135	2628174	Deletion	39
Y	2628284	2628174	Deletion	110
Y	2628284	2628371	Deletion	87
Y	2628284	2628386	Deletion	102
Y	2628284	2628342	Deletion	58
Y	2628284	2628404	Deletion	120
Y	2633066	2633120	Deletion	54
Y	2643396	2643517	Deletion	121
Y	2647769	2647838	Deletion	69
Y	2648751	2648806	Deletion	55
Y	2648767	2648806	Deletion	39
Y	2649733	2648805	Deletion	928
Y	2650776	2649780	Deletion	996
Y	2661086	2661123	Deletion	37
Y	2666954	2667028	Deletion	74
Y	2666980	2667028	Deletion	48
Y	2667002	2667028	Deletion	26
Y	2667128	2667028	Deletion	100
Y	2668981	2669052	Deletion	71
Y	2668981	2669039	Deletion	58
Y	2671261	2671356	Deletion	95
Y	2671279	2671356	Deletion	77
Y	2671321	2671356	Deletion	35
Y	2676191	2676222	Deletion	31
Y	2676191	2676282	Deletion	91
Y	2676191	2676240	Deletion	49
Y	2676191	2676305	Deletion	114
Y	2676191	2676312	Deletion	121
Y	2678079	2677964	Deletion	115
Y	2688083	2688120	Deletion	37
Y	2688647	2688690	Deletion	43
Y	2688647	2688736	Deletion	89
Y	2714706	2714758	Deletion	52
Y	2715985	2716067	Deletion	82
Y	2741836	2741899	Deletion	63
Y	2744272	2744352	Deletion	80
Y	2745372	2745479	Deletion	107
Y	2745372	2745476	Deletion	104
Y	2745374	2745410	Deletion	36
Y	2751065	2751132	Deletion	67
Y	2751083	2751132	Deletion	49
Y	2751084	2751132	Deletion	48
Y	2751212	2751132	Deletion	80
Y	2751212	2751314	Deletion	102
Y	2751212	2751289	Deletion	77
Y	2751212	2751330	Deletion	118
Y	2751212	2751256	Deletion	44
Y	2751212	2751290	Deletion	78
Y	2764860	2764958	Deletion	98
Y	2764864	2764958	Deletion	94
Y	2764870	2764958	Deletion	88
Y	2764893	2764958	Deletion	65
Y	2764928	2764958	Deletion	30
Y	2765951	2766043	Deletion	92
Y	2765951	2765983	Deletion	32
Y	2765951	2765989	Deletion	38
Y	2771654	2771690	Deletion	36
Y	2771654	2771730	Deletion	76
Y	2778988	2779052	Deletion	64
Y	2786339	2786399	Deletion	60
Y	2792568	2792625	Deletion	57
Y	2792591	2792625	Deletion	34
Y	2797566	2797618	Deletion	52
Y	2798092	2798159	Deletion	67
Y	2799201	2799248	Deletion	47
Y	2800629	2800741	Deletion	112
Y	2807687	2807729	Deletion	42
Y	2809312	2809377	Deletion	65
Y	2809312	2809371	Deletion	59
Y	2829221	2829290	Deletion	69
Y	2829249	2829290	Deletion	41
Y	2829254	2829290	Deletion	36
Y	2829271	2829290	Deletion	19
Y	2829390	2829290	Deletion	100
Y	2829390	2829446	Deletion	56
Y	2829390	2829433	Deletion	43
Y	2830994	2831093	Deletion	99
Y	2831050	2831093	Deletion	43
Y	2831141	2831093	Deletion	48
Y	2831141	2831245	Deletion	104
Y	2831141	2831248	Deletion	107
Y	2840057	2840176	Deletion	119
Y	2853186	2853290	Deletion	104
Y	2853603	2853290	Deletion	313
Y	2853603	2853672	Deletion	69
Y	2859073	2854073	Deletion	5000
Y	2859073	2859120	Deletion	47
Y	2859073	2859108	Deletion	35
Y	2859073	2859190	Deletion	117
Y	2859073	2859161	Deletion	88
Y	2859073	2859194	Deletion	121
Y	2868447	2868026	Deletion	421
Y	2868935	2868977	Deletion	42
Y	2883833	2883898	Deletion	65
Y	2883833	2883867	Deletion	34
Y	2883833	2883928	Deletion	95
Y	2883833	2883936	Deletion	103
Y	2886646	2886692	Deletion	46
Y	2891692	2891787	Deletion	95
Y	2891692	2891808	Deletion	116
Y	2891692	2891782	Deletion	90
Y	2891692	2891777	Deletion	85
Y	2891692	2891756	Deletion	64
Y	2893944	2894001	Deletion	57
Y	2901798	2901839	Deletion	41
Y	2907230	2907306	Deletion	76
Y	2907230	2907291	Deletion	61
Y	2911247	2911359	Deletion	112
Y	2913648	2913718	Deletion	70
Y	2913680	2913718	Deletion	38
Y	2926156	2926244	Deletion	88
Y	2935735	2935764	Deletion	29
Y	2935750	2935790	Deletion	40
Y	2940790	2935785	Deletion	5005
Y	2944181	2944284	Deletion	103
Y	2944181	2944269	Deletion	88
Y	2946813	2946848	Deletion	35
Y	2948157	2948239	Deletion	82
Y	2948157	2948218	Deletion	61
Y	2949698	2949757	Deletion	59
Y	2949698	2949790	Deletion	92
Y	2954366	2954430	Deletion	64
Y	2954379	2954430	Deletion	51
Y	2954385	2954430	Deletion	45
Y	2959430	2954430	Deletion	5000
Y	2959430	2959475	Deletion	45
Y	2959430	2959539	Deletion	109
Y	2959430	2959468	Deletion	38
Y	2959430	2959515	Deletion	85
Y	2961646	2961752	Deletion	106
Y	2961652	2961754	Deletion	102
Y	2961674	2961754	Deletion	80
Y	2962289	2962374	Deletion	85
Y	2962979	2962991	Deletion	12
Y	2964581	2964646	Deletion	65
Y	2968893	2968962	Deletion	69
Y	2972493	2972594	Deletion	101
Y	2972556	2972594	Deletion	38
Y	2972567	2972594	Deletion	27
Y	2977594	2972594	Deletion	5000
Y	2977594	2977614	Deletion	20
Y	2977594	2977681	Deletion	87
Y	2989400	2989476	Deletion	76
Y	2992902	2993018	Deletion	116
Y	3002489	3002586	Deletion	97
Y	3002489	3002529	Deletion	40
Y	3004709	3004769	Deletion	60
Y	3011844	3011908	Deletion	64
Y	3011858	3011908	Deletion	50
Y	3012008	3011908	Deletion	100
Y	3012008	3012111	Deletion	103
Y	3014316	3014360	Deletion	44
Y	3014318	3014360	Deletion	42
Y	3014325	3014360	Deletion	35
Y	3023862	3023896	Deletion	34
Y	3023862	3023947	Deletion	85
Y	3023862	3023978	Deletion	116
Y	3023862	3023954	Deletion	92
Y	3023971	3024026	Deletion	55
Y	3023986	3024026	Deletion	40
Y	3024126	3024026	Deletion	100
Y	3024126	3024218	Deletion	92
Y	3024126	3024202	Deletion	76
Y	3025062	3025146	Deletion	84
Y	3025066	3025146	Deletion	80
Y	3025100	3025146	Deletion	46
Y	3025105	3025146	Deletion	41
Y	3025115	3025146	Deletion	31
Y	3025118	3025146	Deletion	28
Y	3025246	3025146	Deletion	100
Y	3025246	3025307	Deletion	61
Y	3025246	3025302	Deletion	56
Y	3025246	3025316	Deletion	70
Y	3025246	3025276	Deletion	30
Y	3025246	3025305	Deletion	59
Y	3026061	3026143	Deletion	82
Y	3026076	3026143	Deletion	67
Y	3026091	3026143	Deletion	52
Y	3026097	3026143	Deletion	46
Y	3026124	3026143	Deletion	19
Y	3026243	3026143	Deletion	100
Y	3026243	3026295	Deletion	52
Y	3026243	3026265	Deletion	22
Y	3026243	3026270	Deletion	27
Y	3026243	3026281	Deletion	38
Y	3044409	3044454	Deletion	45
Y	3044554	3044454	Deletion	100
Y	3044554	3044639	Deletion	85
Y	3044554	3044669	Deletion	115
Y	3044554	3044602	Deletion	48
Y	3046447	3046528	Deletion	81
Y	3046451	3046528	Deletion	77
Y	3046469	3046528	Deletion	59
Y	3046500	3046528	Deletion	28
Y	3046506	3046528	Deletion	22
Y	3046507	3046528	Deletion	21
Y	3046628	3046528	Deletion	100
Y	3046628	3046712	Deletion	84
Y	3046628	3046679	Deletion	51
Y	3046628	3046744	Deletion	116
Y	3056675	3056790	Deletion	115
Y	3056705	3056790	Deletion	85
Y	3056757	3056790	Deletion	33
Y	3056761	3056790	Deletion	29
Y	3056890	3056790	Deletion	100
Y	3056890	3056983	Deletion	93
Y	3056890	3056921	Deletion	31
Y	3056890	3057009	Deletion	119
Y	3072577	3072679	Deletion	102
Y	3072577	3072684	Deletion	107
Y	3072577	3072700	Deletion	123
Y	3080484	3080562	Deletion	78
Y	3080484	3080560	Deletion	76
Y	3080484	3080602	Deletion	118
Y	3080618	3080705	Deletion	87
Y	3102263	3102343	Deletion	80
Y	3104800	3104898	Deletion	98
Y	3117759	3117799	Deletion	40
Y	3120082	3120142	Deletion	60
Y	3120087	3120142	Deletion	55
Y	3129400	3129508	Deletion	108
Y	3129420	3129508	Deletion	88
Y	3129462	3129508	Deletion	46
Y	3149196	3149246	Deletion	50
Y	3149240	3149335	Deletion	95
Y	3149245	3149335	Deletion	90
Y	3150552	3149335	Deletion	1217
Y	3152731	3152676	Deletion	55
Y	3164092	3163796	Deletion	296
Y	3167563	3167676	Deletion	113
Y	3167568	3167676	Deletion	108
Y	3167609	3167673	Deletion	64
Y	3167748	3167676	Deletion	72
Y	3167748	3167836	Deletion	88
Y	3167748	3167862	Deletion	114
Y	3181547	3181591	Deletion	44
Y	3181547	3181616	Deletion	69
Y	3205694	3205782	Deletion	88
Y	3205706	3205782	Deletion	76
Y	3206378	3206478	Deletion	100
Y	3206380	3206428	Deletion	48
Y	3215020	3215128	Deletion	108
Y	3215027	3215128	Deletion	101
Y	3224263	3218179	Deletion	6084
Y	3231616	3231657	Deletion	41
Y	3239522	3239599	Deletion	77
Y	3239524	3239599	Deletion	75
Y	3239543	3239599	Deletion	56
Y	3239550	3239599	Deletion	49
Y	3239554	3239599	Deletion	45
Y	3239556	3239599	Deletion	43
Y	3239564	3239599	Deletion	35
Y	3240059	3239599	Deletion	460
Y	3240059	3240150	Deletion	91
Y	3240059	3240180	Deletion	121
Y	3240059	3240140	Deletion	81
Y	3240059	3240129	Deletion	70
Y	3240059	3240142	Deletion	83
Y	3240059	3240176	Deletion	117
Y	3240316	3240421	Deletion	105
Y	3240344	3240421	Deletion	77
Y	3240359	3240421	Deletion	62
Y	3240364	3240421	Deletion	57
Y	3240380	3240421	Deletion	41
Y	3246254	3246304	Deletion	50
Y	3246254	3246319	Deletion	65
Y	3246254	3246324	Deletion	70
Y	3246254	3246340	Deletion	86
Y	3254963	3255043	Deletion	80
Y	3254970	3255043	Deletion	73
Y	3255010	3255043	Deletion	33
Y	3255143	3255043	Deletion	100
Y	3255143	3255224	Deletion	81
Y	3255143	3255179	Deletion	36
Y	3257465	3257546	Deletion	81
Y	3257483	3257546	Deletion	63
Y	3259048	3259114	Deletion	66
Y	3259048	3259096	Deletion	48
Y	3260800	3260891	Deletion	91
Y	3260832	3260891	Deletion	59
Y	3260850	3260891	Deletion	41
Y	3262891	3260891	Deletion	2000
Y	3262891	3262916	Deletion	25
Y	3262891	3262978	Deletion	87
Y	3262891	3262975	Deletion	84
Y	3269511	3269601	Deletion	90
Y	3269533	3269601	Deletion	68
Y	3269563	3269601	Deletion	38
Y	3273543	3271888	Deletion	1655
Y	3273543	3273631	Deletion	88
Y	3273543	3273579	Deletion	36
Y	3283926	3284038	Deletion	112
Y	3283987	3284038	Deletion	51
Y	3284138	3284038	Deletion	100
Y	3284138	3284259	Deletion	121
Y	3284138	3284254	Deletion	116
Y	3284138	3284224	Deletion	86
Y	3284138	3284194	Deletion	56
Y	3284138	3284208	Deletion	70
Y	3284996	3285042	Deletion	46
Y	3284996	3285080	Deletion	84
Y	3284996	3285067	Deletion	71
Y	3288083	3288127	Deletion	44
Y	3289339	3289396	Deletion	57
Y	3289378	3289412	Deletion	34
Y	3289695	3289740	Deletion	45
Y	3290005	3290064	Deletion	59
Y	3291565	3291605	Deletion	40
Y	3293605	3291605	Deletion	2000
Y	3297403	3297514	Deletion	111
Y	3297403	3297500	Deletion	97
Y	3298054	3298126	Deletion	72
Y	3301826	3298126	Deletion	3700
Y	3301826	3301926	Deletion	100
Y	3301826	3301945	Deletion	119
Y	3301826	3301882	Deletion	56
Y	3301826	3301946	Deletion	120
Y	3301826	3301910	Deletion	84
Y	3301826	3301918	Deletion	92
Y	3302440	3302550	Deletion	110
Y	3318556	3303556	Deletion	15000
Y	3318729	3318840	Deletion	111
Y	3318729	3318808	Deletion	79
Y	3323142	3319442	Deletion	3700
Y	3323772	3323855	Deletion	83
Y	3323798	3323855	Deletion	57
Y	3323822	3323855	Deletion	33
Y	3327555	3323855	Deletion	3700
Y	3327555	3327580	Deletion	25
Y	3327555	3327668	Deletion	113
Y	3328213	3328279	Deletion	66
Y	3328238	3328279	Deletion	41
Y	3331979	3328279	Deletion	3700
Y	3331979	3332042	Deletion	63
Y	3332648	3332699	Deletion	51
Y	3336399	3332699	Deletion	3700
Y	3336399	3336455	Deletion	56
Y	3336399	3336489	Deletion	90
Y	3336399	3336518	Deletion	119
Y	3337026	3337123	Deletion	97
Y	3340823	3337123	Deletion	3700
Y	3340823	3340897	Deletion	74
Y	3340823	3340943	Deletion	120
Y	3340823	3340883	Deletion	60
Y	3340839	3340939	Deletion	100
Y	3341471	3341546	Deletion	75
Y	3341486	3341546	Deletion	60
Y	3341520	3341546	Deletion	26
Y	3345246	3341546	Deletion	3700
Y	3345246	3345306	Deletion	60
Y	3345246	3345336	Deletion	90
Y	3345246	3345295	Deletion	49
Y	3345876	3345950	Deletion	74
Y	3349650	3345950	Deletion	3700
Y	3349650	3349721	Deletion	71
Y	3349650	3349714	Deletion	64
Y	3349650	3349736	Deletion	86
Y	3349650	3349685	Deletion	35
Y	3354104	3354202	Deletion	98
Y	3354133	3354213	Deletion	80
Y	3354775	3354828	Deletion	53
Y	3358570	3358616	Deletion	46
Y	3359186	3359286	Deletion	100
Y	3359189	3359286	Deletion	97
Y	3359215	3359286	Deletion	71
Y	3359219	3359286	Deletion	67
Y	3362886	3359286	Deletion	3600
Y	3362886	3362988	Deletion	102
Y	3362886	3362985	Deletion	99
Y	3362886	3362998	Deletion	112
Y	3364934	3365046	Deletion	112
Y	3367667	3367786	Deletion	119
Y	3367679	3367786	Deletion	107
Y	3367682	3367786	Deletion	104
Y	3367722	3367786	Deletion	64
Y	3367737	3367786	Deletion	49
Y	3370886	3367786	Deletion	3100
Y	3370886	3370965	Deletion	79
Y	3370886	3370919	Deletion	33
Y	3370886	3370933	Deletion	47
Y	3371488	3371602	Deletion	114
Y	3371510	3371602	Deletion	92
Y	3371532	3371602	Deletion	70
Y	3371536	3371602	Deletion	66
Y	3371545	3371602	Deletion	57
Y	3375802	3371602	Deletion	4200
Y	3376281	3376352	Deletion	71
Y	3376281	3376380	Deletion	99
Y	3376902	3376984	Deletion	82
Y	3376905	3376984	Deletion	79
Y	3376923	3376984	Deletion	61
Y	3376932	3376984	Deletion	52
Y	3376933	3376984	Deletion	51
Y	3376936	3376984	Deletion	48
Y	3376944	3376984	Deletion	40
Y	3376952	3376984	Deletion	32
Y	3376959	3376984	Deletion	25
Y	3376963	3376984	Deletion	21
Y	3377084	3376984	Deletion	100
Y	3377084	3377148	Deletion	64
Y	3377084	3377140	Deletion	56
Y	3377084	3377154	Deletion	70
Y	3377084	3377121	Deletion	37
Y	3377084	3377157	Deletion	73
Y	3380798	3380860	Deletion	62
Y	3380798	3380843	Deletion	45
Y	3384733	3384776	Deletion	43
Y	3384733	3384777	Deletion	44
Y	3390783	3390895	Deletion	112
Y	3390818	3390895	Deletion	77
Y	3391043	3391132	Deletion	89
Y	3391043	3391120	Deletion	77
Y	3415659	3415729	Deletion	70
Y	3415659	3415717	Deletion	58
Y	3415659	3415775	Deletion	116
Y	3415659	3415716	Deletion	57
Y	3433427	3433495	Deletion	68
Y	3433427	3433498	Deletion	71
Y	3449186	3449238	Deletion	52
Y	3449190	3449238	Deletion	48
Y	3468289	3468382	Deletion	93
Y	3472482	3471484	Deletion	998
Y	3489508	3489578	Deletion	70
Y	3489515	3489578	Deletion	63
Y	3489516	3489578	Deletion	62
Y	3501607	3501708	Deletion	101
Y	3501611	3501708	Deletion	97
Y	3501889	3501982	Deletion	93
Y	3514419	3514482	Deletion	63
Y	3514444	3514482	Deletion	38
Y	3514449	3514482	Deletion	33
Y	3515255	3515353	Deletion	98
Y	3515255	3515373	Deletion	118
Y	3515255	3515363	Deletion	108
Y	3515255	3515352	Deletion	97
Y	3528287	3528368	Deletion	81
Y	3530366	3530484	Deletion	118
Y	3530366	3530454	Deletion	88
Y	3534974	3535063	Deletion	89
Y	3536217	3536284	Deletion	67
Y	3536241	3536284	Deletion	43
Y	3536252	3536284	Deletion	32
Y	3536384	3536284	Deletion	100
Y	3536384	3536495	Deletion	111
Y	3536384	3536429	Deletion	45
Y	3536384	3536499	Deletion	115
Y	3536384	3536433	Deletion	49
Y	3536384	3536404	Deletion	20
Y	3544930	3545044	Deletion	114
Y	3544946	3545044	Deletion	98
Y	3548975	3549073	Deletion	98
Y	3548975	3549017	Deletion	42
Y	3548975	3549041	Deletion	66
Y	3560303	3560203	Deletion	100
Y	3560303	3560379	Deletion	76
Y	3560303	3560348	Deletion	45
Y	3560303	3560409	Deletion	106
Y	3560303	3560355	Deletion	52
Y	3560303	3560418	Deletion	115
Y	3560327	3560401	Deletion	74
Y	3560359	3560399	Deletion	40
Y	3560460	3560474	Deletion	14
Y	3561504	3561562	Deletion	58
Y	3561504	3561564	Deletion	60
Y	3561504	3561622	Deletion	118
Y	3561504	3561578	Deletion	74
Y	3562397	3562458	Deletion	61
Y	3562470	3562458	Deletion	12
Y	3562586	3562593	Deletion	7
Y	3562738	3562771	Deletion	33
Y	3562738	3562825	Deletion	87
Y	3562738	3562842	Deletion	104
Y	3562738	3562812	Deletion	74
Y	3565544	3565630	Deletion	86
Y	3565566	3565630	Deletion	64
Y	3565606	3565630	Deletion	24
Y	3565730	3565630	Deletion	100
Y	3565730	3565838	Deletion	108
Y	3565730	3565803	Deletion	73
Y	3565730	3565797	Deletion	67
Y	3565730	3565787	Deletion	57
Y	3565730	3565801	Deletion	71
Y	3567079	3567184	Deletion	105
Y	3567156	3567184	Deletion	28
Y	3567284	3567184	Deletion	100
Y	3567284	3567378	Deletion	94
Y	3567284	3567404	Deletion	120
Y	3567284	3567355	Deletion	71
Y	3567716	3567816	Deletion	100
Y	3567723	3567816	Deletion	93
Y	3567758	3567816	Deletion	58
Y	3567760	3567816	Deletion	56
Y	3567772	3567816	Deletion	44
Y	3567783	3567816	Deletion	33
Y	3570560	3567816	Deletion	2744
Y	3570560	3570629	Deletion	69
Y	3570560	3570631	Deletion	71
Y	3570560	3570594	Deletion	34
Y	3570560	3570654	Deletion	94
Y	3570560	3570643	Deletion	83
Y	3570561	3570659	Deletion	98
Y	3579264	3579355	Deletion	91
Y	3579264	3579350	Deletion	86
Y	3579264	3579368	Deletion	104
Y	3580382	3580469	Deletion	87
Y	3580385	3580469	Deletion	84
Y	3580410	3580469	Deletion	59
Y	3580422	3580469	Deletion	47
Y	3580429	3580469	Deletion	40
Y	3580431	3580469	Deletion	38
Y	3580447	3580469	Deletion	22
Y	3580569	3580469	Deletion	100
Y	3580569	3580593	Deletion	24
Y	3580569	3580685	Deletion	116
Y	3580569	3580670	Deletion	101
Y	3580569	3580649	Deletion	80
Y	3580569	3580683	Deletion	114
Y	3580569	3580630	Deletion	61
Y	3581706	3581825	Deletion	119
Y	3581730	3581825	Deletion	95
Y	3581743	3581825	Deletion	82
Y	3581760	3581825	Deletion	65
Y	3581776	3581825	Deletion	49
Y	3581795	3581825	Deletion	30
Y	3590025	3581825	Deletion	8200
Y	3590025	3590138	Deletion	113
Y	3590025	3590072	Deletion	47
Y	3590025	3590129	Deletion	104
Y	3591364	3591385	Deletion	21
Y	3595550	3591385	Deletion	4165
Y	3595550	3595627	Deletion	77
Y	3595550	3595614	Deletion	64
Y	3595550	3595639	Deletion	89
Y	3595550	3595638	Deletion	88
Y	3595550	3595604	Deletion	54
Y	3595550	3595664	Deletion	114
Y	3596229	3596309	Deletion	80
Y	3596236	3596309	Deletion	73
Y	3596278	3596309	Deletion	31
Y	3596279	3596309	Deletion	30
Y	3600474	3596309	Deletion	4165
Y	3600474	3600583	Deletion	109
Y	3600474	3600569	Deletion	95
Y	3600474	3600522	Deletion	48
Y	3600474	3600571	Deletion	97
Y	3612668	3611304	Deletion	1364
Y	3612668	3612745	Deletion	77
Y	3614348	3614408	Deletion	60
Y	3614359	3614408	Deletion	49
Y	3614362	3614408	Deletion	46
Y	3614368	3614408	Deletion	40
Y	3617387	3617465	Deletion	78
Y	3617387	3617454	Deletion	67
Y	3617387	3617494	Deletion	107
Y	3617387	3617468	Deletion	81
Y	3617387	3617474	Deletion	87
Y	3641084	3641170	Deletion	86
Y	3641118	3641170	Deletion	52
Y	3641125	3641170	Deletion	45
Y	3641128	3641170	Deletion	42
Y	3647170	3641170	Deletion	6000
Y	3647170	3647213	Deletion	43
Y	3648036	3648134	Deletion	98
Y	3648060	3648134	Deletion	74
Y	3648115	3648134	Deletion	19
Y	3648634	3648134	Deletion	500
Y	3648634	3648708	Deletion	74
Y	3649358	3649394	Deletion	36
Y	3649365	3649391	Deletion	26
Y	3649494	3649394	Deletion	100
Y	3649494	3649575	Deletion	81
Y	3649499	3649514	Deletion	15
Y	3652678	3652786	Deletion	108
Y	3652692	3652786	Deletion	94
Y	3652714	3652786	Deletion	72
Y	3652720	3652786	Deletion	66
Y	3652721	3652786	Deletion	65
Y	3652727	3652786	Deletion	59
Y	3652735	3652786	Deletion	51
Y	3652759	3652786	Deletion	27
Y	3652886	3652966	Deletion	80
Y	3652886	3652933	Deletion	47
Y	3652886	3652917	Deletion	31
Y	3652886	3652968	Deletion	82
Y	3652886	3652919	Deletion	33
Y	3654284	3654376	Deletion	92
Y	3654287	3654376	Deletion	89
Y	3654304	3654376	Deletion	72
Y	3654310	3654376	Deletion	66
Y	3654326	3654376	Deletion	50
Y	3654344	3654376	Deletion	32
Y	3654476	3654376	Deletion	100
Y	3654476	3654529	Deletion	53
Y	3654476	3654588	Deletion	112
Y	3657194	3657280	Deletion	86
Y	3657215	3657280	Deletion	65
Y	3657218	3657280	Deletion	62
Y	3657222	3657280	Deletion	58
Y	3663280	3663372	Deletion	92
Y	3663280	3663391	Deletion	111
Y	3663280	3663299	Deletion	19
Y	3663280	3663311	Deletion	31
Y	3663280	3663369	Deletion	89
Y	3664562	3664653	Deletion	91
Y	3664590	3664653	Deletion	63
Y	3664703	3664653	Deletion	50
Y	3664703	3664785	Deletion	82
Y	3664703	3664757	Deletion	54
Y	3664703	3664756	Deletion	53
Y	3664703	3664753	Deletion	50
Y	3664703	3664811	Deletion	108
Y	3664703	3664795	Deletion	92
Y	3664703	3664799	Deletion	96
Y	3664703	3664792	Deletion	89
Y	3664703	3664798	Deletion	95
Y	3664975	3665041	Deletion	66
Y	3664991	3665041	Deletion	50
Y	3665001	3665041	Deletion	40
Y	3665091	3665041	Deletion	50
Y	3665091	3665187	Deletion	96
Y	3665091	3665212	Deletion	121
Y	3666387	3666483	Deletion	96
Y	3666399	3666483	Deletion	84
Y	3666400	3666483	Deletion	83
Y	3666424	3666483	Deletion	59
Y	3666432	3666483	Deletion	51
Y	3666446	3666483	Deletion	37
Y	3666583	3666483	Deletion	100
Y	3666583	3666606	Deletion	23
