chr	Start	End	Variant	Size
2L	17320	7219	Deletion	10101
2L	31814	31538	Deletion	276
2L	40491	40542	Deletion	51
2L	59725	52839	Deletion	6886
2L	90668	90480	Deletion	188
2L	116782	116359	Deletion	423
2L	144763	141155	Deletion	3608
2L	151641	150545	Deletion	1096
2L	159374	157840	Deletion	1534
2L	165474	164535	Deletion	939
2L	172292	168743	Deletion	3549
2L	180706	180586	Deletion	120
2L	183906	181038	Deletion	2868
2L	220978	214334	Deletion	6644
2L	240413	240366	Deletion	47
2L	250867	250124	Deletion	743
2L	272124	271992	Deletion	132
2L	288390	285144	Deletion	3246
2L	305717	301683	Deletion	4034
2L	314375	306329	Deletion	8046
2L	325093	315012	Deletion	10081
2L	325584	325446	Deletion	138
2L	334523	333180	Deletion	1343
2L	343992	336321	Deletion	7671
2L	375717	375660	Deletion	57
2L	394862	380768	Deletion	14094
2L	430298	428287	Deletion	2011
2L	436709	436514	Deletion	195
2L	462424	462362	Deletion	62
2L	474822	470309	Deletion	4513
2L	507810	506816	Deletion	994
2L	516064	513936	Deletion	2128
2L	521809	520424	Deletion	1385
2L	537163	537100	Deletion	63
2L	560658	557304	Deletion	3354
2L	567317	562218	Deletion	5099
2L	575578	575134	Deletion	444
2L	580298	576429	Deletion	3869
2L	582761	580984	Deletion	1777
2L	586539	586471	Deletion	68
2L	604808	600300	Deletion	4508
2L	722118	715180	Deletion	6938
2L	734168	734068	Deletion	100
2L	796283	792876	Deletion	3407
2L	818785	816746	Deletion	2039
2L	840175	837976	Deletion	2199
2L	846571	845967	Deletion	604
2L	848397	848025	Deletion	372
2L	865537	865488	Deletion	49
2L	945621	943285	Deletion	2336
2L	1035517	1029225	Deletion	6292
2L	1043419	1043314	Deletion	105
2L	1065497	1063006	Deletion	2491
2L	1109517	1108042	Deletion	1475
2L	1190970	1183356	Deletion	7614
2L	1216615	1216031	Deletion	584
2L	1228752	1228530	Deletion	222
2L	1232005	1228932	Deletion	3073
2L	1238286	1233894	Deletion	4392
2L	1244016	1241052	Deletion	2964
2L	1253916	1250889	Deletion	3027
2L	1284500	1283701	Deletion	799
2L	1319108	1319017	Deletion	91
2L	1332378	1330429	Deletion	1949
2L	1351989	1338744	Deletion	13245
2L	1362551	1362474	Deletion	77
2L	1379120	1377587	Deletion	1533
2L	1380604	1380360	Deletion	244
2L	1381420	1380650	Deletion	770
2L	1427941	1397590	Deletion	30351
2L	1526658	1504626	Deletion	22032
2L	1528871	1526937	Deletion	1934
2L	1537277	1535182	Deletion	2095
2L	1549842	1549734	Deletion	108
2L	1556110	1554652	Deletion	1458
2L	1566953	1566744	Deletion	209
2L	1589938	1585583	Deletion	4355
2L	1597548	1592392	Deletion	5156
2L	1597551	1597611	Deletion	60
2L	1617805	1611028	Deletion	6777
2L	1618509	1617838	Deletion	671
2L	1621419	1619479	Deletion	1940
2L	1637466	1637412	Deletion	54
2L	1639701	1639626	Deletion	75
2L	1640160	1639937	Deletion	223
2L	1653096	1652633	Deletion	463
2L	1677643	1677055	Deletion	588
2L	1690617	1690562	Deletion	55
2L	1718438	1716888	Deletion	1550
2L	1722191	1721995	Deletion	196
2L	1737769	1737678	Deletion	91
2L	1744859	1744237	Deletion	622
2L	1747429	1746577	Deletion	852
2L	1780689	1780639	Deletion	50
2L	1844603	1838479	Deletion	6124
2L	1846770	1846565	Deletion	205
2L	1880875	1872369	Deletion	8506
2L	1885775	1885111	Deletion	664
2L	1909234	1908714	Deletion	520
2L	1927207	1925540	Deletion	1667
2L	1939856	1938947	Deletion	909
2L	1944946	1941302	Deletion	3644
2L	1955226	1953156	Deletion	2070
2L	1963187	1960380	Deletion	2807
2L	1966841	1966761	Deletion	80
2L	2008892	2002360	Deletion	6532
2L	2011155	2010231	Deletion	924
2L	2016847	2016784	Deletion	63
2L	2016850	2016932	Deletion	82
2L	2057614	2048428	Deletion	9186
2L	2069968	2068746	Deletion	1222
2L	2078944	2077980	Deletion	964
2L	2085313	2084625	Deletion	688
2L	2092361	2091933	Deletion	428
2L	2096240	2094646	Deletion	1594
2L	2113973	2114056	Deletion	83
2L	2131673	2130680	Deletion	993
2L	2139797	2132276	Deletion	7521
2L	2175641	2157950	Deletion	17691
2L	2190832	2179104	Deletion	11728
2L	2221966	2211031	Deletion	10935
2L	2270641	2270469	Deletion	172
2L	2273782	2273217	Deletion	565
2L	2342645	2341143	Deletion	1502
2L	2349555	2348878	Deletion	677
2L	2379521	2373489	Deletion	6032
2L	2396154	2391392	Deletion	4762
2L	2414662	2409860	Deletion	4802
2L	2428958	2428904	Deletion	54
2L	2444989	2443759	Deletion	1230
2L	2447297	2447131	Deletion	166
2L	2470480	2470409	Deletion	71
2L	2484651	2477293	Deletion	7358
2L	2494369	2485006	Deletion	9363
2L	2502859	2502659	Deletion	200
2L	2512416	2512324	Deletion	92
2L	2526881	2526362	Deletion	519
2L	2559288	2534935	Deletion	24353
2L	2561187	2560823	Deletion	364
2L	2582961	2580315	Deletion	2646
2L	2600912	2591913	Deletion	8999
2L	2626555	2610683	Deletion	15872
2L	2657079	2636929	Deletion	20150
2L	2657089	2657201	Deletion	112
2L	2675688	2675197	Deletion	491
2L	2677079	2676800	Deletion	279
2L	2686428	2684063	Deletion	2365
2L	2698244	2696586	Deletion	1658
2L	2713679	2713587	Deletion	92
2L	2729772	2729324	Deletion	448
2L	2736309	2732450	Deletion	3859
2L	2736314	2736397	Deletion	83
2L	2738941	2738843	Deletion	98
2L	2755435	2739222	Deletion	16213
2L	2755436	2755480	Deletion	44
2L	2771259	2769503	Deletion	1756
2L	2784771	2784534	Deletion	237
2L	2785658	2785562	Deletion	96
2L	2792463	2792204	Deletion	259
2L	2841158	2841073	Deletion	85
2L	2853612	2844227	Deletion	9385
2L	2860882	2860644	Deletion	238
2L	2874923	2869058	Deletion	5865
2L	2880791	2880704	Deletion	87
2L	2885061	2885114	Deletion	53
2L	2886324	2885109	Deletion	1215
2L	2909384	2891971	Deletion	17413
2L	2930320	2925284	Deletion	5036
2L	2973266	2971491	Deletion	1775
2L	3013516	3011945	Deletion	1571
2L	3027395	3013946	Deletion	13449
2L	3032558	3028443	Deletion	4115
2L	3036583	3034938	Deletion	1645
2L	3056708	3043266	Deletion	13442
2L	3098358	3094551	Deletion	3807
2L	3112744	3112655	Deletion	89
2L	3129022	3127372	Deletion	1650
2L	3132082	3132116	Deletion	34
2L	3149914	3132112	Deletion	17802
2L	3191992	3191684	Deletion	308
2L	3197863	3196749	Deletion	1114
2L	3201306	3198069	Deletion	3237
2L	3213867	3213702	Deletion	165
2L	3227229	3222615	Deletion	4614
2L	3288789	3287298	Deletion	1491
2L	3326908	3305146	Deletion	21762
2L	3342584	3341214	Deletion	1370
2L	3362062	3361226	Deletion	836
2L	3372335	3368217	Deletion	4118
2L	3377353	3377269	Deletion	84
2L	3383380	3380692	Deletion	2688
2L	3391866	3387294	Deletion	4572
2L	3408444	3401806	Deletion	6638
2L	3413749	3412886	Deletion	863
2L	3428361	3422194	Deletion	6167
2L	3432376	3430163	Deletion	2213
2L	3444683	3441887	Deletion	2796
2L	3447374	3447240	Deletion	134
2L	3471078	3471188	Deletion	110
2L	3477656	3471193	Deletion	6463
2L	3482053	3481436	Deletion	617
2L	3482097	3482161	Deletion	64
2L	3484768	3482199	Deletion	2569
2L	3506003	3501074	Deletion	4929
2L	3515089	3514751	Deletion	338
2L	3546526	3534807	Deletion	11719
2L	3569557	3563644	Deletion	5913
2L	3586556	3585886	Deletion	670
2L	3611821	3609952	Deletion	1869
2L	3641987	3635677	Deletion	6310
2L	3665732	3665610	Deletion	122
2L	3678348	3678136	Deletion	212
2L	3679113	3679043	Deletion	70
2L	3717261	3716985	Deletion	276
2L	3735395	3735438	Deletion	43
2L	3736297	3735434	Deletion	863
2L	3750174	3749693	Deletion	481
2L	3799052	3761809	Deletion	37243
2L	3849107	3847092	Deletion	2015
2L	3860069	3860000	Deletion	69
2L	3874332	3874263	Deletion	69
2L	3874337	3874437	Deletion	100
2L	3910217	3877264	Deletion	32953
2L	3913239	3910523	Deletion	2716
2L	3917762	3917385	Deletion	377
2L	3925607	3925647	Deletion	40
2L	3933731	3933812	Deletion	81
2L	3933951	3933810	Deletion	141
2L	3934969	3934858	Deletion	111
2L	3972869	3957149	Deletion	15720
2L	3972879	3972943	Deletion	64
2L	3988407	3988317	Deletion	90
2L	3992267	3990457	Deletion	1810
2L	3993631	3993301	Deletion	330
2L	4027992	4022162	Deletion	5830
2L	4032541	4031926	Deletion	615
2L	4047938	4048013	Deletion	75
2L	4050096	4048009	Deletion	2087
2L	4050098	4050132	Deletion	34
2L	4077995	4068826	Deletion	9169
2L	4077996	4078095	Deletion	99
2L	4086398	4085746	Deletion	652
2L	4091726	4086824	Deletion	4902
2L	4091727	4091843	Deletion	116
2L	4104796	4103953	Deletion	843
2L	4135923	4132228	Deletion	3695
2L	4225361	4225307	Deletion	54
2L	4233034	4232786	Deletion	248
2L	4244637	4243019	Deletion	1618
2L	4244642	4244673	Deletion	31
2L	4271598	4270435	Deletion	1163
2L	4283674	4279218	Deletion	4456
2L	4304853	4301765	Deletion	3088
2L	4365077	4364474	Deletion	603
2L	4380526	4367503	Deletion	13023
2L	4395002	4392048	Deletion	2954
2L	4424773	4420651	Deletion	4122
2L	4451884	4451826	Deletion	58
2L	4470403	4453380	Deletion	17023
2L	4471837	4471339	Deletion	498
2L	4492830	4492702	Deletion	128
2L	4495985	4492867	Deletion	3118
2L	4497032	4496901	Deletion	131
2L	4503009	4500510	Deletion	2499
2L	4505765	4504404	Deletion	1361
2L	4513856	4506084	Deletion	7772
2L	4529303	4526324	Deletion	2979
2L	4551725	4548027	Deletion	3698
2L	4595716	4595755	Deletion	39
2L	4595845	4595760	Deletion	85
2L	4644972	4644855	Deletion	117
2L	4652534	4648892	Deletion	3642
2L	4656780	4654258	Deletion	2522
2L	4670055	4670159	Deletion	104
2L	4672589	4670164	Deletion	2425
2L	4688859	4688139	Deletion	720
2L	4703974	4702564	Deletion	1410
2L	4730345	4716191	Deletion	14154
2L	4730350	4730452	Deletion	102
2L	4744192	4733956	Deletion	10236
2L	4746858	4746628	Deletion	230
2L	4751633	4751579	Deletion	54
2L	4756926	4755313	Deletion	1613
2L	4762082	4760481	Deletion	1601
2L	4770257	4762724	Deletion	7533
2L	4800491	4795614	Deletion	4877
2L	4813713	4807442	Deletion	6271
2L	4828366	4822582	Deletion	5784
2L	4829780	4828755	Deletion	1025
2L	4835737	4834448	Deletion	1289
2L	4842599	4841208	Deletion	1391
2L	4850666	4850595	Deletion	71
2L	4856137	4852376	Deletion	3761
2L	4867317	4856858	Deletion	10459
2L	4913818	4911384	Deletion	2434
2L	4932833	4923348	Deletion	9485
2L	4980696	4978452	Deletion	2244
2L	4997787	4997492	Deletion	295
2L	5004515	5003037	Deletion	1478
2L	5026145	5023990	Deletion	2155
2L	5026149	5026227	Deletion	78
2L	5040141	5039991	Deletion	150
2L	5053263	5053087	Deletion	176
2L	5096717	5096389	Deletion	328
2L	5107594	5105580	Deletion	2014
2L	5138726	5124219	Deletion	14507
2L	5223831	5210979	Deletion	12852
2L	5240779	5238084	Deletion	2695
2L	5283591	5274039	Deletion	9552
2L	5287875	5285091	Deletion	2784
2L	5291831	5291656	Deletion	175
2L	5320834	5317771	Deletion	3063
2L	5371450	5361828	Deletion	9622
2L	5403625	5395334	Deletion	8291
2L	5421227	5413381	Deletion	7846
2L	5433817	5433708	Deletion	109
2L	5446302	5446411	Deletion	109
2L	5446491	5446409	Deletion	82
2L	5464203	5462240	Deletion	1963
2L	5483265	5480557	Deletion	2708
2L	5494171	5490943	Deletion	3228
2L	5507602	5507698	Deletion	96
2L	5537849	5537581	Deletion	268
2L	5555123	5545928	Deletion	9195
2L	5577367	5572618	Deletion	4749
2L	5583144	5581951	Deletion	1193
2L	5585602	5585156	Deletion	446
2L	5607266	5607317	Deletion	51
2L	5607487	5607313	Deletion	174
2L	5622117	5613306	Deletion	8811
2L	5630275	5629904	Deletion	371
2L	5637377	5636252	Deletion	1125
2L	5641586	5639753	Deletion	1833
2L	5641591	5641666	Deletion	75
2L	5648658	5648029	Deletion	629
2L	5668299	5663722	Deletion	4577
2L	5689782	5688997	Deletion	785
2L	5704985	5704668	Deletion	317
2L	5706274	5706344	Deletion	70
2L	5706443	5706349	Deletion	94
2L	5710848	5709177	Deletion	1671
2L	5768628	5765689	Deletion	2939
2L	5788655	5788318	Deletion	337
2L	5812190	5789955	Deletion	22235
2L	5848067	5843795	Deletion	4272
2L	5858124	5858203	Deletion	79
2L	5859233	5858200	Deletion	1033
2L	5865750	5865633	Deletion	117
2L	5870172	5869582	Deletion	590
2L	5892921	5892712	Deletion	209
2L	5899642	5893337	Deletion	6305
2L	5921743	5901029	Deletion	20714
2L	5924952	5924574	Deletion	378
2L	5926481	5925151	Deletion	1330
2L	5963090	5961599	Deletion	1491
2L	5972078	5966669	Deletion	5409
2L	5993989	5994017	Deletion	28
2L	5996687	5995620	Deletion	1067
2L	6011582	6008910	Deletion	2672
2L	6017594	6016719	Deletion	875
2L	6024247	6022352	Deletion	1895
2L	6060098	6053113	Deletion	6985
2L	6073763	6072838	Deletion	925
2L	6090671	6090719	Deletion	48
2L	6090692	6090731	Deletion	39
2L	6097460	6090727	Deletion	6733
2L	6099424	6097763	Deletion	1661
2L	6106138	6099895	Deletion	6243
2L	6114183	6108687	Deletion	5496
2L	6118157	6114550	Deletion	3607
2L	6129329	6119429	Deletion	9900
2L	6134944	6132691	Deletion	2253
2L	6139322	6137784	Deletion	1538
2L	6144009	6143299	Deletion	710
2L	6168331	6167986	Deletion	345
2L	6173687	6173319	Deletion	368
2L	6189004	6182992	Deletion	6012
2L	6197058	6196961	Deletion	97
2L	6207318	6204977	Deletion	2341
2L	6211217	6209429	Deletion	1788
2L	6228276	6223492	Deletion	4784
2L	6243461	6243221	Deletion	240
2L	6246373	6243750	Deletion	2623
2L	6249552	6248339	Deletion	1213
2L	6252602	6249691	Deletion	2911
2L	6277745	6259511	Deletion	18234
2L	6283592	6283532	Deletion	60
2L	6290162	6289231	Deletion	931
2L	6333097	6332903	Deletion	194
2L	6342885	6341785	Deletion	1100
2L	6390749	6390348	Deletion	401
2L	6417360	6395299	Deletion	22061
2L	6458811	6457076	Deletion	1735
2L	6461897	6461967	Deletion	70
2L	6462479	6461963	Deletion	516
2L	6482939	6481696	Deletion	1243
2L	6506004	6505830	Deletion	174
2L	6511753	6510576	Deletion	1177
2L	6543760	6538372	Deletion	5388
2L	6555736	6550798	Deletion	4938
2L	6561573	6561411	Deletion	162
2L	6570981	6566413	Deletion	4568
2L	6577868	6577411	Deletion	457
2L	6589463	6589233	Deletion	230
2L	6602780	6600635	Deletion	2145
2L	6604051	6603080	Deletion	971
2L	6619586	6619492	Deletion	94
2L	6619589	6619692	Deletion	103
2L	6636448	6635100	Deletion	1348
2L	6643046	6643143	Deletion	97
2L	6644734	6643141	Deletion	1593
2L	6644736	6644818	Deletion	82
2L	6692042	6654467	Deletion	37575
2L	6698075	6698137	Deletion	62
2L	6701389	6698565	Deletion	2824
2L	6707413	6702898	Deletion	4515
2L	6712224	6711628	Deletion	596
2L	6716813	6712658	Deletion	4155
2L	6730691	6730337	Deletion	354
2L	6772189	6767776	Deletion	4413
2L	6798650	6796248	Deletion	2402
2L	6821288	6818036	Deletion	3252
2L	6848317	6825406	Deletion	22911
2L	6857067	6854048	Deletion	3019
2L	6889648	6889494	Deletion	154
2L	6890945	6889957	Deletion	988
2L	6906247	6906066	Deletion	181
2L	6907599	6907198	Deletion	401
2L	6928934	6918285	Deletion	10649
2L	6948031	6947689	Deletion	342
2L	7003630	7003271	Deletion	359
2L	7029386	7012769	Deletion	16617
2L	7040131	7035670	Deletion	4461
2L	7053426	7051348	Deletion	2078
2L	7056122	7054149	Deletion	1973
2L	7075880	7070710	Deletion	5170
2L	7091523	7090650	Deletion	873
2L	7128465	7117450	Deletion	11015
2L	7151528	7146239	Deletion	5289
2L	7161539	7152529	Deletion	9010
2L	7208866	7207006	Deletion	1860
2L	7253212	7240848	Deletion	12364
2L	7259543	7259375	Deletion	168
2L	7299552	7299465	Deletion	87
2L	7324376	7322694	Deletion	1682
2L	7341848	7340586	Deletion	1262
2L	7406780	7406851	Deletion	71
2L	7417315	7416611	Deletion	704
2L	7439218	7430043	Deletion	9175
2L	7470659	7466157	Deletion	4502
2L	7497319	7497256	Deletion	63
2L	7511418	7507450	Deletion	3968
2L	7512248	7512319	Deletion	71
2L	7519074	7518161	Deletion	913
2L	7526231	7526080	Deletion	151
2L	7531146	7526408	Deletion	4738
2L	7559382	7559484	Deletion	102
2L	7560985	7559482	Deletion	1503
2L	7568544	7566419	Deletion	2125
2L	7580693	7580528	Deletion	165
2L	7596509	7591033	Deletion	5476
2L	7605831	7600854	Deletion	4977
2L	7614835	7613260	Deletion	1575
2L	7619337	7619276	Deletion	61
2L	7673969	7668978	Deletion	4991
2L	7749157	7745815	Deletion	3342
2L	7758094	7756385	Deletion	1709
2L	7759106	7758912	Deletion	194
2L	7771433	7768210	Deletion	3223
2L	7819580	7819514	Deletion	66
2L	7840457	7837077	Deletion	3380
2L	7850185	7845577	Deletion	4608
2L	7862540	7860069	Deletion	2471
2L	7907354	7874123	Deletion	33231
2L	7923364	7912361	Deletion	11003
2L	7933995	7933479	Deletion	516
2L	7952823	7952485	Deletion	338
2L	7983343	7983318	Deletion	25
2L	8037224	8035140	Deletion	2084
2L	8077607	8054047	Deletion	23560
2L	8098186	8096737	Deletion	1449
2L	8099897	8099770	Deletion	127
2L	8109558	8103313	Deletion	6245
2L	8123690	8123569	Deletion	121
2L	8134984	8127627	Deletion	7357
2L	8186710	8185425	Deletion	1285
2L	8196900	8194097	Deletion	2803
2L	8231397	8223421	Deletion	7976
2L	8231417	8231468	Deletion	51
2L	8245729	8231519	Deletion	14210
2L	8263535	8263471	Deletion	64
2L	8265513	8265282	Deletion	231
2L	8265515	8265592	Deletion	77
2L	8314817	8312597	Deletion	2220
2L	8319453	8319355	Deletion	98
2L	8319731	8319650	Deletion	81
2L	8345135	8335489	Deletion	9646
2L	8355002	8351068	Deletion	3934
2L	8381294	8378246	Deletion	3048
2L	8400164	8388435	Deletion	11729
2L	8419359	8406929	Deletion	12430
2L	8434747	8419950	Deletion	14797
2L	8438355	8437586	Deletion	769
2L	8452209	8451367	Deletion	842
2L	8468913	8468848	Deletion	65
2L	8480956	8473154	Deletion	7802
2L	8482557	8482634	Deletion	77
2L	8483566	8483613	Deletion	47
2L	8488932	8483609	Deletion	5323
2L	8500455	8498200	Deletion	2255
2L	8505463	8504590	Deletion	873
2L	8517443	8511856	Deletion	5587
2L	8518038	8517855	Deletion	183
2L	8552291	8550121	Deletion	2170
2L	8572340	8560288	Deletion	12052
2L	8582150	8576127	Deletion	6023
2L	8610444	8610537	Deletion	93
2L	8612056	8610539	Deletion	1517
2L	8631808	8616357	Deletion	15451
2L	8642157	8642239	Deletion	82
2L	8646061	8642236	Deletion	3825
2L	8656025	8655176	Deletion	849
2L	8665263	8664444	Deletion	819
2L	8702935	8675145	Deletion	27790
2L	8709379	8706508	Deletion	2871
2L	8709380	8709484	Deletion	104
2L	8720909	8711540	Deletion	9369
2L	8730431	8730526	Deletion	95
2L	8734430	8733580	Deletion	850
2L	8757036	8755134	Deletion	1902
2L	8762937	8761075	Deletion	1862
2L	8780774	8779040	Deletion	1734
2L	8792547	8792639	Deletion	92
2L	8792789	8792637	Deletion	152
2L	8799675	8799482	Deletion	193
2L	8813763	8812549	Deletion	1214
2L	8815075	8814650	Deletion	425
2L	8821092	8820186	Deletion	906
2L	8863551	8851663	Deletion	11888
2L	8893423	8863699	Deletion	29724
2L	8896557	8894698	Deletion	1859
2L	8908865	8902862	Deletion	6003
2L	8931539	8915727	Deletion	15812
2L	8951729	8940628	Deletion	11101
2L	8979566	8976154	Deletion	3412
2L	8981607	8980281	Deletion	1326
2L	8985935	8984580	Deletion	1355
2L	9031474	9028609	Deletion	2865
2L	9039420	9037372	Deletion	2048
2L	9096054	9063872	Deletion	32182
2L	9109255	9107937	Deletion	1318
2L	9158694	9135283	Deletion	23411
2L	9163911	9163997	Deletion	86
2L	9164115	9163994	Deletion	121
2L	9171555	9170463	Deletion	1092
2L	9171595	9171604	Deletion	9
2L	9234594	9234523	Deletion	71
2L	9237045	9235685	Deletion	1360
2L	9240450	9239526	Deletion	924
2L	9256739	9256021	Deletion	718
2L	9280470	9280512	Deletion	42
2L	9281876	9280511	Deletion	1365
2L	9294998	9292766	Deletion	2232
2L	9301530	9300957	Deletion	573
2L	9308027	9301745	Deletion	6282
2L	9324879	9310493	Deletion	14386
2L	9345129	9344571	Deletion	558
2L	9368124	9360128	Deletion	7996
2L	9370769	9368378	Deletion	2391
2L	9372521	9372295	Deletion	226
2L	9409128	9404186	Deletion	4942
2L	9411062	9410168	Deletion	894
2L	9426859	9421839	Deletion	5020
2L	9448368	9448291	Deletion	77
2L	9458457	9456868	Deletion	1589
2L	9504002	9503898	Deletion	104
2L	9505942	9505458	Deletion	484
2L	9515454	9513591	Deletion	1863
2L	9562080	9547114	Deletion	14966
2L	9578584	9577874	Deletion	710
2L	9596054	9595990	Deletion	64
2L	9606776	9602506	Deletion	4270
2L	9613131	9612408	Deletion	723
2L	9621515	9621465	Deletion	50
2L	9629813	9624594	Deletion	5219
2L	9647945	9646181	Deletion	1764
2L	9678322	9678212	Deletion	110
2L	9690649	9690588	Deletion	61
2L	9734722	9725251	Deletion	9471
2L	9752102	9750518	Deletion	1584
2L	9766823	9766900	Deletion	77
2L	9769648	9766898	Deletion	2750
2L	9777314	9775030	Deletion	2284
2L	9787701	9786404	Deletion	1297
2L	9808919	9808864	Deletion	55
2L	9859444	9853329	Deletion	6115
2L	9867445	9866155	Deletion	1290
2L	9925620	9923820	Deletion	1800
2L	9937167	9937028	Deletion	139
2L	9941419	9940914	Deletion	505
2L	9967584	9965047	Deletion	2537
2L	9971487	9971439	Deletion	48
2L	9990830	9990636	Deletion	194
2L	10004266	10001074	Deletion	3192
2L	10017403	10008749	Deletion	8654
2L	10034342	10034461	Deletion	119
2L	10042791	10034463	Deletion	8328
2L	10060803	10045141	Deletion	15662
2L	10068795	10066814	Deletion	1981
2L	10069791	10068961	Deletion	830
2L	10071354	10069831	Deletion	1523
2L	10096272	10095293	Deletion	979
2L	10125656	10123421	Deletion	2235
2L	10127129	10127035	Deletion	94
2L	10127132	10127244	Deletion	112
2L	10149958	10150060	Deletion	102
2L	10201326	10200618	Deletion	708
2L	10217520	10217597	Deletion	77
2L	10218669	10217592	Deletion	1077
2L	10227953	10225799	Deletion	2154
2L	10245293	10244133	Deletion	1160
2L	10249459	10247694	Deletion	1765
2L	10259225	10252848	Deletion	6377
2L	10271710	10263499	Deletion	8211
2L	10292615	10292430	Deletion	185
2L	10293927	10292890	Deletion	1037
2L	10303709	10299973	Deletion	3736
2L	10303711	10303784	Deletion	73
2L	10321622	10319494	Deletion	2128
2L	10329902	10329971	Deletion	69
2L	10333111	10329967	Deletion	3144
2L	10335494	10333771	Deletion	1723
2L	10337768	10337829	Deletion	61
2L	10345800	10337824	Deletion	7976
2L	10354370	10346231	Deletion	8139
2L	10366404	10361069	Deletion	5335
2L	10387590	10387408	Deletion	182
2L	10437144	10408277	Deletion	28867
2L	10441689	10437288	Deletion	4401
2L	10465974	10460312	Deletion	5662
2L	10480213	10478769	Deletion	1444
2L	10497690	10493146	Deletion	4544
2L	10505852	10505659	Deletion	193
2L	10515607	10511217	Deletion	4390
2L	10532139	10531918	Deletion	221
2L	10541506	10536960	Deletion	4546
2L	10561027	10554184	Deletion	6843
2L	10569253	10563531	Deletion	5722
2L	10575590	10575427	Deletion	163
2L	10614416	10609808	Deletion	4608
2L	10618689	10616707	Deletion	1982
2L	10636595	10634780	Deletion	1815
2L	10654646	10654431	Deletion	215
2L	10668175	10665267	Deletion	2908
2L	10671197	10668464	Deletion	2733
2L	10677088	10672292	Deletion	4796
2L	10692619	10692344	Deletion	275
2L	10697448	10695362	Deletion	2086
2L	10739035	10737541	Deletion	1494
2L	10766033	10765378	Deletion	655
2L	10766038	10766104	Deletion	66
2L	10786588	10779015	Deletion	7573
2L	10810344	10810283	Deletion	61
2L	10831938	10817616	Deletion	14322
2L	10844652	10838823	Deletion	5829
2L	10853437	10849764	Deletion	3673
2L	10859051	10858458	Deletion	593
2L	10900957	10900307	Deletion	650
2L	10904365	10901014	Deletion	3351
2L	10906637	10904979	Deletion	1658
2L	10961820	10959709	Deletion	2111
2L	10967065	10962954	Deletion	4111
2L	10974772	10971141	Deletion	3631
2L	11010274	10975143	Deletion	35131
2L	11043495	11041928	Deletion	1567
2L	11072087	11071628	Deletion	459
2L	11098650	11072801	Deletion	25849
2L	11117361	11115930	Deletion	1431
2L	11127885	11127554	Deletion	331
2L	11143078	11131372	Deletion	11706
2L	11146516	11145040	Deletion	1476
2L	11149102	11147493	Deletion	1609
2L	11154251	11154346	Deletion	95
2L	11154276	11154345	Deletion	69
2L	11159086	11154344	Deletion	4742
2L	11176587	11161618	Deletion	14969
2L	11181262	11181146	Deletion	116
2L	11183919	11183432	Deletion	487
2L	11196327	11194171	Deletion	2156
2L	11213950	11211452	Deletion	2498
2L	11215366	11215484	Deletion	118
2L	11218955	11218787	Deletion	168
2L	11221719	11221512	Deletion	207
2L	11242466	11240030	Deletion	2436
2L	11260335	11244127	Deletion	16208
2L	11261074	11260765	Deletion	309
2L	11280428	11280526	Deletion	98
2L	11282879	11280524	Deletion	2355
2L	11300940	11295731	Deletion	5209
2L	11307904	11306055	Deletion	1849
2L	11327690	11319765	Deletion	7925
2L	11348251	11337396	Deletion	10855
2L	11350821	11350732	Deletion	89
2L	11357589	11357650	Deletion	61
2L	11358132	11357654	Deletion	478
2L	11365212	11365022	Deletion	190
2L	11370444	11366129	Deletion	4315
2L	11381984	11380163	Deletion	1821
2L	11386969	11384958	Deletion	2011
2L	11402487	11402357	Deletion	130
2L	11417478	11417344	Deletion	134
2L	11437157	11428741	Deletion	8416
2L	11455370	11452594	Deletion	2776
2L	11484077	11484013	Deletion	64
2L	11504650	11494358	Deletion	10292
2L	11510490	11509637	Deletion	853
2L	11521925	11518646	Deletion	3279
2L	11547231	11547335	Deletion	104
2L	11591736	11591547	Deletion	189
2L	11606855	11605484	Deletion	1371
2L	11680510	11652007	Deletion	28503
2L	11685144	11682999	Deletion	2145
2L	11689209	11686436	Deletion	2773
2L	11721668	11721461	Deletion	207
2L	11735606	11730161	Deletion	5445
2L	11751901	11751010	Deletion	891
2L	11765875	11755740	Deletion	10135
2L	11773271	11770553	Deletion	2718
2L	11789006	11778649	Deletion	10357
2L	11799495	11799440	Deletion	55
2L	11810115	11801787	Deletion	8328
2L	11829141	11826328	Deletion	2813
2L	11839895	11839468	Deletion	427
2L	11841827	11841928	Deletion	101
2L	11842907	11841923	Deletion	984
2L	11890857	11886879	Deletion	3978
2L	11912658	11912607	Deletion	51
2L	11926612	11922381	Deletion	4231
2L	11965230	11962113	Deletion	3117
2L	11974895	11971290	Deletion	3605
2L	12027099	12023884	Deletion	3215
2L	12045953	12028027	Deletion	17926
2L	12048389	12048220	Deletion	169
2L	12053974	12048842	Deletion	5132
2L	12067423	12054125	Deletion	13298
2L	12079063	12077000	Deletion	2063
2L	12081727	12080157	Deletion	1570
2L	12089809	12088841	Deletion	968
2L	12101119	12093936	Deletion	7183
2L	12141784	12140926	Deletion	858
2L	12148753	12143904	Deletion	4849
2L	12178144	12176446	Deletion	1698
2L	12192451	12190903	Deletion	1548
2L	12284561	12277535	Deletion	7026
2L	12324670	12324206	Deletion	464
2L	12338269	12336605	Deletion	1664
2L	12346904	12346327	Deletion	577
2L	12356729	12355788	Deletion	941
2L	12356733	12356830	Deletion	97
2L	12358248	12357704	Deletion	544
2L	12374169	12374275	Deletion	106
2L	12378232	12374274	Deletion	3958
2L	12420375	12389375	Deletion	31000
2L	12423799	12421891	Deletion	1908
2L	12431534	12431462	Deletion	72
2L	12447941	12447750	Deletion	191
2L	12454047	12451273	Deletion	2774
2L	12511100	12456638	Deletion	54462
2L	12529896	12516187	Deletion	13709
2L	12547459	12531138	Deletion	16321
2L	12553701	12553339	Deletion	362
2L	12557327	12557245	Deletion	82
2L	12623653	12621553	Deletion	2100
2L	12694007	12692450	Deletion	1557
2L	12719109	12715202	Deletion	3907
2L	12749900	12746091	Deletion	3809
2L	12759560	12756677	Deletion	2883
2L	12776554	12776604	Deletion	50
2L	12832121	12831907	Deletion	214
2L	12856711	12856605	Deletion	106
2L	12860525	12860158	Deletion	367
2L	12882323	12875198	Deletion	7125
2L	12890949	12890727	Deletion	222
2L	12901916	12901729	Deletion	187
2L	12919956	12910162	Deletion	9794
2L	12945382	12945251	Deletion	131
2L	12946844	12945712	Deletion	1132
2L	12946845	12946896	Deletion	51
2L	12980954	12979394	Deletion	1560
2L	12999212	12988086	Deletion	11126
2L	13003625	12999744	Deletion	3881
2L	13023413	13018338	Deletion	5075
2L	13023415	13023448	Deletion	33
2L	13036036	13033337	Deletion	2699
2L	13053383	13047733	Deletion	5650
2L	13064890	13060709	Deletion	4181
2L	13071201	13069701	Deletion	1500
2L	13078884	13078935	Deletion	51
2L	13088873	13088760	Deletion	113
2L	13126442	13095059	Deletion	31383
2L	13147077	13142365	Deletion	4712
2L	13203015	13196942	Deletion	6073
2L	13206658	13206469	Deletion	189
2L	13230665	13230040	Deletion	625
2L	13238196	13234852	Deletion	3344
2L	13270629	13267778	Deletion	2851
2L	13300900	13294145	Deletion	6755
2L	13301844	13301474	Deletion	370
2L	13317600	13309433	Deletion	8167
2L	13333359	13323995	Deletion	9364
2L	13345550	13345405	Deletion	145
2L	13345988	13345847	Deletion	141
2L	13357292	13357233	Deletion	59
2L	13405380	13404677	Deletion	703
2L	13416045	13413244	Deletion	2801
2L	13421464	13421161	Deletion	303
2L	13423983	13423932	Deletion	51
2L	13436509	13436030	Deletion	479
2L	13444335	13444231	Deletion	104
2L	13460434	13460497	Deletion	63
2L	13502788	13497144	Deletion	5644
2L	13518627	13518707	Deletion	80
2L	13554177	13552250	Deletion	1927
2L	13585271	13584979	Deletion	292
2L	13588419	13588198	Deletion	221
2L	13593214	13590681	Deletion	2533
2L	13640144	13639761	Deletion	383
2L	13643909	13642800	Deletion	1109
2L	13678945	13667041	Deletion	11904
2L	13679031	13678980	Deletion	51
2L	13707861	13705924	Deletion	1937
2L	13726627	13726570	Deletion	57
2L	13754863	13751872	Deletion	2991
2L	13771494	13768223	Deletion	3271
2L	13779864	13777375	Deletion	2489
2L	13803732	13799644	Deletion	4088
2L	13839793	13831551	Deletion	8242
2L	13896548	13895789	Deletion	759
2L	13915963	13912295	Deletion	3668
2L	13924227	13920578	Deletion	3649
2L	13945844	13930590	Deletion	15254
2L	13961621	13951049	Deletion	10572
2L	13978319	13969441	Deletion	8878
2L	14005569	14005361	Deletion	208
2L	14016994	14016313	Deletion	681
2L	14050162	14037325	Deletion	12837
2L	14068094	14057471	Deletion	10623
2L	14097541	14076156	Deletion	21385
2L	14105602	14099795	Deletion	5807
2L	14133830	14133641	Deletion	189
2L	14133832	14133913	Deletion	81
2L	14149933	14143040	Deletion	6893
2L	14155713	14155411	Deletion	302
2L	14193272	14185288	Deletion	7984
2L	14219791	14219287	Deletion	504
2L	14227887	14224292	Deletion	3595
2L	14234540	14234401	Deletion	139
2L	14239099	14238896	Deletion	203
2L	14253585	14253226	Deletion	359
2L	14258690	14255064	Deletion	3626
2L	14273697	14273503	Deletion	194
2L	14302048	14296852	Deletion	5196
2L	14307075	14306047	Deletion	1028
2L	14322562	14322449	Deletion	113
2L	14327486	14325699	Deletion	1787
2L	14364014	14363710	Deletion	304
2L	14374043	14368677	Deletion	5366
2L	14393526	14393351	Deletion	175
2L	14400650	14400443	Deletion	207
2L	14402375	14401824	Deletion	551
2L	14416569	14403526	Deletion	13043
2L	14440632	14440394	Deletion	238
2L	14450795	14449954	Deletion	841
2L	14456905	14456752	Deletion	153
2L	14458451	14457376	Deletion	1075
2L	14462360	14459558	Deletion	2802
2L	14474039	14471864	Deletion	2175
2L	14489769	14487074	Deletion	2695
2L	14497759	14496208	Deletion	1551
2L	14514388	14510704	Deletion	3684
2L	14522010	14521898	Deletion	112
2L	14550682	14524441	Deletion	26241
2L	14580504	14580004	Deletion	500
2L	14582042	14581916	Deletion	126
2L	14586539	14584979	Deletion	1560
2L	14586543	14586614	Deletion	71
2L	14602950	14602326	Deletion	624
2L	14611511	14605071	Deletion	6440
2L	14617985	14618023	Deletion	38
2L	14619748	14618018	Deletion	1730
2L	14630670	14627562	Deletion	3108
2L	14661143	14660948	Deletion	195
2L	14667772	14664878	Deletion	2894
2L	14673857	14668350	Deletion	5507
2L	14678097	14678033	Deletion	64
2L	14709400	14690361	Deletion	19039
2L	14721791	14719496	Deletion	2295
2L	14736733	14723221	Deletion	13512
2L	14761738	14751173	Deletion	10565
2L	14764139	14763890	Deletion	249
2L	14803877	14802195	Deletion	1682
2L	14836679	14836791	Deletion	112
2L	14842529	14836789	Deletion	5740
2L	14913604	14913354	Deletion	250
2L	14923017	14921400	Deletion	1617
2L	14945864	14945814	Deletion	50
2L	14957532	14957447	Deletion	85
2L	14980888	14974551	Deletion	6337
2L	15014471	15011739	Deletion	2732
2L	15019971	15019697	Deletion	274
2L	15030405	15027575	Deletion	2830
2L	15036191	15031551	Deletion	4640
2L	15041900	15041379	Deletion	521
2L	15050463	15049602	Deletion	861
2L	15055084	15054296	Deletion	788
2L	15058497	15056073	Deletion	2424
2L	15064590	15060212	Deletion	4378
2L	15064634	15064659	Deletion	25
2L	15067628	15064734	Deletion	2894
2L	15095025	15067879	Deletion	27146
2L	15099668	15097088	Deletion	2580
2L	15103892	15100539	Deletion	3353
2L	15113261	15109731	Deletion	3530
2L	15136221	15136131	Deletion	90
2L	15139178	15138381	Deletion	797
2L	15163246	15147410	Deletion	15836
2L	15164594	15164537	Deletion	57
2L	15170777	15170371	Deletion	406
2L	15224624	15218430	Deletion	6194
2L	15238743	15233618	Deletion	5125
2L	15246041	15243841	Deletion	2200
2L	15258668	15254167	Deletion	4501
2L	15263506	15263429	Deletion	77
2L	15272317	15267876	Deletion	4441
2L	15314178	15306232	Deletion	7946
2L	15325393	15324997	Deletion	396
2L	15354420	15328374	Deletion	26046
2L	15365425	15362709	Deletion	2716
2L	15380709	15377205	Deletion	3504
2L	15396755	15396581	Deletion	174
2L	15409731	15405156	Deletion	4575
2L	15444813	15435561	Deletion	9252
2L	15504447	15477225	Deletion	27222
2L	15508029	15504915	Deletion	3114
2L	15515991	15510982	Deletion	5009
2L	15531177	15529163	Deletion	2014
2L	15544962	15544394	Deletion	568
2L	15551912	15550421	Deletion	1491
2L	15555601	15555638	Deletion	37
2L	15555924	15555635	Deletion	289
2L	15555927	15555970	Deletion	43
2L	15563271	15563360	Deletion	89
2L	15563569	15563359	Deletion	210
2L	15580328	15579505	Deletion	823
2L	15585756	15581734	Deletion	4022
2L	15637348	15630404	Deletion	6944
2L	15736726	15734182	Deletion	2544
2L	15736768	15736833	Deletion	65
2L	15739381	15736857	Deletion	2524
2L	15739855	15739738	Deletion	117
2L	15744096	15740264	Deletion	3832
2L	15761344	15761196	Deletion	148
2L	15772538	15763524	Deletion	9014
2L	15785907	15777164	Deletion	8743
2L	15811620	15802190	Deletion	9430
2L	15820794	15820729	Deletion	65
2L	15834307	15833960	Deletion	347
2L	15850296	15845202	Deletion	5094
2L	15856792	15851075	Deletion	5717
2L	15866901	15866271	Deletion	630
2L	15905163	15891184	Deletion	13979
2L	15908048	15906389	Deletion	1659
2L	15911636	15911443	Deletion	193
2L	15927597	15912974	Deletion	14623
2L	15936758	15935844	Deletion	914
2L	15936782	15936811	Deletion	29
2L	15938126	15936877	Deletion	1249
2L	15956591	15956628	Deletion	37
2L	15985757	15970163	Deletion	15594
2L	16001790	15990453	Deletion	11337
2L	16008924	16008629	Deletion	295
2L	16014480	16011142	Deletion	3338
2L	16061379	16061293	Deletion	86
2L	16068439	16068183	Deletion	256
2L	16080739	16075608	Deletion	5131
2L	16093127	16092127	Deletion	1000
2L	16099723	16099661	Deletion	62
2L	16110824	16108222	Deletion	2602
2L	16127680	16111155	Deletion	16525
2L	16154167	16154157	Deletion	10
2L	16167826	16162173	Deletion	5653
2L	16181090	16170892	Deletion	10198
2L	16182551	16181120	Deletion	1431
2L	16199318	16197596	Deletion	1722
2L	16201709	16201659	Deletion	50
2L	16218193	16206284	Deletion	11909
2L	16225674	16225269	Deletion	405
2L	16225677	16225724	Deletion	47
2L	16243569	16237794	Deletion	5775
2L	16270972	16270753	Deletion	219
2L	16297035	16291871	Deletion	5164
2L	16307691	16302958	Deletion	4733
2L	16343273	16321837	Deletion	21436
2L	16374887	16371280	Deletion	3607
2L	16381906	16380171	Deletion	1735
2L	16388770	16388156	Deletion	614
2L	16404601	16402565	Deletion	2036
2L	16431895	16431750	Deletion	145
2L	16432615	16431958	Deletion	657
2L	16438323	16434372	Deletion	3951
2L	16482554	16450785	Deletion	31769
2L	16486684	16486600	Deletion	84
2L	16513826	16513813	Deletion	13
2L	16526214	16526297	Deletion	83
2L	16537384	16536936	Deletion	448
2L	16539297	16538749	Deletion	548
2L	16572922	16555059	Deletion	17863
2L	16576712	16575853	Deletion	859
2L	16590062	16583628	Deletion	6434
2L	16596974	16597025	Deletion	51
2L	16604795	16597024	Deletion	7771
2L	16608759	16608706	Deletion	53
2L	16624664	16624459	Deletion	205
2L	16646067	16642665	Deletion	3402
2L	16651537	16651608	Deletion	71
2L	16665433	16664753	Deletion	680
2L	16691235	16689717	Deletion	1518
2L	16722196	16721975	Deletion	221
2L	16722201	16722290	Deletion	89
2L	16749845	16742280	Deletion	7565
2L	16756455	16755674	Deletion	781
2L	16782718	16781397	Deletion	1321
2L	16817444	16813618	Deletion	3826
2L	16873694	16873005	Deletion	689
2L	16887061	16880958	Deletion	6103
2L	16908898	16908658	Deletion	240
2L	16916318	16911391	Deletion	4927
2L	16925403	16916552	Deletion	8851
2L	16929867	16929424	Deletion	443
2L	16973875	16973044	Deletion	831
2L	17009619	17009016	Deletion	603
2L	17025534	17025424	Deletion	110
2L	17055975	17054013	Deletion	1962
2L	17061716	17059047	Deletion	2669
2L	17076749	17076612	Deletion	137
2L	17084763	17082350	Deletion	2413
2L	17086075	17085838	Deletion	237
2L	17143808	17141387	Deletion	2421
2L	17157711	17157761	Deletion	50
2L	17159455	17157759	Deletion	1696
2L	17202821	17202487	Deletion	334
2L	17210172	17210037	Deletion	135
2L	17226739	17226657	Deletion	82
2L	17229950	17229899	Deletion	51
2L	17244466	17240786	Deletion	3680
2L	17249298	17245142	Deletion	4156
2L	17256060	17252394	Deletion	3666
2L	17277917	17277829	Deletion	88
2L	17285373	17285418	Deletion	45
2L	17288522	17285413	Deletion	3109
2L	17319000	17319092	Deletion	92
2L	17319012	17319089	Deletion	77
2L	17334545	17319090	Deletion	15455
2L	17338043	17337763	Deletion	280
2L	17369231	17365456	Deletion	3775
2L	17370025	17370085	Deletion	60
2L	17381460	17370088	Deletion	11372
2L	17382332	17382011	Deletion	321
2L	17416124	17406115	Deletion	10009
2L	17437528	17437641	Deletion	113
2L	17442823	17437637	Deletion	5186
2L	17442827	17442869	Deletion	42
2L	17487615	17444630	Deletion	42985
2L	17494565	17493844	Deletion	721
2L	17515102	17497622	Deletion	17480
2L	17549875	17549598	Deletion	277
2L	17569369	17569318	Deletion	51
2L	17590392	17586059	Deletion	4333
2L	17604006	17601733	Deletion	2273
2L	17636300	17624876	Deletion	11424
2L	17644010	17643701	Deletion	309
2L	17659386	17647200	Deletion	12186
2L	17664112	17661515	Deletion	2597
2L	17674164	17669710	Deletion	4454
2L	17679854	17678386	Deletion	1468
2L	17684906	17680435	Deletion	4471
2L	17688550	17688610	Deletion	60
2L	17723328	17721834	Deletion	1494
2L	17726117	17726156	Deletion	39
2L	17738713	17738646	Deletion	67
2L	17739954	17739161	Deletion	793
2L	17750986	17750278	Deletion	708
2L	17755985	17753176	Deletion	2809
2L	17789244	17781447	Deletion	7797
2L	17806779	17806217	Deletion	562
2L	17809306	17808925	Deletion	381
2L	17876397	17872102	Deletion	4295
2L	17922890	17920123	Deletion	2767
2L	17940078	17939314	Deletion	764
2L	17948982	17944073	Deletion	4909
2L	17967958	17967230	Deletion	728
2L	17970334	17969255	Deletion	1079
2L	17986090	17974820	Deletion	11270
2L	18029755	18029064	Deletion	691
2L	18042568	18034168	Deletion	8400
2L	18063148	18061460	Deletion	1688
2L	18082843	18080796	Deletion	2047
2L	18102803	18098617	Deletion	4186
2L	18104752	18104686	Deletion	66
2L	18126979	18122056	Deletion	4923
2L	18132279	18128408	Deletion	3871
2L	18133484	18132777	Deletion	707
2L	18135845	18135647	Deletion	198
2L	18142565	18135956	Deletion	6609
2L	18146255	18145621	Deletion	634
2L	18182699	18182770	Deletion	71
2L	18227800	18227658	Deletion	142
2L	18239004	18234956	Deletion	4048
2L	18250928	18250802	Deletion	126
2L	18252430	18251100	Deletion	1330
2L	18257377	18253578	Deletion	3799
2L	18282413	18280638	Deletion	1775
2L	18293832	18284001	Deletion	9831
2L	18313612	18313486	Deletion	126
2L	18316667	18316293	Deletion	374
2L	18317906	18317633	Deletion	273
2L	18317908	18318029	Deletion	121
2L	18338829	18327251	Deletion	11578
2L	18341648	18340869	Deletion	779
2L	18341665	18341722	Deletion	57
2L	18348217	18341767	Deletion	6450
2L	18380238	18349502	Deletion	30736
2L	18406376	18406154	Deletion	222
2L	18437573	18436907	Deletion	666
2L	18470288	18468671	Deletion	1617
2L	18500003	18499129	Deletion	874
2L	18507874	18505900	Deletion	1974
2L	18516318	18515071	Deletion	1247
2L	18525604	18521234	Deletion	4370
2L	18541057	18528025	Deletion	13032
2L	18569296	18557483	Deletion	11813
2L	18601937	18601404	Deletion	533
2L	18622156	18621274	Deletion	882
2L	18667347	18666984	Deletion	363
2L	18682379	18681503	Deletion	876
2L	18706450	18703785	Deletion	2665
2L	18707723	18707632	Deletion	91
2L	18712685	18709507	Deletion	3178
2L	18720250	18719387	Deletion	863
2L	18740912	18738709	Deletion	2203
2L	18755358	18753989	Deletion	1369
2L	18763353	18763307	Deletion	46
2L	18785667	18782651	Deletion	3016
2L	18785672	18785786	Deletion	114
2L	18794500	18791218	Deletion	3282
2L	18819175	18819074	Deletion	101
2L	18848000	18841046	Deletion	6954
2L	18864677	18852004	Deletion	12673
2L	18864682	18864786	Deletion	104
2L	18866757	18864738	Deletion	2019
2L	18896888	18882883	Deletion	14005
2L	18920707	18920260	Deletion	447
2L	18971799	18971435	Deletion	364
2L	18998946	18998877	Deletion	69
2L	19000024	18999677	Deletion	347
2L	19017637	19006674	Deletion	10963
2L	19026610	19026552	Deletion	58
2L	19030075	19029994	Deletion	81
2L	19051983	19049634	Deletion	2349
2L	19081038	19080268	Deletion	770
2L	19093448	19093533	Deletion	85
2L	19093635	19093532	Deletion	103
2L	19093636	19093677	Deletion	41
2L	19105599	19098360	Deletion	7239
2L	19120721	19110939	Deletion	9782
2L	19126324	19123489	Deletion	2835
2L	19126325	19126420	Deletion	95
2L	19133000	19130178	Deletion	2822
2L	19141853	19133455	Deletion	8398
2L	19143769	19142418	Deletion	1351
2L	19190907	19177433	Deletion	13474
2L	19197373	19197306	Deletion	67
2L	19197375	19197403	Deletion	28
2L	19227644	19227566	Deletion	78
2L	19244509	19241303	Deletion	3206
2L	19258641	19258524	Deletion	117
2L	19306852	19306768	Deletion	84
2L	19315327	19312657	Deletion	2670
2L	19390496	19379615	Deletion	10881
2L	19391598	19391371	Deletion	227
2L	19426076	19419841	Deletion	6235
2L	19427790	19427547	Deletion	243
2L	19430530	19429421	Deletion	1109
2L	19472069	19464940	Deletion	7129
2L	19485189	19485051	Deletion	138
2L	19485726	19485550	Deletion	176
2L	19494604	19488523	Deletion	6081
2L	19510848	19499084	Deletion	11764
2L	19510853	19510907	Deletion	54
2L	19516016	19514404	Deletion	1612
2L	19542831	19521097	Deletion	21734
2L	19574342	19570504	Deletion	3838
2L	19638535	19633816	Deletion	4719
2L	19647031	19646648	Deletion	383
2L	19684065	19683965	Deletion	100
2L	19701982	19701234	Deletion	748
2L	19726958	19719814	Deletion	7144
2L	19733379	19729282	Deletion	4097
2L	19764647	19764567	Deletion	80
2L	19801635	19771444	Deletion	30191
2L	19829590	19805477	Deletion	24113
2L	19855838	19851832	Deletion	4006
2L	19862579	19860594	Deletion	1985
2L	19866065	19865901	Deletion	164
2L	19902868	19891566	Deletion	11302
2L	19908124	19904783	Deletion	3341
2L	19938218	19932143	Deletion	6075
2L	19947159	19946995	Deletion	164
2L	19952333	19951857	Deletion	476
2L	19967886	19967376	Deletion	510
2L	19974647	19972348	Deletion	2299
2L	19986058	19984577	Deletion	1481
2L	19992528	19987046	Deletion	5482
2L	20003249	20003302	Deletion	53
2L	20006076	20003297	Deletion	2779
2L	20028034	20027975	Deletion	59
2L	20034516	20031452	Deletion	3064
2L	20075013	20063374	Deletion	11639
2L	20096368	20078594	Deletion	17774
2L	20101689	20101154	Deletion	535
2L	20107158	20102201	Deletion	4957
2L	20136825	20135798	Deletion	1027
2L	20148804	20147722	Deletion	1082
2L	20189134	20189192	Deletion	58
2L	20203561	20203497	Deletion	64
2L	20220068	20219709	Deletion	359
2L	20243639	20239029	Deletion	4610
2L	20249685	20248693	Deletion	992
2L	20261856	20259051	Deletion	2805
2L	20323669	20311716	Deletion	11953
2L	20357791	20351000	Deletion	6791
2L	20358539	20358651	Deletion	112
2L	20363320	20358652	Deletion	4668
2L	20387859	20387321	Deletion	538
2L	20461855	20461570	Deletion	285
2L	20475842	20474018	Deletion	1824
2L	20486256	20479672	Deletion	6584
2L	20500958	20499663	Deletion	1295
2L	20507418	20502721	Deletion	4697
2L	20540425	20540468	Deletion	43
2L	20541086	20540466	Deletion	620
2L	20549939	20548703	Deletion	1236
2L	20563431	20563152	Deletion	279
2L	20589494	20587258	Deletion	2236
2L	20621649	20618053	Deletion	3596
2L	20633515	20630942	Deletion	2573
2L	20652163	20650792	Deletion	1371
2L	20660042	20656309	Deletion	3733
2L	20665794	20663990	Deletion	1804
2L	20689803	20688936	Deletion	867
2L	20716333	20713084	Deletion	3249
2L	20728782	20717957	Deletion	10825
2L	20757555	20753818	Deletion	3737
2L	20767197	20767027	Deletion	170
2L	20776948	20777000	Deletion	52
2L	20777416	20776998	Deletion	418
2L	20799200	20799319	Deletion	119
2L	20816363	20799321	Deletion	17042
2L	20817016	20816944	Deletion	72
2L	20858631	20850105	Deletion	8526
2L	20862721	20860296	Deletion	2425
2L	20919102	20918550	Deletion	552
2L	20926862	20926052	Deletion	810
2L	20940224	20940311	Deletion	87
2L	20946830	20945061	Deletion	1769
2L	20957832	20956254	Deletion	1578
2L	21067459	21065304	Deletion	2155
2L	21067463	21067531	Deletion	68
2L	21108025	21101125	Deletion	6900
2L	21120815	21119867	Deletion	948
2L	21126084	21124666	Deletion	1418
2L	21134770	21129321	Deletion	5449
2L	21141562	21141454	Deletion	108
2L	21161618	21158104	Deletion	3514
2L	21178374	21175991	Deletion	2383
2L	21193471	21188388	Deletion	5083
2L	21264004	21256616	Deletion	7388
2L	21269578	21264069	Deletion	5509
2L	21275888	21271315	Deletion	4573
2L	21276966	21276384	Deletion	582
2L	21279501	21279220	Deletion	281
2L	21335518	21286355	Deletion	49163
2L	21364477	21364357	Deletion	120
2L	21373820	21366783	Deletion	7037
2L	21416273	21415470	Deletion	803
2L	21456384	21456428	Deletion	44
2L	21485638	21485538	Deletion	100
2L	21596507	21595950	Deletion	557
2L	21618838	21617188	Deletion	1650
2L	21620484	21620319	Deletion	165
2L	21651976	21648942	Deletion	3034
2L	21671392	21663132	Deletion	8260
2L	21709695	21709639	Deletion	56
2L	21714753	21710377	Deletion	4376
2L	21749893	21748334	Deletion	1559
2L	21762467	21751841	Deletion	10626
2L	21768591	21764690	Deletion	3901
2L	21777877	21773815	Deletion	4062
2L	21791333	21779419	Deletion	11914
2L	21799528	21799266	Deletion	262
2L	21808318	21808404	Deletion	86
2L	21811375	21808403	Deletion	2972
2L	21811376	21811416	Deletion	40
2L	21848172	21833969	Deletion	14203
2L	21853114	21852534	Deletion	580
2L	21860034	21856562	Deletion	3472
2L	21866052	21863346	Deletion	2706
2L	21891923	21878241	Deletion	13682
2L	21895906	21891975	Deletion	3931
2L	21909280	21898835	Deletion	10445
2L	21916432	21915604	Deletion	828
2L	21921872	21921802	Deletion	70
2L	21955298	21954912	Deletion	386
2L	21963710	21963230	Deletion	480
2L	21971915	21964947	Deletion	6968
2L	22000873	21997562	Deletion	3311
2L	22012023	22005962	Deletion	6061
2L	22047540	22032333	Deletion	15207
2L	22047542	22047619	Deletion	77
2L	22082717	22072432	Deletion	10285
2L	22095843	22095567	Deletion	276
2L	22122028	22122133	Deletion	105
2L	22122302	22122136	Deletion	166
2L	22122304	22122361	Deletion	57
2L	22132470	22130774	Deletion	1696
2L	22155266	22149543	Deletion	5723
2L	22167388	22167282	Deletion	106
2L	22179003	22167678	Deletion	11325
2L	22179022	22179079	Deletion	57
2L	22198157	22179099	Deletion	19058
2L	22201441	22199850	Deletion	1591
2L	22220966	22220895	Deletion	71
2L	22240734	22235050	Deletion	5684
2L	22280988	22268745	Deletion	12243
2L	22315887	22315804	Deletion	83
2L	22318877	22318714	Deletion	163
2L	22319793	22319607	Deletion	186
2L	22341718	22341572	Deletion	146
2L	22377175	22362696	Deletion	14479
2L	22406212	22397467	Deletion	8745
2L	22406213	22406317	Deletion	104
2L	22408967	22407560	Deletion	1407
2L	22420148	22420241	Deletion	93
2L	22420341	22420238	Deletion	103
2L	22422015	22422051	Deletion	36
2L	22423112	22423110	Deletion	2
2L	22497613	22497495	Deletion	118
2L	22565680	22565516	Deletion	164
2L	22608147	22608203	Deletion	56
2L	22615375	22615166	Deletion	209
2L	22616321	22616023	Deletion	298
2L	22616607	22616399	Deletion	208
2L	22623594	22623396	Deletion	198
2L	22623724	22623644	Deletion	80
2L	22645830	22645104	Deletion	726
2L	22662908	22662751	Deletion	157
2L	22675643	22673632	Deletion	2011
2L	22743117	22743064	Deletion	53
2L	22745208	22744072	Deletion	1136
2L	22753224	22746693	Deletion	6531
2L	22764334	22761614	Deletion	2720
2L	22777201	22777243	Deletion	42
2L	22793911	22789984	Deletion	3927
2L	22872407	22868551	Deletion	3856
2L	22925941	22920490	Deletion	5451
2L	22971770	22969575	Deletion	2195
2L	22985455	22984655	Deletion	800
2L	22986396	22985820	Deletion	576
2L	22994597	22992901	Deletion	1696
2L	23022686	23022136	Deletion	550
2L	23036254	23028809	Deletion	7445
2L	23075550	23072576	Deletion	2974
2L	23131308	23130784	Deletion	524
2L	23144557	23144547	Deletion	10
2L	23148330	23148422	Deletion	92
2L	23170211	23169880	Deletion	331
2L	23232010	23231377	Deletion	633
2L	23242766	23239976	Deletion	2790
2L	23242769	23242849	Deletion	80
2L	23248558	23248468	Deletion	90
2L	23264363	23264289	Deletion	74
2L	23320711	23320628	Deletion	83
2L	23340088	23338400	Deletion	1688
2L	23348862	23348906	Deletion	44
2L	23393120	23392672	Deletion	448
2L	23397453	23396863	Deletion	590
2L	23492831	23491241	Deletion	1590
2L	23504217	23504046	Deletion	171
2L	23504872	23504270	Deletion	602
2R	4468	4368	Deletion	100
2R	24526	24426	Deletion	100
2R	81974	81455	Deletion	519
2R	164486	164583	Deletion	97
2R	186085	186177	Deletion	92
2R	292027	291584	Deletion	443
2R	336263	320568	Deletion	15695
2R	495917	495481	Deletion	436
2R	509813	507666	Deletion	2147
2R	510692	509962	Deletion	730
2R	551099	539617	Deletion	11482
2R	580923	579087	Deletion	1836
2R	624092	621928	Deletion	2164
2R	634860	634269	Deletion	591
2R	639433	634895	Deletion	4538
2R	643431	643204	Deletion	227
2R	671743	670859	Deletion	884
2R	736815	731732	Deletion	5083
2R	736857	736861	Deletion	4
2R	748829	748891	Deletion	62
2R	749031	748866	Deletion	165
2R	863105	859178	Deletion	3927
2R	934266	924323	Deletion	9943
2R	953382	945319	Deletion	8063
2R	974140	974223	Deletion	83
2R	975440	974220	Deletion	1220
2R	975441	975486	Deletion	45
2R	1008476	1007463	Deletion	1013
2R	1016694	1016493	Deletion	201
2R	1032034	1031976	Deletion	58
2R	1032067	1032125	Deletion	58
2R	1151136	1149295	Deletion	1841
2R	1152467	1152544	Deletion	77
2R	1152590	1152541	Deletion	49
2R	1181542	1181620	Deletion	78
2R	1281131	1280944	Deletion	187
2R	1290898	1290501	Deletion	397
2R	1293675	1290970	Deletion	2705
2R	1301160	1301204	Deletion	44
2R	1303934	1301279	Deletion	2655
2R	1431006	1421048	Deletion	9958
2R	1472054	1471939	Deletion	115
2R	1472097	1472077	Deletion	20
2R	1472450	1472350	Deletion	100
2R	1484121	1483065	Deletion	1056
2R	1499562	1499363	Deletion	199
2R	1537961	1538040	Deletion	79
2R	1556004	1556057	Deletion	53
2R	1570682	1570750	Deletion	68
2R	1570788	1570723	Deletion	65
2R	1677912	1677966	Deletion	54
2R	1685835	1683308	Deletion	2527
2R	1692323	1691180	Deletion	1143
2R	1707062	1707091	Deletion	29
2R	1726995	1727077	Deletion	82
2R	1734247	1732258	Deletion	1989
2R	1738481	1738432	Deletion	49
2R	1825777	1825792	Deletion	15
2R	1825995	1826013	Deletion	18
2R	1826540	1826588	Deletion	48
2R	1885103	1885091	Deletion	12
2R	1966040	1961333	Deletion	4707
2R	2085082	2084906	Deletion	176
2R	2099392	2099262	Deletion	130
2R	2101207	2101284	Deletion	77
2R	2105696	2105744	Deletion	48
2R	2107549	2107642	Deletion	93
2R	2107726	2107640	Deletion	86
2R	2119819	2117940	Deletion	1879
2R	2142785	2142731	Deletion	54
2R	2153427	2153356	Deletion	71
2R	2173348	2173198	Deletion	150
2R	2191667	2187510	Deletion	4157
2R	2213716	2213642	Deletion	74
2R	2250964	2250866	Deletion	98
2R	2319594	2316969	Deletion	2625
2R	2319596	2319648	Deletion	52
2R	2321208	2319647	Deletion	1561
2R	2578180	2578161	Deletion	19
2R	2578330	2578222	Deletion	108
2R	2614155	2613753	Deletion	402
2R	2616972	2615038	Deletion	1934
2R	2617752	2617815	Deletion	63
2R	2626313	2626345	Deletion	32
2R	2643889	2640616	Deletion	3273
2R	2645209	2643978	Deletion	1231
2R	2732403	2731088	Deletion	1315
2R	2735109	2735069	Deletion	40
2R	2800217	2800018	Deletion	199
2R	2800220	2800260	Deletion	40
2R	2839739	2839568	Deletion	171
2R	2840809	2839823	Deletion	986
2R	2881934	2882008	Deletion	74
2R	2886883	2882003	Deletion	4880
2R	2905842	2905881	Deletion	39
2R	2908493	2908396	Deletion	97
2R	2914748	2914670	Deletion	78
2R	2954215	2943944	Deletion	10271
2R	2954941	2954433	Deletion	508
2R	2966203	2958106	Deletion	8097
2R	2968393	2968331	Deletion	62
2R	3056034	3055095	Deletion	939
2R	3067411	3066068	Deletion	1343
2R	3068850	3068910	Deletion	60
2R	3074781	3068906	Deletion	5875
2R	3080899	3074822	Deletion	6077
2R	3098152	3095250	Deletion	2902
2R	3108580	3108500	Deletion	80
2R	3123502	3123191	Deletion	311
2R	3130640	3127230	Deletion	3410
2R	3151176	3149780	Deletion	1396
2R	3157741	3151206	Deletion	6535
2R	3181086	3175444	Deletion	5642
2R	3182065	3181948	Deletion	117
2R	3188461	3188318	Deletion	143
2R	3468259	3468344	Deletion	85
2R	3468260	3468321	Deletion	61
2R	3521048	3519833	Deletion	1215
2R	3594420	3594367	Deletion	53
2R	3608517	3608274	Deletion	243
2R	3608519	3608564	Deletion	45
2R	3750425	3750433	Deletion	8
2R	3759667	3759567	Deletion	100
2R	3759672	3759746	Deletion	74
2R	3762609	3762551	Deletion	58
2R	3772841	3772831	Deletion	10
2R	3793360	3793434	Deletion	74
2R	3897151	3897201	Deletion	50
2R	3901867	3901408	Deletion	459
2R	3928574	3928522	Deletion	52
2R	3931403	3930112	Deletion	1291
2R	4025123	4025072	Deletion	51
2R	4182211	4181840	Deletion	371
2R	4197952	4198067	Deletion	115
2R	4206142	4203915	Deletion	2227
2R	4208640	4207496	Deletion	1144
2R	4235499	4233852	Deletion	1647
2R	4250591	4249947	Deletion	644
2R	4257660	4257567	Deletion	93
2R	4265319	4265088	Deletion	231
2R	4290632	4289616	Deletion	1016
2R	4297009	4290701	Deletion	6308
2R	4377521	4374880	Deletion	2641
2R	4412782	4412561	Deletion	221
2R	4466816	4466872	Deletion	56
2R	4477579	4477441	Deletion	138
2R	4531970	4528398	Deletion	3572
2R	4548427	4545545	Deletion	2882
2R	4575039	4574670	Deletion	369
2R	4589645	4589176	Deletion	469
2R	4654235	4654070	Deletion	165
2R	4704030	4702074	Deletion	1956
2R	4711246	4705307	Deletion	5939
2R	4717960	4716770	Deletion	1190
2R	4725063	4720456	Deletion	4607
2R	4786906	4777563	Deletion	9343
2R	4824203	4820268	Deletion	3935
2R	4831120	4830045	Deletion	1075
2R	4874705	4874041	Deletion	664
2R	4905353	4904203	Deletion	1150
2R	4948281	4946754	Deletion	1527
2R	4964698	4963528	Deletion	1170
2R	5000640	4998049	Deletion	2591
2R	5006769	5000912	Deletion	5857
2R	5019404	5019501	Deletion	97
2R	5021321	5019498	Deletion	1823
2R	5021322	5021435	Deletion	113
2R	5039823	5039871	Deletion	48
2R	5040261	5039867	Deletion	394
2R	5052791	5052872	Deletion	81
2R	5055417	5055524	Deletion	107
2R	5128831	5128399	Deletion	432
2R	5130417	5130307	Deletion	110
2R	5136669	5136765	Deletion	96
2R	5140676	5136793	Deletion	3883
2R	5161235	5154627	Deletion	6608
2R	5168897	5165747	Deletion	3150
2R	5205035	5201808	Deletion	3227
2R	5218416	5218442	Deletion	26
2R	5228856	5228358	Deletion	498
2R	5228857	5228973	Deletion	116
2R	5259862	5257037	Deletion	2825
2R	5292383	5292170	Deletion	213
2R	5310685	5310415	Deletion	270
2R	5310816	5310744	Deletion	72
2R	5367061	5364516	Deletion	2545
2R	5456277	5455762	Deletion	515
2R	5503167	5503066	Deletion	101
2R	5536731	5536294	Deletion	437
2R	5551191	5551232	Deletion	41
2R	5603038	5597979	Deletion	5059
2R	5614558	5608687	Deletion	5871
2R	5629848	5629511	Deletion	337
2R	5634737	5634447	Deletion	290
2R	5646501	5645493	Deletion	1008
2R	5674390	5667703	Deletion	6687
2R	5715255	5709057	Deletion	6198
2R	5768620	5768443	Deletion	177
2R	5817182	5816484	Deletion	698
2R	5817186	5817305	Deletion	119
2R	5820899	5820664	Deletion	235
2R	5828757	5827281	Deletion	1476
2R	5852740	5846915	Deletion	5825
2R	5859287	5857082	Deletion	2205
2R	5867057	5864389	Deletion	2668
2R	5874548	5874607	Deletion	59
2R	5875136	5874602	Deletion	534
2R	5896714	5887196	Deletion	9518
2R	5923620	5922373	Deletion	1247
2R	5964494	5953988	Deletion	10506
2R	5968947	5967781	Deletion	1166
2R	5971079	5969017	Deletion	2062
2R	5976903	5976813	Deletion	90
2R	6019943	6001684	Deletion	18259
2R	6022237	6022114	Deletion	123
2R	6025154	6024211	Deletion	943
2R	6044257	6040395	Deletion	3862
2R	6070697	6067649	Deletion	3048
2R	6073735	6073664	Deletion	71
2R	6114711	6114206	Deletion	505
2R	6116598	6116288	Deletion	310
2R	6124943	6125026	Deletion	83
2R	6125480	6125025	Deletion	455
2R	6125481	6125524	Deletion	43
2R	6168895	6167785	Deletion	1110
2R	6169139	6169043	Deletion	96
2R	6198589	6177282	Deletion	21307
2R	6210042	6199891	Deletion	10151
2R	6269433	6269043	Deletion	390
2R	6272039	6271096	Deletion	943
2R	6273611	6272083	Deletion	1528
2R	6277734	6277088	Deletion	646
2R	6324983	6322527	Deletion	2456
2R	6354178	6351581	Deletion	2597
2R	6372847	6372631	Deletion	216
2R	6436506	6436371	Deletion	135
2R	6463801	6460025	Deletion	3776
2R	6463806	6463897	Deletion	91
2R	6465729	6465433	Deletion	296
2R	6483807	6479154	Deletion	4653
2R	6486123	6485823	Deletion	300
2R	6486528	6486154	Deletion	374
2R	6504765	6503264	Deletion	1501
2R	6530856	6520585	Deletion	10271
2R	6543413	6538075	Deletion	5338
2R	6562189	6561998	Deletion	191
2R	6568049	6564035	Deletion	4014
2R	6568050	6568086	Deletion	36
2R	6603342	6603105	Deletion	237
2R	6622374	6616297	Deletion	6077
2R	6631820	6631729	Deletion	91
2R	6631824	6631919	Deletion	95
2R	6653477	6651734	Deletion	1743
2R	6672652	6672410	Deletion	242
2R	6683720	6683592	Deletion	128
2R	6707969	6688590	Deletion	19379
2R	6740108	6739312	Deletion	796
2R	6835531	6834494	Deletion	1037
2R	6844736	6844683	Deletion	53
2R	6886225	6848765	Deletion	37460
2R	6894662	6894745	Deletion	83
2R	6936004	6923658	Deletion	12346
2R	6950314	6950224	Deletion	90
2R	7025065	7023921	Deletion	1144
2R	7034607	7033589	Deletion	1018
2R	7055851	7049910	Deletion	5941
2R	7062564	7062515	Deletion	49
2R	7070884	7065717	Deletion	5167
2R	7169358	7163662	Deletion	5696
2R	7169379	7169464	Deletion	85
2R	7171517	7169489	Deletion	2028
2R	7174272	7172863	Deletion	1409
2R	7183520	7182008	Deletion	1512
2R	7231620	7231247	Deletion	373
2R	7311199	7311315	Deletion	116
2R	7318666	7317349	Deletion	1317
2R	7344469	7341672	Deletion	2797
2R	7373139	7372393	Deletion	746
2R	7393669	7393562	Deletion	107
2R	7455447	7450219	Deletion	5228
2R	7488077	7487725	Deletion	352
2R	7515905	7509561	Deletion	6344
2R	7518844	7518452	Deletion	392
2R	7565383	7555324	Deletion	10059
2R	7573382	7571660	Deletion	1722
2R	7617434	7614289	Deletion	3145
2R	7648309	7647219	Deletion	1090
2R	7689685	7686277	Deletion	3408
2R	7720995	7717073	Deletion	3922
2R	7729487	7728251	Deletion	1236
2R	7747997	7746856	Deletion	1141
2R	7774452	7774495	Deletion	43
2R	7774624	7774498	Deletion	126
2R	7774627	7774745	Deletion	118
2R	7790263	7782628	Deletion	7635
2R	7881806	7877369	Deletion	4437
2R	7889213	7887437	Deletion	1776
2R	7893967	7893205	Deletion	762
2R	7920004	7919829	Deletion	175
2R	7958784	7941416	Deletion	17368
2R	7963938	7964001	Deletion	63
2R	7969548	7963997	Deletion	5551
2R	7991321	7984530	Deletion	6791
2R	7996814	7993285	Deletion	3529
2R	8002206	8001516	Deletion	690
2R	8003472	8003391	Deletion	81
2R	8015631	8006552	Deletion	9079
2R	8015654	8015729	Deletion	75
2R	8034213	8017592	Deletion	16621
2R	8034347	8034246	Deletion	101
2R	8075910	8061229	Deletion	14681
2R	8103538	8101233	Deletion	2305
2R	8133704	8127134	Deletion	6570
2R	8135767	8134559	Deletion	1208
2R	8141042	8140597	Deletion	445
2R	8166284	8159854	Deletion	6430
2R	8199786	8196039	Deletion	3747
2R	8279113	8278013	Deletion	1100
2R	8334340	8327269	Deletion	7071
2R	8340136	8340086	Deletion	50
2R	8356240	8340445	Deletion	15795
2R	8367764	8360816	Deletion	6948
2R	8372365	8370997	Deletion	1368
2R	8372370	8372467	Deletion	97
2R	8393234	8393303	Deletion	69
2R	8417775	8415565	Deletion	2210
2R	8463049	8461779	Deletion	1270
2R	8478261	8475688	Deletion	2573
2R	8564913	8545828	Deletion	19085
2R	8609095	8609188	Deletion	93
2R	8609611	8609186	Deletion	425
2R	8623518	8619638	Deletion	3880
2R	8643989	8642287	Deletion	1702
2R	8672270	8670832	Deletion	1438
2R	8673347	8672597	Deletion	750
2R	8688484	8688354	Deletion	130
2R	8695226	8691891	Deletion	3335
2R	8710787	8709970	Deletion	817
2R	8737345	8736007	Deletion	1338
2R	8786198	8785453	Deletion	745
2R	8800978	8793051	Deletion	7927
2R	8808781	8808509	Deletion	272
2R	8826839	8816981	Deletion	9858
2R	8828911	8828751	Deletion	160
2R	8841509	8835849	Deletion	5660
2R	8865095	8856698	Deletion	8397
2R	8885821	8884904	Deletion	917
2R	8893171	8890417	Deletion	2754
2R	8905420	8903279	Deletion	2141
2R	8935839	8920200	Deletion	15639
2R	8947725	8946588	Deletion	1137
2R	8956122	8953067	Deletion	3055
2R	9004205	9002378	Deletion	1827
2R	9009583	9009506	Deletion	77
2R	9016188	9014161	Deletion	2027
2R	9021966	9017823	Deletion	4143
2R	9032449	9031739	Deletion	710
2R	9048918	9048436	Deletion	482
2R	9053637	9049528	Deletion	4109
2R	9053642	9053751	Deletion	109
2R	9063364	9062620	Deletion	744
2R	9080208	9076493	Deletion	3715
2R	9094097	9093338	Deletion	759
2R	9115853	9096421	Deletion	19432
2R	9144588	9142160	Deletion	2428
2R	9162878	9162644	Deletion	234
2R	9178196	9177939	Deletion	257
2R	9202325	9201592	Deletion	733
2R	9216829	9209125	Deletion	7704
2R	9228619	9227815	Deletion	804
2R	9308819	9289793	Deletion	19026
2R	9326736	9315658	Deletion	11078
2R	9328892	9328547	Deletion	345
2R	9351096	9340948	Deletion	10148
2R	9379781	9378361	Deletion	1420
2R	9391735	9383114	Deletion	8621
2R	9432186	9427587	Deletion	4599
2R	9452777	9439546	Deletion	13231
2R	9464185	9461554	Deletion	2631
2R	9497880	9492118	Deletion	5762
2R	9506747	9499421	Deletion	7326
2R	9509248	9508095	Deletion	1153
2R	9535790	9526613	Deletion	9177
2R	9570384	9567606	Deletion	2778
2R	9583542	9582661	Deletion	881
2R	9586418	9586453	Deletion	35
2R	9590985	9586452	Deletion	4533
2R	9590986	9591077	Deletion	91
2R	9620946	9617264	Deletion	3682
2R	9626541	9626197	Deletion	344
2R	9648264	9643146	Deletion	5118
2R	9670788	9662455	Deletion	8333
2R	9674323	9672147	Deletion	2176
2R	9682590	9682696	Deletion	106
2R	9703636	9703585	Deletion	51
2R	9719787	9719141	Deletion	646
2R	9782978	9781254	Deletion	1724
2R	9793060	9790834	Deletion	2226
2R	9799561	9799505	Deletion	56
2R	9802784	9802316	Deletion	468
2R	9826094	9826135	Deletion	41
2R	9828902	9826133	Deletion	2769
2R	9833411	9831851	Deletion	1560
2R	9851382	9850703	Deletion	679
2R	9853992	9853707	Deletion	285
2R	9865334	9857048	Deletion	8286
2R	9895384	9888888	Deletion	6496
2R	9922153	9921067	Deletion	1086
2R	9931622	9931459	Deletion	163
2R	9936280	9933023	Deletion	3257
2R	9947309	9942269	Deletion	5040
2R	9959858	9957873	Deletion	1985
2R	9968446	9966332	Deletion	2114
2R	9980954	9977248	Deletion	3706
2R	9995009	9993668	Deletion	1341
2R	10018355	10016322	Deletion	2033
2R	10028422	10024590	Deletion	3832
2R	10038689	10037307	Deletion	1382
2R	10065463	10064999	Deletion	464
2R	10083262	10081118	Deletion	2144
2R	10089554	10088715	Deletion	839
2R	10096187	10094117	Deletion	2070
2R	10103546	10102283	Deletion	1263
2R	10119808	10119267	Deletion	541
2R	10131161	10130443	Deletion	718
2R	10154959	10154695	Deletion	264
2R	10186670	10186279	Deletion	391
2R	10195664	10192102	Deletion	3562
2R	10214510	10207994	Deletion	6516
2R	10222770	10221383	Deletion	1387
2R	10256582	10237837	Deletion	18745
2R	10261743	10259231	Deletion	2512
2R	10334620	10333584	Deletion	1036
2R	10347040	10335895	Deletion	11145
2R	10430460	10429781	Deletion	679
2R	10464081	10462407	Deletion	1674
2R	10476932	10476123	Deletion	809
2R	10497645	10485303	Deletion	12342
2R	10526068	10526014	Deletion	54
2R	10561257	10560943	Deletion	314
2R	10565009	10564455	Deletion	554
2R	10568625	10568559	Deletion	66
2R	10569474	10569381	Deletion	93
2R	10578566	10576987	Deletion	1579
2R	10628655	10628768	Deletion	113
2R	10657864	10646536	Deletion	11328
2R	10711722	10690651	Deletion	21071
2R	10730555	10726840	Deletion	3715
2R	10734057	10733711	Deletion	346
2R	10750432	10750381	Deletion	51
2R	10757513	10754619	Deletion	2894
2R	10763240	10762648	Deletion	592
2R	10777471	10774892	Deletion	2579
2R	10802238	10777954	Deletion	24284
2R	10828945	10804778	Deletion	24167
2R	10831069	10829596	Deletion	1473
2R	10857877	10852454	Deletion	5423
2R	10857880	10857977	Deletion	97
2R	10871241	10870804	Deletion	437
2R	10923127	10920718	Deletion	2409
2R	10929097	10925303	Deletion	3794
2R	10932355	10929325	Deletion	3030
2R	10935541	10935240	Deletion	301
2R	10989639	10987065	Deletion	2574
2R	11018770	11018846	Deletion	76
2R	11070439	11058787	Deletion	11652
2R	11085231	11085007	Deletion	224
2R	11091110	11091212	Deletion	102
2R	11091355	11091213	Deletion	142
2R	11096325	11094170	Deletion	2155
2R	11145939	11145163	Deletion	776
2R	11159637	11159497	Deletion	140
2R	11167879	11163257	Deletion	4622
2R	11176942	11174322	Deletion	2620
2R	11201508	11201362	Deletion	146
2R	11224087	11211237	Deletion	12850
2R	11231586	11231695	Deletion	109
2R	11231854	11231694	Deletion	160
2R	11231862	11231918	Deletion	56
2R	11268083	11265263	Deletion	2820
2R	11319725	11319648	Deletion	77
2R	11337327	11337205	Deletion	122
2R	11340458	11339504	Deletion	954
2R	11357335	11357416	Deletion	81
2R	11365871	11357964	Deletion	7907
2R	11365900	11365915	Deletion	15
2R	11369244	11366022	Deletion	3222
2R	11369374	11369296	Deletion	78
2R	11369400	11369424	Deletion	24
2R	11377560	11369458	Deletion	8102
2R	11398479	11387033	Deletion	11446
2R	11409498	11398551	Deletion	10947
2R	11409592	11409542	Deletion	50
2R	11470438	11470072	Deletion	366
2R	11487392	11484893	Deletion	2499
2R	11503758	11499269	Deletion	4489
2R	11514529	11511489	Deletion	3040
2R	11528103	11526723	Deletion	1380
2R	11547659	11547531	Deletion	128
2R	11552366	11552317	Deletion	49
2R	11565798	11562547	Deletion	3251
2R	11595528	11588623	Deletion	6905
2R	11632010	11631960	Deletion	50
2R	11645285	11644453	Deletion	832
2R	11649814	11649861	Deletion	47
2R	11678486	11677564	Deletion	922
2R	11714917	11711613	Deletion	3304
2R	11724620	11715825	Deletion	8795
2R	11792723	11791522	Deletion	1201
2R	11794603	11794251	Deletion	352
2R	11805861	11804769	Deletion	1092
2R	11809513	11808926	Deletion	587
2R	11812670	11811860	Deletion	810
2R	11848364	11846778	Deletion	1586
2R	11869744	11858723	Deletion	11021
2R	11876097	11875899	Deletion	198
2R	11928100	11922703	Deletion	5397
2R	11929794	11928326	Deletion	1468
2R	11948767	11931951	Deletion	16816
2R	11975636	11971752	Deletion	3884
2R	12003389	12000220	Deletion	3169
2R	12007711	12007078	Deletion	633
2R	12023312	12021834	Deletion	1478
2R	12038938	12035887	Deletion	3051
2R	12052573	12041590	Deletion	10983
2R	12060702	12059328	Deletion	1374
2R	12087651	12078937	Deletion	8714
2R	12094661	12090103	Deletion	4558
2R	12109710	12109481	Deletion	229
2R	12110756	12110701	Deletion	55
2R	12121175	12121086	Deletion	89
2R	12153661	12145862	Deletion	7799
2R	12153664	12153693	Deletion	29
2R	12162627	12158428	Deletion	4199
2R	12191975	12191480	Deletion	495
2R	12213197	12212890	Deletion	307
2R	12227753	12227792	Deletion	39
2R	12239949	12227791	Deletion	12158
2R	12260898	12254883	Deletion	6015
2R	12278141	12265485	Deletion	12656
2R	12297816	12283131	Deletion	14685
2R	12331490	12319628	Deletion	11862
2R	12352741	12332248	Deletion	20493
2R	12399138	12392632	Deletion	6506
2R	12418776	12405095	Deletion	13681
2R	12467406	12467477	Deletion	71
2R	12468194	12468134	Deletion	60
2R	12468196	12468285	Deletion	89
2R	12480182	12468313	Deletion	11869
2R	12481055	12480986	Deletion	69
2R	12506135	12504374	Deletion	1761
2R	12550707	12550750	Deletion	43
2R	12552809	12550748	Deletion	2061
2R	12561480	12561571	Deletion	91
2R	12562832	12561567	Deletion	1265
2R	12576375	12572797	Deletion	3578
2R	12579373	12578877	Deletion	496
2R	12585392	12585294	Deletion	98
2R	12653619	12645590	Deletion	8029
2R	12666781	12666582	Deletion	199
2R	12670677	12670623	Deletion	54
2R	12678812	12673687	Deletion	5125
2R	12742862	12742490	Deletion	372
2R	12749201	12747077	Deletion	2124
2R	12752627	12751203	Deletion	1424
2R	12762395	12762275	Deletion	120
2R	12776273	12772820	Deletion	3453
2R	12809387	12802739	Deletion	6648
2R	12881027	12874358	Deletion	6669
2R	12893308	12893398	Deletion	90
2R	12908442	12904064	Deletion	4378
2R	12918449	12918012	Deletion	437
2R	12918454	12918505	Deletion	51
2R	12928359	12928298	Deletion	61
2R	12930105	12928654	Deletion	1451
2R	12944381	12943024	Deletion	1357
2R	12997432	12956006	Deletion	41426
2R	13002743	12997757	Deletion	4986
2R	13020276	13014643	Deletion	5633
2R	13020279	13020320	Deletion	41
2R	13035207	13033819	Deletion	1388
2R	13040395	13037359	Deletion	3036
2R	13046816	13046528	Deletion	288
2R	13052755	13051718	Deletion	1037
2R	13129088	13128285	Deletion	803
2R	13185568	13169711	Deletion	15857
2R	13196597	13188705	Deletion	7892
2R	13226464	13213341	Deletion	13123
2R	13238684	13233354	Deletion	5330
2R	13238689	13238749	Deletion	60
2R	13240814	13240721	Deletion	93
2R	13242056	13241828	Deletion	228
2R	13274367	13273938	Deletion	429
2R	13367038	13358777	Deletion	8261
2R	13484242	13450350	Deletion	33892
2R	13487138	13486961	Deletion	177
2R	13496891	13490862	Deletion	6029
2R	13549694	13539093	Deletion	10601
2R	13557438	13557165	Deletion	273
2R	13577094	13565382	Deletion	11712
2R	13595382	13584738	Deletion	10644
2R	13612006	13600921	Deletion	11085
2R	13616275	13612373	Deletion	3902
2R	13623776	13622137	Deletion	1639
2R	13626079	13625618	Deletion	461
2R	13629742	13629090	Deletion	652
2R	13700430	13698305	Deletion	2125
2R	13719700	13718643	Deletion	1057
2R	13758897	13751885	Deletion	7012
2R	13774191	13773876	Deletion	315
2R	13808942	13809025	Deletion	83
2R	13810919	13809024	Deletion	1895
2R	13822236	13821543	Deletion	693
2R	13881301	13873644	Deletion	7657
2R	13892454	13889179	Deletion	3275
2R	13899395	13897563	Deletion	1832
2R	13921221	13914549	Deletion	6672
2R	13932816	13932718	Deletion	98
2R	13952610	13952552	Deletion	58
2R	13970282	13965704	Deletion	4578
2R	14004415	13990264	Deletion	14151
2R	14023328	14012818	Deletion	10510
2R	14032661	14032177	Deletion	484
2R	14065976	14065473	Deletion	503
2R	14074254	14072399	Deletion	1855
2R	14083783	14083877	Deletion	94
2R	14135109	14135052	Deletion	57
2R	14152766	14150907	Deletion	1859
2R	14158085	14155872	Deletion	2213
2R	14160527	14160643	Deletion	116
2R	14161767	14160644	Deletion	1123
2R	14245545	14241418	Deletion	4127
2R	14255976	14255508	Deletion	468
2R	14328547	14325700	Deletion	2847
2R	14335595	14333797	Deletion	1798
2R	14379078	14375038	Deletion	4040
2R	14417235	14412549	Deletion	4686
2R	14432091	14429415	Deletion	2676
2R	14441332	14434202	Deletion	7130
2R	14458778	14450593	Deletion	8185
2R	14458783	14458865	Deletion	82
2R	14484783	14484704	Deletion	79
2R	14512101	14505125	Deletion	6976
2R	14531557	14520529	Deletion	11028
2R	14551564	14545766	Deletion	5798
2R	14569504	14567077	Deletion	2427
2R	14570688	14570585	Deletion	103
2R	14626248	14626173	Deletion	75
2R	14629588	14627657	Deletion	1931
2R	14631982	14630769	Deletion	1213
2R	14679995	14679878	Deletion	117
2R	14702782	14695922	Deletion	6860
2R	14731639	14711889	Deletion	19750
2R	14769157	14751659	Deletion	17498
2R	14782294	14781701	Deletion	593
2R	14782295	14782389	Deletion	94
2R	14810949	14808506	Deletion	2443
2R	14837174	14826449	Deletion	10725
2R	14865298	14864747	Deletion	551
2R	14867952	14868048	Deletion	96
2R	14870619	14868051	Deletion	2568
2R	14911121	14897514	Deletion	13607
2R	14913041	14912720	Deletion	321
2R	14941217	14940392	Deletion	825
2R	14948320	14947848	Deletion	472
2R	14969097	14961599	Deletion	7498
2R	14975540	14973113	Deletion	2427
2R	14990655	14989416	Deletion	1239
2R	15009007	15009071	Deletion	64
2R	15010508	15009070	Deletion	1438
2R	15015014	15011455	Deletion	3559
2R	15032381	15031107	Deletion	1274
2R	15035979	15035774	Deletion	205
2R	15049683	15047960	Deletion	1723
2R	15138606	15138502	Deletion	104
2R	15182697	15162701	Deletion	19996
2R	15203148	15202035	Deletion	1113
2R	15212400	15212337	Deletion	63
2R	15227793	15217841	Deletion	9952
2R	15259763	15257801	Deletion	1962
2R	15298770	15298689	Deletion	81
2R	15301734	15300945	Deletion	789
2R	15329951	15304780	Deletion	25171
2R	15377931	15357282	Deletion	20649
2R	15377937	15378029	Deletion	92
2R	15381388	15381303	Deletion	85
2R	15452326	15451496	Deletion	830
2R	15461752	15461790	Deletion	38
2R	15488247	15461789	Deletion	26458
2R	15488249	15488280	Deletion	31
2R	15494068	15488869	Deletion	5199
2R	15499591	15496692	Deletion	2899
2R	15507805	15507708	Deletion	97
2R	15513311	15511187	Deletion	2124
2R	15534874	15529261	Deletion	5613
2R	15548950	15547721	Deletion	1229
2R	15573313	15559918	Deletion	13395
2R	15575596	15573596	Deletion	2000
2R	15589936	15587473	Deletion	2463
2R	15598775	15590825	Deletion	7950
2R	15614084	15599558	Deletion	14526
2R	15627264	15627093	Deletion	171
2R	15652528	15645451	Deletion	7077
2R	15658240	15654102	Deletion	4138
2R	15662743	15660789	Deletion	1954
2R	15676423	15675532	Deletion	891
2R	15711185	15709338	Deletion	1847
2R	15725756	15715215	Deletion	10541
2R	15743011	15728884	Deletion	14127
2R	15755633	15755696	Deletion	63
2R	15756476	15756513	Deletion	37
2R	15758101	15756511	Deletion	1590
2R	15785355	15775293	Deletion	10062
2R	15793697	15792746	Deletion	951
2R	15811059	15807238	Deletion	3821
2R	15829532	15829421	Deletion	111
2R	15855209	15853635	Deletion	1574
2R	15859206	15859086	Deletion	120
2R	15877262	15877201	Deletion	61
2R	15908361	15907297	Deletion	1064
2R	15913153	15912405	Deletion	748
2R	15924437	15924162	Deletion	275
2R	15940616	15927628	Deletion	12988
2R	15989273	15985268	Deletion	4005
2R	16057708	16057588	Deletion	120
2R	16083370	16078689	Deletion	4681
2R	16088043	16087229	Deletion	814
2R	16119867	16119144	Deletion	723
2R	16122485	16121584	Deletion	901
2R	16132943	16132866	Deletion	77
2R	16136556	16133212	Deletion	3344
2R	16141234	16138694	Deletion	2540
2R	16156102	16154803	Deletion	1299
2R	16178432	16160858	Deletion	17574
2R	16183972	16183736	Deletion	236
2R	16192014	16191573	Deletion	441
2R	16206632	16203829	Deletion	2803
2R	16216634	16212669	Deletion	3965
2R	16255883	16249208	Deletion	6675
2R	16261423	16260614	Deletion	809
2R	16264382	16263341	Deletion	1041
2R	16323515	16321731	Deletion	1784
2R	16329609	16324881	Deletion	4728
2R	16347997	16335042	Deletion	12955
2R	16354970	16353381	Deletion	1589
2R	16370896	16369169	Deletion	1727
2R	16386717	16383037	Deletion	3680
2R	16390748	16389942	Deletion	806
2R	16403098	16391306	Deletion	11792
2R	16407279	16404955	Deletion	2324
2R	16417317	16414258	Deletion	3059
2R	16417319	16417437	Deletion	118
2R	16424765	16424007	Deletion	758
2R	16446287	16445825	Deletion	462
2R	16455463	16454399	Deletion	1064
2R	16471602	16461882	Deletion	9720
2R	16557951	16556808	Deletion	1143
2R	16578974	16578388	Deletion	586
2R	16621939	16621802	Deletion	137
2R	16651115	16638206	Deletion	12909
2R	16660738	16654842	Deletion	5896
2R	16688039	16687840	Deletion	199
2R	16711103	16710826	Deletion	277
2R	16721100	16719709	Deletion	1391
2R	16732757	16732404	Deletion	353
2R	16733485	16733570	Deletion	85
2R	16758959	16745000	Deletion	13959
2R	16769450	16764639	Deletion	4811
2R	16779176	16778543	Deletion	633
2R	16826196	16823572	Deletion	2624
2R	16845966	16843093	Deletion	2873
2R	16851056	16848053	Deletion	3003
2R	16863299	16863241	Deletion	58
2R	16887956	16875756	Deletion	12200
2R	16900635	16892832	Deletion	7803
2R	16923663	16920913	Deletion	2750
2R	16947199	16946876	Deletion	323
2R	16966390	16965487	Deletion	903
2R	16977867	16976381	Deletion	1486
2R	17016258	17006345	Deletion	9913
2R	17019789	17019473	Deletion	316
2R	17023191	17020114	Deletion	3077
2R	17025605	17024571	Deletion	1034
2R	17031412	17026285	Deletion	5127
2R	17093435	17090978	Deletion	2457
2R	17104857	17095861	Deletion	8996
2R	17115240	17109465	Deletion	5775
2R	17139341	17138272	Deletion	1069
2R	17163004	17156678	Deletion	6326
2R	17166504	17164446	Deletion	2058
2R	17201213	17188569	Deletion	12644
2R	17203098	17202420	Deletion	678
2R	17218626	17210620	Deletion	8006
2R	17256230	17251672	Deletion	4558
2R	17263695	17262684	Deletion	1011
2R	17279861	17278627	Deletion	1234
2R	17324181	17323622	Deletion	559
2R	17339898	17338274	Deletion	1624
2R	17344742	17344552	Deletion	190
2R	17386339	17385711	Deletion	628
2R	17460688	17458993	Deletion	1695
2R	17518987	17518860	Deletion	127
2R	17524869	17520931	Deletion	3938
2R	17546971	17537647	Deletion	9324
2R	17568329	17565860	Deletion	2469
2R	17568330	17568369	Deletion	39
2R	17650681	17647241	Deletion	3440
2R	17657262	17652704	Deletion	4558
2R	17686045	17682141	Deletion	3904
2R	17690191	17687205	Deletion	2986
2R	17692733	17692360	Deletion	373
2R	17700806	17694851	Deletion	5955
2R	17703701	17701482	Deletion	2219
2R	17810930	17809662	Deletion	1268
2R	17830003	17828655	Deletion	1348
2R	17877511	17870959	Deletion	6552
2R	17890111	17888913	Deletion	1198
2R	17910578	17902399	Deletion	8179
2R	17940037	17927970	Deletion	12067
2R	17956019	17950734	Deletion	5285
2R	17967451	17967382	Deletion	69
2R	17976624	17976391	Deletion	233
2R	17976671	17976679	Deletion	8
2R	17976814	17976754	Deletion	60
2R	17997277	17996083	Deletion	1194
2R	18028585	18028517	Deletion	68
2R	18031794	18031317	Deletion	477
2R	18040550	18036576	Deletion	3974
2R	18049344	18049081	Deletion	263
2R	18086643	18086203	Deletion	440
2R	18105915	18094937	Deletion	10978
2R	18136223	18129071	Deletion	7152
2R	18147080	18141581	Deletion	5499
2R	18179021	18178248	Deletion	773
2R	18181747	18180978	Deletion	769
2R	18190273	18190201	Deletion	72
2R	18211618	18211566	Deletion	52
2R	18238172	18223037	Deletion	15135
2R	18250692	18241490	Deletion	9202
2R	18298108	18296754	Deletion	1354
2R	18305746	18304129	Deletion	1617
2R	18343371	18342182	Deletion	1189
2R	18416374	18373385	Deletion	42989
2R	18428644	18418623	Deletion	10021
2R	18436884	18435358	Deletion	1526
2R	18447834	18447771	Deletion	63
2R	18522437	18521941	Deletion	496
2R	18561766	18560009	Deletion	1757
2R	18575255	18570227	Deletion	5028
2R	18575256	18575364	Deletion	108
2R	18575562	18575359	Deletion	203
2R	18588101	18587048	Deletion	1053
2R	18633618	18633560	Deletion	58
2R	18662264	18661824	Deletion	440
2R	18689040	18682335	Deletion	6705
2R	18713601	18699904	Deletion	13697
2R	18743341	18743271	Deletion	70
2R	18772795	18772744	Deletion	51
2R	18772798	18772904	Deletion	106
2R	18791098	18778160	Deletion	12938
2R	18802243	18802169	Deletion	74
2R	18805098	18805021	Deletion	77
2R	18824300	18821638	Deletion	2662
2R	18845326	18844682	Deletion	644
2R	18876642	18876529	Deletion	113
2R	18905823	18902172	Deletion	3651
2R	18920103	18910576	Deletion	9527
2R	18925295	18920965	Deletion	4330
2R	18943535	18939000	Deletion	4535
2R	19005500	18999450	Deletion	6050
2R	19037061	19031869	Deletion	5192
2R	19070606	19069258	Deletion	1348
2R	19081848	19073713	Deletion	8135
2R	19085313	19083405	Deletion	1908
2R	19092639	19090250	Deletion	2389
2R	19135009	19134706	Deletion	303
2R	19148024	19146199	Deletion	1825
2R	19191246	19178259	Deletion	12987
2R	19194192	19194249	Deletion	57
2R	19248754	19237022	Deletion	11732
2R	19260033	19251146	Deletion	8887
2R	19291985	19288405	Deletion	3580
2R	19306672	19306473	Deletion	199
2R	19333294	19333389	Deletion	95
2R	19333436	19333382	Deletion	54
2R	19344805	19344540	Deletion	265
2R	19348137	19347258	Deletion	879
2R	19389013	19387634	Deletion	1379
2R	19401166	19394606	Deletion	6560
2R	19404146	19403817	Deletion	329
2R	19417559	19414345	Deletion	3214
2R	19436160	19436051	Deletion	109
2R	19451468	19445716	Deletion	5752
2R	19471956	19452932	Deletion	19024
2R	19499808	19499759	Deletion	49
2R	19560122	19559478	Deletion	644
2R	19560125	19560222	Deletion	97
2R	19578013	19577877	Deletion	136
2R	19608507	19599146	Deletion	9361
2R	19621313	19621193	Deletion	120
2R	19641479	19637793	Deletion	3686
2R	19658685	19658189	Deletion	496
2R	19679022	19673166	Deletion	5856
2R	19695788	19695333	Deletion	455
2R	19724988	19724707	Deletion	281
2R	19813109	19813034	Deletion	75
2R	19828497	19826121	Deletion	2376
2R	19870738	19869739	Deletion	999
2R	19878961	19872917	Deletion	6044
2R	19882448	19879630	Deletion	2818
2R	19899561	19897800	Deletion	1761
2R	19899566	19899681	Deletion	115
2R	19929073	19927277	Deletion	1796
2R	19952003	19951496	Deletion	507
2R	19957493	19955180	Deletion	2313
2R	19974116	19974011	Deletion	105
2R	19988826	19988281	Deletion	545
2R	20005288	19989568	Deletion	15720
2R	20019782	20014802	Deletion	4980
2R	20033876	20026264	Deletion	7612
2R	20040636	20040700	Deletion	64
2R	20040887	20040698	Deletion	189
2R	20043647	20042719	Deletion	928
2R	20090285	20090227	Deletion	58
2R	20106086	20105196	Deletion	890
2R	20158252	20158110	Deletion	142
2R	20201506	20185667	Deletion	15839
2R	20229026	20228821	Deletion	205
2R	20232877	20231714	Deletion	1163
2R	20238063	20234111	Deletion	3952
2R	20255905	20249643	Deletion	6262
2R	20277304	20277063	Deletion	241
2R	20309561	20308223	Deletion	1338
2R	20324459	20322744	Deletion	1715
2R	20345073	20345007	Deletion	66
2R	20363094	20363043	Deletion	51
2R	20399167	20398549	Deletion	618
2R	20442851	20426944	Deletion	15907
2R	20450668	20450455	Deletion	213
2R	20461295	20461402	Deletion	107
2R	20485924	20485744	Deletion	180
2R	20541540	20540228	Deletion	1312
2R	20572994	20572754	Deletion	240
2R	20597175	20586321	Deletion	10854
2R	20657534	20653822	Deletion	3712
2R	20661876	20659260	Deletion	2616
2R	20663374	20663316	Deletion	58
2R	20720759	20720223	Deletion	536
2R	20731071	20728377	Deletion	2694
2R	20773232	20761882	Deletion	11350
2R	20780470	20780461	Deletion	9
2R	20780807	20780707	Deletion	100
2R	20808781	20797873	Deletion	10908
2R	20840010	20838641	Deletion	1369
2R	20848906	20847937	Deletion	969
2R	20875327	20860602	Deletion	14725
2R	20881774	20879842	Deletion	1932
2R	20888891	20885606	Deletion	3285
2R	20923572	20917496	Deletion	6076
2R	20934828	20934869	Deletion	41
2R	20935120	20934868	Deletion	252
2R	20953604	20951466	Deletion	2138
2R	20979349	20977690	Deletion	1659
2R	20996578	20996411	Deletion	167
2R	21023914	21023969	Deletion	55
2R	21026758	21023965	Deletion	2793
2R	21026763	21026862	Deletion	99
2R	21046669	21046591	Deletion	78
2R	21085692	21084615	Deletion	1077
2R	21099244	21097739	Deletion	1505
2R	21118546	21118496	Deletion	50
2R	21123415	21120538	Deletion	2877
2R	21135329	21127494	Deletion	7835
2R	21147680	21147630	Deletion	50
2R	21172387	21170150	Deletion	2237
2R	21223124	21223030	Deletion	94
2R	21251779	21250335	Deletion	1444
2R	21271486	21269007	Deletion	2479
2R	21276034	21275983	Deletion	51
2R	21297240	21279128	Deletion	18112
2R	21301994	21300274	Deletion	1720
2R	21302897	21302143	Deletion	754
2R	21308765	21308882	Deletion	117
2R	21312159	21308887	Deletion	3272
2R	21322531	21321355	Deletion	1176
2R	21360822	21357480	Deletion	3342
2R	21374763	21365683	Deletion	9080
2R	21391650	21379054	Deletion	12596
2R	21398187	21395623	Deletion	2564
2R	21414499	21398896	Deletion	15603
2R	21434451	21426673	Deletion	7778
2R	21446866	21446811	Deletion	55
2R	21452448	21452338	Deletion	110
2R	21467013	21467039	Deletion	26
2R	21471457	21469161	Deletion	2296
2R	21487716	21487038	Deletion	678
2R	21550752	21550170	Deletion	582
2R	21569068	21569122	Deletion	54
2R	21572467	21571788	Deletion	679
2R	21584697	21574127	Deletion	10570
2R	21629369	21628112	Deletion	1257
2R	21642885	21642797	Deletion	88
2R	21672336	21672392	Deletion	56
2R	21683638	21683696	Deletion	58
2R	21690497	21683695	Deletion	6802
2R	21696986	21694101	Deletion	2885
2R	21707544	21707310	Deletion	234
2R	21716244	21716338	Deletion	94
2R	21716398	21716332	Deletion	66
2R	21733160	21733028	Deletion	132
2R	21764188	21762276	Deletion	1912
2R	21777961	21771924	Deletion	6037
2R	21809237	21809171	Deletion	66
2R	21835527	21833989	Deletion	1538
2R	21840572	21839394	Deletion	1178
2R	21863163	21843064	Deletion	20099
2R	21869374	21864599	Deletion	4775
2R	21871712	21871095	Deletion	617
2R	21944670	21897568	Deletion	47102
2R	22012265	22011713	Deletion	552
2R	22040404	22013054	Deletion	27350
2R	22042012	22041900	Deletion	112
2R	22050643	22050488	Deletion	155
2R	22062109	22060245	Deletion	1864
2R	22074897	22073359	Deletion	1538
2R	22081673	22081742	Deletion	69
2R	22081805	22081741	Deletion	64
2R	22086596	22084924	Deletion	1672
2R	22110552	22107826	Deletion	2726
2R	22135166	22134517	Deletion	649
2R	22169708	22169510	Deletion	198
2R	22180181	22175418	Deletion	4763
2R	22247905	22246442	Deletion	1463
2R	22261171	22253889	Deletion	7282
2R	22265734	22263770	Deletion	1964
2R	22318563	22311242	Deletion	7321
2R	22339274	22331999	Deletion	7275
2R	22339895	22339813	Deletion	82
2R	22368804	22368245	Deletion	559
2R	22372976	22372915	Deletion	61
2R	22376147	22373980	Deletion	2167
2R	22429775	22420434	Deletion	9341
2R	22430516	22429965	Deletion	551
2R	22439228	22434846	Deletion	4382
2R	22518288	22517906	Deletion	382
2R	22537556	22537198	Deletion	358
2R	22548372	22538604	Deletion	9768
2R	22548373	22548456	Deletion	83
2R	22559228	22557051	Deletion	2177
2R	22573420	22572901	Deletion	519
2R	22602306	22593113	Deletion	9193
2R	22622850	22620144	Deletion	2706
2R	22675935	22674324	Deletion	1611
2R	22703989	22701851	Deletion	2138
2R	22715093	22713934	Deletion	1159
2R	22729584	22722338	Deletion	7246
2R	22767937	22764173	Deletion	3764
2R	22794739	22793534	Deletion	1205
2R	22801706	22800760	Deletion	946
2R	22802351	22802263	Deletion	88
2R	22803904	22802405	Deletion	1499
2R	22823256	22820107	Deletion	3149
2R	22842712	22837734	Deletion	4978
2R	22891687	22882782	Deletion	8905
2R	22946469	22946313	Deletion	156
2R	22950273	22949973	Deletion	300
2R	22972809	22970278	Deletion	2531
2R	22983445	22983072	Deletion	373
2R	22998053	22998171	Deletion	118
2R	23003516	22998172	Deletion	5344
2R	23012777	23012041	Deletion	736
2R	23078875	23078404	Deletion	471
2R	23078880	23078980	Deletion	100
2R	23092464	23089280	Deletion	3184
2R	23093316	23093165	Deletion	151
2R	23123606	23104705	Deletion	18901
2R	23136815	23136234	Deletion	581
2R	23153953	23139697	Deletion	14256
2R	23164899	23164058	Deletion	841
2R	23164901	23164980	Deletion	79
2R	23177916	23175792	Deletion	2124
2R	23189124	23184764	Deletion	4360
2R	23194046	23192104	Deletion	1942
2R	23225024	23224484	Deletion	540
2R	23233093	23225247	Deletion	7846
2R	23234368	23233714	Deletion	654
2R	23250980	23250795	Deletion	185
2R	23274973	23273871	Deletion	1102
2R	23274976	23275079	Deletion	103
2R	23286125	23285499	Deletion	626
2R	23289299	23288337	Deletion	962
2R	23306150	23299466	Deletion	6684
2R	23336429	23332460	Deletion	3969
2R	23371316	23371354	Deletion	38
2R	23371987	23371350	Deletion	637
2R	23373607	23372161	Deletion	1446
2R	23378154	23374571	Deletion	3583
2R	23380212	23380065	Deletion	147
2R	23403047	23403099	Deletion	52
2R	23405574	23405523	Deletion	51
2R	23405633	23405670	Deletion	37
2R	23405636	23405702	Deletion	66
2R	23448487	23440247	Deletion	8240
2R	23448490	23448563	Deletion	73
2R	23464372	23463656	Deletion	716
2R	23467356	23465944	Deletion	1412
2R	23512979	23495911	Deletion	17068
2R	23554357	23550844	Deletion	3513
2R	23563030	23561474	Deletion	1556
2R	23575611	23575659	Deletion	48
2R	23579143	23575657	Deletion	3486
2R	23599127	23596944	Deletion	2183
2R	23599145	23599201	Deletion	56
2R	23609027	23599267	Deletion	9760
2R	23619018	23619124	Deletion	106
2R	23620340	23619129	Deletion	1211
2R	23622323	23621917	Deletion	406
2R	23634342	23631002	Deletion	3340
2R	23641937	23640990	Deletion	947
2R	23643018	23642920	Deletion	98
2R	23671818	23652686	Deletion	19132
2R	23697321	23688518	Deletion	8803
2R	23724713	23720898	Deletion	3815
2R	23727829	23727343	Deletion	486
2R	23736073	23734206	Deletion	1867
2R	23741006	23740508	Deletion	498
2R	23766883	23765522	Deletion	1361
2R	23811019	23809503	Deletion	1516
2R	23812596	23812350	Deletion	246
2R	23841692	23835509	Deletion	6183
2R	23847823	23842926	Deletion	4897
2R	23869203	23867218	Deletion	1985
2R	23877968	23878027	Deletion	59
2R	23898772	23898574	Deletion	198
2R	23909252	23909369	Deletion	117
2R	23909505	23909370	Deletion	135
2R	23937109	23921741	Deletion	15368
2R	23969891	23942958	Deletion	26933
2R	24019383	24017466	Deletion	1917
2R	24038073	24027007	Deletion	11066
2R	24049214	24047732	Deletion	1482
2R	24057003	24053626	Deletion	3377
2R	24066353	24064294	Deletion	2059
2R	24069087	24068963	Deletion	124
2R	24085418	24084482	Deletion	936
2R	24120231	24115235	Deletion	4996
2R	24128227	24124318	Deletion	3909
2R	24163055	24162296	Deletion	759
2R	24165578	24164599	Deletion	979
2R	24189425	24186381	Deletion	3044
2R	24196018	24195967	Deletion	51
2R	24204800	24197128	Deletion	7672
2R	24210848	24210072	Deletion	776
2R	24280138	24276304	Deletion	3834
2R	24308078	24291062	Deletion	17016
2R	24308082	24308201	Deletion	119
2R	24325819	24320020	Deletion	5799
2R	24341051	24340696	Deletion	355
2R	24376369	24376057	Deletion	312
2R	24408428	24405463	Deletion	2965
2R	24431376	24428510	Deletion	2866
2R	24469689	24453402	Deletion	16287
2R	24476762	24476545	Deletion	217
2R	24476766	24476802	Deletion	36
2R	24482048	24477369	Deletion	4679
2R	24502822	24491063	Deletion	11759
2R	24516310	24507949	Deletion	8361
2R	24521246	24521137	Deletion	109
2R	24571798	24570655	Deletion	1143
2R	24607922	24597399	Deletion	10523
2R	24633057	24630917	Deletion	2140
2R	24668753	24667703	Deletion	1050
2R	24678674	24669207	Deletion	9467
2R	24683348	24683264	Deletion	84
2R	24698393	24687576	Deletion	10817
2R	24701471	24699763	Deletion	1708
2R	24738483	24738581	Deletion	98
2R	24738780	24738580	Deletion	200
2R	24742454	24741611	Deletion	843
2R	24856599	24851247	Deletion	5352
2R	24989656	24988718	Deletion	938
2R	24989975	24989890	Deletion	85
2R	24993295	24993026	Deletion	269
2R	25000628	24995545	Deletion	5083
2R	25019418	25018787	Deletion	631
2R	25024597	25024540	Deletion	57
2R	25028751	25025347	Deletion	3404
2R	25109868	25105652	Deletion	4216
2R	25124611	25123569	Deletion	1042
2R	25136827	25135536	Deletion	1291
2R	25172350	25159486	Deletion	12864
2R	25178290	25178382	Deletion	92
2R	25183703	25178321	Deletion	5382
2R	25188135	25185548	Deletion	2587
2R	25212017	25209327	Deletion	2690
2R	25279388	25279291	Deletion	97
3L	47056	39439	Deletion	7617
3L	69124	69031	Deletion	93
3L	86582	85046	Deletion	1536
3L	100341	87128	Deletion	13213
3L	104736	103500	Deletion	1236
3L	128199	124195	Deletion	4004
3L	129181	128974	Deletion	207
3L	136395	136286	Deletion	109
3L	150781	150297	Deletion	484
3L	177426	170593	Deletion	6833
3L	185700	181986	Deletion	3714
3L	205546	205395	Deletion	151
3L	210092	206849	Deletion	3243
3L	235858	235063	Deletion	795
3L	253194	250496	Deletion	2698
3L	261817	261587	Deletion	230
3L	261821	261867	Deletion	46
3L	285629	282917	Deletion	2712
3L	320599	314565	Deletion	6034
3L	339393	339479	Deletion	86
3L	372989	339482	Deletion	33507
3L	435698	415247	Deletion	20451
3L	454507	444757	Deletion	9750
3L	504497	503824	Deletion	673
3L	504500	504599	Deletion	99
3L	542342	542411	Deletion	69
3L	560713	551687	Deletion	9026
3L	580922	580547	Deletion	375
3L	582998	581593	Deletion	1405
3L	695878	694511	Deletion	1367
3L	720932	716929	Deletion	4003
3L	752086	747164	Deletion	4922
3L	786170	784918	Deletion	1252
3L	794958	790398	Deletion	4560
3L	817730	815671	Deletion	2059
3L	828896	826070	Deletion	2826
3L	842430	841108	Deletion	1322
3L	882263	880903	Deletion	1360
3L	983705	983760	Deletion	55
3L	1019978	1012225	Deletion	7753
3L	1068751	1068850	Deletion	99
3L	1070713	1068849	Deletion	1864
3L	1109140	1100808	Deletion	8332
3L	1125766	1125624	Deletion	142
3L	1139762	1132302	Deletion	7460
3L	1146183	1144172	Deletion	2011
3L	1213084	1203641	Deletion	9443
3L	1230495	1227905	Deletion	2590
3L	1237601	1230626	Deletion	6975
3L	1242311	1240993	Deletion	1318
3L	1279945	1274533	Deletion	5412
3L	1287831	1286794	Deletion	1037
3L	1348138	1345835	Deletion	2303
3L	1404479	1391060	Deletion	13419
3L	1408481	1408239	Deletion	242
3L	1436237	1435540	Deletion	697
3L	1464815	1461329	Deletion	3486
3L	1524340	1521836	Deletion	2504
3L	1550679	1541407	Deletion	9272
3L	1550683	1550796	Deletion	113
3L	1579784	1560826	Deletion	18958
3L	1590360	1588845	Deletion	1515
3L	1601780	1594370	Deletion	7410
3L	1613872	1604387	Deletion	9485
3L	1627465	1616594	Deletion	10871
3L	1680357	1680154	Deletion	203
3L	1696944	1695363	Deletion	1581
3L	1705001	1703368	Deletion	1633
3L	1719089	1705560	Deletion	13529
3L	1730641	1730350	Deletion	291
3L	1768547	1768596	Deletion	49
3L	1788936	1784615	Deletion	4321
3L	1807107	1805736	Deletion	1371
3L	1865857	1865970	Deletion	113
3L	1866210	1865969	Deletion	241
3L	1879825	1868272	Deletion	11553
3L	1883530	1883461	Deletion	69
3L	1903916	1903622	Deletion	294
3L	1909237	1904582	Deletion	4655
3L	1918555	1912577	Deletion	5978
3L	1926936	1924933	Deletion	2003
3L	1964645	1964531	Deletion	114
3L	1977635	1967062	Deletion	10573
3L	1983321	1982971	Deletion	350
3L	2000694	2000799	Deletion	105
3L	2003909	2000797	Deletion	3112
3L	2060226	2025384	Deletion	34842
3L	2082939	2082856	Deletion	83
3L	2140495	2138543	Deletion	1952
3L	2143689	2140968	Deletion	2721
3L	2158737	2145141	Deletion	13596
3L	2166574	2164323	Deletion	2251
3L	2179227	2178324	Deletion	903
3L	2201057	2200976	Deletion	81
3L	2218865	2217579	Deletion	1286
3L	2228087	2225338	Deletion	2749
3L	2230871	2228464	Deletion	2407
3L	2234956	2233753	Deletion	1203
3L	2271814	2269370	Deletion	2444
3L	2281831	2281887	Deletion	56
3L	2283930	2281882	Deletion	2048
3L	2337836	2334094	Deletion	3742
3L	2373670	2370123	Deletion	3547
3L	2378961	2377151	Deletion	1810
3L	2405202	2403488	Deletion	1714
3L	2438258	2436110	Deletion	2148
3L	2458068	2458159	Deletion	91
3L	2498070	2495418	Deletion	2652
3L	2520029	2503911	Deletion	16118
3L	2540055	2528359	Deletion	11696
3L	2551868	2546207	Deletion	5661
3L	2574411	2554868	Deletion	19543
3L	2585050	2578387	Deletion	6663
3L	2587575	2587136	Deletion	439
3L	2587577	2587656	Deletion	79
3L	2587583	2587676	Deletion	93
3L	2601789	2601554	Deletion	235
3L	2606415	2606366	Deletion	49
3L	2617451	2615025	Deletion	2426
3L	2652995	2650638	Deletion	2357
3L	2667519	2660181	Deletion	7338
3L	2722410	2722185	Deletion	225
3L	2743042	2741559	Deletion	1483
3L	2767116	2763110	Deletion	4006
3L	2803500	2769040	Deletion	34460
3L	2803503	2803531	Deletion	28
3L	2807994	2805146	Deletion	2848
3L	2820194	2820231	Deletion	37
3L	2820295	2820232	Deletion	63
3L	2820297	2820414	Deletion	117
3L	2839235	2835396	Deletion	3839
3L	2847757	2847592	Deletion	165
3L	2890242	2879881	Deletion	10361
3L	2902556	2896360	Deletion	6196
3L	2905170	2904923	Deletion	247
3L	2921888	2906051	Deletion	15837
3L	2949299	2949241	Deletion	58
3L	2975974	2975803	Deletion	171
3L	2996840	2982882	Deletion	13958
3L	3026608	3020388	Deletion	6220
3L	3031178	3027258	Deletion	3920
3L	3092972	3092611	Deletion	361
3L	3100786	3093018	Deletion	7768
3L	3158546	3158382	Deletion	164
3L	3203290	3198876	Deletion	4414
3L	3220919	3217784	Deletion	3135
3L	3230518	3230465	Deletion	53
3L	3271871	3270922	Deletion	949
3L	3281637	3274603	Deletion	7034
3L	3325657	3325563	Deletion	94
3L	3354317	3349636	Deletion	4681
3L	3374061	3362665	Deletion	11396
3L	3389699	3380477	Deletion	9222
3L	3394773	3391350	Deletion	3423
3L	3429027	3428219	Deletion	808
3L	3485842	3483346	Deletion	2496
3L	3532446	3532077	Deletion	369
3L	3597831	3593226	Deletion	4605
3L	3612153	3611972	Deletion	181
3L	3643131	3633960	Deletion	9171
3L	3651229	3643816	Deletion	7413
3L	3678512	3678070	Deletion	442
3L	3688950	3684843	Deletion	4107
3L	3697184	3697234	Deletion	50
3L	3716736	3697232	Deletion	19504
3L	3739026	3733973	Deletion	5053
3L	3750058	3739805	Deletion	10253
3L	3756943	3755628	Deletion	1315
3L	3774088	3774034	Deletion	54
3L	3774090	3774182	Deletion	92
3L	3822288	3821732	Deletion	556
3L	3829339	3827223	Deletion	2116
3L	3836687	3836809	Deletion	122
3L	3841121	3836807	Deletion	4314
3L	3850326	3846424	Deletion	3902
3L	3858066	3855345	Deletion	2721
3L	3902165	3893345	Deletion	8820
3L	4013148	4009484	Deletion	3664
3L	4069696	4063092	Deletion	6604
3L	4122976	4122924	Deletion	52
3L	4143057	4131021	Deletion	12036
3L	4158890	4153171	Deletion	5719
3L	4168037	4165615	Deletion	2422
3L	4170556	4170455	Deletion	101
3L	4184507	4181291	Deletion	3216
3L	4201174	4200413	Deletion	761
3L	4216066	4208987	Deletion	7079
3L	4231322	4231412	Deletion	90
3L	4232983	4231407	Deletion	1576
3L	4267578	4262649	Deletion	4929
3L	4274444	4274073	Deletion	371
3L	4293765	4292162	Deletion	1603
3L	4307358	4307308	Deletion	50
3L	4309874	4308504	Deletion	1370
3L	4327498	4326778	Deletion	720
3L	4363182	4363293	Deletion	111
3L	4367498	4363288	Deletion	4210
3L	4374618	4374554	Deletion	64
3L	4391803	4376018	Deletion	15785
3L	4430442	4430538	Deletion	96
3L	4431054	4430539	Deletion	515
3L	4447869	4447964	Deletion	95
3L	4454793	4454855	Deletion	62
3L	4502087	4502030	Deletion	57
3L	4525333	4521426	Deletion	3907
3L	4544268	4543156	Deletion	1112
3L	4548572	4548119	Deletion	453
3L	4558459	4548628	Deletion	9831
3L	4600650	4597516	Deletion	3134
3L	4624946	4619816	Deletion	5130
3L	4666823	4666542	Deletion	281
3L	4756733	4722433	Deletion	34300
3L	4759690	4758409	Deletion	1281
3L	4777600	4777486	Deletion	114
3L	4806421	4799473	Deletion	6948
3L	4828770	4819576	Deletion	9194
3L	4835968	4833696	Deletion	2272
3L	4865090	4864658	Deletion	432
3L	4878519	4878449	Deletion	70
3L	4911574	4910132	Deletion	1442
3L	4929139	4920086	Deletion	9053
3L	4932927	4932866	Deletion	61
3L	4949050	4948856	Deletion	194
3L	4982904	4970900	Deletion	12004
3L	5010451	5006312	Deletion	4139
3L	5077875	5069246	Deletion	8629
3L	5095601	5095537	Deletion	64
3L	5116369	5116260	Deletion	109
3L	5173952	5171391	Deletion	2561
3L	5187704	5186785	Deletion	919
3L	5196694	5192565	Deletion	4129
3L	5200850	5200900	Deletion	50
3L	5201365	5200896	Deletion	469
3L	5246198	5242700	Deletion	3498
3L	5253745	5250972	Deletion	2773
3L	5261508	5256248	Deletion	5260
3L	5267155	5263368	Deletion	3787
3L	5275404	5275470	Deletion	66
3L	5289605	5275467	Deletion	14138
3L	5289608	5289660	Deletion	52
3L	5325344	5308258	Deletion	17086
3L	5347556	5347461	Deletion	95
3L	5349539	5349592	Deletion	53
3L	5352195	5349590	Deletion	2605
3L	5373421	5358999	Deletion	14422
3L	5425508	5423800	Deletion	1708
3L	5458394	5458455	Deletion	61
3L	5467302	5466509	Deletion	793
3L	5500009	5499420	Deletion	589
3L	5508202	5502548	Deletion	5654
3L	5550214	5549548	Deletion	666
3L	5586991	5576379	Deletion	10612
3L	5606983	5602734	Deletion	4249
3L	5660112	5645209	Deletion	14903
3L	5666776	5666387	Deletion	389
3L	5674133	5667164	Deletion	6969
3L	5720899	5720490	Deletion	409
3L	5724711	5722841	Deletion	1870
3L	5732915	5732967	Deletion	52
3L	5734444	5732962	Deletion	1482
3L	5750101	5750011	Deletion	90
3L	5843976	5838085	Deletion	5891
3L	5859633	5852570	Deletion	7063
3L	5867382	5865241	Deletion	2141
3L	5895157	5872928	Deletion	22229
3L	5898993	5897587	Deletion	1406
3L	5901178	5899525	Deletion	1653
3L	5912462	5912213	Deletion	249
3L	5933411	5919367	Deletion	14044
3L	5966548	5964997	Deletion	1551
3L	5999469	5989687	Deletion	9782
3L	6065180	6056909	Deletion	8271
3L	6084189	6075630	Deletion	8559
3L	6095323	6090833	Deletion	4490
3L	6103553	6099906	Deletion	3647
3L	6120450	6117929	Deletion	2521
3L	6145182	6143558	Deletion	1624
3L	6159848	6159193	Deletion	655
3L	6159850	6159922	Deletion	72
3L	6170062	6169940	Deletion	122
3L	6198711	6198762	Deletion	51
3L	6199272	6198758	Deletion	514
3L	6214831	6213398	Deletion	1433
3L	6240109	6237305	Deletion	2804
3L	6242781	6241047	Deletion	1734
3L	6247585	6244000	Deletion	3585
3L	6298182	6296892	Deletion	1290
3L	6318318	6317836	Deletion	482
3L	6333010	6321990	Deletion	11020
3L	6382870	6378570	Deletion	4300
3L	6393470	6391710	Deletion	1760
3L	6440446	6440552	Deletion	106
3L	6453312	6450664	Deletion	2648
3L	6482526	6479037	Deletion	3489
3L	6516216	6515700	Deletion	516
3L	6518202	6517185	Deletion	1017
3L	6533361	6533294	Deletion	67
3L	6552669	6552403	Deletion	266
3L	6566320	6564354	Deletion	1966
3L	6567668	6567567	Deletion	101
3L	6583477	6583575	Deletion	98
3L	6633128	6627153	Deletion	5975
3L	6657274	6656376	Deletion	898
3L	6661024	6658617	Deletion	2407
3L	6671409	6671285	Deletion	124
3L	6679248	6672245	Deletion	7003
3L	6680105	6680218	Deletion	113
3L	6709450	6697744	Deletion	11706
3L	6725586	6713985	Deletion	11601
3L	6736318	6731609	Deletion	4709
3L	6745254	6743611	Deletion	1643
3L	6799767	6797979	Deletion	1788
3L	6802061	6799800	Deletion	2261
3L	6802066	6802119	Deletion	53
3L	6811372	6805590	Deletion	5782
3L	6813478	6812938	Deletion	540
3L	6820465	6819637	Deletion	828
3L	6848394	6832004	Deletion	16390
3L	6855488	6855396	Deletion	92
3L	6900237	6899554	Deletion	683
3L	6902141	6901955	Deletion	186
3L	6958352	6950802	Deletion	7550
3L	7003071	7003012	Deletion	59
3L	7016792	7016665	Deletion	127
3L	7046433	7040243	Deletion	6190
3L	7050197	7048294	Deletion	1903
3L	7055805	7051704	Deletion	4101
3L	7075984	7075732	Deletion	252
3L	7081623	7081009	Deletion	614
3L	7081627	7081696	Deletion	69
3L	7156825	7134708	Deletion	22117
3L	7227643	7224677	Deletion	2966
3L	7235065	7229212	Deletion	5853
3L	7250905	7235498	Deletion	15407
3L	7272984	7267111	Deletion	5873
3L	7272986	7273084	Deletion	98
3L	7291772	7285600	Deletion	6172
3L	7316661	7313930	Deletion	2731
3L	7335798	7331927	Deletion	3871
3L	7337558	7336204	Deletion	1354
3L	7363689	7363642	Deletion	47
3L	7374746	7372119	Deletion	2627
3L	7399913	7399459	Deletion	454
3L	7427075	7423993	Deletion	3082
3L	7438367	7429086	Deletion	9281
3L	7455691	7455394	Deletion	297
3L	7487301	7484223	Deletion	3078
3L	7519487	7517909	Deletion	1578
3L	7535776	7534007	Deletion	1769
3L	7537221	7536714	Deletion	507
3L	7574322	7572469	Deletion	1853
3L	7583256	7583160	Deletion	96
3L	7593193	7584913	Deletion	8280
3L	7604437	7604150	Deletion	287
3L	7621166	7621093	Deletion	73
3L	7631600	7629948	Deletion	1652
3L	7648159	7643491	Deletion	4668
3L	7697919	7696699	Deletion	1220
3L	7787903	7787784	Deletion	119
3L	7833215	7800739	Deletion	32476
3L	7842108	7837177	Deletion	4931
3L	7864685	7845348	Deletion	19337
3L	7877833	7875535	Deletion	2298
3L	7912361	7912096	Deletion	265
3L	7937281	7936916	Deletion	365
3L	7979330	7979251	Deletion	79
3L	8017946	8017362	Deletion	584
3L	8029363	8029227	Deletion	136
3L	8052263	8035504	Deletion	16759
3L	8072050	8071972	Deletion	78
3L	8082667	8080721	Deletion	1946
3L	8082671	8082744	Deletion	73
3L	8092622	8090929	Deletion	1693
3L	8099564	8097704	Deletion	1860
3L	8113296	8106937	Deletion	6359
3L	8131373	8124333	Deletion	7040
3L	8169307	8160811	Deletion	8496
3L	8169308	8169415	Deletion	107
3L	8170500	8169388	Deletion	1112
3L	8227437	8227383	Deletion	54
3L	8235537	8235628	Deletion	91
3L	8258024	8255024	Deletion	3000
3L	8273258	8271040	Deletion	2218
3L	8291373	8288410	Deletion	2963
3L	8333223	8332756	Deletion	467
3L	8359342	8354843	Deletion	4499
3L	8371199	8366689	Deletion	4510
3L	8400436	8382063	Deletion	18373
3L	8411522	8410080	Deletion	1442
3L	8431919	8428067	Deletion	3852
3L	8436216	8435996	Deletion	220
3L	8436220	8436247	Deletion	27
3L	8447328	8440892	Deletion	6436
3L	8537742	8536092	Deletion	1650
3L	8539708	8538314	Deletion	1394
3L	8581146	8558571	Deletion	22575
3L	8584398	8583958	Deletion	440
3L	8604978	8604231	Deletion	747
3L	8622882	8611480	Deletion	11402
3L	8637593	8631434	Deletion	6159
3L	8645322	8640513	Deletion	4809
3L	8667469	8666737	Deletion	732
3L	8714262	8701161	Deletion	13101
3L	8775686	8775506	Deletion	180
3L	8787072	8782526	Deletion	4546
3L	8805212	8803082	Deletion	2130
3L	8817844	8812703	Deletion	5141
3L	8842337	8842215	Deletion	122
3L	8843821	8843756	Deletion	65
3L	8847412	8845586	Deletion	1826
3L	8873185	8861201	Deletion	11984
3L	8873908	8873771	Deletion	137
3L	8889327	8888556	Deletion	771
3L	8895665	8895607	Deletion	58
3L	8921006	8919136	Deletion	1870
3L	8921915	8921749	Deletion	166
3L	8926618	8925952	Deletion	666
3L	8934458	8930705	Deletion	3753
3L	8951728	8951445	Deletion	283
3L	8955522	8953783	Deletion	1739
3L	8963232	8963137	Deletion	95
3L	8979147	8978546	Deletion	601
3L	8988137	8984362	Deletion	3775
3L	8994512	8993757	Deletion	755
3L	9006860	9000634	Deletion	6226
3L	9026056	9021245	Deletion	4811
3L	9030305	9028940	Deletion	1365
3L	9052293	9050932	Deletion	1361
3L	9071841	9066370	Deletion	5471
3L	9106457	9106401	Deletion	56
3L	9117947	9116978	Deletion	969
3L	9147974	9147904	Deletion	70
3L	9195089	9193895	Deletion	1194
3L	9199715	9196386	Deletion	3329
3L	9255183	9255219	Deletion	36
3L	9261828	9260363	Deletion	1465
3L	9292162	9291361	Deletion	801
3L	9301307	9297155	Deletion	4152
3L	9319690	9315875	Deletion	3815
3L	9334388	9334324	Deletion	64
3L	9357329	9356545	Deletion	784
3L	9406817	9406875	Deletion	58
3L	9432857	9425730	Deletion	7127
3L	9472198	9470405	Deletion	1793
3L	9472199	9472269	Deletion	70
3L	9486059	9485058	Deletion	1001
3L	9504894	9504813	Deletion	81
3L	9507998	9508047	Deletion	49
3L	9583306	9583164	Deletion	142
3L	9645693	9583981	Deletion	61712
3L	9663142	9662190	Deletion	952
3L	9691466	9690818	Deletion	648
3L	9698676	9698741	Deletion	65
3L	9702610	9700517	Deletion	2093
3L	9727836	9724539	Deletion	3297
3L	9733462	9733400	Deletion	62
3L	9777857	9777911	Deletion	54
3L	9781568	9777910	Deletion	3658
3L	9781569	9781641	Deletion	72
3L	9791296	9783488	Deletion	7808
3L	9811750	9795479	Deletion	16271
3L	9850790	9841157	Deletion	9633
3L	9852955	9852483	Deletion	472
3L	9862857	9859860	Deletion	2997
3L	9880470	9874528	Deletion	5942
3L	9881973	9882008	Deletion	35
3L	9886445	9882005	Deletion	4440
3L	9896773	9894819	Deletion	1954
3L	9913037	9912279	Deletion	758
3L	9956893	9941697	Deletion	15196
3L	9964574	9963415	Deletion	1159
3L	9984295	9970964	Deletion	13331
3L	9997843	9996556	Deletion	1287
3L	10026460	10010323	Deletion	16137
3L	10042933	10042625	Deletion	308
3L	10072337	10072398	Deletion	61
3L	10075202	10072396	Deletion	2806
3L	10075203	10075318	Deletion	115
3L	10079214	10078304	Deletion	910
3L	10101019	10099614	Deletion	1405
3L	10117628	10116722	Deletion	906
3L	10143376	10143484	Deletion	108
3L	10159553	10149270	Deletion	10283
3L	10190200	10183240	Deletion	6960
3L	10254628	10245648	Deletion	8980
3L	10270086	10257025	Deletion	13061
3L	10286867	10270846	Deletion	16021
3L	10333581	10319631	Deletion	13950
3L	10339348	10337701	Deletion	1647
3L	10375111	10373125	Deletion	1986
3L	10428945	10428275	Deletion	670
3L	10463487	10457308	Deletion	6179
3L	10481182	10472670	Deletion	8512
3L	10498084	10492782	Deletion	5302
3L	10510165	10509090	Deletion	1075
3L	10557865	10555278	Deletion	2587
3L	10563511	10563279	Deletion	232
3L	10592723	10592759	Deletion	36
3L	10594055	10593830	Deletion	225
3L	10632024	10631854	Deletion	170
3L	10664718	10661560	Deletion	3158
3L	10687130	10685965	Deletion	1165
3L	10694564	10694145	Deletion	419
3L	10758277	10756357	Deletion	1920
3L	10798457	10794914	Deletion	3543
3L	10859574	10850310	Deletion	9264
3L	10876665	10875887	Deletion	778
3L	10880222	10879940	Deletion	282
3L	10907223	10904208	Deletion	3015
3L	10935360	10934171	Deletion	1189
3L	10944264	10943498	Deletion	766
3L	10970455	10957812	Deletion	12643
3L	10990276	10982426	Deletion	7850
3L	11034253	11033460	Deletion	793
3L	11037227	11036056	Deletion	1171
3L	11063595	11050327	Deletion	13268
3L	11063596	11063658	Deletion	62
3L	11158400	11158253	Deletion	147
3L	11175354	11170502	Deletion	4852
3L	11199880	11198101	Deletion	1779
3L	11254422	11251020	Deletion	3402
3L	11259704	11255107	Deletion	4597
3L	11280295	11280220	Deletion	75
3L	11312174	11312119	Deletion	55
3L	11328196	11324913	Deletion	3283
3L	11335595	11334737	Deletion	858
3L	11355042	11353783	Deletion	1259
3L	11355521	11355426	Deletion	95
3L	11385855	11383242	Deletion	2613
3L	11399290	11391402	Deletion	7888
3L	11408790	11408726	Deletion	64
3L	11445772	11441659	Deletion	4113
3L	11479232	11469967	Deletion	9265
3L	11571804	11571801	Deletion	3
3L	11604148	11601473	Deletion	2675
3L	11621933	11621298	Deletion	635
3L	11634979	11626877	Deletion	8102
3L	11656291	11655731	Deletion	560
3L	11696234	11667073	Deletion	29161
3L	11721782	11718542	Deletion	3240
3L	11728380	11728283	Deletion	97
3L	11728382	11728469	Deletion	87
3L	11747049	11746342	Deletion	707
3L	11748283	11748222	Deletion	61
3L	11774947	11762428	Deletion	12519
3L	11783096	11778707	Deletion	4389
3L	11798194	11797428	Deletion	766
3L	11798197	11798224	Deletion	27
3L	11834885	11806138	Deletion	28747
3L	11870652	11870604	Deletion	48
3L	11873975	11873018	Deletion	957
3L	11887273	11885629	Deletion	1644
3L	11891647	11890775	Deletion	872
3L	11923688	11922823	Deletion	865
3L	11924919	11923994	Deletion	925
3L	11936750	11936850	Deletion	100
3L	11944787	11936851	Deletion	7936
3L	11946119	11946065	Deletion	54
3L	11948494	11947948	Deletion	546
3L	11968444	11966230	Deletion	2214
3L	11989791	11977109	Deletion	12682
3L	11993055	11993005	Deletion	50
3L	11993059	11993139	Deletion	80
3L	12027865	12026440	Deletion	1425
3L	12042681	12042542	Deletion	139
3L	12050964	12043112	Deletion	7852
3L	12062492	12051191	Deletion	11301
3L	12095910	12095701	Deletion	209
3L	12129613	12128819	Deletion	794
3L	12154655	12154420	Deletion	235
3L	12184365	12184407	Deletion	42
3L	12193236	12189190	Deletion	4046
3L	12197401	12194548	Deletion	2853
3L	12220872	12205755	Deletion	15117
3L	12235086	12234982	Deletion	104
3L	12273688	12269236	Deletion	4452
3L	12314286	12308538	Deletion	5748
3L	12338717	12337617	Deletion	1100
3L	12347507	12347542	Deletion	35
3L	12360466	12360416	Deletion	50
3L	12367396	12364812	Deletion	2584
3L	12374221	12372425	Deletion	1796
3L	12393106	12393037	Deletion	69
3L	12397899	12396882	Deletion	1017
3L	12409182	12408176	Deletion	1006
3L	12417806	12417556	Deletion	250
3L	12440434	12435716	Deletion	4718
3L	12472575	12459063	Deletion	13512
3L	12481257	12479212	Deletion	2045
3L	12542077	12539517	Deletion	2560
3L	12565951	12557722	Deletion	8229
3L	12592353	12589736	Deletion	2617
3L	12598868	12597098	Deletion	1770
3L	12604530	12604317	Deletion	213
3L	12660581	12646426	Deletion	14155
3L	12670012	12670101	Deletion	89
3L	12710964	12700267	Deletion	10697
3L	12743121	12732841	Deletion	10280
3L	12776055	12774904	Deletion	1151
3L	12791768	12778859	Deletion	12909
3L	12809218	12806054	Deletion	3164
3L	12846613	12845409	Deletion	1204
3L	12871174	12870102	Deletion	1072
3L	12871180	12871291	Deletion	111
3L	12883989	12878393	Deletion	5596
3L	12884528	12884447	Deletion	81
3L	12895634	12895207	Deletion	427
3L	12970387	12970429	Deletion	42
3L	12972904	12970427	Deletion	2477
3L	12978145	12977915	Deletion	230
3L	12984165	12983785	Deletion	380
3L	12987960	12987805	Deletion	155
3L	12994431	12994272	Deletion	159
3L	13015857	13000189	Deletion	15668
3L	13025659	13024624	Deletion	1035
3L	13029293	13028883	Deletion	410
3L	13041496	13033001	Deletion	8495
3L	13050401	13043637	Deletion	6764
3L	13055224	13051921	Deletion	3303
3L	13065702	13061139	Deletion	4563
3L	13075494	13072723	Deletion	2771
3L	13097625	13097058	Deletion	567
3L	13150752	13143452	Deletion	7300
3L	13161070	13160892	Deletion	178
3L	13171287	13161369	Deletion	9918
3L	13200346	13193800	Deletion	6546
3L	13213720	13213763	Deletion	43
3L	13214028	13213800	Deletion	228
3L	13225144	13215636	Deletion	9508
3L	13254582	13249252	Deletion	5330
3L	13284042	13284090	Deletion	48
3L	13309060	13308381	Deletion	679
3L	13326676	13317035	Deletion	9641
3L	13332690	13331892	Deletion	798
3L	13383889	13377444	Deletion	6445
3L	13388100	13384539	Deletion	3561
3L	13420059	13418516	Deletion	1543
3L	13420060	13420103	Deletion	43
3L	13426565	13424007	Deletion	2558
3L	13466588	13454454	Deletion	12134
3L	13494022	13491860	Deletion	2162
3L	13511185	13511295	Deletion	110
3L	13511192	13511305	Deletion	113
3L	13511548	13511300	Deletion	248
3L	13525028	13519179	Deletion	5849
3L	13537126	13535947	Deletion	1179
3L	13539001	13537942	Deletion	1059
3L	13560069	13555764	Deletion	4305
3L	13590352	13586459	Deletion	3893
3L	13677406	13676057	Deletion	1349
3L	13677411	13677517	Deletion	106
3L	13716815	13686848	Deletion	29967
3L	13726746	13723516	Deletion	3230
3L	13733608	13733469	Deletion	139
3L	13832276	13831539	Deletion	737
3L	13838247	13832351	Deletion	5896
3L	13838290	13838299	Deletion	9
3L	13841804	13838394	Deletion	3410
3L	13882196	13880332	Deletion	1864
3L	13887461	13882986	Deletion	4475
3L	13951034	13950256	Deletion	778
3L	13972393	13970568	Deletion	1825
3L	13993377	13975625	Deletion	17752
3L	13993379	13993422	Deletion	43
3L	14038630	14038721	Deletion	91
3L	14040552	14038723	Deletion	1829
3L	14051819	14049164	Deletion	2655
3L	14055282	14054990	Deletion	292
3L	14062159	14059086	Deletion	3073
3L	14062876	14062975	Deletion	99
3L	14063711	14062971	Deletion	740
3L	14097735	14096858	Deletion	877
3L	14138276	14125436	Deletion	12840
3L	14161011	14156779	Deletion	4232
3L	14193560	14191516	Deletion	2044
3L	14211617	14198178	Deletion	13439
3L	14223434	14219091	Deletion	4343
3L	14243000	14242633	Deletion	367
3L	14309061	14308104	Deletion	957
3L	14342224	14342312	Deletion	88
3L	14357513	14355665	Deletion	1848
3L	14369041	14368243	Deletion	798
3L	14401783	14399370	Deletion	2413
3L	14424526	14424335	Deletion	191
3L	14440970	14436640	Deletion	4330
3L	14442590	14441861	Deletion	729
3L	14457969	14444277	Deletion	13692
3L	14484313	14482459	Deletion	1854
3L	14497340	14497018	Deletion	322
3L	14519136	14514412	Deletion	4724
3L	14549599	14533642	Deletion	15957
3L	14561884	14561443	Deletion	441
3L	14579204	14579249	Deletion	45
3L	14599157	14595704	Deletion	3453
3L	14617147	14609155	Deletion	7992
3L	14631498	14624986	Deletion	6512
3L	14666041	14665938	Deletion	103
3L	14703656	14702502	Deletion	1154
3L	14747311	14746335	Deletion	976
3L	14813807	14811004	Deletion	2803
3L	14850970	14849968	Deletion	1002
3L	14850973	14851014	Deletion	41
3L	14877345	14876618	Deletion	727
3L	14883503	14883120	Deletion	383
3L	14894722	14892861	Deletion	1861
3L	14909633	14909543	Deletion	90
3L	14924235	14921285	Deletion	2950
3L	14935452	14929262	Deletion	6190
3L	14940661	14937586	Deletion	3075
3L	14940663	14940777	Deletion	114
3L	14949438	14943150	Deletion	6288
3L	14952617	14952673	Deletion	56
3L	14999754	14995580	Deletion	4174
3L	15078571	15069940	Deletion	8631
3L	15136466	15135928	Deletion	538
3L	15145813	15145678	Deletion	135
3L	15181545	15181154	Deletion	391
3L	15202614	15201167	Deletion	1447
3L	15204919	15203229	Deletion	1690
3L	15238888	15238959	Deletion	71
3L	15242921	15238956	Deletion	3965
3L	15278017	15277205	Deletion	812
3L	15330721	15327698	Deletion	3023
3L	15350255	15345746	Deletion	4509
3L	15375936	15375296	Deletion	640
3L	15391568	15381858	Deletion	9710
3L	15409008	15406353	Deletion	2655
3L	15423568	15414247	Deletion	9321
3L	15426624	15426600	Deletion	24
3L	15447048	15431689	Deletion	15359
3L	15463120	15460543	Deletion	2577
3L	15472653	15469986	Deletion	2667
3L	15474022	15474075	Deletion	53
3L	15474562	15474068	Deletion	494
3L	15476481	15476309	Deletion	172
3L	15495198	15491299	Deletion	3899
3L	15502561	15502174	Deletion	387
3L	15506437	15506305	Deletion	132
3L	15533577	15531843	Deletion	1734
3L	15537489	15537526	Deletion	37
3L	15550132	15546939	Deletion	3193
3L	15591054	15590833	Deletion	221
3L	15591666	15591597	Deletion	69
3L	15652664	15651551	Deletion	1113
3L	15687259	15681971	Deletion	5288
3L	15730231	15714709	Deletion	15522
3L	15735313	15734516	Deletion	797
3L	15740954	15740819	Deletion	135
3L	15769637	15769074	Deletion	563
3L	15810559	15810261	Deletion	298
3L	15810562	15810648	Deletion	86
3L	15814171	15814202	Deletion	31
3L	15822694	15817013	Deletion	5681
3L	15841946	15831454	Deletion	10492
3L	15866573	15866636	Deletion	63
3L	15873040	15866637	Deletion	6403
3L	15943633	15943663	Deletion	30
3L	15961816	15948148	Deletion	13668
3L	16039687	16039509	Deletion	178
3L	16061333	16051591	Deletion	9742
3L	16068294	16065826	Deletion	2468
3L	16089607	16089474	Deletion	133
3L	16093548	16093345	Deletion	203
3L	16095417	16095000	Deletion	417
3L	16103560	16102744	Deletion	816
3L	16115120	16105535	Deletion	9585
3L	16125510	16124790	Deletion	720
3L	16141427	16141231	Deletion	196
3L	16230473	16230557	Deletion	84
3L	16246316	16230552	Deletion	15764
3L	16246816	16246648	Deletion	168
3L	16259331	16259269	Deletion	62
3L	16293956	16291232	Deletion	2724
3L	16297743	16297672	Deletion	71
3L	16302560	16301983	Deletion	577
3L	16315693	16314825	Deletion	868
3L	16315698	16315749	Deletion	51
3L	16322375	16322299	Deletion	76
3L	16356954	16355244	Deletion	1710
3L	16384552	16383055	Deletion	1497
3L	16392033	16388208	Deletion	3825
3L	16399392	16399319	Deletion	73
3L	16426101	16422892	Deletion	3209
3L	16466677	16446016	Deletion	20661
3L	16484565	16484506	Deletion	59
3L	16495392	16486820	Deletion	8572
3L	16529914	16530001	Deletion	87
3L	16530114	16530005	Deletion	109
3L	16544059	16543327	Deletion	732
3L	16602526	16602439	Deletion	87
3L	16622832	16622464	Deletion	368
3L	16654346	16650858	Deletion	3488
3L	16664005	16662333	Deletion	1672
3L	16696930	16695137	Deletion	1793
3L	16703039	16702090	Deletion	949
3L	16730451	16721327	Deletion	9124
3L	16744539	16734721	Deletion	9818
3L	16773266	16765216	Deletion	8050
3L	16805923	16794639	Deletion	11284
3L	16841616	16840421	Deletion	1195
3L	16864460	16850297	Deletion	14163
3L	16869943	16867541	Deletion	2402
3L	16878744	16877711	Deletion	1033
3L	16922536	16913901	Deletion	8635
3L	17039119	17035414	Deletion	3705
3L	17059077	17052236	Deletion	6841
3L	17119452	17118941	Deletion	511
3L	17155943	17131813	Deletion	24130
3L	17161578	17157211	Deletion	4367
3L	17163450	17163276	Deletion	174
3L	17222913	17211940	Deletion	10973
3L	17246731	17240995	Deletion	5736
3L	17273226	17265758	Deletion	7468
3L	17292573	17290089	Deletion	2484
3L	17296650	17296586	Deletion	64
3L	17333272	17313922	Deletion	19350
3L	17344939	17338604	Deletion	6335
3L	17408201	17406964	Deletion	1237
3L	17427475	17427537	Deletion	62
3L	17440905	17427530	Deletion	13375
3L	17483956	17481953	Deletion	2003
3L	17502770	17501151	Deletion	1619
3L	17530626	17525357	Deletion	5269
3L	17554847	17530961	Deletion	23886
3L	17558890	17558934	Deletion	44
3L	17558993	17558929	Deletion	64
3L	17566229	17566051	Deletion	178
3L	17592763	17592705	Deletion	58
3L	17633962	17630016	Deletion	3946
3L	17646578	17645585	Deletion	993
3L	17655129	17648657	Deletion	6472
3L	17661698	17661770	Deletion	72
3L	17663793	17661775	Deletion	2018
3L	17686495	17686599	Deletion	104
3L	17703090	17703041	Deletion	49
3L	17721320	17721174	Deletion	146
3L	17746305	17746134	Deletion	171
3L	17760597	17760677	Deletion	80
3L	17760730	17760675	Deletion	55
3L	17788065	17786422	Deletion	1643
3L	17816411	17816359	Deletion	52
3L	17842733	17821363	Deletion	21370
3L	17893917	17884987	Deletion	8930
3L	17908451	17903155	Deletion	5296
3L	17923912	17923423	Deletion	489
3L	17927034	17925439	Deletion	1595
3L	17958851	17954197	Deletion	4654
3L	17980508	17980060	Deletion	448
3L	17984623	17984118	Deletion	505
3L	17991639	17989513	Deletion	2126
3L	18012046	18011860	Deletion	186
3L	18033671	18024206	Deletion	9465
3L	18044796	18041024	Deletion	3772
3L	18081698	18081050	Deletion	648
3L	18091368	18083653	Deletion	7715
3L	18106360	18103693	Deletion	2667
3L	18149820	18128978	Deletion	20842
3L	18169142	18169093	Deletion	49
3L	18225128	18218867	Deletion	6261
3L	18226854	18226399	Deletion	455
3L	18229554	18229502	Deletion	52
3L	18254890	18250936	Deletion	3954
3L	18261182	18258375	Deletion	2807
3L	18261922	18261341	Deletion	581
3L	18284962	18275001	Deletion	9961
3L	18291978	18288559	Deletion	3419
3L	18295130	18294844	Deletion	286
3L	18322110	18316413	Deletion	5697
3L	18361635	18358039	Deletion	3596
3L	18394168	18375708	Deletion	18460
3L	18406236	18406305	Deletion	69
3L	18406365	18406307	Deletion	58
3L	18419076	18409801	Deletion	9275
3L	18432230	18431609	Deletion	621
3L	18454233	18448524	Deletion	5709
3L	18470536	18461298	Deletion	9238
3L	18487687	18471475	Deletion	16212
3L	18618775	18618255	Deletion	520
3L	18629674	18629624	Deletion	50
3L	18677653	18668787	Deletion	8866
3L	18689963	18689876	Deletion	87
3L	18769406	18768645	Deletion	761
3L	18830403	18830251	Deletion	152
3L	18838747	18838041	Deletion	706
3L	18867453	18867043	Deletion	410
3L	18871319	18870535	Deletion	784
3L	18913427	18908346	Deletion	5081
3L	18935301	18935215	Deletion	86
3L	18956675	18954215	Deletion	2460
3L	18997375	18991997	Deletion	5378
3L	19012197	19008380	Deletion	3817
3L	19014783	19013021	Deletion	1762
3L	19015495	19015338	Deletion	157
3L	19020016	19018892	Deletion	1124
3L	19036728	19036190	Deletion	538
3L	19057028	19056938	Deletion	90
3L	19057029	19057134	Deletion	105
3L	19096579	19095829	Deletion	750
3L	19098885	19098763	Deletion	122
3L	19099796	19099134	Deletion	662
3L	19103464	19102084	Deletion	1380
3L	19132534	19132356	Deletion	178
3L	19132538	19132580	Deletion	42
3L	19136885	19132570	Deletion	4315
3L	19144383	19137022	Deletion	7361
3L	19173788	19173682	Deletion	106
3L	19179505	19179143	Deletion	362
3L	19199071	19184688	Deletion	14383
3L	19244106	19237634	Deletion	6472
3L	19249653	19249224	Deletion	429
3L	19254070	19254126	Deletion	56
3L	19259516	19254121	Deletion	5395
3L	19308845	19304527	Deletion	4318
3L	19320767	19316059	Deletion	4708
3L	19330043	19329985	Deletion	58
3L	19336911	19336683	Deletion	228
3L	19350927	19350835	Deletion	92
3L	19440815	19440339	Deletion	476
3L	19483923	19458916	Deletion	25007
3L	19538860	19535911	Deletion	2949
3L	19563628	19552787	Deletion	10841
3L	19567953	19568002	Deletion	49
3L	19569544	19568071	Deletion	1473
3L	19586252	19577004	Deletion	9248
3L	19637554	19633065	Deletion	4489
3L	19659917	19659004	Deletion	913
3L	19699416	19692231	Deletion	7185
3L	19783817	19782277	Deletion	1540
3L	19800404	19791747	Deletion	8657
3L	19810305	19809509	Deletion	796
3L	19861591	19858374	Deletion	3217
3L	19873461	19871520	Deletion	1941
3L	19892135	19891987	Deletion	148
3L	19897712	19897063	Deletion	649
3L	19917679	19915783	Deletion	1896
3L	19952706	19951681	Deletion	1025
3L	19966381	19964436	Deletion	1945
3L	19966760	19966591	Deletion	169
3L	19974349	19967810	Deletion	6539
3L	20024108	20024047	Deletion	61
3L	20024735	20024666	Deletion	69
3L	20038479	20033967	Deletion	4512
3L	20057660	20055548	Deletion	2112
3L	20067510	20067460	Deletion	50
3L	20084943	20083568	Deletion	1375
3L	20091528	20091412	Deletion	116
3L	20107351	20098658	Deletion	8693
3L	20126471	20126287	Deletion	184
3L	20136579	20135430	Deletion	1149
3L	20152365	20149715	Deletion	2650
3L	20174451	20170041	Deletion	4410
3L	20174455	20174508	Deletion	53
3L	20221109	20220433	Deletion	676
3L	20232927	20225626	Deletion	7301
3L	20235793	20234847	Deletion	946
3L	20239484	20237820	Deletion	1664
3L	20255804	20241835	Deletion	13969
3L	20282467	20260403	Deletion	22064
3L	20316780	20312444	Deletion	4336
3L	20351358	20349495	Deletion	1863
3L	20392539	20390141	Deletion	2398
3L	20413420	20407351	Deletion	6069
3L	20429564	20429315	Deletion	249
3L	20450027	20431765	Deletion	18262
3L	20454561	20454424	Deletion	137
3L	20457074	20456519	Deletion	555
3L	20552541	20550691	Deletion	1850
3L	20554111	20553832	Deletion	279
3L	20566047	20561613	Deletion	4434
3L	20582432	20577757	Deletion	4675
3L	20593372	20592740	Deletion	632
3L	20593375	20593472	Deletion	97
3L	20611496	20609392	Deletion	2104
3L	20617670	20616166	Deletion	1504
3L	20641302	20640276	Deletion	1026
3L	20649491	20641952	Deletion	7539
3L	20657964	20656736	Deletion	1228
3L	20667910	20659912	Deletion	7998
3L	20708869	20708667	Deletion	202
3L	20747143	20747062	Deletion	81
3L	20770305	20758826	Deletion	11479
3L	20846712	20846662	Deletion	50
3L	20848267	20847862	Deletion	405
3L	20879697	20877711	Deletion	1986
3L	20912594	20911562	Deletion	1032
3L	20923246	20922992	Deletion	254
3L	20934819	20934864	Deletion	45
3L	20937133	20934859	Deletion	2274
3L	20937134	20937174	Deletion	40
3L	20956624	20939375	Deletion	17249
3L	20969168	20966656	Deletion	2512
3L	21026092	21025203	Deletion	889
3L	21074233	21052511	Deletion	21722
3L	21089039	21088974	Deletion	65
3L	21100452	21096426	Deletion	4026
3L	21123368	21120287	Deletion	3081
3L	21147544	21146175	Deletion	1369
3L	21177824	21174774	Deletion	3050
3L	21180666	21180757	Deletion	91
3L	21186595	21180752	Deletion	5843
3L	21187191	21187102	Deletion	89
3L	21188153	21188064	Deletion	89
3L	21223590	21222871	Deletion	719
3L	21272451	21272002	Deletion	449
3L	21297018	21296439	Deletion	579
3L	21303011	21301818	Deletion	1193
3L	21338656	21329477	Deletion	9179
3L	21347117	21346597	Deletion	520
3L	21358118	21353004	Deletion	5114
3L	21425898	21425723	Deletion	175
3L	21440939	21437320	Deletion	3619
3L	21467970	21463631	Deletion	4339
3L	21473619	21472746	Deletion	873
3L	21484357	21484040	Deletion	317
3L	21538511	21528611	Deletion	9900
3L	21540161	21539728	Deletion	433
3L	21547989	21546766	Deletion	1223
3L	21604304	21593773	Deletion	10531
3L	21608980	21608898	Deletion	82
3L	21614935	21611373	Deletion	3562
3L	21636627	21618103	Deletion	18524
3L	21680339	21644132	Deletion	36207
3L	21695410	21691387	Deletion	4023
3L	21731237	21715364	Deletion	15873
3L	21733627	21731297	Deletion	2330
3L	21738403	21737231	Deletion	1172
3L	21758695	21758021	Deletion	674
3L	21776864	21769466	Deletion	7398
3L	21800123	21780289	Deletion	19834
3L	21804089	21802592	Deletion	1497
3L	21815318	21814679	Deletion	639
3L	21826730	21826798	Deletion	68
3L	21826858	21826796	Deletion	62
3L	21826859	21826957	Deletion	98
3L	21879384	21877326	Deletion	2058
3L	21885303	21885393	Deletion	90
3L	21885668	21885388	Deletion	280
3L	21885673	21885748	Deletion	75
3L	21896183	21893058	Deletion	3125
3L	21903490	21900001	Deletion	3489
3L	21915833	21912029	Deletion	3804
3L	21972645	21966530	Deletion	6115
3L	22002138	22000562	Deletion	1576
3L	22030313	22029963	Deletion	350
3L	22042217	22042168	Deletion	49
3L	22061597	22046321	Deletion	15276
3L	22072868	22063824	Deletion	9044
3L	22093615	22085185	Deletion	8430
3L	22104965	22105023	Deletion	58
3L	22110782	22108280	Deletion	2502
3L	22119282	22118802	Deletion	480
3L	22155702	22147156	Deletion	8546
3L	22174001	22159368	Deletion	14633
3L	22180573	22177100	Deletion	3473
3L	22181259	22181352	Deletion	93
3L	22181422	22181355	Deletion	67
3L	22207909	22207258	Deletion	651
3L	22217769	22209689	Deletion	8080
3L	22229943	22221343	Deletion	8600
3L	22239009	22239102	Deletion	93
3L	22239533	22239450	Deletion	83
3L	22301070	22286032	Deletion	15038
3L	22310627	22309480	Deletion	1147
3L	22320311	22315851	Deletion	4460
3L	22368034	22363710	Deletion	4324
3L	22368037	22368086	Deletion	49
3L	22376181	22375835	Deletion	346
3L	22434606	22427050	Deletion	7556
3L	22444663	22435200	Deletion	9463
3L	22468162	22468274	Deletion	112
3L	22468337	22468269	Deletion	68
3L	22482976	22482922	Deletion	54
3L	22497688	22496321	Deletion	1367
3L	22503840	22503766	Deletion	74
3L	22515845	22513241	Deletion	2604
3L	22522041	22520469	Deletion	1572
3L	22612705	22612295	Deletion	410
3L	22616454	22615781	Deletion	673
3L	22626722	22625032	Deletion	1690
3L	22639211	22632201	Deletion	7010
3L	22642945	22642748	Deletion	197
3L	22784619	22782794	Deletion	1825
3L	22833883	22822769	Deletion	11114
3L	22836867	22835334	Deletion	1533
3L	22853833	22838482	Deletion	15351
3L	22903544	22902656	Deletion	888
3L	22919444	22914319	Deletion	5125
3L	22924676	22924709	Deletion	33
3L	22932859	22930694	Deletion	2165
3L	23005037	23002684	Deletion	2353
3L	23025387	23025486	Deletion	99
3L	23027179	23025503	Deletion	1676
3L	23072408	23071631	Deletion	777
3L	23083228	23082918	Deletion	310
3L	23087144	23086915	Deletion	229
3L	23093415	23093487	Deletion	72
3L	23124503	23124590	Deletion	87
3L	23197835	23196921	Deletion	914
3L	23248483	23246971	Deletion	1512
3L	23261875	23261716	Deletion	159
3L	23328824	23328199	Deletion	625
3L	23330477	23329205	Deletion	1272
3L	23371719	23371655	Deletion	64
3L	23397245	23397183	Deletion	62
3L	23435350	23431809	Deletion	3541
3L	23454907	23452356	Deletion	2551
3L	23477962	23476754	Deletion	1208
3L	23550076	23549162	Deletion	914
3L	23604560	23604504	Deletion	56
3L	23605655	23605623	Deletion	32
3L	23606569	23605716	Deletion	853
3L	23646795	23645647	Deletion	1148
3L	23652697	23651472	Deletion	1225
3L	23685693	23685216	Deletion	477
3L	23690761	23690615	Deletion	146
3L	23752760	23752582	Deletion	178
3L	23843970	23842467	Deletion	1503
3L	23858267	23857462	Deletion	805
3L	23866346	23865711	Deletion	635
3L	23972069	23972126	Deletion	57
3L	24076206	24076298	Deletion	92
3L	24085690	24076296	Deletion	9394
3L	24114441	24110513	Deletion	3928
3L	24122339	24118854	Deletion	3485
3L	24147149	24147092	Deletion	57
3L	24150190	24149872	Deletion	318
3L	24191522	24191199	Deletion	323
3L	24263617	24262228	Deletion	1389
3L	24270846	24265434	Deletion	5412
3L	24322552	24322487	Deletion	65
3L	24374762	24374339	Deletion	423
3L	24407472	24407348	Deletion	124
3L	24420567	24420427	Deletion	140
3L	24487579	24487439	Deletion	140
3L	24487582	24487655	Deletion	73
3L	24523896	24523766	Deletion	130
3L	24547012	24546900	Deletion	112
3L	24556801	24556701	Deletion	100
3L	24563323	24562970	Deletion	353
3L	24568596	24565051	Deletion	3545
3L	24573986	24573633	Deletion	353
3L	24637205	24637105	Deletion	100
3L	24643918	24644039	Deletion	121
3L	24710428	24706579	Deletion	3849
3L	24747870	24740278	Deletion	7592
3L	24750477	24750049	Deletion	428
3L	24750481	24750511	Deletion	30
3L	24766388	24760382	Deletion	6006
3L	24777632	24777389	Deletion	243
3L	24826695	24826752	Deletion	57
3L	24861351	24860289	Deletion	1062
3L	24900313	24899296	Deletion	1017
3L	24911409	24911458	Deletion	49
3L	24911560	24911456	Deletion	104
3L	24913413	24913061	Deletion	352
3L	24951003	24951028	Deletion	25
3L	25074416	25074360	Deletion	56
3L	25082165	25082267	Deletion	102
3L	25108297	25106141	Deletion	2156
3L	25154980	25147713	Deletion	7267
3L	25189595	25186236	Deletion	3359
3L	25231695	25231347	Deletion	348
3L	25321953	25321776	Deletion	177
3L	25321954	25322029	Deletion	75
3L	25346537	25336849	Deletion	9688
3L	25379267	25378892	Deletion	375
3L	25396797	25394439	Deletion	2358
3L	25446928	25447005	Deletion	77
3L	25502388	25493868	Deletion	8520
3L	25592097	25592167	Deletion	70
3L	25602228	25601877	Deletion	351
3L	25614984	25613788	Deletion	1196
3L	25615550	25615026	Deletion	524
3L	25728047	25727466	Deletion	581
3L	25770781	25766718	Deletion	4063
3L	25781242	25781235	Deletion	7
3L	25796653	25796551	Deletion	102
3L	25867215	25866944	Deletion	271
3L	25882993	25880229	Deletion	2764
3L	25925012	25924941	Deletion	71
3L	25974454	25974308	Deletion	146
3L	26015022	26013760	Deletion	1262
3L	26109173	26109242	Deletion	69
3L	26117260	26114844	Deletion	2416
3L	26125862	26123611	Deletion	2251
3L	26142126	26142145	Deletion	19
3L	26152839	26152665	Deletion	174
3L	26154229	26154158	Deletion	71
3L	26216652	26214804	Deletion	1848
3L	26222777	26220937	Deletion	1840
3L	26301687	26299365	Deletion	2322
3L	26373866	26373959	Deletion	93
3L	26374045	26373964	Deletion	81
3L	26401014	26400914	Deletion	100
3L	26406999	26403999	Deletion	3000
3L	26479805	26479702	Deletion	103
3L	26667703	26666197	Deletion	1506
3L	26667818	26667737	Deletion	81
3L	26701442	26698903	Deletion	2539
3L	26742518	26740586	Deletion	1932
3L	26742522	26742607	Deletion	85
3L	26756481	26754812	Deletion	1669
3L	26764552	26764655	Deletion	103
3L	26797907	26797857	Deletion	50
3L	26811072	26809662	Deletion	1410
3L	26812532	26812547	Deletion	15
3L	26820801	26819470	Deletion	1331
3L	26830971	26830666	Deletion	305
3L	26835934	26835650	Deletion	284
3L	26860209	26860300	Deletion	91
3L	26875475	26867868	Deletion	7607
3L	26936121	26882321	Deletion	53800
3L	26936125	26936176	Deletion	51
3L	26944628	26944634	Deletion	6
3L	27006385	26952525	Deletion	53860
3L	27011455	27011500	Deletion	45
3L	27074516	27073646	Deletion	870
3L	27078657	27077823	Deletion	834
3L	27109092	27107900	Deletion	1192
3L	27145361	27140518	Deletion	4843
3L	27153467	27145428	Deletion	8039
3L	27155772	27155589	Deletion	183
3L	27165135	27165236	Deletion	101
3L	27170364	27165231	Deletion	5133
3L	27208766	27208817	Deletion	51
3L	27273451	27262720	Deletion	10731
3L	27274722	27273756	Deletion	966
3L	27282878	27276066	Deletion	6812
3L	27288487	27285845	Deletion	2642
3L	27299180	27299192	Deletion	12
3L	27302859	27302117	Deletion	742
3L	27309705	27309707	Deletion	2
3L	27309739	27309753	Deletion	14
3L	27313483	27313568	Deletion	85
3L	27313485	27313587	Deletion	102
3L	27314185	27314271	Deletion	86
3L	27314282	27314240	Deletion	42
3L	27314601	27314348	Deletion	253
3L	27317157	27317238	Deletion	81
3L	27317241	27317219	Deletion	22
3L	27320932	27320965	Deletion	33
3L	27320951	27320999	Deletion	48
3L	27371864	27371947	Deletion	83
3L	27375847	27374690	Deletion	1157
3L	27378564	27377315	Deletion	1249
3L	27381126	27381064	Deletion	62
3L	27394501	27394584	Deletion	83
3L	27477097	27477175	Deletion	78
3L	27496854	27496797	Deletion	57
3L	27528536	27528556	Deletion	20
3L	27536740	27536229	Deletion	511
3L	27554987	27555033	Deletion	46
3L	27567553	27567563	Deletion	10
3L	27569026	27568969	Deletion	57
3L	27611434	27611501	Deletion	67
3L	27643151	27643129	Deletion	22
3L	27719774	27718325	Deletion	1449
3L	27845829	27845318	Deletion	511
3L	27912693	27912368	Deletion	325
3L	28014031	28011070	Deletion	2961
3L	28023310	28023276	Deletion	34
3L	28097520	28096812	Deletion	708
3L	28097991	28097568	Deletion	423
3L	28098234	28098033	Deletion	201
3R	50290	44499	Deletion	5791
3R	52704	52604	Deletion	100
3R	70062	70177	Deletion	115
3R	122725	122625	Deletion	100
3R	143249	143092	Deletion	157
3R	144529	143297	Deletion	1232
3R	189245	189145	Deletion	100
3R	199636	199054	Deletion	582
3R	268639	268712	Deletion	73
3R	289026	289100	Deletion	74
3R	302048	302001	Deletion	47
3R	302095	302179	Deletion	84
3R	304738	304823	Deletion	85
3R	304830	304889	Deletion	59
3R	399162	399206	Deletion	44
3R	461654	461304	Deletion	350
3R	486649	485507	Deletion	1142
3R	508811	508591	Deletion	220
3R	562946	561859	Deletion	1087
3R	571146	571037	Deletion	109
3R	575443	575334	Deletion	109
3R	579739	579630	Deletion	109
3R	592033	591956	Deletion	77
3R	624571	624600	Deletion	29
3R	893785	892016	Deletion	1769
3R	943891	939479	Deletion	4412
3R	973856	973502	Deletion	354
3R	984137	984077	Deletion	60
3R	1094776	1094689	Deletion	87
3R	1101650	1101624	Deletion	26
3R	1101727	1101690	Deletion	37
3R	1101847	1101783	Deletion	64
3R	1120134	1120115	Deletion	19
3R	1136775	1136716	Deletion	59
3R	1163199	1156727	Deletion	6472
3R	1168891	1168002	Deletion	889
3R	1202391	1199186	Deletion	3205
3R	1224114	1220340	Deletion	3774
3R	1226976	1226874	Deletion	102
3R	1249684	1248767	Deletion	917
3R	1325118	1325078	Deletion	40
3R	1337065	1334178	Deletion	2887
3R	1455079	1442968	Deletion	12111
3R	1461865	1461765	Deletion	100
3R	1468916	1468865	Deletion	51
3R	1509147	1509181	Deletion	34
3R	1564871	1564440	Deletion	431
3R	1568778	1567708	Deletion	1070
3R	1587074	1586505	Deletion	569
3R	1614974	1614837	Deletion	137
3R	1621193	1621079	Deletion	114
3R	1637853	1636496	Deletion	1357
3R	1645207	1645324	Deletion	117
3R	1763521	1763462	Deletion	59
3R	1772831	1772901	Deletion	70
3R	1791991	1792072	Deletion	81
3R	1800804	1800745	Deletion	59
3R	1829444	1828639	Deletion	805
3R	1844677	1844504	Deletion	173
3R	1857045	1856941	Deletion	104
3R	1865316	1865361	Deletion	45
3R	1892679	1892713	Deletion	34
3R	1991538	1991604	Deletion	66
3R	2059166	2059279	Deletion	113
3R	2100671	2099420	Deletion	1251
3R	2110745	2110820	Deletion	75
3R	2111075	2110818	Deletion	257
3R	2111080	2111121	Deletion	41
3R	2177750	2177652	Deletion	98
3R	2192948	2191111	Deletion	1837
3R	2205649	2205727	Deletion	78
3R	2206456	2205724	Deletion	732
3R	2246057	2245962	Deletion	95
3R	2261757	2261551	Deletion	206
3R	2332575	2332204	Deletion	371
3R	2375608	2375628	Deletion	20
3R	2400423	2400243	Deletion	180
3R	2449162	2446936	Deletion	2226
3R	2488783	2488683	Deletion	100
3R	2494720	2492820	Deletion	1900
3R	2499972	2498072	Deletion	1900
3R	2516632	2515632	Deletion	1000
3R	2539430	2536031	Deletion	3399
3R	2539431	2539521	Deletion	90
3R	2578553	2578572	Deletion	19
3R	2582539	2579249	Deletion	3290
3R	2708016	2708066	Deletion	50
3R	2739200	2739047	Deletion	153
3R	2742125	2740853	Deletion	1272
3R	2769452	2768164	Deletion	1288
3R	2836781	2835959	Deletion	822
3R	2842340	2842204	Deletion	136
3R	2985842	2985751	Deletion	91
3R	3063642	3063145	Deletion	497
3R	3104107	3104054	Deletion	53
3R	3104522	3104174	Deletion	348
3R	3119233	3118887	Deletion	346
3R	3170142	3170182	Deletion	40
3R	3170231	3170265	Deletion	34
3R	3170304	3170373	Deletion	69
3R	3176978	3172510	Deletion	4468
3R	3298160	3298176	Deletion	16
3R	3298319	3298226	Deletion	93
3R	3317904	3317810	Deletion	94
3R	3370150	3370252	Deletion	102
3R	3379391	3377053	Deletion	2338
3R	3383445	3383541	Deletion	96
3R	3474907	3474917	Deletion	10
3R	3494782	3494705	Deletion	77
3R	3581200	3576529	Deletion	4671
3R	3581203	3581284	Deletion	81
3R	3618678	3617288	Deletion	1390
3R	3618681	3618780	Deletion	99
3R	3643441	3643493	Deletion	52
3R	3697955	3696777	Deletion	1178
3R	3713361	3706815	Deletion	6546
3R	3750305	3748210	Deletion	2095
3R	3750356	3750466	Deletion	110
3R	3755132	3750464	Deletion	4668
3R	3755203	3755193	Deletion	10
3R	3773578	3771491	Deletion	2087
3R	3935954	3935190	Deletion	764
3R	3953736	3953857	Deletion	121
3R	4011644	4009644	Deletion	2000
3R	4012124	4012019	Deletion	105
3R	4037449	4036278	Deletion	1171
3R	4039076	4038850	Deletion	226
3R	4039995	4040109	Deletion	114
3R	4054754	4054366	Deletion	388
3R	4142944	4142631	Deletion	313
3R	4143084	4142988	Deletion	96
3R	4167251	4161794	Deletion	5457
3R	4174080	4174148	Deletion	68
3R	4174133	4174168	Deletion	35
3R	4196552	4193252	Deletion	3300
3R	4217823	4217875	Deletion	52
3R	4219257	4217872	Deletion	1385
3R	4310604	4310057	Deletion	547
3R	4322742	4322059	Deletion	683
3R	4330602	4329602	Deletion	1000
3R	4359894	4359430	Deletion	464
3R	4384955	4375227	Deletion	9728
3R	4392546	4392465	Deletion	81
3R	4410732	4410749	Deletion	17
3R	4437963	4429359	Deletion	8604
3R	4437964	4438054	Deletion	90
3R	4450190	4446514	Deletion	3676
3R	4500097	4496398	Deletion	3699
3R	4570284	4569764	Deletion	520
3R	4605916	4601219	Deletion	4697
3R	4639315	4639264	Deletion	51
3R	4646412	4642081	Deletion	4331
3R	4687138	4686300	Deletion	838
3R	4739687	4733845	Deletion	5842
3R	4821500	4806980	Deletion	14520
3R	4821501	4821618	Deletion	117
3R	4829587	4829663	Deletion	76
3R	4838424	4829660	Deletion	8764
3R	4844526	4844262	Deletion	264
3R	4862193	4861885	Deletion	308
3R	4896271	4896009	Deletion	262
3R	4899334	4897321	Deletion	2013
3R	4909251	4908925	Deletion	326
3R	4929823	4916075	Deletion	13748
3R	4952299	4938917	Deletion	13382
3R	4963694	4959714	Deletion	3980
3R	4973249	4972282	Deletion	967
3R	4996101	4993723	Deletion	2378
3R	5023054	5020770	Deletion	2284
3R	5100105	5098337	Deletion	1768
3R	5135897	5119048	Deletion	16849
3R	5144783	5139180	Deletion	5603
3R	5178026	5177831	Deletion	195
3R	5207081	5206703	Deletion	378
3R	5218037	5214451	Deletion	3586
3R	5294305	5266774	Deletion	27531
3R	5335950	5334080	Deletion	1870
3R	5366541	5362986	Deletion	3555
3R	5402907	5402446	Deletion	461
3R	5409018	5405830	Deletion	3188
3R	5419419	5411978	Deletion	7441
3R	5433460	5428749	Deletion	4711
3R	5440135	5438887	Deletion	1248
3R	5499645	5498798	Deletion	847
3R	5509081	5503235	Deletion	5846
3R	5557180	5523941	Deletion	33239
3R	5609636	5609571	Deletion	65
3R	5637518	5637288	Deletion	230
3R	5689707	5683066	Deletion	6641
3R	5715725	5712939	Deletion	2786
3R	5771880	5771938	Deletion	58
3R	5774286	5771936	Deletion	2350
3R	5779045	5778305	Deletion	740
3R	5820677	5802746	Deletion	17931
3R	5823076	5821280	Deletion	1796
3R	5837899	5836777	Deletion	1122
3R	5901095	5890459	Deletion	10636
3R	5940302	5936886	Deletion	3416
3R	5961039	5956456	Deletion	4583
3R	5967147	5961654	Deletion	5493
3R	6001987	6002073	Deletion	86
3R	6051598	6041298	Deletion	10300
3R	6054144	6053189	Deletion	955
3R	6061303	6059082	Deletion	2221
3R	6076987	6073068	Deletion	3919
3R	6091982	6091086	Deletion	896
3R	6097726	6097149	Deletion	577
3R	6129460	6127999	Deletion	1461
3R	6145006	6144872	Deletion	134
3R	6149747	6145313	Deletion	4434
3R	6189442	6184127	Deletion	5315
3R	6199404	6190988	Deletion	8416
3R	6212691	6212503	Deletion	188
3R	6224768	6224324	Deletion	444
3R	6241656	6241190	Deletion	466
3R	6244628	6244376	Deletion	252
3R	6254309	6254168	Deletion	141
3R	6273967	6265147	Deletion	8820
3R	6290971	6281682	Deletion	9289
3R	6375048	6368895	Deletion	6153
3R	6394925	6393874	Deletion	1051
3R	6476479	6472890	Deletion	3589
3R	6483371	6483454	Deletion	83
3R	6504546	6496700	Deletion	7846
3R	6561690	6559562	Deletion	2128
3R	6585892	6570632	Deletion	15260
3R	6603573	6597931	Deletion	5642
3R	6636808	6636715	Deletion	93
3R	6645622	6637023	Deletion	8599
3R	6684652	6684349	Deletion	303
3R	6774837	6774688	Deletion	149
3R	6778579	6778400	Deletion	179
3R	6784582	6784336	Deletion	246
3R	6845962	6827503	Deletion	18459
3R	6898470	6882671	Deletion	15799
3R	6913046	6911691	Deletion	1355
3R	6967674	6966068	Deletion	1606
3R	6967678	6967791	Deletion	113
3R	6979630	6976685	Deletion	2945
3R	6998436	6988306	Deletion	10130
3R	7023077	7021071	Deletion	2006
3R	7030591	7028723	Deletion	1868
3R	7059918	7053427	Deletion	6491
3R	7098555	7092931	Deletion	5624
3R	7107594	7105132	Deletion	2462
3R	7117780	7117172	Deletion	608
3R	7117783	7117837	Deletion	54
3R	7166299	7166340	Deletion	41
3R	7170571	7166411	Deletion	4160
3R	7231317	7227894	Deletion	3423
3R	7256279	7247107	Deletion	9172
3R	7266954	7266993	Deletion	39
3R	7299016	7298770	Deletion	246
3R	7322955	7312295	Deletion	10660
3R	7344574	7343658	Deletion	916
3R	7374389	7364918	Deletion	9471
3R	7415809	7415567	Deletion	242
3R	7441162	7440624	Deletion	538
3R	7500119	7494178	Deletion	5941
3R	7512029	7510630	Deletion	1399
3R	7556807	7556608	Deletion	199
3R	7609878	7607203	Deletion	2675
3R	7673955	7667996	Deletion	5959
3R	7684915	7682060	Deletion	2855
3R	7687834	7685895	Deletion	1939
3R	7721992	7721933	Deletion	59
3R	7746106	7743956	Deletion	2150
3R	7768812	7765173	Deletion	3639
3R	7768817	7768893	Deletion	76
3R	7785324	7785356	Deletion	32
3R	7785410	7785354	Deletion	56
3R	7804163	7802828	Deletion	1335
3R	7804168	7804262	Deletion	94
3R	7809487	7806914	Deletion	2573
3R	7841485	7836335	Deletion	5150
3R	7848877	7843717	Deletion	5160
3R	7858462	7858538	Deletion	76
3R	7861922	7858540	Deletion	3382
3R	7869313	7865220	Deletion	4093
3R	7873638	7870083	Deletion	3555
3R	7883548	7882427	Deletion	1121
3R	7908131	7901268	Deletion	6863
3R	7945124	7945069	Deletion	55
3R	7963950	7960349	Deletion	3601
3R	7975898	7975250	Deletion	648
3R	7981540	7977478	Deletion	4062
3R	8004834	8001606	Deletion	3228
3R	8027373	8027140	Deletion	233
3R	8027382	8027435	Deletion	53
3R	8064427	8064366	Deletion	61
3R	8124990	8122299	Deletion	2691
3R	8176605	8175649	Deletion	956
3R	8194181	8194117	Deletion	64
3R	8274441	8274382	Deletion	59
3R	8299305	8298922	Deletion	383
3R	8326051	8325980	Deletion	71
3R	8353198	8328358	Deletion	24840
3R	8361193	8355546	Deletion	5647
3R	8385792	8362759	Deletion	23033
3R	8425895	8425097	Deletion	798
3R	8430874	8429969	Deletion	905
3R	8454072	8433676	Deletion	20396
3R	8472557	8470394	Deletion	2163
3R	8491008	8479226	Deletion	11782
3R	8547498	8501201	Deletion	46297
3R	8558602	8556538	Deletion	2064
3R	8567536	8562017	Deletion	5519
3R	8587717	8587274	Deletion	443
3R	8616821	8613191	Deletion	3630
3R	8617046	8616995	Deletion	51
3R	8635071	8617747	Deletion	17324
3R	8655142	8655088	Deletion	54
3R	8701856	8700761	Deletion	1095
3R	8704988	8703306	Deletion	1682
3R	8791881	8786126	Deletion	5755
3R	8823042	8821794	Deletion	1248
3R	8832466	8823997	Deletion	8469
3R	8846068	8845398	Deletion	670
3R	8853805	8852116	Deletion	1689
3R	8862149	8855488	Deletion	6661
3R	8862153	8862268	Deletion	115
3R	8894743	8890874	Deletion	3869
3R	8926867	8922210	Deletion	4657
3R	8940191	8940022	Deletion	169
3R	8988131	8962464	Deletion	25667
3R	9000804	8997235	Deletion	3569
3R	9008164	9000872	Deletion	7292
3R	9011656	9011166	Deletion	490
3R	9018505	9018235	Deletion	270
3R	9063615	9063488	Deletion	127
3R	9115224	9095927	Deletion	19297
3R	9130625	9127171	Deletion	3454
3R	9137450	9137498	Deletion	48
3R	9142190	9137494	Deletion	4696
3R	9239075	9211924	Deletion	27151
3R	9263232	9259445	Deletion	3787
3R	9295004	9284946	Deletion	10058
3R	9304365	9302308	Deletion	2057
3R	9329179	9329231	Deletion	52
3R	9329288	9329233	Deletion	55
3R	9345447	9345475	Deletion	28
3R	9372075	9364466	Deletion	7609
3R	9405404	9384306	Deletion	21098
3R	9435697	9421304	Deletion	14393
3R	9452512	9451857	Deletion	655
3R	9472758	9471838	Deletion	920
3R	9546158	9545581	Deletion	577
3R	9629161	9616764	Deletion	12397
3R	9662478	9661101	Deletion	1377
3R	9680412	9679594	Deletion	818
3R	9809221	9807225	Deletion	1996
3R	9873284	9864250	Deletion	9034
3R	9904997	9904134	Deletion	863
3R	9915741	9915132	Deletion	609
3R	9930369	9926806	Deletion	3563
3R	9950112	9943418	Deletion	6694
3R	9968981	9967111	Deletion	1870
3R	9986275	9981449	Deletion	4826
3R	9989307	9989184	Deletion	123
3R	10002903	10001132	Deletion	1771
3R	10027065	10020181	Deletion	6884
3R	10030442	10029098	Deletion	1344
3R	10073747	10073696	Deletion	51
3R	10108769	10107141	Deletion	1628
3R	10165250	10159038	Deletion	6212
3R	10174120	10174031	Deletion	89
3R	10189719	10189482	Deletion	237
3R	10251135	10245119	Deletion	6016
3R	10269965	10263732	Deletion	6233
3R	10306233	10305837	Deletion	396
3R	10337078	10336465	Deletion	613
3R	10337146	10337198	Deletion	52
3R	10348487	10348558	Deletion	71
3R	10350035	10348527	Deletion	1508
3R	10360459	10351825	Deletion	8634
3R	10363784	10362459	Deletion	1325
3R	10372739	10371305	Deletion	1434
3R	10412412	10410662	Deletion	1750
3R	10415611	10415303	Deletion	308
3R	10429717	10428028	Deletion	1689
3R	10437409	10435310	Deletion	2099
3R	10503154	10502780	Deletion	374
3R	10548126	10548021	Deletion	105
3R	10562197	10555848	Deletion	6349
3R	10568392	10566033	Deletion	2359
3R	10586155	10585534	Deletion	621
3R	10619427	10612416	Deletion	7011
3R	10643238	10642283	Deletion	955
3R	10658562	10656334	Deletion	2228
3R	10678065	10670505	Deletion	7560
3R	10692446	10687370	Deletion	5076
3R	10712779	10693089	Deletion	19690
3R	10722920	10715040	Deletion	7880
3R	10739238	10738283	Deletion	955
3R	10745991	10742158	Deletion	3833
3R	10773522	10770579	Deletion	2943
3R	10793828	10782589	Deletion	11239
3R	10795579	10794507	Deletion	1072
3R	10861831	10855985	Deletion	5846
3R	10877789	10863878	Deletion	13911
3R	10894934	10893419	Deletion	1515
3R	10909852	10907636	Deletion	2216
3R	10919988	10917470	Deletion	2518
3R	11003765	11002137	Deletion	1628
3R	11007099	11004382	Deletion	2717
3R	11040348	11040193	Deletion	155
3R	11043639	11042766	Deletion	873
3R	11097034	11094263	Deletion	2771
3R	11120047	11116357	Deletion	3690
3R	11164448	11162339	Deletion	2109
3R	11166715	11166536	Deletion	179
3R	11184789	11172473	Deletion	12316
3R	11224342	11222958	Deletion	1384
3R	11235987	11235799	Deletion	188
3R	11243921	11237403	Deletion	6518
3R	11276345	11275377	Deletion	968
3R	11281691	11281549	Deletion	142
3R	11315847	11315502	Deletion	345
3R	11330746	11327162	Deletion	3584
3R	11412729	11411331	Deletion	1398
3R	11429186	11413720	Deletion	15466
3R	11442490	11433082	Deletion	9408
3R	11453771	11451422	Deletion	2349
3R	11465541	11465628	Deletion	87
3R	11466854	11465629	Deletion	1225
3R	11466855	11466905	Deletion	50
3R	11505543	11484962	Deletion	20581
3R	11527670	11516127	Deletion	11543
3R	11537633	11531187	Deletion	6446
3R	11546804	11544518	Deletion	2286
3R	11559547	11555982	Deletion	3565
3R	11562271	11562088	Deletion	183
3R	11586234	11585728	Deletion	506
3R	11621881	11603226	Deletion	18655
3R	11695700	11694114	Deletion	1586
3R	11737527	11735583	Deletion	1944
3R	11742474	11741733	Deletion	741
3R	11769061	11761918	Deletion	7143
3R	11812717	11812533	Deletion	184
3R	11887385	11884881	Deletion	2504
3R	11891239	11887648	Deletion	3591
3R	11897737	11894026	Deletion	3711
3R	11914888	11914955	Deletion	67
3R	11918089	11914950	Deletion	3139
3R	11928301	11922039	Deletion	6262
3R	11934964	11935068	Deletion	104
3R	11934995	11935064	Deletion	69
3R	11959635	11955442	Deletion	4193
3R	11961396	11961317	Deletion	79
3R	11964613	11962567	Deletion	2046
3R	12038015	12035355	Deletion	2660
3R	12050577	12049647	Deletion	930
3R	12050582	12050643	Deletion	61
3R	12156501	12154619	Deletion	1882
3R	12166854	12163575	Deletion	3279
3R	12202707	12200028	Deletion	2679
3R	12210929	12211008	Deletion	79
3R	12212313	12211003	Deletion	1310
3R	12254257	12218393	Deletion	35864
3R	12288289	12287288	Deletion	1001
3R	12311205	12304382	Deletion	6823
3R	12439022	12438972	Deletion	50
3R	12459006	12459089	Deletion	83
3R	12519563	12513181	Deletion	6382
3R	12523281	12521080	Deletion	2201
3R	12528635	12528269	Deletion	366
3R	12536834	12535924	Deletion	910
3R	12536856	12536896	Deletion	40
3R	12541146	12536945	Deletion	4201
3R	12545133	12544941	Deletion	192
3R	12555026	12552667	Deletion	2359
3R	12574704	12571146	Deletion	3558
3R	12574754	12574774	Deletion	20
3R	12578097	12574852	Deletion	3245
3R	12603601	12599507	Deletion	4094
3R	12616041	12610778	Deletion	5263
3R	12629487	12623720	Deletion	5767
3R	12660703	12660071	Deletion	632
3R	12671083	12662902	Deletion	8181
3R	12673840	12673765	Deletion	75
3R	12685400	12674242	Deletion	11158
3R	12732893	12715795	Deletion	17098
3R	12775666	12771634	Deletion	4032
3R	12812878	12811261	Deletion	1617
3R	12866673	12866382	Deletion	291
3R	12871169	12871060	Deletion	109
3R	12892205	12885828	Deletion	6377
3R	12897237	12892841	Deletion	4396
3R	12933762	12933848	Deletion	86
3R	12951484	12950409	Deletion	1075
3R	13000930	12995412	Deletion	5518
3R	13005068	13002717	Deletion	2351
3R	13033821	13024543	Deletion	9278
3R	13054852	13054787	Deletion	65
3R	13065595	13059978	Deletion	5617
3R	13096586	13094921	Deletion	1665
3R	13101543	13101384	Deletion	159
3R	13101545	13101610	Deletion	65
3R	13104103	13102018	Deletion	2085
3R	13128176	13124897	Deletion	3279
3R	13190094	13180209	Deletion	9885
3R	13222614	13222681	Deletion	67
3R	13227558	13222683	Deletion	4875
3R	13272085	13271995	Deletion	90
3R	13364314	13356406	Deletion	7908
3R	13395476	13383181	Deletion	12295
3R	13405061	13403942	Deletion	1119
3R	13424481	13406714	Deletion	17767
3R	13446607	13441205	Deletion	5402
3R	13457054	13447783	Deletion	9271
3R	13481588	13471546	Deletion	10042
3R	13493041	13488614	Deletion	4427
3R	13517085	13499891	Deletion	17194
3R	13540722	13539459	Deletion	1263
3R	13561037	13557320	Deletion	3717
3R	13615922	13615872	Deletion	50
3R	13668107	13667934	Deletion	173
3R	13672014	13670472	Deletion	1542
3R	13687653	13685573	Deletion	2080
3R	13689651	13689072	Deletion	579
3R	13790410	13785674	Deletion	4736
3R	13811110	13810026	Deletion	1084
3R	13825586	13825537	Deletion	49
3R	13828980	13825872	Deletion	3108
3R	13862672	13862786	Deletion	114
3R	13880155	13876689	Deletion	3466
3R	13926558	13906679	Deletion	19879
3R	13932359	13927556	Deletion	4803
3R	13936781	13936710	Deletion	71
3R	13937428	13937281	Deletion	147
3R	13954398	13950320	Deletion	4078
3R	13972363	13972208	Deletion	155
3R	13978395	13975469	Deletion	2926
3R	13985656	13981822	Deletion	3834
3R	14062341	14061470	Deletion	871
3R	14121333	14117694	Deletion	3639
3R	14154825	14123247	Deletion	31578
3R	14177489	14174703	Deletion	2786
3R	14223529	14214206	Deletion	9323
3R	14242265	14242347	Deletion	82
3R	14269779	14269723	Deletion	56
3R	14302055	14299982	Deletion	2073
3R	14313953	14305933	Deletion	8020
3R	14341789	14341576	Deletion	213
3R	14368711	14368655	Deletion	56
3R	14376352	14374124	Deletion	2228
3R	14389991	14380085	Deletion	9906
3R	14407647	14407519	Deletion	128
3R	14431900	14414435	Deletion	17465
3R	14457610	14455052	Deletion	2558
3R	14457614	14457669	Deletion	55
3R	14462493	14459561	Deletion	2932
3R	14501204	14490550	Deletion	10654
3R	14521094	14520319	Deletion	775
3R	14536608	14536660	Deletion	52
3R	14537956	14536657	Deletion	1299
3R	14552275	14543310	Deletion	8965
3R	14563034	14560234	Deletion	2800
3R	14588751	14588428	Deletion	323
3R	14591820	14591761	Deletion	59
3R	14616828	14604479	Deletion	12349
3R	14642749	14630064	Deletion	12685
3R	14652636	14649638	Deletion	2998
3R	14653059	14652678	Deletion	381
3R	14657898	14657776	Deletion	122
3R	14702787	14690114	Deletion	12673
3R	14729082	14728073	Deletion	1009
3R	14740131	14730371	Deletion	9760
3R	14760247	14742124	Deletion	18123
3R	14762954	14761124	Deletion	1830
3R	14855515	14855341	Deletion	174
3R	14864884	14864468	Deletion	416
3R	14879296	14871405	Deletion	7891
3R	14937612	14936053	Deletion	1559
3R	14959171	14946543	Deletion	12628
3R	14993771	14993219	Deletion	552
3R	15028790	15008283	Deletion	20507
3R	15028791	15028865	Deletion	74
3R	15033121	15033066	Deletion	55
3R	15060787	15049303	Deletion	11484
3R	15128987	15128459	Deletion	528
3R	15148951	15148791	Deletion	160
3R	15158335	15154264	Deletion	4071
3R	15204879	15195484	Deletion	9395
3R	15205373	15205089	Deletion	284
3R	15243044	15242988	Deletion	56
3R	15245123	15244986	Deletion	137
3R	15249417	15249355	Deletion	62
3R	15268141	15268038	Deletion	103
3R	15276921	15272812	Deletion	4109
3R	15300631	15289452	Deletion	11179
3R	15304746	15301921	Deletion	2825
3R	15341368	15340228	Deletion	1140
3R	15357791	15349053	Deletion	8738
3R	15393468	15390989	Deletion	2479
3R	15450682	15450604	Deletion	78
3R	15466263	15458707	Deletion	7556
3R	15475121	15471611	Deletion	3510
3R	15482872	15482818	Deletion	54
3R	15501105	15500962	Deletion	143
3R	15509582	15509687	Deletion	105
3R	15534767	15534636	Deletion	131
3R	15577184	15563957	Deletion	13227
3R	15585273	15582254	Deletion	3019
3R	15585352	15585388	Deletion	36
3R	15586022	15585387	Deletion	635
3R	15588680	15588057	Deletion	623
3R	15652507	15652624	Deletion	117
3R	15675716	15665475	Deletion	10241
3R	15686708	15686651	Deletion	57
3R	15745427	15742540	Deletion	2887
3R	15831675	15782679	Deletion	48996
3R	15857192	15857129	Deletion	63
3R	15878140	15878044	Deletion	96
3R	15894951	15892569	Deletion	2382
3R	15917657	15917597	Deletion	60
3R	15951129	15948797	Deletion	2332
3R	15961065	15960442	Deletion	623
3R	15973601	15967257	Deletion	6344
3R	15989981	15974512	Deletion	15469
3R	16023156	16018573	Deletion	4583
3R	16058048	16054135	Deletion	3913
3R	16090133	16080549	Deletion	9584
3R	16092360	16092072	Deletion	288
3R	16097703	16097289	Deletion	414
3R	16123928	16124026	Deletion	98
3R	16124217	16124028	Deletion	189
3R	16168938	16160937	Deletion	8001
3R	16196074	16188910	Deletion	7164
3R	16205945	16201415	Deletion	4530
3R	16232660	16223100	Deletion	9560
3R	16277526	16272054	Deletion	5472
3R	16280973	16279961	Deletion	1012
3R	16317330	16303022	Deletion	14308
3R	16318045	16317396	Deletion	649
3R	16319262	16319195	Deletion	67
3R	16336554	16329030	Deletion	7524
3R	16339428	16339315	Deletion	113
3R	16361229	16360724	Deletion	505
3R	16390254	16370553	Deletion	19701
3R	16441502	16441449	Deletion	53
3R	16468150	16464933	Deletion	3217
3R	16473172	16472744	Deletion	428
3R	16473175	16473288	Deletion	113
3R	16516773	16511220	Deletion	5553
3R	16532378	16518176	Deletion	14202
3R	16534571	16532985	Deletion	1586
3R	16562546	16555843	Deletion	6703
3R	16591853	16591731	Deletion	122
3R	16652326	16638698	Deletion	13628
3R	16734753	16724887	Deletion	9866
3R	16748232	16745692	Deletion	2540
3R	16755647	16750709	Deletion	4938
3R	16755649	16755747	Deletion	98
3R	16768928	16768515	Deletion	413
3R	16786401	16786170	Deletion	231
3R	16794035	16786505	Deletion	7530
3R	16798494	16796151	Deletion	2343
3R	16815481	16811019	Deletion	4462
3R	16893563	16893400	Deletion	163
3R	16911882	16911974	Deletion	92
3R	16914057	16911979	Deletion	2078
3R	16945781	16945452	Deletion	329
3R	16954116	16951735	Deletion	2381
3R	16964179	16963834	Deletion	345
3R	16964181	16964275	Deletion	94
3R	17008300	16997086	Deletion	11214
3R	17029301	17025284	Deletion	4017
3R	17044376	17038908	Deletion	5468
3R	17066633	17059112	Deletion	7521
3R	17070666	17067571	Deletion	3095
3R	17087215	17085724	Deletion	1491
3R	17177979	17177728	Deletion	251
3R	17238147	17230648	Deletion	7499
3R	17243660	17241784	Deletion	1876
3R	17244426	17244311	Deletion	115
3R	17278128	17277940	Deletion	188
3R	17295184	17289345	Deletion	5839
3R	17327956	17304812	Deletion	23144
3R	17332040	17331741	Deletion	299
3R	17345315	17335887	Deletion	9428
3R	17389487	17387752	Deletion	1735
3R	17439546	17437058	Deletion	2488
3R	17443458	17443073	Deletion	385
3R	17471368	17446900	Deletion	24468
3R	17522804	17522169	Deletion	635
3R	17600700	17599125	Deletion	1575
3R	17619318	17618842	Deletion	476
3R	17681496	17681376	Deletion	120
3R	17708440	17704641	Deletion	3799
3R	17711937	17711449	Deletion	488
3R	17762528	17762449	Deletion	79
3R	17786388	17775647	Deletion	10741
3R	17804075	17802779	Deletion	1296
3R	17818287	17804282	Deletion	14005
3R	17819256	17818342	Deletion	914
3R	17846112	17845775	Deletion	337
3R	17884638	17884403	Deletion	235
3R	17888755	17885660	Deletion	3095
3R	17977450	17976633	Deletion	817
3R	18060640	18059965	Deletion	675
3R	18066992	18065453	Deletion	1539
3R	18088714	18086337	Deletion	2377
3R	18096548	18094529	Deletion	2019
3R	18099770	18099460	Deletion	310
3R	18101027	18100550	Deletion	477
3R	18101864	18101446	Deletion	418
3R	18139378	18137845	Deletion	1533
3R	18144798	18144013	Deletion	785
3R	18180857	18178178	Deletion	2679
3R	18191044	18190994	Deletion	50
3R	18206983	18200441	Deletion	6542
3R	18212813	18211796	Deletion	1017
3R	18266334	18244878	Deletion	21456
3R	18277514	18277609	Deletion	95
3R	18344658	18343719	Deletion	939
3R	18394172	18389093	Deletion	5079
3R	18396994	18394732	Deletion	2262
3R	18428573	18424970	Deletion	3603
3R	18470976	18461604	Deletion	9372
3R	18543630	18542979	Deletion	651
3R	18543632	18543749	Deletion	117
3R	18557391	18556080	Deletion	1311
3R	18562218	18562149	Deletion	69
3R	18581014	18580606	Deletion	408
3R	18581797	18581450	Deletion	347
3R	18622343	18620395	Deletion	1948
3R	18625394	18624602	Deletion	792
3R	18639051	18636874	Deletion	2177
3R	18668147	18662757	Deletion	5390
3R	18680485	18680369	Deletion	116
3R	18683280	18680986	Deletion	2294
3R	18709277	18703749	Deletion	5528
3R	18735845	18721215	Deletion	14630
3R	18750827	18750611	Deletion	216
3R	18755472	18755532	Deletion	60
3R	18760300	18760390	Deletion	90
3R	18768242	18768187	Deletion	55
3R	18804329	18801471	Deletion	2858
3R	18812067	18811868	Deletion	199
3R	18867389	18860197	Deletion	7192
3R	18867390	18867421	Deletion	31
3R	18914589	18890117	Deletion	24472
3R	18922161	18921602	Deletion	559
3R	18947493	18943057	Deletion	4436
3R	19025173	19024132	Deletion	1041
3R	19055460	19052213	Deletion	3247
3R	19100886	19100835	Deletion	51
3R	19152719	19140882	Deletion	11837
3R	19160006	19152902	Deletion	7104
3R	19160008	19160077	Deletion	69
3R	19218033	19197431	Deletion	20602
3R	19232938	19232759	Deletion	179
3R	19241913	19239629	Deletion	2284
3R	19348237	19347783	Deletion	454
3R	19360568	19351494	Deletion	9074
3R	19383686	19366590	Deletion	17096
3R	19411418	19398477	Deletion	12941
3R	19416741	19415074	Deletion	1667
3R	19454257	19454374	Deletion	117
3R	19454554	19454371	Deletion	183
3R	19487492	19465562	Deletion	21930
3R	19538488	19535204	Deletion	3284
3R	19559943	19557717	Deletion	2226
3R	19627123	19614351	Deletion	12772
3R	19670597	19669388	Deletion	1209
3R	19674296	19673876	Deletion	420
3R	19698950	19696679	Deletion	2271
3R	19702106	19702151	Deletion	45
3R	19766671	19766772	Deletion	101
3R	19798812	19792578	Deletion	6234
3R	19838708	19820022	Deletion	18686
3R	19852234	19852169	Deletion	65
3R	19860906	19858364	Deletion	2542
3R	19875057	19865910	Deletion	9147
3R	19909533	19902808	Deletion	6725
3R	19909538	19909624	Deletion	86
3R	19915695	19910113	Deletion	5582
3R	19921541	19921491	Deletion	50
3R	19964502	19961257	Deletion	3245
3R	20038779	20031170	Deletion	7609
3R	20038782	20038851	Deletion	69
3R	20080747	20074711	Deletion	6036
3R	20132865	20132779	Deletion	86
3R	20132869	20132904	Deletion	35
3R	20174726	20174517	Deletion	209
3R	20188799	20188742	Deletion	57
3R	20207274	20197348	Deletion	9926
3R	20225259	20225011	Deletion	248
3R	20236575	20236175	Deletion	400
3R	20243388	20243124	Deletion	264
3R	20292272	20292348	Deletion	76
3R	20308989	20292346	Deletion	16643
3R	20308996	20309039	Deletion	43
3R	20324993	20321494	Deletion	3499
3R	20356950	20343346	Deletion	13604
3R	20374521	20368229	Deletion	6292
3R	20398230	20397637	Deletion	593
3R	20403147	20398639	Deletion	4508
3R	20413994	20408566	Deletion	5428
3R	20421682	20417441	Deletion	4241
3R	20442097	20440954	Deletion	1143
3R	20463583	20445466	Deletion	18117
3R	20481424	20474780	Deletion	6644
3R	20502643	20500077	Deletion	2566
3R	20503940	20503218	Deletion	722
3R	20521799	20521500	Deletion	299
3R	20541790	20536800	Deletion	4990
3R	20556964	20556871	Deletion	93
3R	20563065	20556997	Deletion	6068
3R	20581243	20573134	Deletion	8109
3R	20597919	20589355	Deletion	8564
3R	20647528	20647473	Deletion	55
3R	20662627	20657665	Deletion	4962
3R	20663990	20663841	Deletion	149
3R	20685708	20685651	Deletion	57
3R	20727183	20726143	Deletion	1040
3R	20732605	20732279	Deletion	326
3R	20796572	20790336	Deletion	6236
3R	20831322	20831252	Deletion	70
3R	20846691	20843513	Deletion	3178
3R	20871810	20861564	Deletion	10246
3R	20877899	20876133	Deletion	1766
3R	20892335	20887362	Deletion	4973
3R	20924531	20918443	Deletion	6088
3R	20996415	20976759	Deletion	19656
3R	21003509	21003348	Deletion	161
3R	21021506	21020802	Deletion	704
3R	21040496	21040397	Deletion	99
3R	21080447	21076061	Deletion	4386
3R	21166322	21166261	Deletion	61
3R	21199088	21198817	Deletion	271
3R	21205206	21204792	Deletion	414
3R	21207002	21205253	Deletion	1749
3R	21241027	21240960	Deletion	67
3R	21287832	21286867	Deletion	965
3R	21297643	21297244	Deletion	399
3R	21318500	21318442	Deletion	58
3R	21386458	21384489	Deletion	1969
3R	21421612	21399627	Deletion	21985
3R	21447977	21447907	Deletion	70
3R	21451523	21449887	Deletion	1636
3R	21464711	21464611	Deletion	100
3R	21489064	21474041	Deletion	15023
3R	21497472	21495817	Deletion	1655
3R	21514332	21514213	Deletion	119
3R	21527157	21519306	Deletion	7851
3R	21530001	21527242	Deletion	2759
3R	21569312	21569140	Deletion	172
3R	21592282	21591260	Deletion	1022
3R	21624007	21620035	Deletion	3972
3R	21639271	21638755	Deletion	516
3R	21647419	21645553	Deletion	1866
3R	21677271	21672254	Deletion	5017
3R	21677275	21677371	Deletion	96
3R	21678742	21677701	Deletion	1041
3R	21681427	21679993	Deletion	1434
3R	21724450	21724191	Deletion	259
3R	21770644	21770568	Deletion	76
3R	21784402	21772991	Deletion	11411
3R	21792442	21787835	Deletion	4607
3R	21807068	21802999	Deletion	4069
3R	21839999	21840042	Deletion	43
3R	21842346	21840041	Deletion	2305
3R	21885033	21882941	Deletion	2092
3R	21900254	21890325	Deletion	9929
3R	21904557	21904053	Deletion	504
3R	21920136	21917515	Deletion	2621
3R	21944305	21937412	Deletion	6893
3R	21944526	21944596	Deletion	70
3R	21946743	21944595	Deletion	2148
3R	21946744	21946800	Deletion	56
3R	21983570	21983643	Deletion	73
3R	22000280	22000096	Deletion	184
3R	22022400	22022461	Deletion	61
3R	22025110	22022464	Deletion	2646
3R	22039633	22039566	Deletion	67
3R	22075119	22058378	Deletion	16741
3R	22082270	22081058	Deletion	1212
3R	22091683	22082941	Deletion	8742
3R	22107811	22103126	Deletion	4685
3R	22111991	22111409	Deletion	582
3R	22138582	22137897	Deletion	685
3R	22155292	22154593	Deletion	699
3R	22175350	22173475	Deletion	1875
3R	22177621	22177539	Deletion	82
3R	22293810	22276207	Deletion	17603
3R	22335129	22334428	Deletion	701
3R	22351980	22344143	Deletion	7837
3R	22383916	22384026	Deletion	110
3R	22385393	22384021	Deletion	1372
3R	22423484	22413060	Deletion	10424
3R	22423488	22423557	Deletion	69
3R	22473589	22473672	Deletion	83
3R	22525593	22513905	Deletion	11688
3R	22545508	22534715	Deletion	10793
3R	22547655	22547109	Deletion	546
3R	22557770	22551310	Deletion	6460
3R	22563730	22558646	Deletion	5084
3R	22592958	22592857	Deletion	101
3R	22608947	22608845	Deletion	102
3R	22618991	22611680	Deletion	7311
3R	22627573	22619759	Deletion	7814
3R	22627583	22627685	Deletion	102
3R	22628017	22627706	Deletion	311
3R	22657697	22633812	Deletion	23885
3R	22707845	22707755	Deletion	90
3R	22756823	22747996	Deletion	8827
3R	22807140	22803186	Deletion	3954
3R	22842865	22841280	Deletion	1585
3R	22850739	22850825	Deletion	86
3R	22850882	22850829	Deletion	53
3R	22895371	22895296	Deletion	75
3R	22939696	22918453	Deletion	21243
3R	22969891	22966643	Deletion	3248
3R	22983651	22975666	Deletion	7985
3R	22998867	22998678	Deletion	189
3R	23032203	23031593	Deletion	610
3R	23035449	23034982	Deletion	467
3R	23035451	23035564	Deletion	113
3R	23050572	23049875	Deletion	697
3R	23057219	23054058	Deletion	3161
3R	23063787	23061566	Deletion	2221
3R	23071753	23068797	Deletion	2956
3R	23087193	23076326	Deletion	10867
3R	23126812	23121545	Deletion	5267
3R	23144087	23128798	Deletion	15289
3R	23146365	23145487	Deletion	878
3R	23175760	23169119	Deletion	6641
3R	23185069	23184756	Deletion	313
3R	23220320	23200188	Deletion	20132
3R	23249754	23247212	Deletion	2542
3R	23258273	23256822	Deletion	1451
3R	23308155	23304862	Deletion	3293
3R	23313406	23313506	Deletion	100
3R	23313442	23313505	Deletion	63
3R	23315643	23313501	Deletion	2142
3R	23331900	23329793	Deletion	2107
3R	23349011	23348927	Deletion	84
3R	23375860	23374014	Deletion	1846
3R	23403387	23378553	Deletion	24834
3R	23410044	23408721	Deletion	1323
3R	23425973	23420608	Deletion	5365
3R	23449907	23449151	Deletion	756
3R	23457459	23454801	Deletion	2658
3R	23477852	23477542	Deletion	310
3R	23511446	23493622	Deletion	17824
3R	23541722	23538900	Deletion	2822
3R	23551461	23551092	Deletion	369
3R	23557501	23556883	Deletion	618
3R	23569382	23564062	Deletion	5320
3R	23615556	23608052	Deletion	7504
3R	23648521	23647798	Deletion	723
3R	23724213	23723935	Deletion	278
3R	23786073	23785721	Deletion	352
3R	23794747	23787043	Deletion	7704
3R	23804592	23794814	Deletion	9778
3R	23826812	23826493	Deletion	319
3R	23833018	23831621	Deletion	1397
3R	23899720	23892252	Deletion	7468
3R	23911880	23910103	Deletion	1777
3R	23914469	23912986	Deletion	1483
3R	24023213	24020866	Deletion	2347
3R	24033846	24033795	Deletion	51
3R	24037979	24038055	Deletion	76
3R	24038199	24038056	Deletion	143
3R	24052412	24052326	Deletion	86
3R	24070351	24052628	Deletion	17723
3R	24093926	24094003	Deletion	77
3R	24107671	24094000	Deletion	13671
3R	24161704	24160695	Deletion	1009
3R	24188775	24186057	Deletion	2718
3R	24202614	24202224	Deletion	390
3R	24260053	24253657	Deletion	6396
3R	24276490	24276076	Deletion	414
3R	24310755	24310075	Deletion	680
3R	24334435	24333369	Deletion	1066
3R	24338679	24338335	Deletion	344
3R	24354671	24353835	Deletion	836
3R	24368483	24368581	Deletion	98
3R	24370557	24368585	Deletion	1972
3R	24403580	24390576	Deletion	13004
3R	24413516	24409435	Deletion	4081
3R	24475820	24468547	Deletion	7273
3R	24506781	24505981	Deletion	800
3R	24508971	24509065	Deletion	94
3R	24576017	24571674	Deletion	4343
3R	24593897	24584398	Deletion	9499
3R	24604863	24599226	Deletion	5637
3R	24610519	24609620	Deletion	899
3R	24693415	24691152	Deletion	2263
3R	24716582	24716394	Deletion	188
3R	24716586	24716663	Deletion	77
3R	24762374	24761704	Deletion	670
3R	24792466	24777679	Deletion	14787
3R	24795719	24795554	Deletion	165
3R	24834084	24833912	Deletion	172
3R	24856927	24853202	Deletion	3725
3R	24869624	24863987	Deletion	5637
3R	24895271	24890330	Deletion	4941
3R	24914847	24908549	Deletion	6298
3R	24915109	24914877	Deletion	232
3R	24916472	24915504	Deletion	968
3R	24935974	24932994	Deletion	2980
3R	24943674	24943526	Deletion	148
3R	24945377	24943710	Deletion	1667
3R	24987710	24977558	Deletion	10152
3R	24992926	24988971	Deletion	3955
3R	25032967	25031980	Deletion	987
3R	25072809	25071082	Deletion	1727
3R	25097441	25096426	Deletion	1015
3R	25225870	25225510	Deletion	360
3R	25243868	25242818	Deletion	1050
3R	25270319	25264928	Deletion	5391
3R	25278602	25277497	Deletion	1105
3R	25291738	25279626	Deletion	12112
3R	25339142	25338476	Deletion	666
3R	25386384	25386303	Deletion	81
3R	25396407	25390218	Deletion	6189
3R	25407155	25406867	Deletion	288
3R	25439491	25439583	Deletion	92
3R	25440055	25439584	Deletion	471
3R	25445761	25442262	Deletion	3499
3R	25447377	25446454	Deletion	923
3R	25450140	25449770	Deletion	370
3R	25476676	25468745	Deletion	7931
3R	25490841	25487753	Deletion	3088
3R	25492928	25492500	Deletion	428
3R	25512503	25511071	Deletion	1432
3R	25561131	25550363	Deletion	10768
3R	25574139	25568058	Deletion	6081
3R	25575054	25574652	Deletion	402
3R	25611799	25584737	Deletion	27062
3R	25617584	25613965	Deletion	3619
3R	25640721	25631451	Deletion	9270
3R	25658723	25658284	Deletion	439
3R	25750533	25746334	Deletion	4199
3R	25768681	25768630	Deletion	51
3R	25829327	25828537	Deletion	790
3R	25882666	25877474	Deletion	5192
3R	25890646	25889823	Deletion	823
3R	25927810	25916152	Deletion	11658
3R	25979698	25979361	Deletion	337
3R	26009418	25996911	Deletion	12507
3R	26013890	26011923	Deletion	1967
3R	26016373	26014201	Deletion	2172
3R	26041456	26031300	Deletion	10156
3R	26057270	26048218	Deletion	9052
3R	26073989	26072607	Deletion	1382
3R	26077527	26075938	Deletion	1589
3R	26097995	26097917	Deletion	78
3R	26102744	26102245	Deletion	499
3R	26146459	26144870	Deletion	1589
3R	26152592	26152463	Deletion	129
3R	26209076	26209023	Deletion	53
3R	26227287	26225762	Deletion	1525
3R	26247105	26247001	Deletion	104
3R	26251951	26250590	Deletion	1361
3R	26272055	26271007	Deletion	1048
3R	26296957	26296696	Deletion	261
3R	26309353	26309265	Deletion	88
3R	26338356	26336986	Deletion	1370
3R	26349941	26343801	Deletion	6140
3R	26370688	26360012	Deletion	10676
3R	26402789	26402070	Deletion	719
3R	26420426	26411761	Deletion	8665
3R	26453326	26451601	Deletion	1725
3R	26456691	26456152	Deletion	539
3R	26464767	26462949	Deletion	1818
3R	26497785	26497139	Deletion	646
3R	26524241	26524015	Deletion	226
3R	26544489	26542989	Deletion	1500
3R	26544490	26544545	Deletion	55
3R	26550672	26550209	Deletion	463
3R	26621729	26614126	Deletion	7603
3R	26654024	26638271	Deletion	15753
3R	26657251	26656054	Deletion	1197
3R	26671448	26671332	Deletion	116
3R	26677455	26675575	Deletion	1880
3R	26686394	26684617	Deletion	1777
3R	26736921	26734432	Deletion	2489
3R	26746456	26746276	Deletion	180
3R	26787637	26770281	Deletion	17356
3R	26802700	26790012	Deletion	12688
3R	26809597	26809271	Deletion	326
3R	26824244	26823792	Deletion	452
3R	26865266	26849131	Deletion	16135
3R	26886649	26870469	Deletion	16180
3R	26886650	26886700	Deletion	50
3R	26889481	26888578	Deletion	903
3R	26915180	26912353	Deletion	2827
3R	26926358	26925767	Deletion	591
3R	27027975	27026581	Deletion	1394
3R	27042888	27038654	Deletion	4234
3R	27070976	27070007	Deletion	969
3R	27094717	27093762	Deletion	955
3R	27096712	27095102	Deletion	1610
3R	27127176	27126901	Deletion	275
3R	27172155	27159783	Deletion	12372
3R	27201829	27199408	Deletion	2421
3R	27241678	27237385	Deletion	4293
3R	27262313	27261968	Deletion	345
3R	27293563	27293178	Deletion	385
3R	27306543	27296254	Deletion	10289
3R	27309017	27308138	Deletion	879
3R	27309019	27309112	Deletion	93
3R	27342191	27341574	Deletion	617
3R	27374055	27353289	Deletion	20766
3R	27388287	27387648	Deletion	639
3R	27394680	27393754	Deletion	926
3R	27398819	27398892	Deletion	73
3R	27428342	27421675	Deletion	6667
3R	27452188	27447828	Deletion	4360
3R	27452191	27452227	Deletion	36
3R	27487242	27477928	Deletion	9314
3R	27496571	27494740	Deletion	1831
3R	27513089	27513171	Deletion	82
3R	27513297	27513166	Deletion	131
3R	27570402	27558245	Deletion	12157
3R	27588028	27587978	Deletion	50
3R	27590639	27590721	Deletion	82
3R	27591561	27590718	Deletion	843
3R	27591563	27591606	Deletion	43
3R	27598946	27591929	Deletion	7017
3R	27599400	27599092	Deletion	308
3R	27626688	27624121	Deletion	2567
3R	27645792	27642716	Deletion	3076
3R	27669386	27669335	Deletion	51
3R	27672838	27672416	Deletion	422
3R	27701257	27701192	Deletion	65
3R	27712279	27705333	Deletion	6946
3R	27714492	27714417	Deletion	75
3R	27718743	27718831	Deletion	88
3R	27718887	27718837	Deletion	50
3R	27723862	27721503	Deletion	2359
3R	27725651	27725521	Deletion	130
3R	27761027	27759957	Deletion	1070
3R	27782699	27776922	Deletion	5777
3R	27805956	27804298	Deletion	1658
3R	27813789	27813729	Deletion	60
3R	27854745	27854507	Deletion	238
3R	27914758	27914539	Deletion	219
3R	27953054	27952160	Deletion	894
3R	27984079	27958499	Deletion	25580
3R	27991664	27986938	Deletion	4726
3R	27992748	27992386	Deletion	362
3R	28012443	28012301	Deletion	142
3R	28021237	28020806	Deletion	431
3R	28024696	28024180	Deletion	516
3R	28030480	28028289	Deletion	2191
3R	28078316	28073902	Deletion	4414
3R	28078321	28078362	Deletion	41
3R	28090382	28090323	Deletion	59
3R	28090383	28090441	Deletion	58
3R	28103082	28092875	Deletion	10207
3R	28105279	28103285	Deletion	1994
3R	28118843	28115006	Deletion	3837
3R	28122732	28122462	Deletion	270
3R	28131210	28131296	Deletion	86
3R	28131574	28131297	Deletion	277
3R	28148167	28143004	Deletion	5163
3R	28151533	28150439	Deletion	1094
3R	28212363	28202224	Deletion	10139
3R	28253416	28221609	Deletion	31807
3R	28295968	28295343	Deletion	625
3R	28300580	28299004	Deletion	1576
3R	28332202	28330243	Deletion	1959
3R	28372600	28348138	Deletion	24462
3R	28384949	28384379	Deletion	570
3R	28400388	28390000	Deletion	10388
3R	28429137	28426242	Deletion	2895
3R	28446803	28443183	Deletion	3620
3R	28458415	28453911	Deletion	4504
3R	28470418	28460073	Deletion	10345
3R	28480292	28480082	Deletion	210
3R	28500517	28500289	Deletion	228
3R	28500828	28500675	Deletion	153
3R	28533566	28522037	Deletion	11529
3R	28540087	28539603	Deletion	484
3R	28547032	28542936	Deletion	4096
3R	28549924	28549513	Deletion	411
3R	28549928	28549962	Deletion	34
3R	28578326	28577355	Deletion	971
3R	28584068	28583904	Deletion	164
3R	28614558	28607807	Deletion	6751
3R	28631472	28622114	Deletion	9358
3R	28641500	28641420	Deletion	80
3R	28649645	28649283	Deletion	362
3R	28649648	28649708	Deletion	60
3R	28654743	28650274	Deletion	4469
3R	28664905	28664101	Deletion	804
3R	28669445	28669350	Deletion	95
3R	28673982	28670451	Deletion	3531
3R	28693527	28683986	Deletion	9541
3R	28710371	28708045	Deletion	2326
3R	28732702	28732812	Deletion	110
3R	28735959	28732811	Deletion	3148
3R	28737054	28736426	Deletion	628
3R	28743600	28741250	Deletion	2350
3R	28752538	28744703	Deletion	7835
3R	28776244	28776073	Deletion	171
3R	28836194	28833135	Deletion	3059
3R	28843115	28843055	Deletion	60
3R	28843117	28843222	Deletion	105
3R	28846026	28843248	Deletion	2778
3R	28850326	28848695	Deletion	1631
3R	28859969	28859491	Deletion	478
3R	28865451	28861421	Deletion	4030
3R	28880001	28874409	Deletion	5592
3R	28881742	28881682	Deletion	60
3R	28885921	28884923	Deletion	998
3R	28967189	28959950	Deletion	7239
3R	28972678	28972298	Deletion	380
3R	28979543	28979388	Deletion	155
3R	29002977	28984995	Deletion	17982
3R	29003707	29003798	Deletion	91
3R	29004935	29003797	Deletion	1138
3R	29013832	29013776	Deletion	56
3R	29037206	29030129	Deletion	7077
3R	29041384	29041446	Deletion	62
3R	29069350	29041444	Deletion	27906
3R	29083618	29083525	Deletion	93
3R	29099144	29087167	Deletion	11977
3R	29113506	29099530	Deletion	13976
3R	29126822	29115048	Deletion	11774
3R	29146905	29146707	Deletion	198
3R	29195241	29189622	Deletion	5619
3R	29212490	29212438	Deletion	52
3R	29217300	29216723	Deletion	577
3R	29225554	29225599	Deletion	45
3R	29228384	29225595	Deletion	2789
3R	29240798	29240868	Deletion	70
3R	29254815	29253635	Deletion	1180
3R	29258333	29257149	Deletion	1184
3R	29268213	29268164	Deletion	49
3R	29269859	29268582	Deletion	1277
3R	29280565	29279135	Deletion	1430
3R	29288239	29287251	Deletion	988
3R	29298341	29298178	Deletion	163
3R	29303688	29303805	Deletion	117
3R	29305497	29304946	Deletion	551
3R	29314057	29312695	Deletion	1362
3R	29342177	29334493	Deletion	7684
3R	29353775	29353617	Deletion	158
3R	29356953	29357011	Deletion	58
3R	29359701	29357008	Deletion	2693
3R	29363992	29363915	Deletion	77
3R	29379029	29374501	Deletion	4528
3R	29403225	29403168	Deletion	57
3R	29432171	29419617	Deletion	12554
3R	29434486	29432245	Deletion	2241
3R	29444234	29440866	Deletion	3368
3R	29475506	29469319	Deletion	6187
3R	29493581	29492069	Deletion	1512
3R	29500079	29494774	Deletion	5305
3R	29521484	29514203	Deletion	7281
3R	29534763	29533175	Deletion	1588
3R	29541663	29541263	Deletion	400
3R	29587908	29570446	Deletion	17462
3R	29637285	29634045	Deletion	3240
3R	29690061	29676897	Deletion	13164
3R	29700877	29695775	Deletion	5102
3R	29716883	29709670	Deletion	7213
3R	29724669	29722336	Deletion	2333
3R	29735494	29729224	Deletion	6270
3R	29735497	29735574	Deletion	77
3R	29857028	29853914	Deletion	3114
3R	29871372	29863437	Deletion	7935
3R	29872929	29872483	Deletion	446
3R	29873549	29873501	Deletion	48
3R	29881283	29878641	Deletion	2642
3R	29900742	29895439	Deletion	5303
3R	29910244	29905963	Deletion	4281
3R	29923440	29923301	Deletion	139
3R	29954308	29945651	Deletion	8657
3R	29957519	29954719	Deletion	2800
3R	29957521	29957639	Deletion	118
3R	29967719	29967607	Deletion	112
3R	29975753	29975268	Deletion	485
3R	29993848	29984109	Deletion	9739
3R	30003914	29996531	Deletion	7383
3R	30008483	30008346	Deletion	137
3R	30054175	30053207	Deletion	968
3R	30062905	30056528	Deletion	6377
3R	30084988	30085019	Deletion	31
3R	30109652	30106393	Deletion	3259
3R	30112343	30112271	Deletion	72
3R	30118615	30117148	Deletion	1467
3R	30123749	30120590	Deletion	3159
3R	30135488	30125248	Deletion	10240
3R	30146994	30135964	Deletion	11030
3R	30154607	30154133	Deletion	474
3R	30185104	30167414	Deletion	17690
3R	30188901	30186702	Deletion	2199
3R	30201075	30200670	Deletion	405
3R	30211369	30210408	Deletion	961
3R	30233142	30232216	Deletion	926
3R	30236789	30235437	Deletion	1352
3R	30273300	30270705	Deletion	2595
3R	30301848	30301630	Deletion	218
3R	30311032	30308923	Deletion	2109
3R	30347524	30347474	Deletion	50
3R	30375326	30357939	Deletion	17387
3R	30391527	30385155	Deletion	6372
3R	30415870	30412751	Deletion	3119
3R	30420756	30418506	Deletion	2250
3R	30421621	30421568	Deletion	53
3R	30442555	30441569	Deletion	986
3R	30454356	30454301	Deletion	55
3R	30473566	30473618	Deletion	52
3R	30480136	30473620	Deletion	6516
3R	30499175	30496212	Deletion	2963
3R	30543618	30522030	Deletion	21588
3R	30550530	30549798	Deletion	732
3R	30593488	30586091	Deletion	7397
3R	30603873	30603746	Deletion	127
3R	30637103	30635018	Deletion	2085
3R	30641223	30640012	Deletion	1211
3R	30649412	30642420	Deletion	6992
3R	30660432	30660234	Deletion	198
3R	30666373	30664792	Deletion	1581
3R	30693571	30692384	Deletion	1187
3R	30695983	30695430	Deletion	553
3R	30771115	30767330	Deletion	3785
3R	30826008	30826102	Deletion	94
3R	30826279	30826100	Deletion	179
3R	30834061	30833559	Deletion	502
3R	30855626	30855552	Deletion	74
3R	30856141	30856034	Deletion	107
3R	30916834	30909419	Deletion	7415
3R	30937021	30936937	Deletion	84
3R	30980457	30980378	Deletion	79
3R	30984954	30984662	Deletion	292
3R	31002367	30989410	Deletion	12957
3R	31022592	31019762	Deletion	2830
3R	31065007	31063463	Deletion	1544
3R	31109265	31107391	Deletion	1874
3R	31122178	31120461	Deletion	1717
3R	31134368	31125447	Deletion	8921
3R	31152035	31151851	Deletion	184
3R	31157189	31157098	Deletion	91
3R	31187919	31172945	Deletion	14974
3R	31206886	31204429	Deletion	2457
3R	31217091	31216959	Deletion	132
3R	31217095	31217156	Deletion	61
3R	31230082	31229933	Deletion	149
3R	31247401	31246907	Deletion	494
3R	31255540	31255044	Deletion	496
3R	31256055	31256104	Deletion	49
3R	31256167	31256101	Deletion	66
3R	31261493	31256541	Deletion	4952
3R	31309272	31303387	Deletion	5885
3R	31319315	31319203	Deletion	112
3R	31337260	31335600	Deletion	1660
3R	31367418	31349627	Deletion	17791
3R	31396261	31373935	Deletion	22326
3R	31404258	31403505	Deletion	753
3R	31405086	31404551	Deletion	535
3R	31422727	31422341	Deletion	386
3R	31439604	31439680	Deletion	76
3R	31442669	31439675	Deletion	2994
3R	31446144	31445135	Deletion	1009
3R	31449356	31446799	Deletion	2557
3R	31451075	31450926	Deletion	149
3R	31454848	31451643	Deletion	3205
3R	31538792	31538116	Deletion	676
3R	31540082	31539576	Deletion	506
3R	31557693	31545346	Deletion	12347
3R	31609930	31609834	Deletion	96
3R	31612676	31612426	Deletion	250
3R	31616450	31615723	Deletion	727
3R	31641151	31640993	Deletion	158
3R	31647748	31647394	Deletion	354
3R	31656262	31654725	Deletion	1537
3R	31662797	31661537	Deletion	1260
3R	31671195	31671069	Deletion	126
3R	31671612	31671551	Deletion	61
3R	31715269	31715113	Deletion	156
3R	31724903	31723782	Deletion	1121
3R	31728874	31728822	Deletion	52
3R	31735094	31734951	Deletion	143
3R	31736175	31735767	Deletion	408
3R	31748788	31745354	Deletion	3434
3R	31763799	31759586	Deletion	4213
3R	31782617	31767316	Deletion	15301
3R	31794413	31792707	Deletion	1706
3R	31805380	31805502	Deletion	122
3R	31823682	31805501	Deletion	18181
3R	31840848	31831837	Deletion	9011
3R	31859773	31857768	Deletion	2005
3R	31866768	31864448	Deletion	2320
3R	31912399	31909543	Deletion	2856
3R	31912403	31912479	Deletion	76
3R	31939862	31918001	Deletion	21861
3R	31978607	31978713	Deletion	106
3R	31978777	31978708	Deletion	69
3R	32000731	32000780	Deletion	49
3R	32016773	32016822	Deletion	49
3R	32016880	32016825	Deletion	55
3R	32066690	32064601	Deletion	2089
3R	32066693	32066772	Deletion	79
4	50263	50332	Deletion	69
4	53598	51337	Deletion	2261
4	58680	58542	Deletion	138
4	85348	85150	Deletion	198
4	98691	98441	Deletion	250
4	152126	147775	Deletion	4351
4	160630	157446	Deletion	3184
4	173987	160834	Deletion	13153
4	234191	233965	Deletion	226
4	258431	257716	Deletion	715
4	267521	267271	Deletion	250
4	297467	294725	Deletion	2742
4	329483	328584	Deletion	899
4	363859	357845	Deletion	6014
4	372307	369995	Deletion	2312
4	406711	398510	Deletion	8201
4	420567	420208	Deletion	359
4	429041	424882	Deletion	4159
4	461411	460386	Deletion	1025
4	470123	464917	Deletion	5206
4	491919	491473	Deletion	446
4	539687	538159	Deletion	1528
4	550950	550896	Deletion	54
4	579448	577892	Deletion	1556
4	590190	587982	Deletion	2208
4	591451	590367	Deletion	1084
4	612160	610165	Deletion	1995
4	629214	625796	Deletion	3418
4	640831	640925	Deletion	94
4	671435	669279	Deletion	2156
4	711626	688031	Deletion	23595
4	734697	725501	Deletion	9196
4	758287	753270	Deletion	5017
4	761727	761677	Deletion	50
4	766692	765716	Deletion	976
4	766834	766772	Deletion	62
4	798680	798601	Deletion	79
4	857682	852153	Deletion	5529
4	865441	857736	Deletion	7705
4	865444	865530	Deletion	86
4	869851	867187	Deletion	2664
4	901684	896391	Deletion	5293
4	927383	926220	Deletion	1163
4	948911	946483	Deletion	2428
4	952123	951403	Deletion	720
4	1013738	1012374	Deletion	1364
4	1050501	1050213	Deletion	288
4	1076676	1076783	Deletion	107
4	1130117	1108514	Deletion	21603
4	1136187	1136299	Deletion	112
4	1141959	1136301	Deletion	5658
4	1157368	1155204	Deletion	2164
4	1172644	1172738	Deletion	94
4	1179000	1172742	Deletion	6258
4	1220974	1219909	Deletion	1065
4	1257882	1255233	Deletion	2649
4	1315955	1315831	Deletion	124
X	85262	82907	Deletion	2355
X	85732	85330	Deletion	402
X	103254	103344	Deletion	90
X	134679	130308	Deletion	4371
X	152002	148960	Deletion	3042
X	153872	153372	Deletion	500
X	199897	168166	Deletion	31731
X	262317	257823	Deletion	4494
X	290983	289495	Deletion	1488
X	365379	365439	Deletion	60
X	366624	365437	Deletion	1187
X	387886	387382	Deletion	504
X	408444	404987	Deletion	3457
X	426228	409052	Deletion	17176
X	428402	427357	Deletion	1045
X	428406	428488	Deletion	82
X	471146	470958	Deletion	188
X	503489	499848	Deletion	3641
X	555666	555710	Deletion	44
X	616148	614674	Deletion	1474
X	706086	696299	Deletion	9787
X	865689	865333	Deletion	356
X	953556	951158	Deletion	2398
X	988867	980506	Deletion	8361
X	1002233	1002147	Deletion	86
X	1008015	1007685	Deletion	330
X	1064740	1064833	Deletion	93
X	1125716	1125526	Deletion	190
X	1137528	1128620	Deletion	8908
X	1145515	1143018	Deletion	2497
X	1160776	1158869	Deletion	1907
X	1175751	1166317	Deletion	9434
X	1243214	1243154	Deletion	60
X	1293775	1293714	Deletion	61
X	1332134	1311043	Deletion	21091
X	1334774	1333036	Deletion	1738
X	1413118	1388256	Deletion	24862
X	1423722	1423621	Deletion	101
X	1437350	1436514	Deletion	836
X	1448859	1448100	Deletion	759
X	1457892	1457891	Deletion	1
X	1486458	1457974	Deletion	28484
X	1496302	1486508	Deletion	9794
X	1587729	1587422	Deletion	307
X	1623984	1617492	Deletion	6492
X	1693634	1691141	Deletion	2493
X	1699161	1699198	Deletion	37
X	1708839	1699194	Deletion	9645
X	1854658	1852763	Deletion	1895
X	1868642	1868581	Deletion	61
X	1869969	1869154	Deletion	815
X	1881495	1877066	Deletion	4429
X	1967591	1967453	Deletion	138
X	1970289	1970236	Deletion	53
X	2018074	2016539	Deletion	1535
X	2035516	2035287	Deletion	229
X	2112592	2096234	Deletion	16358
X	2152934	2145248	Deletion	7686
X	2178177	2161296	Deletion	16881
X	2201863	2200212	Deletion	1651
X	2217493	2207519	Deletion	9974
X	2240011	2237099	Deletion	2912
X	2265097	2244695	Deletion	20402
X	2283493	2267272	Deletion	16221
X	2336195	2335543	Deletion	652
X	2345038	2343536	Deletion	1502
X	2380323	2376852	Deletion	3471
X	2413561	2408150	Deletion	5411
X	2435965	2418499	Deletion	17466
X	2454513	2453443	Deletion	1070
X	2472396	2464312	Deletion	8084
X	2489241	2487579	Deletion	1662
X	2501202	2500412	Deletion	790
X	2510608	2505049	Deletion	5559
X	2581880	2578532	Deletion	3348
X	2600090	2595827	Deletion	4263
X	2603656	2603715	Deletion	59
X	2618093	2617840	Deletion	253
X	2626123	2623592	Deletion	2531
X	2630868	2630987	Deletion	119
X	2631606	2630986	Deletion	620
X	2642111	2639794	Deletion	2317
X	2691019	2690919	Deletion	100
X	2781974	2779765	Deletion	2209
X	2781976	2782056	Deletion	80
X	2814150	2807468	Deletion	6682
X	2814151	2814256	Deletion	105
X	2877228	2874541	Deletion	2687
X	2885425	2877737	Deletion	7688
X	2885426	2885526	Deletion	100
X	2896851	2892748	Deletion	4103
X	2898477	2898574	Deletion	97
X	2906515	2898569	Deletion	7946
X	2912598	2908845	Deletion	3753
X	2934503	2934422	Deletion	81
X	2937003	2934789	Deletion	2214
X	2956257	2951873	Deletion	4384
X	2981466	2960700	Deletion	20766
X	3013772	3011532	Deletion	2240
X	3020374	3015661	Deletion	4713
X	3021978	3021666	Deletion	312
X	3024859	3024776	Deletion	83
X	3024862	3024923	Deletion	61
X	3052147	3049251	Deletion	2896
X	3101153	3091952	Deletion	9201
X	3132021	3127390	Deletion	4631
X	3147176	3136763	Deletion	10413
X	3163787	3163200	Deletion	587
X	3176170	3171577	Deletion	4593
X	3217618	3203323	Deletion	14295
X	3252936	3252594	Deletion	342
X	3277420	3275226	Deletion	2194
X	3307765	3299595	Deletion	8170
X	3314627	3314476	Deletion	151
X	3329449	3323956	Deletion	5493
X	3382671	3381459	Deletion	1212
X	3382676	3382777	Deletion	101
X	3383356	3383029	Deletion	327
X	3424928	3424998	Deletion	70
X	3425718	3424993	Deletion	725
X	3428036	3427984	Deletion	52
X	3432005	3431028	Deletion	977
X	3455239	3448139	Deletion	7100
X	3457841	3457716	Deletion	125
X	3469559	3459014	Deletion	10545
X	3482974	3481743	Deletion	1231
X	3511082	3502145	Deletion	8937
X	3511313	3511129	Deletion	184
X	3514325	3514247	Deletion	78
X	3521687	3519107	Deletion	2580
X	3531470	3531402	Deletion	68
X	3541470	3540583	Deletion	887
X	3557030	3549417	Deletion	7613
X	3561087	3560417	Deletion	670
X	3629988	3626880	Deletion	3108
X	3692524	3679375	Deletion	13149
X	3700044	3698946	Deletion	1098
X	3721866	3720869	Deletion	997
X	3743789	3743865	Deletion	76
X	3744577	3743862	Deletion	715
X	3750892	3748153	Deletion	2739
X	3765141	3763907	Deletion	1234
X	3776708	3769536	Deletion	7172
X	3827338	3827280	Deletion	58
X	3837056	3829473	Deletion	7583
X	3837060	3837163	Deletion	103
X	3847875	3846210	Deletion	1665
X	3847878	3847939	Deletion	61
X	3871252	3871140	Deletion	112
X	3897160	3879489	Deletion	17671
X	3898098	3897715	Deletion	383
X	3908030	3899844	Deletion	8186
X	3920628	3912439	Deletion	8189
X	3928774	3928587	Deletion	187
X	3931391	3931168	Deletion	223
X	4000929	3996324	Deletion	4605
X	4023995	4019283	Deletion	4712
X	4046678	4044673	Deletion	2005
X	4056583	4056465	Deletion	118
X	4090348	4090271	Deletion	77
X	4157961	4150737	Deletion	7224
X	4178711	4169253	Deletion	9458
X	4278045	4274624	Deletion	3421
X	4362183	4358829	Deletion	3354
X	4374132	4374050	Deletion	82
X	4386590	4386654	Deletion	64
X	4416493	4386854	Deletion	29639
X	4470483	4470519	Deletion	36
X	4471133	4470516	Deletion	617
X	4488760	4488071	Deletion	689
X	4542488	4542269	Deletion	219
X	4546510	4546116	Deletion	394
X	4569547	4569476	Deletion	71
X	4589772	4589692	Deletion	80
X	4597173	4597058	Deletion	115
X	4729821	4727251	Deletion	2570
X	4751423	4751368	Deletion	55
X	4779105	4765009	Deletion	14096
X	4798733	4798328	Deletion	405
X	4824609	4824223	Deletion	386
X	4848051	4847620	Deletion	431
X	4871781	4863385	Deletion	8396
X	4872213	4871831	Deletion	382
X	4912842	4912541	Deletion	301
X	4945833	4944153	Deletion	1680
X	5038334	5023668	Deletion	14666
X	5091434	5090967	Deletion	467
X	5115586	5107340	Deletion	8246
X	5169939	5166560	Deletion	3379
X	5205479	5204245	Deletion	1234
X	5229619	5227280	Deletion	2339
X	5241902	5236828	Deletion	5074
X	5241906	5241987	Deletion	81
X	5267401	5254026	Deletion	13375
X	5270372	5270056	Deletion	316
X	5309302	5297970	Deletion	11332
X	5314161	5312736	Deletion	1425
X	5322226	5320150	Deletion	2076
X	5322230	5322287	Deletion	57
X	5351666	5351574	Deletion	92
X	5364607	5358297	Deletion	6310
X	5382320	5378950	Deletion	3370
X	5389612	5388919	Deletion	693
X	5399915	5399529	Deletion	386
X	5535617	5535730	Deletion	113
X	5535800	5535734	Deletion	66
X	5537068	5536570	Deletion	498
X	5547770	5543148	Deletion	4622
X	5558583	5549931	Deletion	8652
X	5562503	5561538	Deletion	965
X	5570874	5569849	Deletion	1025
X	5607648	5592506	Deletion	15142
X	5670269	5670217	Deletion	52
X	5753186	5744716	Deletion	8470
X	5783630	5771327	Deletion	12303
X	5822042	5821990	Deletion	52
X	5837545	5836775	Deletion	770
X	5877425	5873197	Deletion	4228
X	5894114	5886865	Deletion	7249
X	5915382	5911066	Deletion	4316
X	5916277	5916057	Deletion	220
X	5956492	5955158	Deletion	1334
X	5969681	5969429	Deletion	252
X	5981233	5981022	Deletion	211
X	5983046	5982949	Deletion	97
X	6032743	6029045	Deletion	3698
X	6085503	6083453	Deletion	2050
X	6104877	6099670	Deletion	5207
X	6116997	6115287	Deletion	1710
X	6191625	6187176	Deletion	4449
X	6198393	6193807	Deletion	4586
X	6219065	6218134	Deletion	931
X	6227414	6224683	Deletion	2731
X	6233581	6232276	Deletion	1305
X	6273239	6250774	Deletion	22465
X	6324435	6314525	Deletion	9910
X	6381627	6381566	Deletion	61
X	6435128	6435089	Deletion	39
X	6458630	6458459	Deletion	171
X	6471237	6465924	Deletion	5313
X	6544886	6544779	Deletion	107
X	6574721	6574672	Deletion	49
X	6579438	6575289	Deletion	4149
X	6586157	6584212	Deletion	1945
X	6588043	6587146	Deletion	897
X	6633427	6632391	Deletion	1036
X	6651735	6650583	Deletion	1152
X	6654754	6654541	Deletion	213
X	6662447	6662237	Deletion	210
X	6682931	6683029	Deletion	98
X	6683939	6683026	Deletion	913
X	6686068	6684518	Deletion	1550
X	6698563	6694581	Deletion	3982
X	6721385	6712926	Deletion	8459
X	6730145	6730095	Deletion	50
X	6744981	6742063	Deletion	2918
X	6808730	6807426	Deletion	1304
X	6846159	6845855	Deletion	304
X	6850303	6849959	Deletion	344
X	6854521	6854595	Deletion	74
X	6856748	6854590	Deletion	2158
X	6856752	6856783	Deletion	31
X	6860092	6859309	Deletion	783
X	6878637	6861924	Deletion	16713
X	6903162	6890474	Deletion	12688
X	6916083	6913316	Deletion	2767
X	6926893	6922941	Deletion	3952
X	6960032	6958369	Deletion	1663
X	6986136	6985882	Deletion	254
X	7009083	6998955	Deletion	10128
X	7036279	7034301	Deletion	1978
X	7036989	7036928	Deletion	61
X	7080468	7078176	Deletion	2292
X	7107212	7107275	Deletion	63
X	7107604	7107270	Deletion	334
X	7120659	7118140	Deletion	2519
X	7152811	7148850	Deletion	3961
X	7171736	7171662	Deletion	74
X	7185748	7177289	Deletion	8459
X	7195097	7192003	Deletion	3094
X	7258096	7256343	Deletion	1753
X	7269271	7267675	Deletion	1596
X	7297408	7297265	Deletion	143
X	7297411	7297444	Deletion	33
X	7303027	7302770	Deletion	257
X	7329455	7318618	Deletion	10837
X	7351775	7334955	Deletion	16820
X	7365291	7360572	Deletion	4719
X	7382600	7381005	Deletion	1595
X	7383700	7383738	Deletion	38
X	7412904	7412412	Deletion	492
X	7421503	7420754	Deletion	749
X	7463830	7460883	Deletion	2947
X	7474249	7474350	Deletion	101
X	7479328	7478206	Deletion	1122
X	7518804	7518878	Deletion	74
X	7519803	7518883	Deletion	920
X	7526947	7523847	Deletion	3100
X	7553653	7540361	Deletion	13292
X	7582671	7582590	Deletion	81
X	7600709	7593465	Deletion	7244
X	7624284	7617453	Deletion	6831
X	7637475	7630836	Deletion	6639
X	7637476	7637596	Deletion	120
X	7646862	7642770	Deletion	4092
X	7690129	7677944	Deletion	12185
X	7728490	7728073	Deletion	417
X	7741720	7740762	Deletion	958
X	7797104	7776136	Deletion	20968
X	7807403	7804706	Deletion	2697
X	7821313	7821246	Deletion	67
X	7846184	7845894	Deletion	290
X	7865386	7865052	Deletion	334
X	7907762	7906127	Deletion	1635
X	7940176	7929882	Deletion	10294
X	7945551	7945434	Deletion	117
X	7954862	7951953	Deletion	2909
X	7975679	7967185	Deletion	8494
X	8002775	8001631	Deletion	1144
X	8106438	8105966	Deletion	472
X	8106439	8106485	Deletion	46
X	8112841	8112031	Deletion	810
X	8137996	8138047	Deletion	51
X	8166756	8163660	Deletion	3096
X	8174606	8174232	Deletion	374
X	8175276	8175367	Deletion	91
X	8178793	8175364	Deletion	3429
X	8195053	8188290	Deletion	6763
X	8217022	8217077	Deletion	55
X	8232474	8217078	Deletion	15396
X	8271551	8266774	Deletion	4777
X	8278583	8278192	Deletion	391
X	8320647	8319098	Deletion	1549
X	8320649	8320747	Deletion	98
X	8334101	8333181	Deletion	920
X	8350454	8338281	Deletion	12173
X	8368063	8367853	Deletion	210
X	8377004	8370589	Deletion	6415
X	8380783	8378556	Deletion	2227
X	8396619	8395489	Deletion	1130
X	8412247	8410129	Deletion	2118
X	8428874	8428716	Deletion	158
X	8490053	8432321	Deletion	57732
X	8499511	8493459	Deletion	6052
X	8516718	8515679	Deletion	1039
X	8548727	8517264	Deletion	31463
X	8557983	8557474	Deletion	509
X	8580047	8580159	Deletion	112
X	8609409	8608837	Deletion	572
X	8636875	8636069	Deletion	806
X	8642837	8641198	Deletion	1639
X	8656510	8644546	Deletion	11964
X	8660772	8660589	Deletion	183
X	8725116	8723838	Deletion	1278
X	8746098	8745733	Deletion	365
X	8755081	8755173	Deletion	92
X	8759391	8758397	Deletion	994
X	8779383	8768746	Deletion	10637
X	8796290	8787925	Deletion	8365
X	8800407	8800180	Deletion	227
X	8880658	8875302	Deletion	5356
X	8884718	8882828	Deletion	1890
X	8912970	8902101	Deletion	10869
X	8934941	8934775	Deletion	166
X	8974008	8962184	Deletion	11824
X	9029632	9029448	Deletion	184
X	9084277	9082283	Deletion	1994
X	9084282	9084387	Deletion	105
X	9099133	9085315	Deletion	13818
X	9100181	9099651	Deletion	530
X	9135494	9123906	Deletion	11588
X	9314858	9293723	Deletion	21135
X	9316841	9315865	Deletion	976
X	9422566	9404821	Deletion	17745
X	9445225	9440549	Deletion	4676
X	9453137	9453219	Deletion	82
X	9485822	9468348	Deletion	17474
X	9505438	9486099	Deletion	19339
X	9516961	9516761	Deletion	200
X	9521902	9519023	Deletion	2879
X	9545005	9539186	Deletion	5819
X	9563298	9560534	Deletion	2764
X	9577342	9576964	Deletion	378
X	9587765	9586840	Deletion	925
X	9602384	9602116	Deletion	268
X	9629550	9623157	Deletion	6393
X	9706458	9705942	Deletion	516
X	9707769	9707188	Deletion	581
X	9713240	9710353	Deletion	2887
X	9739572	9713480	Deletion	26092
X	9820400	9820036	Deletion	364
X	9856096	9849997	Deletion	6099
X	9877059	9866235	Deletion	10824
X	9900565	9897443	Deletion	3122
X	9929220	9925788	Deletion	3432
X	9932140	9932046	Deletion	94
X	9948290	9943855	Deletion	4435
X	9985908	9979716	Deletion	6192
X	10003285	10002374	Deletion	911
X	10019977	10019844	Deletion	133
X	10035817	10035904	Deletion	87
X	10052487	10052437	Deletion	50
X	10127625	10125995	Deletion	1630
X	10128140	10128085	Deletion	55
X	10148233	10145628	Deletion	2605
X	10182790	10182685	Deletion	105
X	10222581	10221986	Deletion	595
X	10232150	10223415	Deletion	8735
X	10246928	10233766	Deletion	13162
X	10251132	10251240	Deletion	108
X	10251912	10251241	Deletion	671
X	10345760	10335316	Deletion	10444
X	10410696	10408927	Deletion	1769
X	10441142	10440204	Deletion	938
X	10458074	10456069	Deletion	2005
X	10472958	10461516	Deletion	11442
X	10516815	10512321	Deletion	4494
X	10641413	10629119	Deletion	12294
X	10668307	10665850	Deletion	2457
X	10714524	10713906	Deletion	618
X	10726556	10725550	Deletion	1006
X	10749112	10748980	Deletion	132
X	10749114	10749182	Deletion	68
X	10752478	10752015	Deletion	463
X	10906881	10887609	Deletion	19272
X	10918906	10915349	Deletion	3557
X	10924550	10923447	Deletion	1103
X	10972955	10969970	Deletion	2985
X	10980449	10980198	Deletion	251
X	11019693	11018044	Deletion	1649
X	11031859	11031641	Deletion	218
X	11056163	11047357	Deletion	8806
X	11081579	11081411	Deletion	168
X	11094757	11094852	Deletion	95
X	11168416	11165759	Deletion	2657
X	11171855	11170561	Deletion	1294
X	11247875	11247731	Deletion	144
X	11280516	11275585	Deletion	4931
X	11344698	11344547	Deletion	151
X	11379034	11374950	Deletion	4084
X	11384043	11380880	Deletion	3163
X	11401315	11396807	Deletion	4508
X	11423688	11423746	Deletion	58
X	11423808	11423744	Deletion	64
X	11424842	11424898	Deletion	56
X	11427731	11424896	Deletion	2835
X	11442114	11439465	Deletion	2649
X	11442932	11442578	Deletion	354
X	11442934	11443022	Deletion	88
X	11485044	11467506	Deletion	17538
X	11497736	11487186	Deletion	10550
X	11506908	11503256	Deletion	3652
X	11507878	11507684	Deletion	194
X	11528281	11521540	Deletion	6741
X	11581797	11573255	Deletion	8542
X	11679961	11668801	Deletion	11160
X	11697393	11696625	Deletion	768
X	11699507	11699369	Deletion	138
X	11731680	11726955	Deletion	4725
X	11761390	11759638	Deletion	1752
X	11828119	11828213	Deletion	94
X	11844224	11843523	Deletion	701
X	11954306	11951683	Deletion	2623
X	11969147	11954852	Deletion	14295
X	11990664	11990503	Deletion	161
X	12100235	12099672	Deletion	563
X	12102192	12101798	Deletion	394
X	12115634	12115503	Deletion	131
X	12164657	12164024	Deletion	633
X	12197216	12181534	Deletion	15682
X	12212893	12203363	Deletion	9530
X	12239796	12238921	Deletion	875
X	12284403	12283808	Deletion	595
X	12294563	12294632	Deletion	69
X	12312428	12311828	Deletion	600
X	12363944	12361258	Deletion	2686
X	12377901	12372528	Deletion	5373
X	12406499	12406372	Deletion	127
X	12424718	12420759	Deletion	3959
X	12454292	12453608	Deletion	684
X	12460747	12460538	Deletion	209
X	12468857	12468807	Deletion	50
X	12476176	12473564	Deletion	2612
X	12508721	12508613	Deletion	108
X	12665476	12663464	Deletion	2012
X	12691370	12691320	Deletion	50
X	12746170	12734309	Deletion	11861
X	12767308	12746762	Deletion	20546
X	12773384	12768200	Deletion	5184
X	12814508	12811464	Deletion	3044
X	12871729	12868983	Deletion	2746
X	12926769	12918727	Deletion	8042
X	12951098	12949858	Deletion	1240
X	13004579	13000860	Deletion	3719
X	13082758	13069966	Deletion	12792
X	13108693	13106804	Deletion	1889
X	13108695	13108764	Deletion	69
X	13151561	13137446	Deletion	14115
X	13173251	13167058	Deletion	6193
X	13211742	13202135	Deletion	9607
X	13257931	13258028	Deletion	97
X	13268427	13268124	Deletion	303
X	13270577	13269998	Deletion	579
X	13271143	13270746	Deletion	397
X	13287483	13283268	Deletion	4215
X	13300081	13299368	Deletion	713
X	13385186	13383016	Deletion	2170
X	13401135	13388120	Deletion	13015
X	13410629	13410463	Deletion	166
X	13473030	13469774	Deletion	3256
X	13503467	13501737	Deletion	1730
X	13515087	13515026	Deletion	61
X	13559166	13546643	Deletion	12523
X	13578463	13577145	Deletion	1318
X	13580652	13580450	Deletion	202
X	13592720	13592317	Deletion	403
X	13596706	13596624	Deletion	82
X	13608343	13599127	Deletion	9216
X	13706500	13706093	Deletion	407
X	13728312	13719858	Deletion	8454
X	13744595	13744643	Deletion	48
X	13744770	13744644	Deletion	126
X	13744771	13744825	Deletion	54
X	13753181	13750397	Deletion	2784
X	13773129	13772304	Deletion	825
X	13799379	13790632	Deletion	8747
X	13799381	13799430	Deletion	49
X	13818119	13813595	Deletion	4524
X	13867641	13867159	Deletion	482
X	13893298	13891092	Deletion	2206
X	13930929	13917903	Deletion	13026
X	13983770	13983082	Deletion	688
X	14009347	14009225	Deletion	122
X	14013878	14013509	Deletion	369
X	14085658	14070641	Deletion	15017
X	14096680	14095587	Deletion	1093
X	14163759	14163409	Deletion	350
X	14163762	14163841	Deletion	79
X	14163764	14163838	Deletion	74
X	14181621	14163872	Deletion	17749
X	14192421	14192141	Deletion	280
X	14193892	14192990	Deletion	902
X	14238475	14233394	Deletion	5081
X	14396153	14395029	Deletion	1124
X	14399052	14398163	Deletion	889
X	14461109	14459946	Deletion	1163
X	14495276	14495215	Deletion	61
X	14495278	14495376	Deletion	98
X	14500226	14498652	Deletion	1574
X	14584175	14584039	Deletion	136
X	14591898	14591702	Deletion	196
X	14600106	14592506	Deletion	7600
X	14623844	14623535	Deletion	309
X	14625465	14625549	Deletion	84
X	14625773	14625544	Deletion	229
X	14652171	14650683	Deletion	1488
X	14698452	14689625	Deletion	8827
X	14706036	14704774	Deletion	1262
X	14849098	14846715	Deletion	2383
X	14865806	14865836	Deletion	30
X	14900904	14899712	Deletion	1192
X	14917476	14906027	Deletion	11449
X	14964887	14958464	Deletion	6423
X	14976451	14968891	Deletion	7560
X	14978147	14978250	Deletion	103
X	14982802	14978251	Deletion	4551
X	14999249	14998672	Deletion	577
X	15129198	15126298	Deletion	2900
X	15170991	15169861	Deletion	1130
X	15174432	15173248	Deletion	1184
X	15198836	15196292	Deletion	2544
X	15201976	15200426	Deletion	1550
X	15222861	15213721	Deletion	9140
X	15273410	15261730	Deletion	11680
X	15273415	15273495	Deletion	80
X	15305769	15303732	Deletion	2037
X	15325483	15323055	Deletion	2428
X	15342187	15334720	Deletion	7467
X	15464263	15460596	Deletion	3667
X	15469518	15467222	Deletion	2296
X	15474610	15474560	Deletion	50
X	15489133	15479219	Deletion	9914
X	15506909	15505740	Deletion	1169
X	15552516	15552448	Deletion	68
X	15581239	15580654	Deletion	585
X	15657104	15651681	Deletion	5423
X	15657109	15657187	Deletion	78
X	15659525	15659458	Deletion	67
X	15697707	15697596	Deletion	111
X	15720525	15720477	Deletion	48
X	15741642	15729337	Deletion	12305
X	15810029	15800963	Deletion	9066
X	15850933	15848746	Deletion	2187
X	15880404	15873647	Deletion	6757
X	15880455	15880470	Deletion	15
X	15880671	15880578	Deletion	93
X	15933184	15917722	Deletion	15462
X	15945633	15945741	Deletion	108
X	15950486	15945746	Deletion	4740
X	15955437	15953301	Deletion	2136
X	15961139	15957345	Deletion	3794
X	15972062	15964787	Deletion	7275
X	16006084	16005926	Deletion	158
X	16020425	16019015	Deletion	1410
X	16021007	16020479	Deletion	528
X	16077919	16077859	Deletion	60
X	16098916	16093054	Deletion	5862
X	16117539	16104060	Deletion	13479
X	16124136	16120183	Deletion	3953
X	16152943	16151141	Deletion	1802
X	16208053	16199562	Deletion	8491
X	16262468	16261930	Deletion	538
X	16297561	16291306	Deletion	6255
X	16334690	16320885	Deletion	13805
X	16432729	16429270	Deletion	3459
X	16489427	16485430	Deletion	3997
X	16526341	16524782	Deletion	1559
X	16563000	16555519	Deletion	7481
X	16580759	16579101	Deletion	1658
X	16632019	16631621	Deletion	398
X	16642264	16641171	Deletion	1093
X	16652251	16649434	Deletion	2817
X	16652950	16652893	Deletion	57
X	16670945	16662974	Deletion	7971
X	16687949	16687555	Deletion	394
X	16722325	16714191	Deletion	8134
X	16777035	16769267	Deletion	7768
X	16801123	16796082	Deletion	5041
X	16825694	16814255	Deletion	11439
X	16839090	16839203	Deletion	113
X	16843500	16840653	Deletion	2847
X	16871847	16868036	Deletion	3811
X	16887971	16880487	Deletion	7484
X	16891065	16891099	Deletion	34
X	16896286	16891101	Deletion	5185
X	16896289	16896351	Deletion	62
X	16960460	16949003	Deletion	11457
X	16967262	16965322	Deletion	1940
X	17024247	17023744	Deletion	503
X	17037098	17029366	Deletion	7732
X	17046600	17046361	Deletion	239
X	17063340	17059894	Deletion	3446
X	17074255	17066917	Deletion	7338
X	17095238	17095177	Deletion	61
X	17139075	17138657	Deletion	418
X	17150879	17150979	Deletion	100
X	17154898	17150984	Deletion	3914
X	17159905	17158374	Deletion	1531
X	17216973	17216255	Deletion	718
X	17247812	17247715	Deletion	97
X	17258357	17257787	Deletion	570
X	17280391	17279306	Deletion	1085
X	17301954	17301623	Deletion	331
X	17309236	17307804	Deletion	1432
X	17363706	17354725	Deletion	8981
X	17372502	17371881	Deletion	621
X	17415688	17375381	Deletion	40307
X	17431434	17420129	Deletion	11305
X	17438714	17431498	Deletion	7216
X	17467859	17453132	Deletion	14727
X	17472181	17472131	Deletion	50
X	17499529	17491859	Deletion	7670
X	17522248	17519173	Deletion	3075
X	17539781	17539717	Deletion	64
X	17586218	17584845	Deletion	1373
X	17589787	17589720	Deletion	67
X	17645201	17636096	Deletion	9105
X	17665060	17664984	Deletion	76
X	17678802	17678909	Deletion	107
X	17679061	17678904	Deletion	157
X	17687562	17687460	Deletion	102
X	17713284	17712518	Deletion	766
X	17721064	17719349	Deletion	1715
X	17744177	17744192	Deletion	15
X	17746551	17744297	Deletion	2254
X	17802988	17796179	Deletion	6809
X	17820303	17817946	Deletion	2357
X	17837710	17837755	Deletion	45
X	17840882	17837756	Deletion	3126
X	17906907	17905991	Deletion	916
X	17924178	17923842	Deletion	336
X	17935884	17934741	Deletion	1143
X	17950815	17949954	Deletion	861
X	17970309	17969583	Deletion	726
X	17997889	17993270	Deletion	4619
X	18018967	18011280	Deletion	7687
X	18026787	18026738	Deletion	49
X	18042909	18037460	Deletion	5449
X	18061999	18059900	Deletion	2099
X	18096013	18095000	Deletion	1013
X	18100513	18099755	Deletion	758
X	18135404	18117366	Deletion	18038
X	18148532	18148033	Deletion	499
X	18164954	18164864	Deletion	90
X	18181760	18181866	Deletion	106
X	18183029	18181863	Deletion	1166
X	18202097	18191237	Deletion	10860
X	18227666	18220977	Deletion	6689
X	18275601	18261450	Deletion	14151
X	18325754	18325040	Deletion	714
X	18344820	18336692	Deletion	8128
X	18361456	18348894	Deletion	12562
X	18367116	18367051	Deletion	65
X	18383160	18374290	Deletion	8870
X	18386725	18386367	Deletion	358
X	18386727	18386774	Deletion	47
X	18415756	18415586	Deletion	170
X	18441798	18440579	Deletion	1219
X	18463127	18462499	Deletion	628
X	18475028	18472623	Deletion	2405
X	18543165	18541002	Deletion	2163
X	18546643	18546459	Deletion	184
X	18591809	18591088	Deletion	721
X	18609971	18608944	Deletion	1027
X	18620080	18619856	Deletion	224
X	18629704	18628908	Deletion	796
X	18631950	18631903	Deletion	47
X	18678885	18678995	Deletion	110
X	18699968	18678993	Deletion	20975
X	18701293	18700468	Deletion	825
X	18742962	18741419	Deletion	1543
X	18747152	18747247	Deletion	95
X	18777578	18775698	Deletion	1880
X	18810481	18807647	Deletion	2834
X	18867574	18832351	Deletion	35223
X	18902295	18898584	Deletion	3711
X	18902297	18902399	Deletion	102
X	18918763	18914299	Deletion	4464
X	18944907	18942907	Deletion	2000
X	18975256	18969704	Deletion	5552
X	18976931	18976648	Deletion	283
X	19037022	19036827	Deletion	195
X	19052225	19051137	Deletion	1088
X	19054995	19053944	Deletion	1051
X	19086426	19085974	Deletion	452
X	19089529	19088672	Deletion	857
X	19095596	19091971	Deletion	3625
X	19123015	19122955	Deletion	60
X	19175616	19174520	Deletion	1096
X	19179381	19179459	Deletion	78
X	19181206	19179454	Deletion	1752
X	19200591	19184348	Deletion	16243
X	19209244	19205597	Deletion	3647
X	19237618	19237301	Deletion	317
X	19241581	19240697	Deletion	884
X	19269460	19269315	Deletion	145
X	19391292	19387249	Deletion	4043
X	19399879	19396750	Deletion	3129
X	19420864	19420640	Deletion	224
X	19425801	19425752	Deletion	49
X	19458648	19457385	Deletion	1263
X	19525591	19523832	Deletion	1759
X	19527806	19526526	Deletion	1280
X	19554139	19553287	Deletion	852
X	19555566	19555434	Deletion	132
X	19561936	19560836	Deletion	1100
X	19585813	19585502	Deletion	311
X	19618688	19612457	Deletion	6231
X	19658219	19656944	Deletion	1275
X	19698002	19679449	Deletion	18553
X	19704195	19703963	Deletion	232
X	19709118	19708809	Deletion	309
X	19716905	19717020	Deletion	115
X	19740699	19722157	Deletion	18542
X	19751253	19747399	Deletion	3854
X	19764327	19764183	Deletion	144
X	19783933	19773292	Deletion	10641
X	19834265	19829924	Deletion	4341
X	19860315	19840574	Deletion	19741
X	19861831	19861751	Deletion	80
X	19883850	19878387	Deletion	5463
X	19911987	19911867	Deletion	120
X	19953078	19953151	Deletion	73
X	19967773	19961439	Deletion	6334
X	19968951	19968986	Deletion	35
X	19970297	19968987	Deletion	1310
X	19970298	19970395	Deletion	97
X	19997244	19996632	Deletion	612
X	20000526	19997284	Deletion	3242
X	20010482	20010097	Deletion	385
X	20044582	20043147	Deletion	1435
X	20046427	20046309	Deletion	118
X	20065072	20064240	Deletion	832
X	20083829	20069242	Deletion	14587
X	20105565	20104806	Deletion	759
X	20134169	20132774	Deletion	1395
X	20145493	20144419	Deletion	1074
X	20153827	20147325	Deletion	6502
X	20238843	20238351	Deletion	492
X	20240683	20238989	Deletion	1694
X	20374795	20369429	Deletion	5366
X	20393494	20393004	Deletion	490
X	20412775	20412840	Deletion	65
X	20412892	20412932	Deletion	40
X	20447218	20444046	Deletion	3172
X	20471853	20471687	Deletion	166
X	20508535	20507927	Deletion	608
X	20536402	20536182	Deletion	220
X	20536404	20536458	Deletion	54
X	20538264	20537665	Deletion	599
X	20543197	20538372	Deletion	4825
X	20543985	20544071	Deletion	86
X	20545598	20544069	Deletion	1529
X	20572547	20566345	Deletion	6202
X	20596495	20593498	Deletion	2997
X	20738562	20723091	Deletion	15471
X	20746139	20739728	Deletion	6411
X	20786092	20782330	Deletion	3762
X	20796345	20788185	Deletion	8160
X	20798683	20796476	Deletion	2207
X	20813539	20813473	Deletion	66
X	20833952	20833632	Deletion	320
X	20921719	20920313	Deletion	1406
X	20922205	20921751	Deletion	454
X	20940486	20932659	Deletion	7827
X	20950388	20948991	Deletion	1397
X	20973317	20972788	Deletion	529
X	21005818	21002118	Deletion	3700
X	21028027	21021649	Deletion	6378
X	21034036	21033621	Deletion	415
X	21051301	21046546	Deletion	4755
X	21113627	21112963	Deletion	664
X	21127433	21114221	Deletion	13212
X	21216941	21208007	Deletion	8934
X	21261083	21259333	Deletion	1750
X	21279186	21279286	Deletion	100
X	21281436	21281071	Deletion	365
X	21293422	21290818	Deletion	2604
X	21298926	21298993	Deletion	67
X	21300803	21298991	Deletion	1812
X	21300806	21300855	Deletion	49
X	21404399	21404511	Deletion	112
X	21405190	21404506	Deletion	684
X	21413061	21412796	Deletion	265
X	21471931	21472027	Deletion	96
X	21479235	21478913	Deletion	322
X	21526735	21526152	Deletion	583
X	21546449	21546533	Deletion	84
X	21577394	21577104	Deletion	290
X	21605754	21605288	Deletion	466
X	21671112	21670670	Deletion	442
X	21679762	21679810	Deletion	48
X	21680879	21680951	Deletion	72
X	21907315	21907215	Deletion	100
X	21962000	21961246	Deletion	754
X	22259551	22257620	Deletion	1931
X	22314923	22282923	Deletion	32000
X	22349804	22317804	Deletion	32000
X	22354126	22354223	Deletion	97
X	22354328	22354228	Deletion	100
X	22372447	22371888	Deletion	559
X	22381890	22380548	Deletion	1342
X	22383608	22383032	Deletion	576
X	22398067	22397977	Deletion	90
X	22469319	22466963	Deletion	2356
X	22583572	22580070	Deletion	3502
X	22585397	22583630	Deletion	1767
X	22606683	22603203	Deletion	3480
X	22657908	22656481	Deletion	1427
X	22704275	22701719	Deletion	2556
X	22724528	22724176	Deletion	352
X	22728015	22725659	Deletion	2356
X	22807401	22794666	Deletion	12735
X	22831178	22828362	Deletion	2816
X	22872126	22870638	Deletion	1488
X	22908949	22908999	Deletion	50
X	23047834	23042316	Deletion	5518
X	23047835	23047929	Deletion	94
X	23080965	23079705	Deletion	1260
X	23101861	23099472	Deletion	2389
X	23160606	23160687	Deletion	81
X	23170682	23170569	Deletion	113
X	23195060	23194961	Deletion	99
X	23278034	23277970	Deletion	64
X	23288995	23288415	Deletion	580
X	23321265	23321165	Deletion	100
X	23417339	23415858	Deletion	1481
X	23437314	23437174	Deletion	140
X	23437843	23437357	Deletion	486
X	23438291	23437903	Deletion	388
X	23438296	23438402	Deletion	106
X	23461511	23461584	Deletion	73
X	23519258	23519254	Deletion	4
X	23534913	23534534	Deletion	379
Y	14441	14338	Deletion	103
Y	83224	83124	Deletion	100
Y	85609	84294	Deletion	1315
Y	87911	87411	Deletion	500
Y	88784	88684	Deletion	100
Y	88785	88899	Deletion	114
Y	90402	90199	Deletion	203
Y	99074	96044	Deletion	3030
Y	110967	110667	Deletion	300
Y	137354	137254	Deletion	100
Y	137630	137530	Deletion	100
Y	146084	138580	Deletion	7504
Y	148990	148890	Deletion	100
Y	203437	200877	Deletion	2560
Y	203462	203538	Deletion	76
Y	203507	203553	Deletion	46
Y	240852	240352	Deletion	500
Y	242635	242135	Deletion	500
Y	260251	260151	Deletion	100
Y	280108	280172	Deletion	64
Y	282669	280167	Deletion	2502
Y	334582	318207	Deletion	16375
Y	334732	334646	Deletion	86
Y	345817	340980	Deletion	4837
Y	349762	349839	Deletion	77
Y	417223	417076	Deletion	147
Y	421933	421439	Deletion	494
Y	439195	438728	Deletion	467
Y	509983	509883	Deletion	100
Y	530151	522151	Deletion	8000
Y	561793	561840	Deletion	47
Y	562010	561889	Deletion	121
Y	563218	562297	Deletion	921
Y	564242	564331	Deletion	89
Y	581757	573757	Deletion	8000
Y	582368	582268	Deletion	100
Y	629740	628600	Deletion	1140
Y	629865	629765	Deletion	100
Y	653024	653106	Deletion	82
Y	653038	653077	Deletion	39
Y	655984	656009	Deletion	25
Y	697894	692673	Deletion	5221
Y	715557	715166	Deletion	391
Y	809371	809227	Deletion	144
Y	809373	809412	Deletion	39
Y	823679	823369	Deletion	310
Y	841351	839827	Deletion	1524
Y	846140	846040	Deletion	100
Y	848547	848447	Deletion	100
Y	849555	849455	Deletion	100
Y	850720	850620	Deletion	100
Y	853537	853437	Deletion	100
Y	855862	855902	Deletion	40
Y	856897	856797	Deletion	100
Y	861425	861325	Deletion	100
Y	861427	861498	Deletion	71
Y	862485	862596	Deletion	111
Y	866837	866737	Deletion	100
Y	869891	869791	Deletion	100
Y	875169	875069	Deletion	100
Y	877829	877729	Deletion	100
Y	881064	880964	Deletion	100
Y	882211	882111	Deletion	100
Y	883496	883396	Deletion	100
Y	887880	887762	Deletion	118
Y	895658	895558	Deletion	100
Y	902112	902012	Deletion	100
Y	904686	904758	Deletion	72
Y	907687	907587	Deletion	100
Y	911855	909946	Deletion	1909
Y	912539	912439	Deletion	100
Y	914401	914301	Deletion	100
Y	916437	916337	Deletion	100
Y	922141	922041	Deletion	100
Y	925688	925588	Deletion	100
Y	927654	927554	Deletion	100
Y	929468	929368	Deletion	100
Y	936688	936588	Deletion	100
Y	943322	943392	Deletion	70
Y	943492	943391	Deletion	101
Y	945245	945145	Deletion	100
Y	946400	946300	Deletion	100
Y	948754	948654	Deletion	100
Y	952598	952498	Deletion	100
Y	959483	959383	Deletion	100
Y	968542	960542	Deletion	8000
Y	971401	971301	Deletion	100
Y	977621	977521	Deletion	100
Y	980997	980897	Deletion	100
Y	983235	983135	Deletion	100
Y	1009459	1009359	Deletion	100
Y	1011071	1009666	Deletion	1405
Y	1054027	1053927	Deletion	100
Y	1058364	1058370	Deletion	6
Y	1058587	1058407	Deletion	180
Y	1085740	1085812	Deletion	72
Y	1101915	1097782	Deletion	4133
Y	1121066	1104346	Deletion	16720
Y	1215220	1215120	Deletion	100
Y	1218368	1218327	Deletion	41
Y	1281984	1281963	Deletion	21
Y	1284200	1284267	Deletion	67
Y	1391633	1391583	Deletion	50
Y	1424305	1420194	Deletion	4111
Y	1453066	1450443	Deletion	2623
Y	1453804	1453105	Deletion	699
Y	1457175	1457079	Deletion	96
Y	1457179	1457250	Deletion	71
Y	1474695	1471634	Deletion	3061
Y	1557424	1557037	Deletion	387
Y	1574445	1572877	Deletion	1568
Y	1606459	1606542	Deletion	83
Y	1638303	1638203	Deletion	100
Y	1651764	1651664	Deletion	100
Y	1655457	1655357	Deletion	100
Y	1664150	1664050	Deletion	100
Y	1665333	1665409	Deletion	76
Y	1665509	1665401	Deletion	108
Y	1685013	1684930	Deletion	83
Y	1709947	1702526	Deletion	7421
Y	1712591	1709989	Deletion	2602
Y	1715345	1712675	Deletion	2670
Y	1747233	1747133	Deletion	100
Y	1748507	1748407	Deletion	100
Y	1749830	1749730	Deletion	100
Y	1751461	1751361	Deletion	100
Y	1790703	1790668	Deletion	35
Y	1810820	1810720	Deletion	100
Y	1816843	1816040	Deletion	803
Y	1861789	1861666	Deletion	123
Y	1889293	1888772	Deletion	521
Y	1891520	1890912	Deletion	608
Y	1955448	1955478	Deletion	30
Y	2055592	2055663	Deletion	71
Y	2087056	2086956	Deletion	100
Y	2160457	2160512	Deletion	55
Y	2240402	2240477	Deletion	75
Y	2262351	2261419	Deletion	932
Y	2279261	2278329	Deletion	932
Y	2356865	2356836	Deletion	29
Y	2393343	2393427	Deletion	84
Y	2436605	2436405	Deletion	200
Y	2534021	2533847	Deletion	174
Y	2534274	2534059	Deletion	215
Y	2545413	2545454	Deletion	41
Y	2553733	2553771	Deletion	38
Y	2595775	2595770	Deletion	5
Y	2648767	2648806	Deletion	39
Y	2650776	2648805	Deletion	1971
Y	2667128	2667028	Deletion	100
Y	2678079	2677964	Deletion	115
Y	2751212	2751132	Deletion	80
Y	2831141	2831093	Deletion	48
Y	2868447	2868026	Deletion	421
Y	2901798	2901839	Deletion	41
Y	2935750	2935764	Deletion	14
Y	2940790	2935785	Deletion	5005
Y	2959430	2954430	Deletion	5000
Y	2961646	2961752	Deletion	106
Y	2962979	2962991	Deletion	12
Y	2977594	2972594	Deletion	5000
Y	3024126	3024026	Deletion	100
Y	3025246	3025146	Deletion	100
Y	3026243	3026143	Deletion	100
Y	3150552	3149335	Deletion	1217
Y	3152731	3152676	Deletion	55
Y	3167568	3167676	Deletion	108
Y	3167748	3167673	Deletion	75
Y	3181547	3181591	Deletion	44
Y	3206380	3206478	Deletion	98
Y	3224263	3218179	Deletion	6084
Y	3255143	3255043	Deletion	100
Y	3262891	3260891	Deletion	2000
Y	3273543	3271888	Deletion	1655
Y	3284138	3284038	Deletion	100
Y	3293605	3291605	Deletion	2000
Y	3327555	3323855	Deletion	3700
Y	3331979	3328279	Deletion	3700
Y	3349650	3345950	Deletion	3700
Y	3354133	3354202	Deletion	69
Y	3362886	3359286	Deletion	3600
Y	3375802	3371602	Deletion	4200
Y	3377084	3376984	Deletion	100
Y	3472482	3471484	Deletion	998
Y	3560460	3560474	Deletion	14
Y	3567284	3567184	Deletion	100
Y	3570561	3570629	Deletion	68
Y	3580569	3580469	Deletion	100
Y	3595550	3591385	Deletion	4165
Y	3600474	3596309	Deletion	4165
Y	3648634	3648134	Deletion	500
Y	3654476	3654376	Deletion	100
Y	3664703	3664653	Deletion	50
Y	3665091	3665041	Deletion	50
